0 0 0
0 1 0
0 2 0
0 3 0
0 4 0
0 5 0
0 6 0
0 7 0
0 8 0
0 9 0
0 10 0
0 11 0
0 12 0
0 13 0
0 14 0
0 15 0
0 16 0
0 17 0
0 18 0
0 19 0
0 20 0
0 21 0
0 22 0
0 23 0
0 24 0
0 25 0
0 26 0
0 27 0
0 28 0
0 29 0
0 30 0
0 31 0
0 32 0
0 33 0
0 34 0
0 35 0
0 36 0
0 37 0
0 38 0
0 39 0
0 40 0
0 41 0
0 42 0
0 43 0
0 44 0
0 45 0
0 46 0
0 47 0
0 48 0
0 49 0
0 50 0
0 51 0
0 52 0
0 53 0
0 54 0
0 55 0
0 56 0
0 57 0
0 58 0
0 59 0
0 60 0
0 61 0
0 62 0
0 63 0
0 64 0
0 65 0
0 66 0
0 67 0
0 68 0
0 69 0
0 70 0
0 71 0
0 72 0
0 73 0
0 74 0
0 75 0
0 76 0
0 77 0
0 78 0
0 79 0
0 80 0
0 81 0
0 82 0
0 83 0
0 84 0
0 85 0
0 86 0
0 87 0
0 88 0
0 89 0
0 90 0
0 91 0
0 92 0
0 93 0
0 94 0
0 95 0
0 96 0
0 97 0
0 98 0
0 99 0
0 100 0
0 101 0
0 102 0
0 103 0
0 104 0
0 105 0
0 106 0
0 107 0
0 108 0
0 109 0
0 110 0
0 111 0
0 112 0
0 113 0
0 114 0
0 115 0
0 116 0
0 117 0
0 118 0
0 119 0

1 0 0
1 1 0.0196499
1 2 0.0169849
1 3 0.0116654
1 4 0.00411034
1 5 -0.00369262
1 6 -0.0109933
1 7 -0.0163804
1 8 -0.0187745
1 9 -0.0184952
1 10 -0.0148704
1 11 -0.00927729
1 12 -0.00232083
1 13 0.00508978
1 14 0.0111791
1 15 0.0160254
1 16 0.0182044
1 17 0.0179847
1 18 0.0156158
1 19 0.0112185
1 20 0.00593555
1 21 0.000185159
1 22 -0.00510285
1 23 -0.00993378
1 24 -0.0132464
1 25 -0.0159132
1 26 -0.0175936
1 27 -0.0180334
1 28 -0.0181657
1 29 -0.0168466
1 30 -0.0145042
1 31 -0.0107197
1 32 -0.00623661
1 33 -0.000886015
1 34 0.0039635
1 35 0.00839625
1 36 0.0124227
1 37 0.0156733
1 38 0.0189473
1 39 0.0215782
1 40 0.0234229
1 41 0.023644
1 42 0.023548
1 43 0.0222935
1 44 0.0207592
1 45 0.0184664
1 46 0.0160313
1 47 0.013193
1 48 0.0113176
1 49 0.00996734
1 50 0.00869397
1 51 0.00731202
1 52 0.0063914
1 53 0.00543107
1 54 0.00377085
1 55 0.00178784
1 56 -5.50696e-05
1 57 -0.00157794
1 58 -0.00303514
1 59 -0.0037077
1 60 -0.00348476
1 61 -0.00246786
1 62 -0.0014002
1 63 1.79e-05
1 64 0.00154997
1 65 0.00281773
1 66 0.00335577
1 67 0.00395078
1 68 0.00498477
1 69 0.00605559
1 70 0.00720253
1 71 0.00907493
1 72 0.0119457
1 73 0.0146636
1 74 0.0173222
1 75 0.019499
1 76 0.0215278
1 77 0.022652
1 78 0.0236245
1 79 0.0231304
1 80 0.0220107
1 81 0.0202205
1 82 0.0185499
1 83 0.0158179
1 84 0.0126407
1 85 0.00848519
1 86 0.0035985
1 87 -0.00117845
1 88 -0.00568362
1 89 -0.00950437
1 90 -0.0128433
1 91 -0.0152109
1 92 -0.0177427
1 93 -0.0189778
1 94 -0.0193761
1 95 -0.0184394
1 96 -0.0155928
1 97 -0.0111429
1 98 -0.00526779
1 99 0.0013049
1 100 0.00823215
1 101 0.0137894
1 102 0.0181044
1 103 0.0198309
1 104 0.0187961
1 105 0.0155219
1 106 0.00958262
1 107 0.00270917
1 108 -0.00482269
1 109 -0.0115723
1 110 -0.0164001
1 111 -0.0189739
1 112 -0.0182314
1 113 -0.0148539
1 114 -0.0089448
1 115 -0.00148108
1 116 0.00603823
1 117 0.0129309
1 118 0.0175198
1 119 0

2 0 0
2 1 0.0169849
2 2 0.012669
2 3 0.006392
2 4 -0.000571562
2 5 -0.00756589
2 6 -0.0129861
2 7 -0.0163852
2 8 -0.0169964
2 9 -0.0149839
2 10 -0.0106771
2 11 -0.00441625
2 12 0.00195445
2 13 0.00850169
2 14 0.0135644
2 15 0.0162085
2 16 0.0173642
2 17 0.0152528
2 18 0.0114164
2 19 0.00644463
2 20 1.06332e-05
2 21 -0.00553065
2 22 -0.010488
2 23 -0.0141554
2 24 -0.0161903
2 25 -0.0168661
2 26 -0.0163044
2 27 -0.0148128
2 28 -0.0122687
2 29 -0.00950264
2 30 -0.00551998
2 31 -0.00145243
2 32 0.00271319
2 33 0.00672214
2 34 0.00945401
2 35 0.0116324
2 36 0.0134009
2 37 0.0154465
2 38 0.017069
2 39 0.019043
2 40 0.0197043
2 41 0.0192334
2 42 0.0179447
2 43 0.0159859
2 44 0.0129608
2 45 0.00921788
2 46 0.00561148
2 47 0.00214018
2 48 0.000127233
2 49 -0.0010034
2 50 -0.00143373
2 51 -0.00213261
2 52 -0.00191171
2 53 -0.00232737
2 54 -0.00361867
2 55 -0.00619183
2 56 -0.00812775
2 57 -0.0102915
2 58 -0.0120338
2 59 -0.0132556
2 60 -0.0123687
2 61 -0.010963
2 62 -0.00914689
2 63 -0.00756312
2 64 -0.0053578
2 65 -0.00444077
2 66 -0.00440658
2 67 -0.00501556
2 68 -0.00468387
2 69 -0.00462502
2 70 -0.00379246
2 71 -0.00207643
2 72 0.00124876
2 73 0.00471885
2 74 0.00857059
2 75 0.0117252
2 76 0.0141491
2 77 0.0159345
2 78 0.0172894
2 79 0.0175499
2 80 0.0168537
2 81 0.0165412
2 82 0.0160077
2 83 0.0157561
2 84 0.0150121
2 85 0.0136578
2 86 0.0105809
2 87 0.00718567
2 88 0.00312694
2 89 -0.00114878
2 90 -0.00506801
2 91 -0.00919725
2 92 -0.0128813
2 93 -0.016091
2 94 -0.0180824
2 95 -0.018962
2 96 -0.017537
2 97 -0.0145655
2 98 -0.00991395
2 99 -0.00345206
2 100 0.00253204
2 101 0.00870524
2 102 0.0135659
2 103 0.0161354
2 104 0.0169889
2 105 0.0151826
2 106 0.0112787
2 107 0.0059142
2 108 -0.000174422
2 109 -0.00632758
2 110 -0.0112907
2 111 -0.0144667
2 112 -0.0158843
2 113 -0.0143155
2 114 -0.0109519
2 115 -0.00581561
2 116 0.000918189
2 117 0.00688217
2 118 0.0125742
2 119 0

3 0 0
3 1 0.0116654
3 2 0.006392
3 3 0.00170364
3 4 -0.00488561
3 5 -0.00934629
3 6 -0.0123183
3 7 -0.0141441
3 8 -0.0121067
3 9 -0.00955915
3 10 -0.00467419
3 11 0.00108695
3 12 0.00594535
3 13 0.0109267
3 14 0.0133707
3 15 0.0142848
3 16 0.0127307
3 17 0.00930674
3 18 0.00455638
3 19 -0.00126024
3 20 -0.00643092
3 21 -0.0115356
3 22 -0.0144839
3 23 -0.0162229
3 24 -0.0156807
3 25 -0.0136353
3 26 -0.0109919
3 27 -0.00669185
3 28 -0.00279975
3 29 0.00159148
3 30 0.00570789
3 31 0.00961165
3 32 0.0118695
3 33 0.0131648
3 34 0.012905
3 35 0.0114282
3 36 0.0105047
3 37 0.00981599
3 38 0.00994562
3 39 0.0100581
3 40 0.0100788
3 41 0.00849765
3 42 0.00686304
3 43 0.00423194
3 44 0.000668764
3 45 -0.00395251
3 46 -0.00792248
3 47 -0.0112088
3 48 -0.0128522
3 49 -0.0130525
3 50 -0.0124068
3 51 -0.0115117
3 52 -0.0101655
3 53 -0.00928323
3 54 -0.0102021
3 55 -0.0123513
3 56 -0.0145627
3 57 -0.0165956
3 58 -0.0188461
3 59 -0.0198733
3 60 -0.0189492
3 61 -0.0168026
3 62 -0.0149026
3 63 -0.0128253
3 64 -0.0108673
3 65 -0.0101381
3 66 -0.0112921
3 67 -0.0128995
3 68 -0.0141567
3 69 -0.0151351
3 70 -0.0153754
3 71 -0.0141121
3 72 -0.0113017
3 73 -0.00770198
3 74 -0.00350959
3 75 -0.000213875
3 76 0.00215773
3 77 0.00374893
3 78 0.00538762
3 79 0.00567186
3 80 0.00607105
3 81 0.00667685
3 82 0.00839925
3 83 0.0104703
3 84 0.0134314
3 85 0.0150797
3 86 0.0154523
3 87 0.0144885
3 88 0.011973
3 89 0.00861649
3 90 0.00477225
3 91 0.000707751
3 92 -0.00433522
3 93 -0.00824139
3 94 -0.0123723
3 95 -0.0150204
3 96 -0.016141
3 97 -0.0154654
3 98 -0.0128314
3 99 -0.00917856
3 100 -0.00411994
3 101 0.000670902
3 102 0.00575572
3 103 0.00917396
3 104 0.0117253
3 105 0.0123875
3 106 0.0107664
3 107 0.00880451
3 108 0.00419216
3 109 0.000145256
3 110 -0.00420628
3 111 -0.00859033
3 112 -0.0103079
3 113 -0.0119365
3 114 -0.0106672
3 115 -0.00778407
3 116 -0.00429775
3 117 0.00137401
3 118 0.00565151
3 119 0

4 0 0
4 1 0.00411034
4 2 -0.000571562
4 3 -0.00488561
4 4 -0.00811976
4 5 -0.00967637
4 6 -0.00965088
4 7 -0.00786542
4 8 -0.00490455
4 9 -0.00120446
4 10 0.00276534
4 11 0.0061955
4 12 0.008819
4 13 0.00999583
4 14 0.00987323
4 15 0.00796261
4 16 0.00493371
4 17 0.000970893
4 18 -0.00388413
4 19 -0.00785534
4 20 -0.0118352
4 21 -0.0141411
4 22 -0.0146698
4 23 -0.014021
4 24 -0.01119
4 25 -0.00740183
4 26 -0.00265115
4 27 0.00220417
4 28 0.00747824
4 29 0.0117191
4 30 0.015408
4 31 0.0178112
4 32 0.0177852
4 33 0.0161958
4 34 0.0122614
4 35 0.00782091
4 36 0.00358908
4 37 0.00121134
4 38 -0.000673416
4 39 -0.00133491
4 40 -0.00218825
4 41 -0.00358253
4 42 -0.00535953
4 43 -0.00770786
4 44 -0.0112288
4 45 -0.0158488
4 46 -0.0194562
4 47 -0.0221364
4 48 -0.0227363
4 49 -0.0221159
4 50 -0.0198092
4 51 -0.0175689
4 52 -0.0145577
4 53 -0.0129097
4 54 -0.0126905
4 55 -0.0146701
4 56 -0.0164096
4 57 -0.0187994
4 58 -0.0207133
4 59 -0.0219935
4 60 -0.0205549
4 61 -0.0184885
4 62 -0.0159719
4 63 -0.0141254
4 64 -0.012088
4 65 -0.0122885
4 66 -0.0139848
4 67 -0.017111
4 68 -0.0195401
4 69 -0.0221373
4 70 -0.0231098
4 71 -0.0230024
4 72 -0.0208362
4 73 -0.0179163
4 74 -0.0139298
4 75 -0.0112293
4 76 -0.00953579
4 77 -0.00857785
4 78 -0.00770148
4 79 -0.00745813
4 80 -0.00697803
4 81 -0.00524295
4 82 -0.00251823
4 83 0.00224814
4 84 0.00766924
4 85 0.0129122
4 86 0.0160458
4 87 0.0179978
4 88 0.0173989
4 89 0.0157927
4 90 0.013102
4 91 0.00936713
4 92 0.0052201
4 93 0.000755752
4 94 -0.00358961
4 95 -0.00775305
4 96 -0.010229
4 97 -0.0123503
4 98 -0.0125867
4 99 -0.0115367
4 100 -0.00980663
4 101 -0.00674389
4 102 -0.00361588
4 103 -0.000171039
4 104 0.00294923
4 105 0.00568193
4 106 0.00742229
4 107 0.00827147
4 108 0.00801784
4 109 0.00632816
4 110 0.00404678
4 111 0.000637636
4 112 -0.00281595
4 113 -0.00592971
4 114 -0.00842314
4 115 -0.00918009
4 116 -0.00851099
4 117 -0.00597735
4 118 -0.00208035
4 119 0

5 0 0
5 1 -0.00369262
5 2 -0.00756589
5 3 -0.00934629
5 4 -0.00967637
5 5 -0.00793958
5 6 -0.00468925
5 7 -0.00100471
5 8 0.00320364
5 9 0.00657457
5 10 0.00887077
5 11 0.0100173
5 12 0.00936884
5 13 0.00751114
5 14 0.00455477
5 15 0.000613725
5 16 -0.00346696
5 17 -0.00742531
5 18 -0.0110333
5 19 -0.0134316
5 20 -0.0146716
5 21 -0.014586
5 22 -0.0126043
5 23 -0.00939312
5 24 -0.00503733
5 25 0.000318981
5 26 0.00572219
5 27 0.0110794
5 28 0.0161206
5 29 0.0199699
5 30 0.0224112
5 31 0.0228669
5 32 0.0205198
5 33 0.0156182
5 34 0.00888003
5 35 0.00136405
5 36 -0.00502823
5 37 -0.0093302
5 38 -0.0120648
5 39 -0.0135101
5 40 -0.014255
5 41 -0.0150449
5 42 -0.0161197
5 43 -0.0176369
5 44 -0.0204726
5 45 -0.0241518
5 46 -0.0270889
5 47 -0.028398
5 48 -0.0281059
5 49 -0.026124
5 50 -0.0226859
5 51 -0.0186017
5 52 -0.0146357
5 53 -0.0118127
5 54 -0.010992
5 55 -0.0120298
5 56 -0.0138079
5 57 -0.0159048
5 58 -0.0178864
5 59 -0.0187075
5 60 -0.0174898
5 61 -0.015121
5 62 -0.012652
5 63 -0.0105322
5 64 -0.00918621
5 65 -0.00975513
5 66 -0.0123832
5 67 -0.0162431
5 68 -0.0203072
5 69 -0.0238507
5 70 -0.0260548
5 71 -0.0267289
5 72 -0.0259428
5 73 -0.0237079
5 74 -0.0208763
5 75 -0.0190538
5 76 -0.0186632
5 77 -0.0188162
5 78 -0.0192843
5 79 -0.0197719
5 80 -0.0194515
5 81 -0.0176355
5 82 -0.0139694
5 83 -0.00781009
5 84 -7.90481e-05
5 85 0.0074191
5 86 0.0136107
5 87 0.0177926
5 88 0.019621
5 89 0.0197989
5 90 0.0187292
5 91 0.0163883
5 92 0.0134303
5 93 0.00984231
5 94 0.00551486
5 95 0.00122287
5 96 -0.00298377
5 97 -0.00695301
5 98 -0.0099192
5 99 -0.0121137
5 100 -0.0133755
5 101 -0.0131967
5 102 -0.0119548
5 103 -0.00957452
5 104 -0.00591219
5 105 -0.00185769
5 106 0.00248509
5 107 0.00665065
5 108 0.00949509
5 109 0.0112202
5 110 0.0110016
5 111 0.008783
5 112 0.00531771
5 113 0.000464925
5 114 -0.00426123
5 115 -0.00830839
5 116 -0.0109837
5 117 -0.0111705
5 118 -0.00947837
5 119 0

6 0 0
6 1 -0.0109933
6 2 -0.0129861
6 3 -0.0123183
6 4 -0.00965088
6 5 -0.00468925
6 6 0.000741256
6 7 0.00625763
6 8 0.0105939
6 9 0.0130581
6 10 0.0135378
6 11 0.0114199
6 12 0.00818066
6 13 0.0031319
6 14 -0.00210745
6 15 -0.00682393
6 16 -0.0116355
6 17 -0.0142248
6 18 -0.0160162
6 19 -0.0160787
6 20 -0.0142207
6 21 -0.0116077
6 22 -0.00741262
6 23 -0.00288244
6 24 0.00238468
6 25 0.00760671
6 26 0.0125787
6 27 0.0170384
6 28 0.0207156
6 29 0.0234039
6 30 0.0239997
6 31 0.0227483
6 32 0.018185
6 33 0.0110579
6 34 0.00235937
6 35 -0.00658544
6 36 -0.0140135
6 37 -0.0189225
6 38 -0.0214652
6 39 -0.0226573
6 40 -0.0223759
6 41 -0.0218166
6 42 -0.0213586
6 43 -0.0216765
6 44 -0.0231032
6 45 -0.0255227
6 46 -0.0272717
6 47 -0.0273819
6 48 -0.0260747
6 49 -0.0232217
6 50 -0.0188445
6 51 -0.0135928
6 52 -0.00896181
6 53 -0.00560744
6 54 -0.00424992
6 55 -0.00461836
6 56 -0.00634425
6 57 -0.0083698
6 58 -0.0101941
6 59 -0.01069
6 60 -0.00967252
6 61 -0.007331
6 62 -0.00479783
6 63 -0.00257928
6 64 -0.00174389
6 65 -0.00266521
6 66 -0.00563746
6 67 -0.00994027
6 68 -0.0149619
6 69 -0.0191934
6 70 -0.0220581
6 71 -0.0234949
6 72 -0.0237376
6 73 -0.0224876
6 74 -0.0208454
6 75 -0.0203508
6 76 -0.0212572
6 77 -0.0230672
6 78 -0.0252087
6 79 -0.0271227
6 80 -0.0276253
6 81 -0.0266967
6 82 -0.0231879
6 83 -0.0169099
6 84 -0.00856706
6 85 -5.14945e-05
6 86 0.00771717
6 87 0.0134499
6 88 0.0167512
6 89 0.0187164
6 90 0.0191628
6 91 0.018936
6 92 0.0178219
6 93 0.0161236
6 94 0.0132363
6 95 0.00970838
6 96 0.00541447
6 97 0.000362927
6 98 -0.00447566
6 99 -0.00983836
6 100 -0.0137296
6 101 -0.0167228
6 102 -0.018129
6 103 -0.0169616
6 104 -0.0143478
6 105 -0.00942658
6 106 -0.00336942
6 107 0.0032492
6 108 0.00922116
6 109 0.0137947
6 110 0.0161029
6 111 0.0152776
6 112 0.012545
6 113 0.00684739
6 114 0.000392498
6 115 -0.0058483
6 116 -0.011868
6 117 -0.014469
6 118 -0.0151383
6 119 0

7 0 0
7 1 -0.0163804
7 2 -0.0163852
7 3 -0.0141441
7 4 -0.00786542
7 5 -0.00100471
7 6 0.00625763
7 7 0.0129214
7 8 0.0161263
7 9 0.0175878
7 10 0.015279
7 11 0.0105813
7 12 0.00465042
7 13 -0.00272217
7 14 -0.00873384
7 15 -0.0141357
7 16 -0.017136
7 17 -0.0180686
7 18 -0.0171948
7 19 -0.0140718
7 20 -0.0102791
7 21 -0.00520845
7 22 -0.000373574
7 23 0.00468983
7 24 0.00866293
7 25 0.0123379
7 26 0.0156631
7 27 0.0175702
7 28 0.0197937
7 29 0.0205019
7 30 0.0199742
7 31 0.0169679
7 32 0.0117843
7 33 0.00378569
7 34 -0.00517898
7 35 -0.013712
7 36 -0.0207469
7 37 -0.0245189
7 38 -0.0262094
7 39 -0.0257565
7 40 -0.024284
7 41 -0.0214481
7 42 -0.0195913
7 43 -0.0181942
7 44 -0.0184495
7 45 -0.0192831
7 46 -0.0201298
7 47 -0.0192747
7 48 -0.0174692
7 49 -0.0142962
7 50 -0.00963026
7 51 -0.00407226
7 52 0.00064938
7 53 0.00379028
7 54 0.00543149
7 55 0.00525861
7 56 0.00364878
7 57 0.00138366
7 58 -7.31937e-05
7 59 -0.000529893
7 60 0.000425033
7 61 0.00237214
7 62 0.00514843
7 63 0.00724241
7 64 0.00793671
7 65 0.00676188
7 66 0.0041316
7 67 -0.000176387
7 68 -0.0052837
7 69 -0.00965398
7 70 -0.0125196
7 71 -0.0142442
7 72 -0.0150506
7 73 -0.0144553
7 74 -0.0139629
7 75 -0.014402
7 76 -0.0166411
7 77 -0.0196918
7 78 -0.0239045
7 79 -0.0270107
7 80 -0.0292658
7 81 -0.0294156
7 82 -0.0275668
7 83 -0.0221536
7 84 -0.0151655
7 85 -0.00704738
7 86 0.00038466
7 87 0.00601949
7 88 0.00993643
7 89 0.0124502
7 90 0.0142539
7 91 0.0152555
7 92 0.0169729
7 93 0.0171902
7 94 0.0171085
7 95 0.0156553
7 96 0.0126464
7 97 0.00808531
7 98 0.00230169
7 99 -0.00389295
7 100 -0.0106629
7 101 -0.015806
7 102 -0.0200675
7 103 -0.021313
7 104 -0.0200133
7 105 -0.0160729
7 106 -0.00913486
7 107 -0.00181532
7 108 0.00677088
7 109 0.0134884
7 110 0.0179851
7 111 0.0199134
7 112 0.0173511
7 113 0.0127173
7 114 0.0051251
7 115 -0.00328003
7 116 -0.0104414
7 117 -0.0164693
7 118 -0.0183812
7 119 0

8 0 0
8 1 -0.0187745
8 2 -0.0169964
8 3 -0.0121067
8 4 -0.00490455
8 5 0.00320364
8 6 0.0105939
8 7 0.0161263
8 8 0.0184866
8 9 0.0177403
8 10 0.0137871
8 11 0.00733677
8 12 4.79302e-05
8 13 -0.00758143
8 14 -0.0137415
8 15 -0.0175553
8 16 -0.0192992
8 17 -0.0178648
8 18 -0.0143822
8 19 -0.00967184
8 20 -0.00362027
8 21 0.00179486
8 22 0.00653277
8 23 0.0103878
8 24 0.0125765
8 25 0.0138001
8 26 0.0142445
8 27 0.0141655
8 28 0.0138075
8 29 0.0133916
8 30 0.0116225
8 31 0.00840415
8 32 0.00319571
8 33 -0.00422702
8 34 -0.0118406
8 35 -0.0187623
8 36 -0.0236379
8 37 -0.0259496
8 38 -0.0254229
8 39 -0.0234998
8 40 -0.0198841
8 41 -0.015448
8 42 -0.011673
8 43 -0.00922519
8 44 -0.00809472
8 45 -0.00785024
8 46 -0.00784029
8 47 -0.00662574
8 48 -0.00481289
8 49 -0.00184526
8 50 0.00229995
8 51 0.00753539
8 52 0.0114696
8 53 0.0141502
8 54 0.0153508
8 55 0.015405
8 56 0.0134591
8 57 0.011303
8 58 0.00978412
8 59 0.00968097
8 60 0.0101249
8 61 0.0119895
8 62 0.0145105
8 63 0.0168351
8 64 0.0171916
8 65 0.0164209
8 66 0.0142023
8 67 0.0107475
8 68 0.00600338
8 69 0.00235487
8 70 -0.000152214
8 71 -0.00152482
8 72 -0.00241447
8 73 -0.00215987
8 74 -0.00236056
8 75 -0.00355702
8 76 -0.00640379
8 77 -0.0107327
8 78 -0.016137
8 79 -0.020894
8 80 -0.02437
8 81 -0.0265844
8 82 -0.0262331
8 83 -0.023334
8 84 -0.0183629
8 85 -0.0125152
8 86 -0.00641722
8 87 -0.00210408
8 88 0.00105988
8 89 0.00340516
8 90 0.00542008
8 91 0.00804347
8 92 0.0111868
8 93 0.014234
8 94 0.0166294
8 95 0.01795
8 96 0.0168266
8 97 0.0140131
8 98 0.00905284
8 99 0.00211096
8 100 -0.00497996
8 101 -0.0121615
8 102 -0.0179921
8 103 -0.0211362
8 104 -0.0216601
8 105 -0.0189398
8 106 -0.0131927
8 107 -0.00570769
8 108 0.00267589
8 109 0.0106086
8 110 0.0163687
8 111 0.0193721
8 112 0.0190344
8 113 0.0150798
8 114 0.00871029
8 115 0.000673167
8 116 -0.00766576
8 117 -0.014227
8 118 -0.0184638
8 119 0

9 0 0
9 1 -0.0184952
9 2 -0.0149839
9 3 -0.00955915
9 4 -0.00120446
9 5 0.00657457
9 6 0.0130581
9 7 0.0175878
9 8 0.0177403
9 9 0.015484
9 10 0.00981386
9 11 0.00222369
9 12 -0.00522964
9 13 -0.0124571
9 14 -0.0170012
9 15 -0.0189612
9 16 -0.017854
9 17 -0.0140324
9 18 -0.00829222
9 19 -0.00164174
9 20 0.00468196
9 21 0.0101969
9 22 0.0132279
9 23 0.0146801
9 24 0.0136859
9 25 0.011309
9 26 0.00867634
9 27 0.00556125
9 28 0.00344067
9 29 0.00165959
9 30 -5.61283e-05
9 31 -0.00285738
9 32 -0.00649438
9 33 -0.0116199
9 34 -0.0165262
9 35 -0.0200732
9 36 -0.022031
9 37 -0.0214532
9 38 -0.0188775
9 39 -0.0146782
9 40 -0.00960675
9 41 -0.00349889
9 42 0.00125445
9 43 0.00456601
9 44 0.00623234
9 45 0.00715416
9 46 0.00737766
9 47 0.00824557
9 48 0.0094452
9 49 0.0113965
9 50 0.0144527
9 51 0.0182624
9 52 0.0210458
9 53 0.0224648
9 54 0.023141
9 55 0.022716
9 56 0.0207443
9 57 0.0183072
9 58 0.0170624
9 59 0.0167937
9 60 0.0171348
9 61 0.0184576
9 62 0.0210087
9 63 0.0231104
9 64 0.023736
9 65 0.0232838
9 66 0.02219
9 67 0.0197556
9 68 0.0164174
9 69 0.0138442
9 70 0.0125012
9 71 0.0118902
9 72 0.011709
9 73 0.0120971
9 74 0.0118174
9 75 0.0106392
9 76 0.00773553
9 77 0.00314643
9 78 -0.00301932
9 79 -0.00846275
9 80 -0.0133952
9 81 -0.0170234
9 82 -0.0190945
9 83 -0.0188397
9 84 -0.0173911
9 85 -0.0145421
9 86 -0.0116519
9 87 -0.00984975
9 88 -0.00868335
9 89 -0.00785055
9 90 -0.00631587
9 91 -0.00353025
9 92 0.00119008
9 93 0.00613206
9 94 0.0117087
9 95 0.0159943
9 96 0.0181905
9 97 0.0180855
9 98 0.0149382
9 99 0.00966474
9 100 0.00261652
9 101 -0.0047974
9 102 -0.0119954
9 103 -0.0169859
9 104 -0.0197873
9 105 -0.019402
9 106 -0.0155421
9 107 -0.0100388
9 108 -0.00210415
9 109 0.00535483
9 110 0.0118146
9 111 0.0165174
9 112 0.0172951
9 113 0.0157675
9 114 0.0107333
9 115 0.00371178
9 116 -0.00362329
9 117 -0.0110904
9 118 -0.0156812
9 119 0

10 0 0
10 1 -0.0148704
10 2 -0.0106771
10 3 -0.00467419
10 4 0.00276534
10 5 0.00887077
10 6 0.0135378
10 7 0.015279
10 8 0.0137871
10 9 0.00981386
10 10 0.00337362
10 11 -0.00338005
10 12 -0.0101548
10 13 -0.0149351
10 14 -0.0171728
10 15 -0.0167819
10 16 -0.0127834
10 17 -0.00727597
10 18 3.25508e-05
10 19 0.00701587
10 20 0.0127155
10 21 0.0165383
10 22 0.0170872
10 23 0.0156705
10 24 0.0111937
10 25 0.00567541
10 26 6.23204e-05
10 27 -0.00494005
10 28 -0.00832158
10 29 -0.0102635
10 30 -0.0112066
10 31 -0.012582
10 32 -0.0138018
10 33 -0.015846
10 34 -0.0172419
10 35 -0.0173029
10 36 -0.0159156
10 37 -0.012953
10 38 -0.00851548
10 39 -0.00299708
10 40 0.00300244
10 41 0.00949289
10 42 0.0145265
10 43 0.0177253
10 44 0.019357
10 45 0.0202423
10 46 0.0202583
10 47 0.0202754
10 48 0.0204318
10 49 0.0210867
10 50 0.0225695
10 51 0.0245974
10 52 0.025819
10 53 0.0260098
10 54 0.025845
10 55 0.0250232
10 56 0.0229536
10 57 0.0206167
10 58 0.0194536
10 59 0.0191858
10 60 0.0192476
10 61 0.020216
10 62 0.0223877
10 63 0.0243262
10 64 0.0250785
10 65 0.0252316
10 66 0.025126
10 67 0.0240693
10 68 0.0223389
10 69 0.0212483
10 70 0.0211459
10 71 0.0216351
10 72 0.0224293
10 73 0.0232876
10 74 0.0234064
10 75 0.0227735
10 76 0.0206079
10 77 0.016495
10 78 0.0107978
10 79 0.00535135
10 80 4.81255e-05
10 81 -0.00452135
10 82 -0.00815693
10 83 -0.0105916
10 84 -0.012221
10 85 -0.012783
10 86 -0.0132319
10 87 -0.0145193
10 88 -0.0157995
10 89 -0.0171863
10 90 -0.0171034
10 91 -0.014963
10 92 -0.0100965
10 93 -0.00391101
10 94 0.00357325
10 95 0.0105305
10 96 0.0154224
10 97 0.0184402
10 98 0.0180553
10 99 0.015396
10 100 0.00997364
10 101 0.00343635
10 102 -0.00342941
10 103 -0.00975325
10 104 -0.0138208
10 105 -0.0160069
10 106 -0.0150918
10 107 -0.0121521
10 108 -0.00701945
10 109 -0.00101996
10 110 0.00469172
10 111 0.0100064
10 112 0.0123618
10 113 0.0131117
10 114 0.0109104
10 115 0.00616546
10 116 0.00110146
10 117 -0.00555258
10 118 -0.0103285
10 119 0

11 0 0
11 1 -0.00927729
11 2 -0.00441625
11 3 0.00108695
11 4 0.0061955
11 5 0.0100173
11 6 0.0114199
11 7 0.0105813
11 8 0.00733677
11 9 0.00222369
11 10 -0.00338005
11 11 -0.00913468
11 12 -0.0132854
11 13 -0.0152927
11 14 -0.0149636
11 15 -0.0113468
11 16 -0.00601975
11 17 0.00095604
11 18 0.00840225
11 19 0.0144906
11 20 0.0188973
11 21 0.0202933
11 22 0.0184006
11 23 0.0134265
11 24 0.00662631
11 25 -0.00163004
11 26 -0.00928383
11 27 -0.0150496
11 28 -0.0190471
11 29 -0.0202537
11 30 -0.0201597
11 31 -0.0190769
11 32 -0.0179537
11 33 -0.0164628
11 34 -0.014486
11 35 -0.0111441
11 36 -0.0068425
11 37 -0.00221356
11 38 0.00340446
11 39 0.00914252
11 40 0.0152791
11 41 0.0208029
11 42 0.0253714
11 43 0.0274851
11 44 0.0286457
11 45 0.0288058
11 46 0.0284086
11 47 0.0272037
11 48 0.0262366
11 49 0.025447
11 50 0.0252638
11 51 0.0253241
11 52 0.0249584
11 53 0.0240308
11 54 0.023034
11 55 0.0218958
11 56 0.0198979
11 57 0.0179551
11 58 0.0168856
11 59 0.0166668
11 60 0.0164523
11 61 0.0171067
11 62 0.01864
11 63 0.0202855
11 64 0.0210867
11 65 0.0218502
11 66 0.0225762
11 67 0.0228995
11 68 0.0228525
11 69 0.0232679
11 70 0.0243727
11 71 0.0259259
11 72 0.0278206
11 73 0.0292005
11 74 0.0301254
11 75 0.0303046
11 76 0.029591
11 77 0.0265508
11 78 0.022519
11 79 0.0177745
11 80 0.0132445
11 81 0.00842957
11 82 0.00425372
11 83 -0.000303473
11 84 -0.00436976
11 85 -0.00795163
11 86 -0.0115033
11 87 -0.0154646
11 88 -0.0196308
11 89 -0.0231249
11 90 -0.0251624
11 91 -0.02398
11 92 -0.020398
11 93 -0.0137408
11 94 -0.00551378
11 95 0.00280498
11 96 0.0102374
11 97 0.0157616
11 98 0.018448
11 99 0.018193
11 100 0.0159
11 101 0.0109893
11 102 0.00542599
11 103 -0.000462008
11 104 -0.00608412
11 105 -0.00985303
11 106 -0.0122505
11 107 -0.0124059
11 108 -0.0106192
11 109 -0.00745361
11 110 -0.00314296
11 111 0.00126565
11 112 0.00526134
11 113 0.00800696
11 114 0.00897269
11 115 0.00810413
11 116 0.00531719
11 117 0.00129639
11 118 -0.00316819
11 119 0

12 0 0
12 1 -0.00232083
12 2 0.00195445
12 3 0.00594535
12 4 0.008819
12 5 0.00936884
12 6 0.00818066
12 7 0.00465042
12 8 4.79302e-05
12 9 -0.00522964
12 10 -0.0101548
12 11 -0.0132854
12 12 -0.0151821
12 13 -0.0138232
12 14 -0.0105177
12 15 -0.00526828
12 16 0.0020944
12 17 0.00881166
12 18 0.0156342
12 19 0.020236
12 20 0.0220359
12 21 0.021017
12 22 0.0163149
12 23 0.00921886
12 24 3.43934e-05
12 25 -0.00932344
12 26 -0.0176929
12 27 -0.023356
12 28 -0.026399
12 29 -0.0264767
12 30 -0.02423
12 31 -0.0213248
12 32 -0.0173017
12 33 -0.0129612
12 34 -0.00790195
12 35 -0.00227481
12 36 0.00383154
12 37 0.0091984
12 38 0.0144404
12 39 0.0194997
12 40 0.0240316
12 41 0.0279004
12 42 0.0304539
12 43 0.0312857
12 44 0.0309714
12 45 0.0304973
12 46 0.029127
12 47 0.0270885
12 48 0.0248461
12 49 0.0230651
12 50 0.0212368
12 51 0.0196714
12 52 0.0178969
12 53 0.0162441
12 54 0.0146575
12 55 0.0134314
12 56 0.0118489
12 57 0.010559
12 58 0.00978213
12 59 0.00959375
12 60 0.00924682
12 61 0.00949196
12 62 0.0102606
12 63 0.0113361
12 64 0.0120825
12 65 0.0132246
12 66 0.0144887
12 67 0.0159462
12 68 0.0172933
12 69 0.0190288
12 70 0.0208699
12 71 0.0233642
12 72 0.0258629
12 73 0.027949
12 74 0.0293806
12 75 0.0309437
12 76 0.0315812
12 77 0.0307618
12 78 0.028736
12 79 0.0261906
12 80 0.0230045
12 81 0.0195516
12 82 0.0155476
12 83 0.0104169
12 84 0.00501936
12 85 -0.000489117
12 86 -0.00620339
12 87 -0.0124261
12 88 -0.0183237
12 89 -0.0242568
12 90 -0.0281217
12 91 -0.0292438
12 92 -0.0271553
12 93 -0.0218586
12 94 -0.0141668
12 95 -0.0054313
12 96 0.00291881
12 97 0.0104209
12 98 0.015369
12 99 0.0186537
12 100 0.0189516
12 101 0.0170386
12 102 0.0136925
12 103 0.00828092
12 104 0.00295465
12 105 -0.00274625
12 106 -0.00767675
12 107 -0.0112124
12 108 -0.013071
12 109 -0.0128773
12 110 -0.0108987
12 111 -0.00697971
12 112 -0.00276574
12 113 0.00218699
12 114 0.00606196
12 115 0.00813889
12 116 0.00918252
12 117 0.00709344
12 118 0.00419082
12 119 0

13 0 0
13 1 0.00508978
13 2 0.00850169
13 3 0.0109267
13 4 0.00999583
13 5 0.00751114
13 6 0.0031319
13 7 -0.00272217
13 8 -0.00758143
13 9 -0.0124571
13 10 -0.0149351
13 11 -0.0152927
13 12 -0.0138232
13 13 -0.00940395
13 14 -0.00426148
13 15 0.00240829
13 16 0.00898412
13 17 0.0147131
13 18 0.0193231
13 19 0.021219
13 20 0.0207724
13 21 0.0170882
13 22 0.011005
13 23 0.0025594
13 24 -0.00636348
13 25 -0.0151791
13 26 -0.0224917
13 27 -0.0263208
13 28 -0.0278259
13 29 -0.0259551
13 30 -0.0223671
13 31 -0.0174862
13 32 -0.012096
13 33 -0.00585399
13 34 0.000518961
13 35 0.00702141
13 36 0.0133109
13 37 0.0177844
13 38 0.0215451
13 39 0.0243502
13 40 0.0266635
13 41 0.0275888
13 42 0.0280058
13 43 0.0268329
13 44 0.0255071
13 45 0.0240819
13 46 0.0224513
13 47 0.019742
13 48 0.0171422
13 49 0.0146893
13 50 0.0120596
13 51 0.00926444
13 52 0.00680707
13 53 0.00484099
13 54 0.0032286
13 55 0.00223098
13 56 0.00148673
13 57 0.00113276
13 58 0.000863221
13 59 0.000788018
13 60 0.00038595
13 61 0.00018175
13 62 4.16691e-05
13 63 0.000306251
13 64 0.000789571
13 65 0.0019242
13 66 0.00337589
13 67 0.00539577
13 68 0.00773344
13 69 0.0100457
13 70 0.012201
13 71 0.0147274
13 72 0.0174452
13 73 0.0194016
13 74 0.0213079
13 75 0.0235053
13 76 0.0257655
13 77 0.0268348
13 78 0.0276217
13 79 0.0273101
13 80 0.0266536
13 81 0.0250639
13 82 0.0227197
13 83 0.0181665
13 84 0.0130851
13 85 0.00726947
13 86 0.000998587
13 87 -0.00562344
13 88 -0.0124527
13 89 -0.0191643
13 90 -0.0247306
13 91 -0.027534
13 92 -0.0281218
13 93 -0.0247974
13 94 -0.0194134
13 95 -0.0123537
13 96 -0.00462189
13 97 0.00291936
13 98 0.00940631
13 99 0.0143365
13 100 0.0178376
13 101 0.0187217
13 102 0.0183565
13 103 0.0153774
13 104 0.0109791
13 105 0.00539105
13 106 -0.00144949
13 107 -0.00726118
13 108 -0.012852
13 109 -0.0159774
13 110 -0.0166635
13 111 -0.0151109
13 112 -0.0104912
13 113 -0.00491897
13 114 0.00167078
13 115 0.00749871
13 116 0.0112742
13 117 0.0129772
13 118 0.0113088
13 119 0

14 0 0
14 1 0.0111791
14 2 0.0135644
14 3 0.0133707
14 4 0.00987323
14 5 0.00455477
14 6 -0.00210745
14 7 -0.00873384
14 8 -0.0137415
14 9 -0.0170012
14 10 -0.0171728
14 11 -0.0149636
14 12 -0.0105177
14 13 -0.00426148
14 14 0.00215447
14 15 0.00880151
14 16 0.0141543
14 17 0.0177627
14 18 0.0195026
14 19 0.0187568
14 20 0.0157193
14 21 0.0106274
14 22 0.00393592
14 23 -0.00426181
14 24 -0.0118639
14 25 -0.0186232
14 26 -0.0234593
14 27 -0.0248932
14 28 -0.0240137
14 29 -0.0205903
14 30 -0.0156707
14 31 -0.00989334
14 32 -0.00380804
14 33 0.00290719
14 34 0.00950636
14 35 0.0155487
14 36 0.0206736
14 37 0.0233836
14 38 0.0246024
14 39 0.0246729
14 40 0.0238832
14 41 0.0218509
14 42 0.019559
14 43 0.0167862
14 44 0.0143128
14 45 0.0125347
14 46 0.0107129
14 47 0.00819776
14 48 0.00557618
14 49 0.00322873
14 50 0.000181639
14 51 -0.00308904
14 52 -0.00587734
14 53 -0.00761893
14 54 -0.00896527
14 55 -0.0093511
14 56 -0.00907905
14 57 -0.0082718
14 58 -0.00792905
14 59 -0.00778248
14 60 -0.00822379
14 61 -0.00887129
14 62 -0.0100069
14 63 -0.010634
14 64 -0.0106469
14 65 -0.00973239
14 66 -0.00847776
14 67 -0.00619703
14 68 -0.00348524
14 69 -0.000976664
14 70 0.00080805
14 71 0.00296394
14 72 0.00504555
14 73 0.00664244
14 74 0.00831215
14 75 0.0110146
14 76 0.0142296
14 77 0.0174066
14 78 0.020611
14 79 0.0230332
14 80 0.0248826
14 81 0.0259025
14 82 0.0255942
14 83 0.0228488
14 84 0.0190787
14 85 0.014229
14 86 0.00878659
14 87 0.00294996
14 88 -0.00339301
14 89 -0.0101428
14 90 -0.0163229
14 91 -0.0209462
14 92 -0.0238953
14 93 -0.0235625
14 94 -0.0212273
14 95 -0.0169917
14 96 -0.0111409
14 97 -0.00486204
14 98 0.00154262
14 99 0.00778292
14 100 0.0133765
14 101 0.0172479
14 102 0.0197545
14 103 0.0195326
14 104 0.0167797
14 105 0.0119478
14 106 0.00474924
14 107 -0.00284746
14 108 -0.0105468
14 109 -0.0166296
14 110 -0.0198862
14 111 -0.0201878
14 112 -0.0166075
14 113 -0.0105332
14 114 -0.00260091
14 115 0.0056254
14 116 0.012079
14 117 0.016233
14 118 0.0165556
14 119 0

15 0 0
15 1 0.0160254
15 2 0.0162085
15 3 0.0142848
15 4 0.00796261
15 5 0.000613725
15 6 -0.00682393
15 7 -0.0141357
15 8 -0.0175553
15 9 -0.0189612
15 10 -0.0167819
15 11 -0.0113468
15 12 -0.00526828
15 13 0.00240829
15 14 0.00880151
15 15 0.0136529
15 16 0.0167292
15 17 0.0170694
15 18 0.0155663
15 19 0.0119823
15 20 0.00722283
15 21 0.00123216
15 22 -0.00479277
15 23 -0.0106159
15 24 -0.0155507
15 25 -0.018513
15 26 -0.0197612
15 27 -0.0180898
15 28 -0.0147634
15 29 -0.0100184
15 30 -0.00456244
15 31 0.000727655
15 32 0.00615766
15 33 0.0117604
15 34 0.0171379
15 35 0.0212143
15 36 0.0239599
15 37 0.0241135
15 38 0.0222744
15 39 0.0193233
15 40 0.0153806
15 41 0.0106438
15 42 0.00601073
15 43 0.00218115
15 44 -0.000733121
15 45 -0.00225251
15 46 -0.00347919
15 47 -0.00503897
15 48 -0.00678596
15 49 -0.00844075
15 50 -0.0110677
15 51 -0.0142336
15 52 -0.0166818
15 53 -0.0179162
15 54 -0.0184848
15 55 -0.0180975
15 56 -0.0165198
15 57 -0.0145865
15 58 -0.0133971
15 59 -0.0130787
15 60 -0.0134122
15 61 -0.0146358
15 62 -0.0166276
15 63 -0.0183208
15 64 -0.0188705
15 65 -0.0185559
15 66 -0.0176399
15 67 -0.0156267
15 68 -0.0129657
15 69 -0.0109647
15 70 -0.0099896
15 71 -0.00901087
15 72 -0.00822451
15 73 -0.0077753
15 74 -0.00695118
15 75 -0.00459367
15 76 -0.00112007
15 77 0.00347928
15 78 0.00850295
15 79 0.0132276
15 80 0.0173475
15 81 0.0209242
15 82 0.0228402
15 83 0.0226059
15 84 0.0211482
15 85 0.0184418
15 86 0.0152384
15 87 0.0116591
15 88 0.00752682
15 89 0.00208043
15 90 -0.00361223
15 91 -0.00928676
15 92 -0.0141651
15 93 -0.0171098
15 94 -0.0186484
15 95 -0.0180826
15 96 -0.0160729
15 97 -0.012348
15 98 -0.00732074
15 99 -0.00119181
15 100 0.00531849
15 101 0.0115684
15 102 0.0169922
15 103 0.0195643
15 104 0.0201448
15 105 0.0168842
15 106 0.0106106
15 107 0.00300937
15 108 -0.00648163
15 109 -0.0140907
15 110 -0.0198308
15 111 -0.0223174
15 112 -0.0200425
15 113 -0.0150657
15 114 -0.00658538
15 115 0.00264089
15 116 0.0108874
15 117 0.0173625
15 118 0.0192386
15 119 0

16 0 0
16 1 0.0182044
16 2 0.0173642
16 3 0.0127307
16 4 0.00493371
16 5 -0.00346696
16 6 -0.0116355
16 7 -0.017136
16 8 -0.0192992
16 9 -0.017854
16 10 -0.0127834
16 11 -0.00601975
16 12 0.0020944
16 13 0.00898412
16 14 0.0141543
16 15 0.0167292
16 16 0.0159249
16 17 0.0132234
16 18 0.00800506
16 19 0.00250784
16 20 -0.00351146
16 21 -0.00882763
16 22 -0.0126765
16 23 -0.0158004
16 24 -0.0162284
16 25 -0.0152336
16 26 -0.012184
16 27 -0.00782827
16 28 -0.00235685
16 29 0.00275448
16 30 0.00728362
16 31 0.0114789
16 32 0.0146883
16 33 0.0184583
16 34 0.0212028
16 35 0.0231572
16 36 0.0229217
16 37 0.0207558
16 38 0.0161236
16 39 0.0106854
16 40 0.00441258
16 41 -0.0023648
16 42 -0.00825674
16 43 -0.0125817
16 44 -0.0148338
16 45 -0.0157368
16 46 -0.0154332
16 47 -0.0157058
16 48 -0.0157527
16 49 -0.0165829
16 50 -0.0181181
16 51 -0.0209943
16 52 -0.0226532
16 53 -0.0234562
16 54 -0.0229795
16 55 -0.0219189
16 56 -0.0189825
16 57 -0.0161584
16 58 -0.0140374
16 59 -0.0136452
16 60 -0.0137776
16 61 -0.0156513
16 62 -0.0182676
16 63 -0.0210361
16 64 -0.0220084
16 65 -0.0224702
16 66 -0.0217704
16 67 -0.0203276
16 68 -0.017815
16 69 -0.0167948
16 70 -0.0166329
16 71 -0.0174302
16 72 -0.0181149
16 73 -0.0195415
16 74 -0.0197667
16 75 -0.0187436
16 76 -0.0154648
16 77 -0.0105918
16 78 -0.00439965
16 79 0.00148712
16 80 0.00722395
16 81 0.0125126
16 82 0.0161578
16 83 0.0182874
16 84 0.018939
16 85 0.0190859
16 86 0.0184678
16 87 0.018356
16 88 0.0167703
16 89 0.0143411
16 90 0.0100436
16 91 0.00451891
16 92 -0.00160298
16 93 -0.00730067
16 94 -0.0123006
16 95 -0.0163056
16 96 -0.0177442
16 97 -0.0180655
16 98 -0.0154477
16 99 -0.0109241
16 100 -0.00443774
16 101 0.00320427
16 102 0.0104087
16 103 0.0165699
16 104 0.0194652
16 105 0.0194464
16 106 0.0153982
16 107 0.00855713
16 108 -0.000138809
16 109 -0.0092301
16 110 -0.0163138
16 111 -0.0210131
16 112 -0.0209659
16 113 -0.0173604
16 114 -0.010229
16 115 -0.00065681
16 116 0.00802781
16 117 0.0158947
16 118 0.019605
16 119 0

17 0 0
17 1 0.0179847
17 2 0.0152528
17 3 0.00930674
17 4 0.000970893
17 5 -0.00742531
17 6 -0.0142248
17 7 -0.0180686
17 8 -0.0178648
17 9 -0.0140324
17 10 -0.00727597
17 11 0.00095604
17 12 0.00881166
17 13 0.0147131
17 14 0.0177627
17 15 0.0170694
17 16 0.0132234
17 17 0.00712077
17 18 -0.000652491
17 19 -0.00778839
17 20 -0.0139707
17 21 -0.0181469
17 22 -0.0193604
17 23 -0.0184811
17 24 -0.0150631
17 25 -0.00966738
17 26 -0.00312465
17 27 0.00370282
17 28 0.0101561
17 29 0.014864
17 30 0.0178823
17 31 0.0197223
17 32 0.0204336
17 33 0.0213809
17 34 0.0218546
17 35 0.0211673
17 36 0.018708
17 37 0.0144789
17 38 0.00827323
17 39 0.00116793
17 40 -0.00630516
17 41 -0.0139897
17 42 -0.0202267
17 43 -0.0239899
17 44 -0.0251446
17 45 -0.0245819
17 46 -0.0227
17 47 -0.0209417
17 48 -0.0194684
17 49 -0.018926
17 50 -0.0196708
17 51 -0.021676
17 52 -0.0229773
17 53 -0.0230414
17 54 -0.0220609
17 55 -0.0200507
17 56 -0.0164143
17 57 -0.0125531
17 58 -0.0100306
17 59 -0.0092135
17 60 -0.00956642
17 61 -0.011633
17 62 -0.0150701
17 63 -0.0183108
17 64 -0.0199952
17 65 -0.0207083
17 66 -0.0204941
17 67 -0.0191437
17 68 -0.0172617
17 69 -0.0167923
17 70 -0.0178332
17 71 -0.0200039
17 72 -0.0227062
17 73 -0.0257488
17 74 -0.0276823
17 75 -0.0280717
17 76 -0.0259324
17 77 -0.0213606
17 78 -0.0151818
17 79 -0.00903191
17 80 -0.00277277
17 81 0.00304087
17 82 0.00765432
17 83 0.0111686
17 84 0.0138119
17 85 0.0159851
17 86 0.0183737
17 87 0.021398
17 88 0.0233698
17 89 0.0239637
17 90 0.0220758
17 91 0.0175259
17 92 0.0110746
17 93 0.00351429
17 94 -0.00454266
17 95 -0.0118761
17 96 -0.0175544
17 97 -0.0214859
17 98 -0.0219246
17 99 -0.0193711
17 100 -0.0139505
17 101 -0.00597997
17 102 0.00257772
17 103 0.010634
17 104 0.0166287
17 105 0.0192654
17 106 0.0180735
17 107 0.0134221
17 108 0.00587053
17 109 -0.00270277
17 110 -0.0106615
17 111 -0.0166281
17 112 -0.0187431
17 113 -0.0172956
17 114 -0.012033
17 115 -0.00418582
17 116 0.00417156
17 117 0.0120035
17 118 0.0167167
17 119 0

18 0 0
18 1 0.0156158
18 2 0.0114164
18 3 0.00455638
18 4 -0.00388413
18 5 -0.0110333
18 6 -0.0160162
18 7 -0.0171948
18 8 -0.0143822
18 9 -0.00829222
18 10 3.25508e-05
18 11 0.00840225
18 12 0.0156342
18 13 0.0193231
18 14 0.0195026
18 15 0.0155663
18 16 0.00800506
18 17 -0.000652491
18 18 -0.0103856
18 19 -0.0180525
18 20 -0.0232171
18 21 -0.0253322
18 22 -0.0233537
18 23 -0.018633
18 24 -0.0110688
18 25 -0.00213939
18 26 0.00718961
18 27 0.0151667
18 28 0.0213937
18 29 0.0245159
18 30 0.0248681
18 31 0.0236611
18 32 0.0212116
18 33 0.019389
18 34 0.0174282
18 35 0.0148924
18 36 0.0108821
18 37 0.00600773
18 38 -0.000558467
18 39 -0.00768133
18 40 -0.0149992
18 41 -0.0220782
18 42 -0.0274255
18 43 -0.0296921
18 44 -0.0290011
18 45 -0.0266017
18 46 -0.0227339
18 47 -0.0189833
18 48 -0.0157813
18 49 -0.0141793
18 50 -0.0139906
18 51 -0.0154593
18 52 -0.016314
18 53 -0.0162116
18 54 -0.0147333
18 55 -0.0123559
18 56 -0.00809426
18 57 -0.0038543
18 58 -0.000843697
18 59 8.23852e-06
18 60 -0.000299891
18 61 -0.00276813
18 62 -0.00647684
18 63 -0.010217
18 64 -0.0121028
18 65 -0.0131231
18 66 -0.0128306
18 67 -0.0116618
18 68 -0.00999211
18 69 -0.0101335
18 70 -0.0118626
18 71 -0.0154359
18 72 -0.0197874
18 73 -0.0245844
18 74 -0.0281588
18 75 -0.0303895
18 76 -0.0298414
18 77 -0.0265152
18 78 -0.0214467
18 79 -0.0162407
18 80 -0.010902
18 81 -0.00588456
18 82 -0.0018505
18 83 0.00194793
18 84 0.00527471
18 85 0.00894146
18 86 0.013474
18 87 0.0195294
18 88 0.0248882
18 89 0.0291262
18 90 0.0302436
18 91 0.027859
18 92 0.0223506
18 93 0.0142101
18 94 0.00449043
18 95 -0.00554711
18 96 -0.0144062
18 97 -0.0217451
18 98 -0.0253016
18 99 -0.0258227
18 100 -0.0222993
18 101 -0.0152792
18 102 -0.0066892
18 103 0.00301291
18 104 0.011125
18 105 0.0167805
18 106 0.0188122
18 107 0.0171528
18 108 0.0120415
18 109 0.00486318
18 110 -0.00281806
18 111 -0.0100429
18 112 -0.0141049
18 113 -0.0155725
18 114 -0.0132445
18 115 -0.00763845
18 116 -0.0011892
18 117 0.00647779
18 118 0.0118004
18 119 0

19 0 0
19 1 0.0112185
19 2 0.00644463
19 3 -0.00126024
19 4 -0.00785534
19 5 -0.0134316
19 6 -0.0160787
19 7 -0.0140718
19 8 -0.00967184
19 9 -0.00164174
19 10 0.00701587
19 11 0.0144906
19 12 0.020236
19 13 0.021219
19 14 0.0187568
19 15 0.0119823
19 16 0.00250784
19 17 -0.00778839
19 18 -0.0180525
19 19 -0.0250946
19 20 -0.0292455
19 21 -0.0287692
19 22 -0.024089
19 23 -0.0163355
19 24 -0.00613498
19 25 0.00494489
19 26 0.0155214
19 27 0.0232449
19 28 0.0283269
19 29 0.0289813
19 30 0.0264294
19 31 0.0222088
19 32 0.0173313
19 33 0.0133373
19 34 0.0100041
19 35 0.00682019
19 36 0.00280419
19 37 -0.00136322
19 38 -0.00674787
19 39 -0.0125387
19 40 -0.0184726
19 41 -0.0239364
19 42 -0.0276486
19 43 -0.0280321
19 44 -0.025507
19 45 -0.0213507
19 46 -0.0159546
19 47 -0.0105761
19 48 -0.00631132
19 49 -0.00403833
19 50 -0.00359423
19 51 -0.00476982
19 52 -0.00580911
19 53 -0.0058352
19 54 -0.00453882
19 55 -0.00201492
19 56 0.00218974
19 57 0.00659351
19 58 0.00960153
19 59 0.0105863
19 60 0.0100638
19 61 0.00752692
19 62 0.00360287
19 63 -0.000100598
19 64 -0.0021151
19 65 -0.00288336
19 66 -0.00233928
19 67 -0.00079197
19 68 0.000837843
19 69 0.000774682
19 70 -0.00124216
19 71 -0.00542321
19 72 -0.0109314
19 73 -0.0167506
19 74 -0.0216211
19 75 -0.0252595
19 76 -0.026299
19 77 -0.024438
19 78 -0.0210348
19 79 -0.0174714
19 80 -0.014001
19 81 -0.0109343
19 82 -0.00863728
19 83 -0.00601034
19 84 -0.00335496
19 85 0.00043318
19 86 0.00595392
19 87 0.013615
19 88 0.0214728
19 89 0.0286914
19 90 0.0328288
19 91 0.0327211
19 92 0.0290597
19 93 0.0214877
19 94 0.0116392
19 95 0.000586659
19 96 -0.00986178
19 97 -0.019434
19 98 -0.0256109
19 99 -0.0281983
19 100 -0.0270913
19 101 -0.0216405
19 102 -0.0141115
19 103 -0.0044285
19 104 0.0045794
19 105 0.0122806
19 106 0.0173277
19 107 0.0182742
19 108 0.0166169
19 109 0.0112438
19 110 0.00464451
19 111 -0.00220297
19 112 -0.00843351
19 113 -0.0116559
19 114 -0.0126645
19 115 -0.010373
19 116 -0.00575082
19 117 -0.000341352
19 118 0.00546519
19 119 0

20 0 0
20 1 0.00593555
20 2 1.06332e-05
20 3 -0.00643092
20 4 -0.0118352
20 5 -0.0146716
20 6 -0.0142207
20 7 -0.0102791
20 8 -0.00362027
20 9 0.00468196
20 10 0.0127155
20 11 0.0188973
20 12 0.0220359
20 13 0.0207724
20 14 0.0157193
20 15 0.00722283
20 16 -0.00351146
20 17 -0.0139707
20 18 -0.0232171
20 19 -0.0292455
20 20 -0.030806
20 21 -0.0283649
20 22 -0.021574
20 23 -0.0115217
20 24 -2.09089e-05
20 25 0.011732
20 26 0.0217268
20 27 0.0282841
20 28 0.0305975
20 29 0.0284548
20 30 0.0228578
20 31 0.0158808
20 32 0.00905882
20 33 0.00363573
20 34 0.000208293
20 35 -0.00258551
20 36 -0.00512358
20 37 -0.0074581
20 38 -0.0101663
20 39 -0.0135553
20 40 -0.0170454
20 41 -0.0201481
20 42 -0.0216524
20 43 -0.0200082
20 44 -0.0158198
20 45 -0.0101935
20 46 -0.00380852
20 47 0.00262839
20 48 0.00730905
20 49 0.00972165
20 50 0.00986544
20 51 0.00858597
20 52 0.00694508
20 53 0.00637412
20 54 0.00706129
20 55 0.00934885
20 56 0.0130867
20 57 0.0172626
20 58 0.0200347
20 59 0.0210339
20 60 0.020284
20 61 0.0177757
20 62 0.0138998
20 63 0.0105026
20 64 0.00861994
20 65 0.00839336
20 66 0.00949916
20 67 0.0117245
20 68 0.0136419
20 69 0.0141466
20 70 0.0123716
20 71 0.00825806
20 72 0.0022633
20 73 -0.00387
20 74 -0.00952121
20 75 -0.0140588
20 76 -0.0164758
20 77 -0.0161599
20 78 -0.0147365
20 79 -0.0133099
20 80 -0.012372
20 81 -0.0122709
20 82 -0.0125952
20 83 -0.0124346
20 84 -0.0115344
20 85 -0.00918085
20 86 -0.00379002
20 87 0.0042105
20 88 0.0136856
20 89 0.0229264
20 90 0.0297274
20 91 0.0325267
20 92 0.0311086
20 93 0.0255588
20 94 0.0169198
20 95 0.00672948
20 96 -0.004296
20 97 -0.0142626
20 98 -0.0219089
20 99 -0.0268901
20 100 -0.0278693
20 101 -0.0251378
20 102 -0.0194793
20 103 -0.0112001
20 104 -0.00215837
20 105 0.00631186
20 106 0.0133029
20 107 0.0174377
20 108 0.0183575
20 109 0.016331
20 110 0.0115289
20 111 0.00516055
20 112 -0.00135453
20 113 -0.00726207
20 114 -0.0109229
20 115 -0.0119984
20 116 -0.0106387
20 117 -0.00667367
20 118 -0.00188613
20 119 0

21 0 0
