0 0 0
0 1 0
0 2 0
0 3 0
0 4 0
0 5 0
0 6 0
0 7 0
0 8 0
0 9 0
0 10 0
0 11 0
0 12 0
0 13 0
0 14 0
0 15 0
0 16 0
0 17 0
0 18 0
0 19 0
0 20 0
0 21 0
0 22 0
0 23 0
0 24 0
0 25 0
0 26 0
0 27 0
0 28 0
0 29 0
0 30 0
0 31 0
0 32 0
0 33 0
0 34 0
0 35 0
0 36 0
0 37 0
0 38 0
0 39 0
0 40 0
0 41 0
0 42 0
0 43 0
0 44 0
0 45 0
0 46 0
0 47 0
0 48 0
0 49 0
0 50 0
0 51 0
0 52 0
0 53 0
0 54 0
0 55 0
0 56 0
0 57 0
0 58 0
0 59 0
0 60 0
0 61 0
0 62 0
0 63 0
0 64 0
0 65 0
0 66 0
0 67 0
0 68 0
0 69 0
0 70 0
0 71 0
0 72 0
0 73 0
0 74 0
0 75 0
0 76 0
0 77 0
0 78 0
0 79 0
0 80 0
0 81 0
0 82 0
0 83 0
0 84 0
0 85 0
0 86 0
0 87 0
0 88 0
0 89 0
0 90 0
0 91 0
0 92 0
0 93 0
0 94 0
0 95 0
0 96 0
0 97 0
0 98 0
0 99 0
0 100 0
0 101 0
0 102 0
0 103 0
0 104 0
0 105 0
0 106 0
0 107 0
0 108 0
0 109 0
0 110 0
0 111 0
0 112 0
0 113 0
0 114 0
0 115 0
0 116 0
0 117 0
0 118 0
0 119 0

1 0 0
1 1 0.0196557
1 2 0.0168829
1 3 0.0113227
1 4 0.00394388
1 5 -0.00444774
1 6 -0.0114537
1 7 -0.0167047
1 8 -0.019347
1 9 -0.0184176
1 10 -0.0153909
1 11 -0.00960398
1 12 -0.00252581
1 13 0.00418419
1 14 0.0109734
1 15 0.0152337
1 16 0.0176511
1 17 0.01801
1 18 0.0150916
1 19 0.0114025
1 20 0.00616252
1 21 0.000428651
1 22 -0.00482915
1 23 -0.00947573
1 24 -0.0126747
1 25 -0.015415
1 26 -0.0161252
1 27 -0.0162399
1 28 -0.015837
1 29 -0.0142869
1 30 -0.0122858
1 31 -0.00938714
1 32 -0.00633142
1 33 -0.00164598
1 34 0.00332471
1 35 0.00857417
1 36 0.0138194
1 37 0.0188771
1 38 0.0230725
1 39 0.0252718
1 40 0.0263996
1 41 0.0260234
1 42 0.0248513
1 43 0.0221344
1 44 0.0194876
1 45 0.0170687
1 46 0.0156538
1 47 0.0142828
1 48 0.0131515
1 49 0.0120816
1 50 0.0112934
1 51 0.010222
1 52 0.00832503
1 53 0.00557713
1 54 0.00242866
1 55 -0.000102428
1 56 -0.00172733
1 57 -0.00222706
1 58 -0.0023897
1 59 -0.00241253
1 60 -0.00285868
1 61 -0.00315698
1 62 -0.00313116
1 63 -0.00195315
1 64 0.000108229
1 65 0.00284125
1 66 0.00514735
1 67 0.00669639
1 68 0.00739951
1 69 0.00796639
1 70 0.00881279
1 71 0.00992999
1 72 0.0113164
1 73 0.0130155
1 74 0.0157912
1 75 0.0190981
1 76 0.0225961
1 77 0.0248298
1 78 0.0264309
1 79 0.026696
1 80 0.0260699
1 81 0.0233956
1 82 0.0200066
1 83 0.0160739
1 84 0.0121731
1 85 0.00789315
1 86 0.00372475
1 87 0.000373434
1 88 -0.00328546
1 89 -0.00672265
1 90 -0.0104462
1 91 -0.013239
1 92 -0.0162982
1 93 -0.0183767
1 94 -0.0187833
1 95 -0.0179475
1 96 -0.0150753
1 97 -0.0108492
1 98 -0.004536
1 99 0.00172419
1 100 0.00824398
1 101 0.0143414
1 102 0.0177665
1 103 0.0196395
1 104 0.0184184
1 105 0.0147667
1 106 0.00922297
1 107 0.0018948
1 108 -0.00511085
1 109 -0.0119181
1 110 -0.0166802
1 111 -0.0189367
1 112 -0.0189181
1 113 -0.015135
1 114 -0.00952847
1 115 -0.00222989
1 116 0.00608318
1 117 0.0124682
1 118 0.0174291
1 119 0

2 0 0
2 1 0.0168829
2 2 0.0119035
2 3 0.00631493
2 4 -0.000981326
2 5 -0.00820326
2 6 -0.0129973
2 7 -0.0169049
2 8 -0.0176359
2 9 -0.0151254
2 10 -0.0114028
2 11 -0.00492162
2 12 0.00155275
2 13 0.0076217
2 14 0.0136322
2 15 0.0159895
2 16 0.0169892
2 17 0.0158575
2 18 0.0115422
2 19 0.00667062
2 20 0.000434764
2 21 -0.00512645
2 22 -0.0102926
2 23 -0.0140786
2 24 -0.0154216
2 25 -0.0164527
2 26 -0.0147491
2 27 -0.0124029
2 28 -0.00964121
2 29 -0.00633208
2 30 -0.00327731
2 31 0.000397174
2 32 0.00276906
2 33 0.00629987
2 34 0.00962851
2 35 0.0129446
2 36 0.0160117
2 37 0.0187042
2 38 0.0214079
2 39 0.0218938
2 40 0.0217285
2 41 0.0198157
2 42 0.0177786
2 43 0.0140723
2 44 0.0102889
2 45 0.00671614
2 46 0.0043134
2 47 0.00270946
2 48 0.0012119
2 49 0.000351276
2 50 -0.000498187
2 51 -0.000635677
2 52 -0.00186974
2 53 -0.00340629
2 54 -0.00637034
2 55 -0.00860272
2 56 -0.0108487
2 57 -0.0114229
2 58 -0.0121184
2 59 -0.0118895
2 60 -0.0124515
2 61 -0.012092
2 62 -0.0118654
2 63 -0.0099698
2 64 -0.00811579
2 65 -0.00551614
2 66 -0.00439643
2 67 -0.00352173
2 68 -0.00383076
2 69 -0.00329227
2 70 -0.0028729
2 71 -0.00156852
2 72 -0.000330352
2 73 0.00208679
2 74 0.00547958
2 75 0.00957791
2 76 0.0134335
2 77 0.0161522
2 78 0.0186905
2 79 0.0199048
2 80 0.0206093
2 81 0.0192229
2 82 0.0182243
2 83 0.0165317
2 84 0.0151059
2 85 0.0129111
2 86 0.0108868
2 87 0.00908286
2 88 0.00581102
2 89 0.00247813
2 90 -0.00205
2 91 -0.00609927
2 92 -0.0111617
2 93 -0.0151114
2 94 -0.0173169
2 95 -0.0187427
2 96 -0.0172586
2 97 -0.014392
2 98 -0.00916576
2 99 -0.00337778
2 100 0.00304775
2 101 0.00966329
2 102 0.0133754
2 103 0.016613
2 104 0.0171368
2 105 0.0146925
2 106 0.011172
2 107 0.00524244
2 108 -0.000602555
2 109 -0.00664445
2 110 -0.0121592
2 111 -0.014826
2 112 -0.0162302
2 113 -0.0149646
2 114 -0.0110266
2 115 -0.00618129
2 116 0.000296438
2 117 0.00682198
2 118 0.0120552
2 119 0

3 0 0
3 1 0.0113227
3 2 0.00631493
3 3 0.00112506
3 4 -0.00500842
3 5 -0.0102274
3 6 -0.0129167
3 7 -0.0144043
3 8 -0.0128084
3 9 -0.00932558
3 10 -0.00522424
3 11 0.000931069
3 12 0.0058908
3 13 0.00986367
3 14 0.0132895
3 15 0.0137139
3 16 0.0126641
3 17 0.00946045
3 18 0.00481176
3 19 -0.000484737
3 20 -0.00628348
3 21 -0.0103143
3 22 -0.0140372
3 23 -0.0152182
3 24 -0.0142104
3 25 -0.0124352
3 26 -0.00833595
3 27 -0.00412202
3 28 0.000736477
3 29 0.00430263
3 30 0.00760671
3 31 0.0102108
3 32 0.010936
3 33 0.0119771
3 34 0.0121486
3 35 0.0130086
3 36 0.0126638
3 37 0.0131108
3 38 0.0133116
3 39 0.0127632
3 40 0.0112793
3 41 0.00862765
3 42 0.00622426
3 43 0.00224592
3 44 -0.00142713
3 45 -0.00573646
3 46 -0.00791264
3 47 -0.00986413
3 48 -0.0103862
3 49 -0.0112533
3 50 -0.0109213
3 51 -0.0106414
3 52 -0.0101187
3 53 -0.0108254
3 54 -0.0123897
3 55 -0.0146325
3 56 -0.0165588
3 57 -0.0177807
3 58 -0.0183602
3 59 -0.0184908
3 60 -0.0184861
3 61 -0.018014
3 62 -0.0169661
3 63 -0.0151579
3 64 -0.0131646
3 65 -0.011754
3 66 -0.0113921
3 67 -0.0121229
3 68 -0.012846
3 69 -0.0134486
3 70 -0.0130993
3 71 -0.012902
3 72 -0.0114798
3 73 -0.00965137
3 74 -0.00577325
3 75 -0.00241044
3 76 0.0013848
3 77 0.00360925
3 78 0.00648783
3 79 0.00804707
3 80 0.00935014
3 81 0.00961106
3 82 0.0104445
3 83 0.0117319
3 84 0.0124899
3 85 0.013718
3 86 0.0142479
3 87 0.0151385
3 88 0.0135666
3 89 0.0115783
3 90 0.00809361
3 91 0.00355148
3 92 -0.00165812
3 93 -0.00698773
3 94 -0.0105823
3 95 -0.0142552
3 96 -0.0151774
3 97 -0.0144707
3 98 -0.0121921
3 99 -0.0080895
3 100 -0.00357142
3 101 0.00182222
3 102 0.00580116
3 103 0.00960107
3 104 0.0117387
3 105 0.0113973
3 106 0.0109206
3 107 0.00791267
3 108 0.00394815
3 109 5.99065e-05
3 110 -0.0046985
3 111 -0.00825063
3 112 -0.0110792
3 113 -0.012384
3 114 -0.0112226
3 115 -0.00870481
3 116 -0.00425583
3 117 0.000892934
3 118 0.00548151
3 119 0

4 0 0
4 1 0.00394388
4 2 -0.000981326
4 3 -0.00500842
4 4 -0.00881885
4 5 -0.0102726
4 6 -0.00987844
4 7 -0.00852785
4 8 -0.00501773
4 9 -0.00158372
4 10 0.00197244
4 11 0.00574235
4 12 0.00806416
4 13 0.00981727
4 14 0.00972089
4 15 0.00840726
4 16 0.00579975
4 17 0.00137471
4 18 -0.00250875
4 19 -0.00752839
4 20 -0.0114009
4 21 -0.0134124
4 22 -0.0148044
4 23 -0.0130874
4 24 -0.0102296
4 25 -0.0054079
4 26 -7.63559e-05
4 27 0.00560301
4 28 0.0114074
4 29 0.0146486
4 30 0.0176236
4 31 0.0180761
4 32 0.0173944
4 33 0.0149604
4 34 0.0122406
4 35 0.00980021
4 36 0.00639583
4 37 0.00431837
4 38 0.00185433
4 39 0.000612453
4 40 -0.00227397
4 41 -0.00463734
4 42 -0.00773071
4 43 -0.0106611
4 44 -0.0142972
4 45 -0.0178581
4 46 -0.0200311
4 47 -0.0213167
4 48 -0.0210229
4 49 -0.0210244
4 50 -0.0195191
4 51 -0.0184009
4 52 -0.0161197
4 53 -0.0157224
4 54 -0.0155079
4 55 -0.0175041
4 56 -0.018693
4 57 -0.0206576
4 58 -0.0208598
4 59 -0.0216003
4 60 -0.0207093
4 61 -0.0203608
4 62 -0.0182783
4 63 -0.0169895
4 64 -0.0149411
4 65 -0.0151511
4 66 -0.0155927
4 67 -0.0180197
4 68 -0.0193038
4 69 -0.0211592
4 70 -0.0214593
4 71 -0.0223463
4 72 -0.0214915
4 73 -0.0201542
4 74 -0.0171157
4 75 -0.0144883
4 76 -0.012096
4 77 -0.0100183
4 78 -0.00809352
4 79 -0.00596223
4 80 -0.00491526
4 81 -0.00261666
4 82 -0.000340189
4 83 0.00377455
4 84 0.00692894
4 85 0.0113173
4 86 0.0150214
4 87 0.0180501
4 88 0.0193137
4 89 0.0186784
4 90 0.0172521
4 91 0.0128743
4 92 0.00848332
4 93 0.0029649
4 94 -0.00186632
4 95 -0.00655169
4 96 -0.0100633
4 97 -0.0113492
4 98 -0.0125051
4 99 -0.0109615
4 100 -0.00891437
4 101 -0.00610839
4 102 -0.00250525
4 103 0.000532899
4 104 0.0039032
4 105 0.00581752
4 106 0.00759209
4 107 0.00813053
4 108 0.0070148
4 109 0.00615446
4 110 0.00325436
4 111 3.39625e-05
4 112 -0.00289775
4 113 -0.00662575
4 114 -0.00855752
4 115 -0.00958642
4 116 -0.00925269
4 117 -0.0061435
4 118 -0.00250093
4 119 0

5 0 0
5 1 -0.00444774
5 2 -0.00820326
5 3 -0.0102274
5 4 -0.0102726
5 5 -0.00796028
5 6 -0.00500108
5 7 -0.00121673
5 8 0.00278289
5 9 0.00578113
5 10 0.00855336
5 11 0.00940857
5 12 0.0090193
5 13 0.00784362
5 14 0.00452581
5 15 0.00136526
5 16 -0.0027775
5 17 -0.00709041
5 18 -0.00991788
5 19 -0.0130188
5 20 -0.0140967
5 21 -0.0136905
5 22 -0.0117572
5 23 -0.00801537
5 24 -0.00327566
5 25 0.00314678
5 26 0.00877645
5 27 0.0147697
5 28 0.0196908
5 29 0.0224693
5 30 0.0235109
5 31 0.0221126
5 32 0.0193448
5 33 0.0140479
5 34 0.00876811
5 35 0.00317873
5 36 -0.00196699
5 37 -0.00659437
5 38 -0.0101222
5 39 -0.0123202
5 40 -0.0148044
5 41 -0.0167913
5 42 -0.0191697
5 43 -0.0207935
5 44 -0.0233717
5 45 -0.0254682
5 46 -0.0273233
5 47 -0.0273374
5 48 -0.0266068
5 49 -0.0249357
5 50 -0.0229677
5 51 -0.0202406
5 52 -0.0173165
5 53 -0.0149727
5 54 -0.0139786
5 55 -0.014594
5 56 -0.0159941
5 57 -0.0176402
5 58 -0.0185606
5 59 -0.0188982
5 60 -0.0181726
5 61 -0.0168864
5 62 -0.0148637
5 63 -0.0131565
5 64 -0.012214
5 65 -0.0130047
5 66 -0.0151199
5 67 -0.018001
5 68 -0.02066
5 69 -0.0228103
5 70 -0.0246454
5 71 -0.0258451
5 72 -0.026295
5 73 -0.0252299
5 74 -0.0239375
5 75 -0.0224449
5 76 -0.0219423
5 77 -0.0208259
5 78 -0.0201533
5 79 -0.018873
5 80 -0.0179321
5 81 -0.0152168
5 82 -0.0114226
5 83 -0.0063377
5 84 -0.000744422
5 85 0.00548162
5 86 0.0119364
5 87 0.0166532
5 88 0.0203872
5 89 0.0219286
5 90 0.0222132
5 91 0.0198088
5 92 0.0166399
5 93 0.0126312
5 94 0.0075572
5 95 0.00288832
5 96 -0.00190145
5 97 -0.00552482
5 98 -0.0092434
5 99 -0.0112265
5 100 -0.012179
5 101 -0.0127222
5 102 -0.0109533
5 103 -0.00885725
5 104 -0.00532191
5 105 -0.00119551
5 106 0.00271408
5 107 0.00681108
5 108 0.00925874
5 109 0.0107953
5 110 0.0103098
5 111 0.00806074
5 112 0.00508153
5 113 0.000154049
5 114 -0.00437974
5 115 -0.00843726
5 116 -0.0118094
5 117 -0.0118423
5 118 -0.0100809
5 119 0

6 0 0
6 1 -0.0114537
6 2 -0.0129973
6 3 -0.0129167
6 4 -0.00987844
6 5 -0.00500108
6 6 -3.59159e-05
6 7 0.00574783
6 8 0.0101016
6 9 0.0123978
6 10 0.0133595
6 11 0.0113614
6 12 0.00826488
6 13 0.00384439
6 14 -0.00200186
6 15 -0.00624341
6 16 -0.0106647
6 17 -0.0140534
6 18 -0.0150858
6 19 -0.0153044
6 20 -0.0134946
6 21 -0.010622
6 22 -0.00614646
6 23 -0.000898123
6 24 0.00456391
6 25 0.0111125
6 26 0.0161303
6 27 0.0207594
6 28 0.0240764
6 29 0.0252228
6 30 0.0242726
6 31 0.020838
6 32 0.0162545
6 33 0.00923923
6 34 0.00198569
6 35 -0.00506776
6 36 -0.0112976
6 37 -0.0164914
6 38 -0.0204076
6 39 -0.0221126
6 40 -0.0234114
6 41 -0.0239406
6 42 -0.0247113
6 43 -0.0247213
6 44 -0.0253031
6 45 -0.0260207
6 46 -0.026663
6 47 -0.0261786
6 48 -0.0244752
6 49 -0.022187
6 50 -0.0192649
6 51 -0.0161234
6 52 -0.012311
6 53 -0.00923547
6 54 -0.00709566
6 55 -0.0071551
6 56 -0.00820937
6 57 -0.0102142
6 58 -0.0113592
6 59 -0.01194
6 60 -0.0108642
6 61 -0.00923111
6 62 -0.00674112
6 63 -0.00522736
6 64 -0.0047144
6 65 -0.00645923
6 66 -0.0091484
6 67 -0.0126874
6 68 -0.0155658
6 69 -0.0184165
6 70 -0.0206429
6 71 -0.0225732
6 72 -0.0232912
6 73 -0.0232651
6 74 -0.0231682
6 75 -0.0236415
6 76 -0.0246937
6 77 -0.0253757
6 78 -0.0263195
6 79 -0.0266925
6 80 -0.026699
6 81 -0.024339
6 82 -0.0207411
6 83 -0.015501
6 84 -0.00940266
6 85 -0.00212219
6 86 0.00516106
6 87 0.011061
6 88 0.0163794
6 89 0.0198563
6 90 0.0220733
6 91 0.0219761
6 92 0.0212683
6 93 0.0192678
6 94 0.0156147
6 95 0.0118922
6 96 0.00697279
6 97 0.00202047
6 98 -0.00353553
6 99 -0.00836912
6 100 -0.0126089
6 101 -0.0162714
6 102 -0.0168322
6 103 -0.0164487
6 104 -0.0138134
6 105 -0.00860554
6 106 -0.00293668
6 107 0.00371981
6 108 0.00933651
6 109 0.0136449
6 110 0.0159525
6 111 0.0148481
6 112 0.0118265
6 113 0.00642172
6 114 -0.000300491
6 115 -0.00637732
6 116 -0.0118271
6 117 -0.01506
6 118 -0.0153137
6 119 0

7 0 0
7 1 -0.0167047
7 2 -0.0169049
7 3 -0.0144043
7 4 -0.00852785
7 5 -0.00121673
7 6 0.00574783
7 7 0.0123694
7 8 0.0158904
7 9 0.0167456
7 10 0.0153053
7 11 0.0102454
7 12 0.0046806
7 13 -0.00163153
7 14 -0.00835191
7 15 -0.0127892
7 16 -0.0161216
7 17 -0.0170789
7 18 -0.0160256
7 19 -0.0133781
7 20 -0.00904525
7 21 -0.00471572
7 22 0.00113163
7 23 0.0061317
7 24 0.0108499
7 25 0.0158536
7 26 0.0188912
7 27 0.0215757
7 28 0.0223439
7 29 0.0222063
7 30 0.0195784
7 31 0.0151361
7 32 0.00996015
7 33 0.00251548
7 34 -0.00468543
7 35 -0.0122587
7 36 -0.0177411
7 37 -0.0227677
7 38 -0.0257032
7 39 -0.0266079
7 40 -0.026194
7 41 -0.0248531
7 42 -0.024017
7 43 -0.0220637
7 44 -0.0212222
7 45 -0.0200362
7 46 -0.0202208
7 47 -0.018872
7 48 -0.0173663
7 49 -0.0142811
7 50 -0.0115216
7 51 -0.00783855
7 52 -0.0042725
7 53 -0.000501174
7 54 0.00188219
7 55 0.00258092
7 56 0.00140368
7 57 -0.000624193
7 58 -0.00235179
7 59 -0.00291279
7 60 -0.00186002
7 61 0.000333003
7 62 0.00288328
7 63 0.0045011
7 64 0.00435163
7 65 0.00237306
7 66 -0.000845896
7 67 -0.00407415
7 68 -0.00725734
7 69 -0.00980209
7 70 -0.0125361
7 71 -0.0140296
7 72 -0.0153127
7 73 -0.0154103
7 74 -0.0169762
7 75 -0.0184756
7 76 -0.021394
7 77 -0.0232992
7 78 -0.0262377
7 79 -0.0280798
7 80 -0.02927
7 81 -0.0279455
7 82 -0.025122
7 83 -0.0211181
7 84 -0.0152194
7 85 -0.00893237
7 86 -0.00189855
7 87 0.00339904
7 88 0.00922034
7 89 0.0133655
7 90 0.0166144
7 91 0.0187756
7 92 0.020076
7 93 0.0207856
7 94 0.0191685
7 95 0.0176894
7 96 0.0140391
7 97 0.00920892
7 98 0.00355754
7 99 -0.00309171
7 100 -0.00921781
7 101 -0.0152453
7 102 -0.0185566
7 103 -0.0201952
7 104 -0.0191118
7 105 -0.0143277
7 106 -0.00874503
7 107 -0.0010006
7 108 0.0069788
7 109 0.0131897
7 110 0.0178975
7 111 0.0190435
7 112 0.0171448
7 113 0.0122809
7 114 0.00466478
7 115 -0.00341549
7 116 -0.0111579
7 117 -0.0168141
7 118 -0.0188648
7 119 0

8 0 0
8 1 -0.019347
8 2 -0.0176359
8 3 -0.0128084
8 4 -0.00501773
8 5 0.00278289
8 6 0.0101016
8 7 0.0158904
8 8 0.0177795
8 9 0.017507
8 10 0.0141478
8 11 0.00777633
8 12 0.000790464
8 13 -0.00685586
8 14 -0.0128613
8 15 -0.0171588
8 16 -0.0187616
8 17 -0.0169042
8 18 -0.0139581
8 19 -0.00805309
8 20 -0.00216994
8 21 0.003295
8 22 0.00923567
8 23 0.0125539
8 24 0.0157319
8 25 0.0170326
8 26 0.0176465
8 27 0.0170745
8 28 0.0150405
8 29 0.0136039
8 30 0.00943885
8 31 0.00558487
8 32 0.000176594
8 33 -0.0053102
8 34 -0.0114272
8 35 -0.0173303
8 36 -0.0209166
8 37 -0.0244139
8 38 -0.0249703
8 39 -0.024913
8 40 -0.0216963
8 41 -0.0190947
8 42 -0.0156108
8 43 -0.0128006
8 44 -0.00996915
8 45 -0.008036
8 46 -0.0073939
8 47 -0.00623912
8 48 -0.00518754
8 49 -0.00232525
8 50 -0.000284976
8 51 0.00328113
8 52 0.00578038
8 53 0.00976216
8 54 0.0114617
8 55 0.0129232
8 56 0.0109836
8 57 0.00939003
8 58 0.00651351
8 59 0.00648688
8 60 0.00683594
8 61 0.0100358
8 62 0.0119773
8 63 0.0142718
8 64 0.0131974
8 65 0.0119114
8 66 0.00834858
8 67 0.00633471
8 68 0.00318106
8 69 0.00168532
8 70 -0.000847831
8 71 -0.0013488
8 72 -0.00237322
8 73 -0.00256458
8 74 -0.00470565
8 75 -0.00734787
8 76 -0.0108316
8 77 -0.0145861
8 78 -0.0183841
8 79 -0.0225129
8 80 -0.0242108
8 81 -0.0252765
8 82 -0.0236065
8 83 -0.0221853
8 84 -0.0178777
8 85 -0.0139668
8 86 -0.00936463
8 87 -0.00538529
8 88 -0.00132248
8 89 0.00308616
8 90 0.00596732
8 91 0.0104077
8 92 0.0134951
8 93 0.0169885
8 94 0.0187862
8 95 0.0198081
8 96 0.0193045
8 97 0.0154897
8 98 0.0112815
8 99 0.0040511
8 100 -0.00343225
8 101 -0.010643
8 102 -0.0170246
8 103 -0.0202361
8 104 -0.0212004
8 105 -0.0179834
8 106 -0.0126186
8 107 -0.00514475
8 108 0.00391358
8 109 0.0107024
8 110 0.0165965
8 111 0.0195264
8 112 0.018259
8 113 0.0148941
8 114 0.00816658
8 115 3.74592e-05
8 116 -0.00767011
8 117 -0.0148663
8 118 -0.0189481
8 119 0

9 0 0
9 1 -0.0184176
9 2 -0.0151254
9 3 -0.00932558
9 4 -0.00158372
9 5 0.00578113
9 6 0.0123978
9 7 0.0167456
9 8 0.017507
9 9 0.0155599
9 10 0.0101422
9 11 0.00305873
9 12 -0.00434888
9 13 -0.0115107
9 14 -0.0159142
9 15 -0.0181176
9 16 -0.0168549
9 17 -0.0126952
9 18 -0.00750551
9 19 -0.000162448
9 20 0.00624579
9 21 0.0114145
9 22 0.0152564
9 23 0.0166414
9 24 0.0164671
9 25 0.0142749
9 26 0.0118635
9 27 0.0081748
9 28 0.00439241
9 29 0.00127495
9 30 -0.00235644
9 31 -0.005639
9 32 -0.0092803
9 33 -0.0122005
9 34 -0.0158358
9 35 -0.0186678
9 36 -0.0202849
9 37 -0.0206214
9 38 -0.0195753
9 39 -0.0171991
9 40 -0.0127032
9 41 -0.00808068
9 42 -0.00326122
9 43 0.00053945
9 44 0.00431306
9 45 0.00649245
9 46 0.00765211
9 47 0.0076997
9 48 0.00832689
9 49 0.00946017
9 50 0.0111675
9 51 0.0129886
9 52 0.0151078
9 53 0.0174796
9 54 0.0193241
9 55 0.019886
9 56 0.0184655
9 57 0.0159831
9 58 0.013431
9 59 0.0125572
9 60 0.0134902
9 61 0.0161234
9 62 0.0186879
9 63 0.0202569
9 64 0.0198423
9 65 0.0182555
9 66 0.0161318
9 67 0.0144109
9 68 0.0129596
9 69 0.0117999
9 70 0.011152
9 71 0.0111903
9 72 0.0116956
9 73 0.0112283
9 74 0.00956585
9 75 0.00634885
9 76 0.0028679
9 77 -0.00175637
9 78 -0.00645418
9 79 -0.0113603
9 80 -0.014388
9 81 -0.0166211
9 82 -0.0175919
9 83 -0.0179121
9 84 -0.0169246
9 85 -0.0156367
9 86 -0.0147179
9 87 -0.0131546
9 88 -0.0114119
9 89 -0.0087251
9 90 -0.00598432
9 91 -0.0013295
9 92 0.00364437
9 93 0.00878234
9 94 0.0138697
9 95 0.0177284
9 96 0.0199846
9 97 0.0191684
9 98 0.0167619
9 99 0.0111635
9 100 0.00393167
9 101 -0.00322448
9 102 -0.0106353
9 103 -0.0157774
9 104 -0.0186991
9 105 -0.0181724
9 106 -0.0146518
9 107 -0.00899966
9 108 -0.00121833
9 109 0.00593453
9 110 0.0124996
9 111 0.0165582
9 112 0.0168646
9 113 0.0151566
9 114 0.00990389
9 115 0.00306924
9 116 -0.00372992
9 117 -0.011122
9 118 -0.0158053
9 119 0

10 0 0
10 1 -0.0153909
10 2 -0.0114028
10 3 -0.00522424
10 4 0.00197244
10 5 0.00855336
10 6 0.0133595
10 7 0.0153053
10 8 0.0141478
10 9 0.0101422
10 10 0.00386129
10 11 -0.00292484
10 12 -0.00957963
10 13 -0.0143374
10 14 -0.0159511
10 15 -0.0155075
10 16 -0.0116188
10 17 -0.00535622
10 18 0.00134589
10 19 0.00861677
10 20 0.0143624
10 21 0.0179491
10 22 0.0189431
10 23 0.0174052
10 24 0.0136644
10 25 0.00805837
10 26 0.00265834
10 27 -0.00312032
10 28 -0.00817236
10 29 -0.0116387
10 30 -0.0140422
10 31 -0.0154438
10 32 -0.0163674
10 33 -0.0161416
10 34 -0.0162111
10 35 -0.015988
10 36 -0.014945
10 37 -0.0129115
10 38 -0.01003
10 39 -0.00640953
10 40 -0.00118334
10 41 0.00431351
10 42 0.00961337
10 43 0.013726
10 44 0.0172837
10 45 0.0194322
10 46 0.0200541
10 47 0.0192955
10 48 0.0184106
10 49 0.0181619
10 50 0.0184144
10 51 0.0190383
10 52 0.0197966
10 53 0.0210718
10 54 0.0220755
10 55 0.022325
10 56 0.0207933
10 57 0.0182961
10 58 0.0156245
10 59 0.0146316
10 60 0.0154216
10 61 0.0179058
10 62 0.0202339
10 63 0.0216456
10 64 0.0213116
10 65 0.0203117
10 66 0.0190899
10 67 0.0185182
10 68 0.0181372
10 69 0.0183066
10 70 0.0190255
10 71 0.020594
10 72 0.0220546
10 73 0.0223495
10 74 0.0210788
10 75 0.0185563
10 76 0.0153579
10 77 0.0109899
10 78 0.00621298
10 79 0.00150113
10 80 -0.00188864
10 81 -0.00501062
10 82 -0.00758689
10 83 -0.00985234
10 84 -0.0115424
10 85 -0.0136277
10 86 -0.0161199
10 87 -0.0178336
10 88 -0.0189963
10 89 -0.0188905
10 90 -0.0174344
10 91 -0.0134005
10 92 -0.00811531
10 93 -0.00183234
10 94 0.00540319
10 95 0.0118163
10 96 0.0168131
10 97 0.0193141
10 98 0.0195748
10 99 0.0166309
10 100 0.0114966
10 101 0.00545503
10 102 -0.00187356
10 103 -0.00789288
10 104 -0.012213
10 105 -0.0146907
10 106 -0.0142302
10 107 -0.0112871
10 108 -0.00632614
10 109 -0.000645328
10 110 0.00529297
10 111 0.0102107
10 112 0.0127564
10 113 0.0132143
10 114 0.0106991
10 115 0.00596611
10 116 0.000191327
10 117 -0.00610898
10 118 -0.0109424
10 119 0

11 0 0
11 1 -0.00960398
11 2 -0.00492162
11 3 0.000931069
11 4 0.00574235
11 5 0.00940857
11 6 0.0113614
11 7 0.0102454
11 8 0.00777633
11 9 0.00305873
11 10 -0.00292484
11 11 -0.00747307
11 12 -0.0124217
11 13 -0.0146854
11 14 -0.0134397
11 15 -0.0109012
11 16 -0.00468079
11 17 0.00239581
11 18 0.0096933
11 19 0.0164786
11 20 0.0203713
11 21 0.022459
11 22 0.0200454
11 23 0.0157259
11 24 0.00899091
11 25 0.000140049
11 26 -0.00706138
11 27 -0.0147691
11 28 -0.0196943
11 29 -0.0231233
11 30 -0.0236786
11 31 -0.0223905
11 32 -0.0206675
11 33 -0.0165091
11 34 -0.013671
11 35 -0.00970197
11 36 -0.00691716
11 37 -0.00262905
11 38 0.00120424
11 39 0.00532864
11 40 0.0105216
11 41 0.0154294
11 42 0.020856
11 43 0.0237851
11 44 0.0271592
11 45 0.0278027
11 46 0.0283071
11 47 0.0257405
11 48 0.0239488
11 49 0.0214422
11 50 0.0206857
11 51 0.0195165
11 52 0.0193365
11 53 0.0190955
11 54 0.019451
11 55 0.019134
11 56 0.0177774
11 57 0.0154
11 58 0.0129539
11 59 0.0119014
11 60 0.012519
11 61 0.0145823
11 62 0.0165122
11 63 0.0175803
11 64 0.0174839
11 65 0.016987
11 66 0.0169116
11 67 0.0171617
11 68 0.0181971
11 69 0.0193034
11 70 0.0219635
11 71 0.0244367
11 72 0.0275502
11 73 0.0280618
11 74 0.0284286
11 75 0.0263193
11 76 0.0248406
11 77 0.0207237
11 78 0.0175241
11 79 0.0133671
11 80 0.0108207
11 81 0.00737566
11 82 0.0039631
11 83 0.000607745
11 84 -0.00380257
11 85 -0.00827344
11 86 -0.0145622
11 87 -0.0187702
11 88 -0.0236476
11 89 -0.0259008
11 90 -0.026457
11 91 -0.0239148
11 92 -0.0188827
11 93 -0.0128193
11 94 -0.00377451
11 95 0.00376978
11 96 0.0114489
11 97 0.0168562
11 98 0.0197051
11 99 0.0201856
11 100 0.0171677
11 101 0.0134456
11 102 0.00692629
11 103 0.000871403
11 104 -0.00425289
11 105 -0.00943737
11 106 -0.0110231
11 107 -0.011326
11 108 -0.00979199
11 109 -0.00610245
11 110 -0.00236252
11 111 0.00216673
11 112 0.00560521
11 113 0.00771191
11 114 0.00879362
11 115 0.00750543
11 116 0.00494771
11 117 0.00122561
11 118 -0.00358933
11 119 0

12 0 0
12 1 -0.00252581
12 2 0.00155275
12 3 0.0058908
12 4 0.00806416
12 5 0.0090193
12 6 0.00826488
12 7 0.0046806
12 8 0.000790464
12 9 -0.00434888
12 10 -0.00957963
12 11 -0.0124217
12 12 -0.0140718
12 13 -0.012796
12 14 -0.00898187
12 15 -0.00345023
12 16 0.00381648
12 17 0.0106565
12 18 0.0171684
12 19 0.021249
12 20 0.0230657
12 21 0.022135
12 22 0.0170501
12 23 0.0107285
12 24 0.00181073
12 25 -0.00753475
12 26 -0.0160272
12 27 -0.0230236
12 28 -0.027181
12 29 -0.0294777
12 30 -0.0275558
12 31 -0.0244001
12 32 -0.0192714
12 33 -0.013301
12 34 -0.00729192
12 35 -0.00169022
12 36 0.0023941
12 37 0.00726788
12 38 0.0106631
12 39 0.0146354
12 40 0.0177474
12 41 0.0220579
12 42 0.0253633
12 43 0.027899
12 44 0.0292151
12 45 0.0294106
12 46 0.0285091
12 47 0.0254412
12 48 0.0222025
12 49 0.0184555
12 50 0.0164908
12 51 0.014169
12 52 0.0132986
12 53 0.011827
12 54 0.0119464
12 55 0.0109789
12 56 0.0104819
12 57 0.00811985
12 58 0.00677584
12 59 0.00527501
12 60 0.00626084
12 61 0.00709952
12 62 0.00895436
12 63 0.00897196
12 64 0.00947186
12 65 0.0089268
12 66 0.0100287
12 67 0.0105767
12 68 0.0127185
12 69 0.0145408
12 70 0.0184205
12 71 0.0217959
12 72 0.0254431
12 73 0.0268632
12 74 0.027794
12 75 0.0274465
12 76 0.0265832
12 77 0.0246756
12 78 0.0224035
12 79 0.0209494
12 80 0.0189713
12 81 0.0171393
12 82 0.0136034
12 83 0.0104693
12 84 0.00489042
12 85 -0.00134717
12 86 -0.0090319
12 87 -0.0159575
12 88 -0.0224325
12 89 -0.0276454
12 90 -0.0294172
12 91 -0.0292731
12 92 -0.0256877
12 93 -0.0204772
12 94 -0.0124739
12 95 -0.00442898
12 96 0.00334376
12 97 0.0109506
12 98 0.015721
12 99 0.0191283
12 100 0.0197812
12 101 0.0186166
12 102 0.0152784
12 103 0.0102776
12 104 0.00507505
12 105 -0.00122154
12 106 -0.00592403
12 107 -0.00989987
12 108 -0.0124425
12 109 -0.0116551
12 110 -0.0100772
12 111 -0.0065792
12 112 -0.00180627
12 113 0.00222908
12 114 0.00610235
12 115 0.00815837
12 116 0.00823251
12 117 0.00694901
12 118 0.00376318
12 119 0

13 0 0
13 1 0.00418419
13 2 0.0076217
13 3 0.00986367
13 4 0.00981727
13 5 0.00784362
13 6 0.00384439
13 7 -0.00163153
13 8 -0.00685586
13 9 -0.0115107
13 10 -0.0143374
13 11 -0.0146854
13 12 -0.012796
13 13 -0.00854224
13 14 -0.00266474
13 15 0.00428306
13 16 0.0107088
13 17 0.0164903
13 18 0.0209868
13 19 0.0222852
13 20 0.0216609
13 21 0.0181259
13 22 0.0118083
13 23 0.00404195
13 24 -0.00501463
13 25 -0.013845
13 26 -0.0219186
13 27 -0.0270776
13 28 -0.0299391
13 29 -0.0299714
13 30 -0.0264195
13 31 -0.0209691
13 32 -0.0138402
13 33 -0.00659265
13 34 0.00110066
13 35 0.00699945
13 36 0.0115155
13 37 0.0149831
13 38 0.0175061
13 39 0.0193108
13 40 0.0203486
13 41 0.0222175
13 42 0.0235209
13 43 0.024609
13 44 0.0241988
13 45 0.0236328
13 46 0.0215941
13 47 0.0185726
13 48 0.0142068
13 49 0.0102382
13 50 0.0069876
13 51 0.00469063
13 52 0.00284525
13 53 0.00146315
13 54 0.000784493
13 55 0.000414464
13 56 8.40041e-05
13 57 -0.000899346
13 58 -0.00185074
13 59 -0.00258421
13 60 -0.00230017
13 61 -0.00181528
13 62 -0.00127838
13 63 -0.00144322
13 64 -0.00152
13 65 -0.00136099
13 66 -0.000405822
13 67 0.000930541
13 68 0.00287567
13 69 0.00570624
13 70 0.00949468
13 71 0.013657
13 72 0.0168029
13 73 0.0190219
13 74 0.0201606
13 75 0.0213047
13 76 0.0213402
13 77 0.0214275
13 78 0.0212188
13 79 0.0221675
13 80 0.0223496
13 81 0.0220901
13 82 0.0204889
13 83 0.0179046
13 84 0.0131174
13 85 0.00622447
13 86 -0.00130938
13 87 -0.00948189
13 88 -0.0169787
13 89 -0.0236312
13 90 -0.0271837
13 91 -0.0288206
13 92 -0.0278276
13 93 -0.0240714
13 94 -0.0184566
13 95 -0.0115507
13 96 -0.00447339
13 97 0.0032357
13 98 0.00943774
13 99 0.0147555
13 100 0.0187805
13 101 0.0201696
13 102 0.0199086
13 103 0.0174621
13 104 0.0130767
13 105 0.00691311
13 106 0.00031878
13 107 -0.00609098
13 108 -0.0119923
13 109 -0.0151605
13 110 -0.0160852
13 111 -0.0143239
13 112 -0.00955259
13 113 -0.00389272
13 114 0.00237142
13 115 0.00780113
13 116 0.0109521
13 117 0.0121027
13 118 0.0105112
13 119 0

14 0 0
14 1 0.0109734
14 2 0.0136322
14 3 0.0132895
14 4 0.00972089
14 5 0.00452581
14 6 -0.00200186
14 7 -0.00835191
14 8 -0.0128613
14 9 -0.0159142
14 10 -0.0159511
14 11 -0.0134397
14 12 -0.00898187
14 13 -0.00266474
14 14 0.00350234
14 15 0.0103013
14 16 0.0155788
14 17 0.018681
14 18 0.0208498
14 19 0.0192635
14 20 0.0162829
14 21 0.0114577
14 22 0.00431183
14 23 -0.00280327
14 24 -0.0108603
14 25 -0.0175363
14 26 -0.0234479
14 27 -0.0265296
14 28 -0.0266917
14 29 -0.0251829
14 30 -0.0197823
14 31 -0.0133733
14 32 -0.00528637
14 33 0.00215173
14 34 0.00944342
14 35 0.0150679
14 36 0.0178875
14 37 0.0198237
14 38 0.0196185
14 39 0.019334
14 40 0.0172929
14 41 0.01665
14 42 0.0156724
14 43 0.0151575
14 44 0.0136935
14 45 0.0120931
14 46 0.0101317
14 47 0.00689271
14 48 0.00314304
14 49 -0.00134485
14 50 -0.00421963
14 51 -0.00702764
14 52 -0.00829094
14 53 -0.010133
14 54 -0.0102426
14 55 -0.0107016
14 56 -0.0097
14 57 -0.00994759
14 58 -0.00939459
14 59 -0.0100822
14 60 -0.00965896
14 61 -0.0104865
14 62 -0.0105357
14 63 -0.0118671
14 64 -0.0117676
14 65 -0.0120804
14 66 -0.0106666
14 67 -0.00993419
14 68 -0.00759171
14 69 -0.00533221
14 70 -0.00126394
14 71 0.00186957
14 72 0.00487583
14 73 0.00637737
14 74 0.00811774
14 75 0.00950328
14 76 0.0107171
14 77 0.012247
14 78 0.0142534
14 79 0.0176562
14 80 0.0198907
14 81 0.022236
14 82 0.0224923
14 83 0.0222078
14 84 0.0184109
14 85 0.0132602
14 86 0.00655512
14 87 -0.000828131
14 88 -0.00817523
14 89 -0.0151763
14 90 -0.0193993
14 91 -0.0232056
14 92 -0.0240352
14 93 -0.0232362
14 94 -0.0204217
14 95 -0.01628
14 96 -0.0113531
14 97 -0.00459145
14 98 0.00113244
14 99 0.00796727
14 100 0.0138724
14 101 0.0179576
14 102 0.0210077
14 103 0.0207662
14 104 0.018486
14 105 0.0133146
14 106 0.00646495
14 107 -0.00113232
14 108 -0.00935883
14 109 -0.014918
14 110 -0.0185573
14 111 -0.0191508
14 112 -0.0155974
14 113 -0.0102318
14 114 -0.00247395
14 115 0.00563579
14 116 0.0119093
14 117 0.0162297
14 118 0.0164493
14 119 0

15 0 0
15 1 0.0152337
15 2 0.0159895
15 3 0.0137139
15 4 0.00840726
15 5 0.00136526
15 6 -0.00624341
15 7 -0.0127892
15 8 -0.0171588
15 9 -0.0181176
15 10 -0.0155075
15 11 -0.0109012
15 12 -0.00345023
15 13 0.00428306
15 14 0.0103013
15 15 0.0159158
15 16 0.0181192
15 17 0.0180953
15 18 0.0162742
15 19 0.0117198
15 20 0.0070447
15 21 0.00109097
15 22 -0.00443092
15 23 -0.00992202
15 24 -0.0146641
15 25 -0.0175605
15 26 -0.0204216
15 27 -0.0199189
15 28 -0.0183044
15 29 -0.0145658
15 30 -0.00909178
15 31 -0.00262217
15 32 0.00489663
15 33 0.0105805
15 34 0.0166788
15 35 0.0196472
15 36 0.0209977
15 37 0.0195361
15 38 0.0171658
15 39 0.0138013
15 40 0.00935271
15 41 0.00622422
15 42 0.0031782
15 43 0.00195916
15 44 -0.000570359
15 45 -0.00160245
15 46 -0.00384829
15 47 -0.00533466
15 48 -0.00885845
15 49 -0.0117443
15 50 -0.0148709
15 51 -0.0163955
15 52 -0.0178328
15 53 -0.0185278
15 54 -0.0188366
15 55 -0.0181008
15 56 -0.0166163
15 57 -0.0150366
15 58 -0.0137679
15 59 -0.0134361
15 60 -0.013744
15 61 -0.0150408
15 62 -0.0166067
15 63 -0.0182332
15 64 -0.0190248
15 65 -0.0190288
15 66 -0.0185123
15 67 -0.0175986
15 68 -0.016412
15 69 -0.0140212
15 70 -0.0116369
15 71 -0.00899522
15 72 -0.00812276
15 73 -0.00674357
15 74 -0.00631134
15 75 -0.00436617
15 76 -0.00352638
15 77 -0.000446234
15 78 0.00278127
15 79 0.0081851
15 80 0.012359
15 81 0.0167071
15 82 0.0197718
15 83 0.0211418
15 84 0.0203656
15 85 0.0169861
15 86 0.0135035
15 87 0.00763706
15 88 0.00247894
15 89 -0.00336994
15 90 -0.00762036
15 91 -0.0119205
15 92 -0.0152099
15 93 -0.0165651
15 94 -0.0181202
15 95 -0.0174267
15 96 -0.0161563
15 97 -0.0126156
15 98 -0.00812871
15 99 -0.00219199
15 100 0.00523315
15 101 0.0113405
15 102 0.0176871
15 103 0.0210239
15 104 0.0214023
15 105 0.0192254
15 106 0.0127255
15 107 0.00450739
15 108 -0.00464406
15 109 -0.0130444
15 110 -0.0190747
15 111 -0.0215409
15 112 -0.0192923
15 113 -0.0139702
15 114 -0.00573513
15 115 0.0034346
15 116 0.0110673
15 117 0.0169278
15 118 0.0188847
15 119 0

16 0 0
16 1 0.0176511
16 2 0.0169892
16 3 0.0126641
16 4 0.00579975
16 5 -0.0027775
16 6 -0.0106647
16 7 -0.0161216
16 8 -0.0187616
16 9 -0.0168549
16 10 -0.0116188
16 11 -0.00468079
16 12 0.00381648
16 13 0.0107088
16 14 0.0155788
16 15 0.0181192
16 16 0.0168533
16 17 0.0135156
16 18 0.00828669
16 19 0.00241572
16 20 -0.00365116
16 21 -0.00892707
16 22 -0.0122037
16 23 -0.0151342
16 24 -0.0156281
16 25 -0.0151417
16 26 -0.0138238
16 27 -0.0108382
16 28 -0.00722314
16 29 -0.00218602
16 30 0.00244764
16 31 0.00849863
16 32 0.01366
16 33 0.0178098
16 34 0.0208541
16 35 0.0216325
16 36 0.0205586
16 37 0.016301
16 38 0.0118315
16 39 0.00563678
16 40 -7.33679e-05
16 41 -0.00577861
16 42 -0.00931763
16 43 -0.0117575
16 44 -0.01349
16 45 -0.0145151
16 46 -0.015339
16 47 -0.0156507
16 48 -0.0174274
16 49 -0.0190437
16 50 -0.0213407
16 51 -0.0219347
16 52 -0.0229537
16 53 -0.0226644
16 54 -0.0228661
16 55 -0.0210149
16 56 -0.0190882
16 57 -0.0157047
16 58 -0.0138678
16 59 -0.0123977
16 60 -0.0135742
16 61 -0.0151407
16 62 -0.0182732
16 63 -0.020016
16 64 -0.0217329
16 65 -0.0214985
16 66 -0.0218547
16 67 -0.0210182
16 68 -0.0207791
16 69 -0.0189296
16 70 -0.018023
16 71 -0.0169687
16 72 -0.0177283
16 73 -0.0178368
16 74 -0.0181404
16 75 -0.017377
16 76 -0.0162649
16 77 -0.0134426
16 78 -0.0086475
16 79 -0.00304167
16 80 0.00315685
16 81 0.00845041
16 82 0.0140167
16 83 0.0169427
16 84 0.0187986
16 85 0.0183507
16 86 0.0175781
16 87 0.015033
16 88 0.0119006
16 89 0.00888928
16 90 0.0048683
16 91 0.000959704
16 92 -0.00384277
16 93 -0.00769798
16 94 -0.0124608
16 95 -0.0160716
16 96 -0.0179851
16 97 -0.0186297
16 98 -0.0161485
16 99 -0.0115996
16 100 -0.00466426
16 101 0.00278918
16 102 0.0107149
16 103 0.0173353
16 104 0.0203463
16 105 0.0209633
16 106 0.0172036
16 107 0.0101621
16 108 0.00172375
16 109 -0.00780577
16 110 -0.0153901
16 111 -0.0197636
16 112 -0.020351
16 113 -0.0164846
16 114 -0.00923689
16 115 -0.000115241
16 116 0.00899477
16 117 0.0159708
16 118 0.0192648
16 119 0

17 0 0
17 1 0.01801
17 2 0.0158575
17 3 0.00946045
17 4 0.00137471
17 5 -0.00709041
17 6 -0.0140534
17 7 -0.0170789
17 8 -0.0169042
17 9 -0.0126952
17 10 -0.00535622
17 11 0.00239581
17 12 0.0106565
17 13 0.0164903
17 14 0.018681
17 15 0.0180953
17 16 0.0135156
17 17 0.00686511
17 18 -0.000891819
17 19 -0.00849165
17 20 -0.014448
17 21 -0.018456
17 22 -0.0190271
17 23 -0.0179856
17 24 -0.0146759
17 25 -0.00965403
17 26 -0.00498524
17 27 0.000383639
17 28 0.00528854
17 29 0.010064
17 30 0.0136974
17 31 0.0170866
17 32 0.0199789
17 33 0.020957
17 34 0.021155
17 35 0.0193663
17 36 0.0161066
17 37 0.0102761
17 38 0.00382169
17 39 -0.00309321
17 40 -0.00999069
17 41 -0.0158323
17 42 -0.0199961
17 43 -0.0217027
17 44 -0.0227041
17 45 -0.0222921
17 46 -0.0216618
17 47 -0.0201599
17 48 -0.0199158
17 49 -0.0201125
17 50 -0.0210907
17 51 -0.0212368
17 52 -0.0212972
17 53 -0.020838
17 54 -0.0201886
17 55 -0.0182697
17 56 -0.0151621
17 57 -0.0112237
17 58 -0.00798056
17 59 -0.00652195
17 60 -0.00748494
17 61 -0.0102604
17 62 -0.0137225
17 63 -0.0164407
17 64 -0.0179604
17 65 -0.0183637
17 66 -0.0185796
17 67 -0.0185014
17 68 -0.0183707
17 69 -0.0176996
17 70 -0.0178906
17 71 -0.0188494
17 72 -0.0212019
17 73 -0.022976
17 74 -0.0247116
17 75 -0.0251834
17 76 -0.0251327
17 77 -0.0224989
17 78 -0.0182997
17 79 -0.0125403
17 80 -0.00671195
17 81 -0.000466021
17 82 0.00545064
17 83 0.00986007
17 84 0.0133429
17 85 0.0157061
17 86 0.017951
17 87 0.0184956
17 88 0.019017
17 89 0.0185741
17 90 0.0168689
17 91 0.0135374
17 92 0.00875591
17 93 0.00305155
17 94 -0.00466672
17 95 -0.0115713
17 96 -0.017729
17 97 -0.0219242
17 98 -0.022873
17 99 -0.0205171
17 100 -0.0146176
17 101 -0.00705926
17 102 0.00236687
17 103 0.0108226
17 104 0.0168738
17 105 0.0205988
17 106 0.0193524
17 107 0.0148636
17 108 0.0078656
17 109 -0.00106248
17 110 -0.00892153
17 111 -0.0150795
17 112 -0.0178399
17 113 -0.0163817
17 114 -0.0116372
17 115 -0.00394109
17 116 0.00462519
17 117 0.0120568
17 118 0.0170455
17 119 0

18 0 0
18 1 0.0150916
18 2 0.0115422
18 3 0.00481176
18 4 -0.00250875
18 5 -0.00991788
18 6 -0.0150858
18 7 -0.0160256
18 8 -0.0139581
18 9 -0.00750551
18 10 0.00134589
18 11 0.0096933
18 12 0.0171684
18 13 0.0209868
18 14 0.0208498
18 15 0.0162742
18 16 0.00828669
18 17 -0.000891819
18 18 -0.0111945
18 19 -0.0187666
18 20 -0.0240119
18 21 -0.0257984
18 22 -0.022852
18 23 -0.018388
18 24 -0.0106815
18 25 -0.00275823
18 26 0.00487137
18 27 0.0114111
18 28 0.0160702
18 29 0.0201459
18 30 0.0209914
18 31 0.0220609
18 32 0.0213339
18 33 0.019852
18 34 0.0171848
18 35 0.0134565
18 36 0.0093169
18 37 0.00248374
18 38 -0.00368917
18 39 -0.0110413
18 40 -0.0166478
18 41 -0.0224601
18 42 -0.0252859
18 43 -0.0263602
18 44 -0.0254531
18 45 -0.023584
18 46 -0.0211461
18 47 -0.0177876
18 48 -0.0158487
18 49 -0.0142546
18 50 -0.0146439
18 51 -0.0138648
18 52 -0.0141271
18 53 -0.0128688
18 54 -0.0126215
18 55 -0.00986917
18 56 -0.00700752
18 57 -0.00177528
18 58 0.00144064
18 59 0.00386989
18 60 0.0020037
18 61 -0.000656495
18 62 -0.00533311
18 63 -0.00765972
18 64 -0.00989857
18 65 -0.00966127
18 66 -0.0105195
18 67 -0.00988381
18 68 -0.0104933
18 69 -0.00994028
18 70 -0.0117525
18 71 -0.0138649
18 72 -0.0179938
18 73 -0.0210677
18 74 -0.0243637
18 75 -0.026433
18 76 -0.0273874
18 77 -0.0261725
18 78 -0.0226768
18 79 -0.0188392
18 80 -0.0134789
18 81 -0.00871134
18 82 -0.00273212
18 83 0.00102629
18 84 0.00576249
18 85 0.00964187
18 86 0.0141988
18 87 0.017872
18 88 0.0212611
18 89 0.0244904
18 90 0.0246745
18 91 0.023784
18 92 0.0193826
18 93 0.0133465
18 94 0.00417194
18 95 -0.00547017
18 96 -0.0142902
18 97 -0.0224649
18 98 -0.0261681
18 99 -0.0271031
18 100 -0.023417
18 101 -0.0163781
18 102 -0.00738205
18 103 0.0029013
18 104 0.0113473
18 105 0.0180644
18 106 0.0201982
18 107 0.0185934
18 108 0.0142524
18 109 0.00599703
18 110 -0.00191635
18 111 -0.00879837
18 112 -0.0138606
18 113 -0.0144639
18 114 -0.0120494
18 115 -0.00678495
18 116 0.000310304
18 117 0.00680378
18 118 0.0118571
18 119 0

19 0 0
19 1 0.0114025
19 2 0.00667062
19 3 -0.000484737
19 4 -0.00752839
19 5 -0.0130188
19 6 -0.0153044
19 7 -0.0133781
19 8 -0.00805309
19 9 -0.000162448
19 10 0.00861677
19 11 0.0164786
19 12 0.021249
19 13 0.0222852
19 14 0.0192635
19 15 0.0117198
19 16 0.00241572
19 17 -0.00849165
19 18 -0.0187666
19 19 -0.0253268
19 20 -0.0293484
19 21 -0.0284751
19 22 -0.0236506
19 23 -0.0158294
19 24 -0.00595592
19 25 0.00365281
19 26 0.0130031
19 27 0.0189496
19 28 0.023321
19 29 0.0249157
19 30 0.0238681
19 31 0.0218529
19 32 0.0183063
19 33 0.0150371
19 34 0.0100891
19 35 0.00629388
19 36 0.00142707
19 37 -0.00379841
19 38 -0.00954178
19 39 -0.0149316
19 40 -0.0191274
19 41 -0.0232488
19 42 -0.0245432
19 43 -0.0245427
19 44 -0.0214867
19 45 -0.0186624
19 46 -0.0140176
19 47 -0.0101243
19 48 -0.00596109
19 49 -0.00417083
19 50 -0.00316086
19 51 -0.00321897
19 52 -0.00287406
19 53 -0.00260168
19 54 -0.00181581
19 55 9.76515e-05
19 56 0.0035973
19 57 0.00841139
19 58 0.0124908
19 59 0.0144544
19 60 0.0129621
19 61 0.00939285
19 62 0.00503823
19 63 0.00211057
19 64 0.000656539
19 65 0.000503418
19 66 0.00066933
19 67 0.000970714
19 68 0.00137658
19 69 0.000913612
19 70 -0.000743932
19 71 -0.00464542
19 72 -0.00878832
19 73 -0.013695
19 74 -0.0173169
19 75 -0.0213831
19 76 -0.0228116
19 77 -0.0233682
19 78 -0.0211967
19 79 -0.0195037
19 80 -0.0161982
19 81 -0.0130269
19 82 -0.00935543
19 83 -0.00618398
19 84 -0.00263189
19 85 0.00253032
19 86 0.00743235
19 87 0.0136946
19 88 0.0191721
19 89 0.0250003
19 90 0.0277885
19 91 0.0285539
19 92 0.0262459
19 93 0.0199163
19 94 0.0113617
19 95 0.000441512
19 96 -0.00990567
19 97 -0.0198392
19 98 -0.026097
19 99 -0.0287625
19 100 -0.0281119
19 101 -0.0223507
19 102 -0.0145488
19 103 -0.00496536
19 104 0.00459136
19 105 0.0124079
19 106 0.0177858
19 107 0.0193826
19 108 0.0178861
19 109 0.012999
19 110 0.00646956
19 111 -0.000412573
19 112 -0.00710733
19 113 -0.0109372
19 114 -0.0119478
19 115 -0.0100526
19 116 -0.00521041
19 117 0.000358031
19 118 0.00565428
19 119 0

20 0 0
20 1 0.00616252
20 2 0.000434764
20 3 -0.00628348
20 4 -0.0114009
20 5 -0.0140967
20 6 -0.0134946
20 7 -0.00904525
20 8 -0.00216994
20 9 0.00624579
20 10 0.0143624
20 11 0.0203713
20 12 0.0230657
20 13 0.0216609
20 14 0.0162829
20 15 0.0070447
20 16 -0.00365116
20 17 -0.014448
20 18 -0.0240119
20 19 -0.0293484
20 20 -0.0309143
20 21 -0.0280093
20 22 -0.0205719
20 23 -0.0107278
20 24 0.000295881
20 25 0.0106349
20 26 0.0193016
20 27 0.0242933
20 28 0.0259666
20 29 0.0250546
20 30 0.0211813
20 31 0.0160951
20 32 0.0105408
20 33 0.00545311
20 34 0.000526329
20 35 -0.00329989
20 36 -0.00628013
20 37 -0.0094332
20 38 -0.0124444
20 39 -0.0150842
20 40 -0.0167321
20 41 -0.0181164
20 42 -0.0179229
20 43 -0.0158939
20 44 -0.0118903
20 45 -0.0072548
20 46 -0.00219666
20 47 0.00289109
20 48 0.00723541
20 49 0.00986879
20 50 0.0104974
20 51 0.0101906
20 52 0.00953516
20 53 0.0092706
20 54 0.009319
20 55 0.0107991
20 56 0.0138266
20 57 0.018422
20 58 0.0223908
20 59 0.0242556
20 60 0.0226377
20 61 0.0189353
20 62 0.014633
20 63 0.0119548
20 64 0.0108678
20 65 0.0112971
20 66 0.0120792
20 67 0.013348
20 68 0.0142698
20 69 0.0143339
20 70 0.0123114
20 71 0.00859653
20 72 0.00392568
20 73 -0.000800982
20 74 -0.00547546
20 75 -0.0097374
20 76 -0.0125278
20 77 -0.0138229
20 78 -0.0140666
20 79 -0.0144238
20 80 -0.0141369
20 81 -0.0137305
20 82 -0.0131049
20 83 -0.0125748
20 84 -0.0105207
20 85 -0.0068093
20 86 -0.00171023
20 87 0.00485463
20 88 0.0123414
20 89 0.0197331
20 90 0.0250563
20 91 0.0284774
20 92 0.0283165
20 93 0.0241872
20 94 0.0167702
20 95 0.00713353
20 96 -0.0036054
20 97 -0.0143194
20 98 -0.0221435
20 99 -0.0273211
20 100 -0.0288101
20 101 -0.0258569
20 102 -0.0200459
20 103 -0.0116443
20 104 -0.00224848
20 105 0.00670658
20 106 0.0137673
20 107 0.0182813
20 108 0.0198383
20 109 0.0176071
20 110 0.0132123
20 111 0.00691716
20 112 -0.000167276
20 113 -0.00576899
20 114 -0.0100999
20 115 -0.0116233
20 116 -0.0101299
20 117 -0.0068297
20 118 -0.00153206
