0 0 0
0 1 0
0 2 0
0 3 0
0 4 0
0 5 0
0 6 0
0 7 0
0 8 0
0 9 0
0 10 0
0 11 0
0 12 0
0 13 0
0 14 0
0 15 0
0 16 0
0 17 0
0 18 0
0 19 0
0 20 0
0 21 0
0 22 0
0 23 0
0 24 0
0 25 0
0 26 0
0 27 0
0 28 0
0 29 0
0 30 0
0 31 0
0 32 0
0 33 0
0 34 0
0 35 0
0 36 0
0 37 0
0 38 0
0 39 0
0 40 0
0 41 0
0 42 0
0 43 0
0 44 0
0 45 0
0 46 0
0 47 0
0 48 0
0 49 0
0 50 0
0 51 0
0 52 0
0 53 0
0 54 0
0 55 0
0 56 0
0 57 0
0 58 0
0 59 0
0 60 0
0 61 0
0 62 0
0 63 0
0 64 0
0 65 0
0 66 0
0 67 0
0 68 0
0 69 0
0 70 0
0 71 0
0 72 0
0 73 0
0 74 0
0 75 0
0 76 0
0 77 0
0 78 0
0 79 0
0 80 0
0 81 0
0 82 0
0 83 0
0 84 0
0 85 0
0 86 0
0 87 0
0 88 0
0 89 0
0 90 0
0 91 0
0 92 0
0 93 0
0 94 0
0 95 0
0 96 0
0 97 0
0 98 0
0 99 0
0 100 0
0 101 0
0 102 0
0 103 0
0 104 0
0 105 0
0 106 0
0 107 0
0 108 0
0 109 0
0 110 0
0 111 0
0 112 0
0 113 0
0 114 0
0 115 0
0 116 0
0 117 0
0 118 0
0 119 0

1 0 0
1 1 0.0197212
1 2 0.0143701
1 3 0.00776539
1 4 0.00191249
1 5 -0.00475111
1 6 -0.0125427
1 7 -0.0188338
1 8 -0.0214171
1 9 -0.0199321
1 10 -0.0148849
1 11 -0.00788263
1 12 -0.000935123
1 13 0.00534877
1 14 0.0109523
1 15 0.0153385
1 16 0.0182857
1 17 0.0195719
1 18 0.0186199
1 19 0.0155452
1 20 0.0107687
1 21 0.00466794
1 22 -0.00184463
1 23 -0.00805334
1 24 -0.0134666
1 25 -0.0174699
1 26 -0.0199526
1 27 -0.0208454
1 28 -0.0201395
1 29 -0.0181629
1 30 -0.0150347
1 31 -0.0110871
1 32 -0.00663023
1 33 -0.00184727
1 34 0.00288585
1 35 0.0074504
1 36 0.0115927
1 37 0.0151726
1 38 0.0181346
1 39 0.0203358
1 40 0.0218638
1 41 0.0226417
1 42 0.0227996
1 43 0.0223665
1 44 0.0214418
1 45 0.0201473
1 46 0.0185268
1 47 0.0167496
1 48 0.0148132
1 49 0.0128869
1 50 0.010943
1 51 0.00912042
1 52 0.00738495
1 53 0.00583366
1 54 0.0044374
1 55 0.00325419
1 56 0.0022647
1 57 0.0014975
1 58 0.000942967
1 59 0.000611658
1 60 0.000500281
1 61 0.000611658
1 62 0.000942967
1 63 0.0014975
1 64 0.0022647
1 65 0.00325419
1 66 0.0044374
1 67 0.00583366
1 68 0.00738495
1 69 0.00912042
1 70 0.010943
1 71 0.0128869
1 72 0.0148132
1 73 0.0167496
1 74 0.0185268
1 75 0.0201473
1 76 0.0214418
1 77 0.0223665
1 78 0.0227996
1 79 0.0226417
1 80 0.0218638
1 81 0.0203358
1 82 0.0181346
1 83 0.0151726
1 84 0.0115927
1 85 0.0074504
1 86 0.00288585
1 87 -0.00184727
1 88 -0.00663023
1 89 -0.0110871
1 90 -0.0150347
1 91 -0.0181629
1 92 -0.0201395
1 93 -0.0208454
1 94 -0.0199525
1 95 -0.0174694
1 96 -0.013465
1 97 -0.0080483
1 98 -0.00182989
1 99 0.00470705
1 100 0.0108622
1 101 0.0157442
1 102 0.0189919
1 103 0.0201668
1 104 0.0190592
1 105 0.0160519
1 106 0.0111341
1 107 0.00445106
1 108 -0.00313402
1 109 -0.0108455
1 110 -0.01733
1 111 -0.0205983
1 112 -0.0201109
1 113 -0.016635
1 114 -0.0106721
1 115 -0.00330517
1 116 0.00362963
1 117 0.00968686
1 118 0.0153294
1 119 0

2 0 0
2 1 0.0143701
2 2 0.010216
2 3 0.00518689
2 4 -0.00206152
2 5 -0.0101977
2 6 -0.0157695
2 7 -0.0179354
2 8 -0.0178891
2 9 -0.0153294
2 10 -0.0100453
2 11 -0.0036176
2 12 0.00309258
2 13 0.0098053
2 14 0.014982
2 15 0.0177658
2 16 0.0183967
2 17 0.0165492
2 18 0.0126762
2 19 0.00789427
2 20 0.00246196
2 21 -0.0029408
2 22 -0.00765356
2 23 -0.0117688
2 24 -0.0148041
2 25 -0.016621
2 26 -0.0173518
2 27 -0.0166541
2 28 -0.0148226
2 29 -0.0119459
2 30 -0.00812004
2 31 -0.00387689
2 32 0.000719329
2 33 0.00518896
2 34 0.00928554
2 35 0.0128862
2 36 0.0156451
2 37 0.0177021
2 38 0.0188449
2 39 0.019237
2 40 0.0189252
2 41 0.0179585
2 42 0.0165895
2 43 0.0147624
2 44 0.0127915
2 45 0.0105937
2 46 0.00841855
2 47 0.00622407
2 48 0.0041339
2 49 0.00217564
2 50 0.000346416
2 51 -0.00126155
2 52 -0.00274631
2 53 -0.00397061
2 54 -0.0050898
2 55 -0.00594133
2 56 -0.00670732
2 57 -0.00721323
2 58 -0.00764895
2 59 -0.00783415
2 60 -0.0079574
2 61 -0.00783415
2 62 -0.00764895
2 63 -0.00721323
2 64 -0.00670732
2 65 -0.00594133
2 66 -0.0050898
2 67 -0.00397061
2 68 -0.00274631
2 69 -0.00126155
2 70 0.000346416
2 71 0.00217564
2 72 0.0041339
2 73 0.00622407
2 74 0.00841855
2 75 0.0105937
2 76 0.0127915
2 77 0.0147624
2 78 0.0165895
2 79 0.0179585
2 80 0.0189252
2 81 0.019237
2 82 0.0188449
2 83 0.0177021
2 84 0.0156451
2 85 0.0128862
2 86 0.00928554
2 87 0.00518896
2 88 0.000719329
2 89 -0.00387689
2 90 -0.00812004
2 91 -0.0119459
2 92 -0.0148226
2 93 -0.016654
2 94 -0.0173515
2 95 -0.0166198
2 96 -0.0148002
2 97 -0.0117571
2 98 -0.0076221
2 99 -0.00286406
2 100 0.00262919
2 101 0.00821517
2 102 0.013206
2 103 0.0172692
2 104 0.0191181
2 105 0.0180743
2 106 0.0143471
2 107 0.00793104
2 108 0.000351484
2 109 -0.00610209
2 110 -0.0110243
2 111 -0.0144352
2 112 -0.0159795
2 113 -0.0161474
2 114 -0.014277
2 115 -0.00841244
2 116 -0.000109356
2 117 0.00612186
2 118 0.00956
2 119 0

3 0 0
3 1 0.00776539
3 2 0.00518689
3 3 0.000272724
3 4 -0.00737236
3 5 -0.0128331
3 6 -0.0139233
3 7 -0.0134085
3 8 -0.0122688
3 9 -0.00895631
3 10 -0.00392229
3 11 0.00184816
3 12 0.00829048
3 13 0.0134437
3 14 0.0154739
3 15 0.0152288
3 16 0.0130337
3 17 0.00894992
3 18 0.00446413
3 19 -0.000173297
3 20 -0.00493007
3 21 -0.00872471
3 22 -0.0117158
3 23 -0.0136988
3 24 -0.0140678
3 25 -0.0134038
3 26 -0.0114849
3 27 -0.00849911
3 28 -0.00512063
3 29 -0.00117524
3 30 0.00262855
3 31 0.0061409
3 32 0.00929726
3 33 0.011574
3 34 0.0133155
3 35 0.0141395
3 36 0.0142601
3 37 0.0137772
3 38 0.0125767
3 39 0.0111184
3 40 0.00913778
3 41 0.00710883
3 42 0.00487398
3 43 0.00266329
3 44 0.000549962
3 45 -0.00153625
3 46 -0.00332436
3 47 -0.0050956
3 48 -0.00648985
3 49 -0.00786782
3 50 -0.00888441
3 51 -0.00987551
3 52 -0.010573
3 53 -0.0112331
3 54 -0.0116831
3 55 -0.0120862
3 56 -0.0123543
3 57 -0.0125701
3 58 -0.0127051
3 59 -0.0127856
3 60 -0.0128131
3 61 -0.0127856
3 62 -0.0127051
3 63 -0.0125701
3 64 -0.0123543
3 65 -0.0120862
3 66 -0.0116831
3 67 -0.0112331
3 68 -0.010573
3 69 -0.00987551
3 70 -0.00888441
3 71 -0.00786782
3 72 -0.00648985
3 73 -0.0050956
3 74 -0.00332436
3 75 -0.00153625
3 76 0.000549962
3 77 0.00266329
3 78 0.00487398
3 79 0.00710883
3 80 0.00913778
3 81 0.0111184
3 82 0.0125767
3 83 0.0137772
3 84 0.0142601
3 85 0.0141395
3 86 0.0133155
3 87 0.011574
3 88 0.00929726
3 89 0.0061409
3 90 0.00262855
3 91 -0.00117523
3 92 -0.00512056
3 93 -0.00849886
3 94 -0.011484
3 95 -0.0134008
3 96 -0.0140586
3 97 -0.0136734
3 98 -0.0116524
3 99 -0.00858292
3 100 -0.00465007
3 101 0.000304711
3 102 0.00514222
3 103 0.00967838
3 104 0.0134378
3 105 0.0147781
3 106 0.0137985
3 107 0.0107947
3 108 0.00572995
3 109 0.000720051
3 110 -0.00307177
3 111 -0.00695958
3 112 -0.0104873
3 113 -0.0121941
3 114 -0.012463
3 115 -0.0108587
3 116 -0.00615172
3 117 -0.000362785
3 118 0.0035803
3 119 0

4 0 0
4 1 0.00191249
4 2 -0.00206152
4 3 -0.00737236
4 4 -0.0108418
4 5 -0.010541
4 6 -0.00924036
4 7 -0.00810995
4 8 -0.00506398
4 9 -0.000672471
4 10 0.0033605
4 11 0.00800686
4 12 0.0122917
4 13 0.013325
4 14 0.0119336
4 15 0.0093402
4 16 0.00490504
4 17 0.000192056
4 18 -0.00388814
4 19 -0.00818632
4 20 -0.0113777
4 21 -0.0131038
4 22 -0.0139211
4 23 -0.012694
4 24 -0.0101104
4 25 -0.00669428
4 26 -0.00211531
4 27 0.00224615
4 28 0.00647756
4 29 0.0102344
4 30 0.0127187
4 31 0.0145783
4 32 0.0150735
4 33 0.0146472
4 34 0.0134784
4 35 0.0112987
4 36 0.00896741
4 37 0.00596681
4 38 0.00303931
4 39 3.11424e-05
4 40 -0.00293332
4 41 -0.00547185
4 42 -0.00802552
4 43 -0.00992098
4 44 -0.0118059
4 45 -0.0130712
4 46 -0.0142268
4 47 -0.0149626
4 48 -0.0154763
4 49 -0.0158145
4 50 -0.0158514
4 51 -0.0159276
4 52 -0.015671
4 53 -0.0156104
4 54 -0.0152233
4 55 -0.0151321
4 56 -0.0147396
4 57 -0.0146993
4 58 -0.0143846
4 59 -0.0144492
4 60 -0.0142556
4 61 -0.0144492
4 62 -0.0143846
4 63 -0.0146993
4 64 -0.0147396
4 65 -0.0151321
4 66 -0.0152233
4 67 -0.0156104
4 68 -0.015671
4 69 -0.0159276
4 70 -0.0158514
4 71 -0.0158145
4 72 -0.0154763
4 73 -0.0149626
4 74 -0.0142268
4 75 -0.0130712
4 76 -0.0118059
4 77 -0.00992098
4 78 -0.00802552
4 79 -0.00547185
4 80 -0.00293332
4 81 3.11424e-05
4 82 0.00303931
4 83 0.00596681
4 84 0.00896741
4 85 0.0112987
4 86 0.0134784
4 87 0.0146472
4 88 0.0150735
4 89 0.0145783
4 90 0.0127187
4 91 0.0102344
4 92 0.00647774
4 93 0.00224682
4 94 -0.00211303
4 95 -0.00668718
4 96 -0.0100903
4 97 -0.0126425
4 98 -0.0138026
4 99 -0.0128623
4 100 -0.0109496
4 101 -0.00754879
4 102 -0.00314866
4 103 0.000705356
4 104 0.00466551
4 105 0.0078856
4 106 0.00933922
4 107 0.0105309
4 108 0.0107611
4 109 0.0086493
4 110 0.00561862
4 111 0.00163664
4 112 -0.00362097
4 113 -0.00697401
4 114 -0.00771134
4 115 -0.00936446
4 116 -0.0112696
4 117 -0.0090243
4 118 -0.00349258
4 119 0

5 0 0
5 1 -0.00475111
5 2 -0.0101977
5 3 -0.0128331
5 4 -0.010541
5 5 -0.00745435
5 6 -0.00546966
5 7 -0.0011168
5 8 0.00509285
5 9 0.00867944
5 10 0.0103033
5 11 0.0119497
5 12 0.0115037
5 13 0.00935241
5 14 0.00730454
5 15 0.00315765
5 16 -0.00277439
5 17 -0.00783357
5 18 -0.0127509
5 19 -0.0162687
5 20 -0.0165952
5 21 -0.0154668
5 22 -0.0122999
5 23 -0.00726936
5 24 -0.00241872
5 25 0.00313319
5 26 0.00822634
5 27 0.0121248
5 28 0.0157568
5 29 0.017593
5 30 0.0184787
5 31 0.0182661
5 32 0.0163871
5 33 0.0141364
5 34 0.0104879
5 35 0.00661232
5 36 0.00238882
5 37 -0.00217774
5 38 -0.00610412
5 39 -0.0102919
5 40 -0.0134466
5 41 -0.0164963
5 42 -0.0186883
5 43 -0.0203296
5 44 -0.0215486
5 45 -0.0219164
5 46 -0.0222763
5 47 -0.0217204
5 48 -0.0214189
5 49 -0.0203351
5 50 -0.0196102
5 51 -0.0183417
5 52 -0.017429
5 53 -0.0162293
5 54 -0.0153314
5 55 -0.0143659
5 56 -0.013638
5 57 -0.0130012
5 58 -0.0125507
5 59 -0.0122845
5 60 -0.0121771
5 61 -0.0122845
5 62 -0.0125507
5 63 -0.0130012
5 64 -0.013638
5 65 -0.0143659
5 66 -0.0153314
5 67 -0.0162293
5 68 -0.017429
5 69 -0.0183417
5 70 -0.0196102
5 71 -0.0203351
5 72 -0.0214189
5 73 -0.0217204
5 74 -0.0222763
5 75 -0.0219164
5 76 -0.0215486
5 77 -0.0203296
5 78 -0.0186883
5 79 -0.0164963
5 80 -0.0134466
5 81 -0.0102919
5 82 -0.00610412
5 83 -0.00217774
5 84 0.00238882
5 85 0.00661232
5 86 0.0104879
5 87 0.0141364
5 88 0.0163871
5 89 0.0182661
5 90 0.0184788
5 91 0.0175931
5 92 0.0157573
5 93 0.0121265
5 94 0.0082317
5 95 0.00314872
5 96 -0.00237785
5 97 -0.00717262
5 98 -0.0120961
5 99 -0.015091
5 100 -0.0160064
5 101 -0.0155312
5 102 -0.0121343
5 103 -0.00783658
5 104 -0.00393159
5 105 0.000722885
5 106 0.00431587
5 107 0.00726956
5 108 0.0115832
5 109 0.0141108
5 110 0.0130985
5 111 0.0107539
5 112 0.00649202
5 113 0.000318199
5 114 -0.00438483
5 115 -0.00794059
5 116 -0.0124724
5 117 -0.0146242
5 118 -0.0114254
5 119 0

6 0 0
6 1 -0.0125427
6 2 -0.0157695
6 3 -0.0139233
6 4 -0.00924036
6 5 -0.00546966
6 6 -7.22796e-05
6 7 0.00805503
6 8 0.013681
6 9 0.0153635
6 10 0.0157586
6 11 0.0132989
6 12 0.00830965
6 13 0.00501297
6 14 0.00140731
6 15 -0.00487287
6 16 -0.0103069
6 17 -0.01502
6 18 -0.0192148
6 19 -0.0193501
6 20 -0.0171597
6 21 -0.013654
6 22 -0.00735618
6 23 -0.0013196
6 24 0.0047366
6 25 0.0111935
6 26 0.0155208
6 27 0.0194486
6 28 0.0217038
6 29 0.0217251
6 30 0.0211464
6 31 0.0180706
6 32 0.0144341
6 33 0.00985714
6 34 0.00428066
6 35 -0.000578039
6 36 -0.0062687
6 37 -0.0106968
6 38 -0.0150478
6 39 -0.0185735
6 40 -0.021007
6 41 -0.0232919
6 42 -0.0239619
6 43 -0.0248656
6 44 -0.0242734
6 45 -0.0239046
6 46 -0.0225925
6 47 -0.02126
6 48 -0.0196668
6 49 -0.0177671
6 50 -0.0161999
6 51 -0.0141102
6 52 -0.0127656
6 53 -0.010781
6 54 -0.00977799
6 55 -0.00809481
6 56 -0.00750259
6 57 -0.00623203
6 58 -0.00608985
6 59 -0.00528285
6 60 -0.00561199
6 61 -0.00528285
6 62 -0.00608985
6 63 -0.00623203
6 64 -0.00750259
6 65 -0.00809481
6 66 -0.00977799
6 67 -0.010781
6 68 -0.0127656
6 69 -0.0141102
6 70 -0.0161999
6 71 -0.0177671
6 72 -0.0196668
6 73 -0.02126
6 74 -0.0225925
6 75 -0.0239046
6 76 -0.0242734
6 77 -0.0248656
6 78 -0.0239619
6 79 -0.0232919
6 80 -0.021007
6 81 -0.0185735
6 82 -0.0150478
6 83 -0.0106968
6 84 -0.0062687
6 85 -0.000578038
6 86 0.00428066
6 87 0.00985714
6 88 0.0144341
6 89 0.0180707
6 90 0.0211465
6 91 0.0217254
6 92 0.021705
6 93 0.0194525
6 94 0.0155325
6 95 0.0112252
6 96 0.00481375
6 97 -0.00115148
6 98 -0.00703372
6 99 -0.013123
6 100 -0.0164446
6 101 -0.0186559
6 102 -0.0189884
6 103 -0.0158313
6 104 -0.0124596
6 105 -0.00790827
6 106 -0.00117773
6 107 0.00436744
6 108 0.0100269
6 109 0.0162431
6 110 0.0183377
6 111 0.017146
6 112 0.0153209
6 113 0.00949653
6 114 -0.000131411
6 115 -0.00751756
6 116 -0.0117678
6 117 -0.0156897
6 118 -0.0174986
6 119 0

7 0 0
7 1 -0.0188338
7 2 -0.0179354
7 3 -0.0134085
7 4 -0.00810995
7 5 -0.0011168
7 6 0.00805503
7 7 0.0145693
7 8 0.0170781
7 9 0.0193245
7 10 0.0188669
7 11 0.012576
7 12 0.00584993
7 13 0.000240787
7 14 -0.0075111
7 15 -0.0134526
7 16 -0.0162338
7 17 -0.0192999
7 18 -0.0193261
7 19 -0.0163874
7 20 -0.013849
7 21 -0.00850799
7 22 -0.00214074
7 23 0.00332469
7 24 0.0105799
7 25 0.0159928
7 26 0.0199247
7 27 0.0232522
7 28 0.0228258
7 29 0.0216935
7 30 0.0183639
7 31 0.0131591
7 32 0.00844491
7 33 0.00187079
7 34 -0.00329882
7 35 -0.00868311
7 36 -0.0134785
7 37 -0.0166406
7 38 -0.0201748
7 39 -0.0213487
7 40 -0.0230042
7 41 -0.0228622
7 42 -0.0225666
7 43 -0.0216793
7 44 -0.0198552
7 45 -0.0185678
7 46 -0.0158716
7 47 -0.0143818
7 48 -0.0114437
7 49 -0.00989107
7 50 -0.00717058
7 51 -0.00567713
7 52 -0.00343537
7 53 -0.00210851
7 54 -0.000448059
7 55 0.000624886
7 56 0.00170045
7 57 0.00245223
7 58 0.0029868
7 59 0.00336292
7 60 0.00341425
7 61 0.00336292
7 62 0.0029868
7 63 0.00245223
7 64 0.00170045
7 65 0.000624886
7 66 -0.000448059
7 67 -0.00210851
7 68 -0.00343537
7 69 -0.00567713
7 70 -0.00717058
7 71 -0.00989107
7 72 -0.0114437
7 73 -0.0143818
7 74 -0.0158716
7 75 -0.0185678
7 76 -0.0198552
7 77 -0.0216793
7 78 -0.0225666
7 79 -0.0228622
7 80 -0.0230042
7 81 -0.0213487
7 82 -0.0201748
7 83 -0.0166406
7 84 -0.0134785
7 85 -0.00868311
7 86 -0.00329882
7 87 0.00187079
7 88 0.00844492
7 89 0.0131591
7 90 0.0183642
7 91 0.0216943
7 92 0.0228286
7 93 0.0232608
7 94 0.0199486
7 95 0.0160528
7 96 0.0107152
7 97 0.0035946
7 98 -0.00167406
7 99 -0.0078354
7 100 -0.0131113
7 101 -0.015962
7 102 -0.0197796
7 103 -0.0210791
7 104 -0.0191569
7 105 -0.0164085
7 106 -0.00890348
7 107 0.00131259
7 108 0.00869457
7 109 0.0155108
7 110 0.0209448
7 111 0.0210152
7 112 0.0187846
7 113 0.0152598
7 114 0.00660544
7 115 -0.00387983
7 116 -0.0105309
7 117 -0.0154646
7 118 -0.0201821
7 119 0

8 0 0
8 1 -0.0214171
8 2 -0.0178891
8 3 -0.0122688
8 4 -0.00506398
8 5 0.00509285
8 6 0.013681
8 7 0.0170781
8 8 0.0194244
8 9 0.0209684
8 10 0.0166305
8 11 0.00939779
8 12 0.00278747
8 13 -0.0066386
8 14 -0.0149566
8 15 -0.017194
8 16 -0.0187493
8 17 -0.0190262
8 18 -0.0152398
8 19 -0.0125924
8 20 -0.00853678
8 21 -0.00143953
8 22 0.00366668
8 23 0.0101039
8 24 0.0159824
8 25 0.0181628
8 26 0.0206919
8 27 0.0196809
8 28 0.01688
8 29 0.0142508
8 30 0.00858582
8 31 0.00458527
8 32 -0.000542828
8 33 -0.00550944
8 34 -0.00872108
8 35 -0.0132623
8 36 -0.0149473
8 37 -0.017554
8 38 -0.0183859
8 39 -0.0184631
8 40 -0.0186461
8 41 -0.0166602
8 42 -0.0160721
8 43 -0.0130258
8 44 -0.0115929
8 45 -0.00844454
8 46 -0.00631146
8 47 -0.00367628
8 48 -0.00114783
8 49 0.00072353
8 50 0.00332018
8 51 0.00442683
8 52 0.00684334
8 53 0.00730261
8 54 0.00940205
8 55 0.00935485
8 56 0.011094
8 57 0.0106539
8 58 0.0120449
8 59 0.0112788
8 60 0.0123502
8 61 0.0112788
8 62 0.0120449
8 63 0.0106539
8 64 0.011094
8 65 0.00935485
8 66 0.00940205
8 67 0.00730261
8 68 0.00684334
8 69 0.00442683
8 70 0.00332018
8 71 0.00072353
8 72 -0.00114783
8 73 -0.00367628
8 74 -0.00631146
8 75 -0.00844454
8 76 -0.0115929
8 77 -0.0130258
8 78 -0.0160721
8 79 -0.0166602
8 80 -0.0186461
8 81 -0.0184631
8 82 -0.0183859
8 83 -0.017554
8 84 -0.0149473
8 85 -0.0132623
8 86 -0.00872108
8 87 -0.00550943
8 88 -0.00054279
8 89 0.00458543
8 90 0.0085864
8 91 0.0142528
8 92 0.0168861
8 93 0.0196985
8 94 0.0207375
8 95 0.018269
8 96 0.0162027
8 97 0.0105032
8 98 0.00427989
8 99 -0.000693782
8 100 -0.00795658
8 101 -0.0127057
8 102 -0.0165877
8 103 -0.02169
8 104 -0.0219114
8 105 -0.0192887
8 106 -0.0146772
8 107 -0.00411332
8 108 0.00599797
8 109 0.0118433
8 110 0.0183263
8 111 0.0226187
8 112 0.0205844
8 113 0.0164076
8 114 0.011205
8 115 0.00243322
8 116 -0.00721212
8 117 -0.0145764
8 118 -0.0198393
8 119 0

9 0 0
9 1 -0.0199321
9 2 -0.0153294
9 3 -0.00895631
9 4 -0.000672471
9 5 0.00867944
9 6 0.0153635
9 7 0.0193245
9 8 0.0209684
9 9 0.0171111
9 10 0.0103303
9 11 0.00510225
9 12 -0.0030186
9 13 -0.0130459
9 14 -0.0166489
9 15 -0.0174337
9 16 -0.0184192
9 17 -0.0144016
9 18 -0.0101804
9 19 -0.00697264
9 20 0.00054706
9 21 0.00623353
9 22 0.0105966
9 23 0.0161335
9 24 0.0164879
9 25 0.0163483
9 26 0.0151453
9 27 0.010239
9 28 0.00769622
9 29 0.00275652
9 30 -0.00165215
9 31 -0.00438574
9 32 -0.00925107
9 33 -0.0106397
9 34 -0.0135694
9 35 -0.0147132
9 36 -0.0145517
9 37 -0.0152929
9 38 -0.012706
9 39 -0.0122476
9 40 -0.00876031
9 41 -0.00670864
9 42 -0.00360417
9 43 -0.000302393
9 44 0.00183142
9 45 0.00561242
9 46 0.00677135
9 47 0.010281
9 48 0.010742
9 49 0.0135131
9 50 0.0135938
9 51 0.0154798
9 52 0.0154249
9 53 0.0165091
9 54 0.0164668
9 55 0.0169453
9 56 0.0169822
9 57 0.0170733
9 58 0.0171942
9 59 0.0170883
9 60 0.0172483
9 61 0.0170883
9 62 0.0171942
9 63 0.0170733
9 64 0.0169822
9 65 0.0169453
9 66 0.0164668
9 67 0.0165091
9 68 0.0154249
9 69 0.0154798
9 70 0.0135938
9 71 0.0135131
9 72 0.010742
9 73 0.010281
9 74 0.00677135
9 75 0.00561242
9 76 0.00183142
9 77 -0.000302393
9 78 -0.00360417
9 79 -0.00670864
9 80 -0.00876031
9 81 -0.0122476
9 82 -0.012706
9 83 -0.0152929
9 84 -0.0145517
9 85 -0.0147132
9 86 -0.0135694
9 87 -0.0106397
9 88 -0.00925097
9 89 -0.00438536
9 90 -0.00165081
9 91 0.00276082
9 92 0.00770884
9 93 0.0102727
9 94 0.0152265
9 95 0.0165234
9 96 0.0168204
9 97 0.0166755
9 98 0.0113175
9 99 0.00691734
9 100 0.000732983
9 101 -0.00786648
9 102 -0.0124585
9 103 -0.0175809
9 104 -0.0211056
9 105 -0.0180473
9 106 -0.0147003
9 107 -0.00971811
9 108 -9.50852e-05
9 109 0.00698768
9 110 0.0118387
9 111 0.0184188
9 112 0.0209173
9 113 0.0172441
9 114 0.0125329
9 115 0.00648739
9 116 -0.00261421
9 117 -0.0110048
9 118 -0.0161956
9 119 0

10 0 0
10 1 -0.0148849
10 2 -0.0100453
10 3 -0.00392229
10 4 0.0033605
10 5 0.0103033
10 6 0.0157586
10 7 0.0188669
10 8 0.0166305
10 9 0.0103303
10 10 0.00537306
10 11 -0.000765407
10 12 -0.0103279
10 13 -0.0154275
10 14 -0.0161387
10 15 -0.0176416
10 16 -0.0140301
10 17 -0.0069955
10 18 -0.00288973
10 19 0.00412477
10 20 0.010566
10 21 0.0121997
10 22 0.0155987
10 23 0.0152743
10 24 0.0120831
10 25 0.0110394
10 26 0.00562486
10 27 0.00174351
10 28 -0.00173699
10 29 -0.00776294
10 30 -0.00974769
10 31 -0.0141152
10 32 -0.0160225
10 33 -0.0161772
10 34 -0.0174134
10 35 -0.0140449
10 36 -0.0130398
10 37 -0.00851749
10 38 -0.00477851
10 39 -0.000990596
10 40 0.00441427
10 41 0.00685548
10 42 0.0121978
10 43 0.0135724
10 44 0.0174894
10 45 0.0183228
10 46 0.0202577
10 47 0.0209421
10 48 0.0210354
10 49 0.0217582
10 50 0.0205167
10 51 0.0213356
10 52 0.0193353
10 53 0.0202666
10 54 0.0179832
10 55 0.0190515
10 56 0.0168048
10 57 0.0180539
10 58 0.0160188
10 59 0.0175012
10 60 0.0157443
10 61 0.0175012
10 62 0.0160188
10 63 0.0180539
10 64 0.0168048
10 65 0.0190515
10 66 0.0179832
10 67 0.0202666
10 68 0.0193353
10 69 0.0213356
10 70 0.0205167
10 71 0.0217582
10 72 0.0210354
10 73 0.0209421
10 74 0.0202577
10 75 0.0183228
10 76 0.0174894
10 77 0.0135724
10 78 0.0121978
10 79 0.00685548
10 80 0.00441427
10 81 -0.000990596
10 82 -0.00477851
10 83 -0.00851749
10 84 -0.0130398
10 85 -0.0140449
10 86 -0.0174134
10 87 -0.0161772
10 88 -0.0160223
10 89 -0.0141143
10 90 -0.00974477
10 91 -0.00775412
10 92 -0.00171272
10 93 0.00180402
10 94 0.0057604
10 95 0.0113087
10 96 0.0125474
10 97 0.0159431
10 98 0.0163336
10 99 0.0126262
10 100 0.0101135
10 101 0.00232524
10 102 -0.00588936
10 103 -0.0100926
10 104 -0.0155514
10 105 -0.0165255
10 106 -0.0129718
10 107 -0.0120343
10 108 -0.00801333
10 109 0.000726798
10 110 0.00666452
10 111 0.0107581
10 112 0.015063
10 113 0.0158815
10 114 0.0131661
10 115 0.00853473
10 116 0.00163227
10 117 -0.00508153
10 118 -0.00945023
10 119 0

11 0 0
11 1 -0.00788263
11 2 -0.0036176
11 3 0.00184816
11 4 0.00800686
11 5 0.0119497
11 6 0.0132989
11 7 0.012576
11 8 0.00939779
11 9 0.00510225
11 10 -0.000765407
11 11 -0.00909066
11 12 -0.014021
11 13 -0.0142433
11 14 -0.0159253
11 15 -0.0144903
11 16 -0.00649983
11 17 -4.8479e-05
11 18 0.00705709
11 19 0.0152669
11 20 0.0165807
11 21 0.0171462
11 22 0.0167596
11 23 0.0110404
11 24 0.00815797
11 25 0.00309073
11 26 -0.00364496
11 27 -0.00673566
11 28 -0.0133988
11 29 -0.0166176
11 30 -0.0187241
11 31 -0.0215329
11 32 -0.0188939
11 33 -0.018573
11 34 -0.013978
11 35 -0.00939181
11 36 -0.00517567
11 37 0.00196586
11 38 0.00522874
11 39 0.0120198
11 40 0.0147453
11 41 0.0190782
11 42 0.0216304
11 43 0.0229388
11 44 0.0252675
11 45 0.0241531
11 46 0.0259752
11 47 0.0234869
11 48 0.0245716
11 49 0.0216717
11 50 0.0219819
11 51 0.0193245
11 52 0.0190053
11 53 0.016933
11 54 0.0162293
11 55 0.0148595
11 56 0.0140362
11 57 0.0133525
11 58 0.0126477
11 59 0.0125637
11 60 0.012174
11 61 0.0125637
11 62 0.0126477
11 63 0.0133525
11 64 0.0140362
11 65 0.0148595
11 66 0.0162293
11 67 0.016933
11 68 0.0190053
11 69 0.0193245
11 70 0.0219819
11 71 0.0216717
11 72 0.0245716
11 73 0.0234869
11 74 0.0259752
11 75 0.0241531
11 76 0.0252675
11 77 0.0229388
11 78 0.0216304
11 79 0.0190782
11 80 0.0147453
11 81 0.0120198
11 82 0.00522874
11 83 0.00196586
11 84 -0.00517567
11 85 -0.0093918
11 86 -0.013978
11 87 -0.0185728
11 88 -0.0188933
11 89 -0.021531
11 90 -0.0187181
11 91 -0.0166005
11 92 -0.0133549
11 93 -0.00663355
11 94 -0.00343306
11 95 0.00347629
11 96 0.0087547
11 97 0.0117776
11 98 0.0173575
11 99 0.0170894
11 100 0.0153082
11 101 0.0126272
11 102 0.00378343
11 103 -0.00238284
11 104 -0.00640469
11 105 -0.0118355
11 106 -0.0122372
11 107 -0.0113321
11 108 -0.0123119
11 109 -0.00786123
11 110 -1.85178e-05
11 111 0.00419441
11 112 0.00654741
11 113 0.00942659
11 114 0.011213
11 115 0.010425
11 116 0.00675724
11 117 0.00208896
11 118 -0.00166989
11 119 0

12 0 0
12 1 -0.000935123
12 2 0.00309258
12 3 0.00829048
12 4 0.0122917
12 5 0.0115037
12 6 0.00830965
12 7 0.00584993
12 8 0.00278747
12 9 -0.0030186
12 10 -0.0103279
12 11 -0.014021
12 12 -0.0128131
12 13 -0.0127258
12 14 -0.0127527
12 15 -0.00699804
12 16 -0.000159613
12 17 0.00651145
12 18 0.0159691
12 19 0.0202117
12 20 0.0201839
12 21 0.0203873
12 22 0.0145397
12 23 0.00843169
12 24 0.0031381
12 25 -0.00617906
12 26 -0.0114123
12 27 -0.0172951
12 28 -0.0225996
12 29 -0.0226384
12 30 -0.0245945
12 31 -0.0212968
12 32 -0.0175986
12 33 -0.0137059
12 34 -0.00611591
12 35 -0.00222807
12 36 0.00540245
12 37 0.00970737
12 38 0.0145866
12 39 0.0191941
12 40 0.0207668
12 41 0.0247986
12 42 0.0240393
12 43 0.026521
12 44 0.0247666
12 45 0.0252234
12 46 0.023463
12 47 0.0220416
12 48 0.0207651
12 49 0.0180121
12 50 0.0173523
12 51 0.0139186
12 52 0.0138422
12 53 0.0102791
12 54 0.0107174
12 55 0.00739546
12 56 0.00830427
12 57 0.00542161
12 58 0.00679456
12 59 0.00442372
12 60 0.0062822
12 61 0.00442372
12 62 0.00679456
12 63 0.00542161
12 64 0.00830427
12 65 0.00739546
12 66 0.0107174
12 67 0.0102791
12 68 0.0138422
12 69 0.0139186
12 70 0.0173523
12 71 0.0180121
12 72 0.0207651
12 73 0.0220416
12 74 0.023463
12 75 0.0252234
12 76 0.0247666
12 77 0.026521
12 78 0.0240393
12 79 0.0247986
12 80 0.0207668
12 81 0.0191941
12 82 0.0145866
12 83 0.00970737
12 84 0.00540246
12 85 -0.00222805
12 86 -0.00611581
12 87 -0.0137056
12 88 -0.0175973
12 89 -0.0212929
12 90 -0.0245829
12 91 -0.0226074
12 92 -0.0225247
12 93 -0.017133
12 94 -0.0111019
12 95 -0.00566605
12 96 0.00383711
12 97 0.00912948
12 98 0.0148073
12 99 0.0196414
12 100 0.0180433
12 101 0.0170171
12 102 0.013023
12 103 0.00551763
12 104 0.00163313
12 105 -0.00334345
12 106 -0.00922583
12 107 -0.0105294
12 108 -0.0115581
12 109 -0.0131457
12 110 -0.0105828
12 111 -0.00535032
12 112 -0.000702235
12 113 0.00312919
12 114 0.00669546
12 115 0.0102411
12 116 0.0120169
12 117 0.0100328
12 118 0.00576856
12 119 0

13 0 0
13 1 0.00534877
13 2 0.0098053
13 3 0.0134437
13 4 0.013325
13 5 0.00935241
13 6 0.00501297
13 7 0.000240787
13 8 -0.0066386
13 9 -0.0130459
13 10 -0.0154275
13 11 -0.0142433
13 12 -0.0127258
13 13 -0.0108474
13 14 -0.00552385
13 15 0.000938026
13 16 0.00629065
13 17 0.0137686
13 18 0.019577
13 19 0.0206016
13 20 0.0212583
13 21 0.017643
13 22 0.0103392
13 23 0.00456275
13 24 -0.00451826
13 25 -0.0122289
13 26 -0.0171509
13 27 -0.023264
13 28 -0.0239023
13 29 -0.024077
13 30 -0.0224012
13 31 -0.0167801
13 32 -0.0132858
13 33 -0.00577252
13 34 -0.000308225
13 35 0.00552808
13 36 0.0119945
13 37 0.0150473
13 38 0.0205402
13 39 0.0215151
13 40 0.0243603
13 41 0.02433
13 42 0.024043
13 43 0.0236519
13 44 0.0208694
13 45 0.0202965
13 46 0.0161763
13 47 0.0153966
13 48 0.0110428
13 49 0.010037
13 50 0.00620403
13 51 0.00502827
13 52 0.00208366
13 53 0.000850361
13 54 -0.00112772
13 55 -0.00228848
13 56 -0.00338535
13 57 -0.00434886
13 58 -0.00471406
13 59 -0.00536242
13 60 -0.00515151
13 61 -0.00536242
13 62 -0.00471406
13 63 -0.00434886
13 64 -0.00338535
13 65 -0.00228848
13 66 -0.00112772
13 67 0.000850361
13 68 0.00208366
13 69 0.00502827
13 70 0.00620403
13 71 0.010037
13 72 0.0110428
13 73 0.0153966
13 74 0.0161763
13 75 0.0202965
13 76 0.0208694
13 77 0.0236519
13 78 0.024043
13 79 0.02433
13 80 0.0243603
13 81 0.0215151
13 82 0.0205402
13 83 0.0150473
13 84 0.0119946
13 85 0.00552814
13 86 -0.000308005
13 87 -0.00577174
13 88 -0.0132833
13 89 -0.0167724
13 90 -0.0223799
13 91 -0.0240237
13 92 -0.023782
13 93 -0.0230219
13 94 -0.0167255
13 95 -0.011598
13 96 -0.00378687
13 97 0.00506792
13 98 0.0100736
13 99 0.016082
13 100 0.0183819
13 101 0.0173241
13 102 0.0175737
13 103 0.0144319
13 104 0.00948446
13 105 0.00490304
13 106 -0.00262632
13 107 -0.00933432
13 108 -0.0118364
13 109 -0.014031
13 110 -0.0169991
13 111 -0.0164454
13 112 -0.0100328
13 113 -0.00179721
13 114 0.00378214
13 115 0.00868253
13 116 0.014395
13 117 0.0162426
13 118 0.0125502
13 119 0

14 0 0
14 1 0.0109523
14 2 0.014982
14 3 0.0154739
14 4 0.0119336
14 5 0.00730454
14 6 0.00140731
14 7 -0.0075111
14 8 -0.0149566
14 9 -0.0166489
14 10 -0.0161387
14 11 -0.0159253
14 12 -0.0127527
14 13 -0.00552385
14 14 0.00235664
14 15 0.00836799
14 16 0.0133503
14 17 0.0171869
14 18 0.0184638
14 19 0.0187229
14 20 0.0168555
14 21 0.011072
14 22 0.00493489
14 23 -0.00240736
14 24 -0.0104036
14 25 -0.0152706
14 26 -0.0199522
14 27 -0.0218492
14 28 -0.0207329
14 29 -0.0194853
14 30 -0.0144768
14 31 -0.00987463
14 32 -0.00422753
14 33 0.00238721
14 34 0.00682127
14 35 0.0128098
14 36 0.0157109
14 37 0.0189009
14 38 0.0204454
14 39 0.0202825
14 40 0.0205509
14 41 0.0179
14 42 0.0169208
14 43 0.0131852
14 44 0.0111325
14 45 0.00750728
14 46 0.00473964
14 47 0.00190813
14 48 -0.00114309
14 49 -0.00296883
14 50 -0.00593448
14 51 -0.00683538
14 52 -0.0094833
14 53 -0.00966067
14 54 -0.0118992
14 55 -0.0115607
14 56 -0.013399
14 57 -0.012702
14 58 -0.0141983
14 59 -0.013231
14 60 -0.0144471
14 61 -0.013231
14 62 -0.0141983
14 63 -0.012702
14 64 -0.013399
14 65 -0.0115607
14 66 -0.0118992
14 67 -0.00966067
14 68 -0.0094833
14 69 -0.00683538
14 70 -0.00593448
14 71 -0.00296883
14 72 -0.00114309
14 73 0.00190813
14 74 0.00473964
14 75 0.00750728
14 76 0.0111325
14 77 0.0131852
14 78 0.0169208
14 79 0.0179
14 80 0.0205509
14 81 0.0202825
14 82 0.0204454
14 83 0.0189009
14 84 0.0157109
14 85 0.01281
14 86 0.00682174
14 87 0.00238882
14 88 -0.00422253
14 89 -0.00986042
14 90 -0.0144399
14 91 -0.0193985
14 92 -0.0205499
14 93 -0.0215087
14 94 -0.0194077
14 95 -0.0145609
14 96 -0.00975156
14 97 -0.00227498
14 98 0.00396885
14 99 0.00870205
14 100 0.0135615
14 101 0.015932
14 102 0.0178807
14 103 0.0194842
14 104 0.01738
14 105 0.0120154
14 106 0.00443931
14 107 -0.00455572
14 108 -0.0123205
14 109 -0.01674
14 110 -0.0190025
14 111 -0.0204655
14 112 -0.0177124
14 113 -0.00887558
14 114 0.00062974
14 115 0.00765312
14 116 0.0143063
14 117 0.0186816
14 118 0.0175205
14 119 0

15 0 0
15 1 0.0153385
15 2 0.0177658
15 3 0.0152288
15 4 0.0093402
15 5 0.00315765
15 6 -0.00487287
15 7 -0.0134526
15 8 -0.017194
15 9 -0.0174337
15 10 -0.0176416
15 11 -0.0144903
15 12 -0.00699804
15 13 0.000938026
15 14 0.00836799
15 15 0.0139554
15 16 0.0158754
15 17 0.0162133
15 18 0.0157201
15 19 0.0133946
15 20 0.00953918
15 21 0.00402997
15 22 -0.00256276
15 23 -0.00904239
15 24 -0.0142823
15 25 -0.0174832
15 26 -0.0185527
15 27 -0.0170409
15 28 -0.0138059
15 29 -0.00915345
15 30 -0.00348945
15 31 0.00187692
15 32 0.00730442
15 33 0.0115092
15 34 0.0147
15 35 0.0167683
15 36 0.0171459
15 37 0.0169052
15 38 0.0150584
15 39 0.0129311
15 40 0.00990484
15 41 0.00664866
15 42 0.00338222
15 43 -0.000189179
15 44 -0.00308995
15 45 -0.00632877
15 46 -0.00858661
15 47 -0.0111169
15 48 -0.0126897
15 49 -0.0144009
15 50 -0.0153832
15 51 -0.0163559
15 52 -0.0169034
15 53 -0.0173181
15 54 -0.017596
15 55 -0.0176562
15 56 -0.0178071
15 57 -0.0176906
15 58 -0.0178158
15 59 -0.0176493
15 60 -0.0177986
15 61 -0.0176493
15 62 -0.0178158
15 63 -0.0176906
15 64 -0.0178071
15 65 -0.0176562
15 66 -0.017596
15 67 -0.0173181
15 68 -0.0169034
15 69 -0.0163559
15 70 -0.0153832
15 71 -0.0144009
15 72 -0.0126897
15 73 -0.0111169
15 74 -0.00858661
15 75 -0.00632877
15 76 -0.00308995
15 77 -0.000189179
15 78 0.00338222
15 79 0.00664866
15 80 0.00990484
15 81 0.0129311
15 82 0.0150585
15 83 0.0169052
15 84 0.017146
15 85 0.0167686
15 86 0.0147009
15 87 0.0115123
15 88 0.00731365
15 89 0.00190176
15 90 -0.00342869
15 91 -0.00901939
15 92 -0.0135427
15 93 -0.0165903
15 94 -0.0179053
15 95 -0.0167684
15 96 -0.0138554
15 97 -0.00945917
15 98 -0.00431294
15 99 0.00101688
15 100 0.00628818
15 101 0.0116349
15 102 0.0167816
15 103 0.0198032
15 104 0.0200802
15 105 0.0168652
15 106 0.00967406
15 107 0.00144571
15 108 -0.00727024
15 109 -0.0165442
15 110 -0.0214077
15 111 -0.0209741
15 112 -0.0190718
15 113 -0.0142286
15 114 -0.00495646
15 115 0.00477946
15 116 0.0126206
15 117 0.0183154
15 118 0.0199966
15 119 0

16 0 0
16 1 0.0182857
16 2 0.0183967
16 3 0.0130337
16 4 0.00490504
16 5 -0.00277439
16 6 -0.0103069
16 7 -0.0162338
16 8 -0.0187493
16 9 -0.0184192
16 10 -0.0140301
16 11 -0.00649983
16 12 -0.000159613
16 13 0.00629065
16 14 0.0133503
16 15 0.0158754
16 16 0.0152837
16 17 0.0137961
16 18 0.00912824
16 19 0.00468148
16 20 0.000808928
16 21 -0.00513821
16 22 -0.00955237
16 23 -0.0133356
16 24 -0.0162699
16 25 -0.0153318
16 26 -0.0134464
16 27 -0.00904696
16 28 -0.00299493
16 29 0.00226086
16 30 0.00866454
16 31 0.0129305
16 32 0.016394
16 33 0.0186041
16 34 0.0183055
16 35 0.0179224
16 36 0.0149444
16 37 0.0120947
16 38 0.00801
16 39 0.00352319
16 40 -0.000494237
16 41 -0.00541634
16 42 -0.00876155
16 43 -0.0130267
16 44 -0.0154993
16 45 -0.018451
16 46 -0.0200728
16 47 -0.0215508
16 48 -0.0224582
16 49 -0.0226696
16 50 -0.023058
16 51 -0.0223893
16 52 -0.0224762
16 53 -0.0213378
16 54 -0.021332
16 55 -0.0200665
16 56 -0.020145
16 57 -0.018994
16 58 -0.0192879
16 59 -0.0183919
16 60 -0.0189785
16 61 -0.0183919
16 62 -0.0192879
16 63 -0.018994
16 64 -0.020145
16 65 -0.0200665
16 66 -0.021332
16 67 -0.0213378
16 68 -0.0224762
16 69 -0.0223893
16 70 -0.023058
16 71 -0.0226696
16 72 -0.0224582
16 73 -0.0215508
16 74 -0.0200728
16 75 -0.018451
16 76 -0.0154993
16 77 -0.0130267
16 78 -0.00876155
16 79 -0.00541634
16 80 -0.000494237
16 81 0.0035232
16 82 0.00801001
16 83 0.0120947
16 84 0.0149445
16 85 0.017923
16 86 0.0183074
16 87 0.01861
16 88 0.0164102
16 89 0.0129718
16 90 0.00875968
16 91 0.00245747
16 92 -0.00263664
16 93 -0.00848717
16 94 -0.0127386
16 95 -0.0147195
16 96 -0.0162299
16 97 -0.0144363
16 98 -0.0120501
16 99 -0.0084761
16 100 -0.00187795
16 101 0.00435344
16 102 0.0117599
16 103 0.0181232
16 104 0.0190773
16 105 0.0178785
16 106 0.0140131
16 107 0.00628508
16 108 -0.00141012
16 109 -0.0097159
16 110 -0.0180727
16 111 -0.0211654
16 112 -0.0197601
16 113 -0.0164277
16 114 -0.00939932
16 115 6.56176e-05
16 116 0.00850117
16 117 0.015637
16 118 0.0202381
16 119 0

17 0 0
17 1 0.0195719
17 2 0.0165492
17 3 0.00894992
17 4 0.000192056
17 5 -0.00783357
17 6 -0.01502
17 7 -0.0192999
17 8 -0.0190262
17 9 -0.0144016
17 10 -0.0069955
17 11 -4.8479e-05
17 12 0.00651145
17 13 0.0137686
17 14 0.0171869
17 15 0.0162133
17 16 0.0137961
17 17 0.00699722
17 18 -0.000840613
17 19 -0.00508976
17 20 -0.0102836
17 21 -0.0136336
17 22 -0.0141656
17 23 -0.0159133
17 24 -0.013566
17 25 -0.00974862
17 26 -0.00575998
17 27 0.00185651
17 28 0.00702609
17 29 0.0130473
17 30 0.018164
17 31 0.0198576
17 32 0.0225357
17 33 0.0207585
17 34 0.0192275
17 35 0.0158099
17 36 0.0104498
17 37 0.0064587
17 38 -0.000576636
17 39 -0.00477121
17 40 -0.0110575
17 41 -0.0151687
17 42 -0.0191897
17 43 -0.0227799
17 44 -0.0242054
17 45 -0.0268417
17 46 -0.0261743
17 47 -0.0276387
17 48 -0.025708
17 49 -0.0260639
17 50 -0.0236578
17 51 -0.0231776
17 52 -0.0208751
17 53 -0.0199187
17 54 -0.018068
17 55 -0.0169839
17 56 -0.0157487
17 57 -0.0148229
17 58 -0.0142425
17 59 -0.0136878
17 60 -0.0137225
17 61 -0.0136878
17 62 -0.0142425
17 63 -0.0148229
17 64 -0.0157487
17 65 -0.0169839
17 66 -0.018068
17 67 -0.0199187
17 68 -0.0208751
17 69 -0.0231776
17 70 -0.0236578
17 71 -0.0260639
17 72 -0.025708
17 73 -0.0276387
17 74 -0.0261743
17 75 -0.0268417
17 76 -0.0242054
17 77 -0.0227799
17 78 -0.0191897
17 79 -0.0151687
17 80 -0.0110575
17 81 -0.0047712
17 82 -0.000576613
17 83 0.00645879
17 84 0.0104501
17 85 0.015811
17 86 0.019231
17 87 0.0207688
17 88 0.0225629
17 89 0.019923
17 90 0.018306
17 91 0.0133214
17 92 0.00748746
17 93 0.00250648
17 94 -0.00506324
17 95 -0.00937175
17 96 -0.0140644
17 97 -0.017755
17 98 -0.0172386
17 99 -0.0168683
17 100 -0.0119252
17 101 -0.00381369
17 102 0.00301807
17 103 0.011437
17 104 0.0167808
17 105 0.017341
17 106 0.017309
17 107 0.0130787
17 108 0.00413714
17 109 -0.00404805
17 110 -0.0106577
17 111 -0.0161109
17 112 -0.0192861
17 113 -0.0187863
17 114 -0.0129422
17 115 -0.00416954
17 116 0.00350579
17 117 0.0109369
17 118 0.017922
17 119 0

18 0 0
18 1 0.0186199
18 2 0.0126762
18 3 0.00446413
18 4 -0.00388814
18 5 -0.0127509
18 6 -0.0192148
18 7 -0.0193261
18 8 -0.0152398
18 9 -0.0101804
18 10 -0.00288973
18 11 0.00705709
18 12 0.0159691
18 13 0.019577
18 14 0.0184638
18 15 0.0157201
18 16 0.00912824
18 17 -0.000840613
18 18 -0.0084412
18 19 -0.0152825
18 20 -0.0203999
18 21 -0.0199534
18 22 -0.0190338
18 23 -0.0155616
18 24 -0.00868172
18 25 -0.00350314
18 26 0.00459338
18 27 0.0115945
18 28 0.0164271
18 29 0.022436
18 30 0.0234819
18 31 0.024786
18 32 0.0234319
18 33 0.0192027
18 34 0.0161
18 35 0.00878371
18 36 0.00397473
18 37 -0.00307692
18 38 -0.0090058
18 39 -0.0136706
18 40 -0.0193845
18 41 -0.0212669
18 42 -0.0253759
18 43 -0.025173
18 44 -0.026912
18 45 -0.0256099
18 46 -0.0250104
18 47 -0.0234111
18 48 -0.0210559
18 49 -0.0196512
18 50 -0.0163114
18 51 -0.0153406
18 52 -0.011704
18 53 -0.0112569
18 54 -0.00780722
18 55 -0.00790692
18 56 -0.00491869
18 57 -0.00557149
18 58 -0.0031621
18 59 -0.00438068
18 60 -0.00257455
18 61 -0.00438068
18 62 -0.0031621
18 63 -0.00557149
18 64 -0.00491869
18 65 -0.00790692
18 66 -0.00780722
18 67 -0.0112569
18 68 -0.011704
18 69 -0.0153406
18 70 -0.0163114
18 71 -0.0196512
18 72 -0.0210559
18 73 -0.0234111
18 74 -0.0250104
18 75 -0.0256099
18 76 -0.026912
18 77 -0.025173
18 78 -0.0253759
18 79 -0.0212669
18 80 -0.0193845
18 81 -0.0136706
18 82 -0.00900575
18 83 -0.00307673
18 84 0.00397539
18 85 0.00878583
18 86 0.0161064
18 87 0.01922
18 88 0.0234755
18 89 0.024885
18 90 0.023684
18 91 0.0227997
18 92 0.0169882
18 93 0.0122933
18 94 0.00518083
18 95 -0.0035037
18 96 -0.00982948
18 97 -0.0180972
18 98 -0.0223854
18 99 -0.022617
18 100 -0.0206477
18 101 -0.0124873
18 102 -0.0038779
18 103 0.00315563
18 104 0.0111287
18 105 0.0161028
18 106 0.0180486
18 107 0.0180076
18 108 0.0125575
18 109 0.00285057
18 110 -0.00566409
18 111 -0.0108528
18 112 -0.0148304
18 113 -0.0179228
18 114 -0.0160506
18 115 -0.00885918
18 116 -0.00124997
18 117 0.00584268
18 118 0.0133275
18 119 0

19 0 0
19 1 0.0155452
19 2 0.00789427
19 3 -0.000173297
19 4 -0.00818632
19 5 -0.0162687
19 6 -0.0193501
19 7 -0.0163874
19 8 -0.0125924
19 9 -0.00697264
19 10 0.00412477
19 11 0.0152669
19 12 0.0202117
19 13 0.0206016
19 14 0.0187229
19 15 0.0133946
19 16 0.00468148
19 17 -0.00508976
19 18 -0.0152825
19 19 -0.0239502
19 20 -0.026766
19 21 -0.0251917
19 22 -0.0205966
19 23 -0.0121
19 24 -0.004007
19 25 0.00441012
19 26 0.0130744
19 27 0.0184912
19 28 0.0238793
19 29 0.0260723
19 30 0.0256082
19 31 0.0244871
19 32 0.0192828
19 33 0.0147841
19 34 0.00804256
19 35 0.00121992
19 36 -0.00446421
19 37 -0.0114142
19 38 -0.0150583
19 39 -0.0199556
19 40 -0.0216914
19 41 -0.023434
19 42 -0.0237455
19 43 -0.0225096
19 44 -0.0218409
19 45 -0.0186058
19 46 -0.0172969
19 47 -0.0132267
19 48 -0.0115554
19 49 -0.00758346
19 50 -0.00578842
19 51 -0.00247321
19 52 -0.000748376
19 53 0.00168634
19 54 0.00320022
19 55 0.00475185
19 56 0.00596093
19 57 0.00673505
19 58 0.00757185
19 59 0.0077016
19 60 0.00809909
19 61 0.0077016
19 62 0.00757185
19 63 0.00673505
19 64 0.00596093
19 65 0.00475185
19 66 0.00320022
19 67 0.00168634
19 68 -0.000748376
19 69 -0.00247321
19 70 -0.00578842
19 71 -0.00758346
19 72 -0.0115554
19 73 -0.0132267
19 74 -0.0172969
19 75 -0.0186058
19 76 -0.0218409
19 77 -0.0225096
19 78 -0.0237455
19 79 -0.023434
19 80 -0.0216913
19 81 -0.0199555
19 82 -0.0150582
19 83 -0.0114138
19 84 -0.00446299
19 85 0.00122371
19 86 0.00805331
19 87 0.0148122
19 88 0.0193496
19 89 0.0246306
19 90 0.025883
19 91 0.0265312
19 92 0.0245213
19 93 0.0191739
19 94 0.0134355
19 95 0.00390207
19 96 -0.00584772
19 97 -0.0151701
19 98 -0.0238435
19 99 -0.0268559
19 100 -0.0254677
19 101 -0.0199502
19 102 -0.0105983
19 103 -0.00193167
19 104 0.00570915
19 105 0.0131609
19 106 0.017679
19 107 0.0180478
19 108 0.0160944
19 109 0.0114679
19 110 0.00250467
19 111 -0.00674162
19 112 -0.0115064
19 113 -0.0139885
19 114 -0.0154534
19 115 -0.0127365
19 116 -0.00639566
19 117 0.000546748
19 118 0.00751471
19 119 0

20 0 0
20 1 0.0107687
20 2 0.00246196
20 3 -0.00493007
20 4 -0.0113777
20 5 -0.0165952
20 6 -0.0171597
20 7 -0.013849
20 8 -0.00853678
20 9 0.00054706
20 10 0.010566
20 11 0.0165807
20 12 0.0201839
20 13 0.0212583
20 14 0.0168555
20 15 0.00953918
20 16 0.000808928
20 17 -0.0102836
20 18 -0.0203999
20 19 -0.026766
20 20 -0.028493
20 21 -0.0246439
20 22 -0.0170975
20 23 -0.00796417
20 24 0.00167938
20 25 0.0103334
20 26 0.0172722
20 27 0.0222873
20 28 0.024852
20 29 0.024835
20 30 0.0227688
20 31 0.0185146
20 32 0.012933
20 33 0.00667153
20 34 -0.000132661
20 35 -0.0061384
20 36 -0.0117448
20 37 -0.0159494
20 38 -0.0188606
20 39 -0.0205837
20 40 -0.0205653
20 41 -0.0198867
20 42 -0.0176374
20 43 -0.0151642
20 44 -0.0117442
20 45 -0.00830572
20 46 -0.00467767
20 47 -0.00104671
20 48 0.00214636
20 49 0.00542416
20 50 0.00788151
20 51 0.0105301
20 52 0.0122094
20 53 0.0141734
20 54 0.0151782
20 55 0.0165361
20 56 0.0170187
20 57 0.0178984
20 58 0.0179932
20 59 0.0185089
20 60 0.0182947
20 61 0.0185089
20 62 0.0179932
20 63 0.0178984
20 64 0.0170187
20 65 0.0165361
20 66 0.0151782
20 67 0.0141734
20 68 0.0122094
20 69 0.0105301
20 70 0.00788151
20 71 0.00542416
20 72 0.00214636
20 73 -0.00104671
20 74 -0.00467767
20 75 -0.00830572
20 76 -0.0117442
20 77 -0.0151642
20 78 -0.0176374
20 79 -0.0198867
20 80 -0.0205652
20 81 -0.0205836
20 82 -0.0188604
20 83 -0.0159487
20 84 -0.0117426
20 85 -0.00613195
20 86 -0.000115129
20 87 0.00671509
20 88 0.0130313
20 89 0.018714
20 90 0.0231263
20 91 0.0253852
20 92 0.0255379
20 93 0.0228681
20 94 0.0172839
20 95 0.00922267
20 96 -0.000811761
20 97 -0.0113077
20 98 -0.0198248
20 99 -0.0249923
20 100 -0.0257145
20 101 -0.0220334
20 102 -0.0161281
20 103 -0.00816239
20 104 0.000985368
20 105 0.00875265
20 106 0.0150582
20 107 0.0177879
20 108 0.0158662
20 109 0.0136928
20 110 0.010131
20 111 0.00152805
20 112 -0.00670669
20 113 -0.0105219
20 114 -0.0130606
20 115 -0.013873
20 116 -0.0104664
20 117 -0.00496707
20 118 0.00090592
20 119 0

21 0 0
21 1 0.00466794
21 2 -0.0029408
