0 0 0
0 1 0
0 2 0
0 3 0
0 4 0
0 5 0
0 6 0
0 7 0
0 8 0
0 9 0
0 10 0
0 11 0
0 12 0
0 13 0
0 14 0
0 15 0
0 16 0
0 17 0
0 18 0
0 19 0
0 20 0
0 21 0
0 22 0
0 23 0
0 24 0
0 25 0
0 26 0
0 27 0
0 28 0
0 29 0
0 30 0
0 31 0
0 32 0
0 33 0
0 34 0
0 35 0
0 36 0
0 37 0
0 38 0
0 39 0
0 40 0
0 41 0
0 42 0
0 43 0
0 44 0
0 45 0
0 46 0
0 47 0
0 48 0
0 49 0
0 50 0
0 51 0
0 52 0
0 53 0
0 54 0
0 55 0
0 56 0
0 57 0
0 58 0
0 59 0
0 60 0
0 61 0
0 62 0
0 63 0
0 64 0
0 65 0
0 66 0
0 67 0
0 68 0
0 69 0
0 70 0
0 71 0
0 72 0
0 73 0
0 74 0
0 75 0
0 76 0
0 77 0
0 78 0
0 79 0
0 80 0
0 81 0
0 82 0
0 83 0
0 84 0
0 85 0
0 86 0
0 87 0
0 88 0
0 89 0
0 90 0
0 91 0
0 92 0
0 93 0
0 94 0
0 95 0
0 96 0
0 97 0
0 98 0
0 99 0
0 100 0
0 101 0
0 102 0
0 103 0
0 104 0
0 105 0
0 106 0
0 107 0
0 108 0
0 109 0
0 110 0
0 111 0
0 112 0
0 113 0
0 114 0
0 115 0
0 116 0
0 117 0
0 118 0
0 119 0

1 0 0
1 1 0.0232168
1 2 0.0210841
1 3 0.01514
1 4 0.0073027
1 5 -0.001454
1 6 -0.00889147
1 7 -0.014188
1 8 -0.0161988
1 9 -0.0147495
1 10 -0.0108368
1 11 -0.00479082
1 12 0.00164415
1 13 0.00780564
1 14 0.0123249
1 15 0.0150528
1 16 0.0160089
1 17 0.0147982
1 18 0.0120558
1 19 0.00810843
1 20 0.00357182
1 21 -0.00160417
1 22 -0.00689707
1 23 -0.0119146
1 24 -0.0163067
1 25 -0.0199213
1 26 -0.0220877
1 27 -0.0228369
1 28 -0.0222777
1 29 -0.0201562
1 30 -0.0167965
1 31 -0.0125607
1 32 -0.0079362
1 33 -0.00292549
1 34 0.00182853
1 35 0.00641868
1 36 0.0107525
1 37 0.0148124
1 38 0.0182747
1 39 0.0211154
1 40 0.0231326
1 41 0.0240293
1 42 0.0238542
1 43 0.0229149
1 44 0.0210507
1 45 0.018726
1 46 0.0165093
1 47 0.0141964
1 48 0.0123183
1 49 0.0110073
1 50 0.00983272
1 51 0.00893136
1 52 0.00815097
1 53 0.00686319
1 54 0.00546906
1 55 0.00380153
1 56 0.00181961
1 57 0.000113068
1 58 -0.00105155
1 59 -0.00170068
1 60 -0.00148463
1 61 -0.000752532
1 62 0.000524109
1 63 0.00208117
1 64 0.00333597
1 65 0.00433653
1 66 0.00526428
1 67 0.00572905
1 68 0.00637805
1 69 0.00737046
1 70 0.00858459
1 71 0.0104464
1 72 0.0128386
1 73 0.015229
1 74 0.0178691
1 75 0.0202253
1 76 0.0219269
1 77 0.023167
1 78 0.0236807
1 79 0.0233117
1 80 0.0222392
1 81 0.0204212
1 82 0.0177602
1 83 0.014468
1 84 0.0106541
1 85 0.00645267
1 86 0.00182052
1 87 -0.00275318
1 88 -0.00747258
1 89 -0.0120374
1 90 -0.0161469
1 91 -0.0193155
1 92 -0.0216731
1 93 -0.0228189
1 94 -0.0225863
1 95 -0.0211429
1 96 -0.0183021
1 97 -0.0138944
1 98 -0.00831761
1 99 -0.00216749
1 100 0.00432174
1 101 0.0103233
1 102 0.015343
1 103 0.0181741
1 104 0.0188428
1 105 0.0166612
1 106 0.0118141
1 107 0.00533596
1 108 -0.00210682
1 109 -0.0088802
1 110 -0.0143704
1 111 -0.016799
1 112 -0.0159348
1 113 -0.0119973
1 114 -0.00546424
1 115 0.00234614
1 116 0.0105156
1 117 0.0168454
1 118 0.0206501
1 119 0

2 0 0
2 1 0.0210841
2 2 0.0169096
2 3 0.0096287
2 4 0.00158227
2 5 -0.00663477
2 6 -0.012675
2 7 -0.0160869
2 8 -0.0159673
2 9 -0.012739
2 10 -0.00769424
2 11 -0.0011351
2 12 0.00510281
2 13 0.0103859
2 14 0.0134178
2 15 0.0147719
2 16 0.0141487
2 17 0.0117046
2 18 0.0078414
2 19 0.0031541
2 20 -0.00161314
2 21 -0.0070116
2 22 -0.01147
2 23 -0.0156294
2 24 -0.0184991
2 25 -0.0201529
2 26 -0.01994
2 27 -0.0180693
2 28 -0.0151261
2 29 -0.0109328
2 30 -0.00628891
2 31 -0.00161651
2 32 0.00228042
2 33 0.0062489
2 34 0.00861572
2 35 0.0110649
2 36 0.0131636
2 37 0.0152473
2 38 0.0173174
2 39 0.0192849
2 40 0.0203159
2 41 0.0205289
2 42 0.0194553
2 43 0.0171529
2 44 0.0141745
2 45 0.0103127
2 46 0.00697944
2 47 0.00379797
2 48 0.00172486
2 49 0.000527812
2 50 0.000400811
2 51 0.00017763
2 52 0.000369911
2 53 -0.00048408
2 54 -0.00144943
2 55 -0.00355256
2 56 -0.00577014
2 57 -0.00809889
2 58 -0.00958476
2 59 -0.010713
2 60 -0.00991121
2 61 -0.00875525
2 62 -0.00676302
2 63 -0.00488968
2 64 -0.00313613
2 65 -0.00252536
2 66 -0.00201673
2 67 -0.00255097
2 68 -0.00263707
2 69 -0.00281512
2 70 -0.00187205
2 71 -6.59237e-05
2 72 0.00292216
2 73 0.00605194
2 74 0.00987815
2 75 0.01291
2 76 0.0156316
2 77 0.0173489
2 78 0.0182529
2 79 0.0184679
2 80 0.0180029
2 81 0.0172293
2 82 0.0164397
2 83 0.0153709
2 84 0.0140711
2 85 0.012838
2 86 0.0101113
2 87 0.00723227
2 88 0.00306817
2 89 -0.00173127
2 90 -0.00697833
2 91 -0.0115312
2 92 -0.0158418
2 93 -0.0187934
2 94 -0.0204641
2 95 -0.0206238
2 96 -0.0191657
2 97 -0.0163429
2 98 -0.0116941
2 99 -0.00678193
2 100 -0.00100398
2 101 0.00468615
2 102 0.0100591
2 103 0.0138065
2 104 0.0159103
2 105 0.0157383
2 106 0.012984
2 107 0.00832062
2 108 0.00195182
2 109 -0.00436068
2 110 -0.0106168
2 111 -0.014464
2 112 -0.0156819
2 113 -0.0139905
2 114 -0.00937732
2 115 -0.0031621
2 116 0.00467652
2 117 0.0112947
2 118 0.0164171
2 119 0

3 0 0
3 1 0.01514
3 2 0.0096287
3 3 0.00218934
3 4 -0.00462793
3 5 -0.010838
3 6 -0.0141685
3 7 -0.01488
3 8 -0.0122685
3 9 -0.00753673
3 10 -0.00215069
3 11 0.00381054
3 12 0.00836488
3 13 0.0114342
3 14 0.0118909
3 15 0.0110051
3 16 0.00875068
3 17 0.00524033
3 18 0.00114361
3 19 -0.00298374
3 20 -0.00696311
3 21 -0.0107425
3 22 -0.0135755
3 23 -0.0155959
3 24 -0.0162105
3 25 -0.0156824
3 26 -0.0125629
3 27 -0.00862187
3 28 -0.00350138
3 29 0.00191439
3 30 0.0068333
3 31 0.0106848
3 32 0.012958
3 33 0.0141806
3 34 0.0136299
3 35 0.0126345
3 36 0.011641
3 37 0.0112368
3 38 0.0110187
3 39 0.0118972
3 40 0.0118563
3 41 0.0114455
3 42 0.00965328
3 43 0.00680246
3 44 0.00260482
3 45 -0.00163625
3 46 -0.00578611
3 47 -0.00893605
3 48 -0.0107907
3 49 -0.0110304
3 50 -0.0104797
3 51 -0.00910722
3 52 -0.00782076
3 53 -0.00758397
3 54 -0.00810329
3 55 -0.00979183
3 56 -0.012453
3 57 -0.0148389
3 58 -0.0165727
3 59 -0.0175081
3 60 -0.0166887
3 61 -0.0150842
3 62 -0.0128296
3 63 -0.0103375
3 64 -0.00881651
3 65 -0.00852036
3 66 -0.00896835
3 67 -0.0105355
3 68 -0.0121681
3 69 -0.0130717
3 70 -0.013172
3 71 -0.011785
3 72 -0.00909255
3 73 -0.00551383
3 74 -0.00174538
3 75 0.00201607
3 76 0.00472859
3 77 0.00660923
3 78 0.00748
3 79 0.00814624
3 80 0.00801658
3 81 0.00892248
3 82 0.0099826
3 83 0.0117513
3 84 0.0137863
3 85 0.0158794
3 86 0.016444
3 87 0.0161354
3 88 0.0137857
3 89 0.00998126
3 90 0.00485185
3 91 -0.000431833
3 92 -0.00540252
3 93 -0.0101113
3 94 -0.0130047
3 95 -0.0149623
3 96 -0.0154369
3 97 -0.0147332
3 98 -0.0126186
3 99 -0.0100992
3 100 -0.00670728
3 101 -0.00273288
3 102 0.00192808
3 103 0.00591527
3 104 0.00932895
3 105 0.0116644
3 106 0.0117683
3 107 0.010223
3 108 0.00624328
3 109 0.0015884
3 110 -0.00422801
3 111 -0.00903157
3 112 -0.01207
3 113 -0.0130785
3 114 -0.0112935
3 115 -0.00776516
3 116 -0.00183967
3 117 0.00385804
3 118 0.00919189
3 119 0

4 0 0
4 1 0.0073027
4 2 0.00158227
4 3 -0.00462793
4 4 -0.00913183
4 5 -0.0123618
4 6 -0.0126558
4 7 -0.0106024
4 8 -0.00615759
4 9 -0.000812334
4 10 0.00392314
4 11 0.00801526
4 12 0.0101805
4 13 0.010247
4 14 0.00801885
4 15 0.00508369
4 16 0.00143756
4 17 -0.0022282
4 18 -0.00583697
4 19 -0.00855529
4 20 -0.0105296
4 21 -0.0122639
4 22 -0.0123269
4 23 -0.0120597
4 24 -0.0103547
4 25 -0.00752723
4 26 -0.00277402
4 27 0.00290473
4 28 0.00877157
4 29 0.0144613
4 30 0.0187362
4 31 0.0209414
4 32 0.0207188
4 33 0.0190364
4 34 0.0146659
4 35 0.0103077
4 36 0.00615136
4 37 0.00292612
4 38 0.00112883
4 39 0.000695649
4 40 4.45093e-05
4 41 -0.000587291
4 42 -0.00233379
4 43 -0.0054557
4 44 -0.00926704
4 45 -0.0138418
4 46 -0.017706
4 47 -0.020595
4 48 -0.0216576
4 49 -0.0209742
4 50 -0.0185967
4 51 -0.0160934
4 52 -0.0134029
4 53 -0.0121389
4 54 -0.0117208
4 55 -0.0131933
4 56 -0.0154075
4 57 -0.0179009
4 58 -0.0196313
4 59 -0.0207455
4 60 -0.0194987
4 61 -0.0176452
4 62 -0.0150452
4 63 -0.012752
4 64 -0.0112295
4 65 -0.0116421
4 66 -0.0129373
4 67 -0.0157268
4 68 -0.0183802
4 69 -0.0210232
4 70 -0.0220563
4 71 -0.0215277
4 72 -0.0192724
4 73 -0.0162391
4 74 -0.0124875
4 75 -0.0095601
4 76 -0.00707698
4 77 -0.00587201
4 78 -0.00544325
4 79 -0.00501331
4 80 -0.00466389
4 81 -0.00315748
4 82 -5.57665e-05
4 83 0.00413759
4 84 0.00922161
4 85 0.0149944
4 86 0.0187707
4 87 0.0214232
4 88 0.0215469
4 89 0.0194229
4 90 0.015353
4 91 0.0108799
4 92 0.00576113
4 93 0.00104438
4 94 -0.002822
4 95 -0.00591504
4 96 -0.00804693
4 97 -0.00991933
4 98 -0.0104434
4 99 -0.0111287
4 100 -0.0108603
4 101 -0.00940343
4 102 -0.00658821
4 103 -0.00316112
4 104 0.00090181
4 105 0.00511426
4 106 0.00830731
4 107 0.0100211
4 108 0.00933866
4 109 0.00732622
4 110 0.00293756
4 111 -0.00163514
4 112 -0.00598699
4 113 -0.00927978
4 114 -0.0104558
4 115 -0.010245
4 116 -0.00702421
4 117 -0.00341837
4 118 0.00101967
4 119 0

5 0 0
5 1 -0.001454
5 2 -0.00663477
5 3 -0.010838
5 4 -0.0123618
5 5 -0.0120063
5 6 -0.00889294
5 7 -0.00413209
5 8 0.00191898
5 9 0.00724427
5 10 0.0105879
5 11 0.0121274
5 12 0.0109594
5 13 0.00767731
5 14 0.00247423
5 15 -0.00245598
5 16 -0.0068395
5 17 -0.0101522
5 18 -0.0121327
5 19 -0.0125299
5 20 -0.0119905
5 21 -0.0107249
5 22 -0.0084627
5 23 -0.00584039
5 24 -0.00244279
5 25 0.00151726
5 26 0.00742444
5 27 0.0131098
5 28 0.0190335
5 29 0.0238001
5 30 0.026503
5 31 0.0265818
5 32 0.0238141
5 33 0.0189114
5 34 0.0117143
5 35 0.00419888
5 36 -0.00254826
5 37 -0.00756603
5 38 -0.0109128
5 39 -0.0115754
5 40 -0.0122367
5 41 -0.0123217
5 42 -0.0134211
5 43 -0.0156414
5 44 -0.0191674
5 45 -0.0226211
5 46 -0.0260578
5 47 -0.027887
5 48 -0.0279703
5 49 -0.0259843
5 50 -0.0227273
5 51 -0.0185296
5 52 -0.0147156
5 53 -0.0122444
5 54 -0.0112269
5 55 -0.0120137
5 56 -0.0141747
5 57 -0.0163653
5 58 -0.0180802
5 59 -0.0188679
5 60 -0.0177225
5 61 -0.0156651
5 62 -0.0131332
5 63 -0.0106758
5 64 -0.00959392
5 65 -0.0103918
5 66 -0.0126487
5 67 -0.016365
5 68 -0.0204954
5 69 -0.0238727
5 70 -0.0260696
5 71 -0.0264755
5 72 -0.0252761
5 73 -0.0227628
5 74 -0.0202956
5 75 -0.0178944
5 76 -0.0166688
5 77 -0.0165354
5 78 -0.0172757
5 79 -0.0175228
5 80 -0.0178816
5 81 -0.0157249
5 82 -0.0118845
5 83 -0.00588974
5 84 0.00156942
5 85 0.00979373
5 86 0.0164809
5 87 0.0217719
5 88 0.0242577
5 89 0.02436
5 90 0.0221625
5 91 0.0189039
5 92 0.0153299
5 93 0.0110297
5 94 0.00774949
5 95 0.00438127
5 96 0.00120262
5 97 -0.00238234
5 98 -0.00579537
5 99 -0.00970655
5 100 -0.0130268
5 101 -0.014924
5 102 -0.0145527
5 103 -0.0124099
5 104 -0.00829828
5 105 -0.00234407
5 106 0.00356529
5 107 0.00885796
5 108 0.0117338
5 109 0.0127116
5 110 0.010555
5 111 0.00655421
5 112 0.00158206
5 113 -0.00369245
5 114 -0.00780707
5 115 -0.0107898
5 116 -0.0109556
5 117 -0.00979357
5 118 -0.00694807
5 119 0

6 0 0
6 1 -0.00889147
6 2 -0.012675
6 3 -0.0141685
6 4 -0.0126558
6 5 -0.00889294
6 6 -0.00320603
6 7 0.00341129
6 8 0.00984864
6 9 0.0141999
6 10 0.0155697
6 11 0.0140696
6 12 0.00995674
6 13 0.00360924
6 14 -0.00350213
6 15 -0.00953157
6 16 -0.0138095
6 17 -0.0157968
6 18 -0.0157703
6 19 -0.0135306
6 20 -0.0104322
6 21 -0.00670669
6 22 -0.00251159
6 23 0.00139274
6 24 0.0052427
6 25 0.00933268
6 26 0.0143278
6 27 0.0191456
6 28 0.0235435
6 29 0.0266543
6 30 0.0275393
6 31 0.0254685
6 32 0.0207918
6 33 0.0137011
6 34 0.00466146
6 35 -0.00448438
6 36 -0.0123137
6 37 -0.0181868
6 38 -0.0212806
6 39 -0.0217504
6 40 -0.021275
6 41 -0.0201934
6 42 -0.0197892
6 43 -0.0207273
6 44 -0.0227213
6 45 -0.0251687
6 46 -0.0274448
6 47 -0.0282939
6 48 -0.0273895
6 49 -0.0244278
6 50 -0.0200482
6 51 -0.0150412
6 52 -0.0105049
6 53 -0.00723314
6 54 -0.00572006
6 55 -0.00606352
6 56 -0.00788115
6 57 -0.00989461
6 58 -0.0115975
6 59 -0.0122006
6 60 -0.0111145
6 61 -0.00893342
6 62 -0.00644751
6 63 -0.00417165
6 64 -0.00338227
6 65 -0.0044764
6 66 -0.00735659
6 67 -0.0115588
6 68 -0.0163038
6 69 -0.0205501
6 70 -0.0235397
6 71 -0.0246998
6 72 -0.0243445
6 73 -0.0228133
6 74 -0.021289
6 75 -0.0203313
6 76 -0.0204438
6 77 -0.0219061
6 78 -0.0241082
6 79 -0.0259121
6 80 -0.0270998
6 81 -0.0259623
6 82 -0.0221193
6 83 -0.0159314
6 84 -0.00764272
6 85 0.00162615
6 86 0.00988525
6 87 0.0164764
6 88 0.0208215
6 89 0.0225758
6 90 0.0223553
6 91 0.0211472
6 92 0.0194388
6 93 0.0172113
6 94 0.0152805
6 95 0.0129831
6 96 0.00999633
6 97 0.00567703
6 98 0.000472445
6 99 -0.00579488
6 100 -0.0122482
6 101 -0.017045
6 102 -0.0195142
6 103 -0.0191412
6 104 -0.0157687
6 105 -0.00941441
6 106 -0.0015753
6 107 0.0061146
6 108 0.0121898
6 109 0.0159494
6 110 0.0162891
6 111 0.0136929
6 112 0.00890341
6 113 0.00277647
6 114 -0.00334679
6 115 -0.00883841
6 116 -0.0120376
6 117 -0.0134558
6 118 -0.0127279
6 119 0

7 0 0
7 1 -0.014188
7 2 -0.0160869
7 3 -0.01488
7 4 -0.0106024
7 5 -0.00413209
7 6 0.00341129
7 7 0.0109133
7 8 0.0169853
7 9 0.0197468
7 10 0.0188306
7 11 0.0144735
7 12 0.0075723
7 13 -0.000940054
7 14 -0.00931274
7 15 -0.0154729
7 16 -0.018908
7 17 -0.0191135
7 18 -0.0166649
7 19 -0.0120577
7 20 -0.00676247
7 21 -0.00137358
7 22 0.00363586
7 23 0.00757775
7 24 0.010658
7 25 0.0133843
7 26 0.0165716
7 27 0.019254
7 28 0.0217374
7 29 0.0229121
7 30 0.022109
7 31 0.0188439
7 32 0.0131845
7 33 0.00543914
7 34 -0.0038034
7 35 -0.0128744
7 36 -0.0203502
7 37 -0.0253292
7 38 -0.027393
7 39 -0.0263377
7 40 -0.0242731
7 41 -0.0214309
7 42 -0.0193226
7 43 -0.0186379
7 44 -0.0192161
7 45 -0.0202254
7 46 -0.0215269
7 47 -0.0214627
7 48 -0.019877
7 49 -0.0165717
7 50 -0.0118977
7 51 -0.0066003
7 52 -0.00191016
7 53 0.00155738
7 54 0.0031752
7 55 0.00291078
7 56 0.00136556
7 57 -0.00054475
7 58 -0.00217385
7 59 -0.00273832
7 60 -0.00170428
7 61 0.000392877
7 62 0.00278299
7 63 0.00480342
7 64 0.00556547
7 65 0.0044334
7 66 0.0014736
7 67 -0.00274978
7 68 -0.00759534
7 69 -0.0119353
7 70 -0.0150104
7 71 -0.0165916
7 72 -0.0168345
7 73 -0.0159664
7 74 -0.0155226
7 75 -0.015645
7 76 -0.0170453
7 77 -0.0199633
7 78 -0.02378
7 79 -0.0271971
7 80 -0.0301138
7 81 -0.0303792
7 82 -0.0279609
7 83 -0.0227471
7 84 -0.0152791
7 85 -0.00661037
7 86 0.00137258
7 87 0.00801784
7 88 0.0126246
7 89 0.015326
7 90 0.0165065
7 91 0.0170166
7 92 0.0175879
7 93 0.0177095
7 94 0.0180862
7 95 0.0178032
7 96 0.0162159
7 97 0.0124491
7 98 0.00677107
7 99 -0.000863234
7 100 -0.00927519
7 101 -0.0166088
7 102 -0.0215504
7 103 -0.0231502
7 104 -0.0211087
7 105 -0.0150033
7 106 -0.00644707
7 107 0.00288343
7 108 0.0111975
7 109 0.0172728
7 110 0.0199864
7 111 0.0190303
7 112 0.0151239
7 113 0.00901096
7 114 0.00192839
7 115 -0.00507094
7 116 -0.010581
7 117 -0.0142022
7 118 -0.0155691
7 119 0

8 0 0
8 1 -0.0161988
8 2 -0.0159673
8 3 -0.0122685
8 4 -0.00615759
8 5 0.00191898
8 6 0.00984864
8 7 0.0169853
8 8 0.0215699
8 9 0.0221678
8 10 0.018986
8 11 0.012179
8 12 0.00357132
8 13 -0.00608229
8 14 -0.0142052
8 15 -0.0195722
8 16 -0.0211919
8 17 -0.0192084
8 18 -0.0143925
8 19 -0.00764366
8 20 -0.00118003
8 21 0.00509644
8 22 0.00937835
8 23 0.0121827
8 24 0.0130416
8 25 0.0133074
8 26 0.0136124
8 27 0.0136299
8 28 0.0138748
8 29 0.0132974
8 30 0.011512
8 31 0.00779486
8 32 0.00282133
8 33 -0.00440826
8 34 -0.0117903
8 35 -0.0193091
8 36 -0.02473
8 37 -0.0277355
8 38 -0.027635
8 39 -0.0248337
8 40 -0.0205733
8 41 -0.0160287
8 42 -0.0121796
8 43 -0.0098684
8 44 -0.00929222
8 45 -0.00914045
8 46 -0.00976426
8 47 -0.00916072
8 48 -0.00753405
8 49 -0.00423693
8 50 -0.000268245
8 51 0.00472076
8 52 0.00868678
8 53 0.0119706
8 54 0.0130337
8 55 0.0129331
8 56 0.0111348
8 57 0.00939413
8 58 0.0076406
8 59 0.00748718
8 60 0.00795933
8 61 0.0100391
8 62 0.0121248
8 63 0.0142923
8 64 0.0147982
8 65 0.0141802
8 66 0.0113809
8 67 0.00793576
8 68 0.00346737
8 69 6.26699e-06
8 70 -0.00288225
8 71 -0.0041888
8 72 -0.00466305
8 73 -0.00399041
8 74 -0.0042568
8 75 -0.00489455
8 76 -0.00738348
8 77 -0.011368
8 78 -0.0164365
8 79 -0.0215534
8 80 -0.0260337
8 81 -0.0282846
8 82 -0.0279752
8 83 -0.0250017
8 84 -0.0195817
8 85 -0.0134471
8 86 -0.00693434
8 87 -0.00217292
8 88 0.00163408
8 89 0.0039162
8 90 0.00572329
8 91 0.00731903
8 92 0.0099777
8 93 0.0125616
8 94 0.015767
8 95 0.0183305
8 96 0.0191034
8 97 0.0174101
8 98 0.0123409
8 99 0.0050669
8 100 -0.00431894
8 101 -0.0130213
8 102 -0.0200205
8 103 -0.0235642
8 104 -0.0232815
8 105 -0.018569
8 106 -0.0104933
8 107 -0.00113943
8 108 0.00823932
8 109 0.0154915
8 110 0.0202431
8 111 0.0210094
8 112 0.0187381
8 113 0.013856
8 114 0.00715902
8 115 0.000235017
8 116 -0.00653522
8 117 -0.0114549
8 118 -0.0147715
8 119 0

9 0 0
9 1 -0.0147495
9 2 -0.012739
9 3 -0.00753673
9 4 -0.000812334
9 5 0.00724427
9 6 0.0141999
9 7 0.0197468
9 8 0.0221678
9 9 0.020537
9 10 0.0156291
9 11 0.00750102
9 12 -0.00145637
9 13 -0.0105244
9 14 -0.0171525
9 15 -0.0203517
9 16 -0.0198251
9 17 -0.0154574
9 18 -0.00878479
9 19 -0.00107688
9 20 0.00579469
9 21 0.0111015
9 22 0.0139338
9 23 0.0141213
9 24 0.0120436
9 25 0.00925137
9 26 0.00608526
9 27 0.00349192
9 28 0.00160521
9 29 -0.000119968
9 30 -0.00205818
9 31 -0.00474848
9 32 -0.00815501
9 33 -0.0127532
9 34 -0.0175037
9 35 -0.0217444
9 36 -0.0242538
9 37 -0.0245061
9 38 -0.021844
9 39 -0.0171112
9 40 -0.0111929
9 41 -0.00522256
9 42 -0.000171265
9 43 0.00294764
9 44 0.00468692
9 45 0.00519252
9 46 0.00495385
9 47 0.00532018
9 48 0.00654495
9 49 0.00869443
9 50 0.0120288
9 51 0.0155545
9 52 0.0184805
9 53 0.0207232
9 54 0.0212766
9 55 0.0204764
9 56 0.0190049
9 57 0.0170976
9 58 0.0154405
9 59 0.0149599
9 60 0.0155117
9 61 0.0172544
9 62 0.0192716
9 63 0.0208983
9 64 0.0219046
9 65 0.0216334
9 66 0.019742
9 67 0.0172538
9 68 0.0142163
9 69 0.0114186
9 70 0.00978858
9 71 0.0090683
9 72 0.00914246
9 73 0.00982419
9 74 0.0097685
9 75 0.00859028
9 76 0.00608322
9 77 0.0016489
9 78 -0.00398835
9 79 -0.0100683
9 80 -0.0157363
9 81 -0.0200471
9 82 -0.0219816
9 83 -0.0217398
9 84 -0.0195439
9 85 -0.0164496
9 86 -0.0132524
9 87 -0.0111844
9 88 -0.00977863
9 89 -0.00892771
9 90 -0.00768422
9 91 -0.00557377
9 92 -0.00184171
9 93 0.00318469
9 94 0.00878806
9 95 0.014379
9 96 0.0182579
9 97 0.0191315
9 98 0.0164726
9 99 0.0106029
9 100 0.0021716
9 101 -0.00669956
9 102 -0.0147339
9 103 -0.0197659
9 104 -0.0215003
9 105 -0.0189445
9 106 -0.0127241
9 107 -0.00482784
9 108 0.0038664
9 109 0.0110707
9 110 0.0166343
9 111 0.0188778
9 112 0.0183068
9 113 0.0154093
9 114 0.0104733
9 115 0.0048966
9 116 -0.00133136
9 117 -0.00645352
9 118 -0.0106914
9 119 0

10 0 0
10 1 -0.0108368
10 2 -0.00769424
10 3 -0.00215069
10 4 0.00392314
10 5 0.0105879
10 6 0.0155697
10 7 0.0188306
10 8 0.018986
10 9 0.0156291
10 10 0.0098178
10 11 0.00172044
10 12 -0.00637581
10 13 -0.013663
10 14 -0.0177795
10 15 -0.0185855
10 16 -0.0155746
10 17 -0.00943681
10 18 -0.00153072
10 19 0.00646207
10 20 0.0123427
10 21 0.0163359
10 22 0.0163622
10 23 0.0137256
10 24 0.00842329
10 25 0.00240823
10 26 -0.00346051
10 27 -0.00838213
10 28 -0.0114747
10 29 -0.0135694
10 30 -0.0148265
10 31 -0.0158664
10 32 -0.0164076
10 33 -0.0181712
10 34 -0.0188055
10 35 -0.0195745
10 36 -0.0187716
10 37 -0.0161727
10 38 -0.011578
10 39 -0.00554879
10 40 0.00143028
10 41 0.00785465
10 42 0.0131727
10 43 0.016727
10 44 0.0181883
10 45 0.0189034
10 46 0.0182613
10 47 0.0182201
10 48 0.0184223
10 49 0.0194987
10 50 0.0207899
10 51 0.023004
10 52 0.0242586
10 53 0.0254952
10 54 0.0249484
10 55 0.0240818
10 56 0.022163
10 57 0.0204253
10 58 0.0187499
10 59 0.0187029
10 60 0.0185496
10 61 0.0200391
10 62 0.0216219
10 63 0.0234334
10 64 0.0242582
10 65 0.0248501
10 66 0.0237508
10 67 0.0227485
10 68 0.0208691
10 69 0.0200202
10 70 0.0194132
10 71 0.0197766
10 72 0.0203835
10 73 0.0217742
10 74 0.0218874
10 75 0.0215952
10 76 0.0192881
10 77 0.0154421
10 78 0.010135
10 79 0.00396236
10 80 -0.00218491
10 81 -0.0074545
10 82 -0.011492
10 83 -0.0137825
10 84 -0.0146717
10 85 -0.0155263
10 86 -0.0155154
10 87 -0.0170326
10 88 -0.0184053
10 89 -0.0197337
10 90 -0.0197985
10 91 -0.0184543
10 92 -0.0141722
10 93 -0.00819652
10 94 -0.000467655
10 95 0.00757505
10 96 0.014286
10 97 0.018434
10 98 0.0182707
10 99 0.0151425
10 100 0.00848471
10 101 0.000649761
10 102 -0.00731218
10 103 -0.0132085
10 104 -0.0165669
10 105 -0.0163843
10 106 -0.0128509
10 107 -0.00750345
10 108 -0.000921136
10 109 0.00480963
10 110 0.0101563
10 111 0.0130092
10 112 0.0141203
10 113 0.0135366
10 114 0.011207
10 115 0.00827897
10 116 0.00375473
10 117 -0.000252511
10 118 -0.00454101
10 119 0

11 0 0
11 1 -0.00479082
11 2 -0.0011351
11 3 0.00381054
11 4 0.00801526
11 5 0.0121274
11 6 0.0140696
11 7 0.0144735
11 8 0.012179
11 9 0.00750102
11 10 0.00172044
11 11 -0.00525226
11 12 -0.0110361
11 13 -0.0153499
11 14 -0.0161364
11 15 -0.0139375
11 16 -0.0088616
11 17 -0.00138754
11 18 0.00664705
11 19 0.0135515
11 20 0.0178396
11 21 0.0191017
11 22 0.0165863
11 23 0.0109243
11 24 0.00297406
11 25 -0.00510138
11 26 -0.0131713
11 27 -0.0189503
11 28 -0.0225753
11 29 -0.0240942
11 30 -0.023903
11 31 -0.0225005
11 32 -0.0202083
11 33 -0.018191
11 34 -0.0154882
11 35 -0.0126215
11 36 -0.00903537
11 37 -0.00458108
11 38 0.00138595
11 39 0.00748062
11 40 0.0141843
11 41 0.0199279
11 42 0.0245317
11 43 0.0270791
11 44 0.0283792
11 45 0.0280987
11 46 0.0270429
11 47 0.0259237
11 48 0.0250637
11 49 0.0243583
11 50 0.0244829
11 51 0.0245163
11 52 0.0242785
11 53 0.0240925
11 54 0.0229766
11 55 0.0214359
11 56 0.0199991
11 57 0.0182916
11 58 0.0169038
11 59 0.0165328
11 60 0.0164768
11 61 0.0174553
11 62 0.0187697
11 63 0.0198715
11 64 0.021117
11 65 0.0220434
11 66 0.0221033
11 67 0.0223577
11 68 0.0224039
11 69 0.0225072
11 70 0.0234805
11 71 0.0247697
11 72 0.0263947
11 73 0.0282356
11 74 0.0295341
11 75 0.0296911
11 76 0.0288785
11 77 0.0262781
11 78 0.0224011
11 79 0.0172333
11 80 0.0120077
11 81 0.0062855
11 82 0.00155826
11 83 -0.00256911
11 84 -0.00609977
11 85 -0.0097673
11 86 -0.0132042
11 87 -0.0177836
11 88 -0.0221232
11 89 -0.0259121
11 90 -0.0279404
11 91 -0.0277569
11 92 -0.0245847
11 93 -0.0182119
11 94 -0.0101721
11 95 -0.000643064
11 96 0.00819975
11 97 0.0148049
11 98 0.0178387
11 99 0.0176575
11 100 0.0140073
11 101 0.00829937
11 102 0.00138136
11 103 -0.00453295
11 104 -0.00917645
11 105 -0.0115432
11 106 -0.0111076
11 107 -0.00932203
11 108 -0.0058766
11 109 -0.00262639
11 110 0.00137455
11 111 0.00438375
11 112 0.00671509
11 113 0.00866338
11 114 0.00951455
11 115 0.00993703
11 116 0.00834706
11 117 0.00635162
11 118 0.00293916
11 119 0

12 0 0
12 1 0.00164415
12 2 0.00510281
12 3 0.00836488
12 4 0.0101805
12 5 0.0109594
12 6 0.00995674
12 7 0.0075723
12 8 0.00357132
12 9 -0.00145637
12 10 -0.00637581
12 11 -0.0110361
12 12 -0.0141039
12 13 -0.0149423
12 14 -0.0126559
12 15 -0.00804791
12 16 -0.00155048
12 17 0.00614207
12 18 0.0134412
12 19 0.018666
12 20 0.0206654
12 21 0.0195414
12 22 0.0145728
12 23 0.00682565
12 24 -0.00242656
12 25 -0.0116417
12 26 -0.0198911
12 27 -0.0256759
12 28 -0.0285005
12 29 -0.0287621
12 30 -0.0268266
12 31 -0.0230631
12 32 -0.0180791
12 33 -0.013307
12 34 -0.00775188
12 35 -0.00256816
12 36 0.00239886
12 37 0.00770461
12 38 0.013133
12 39 0.0182529
12 40 0.0233156
12 41 0.0272846
12 42 0.0299574
12 43 0.0311819
12 44 0.0309965
12 45 0.0299779
12 46 0.0280737
12 47 0.0262256
12 48 0.0242686
12 49 0.0223426
12 50 0.0206786
12 51 0.0193199
12 52 0.0177116
12 53 0.0165382
12 54 0.0148367
12 55 0.0134009
12 56 0.0121374
12 57 0.0108709
12 58 0.00991442
12 59 0.00981584
12 60 0.00938152
12 61 0.00981245
12 62 0.0105679
12 63 0.0113484
12 64 0.0123385
12 65 0.0136526
12 66 0.0145003
12 67 0.0158658
12 68 0.017048
12 69 0.0186251
12 70 0.020527
12 71 0.0225902
12 72 0.024686
12 73 0.0271412
12 74 0.029055
12 75 0.0306493
12 76 0.0312363
12 77 0.030748
12 78 0.028951
12 79 0.0258931
12 80 0.0222704
12 81 0.0179586
12 82 0.0133854
12 83 0.00905982
12 84 0.00430945
12 85 -0.00115636
12 86 -0.00661895
12 87 -0.0133436
12 88 -0.0199295
12 89 -0.025631
12 90 -0.0296165
12 91 -0.031296
12 92 -0.0295996
12 93 -0.0246776
12 94 -0.0171708
12 95 -0.00789823
12 96 0.00174702
12 97 0.00990501
12 98 0.0151396
12 99 0.0177523
12 100 0.0171213
12 101 0.0139277
12 102 0.00897771
12 103 0.00381517
12 104 -0.00121735
12 105 -0.0052828
12 106 -0.00781306
12 107 -0.00927013
12 108 -0.00958199
12 109 -0.00926647
12 110 -0.00747175
12 111 -0.00520137
12 112 -0.0021908
12 113 0.00164166
12 114 0.00566832
12 115 0.00943577
12 116 0.0113098
12 117 0.0118295
12 118 0.0100417
12 119 0

13 0 0
13 1 0.00780564
13 2 0.0103859
13 3 0.0114342
13 4 0.010247
13 5 0.00767731
13 6 0.00360924
13 7 -0.000940054
13 8 -0.00608229
13 9 -0.0105244
13 10 -0.013663
13 11 -0.0153499
13 12 -0.0149423
13 13 -0.0123458
13 14 -0.00705194
13 15 -0.000790954
13 16 0.00628884
13 17 0.0130595
13 18 0.0185996
13 19 0.0212724
13 20 0.020755
13 21 0.017259
13 22 0.0106316
13 23 0.00208097
13 24 -0.00727377
13 25 -0.0156715
13 26 -0.0231689
13 27 -0.027391
13 28 -0.0290014
13 29 -0.0275887
13 30 -0.0240147
13 31 -0.0184706
13 32 -0.0117486
13 33 -0.00520071
13 34 0.00171915
13 35 0.00782602
13 36 0.0130265
13 37 0.0173922
13 38 0.0214744
13 39 0.0239951
13 40 0.0266023
13 41 0.0277739
13 42 0.0282264
13 43 0.0274773
13 44 0.0263181
13 45 0.0241504
13 46 0.0219866
13 47 0.0194753
13 48 0.0170026
13 49 0.014232
13 50 0.0118106
13 51 0.0091923
13 52 0.00681802
13 53 0.00499868
13 54 0.00331564
13 55 0.00217302
13 56 0.00163821
13 57 0.00101576
13 58 0.000693562
13 59 0.000742755
13 60 0.000203066
13 61 4.19209e-05
13 62 0.000166648
13 63 0.0002306
13 64 0.000881886
13 65 0.00212797
13 66 0.00348567
13 67 0.00547316
13 68 0.00766175
13 69 0.00973611
13 70 0.0121099
13 71 0.0143288
13 72 0.0166455
13 73 0.018967
13 74 0.0216054
13 75 0.0238221
13 76 0.0260497
13 77 0.0275287
13 78 0.0283776
13 79 0.0277554
13 80 0.0269755
13 81 0.0244585
13 82 0.0216479
13 83 0.0180279
13 84 0.0135703
13 85 0.00783251
13 86 0.00181133
13 87 -0.00571849
13 88 -0.0131507
13 89 -0.0199985
13 90 -0.0254199
13 91 -0.0286599
13 92 -0.0292687
13 93 -0.0262398
13 94 -0.0210009
13 95 -0.0131631
13 96 -0.00442878
13 97 0.00403149
13 98 0.0105491
13 99 0.0154815
13 100 0.0177747
13 101 0.0175639
13 102 0.0152119
13 103 0.0115856
13 104 0.0071402
13 105 0.00189718
13 106 -0.00277437
13 107 -0.0075002
13 108 -0.0113342
13 109 -0.0143873
13 110 -0.0153318
13 111 -0.0144492
13 112 -0.0116749
13 113 -0.00650476
13 114 -8.40109e-05
13 115 0.00688998
13 116 0.0121033
13 117 0.0155476
13 118 0.0158438
13 119 0

14 0 0
14 1 0.0123249
14 2 0.0134178
14 3 0.0118909
14 4 0.00801885
14 5 0.00247423
14 6 -0.00350213
14 7 -0.00931274
14 8 -0.0142052
14 9 -0.0171525
14 10 -0.0177795
14 11 -0.0161364
14 12 -0.0126559
14 13 -0.00705194
14 14 -0.00021691
14 15 0.00668114
14 16 0.0126396
14 17 0.0173776
14 18 0.0200631
14 19 0.0196768
14 20 0.0168234
14 21 0.0114435
14 22 0.00459328
14 23 -0.0034179
14 24 -0.0107683
14 25 -0.0170387
14 26 -0.0218628
14 27 -0.0238846
14 28 -0.0234092
14 29 -0.0204689
14 30 -0.0156935
14 31 -0.00913987
14 32 -0.0021507
14 33 0.00497876
14 34 0.0114593
14 35 0.0171517
14 36 0.0208751
14 37 0.0234695
14 38 0.0246468
14 39 0.0243618
14 40 0.0234245
14 41 0.0217437
14 42 0.0194803
14 43 0.017001
14 44 0.0147507
14 45 0.0122288
14 46 0.010063
14 47 0.00769202
14 48 0.00525689
14 49 0.00224325
14 50 -0.000410952
14 51 -0.00350354
14 52 -0.00604705
14 53 -0.00808146
14 54 -0.0092467
14 55 -0.00987867
14 56 -0.00931203
14 57 -0.00905463
14 58 -0.0085109
14 59 -0.00844956
14 60 -0.0088195
14 61 -0.0096782
14 62 -0.0102662
14 63 -0.011179
14 64 -0.0109177
14 65 -0.0101456
14 66 -0.00853868
14 67 -0.0064654
14 68 -0.00390011
14 69 -0.00184725
14 70 0.000510449
14 71 0.00225429
14 72 0.00402178
14 73 0.00575808
14 74 0.00823486
14 75 0.0108522
14 76 0.014226
14 77 0.0176899
14 78 0.0208402
14 79 0.0231958
14 80 0.0249889
14 81 0.0253333
14 82 0.024669
14 83 0.0231707
14 84 0.0200535
14 85 0.0159075
14 86 0.0105383
14 87 0.00420354
14 88 -0.00290601
14 89 -0.0095109
14 90 -0.0155263
14 91 -0.0200644
14 92 -0.0228562
14 93 -0.0227263
14 94 -0.0205819
14 95 -0.016009
14 96 -0.00956872
14 97 -0.00276843
14 98 0.00397812
14 99 0.00988447
14 100 0.0147451
14 101 0.017311
14 102 0.0179759
14 103 0.0168093
14 104 0.0138405
14 105 0.00906178
14 106 0.00319276
14 107 -0.00334489
14 108 -0.0101657
14 109 -0.0159952
14 110 -0.0199042
14 111 -0.0210152
14 112 -0.0192846
14 113 -0.014157
14 114 -0.00629489
14 115 0.00253103
14 116 0.0106442
14 117 0.016524
14 118 0.0191507
14 119 0

15 0 0
15 1 0.0150528
15 2 0.0147719
15 3 0.0110051
15 4 0.00508369
15 5 -0.00245598
15 6 -0.00953157
15 7 -0.0154729
15 8 -0.0195722
15 9 -0.0203517
15 10 -0.0185855
15 11 -0.0139375
15 12 -0.00804791
15 13 -0.000790954
15 14 0.00668114
15 15 0.0123886
15 16 0.016558
15 17 0.018039
15 18 0.0175957
15 19 0.014344
15 20 0.00944642
15 21 0.00363295
15 22 -0.00262087
15 23 -0.00822984
15 24 -0.0125436
15 25 -0.0152148
15 26 -0.0166871
15 27 -0.0156438
15 28 -0.0133029
15 29 -0.00901532
15 30 -0.00396786
15 31 0.00205691
15 32 0.00825133
15 33 0.0138967
15 34 0.019103
15 35 0.0228283
15 36 0.0245233
15 37 0.0243327
15 38 0.0226114
15 39 0.0187203
15 40 0.014927
15 41 0.0102518
15 42 0.00601258
15 43 0.0023577
15 44 -0.000372204
15 45 -0.00283392
15 46 -0.00410995
15 47 -0.00572637
15 48 -0.00736831
15 49 -0.00955632
15 50 -0.0121224
15 51 -0.0150176
15 52 -0.0173225
15 53 -0.0189924
15 54 -0.0195484
15 55 -0.0188776
15 56 -0.0175132
15 57 -0.0161678
15 58 -0.0148032
15 59 -0.0140927
15 60 -0.0148445
15 61 -0.0162549
15 62 -0.0176832
15 63 -0.0191423
15 64 -0.019981
15 65 -0.019615
15 66 -0.0182548
15 67 -0.0163118
15 68 -0.0139661
15 69 -0.012043
15 70 -0.0107242
15 71 -0.0100035
15 72 -0.00941791
15 73 -0.00900235
15 74 -0.00723313
15 75 -0.00478273
15 76 -0.00110708
15 77 0.00348112
15 78 0.00862148
15 79 0.0129722
15 80 0.0175741
15 81 0.0203396
15 82 0.0222597
15 83 0.0229394
15 84 0.0222865
15 85 0.0201621
15 86 0.0174341
15 87 0.01322
15 88 0.00838835
15 89 0.00318513
15 90 -0.00235528
15 91 -0.00740813
15 92 -0.0121155
15 93 -0.0148819
15 94 -0.0163717
15 95 -0.0156286
15 96 -0.0130434
15 97 -0.00869275
15 98 -0.00369542
15 99 0.00243231
15 100 0.00847046
15 101 0.0133524
15 102 0.016976
15 103 0.0183114
15 104 0.0178976
15 105 0.0143149
15 106 0.0088726
15 107 0.00158303
15 108 -0.00677759
15 109 -0.0145504
15 110 -0.0207912
15 111 -0.0238232
15 112 -0.0236144
15 113 -0.0191784
15 114 -0.0112594
15 115 -0.00153161
15 116 0.00810217
15 117 0.0157422
15 118 0.0201399
15 119 0

16 0 0
16 1 0.0160089
16 2 0.0141487
16 3 0.00875068
16 4 0.00143756
16 5 -0.0068395
16 6 -0.0138095
16 7 -0.018908
16 8 -0.0211919
16 9 -0.0198251
16 10 -0.0155746
16 11 -0.0088616
16 12 -0.00155048
16 13 0.00628884
16 14 0.0126396
16 15 0.016558
16 16 0.0174519
16 17 0.015548
16 18 0.0116203
16 19 0.00557422
16 20 -0.000318264
16 21 -0.00621243
16 22 -0.0102521
16 23 -0.0126778
16 24 -0.0127579
16 25 -0.0112055
16 26 -0.00877613
16 27 -0.00496784
16 28 -0.00082546
16 29 0.00372981
16 30 0.00818676
16 31 0.0128853
16 32 0.0166314
16 33 0.0205423
16 34 0.0229289
16 35 0.0243946
16 36 0.0234447
16 37 0.020671
16 38 0.0159814
16 39 0.00977771
16 40 0.00317693
16 41 -0.00321905
16 42 -0.0088315
16 43 -0.0130077
16 44 -0.0152767
16 45 -0.0167433
16 46 -0.016634
16 47 -0.016821
16 48 -0.0170657
16 49 -0.0183656
16 50 -0.0198413
16 51 -0.0223171
16 52 -0.0239363
16 53 -0.0252213
16 54 -0.0246846
16 55 -0.0234027
16 56 -0.020603
16 57 -0.0182081
16 58 -0.0159554
16 59 -0.0154574
16 60 -0.015714
16 61 -0.0177358
16 62 -0.0199256
16 63 -0.0225539
16 64 -0.0237184
16 65 -0.024208
16 66 -0.0229764
16 67 -0.0215523
16 68 -0.0194457
16 69 -0.018574
16 70 -0.018094
16 71 -0.0189146
16 72 -0.0198882
16 73 -0.0212352
16 74 -0.0208297
16 75 -0.0195227
16 76 -0.0160143
16 77 -0.0110826
16 78 -0.00520247
16 79 0.000752819
16 80 0.00668716
16 81 0.0114547
16 82 0.0153579
16 83 0.0182725
16 84 0.0198323
16 85 0.0208178
16 86 0.0204679
16 87 0.0198878
16 88 0.0178424
16 89 0.0152219
16 90 0.0113119
16 91 0.00658561
16 92 0.000711355
16 93 -0.00451297
16 94 -0.00965828
16 95 -0.0131817
16 96 -0.0147778
16 97 -0.0143447
16 98 -0.0114146
16 99 -0.00678396
16 100 -0.000113462
16 101 0.00622274
16 102 0.0122292
16 103 0.0164517
16 104 0.018606
16 105 0.0175837
16 106 0.0135887
16 107 0.00721944
16 108 -0.00120996
16 109 -0.00973203
16 110 -0.0174747
16 111 -0.0223564
16 112 -0.0240415
16 113 -0.0213991
16 114 -0.014698
16 115 -0.00561285
16 116 0.0043839
16 117 0.0129091
16 118 0.0187275
16 119 0

17 0 0
17 1 0.0147982
17 2 0.0117046
17 3 0.00524033
17 4 -0.0022282
17 5 -0.0101522
17 6 -0.0157968
17 7 -0.0191135
17 8 -0.0192084
17 9 -0.0154574
17 10 -0.00943681
17 11 -0.00138754
17 12 0.00614207
17 13 0.0130595
17 14 0.0173776
17 15 0.018039
17 16 0.015548
17 17 0.00987571
17 18 0.00284676
17 19 -0.00490923
17 20 -0.0113451
17 21 -0.0157249
17 22 -0.0172634
17 23 -0.0157174
17 24 -0.0114746
17 25 -0.00591833
17 26 5.13813e-05
17 27 0.00608781
17 28 0.0109884
17 29 0.015055
17 30 0.0179085
17 31 0.0199604
17 32 0.0211624
17 33 0.0220016
17 34 0.0221032
17 35 0.0210737
17 36 0.0181254
17 37 0.0134599
17 38 0.00703312
17 39 -0.000818862
17 40 -0.00836657
17 41 -0.0155431
17 42 -0.0212548
17 43 -0.0245618
17 44 -0.0259105
17 45 -0.025658
17 46 -0.0236204
17 47 -0.0218704
17 48 -0.0205674
17 49 -0.0201544
17 50 -0.0210851
17 51 -0.0226208
17 52 -0.0237026
17 53 -0.0243018
17 54 -0.0232079
17 55 -0.0206061
17 56 -0.0173516
17 57 -0.0140079
17 58 -0.0111628
17 59 -0.00997891
17 60 -0.0107056
17 61 -0.013098
17 62 -0.0160081
17 63 -0.0188465
17 64 -0.0210796
17 65 -0.0218547
17 66 -0.0210442
17 67 -0.019877
17 68 -0.0184662
17 69 -0.0178887
17 70 -0.0189474
17 71 -0.0211441
17 72 -0.0240116
17 73 -0.027267
17 74 -0.0287714
17 75 -0.0286469
17 76 -0.0265807
17 77 -0.0222219
17 78 -0.0165609
17 79 -0.0106634
17 80 -0.00427908
17 81 0.00119826
17 82 0.00593714
17 83 0.0100658
17 84 0.0134379
17 85 0.016382
17 86 0.019116
17 87 0.0215892
17 88 0.0232556
17 89 0.0237238
17 90 0.0222554
17 91 0.0187837
17 92 0.0128562
17 93 0.00585561
17 94 -0.00184778
17 95 -0.0091479
17 96 -0.0149161
17 97 -0.0181271
17 98 -0.0185551
17 99 -0.0157093
17 100 -0.00995896
17 101 -0.00292401
17 102 0.00482005
17 103 0.0113552
17 104 0.0165275
17 105 0.0183411
17 106 0.0169152
17 107 0.0126005
17 108 0.00542916
17 109 -0.00256809
17 110 -0.0108813
17 111 -0.017062
17 112 -0.0205967
17 113 -0.0202835
17 114 -0.015809
17 115 -0.00864404
17 116 0.000338874
17 117 0.00859323
17 118 0.0150545
17 119 0

18 0 0
18 1 0.0120558
18 2 0.0078414
18 3 0.00114361
18 4 -0.00583697
18 5 -0.0121327
18 6 -0.0157703
18 7 -0.0166649
18 8 -0.0143925
18 9 -0.00878479
18 10 -0.00153072
18 11 0.00664705
18 12 0.0134412
18 13 0.0185996
18 14 0.0200631
18 15 0.0175957
18 16 0.0116203
18 17 0.00284676
18 18 -0.00648981
18 19 -0.015548
18 20 -0.0214052
18 21 -0.0243328
18 22 -0.022839
18 23 -0.0175235
18 24 -0.00942534
18 25 -0.000232853
18 26 0.00827266
18 27 0.0155774
18 28 0.0203135
18 29 0.0228124
18 30 0.0232767
18 31 0.0225808
18 32 0.0204888
18 33 0.0190834
18 34 0.0167814
18 35 0.014257
18 36 0.0103793
18 37 0.00511289
18 38 -0.00163859
18 39 -0.00930946
18 40 -0.0168058
18 41 -0.0233458
18 42 -0.0279921
18 43 -0.0300124
18 44 -0.0293302
18 45 -0.0271132
18 46 -0.0229893
18 47 -0.0195131
18 48 -0.0165353
18 49 -0.0151251
18 50 -0.0149378
18 51 -0.0161096
18 52 -0.0166597
18 53 -0.0170942
18 54 -0.0153641
18 55 -0.0126186
18 56 -0.00852941
18 57 -0.00463278
18 58 -0.00133382
18 59 -0.000465125
18 60 -0.00079297
18 61 -0.00354812
18 62 -0.00689974
18 63 -0.0104413
18 64 -0.0126491
18 65 -0.0138671
18 66 -0.0129789
18 67 -0.0120854
18 68 -0.010727
18 69 -0.0109617
18 70 -0.0126572
18 71 -0.0162083
18 72 -0.0204388
18 73 -0.0255239
18 74 -0.028745
18 75 -0.0306273
18 76 -0.0299175
18 77 -0.0270257
18 78 -0.0225218
18 79 -0.0175167
18 80 -0.0121847
18 81 -0.00746814
18 82 -0.00315463
18 83 0.000758126
18 84 0.00460364
18 85 0.00900237
18 86 0.0133504
18 87 0.0189029
18 88 0.0236101
18 89 0.0273689
18 90 0.0288003
18 91 0.0273413
18 92 0.0221217
18 93 0.014714
18 94 0.00509196
18 95 -0.00477982
18 96 -0.0139236
18 97 -0.0205385
18 98 -0.0236686
18 99 -0.0233691
18 100 -0.0187537
18 101 -0.0120829
18 102 -0.00359281
18 103 0.00459762
18 104 0.012026
18 105 0.0167534
18 106 0.0182257
18 107 0.0167085
18 108 0.0120493
18 109 0.00558553
18 110 -0.00217709
18 111 -0.00904445
18 112 -0.0143269
18 113 -0.0165724
18 114 -0.0152893
18 115 -0.0108901
18 116 -0.00411402
18 117 0.00315999
18 118 0.0097481
18 119 0

19 0 0
19 1 0.00810843
19 2 0.0031541
19 3 -0.00298374
19 4 -0.00855529
19 5 -0.0125299
19 6 -0.0135306
19 7 -0.0120577
19 8 -0.00764366
19 9 -0.00107688
19 10 0.00646207
19 11 0.0135515
19 12 0.018666
19 13 0.0212724
19 14 0.0196768
19 15 0.014344
19 16 0.00557422
19 17 -0.00490923
19 18 -0.015548
19 19 -0.0241888
19 20 -0.028952
19 21 -0.0295073
19 22 -0.0251648
19 23 -0.0166515
19 24 -0.0054096
19 25 0.00581098
19 26 0.0158261
19 27 0.0227899
19 28 0.026417
19 29 0.0263822
19 30 0.0241997
19 31 0.0202546
19 32 0.0155931
19 33 0.0118883
19 34 0.00838075
19 35 0.0052644
19 36 0.00161517
19 37 -0.00270084
19 38 -0.00849612
19 39 -0.0145522
19 40 -0.0206484
19 41 -0.0253472
19 42 -0.0283988
19 43 -0.0282159
19 44 -0.0259804
19 45 -0.0215205
19 46 -0.0158794
19 47 -0.0106371
19 48 -0.00672398
19 49 -0.00426134
19 50 -0.00405248
19 51 -0.00478424
19 52 -0.00557453
19 53 -0.00590117
19 54 -0.00435925
19 55 -0.00129253
19 56 0.00257895
19 57 0.00683529
19 58 0.0101089
19 59 0.011208
19 60 0.0105803
19 61 0.00778542
19 62 0.00404329
19 63 0.000701123
19 64 -0.00178065
19 65 -0.00274406
19 66 -0.0018079
19 67 -0.000494428
19 68 0.000707724
19 69 0.0007644
19 70 -0.0015636
19 71 -0.00559852
19 72 -0.0110627
19 73 -0.0171268
19 74 -0.0220643
19 75 -0.0250456
19 76 -0.0262515
19 77 -0.0248171
19 78 -0.0223079
19 79 -0.0189897
19 80 -0.0158906
19 81 -0.0128054
19 82 -0.0104879
19 83 -0.00785146
19 84 -0.00482571
19 85 -0.000463491
19 86 0.0048235
19 87 0.0120882
19 88 0.0194291
19 89 0.0259267
19 90 0.0304538
19 91 0.0313113
19 92 0.0281368
19 93 0.0211655
19 94 0.0116254
19 95 0.000256309
19 96 -0.0107166
19 97 -0.0198103
19 98 -0.0254472
19 99 -0.0275314
19 100 -0.0251218
19 101 -0.0196131
19 102 -0.011907
19 103 -0.00316243
19 104 0.00535194
19 105 0.0124378
19 106 0.0165259
19 107 0.0181915
19 108 0.0166796
19 109 0.0127388
19 110 0.00667603
19 111 -1.0578e-05
19 112 -0.00612141
19 113 -0.0108339
19 114 -0.0126615
19 115 -0.0117522
19 116 -0.00786141
19 117 -0.002482
19 118 0.00347595
19 119 0

20 0 0
20 1 0.00357182
20 2 -0.00161314
20 3 -0.00696311
20 4 -0.0105296
20 5 -0.0119905
20 6 -0.0104322
20 7 -0.00676247
20 8 -0.00118003
20 9 0.00579469
20 10 0.0123427
20 11 0.0178396
20 12 0.0206654
20 13 0.020755
20 14 0.0168234
20 15 0.00944642
20 16 -0.000318264
20 17 -0.0113451
20 18 -0.0214052
20 19 -0.028952
20 20 -0.031733
20 21 -0.0301921
20 22 -0.0235617
20 23 -0.0129902
20 24 -0.000443823
20 25 0.0114609
20 26 0.0208091
20 27 0.026555
20 28 0.0276552
20 29 0.0250493
20 30 0.0198395
20 31 0.0133513
20 32 0.00652709
20 33 0.0017835
20 34 -0.00193225
20 35 -0.00416986
20 36 -0.00603935
20 37 -0.00827928
20 38 -0.0114382
20 39 -0.0151414
20 40 -0.0186306
20 41 -0.0211492
20 42 -0.0217995
20 43 -0.0198503
20 44 -0.0155835
20 45 -0.00995735
20 46 -0.00300312
20 47 0.00280133
20 48 0.00733591
20 49 0.00978263
20 50 0.0100987
20 51 0.00874154
20 52 0.00760187
20 53 0.00659829
20 54 0.00777195
20 55 0.0102696
20 56 0.0139952
20 57 0.0178881
20 58 0.0210821
20 59 0.0218965
20 60 0.0213359
20 61 0.0184192
20 62 0.0148474
20 63 0.0115067
20 64 0.00946767
20 65 0.00882634
20 66 0.0104233
20 67 0.0121803
20 68 0.0141489
20 69 0.0143786
20 70 0.0124162
20 71 0.00826651
20 72 0.00282561
20 73 -0.00383933
20 74 -0.00919632
20 75 -0.0134483
20 76 -0.0157226
20 77 -0.0161301
20 78 -0.015375
20 79 -0.0144875
20 80 -0.0137131
20 81 -0.0135932
20 82 -0.0138704
20 83 -0.0140194
20 84 -0.0130623
20 85 -0.0101149
20 86 -0.00534952
20 87 0.0024083
20 88 0.0110468
20 89 0.0195915
20 90 0.0263896
20 91 0.030043
20 92 0.0290489
20 93 0.0242914
20 94 0.015865
20 95 0.0052107
20 96 -0.00615096
20 97 -0.0160538
20 98 -0.0231651
20 99 -0.0271905
20 100 -0.0268989
20 101 -0.0235577
20 102 -0.0174199
20 103 -0.00992544
20 104 -0.00135672
20 105 0.00646651
20 106 0.0125593
20 107 0.0168356
20 108 0.0184726
20 109 0.0175854
20 110 0.0136408
20 111 0.00819013
20 112 0.001646
20 113 -0.00474934
20 114 -0.00960662
20 115 -0.0120725
20 116 -0.0112593
20 117 -0.00811282
20 118 -0.00288886
20 119 0

21 0 0
21 1 -0.00160417
21 2 -0.0070116
21 3 -0.0107425
