0 0 0
0 1 0
0 2 0
0 3 0
0 4 0
0 5 0
0 6 0
0 7 0
0 8 0
0 9 0
0 10 0
0 11 0
0 12 0
0 13 0
0 14 0
0 15 0
0 16 0
0 17 0
0 18 0
0 19 0
0 20 0
0 21 0
0 22 0
0 23 0
0 24 0
0 25 0
0 26 0
0 27 0
0 28 0
0 29 0
0 30 0
0 31 0
0 32 0
0 33 0
0 34 0
0 35 0
0 36 0
0 37 0
0 38 0
0 39 0
0 40 0
0 41 0
0 42 0
0 43 0
0 44 0
0 45 0
0 46 0
0 47 0
0 48 0
0 49 0
0 50 0
0 51 0
0 52 0
0 53 0
0 54 0
0 55 0
0 56 0
0 57 0
0 58 0
0 59 0
0 60 0
0 61 0
0 62 0
0 63 0
0 64 0
0 65 0
0 66 0
0 67 0
0 68 0
0 69 0
0 70 0
0 71 0
0 72 0
0 73 0
0 74 0
0 75 0
0 76 0
0 77 0
0 78 0
0 79 0
0 80 0
0 81 0
0 82 0
0 83 0
0 84 0
0 85 0
0 86 0
0 87 0
0 88 0
0 89 0
0 90 0
0 91 0
0 92 0
0 93 0
0 94 0
0 95 0
0 96 0
0 97 0
0 98 0
0 99 0
0 100 0
0 101 0
0 102 0
0 103 0
0 104 0
0 105 0
0 106 0
0 107 0
0 108 0
0 109 0
0 110 0
0 111 0
0 112 0
0 113 0
0 114 0
0 115 0
0 116 0
0 117 0
0 118 0
0 119 0

1 0 0
1 1 0.023523
1 2 0.0210658
1 3 0.0152618
1 4 0.00727116
1 5 -0.00144234
1 6 -0.00901874
1 7 -0.014244
1 8 -0.0161161
1 9 -0.0149242
1 10 -0.0108593
1 11 -0.00496851
1 12 0.0017733
1 13 0.00787234
1 14 0.0123244
1 15 0.0151732
1 16 0.0158662
1 17 0.0150521
1 18 0.0120767
1 19 0.0081363
1 20 0.00340923
1 21 -0.00192192
1 22 -0.00714665
1 23 -0.0123381
1 24 -0.0163206
1 25 -0.0197766
1 26 -0.0219966
1 27 -0.0229533
1 28 -0.0223072
1 29 -0.0205075
1 30 -0.0174357
1 31 -0.0132962
1 32 -0.00845553
1 33 -0.00342369
1 34 0.00152648
1 35 0.00659099
1 36 0.0108337
1 37 0.0149032
1 38 0.0181965
1 39 0.0210233
1 40 0.0227758
1 41 0.0238306
1 42 0.0237975
1 43 0.0230579
1 44 0.0212407
1 45 0.0192654
1 46 0.0168764
1 47 0.0145055
1 48 0.0126152
1 49 0.011152
1 50 0.00985151
1 51 0.00900612
1 52 0.00810598
1 53 0.00686416
1 54 0.00557515
1 55 0.00383303
1 56 0.00193159
1 57 0.000348446
1 58 -0.000848069
1 59 -0.00159777
1 60 -0.00127477
1 61 -0.000507887
1 62 0.000656048
1 63 0.00213151
1 64 0.00347296
1 65 0.00435657
1 66 0.00524164
1 67 0.00579167
1 68 0.00637007
1 69 0.007433
1 70 0.00878752
1 71 0.0106324
1 72 0.0131392
1 73 0.015767
1 74 0.0182111
1 75 0.0206349
1 76 0.0222374
1 77 0.0232841
1 78 0.0234789
1 79 0.0230972
1 80 0.0217864
1 81 0.0200413
1 82 0.0174908
1 83 0.0146502
1 84 0.0107146
1 85 0.00659502
1 86 0.00186064
1 87 -0.00313503
1 88 -0.00815016
1 89 -0.0126027
1 90 -0.016526
1 91 -0.0196972
1 92 -0.0217985
1 93 -0.0227484
1 94 -0.0225076
1 95 -0.0213581
1 96 -0.0183026
1 97 -0.0142446
1 98 -0.00869839
1 99 -0.00255784
1 100 0.00418114
1 101 0.0105882
1 102 0.0153737
1 103 0.0183487
1 104 0.0187527
1 105 0.0167178
1 106 0.0119358
1 107 0.00535479
1 108 -0.00209319
1 109 -0.0089527
1 110 -0.0143573
1 111 -0.0170011
1 112 -0.0161974
1 113 -0.0121638
1 114 -0.00543289
1 115 0.00223958
1 116 0.0102706
1 117 0.0168429
1 118 0.0209931
1 119 0

2 0 0
2 1 0.0210658
2 2 0.0168537
2 3 0.00984856
2 4 0.00153612
2 5 -0.00650971
2 6 -0.0126881
2 7 -0.0156931
2 8 -0.0156317
2 9 -0.0126344
2 10 -0.00754372
2 11 -0.00116339
2 12 0.00534228
2 13 0.0102609
2 14 0.0134461
2 15 0.014488
2 16 0.0138244
2 17 0.0114344
2 18 0.00737198
2 19 0.00285871
2 20 -0.0022894
2 21 -0.00751383
2 22 -0.0124715
2 23 -0.0165018
2 24 -0.0190017
2 25 -0.020241
2 26 -0.0200694
2 27 -0.0179744
2 28 -0.0147818
2 29 -0.0109035
2 30 -0.00633614
2 31 -0.00194159
2 32 0.00247241
2 33 0.00592681
2 34 0.00905401
2 35 0.0118667
2 36 0.0140157
2 37 0.0159901
2 38 0.0181032
2 39 0.0195643
2 40 0.0205115
2 41 0.0207521
2 42 0.0196321
2 43 0.0175104
2 44 0.0143469
2 45 0.0109034
2 46 0.00728934
2 47 0.00421364
2 48 0.00195296
2 49 0.00074981
2 50 3.55043e-05
2 51 0.000259755
2 52 0.000100489
2 53 -0.000538765
2 54 -0.00169641
2 55 -0.00347765
2 56 -0.00608768
2 57 -0.00810825
2 58 -0.00982892
2 59 -0.0105889
2 60 -0.0101544
2 61 -0.00876402
2 62 -0.00707805
2 63 -0.00481498
2 64 -0.00338647
2 65 -0.00259519
2 66 -0.00232372
2 67 -0.00253657
2 68 -0.00312131
2 69 -0.00274795
2 70 -0.0018503
2 71 0.000165292
2 72 0.00306581
2 73 0.00662172
2 74 0.010118
2 75 0.0135163
2 76 0.0160205
2 77 0.0177625
2 78 0.0183074
2 79 0.0184104
2 80 0.0181356
2 81 0.0174376
2 82 0.0169251
2 83 0.0163477
2 84 0.0149981
2 85 0.0132428
2 86 0.010855
2 87 0.00716897
2 88 0.00301206
2 89 -0.001884
2 90 -0.00668769
2 91 -0.0114947
2 92 -0.0157515
2 93 -0.0186727
2 94 -0.0204158
2 95 -0.0210247
2 96 -0.0197054
2 97 -0.016833
2 98 -0.0126525
2 99 -0.0074068
2 100 -0.00170044
2 101 0.00449973
2 102 0.00956599
2 103 0.0133286
2 104 0.0154269
2 105 0.0153498
2 106 0.0130342
2 107 0.00821217
2 108 0.00211702
2 109 -0.0043764
2 110 -0.0102156
2 111 -0.0142435
2 112 -0.0156239
2 113 -0.0137594
2 114 -0.00924778
2 115 -0.00286875
2 116 0.00434776
2 117 0.0112702
2 118 0.0166855
2 119 0

3 0 0
3 1 0.0152618
3 2 0.00984856
3 3 0.00301099
3 4 -0.0041674
3 5 -0.010329
3 6 -0.0137475
3 7 -0.0142345
3 8 -0.0118078
3 9 -0.00781094
3 10 -0.00231952
3 11 0.00310422
3 12 0.00796614
3 13 0.010727
3 14 0.0111934
3 15 0.0106327
3 16 0.00788642
3 17 0.00501302
3 18 0.000622123
3 19 -0.00330908
3 20 -0.00697688
3 21 -0.0112144
3 22 -0.0139729
3 23 -0.0162038
3 24 -0.016288
3 25 -0.0152375
3 26 -0.0125537
3 27 -0.00827052
3 28 -0.00301394
3 29 0.00181355
3 30 0.00668823
3 31 0.0105157
3 32 0.012758
3 33 0.0138338
3 34 0.0135805
3 35 0.01327
3 36 0.01219
3 37 0.0118901
3 38 0.0118523
3 39 0.0120764
3 40 0.0117953
3 41 0.0113609
3 42 0.00941586
3 43 0.00670803
3 44 0.00276807
3 45 -0.00139638
3 46 -0.00550117
3 47 -0.00876645
3 48 -0.0106494
3 49 -0.0110099
3 50 -0.0105293
3 51 -0.0092054
3 52 -0.00795901
3 53 -0.00766306
3 54 -0.00817621
3 55 -0.00997011
3 56 -0.0125193
3 57 -0.0148581
3 58 -0.0166983
3 59 -0.0176903
3 60 -0.0168104
3 61 -0.0150945
3 62 -0.0128848
3 63 -0.0105011
3 64 -0.0088801
3 65 -0.00859829
3 66 -0.00913128
3 67 -0.0106902
3 68 -0.012323
3 69 -0.013196
3 70 -0.0132034
3 71 -0.0117656
3 72 -0.00888474
3 73 -0.005216
3 74 -0.0013742
3 75 0.00223966
3 76 0.00479955
3 77 0.00666094
3 78 0.00725324
3 79 0.00783169
3 80 0.00818435
3 81 0.00899883
3 82 0.0103342
3 83 0.0126676
3 84 0.0143815
3 85 0.0162071
3 86 0.0166439
3 87 0.0159583
3 88 0.0133348
3 89 0.00951518
3 90 0.00506911
3 91 -0.000174503
3 92 -0.0053416
3 93 -0.00939886
3 94 -0.0126164
3 95 -0.0150114
3 96 -0.0154497
3 97 -0.0152037
3 98 -0.0128412
3 99 -0.0105868
3 100 -0.00700564
3 101 -0.00263421
3 102 0.00128059
3 103 0.00539317
3 104 0.00833887
3 105 0.0107712
3 106 0.011185
3 107 0.00942245
3 108 0.00572003
3 109 0.00106634
3 110 -0.00419872
3 111 -0.00874739
3 112 -0.01184
3 113 -0.0126485
3 114 -0.0105925
3 115 -0.00714782
3 116 -0.00155969
3 117 0.0040685
3 118 0.00957597
3 119 0

4 0 0
4 1 0.00727116
4 2 0.00153612
4 3 -0.0041674
4 4 -0.00961392
4 5 -0.0125422
4 6 -0.0130934
4 7 -0.0104134
4 8 -0.0060962
4 9 -0.0012939
4 10 0.00376763
4 11 0.0074711
4 12 0.0100359
4 13 0.009688
4 14 0.00776259
4 15 0.00468419
4 16 0.000997054
4 17 -0.00257402
4 18 -0.00624873
4 19 -0.00857353
4 20 -0.0106832
4 21 -0.0122042
4 22 -0.013183
4 23 -0.0126037
4 24 -0.0106902
4 25 -0.00738984
4 26 -0.00278504
4 27 0.00318275
4 28 0.00937533
4 29 0.0143439
4 30 0.018697
4 31 0.0205393
4 32 0.0206681
4 33 0.0182435
4 34 0.0149281
4 35 0.0109221
4 36 0.00689019
4 37 0.00367523
4 38 0.00203235
4 39 0.000740582
4 40 -6.10632e-05
4 41 -0.000749337
4 42 -0.00295072
4 43 -0.00585248
4 44 -0.00982431
4 45 -0.01393
4 46 -0.0179782
4 47 -0.020505
4 48 -0.0218782
4 49 -0.0210568
4 50 -0.0193538
4 51 -0.0162716
4 52 -0.0139999
4 53 -0.0123946
4 54 -0.0123358
4 55 -0.0133696
4 56 -0.0161141
4 57 -0.0182584
4 58 -0.0203309
4 59 -0.0209018
4 60 -0.0201912
4 61 -0.0179911
4 62 -0.0157331
4 63 -0.0129107
4 64 -0.0118292
4 65 -0.0118986
4 66 -0.0135645
4 67 -0.0159737
4 68 -0.0192665
4 69 -0.0212666
4 70 -0.022481
4 71 -0.0215802
4 72 -0.0196371
4 73 -0.0162183
4 74 -0.0128529
4 75 -0.00959713
4 76 -0.0074959
4 77 -0.00596102
4 78 -0.00596674
4 79 -0.00558378
4 80 -0.00465557
4 81 -0.00295547
4 82 0.000460493
4 83 0.00521658
4 84 0.0101518
4 85 0.014919
4 86 0.0189931
4 87 0.0208748
4 88 0.0211243
4 89 0.0188673
4 90 0.0158319
4 91 0.0110656
4 92 0.0060608
4 93 0.00145257
4 94 -0.00244231
4 95 -0.00597896
4 96 -0.00851425
4 97 -0.0100723
4 98 -0.0109925
4 99 -0.0113478
4 100 -0.011235
4 101 -0.00935404
4 102 -0.00716082
4 103 -0.00368471
4 104 0.000149759
4 105 0.00453713
4 106 0.00815862
4 107 0.00952549
4 108 0.00928374
4 109 0.00666056
4 110 0.00310919
4 111 -0.00176334
4 112 -0.00629073
4 113 -0.00944241
4 114 -0.0109564
4 115 -0.0100532
4 116 -0.00776365
4 117 -0.00348472
4 118 0.0012572
4 119 0

5 0 0
5 1 -0.00144234
5 2 -0.00650971
5 3 -0.010329
5 4 -0.0125422
5 5 -0.0122854
5 6 -0.00920038
5 7 -0.00409763
5 8 0.00168415
5 9 0.00639721
5 10 0.00993367
5 11 0.0111817
5 12 0.0103396
5 13 0.00690804
5 14 0.00195668
5 15 -0.00267503
5 16 -0.00735055
5 17 -0.0102838
5 18 -0.0123506
5 19 -0.0124647
5 20 -0.0114784
5 21 -0.0106484
5 22 -0.00864634
5 23 -0.00617133
5 24 -0.00248295
5 25 0.00192396
5 26 0.0072633
5 27 0.0134291
5 28 0.019301
5 29 0.0234058
5 30 0.02609
5 31 0.0260216
5 32 0.0229602
5 33 0.0177842
5 34 0.0110093
5 35 0.00419181
5 36 -0.00239263
5 37 -0.00717424
5 38 -0.0101301
5 39 -0.0117406
5 40 -0.0126
5 41 -0.012876
5 42 -0.0143208
5 43 -0.0164557
5 44 -0.0195243
5 45 -0.022988
5 46 -0.0260789
5 47 -0.0278154
5 48 -0.0278843
5 49 -0.0259465
5 50 -0.0226831
5 51 -0.0185879
5 52 -0.0147694
5 53 -0.0122324
5 54 -0.0112617
5 55 -0.0120649
5 56 -0.0141362
5 57 -0.016362
5 58 -0.0181538
5 59 -0.0188747
5 60 -0.017784
5 61 -0.015634
5 62 -0.0130607
5 63 -0.0106782
5 64 -0.00958865
5 65 -0.0103388
5 66 -0.0126996
5 67 -0.0164433
5 68 -0.020533
5 69 -0.0239319
5 70 -0.0261014
5 71 -0.0264421
5 72 -0.0252319
5 73 -0.0228668
5 74 -0.0202468
5 75 -0.0182105
5 76 -0.0171913
5 77 -0.0169884
5 78 -0.0179548
5 79 -0.0183376
5 80 -0.0178362
5 81 -0.0158035
5 82 -0.0116473
5 83 -0.00528799
5 84 0.00175096
5 85 0.00932835
5 86 0.0158128
5 87 0.020819
5 88 0.0232189
5 89 0.0233306
5 90 0.0220471
5 91 0.019022
5 92 0.0151937
5 93 0.0116629
5 94 0.0081417
5 95 0.00447602
5 96 0.00111991
5 97 -0.00260162
5 98 -0.00572809
5 99 -0.00973726
5 100 -0.0128916
5 101 -0.0145298
5 102 -0.0148264
5 103 -0.012707
5 104 -0.00894909
5 105 -0.003028
5 106 0.00311172
5 107 0.00802554
5 108 0.0109995
5 109 0.0117141
5 110 0.0100473
5 111 0.00627096
5 112 0.00112452
5 113 -0.00403855
5 114 -0.00800916
5 115 -0.0107545
5 116 -0.0112117
5 117 -0.00992872
5 118 -0.0067186
5 119 0

6 0 0
6 1 -0.00901874
6 2 -0.0126881
6 3 -0.0137475
6 4 -0.0130934
6 5 -0.00920038
6 6 -0.00353617
6 7 0.00351796
6 8 0.00981277
6 9 0.0135719
6 10 0.015185
6 11 0.0133662
6 12 0.00937612
6 13 0.00286994
6 14 -0.00410416
6 15 -0.0100264
6 16 -0.0144726
6 17 -0.0164271
6 18 -0.0162936
6 19 -0.013776
6 20 -0.0104273
6 21 -0.00685875
6 22 -0.00340352
6 23 0.000626582
6 24 0.00460652
6 25 0.00905702
6 26 0.0140438
6 27 0.0192507
6 28 0.0239613
6 29 0.0265705
6 30 0.027577
6 31 0.0253794
6 32 0.0204576
6 33 0.0129947
6 34 0.00460962
6 35 -0.00406364
6 36 -0.0116012
6 37 -0.0171054
6 38 -0.0200045
6 39 -0.0212091
6 40 -0.0210499
6 41 -0.0201947
6 42 -0.0203738
6 43 -0.0212016
6 44 -0.0230005
6 45 -0.0252349
6 46 -0.0273382
6 47 -0.0278676
6 48 -0.0271476
6 49 -0.0241777
6 50 -0.0200268
6 51 -0.0149329
6 52 -0.0105724
6 53 -0.00716425
6 54 -0.00584879
6 55 -0.00607395
6 56 -0.00801502
6 57 -0.00995836
6 58 -0.0117787
6 59 -0.0121486
6 60 -0.0112879
6 61 -0.00898305
6 62 -0.00656154
6 63 -0.00416318
6 64 -0.00349936
6 65 -0.00441742
6 66 -0.00747011
6 67 -0.011545
6 68 -0.016433
6 69 -0.020484
6 70 -0.0234854
6 71 -0.024382
6 72 -0.02422
6 73 -0.0226589
6 74 -0.0212104
6 75 -0.0203746
6 76 -0.0207768
6 77 -0.0219561
6 78 -0.0244038
6 79 -0.0261626
6 80 -0.0266795
6 81 -0.0253089
6 82 -0.0212583
6 83 -0.0147255
6 84 -0.00672822
6 85 0.00167547
6 86 0.00972233
6 87 0.0160442
6 88 0.0203026
6 89 0.0220267
6 90 0.0226318
6 91 0.0213114
6 92 0.0195201
6 93 0.0174277
6 94 0.0153903
6 95 0.0127653
6 96 0.00932528
6 97 0.00520707
6 98 5.89482e-05
6 99 -0.00613137
6 100 -0.0124957
6 101 -0.0172587
6 102 -0.0202432
6 103 -0.0199048
6 104 -0.0167989
6 105 -0.010219
6 106 -0.00218283
6 107 0.00535669
6 108 0.0116891
6 109 0.0150571
6 110 0.016148
6 111 0.0135399
6 112 0.00869108
6 113 0.00255875
6 114 -0.00375976
6 115 -0.00870063
6 116 -0.0125284
6 117 -0.0135795
6 118 -0.0126485
6 119 0

7 0 0
7 1 -0.014244
7 2 -0.0156931
7 3 -0.0142345
7 4 -0.0104134
7 5 -0.00409763
7 6 0.00351796
7 7 0.0112174
7 8 0.0168365
7 9 0.019134
7 10 0.0179748
7 11 0.0134794
7 12 0.00640103
7 13 -0.0021872
7 14 -0.0103025
7 15 -0.0165128
7 16 -0.0197944
7 17 -0.0201445
7 18 -0.0173114
7 19 -0.0123382
7 20 -0.00668436
7 21 -0.00138515
7 22 0.0029974
7 23 0.00698722
7 24 0.0100795
7 25 0.013108
7 26 0.0162577
7 27 0.0195835
7 28 0.0221351
7 29 0.0231979
7 30 0.0224646
7 31 0.0189929
7 32 0.0128863
7 33 0.0048357
7 34 -0.00397278
7 35 -0.0125901
7 36 -0.0195841
7 37 -0.0242781
7 38 -0.0260611
7 39 -0.0258844
7 40 -0.0240574
7 41 -0.0215999
7 42 -0.0198757
7 43 -0.0192067
7 44 -0.019341
7 45 -0.0204121
7 46 -0.0213062
7 47 -0.0210413
7 48 -0.0195146
7 49 -0.0162871
7 50 -0.0116212
7 51 -0.00647619
7 52 -0.00181051
7 53 0.00164771
7 54 0.00316998
7 55 0.00299072
7 56 0.001448
7 57 -0.00056198
7 58 -0.00215723
7 59 -0.00253285
7 60 -0.00167864
7 61 0.000397336
7 62 0.00288786
7 63 0.00491497
7 64 0.00557274
7 65 0.00452693
7 66 0.00152274
7 67 -0.00270914
7 68 -0.00747465
7 69 -0.011815
7 70 -0.0148203
7 71 -0.0162277
7 72 -0.0165404
7 73 -0.0158547
7 74 -0.0152258
7 75 -0.0157455
7 76 -0.0173507
7 77 -0.0202421
7 78 -0.0241476
7 79 -0.0276095
7 80 -0.0296169
7 81 -0.0297167
7 82 -0.0269087
7 83 -0.0216216
7 84 -0.0144227
7 85 -0.00656257
7 86 0.00115367
7 87 0.00764354
7 88 0.0123329
7 89 0.0150428
7 90 0.0167315
7 91 0.0173955
7 92 0.0176547
7 93 0.017998
7 94 0.0182566
7 95 0.0178177
7 96 0.0157494
7 97 0.0122319
7 98 0.00652701
7 99 -0.000982418
7 100 -0.00946961
7 101 -0.0170629
7 102 -0.0223658
7 103 -0.0243781
7 104 -0.0223609
7 105 -0.0163323
7 106 -0.00760122
7 107 0.00166461
7 108 0.0100824
7 109 0.016133
7 110 0.0194205
7 111 0.0188756
7 112 0.0150596
7 113 0.00905658
7 114 0.00194559
7 115 -0.00462677
7 116 -0.0104672
7 117 -0.0140502
7 118 -0.0153353
7 119 0

8 0 0
8 1 -0.0161161
8 2 -0.0156317
8 3 -0.0118078
8 4 -0.0060962
8 5 0.00168415
8 6 0.00981277
8 7 0.0168365
8 8 0.0211443
8 9 0.0212066
8 10 0.0178749
8 11 0.0109453
8 12 0.0020475
8 13 -0.00732978
8 14 -0.0154789
8 15 -0.0203998
8 16 -0.0220956
8 17 -0.0199924
8 18 -0.0146983
8 19 -0.00775092
8 20 -0.000615162
8 21 0.00514024
8 22 0.00917478
8 23 0.011733
8 24 0.012581
8 25 0.0129218
8 26 0.013423
8 27 0.0137674
8 28 0.014106
8 29 0.0134543
8 30 0.0115979
8 31 0.0079292
8 32 0.00201484
8 33 -0.0049857
8 34 -0.012417
8 35 -0.0193965
8 36 -0.0243678
8 37 -0.0267757
8 38 -0.0266603
8 39 -0.0242494
8 40 -0.0204858
8 41 -0.0163089
8 42 -0.012822
8 43 -0.0104702
8 44 -0.00924854
8 45 -0.00918984
8 46 -0.00927306
8 47 -0.00859057
8 48 -0.00693784
8 49 -0.00384245
8 50 0.000516113
8 51 0.00496752
8 52 0.00913984
8 53 0.0122654
8 54 0.0134643
8 55 0.0130626
8 56 0.0117045
8 57 0.00969906
8 58 0.00816775
8 59 0.00775841
8 60 0.00849955
8 61 0.0103702
8 62 0.0127285
8 63 0.0144599
8 64 0.0152581
8 65 0.0144825
8 66 0.0118044
8 67 0.00810076
8 68 0.00412974
8 69 0.000249271
8 70 -0.00238757
8 71 -0.00362987
8 72 -0.00397441
8 73 -0.00366999
8 74 -0.00365153
8 75 -0.00499587
8 76 -0.00769147
8 77 -0.0117986
8 78 -0.0168729
8 79 -0.021845
8 80 -0.0257385
8 81 -0.0275961
8 82 -0.0271015
8 83 -0.0241282
8 84 -0.0190923
8 85 -0.0133887
8 86 -0.007743
8 87 -0.00261463
8 88 0.000938258
8 89 0.00349022
8 90 0.00560918
8 91 0.00750867
8 92 0.00998082
8 93 0.0127295
8 94 0.0158252
8 95 0.0183492
8 96 0.0188478
8 97 0.0171265
8 98 0.0126169
8 99 0.00510017
8 100 -0.00400199
8 101 -0.013291
8 102 -0.0206191
8 103 -0.0245103
8 104 -0.024527
8 105 -0.0197415
8 106 -0.0118883
8 107 -0.00240436
8 108 0.00683525
8 109 0.0142049
8 110 0.0192823
8 111 0.0204917
8 112 0.0184311
8 113 0.0134789
8 114 0.00697897
8 115 0.000217377
8 116 -0.00641165
8 117 -0.0114043
8 118 -0.0146369
8 119 0

9 0 0
9 1 -0.0149242
9 2 -0.0126344
9 3 -0.00781094
9 4 -0.0012939
9 5 0.00639721
9 6 0.0135719
9 7 0.019134
9 8 0.0212066
9 9 0.0196982
9 10 0.0143887
9 11 0.00661807
9 12 -0.00275193
9 13 -0.0115434
9 14 -0.0178416
9 15 -0.0212581
9 16 -0.0201393
9 17 -0.016322
9 18 -0.00892176
9 19 -0.000968993
9 20 0.00601743
9 21 0.0113682
9 22 0.0133761
9 23 0.0136316
9 24 0.0112241
9 25 0.00849409
9 26 0.00579593
9 27 0.00369224
9 28 0.00177041
9 29 0.000335271
9 30 -0.00173648
9 31 -0.00476588
9 32 -0.00877308
9 33 -0.0135087
9 34 -0.0178881
9 35 -0.0219486
9 36 -0.0236371
9 37 -0.023558
9 38 -0.0208378
9 39 -0.0165999
9 40 -0.0108935
9 41 -0.00545192
9 42 -0.00058391
9 43 0.00252426
9 44 0.00466371
9 45 0.00519867
9 46 0.00544642
9 47 0.00606154
9 48 0.00724259
9 49 0.00934538
9 50 0.0126524
9 51 0.0159918
9 52 0.0189364
9 53 0.0211173
9 54 0.0216064
9 55 0.0209996
9 56 0.0194807
9 57 0.0174521
9 58 0.0159256
9 59 0.0156653
9 60 0.0160103
9 61 0.0176387
9 62 0.0197807
9 63 0.0214646
9 64 0.0222573
9 65 0.0220376
9 66 0.0201514
9 67 0.0176109
9 68 0.014695
9 69 0.0119343
9 70 0.0103739
9 71 0.00984956
9 72 0.00983926
9 73 0.0102704
9 74 0.0102852
9 75 0.00869212
9 76 0.00589937
9 77 0.00123348
9 78 -0.00434299
9 79 -0.0104171
9 80 -0.015429
9 81 -0.0192424
9 82 -0.0207944
9 83 -0.0208941
9 84 -0.0188223
9 85 -0.0166076
9 86 -0.013891
9 87 -0.0118178
9 88 -0.0101442
9 89 -0.0090641
9 90 -0.00769824
9 91 -0.0053203
9 92 -0.00173461
9 93 0.00297855
9 94 0.00857746
9 95 0.0142514
9 96 0.0175675
9 97 0.0190342
9 98 0.0163073
9 99 0.0108872
9 100 0.00237556
9 101 -0.00711921
9 102 -0.0150382
9 103 -0.0207613
9 104 -0.0222094
9 105 -0.0198755
9 106 -0.0137568
9 107 -0.00576964
9 108 0.00269468
9 109 0.00995656
9 110 0.0155806
9 111 0.0181081
9 112 0.0176215
9 113 0.0146409
9 114 0.00955978
9 115 0.00437658
9 116 -0.00176517
9 117 -0.00673749
9 118 -0.0107967
9 119 0

10 0 0
10 1 -0.0108593
10 2 -0.00754372
10 3 -0.00231952
10 4 0.00376763
10 5 0.00993367
10 6 0.015185
10 7 0.0179748
10 8 0.0178749
10 9 0.0143887
10 10 0.00824006
10 11 0.000326176
10 12 -0.00814506
10 13 -0.0147954
10 14 -0.0188494
10 15 -0.0191224
10 16 -0.0159832
10 17 -0.00983153
10 18 -0.00138618
10 19 0.0066027
10 20 0.0130208
10 21 0.0163298
10 22 0.0163693
10 23 0.0133388
10 24 0.00787317
10 25 0.00184285
10 26 -0.00352608
10 27 -0.00816787
10 28 -0.0113403
10 29 -0.0131605
10 30 -0.0146198
10 31 -0.0156843
10 32 -0.0173984
10 33 -0.0185883
10 34 -0.0196784
10 35 -0.0200489
10 36 -0.0185509
10 37 -0.0152976
10 38 -0.0107612
10 39 -0.00467821
10 40 0.00181185
10 41 0.00775701
10 42 0.0129389
10 43 0.0164471
10 44 0.0186113
10 45 0.019153
10 46 0.0191929
10 47 0.0190993
10 48 0.0194383
10 49 0.02028
10 50 0.0221493
10 51 0.0235867
10 52 0.0251981
10 53 0.0261233
10 54 0.0258558
10 55 0.0245685
10 56 0.0232358
10 57 0.0211304
10 58 0.0197941
10 59 0.0192674
10 60 0.0196075
10 61 0.020772
10 62 0.0227282
10 63 0.0239566
10 64 0.0251873
10 65 0.0254736
10 66 0.0246434
10 67 0.0232312
10 68 0.0220983
10 69 0.0206583
10 70 0.020374
10 71 0.020718
10 72 0.0216271
10 73 0.0224946
10 74 0.0229633
10 75 0.0218183
10 76 0.0193565
10 77 0.0150906
10 78 0.00996448
10 79 0.00398216
10 80 -0.00184128
10 81 -0.00660728
10 82 -0.0104649
10 83 -0.0131537
10 84 -0.0143751
10 85 -0.0153924
10 86 -0.0165739
10 87 -0.0174643
10 88 -0.0189727
10 89 -0.0198802
10 90 -0.0200314
10 91 -0.0181529
10 92 -0.0140745
10 93 -0.00819677
10 94 -0.000697672
10 95 0.00744412
10 96 0.0139576
10 97 0.018038
10 98 0.0187
10 99 0.0154738
10 100 0.00921126
10 101 0.00060887
10 102 -0.00736343
10 103 -0.0137546
10 104 -0.0172938
10 105 -0.0172967
10 106 -0.0143101
10 107 -0.0087954
10 108 -0.00265943
10 109 0.00342293
10 110 0.00859281
10 111 0.0120297
10 112 0.0134532
10 113 0.0127148
10 114 0.0106913
10 115 0.00766617
10 116 0.00383673
10 117 -0.000440995
10 118 -0.00473241
10 119 0

11 0 0
11 1 -0.00496851
11 2 -0.00116339
11 3 0.00310422
11 4 0.0074711
11 5 0.0111817
11 6 0.0133662
11 7 0.0134794
11 8 0.0109453
11 9 0.00661807
11 10 0.000326176
11 11 -0.0062415
11 12 -0.0125208
11 13 -0.0163801
11 14 -0.0169365
11 15 -0.0148217
11 16 -0.00913467
11 17 -0.00213737
11 18 0.00657517
11 19 0.0135805
11 20 0.0178911
11 21 0.019142
11 22 0.0161673
11 23 0.0105718
11 24 0.00229089
11 25 -0.00574656
11 26 -0.0129343
11 27 -0.0184034
11 28 -0.0220221
11 29 -0.0230386
11 30 -0.0230265
11 31 -0.0219653
11 32 -0.0203699
11 33 -0.0183172
11 34 -0.0156049
11 35 -0.0128645
11 36 -0.00840333
11 37 -0.00351537
11 38 0.00234095
11 39 0.00849049
11 40 0.0149375
11 41 0.0200201
11 42 0.0244854
11 43 0.0269935
11 44 0.0284482
11 45 0.0282835
11 46 0.027637
11 47 0.0266456
11 48 0.0257374
11 49 0.0250627
11 50 0.0251184
11 51 0.0249434
11 52 0.0247616
11 53 0.0244523
11 54 0.0232773
11 55 0.0218677
11 56 0.0203514
11 57 0.0185604
11 58 0.0172957
11 59 0.0170065
11 60 0.0168795
11 61 0.0177456
11 62 0.0191444
11 63 0.0203239
11 64 0.0214136
11 65 0.0223688
11 66 0.0224934
11 67 0.0226437
11 68 0.0228477
11 69 0.0230321
11 70 0.0240353
11 71 0.0255351
11 72 0.0272253
11 73 0.0288598
11 74 0.0301109
11 75 0.0300054
11 76 0.0288879
11 77 0.0259696
11 78 0.0223556
11 79 0.0173336
11 80 0.0123559
11 81 0.00735338
11 82 0.00288049
11 83 -0.00176485
11 84 -0.0052394
11 85 -0.00946464
11 86 -0.0135215
11 87 -0.0178719
11 88 -0.0219021
11 89 -0.0253511
11 90 -0.027521
11 91 -0.0270275
11 92 -0.0238527
11 93 -0.0181748
11 94 -0.0102718
11 95 -0.000698763
11 96 0.0076047
11 97 0.0146076
11 98 0.0177664
11 99 0.0180103
11 100 0.0143127
11 101 0.00784279
11 102 0.00116313
11 103 -0.0054287
11 104 -0.00982792
11 105 -0.0124914
11 106 -0.0123966
11 107 -0.0103824
11 108 -0.00724035
11 109 -0.00369365
11 110 4.424e-05
11 111 0.00342482
11 112 0.00598705
11 113 0.00775566
11 114 0.00851765
11 115 0.00905828
11 116 0.00800493
11 117 0.00596891
11 118 0.00260304
11 119 0

12 0 0
12 1 0.0017733
12 2 0.00534228
12 3 0.00796614
12 4 0.0100359
12 5 0.0103396
12 6 0.00937612
12 7 0.00640103
12 8 0.0020475
12 9 -0.00275193
12 10 -0.00814506
12 11 -0.0125208
12 12 -0.0158483
12 13 -0.0161177
12 14 -0.0134983
12 15 -0.00860886
12 16 -0.00165305
12 17 0.00592956
12 18 0.0136359
12 19 0.0189011
12 20 0.0210561
12 21 0.0196532
12 22 0.0147862
12 23 0.00685411
12 24 -0.00269363
12 25 -0.0118984
12 26 -0.0195607
12 27 -0.0251069
12 28 -0.028088
12 29 -0.0279489
12 30 -0.0261671
12 31 -0.0227857
12 32 -0.0186897
12 33 -0.0136269
12 34 -0.00852905
12 35 -0.00328383
12 36 0.00259076
12 37 0.00842341
12 38 0.0138649
12 39 0.019263
12 40 0.0239521
12 41 0.0273392
12 42 0.0299762
12 43 0.0311248
12 44 0.0312546
12 45 0.0302765
12 46 0.0288544
12 47 0.0269841
12 48 0.0251532
12 49 0.0232228
12 50 0.0217855
12 51 0.0200065
12 52 0.0186001
12 53 0.0171653
12 54 0.0155744
12 55 0.0139833
12 56 0.0129239
12 57 0.0115142
12 58 0.0107471
12 59 0.0103735
12 60 0.0102278
12 61 0.0104818
12 62 0.0113844
12 63 0.0119582
12 64 0.0130825
12 65 0.0142525
12 66 0.0153115
12 67 0.0164251
12 68 0.0179995
12 69 0.0193658
12 70 0.021372
12 71 0.0234696
12 72 0.0258184
12 73 0.0279577
12 74 0.0299153
12 75 0.0310143
12 76 0.0313614
12 77 0.0304082
12 78 0.0288962
12 79 0.0261076
12 80 0.0226227
12 81 0.0188532
12 82 0.014439
12 83 0.00941931
12 84 0.00449028
12 85 -0.00112653
12 86 -0.00743825
12 87 -0.0137061
12 88 -0.0199724
12 89 -0.0253539
12 90 -0.029496
12 91 -0.0306532
12 92 -0.0289939
12 93 -0.0244136
12 94 -0.0171584
12 95 -0.00781629
12 96 0.00156052
12 97 0.00971105
12 98 0.0154549
12 99 0.0183124
12 100 0.0177489
12 101 0.0139814
12 102 0.00916391
12 103 0.00349945
12 104 -0.00151428
12 105 -0.0060869
12 106 -0.00916517
12 107 -0.0106208
12 108 -0.0113072
12 109 -0.0106427
12 110 -0.00926916
12 111 -0.00645891
12 112 -0.00309245
12 113 0.000685419
12 114 0.00486077
12 115 0.00861395
12 116 0.011381
12 117 0.0117028
12 118 0.00984556
12 119 0

13 0 0
13 1 0.00787234
13 2 0.0102609
13 3 0.010727
13 4 0.009688
13 5 0.00690804
13 6 0.00286994
13 7 -0.0021872
13 8 -0.00732978
13 9 -0.0115434
13 10 -0.0147954
13 11 -0.0163801
13 12 -0.0161177
13 13 -0.013045
13 14 -0.00766619
13 15 -0.00108167
13 16 0.00613185
13 17 0.0128898
13 18 0.0185326
13 19 0.0212484
13 20 0.0207195
13 21 0.0171192
13 22 0.010625
13 23 0.00195724
13 24 -0.00758215
13 25 -0.0161052
13 26 -0.0226812
13 27 -0.0269821
13 28 -0.0284397
13 29 -0.0267794
13 30 -0.0233287
13 31 -0.018189
13 32 -0.0121001
13 33 -0.00540162
13 34 0.00123225
13 35 0.00732299
13 36 0.0132937
13 37 0.0183926
13 38 0.0223109
13 39 0.0254547
13 40 0.0276
13 41 0.028232
13 42 0.0283997
13 43 0.0277009
13 44 0.0263901
13 45 0.0246303
13 46 0.022683
13 47 0.0203095
13 48 0.0178544
13 49 0.0152663
13 50 0.0127384
13 51 0.00999004
13 52 0.00757831
13 53 0.00560836
13 54 0.00390145
13 55 0.00270971
13 56 0.00213986
13 57 0.00162004
13 58 0.00135331
13 59 0.001226
13 60 0.000874602
13 61 0.000661599
13 62 0.000690715
13 63 0.000770176
13 64 0.00145642
13 65 0.00266962
13 66 0.0041405
13 67 0.00609308
13 68 0.00840703
13 69 0.0105899
13 70 0.0129121
13 71 0.0152612
13 72 0.0176835
13 73 0.0199211
13 74 0.0222088
13 75 0.0243574
13 76 0.0261913
13 77 0.0274841
13 78 0.0286035
13 79 0.0284508
13 80 0.0274744
13 81 0.0257472
13 82 0.0227696
13 83 0.0186032
13 84 0.013909
13 85 0.00796684
13 86 0.00121759
13 87 -0.00592647
13 88 -0.0130531
13 89 -0.0195343
13 90 -0.0250271
13 91 -0.0280303
13 92 -0.0283675
13 93 -0.0260847
13 94 -0.0209665
13 95 -0.0133054
13 96 -0.00477013
13 97 0.00357432
13 98 0.0105606
13 99 0.0156754
13 100 0.0179966
13 101 0.017381
13 102 0.0151184
13 103 0.0114087
13 104 0.00688159
13 105 0.00148928
13 106 -0.003763
13 107 -0.00838086
13 108 -0.0124414
13 109 -0.0153046
13 110 -0.0166125
13 111 -0.0155413
13 112 -0.0124187
13 113 -0.00748525
13 114 -0.00107084
13 115 0.00583874
13 116 0.0118751
13 117 0.0152438
13 118 0.0154216
13 119 0

14 0 0
14 1 0.0123244
14 2 0.0134461
14 3 0.0111934
14 4 0.00776259
14 5 0.00195668
14 6 -0.00410416
14 7 -0.0103025
14 8 -0.0154789
14 9 -0.0178416
14 10 -0.0188494
14 11 -0.0169365
14 12 -0.0134983
14 13 -0.00766619
14 14 -0.00038939
14 15 0.00633422
14 16 0.0127526
14 17 0.0172384
14 18 0.0199177
14 19 0.0196621
14 20 0.0165641
14 21 0.011406
14 22 0.00465277
14 23 -0.00345187
14 24 -0.0111036
14 25 -0.0173671
14 26 -0.0216824
14 27 -0.0234057
14 28 -0.023014
14 29 -0.019681
14 30 -0.0150198
14 31 -0.00914701
14 32 -0.00242989
14 33 0.00454264
14 34 0.0109114
14 35 0.0166157
14 36 0.0212724
14 37 0.0243106
14 38 0.0256695
14 39 0.0256879
14 40 0.0245207
14 41 0.0222033
14 42 0.0198544
14 43 0.017233
14 44 0.0147614
14 45 0.012598
14 46 0.0106608
14 47 0.00841851
14 48 0.00619362
14 49 0.00340673
14 50 0.000437871
14 51 -0.00261422
14 52 -0.00527147
14 53 -0.00749561
14 54 -0.00875711
14 55 -0.00920794
14 56 -0.00888374
14 57 -0.00846672
14 58 -0.00792127
14 59 -0.00781044
14 60 -0.00821955
14 61 -0.0090732
14 62 -0.00982165
14 63 -0.0105046
14 64 -0.0104539
14 65 -0.0096294
14 66 -0.00789007
14 67 -0.0057494
14 68 -0.00324841
14 69 -0.00083425
14 70 0.00140516
14 71 0.00313708
14 72 0.00496942
14 73 0.00663964
14 74 0.008725
14 75 0.0113671
14 76 0.0144628
14 77 0.0176238
14 78 0.0211387
14 79 0.02386
14 80 0.0257712
14 81 0.0265878
14 82 0.0259465
14 83 0.0236569
14 84 0.0202273
14 85 0.0156853
14 86 0.0100237
14 87 0.00371131
14 88 -0.00267599
14 89 -0.00905661
14 90 -0.015179
14 91 -0.0194028
14 92 -0.0221808
14 93 -0.022541
14 94 -0.0206096
14 95 -0.0161611
14 96 -0.00989773
14 97 -0.00305381
14 98 0.00373145
14 99 0.0101278
14 100 0.0146437
14 101 0.0170982
14 102 0.0179848
14 103 0.0166219
14 104 0.0140105
14 105 0.0086833
14 106 0.00257669
14 107 -0.00410156
14 108 -0.0110714
14 109 -0.0166439
14 110 -0.0210627
14 111 -0.0218274
14 112 -0.0199195
14 113 -0.014808
14 114 -0.0070657
14 115 0.00171158
14 116 0.0105987
14 117 0.0162831
14 118 0.0187839
14 119 0

15 0 0
15 1 0.0151732
15 2 0.014488
15 3 0.0106327
15 4 0.00468419
15 5 -0.00267503
15 6 -0.0100264
15 7 -0.0165128
15 8 -0.0203998
15 9 -0.0212581
15 10 -0.0191224
15 11 -0.0148217
15 12 -0.00860886
15 13 -0.00108167
15 14 0.00633422
15 15 0.0126452
15 16 0.0164597
15 17 0.0184578
15 18 0.0175053
15 19 0.0143675
15 20 0.00937002
15 21 0.00349114
15 22 -0.00230959
15 23 -0.00832627
15 24 -0.0126449
15 25 -0.0155974
15 26 -0.0162948
15 27 -0.0155984
15 28 -0.0128672
15 29 -0.0087015
15 30 -0.0036913
15 31 0.00192769
15 32 0.00788473
15 33 0.013653
15 34 0.0184656
15 35 0.0224415
15 36 0.0245469
15 37 0.025219
15 38 0.0233671
15 39 0.0204145
15 40 0.0159187
15 41 0.0109423
15 42 0.00618029
15 43 0.00255777
15 44 -0.00060566
15 45 -0.00233321
15 46 -0.00366343
15 47 -0.00503707
15 48 -0.00657676
15 49 -0.00858702
15 50 -0.0113398
15 51 -0.014202
15 52 -0.0167252
15 53 -0.018519
15 54 -0.0190238
15 55 -0.0185899
15 56 -0.0172285
15 57 -0.015605
15 58 -0.0142773
15 59 -0.0139465
15 60 -0.0143076
15 61 -0.0156866
15 62 -0.0173817
15 63 -0.0188776
15 64 -0.0194845
15 65 -0.0192545
15 66 -0.0177862
15 67 -0.015721
15 68 -0.0133656
15 69 -0.0112648
15 70 -0.00992829
15 71 -0.0091876
15 72 -0.00857033
15 73 -0.00805553
15 74 -0.00699237
15 75 -0.00443443
15 76 -0.0011228
15 77 0.00354247
15 78 0.00886046
15 79 0.0140617
15 80 0.0182369
15 81 0.0217492
15 82 0.0231878
15 83 0.023552
15 84 0.0222161
15 85 0.0201208
15 86 0.0167374
15 87 0.0127796
15 88 0.00820442
15 89 0.00336278
15 90 -0.00205005
15 91 -0.00708089
15 92 -0.0113554
15 93 -0.0147989
15 94 -0.0163184
15 95 -0.0160199
15 96 -0.0131074
15 97 -0.00919644
15 98 -0.00357022
15 99 0.00249792
15 100 0.00847888
15 101 0.0134258
15 102 0.0168312
15 103 0.0187324
15 104 0.0178978
15 105 0.0144035
15 106 0.00834126
15 107 0.000981968
15 108 -0.00735316
15 109 -0.0151919
15 110 -0.02155
15 111 -0.0246549
15 112 -0.0240108
15 113 -0.0197511
15 114 -0.0118174
15 115 -0.00219204
15 116 0.0080521
15 117 0.0156409
15 118 0.0196203
15 119 0

16 0 0
16 1 0.0158662
16 2 0.0138244
16 3 0.00788642
16 4 0.000997054
16 5 -0.00735055
16 6 -0.0144726
16 7 -0.0197944
16 8 -0.0220956
16 9 -0.0201393
16 10 -0.0159832
16 11 -0.00913467
16 12 -0.00165305
16 13 0.00613185
16 14 0.0127526
16 15 0.0164597
16 16 0.0175912
16 17 0.0156901
16 18 0.0114352
16 19 0.00560789
16 20 -0.00061194
16 21 -0.00605484
16 22 -0.0099157
16 23 -0.0126357
16 24 -0.0128063
16 25 -0.0113512
16 26 -0.00856906
16 27 -0.00457225
16 28 -0.00043911
16 29 0.00438804
16 30 0.00859836
16 31 0.0127102
16 32 0.0167175
16 33 0.0201289
16 34 0.0224864
16 35 0.0240609
16 36 0.023574
16 37 0.0212113
16 38 0.0167888
16 39 0.0108219
16 40 0.00400859
16 41 -0.00300564
16 42 -0.0088127
16 43 -0.0131997
16 44 -0.0159223
16 45 -0.016852
16 46 -0.0166745
16 47 -0.0167168
16 48 -0.0166592
16 49 -0.0177841
16 50 -0.0197448
16 51 -0.0219463
16 52 -0.0238028
16 53 -0.0252059
16 54 -0.024735
16 55 -0.0232421
16 56 -0.0208217
16 57 -0.018216
16 58 -0.0160403
16 59 -0.015404
16 60 -0.0157889
16 61 -0.0177293
16 62 -0.0201332
16 63 -0.0224017
16 64 -0.0238117
16 65 -0.0242874
16 66 -0.0229949
16 67 -0.0213762
16 68 -0.0195508
16 69 -0.018127
16 70 -0.0176919
16 71 -0.0186115
16 72 -0.0195616
16 73 -0.020872
16 74 -0.0211231
16 75 -0.0196271
16 76 -0.0163592
16 77 -0.0115546
16 78 -0.00521776
16 79 0.00123868
16 80 0.00740325
16 81 0.012522
16 82 0.0162827
16 83 0.0187154
16 84 0.0197339
16 85 0.0203286
16 86 0.0201583
16 87 0.019271
16 88 0.0179086
16 89 0.0156638
16 90 0.0117061
16 91 0.00718543
16 92 0.00139555
16 93 -0.00425452
16 94 -0.00952915
16 95 -0.0134048
16 96 -0.0147697
16 97 -0.0142984
16 98 -0.0114777
16 99 -0.00649594
16 100 -0.000383326
16 101 0.00606761
16 102 0.0121308
16 103 0.0164839
16 104 0.0189788
16 105 0.0175939
16 106 0.01351
16 107 0.00695036
16 108 -0.00150444
16 109 -0.00988414
16 110 -0.0180926
16 111 -0.022869
16 112 -0.0245278
16 113 -0.0219073
16 114 -0.0153004
16 115 -0.00639692
16 116 0.00419462
16 117 0.0125152
16 118 0.0182173
16 119 0

17 0 0
17 1 0.0150521
17 2 0.0114344
17 3 0.00501302
17 4 -0.00257402
17 5 -0.0102838
17 6 -0.0164271
17 7 -0.0201445
17 8 -0.0199924
17 9 -0.016322
17 10 -0.00983153
17 11 -0.00213737
17 12 0.00592956
17 13 0.0128898
17 14 0.0172384
17 15 0.0184578
17 16 0.0156901
17 17 0.0107047
17 18 0.00304871
17 19 -0.00461166
17 20 -0.0112237
17 21 -0.0155308
17 22 -0.0166376
17 23 -0.0156392
17 24 -0.0113371
17 25 -0.00599731
17 26 0.00027411
17 27 0.0059862
17 28 0.0112478
17 29 0.0151602
17 30 0.0178998
17 31 0.019692
17 32 0.0210565
17 33 0.0216838
17 34 0.0213765
17 35 0.020692
17 36 0.0178807
17 37 0.0138679
17 38 0.00756778
17 39 0.00043625
17 40 -0.00775628
17 41 -0.0151593
17 42 -0.0212685
17 43 -0.0247354
17 44 -0.0265002
17 45 -0.0255335
17 46 -0.0236734
17 47 -0.0217
17 48 -0.0201166
17 49 -0.0196673
17 50 -0.0207669
17 51 -0.0221302
17 52 -0.0234722
17 53 -0.0241521
17 54 -0.0229693
17 55 -0.0206289
17 56 -0.0173848
17 57 -0.0137954
17 58 -0.0110475
17 59 -0.0101834
17 60 -0.0105799
17 61 -0.0128797
17 62 -0.01603
17 63 -0.0188974
17 64 -0.020885
17 65 -0.02183
17 66 -0.0209612
17 67 -0.0196097
17 68 -0.0183198
17 69 -0.0175436
17 70 -0.0184336
17 71 -0.0207682
17 72 -0.0236263
17 73 -0.0267025
17 74 -0.0289892
17 75 -0.0288212
17 76 -0.0269507
17 77 -0.0225521
17 78 -0.0166684
17 79 -0.00983283
17 80 -0.00361493
17 81 0.00227908
17 82 0.00656037
17 83 0.0104486
17 84 0.0129561
17 85 0.0159816
17 86 0.0185694
17 87 0.0210229
17 88 0.0228998
17 89 0.0237493
17 90 0.0224213
17 91 0.0188929
17 92 0.0133438
17 93 0.0060183
17 94 -0.00178854
17 95 -0.00956115
17 96 -0.0147033
17 97 -0.0181996
17 98 -0.018154
17 99 -0.0153593
17 100 -0.00977575
17 101 -0.00248328
17 102 0.00490582
17 103 0.0120571
17 104 0.016828
17 105 0.0186634
17 106 0.0168064
17 107 0.0121969
17 108 0.00511889
17 109 -0.00307574
17 110 -0.0114744
17 111 -0.0178965
17 112 -0.0212047
17 113 -0.0208969
17 114 -0.0163465
17 115 -0.00921021
17 116 0.000165791
17 117 0.0085246
17 118 0.0147239
17 119 0

18 0 0
18 1 0.0120767
18 2 0.00737198
18 3 0.000622123
18 4 -0.00624873
18 5 -0.0123506
18 6 -0.0162936
18 7 -0.0173114
18 8 -0.0146983
18 9 -0.00892176
18 10 -0.00138618
18 11 0.00657517
18 12 0.0136359
18 13 0.0185326
18 14 0.0199177
18 15 0.0175053
18 16 0.0114352
18 17 0.00304871
18 18 -0.00676714
18 19 -0.0156848
18 20 -0.0218123
18 21 -0.0242384
18 22 -0.0224639
18 23 -0.0175096
18 24 -0.00928517
18 25 -0.000250935
18 26 0.00844445
18 27 0.0156632
18 28 0.0206603
18 29 0.0233531
18 30 0.0235364
18 31 0.0225957
18 32 0.0210505
18 33 0.0189745
18 34 0.0165886
18 35 0.0142797
18 36 0.010364
18 37 0.00544214
18 38 -0.000996252
18 39 -0.00841653
18 40 -0.0160871
18 41 -0.0229917
18 42 -0.0279089
18 43 -0.0302434
18 44 -0.0300667
18 45 -0.0274001
18 46 -0.0233577
18 47 -0.0196811
18 48 -0.0163767
18 49 -0.0148841
18 50 -0.0149878
18 51 -0.0158744
18 52 -0.0167599
18 53 -0.0172445
18 54 -0.0155507
18 55 -0.0127518
18 56 -0.00893666
18 57 -0.00486743
18 58 -0.00166424
18 59 -0.000677971
18 60 -0.00111625
18 61 -0.00377531
18 62 -0.00730762
18 63 -0.0106025
18 64 -0.0129038
18 65 -0.0141443
18 66 -0.0132597
18 67 -0.0120678
18 68 -0.0109771
18 69 -0.0108358
18 70 -0.0124558
18 71 -0.016141
18 72 -0.0204234
18 73 -0.0254012
18 74 -0.0292533
18 75 -0.0309691
18 76 -0.0303702
18 77 -0.0274645
18 78 -0.0225946
18 79 -0.0170162
18 80 -0.0114079
18 81 -0.00648655
18 82 -0.00242164
18 83 0.00133159
18 84 0.00444889
18 85 0.00860162
18 86 0.0134333
18 87 0.0185894
18 88 0.0236649
18 89 0.0278871
18 90 0.0292381
18 91 0.0277016
18 92 0.0227016
18 93 0.0149826
18 94 0.00526105
18 95 -0.00509556
18 96 -0.0137419
18 97 -0.0203948
18 98 -0.0236363
18 99 -0.0232905
18 100 -0.0191108
18 101 -0.0122558
18 102 -0.00397415
18 103 0.00462938
18 104 0.012051
18 105 0.0168378
18 106 0.0182661
18 107 0.0166193
18 108 0.0121181
18 109 0.00563845
18 110 -0.00224713
18 111 -0.00939049
18 112 -0.0146658
18 113 -0.0169179
18 114 -0.0156084
18 115 -0.011367
18 116 -0.00439434
18 117 0.00290169
18 118 0.00938449
18 119 0

19 0 0
19 1 0.0081363
19 2 0.00285871
19 3 -0.00330908
19 4 -0.00857353
19 5 -0.0124647
19 6 -0.013776
19 7 -0.0123382
19 8 -0.00775092
19 9 -0.000968993
19 10 0.0066027
19 11 0.0135805
19 12 0.0189011
19 13 0.0212484
19 14 0.0196621
19 15 0.0143675
19 16 0.00560789
19 17 -0.00461166
19 18 -0.0156848
19 19 -0.0245581
19 20 -0.0294383
19 21 -0.0297407
19 22 -0.0249682
19 23 -0.0168432
19 24 -0.00563258
19 25 0.00568391
19 26 0.0153986
19 27 0.0225024
19 28 0.0263637
19 29 0.0266199
19 30 0.0241928
19 31 0.0202767
19 32 0.0160295
19 33 0.0118817
19 34 0.0081327
19 35 0.00528688
19 36 0.00170741
19 37 -0.00245494
19 38 -0.00767418
19 39 -0.0135253
19 40 -0.0197264
19 41 -0.0247377
19 42 -0.0278201
19 43 -0.0281866
19 44 -0.0261746
19 45 -0.0215169
19 46 -0.0158843
19 47 -0.0105497
19 48 -0.0061324
19 49 -0.00372832
19 50 -0.00356621
19 51 -0.00421267
19 52 -0.00517361
19 53 -0.00563411
19 54 -0.00414028
19 55 -0.00119378
19 56 0.00267656
19 57 0.00697416
19 58 0.0101867
19 59 0.011283
19 60 0.0106615
19 61 0.00792773
19 62 0.00412775
19 63 0.000762151
19 64 -0.00165131
19 65 -0.00261667
19 66 -0.00160891
19 67 -0.000141465
19 68 0.000992956
19 69 0.00121048
19 70 -0.000901926
19 71 -0.00523377
19 72 -0.0106656
19 73 -0.0167133
19 74 -0.0220634
19 75 -0.0251718
19 76 -0.0262263
19 77 -0.024969
19 78 -0.0220447
19 79 -0.0181818
19 80 -0.0147048
19 81 -0.0117684
19 82 -0.00953634
19 83 -0.00730851
19 84 -0.00501771
19 85 -0.000785818
19 86 0.00490817
19 87 0.0118903
19 88 0.0194264
19 89 0.026281
19 90 0.0306435
19 91 0.0313692
19 92 0.0281073
19 93 0.021271
19 94 0.0112775
19 95 -0.000305921
19 96 -0.0108231
19 97 -0.019966
19 98 -0.0256388
19 99 -0.0277702
19 100 -0.0255345
19 101 -0.0197961
19 102 -0.012143
19 103 -0.00312519
19 104 0.00548564
19 105 0.0124453
19 106 0.0166918
19 107 0.0181607
19 108 0.0168214
19 109 0.0130592
19 110 0.00682201
19 111 3.08226e-05
19 112 -0.00629761
19 113 -0.0108608
19 114 -0.0126321
19 115 -0.0119905
19 116 -0.00798973
19 117 -0.00269143
19 118 0.00329714
19 119 0

20 0 0
20 1 0.00340923
20 2 -0.0022894
20 3 -0.00697688
20 4 -0.0106832
20 5 -0.0114784
20 6 -0.0104273
20 7 -0.00668436
20 8 -0.000615162
20 9 0.00601743
20 10 0.0130208
20 11 0.0178911
20 12 0.0210561
20 13 0.0207195
20 14 0.0165641
20 15 0.00937002
20 16 -0.00061194
20 17 -0.0112237
20 18 -0.0218123
20 19 -0.0294383
20 20 -0.0325236
20 21 -0.030372
20 22 -0.0236599
20 23 -0.0131864
20 24 -0.000673762
20 25 0.011255
20 26 0.0206955
20 27 0.026259
20 28 0.0280166
20 29 0.0254016
20 30 0.0200693
20 31 0.0134851
20 32 0.00737632
20 33 0.00190823
20 34 -0.00180026
20 35 -0.00405511
20 36 -0.00612911
20 37 -0.00826874
20 38 -0.0109234
20 39 -0.0142785
20 40 -0.0178254
20 41 -0.0204282
20 42 -0.0215095
20 43 -0.0199825
20 44 -0.0162386
20 45 -0.0102187
20 46 -0.00348207
20 47 0.00278324
20 48 0.00746417
20 49 0.0100686
20 50 0.0101491
20 51 0.00914425
20 52 0.00750126
20 53 0.00665607
20 54 0.00759493
20 55 0.0101957
20 56 0.0136353
20 57 0.0177788
20 58 0.0207277
20 59 0.021813
20 60 0.0209868
20 61 0.018312
20 62 0.0144781
20 63 0.0113897
20 64 0.00920364
20 65 0.00873591
20 66 0.0101266
20 67 0.0123644
20 68 0.0140198
20 69 0.0145976
20 70 0.0126463
20 71 0.00854166
20 72 0.00273852
20 73 -0.00373825
20 74 -0.00975812
20 75 -0.013844
20 76 -0.0161152
20 77 -0.0162156
20 78 -0.0152642
20 79 -0.0137717
20 80 -0.0128442
20 81 -0.0127741
20 82 -0.0132725
20 83 -0.0135203
20 84 -0.0131382
20 85 -0.0104121
20 86 -0.00498933
20 87 0.00235358
20 88 0.0112837
20 89 0.0201413
20 90 0.0270617
20 91 0.0301262
20 92 0.0293944
20 93 0.0242612
20 94 0.0156247
20 95 0.00466677
20 96 -0.006267
20 97 -0.0160608
20 98 -0.0234484
20 99 -0.0275335
20 100 -0.0275172
20 101 -0.0238757
20 102 -0.0180687
20 103 -0.010001
20 104 -0.00178738
20 105 0.0063578
20 106 0.0125208
20 107 0.0166932
20 108 0.0188959
20 109 0.0178479
20 110 0.0144777
20 111 0.00845033
20 112 0.00199316
20 113 -0.00424346
20 114 -0.00923766
20 115 -0.0116675
20 116 -0.0115384
20 117 -0.00811382
20 118 -0.00323417
20 119 0

21 0 0
21 1 -0.00192192
21 2 -0.00751383
21 3 -0.0112144
