0 0 0
0 1 0
0 2 0
0 3 0
0 4 0
0 5 0
0 6 0
0 7 0
0 8 0
0 9 0
0 10 0
0 11 0
0 12 0
0 13 0
0 14 0
0 15 0
0 16 0
0 17 0
0 18 0
0 19 0
0 20 0
0 21 0
0 22 0
0 23 0
0 24 0
0 25 0
0 26 0
0 27 0
0 28 0
0 29 0
0 30 0
0 31 0
0 32 0
0 33 0
0 34 0
0 35 0
0 36 0
0 37 0
0 38 0
0 39 0
0 40 0
0 41 0
0 42 0
0 43 0
0 44 0
0 45 0
0 46 0
0 47 0
0 48 0
0 49 0
0 50 0
0 51 0
0 52 0
0 53 0
0 54 0
0 55 0
0 56 0
0 57 0
0 58 0
0 59 0
0 60 0
0 61 0
0 62 0
0 63 0
0 64 0
0 65 0
0 66 0
0 67 0
0 68 0
0 69 0
0 70 0
0 71 0
0 72 0
0 73 0
0 74 0
0 75 0
0 76 0
0 77 0
0 78 0
0 79 0
0 80 0
0 81 0
0 82 0
0 83 0
0 84 0
0 85 0
0 86 0
0 87 0
0 88 0
0 89 0
0 90 0
0 91 0
0 92 0
0 93 0
0 94 0
0 95 0
0 96 0
0 97 0
0 98 0
0 99 0
0 100 0
0 101 0
0 102 0
0 103 0
0 104 0
0 105 0
0 106 0
0 107 0
0 108 0
0 109 0
0 110 0
0 111 0
0 112 0
0 113 0
0 114 0
0 115 0
0 116 0
0 117 0
0 118 0
0 119 0

1 0 0
1 1 0.0192104
1 2 0.0166714
1 3 0.010876
1 4 0.00386953
1 5 -0.0040255
1 6 -0.0112298
1 7 -0.0162306
1 8 -0.0191553
1 9 -0.0186225
1 10 -0.0154562
1 11 -0.0100961
1 12 -0.00290145
1 13 0.00411348
1 14 0.0107857
1 15 0.0155989
1 16 0.0179483
1 17 0.0180846
1 18 0.0156558
1 19 0.0115416
1 20 0.00611024
1 21 0.00052953
1 22 -0.0051228
1 23 -0.00976074
1 24 -0.0129348
1 25 -0.0155259
1 26 -0.0163673
1 27 -0.0164404
1 28 -0.0156414
1 29 -0.0140633
1 30 -0.0118283
1 31 -0.00891862
1 32 -0.00533337
1 33 -0.00062822
1 34 0.00399014
1 35 0.00928277
1 36 0.0142921
1 37 0.0185379
1 38 0.0215606
1 39 0.0237097
1 40 0.0247721
1 41 0.024709
1 42 0.0245407
1 43 0.0236803
1 44 0.0221471
1 45 0.0195393
1 46 0.0169677
1 47 0.0140286
1 48 0.01181
1 49 0.0102702
1 50 0.00951514
1 51 0.00820274
1 52 0.0067541
1 53 0.00539158
1 54 0.00429158
1 55 0.00250157
1 56 0.000264361
1 57 -0.00173993
1 58 -0.00278727
1 59 -0.0032386
1 60 -0.00324859
1 61 -0.00265447
1 62 -0.00111638
1 63 0.000680935
1 64 0.00200981
1 65 0.00269864
1 66 0.00363014
1 67 0.00472898
1 68 0.00568774
1 69 0.00620856
1 70 0.00754508
1 71 0.00971987
1 72 0.0127011
1 73 0.0155057
1 74 0.0185033
1 75 0.0206234
1 76 0.0223009
1 77 0.0234448
1 78 0.0247639
1 79 0.0250179
1 80 0.0244565
1 81 0.022923
1 82 0.0203309
1 83 0.0166821
1 84 0.012689
1 85 0.00890044
1 86 0.00464412
1 87 0.000951409
1 88 -0.00276573
1 89 -0.00630028
1 90 -0.0100298
1 91 -0.0132448
1 92 -0.016244
1 93 -0.0184018
1 94 -0.018852
1 95 -0.0182941
1 96 -0.0154548
1 97 -0.0108997
1 98 -0.00493891
1 99 0.00171494
1 100 0.00847948
1 101 0.0143304
1 102 0.0181194
1 103 0.0200428
1 104 0.0186765
1 105 0.0149358
1 106 0.00917007
1 107 0.00170703
1 108 -0.00543319
1 109 -0.0122262
1 110 -0.0169684
1 111 -0.0190558
1 112 -0.0186348
1 113 -0.0148587
1 114 -0.00916032
1 115 -0.00191554
1 116 0.00586542
1 117 0.0122922
1 118 0.0171725
1 119 0

2 0 0
2 1 0.0166714
2 2 0.0124665
2 3 0.00609127
2 4 -0.000648221
2 5 -0.00787256
2 6 -0.013261
2 7 -0.016724
2 8 -0.0179092
2 9 -0.0154744
2 10 -0.011546
2 11 -0.00518998
2 12 0.00181653
2 13 0.00800367
2 14 0.0136402
2 15 0.0164662
2 16 0.0175235
2 17 0.0154307
2 18 0.011664
2 19 0.00640758
2 20 -0.000409774
2 21 -0.00522777
2 22 -0.0107788
2 23 -0.014065
2 24 -0.0155191
2 25 -0.0157558
2 26 -0.0139754
2 27 -0.0121725
2 28 -0.00862277
2 29 -0.00606251
2 30 -0.00230611
2 31 0.000324059
2 32 0.00331825
2 33 0.00682782
2 34 0.00942499
2 35 0.0128245
2 36 0.0150992
2 37 0.0180496
2 38 0.0186317
2 39 0.0200805
2 40 0.0198559
2 41 0.0196255
2 42 0.0182685
2 43 0.0167021
2 44 0.0138122
2 45 0.00962726
2 46 0.00597652
2 47 0.00233618
2 48 0.000502322
2 49 -0.00112056
2 50 -0.000681741
2 51 -0.0015582
2 52 -0.00155063
2 53 -0.00286003
2 54 -0.00296736
2 55 -0.00553127
2 56 -0.00773279
2 57 -0.0110047
2 58 -0.011609
2 59 -0.0126909
2 60 -0.0119499
2 61 -0.0116867
2 62 -0.0087684
2 63 -0.00692393
2 64 -0.00472923
2 65 -0.00500678
2 66 -0.00406823
2 67 -0.00448915
2 68 -0.00394781
2 69 -0.00481009
2 70 -0.00342175
2 71 -0.0019768
2 72 0.00161984
2 73 0.00499175
2 74 0.00942698
2 75 0.0122522
2 76 0.0144517
2 77 0.0160762
2 78 0.0173558
2 79 0.0182801
2 80 0.0182267
2 81 0.0188063
2 82 0.0173897
2 83 0.0166337
2 84 0.0145663
2 85 0.0135504
2 86 0.0107676
2 87 0.00892927
2 88 0.00608673
2 89 0.00248024
2 90 -0.00133931
2 91 -0.0061799
2 92 -0.0100647
2 93 -0.0145317
2 94 -0.0166585
2 95 -0.0185022
2 96 -0.0171469
2 97 -0.0140659
2 98 -0.0100616
2 99 -0.00342341
2 100 0.00260456
2 101 0.00897345
2 102 0.0134751
2 103 0.0166422
2 104 0.0172163
2 105 0.0150586
2 106 0.0117293
2 107 0.00543291
2 108 -0.000562271
2 109 -0.0068092
2 110 -0.0123164
2 111 -0.0150532
2 112 -0.0165973
2 113 -0.0148213
2 114 -0.0111676
2 115 -0.00604619
2 116 0.000795696
2 117 0.00668822
2 118 0.0123674
2 119 0

3 0 0
3 1 0.010876
3 2 0.00609127
3 3 0.000467979
3 4 -0.00483391
3 5 -0.00970114
3 6 -0.0126239
3 7 -0.0137616
3 8 -0.0127563
3 9 -0.00968014
3 10 -0.00536866
3 11 0.000200187
3 12 0.00534225
3 13 0.0102307
3 14 0.0132312
3 15 0.0140032
3 16 0.013255
3 17 0.0093872
3 18 0.00516124
3 19 -0.000381313
3 20 -0.00621238
3 21 -0.0104801
3 22 -0.0141095
3 23 -0.0151043
3 24 -0.0147441
3 25 -0.0121435
3 26 -0.00862045
3 27 -0.00405378
3 28 0.000608913
3 29 0.00426019
3 30 0.00826516
3 31 0.0101611
3 32 0.0119973
3 33 0.0127525
3 34 0.0134343
3 35 0.0131082
3 36 0.0130278
3 37 0.0128446
3 38 0.0117065
3 39 0.0112497
3 40 0.0102506
3 41 0.00954552
3 42 0.00733719
3 43 0.00542014
3 44 0.00123594
3 45 -0.00327731
3 46 -0.00821337
3 47 -0.0110731
3 48 -0.0130955
3 49 -0.0132345
3 50 -0.0125628
3 51 -0.0113755
3 52 -0.0107599
3 53 -0.0103773
3 54 -0.0105767
3 55 -0.0123047
3 56 -0.0152613
3 57 -0.0181748
3 58 -0.0194735
3 59 -0.0199336
3 60 -0.019587
3 61 -0.0184298
3 62 -0.015633
3 63 -0.0128769
3 64 -0.0112968
3 65 -0.0113839
3 66 -0.0119673
3 67 -0.0129719
3 68 -0.0144237
3 69 -0.0155838
3 70 -0.0157656
3 71 -0.0142966
3 72 -0.0117818
3 73 -0.007387
3 74 -0.00317949
3 75 0.000600659
3 76 0.00234523
3 77 0.00445034
3 78 0.00522961
3 79 0.0065951
3 80 0.00747827
3 81 0.00956447
3 82 0.0105809
3 83 0.012165
3 84 0.0136827
3 85 0.014823
3 86 0.0154241
3 87 0.0152632
3 88 0.0145434
3 89 0.011467
3 90 0.00837398
3 91 0.00338041
3 92 -0.00163635
3 93 -0.00688153
3 94 -0.0110756
3 95 -0.014081
3 96 -0.0154937
3 97 -0.0144085
3 98 -0.0124899
3 99 -0.00792203
3 100 -0.00347317
3 101 0.00148285
3 102 0.00643362
3 103 0.00966417
3 104 0.0120142
3 105 0.0120701
3 106 0.0107672
3 107 0.00771011
3 108 0.00386326
3 109 -0.000468436
3 110 -0.00509361
3 111 -0.00838742
3 112 -0.0112275
3 113 -0.0118606
3 114 -0.0107676
3 115 -0.00841779
3 116 -0.00394761
3 117 0.000385259
3 118 0.00525512
3 119 0

4 0 0
4 1 0.00386953
4 2 -0.000648221
4 3 -0.00483391
4 4 -0.00816545
4 5 -0.0100879
4 6 -0.0101767
4 7 -0.00872921
4 8 -0.00574597
4 9 -0.00194704
4 10 0.00209089
4 11 0.00592417
4 12 0.00856276
4 13 0.0102325
4 14 0.0101108
4 15 0.00843396
4 16 0.00565587
4 17 0.00119845
4 18 -0.00318978
4 19 -0.0076548
4 20 -0.0115768
4 21 -0.013638
4 22 -0.014344
4 23 -0.0130622
4 24 -0.00984406
4 25 -0.00503054
4 26 0.000314266
4 27 0.00608609
4 28 0.0113444
4 29 0.0151176
4 30 0.0178633
4 31 0.0185323
4 32 0.0176576
4 33 0.0156955
4 34 0.0129663
4 35 0.00940121
4 36 0.00601072
4 37 0.00313174
4 38 0.00028027
4 39 -0.00165194
4 40 -0.00278779
4 41 -0.00369863
4 42 -0.00537994
4 43 -0.00764035
4 44 -0.0113533
4 45 -0.0160725
4 46 -0.0203702
4 47 -0.0227534
4 48 -0.0233841
4 49 -0.0225535
4 50 -0.0204565
4 51 -0.0178297
4 52 -0.0154957
4 53 -0.0139549
4 54 -0.0134441
4 55 -0.014741
4 56 -0.0174445
4 57 -0.020224
4 58 -0.0216343
4 59 -0.0219927
4 60 -0.0214818
4 61 -0.0199304
4 62 -0.0170244
4 63 -0.01423
4 64 -0.0128711
4 65 -0.0133823
4 66 -0.014966
4 67 -0.017434
4 68 -0.0202476
4 69 -0.0226502
4 70 -0.023842
4 71 -0.0237102
4 72 -0.0218706
4 73 -0.0182531
4 74 -0.0142278
4 75 -0.0113096
4 76 -0.0098032
4 77 -0.00889384
4 78 -0.00863975
4 79 -0.0080455
4 80 -0.00645973
4 81 -0.00367395
4 82 -0.000605766
4 83 0.00340609
4 84 0.00785465
4 85 0.0119624
4 86 0.0154929
4 87 0.0183244
4 88 0.0196453
4 89 0.0189589
4 90 0.0170623
4 91 0.0132727
4 92 0.00856886
4 93 0.00343267
4 94 -0.00172048
4 95 -0.00629099
4 96 -0.0094756
4 97 -0.0113303
4 98 -0.0121714
4 99 -0.0109997
4 100 -0.00917846
4 101 -0.00642471
4 102 -0.00289587
4 103 0.000297693
4 104 0.00354293
4 105 0.00609403
4 106 0.00784033
4 107 0.00846917
4 108 0.00788988
4 109 0.00609487
4 110 0.00320386
4 111 -0.000107884
4 112 -0.00377688
4 113 -0.00674739
4 114 -0.00880144
4 115 -0.00955305
4 116 -0.00837767
4 117 -0.00599718
4 118 -0.00220412
4 119 0

5 0 0
5 1 -0.0040255
5 2 -0.00787256
5 3 -0.00970114
5 4 -0.0100879
5 5 -0.0084376
5 6 -0.00521156
5 7 -0.00162029
5 8 0.00265557
5 9 0.00602807
5 10 0.00851515
5 11 0.00989649
5 12 0.00921392
5 13 0.00781492
5 14 0.00469113
5 15 0.000920087
5 16 -0.00277829
5 17 -0.00712143
5 18 -0.0102576
5 19 -0.0128181
5 20 -0.0140484
5 21 -0.0136283
5 22 -0.011545
5 23 -0.00780627
5 24 -0.00314499
5 25 0.00319653
5 26 0.0090952
5 27 0.015055
5 28 0.0198324
5 29 0.0226637
5 30 0.0239689
5 31 0.0226748
5 32 0.0197049
5 33 0.0147215
5 34 0.00946121
5 35 0.00301797
5 36 -0.0028214
5 37 -0.0077416
5 38 -0.0116183
5 39 -0.0139714
5 40 -0.0150267
5 41 -0.0150107
5 42 -0.0160719
5 43 -0.0175034
5 44 -0.0207579
5 45 -0.0243651
5 46 -0.0280431
5 47 -0.0291549
5 48 -0.0287771
5 49 -0.026548
5 50 -0.0235191
5 51 -0.0193597
5 52 -0.0156925
5 53 -0.0129585
5 54 -0.0120141
5 55 -0.0127953
5 56 -0.015088
5 57 -0.0175427
5 58 -0.0190699
5 59 -0.0194148
5 60 -0.018686
5 61 -0.0167979
5 62 -0.01397
5 63 -0.0113752
5 64 -0.0102705
5 65 -0.0110147
5 66 -0.0135254
5 67 -0.0171479
5 68 -0.0212477
5 69 -0.0244485
5 70 -0.0268545
5 71 -0.0276778
5 72 -0.0270483
5 73 -0.024121
5 74 -0.0213402
5 75 -0.0191178
5 76 -0.0188303
5 77 -0.0189718
5 78 -0.0203193
5 79 -0.0204199
5 80 -0.0193275
5 81 -0.0162478
5 82 -0.0121448
5 83 -0.00639857
5 84 8.12203e-05
5 85 0.00621442
5 86 0.0123874
5 87 0.0172299
5 88 0.0208595
5 89 0.0221138
5 90 0.0222895
5 91 0.0200866
5 92 0.0168588
5 93 0.0126737
5 94 0.00763661
5 95 0.00306445
5 96 -0.00161953
5 97 -0.00550614
5 98 -0.00901617
5 99 -0.010976
5 100 -0.0123669
5 101 -0.0125373
5 102 -0.0110065
5 103 -0.00911175
5 104 -0.00541032
5 105 -0.00141384
5 106 0.00276381
5 107 0.0068374
5 108 0.00947124
5 109 0.0110547
5 110 0.0105287
5 111 0.00834092
5 112 0.00471031
5 113 -0.000105686
5 114 -0.00471549
5 115 -0.00884009
5 116 -0.0113205
5 117 -0.0115614
5 118 -0.00976188
5 119 0

6 0 0
6 1 -0.0112298
6 2 -0.013261
6 3 -0.0126239
6 4 -0.0101767
6 5 -0.00521156
6 6 8.38185e-05
6 7 0.00548815
6 8 0.0103905
6 9 0.0125394
6 10 0.0135236
6 11 0.0116708
6 12 0.00789436
6 13 0.00368701
6 14 -0.0019621
6 15 -0.00659481
6 16 -0.0109171
6 17 -0.0136853
6 18 -0.0151311
6 19 -0.0150924
6 20 -0.012741
6 21 -0.0106195
6 22 -0.0057679
6 23 -0.00084498
6 24 0.00461822
6 25 0.01075
6 26 0.0156922
6 27 0.0210335
6 28 0.0237034
6 29 0.025598
6 30 0.0244413
6 31 0.0219883
6 32 0.0170355
6 33 0.0101436
6 34 0.0033416
6 35 -0.00492396
6 36 -0.0115145
6 37 -0.0178945
6 38 -0.0209544
6 39 -0.023474
6 40 -0.0228934
6 41 -0.0220925
6 42 -0.0212597
6 43 -0.0219523
6 44 -0.023826
6 45 -0.0261842
6 46 -0.0287012
6 47 -0.0286006
6 48 -0.0274603
6 49 -0.0239356
6 50 -0.0206099
6 51 -0.0150391
6 52 -0.0109381
6 53 -0.00689825
6 54 -0.00636277
6 55 -0.00618118
6 56 -0.00866704
6 57 -0.010097
6 58 -0.0124485
6 59 -0.0121735
6 60 -0.0119431
6 61 -0.00909566
6 62 -0.00717124
6 63 -0.00421685
6 64 -0.00394765
6 65 -0.00406743
6 66 -0.0077541
6 67 -0.0115326
6 68 -0.0169282
6 69 -0.0200839
6 70 -0.0237154
6 71 -0.0249136
6 72 -0.0255155
6 73 -0.0233631
6 74 -0.0219887
6 75 -0.0208443
6 76 -0.0216305
6 77 -0.0235577
6 78 -0.02621
6 79 -0.0281527
6 80 -0.0275538
6 81 -0.0258955
6 82 -0.021025
6 83 -0.0155157
6 84 -0.00778171
6 85 -0.00130244
6 86 0.00649555
6 87 0.0122765
6 88 0.0171688
6 89 0.0204612
6 90 0.0220639
6 91 0.0225489
6 92 0.0207155
6 93 0.019091
6 94 0.0151729
6 95 0.0118788
6 96 0.00688511
6 97 0.00177132
6 98 -0.00282248
6 99 -0.00831717
6 100 -0.0122839
6 101 -0.0157612
6 102 -0.0167142
6 103 -0.0165274
6 104 -0.0137267
6 105 -0.00876333
6 106 -0.00349641
6 107 0.00374837
6 108 0.00931945
6 109 0.0137471
6 110 0.0161528
6 111 0.0149027
6 112 0.0120205
6 113 0.00630203
6 114 -0.000215828
6 115 -0.00645267
6 116 -0.0121649
6 117 -0.0149214
6 118 -0.0154238
6 119 0

7 0 0
7 1 -0.0162306
7 2 -0.016724
7 3 -0.0137616
7 4 -0.00872921
7 5 -0.00162029
7 6 0.00548815
7 7 0.0115396
7 8 0.0158565
7 9 0.0169635
7 10 0.0154841
7 11 0.0112141
7 12 0.00514054
7 13 -0.00170923
7 14 -0.0082162
7 15 -0.0132317
7 16 -0.0166149
7 17 -0.0172423
7 18 -0.0164305
7 19 -0.0134961
7 20 -0.00902074
7 21 -0.00435957
7 22 0.0014341
7 23 0.00646732
7 24 0.0115026
7 25 0.0159461
7 26 0.0194716
7 27 0.0218682
7 28 0.0229056
7 29 0.0226355
7 30 0.0198569
7 31 0.016172
7 32 0.0101464
7 33 0.00299777
7 34 -0.00479155
7 35 -0.0123963
7 36 -0.0194035
7 37 -0.0246062
7 38 -0.0269064
7 39 -0.0274481
7 40 -0.0254117
7 41 -0.0226661
7 42 -0.0199545
7 43 -0.0193929
7 44 -0.0195061
7 45 -0.0207608
7 46 -0.0214337
7 47 -0.0210729
7 48 -0.0186595
7 49 -0.0153761
7 50 -0.0111274
7 51 -0.00603651
7 52 -0.000915121
7 53 0.00256399
7 54 0.00365388
7 55 0.00321597
7 56 0.00174938
7 57 -5.73198e-05
7 58 -0.00192876
7 59 -0.00243145
7 60 -0.00144716
7 61 0.000918815
7 62 0.00319929
7 63 0.00517637
7 64 0.00607679
7 65 0.00550351
7 66 0.0024537
7 67 -0.00217841
7 68 -0.0069222
7 69 -0.010775
7 70 -0.0138739
7 71 -0.0160871
7 72 -0.0165342
7 73 -0.0159877
7 74 -0.0152072
7 75 -0.0156817
7 76 -0.017195
7 77 -0.0210462
7 78 -0.0252277
7 79 -0.0289349
7 80 -0.030176
7 81 -0.0298757
7 82 -0.0264788
7 83 -0.0213786
7 84 -0.0151063
7 85 -0.00852684
7 86 -0.00167565
7 87 0.00446849
7 88 0.00931298
7 89 0.0139265
7 90 0.0168389
7 91 0.0191863
7 92 0.020352
7 93 0.020853
7 94 0.0197581
7 95 0.017872
7 96 0.0146011
7 97 0.00951451
7 98 0.00401875
7 99 -0.00293507
7 100 -0.00930977
7 101 -0.0149807
7 102 -0.0190893
7 103 -0.0206083
7 104 -0.0193272
7 105 -0.0149844
7 106 -0.00865218
7 107 -0.000525535
7 108 0.00713048
7 109 0.013831
7 110 0.0183048
7 111 0.019083
7 112 0.0172661
7 113 0.0116849
7 114 0.00423758
7 115 -0.00365581
7 116 -0.0114942
7 117 -0.0163571
7 118 -0.0186066
7 119 0

8 0 0
8 1 -0.0191553
8 2 -0.0179092
8 3 -0.0127563
8 4 -0.00574597
8 5 0.00265557
8 6 0.0103905
8 7 0.0158565
8 8 0.0187465
8 9 0.0177554
8 10 0.0138967
8 11 0.0076921
8 12 0.000125663
8 13 -0.00712932
8 14 -0.0132114
8 15 -0.0170091
8 16 -0.0183617
8 17 -0.0166305
8 18 -0.0131053
8 19 -0.00804051
8 20 -0.00183896
8 21 0.00339511
8 22 0.00868369
8 23 0.0126947
8 24 0.0152856
8 25 0.017012
8 26 0.0175419
8 27 0.017303
8 28 0.0159683
8 29 0.0140745
8 30 0.0105627
8 31 0.00661393
8 32 0.0014717
8 33 -0.00487595
8 34 -0.0111827
8 35 -0.0173261
8 36 -0.0224351
8 37 -0.0259516
8 38 -0.0261929
8 39 -0.0245965
8 40 -0.0208042
8 41 -0.016268
8 42 -0.0122378
8 43 -0.0102786
8 44 -0.00956897
8 45 -0.00944546
8 46 -0.00950663
8 47 -0.0086194
8 48 -0.006598
8 49 -0.00340076
8 50 0.000122589
8 51 0.00483013
8 52 0.00923208
8 53 0.0123727
8 54 0.0128003
8 55 0.0122881
8 56 0.0108439
8 57 0.00930825
8 58 0.00718208
8 59 0.00660627
8 60 0.0075057
8 61 0.00996326
8 62 0.0118424
8 63 0.0136528
8 64 0.0145485
8 65 0.0145401
8 66 0.0118267
8 67 0.00789635
8 68 0.00363716
8 69 0.000607003
8 70 -0.00217992
8 71 -0.00375799
8 72 -0.00437444
8 73 -0.00403713
8 74 -0.00416829
8 75 -0.00492349
8 76 -0.00732071
8 77 -0.011879
8 78 -0.0173989
8 79 -0.0223093
8 80 -0.0254413
8 81 -0.0268807
8 82 -0.025273
8 83 -0.0221649
8 84 -0.0178982
8 85 -0.0134221
8 86 -0.00832981
8 87 -0.00418021
8 88 -0.000255979
8 89 0.00373494
8 90 0.00719485
8 91 0.0107523
8 92 0.0139723
8 93 0.0169979
8 94 0.0188171
8 95 0.0199178
8 96 0.0186594
8 97 0.0155384
8 98 0.0109203
8 99 0.00401618
8 100 -0.00318377
8 101 -0.0103836
8 102 -0.0163318
8 103 -0.0200136
8 104 -0.0205647
8 105 -0.0181011
8 106 -0.0128958
8 107 -0.00516453
8 108 0.0027922
8 109 0.0107648
8 110 0.0167295
8 111 0.0194
8 112 0.0192657
8 113 0.0149493
8 114 0.0083092
8 115 0.00013998
8 116 -0.00850818
8 117 -0.0149234
8 118 -0.0191783
8 119 0

9 0 0
9 1 -0.0186225
9 2 -0.0154744
9 3 -0.00968014
9 4 -0.00194704
9 5 0.00602807
9 6 0.0125394
9 7 0.0169635
9 8 0.0177554
9 9 0.0154627
9 10 0.0102586
9 11 0.00289122
9 12 -0.00441857
9 13 -0.0116123
9 14 -0.016001
9 15 -0.0177922
9 16 -0.01705
9 17 -0.0124852
9 18 -0.0072166
9 19 -0.00028159
9 20 0.00639441
9 21 0.0114923
9 22 0.0152989
9 23 0.0166172
9 24 0.0167537
9 25 0.0144802
9 26 0.0120575
9 27 0.00855348
9 28 0.00516048
9 29 0.00219363
9 30 -0.00168968
9 31 -0.00448409
9 32 -0.00836191
9 33 -0.0118443
9 34 -0.0161714
9 35 -0.0191212
9 36 -0.0217431
9 37 -0.0224804
9 38 -0.0203745
9 39 -0.0165934
9 40 -0.0108565
9 41 -0.00539411
9 42 7.00526e-05
9 43 0.00237746
9 44 0.00426661
9 45 0.00451831
9 46 0.00543547
9 47 0.0055809
9 48 0.00735012
9 49 0.00913846
9 50 0.0120354
9 51 0.0151187
9 52 0.0186434
9 53 0.0204613
9 54 0.0204278
9 55 0.019305
9 56 0.0180404
9 57 0.0163928
9 58 0.0143653
9 59 0.0134941
9 60 0.0144262
9 61 0.0165514
9 62 0.018269
9 63 0.0197136
9 64 0.0209588
9 65 0.0212954
9 66 0.0196898
9 67 0.0166196
9 68 0.0138627
9 69 0.0115735
9 70 0.0102256
9 71 0.0091745
9 72 0.00954413
9 73 0.00934875
9 74 0.00959476
9 75 0.00825114
9 76 0.00627548
9 77 0.000941872
9 78 -0.00454337
9 79 -0.0108085
9 80 -0.0151484
9 81 -0.0185916
9 82 -0.0190438
9 83 -0.0184985
9 84 -0.0172813
9 85 -0.0153781
9 86 -0.0138278
9 87 -0.0120085
9 88 -0.0107509
9 89 -0.00770869
9 90 -0.00517697
9 91 -0.000781661
9 92 0.00391793
9 93 0.00915916
9 94 0.0142356
9 95 0.0178171
9 96 0.0200549
9 97 0.0192719
9 98 0.0168825
9 99 0.0109803
9 100 0.00422106
9 101 -0.00313134
9 102 -0.0106992
9 103 -0.015505
9 104 -0.0185952
9 105 -0.0181411
9 106 -0.014741
9 107 -0.00891182
9 108 -0.00141492
9 109 0.00585951
9 110 0.0124911
9 111 0.0163191
9 112 0.0174083
9 113 0.0153568
9 114 0.0100896
9 115 0.00332041
9 116 -0.00445904
9 117 -0.0113428
9 118 -0.0161129
9 119 0

10 0 0
10 1 -0.0154562
10 2 -0.011546
10 3 -0.00536866
10 4 0.00209089
10 5 0.00851515
10 6 0.0135236
10 7 0.0154841
10 8 0.0138967
10 9 0.0102586
10 10 0.00373642
10 11 -0.00306544
10 12 -0.00913746
10 13 -0.0143379
10 14 -0.015993
10 15 -0.0153365
10 16 -0.0115977
10 17 -0.00551392
10 18 0.00149062
10 19 0.00863397
10 20 0.0140335
10 21 0.0183013
10 22 0.0190156
10 23 0.0176621
10 24 0.0140333
10 25 0.00859587
10 26 0.00336885
10 27 -0.00288187
10 28 -0.00710652
10 29 -0.0109085
10 30 -0.0131557
10 31 -0.0148569
10 32 -0.0156661
10 33 -0.0161467
10 34 -0.0172768
10 35 -0.0168289
10 36 -0.0167532
10 37 -0.0143202
10 38 -0.0108577
10 39 -0.00469177
10 40 0.00127285
10 41 0.00773007
10 42 0.0126398
10 43 0.0155632
10 44 0.0170216
10 45 0.0175817
10 46 0.0182061
10 47 0.0177281
10 48 0.0183184
10 49 0.0185503
10 50 0.020277
10 51 0.0213701
10 52 0.0236283
10 53 0.0236818
10 54 0.0234057
10 55 0.0213566
10 56 0.020582
10 57 0.0184032
10 58 0.0170922
10 59 0.0155418
10 60 0.0168811
10 61 0.017999
10 62 0.0200006
10 63 0.0206493
10 64 0.0226133
10 65 0.0228798
10 66 0.0228994
10 67 0.0207951
10 68 0.0200018
10 69 0.0186302
10 70 0.0189811
10 71 0.0189584
10 72 0.0203203
10 73 0.0204386
10 74 0.021008
10 75 0.0203569
10 76 0.0186444
10 77 0.0144126
10 78 0.00895982
10 79 0.00328395
10 80 -0.00246463
10 81 -0.00629133
10 82 -0.00926673
10 83 -0.0105203
10 84 -0.0126648
10 85 -0.0134598
10 86 -0.0156506
10 87 -0.0171346
10 88 -0.0184086
10 89 -0.0181562
10 90 -0.0165598
10 91 -0.0132589
10 92 -0.00735088
10 93 -0.00141329
10 94 0.0060574
10 95 0.0120466
10 96 0.0172181
10 97 0.0197842
10 98 0.0194047
10 99 0.0168306
10 100 0.0115576
10 101 0.00539382
10 102 -0.00203262
10 103 -0.00775066
10 104 -0.0123163
10 105 -0.0147363
10 106 -0.0137151
10 107 -0.0114314
10 108 -0.00637802
10 109 -0.000486963
10 110 0.00514208
10 111 0.010316
10 112 0.0128481
10 113 0.0131625
10 114 0.010752
10 115 0.00594704
10 116 0.00015295
10 117 -0.00605944
10 118 -0.0110627
10 119 0

11 0 0
11 1 -0.0100961
11 2 -0.00518998
11 3 0.000200187
11 4 0.00592417
11 5 0.00989649
11 6 0.0116708
11 7 0.0112141
11 8 0.0076921
11 9 0.00289122
11 10 -0.00306544
11 11 -0.00878864
11 12 -0.0125453
11 13 -0.0146528
11 14 -0.0135244
11 15 -0.00988161
11 16 -0.00433791
11 17 0.00295048
11 18 0.0101424
11 19 0.0163995
11 20 0.0205229
11 21 0.0219694
11 22 0.0199833
11 23 0.0154711
11 24 0.00894886
11 25 0.0006947
11 26 -0.00695613
11 27 -0.013919
11 28 -0.0189738
11 29 -0.0217486
11 30 -0.022526
11 31 -0.021601
11 32 -0.0194118
11 33 -0.0165616
11 34 -0.0141705
11 35 -0.0111219
11 36 -0.00790249
11 37 -0.00396921
11 38 0.00109186
11 39 0.00735129
11 40 0.0134997
11 41 0.0187568
11 42 0.0228362
11 43 0.0248789
11 44 0.0256505
11 45 0.0257144
11 46 0.0255848
11 47 0.0244291
11 48 0.0232711
11 49 0.0223556
11 50 0.0221496
11 51 0.0219679
11 52 0.0219617
11 53 0.0212343
11 54 0.0198782
11 55 0.0181638
11 56 0.0168614
11 57 0.0153988
11 58 0.0138836
11 59 0.0129541
11 60 0.0134577
11 61 0.0145622
11 62 0.0156235
11 63 0.016572
11 64 0.0179572
11 65 0.0190689
11 66 0.0196011
11 67 0.0195403
11 68 0.0197397
11 69 0.0201356
11 70 0.0213695
11 71 0.0230506
11 72 0.0248994
11 73 0.0259276
11 74 0.0269545
11 75 0.0274228
11 76 0.0267908
11 77 0.0241365
11 78 0.0203878
11 79 0.0155467
11 80 0.0105139
11 81 0.0062177
11 82 0.0027476
11 83 -0.000693728
11 84 -0.00448255
11 85 -0.00836506
11 86 -0.0133369
11 87 -0.0181968
11 88 -0.0223176
11 89 -0.0247871
11 90 -0.0253968
11 91 -0.0231097
11 92 -0.0184356
11 93 -0.0119014
11 94 -0.00366434
11 95 0.00412739
11 96 0.0112735
11 97 0.0166813
11 98 0.0196041
11 99 0.0196804
11 100 0.0174579
11 101 0.0131795
11 102 0.00732905
11 103 0.00171441
11 104 -0.0041017
11 105 -0.00844821
11 106 -0.010866
11 107 -0.0117183
11 108 -0.00990452
11 109 -0.00691372
11 110 -0.00271064
11 111 0.00193591
11 112 0.00559506
11 113 0.00845771
11 114 0.00919459
11 115 0.00795915
11 116 0.00512337
11 117 0.000630836
11 118 -0.00391577
11 119 0

12 0 0
12 1 -0.00290145
12 2 0.00181653
12 3 0.00534225
12 4 0.00856276
12 5 0.00921392
12 6 0.00789436
12 7 0.00514054
12 8 0.000125663
12 9 -0.00441857
12 10 -0.00913746
12 11 -0.0125453
12 12 -0.0133864
12 13 -0.0127079
12 14 -0.0089115
12 15 -0.00346251
12 16 0.00336775
12 17 0.0104969
12 18 0.0168233
12 19 0.0215604
12 20 0.0230585
12 21 0.0225165
12 22 0.0178808
12 23 0.0110577
12 24 0.0026515
12 25 -0.00698448
12 26 -0.0152064
12 27 -0.0225938
12 28 -0.0267833
12 29 -0.0285412
12 30 -0.0270293
12 31 -0.0239522
12 32 -0.0191304
12 33 -0.0133861
12 34 -0.00862181
12 35 -0.00326787
12 36 0.00130118
12 37 0.00655344
12 38 0.0112598
12 39 0.0172053
12 40 0.0217532
12 41 0.02542
12 42 0.0274851
12 43 0.0283261
12 44 0.0280641
12 45 0.027312
12 46 0.0266318
12 47 0.0245244
12 48 0.0224167
12 49 0.0199923
12 50 0.0188306
12 51 0.0168639
12 52 0.015664
12 53 0.0135784
12 54 0.0123754
12 55 0.0104126
12 56 0.00970697
12 57 0.00823968
12 58 0.0076801
12 59 0.006603
12 60 0.00715665
12 61 0.00719908
12 62 0.00815419
12 63 0.00836702
12 64 0.00985926
12 65 0.0106251
12 66 0.0123372
12 67 0.013211
12 68 0.0149887
12 69 0.0160192
12 70 0.0185574
12 71 0.0208355
12 72 0.0234899
12 73 0.0247497
12 74 0.0265839
12 75 0.0278991
12 76 0.028685
12 77 0.0281088
12 78 0.0264557
12 79 0.0236305
12 80 0.0197041
12 81 0.0165577
12 82 0.0127384
12 83 0.00901853
12 84 0.00383857
12 85 -0.00133929
12 86 -0.00866139
12 87 -0.0154682
12 88 -0.021857
12 89 -0.02672
12 90 -0.0292354
12 91 -0.0288923
12 92 -0.025271
12 93 -0.019987
12 94 -0.0119426
12 95 -0.00413295
12 96 0.00429294
12 97 0.0113684
12 98 0.0163019
12 99 0.0195694
12 100 0.020043
12 101 0.0186461
12 102 0.0148397
12 103 0.0103843
12 104 0.00447433
12 105 -0.00118128
12 106 -0.00574849
12 107 -0.0100769
12 108 -0.0115109
12 109 -0.0118083
12 110 -0.0100365
12 111 -0.00620373
12 112 -0.00238259
12 113 0.00244933
12 114 0.00593386
12 115 0.00801936
12 116 0.00869888
12 117 0.0066936
12 118 0.00388018
12 119 0

13 0 0
13 1 0.00411348
13 2 0.00800367
13 3 0.0102307
13 4 0.0102325
13 5 0.00781492
13 6 0.00368701
13 7 -0.00170923
13 8 -0.00712932
13 9 -0.0116123
13 10 -0.0143379
13 11 -0.0146528
13 12 -0.0127079
13 13 -0.00812422
13 14 -0.00259208
13 15 0.00420122
13 16 0.0111356
13 17 0.0162706
13 18 0.0210789
13 19 0.0225787
13 20 0.0216567
13 21 0.0184323
13 22 0.0120479
13 23 0.00456475
13 24 -0.00482111
13 25 -0.0133088
13 26 -0.0212091
13 27 -0.0265379
13 28 -0.0293035
13 29 -0.0291338
13 30 -0.0252437
13 31 -0.020614
13 32 -0.0133851
13 33 -0.0067292
13 34 5.37607e-05
13 35 0.0053479
13 36 0.0106227
13 37 0.0149836
13 38 0.0185252
13 39 0.0223831
13 40 0.0242994
13 41 0.0255517
13 42 0.0246476
13 43 0.0243231
13 44 0.0222783
13 45 0.0214702
13 46 0.019547
13 47 0.0177716
13 48 0.0143356
13 49 0.0119148
13 50 0.00934759
13 51 0.00707318
13 52 0.00429031
13 53 0.0022335
13 54 0.000777944
13 55 -0.000191391
13 56 -0.000780707
13 57 -0.00121306
13 58 -0.00134482
13 59 -0.00167794
13 60 -0.00179861
13 61 -0.00215308
13 62 -0.00215644
13 63 -0.00209739
13 64 -0.0015496
13 65 -0.000662921
13 66 0.00100554
13 67 0.00321861
13 68 0.00519052
13 69 0.00727099
13 70 0.00956699
13 71 0.0127364
13 72 0.0146898
13 73 0.0167473
13 74 0.0181691
13 75 0.0209355
13 76 0.0223985
13 77 0.0247301
13 78 0.0251139
13 79 0.0252783
13 80 0.0233355
13 81 0.0222033
13 82 0.0195918
13 83 0.0164208
13 84 0.0120946
13 85 0.00626627
13 86 -0.000808419
13 87 -0.00899748
13 88 -0.0157437
13 89 -0.022764
13 90 -0.0264784
13 91 -0.0283607
13 92 -0.0270335
13 93 -0.023668
13 94 -0.0181606
13 95 -0.0110986
13 96 -0.00412983
13 97 0.00364193
13 98 0.00948838
13 99 0.0152948
13 100 0.0188197
13 101 0.0201411
13 102 0.0202228
13 103 0.017359
13 104 0.0131311
13 105 0.00713141
13 106 0.0005299
13 107 -0.00617099
13 108 -0.0116844
13 109 -0.0149397
13 110 -0.0162528
13 111 -0.0141393
13 112 -0.0100141
13 113 -0.00431085
13 114 0.0023789
13 115 0.00776574
13 116 0.0115679
13 117 0.012663
13 118 0.0107439
13 119 0

14 0 0
14 1 0.0107857
14 2 0.0136402
14 3 0.0132312
14 4 0.0101108
14 5 0.00469113
14 6 -0.0019621
14 7 -0.0082162
14 8 -0.0132114
14 9 -0.016001
14 10 -0.015993
14 11 -0.0135244
14 12 -0.0089115
14 13 -0.00259208
14 14 0.00401234
14 15 0.010439
14 16 0.0157788
14 17 0.0189672
14 18 0.0204766
14 19 0.0195603
14 20 0.0164302
14 21 0.0115211
14 22 0.00481067
14 23 -0.00263915
14 24 -0.0101472
14 25 -0.0171192
14 26 -0.0226579
14 27 -0.0255908
14 28 -0.0262096
14 29 -0.0239527
14 30 -0.0189729
14 31 -0.0126379
14 32 -0.00533605
14 33 0.00198716
14 34 0.00834505
14 35 0.0131706
14 36 0.0172654
14 37 0.0199634
14 38 0.0214924
14 39 0.0221274
14 40 0.0214818
14 41 0.0192381
14 42 0.0163318
14 43 0.0138043
14 44 0.011488
14 45 0.00981341
14 46 0.00828501
14 47 0.00632539
14 48 0.0033683
14 49 0.000693926
14 50 -0.0018405
14 51 -0.0045553
14 52 -0.00768042
14 53 -0.00974028
14 54 -0.0106288
14 55 -0.0106331
14 56 -0.0105316
14 57 -0.0099539
14 58 -0.00933109
14 59 -0.00899731
14 60 -0.00959804
14 61 -0.0105019
14 62 -0.0113765
14 63 -0.0118144
14 64 -0.0121743
14 65 -0.0117055
14 66 -0.0100958
14 67 -0.007475
14 68 -0.00528139
14 69 -0.003294
14 70 -0.00114699
14 71 0.00132149
14 72 0.00287548
14 73 0.00414025
14 74 0.00571928
14 75 0.00821175
14 76 0.0111701
14 77 0.0149005
14 78 0.0182717
14 79 0.0204925
14 80 0.0216941
14 81 0.0223656
14 82 0.0219507
14 83 0.0202301
14 84 0.0175393
14 85 0.0129619
14 86 0.0067855
14 87 -0.00021724
14 88 -0.00719352
14 89 -0.013972
14 90 -0.0189797
14 91 -0.022137
14 92 -0.0234981
14 93 -0.0225786
14 94 -0.0199001
14 95 -0.0159179
14 96 -0.0107167
14 97 -0.00451286
14 98 0.00171381
14 99 0.00813278
14 100 0.0137963
14 101 0.0181485
14 102 0.0209449
14 103 0.0209988
14 104 0.0185335
14 105 0.0136486
14 106 0.00669935
14 107 -0.00116013
14 108 -0.00876834
14 109 -0.0151231
14 110 -0.0188054
14 111 -0.0191225
14 112 -0.0161892
14 113 -0.00999741
14 114 -0.00227489
14 115 0.00569595
14 116 0.0124531
14 117 0.0160465
14 118 0.0164705
14 119 0

15 0 0
15 1 0.0155989
15 2 0.0164662
15 3 0.0140032
15 4 0.00843396
15 5 0.000920087
15 6 -0.00659481
15 7 -0.0132317
15 8 -0.0170091
15 9 -0.0177922
15 10 -0.0153365
15 11 -0.00988161
15 12 -0.00346251
15 13 0.00420122
15 14 0.010439
15 15 0.0150661
15 16 0.0182165
15 17 0.0177919
15 18 0.016323
15 19 0.0125343
15 20 0.00736815
15 21 0.00203958
15 22 -0.00389473
15 23 -0.0090744
15 24 -0.0142048
15 25 -0.0173448
15 26 -0.019583
15 27 -0.0195576
15 28 -0.0176916
15 29 -0.0142003
15 30 -0.00815678
15 31 -0.00223084
15 32 0.00459663
15 33 0.0103247
15 34 0.0154989
15 35 0.018338
15 36 0.0203194
15 37 0.0208318
15 38 0.019503
15 39 0.0173114
15 40 0.0133193
15 41 0.0087916
15 42 0.00338679
15 43 0.000128188
15 44 -0.002775
15 45 -0.00380922
15 46 -0.0050958
15 47 -0.00587001
15 48 -0.00811822
15 49 -0.00991947
15 50 -0.0121888
15 51 -0.0145742
15 52 -0.0175916
15 53 -0.0192244
15 54 -0.0192473
15 55 -0.0182258
15 56 -0.0170581
15 57 -0.0155857
15 58 -0.0139201
15 59 -0.0131914
15 60 -0.0139091
15 61 -0.0156009
15 62 -0.0170879
15 63 -0.018381
15 64 -0.0195029
15 65 -0.0197617
15 66 -0.0183681
15 67 -0.0158301
15 68 -0.013856
15 69 -0.0122705
15 70 -0.0110472
15 71 -0.00963213
15 72 -0.0095337
15 73 -0.00908517
15 74 -0.00867172
15 75 -0.00636622
15 76 -0.00343751
15 77 0.00192928
15 78 0.00669443
15 79 0.0115138
15 80 0.0147295
15 81 0.0178916
15 82 0.0192099
15 83 0.0198662
15 84 0.0193481
15 85 0.016959
15 86 0.0133479
15 87 0.00841615
15 88 0.00347772
15 89 -0.00262633
15 90 -0.00704507
15 91 -0.0114473
15 92 -0.0144639
15 93 -0.0166641
15 94 -0.0177192
15 95 -0.0171543
15 96 -0.0155826
15 97 -0.0119984
15 98 -0.00768519
15 99 -0.0010015
15 100 0.00545129
15 101 0.0119714
15 102 0.0179163
15 103 0.0206737
15 104 0.0214867
15 105 0.018498
15 106 0.0126173
15 107 0.00460122
15 108 -0.00447644
15 109 -0.012517
15 110 -0.0186724
15 111 -0.0209141
15 112 -0.0195359
15 113 -0.0142499
15 114 -0.00608674
15 115 0.00279874
15 116 0.0114197
15 117 0.0171249
15 118 0.0192887
15 119 0

16 0 0
16 1 0.0179483
16 2 0.0175235
16 3 0.013255
16 4 0.00565587
16 5 -0.00277829
16 6 -0.0109171
16 7 -0.0166149
16 8 -0.0183617
16 9 -0.01705
16 10 -0.0115977
16 11 -0.00433791
16 12 0.00336775
16 13 0.0111356
16 14 0.0157788
16 15 0.0182165
16 16 0.0174658
16 17 0.0138001
16 18 0.00869794
16 19 0.0023994
16 20 -0.00328647
16 21 -0.00885623
16 22 -0.0122779
16 23 -0.0146836
16 24 -0.0154895
16 25 -0.0145208
16 26 -0.0132148
16 27 -0.0095809
16 28 -0.0060917
16 29 -0.00118951
16 30 0.00385942
16 31 0.00917947
16 32 0.0136892
16 33 0.0171391
16 34 0.0199678
16 35 0.0200718
16 36 0.0199403
16 37 0.0174918
16 38 0.0143007
16 39 0.00871349
16 40 0.00293702
16 41 -0.00411551
16 42 -0.0102292
16 43 -0.014313
16 44 -0.0163321
16 45 -0.0166354
16 46 -0.0166199
16 47 -0.0159021
16 48 -0.0166799
16 49 -0.0170921
16 50 -0.0188426
16 51 -0.0202744
16 52 -0.0231482
16 53 -0.0236866
16 54 -0.0233154
16 55 -0.0206973
16 56 -0.0190449
16 57 -0.0160315
16 58 -0.0141024
16 59 -0.0123355
16 60 -0.0138114
16 61 -0.0154705
16 62 -0.0182374
16 63 -0.0197042
16 64 -0.0221938
16 65 -0.0225295
16 66 -0.0220635
16 67 -0.0193702
16 68 -0.0182967
16 69 -0.0169953
16 70 -0.0172922
16 71 -0.0172452
16 72 -0.0190291
16 73 -0.0199936
16 74 -0.0210119
16 75 -0.0199841
16 76 -0.017227
16 77 -0.0118479
16 78 -0.00572542
16 79 -4.81964e-05
16 80 0.00548508
16 81 0.00954936
16 82 0.0132047
16 83 0.0152907
16 84 0.0176993
16 85 0.0175993
16 86 0.0174519
16 87 0.0156538
16 88 0.0133163
16 89 0.0098602
16 90 0.00622408
16 91 0.00224722
16 92 -0.00285584
16 93 -0.00696567
16 94 -0.012005
16 95 -0.0154186
16 96 -0.0180262
16 97 -0.0183258
16 98 -0.0160649
16 99 -0.0115218
16 100 -0.00459695
16 101 0.00295004
16 102 0.0113759
16 103 0.0172531
16 104 0.0210062
16 105 0.0213001
16 106 0.0170401
16 107 0.0107167
16 108 0.00154284
16 109 -0.00767253
16 110 -0.0151599
16 111 -0.0200983
16 112 -0.0203935
16 113 -0.0167076
16 114 -0.00939077
16 115 -1.67756e-07
16 116 0.00910974
16 117 0.016295
16 118 0.0196909
16 119 0

17 0 0
17 1 0.0180846
17 2 0.0154307
17 3 0.0093872
17 4 0.00119845
17 5 -0.00712143
17 6 -0.0136853
17 7 -0.0172423
17 8 -0.0166305
17 9 -0.0124852
17 10 -0.00551392
17 11 0.00295048
17 12 0.0104969
17 13 0.0162706
17 14 0.0189672
17 15 0.0177919
17 16 0.0138001
17 17 0.00722796
17 18 -0.000722779
17 19 -0.00796997
17 20 -0.0140075
17 21 -0.0176945
17 22 -0.0186654
17 23 -0.0175186
17 24 -0.0140205
17 25 -0.00939601
17 26 -0.00424419
17 27 0.00117047
17 28 0.00633805
17 29 0.0107135
17 30 0.014496
17 31 0.0177813
17 32 0.0193761
17 33 0.0203068
17 34 0.0200501
17 35 0.0184598
17 36 0.0157299
17 37 0.0121052
17 38 0.00695147
17 39 0.000104149
17 40 -0.00716576
17 41 -0.0148362
17 42 -0.0210145
17 43 -0.0247205
17 44 -0.0252332
17 45 -0.0243733
17 46 -0.0223298
17 47 -0.0203011
17 48 -0.0187473
17 49 -0.0183575
17 50 -0.0187179
17 51 -0.0200751
17 52 -0.0217938
17 53 -0.0223187
17 54 -0.0207633
17 55 -0.0178711
17 56 -0.0148528
17 57 -0.0115623
17 58 -0.00852231
17 59 -0.00693957
17 60 -0.00803589
17 61 -0.010593
17 62 -0.0134408
17 63 -0.01603
17 64 -0.018581
17 65 -0.0198272
17 66 -0.0191401
17 67 -0.0173205
17 68 -0.0160783
17 69 -0.0159312
17 70 -0.0168161
17 71 -0.018997
17 72 -0.0219719
17 73 -0.0251037
17 74 -0.0273418
17 75 -0.0283099
17 76 -0.0262398
17 77 -0.0216878
17 78 -0.0155386
17 79 -0.00959454
17 80 -0.00361189
17 81 0.00109293
17 82 0.00507855
17 83 0.00875207
17 84 0.0122643
17 85 0.0150203
17 86 0.0173737
17 87 0.0193666
17 88 0.0198213
17 89 0.0195435
17 90 0.0179078
17 91 0.0145996
17 92 0.00949756
17 93 0.00333136
17 94 -0.00397964
17 95 -0.0113829
17 96 -0.0173118
17 97 -0.0214723
17 98 -0.0223598
17 99 -0.0199197
17 100 -0.0144136
17 101 -0.0062551
17 102 0.00264955
17 103 0.0108865
17 104 0.0173087
17 105 0.0202865
17 106 0.0193801
17 107 0.0150769
17 108 0.00772862
17 109 -0.000943285
17 110 -0.00887841
17 111 -0.0149433
17 112 -0.0175888
17 113 -0.0161497
17 114 -0.0114872
17 115 -0.00405234
17 116 0.00445671
17 117 0.0117429
17 118 0.0168783
17 119 0

18 0 0
18 1 0.0156558
18 2 0.011664
18 3 0.00516124
18 4 -0.00318978
18 5 -0.0102576
18 6 -0.0151311
18 7 -0.0164305
18 8 -0.0131053
18 9 -0.0072166
18 10 0.00149062
18 11 0.0101424
18 12 0.0168233
18 13 0.0210789
18 14 0.0204766
18 15 0.016323
18 16 0.00869794
18 17 -0.000722779
18 18 -0.0102904
18 19 -0.0184343
18 20 -0.0231896
18 21 -0.0253881
18 22 -0.0227369
18 23 -0.0176945
18 24 -0.0106321
18 25 -0.00216284
18 26 0.00524258
18 27 0.0125335
18 28 0.0172746
18 29 0.0207868
18 30 0.022092
18 31 0.0224929
18 32 0.021156
18 33 0.0187287
18 34 0.0165231
18 35 0.0127782
18 36 0.00938301
18 37 0.00462603
18 38 -0.000395333
18 39 -0.0077736
18 40 -0.0147945
18 41 -0.0219897
18 42 -0.0271647
18 43 -0.0293815
18 44 -0.0283609
18 45 -0.0253449
18 46 -0.0218831
18 47 -0.0176328
18 48 -0.0147855
18 49 -0.0126909
18 50 -0.0128891
18 51 -0.013301
18 52 -0.0150746
18 53 -0.0147815
18 54 -0.0134409
18 55 -0.00967103
18 56 -0.00657001
18 57 -0.00232008
18 58 0.000599428
18 59 0.00275529
18 60 0.00115987
18 61 -0.00120451
18 62 -0.00490316
18 63 -0.00747024
18 64 -0.0107298
18 65 -0.0115928
18 66 -0.011482
18 67 -0.00935614
18 68 -0.00875619
18 69 -0.00843954
18 70 -0.0107112
18 71 -0.0138101
18 72 -0.0187623
18 73 -0.0229732
18 74 -0.0273246
18 75 -0.0296432
18 76 -0.02936
18 77 -0.0259207
18 78 -0.020981
18 79 -0.0157879
18 80 -0.0104201
18 81 -0.00673715
18 82 -0.00296187
18 83 0.000272761
18 84 0.00481479
18 85 0.00855382
18 86 0.0138689
18 87 0.0184177
18 88 0.0224686
18 89 0.0252445
18 90 0.0262626
18 91 0.0249429
18 92 0.0202361
18 93 0.0139026
18 94 0.00446859
18 95 -0.00481319
18 96 -0.0144386
18 97 -0.0220206
18 98 -0.0259707
18 99 -0.0266116
18 100 -0.0227671
18 101 -0.0160043
18 102 -0.0064073
18 103 0.00297446
18 104 0.0118251
18 105 0.0180386
18 106 0.0198549
18 107 0.0189243
18 108 0.0135657
18 109 0.00639396
18 110 -0.00136552
18 111 -0.00881938
18 112 -0.0130636
18 113 -0.0146211
18 114 -0.0122933
18 115 -0.00692778
18 116 -0.000307373
18 117 0.00691216
18 118 0.0119857
18 119 0

19 0 0
19 1 0.0115416
19 2 0.00640758
19 3 -0.000381313
19 4 -0.0076548
19 5 -0.0128181
19 6 -0.0150924
19 7 -0.0134961
19 8 -0.00804051
19 9 -0.00028159
19 10 0.00863397
19 11 0.0163995
19 12 0.0215604
19 13 0.0225787
19 14 0.0195603
19 15 0.0125343
19 16 0.0023994
19 17 -0.00796997
19 18 -0.0184343
19 19 -0.0256539
19 20 -0.0290184
19 21 -0.0284771
19 22 -0.0231025
19 23 -0.0154183
19 24 -0.00507889
19 25 0.004937
19 26 0.0138765
19 27 0.0205924
19 28 0.0246628
19 29 0.0260833
19 30 0.024351
19 31 0.0220285
19 32 0.0174822
19 33 0.0132793
19 34 0.00894569
19 35 0.00534062
19 36 0.00162662
19 37 -0.00196865
19 38 -0.00610503
19 39 -0.0121169
19 40 -0.0177844
19 41 -0.0234987
19 42 -0.0264906
19 43 -0.0272876
19 44 -0.0238948
19 45 -0.0196899
19 46 -0.0140601
19 47 -0.00906367
19 48 -0.00430105
19 49 -0.00210439
19 50 -0.00148189
19 51 -0.00250211
19 52 -0.00364423
19 53 -0.0039888
19 54 -0.00236379
19 55 0.000809445
19 56 0.00450956
19 57 0.00846822
19 58 0.011811
19 59 0.01349
19 60 0.0122757
19 61 0.00942676
19 62 0.00593142
19 63 0.00277781
19 64 7.96449e-05
19 65 -0.000946763
19 66 -0.000135604
19 67 0.00161186
19 68 0.0030198
19 69 0.00290139
19 70 0.000883924
19 71 -0.00365226
19 72 -0.00885676
19 73 -0.0147614
19 74 -0.0197458
19 75 -0.024122
19 76 -0.0247807
19 77 -0.0235608
19 78 -0.019886
19 79 -0.0165961
19 80 -0.0128145
19 81 -0.0111164
19 82 -0.00923399
19 83 -0.00714456
19 84 -0.00387115
19 85 0.00060622
19 86 0.00651428
19 87 0.0135417
19 88 0.0195859
19 89 0.025798
19 90 0.0290944
19 91 0.0300057
19 92 0.0271039
19 93 0.0213765
19 94 0.0122571
19 95 0.00138765
19 96 -0.00924943
19 97 -0.0192925
19 98 -0.0256135
19 99 -0.0290787
19 100 -0.027655
19 101 -0.0223574
19 102 -0.0144973
19 103 -0.00459304
19 104 0.00485124
19 105 0.0130299
19 106 0.0180739
19 107 0.0199795
19 108 0.0179678
19 109 0.0129857
19 110 0.00653381
19 111 -0.000999864
19 112 -0.00680625
19 113 -0.0107774
19 114 -0.0118938
19 115 -0.00962933
19 116 -0.00557827
19 117 0.000222814
19 118 0.0055605
19 119 0

20 0 0
20 1 0.00611024
20 2 -0.000409774
20 3 -0.00621238
20 4 -0.0115768
20 5 -0.0140484
20 6 -0.012741
20 7 -0.00902074
20 8 -0.00183896
20 9 0.00639441
20 10 0.0140335
20 11 0.0205229
20 12 0.0230585
20 13 0.0216567
20 14 0.0164302
20 15 0.00736815
20 16 -0.00328647
20 17 -0.0140075
20 18 -0.0231896
20 19 -0.0290184
20 20 -0.0304701
20 21 -0.0273579
20 22 -0.0202539
20 23 -0.0102036
20 24 0.000778965
20 25 0.0114775
20 26 0.0200505
20 27 0.0252907
20 28 0.0275268
20 29 0.0259196
20 30 0.0217633
20 31 0.0161908
20 32 0.00998711
20 33 0.00404645
20 34 -0.000454659
20 35 -0.00328869
20 36 -0.00557726
20 37 -0.00694533
20 38 -0.00909731
20 39 -0.0123115
20 40 -0.0162403
20 41 -0.0191336
20 42 -0.0203711
20 43 -0.0188091
20 44 -0.0142899
20 45 -0.00841719
20 46 -0.00211487
20 47 0.00382061
20 48 0.00895375
20 49 0.0113541
20 50 0.0115762
20 51 0.010028
20 52 0.00858393
20 53 0.00761292
20 54 0.00870833
20 55 0.0111131
20 56 0.0147824
20 57 0.0183188
20 58 0.0216262
20 59 0.0228067
20 60 0.0218697
20 61 0.0188257
20 62 0.0155796
20 63 0.0122555
20 64 0.0102453
20 65 0.00961845
20 66 0.0111181
20 67 0.0131548
20 68 0.0153457
20 69 0.0157757
20 70 0.0140371
20 71 0.00946464
20 72 0.00402356
20 73 -0.00204876
20 74 -0.00786023
20 75 -0.0127675
20 76 -0.0149832
20 77 -0.0149864
20 78 -0.0136335
20 79 -0.0118215
20 80 -0.0109277
20 81 -0.0114173
20 82 -0.0126261
20 83 -0.0127108
20 84 -0.0117776
20 85 -0.00830184
20 86 -0.002508
20 87 0.00494514
20 88 0.0128231
20 89 0.0206676
20 90 0.026744
20 91 0.0295819
20 92 0.0293807
20 93 0.0250954
20 94 0.0175199
20 95 0.00762341
20 96 -0.0033086
20 97 -0.0137014
20 98 -0.0219448
20 99 -0.0269457
20 100 -0.02821
20 101 -0.0253113
20 102 -0.0195151
20 103 -0.0112024
20 104 -0.00166282
20 105 0.00678101
20 106 0.0140867
20 107 0.0184845
20 108 0.0193286
20 109 0.0178331
20 110 0.0131126
20 111 0.00691399
20 112 0.000534817
20 113 -0.00582872
20 114 -0.00973564
20 115 -0.0114283
20 116 -0.0104892
20 117 -0.00664028
20 118 -0.00208109
20 119 0

21 0 0
