0 0 0
0 1 0
0 2 0
0 3 0
0 4 0
0 5 0
0 6 0
0 7 0
0 8 0
0 9 0
0 10 0
0 11 0
0 12 0
0 13 0
0 14 0
0 15 0
0 16 0
0 17 0
0 18 0
0 19 0
0 20 0
0 21 0
0 22 0
0 23 0
0 24 0
0 25 0
0 26 0
0 27 0
0 28 0
0 29 0
0 30 0
0 31 0
0 32 0
0 33 0
0 34 0
0 35 0
0 36 0
0 37 0
0 38 0
0 39 0
0 40 0
0 41 0
0 42 0
0 43 0
0 44 0
0 45 0
0 46 0
0 47 0
0 48 0
0 49 0
0 50 0
0 51 0
0 52 0
0 53 0
0 54 0
0 55 0
0 56 0
0 57 0
0 58 0
0 59 0
0 60 0
0 61 0
0 62 0
0 63 0
0 64 0
0 65 0
0 66 0
0 67 0
0 68 0
0 69 0
0 70 0
0 71 0
0 72 0
0 73 0
0 74 0
0 75 0
0 76 0
0 77 0
0 78 0
0 79 0
0 80 0
0 81 0
0 82 0
0 83 0
0 84 0
0 85 0
0 86 0
0 87 0
0 88 0
0 89 0
0 90 0
0 91 0
0 92 0
0 93 0
0 94 0
0 95 0
0 96 0
0 97 0
0 98 0
0 99 0
0 100 0
0 101 0
0 102 0
0 103 0
0 104 0
0 105 0
0 106 0
0 107 0
0 108 0
0 109 0
0 110 0
0 111 0
0 112 0
0 113 0
0 114 0
0 115 0
0 116 0
0 117 0
0 118 0
0 119 0

1 0 0
1 1 0.0196154
1 2 0.0162017
1 3 0.0115266
1 4 0.00358602
1 5 -0.0044079
1 6 -0.0109107
1 7 -0.0168943
1 8 -0.0189939
1 9 -0.0184485
1 10 -0.0155973
1 11 -0.00957114
1 12 -0.00291879
1 13 0.00436018
1 14 0.0107556
1 15 0.0153372
1 16 0.0179625
1 17 0.0176776
1 18 0.0156337
1 19 0.0113408
1 20 0.00612164
1 21 0.000529315
1 22 -0.00518402
1 23 -0.00932015
1 24 -0.0130252
1 25 -0.0153163
1 26 -0.0162356
1 27 -0.0163207
1 28 -0.0156792
1 29 -0.0143411
1 30 -0.0119433
1 31 -0.00946197
1 32 -0.0058429
1 33 -0.0015113
1 34 0.00331464
1 35 0.00846505
1 36 0.0138997
1 37 0.0188404
1 38 0.022425
1 39 0.0250967
1 40 0.0263593
1 41 0.0261536
1 42 0.0244743
1 43 0.0225401
1 44 0.0202635
1 45 0.0179375
1 46 0.0157192
1 47 0.0142438
1 48 0.0128877
1 49 0.011266
1 50 0.00937686
1 51 0.00788359
1 52 0.00673449
1 53 0.00557378
1 54 0.00408962
1 55 0.00239133
1 56 0.000543292
1 57 -0.00140394
1 58 -0.00309443
1 59 -0.0039286
1 60 -0.00355714
1 61 -0.00233129
1 62 -0.00084088
1 63 0.000546674
1 64 0.00180446
1 65 0.00284906
1 66 0.00361053
1 67 0.00437592
1 68 0.00555711
1 69 0.00717631
1 70 0.00864239
1 71 0.0099228
1 72 0.0114871
1 73 0.013918
1 74 0.0166685
1 75 0.0195321
1 76 0.0222913
1 77 0.0249755
1 78 0.0264025
1 79 0.02652
1 80 0.0253479
1 81 0.0233477
1 82 0.0199223
1 83 0.015959
1 84 0.0119456
1 85 0.00804376
1 86 0.00402751
1 87 0.000333833
1 88 -0.00298949
1 89 -0.00675676
1 90 -0.0101288
1 91 -0.0133632
1 92 -0.0160966
1 93 -0.0183891
1 94 -0.0188711
1 95 -0.0178818
1 96 -0.0154598
1 97 -0.0106892
1 98 -0.00494822
1 99 0.00186673
1 100 0.00838422
1 101 0.0141291
1 102 0.0181166
1 103 0.0195672
1 104 0.0187401
1 105 0.0146667
1 106 0.00922498
1 107 0.00200302
1 108 -0.00570461
1 109 -0.0115891
1 110 -0.0170159
1 111 -0.0191349
1 112 -0.0182115
1 113 -0.0154982
1 114 -0.00905482
1 115 -0.00199039
1 116 0.00537078
1 117 0.0128266
1 118 0.0169288
1 119 0

2 0 0
2 1 0.0162017
2 2 0.0125015
2 3 0.00625289
2 4 -0.000744347
2 5 -0.00723947
2 6 -0.0133838
2 7 -0.0166956
2 8 -0.0177383
2 9 -0.0162117
2 10 -0.0113093
2 11 -0.00559558
2 12 0.00175347
2 13 0.00847644
2 14 0.0134448
2 15 0.0172807
2 16 0.0171738
2 17 0.015664
2 18 0.0116066
2 19 0.0055755
2 20 0.000191418
2 21 -0.006075
2 22 -0.01057
2 23 -0.0140974
2 24 -0.0154379
2 25 -0.01544
2 26 -0.0143744
2 27 -0.0112958
2 28 -0.00925642
2 29 -0.00578221
2 30 -0.00302156
2 31 2.54085e-05
2 32 0.00269808
2 33 0.00566386
2 34 0.00912681
2 35 0.0116599
2 36 0.0155386
2 37 0.0180594
2 38 0.0206671
2 39 0.0211698
2 40 0.0217903
2 41 0.0203359
2 42 0.0179731
2 43 0.01483
2 44 0.0116773
2 45 0.0086209
2 46 0.0051826
2 47 0.0031306
2 48 0.00105718
2 49 0.000110045
2 50 -0.00174503
2 51 -0.00187986
2 52 -0.00245952
2 53 -0.00201078
2 54 -0.00374057
2 55 -0.00532953
2 56 -0.00855899
2 57 -0.010407
2 58 -0.0127567
2 59 -0.0129218
2 60 -0.013103
2 61 -0.0111085
2 62 -0.00961279
2 63 -0.00675637
2 64 -0.00553965
2 65 -0.00419657
2 66 -0.00504288
2 67 -0.00483888
2 68 -0.00511646
2 69 -0.00357483
2 70 -0.00302117
2 71 -0.00111956
2 72 0.000620375
2 73 0.00412947
2 74 0.00704656
2 75 0.0106151
2 76 0.0139018
2 77 0.0170938
2 78 0.0190791
2 79 0.0196877
2 80 0.020159
2 81 0.0190413
2 82 0.0178883
2 83 0.0154793
2 84 0.0144989
2 85 0.0121025
2 86 0.0104831
2 87 0.00809698
2 88 0.00566785
2 89 0.00219369
2 90 -0.00188223
2 91 -0.00557236
2 92 -0.0106644
2 93 -0.0139459
2 94 -0.0169779
2 95 -0.0178327
2 96 -0.0172787
2 97 -0.014306
2 98 -0.00948137
2 99 -0.00433986
2 100 0.00286737
2 101 0.00839932
2 102 0.0134897
2 103 0.0167238
2 104 0.01706
2 105 0.0157733
2 106 0.0113428
2 107 0.00603017
2 108 -0.00061819
2 109 -0.007135
2 110 -0.0120345
2 111 -0.0158617
2 112 -0.0163915
2 113 -0.0149829
2 114 -0.0112679
2 115 -0.00530912
2 116 0.000588496
2 117 0.00715782
2 118 0.0123315
2 119 0

3 0 0
3 1 0.0115266
3 2 0.00625289
3 3 0.000961647
3 4 -0.00502654
3 5 -0.0104211
3 6 -0.0130115
3 7 -0.0142785
3 8 -0.013078
3 9 -0.00909405
3 10 -0.00484301
3 11 0.000689384
3 12 0.00631288
3 13 0.010085
3 14 0.0129607
3 15 0.0136027
3 16 0.0122611
3 17 0.00912353
3 18 0.00452478
3 19 -0.000390933
3 20 -0.00607614
3 21 -0.0101224
3 22 -0.0133909
3 23 -0.0148829
3 24 -0.0137751
3 25 -0.0123098
3 26 -0.00837286
3 27 -0.00427242
3 28 0.000107942
3 29 0.00384895
3 30 0.00696568
3 31 0.00971677
3 32 0.0104738
3 33 0.0120879
3 34 0.0122695
3 35 0.0129216
3 36 0.0130636
3 37 0.0138069
3 38 0.0138535
3 39 0.0128433
3 40 0.012053
3 41 0.00963693
3 42 0.0070303
3 43 0.00271289
3 44 -0.000275959
3 45 -0.00442461
3 46 -0.00743969
3 47 -0.0107246
3 48 -0.0118855
3 49 -0.0129926
3 50 -0.0129645
3 51 -0.0125965
3 52 -0.0110687
3 53 -0.0100256
3 54 -0.0104527
3 55 -0.0126673
3 56 -0.0157579
3 57 -0.0182949
3 58 -0.0200292
3 59 -0.020462
3 60 -0.0201639
3 61 -0.0185419
3 62 -0.0161936
3 63 -0.0132228
3 64 -0.0112805
3 65 -0.0110062
3 66 -0.0124268
3 67 -0.0141583
3 68 -0.0150131
3 69 -0.0153013
3 70 -0.0147653
3 71 -0.0139087
3 72 -0.0112104
3 73 -0.00850738
3 74 -0.00484083
3 75 -0.00210667
3 76 0.00199955
3 77 0.00450228
3 78 0.00715926
3 79 0.00810805
3 80 0.00994421
3 81 0.010423
3 82 0.0110879
3 83 0.0118907
3 84 0.0130114
3 85 0.014132
3 86 0.0142092
3 87 0.0148718
3 88 0.0131635
3 89 0.0111427
3 90 0.00734154
3 91 0.00317703
3 92 -0.00216602
3 93 -0.00719321
3 94 -0.0106787
3 95 -0.0141153
3 96 -0.0147072
3 97 -0.0141874
3 98 -0.0116237
3 99 -0.00772648
3 100 -0.00328555
3 101 0.00165286
3 102 0.00559014
3 103 0.00942193
3 104 0.0110351
3 105 0.0114705
3 106 0.0109117
3 107 0.00762054
3 108 0.00436901
3 109 0.000297324
3 110 -0.00466703
3 111 -0.00811161
3 112 -0.0110608
3 113 -0.0124532
3 114 -0.0112175
3 115 -0.00879184
3 116 -0.00450784
3 117 0.000781731
3 118 0.00540611
3 119 0

4 0 0
4 1 0.00358602
4 2 -0.000744347
4 3 -0.00502654
4 4 -0.00836605
4 5 -0.00993078
4 6 -0.0102247
4 7 -0.00840488
4 8 -0.00551167
4 9 -0.00197715
4 10 0.00237356
4 11 0.00555942
4 12 0.00836107
4 13 0.0101694
4 14 0.0097353
4 15 0.00852948
4 16 0.00550257
4 17 0.00132809
4 18 -0.00289254
4 19 -0.00760968
4 20 -0.0112367
4 21 -0.0135691
4 22 -0.0143805
4 23 -0.0131371
4 24 -0.00995294
4 25 -0.00534004
4 26 -0.000133753
4 27 0.00581362
4 28 0.0109813
4 29 0.0146908
4 30 0.0172779
4 31 0.0180326
4 32 0.0171123
4 33 0.015085
4 34 0.012612
4 35 0.0095422
4 36 0.00662918
4 37 0.00449233
4 38 0.00238889
4 39 0.000193288
4 40 -0.00198115
4 41 -0.00410722
4 42 -0.00705567
4 43 -0.0104607
4 44 -0.0137253
4 45 -0.0168019
4 46 -0.0198318
4 47 -0.0222721
4 48 -0.0232006
4 49 -0.0228572
4 50 -0.0214679
4 51 -0.0193111
4 52 -0.0163222
4 53 -0.0139411
4 54 -0.0134211
4 55 -0.0153806
4 56 -0.018339
4 57 -0.0209656
4 58 -0.0222661
4 59 -0.0226611
4 60 -0.0221164
4 61 -0.0206742
4 62 -0.0179279
4 63 -0.0148754
4 64 -0.0128649
4 65 -0.0133805
4 66 -0.0158194
4 67 -0.0189375
4 68 -0.0212988
4 69 -0.0229907
4 70 -0.0237138
4 71 -0.023285
4 72 -0.0214044
4 73 -0.0190608
4 74 -0.0166876
4 75 -0.0142291
4 76 -0.0115773
4 77 -0.00941438
4 78 -0.00793139
4 79 -0.00630875
4 80 -0.00443302
4 81 -0.00239508
4 82 -3.22637e-05
4 83 0.0035159
4 84 0.00751199
4 85 0.0113839
4 86 0.0150243
4 87 0.0179092
4 88 0.0191837
4 89 0.0186291
4 90 0.0168143
4 91 0.0130534
4 92 0.00814197
4 93 0.00309022
4 94 -0.00196859
4 95 -0.00648026
4 96 -0.00978055
4 97 -0.0114003
4 98 -0.0120559
4 99 -0.011045
4 100 -0.00884066
4 101 -0.00629603
4 102 -0.00271644
4 103 0.000476074
4 104 0.00346725
4 105 0.00616051
4 106 0.00749944
4 107 0.00820212
4 108 0.00770084
4 109 0.00600059
4 110 0.00329703
4 111 -5.97476e-05
4 112 -0.00339661
4 113 -0.00677067
4 114 -0.00867883
4 115 -0.00936209
4 116 -0.0088244
4 117 -0.00587743
4 118 -0.00241381
4 119 0

5 0 0
5 1 -0.0044079
5 2 -0.00723947
5 3 -0.0104211
5 4 -0.00993078
5 5 -0.00805952
5 6 -0.00582763
5 7 -0.000964926
5 8 0.00252181
5 9 0.00583677
5 10 0.00897073
5 11 0.00940217
5 12 0.00941687
5 13 0.0075764
5 14 0.00456407
5 15 0.0012483
5 16 -0.0031807
5 17 -0.00675599
5 18 -0.0103764
5 19 -0.0128758
5 20 -0.0139459
5 21 -0.0137239
5 22 -0.0113451
5 23 -0.00822216
5 24 -0.00291903
5 25 0.00301382
5 26 0.00884442
5 27 0.0148457
5 28 0.0194244
5 29 0.0224557
5 30 0.0231215
5 31 0.0221683
5 32 0.0188536
5 33 0.0141329
5 34 0.00894149
5 35 0.00323288
5 36 -0.00200069
5 37 -0.00636975
5 38 -0.00949362
5 39 -0.0123831
5 40 -0.0145361
5 41 -0.0162645
5 42 -0.0180888
5 43 -0.0204234
5 44 -0.0227556
5 45 -0.0248334
5 46 -0.0269421
5 47 -0.0285487
5 48 -0.0288251
5 49 -0.0272635
5 50 -0.0244274
5 51 -0.0206481
5 52 -0.0165127
5 53 -0.0130642
5 54 -0.0118639
5 55 -0.0132631
5 56 -0.0160733
5 57 -0.0184644
5 58 -0.019625
5 59 -0.0197774
5 60 -0.0192465
5 61 -0.0177182
5 62 -0.0149721
5 63 -0.0118412
5 64 -0.0101502
5 65 -0.0111207
5 66 -0.0143906
5 67 -0.0184418
5 68 -0.0222175
5 69 -0.0251784
5 70 -0.0269808
5 71 -0.0270988
5 72 -0.0260382
5 73 -0.0246316
5 74 -0.0234324
5 75 -0.0220958
5 76 -0.0209295
5 77 -0.0202971
5 78 -0.0198781
5 79 -0.0189121
5 80 -0.0171989
5 81 -0.0149604
5 82 -0.0112573
5 83 -0.00626706
5 84 -0.000322593
5 85 0.00555073
5 86 0.011655
5 87 0.0166719
5 88 0.0200625
5 89 0.0219042
5 90 0.0217987
5 91 0.0199499
5 92 0.0163882
5 93 0.0126221
5 94 0.00760451
5 95 0.00274541
5 96 -0.00154056
5 97 -0.00567865
5 98 -0.00877383
5 99 -0.0113254
5 100 -0.0121758
5 101 -0.0124641
5 102 -0.0112406
5 103 -0.00871075
5 104 -0.00575489
5 105 -0.00116905
5 106 0.00255834
5 107 0.00664979
5 108 0.00986537
5 109 0.0104308
5 110 0.010852
5 111 0.00838482
5 112 0.00439868
5 113 0.000520958
5 114 -0.00504373
5 115 -0.00879184
5 116 -0.0110849
5 117 -0.0121013
5 118 -0.00944522
5 119 0

6 0 0
6 1 -0.0109107
6 2 -0.0133838
6 3 -0.0130115
6 4 -0.0102247
6 5 -0.00582763
6 6 0.000235903
6 7 0.00574221
6 8 0.0103531
6 9 0.0133415
6 10 0.0133594
6 11 0.0118524
6 12 0.00791097
6 13 0.00305523
6 14 -0.00195931
6 15 -0.00739535
6 16 -0.0107055
6 17 -0.0138383
6 18 -0.0149791
6 19 -0.0142115
6 20 -0.0132268
6 21 -0.00974226
6 22 -0.00601249
6 23 -0.000944854
6 24 0.00442428
6 25 0.0101156
6 26 0.0157319
6 27 0.0197208
6 28 0.0237751
6 29 0.0246177
6 30 0.024158
6 31 0.0211875
6 32 0.0163894
6 33 0.0100662
6 34 0.00275187
6 35 -0.0037438
6 36 -0.0108992
6 37 -0.0155651
6 38 -0.0196416
6 39 -0.0215388
6 40 -0.0234766
6 41 -0.0237447
6 42 -0.0241496
6 43 -0.0247737
6 44 -0.0256785
6 45 -0.0267639
6 46 -0.0273902
6 47 -0.0284839
6 48 -0.0276009
6 49 -0.0256812
6 50 -0.0210773
6 51 -0.0167266
6 52 -0.0112426
6 53 -0.00792347
6 54 -0.0056612
6 55 -0.00718251
6 56 -0.00904729
6 57 -0.0118369
6 58 -0.0123141
6 59 -0.0129713
6 60 -0.0118071
6 61 -0.010822
6 62 -0.00754492
6 63 -0.0051966
6 64 -0.0032296
6 65 -0.00507466
6 66 -0.00802445
6 67 -0.0132239
6 68 -0.0173347
6 69 -0.0218792
6 70 -0.0237606
6 71 -0.0249202
6 72 -0.0240723
6 73 -0.0241636
6 74 -0.023681
6 75 -0.0239914
6 76 -0.0243571
6 77 -0.0256162
6 78 -0.0266693
6 79 -0.0266329
6 80 -0.0262084
6 81 -0.023873
6 82 -0.0205107
6 83 -0.0143983
6 84 -0.00860987
6 85 -0.0011115
6 86 0.00553305
6 87 0.0120259
6 88 0.0166115
6 89 0.020075
6 90 0.0220358
6 91 0.0215093
6 92 0.0208851
6 93 0.0181349
6 94 0.0152461
6 95 0.0109629
6 96 0.006832
6 97 0.00190135
6 98 -0.00336994
6 99 -0.00744616
6 100 -0.0124067
6 101 -0.0150922
6 102 -0.0167272
6 103 -0.0164792
6 104 -0.0136671
6 105 -0.00951806
6 106 -0.00322769
6 107 0.00292239
6 108 0.00925029
6 109 0.0139613
6 110 0.0158907
6 111 0.0158221
6 112 0.0120487
6 113 0.00660452
6 114 -4.84256e-05
6 115 -0.00720297
6 116 -0.0122149
6 117 -0.0154733
6 118 -0.0155161
6 119 0

7 0 0
7 1 -0.0168943
7 2 -0.0166956
7 3 -0.0142785
7 4 -0.00840488
7 5 -0.000964926
7 6 0.00574221
7 7 0.0121338
7 8 0.0159336
7 9 0.0165136
7 10 0.0150377
7 11 0.0106165
7 12 0.00445268
7 13 -0.00175723
7 14 -0.00795056
7 15 -0.0128499
7 16 -0.0158477
7 17 -0.0169294
7 18 -0.0159871
7 19 -0.0133665
7 20 -0.00930536
7 21 -0.00469439
7 22 0.000735183
7 23 0.00593725
7 24 0.0106533
7 25 0.0156528
7 26 0.0190097
7 27 0.0215351
7 28 0.0228256
7 29 0.0223654
7 30 0.0199132
7 31 0.0155591
7 32 0.0101172
7 33 0.00263602
7 34 -0.00456804
7 35 -0.0117795
7 36 -0.0180245
7 37 -0.0229591
7 38 -0.0256681
7 39 -0.0265037
7 40 -0.0266051
7 41 -0.0251242
7 42 -0.0235703
7 43 -0.0218514
7 44 -0.0215138
7 45 -0.0208323
7 46 -0.0209007
7 47 -0.0205342
7 48 -0.0198247
7 49 -0.0168243
7 50 -0.0122859
7 51 -0.00678243
7 52 -0.00184169
7 53 0.00190949
7 54 0.00358665
7 55 0.00291875
7 56 0.000863897
7 57 -0.00127994
7 58 -0.0023102
7 59 -0.00253962
7 60 -0.00181351
7 61 -0.000301444
7 62 0.00235912
7 63 0.00488279
7 64 0.00608484
7 65 0.0048518
7 66 0.00163032
7 67 -0.00292545
7 68 -0.00795587
7 69 -0.012232
7 70 -0.0149063
7 71 -0.0155688
7 72 -0.0158841
7 73 -0.0160949
7 74 -0.0171486
7 75 -0.018194
7 76 -0.020838
7 77 -0.0235775
7 78 -0.0265808
7 79 -0.0280834
7 80 -0.0292451
7 81 -0.0283387
7 82 -0.0255216
7 83 -0.0208813
7 84 -0.0153192
7 85 -0.00899931
7 86 -0.00200081
7 87 0.00378708
7 88 0.00936659
7 89 0.0136723
7 90 0.0170998
7 91 0.0189777
7 92 0.0204313
7 93 0.0207506
7 94 0.0193232
7 95 0.0174639
7 96 0.0138584
7 97 0.00906432
7 98 0.00318235
7 99 -0.00318497
7 100 -0.00954181
7 101 -0.0150453
7 102 -0.0185413
7 103 -0.0201868
7 104 -0.018606
7 105 -0.0145093
7 106 -0.00867345
7 107 -0.000687681
7 108 0.00685926
7 109 0.0130999
7 110 0.0178837
7 111 0.0189118
7 112 0.0168875
7 113 0.0122742
7 114 0.00461664
7 115 -0.00331883
7 116 -0.0107933
7 117 -0.0167513
7 118 -0.0186595
7 119 0

8 0 0
8 1 -0.0189939
8 2 -0.0177383
8 3 -0.013078
8 4 -0.00551167
8 5 0.00252181
8 6 0.0103531
8 7 0.0159336
8 8 0.0184545
8 9 0.0179494
8 10 0.0137114
8 11 0.00783434
8 12 0.000357586
8 13 -0.00734611
8 14 -0.0129354
8 15 -0.0172322
8 16 -0.018285
8 17 -0.0167173
8 18 -0.0134788
8 19 -0.00788994
8 20 -0.0023179
8 21 0.0034236
8 22 0.00867162
8 23 0.0125127
8 24 0.0152923
8 25 0.0168965
8 26 0.0176602
8 27 0.0168399
8 28 0.015618
8 29 0.013494
8 30 0.00988437
8 31 0.00566698
8 32 0.000486297
8 33 -0.00537273
8 34 -0.0115005
8 35 -0.0166938
8 36 -0.0211637
8 37 -0.0242874
8 38 -0.0251214
8 39 -0.024125
8 40 -0.0219378
8 41 -0.0189557
8 42 -0.0152309
8 43 -0.0121636
8 44 -0.0102193
8 45 -0.00913525
8 46 -0.00842066
8 47 -0.00804727
8 48 -0.00725473
8 49 -0.00476235
8 50 -0.000450589
8 51 0.00458677
8 52 0.00882892
8 53 0.011717
8 54 0.0128058
8 55 0.0122166
8 56 0.0103074
8 57 0.00831942
8 58 0.00696707
8 59 0.0066877
8 60 0.00728988
8 61 0.00897178
8 62 0.0113037
8 63 0.0135759
8 64 0.0145515
8 65 0.0138761
8 66 0.0114226
8 67 0.007642
8 68 0.00306694
8 69 -0.000767789
8 70 -0.0028264
8 71 -0.00320018
8 72 -0.00326715
8 73 -0.0037408
8 74 -0.00478288
8 75 -0.00682041
8 76 -0.0102626
8 77 -0.0145758
8 78 -0.0184697
8 79 -0.0218453
8 80 -0.0243084
8 81 -0.0252258
8 82 -0.0239658
8 83 -0.0215483
8 84 -0.018239
8 85 -0.0139442
8 86 -0.00942714
8 87 -0.00516157
8 88 -0.00113731
8 89 0.00311428
8 90 0.00660383
8 91 0.010243
8 92 0.0139251
8 93 0.0168199
8 94 0.018852
8 95 0.0196454
8 96 0.0188809
8 97 0.0154648
8 98 0.010699
8 99 0.00412065
8 100 -0.00356204
8 101 -0.0103853
8 102 -0.0166106
8 103 -0.0200584
8 104 -0.0206538
8 105 -0.0182643
8 106 -0.0125759
8 107 -0.00529456
8 108 0.00305929
8 109 0.0106265
8 110 0.0166457
8 111 0.0196791
8 112 0.0188035
8 113 0.0153435
8 114 0.00817442
8 115 -0.00021661
8 116 -0.00799119
8 117 -0.0155131
8 118 -0.0189644
8 119 0

9 0 0
9 1 -0.0184485
9 2 -0.0162117
9 3 -0.00909405
9 4 -0.00197715
9 5 0.00583677
9 6 0.0133415
9 7 0.0165136
9 8 0.0179494
9 9 0.0155164
9 10 0.0095398
9 11 0.00309897
9 12 -0.0049854
9 13 -0.0113432
9 14 -0.015838
9 15 -0.0180285
9 16 -0.016224
9 17 -0.0128645
9 18 -0.00689752
9 19 -0.000213366
9 20 0.00603322
9 21 0.0113584
9 22 0.0145731
9 23 0.0166706
9 24 0.0158657
9 25 0.0142813
9 26 0.0117482
9 27 0.00814178
9 28 0.00494504
9 29 0.00145165
9 30 -0.00172304
9 31 -0.00545063
9 32 -0.0085822
9 33 -0.0122544
9 34 -0.0157408
9 35 -0.0183388
9 36 -0.0202204
9 37 -0.0208404
9 38 -0.0199087
9 39 -0.016755
9 40 -0.0129724
9 41 -0.0082732
9 42 -0.00350732
9 43 0.000907932
9 44 0.00350549
9 45 0.00498607
9 46 0.00559898
9 47 0.00587704
9 48 0.00617955
9 49 0.00784659
9 50 0.0111851
9 51 0.0151304
9 52 0.0181862
9 53 0.0197466
9 54 0.0200643
9 55 0.0192529
9 56 0.0176427
9 57 0.0156374
9 58 0.0141476
9 59 0.0135573
9 60 0.014222
9 61 0.0157942
9 62 0.0179123
9 63 0.0196584
9 64 0.0206653
9 65 0.0205774
9 66 0.0193323
9 67 0.0166297
9 68 0.0131402
9 69 0.0102837
9 70 0.00920279
9 71 0.00947781
9 72 0.00985793
9 73 0.0098291
9 74 0.00895671
9 75 0.00679765
9 76 0.00275258
9 77 -0.00192227
9 78 -0.00671881
9 79 -0.0109623
9 80 -0.0148887
9 81 -0.0169557
9 82 -0.017868
9 83 -0.017733
9 84 -0.0172696
9 85 -0.0158147
9 86 -0.0144026
9 87 -0.01301
9 88 -0.0109088
9 89 -0.00850305
9 90 -0.00518326
9 91 -0.00128108
9 92 0.00408245
9 93 0.00883372
9 94 0.0138018
9 95 0.0177522
9 96 0.0193921
9 97 0.0191229
9 98 0.0160347
9 99 0.0111843
9 100 0.00381731
9 101 -0.00335526
9 102 -0.0101825
9 103 -0.0158256
9 104 -0.0179577
9 105 -0.0182096
9 106 -0.0145088
9 107 -0.00885434
9 108 -0.00202114
9 109 0.00622499
9 110 0.0118496
9 111 0.0162562
9 112 0.0176601
9 113 0.0148762
9 114 0.010649
9 115 0.00337428
9 116 -0.00446334
9 117 -0.0108826
9 118 -0.0165186
9 119 0

10 0 0
10 1 -0.0155973
10 2 -0.0113093
10 3 -0.00484301
10 4 0.00237356
10 5 0.00897073
10 6 0.0133594
10 7 0.0150377
10 8 0.0137114
10 9 0.0095398
10 10 0.00368949
10 11 -0.00302127
10 12 -0.0090485
10 13 -0.0137753
10 14 -0.0158085
10 15 -0.0147597
10 16 -0.0117234
10 17 -0.00557432
10 18 0.0010975
10 19 0.0077461
10 20 0.0140627
10 21 0.0173433
10 22 0.0189844
10 23 0.0175098
10 24 0.0139061
10 25 0.00884919
10 26 0.00300843
10 27 -0.00236621
10 28 -0.00794772
10 29 -0.0111387
10 30 -0.0141305
10 31 -0.0157009
10 32 -0.0164995
10 33 -0.0169221
10 34 -0.0168026
10 35 -0.0166593
10 36 -0.0148912
10 37 -0.01356
10 38 -0.0101032
10 39 -0.00607302
10 40 -0.000485311
10 41 0.00458938
10 42 0.0100484
10 43 0.0145745
10 44 0.0172985
10 45 0.0184888
10 46 0.0182762
10 47 0.0181517
10 48 0.0172487
10 49 0.018047
10 50 0.0193468
10 51 0.0221389
10 52 0.0230418
10 53 0.0236238
10 54 0.0223882
10 55 0.0218597
10 56 0.0199024
10 57 0.0185654
10 58 0.0163588
10 59 0.016101
10 60 0.0161488
10 61 0.0181525
10 62 0.0193231
10 63 0.0211396
10 64 0.0215948
10 65 0.0228152
10 66 0.0223025
10 67 0.0215788
10 68 0.0190438
10 69 0.0181837
10 70 0.0178586
10 71 0.0195033
10 72 0.0203082
10 73 0.0215496
10 74 0.0211759
10 75 0.0196575
10 76 0.015931
10 77 0.0116195
10 78 0.00709304
10 79 0.00224018
10 80 -0.00177207
10 81 -0.00531226
10 82 -0.00739305
10 83 -0.0103717
10 84 -0.0121053
10 85 -0.0145694
10 86 -0.0163683
10 87 -0.0185745
10 88 -0.0193169
10 89 -0.0190221
10 90 -0.0174574
10 91 -0.0130845
10 92 -0.00789375
10 93 -0.000955274
10 94 0.00572477
10 95 0.0125627
10 96 0.0171094
10 97 0.0194629
10 98 0.0195367
10 99 0.0159503
10 100 0.0113047
10 101 0.00460689
10 102 -0.00220224
10 103 -0.00796901
10 104 -0.0123916
10 105 -0.0141975
10 106 -0.0137956
10 107 -0.0106007
10 108 -0.00615159
10 109 -0.000602709
10 110 0.00526853
10 111 0.00943603
10 112 0.0124525
10 113 0.0128742
10 114 0.0105129
10 115 0.00651943
10 116 0.000637639
10 117 -0.00559291
10 118 -0.0108074
10 119 0

11 0 0
11 1 -0.00957114
11 2 -0.00559558
11 3 0.000689384
11 4 0.00555942
11 5 0.00940217
11 6 0.0118524
11 7 0.0106165
11 8 0.00783434
11 9 0.00309897
11 10 -0.00302127
11 11 -0.00816364
11 12 -0.0124264
11 13 -0.0144638
11 14 -0.0137269
11 15 -0.0103633
11 16 -0.00463161
11 17 0.00243823
11 18 0.00986931
11 19 0.0160516
11 20 0.0205535
11 21 0.0220037
11 22 0.0200679
11 23 0.0158336
11 24 0.00886437
11 25 0.000676917
11 26 -0.00723562
11 27 -0.0143405
11 28 -0.0198615
11 29 -0.0229422
11 30 -0.0236512
11 31 -0.0228661
11 32 -0.0203968
11 33 -0.0170765
11 34 -0.0137274
11 35 -0.0101902
11 36 -0.00634816
11 37 -0.00258328
11 38 0.00132563
11 39 0.00612306
11 40 0.0113597
11 41 0.0163072
11 42 0.0208118
11 43 0.0245564
11 44 0.0265912
11 45 0.0266664
11 46 0.02562
11 47 0.0241951
11 48 0.0226956
11 49 0.0217014
11 50 0.0217002
11 51 0.0221832
11 52 0.0219227
11 53 0.020633
11 54 0.0190409
11 55 0.0178598
11 56 0.0167238
11 57 0.0152038
11 58 0.0135076
11 59 0.0126556
11 60 0.0130774
11 61 0.0143539
11 62 0.0154727
11 63 0.0162419
11 64 0.0170975
11 65 0.0184294
11 66 0.0195308
11 67 0.0197078
11 68 0.0192518
11 69 0.0194297
11 70 0.0207527
11 71 0.0227707
11 72 0.0248984
11 73 0.0268543
11 74 0.027876
11 75 0.0271135
11 76 0.0247785
11 77 0.0217561
11 78 0.0183032
11 79 0.0144521
11 80 0.0108489
11 81 0.00779019
11 82 0.00443338
11 83 0.000436157
11 84 -0.00391672
11 85 -0.00874293
11 86 -0.0142644
11 87 -0.0194718
11 88 -0.0235027
11 89 -0.0261928
11 90 -0.0264744
11 91 -0.0239111
11 92 -0.0189789
11 93 -0.0123092
11 94 -0.00396912
11 95 0.00432293
11 96 0.0112969
11 97 0.01692
11 98 0.0197531
11 99 0.019778
11 100 0.0173644
11 101 0.0129403
11 102 0.00711238
11 103 0.000999611
11 104 -0.00438101
11 105 -0.00883919
11 106 -0.01095
11 107 -0.0114497
11 108 -0.0100772
11 109 -0.00631136
11 110 -0.00256507
11 111 0.00197259
11 112 0.00604319
11 113 0.00793515
11 114 0.00913078
11 115 0.00770902
11 116 0.00452309
11 117 0.000967408
11 118 -0.00408339
11 119 0

12 0 0
12 1 -0.00291879
12 2 0.00175347
12 3 0.00631288
12 4 0.00836107
12 5 0.00941687
12 6 0.00791097
12 7 0.00445268
12 8 0.000357586
12 9 -0.0049854
12 10 -0.0090485
12 11 -0.0124264
12 12 -0.0137984
12 13 -0.0120235
12 14 -0.0090453
12 15 -0.00316357
12 16 0.00342216
12 17 0.0102295
12 18 0.0169068
12 19 0.0207547
12 20 0.0231918
12 21 0.0218375
12 22 0.0173664
12 23 0.0109823
12 24 0.00209264
12 25 -0.00706031
12 26 -0.0159261
12 27 -0.0225951
12 28 -0.0274571
12 29 -0.0292193
12 30 -0.0277698
12 31 -0.0246896
12 32 -0.0194292
12 33 -0.0135981
12 34 -0.00759132
12 35 -0.00235651
12 36 0.00281857
12 37 0.00723684
12 38 0.0109166
12 39 0.0149029
12 40 0.0189246
12 41 0.0226763
12 42 0.0255204
12 43 0.0279411
12 44 0.0287797
12 45 0.0279622
12 46 0.025911
12 47 0.0237831
12 48 0.0216283
12 49 0.019668
12 50 0.0182307
12 51 0.0171109
12 52 0.015569
12 53 0.0133112
12 54 0.0113256
12 55 0.0102102
12 56 0.00967415
12 57 0.00865546
12 58 0.00732153
12 59 0.00645239
12 60 0.00680307
12 61 0.00762186
12 62 0.00813635
12 63 0.00818055
12 64 0.00883448
12 65 0.0103868
12 66 0.012277
12 67 0.0135052
12 68 0.0144325
12 69 0.015767
12 70 0.0178191
12 71 0.0201969
12 72 0.0228206
12 73 0.0255351
12 74 0.027343
12 75 0.0276762
12 76 0.0267415
12 77 0.0255364
12 78 0.0236085
12 79 0.0214754
12 80 0.0192883
12 81 0.0173187
12 82 0.0141299
12 83 0.00988952
12 84 0.00471819
12 85 -0.0017385
12 86 -0.0090764
12 87 -0.0165204
12 88 -0.0226097
12 89 -0.0277506
12 90 -0.0297901
12 91 -0.0291316
12 92 -0.0258114
12 93 -0.0200363
12 94 -0.0124287
12 95 -0.00388675
12 96 0.00360234
12 97 0.0111168
12 98 0.0160781
12 99 0.0189305
12 100 0.0198964
12 101 0.0180011
12 102 0.0150245
12 103 0.00993599
12 104 0.00466102
12 105 -0.000855045
12 106 -0.0060772
12 107 -0.00938436
12 108 -0.0118122
12 109 -0.0115011
12 110 -0.0100399
12 111 -0.00696793
12 112 -0.00205218
12 113 0.00154334
12 114 0.00604279
12 115 0.00860325
12 116 0.00823751
12 117 0.00783826
12 118 0.00381452
12 119 0

13 0 0
13 1 0.00436018
13 2 0.00847644
13 3 0.010085
13 4 0.0101694
13 5 0.0075764
13 6 0.00305523
13 7 -0.00175723
13 8 -0.00734611
13 9 -0.0113432
13 10 -0.0137753
13 11 -0.0144638
13 12 -0.0120235
13 13 -0.00853222
13 14 -0.00279136
13 15 0.00391557
13 16 0.0100026
13 17 0.0163489
13 18 0.0203624
13 19 0.0224134
13 20 0.021785
13 21 0.0184531
13 22 0.0126075
13 23 0.00425887
13 24 -0.00427253
13 25 -0.0139026
13 26 -0.0216663
13 27 -0.027333
13 28 -0.0305959
13 29 -0.0302501
13 30 -0.0272088
13 31 -0.0212837
13 32 -0.0146238
13 33 -0.00639848
13 34 0.000687875
13 35 0.00695
13 36 0.0120502
13 37 0.0158493
13 38 0.0184375
13 39 0.020064
13 40 0.0222529
13 41 0.0232906
13 42 0.024347
13 43 0.0242381
13 44 0.0240501
13 45 0.0217992
13 46 0.0193218
13 47 0.0163837
13 48 0.0141574
13 49 0.0114723
13 50 0.00911889
13 51 0.00670988
13 52 0.00428519
13 53 0.00162229
13 54 -0.000399847
13 55 -0.00102065
13 56 -0.000925677
13 57 -0.00102636
13 58 -0.00192099
13 59 -0.00243089
13 60 -0.00238983
13 61 -0.00195158
13 62 -0.00234794
13 63 -0.00289858
13 64 -0.00280892
13 65 -0.00123598
13 66 0.000880245
13 67 0.0028983
13 68 0.00480276
13 69 0.00686887
13 70 0.00919903
13 71 0.0113772
13 72 0.0142665
13 73 0.0170838
13 74 0.0197754
13 75 0.0208297
13 76 0.0220231
13 77 0.0224192
13 78 0.023147
13 79 0.0228901
13 80 0.0235252
13 81 0.0230015
13 82 0.0214793
13 83 0.0179842
13 84 0.0132626
13 85 0.00660802
13 86 -0.00164288
13 87 -0.00960937
13 88 -0.0176669
13 89 -0.0238127
13 90 -0.0282133
13 91 -0.02914
13 92 -0.0282773
13 93 -0.0243475
13 94 -0.0183119
13 95 -0.0115841
13 96 -0.00368966
13 97 0.00346994
13 98 0.0102096
13 99 0.0150458
13 100 0.0189244
13 101 0.0203314
13 102 0.0193373
13 103 0.0172618
13 104 0.0122326
13 105 0.0066809
13 106 0.000284413
13 107 -0.00624478
13 108 -0.0111521
13 109 -0.0149121
13 110 -0.0156132
13 111 -0.0139806
13 112 -0.010159
13 113 -0.00419618
13 114 0.00176619
13 115 0.00750687
13 116 0.0114324
13 117 0.0124338
13 118 0.0110735
13 119 0

14 0 0
14 1 0.0107556
14 2 0.0134448
14 3 0.0129607
14 4 0.0097353
14 5 0.00456407
14 6 -0.00195931
14 7 -0.00795056
14 8 -0.0129354
14 9 -0.015838
14 10 -0.0158085
14 11 -0.0137269
14 12 -0.0090453
14 13 -0.00279136
14 14 0.00358739
14 15 0.010165
14 16 0.0154455
14 17 0.0189084
14 18 0.0205733
14 19 0.0195648
14 20 0.0164666
14 21 0.0115423
14 22 0.00462784
14 23 -0.00298248
14 24 -0.0105744
14 25 -0.0178327
14 26 -0.0235436
14 27 -0.0266737
14 28 -0.027229
14 29 -0.0251989
14 30 -0.0201073
14 31 -0.0132842
14 32 -0.00551924
14 33 0.00258394
14 34 0.00968372
14 35 0.0150153
14 36 0.0185234
14 37 0.0205826
14 38 0.0205803
14 39 0.0197175
14 40 0.0186327
14 41 0.0174706
14 42 0.0158045
14 43 0.0141279
14 44 0.0124235
14 45 0.0100128
14 46 0.00727609
14 47 0.00475386
14 48 0.00284418
14 49 0.000467099
14 50 -0.00216904
14 51 -0.0051574
14 52 -0.00779019
14 53 -0.0103466
14 54 -0.0116706
14 55 -0.0116922
14 56 -0.0104815
14 57 -0.00976578
14 58 -0.00962242
14 59 -0.00996505
14 60 -0.00988614
14 61 -0.0103023
14 62 -0.0113174
14 63 -0.0128532
14 64 -0.0132029
14 65 -0.0122875
14 66 -0.0101907
14 67 -0.00805642
14 68 -0.00559686
14 69 -0.00351321
14 70 -0.00166322
14 71 -0.000265523
14 72 0.00186648
14 73 0.00429315
14 74 0.00664564
14 75 0.00845617
14 76 0.0106262
14 77 0.0130305
14 78 0.0154044
14 79 0.0179805
14 80 0.020772
14 81 0.0229199
14 82 0.02322
14 83 0.0220858
14 84 0.018922
14 85 0.0136652
14 86 0.00667923
14 87 -0.000685822
14 88 -0.00824019
14 89 -0.0150497
14 90 -0.0199511
14 91 -0.0231726
14 92 -0.0244399
14 93 -0.0234405
14 94 -0.0205178
14 95 -0.0165587
14 96 -0.011159
14 97 -0.00475908
14 98 0.00157752
14 99 0.00807291
14 100 0.0139282
14 101 0.0182263
14 102 0.0208455
14 103 0.0209143
14 104 0.0183261
14 105 0.0134518
14 106 0.00636563
14 107 -0.00157457
14 108 -0.00904321
14 109 -0.0151453
14 110 -0.018722
14 111 -0.0188395
14 112 -0.0156923
14 113 -0.0100045
14 114 -0.00219228
14 115 0.00556019
14 116 0.0117953
14 117 0.0160122
14 118 0.0162147
14 119 0

15 0 0
15 1 0.0153372
15 2 0.0172807
15 3 0.0136027
15 4 0.00852948
15 5 0.0012483
15 6 -0.00739535
15 7 -0.0128499
15 8 -0.0172322
15 9 -0.0180285
15 10 -0.0147597
15 11 -0.0103633
15 12 -0.00316357
15 13 0.00391557
15 14 0.010165
15 15 0.0154469
15 16 0.0175472
15 17 0.0180224
15 18 0.0159789
15 19 0.0122144
15 20 0.00728155
15 21 0.00153299
15 22 -0.00398361
15 23 -0.00993291
15 24 -0.014268
15 25 -0.0180166
15 26 -0.0203875
15 27 -0.0202971
15 28 -0.0186766
15 29 -0.0148551
15 30 -0.00946677
15 31 -0.00246458
15 32 0.00438433
15 33 0.0111417
15 34 0.0166956
15 35 0.0199037
15 36 0.0211867
15 37 0.0204904
15 38 0.0181454
15 39 0.0142597
15 40 0.0106001
15 41 0.00698598
15 42 0.00359014
15 43 0.000480758
15 44 -0.00178843
15 45 -0.0038978
15 46 -0.0059064
15 47 -0.00737403
15 48 -0.00831703
15 49 -0.0096986
15 50 -0.012104
15 51 -0.0149596
15 52 -0.0175578
15 53 -0.0193351
15 54 -0.0199061
15 55 -0.0188582
15 56 -0.0168171
15 57 -0.014886
15 58 -0.0139216
15 59 -0.0136494
15 60 -0.0139103
15 61 -0.0148786
15 62 -0.0168459
15 63 -0.0189682
15 64 -0.0201606
15 65 -0.0198052
15 66 -0.0183332
15 67 -0.0161276
15 68 -0.0137697
15 69 -0.0119444
15 70 -0.011242
15 71 -0.0110201
15 72 -0.010333
15 73 -0.00905788
15 74 -0.00765938
15 75 -0.00591435
15 76 -0.0031848
15 77 0.000185062
15 78 0.00405636
15 79 0.00846276
15 80 0.0134876
15 81 0.0174737
15 82 0.0202185
15 83 0.0212807
15 84 0.0206852
15 85 0.0175859
15 86 0.0132307
15 87 0.00802591
15 88 0.00216448
15 89 -0.00331363
15 90 -0.00816759
15 91 -0.0120432
15 92 -0.0155232
15 93 -0.0170768
15 94 -0.0180592
15 95 -0.0178364
15 96 -0.0158135
15 97 -0.0126237
15 98 -0.00764075
15 99 -0.00172659
15 100 0.00544626
15 101 0.0117859
15 102 0.0174064
15 103 0.0209983
15 104 0.0209035
15 105 0.0186516
15 106 0.0123346
15 107 0.00444808
15 108 -0.00405276
15 109 -0.0130048
15 110 -0.0183139
15 111 -0.0211029
15 112 -0.0198089
15 113 -0.0139155
15 114 -0.00652937
15 115 0.002966
15 116 0.0114386
15 117 0.0168926
15 118 0.0197178
15 119 0

16 0 0
16 1 0.0179625
16 2 0.0171738
16 3 0.0122611
16 4 0.00550257
16 5 -0.0031807
16 6 -0.0107055
16 7 -0.0158477
16 8 -0.018285
16 9 -0.016224
16 10 -0.0117234
16 11 -0.00463161
16 12 0.00342216
16 13 0.0100026
16 14 0.0154455
16 15 0.0175472
16 16 0.0170702
16 17 0.0138699
16 18 0.00872324
16 19 0.00315011
16 20 -0.00356788
16 21 -0.0083551
16 22 -0.012415
16 23 -0.0153012
16 24 -0.0159894
16 25 -0.0158774
16 26 -0.0141022
16 27 -0.011539
16 28 -0.00724721
16 29 -0.00274157
16 30 0.00274903
16 31 0.00876069
16 32 0.0138775
16 33 0.0185934
16 34 0.0214545
16 35 0.0225094
16 36 0.0207206
16 37 0.0176994
16 38 0.0126229
16 39 0.00653548
16 40 0.000365793
16 41 -0.00498713
16 42 -0.00967534
16 43 -0.0135691
16 44 -0.0157886
16 45 -0.0171569
16 46 -0.0176188
16 47 -0.0177571
16 48 -0.0170347
16 49 -0.0173612
16 50 -0.0187696
16 51 -0.021467
16 52 -0.0233854
16 53 -0.0245339
16 54 -0.0238544
16 55 -0.0220827
16 56 -0.0189413
16 57 -0.0162062
16 58 -0.0140593
16 59 -0.0134878
16 60 -0.0137612
16 61 -0.0156227
16 62 -0.0181132
16 63 -0.0210505
16 64 -0.0227009
16 65 -0.0233332
16 66 -0.0222615
16 67 -0.020533
16 68 -0.0181826
16 69 -0.0172723
16 70 -0.0176104
16 71 -0.019172
16 72 -0.0200024
16 73 -0.0206725
16 74 -0.0204577
16 75 -0.0194895
16 76 -0.0166756
16 77 -0.0130375
16 78 -0.00830157
16 79 -0.0025486
16 80 0.00381896
16 81 0.00953519
16 82 0.0140348
16 83 0.0177278
16 84 0.0192836
16 85 0.0193543
16 86 0.0177668
16 87 0.0157997
16 88 0.0123061
16 89 0.00893072
16 90 0.00507097
16 91 0.000634817
16 92 -0.00387263
16 93 -0.00853948
16 94 -0.0127124
16 95 -0.0168052
16 96 -0.0183375
16 97 -0.0187168
16 98 -0.0164134
16 99 -0.0111131
16 100 -0.0045071
16 101 0.00361862
16 102 0.0110878
16 103 0.0175732
16 104 0.0206386
16 105 0.0204622
16 106 0.0169974
16 107 0.00953091
16 108 0.00126348
16 109 -0.00790582
16 110 -0.0152012
16 111 -0.0191731
16 112 -0.0201712
16 113 -0.015927
16 114 -0.00931654
16 115 -0.000637648
16 116 0.00896723
16 117 0.0152569
16 118 0.0193969
16 119 0

17 0 0
17 1 0.0176776
17 2 0.015664
17 3 0.00912353
17 4 0.00132809
17 5 -0.00675599
17 6 -0.0138383
17 7 -0.0169294
17 8 -0.0167173
17 9 -0.0128645
17 10 -0.00557432
17 11 0.00243823
17 12 0.0102295
17 13 0.0163489
17 14 0.0189084
17 15 0.0180224
17 16 0.0138699
17 17 0.00703294
17 18 -0.000773659
17 19 -0.00834004
17 20 -0.0145295
17 21 -0.0183008
17 22 -0.0193818
17 23 -0.0182003
17 24 -0.0148774
17 25 -0.00996812
17 26 -0.00507286
17 27 0.000256252
17 28 0.00554315
17 29 0.00998271
17 30 0.0140435
17 31 0.0175168
17 32 0.0201407
17 33 0.0213455
17 34 0.0216235
17 35 0.0197944
17 36 0.0159887
17 37 0.0108385
17 38 0.00448669
17 39 -0.00271548
17 40 -0.00990846
17 41 -0.0156504
17 42 -0.0205067
17 43 -0.023727
17 44 -0.0252687
17 45 -0.0247061
17 46 -0.0233918
17 47 -0.0212406
17 48 -0.0190569
17 49 -0.017688
17 50 -0.0183776
17 51 -0.020317
17 52 -0.0219538
17 53 -0.0221526
17 54 -0.0207711
17 55 -0.0181326
17 56 -0.0145187
17 57 -0.0108827
17 58 -0.00803253
17 59 -0.00691167
17 60 -0.00753142
17 61 -0.00989939
17 62 -0.0130623
17 63 -0.0162636
17 64 -0.0185136
17 65 -0.019619
17 66 -0.0191936
17 67 -0.0175059
17 68 -0.0156013
17 69 -0.0151906
17 70 -0.016964
17 71 -0.0198508
17 72 -0.0228591
17 73 -0.0253375
17 74 -0.0272099
17 75 -0.0272081
17 76 -0.0256011
17 77 -0.0223931
17 78 -0.0182202
17 79 -0.0123196
17 80 -0.00611163
17 81 -0.000113998
17 82 0.00520339
17 83 0.0100917
17 84 0.0136418
17 85 0.0160029
17 86 0.0179606
17 87 0.0190058
17 88 0.019307
17 89 0.0187281
17 90 0.017223
17 91 0.0136713
17 92 0.00889989
17 93 0.00283571
17 94 -0.00464268
17 95 -0.0119421
17 96 -0.0180273
17 97 -0.0220215
17 98 -0.0231193
17 99 -0.0204635
17 100 -0.014821
17 101 -0.00681435
17 102 0.00255169
17 103 0.010911
17 104 0.0173437
17 105 0.0205076
17 106 0.0192957
17 107 0.0149311
17 108 0.00765355
17 109 -0.00132203
17 110 -0.00908965
17 111 -0.0151408
17 112 -0.0178194
17 113 -0.0160312
17 114 -0.0114149
17 115 -0.0038349
17 116 0.00465988
17 117 0.0116924
17 118 0.0169207
17 119 0

18 0 0
18 1 0.0156337
18 2 0.0116066
18 3 0.00452478
18 4 -0.00289254
18 5 -0.0103764
18 6 -0.0149791
18 7 -0.0159871
18 8 -0.0134788
18 9 -0.00689752
18 10 0.0010975
18 11 0.00986931
18 12 0.0169068
18 13 0.0203624
18 14 0.0205733
18 15 0.0159789
18 16 0.00872324
18 17 -0.000773659
18 18 -0.0107214
18 19 -0.0182422
18 20 -0.0240064
18 21 -0.0254894
18 22 -0.0233375
18 23 -0.0184735
18 24 -0.0112006
18 25 -0.00319941
18 26 0.00468759
18 27 0.0110069
18 28 0.016507
18 29 0.0197827
18 30 0.0215172
18 31 0.0223365
18 32 0.021716
18 33 0.020227
18 34 0.0176948
18 35 0.0143469
18 36 0.00912568
18 37 0.0033593
18 38 -0.00315167
18 39 -0.0101087
18 40 -0.0169087
18 41 -0.0222644
18 42 -0.0260404
18 43 -0.0283069
18 44 -0.02824
18 45 -0.0260467
18 46 -0.0223812
18 47 -0.0184954
18 48 -0.0146149
18 49 -0.0122809
18 50 -0.0120583
18 51 -0.0137568
18 52 -0.0150126
18 53 -0.0148873
18 54 -0.0129179
18 55 -0.0100124
18 56 -0.00608448
18 57 -0.0020668
18 58 0.00140944
18 59 0.00278936
18 60 0.001977
18 61 -0.000933383
18 62 -0.00439543
18 63 -0.00777787
18 64 -0.010167
18 65 -0.011653
18 66 -0.0113585
18 67 -0.00976092
18 68 -0.00783738
18 69 -0.00798136
18 70 -0.0104208
18 71 -0.0146373
18 72 -0.0191058
18 73 -0.0236619
18 74 -0.0270159
18 75 -0.0285833
18 76 -0.0280252
18 77 -0.0262358
18 78 -0.0228844
18 79 -0.0181746
18 80 -0.0130009
18 81 -0.00803815
18 82 -0.00312242
18 83 0.00186245
18 84 0.00596681
18 85 0.010161
18 86 0.0142849
18 87 0.0184619
18 88 0.0216728
18 89 0.0244854
18 90 0.0253085
18 91 0.0236018
18 92 0.0196574
18 93 0.0128548
18 94 0.00407
18 95 -0.00589172
18 96 -0.0148071
18 97 -0.0225898
18 98 -0.0266851
18 99 -0.0267098
18 100 -0.0234112
18 101 -0.0159339
18 102 -0.00684825
18 103 0.00310942
18 104 0.0116666
18 105 0.0175783
18 106 0.0201533
18 107 0.0182725
18 108 0.0135931
18 109 0.00600399
18 110 -0.0017567
18 111 -0.00843084
18 112 -0.0134795
18 113 -0.0139886
18 114 -0.0122143
18 115 -0.00728767
18 116 0.000176898
18 117 0.00611661
18 118 0.0119892
18 119 0

19 0 0
19 1 0.0113408
19 2 0.0055755
19 3 -0.000390933
19 4 -0.00760968
19 5 -0.0128758
19 6 -0.0142115
19 7 -0.0133665
19 8 -0.00788994
19 9 -0.000213366
19 10 0.0077461
19 11 0.0160516
19 12 0.0207547
19 13 0.0224134
19 14 0.0195648
19 15 0.0122144
19 16 0.00315011
19 17 -0.00834004
19 18 -0.0182422
19 19 -0.0255871
19 20 -0.0297452
19 21 -0.028922
19 22 -0.0243175
19 23 -0.0160361
19 24 -0.00661947
19 25 0.00387002
19 26 0.0128788
19 27 0.0193087
19 28 0.0239179
19 29 0.0251533
19 30 0.0245857
19 31 0.0221062
19 32 0.0190325
19 33 0.0148595
19 34 0.0107594
19 35 0.00653562
19 36 0.00136335
19 37 -0.00377478
19 38 -0.00919383
19 39 -0.0144196
19 40 -0.0198777
19 41 -0.0235631
19 42 -0.0259186
19 43 -0.0263125
19 44 -0.0247974
19 45 -0.0206182
19 46 -0.0151867
19 47 -0.0095378
19 48 -0.00472851
19 49 -0.00163453
19 50 -0.00113277
19 51 -0.00265961
19 52 -0.004053
19 53 -0.003887
19 54 -0.00192967
19 55 0.000931633
19 56 0.00469561
19 57 0.00880369
19 58 0.0125338
19 59 0.0140686
19 60 0.0130232
19 61 0.00978575
19 62 0.00619203
19 63 0.00294655
19 64 0.000638482
19 65 -0.000776814
19 66 -0.000370835
19 67 0.00154097
19 68 0.00358543
19 69 0.00347043
19 70 0.000701901
19 71 -0.00402413
19 72 -0.00973479
19 73 -0.0155975
19 74 -0.0204363
19 75 -0.0230799
19 76 -0.0240831
19 77 -0.0235955
19 78 -0.02199
19 79 -0.0189083
19 80 -0.0160796
19 81 -0.0129548
19 82 -0.00981949
19 83 -0.00596707
19 84 -0.00243556
19 85 0.00223028
19 86 0.00778653
19 87 0.0137491
19 88 0.0198103
19 89 0.0250473
19 90 0.0286853
19 91 0.0288525
19 92 0.0266847
19 93 0.0202988
19 94 0.0112329
19 95 0.000594285
19 96 -0.0104264
19 97 -0.0200216
19 98 -0.0269645
19 99 -0.0291841
19 100 -0.0283294
19 101 -0.0226508
19 102 -0.0141507
19 103 -0.00476187
19 104 0.00539478
19 105 0.0128644
19 106 0.0181471
19 107 0.0194348
19 108 0.0171916
19 109 0.0128699
19 110 0.00571108
19 111 -0.000855628
19 112 -0.0067124
19 113 -0.010809
19 114 -0.0112088
19 115 -0.0096394
19 116 -0.00537695
19 117 0.000215983
19 118 0.00500958
19 119 0

20 0 0
20 1 0.00612164
20 2 0.000191418
20 3 -0.00607614
20 4 -0.0112367
20 5 -0.0139459
20 6 -0.0132268
20 7 -0.00930536
20 8 -0.0023179
20 9 0.00603322
20 10 0.0140627
20 11 0.0205535
20 12 0.0231918
20 13 0.021785
20 14 0.0164666
20 15 0.00728155
20 16 -0.00356788
20 17 -0.0145295
20 18 -0.0240064
20 19 -0.0297452
20 20 -0.0311402
20 21 -0.0281332
20 22 -0.0207399
20 23 -0.0107749
20 24 0.000215037
20 25 0.0109854
20 26 0.019393
20 27 0.0245282
20 28 0.0264154
20 29 0.025282
20 30 0.0213374
20 31 0.0162028
20 32 0.010734
20 33 0.00517811
20 34 0.00063931
20 35 -0.00305922
20 36 -0.00634845
20 37 -0.00952114
20 38 -0.0119922
20 39 -0.0145695
20 40 -0.0171165
20 41 -0.0187529
20 42 -0.0188853
20 43 -0.0175775
20 44 -0.0144785
20 45 -0.00899043
20 46 -0.00229009
20 47 0.00426562
20 48 0.00926812
20 49 0.0123065
20 50 0.0124209
20 51 0.0106011
20 52 0.00850251
20 53 0.00822733
20 54 0.00949423
20 55 0.0119499
20 56 0.0150042
20 57 0.0189424
20 58 0.0224301
20 59 0.0240785
20 60 0.0226783
20 61 0.0194536
20 62 0.015816
20 63 0.0131035
20 64 0.0110562
20 65 0.0102558
20 66 0.0110737
20 67 0.0137705
20 68 0.016242
20 69 0.0168016
20 70 0.0144215
20 71 0.010027
20 72 0.00394184
20 73 -0.00244891
20 74 -0.00792666
20 75 -0.0113019
20 76 -0.0133435
20 77 -0.0143205
20 78 -0.0143274
20 79 -0.0137759
20 80 -0.0136271
20 81 -0.0137298
20 82 -0.0132193
20 83 -0.0123321
20 84 -0.0105663
20 85 -0.00719394
20 86 -0.0017435
20 87 0.00476177
20 88 0.0123071
20 89 0.0197544
20 90 0.0254722
20 91 0.0286125
20 92 0.0285623
20 93 0.0245922
20 94 0.0169054
20 95 0.00727745
20 96 -0.00363434
20 97 -0.0141773
20 98 -0.0223845
20 99 -0.0276239
20 100 -0.0289814
20 101 -0.02611
20 102 -0.0200949
20 103 -0.0117282
20 104 -0.0021138
20 105 0.00674648
20 106 0.0140163
20 107 0.0186887
20 108 0.019746
20 109 0.0176689
20 110 0.0130793
20 111 0.00658639
20 112 -0.000201707
20 113 -0.00591192
20 114 -0.0100935
20 115 -0.011416
20 116 -0.0099154
20 117 -0.00665679
20 118 -0.00160285
