0 0 0
0 1 0
0 2 0
0 3 0
0 4 0
0 5 0
0 6 0
0 7 0
0 8 0
0 9 0
0 10 0
0 11 0
0 12 0
0 13 0
0 14 0
0 15 0
0 16 0
0 17 0
0 18 0
0 19 0
0 20 0
0 21 0
0 22 0
0 23 0
0 24 0
0 25 0
0 26 0
0 27 0
0 28 0
0 29 0
0 30 0
0 31 0
0 32 0
0 33 0
0 34 0
0 35 0
0 36 0
0 37 0
0 38 0
0 39 0
0 40 0
0 41 0
0 42 0
0 43 0
0 44 0
0 45 0
0 46 0
0 47 0
0 48 0
0 49 0
0 50 0
0 51 0
0 52 0
0 53 0
0 54 0
0 55 0
0 56 0
0 57 0
0 58 0
0 59 0
0 60 0
0 61 0
0 62 0
0 63 0
0 64 0
0 65 0
0 66 0
0 67 0
0 68 0
0 69 0
0 70 0
0 71 0
0 72 0
0 73 0
0 74 0
0 75 0
0 76 0
0 77 0
0 78 0
0 79 0
0 80 0
0 81 0
0 82 0
0 83 0
0 84 0
0 85 0
0 86 0
0 87 0
0 88 0
0 89 0
0 90 0
0 91 0
0 92 0
0 93 0
0 94 0
0 95 0
0 96 0
0 97 0
0 98 0
0 99 0
0 100 0
0 101 0
0 102 0
0 103 0
0 104 0
0 105 0
0 106 0
0 107 0
0 108 0
0 109 0
0 110 0
0 111 0
0 112 0
0 113 0
0 114 0
0 115 0
0 116 0
0 117 0
0 118 0
0 119 0

1 0 0
1 1 0.0227399
1 2 0.0207422
1 3 0.0156394
1 4 0.00747516
1 5 -0.00092272
1 6 -0.00869639
1 7 -0.0138893
1 8 -0.0156451
1 9 -0.0146744
1 10 -0.010542
1 11 -0.00510036
1 12 0.00153977
1 13 0.007884
1 14 0.0127449
1 15 0.015711
1 16 0.0159914
1 17 0.0145922
1 18 0.011493
1 19 0.00744205
1 20 0.00239013
1 21 -0.00286083
1 22 -0.0079864
1 23 -0.012513
1 24 -0.016431
1 25 -0.0199258
1 26 -0.0219858
1 27 -0.0229918
1 28 -0.0221484
1 29 -0.0204567
1 30 -0.0173625
1 31 -0.0131862
1 32 -0.00829492
1 33 -0.00317968
1 34 0.001831
1 35 0.00679769
1 36 0.0113658
1 37 0.0154204
1 38 0.018404
1 39 0.0213513
1 40 0.0231031
1 41 0.0240307
1 42 0.0239401
1 43 0.0232897
1 44 0.0214697
1 45 0.0194505
1 46 0.0170234
1 47 0.0148887
1 48 0.0129131
1 49 0.0113704
1 50 0.0102566
1 51 0.00948563
1 52 0.00842207
1 53 0.00727919
1 54 0.00601423
1 55 0.00414243
1 56 0.00220923
1 57 0.000681746
1 58 -0.000580151
1 59 -0.00137302
1 60 -0.00100614
1 61 -0.00017466
1 62 0.000935689
1 63 0.00244047
1 64 0.00391485
1 65 0.00477023
1 66 0.00556051
1 67 0.00626804
1 68 0.00677668
1 69 0.00764548
1 70 0.00908401
1 71 0.0110059
1 72 0.01328
1 73 0.0159382
1 74 0.0184276
1 75 0.0208496
1 76 0.0223615
1 77 0.0234674
1 78 0.0237853
1 79 0.0234169
1 80 0.0219798
1 81 0.0205729
1 82 0.0180328
1 83 0.014913
1 84 0.011074
1 85 0.00694955
1 86 0.00212821
1 87 -0.00287757
1 88 -0.00794862
1 89 -0.0124279
1 90 -0.0162731
1 91 -0.0196798
1 92 -0.0217079
1 93 -0.0228122
1 94 -0.0223788
1 95 -0.0212223
1 96 -0.0186602
1 97 -0.0147691
1 98 -0.00943343
1 99 -0.00335051
1 100 0.00307573
1 101 0.00931813
1 102 0.0145615
1 103 0.0182967
1 104 0.0189015
1 105 0.0169778
1 106 0.0120229
1 107 0.00552444
1 108 -0.00168052
1 109 -0.00884499
1 110 -0.0139598
1 111 -0.016904
1 112 -0.0159001
1 113 -0.0117052
1 114 -0.00493477
1 115 0.0032563
1 116 0.0105757
1 117 0.0167606
1 118 0.0199863
1 119 0

2 0 0
2 1 0.0207422
2 2 0.0169115
2 3 0.00987342
2 4 0.00180835
2 5 -0.00628896
2 6 -0.0123242
2 7 -0.0152559
2 8 -0.0153419
2 9 -0.0123563
2 10 -0.00772663
2 11 -0.00175845
2 12 0.00440695
2 13 0.00975508
2 14 0.0133541
2 15 0.0144296
2 16 0.0135806
2 17 0.0106393
2 18 0.00715422
2 19 0.00221674
2 20 -0.00296056
2 21 -0.00788466
2 22 -0.0126657
2 23 -0.0155953
2 24 -0.0184441
2 25 -0.0194866
2 26 -0.0191789
2 27 -0.017159
2 28 -0.0140871
2 29 -0.0103674
2 30 -0.00617218
2 31 -0.0018551
2 32 0.00267114
2 33 0.00574785
2 34 0.00910286
2 35 0.0114127
2 36 0.0140652
2 37 0.0157884
2 38 0.01773
2 39 0.0193472
2 40 0.020356
2 41 0.0200978
2 42 0.019249
2 43 0.0174777
2 44 0.0140112
2 45 0.0107256
2 46 0.00719847
2 47 0.00438333
2 48 0.00180887
2 49 0.000980224
2 50 0.000265072
2 51 0.000653717
2 52 0.000184856
2 53 1.73397e-05
2 54 -0.00146823
2 55 -0.00311171
2 56 -0.00587048
2 57 -0.00761012
2 58 -0.00966697
2 59 -0.0101578
2 60 -0.00998605
2 61 -0.00825453
2 62 -0.00684162
2 63 -0.00442505
2 64 -0.00312623
2 65 -0.00200012
2 66 -0.00219487
2 67 -0.00208574
2 68 -0.00283616
2 69 -0.00244006
2 70 -0.00193069
2 71 0.000434156
2 72 0.00304139
2 73 0.00656253
2 74 0.00984316
2 75 0.0136138
2 76 0.0156819
2 77 0.0172353
2 78 0.0181681
2 79 0.0182956
2 80 0.0177409
2 81 0.0172883
2 82 0.0169132
2 83 0.0158722
2 84 0.0149506
2 85 0.0129473
2 86 0.010923
2 87 0.00702054
2 88 0.00299327
2 89 -0.00171098
2 90 -0.00622894
2 91 -0.011079
2 92 -0.0150201
2 93 -0.018061
2 94 -0.019659
2 95 -0.0196913
2 96 -0.019282
2 97 -0.0164317
2 98 -0.0128664
2 99 -0.00772955
2 100 -0.00220061
2 101 0.00337552
2 102 0.00888465
2 103 0.0131701
2 104 0.0156274
2 105 0.0151777
2 106 0.0125381
2 107 0.00751066
2 108 0.00172843
2 109 -0.00459
2 110 -0.0103977
2 111 -0.0141117
2 112 -0.0156535
2 113 -0.0134945
2 114 -0.00880451
2 115 -0.00227694
2 116 0.00501601
2 117 0.0111072
2 118 0.0159439
2 119 0

3 0 0
3 1 0.0156394
3 2 0.00987342
3 3 0.0034665
3 4 -0.0046493
3 5 -0.0102805
3 6 -0.013864
3 7 -0.0146589
3 8 -0.0118807
3 9 -0.00859616
3 10 -0.00311229
3 11 0.00187932
3 12 0.00649659
3 13 0.0103958
3 14 0.0113621
3 15 0.0110518
3 16 0.00851023
3 17 0.00513235
3 18 0.00130587
3 19 -0.00317797
3 20 -0.0077175
3 21 -0.0114995
3 22 -0.0141771
3 23 -0.0157345
3 24 -0.0157429
3 25 -0.0149843
3 26 -0.0118797
3 27 -0.00755332
3 28 -0.00260549
3 29 0.00249921
3 30 0.00698339
3 31 0.0109367
3 32 0.0131625
3 33 0.0140297
3 34 0.0139219
3 35 0.0134831
3 36 0.0127771
3 37 0.012203
3 38 0.0117352
3 39 0.0120255
3 40 0.0120877
3 41 0.0108479
3 42 0.00918203
3 43 0.00658095
3 44 0.00248583
3 45 -0.0019521
3 46 -0.00571863
3 47 -0.00905851
3 48 -0.011024
3 49 -0.0114128
3 50 -0.0107444
3 51 -0.0095277
3 52 -0.00832142
3 53 -0.00792361
3 54 -0.00858988
3 55 -0.0103634
3 56 -0.0128428
3 57 -0.0152673
3 58 -0.0171672
3 59 -0.0179551
3 60 -0.0172816
3 61 -0.0155013
3 62 -0.013216
3 63 -0.0108907
3 64 -0.0093088
3 65 -0.00885596
3 66 -0.00951896
3 67 -0.0110137
3 68 -0.0125771
3 69 -0.0136085
3 70 -0.013634
3 71 -0.0120805
3 72 -0.00917743
3 73 -0.00581277
3 74 -0.0017502
3 75 0.00204964
3 76 0.00445817
3 77 0.00606214
3 78 0.00743457
3 79 0.00767671
3 80 0.00796883
3 81 0.00920109
3 82 0.0108556
3 83 0.0127805
3 84 0.0147017
3 85 0.0163212
3 86 0.0170526
3 87 0.0162907
3 88 0.0135939
3 89 0.010056
3 90 0.00534875
3 91 0.00037156
3 92 -0.00478025
3 93 -0.00912245
3 94 -0.0118937
3 95 -0.014131
3 96 -0.0151886
3 97 -0.0150542
3 98 -0.0134517
3 99 -0.0106992
3 100 -0.00688071
3 101 -0.0031255
3 102 0.00161444
3 103 0.00609992
3 104 0.00928051
3 105 0.0115215
3 106 0.0105163
3 107 0.0086938
3 108 0.00491485
3 109 -2.8582e-06
3 110 -0.00462699
3 111 -0.0098664
3 112 -0.0123883
3 113 -0.0132195
3 114 -0.0111072
3 115 -0.00655595
3 116 -0.00159392
3 117 0.00449801
3 118 0.00894268
3 119 0

4 0 0
4 1 0.00747516
4 2 0.00180835
4 3 -0.0046493
4 4 -0.00979796
4 5 -0.0128136
4 6 -0.0129414
4 7 -0.0101627
4 8 -0.00616068
4 9 -0.00122855
4 10 0.00292488
4 11 0.00643287
4 12 0.00865536
4 13 0.00899423
4 14 0.00778124
4 15 0.00447852
4 16 0.00116046
4 17 -0.00266242
4 18 -0.00559331
4 19 -0.00851776
4 20 -0.0111701
4 21 -0.0122807
4 22 -0.0129872
4 23 -0.0115785
4 24 -0.00996318
4 25 -0.00649628
4 26 -0.00163264
4 27 0.0042779
4 28 0.0100596
4 29 0.0149615
4 30 0.0188257
4 31 0.0206608
4 32 0.0208465
4 33 0.0178665
4 34 0.0146984
4 35 0.0102966
4 36 0.00660457
4 37 0.00316993
4 38 0.00127669
4 39 0.000156497
4 40 -0.000550992
4 41 -0.00189883
4 42 -0.00363682
4 43 -0.00611205
4 44 -0.0105268
4 45 -0.0144627
4 46 -0.0181867
4 47 -0.0207357
4 48 -0.0223104
4 49 -0.0209854
4 50 -0.0193211
4 51 -0.0162989
4 52 -0.0140458
4 53 -0.0120508
4 54 -0.0124031
4 55 -0.0132667
4 56 -0.0159282
4 57 -0.0180331
4 58 -0.0203177
4 59 -0.0205676
4 60 -0.0201685
4 61 -0.017747
4 62 -0.0155184
4 63 -0.0127691
4 64 -0.0118481
4 65 -0.0114941
4 66 -0.0135424
4 67 -0.0159165
4 68 -0.0191477
4 69 -0.0210857
4 70 -0.0228124
4 71 -0.0216775
4 72 -0.0197369
4 73 -0.0166
4 74 -0.0134499
4 75 -0.0097006
4 76 -0.00809567
4 77 -0.00697039
4 78 -0.00640864
4 79 -0.00607217
4 80 -0.00542032
4 81 -0.00344173
4 82 9.45463e-05
4 83 0.00450169
4 84 0.00975986
4 85 0.0143114
4 86 0.0189085
4 87 0.0205885
4 88 0.0208626
4 89 0.0189017
4 90 0.01604
4 91 0.0115725
4 92 0.00690103
4 93 0.00216587
4 94 -0.00149424
4 95 -0.0044327
4 96 -0.00764465
4 97 -0.00939257
4 98 -0.0111603
4 99 -0.0111566
4 100 -0.0109814
4 101 -0.00965872
4 102 -0.00704974
4 103 -0.00337979
4 104 0.00107957
4 105 0.00459408
4 106 0.0073711
4 107 0.00825012
4 108 0.00809933
4 109 0.00601823
4 110 0.00247114
4 111 -0.00198442
4 112 -0.00666667
4 113 -0.00963287
4 114 -0.0109973
4 115 -0.00989665
4 116 -0.00726792
4 117 -0.00357882
4 118 0.000750945
4 119 0

5 0 0
5 1 -0.00092272
5 2 -0.00628896
5 3 -0.0102805
5 4 -0.0128136
5 5 -0.0121091
5 6 -0.00871703
5 7 -0.00371514
5 8 0.00211213
5 9 0.00637107
5 10 0.00932258
5 11 0.010219
5 12 0.00911455
5 13 0.00666371
5 14 0.00228293
5 15 -0.00234346
5 16 -0.0065339
5 17 -0.00963206
5 18 -0.0112194
5 19 -0.0121839
5 20 -0.0122759
5 21 -0.0111886
5 22 -0.00911959
5 23 -0.00630647
5 24 -0.00270024
5 25 0.00159378
5 26 0.00733286
5 27 0.0135941
5 28 0.0190346
5 29 0.0234763
5 30 0.0257999
5 31 0.0259562
5 32 0.0230649
5 33 0.0176683
5 34 0.0111622
5 35 0.00437113
5 36 -0.00201164
5 37 -0.00701293
5 38 -0.010131
5 39 -0.0116957
5 40 -0.0122137
5 41 -0.0131824
5 42 -0.0142074
5 43 -0.0161777
5 44 -0.0194203
5 45 -0.0230214
5 46 -0.0256587
5 47 -0.0276389
5 48 -0.0277313
5 49 -0.0256347
5 50 -0.0222957
5 51 -0.0184173
5 52 -0.014483
5 53 -0.0118805
5 54 -0.011166
5 55 -0.011881
5 56 -0.0138343
5 57 -0.0162737
5 58 -0.0180913
5 59 -0.0185435
5 60 -0.0177235
5 61 -0.0155425
5 62 -0.0127649
5 63 -0.0104878
5 64 -0.00950307
5 65 -0.00997702
5 66 -0.0124275
5 67 -0.0162592
5 68 -0.0201633
5 69 -0.0236028
5 70 -0.0259682
5 71 -0.0262443
5 72 -0.0248306
5 73 -0.0228749
5 74 -0.0201558
5 75 -0.0179028
5 76 -0.017078
5 77 -0.0172603
5 78 -0.0175459
5 79 -0.0182512
5 80 -0.0177807
5 81 -0.0155904
5 82 -0.0111679
5 83 -0.00504719
5 84 0.00203483
5 85 0.00926107
5 86 0.0160287
5 87 0.0207266
5 88 0.0229254
5 89 0.0232365
5 90 0.021627
5 91 0.0189723
5 92 0.0151503
5 93 0.0113834
5 94 0.00816341
5 95 0.00480912
5 96 0.00106824
5 97 -0.00284326
5 98 -0.00672511
5 99 -0.0100358
5 100 -0.0126639
5 101 -0.0146015
5 102 -0.0142242
5 103 -0.0118942
5 104 -0.0076475
5 105 -0.00229149
5 106 0.00248842
5 107 0.00708432
5 108 0.0100579
5 109 0.0111565
5 110 0.01001
5 111 0.00611382
5 112 0.00125995
5 113 -0.00400465
5 114 -0.00798724
5 115 -0.0101839
5 116 -0.0108417
5 117 -0.00949736
5 118 -0.0071662
5 119 0

6 0 0
6 1 -0.00869639
6 2 -0.0123242
6 3 -0.013864
6 4 -0.0129414
6 5 -0.00871703
6 6 -0.00244779
6 7 0.00469987
6 8 0.0107607
6 9 0.0143177
6 10 0.0149369
6 11 0.0128055
6 12 0.00854333
6 13 0.00254923
6 14 -0.00381856
6 15 -0.00995156
6 16 -0.0139056
6 17 -0.0155795
6 18 -0.0154119
6 19 -0.0135013
6 20 -0.0112386
6 21 -0.00768982
6 22 -0.0038558
6 23 5.27619e-05
6 24 0.00420372
6 25 0.00862913
6 26 0.0139171
6 27 0.0191094
6 28 0.0234646
6 29 0.0261588
6 30 0.0270023
6 31 0.0250668
6 32 0.0201524
6 33 0.0126795
6 34 0.0042774
6 35 -0.00409199
6 36 -0.0117158
6 37 -0.0171209
6 38 -0.0202419
6 39 -0.0213145
6 40 -0.0210811
6 41 -0.0204703
6 42 -0.0203295
6 43 -0.0209497
6 44 -0.0228239
6 45 -0.0250231
6 46 -0.0266851
6 47 -0.0275132
6 48 -0.0265829
6 49 -0.0234538
6 50 -0.0191855
6 51 -0.0144429
6 52 -0.00968303
6 53 -0.00640417
6 54 -0.00518879
6 55 -0.00551543
6 56 -0.00712745
6 57 -0.00950111
6 58 -0.0111501
6 59 -0.0115078
6 60 -0.0106539
6 61 -0.0085132
6 62 -0.00565711
6 63 -0.00357901
6 64 -0.00280936
6 65 -0.00361783
6 66 -0.00653505
6 67 -0.0110009
6 68 -0.0155271
6 69 -0.0196909
6 70 -0.0228343
6 71 -0.0239436
6 72 -0.0234564
6 73 -0.0223502
6 74 -0.020899
6 75 -0.0200154
6 76 -0.020576
6 77 -0.0221179
6 78 -0.024262
6 79 -0.0261502
6 80 -0.0267353
6 81 -0.0252036
6 82 -0.0211948
6 83 -0.014635
6 84 -0.00691297
6 85 0.00144851
6 86 0.00947269
6 87 0.0157201
6 88 0.0196087
6 89 0.0214468
6 90 0.0218547
6 91 0.0209616
6 92 0.0192191
6 93 0.0170893
6 94 0.0152562
6 95 0.0126764
6 96 0.0093235
6 97 0.00456752
6 98 -0.00101125
6 99 -0.00661539
6 100 -0.0125673
6 101 -0.0171844
6 102 -0.0198432
6 103 -0.0193052
6 104 -0.0155886
6 105 -0.00969202
6 106 -0.00267505
6 107 0.00452607
6 108 0.0108481
6 109 0.0150348
6 110 0.0164933
6 111 0.0141686
6 112 0.00952875
6 113 0.00325633
6 114 -0.0030459
6 115 -0.007888
6 116 -0.0117502
6 117 -0.0131224
6 118 -0.0129692
6 119 0

7 0 0
7 1 -0.0138893
7 2 -0.0152559
7 3 -0.0146589
7 4 -0.0101627
7 5 -0.00371514
7 6 0.00469987
7 7 0.0127062
7 8 0.0178738
7 9 0.0201928
7 10 0.0179128
7 11 0.0131467
7 12 0.00593681
7 13 -0.00241914
7 14 -0.0100402
7 15 -0.0163939
7 16 -0.019209
7 17 -0.019148
7 18 -0.0163741
7 19 -0.0122149
7 20 -0.00731043
7 21 -0.00223984
7 22 0.00237225
7 23 0.00629146
7 24 0.00932066
7 25 0.0126902
7 26 0.0159924
7 27 0.0193695
7 28 0.0215665
7 29 0.0226163
7 30 0.0217117
7 31 0.0183473
7 32 0.0124729
7 33 0.0043674
7 34 -0.0042449
7 35 -0.0126519
7 36 -0.0197502
7 37 -0.0244717
7 38 -0.0260397
7 39 -0.025869
7 40 -0.0240097
7 41 -0.0216253
7 42 -0.0195943
7 43 -0.0187676
7 44 -0.018937
7 45 -0.0198157
7 46 -0.02038
7 47 -0.0203096
7 48 -0.0186814
7 49 -0.0151385
7 50 -0.0105287
7 51 -0.00557602
7 52 -0.000715633
7 53 0.00271473
7 54 0.00401183
7 55 0.00386462
7 56 0.00237545
7 57 0.000120199
7 58 -0.00147649
7 59 -0.00172629
7 60 -0.000995832
7 61 0.00108529
7 62 0.00382229
7 63 0.00580199
7 64 0.00642886
7 65 0.00561745
7 66 0.00264307
7 67 -0.00177064
7 68 -0.00634033
7 69 -0.0106077
7 70 -0.0139229
7 71 -0.0154114
7 72 -0.0155215
7 73 -0.0151425
7 74 -0.0146957
7 75 -0.0151562
7 76 -0.0169071
7 77 -0.020083
7 78 -0.0239022
7 79 -0.0273795
7 80 -0.0293671
7 81 -0.0296755
7 82 -0.0268287
7 83 -0.021452
7 84 -0.0144654
7 85 -0.00685885
7 86 0.000876191
7 87 0.00701511
7 88 0.011525
7 89 0.0142638
7 90 0.015934
7 91 0.0169244
7 92 0.0172686
7 93 0.0176456
7 94 0.0177901
7 95 0.0175789
7 96 0.0154721
7 97 0.0114723
7 98 0.00540945
7 99 -0.00171462
7 100 -0.00964159
7 101 -0.0168058
7 102 -0.0219014
7 103 -0.0236977
7 104 -0.021112
7 105 -0.0158766
7 106 -0.00774698
7 107 0.000899
7 108 0.00944491
7 109 0.0165096
7 110 0.0198815
7 111 0.0200865
7 112 0.0160195
7 113 0.00993236
7 114 0.00279396
7 115 -0.00426091
7 116 -0.00962574
7 117 -0.013898
7 118 -0.0154872
7 119 0

8 0 0
8 1 -0.0156451
8 2 -0.0153419
8 3 -0.0118807
8 4 -0.00616068
8 5 0.00211213
8 6 0.0107607
8 7 0.0178738
8 8 0.0220485
8 9 0.0216718
8 10 0.0176521
8 11 0.0104172
8 12 0.00154913
8 13 -0.00758001
8 14 -0.0153212
8 15 -0.0201012
8 16 -0.0212469
8 17 -0.0184019
8 18 -0.0137702
8 19 -0.00732346
8 20 -0.00126872
8 21 0.00407885
8 22 0.00852033
8 23 0.0103799
8 24 0.0119514
8 25 0.0124152
8 26 0.0132028
8 27 0.0136925
8 28 0.0138389
8 29 0.0132688
8 30 0.0115259
8 31 0.00801332
8 32 0.00199641
8 33 -0.00464454
8 34 -0.012311
8 35 -0.0186035
8 36 -0.0240738
8 37 -0.0263216
8 38 -0.0262768
8 39 -0.0239825
8 40 -0.0203209
8 41 -0.0159111
8 42 -0.012471
8 43 -0.0103073
8 44 -0.0088267
8 45 -0.00884282
8 46 -0.00866858
8 47 -0.00833777
8 48 -0.00622997
8 49 -0.0033492
8 50 0.0011168
8 51 0.00518419
8 52 0.00981818
8 53 0.0123775
8 54 0.0137381
8 55 0.0130606
8 56 0.0119578
8 57 0.00935946
8 58 0.00819678
8 59 0.007545
8 60 0.00852413
8 61 0.0100241
8 62 0.0129686
8 63 0.0144438
8 64 0.0155105
8 65 0.0145705
8 66 0.0124545
8 67 0.00828048
8 68 0.00469747
8 69 0.000689807
8 70 -0.0017135
8 71 -0.0034474
8 72 -0.00339881
8 73 -0.00340987
8 74 -0.00324553
8 75 -0.00493016
8 76 -0.00733276
8 77 -0.0114937
8 78 -0.0166637
8 79 -0.0216416
8 80 -0.0252603
8 81 -0.027142
8 82 -0.0266551
8 83 -0.0232438
8 84 -0.0187955
8 85 -0.0128765
8 86 -0.00760485
8 87 -0.002356
8 88 0.000887558
8 89 0.00340815
8 90 0.00524366
8 91 0.00756315
8 92 0.00981241
8 93 0.012628
8 94 0.0156274
8 95 0.0175371
8 96 0.0185263
8 97 0.0158698
8 98 0.0113182
8 99 0.0042193
8 100 -0.00425651
8 101 -0.0126616
8 102 -0.0197943
8 103 -0.023518
8 104 -0.0232915
8 105 -0.0189403
8 106 -0.0120268
8 107 -0.00292562
8 108 0.00611946
8 109 0.0141895
8 110 0.0197424
8 111 0.0210555
8 112 0.0192961
8 113 0.0140067
8 114 0.00744984
8 115 0.000652469
8 116 -0.00608439
8 117 -0.0109489
8 118 -0.014706
8 119 0

9 0 0
9 1 -0.0146744
9 2 -0.0123563
9 3 -0.00859616
9 4 -0.00122855
9 5 0.00637107
9 6 0.0143177
9 7 0.0201928
9 8 0.0216718
9 9 0.0201392
9 10 0.0137792
9 11 0.00578068
9 12 -0.00349484
9 13 -0.0124569
9 14 -0.0184707
9 15 -0.0215591
9 16 -0.019896
9 17 -0.0150476
9 18 -0.00807823
9 19 -0.000613405
9 20 0.00621118
9 21 0.0110111
9 22 0.0134137
9 23 0.0133052
9 24 0.0112619
9 25 0.0092141
9 26 0.00653324
9 27 0.00450309
9 28 0.00239552
9 29 0.000661844
9 30 -0.00141698
9 31 -0.0046189
9 32 -0.00865946
9 33 -0.013354
9 34 -0.0179112
9 35 -0.0217749
9 36 -0.0239264
9 37 -0.0238482
9 38 -0.0208286
9 39 -0.0167514
9 40 -0.0113618
9 41 -0.00551285
9 42 -0.000655586
9 43 0.00242868
9 44 0.00465159
9 45 0.00550312
9 46 0.00578975
9 47 0.00631466
9 48 0.00767344
9 49 0.00998815
9 50 0.0130931
9 51 0.0163368
9 52 0.0193835
9 53 0.0213653
9 54 0.0217645
9 55 0.0211157
9 56 0.0195283
9 57 0.0173808
9 58 0.0158854
9 59 0.015549
9 60 0.0159702
9 61 0.0175649
9 62 0.0198292
9 63 0.0215764
9 64 0.0224184
9 65 0.0222809
9 66 0.0206056
9 67 0.017953
9 68 0.0151497
9 69 0.0125787
9 70 0.0108283
9 71 0.0101119
9 72 0.0102181
9 73 0.0105946
9 74 0.0103214
9 75 0.00862844
9 76 0.00588716
9 77 0.00121667
9 78 -0.00474474
9 79 -0.0105142
9 80 -0.0153531
9 81 -0.0194734
9 82 -0.0210303
9 83 -0.0206761
9 84 -0.0188397
9 85 -0.0164766
9 86 -0.0138907
9 87 -0.011846
9 88 -0.0101219
9 89 -0.00907628
9 90 -0.0074547
9 91 -0.00477402
9 92 -0.00109653
9 93 0.00390537
9 94 0.00905101
9 95 0.0145166
9 96 0.018039
9 97 0.0187691
9 98 0.0160694
9 99 0.0104687
9 100 0.00245634
9 101 -0.00617405
9 102 -0.0143335
9 103 -0.0200782
9 104 -0.0215228
9 105 -0.0199632
9 106 -0.0141467
9 107 -0.00696944
9 108 0.00143018
9 109 0.00973172
9 110 0.0153026
9 111 0.0189301
9 112 0.0181227
9 113 0.0151139
9 114 0.0101447
9 115 0.00401954
9 116 -0.00127744
9 117 -0.00700223
9 118 -0.0107665
9 119 0

10 0 0
10 1 -0.010542
10 2 -0.00772663
10 3 -0.00311229
10 4 0.00292488
10 5 0.00932258
10 6 0.0149369
10 7 0.0179128
10 8 0.0176521
10 9 0.0137792
10 10 0.00725812
10 11 -0.00073036
10 12 -0.00886946
10 13 -0.0154521
10 14 -0.0193062
10 15 -0.0189523
10 16 -0.0150336
10 17 -0.00802945
10 18 -0.000208596
10 19 0.00729751
10 20 0.013261
10 21 0.0160498
10 22 0.0160892
10 23 0.0124843
10 24 0.0076976
10 25 0.00214725
10 26 -0.00312199
10 27 -0.00747245
10 28 -0.0107436
10 29 -0.0125303
10 30 -0.0138149
10 31 -0.0150962
10 32 -0.0168303
10 33 -0.0178084
10 34 -0.0190954
10 35 -0.0190866
10 36 -0.0181164
10 37 -0.015018
10 38 -0.0102449
10 39 -0.00451721
10 40 0.00175448
10 41 0.00817013
10 42 0.0131743
10 43 0.0163574
10 44 0.0188121
10 45 0.0194334
10 46 0.019405
10 47 0.0192184
10 48 0.0198458
10 49 0.0204755
10 50 0.0221587
10 51 0.0235586
10 52 0.0252231
10 53 0.0256717
10 54 0.0255345
10 55 0.0241973
10 56 0.0227485
10 57 0.0204964
10 58 0.0193361
10 59 0.0186595
10 60 0.019143
10 61 0.0201252
10 62 0.0222208
10 63 0.0235585
10 64 0.0248308
10 65 0.0249784
10 66 0.0246163
10 67 0.0231392
10 68 0.0220369
10 69 0.0207662
10 70 0.0206911
10 71 0.0207239
10 72 0.0217308
10 73 0.0226374
10 74 0.0230429
10 75 0.0215732
10 76 0.0194684
10 77 0.015345
10 78 0.00979861
10 79 0.00400517
10 80 -0.00139569
10 81 -0.00641505
10 82 -0.0100445
10 83 -0.0122093
10 84 -0.013759
10 85 -0.0145846
10 86 -0.0159893
10 87 -0.0168758
10 88 -0.0182433
10 89 -0.0193018
10 90 -0.0195293
10 91 -0.0173738
10 92 -0.0134848
10 93 -0.00740741
10 94 -0.000299631
10 95 0.00718942
10 96 0.0139651
10 97 0.0175184
10 98 0.0181675
10 99 0.0149634
10 100 0.00936945
10 101 0.00184577
10 102 -0.00604535
10 103 -0.0126087
10 104 -0.0164518
10 105 -0.0168711
10 106 -0.0144637
10 107 -0.0096146
10 108 -0.00377579
10 109 0.00270516
10 110 0.00812215
10 111 0.0118626
10 112 0.0132624
10 113 0.0122809
10 114 0.0100863
10 115 0.00667819
10 116 0.00313764
10 117 -0.0008724
10 118 -0.00481742
10 119 0

11 0 0
11 1 -0.00510036
11 2 -0.00175845
11 3 0.00187932
11 4 0.00643287
11 5 0.010219
11 6 0.0128055
11 7 0.0131467
11 8 0.0104172
11 9 0.00578068
11 10 -0.00073036
11 11 -0.00735097
11 12 -0.0132068
11 13 -0.0172612
11 14 -0.0177928
11 15 -0.014821
11 16 -0.00850544
11 17 -0.000380518
11 18 0.00763007
11 19 0.0143666
11 20 0.0186026
11 21 0.0191574
11 22 0.0161244
11 23 0.00992765
11 24 0.00225764
11 25 -0.00527297
11 26 -0.0124352
11 27 -0.0179376
11 28 -0.0214404
11 29 -0.0227692
11 30 -0.0224845
11 31 -0.0216688
11 32 -0.0201692
11 33 -0.0179112
11 34 -0.0154474
11 35 -0.0124553
11 36 -0.00845738
11 37 -0.00346124
11 38 0.00255588
11 39 0.00862137
11 40 0.0146753
11 41 0.020509
11 42 0.0247731
11 43 0.0272752
11 44 0.0289115
11 45 0.029161
11 46 0.0282941
11 47 0.0274273
11 48 0.0266849
11 49 0.025989
11 50 0.0257397
11 51 0.0256605
11 52 0.0254098
11 53 0.0248281
11 54 0.0237871
11 55 0.0223665
11 56 0.0207247
11 57 0.0190467
11 58 0.0178677
11 59 0.0173707
11 60 0.017453
11 61 0.0182279
11 62 0.0195224
11 63 0.020815
11 64 0.0219322
11 65 0.0227344
11 66 0.0231561
11 67 0.0233497
11 68 0.0234911
11 69 0.0239489
11 70 0.0250144
11 71 0.0263121
11 72 0.027925
11 73 0.0297414
11 74 0.0306286
11 75 0.0303053
11 76 0.0292421
11 77 0.0264973
11 78 0.0221719
11 79 0.017532
11 80 0.0126604
11 81 0.00750822
11 82 0.00291779
11 83 -0.00123611
11 84 -0.00502635
11 85 -0.00897883
11 86 -0.0133801
11 87 -0.0176264
11 88 -0.0215915
11 89 -0.0252637
11 90 -0.0272069
11 91 -0.0266256
11 92 -0.0232926
11 93 -0.0173452
11 94 -0.00981205
11 95 -0.000874935
11 96 0.00778136
11 97 0.0142892
11 98 0.0177414
11 99 0.0176921
11 100 0.0145914
11 101 0.00930431
11 102 0.00240933
11 103 -0.00432218
11 104 -0.0093822
11 105 -0.012383
11 106 -0.012645
11 107 -0.011381
11 108 -0.00856782
11 109 -0.00470491
11 110 -0.00083511
11 111 0.00306915
11 112 0.00558547
11 113 0.00723604
11 114 0.00791633
11 115 0.00774336
11 116 0.00714237
11 117 0.00510866
11 118 0.0023196
11 119 0

12 0 0
12 1 0.00153977
12 2 0.00440695
12 3 0.00649659
12 4 0.00865536
12 5 0.00911455
12 6 0.00854333
12 7 0.00593681
12 8 0.00154913
12 9 -0.00349484
12 10 -0.00886946
12 11 -0.0132068
12 12 -0.0162396
12 13 -0.0166891
12 14 -0.0143853
12 15 -0.00867129
12 16 -0.00105495
12 17 0.00698159
12 18 0.0143769
12 19 0.01894
12 20 0.0212708
12 21 0.0193109
12 22 0.0137818
12 23 0.00576498
12 24 -0.00354763
12 25 -0.0120042
12 26 -0.0196006
12 27 -0.0248297
12 28 -0.0276604
12 29 -0.0274212
12 30 -0.0254814
12 31 -0.0223749
12 32 -0.0180355
12 33 -0.0129046
12 34 -0.00758897
12 35 -0.00238416
12 36 0.00340193
12 37 0.00893984
12 38 0.0148602
12 39 0.0200141
12 40 0.0245664
12 41 0.0283721
12 42 0.0309998
12 43 0.0320347
12 44 0.0323123
12 45 0.0316417
12 46 0.0299476
12 47 0.0282831
12 48 0.0263543
12 49 0.0243551
12 50 0.0224857
12 51 0.0210203
12 52 0.0191886
12 53 0.0176979
12 54 0.016138
12 55 0.0147807
12 56 0.0133016
12 57 0.0123348
12 58 0.0114095
12 59 0.0110625
12 60 0.0108831
12 61 0.0112861
12 62 0.0117405
12 63 0.0127236
12 64 0.0136099
12 65 0.0147395
12 66 0.0158491
12 67 0.0173829
12 68 0.0186348
12 69 0.0204365
12 70 0.0224962
12 71 0.0247089
12 72 0.0268272
12 73 0.0292748
12 74 0.030889
12 75 0.0319002
12 76 0.0323154
12 77 0.0314565
12 78 0.029476
12 79 0.0269293
12 80 0.0236443
12 81 0.0195056
12 82 0.0153554
12 83 0.0105055
12 84 0.00559656
12 85 -0.000232073
12 86 -0.00662984
12 87 -0.0132303
12 88 -0.0192063
12 89 -0.0248504
12 90 -0.0289441
12 91 -0.0302182
12 92 -0.0285716
12 93 -0.0239163
12 94 -0.0172643
12 95 -0.00827199
12 96 0.000762775
12 97 0.00909717
12 98 0.014759
12 99 0.0173136
12 100 0.0175532
12 101 0.0147195
12 102 0.0101207
12 103 0.00416153
12 104 -0.0015097
12 105 -0.00621395
12 106 -0.00932678
12 107 -0.011438
12 108 -0.0122273
12 109 -0.0114247
12 110 -0.00988185
12 111 -0.00652792
12 112 -0.00348892
12 113 0.000221337
12 114 0.0039723
12 115 0.00686879
12 116 0.0100362
12 117 0.0104597
12 118 0.00951129
12 119 0

13 0 0
13 1 0.007884
13 2 0.00975508
13 3 0.0103958
13 4 0.00899423
13 5 0.00666371
13 6 0.00254923
13 7 -0.00241914
13 8 -0.00758001
13 9 -0.0124569
13 10 -0.0154521
13 11 -0.0172612
13 12 -0.0166891
13 13 -0.0141111
13 14 -0.00906292
13 15 -0.00173189
13 16 0.00605797
13 17 0.0135103
13 18 0.0185033
13 19 0.0211931
13 20 0.0205141
13 21 0.016507
13 22 0.009414
13 23 0.000507726
13 24 -0.00833936
13 25 -0.0163801
13 26 -0.0225446
13 27 -0.0268072
13 28 -0.0276056
13 29 -0.0260709
13 30 -0.0221323
13 31 -0.017172
13 32 -0.0111293
13 33 -0.00426614
13 34 0.00225184
13 35 0.00842862
13 36 0.0141401
13 37 0.0193512
13 38 0.0230918
13 39 0.0262657
13 40 0.0280089
13 41 0.0293204
13 42 0.0291561
13 43 0.0284551
13 44 0.0271893
13 45 0.0257532
13 46 0.0233249
13 47 0.0211887
13 48 0.0187111
13 49 0.0158358
13 50 0.0129817
13 51 0.0104642
13 52 0.0078145
13 53 0.00566065
13 54 0.00424866
13 55 0.00307185
13 56 0.00237217
13 57 0.0021157
13 58 0.00192335
13 59 0.00154504
13 60 0.00144271
13 61 0.00114357
13 62 0.000916864
13 63 0.00110404
13 64 0.00179207
13 65 0.0026774
13 66 0.00435776
13 67 0.0065044
13 68 0.00862117
13 69 0.0110764
13 70 0.013726
13 71 0.0160366
13 72 0.0182657
13 73 0.0209218
13 74 0.0229299
13 75 0.0249788
13 76 0.0268538
13 77 0.028446
13 78 0.0289139
13 79 0.0291691
13 80 0.0281726
13 81 0.0266793
13 82 0.0235695
13 83 0.0197648
13 84 0.0149136
13 85 0.00920954
13 86 0.00216283
13 87 -0.00481175
13 88 -0.0118968
13 89 -0.0186946
13 90 -0.0240554
13 91 -0.0274353
13 92 -0.0275953
13 93 -0.0254996
13 94 -0.0207257
13 95 -0.0140314
13 96 -0.00554669
13 97 0.00262359
13 98 0.00969938
13 99 0.0145937
13 100 0.0173432
13 101 0.017855
13 102 0.0154971
13 103 0.0115751
13 104 0.0060534
13 105 0.000845944
13 106 -0.00450275
13 107 -0.00944134
13 108 -0.0135556
13 109 -0.0166312
13 110 -0.0171533
13 111 -0.0159706
13 112 -0.0123992
13 113 -0.00744844
13 114 -0.00145892
13 115 0.00524843
13 116 0.010886
13 117 0.0149766
13 118 0.0155588
13 119 0

14 0 0
14 1 0.0127449
14 2 0.0133541
14 3 0.0113621
14 4 0.00778124
14 5 0.00228293
14 6 -0.00381856
14 7 -0.0100402
14 8 -0.0153212
14 9 -0.0184707
14 10 -0.0193062
14 11 -0.0177928
14 12 -0.0143853
14 13 -0.00906292
14 14 -0.00253392
14 15 0.00514634
14 16 0.0120599
14 17 0.0170354
14 18 0.0198974
14 19 0.0193841
14 20 0.0168888
14 21 0.0113539
14 22 0.00373751
14 23 -0.00408665
14 24 -0.0117169
14 25 -0.017345
14 26 -0.0213946
14 27 -0.0230795
14 28 -0.0222016
14 29 -0.0189474
14 30 -0.0143239
14 31 -0.00861877
14 32 -0.00193287
14 33 0.00495916
14 34 0.0115106
14 35 0.0167537
14 36 0.0214955
14 37 0.0243647
14 38 0.0258646
14 39 0.0259255
14 40 0.0247296
14 41 0.0226006
14 42 0.0203061
14 43 0.0177683
14 44 0.0153358
14 45 0.0133748
14 46 0.0111433
14 47 0.0091931
14 48 0.00670208
14 49 0.00380274
14 50 0.000620231
14 51 -0.00209154
14 52 -0.00524233
14 53 -0.00724836
14 54 -0.00836683
14 55 -0.00866358
14 56 -0.00865076
14 57 -0.00762505
14 58 -0.00729858
14 59 -0.00721929
14 60 -0.00759614
14 61 -0.00823247
14 62 -0.00958666
14 63 -0.00996152
14 64 -0.0100608
14 65 -0.00938252
14 66 -0.00785809
14 67 -0.00522442
14 68 -0.00306442
14 69 -0.000430957
14 70 0.00191248
14 71 0.00392646
14 72 0.00544624
14 73 0.00744115
14 74 0.00928801
14 75 0.0119391
14 76 0.0148984
14 77 0.0180718
14 78 0.0213316
14 79 0.0241639
14 80 0.0259592
14 81 0.0267191
14 82 0.0261723
14 83 0.0238541
14 84 0.0208086
14 85 0.0160734
14 86 0.010418
14 87 0.00405859
14 88 -0.00216837
14 89 -0.00855605
14 90 -0.0144138
14 91 -0.0190041
14 92 -0.0214523
14 93 -0.0219116
14 94 -0.0204382
14 95 -0.0161806
14 96 -0.0105454
14 97 -0.00328559
14 98 0.00349704
14 99 0.00933826
14 100 0.0144277
14 101 0.0173245
14 102 0.0181739
14 103 0.0163998
14 104 0.012557
14 105 0.00739199
14 106 0.00137796
14 107 -0.00555692
14 108 -0.0123131
14 109 -0.0180103
14 110 -0.0216854
14 111 -0.0218493
14 112 -0.0196393
14 113 -0.0142487
14 114 -0.00686165
14 115 0.0013917
14 116 0.0102277
14 117 0.0162827
14 118 0.0194277
14 119 0

15 0 0
15 1 0.015711
15 2 0.0144296
15 3 0.0110518
15 4 0.00447852
15 5 -0.00234346
15 6 -0.00995156
15 7 -0.0163939
15 8 -0.0201012
15 9 -0.0215591
15 10 -0.0189523
15 11 -0.014821
15 12 -0.00867129
15 13 -0.00173189
15 14 0.00514634
15 15 0.0119599
15 16 0.0163054
15 17 0.0184353
15 18 0.0174084
15 19 0.0143391
15 20 0.00929816
15 21 0.0031355
15 22 -0.00360094
15 23 -0.00953323
15 24 -0.0136047
15 25 -0.0162285
15 26 -0.0165821
15 27 -0.0157636
15 28 -0.0124107
15 29 -0.0082665
15 30 -0.00310334
15 31 0.00240445
15 32 0.00813627
15 33 0.0139343
15 34 0.0187134
15 35 0.0223856
15 36 0.024616
15 37 0.0252397
15 38 0.02315
15 39 0.020306
15 40 0.0158251
15 41 0.0110952
15 42 0.00629601
15 43 0.0026508
15 44 -0.000374368
15 45 -0.00210424
15 46 -0.00374995
15 47 -0.00485413
15 48 -0.00643508
15 49 -0.00881725
15 50 -0.0115644
15 51 -0.0141822
15 52 -0.0169532
15 53 -0.0187231
15 54 -0.0189189
15 55 -0.01849
15 56 -0.0171745
15 57 -0.0152115
15 58 -0.0138682
15 59 -0.0136968
15 60 -0.0138923
15 61 -0.0152831
15 62 -0.0173097
15 63 -0.0187589
15 64 -0.0193516
15 65 -0.0194333
15 66 -0.0179792
15 67 -0.015673
15 68 -0.0135529
15 69 -0.0114688
15 70 -0.00975312
15 71 -0.00898616
15 72 -0.00863443
15 73 -0.00782157
15 74 -0.00675682
15 75 -0.00435363
15 76 -0.0010252
15 77 0.00366761
15 78 0.00872866
15 79 0.0139193
15 80 0.0179713
15 81 0.021743
15 82 0.023205
15 83 0.0234732
15 84 0.0223895
15 85 0.0203435
15 86 0.0168497
15 87 0.0131294
15 88 0.00862375
15 89 0.0037238
15 90 -0.0015367
15 91 -0.00694899
15 92 -0.0110606
15 93 -0.0146861
15 94 -0.0164589
15 95 -0.0167381
15 96 -0.0142823
15 97 -0.0100683
15 98 -0.00439988
15 99 0.00166555
15 100 0.00801816
15 101 0.013605
15 102 0.0172154
15 103 0.0187488
15 104 0.0169635
15 105 0.0138018
15 106 0.00787151
15 107 0.000635215
15 108 -0.00758012
15 109 -0.0159189
15 110 -0.0214369
15 111 -0.0247024
15 112 -0.0235645
15 113 -0.0193426
15 114 -0.0121198
15 115 -0.0024311
15 116 0.00707826
15 117 0.0158636
15 118 0.0204051
15 119 0

16 0 0
16 1 0.0159914
16 2 0.0135806
16 3 0.00851023
16 4 0.00116046
16 5 -0.0065339
16 6 -0.0139056
16 7 -0.019209
16 8 -0.0212469
16 9 -0.019896
16 10 -0.0150336
16 11 -0.00850544
16 12 -0.00105495
16 13 0.00605797
16 14 0.0120599
16 15 0.0163054
16 16 0.0175214
16 17 0.0158638
16 18 0.0116266
16 19 0.00598097
16 20 -0.000210177
16 21 -0.00619087
16 22 -0.0110645
16 23 -0.013674
16 24 -0.0139629
16 25 -0.01228
16 26 -0.00912905
16 27 -0.00530819
16 28 -0.000446507
16 29 0.00406547
16 30 0.00828583
16 31 0.0124503
16 32 0.0162147
16 33 0.0196367
16 34 0.022079
16 35 0.023167
16 36 0.0229819
16 37 0.0208644
16 38 0.0162456
16 39 0.0106189
16 40 0.00400448
16 41 -0.00287875
16 42 -0.00868371
16 43 -0.0128444
16 44 -0.015441
16 45 -0.0163754
16 46 -0.0163867
16 47 -0.0160685
16 48 -0.016187
16 49 -0.0174731
16 50 -0.0192779
16 51 -0.0213192
16 52 -0.0235128
16 53 -0.0246614
16 54 -0.0240228
16 55 -0.0226005
16 56 -0.02021
16 57 -0.0171708
16 58 -0.0150926
16 59 -0.0145502
16 60 -0.0148361
16 61 -0.0166747
16 62 -0.0195057
16 63 -0.0217401
16 64 -0.0230713
16 65 -0.0237099
16 66 -0.0226616
16 67 -0.0207
16 68 -0.0190225
16 69 -0.017747
16 70 -0.017137
16 71 -0.0178711
16 72 -0.0191675
16 73 -0.0202771
16 74 -0.0205112
16 75 -0.0191258
16 76 -0.0160764
16 77 -0.0112537
16 78 -0.00504829
16 79 0.0012358
16 80 0.00704475
16 81 0.0123886
16 82 0.015859
16 83 0.0180053
16 84 0.0194136
16 85 0.0199054
16 86 0.0195778
16 87 0.0189037
16 88 0.0173783
16 89 0.0151843
16 90 0.0116176
16 91 0.00657647
16 92 0.0011982
16 93 -0.00471787
16 94 -0.0101891
16 95 -0.0143417
16 96 -0.0161583
16 97 -0.0152804
16 98 -0.0119941
16 99 -0.00696675
16 100 -0.00042228
16 101 0.00659492
16 102 0.0127134
16 103 0.0170265
16 104 0.0184191
16 105 0.017453
16 106 0.0135446
16 107 0.00713135
16 108 -0.00111321
16 109 -0.0101411
16 110 -0.0175047
16 111 -0.0224124
16 112 -0.0234493
16 113 -0.0208293
16 114 -0.014871
16 115 -0.00601677
16 116 0.00368494
16 117 0.0128806
16 118 0.0187731
16 119 0

17 0 0
17 1 0.0145922
17 2 0.0106393
17 3 0.00513235
17 4 -0.00266242
17 5 -0.00963206
17 6 -0.0155795
17 7 -0.019148
17 8 -0.0184019
17 9 -0.0150476
17 10 -0.00802945
17 11 -0.000380518
17 12 0.00698159
17 13 0.0135103
17 14 0.0170354
17 15 0.0184353
17 16 0.0158638
17 17 0.010394
17 18 0.00327044
17 19 -0.00448346
17 20 -0.0110627
17 21 -0.0159058
17 22 -0.0178798
17 23 -0.0166896
17 24 -0.0124401
17 25 -0.0068581
17 26 -0.000356815
17 27 0.00594277
17 28 0.0115114
17 29 0.0157636
17 30 0.0182363
17 31 0.0201146
17 32 0.0210828
17 33 0.0217485
17 34 0.0214289
17 35 0.0202089
17 36 0.0178929
17 37 0.0136568
17 38 0.007289
17 39 0.000112211
17 40 -0.00753928
17 41 -0.0154365
17 42 -0.0213481
17 43 -0.0250006
17 44 -0.0264283
17 45 -0.0260047
17 46 -0.0240342
17 47 -0.0219052
17 48 -0.0203505
17 49 -0.020306
17 50 -0.0210721
17 51 -0.0224511
17 52 -0.0240285
17 53 -0.024589
17 54 -0.0233087
17 55 -0.0210457
17 56 -0.0177819
17 57 -0.0139306
17 58 -0.0112697
17 59 -0.010391
17 60 -0.0108044
17 61 -0.0130082
17 62 -0.0164346
17 63 -0.0193012
17 64 -0.0212383
17 65 -0.0222493
17 66 -0.0215399
17 67 -0.0199106
17 68 -0.0186581
17 69 -0.0181636
17 70 -0.0187132
17 71 -0.0209605
17 72 -0.0240452
17 73 -0.0271717
17 74 -0.0289849
17 75 -0.0290994
17 76 -0.0270992
17 77 -0.0228583
17 78 -0.0165069
17 79 -0.0101986
17 80 -0.00391962
17 81 0.00201388
17 82 0.00657571
17 83 0.00987776
17 84 0.0129986
17 85 0.0158744
17 86 0.0185088
17 87 0.021184
17 88 0.0231161
17 89 0.024198
17 90 0.0228027
17 91 0.0191576
17 92 0.0132935
17 93 0.0058982
17 94 -0.00229101
17 95 -0.0102507
17 96 -0.0162015
17 97 -0.0191693
17 98 -0.0188998
17 99 -0.0158565
17 100 -0.00975172
17 101 -0.00249864
17 102 0.00556846
17 103 0.0122179
17 104 0.0163597
17 105 0.0185538
17 106 0.0169906
17 107 0.0131814
17 108 0.00630001
17 109 -0.00212087
17 110 -0.00987198
17 111 -0.016437
17 112 -0.0193574
17 113 -0.0193904
17 114 -0.0157298
17 115 -0.0089518
17 116 -0.000595558
17 117 0.00842433
17 118 0.0147895
17 119 0

18 0 0
18 1 0.011493
18 2 0.00715422
18 3 0.00130587
18 4 -0.00559331
18 5 -0.0112194
18 6 -0.0154119
18 7 -0.0163741
18 8 -0.0137702
18 9 -0.00807823
18 10 -0.000208596
18 11 0.00763007
18 12 0.0143769
18 13 0.0185033
18 14 0.0198974
18 15 0.0174084
18 16 0.0116266
18 17 0.00327044
18 18 -0.00619964
18 19 -0.0143185
18 20 -0.0208018
18 21 -0.0235783
18 22 -0.0226397
18 23 -0.0174992
18 24 -0.0094485
18 25 -0.000308886
18 26 0.00866839
18 27 0.0160229
18 28 0.0216109
18 29 0.0239951
18 30 0.0242571
18 31 0.0231584
18 32 0.0213442
18 33 0.0189191
18 34 0.0163957
18 35 0.013397
18 36 0.00980843
18 37 0.00500201
18 38 -0.00178778
18 39 -0.00911924
18 40 -0.0166132
18 41 -0.02364
18 42 -0.0288054
18 43 -0.0309822
18 44 -0.0307864
18 45 -0.0282305
18 46 -0.0243466
18 47 -0.0202599
18 48 -0.0171846
18 49 -0.0156709
18 50 -0.0156722
18 51 -0.0165034
18 52 -0.0176607
18 53 -0.0178016
18 54 -0.0162679
18 55 -0.0134624
18 56 -0.00965026
18 57 -0.0053517
18 58 -0.00232753
18 59 -0.00120752
18 60 -0.00177482
18 61 -0.00425048
18 62 -0.00800735
18 63 -0.0112953
18 64 -0.0135991
18 65 -0.0146758
18 66 -0.0141325
18 67 -0.0126654
18 68 -0.0116311
18 69 -0.0115884
18 70 -0.0132362
18 71 -0.0166877
18 72 -0.0213949
18 73 -0.0262081
18 74 -0.0299744
18 75 -0.0317001
18 76 -0.0312957
18 77 -0.0281263
18 78 -0.0231835
18 79 -0.017758
18 80 -0.0123024
18 81 -0.00700239
18 82 -0.00314054
18 83 0.000298743
18 84 0.00398288
18 85 0.00825597
18 86 0.0133028
18 87 0.0187182
18 88 0.0239221
18 89 0.0281731
18 90 0.0300457
18 91 0.0281496
18 92 0.0233532
18 93 0.0153791
18 94 0.0055937
18 95 -0.00507626
18 96 -0.0142048
18 97 -0.0205124
18 98 -0.0233229
18 99 -0.0223193
18 100 -0.0183693
18 101 -0.0112561
18 102 -0.00304838
18 103 0.00521148
18 104 0.0119018
18 105 0.0165061
18 106 0.0183582
18 107 0.0171492
18 108 0.0129229
18 109 0.00602865
18 110 -0.00121615
18 111 -0.0084173
18 112 -0.0130946
18 113 -0.0153813
18 114 -0.0147711
18 115 -0.0104663
18 116 -0.00460528
18 117 0.00327494
18 118 0.00961977
18 119 0

19 0 0
19 1 0.00744205
19 2 0.00221674
19 3 -0.00317797
19 4 -0.00851776
19 5 -0.0121839
19 6 -0.0135013
19 7 -0.0122149
19 8 -0.00732346
19 9 -0.000613405
19 10 0.00729751
19 11 0.0143666
19 12 0.01894
19 13 0.0211931
19 14 0.0193841
19 15 0.0143391
19 16 0.00598097
19 17 -0.00448346
19 18 -0.0143185
19 19 -0.022657
19 20 -0.0274154
19 21 -0.028119
19 22 -0.0240793
19 23 -0.0158589
19 24 -0.00500595
19 25 0.00607058
19 26 0.0158581
19 27 0.0234537
19 28 0.0272552
19 29 0.0277962
19 30 0.0248521
19 31 0.0208758
19 32 0.0162824
19 33 0.0118642
19 34 0.00800577
19 35 0.00459426
19 36 0.00131382
19 37 -0.00301821
19 38 -0.00831246
19 39 -0.0143195
19 40 -0.019899
19 41 -0.0255788
19 42 -0.0286098
19 43 -0.0289608
19 44 -0.0266345
19 45 -0.0225197
19 46 -0.0165395
19 47 -0.0110649
19 48 -0.00677729
19 49 -0.00453354
19 50 -0.00400178
19 51 -0.00481838
19 52 -0.00588461
19 53 -0.00614482
19 54 -0.00478307
19 55 -0.00189616
19 56 0.0020337
19 57 0.00634218
19 58 0.00943705
19 59 0.0106978
19 60 0.00991107
19 61 0.00730539
19 62 0.00348237
19 63 7.88757e-05
19 64 -0.00229902
19 65 -0.0030993
19 66 -0.00232825
19 67 -0.000711337
19 68 0.000544398
19 69 0.000446381
19 70 -0.0015658
19 71 -0.00570693
19 72 -0.0113469
19 73 -0.0176795
19 74 -0.0225564
19 75 -0.0259231
19 76 -0.0270541
19 77 -0.0258101
19 78 -0.0222564
19 79 -0.0190096
19 80 -0.0153848
19 81 -0.0124214
19 82 -0.0100013
19 83 -0.00820078
19 84 -0.00531888
19 85 -0.00119199
19 86 0.00480715
19 87 0.0119125
19 88 0.0196296
19 89 0.0269412
19 90 0.0313028
19 91 0.0322546
19 92 0.0287637
19 93 0.0219577
19 94 0.0120181
19 95 0.000552005
19 96 -0.0106045
19 97 -0.0191054
19 98 -0.0243866
19 99 -0.025979
19 100 -0.0236544
19 101 -0.0185771
19 102 -0.0105702
19 103 -0.00235312
19 104 0.00553923
19 105 0.0121823
19 106 0.0164396
19 107 0.0186346
19 108 0.0172705
19 109 0.0132798
19 110 0.00730396
19 111 0.000486635
19 112 -0.00546326
19 113 -0.0102207
19 114 -0.0124488
19 115 -0.0119499
19 116 -0.00856108
19 117 -0.00286706
19 118 0.00316695
19 119 0

20 0 0
20 1 0.00239013
20 2 -0.00296056
20 3 -0.0077175
20 4 -0.0111701
20 5 -0.0122759
20 6 -0.0112386
20 7 -0.00731043
20 8 -0.00126872
20 9 0.00621118
20 10 0.013261
20 11 0.0186026
20 12 0.0212708
20 13 0.0205141
20 14 0.0168888
20 15 0.00929816
20 16 -0.000210177
20 17 -0.0110627
20 18 -0.0208018
20 19 -0.0274154
20 20 -0.0308688
20 21 -0.0289831
20 22 -0.0228206
20 23 -0.0122469
20 24 2.81092e-05
20 25 0.0117895
20 26 0.0212816
20 27 0.0272947
20 28 0.0291733
20 29 0.0266158
20 30 0.0212729
20 31 0.0145097
20 32 0.00833104
20 33 0.00242384
20 34 -0.00140515
20 35 -0.00409909
20 36 -0.00593389
20 37 -0.0080674
20 38 -0.0109618
20 39 -0.0144247
20 40 -0.0177526
20 41 -0.0206303
20 42 -0.0218316
20 43 -0.0200579
20 44 -0.016319
20 45 -0.0103824
20 46 -0.00358587
20 47 0.00283201
20 48 0.00727924
20 49 0.0100708
20 50 0.0101489
20 51 0.00904374
20 52 0.00738525
20 53 0.00680664
20 54 0.00734476
20 55 0.0100132
20 56 0.0135173
20 57 0.017575
20 58 0.0203751
20 59 0.0217349
20 60 0.0206341
20 61 0.0181081
20 62 0.01436
20 63 0.0112075
20 64 0.008953
20 65 0.00888785
20 66 0.0100094
20 67 0.0122669
20 68 0.0140164
20 69 0.0146043
20 70 0.0124541
20 71 0.00859565
20 72 0.00261978
20 73 -0.00389836
20 74 -0.00986523
20 75 -0.0139207
20 76 -0.0164793
20 77 -0.016427
20 78 -0.0152502
20 79 -0.0139401
20 80 -0.0129625
20 81 -0.012626
20 82 -0.0132025
20 83 -0.0137001
20 84 -0.0129713
20 85 -0.0101891
20 86 -0.00440409
20 87 0.00294379
20 88 0.0121109
20 89 0.021034
20 90 0.0281822
20 91 0.0312853
20 92 0.0304103
20 93 0.0251662
20 94 0.0166014
20 95 0.00542212
20 96 -0.00599828
20 97 -0.0154718
20 98 -0.0224863
20 99 -0.0255597
20 100 -0.0260174
20 101 -0.0225897
20 102 -0.0167316
20 103 -0.00936917
20 104 -0.00138505
20 105 0.00593757
20 106 0.0125448
20 107 0.0172291
20 108 0.0193822
20 109 0.0181665
20 110 0.0144769
20 111 0.00844048
20 112 0.00188255
20 113 -0.00459459
20 114 -0.0100308
20 115 -0.0125184
20 116 -0.0126489
20 117 -0.00892857
20 118 -0.00358673
20 119 0

21 0 0
21 1 -0.00286083
21 2 -0.00788466
