0 0 0
0 1 0
0 2 0
0 3 0
0 4 0
0 5 0
0 6 0
0 7 0
0 8 0
0 9 0
0 10 0
0 11 0
0 12 0
0 13 0
0 14 0
0 15 0
0 16 0
0 17 0
0 18 0
0 19 0
0 20 0
0 21 0
0 22 0
0 23 0
0 24 0
0 25 0
0 26 0
0 27 0
0 28 0
0 29 0
0 30 0
0 31 0
0 32 0
0 33 0
0 34 0
0 35 0
0 36 0
0 37 0
0 38 0
0 39 0
0 40 0
0 41 0
0 42 0
0 43 0
0 44 0
0 45 0
0 46 0
0 47 0
0 48 0
0 49 0
0 50 0
0 51 0
0 52 0
0 53 0
0 54 0
0 55 0
0 56 0
0 57 0
0 58 0
0 59 0
0 60 0
0 61 0
0 62 0
0 63 0
0 64 0
0 65 0
0 66 0
0 67 0
0 68 0
0 69 0
0 70 0
0 71 0
0 72 0
0 73 0
0 74 0
0 75 0
0 76 0
0 77 0
0 78 0
0 79 0
0 80 0
0 81 0
0 82 0
0 83 0
0 84 0
0 85 0
0 86 0
0 87 0
0 88 0
0 89 0
0 90 0
0 91 0
0 92 0
0 93 0
0 94 0
0 95 0
0 96 0
0 97 0
0 98 0
0 99 0
0 100 0
0 101 0
0 102 0
0 103 0
0 104 0
0 105 0
0 106 0
0 107 0
0 108 0
0 109 0
0 110 0
0 111 0
0 112 0
0 113 0
0 114 0
0 115 0
0 116 0
0 117 0
0 118 0
0 119 0

1 0 0
1 1 0.0231149
1 2 0.0208509
1 3 0.0150284
1 4 0.00686792
1 5 -0.00176172
1 6 -0.00929277
1 7 -0.0142082
1 8 -0.0163105
1 9 -0.0149317
1 10 -0.0107571
1 11 -0.0046583
1 12 0.0018516
1 13 0.00766883
1 14 0.0124695
1 15 0.0152301
1 16 0.0161216
1 17 0.014777
1 18 0.0122059
1 19 0.00817341
1 20 0.00338189
1 21 -0.00177818
1 22 -0.00698294
1 23 -0.0118717
1 24 -0.0166233
1 25 -0.0198076
1 26 -0.022139
1 27 -0.0226861
1 28 -0.0220822
1 29 -0.0198093
1 30 -0.0166028
1 31 -0.0126733
1 32 -0.00799858
1 33 -0.00306441
1 34 0.00186112
1 35 0.006564
1 36 0.0113077
1 37 0.0150741
1 38 0.018717
1 39 0.0212682
1 40 0.0233425
1 41 0.0240555
1 42 0.0242565
1 43 0.0232214
1 44 0.0216365
1 45 0.0193487
1 46 0.0171601
1 47 0.0146942
1 48 0.0128888
1 49 0.0113888
1 50 0.0102021
1 51 0.00934179
1 52 0.00847365
1 53 0.00719807
1 54 0.00579278
1 55 0.00410142
1 56 0.00211762
1 57 0.000555713
1 58 -0.000736718
1 59 -0.0013886
1 60 -0.00116856
1 61 -0.000300497
1 62 0.000826653
1 63 0.00240038
1 64 0.00366487
1 65 0.00469161
1 66 0.00557321
1 67 0.00612902
1 68 0.0066738
1 69 0.0076706
1 70 0.00900221
1 71 0.0108172
1 72 0.0133501
1 73 0.0158374
1 74 0.0185237
1 75 0.0207804
1 76 0.022625
1 77 0.0235136
1 78 0.0240382
1 79 0.0234164
1 80 0.0224107
1 81 0.0203508
1 82 0.0181178
1 83 0.0146718
1 84 0.0110475
1 85 0.0067162
1 86 0.00208396
1 87 -0.00289136
1 88 -0.00741308
1 89 -0.0119113
1 90 -0.015886
1 91 -0.0190223
1 92 -0.0214841
1 93 -0.0226789
1 94 -0.0229633
1 95 -0.0211823
1 96 -0.0183842
1 97 -0.0139628
1 98 -0.00854128
1 99 -0.00214185
1 100 0.00426877
1 101 0.0102811
1 102 0.0153833
1 103 0.0184168
1 104 0.0189869
1 105 0.0165523
1 106 0.0120648
1 107 0.00544847
1 108 -0.00188981
1 109 -0.00898897
1 110 -0.0142668
1 111 -0.0168288
1 112 -0.0163184
1 113 -0.0122922
1 114 -0.00586716
1 115 0.00222243
1 116 0.00999216
1 117 0.0165941
1 118 0.020637
1 119 0

2 0 0
2 1 0.0208509
2 2 0.0167035
2 3 0.00979856
2 4 0.00135313
2 5 -0.00667445
2 6 -0.0125601
2 7 -0.0157402
2 8 -0.0157222
2 9 -0.0128429
2 10 -0.00738214
2 11 -0.000963597
2 12 0.00506055
2 13 0.0100716
2 14 0.0131902
2 15 0.0146099
2 16 0.0135752
2 17 0.0111956
2 18 0.00760069
2 19 0.00281417
2 20 -0.00207085
2 21 -0.00720933
2 22 -0.0114302
2 23 -0.0154754
2 24 -0.0184218
2 25 -0.019691
2 26 -0.0195293
2 27 -0.0177629
2 28 -0.0144599
2 29 -0.0101111
2 30 -0.00559785
2 31 -0.00107784
2 32 0.00279508
2 33 0.00643638
2 34 0.00889446
2 35 0.011533
2 36 0.0138441
2 37 0.0159079
2 38 0.0179
2 39 0.0195964
2 40 0.0204535
2 41 0.0204237
2 42 0.0195231
2 43 0.0173379
2 44 0.0143523
2 45 0.0107216
2 46 0.0073525
2 47 0.00396434
2 48 0.00198253
2 49 0.000706919
2 50 0.000260395
2 51 0.000171388
2 52 0.000354072
2 53 -0.000611303
2 54 -0.00158702
2 55 -0.0035379
2 56 -0.00592372
2 57 -0.0083088
2 58 -0.00969791
2 59 -0.0106079
2 60 -0.0100225
2 61 -0.00895992
2 62 -0.00691123
2 63 -0.00486624
2 64 -0.0032714
2 65 -0.00265525
2 66 -0.00206069
2 67 -0.00261099
2 68 -0.00288297
2 69 -0.00277969
2 70 -0.00180504
2 71 -8.29884e-05
2 72 0.00314317
2 73 0.00642325
2 74 0.0101362
2 75 0.0133131
2 76 0.0159418
2 77 0.0174204
2 78 0.0183398
2 79 0.0184892
2 80 0.0180975
2 81 0.017429
2 82 0.0168689
2 83 0.0159227
2 84 0.0146608
2 85 0.0133321
2 86 0.010702
2 87 0.00756001
2 88 0.00346352
2 89 -0.00106769
2 90 -0.00615992
2 91 -0.0109239
2 92 -0.0151301
2 93 -0.0182148
2 94 -0.0202928
2 95 -0.0203073
2 96 -0.0187878
2 97 -0.0162036
2 98 -0.0119301
2 99 -0.0070376
2 100 -0.00122035
2 101 0.00425579
2 102 0.00950473
2 103 0.013643
2 104 0.0155256
2 105 0.0152505
2 106 0.0126555
2 107 0.00822945
2 108 0.00207188
2 109 -0.00457007
2 110 -0.0103983
2 111 -0.0142512
2 112 -0.0155306
2 113 -0.0138983
2 114 -0.00930348
2 115 -0.00282737
2 116 0.00452797
2 117 0.0112316
2 118 0.0163064
2 119 0

3 0 0
3 1 0.0150284
3 2 0.00979856
3 3 0.00278386
3 4 -0.00477145
3 5 -0.0106093
3 6 -0.0141306
3 7 -0.0144335
3 8 -0.0124909
3 9 -0.00801673
3 10 -0.00230887
3 11 0.00344778
3 12 0.00793964
3 13 0.0106718
3 14 0.011863
3 15 0.0107405
3 16 0.00858959
3 17 0.00499354
3 18 0.00155283
3 19 -0.00295272
3 20 -0.00707435
3 21 -0.0105017
3 22 -0.0134588
3 23 -0.0150773
3 24 -0.0162259
3 25 -0.0146569
3 26 -0.0124145
3 27 -0.00821648
3 28 -0.00316659
3 29 0.00243789
3 30 0.00716938
3 31 0.0108866
3 32 0.0132544
3 33 0.0140929
3 34 0.0137885
3 35 0.0128653
3 36 0.0125326
3 37 0.0114836
3 38 0.0119241
3 39 0.0118892
3 40 0.0120392
3 41 0.0110987
3 42 0.0098014
3 43 0.00656199
3 44 0.00304565
3 45 -0.00141999
3 46 -0.00525533
3 47 -0.00874668
3 48 -0.0104506
3 49 -0.0110165
3 50 -0.0103948
3 51 -0.00910811
3 52 -0.00786878
3 53 -0.00770133
3 54 -0.00825802
3 55 -0.00992984
3 56 -0.0125629
3 57 -0.0148355
3 58 -0.0167476
3 59 -0.0176256
3 60 -0.0168661
3 61 -0.0150687
3 62 -0.0129477
3 63 -0.0104542
3 64 -0.00899414
3 65 -0.00862622
3 66 -0.00908628
3 67 -0.0105791
3 68 -0.0122472
3 69 -0.0131875
3 70 -0.0130782
3 71 -0.0117338
3 72 -0.00872767
3 73 -0.00523368
3 74 -0.00119091
3 75 0.00210483
3 76 0.00512224
3 77 0.00645518
3 78 0.00753044
3 79 0.00778687
3 80 0.00840804
3 81 0.00875363
3 82 0.0108066
3 83 0.0122044
3 84 0.0144586
3 85 0.01604
3 86 0.0168311
3 87 0.0159057
3 88 0.0138824
3 89 0.0102495
3 90 0.00548525
3 91 0.000140113
3 92 -0.00502347
3 93 -0.00922386
3 94 -0.0130978
3 95 -0.014385
3 96 -0.0151563
3 97 -0.0141877
3 98 -0.012788
3 99 -0.00992438
3 100 -0.00642221
3 101 -0.00264766
3 102 0.00182971
3 103 0.00592427
3 104 0.00935708
3 105 0.0109371
3 106 0.0114013
3 107 0.0096634
3 108 0.00623534
3 109 0.000884982
3 110 -0.00440014
3 111 -0.0090094
3 112 -0.0121871
3 113 -0.0129049
3 114 -0.0115451
3 115 -0.00715253
3 116 -0.00201597
3 117 0.00405779
3 118 0.00924813
3 119 0

4 0 0
4 1 0.00686792
4 2 0.00135313
4 3 -0.00477145
4 4 -0.00976811
4 5 -0.0129503
4 6 -0.0127912
4 7 -0.0105258
4 8 -0.00636276
4 9 -0.00112418
4 10 0.00405548
4 11 0.00828097
4 12 0.00996348
4 13 0.0101774
4 14 0.00812294
4 15 0.00508871
4 16 0.00108446
4 17 -0.00261235
4 18 -0.00556342
4 19 -0.00883096
4 20 -0.0106291
4 21 -0.0120837
4 22 -0.0119478
4 23 -0.0116158
4 24 -0.00990179
4 25 -0.00661758
4 26 -0.00234395
4 27 0.0030451
4 28 0.00912557
4 29 0.0150473
4 30 0.018938
4 31 0.0214301
4 32 0.0208624
4 33 0.0188513
4 34 0.0144494
4 35 0.0104631
4 36 0.00647402
4 37 0.00336741
4 38 0.00151004
4 39 0.000635128
4 40 -0.000258155
4 41 -0.00130973
4 42 -0.00284319
4 43 -0.00597443
4 44 -0.00954271
4 45 -0.0139539
4 46 -0.017526
4 47 -0.0207702
4 48 -0.0214768
4 49 -0.021112
4 50 -0.0189344
4 51 -0.0164996
4 52 -0.0135202
4 53 -0.0126286
4 54 -0.0120061
4 55 -0.0134796
4 56 -0.015645
4 57 -0.0184606
4 58 -0.0198348
4 59 -0.0208905
4 60 -0.019695
4 61 -0.0181875
4 62 -0.015263
4 63 -0.0130095
4 64 -0.0114952
4 65 -0.0121168
4 66 -0.0130741
4 67 -0.016184
4 68 -0.0188271
4 69 -0.0213077
4 70 -0.0220485
4 71 -0.0218432
4 72 -0.0191421
4 73 -0.0162584
4 74 -0.0125074
4 75 -0.00974166
4 76 -0.00726958
4 77 -0.0065068
4 78 -0.00593927
4 79 -0.00559998
4 80 -0.00486665
4 81 -0.00318865
4 82 0.000232841
4 83 0.00456227
4 84 0.00946445
4 85 0.0149761
4 86 0.018729
4 87 0.0213618
4 88 0.021285
4 89 0.0198474
4 90 0.015912
4 91 0.0113097
4 92 0.00627026
4 93 0.00187203
4 94 -0.00248848
4 95 -0.00528433
4 96 -0.00739213
4 97 -0.00941795
4 98 -0.0105015
4 99 -0.0113828
4 100 -0.0105664
4 101 -0.00963165
4 102 -0.00680452
4 103 -0.00313504
4 104 0.000987586
4 105 0.00489011
4 106 0.0079901
4 107 0.0101121
4 108 0.00951137
4 109 0.00704974
4 110 0.0027685
4 111 -0.00161745
4 112 -0.00606525
4 113 -0.00954105
4 114 -0.0108717
4 115 -0.0103011
4 116 -0.0073955
4 117 -0.00377267
4 118 0.000740647
4 119 0

5 0 0
5 1 -0.00176172
5 2 -0.00667445
5 3 -0.0106093
5 4 -0.0129503
5 5 -0.01227
5 6 -0.0091285
5 7 -0.00405561
5 8 0.00138081
5 9 0.0065976
5 10 0.0104263
5 11 0.0118748
5 12 0.0106506
5 13 0.00737469
5 14 0.00292524
5 15 -0.00230553
5 16 -0.00666544
5 17 -0.0099997
5 18 -0.0114231
5 19 -0.0123844
5 20 -0.0119973
5 21 -0.0103982
5 22 -0.00840705
5 23 -0.00549996
5 24 -0.00241166
5 25 0.00239783
5 26 0.00730915
5 27 0.0130237
5 28 0.0189017
5 29 0.0237968
5 30 0.0263944
5 31 0.0265252
5 32 0.023757
5 33 0.0183777
5 34 0.0114002
5 35 0.00411337
5 36 -0.00201993
5 37 -0.00737573
5 38 -0.0100542
5 39 -0.0116117
5 40 -0.0122037
5 41 -0.01277
5 42 -0.0136025
5 43 -0.0160761
5 44 -0.0189138
5 45 -0.0225155
5 46 -0.0255117
5 47 -0.0275346
5 48 -0.0274955
5 49 -0.0257512
5 50 -0.0224533
5 51 -0.018431
5 52 -0.0146283
5 53 -0.0122312
5 54 -0.0112317
5 55 -0.011969
5 56 -0.0140922
5 57 -0.016282
5 58 -0.0180843
5 59 -0.0187807
5 60 -0.0177244
5 61 -0.0155639
5 62 -0.0130461
5 63 -0.0106016
5 64 -0.00960713
5 65 -0.0103656
5 66 -0.0126252
5 67 -0.0163225
5 68 -0.0203874
5 69 -0.0237813
5 70 -0.0258141
5 71 -0.0262159
5 72 -0.0247804
5 73 -0.0224541
5 74 -0.0197476
5 75 -0.0178678
5 76 -0.0165271
5 77 -0.0168353
5 78 -0.0174815
5 79 -0.0180359
5 80 -0.0175598
5 81 -0.0158205
5 82 -0.0111597
5 83 -0.00545468
5 84 0.00193469
5 85 0.00950496
5 86 0.0163343
5 87 0.0211411
5 88 0.023851
5 89 0.0242261
5 90 0.0224249
5 91 0.0190113
5 92 0.0152871
5 93 0.0115959
5 94 0.00756404
5 95 0.00471902
5 96 0.00135357
5 97 -0.00192929
5 98 -0.00605994
5 99 -0.00963561
5 100 -0.0125245
5 101 -0.014529
5 102 -0.0143466
5 103 -0.0120567
5 104 -0.00780912
5 105 -0.00259292
5 106 0.00337486
5 107 0.00857222
5 108 0.0118978
5 109 0.0120744
5 110 0.0102059
5 111 0.0063873
5 112 0.00136683
5 113 -0.00384993
5 114 -0.00843768
5 115 -0.0105991
5 116 -0.011361
5 117 -0.00988508
5 118 -0.00718358
5 119 0

6 0 0
6 1 -0.00929277
6 2 -0.0125601
6 3 -0.0141306
6 4 -0.0127912
6 5 -0.0091285
6 6 -0.00289669
6 7 0.00374812
6 8 0.00968274
6 9 0.0140568
6 10 0.0154476
6 11 0.0141033
6 12 0.00934303
6 13 0.00331533
6 14 -0.00360903
6 15 -0.00989313
6 16 -0.0142597
6 17 -0.0162684
6 18 -0.0155771
6 19 -0.0139302
6 20 -0.01056
6 21 -0.00667589
6 22 -0.00239163
6 23 0.00149219
6 24 0.00557781
6 25 0.0100166
6 26 0.0144893
6 27 0.0192084
6 28 0.0237662
6 29 0.027271
6 30 0.0279487
6 31 0.0263537
6 32 0.0211924
6 33 0.0138288
6 34 0.00459411
6 35 -0.00411142
6 36 -0.0118289
6 37 -0.0174672
6 38 -0.0205077
6 39 -0.0214376
6 40 -0.0212815
6 41 -0.0205721
6 42 -0.0201903
6 43 -0.0212617
6 44 -0.0228708
6 45 -0.0253413
6 46 -0.0272276
6 47 -0.028308
6 48 -0.0271571
6 49 -0.0245945
6 50 -0.0201693
6 51 -0.0154618
6 52 -0.0106579
6 53 -0.00774403
6 54 -0.00602472
6 55 -0.00659139
6 56 -0.00816508
6 57 -0.0104961
6 58 -0.0119002
6 59 -0.0126726
6 60 -0.0114129
6 61 -0.00952437
6 62 -0.00672187
6 63 -0.00468851
6 64 -0.00369184
6 65 -0.00501126
6 66 -0.00757812
6 67 -0.0120978
6 68 -0.0166047
6 69 -0.020941
6 70 -0.0235333
6 71 -0.024887
6 72 -0.0241574
6 73 -0.0228559
6 74 -0.0211238
6 75 -0.0205264
6 76 -0.0205832
6 77 -0.022367
6 78 -0.0245113
6 79 -0.0263356
6 80 -0.0269869
6 81 -0.0256648
6 82 -0.0214728
6 83 -0.0151044
6 84 -0.00714529
6 85 0.00186458
6 86 0.00997986
6 87 0.0167368
6 88 0.0208364
6 89 0.0232337
6 90 0.0229817
6 91 0.0216395
6 92 0.0196973
6 93 0.01787
6 94 0.0155681
6 95 0.0134358
6 96 0.010471
6 97 0.00607478
6 98 0.000348639
6 99 -0.00616965
6 100 -0.012007
6 101 -0.0173523
6 102 -0.0198217
6 103 -0.0195694
6 104 -0.0159317
6 105 -0.00999632
6 106 -0.00234343
6 107 0.00585483
6 108 0.0120204
6 109 0.0157009
6 110 0.0159694
6 111 0.0139066
6 112 0.00917709
6 113 0.00289622
6 114 -0.00336542
6 115 -0.00866723
6 116 -0.011917
6 117 -0.0136192
6 118 -0.0129053
6 119 0

7 0 0
7 1 -0.0142082
7 2 -0.0157402
7 3 -0.0144335
7 4 -0.0105258
7 5 -0.00405561
7 6 0.00374812
7 7 0.0110753
7 8 0.016656
7 9 0.0191713
7 10 0.0183457
7 11 0.0138175
7 12 0.00662413
7 13 -0.00161244
7 14 -0.00968892
7 15 -0.0159364
7 16 -0.0193649
7 17 -0.019224
7 18 -0.0164086
7 19 -0.0119775
7 20 -0.00660006
7 21 -0.000953133
7 22 0.0039317
7 23 0.0078718
7 24 0.0112165
7 25 0.0140403
7 26 0.0167976
7 27 0.0192691
7 28 0.0219644
7 29 0.0232825
7 30 0.0225934
7 31 0.019483
7 32 0.0135354
7 33 0.00529809
7 34 -0.00400947
7 35 -0.0127791
7 36 -0.0200933
7 37 -0.024812
7 38 -0.0267827
7 39 -0.0261905
7 40 -0.0244671
7 41 -0.0218374
7 42 -0.0199666
7 43 -0.0191554
7 44 -0.0194872
7 45 -0.0204291
7 46 -0.0214905
7 47 -0.0213661
7 48 -0.019846
7 49 -0.016569
7 50 -0.0119708
7 51 -0.00686127
7 52 -0.00217529
7 53 0.00123405
7 54 0.00282853
7 55 0.00258846
7 56 0.00105235
7 57 -0.000989485
7 58 -0.0025215
7 59 -0.00299807
7 60 -0.00204417
7 61 -3.72679e-05
7 62 0.00248838
7 63 0.00449823
7 64 0.00522466
7 65 0.00409061
7 66 0.00114755
7 67 -0.00312701
7 68 -0.00784106
7 69 -0.0121437
7 70 -0.0151799
7 71 -0.0166176
7 72 -0.0167665
7 73 -0.0159498
7 74 -0.0154121
7 75 -0.0157504
7 76 -0.0174287
7 77 -0.0204458
7 78 -0.024434
7 79 -0.0277688
7 80 -0.0301682
7 81 -0.0301595
7 82 -0.0274797
7 83 -0.0220798
7 84 -0.0149581
7 85 -0.00666436
7 86 0.00129116
7 87 0.00798818
7 88 0.0126605
7 89 0.0157143
7 90 0.0170796
7 91 0.0173244
7 92 0.0178103
7 93 0.0181712
7 94 0.0185693
7 95 0.0183049
7 96 0.016854
7 97 0.0130959
7 98 0.0069648
7 99 -0.000764372
7 100 -0.0088637
7 101 -0.016424
7 102 -0.021745
7 103 -0.0234444
7 104 -0.0214244
7 105 -0.0156815
7 106 -0.00744782
7 107 0.00217146
7 108 0.0107089
7 109 0.0166
7 110 0.019412
7 111 0.018833
7 112 0.0152676
7 113 0.00903665
7 114 0.00188375
7 115 -0.00483939
7 116 -0.0103429
7 117 -0.0140368
7 118 -0.0155803
7 119 0

8 0 0
8 1 -0.0163105
8 2 -0.0157222
8 3 -0.0124909
8 4 -0.00636276
8 5 0.00138081
8 6 0.00968274
8 7 0.016656
8 8 0.020785
8 9 0.0216372
8 10 0.0182026
8 11 0.0116685
8 12 0.00273933
8 13 -0.00640448
8 14 -0.0142601
8 15 -0.0197839
8 16 -0.0210744
8 17 -0.0189615
8 18 -0.0137674
8 19 -0.00734293
8 20 -0.000694547
8 21 0.00544147
8 22 0.0095788
8 23 0.0121949
8 24 0.0133752
8 25 0.0135997
8 26 0.0134887
8 27 0.0135538
8 28 0.0137443
8 29 0.0134392
8 30 0.0116427
8 31 0.00820375
8 32 0.00268066
8 33 -0.00467736
8 34 -0.0122766
8 35 -0.0193368
8 36 -0.024587
8 37 -0.0272512
8 38 -0.0270264
8 39 -0.0245596
8 40 -0.0206571
8 41 -0.0162654
8 42 -0.0126349
8 43 -0.0103962
8 44 -0.00931901
8 45 -0.00924354
8 46 -0.0094845
8 47 -0.00879548
8 48 -0.00715796
8 49 -0.00414828
8 50 0.000107367
8 51 0.00468063
8 52 0.00873589
8 53 0.0118774
8 54 0.0130691
8 55 0.0126349
8 56 0.0111979
8 57 0.00933909
8 58 0.00767398
8 59 0.00718403
8 60 0.00800128
8 61 0.0100003
8 62 0.0122081
8 63 0.0140121
8 64 0.0148389
8 65 0.0140632
8 66 0.0113642
8 67 0.00776955
8 68 0.00366845
8 69 -0.000117621
8 70 -0.00268197
8 71 -0.00391575
8 72 -0.00428268
8 73 -0.00381569
8 74 -0.0038196
8 75 -0.00498308
8 76 -0.0075411
8 77 -0.0117122
8 78 -0.0169567
8 79 -0.0219943
8 80 -0.025965
8 81 -0.027985
8 82 -0.0274132
8 83 -0.0243583
8 84 -0.0194345
8 85 -0.0136166
8 86 -0.00744568
8 87 -0.00236805
8 88 0.00142142
8 89 0.00416535
8 90 0.00594145
8 91 0.00752746
8 92 0.00974355
8 93 0.0126443
8 94 0.0158866
8 95 0.0184815
8 96 0.0193984
8 97 0.0178179
8 98 0.0126189
8 99 0.00523988
8 100 -0.00368242
8 101 -0.0126253
8 102 -0.0196679
8 103 -0.0236872
8 104 -0.0231364
8 105 -0.0188641
8 106 -0.011117
8 107 -0.00153328
8 108 0.00772504
8 109 0.0151168
8 110 0.0194039
8 111 0.0206258
8 112 0.0184075
8 113 0.0133797
8 114 0.00664554
8 115 -0.000303257
8 116 -0.00661401
8 117 -0.0117396
8 118 -0.0148439
8 119 0

9 0 0
9 1 -0.0149317
9 2 -0.0128429
9 3 -0.00801673
9 4 -0.00112418
9 5 0.0065976
9 6 0.0140568
9 7 0.0191713
9 8 0.0216372
9 9 0.0200546
9 10 0.0150467
9 11 0.00703477
9 12 -0.00210856
9 13 -0.0105457
9 14 -0.0173506
9 15 -0.0204042
9 16 -0.0199115
9 17 -0.0151335
9 18 -0.00863005
9 19 -0.000882392
9 20 0.00604778
9 21 0.0112153
9 22 0.0139856
9 23 0.0138794
9 24 0.0125978
9 25 0.0091703
9 26 0.00634776
9 27 0.00342547
9 28 0.00185238
9 29 0.000177684
9 30 -0.00156805
9 31 -0.0041536
9 32 -0.00810392
9 33 -0.0129787
9 34 -0.0179208
9 35 -0.0217163
9 36 -0.0243445
9 37 -0.0236702
9 38 -0.021434
9 39 -0.0165659
9 40 -0.0113031
9 41 -0.00528064
9 42 -0.000896669
9 43 0.00270336
9 44 0.00427329
9 45 0.00516129
9 46 0.00502999
9 47 0.00576705
9 48 0.00678848
9 49 0.00908953
9 50 0.0121992
9 51 0.015522
9 52 0.0184259
9 53 0.0206317
9 54 0.0211864
9 55 0.0204169
9 56 0.0189565
9 57 0.0168437
9 58 0.0154206
9 59 0.0149787
9 60 0.015505
9 61 0.0170123
9 62 0.0192561
9 63 0.0208452
9 64 0.021836
9 65 0.0214955
9 66 0.0196372
9 67 0.0170619
9 68 0.0142319
9 69 0.0115724
9 70 0.00989743
9 71 0.00941984
9 72 0.00938581
9 73 0.0100813
9 74 0.00986329
9 75 0.00875279
9 76 0.00561722
9 77 0.00139883
9 78 -0.00461515
9 79 -0.0102697
9 80 -0.0158924
9 81 -0.0193292
9 82 -0.0216892
9 83 -0.0210069
9 84 -0.0194902
9 85 -0.0165875
9 86 -0.0137338
9 87 -0.0110975
9 88 -0.00969639
9 89 -0.00840267
9 90 -0.00717084
9 91 -0.00530324
9 92 -0.00168678
9 93 0.00299842
9 94 0.00928827
9 95 0.0143217
9 96 0.0185768
9 97 0.0192577
9 98 0.0167478
9 99 0.0106146
9 100 0.00251421
9 101 -0.00635887
9 102 -0.0145911
9 103 -0.0198564
9 104 -0.0216652
9 105 -0.0189891
9 106 -0.0134349
9 107 -0.00513153
9 108 0.00326887
9 109 0.0108044
9 110 0.0159559
9 111 0.0184153
9 112 0.0182105
9 113 0.0148902
9 114 0.0102084
9 115 0.00418211
9 116 -0.00137648
9 117 -0.00684296
9 118 -0.0110071
9 119 0

10 0 0
10 1 -0.0107571
10 2 -0.00738214
10 3 -0.00230887
10 4 0.00405548
10 5 0.0104263
10 6 0.0154476
10 7 0.0183457
10 8 0.0182026
10 9 0.0150467
10 10 0.00868848
10 11 0.000686047
10 12 -0.00736972
10 13 -0.0141573
10 14 -0.0181195
10 15 -0.0189045
10 16 -0.0153025
10 17 -0.00893092
10 18 -0.00105289
10 19 0.00691858
10 20 0.0128917
10 21 0.0165036
10 22 0.0162594
10 23 0.0135623
10 24 0.00871897
10 25 0.00251707
10 26 -0.00332505
10 27 -0.00799029
10 28 -0.0111844
10 29 -0.0131691
10 30 -0.0142433
10 31 -0.0152436
10 32 -0.0163575
10 33 -0.0181527
10 34 -0.0189862
10 35 -0.0195317
10 36 -0.0185038
10 37 -0.0155127
10 38 -0.0108459
10 39 -0.00495694
10 40 0.0016245
10 41 0.00789812
10 42 0.0128038
10 43 0.0162696
10 44 0.0180951
10 45 0.018776
10 46 0.0184238
10 47 0.0186581
10 48 0.0186951
10 49 0.0196087
10 50 0.0211388
10 51 0.0229183
10 52 0.0240674
10 53 0.0252958
10 54 0.0247823
10 55 0.023644
10 56 0.0220069
10 57 0.0203074
10 58 0.0185688
10 59 0.0181892
10 60 0.0183751
10 61 0.0199309
10 62 0.021477
10 63 0.0229949
10 64 0.0240732
10 65 0.0245876
10 66 0.0234482
10 67 0.0224791
10 68 0.0209907
10 69 0.0198723
10 70 0.0194908
10 71 0.020128
10 72 0.0206727
10 73 0.0219487
10 74 0.022243
10 75 0.0215051
10 76 0.0190676
10 77 0.0152071
10 78 0.00972848
10 79 0.00378003
10 80 -0.00197718
10 81 -0.00687454
10 82 -0.0107617
10 83 -0.0130811
10 84 -0.0143621
10 85 -0.0155174
10 86 -0.0158946
10 87 -0.0169106
10 88 -0.0180408
10 89 -0.019127
10 90 -0.019175
10 91 -0.0178204
10 92 -0.0141143
10 93 -0.00818696
10 94 -0.000222685
10 95 0.00758868
10 96 0.014291
10 97 0.0186172
10 98 0.0187056
10 99 0.0155458
10 100 0.00907261
10 101 0.00130675
10 102 -0.00680353
10 103 -0.0134176
10 104 -0.0167102
10 105 -0.0167885
10 106 -0.0136299
10 107 -0.00832866
10 108 -0.00184768
10 109 0.00431743
10 110 0.00923114
10 111 0.0124684
10 112 0.0138107
10 113 0.0132214
10 114 0.0109285
10 115 0.00777321
10 116 0.00387287
10 117 -0.000350371
10 118 -0.00454476
10 119 0

11 0 0
11 1 -0.0046583
11 2 -0.000963597
11 3 0.00344778
11 4 0.00828097
11 5 0.0118748
11 6 0.0141033
11 7 0.0138175
11 8 0.0116685
11 9 0.00703477
11 10 0.000686047
11 11 -0.00618626
11 12 -0.0120541
11 13 -0.0157055
11 14 -0.0169055
11 15 -0.0143738
11 16 -0.00904397
11 17 -0.00108748
11 18 0.00664195
11 19 0.0139156
11 20 0.0184752
11 21 0.0194529
11 22 0.0170289
11 23 0.0111457
11 24 0.00411467
11 25 -0.004874
11 26 -0.01231
11 27 -0.018397
11 28 -0.0219199
11 29 -0.0235214
11 30 -0.023124
11 31 -0.0217029
11 32 -0.0200765
11 33 -0.0181739
11 34 -0.0158411
11 35 -0.0127851
11 36 -0.0094684
11 37 -0.00404406
11 38 0.00129376
11 39 0.00779151
11 40 0.0137674
11 41 0.0195535
11 42 0.0233905
11 43 0.0264026
11 44 0.0274093
11 45 0.0276209
11 46 0.0266033
11 47 0.0259167
11 48 0.0248205
11 49 0.0242708
11 50 0.0241646
11 51 0.0240659
11 52 0.0238063
11 53 0.0235812
11 54 0.0224659
11 55 0.0209189
11 56 0.0194918
11 57 0.0176508
11 58 0.0164741
11 59 0.0160501
11 60 0.0160645
11 61 0.0168311
11 62 0.0183043
11 63 0.0193639
11 64 0.0206331
11 65 0.0214775
11 66 0.0215767
11 67 0.0217317
11 68 0.0219326
11 69 0.0221836
11 70 0.023147
11 71 0.0247219
11 72 0.0262052
11 73 0.0280974
11 74 0.0290914
11 75 0.0293506
11 76 0.0278724
11 77 0.0255429
11 78 0.0213429
11 79 0.0167421
11 80 0.0113776
11 81 0.00674235
11 82 0.00146363
11 83 -0.00219981
11 84 -0.00626938
11 85 -0.00992359
11 86 -0.0137841
11 87 -0.0175205
11 88 -0.0217938
11 89 -0.025198
11 90 -0.0272594
11 91 -0.027064
11 92 -0.0239557
11 93 -0.0180327
11 94 -0.00902013
11 95 -0.000208977
11 96 0.0088868
11 97 0.0151983
11 98 0.0186875
11 99 0.0180658
11 100 0.014469
11 101 0.00877587
11 102 0.00165998
11 103 -0.00484042
11 104 -0.00970322
11 105 -0.0118015
11 106 -0.0121021
11 107 -0.0100524
11 108 -0.00704918
11 109 -0.00301092
11 110 0.000467024
11 111 0.0037442
11 112 0.00656728
11 113 0.00826675
11 114 0.0095755
11 115 0.00925915
11 116 0.00867638
11 117 0.00619943
11 118 0.00288764
11 119 0

12 0 0
12 1 0.0018516
12 2 0.00506055
12 3 0.00793964
12 4 0.00996348
12 5 0.0106506
12 6 0.00934303
12 7 0.00662413
12 8 0.00273933
12 9 -0.00210856
12 10 -0.00736972
12 11 -0.0120541
12 12 -0.0145844
12 13 -0.0149856
12 14 -0.012688
12 15 -0.00790026
12 16 -0.000847524
12 17 0.00703651
12 18 0.0139247
12 19 0.0193497
12 20 0.0213977
12 21 0.0199159
12 22 0.0146193
12 23 0.0070368
12 24 -0.00196474
12 25 -0.0115823
12 26 -0.0196956
12 27 -0.0254505
12 28 -0.028503
12 29 -0.0289413
12 30 -0.0267157
12 31 -0.0230798
12 32 -0.0185021
12 33 -0.0137655
12 34 -0.00824065
12 35 -0.00314444
12 36 0.00218202
12 37 0.00791011
12 38 0.0133478
12 39 0.0185084
12 40 0.0232596
12 41 0.027007
12 42 0.0293644
12 43 0.0306787
12 44 0.0306886
12 45 0.0298945
12 46 0.0281861
12 47 0.0266533
12 48 0.0245455
12 49 0.0227121
12 50 0.0210589
12 51 0.0195319
12 52 0.0177488
12 53 0.0166292
12 54 0.0148532
12 55 0.0134073
12 56 0.0121316
12 57 0.0109954
12 58 0.00994918
12 59 0.00977351
12 60 0.00942911
12 61 0.00995799
12 62 0.010589
12 63 0.0113715
12 64 0.012354
12 65 0.0136985
12 66 0.0144445
12 67 0.015922
12 68 0.017242
12 69 0.0188106
12 70 0.0207101
12 71 0.023077
12 72 0.0250747
12 73 0.0275157
12 74 0.0292863
12 75 0.0305686
12 76 0.0307681
12 77 0.0302041
12 78 0.0283286
12 79 0.0255532
12 80 0.0221685
12 81 0.0183357
12 82 0.0137234
12 83 0.00913488
12 84 0.00415616
12 85 -0.0017103
12 86 -0.00747756
12 87 -0.0137401
12 88 -0.0199613
12 89 -0.0256785
12 90 -0.0295053
12 91 -0.0311149
12 92 -0.0296258
12 93 -0.0248248
12 94 -0.0168053
12 95 -0.00775895
12 96 0.00165744
12 97 0.0100079
12 98 0.0156663
12 99 0.0183089
12 100 0.0176563
12 101 0.0148896
12 102 0.00983241
12 103 0.00414863
12 104 -0.000994333
12 105 -0.00499589
12 106 -0.00792092
12 107 -0.00980987
12 108 -0.0102189
12 109 -0.00965148
12 110 -0.00821628
12 111 -0.00604125
12 112 -0.00280141
12 113 0.00106748
12 114 0.00500748
12 115 0.00857221
12 116 0.0110082
12 117 0.0116346
12 118 0.00990048
12 119 0

13 0 0
13 1 0.00766883
13 2 0.0100716
13 3 0.0106718
13 4 0.0101774
13 5 0.00737469
13 6 0.00331533
13 7 -0.00161244
13 8 -0.00640448
13 9 -0.0105457
13 10 -0.0141573
13 11 -0.0157055
13 12 -0.0149856
13 13 -0.0119305
13 14 -0.00704293
13 15 -0.000637596
13 16 0.00666314
13 17 0.0134806
13 18 0.0184668
13 19 0.0213556
13 20 0.021079
13 21 0.0171735
13 22 0.010603
13 23 0.00206885
13 24 -0.00681156
13 25 -0.0157954
13 26 -0.0228661
13 27 -0.0271224
13 28 -0.0288454
13 29 -0.0275488
13 30 -0.0237173
13 31 -0.0182029
13 32 -0.0119647
13 33 -0.00529718
13 34 0.0013915
13 35 0.00748697
13 36 0.0128109
13 37 0.0178028
13 38 0.0216066
13 39 0.0245016
13 40 0.0266161
13 41 0.0276284
13 42 0.0276285
13 43 0.0269764
13 44 0.0257197
13 45 0.0239883
13 46 0.0219157
13 47 0.019767
13 48 0.0172641
13 49 0.0145221
13 50 0.01196
13 51 0.00929345
13 52 0.00679401
13 53 0.00489118
13 54 0.00319037
13 55 0.00197368
13 56 0.00143699
13 57 0.000916679
13 58 0.000605495
13 59 0.000486925
13 60 0.000128654
13 61 -4.0923e-05
13 62 -7.064e-06
13 63 3.47286e-05
13 64 0.000751792
13 65 0.00195002
13 66 0.00335996
13 67 0.00538566
13 68 0.0076225
13 69 0.00981848
13 70 0.0122976
13 71 0.0146709
13 72 0.0168768
13 73 0.0192284
13 74 0.0215191
13 75 0.0236358
13 76 0.0254864
13 77 0.0269932
13 78 0.0277773
13 79 0.0276395
13 80 0.0268219
13 81 0.0250381
13 82 0.0219291
13 83 0.0182184
13 84 0.0134168
13 85 0.00756696
13 86 0.00113963
13 87 -0.00570619
13 88 -0.0129406
13 89 -0.0197354
13 90 -0.0251995
13 91 -0.028355
13 92 -0.0291151
13 93 -0.0263253
13 94 -0.0204592
13 95 -0.0130717
13 96 -0.00449226
13 97 0.00376661
13 98 0.0108224
13 99 0.0154909
13 100 0.0177818
13 101 0.0179089
13 102 0.0156581
13 103 0.0116325
13 104 0.0071765
13 105 0.00229284
13 106 -0.00276277
13 107 -0.00766023
13 108 -0.0118165
13 109 -0.0142508
13 110 -0.0156847
13 111 -0.0147714
13 112 -0.0117795
13 113 -0.00666366
13 114 -0.000133605
13 115 0.00616212
13 116 0.0120885
13 117 0.0151898
13 118 0.0154927
13 119 0

14 0 0
14 1 0.0124695
14 2 0.0131902
14 3 0.011863
14 4 0.00812294
14 5 0.00292524
14 6 -0.00360903
14 7 -0.00968892
14 8 -0.0142601
14 9 -0.0173506
14 10 -0.0181195
14 11 -0.0169055
14 12 -0.012688
14 13 -0.00704293
14 14 -0.000400959
14 15 0.00663274
14 16 0.0128184
14 17 0.0177038
14 18 0.019802
14 19 0.0199289
14 20 0.0171239
14 21 0.0117547
14 22 0.00466184
14 23 -0.00296433
14 24 -0.0103336
14 25 -0.0169179
14 26 -0.0214499
14 27 -0.0235215
14 28 -0.0230998
14 29 -0.0204388
14 30 -0.0152353
14 31 -0.00903972
14 32 -0.00210532
14 33 0.00471899
14 34 0.0112571
14 35 0.016485
14 36 0.0205658
14 37 0.0234426
14 38 0.024661
14 39 0.0245078
14 40 0.02339
14 41 0.0213281
14 42 0.0187119
14 43 0.0163272
14 44 0.0138686
14 45 0.0117913
14 46 0.00969571
14 47 0.00770865
14 48 0.00519953
14 49 0.00256347
14 50 -0.000486067
14 51 -0.00344968
14 52 -0.00634797
14 53 -0.00827737
14 54 -0.00969252
14 55 -0.00998302
14 56 -0.0098037
14 57 -0.00930535
14 58 -0.00891362
14 59 -0.008548
14 60 -0.00920833
14 61 -0.00990641
14 62 -0.0107316
14 63 -0.0112701
14 64 -0.0113754
14 65 -0.0104005
14 66 -0.00895418
14 67 -0.00657928
14 68 -0.00417023
14 69 -0.00168559
14 70 0.00039338
14 71 0.00240155
14 72 0.00396961
14 73 0.00580928
14 74 0.00781678
14 75 0.0104969
14 76 0.0133858
14 77 0.0168895
14 78 0.0201409
14 79 0.0228194
14 80 0.0247405
14 81 0.0255542
14 82 0.0247729
14 83 0.0229291
14 84 0.0198451
14 85 0.0153607
14 86 0.0101039
14 87 0.00403562
14 88 -0.00249557
14 89 -0.00941112
14 90 -0.015228
14 91 -0.0198988
14 92 -0.0225567
14 93 -0.0226567
14 94 -0.0199459
14 95 -0.0155358
14 96 -0.00948554
14 97 -0.00263658
14 98 0.00431864
14 99 0.010225
14 100 0.0146535
14 101 0.0177602
14 102 0.0181846
14 103 0.0168965
14 104 0.0136362
14 105 0.00921618
14 106 0.00316393
14 107 -0.00393905
14 108 -0.0105448
14 109 -0.0162949
14 110 -0.019992
14 111 -0.0213754
14 112 -0.0192233
14 113 -0.0138798
14 114 -0.00621437
14 115 0.00252931
14 116 0.0106697
14 117 0.0167288
14 118 0.01892
14 119 0

15 0 0
15 1 0.0152301
15 2 0.0146099
15 3 0.0107405
15 4 0.00508871
15 5 -0.00230553
15 6 -0.00989313
15 7 -0.0159364
15 8 -0.0197839
15 9 -0.0204042
15 10 -0.0189045
15 11 -0.0143738
15 12 -0.00790026
15 13 -0.000637596
15 14 0.00663274
15 15 0.0124015
15 16 0.016821
15 17 0.0182556
15 18 0.0175473
15 19 0.0146266
15 20 0.0100735
15 21 0.00404094
15 22 -0.00224318
15 23 -0.00769671
15 24 -0.0123225
15 25 -0.0150773
15 26 -0.0165451
15 27 -0.0153456
15 28 -0.0132675
15 29 -0.00913743
15 30 -0.00387365
15 31 0.0020144
15 32 0.00803857
15 33 0.0137715
15 34 0.0187593
15 35 0.0220604
15 36 0.0241183
15 37 0.0239427
15 38 0.0224134
15 39 0.0187512
15 40 0.0148077
15 41 0.00970486
15 42 0.00538162
15 43 0.00135696
15 44 -0.0012728
15 45 -0.00339433
15 46 -0.00450432
15 47 -0.00588603
15 48 -0.00729097
15 49 -0.00957475
15 50 -0.0121852
15 51 -0.0150059
15 52 -0.0175262
15 53 -0.0192642
15 54 -0.0198463
15 55 -0.0192949
15 56 -0.0179672
15 57 -0.0162861
15 58 -0.0151129
15 59 -0.0146004
15 60 -0.0151401
15 61 -0.0163464
15 62 -0.0181121
15 63 -0.0195415
15 64 -0.0202964
15 65 -0.0199427
15 66 -0.0185801
15 67 -0.0164594
15 68 -0.0142171
15 69 -0.0121897
15 70 -0.0106703
15 71 -0.00998327
15 72 -0.0094545
15 73 -0.00905651
15 74 -0.00767547
15 75 -0.00551798
15 76 -0.00184564
15 77 0.00250512
15 78 0.0078937
15 79 0.0125393
15 80 0.0172615
15 81 0.0202347
15 82 0.022312
15 83 0.0224744
15 84 0.021894
15 85 0.0196681
15 86 0.0168422
15 87 0.012978
15 88 0.0085411
15 89 0.00310198
15 90 -0.00241323
15 91 -0.00738914
15 92 -0.0121627
15 93 -0.0147664
15 94 -0.0160493
15 95 -0.0151061
15 96 -0.0128604
15 97 -0.00849857
15 98 -0.00316089
15 99 0.00281411
15 100 0.00850549
15 101 0.0136273
15 102 0.0172455
15 103 0.0184048
15 104 0.0179661
15 105 0.0146222
15 106 0.00923815
15 107 0.00136857
15 108 -0.00694527
15 109 -0.0145942
15 110 -0.0209324
15 111 -0.0241199
15 112 -0.0238899
15 113 -0.0191691
15 114 -0.0114739
15 115 -0.0018591
15 116 0.00795587
15 117 0.0157259
15 118 0.0200395
15 119 0

16 0 0
16 1 0.0161216
16 2 0.0135752
16 3 0.00858959
16 4 0.00108446
16 5 -0.00666544
16 6 -0.0142597
16 7 -0.0193649
16 8 -0.0210744
16 9 -0.0199115
16 10 -0.0153025
16 11 -0.00904397
16 12 -0.000847524
16 13 0.00666314
16 14 0.0128184
16 15 0.016821
16 16 0.0174911
16 17 0.0157119
16 18 0.0111621
16 19 0.00586407
16 20 -0.000140727
16 21 -0.00577837
16 22 -0.00997976
16 23 -0.0121885
16 24 -0.0126139
16 25 -0.0112637
16 26 -0.00859451
16 27 -0.00502493
16 28 -0.000933588
16 29 0.00323986
16 30 0.00818029
16 31 0.0123729
16 32 0.016636
16 33 0.0200988
16 34 0.0225651
16 35 0.0234629
16 36 0.0228287
16 37 0.0202205
16 38 0.015784
16 39 0.00979464
16 40 0.00313881
16 41 -0.00362936
16 42 -0.00956962
16 43 -0.0135581
16 44 -0.0161829
16 45 -0.0169818
16 46 -0.0168941
16 47 -0.0166405
16 48 -0.0169776
16 49 -0.017755
16 50 -0.0198228
16 51 -0.0218716
16 52 -0.0239445
16 53 -0.0249798
16 54 -0.024839
16 55 -0.0230463
16 56 -0.0208426
16 57 -0.0180872
16 58 -0.0160992
16 59 -0.0150531
16 60 -0.0158414
16 61 -0.0175882
16 62 -0.0201351
16 63 -0.0221811
16 64 -0.023885
16 65 -0.0240246
16 66 -0.0230973
16 67 -0.0212555
16 68 -0.0195867
16 69 -0.0180461
16 70 -0.0179698
16 71 -0.018474
16 72 -0.0197308
16 73 -0.0209
16 74 -0.0212765
16 75 -0.0197797
16 76 -0.016894
16 77 -0.0118428
16 78 -0.00580036
16 79 0.000518363
16 80 0.00648436
16 81 0.0114861
16 82 0.0151714
16 83 0.0176828
16 84 0.0192992
16 85 0.0200721
16 86 0.0201178
16 87 0.0193346
16 88 0.0179453
16 89 0.0147654
16 90 0.0110545
16 91 0.00613621
16 92 0.000750889
16 93 -0.00466342
16 94 -0.009302
16 95 -0.012854
16 96 -0.0146413
16 97 -0.0142728
16 98 -0.0112537
16 99 -0.00645008
16 100 -0.000483411
16 101 0.00642879
16 102 0.0121343
16 103 0.0168135
16 104 0.0186756
16 105 0.0181715
16 106 0.0142689
16 107 0.00724566
16 108 -0.000952676
16 109 -0.00985095
16 110 -0.0172106
16 111 -0.0226792
16 112 -0.0241282
16 113 -0.0213425
16 114 -0.0148758
16 115 -0.0056903
16 116 0.00402385
16 117 0.0129738
16 118 0.0183819
16 119 0

17 0 0
17 1 0.014777
17 2 0.0111956
17 3 0.00499354
17 4 -0.00261235
17 5 -0.0099997
17 6 -0.0162684
17 7 -0.019224
17 8 -0.0189615
17 9 -0.0151335
17 10 -0.00893092
17 11 -0.00108748
17 12 0.00703651
17 13 0.0134806
17 14 0.0177038
17 15 0.0182556
17 16 0.0157119
17 17 0.00974427
17 18 0.00258897
17 19 -0.00495158
17 20 -0.0113794
17 21 -0.015868
17 22 -0.0175441
17 23 -0.0157865
17 24 -0.0122108
17 25 -0.00618492
17 26 -0.000197101
17 27 0.00611145
17 28 0.010811
17 29 0.0148788
17 30 0.0178903
17 31 0.0198013
17 32 0.0212789
17 33 0.0220836
17 34 0.0220795
17 35 0.0205984
17 36 0.0181938
17 37 0.0133659
17 38 0.00745296
17 39 -0.00034691
17 40 -0.00786064
17 41 -0.0156734
17 42 -0.0212731
17 43 -0.0250754
17 44 -0.026279
17 45 -0.025789
17 46 -0.0235787
17 47 -0.0217891
17 48 -0.0201547
17 49 -0.0198398
17 50 -0.0207972
17 51 -0.0222413
17 52 -0.0235697
17 53 -0.0242417
17 54 -0.0232334
17 55 -0.020721
17 56 -0.0175363
17 57 -0.0138809
17 58 -0.011264
17 59 -0.0101521
17 60 -0.0108
17 61 -0.0129545
17 62 -0.0161931
17 63 -0.0189692
17 64 -0.021171
17 65 -0.0218924
17 66 -0.0210956
17 67 -0.0196926
17 68 -0.0184091
17 69 -0.0176944
17 70 -0.0185563
17 71 -0.0208413
17 72 -0.0236239
17 73 -0.0269179
17 74 -0.0288105
17 75 -0.0290358
17 76 -0.0268798
17 77 -0.0228416
17 78 -0.0166259
17 79 -0.0104669
17 80 -0.00376448
17 81 0.00154466
17 82 0.00647184
17 83 0.00978569
17 84 0.0132885
17 85 0.016137
17 86 0.0191353
17 87 0.02156
17 88 0.0236536
17 89 0.0237239
17 90 0.0221169
17 91 0.0185788
17 92 0.0126534
17 93 0.00575772
17 94 -0.0022685
17 95 -0.00917752
17 96 -0.0153964
17 97 -0.0185124
17 98 -0.0187782
17 99 -0.0157244
17 100 -0.0103985
17 101 -0.00319367
17 102 0.00459147
17 103 0.0113842
17 104 0.0166018
17 105 0.0187103
17 106 0.0178365
17 107 0.0129314
17 108 0.00607515
17 109 -0.00225359
17 110 -0.0102822
17 111 -0.0168785
17 112 -0.0206561
17 113 -0.0200472
17 114 -0.0160971
17 115 -0.00867559
17 116 -0.000179137
17 117 0.0085057
17 118 0.0148078
17 119 0

18 0 0
18 1 0.0122059
18 2 0.00760069
18 3 0.00155283
18 4 -0.00556342
18 5 -0.0114231
18 6 -0.0155771
18 7 -0.0164086
18 8 -0.0137674
18 9 -0.00863005
18 10 -0.00105289
18 11 0.00664195
18 12 0.0139247
18 13 0.0184668
18 14 0.019802
18 15 0.0175473
18 16 0.0111621
18 17 0.00258897
18 18 -0.00707093
18 19 -0.0153837
18 20 -0.0214692
18 21 -0.0241483
18 22 -0.0225136
18 23 -0.0172125
18 24 -0.00948449
18 25 -0.000219525
18 26 0.00859249
18 27 0.0156788
18 28 0.020412
18 29 0.0226891
18 30 0.0234622
18 31 0.0222675
18 32 0.0208405
18 33 0.019011
18 34 0.0165853
18 35 0.0136279
18 36 0.00988715
18 37 0.00463483
18 38 -0.00184857
18 39 -0.00927613
18 40 -0.0168022
18 41 -0.0236374
18 42 -0.0285579
18 43 -0.0305876
18 44 -0.0303716
18 45 -0.0276275
18 46 -0.0235643
18 47 -0.0196772
18 48 -0.0166281
18 49 -0.0147998
18 50 -0.0150872
18 51 -0.0158671
18 52 -0.0168457
18 53 -0.0170958
18 54 -0.0157244
18 55 -0.0126065
18 56 -0.00894602
18 57 -0.00473969
18 58 -0.001691
18 59 -0.000370853
18 60 -0.00113614
18 61 -0.00363361
18 62 -0.00729677
18 63 -0.0104295
18 64 -0.0130458
18 65 -0.0139558
18 66 -0.0133065
18 67 -0.0120124
18 68 -0.0110374
18 69 -0.0106996
18 70 -0.0126722
18 71 -0.0160758
18 72 -0.0205834
18 73 -0.0255219
18 74 -0.0294484
18 75 -0.031099
18 76 -0.0307981
18 77 -0.0277884
18 78 -0.0230636
18 79 -0.0176479
18 80 -0.0122785
18 81 -0.00746716
18 82 -0.0033522
18 83 0.000196031
18 84 0.00399874
18 85 0.00850969
18 86 0.013418
18 87 0.0186989
18 88 0.0240134
18 89 0.027285
18 90 0.0286812
18 91 0.0270469
18 92 0.022363
18 93 0.0147923
18 94 0.00535611
18 95 -0.00450794
18 96 -0.0136367
18 97 -0.0205474
18 98 -0.0235802
18 99 -0.0230166
18 100 -0.019145
18 101 -0.0122612
18 102 -0.0041512
18 103 0.00458486
18 104 0.011585
18 105 0.0166905
18 106 0.0185323
18 107 0.0166595
18 108 0.0122166
18 109 0.00549326
18 110 -0.00163078
18 111 -0.00883994
18 112 -0.0139651
18 113 -0.0160173
18 114 -0.0147296
18 115 -0.0102505
18 116 -0.00395673
18 117 0.00351434
18 118 0.00968167
18 119 0

19 0 0
19 1 0.00817341
19 2 0.00281417
19 3 -0.00295272
19 4 -0.00883096
19 5 -0.0123844
19 6 -0.0139302
19 7 -0.0119775
19 8 -0.00734293
19 9 -0.000882392
19 10 0.00691858
19 11 0.0139156
19 12 0.0193497
19 13 0.0213556
19 14 0.0199289
19 15 0.0146266
19 16 0.00586407
19 17 -0.00495158
19 18 -0.0153837
19 19 -0.0238127
19 20 -0.0288396
19 21 -0.0293056
19 22 -0.025074
19 23 -0.0165169
19 24 -0.00611846
19 25 0.00553048
19 26 0.0155144
19 27 0.0225492
19 28 0.0258632
19 29 0.0259741
19 30 0.0236753
19 31 0.019595
19 32 0.015542
19 33 0.011701
19 34 0.00814324
19 35 0.00464651
19 36 0.00124713
19 37 -0.0033075
19 38 -0.0085205
19 39 -0.0145481
19 40 -0.0202868
19 41 -0.0255108
19 42 -0.0284222
19 43 -0.0286688
19 44 -0.0264075
19 45 -0.0218791
19 46 -0.0159246
19 47 -0.0106687
19 48 -0.006356
19 49 -0.00381381
19 50 -0.0035709
19 51 -0.00430447
19 52 -0.00522075
19 53 -0.0056328
19 54 -0.00422478
19 55 -0.00112564
19 56 0.0027125
19 57 0.00700965
19 58 0.0101971
19 59 0.0114436
19 60 0.0106772
19 61 0.00797992
19 62 0.00417927
19 63 0.000862912
19 64 -0.0017117
19 65 -0.00256922
19 66 -0.00162748
19 67 -0.000178675
19 68 0.00101514
19 69 0.00118277
19 70 -0.00110187
19 71 -0.00528514
19 72 -0.0106643
19 73 -0.0169596
19 74 -0.0221792
19 75 -0.0254283
19 76 -0.0265897
19 77 -0.0254203
19 78 -0.0223472
19 79 -0.019007
19 80 -0.0155693
19 81 -0.0128393
19 82 -0.0104176
19 83 -0.00842618
19 84 -0.00533215
19 85 -0.00101935
19 86 0.00476377
19 87 0.011669
19 88 0.0193575
19 89 0.0255916
19 90 0.0297718
19 91 0.0306725
19 92 0.027754
19 93 0.0209329
19 94 0.0110831
19 95 0.000254282
19 96 -0.0109761
19 97 -0.0199389
19 98 -0.0255777
19 99 -0.0271444
19 100 -0.0251591
19 101 -0.0197506
19 102 -0.0119497
19 103 -0.00294235
19 104 0.00547681
19 105 0.0126171
19 106 0.0173835
19 107 0.0186731
19 108 0.0173468
19 109 0.0129667
19 110 0.00738422
19 111 0.000249577
19 112 -0.00625437
19 113 -0.0107385
19 114 -0.0129395
19 115 -0.0116196
19 116 -0.0084502
19 117 -0.00253152
19 118 0.00342275
19 119 0

20 0 0
20 1 0.00338189
20 2 -0.00207085
20 3 -0.00707435
20 4 -0.0106291
20 5 -0.0119973
20 6 -0.01056
20 7 -0.00660006
20 8 -0.000694547
20 9 0.00604778
20 10 0.0128917
20 11 0.0184752
20 12 0.0213977
20 13 0.021079
20 14 0.0171239
20 15 0.0100735
20 16 -0.000140727
20 17 -0.0113794
20 18 -0.0214692
20 19 -0.0288396
20 20 -0.0318842
20 21 -0.0303807
20 22 -0.0234307
20 23 -0.0131312
20 24 -0.00101925
20 25 0.0110803
20 26 0.0207113
20 27 0.0262536
20 28 0.0272341
20 29 0.0246171
20 30 0.019257
20 31 0.0127525
20 32 0.0065394
20 33 0.00190816
20 34 -0.00201414
20 35 -0.00445548
20 36 -0.00644456
20 37 -0.0087214
20 38 -0.0116579
20 39 -0.0149385
20 40 -0.018333
20 41 -0.0210883
20 42 -0.0218183
20 43 -0.0201733
20 44 -0.0162015
20 45 -0.0102678
20 46 -0.00317547
20 47 0.00280711
20 48 0.00771631
20 49 0.0102072
20 50 0.010377
20 51 0.00916569
20 52 0.00794511
20 53 0.00682665
20 54 0.00788665
20 55 0.0103838
20 56 0.0140426
20 57 0.0179176
20 58 0.021117
20 59 0.0220546
20 60 0.0213797
20 61 0.0184605
20 62 0.0148964
20 63 0.0115967
20 64 0.00951334
20 65 0.00893268
20 66 0.0105939
20 67 0.0124152
20 68 0.014274
20 69 0.0147654
20 70 0.0129321
20 71 0.00860581
20 72 0.00311542
20 73 -0.00369117
20 74 -0.00954954
20 75 -0.0138191
20 76 -0.0161094
20 77 -0.0165648
20 78 -0.0154362
20 79 -0.0142606
20 80 -0.0135285
20 81 -0.0134665
20 82 -0.0139154
20 83 -0.0143483
20 84 -0.0135221
20 85 -0.010334
20 86 -0.00534689
20 87 0.00218006
20 88 0.0109018
20 89 0.0193321
20 90 0.0257922
20 91 0.02946
20 92 0.0288715
20 93 0.0240569
20 94 0.0154615
20 95 0.00499314
20 96 -0.0062775
20 97 -0.0165418
20 98 -0.0234429
20 99 -0.0271555
20 100 -0.0270664
20 101 -0.0238289
20 102 -0.0175245
20 103 -0.00953598
20 104 -0.00124227
20 105 0.00674476
20 106 0.0132645
20 107 0.0175205
20 108 0.0189705
20 109 0.0179492
20 110 0.0143789
20 111 0.00867311
20 112 0.0018101
20 113 -0.00459463
20 114 -0.00933208
20 115 -0.011909
20 116 -0.0115391
20 117 -0.00835271
20 118 -0.00307521
20 119 0

21 0 0
21 1 -0.00177818
