0 0 0
0 1 0
0 2 0
0 3 0
0 4 0
0 5 0
0 6 0
0 7 0
0 8 0
0 9 0
0 10 0
0 11 0
0 12 0
0 13 0
0 14 0
0 15 0
0 16 0
0 17 0
0 18 0
0 19 0
0 20 0
0 21 0
0 22 0
0 23 0
0 24 0
0 25 0
0 26 0
0 27 0
0 28 0
0 29 0
0 30 0
0 31 0
0 32 0
0 33 0
0 34 0
0 35 0
0 36 0
0 37 0
0 38 0
0 39 0
0 40 0
0 41 0
0 42 0
0 43 0
0 44 0
0 45 0
0 46 0
0 47 0
0 48 0
0 49 0
0 50 0
0 51 0
0 52 0
0 53 0
0 54 0
0 55 0
0 56 0
0 57 0
0 58 0
0 59 0
0 60 0
0 61 0
0 62 0
0 63 0
0 64 0
0 65 0
0 66 0
0 67 0
0 68 0
0 69 0
0 70 0
0 71 0
0 72 0
0 73 0
0 74 0
0 75 0
0 76 0
0 77 0
0 78 0
0 79 0
0 80 0
0 81 0
0 82 0
0 83 0
0 84 0
0 85 0
0 86 0
0 87 0
0 88 0
0 89 0
0 90 0
0 91 0
0 92 0
0 93 0
0 94 0
0 95 0
0 96 0
0 97 0
0 98 0
0 99 0
0 100 0
0 101 0
0 102 0
0 103 0
0 104 0
0 105 0
0 106 0
0 107 0
0 108 0
0 109 0
0 110 0
0 111 0
0 112 0
0 113 0
0 114 0
0 115 0
0 116 0
0 117 0
0 118 0
0 119 0

1 0 0
1 1 0.0201738
1 2 0.0178951
1 3 0.0123333
1 4 0.00538097
1 5 -0.00288135
1 6 -0.0100797
1 7 -0.0154542
1 8 -0.018076
1 9 -0.0169796
1 10 -0.0131074
1 11 -0.00662671
1 12 0.000593856
1 13 0.00743087
1 14 0.0125329
1 15 0.0155165
1 16 0.0163333
1 17 0.0151876
1 18 0.0128538
1 19 0.00877242
1 20 0.0042117
1 21 -0.00120458
1 22 -0.00632033
1 23 -0.0107957
1 24 -0.0149039
1 25 -0.0180235
1 26 -0.0206715
1 27 -0.0216047
1 28 -0.021236
1 29 -0.0192563
1 30 -0.0163861
1 31 -0.0125544
1 32 -0.0080305
1 33 -0.00281112
1 34 0.00233534
1 35 0.00678418
1 36 0.0112788
1 37 0.0150824
1 38 0.0185054
1 39 0.0209098
1 40 0.0226663
1 41 0.0234141
1 42 0.0236918
1 43 0.0225182
1 44 0.0208106
1 45 0.0187671
1 46 0.0164922
1 47 0.0139759
1 48 0.0121263
1 49 0.0106747
1 50 0.00943312
1 51 0.00845722
1 52 0.00754522
1 53 0.00640785
1 54 0.00487604
1 55 0.00312803
1 56 0.00121465
1 57 -0.000406874
1 58 -0.00173836
1 59 -0.0023157
1 60 -0.00217118
1 61 -0.00126731
1 62 -7.97681e-05
1 63 0.00141759
1 64 0.00274066
1 65 0.00388508
1 66 0.004631
1 67 0.0052191
1 68 0.00588219
1 69 0.00692053
1 70 0.00820651
1 71 0.0100522
1 72 0.012638
1 73 0.0151982
1 74 0.0176385
1 75 0.0199999
1 76 0.0219661
1 77 0.0227431
1 78 0.0231876
1 79 0.0228282
1 80 0.0219099
1 81 0.0200367
1 82 0.0177659
1 83 0.0146402
1 84 0.0113882
1 85 0.00699386
1 86 0.00218685
1 87 -0.00262525
1 88 -0.00720125
1 89 -0.0116313
1 90 -0.015617
1 91 -0.0186641
1 92 -0.0206673
1 93 -0.0211719
1 94 -0.0211077
1 95 -0.0195799
1 96 -0.0171646
1 97 -0.0129533
1 98 -0.00760223
1 99 -0.00163878
1 100 0.00471916
1 101 0.0104417
1 102 0.0155022
1 103 0.0186804
1 104 0.0195473
1 105 0.0171005
1 106 0.0120178
1 107 0.00459065
1 108 -0.00347699
1 109 -0.0105289
1 110 -0.0160187
1 111 -0.0179397
1 112 -0.0173423
1 113 -0.0134502
1 114 -0.00725573
1 115 -0.000227996
1 116 0.00768388
1 117 0.0137405
1 118 0.0182706
1 119 0

2 0 0
2 1 0.0178951
2 2 0.0138911
2 3 0.00779842
2 4 0.000479763
2 5 -0.00669666
2 6 -0.0125193
2 7 -0.0161137
2 8 -0.0164682
2 9 -0.0139327
2 10 -0.00860895
2 11 -0.0018613
2 12 0.00481554
2 13 0.0105119
2 14 0.0137141
2 15 0.015013
2 16 0.0140763
2 17 0.0116494
2 18 0.00808206
2 19 0.0031591
2 20 -0.00199265
2 21 -0.00755381
2 22 -0.0119623
2 23 -0.0154544
2 24 -0.0178762
2 25 -0.0189352
2 26 -0.0190295
2 27 -0.0172682
2 28 -0.0140999
2 29 -0.010174
2 30 -0.00614337
2 31 -0.00174013
2 32 0.00211632
2 33 0.0058797
2 34 0.00902594
2 35 0.0112083
2 36 0.0135347
2 37 0.0157894
2 38 0.0176191
2 39 0.0188958
2 40 0.019885
2 41 0.0199154
2 42 0.0191198
2 43 0.0167872
2 44 0.0137088
2 45 0.0104451
2 46 0.00700394
2 47 0.00365284
2 48 0.00166322
2 49 0.000651405
2 50 -1.28922e-05
2 51 -7.05119e-05
2 52 9.72262e-05
2 53 -0.000516698
2 54 -0.00195319
2 55 -0.00374128
2 56 -0.00605301
2 57 -0.00842954
2 58 -0.01009
2 59 -0.0106699
2 60 -0.0104107
2 61 -0.00907254
2 62 -0.00702888
2 63 -0.00505294
2 64 -0.00361878
2 65 -0.00253448
2 66 -0.00229234
2 67 -0.00281558
2 68 -0.0031251
2 69 -0.00278397
2 70 -0.00208663
2 71 -0.000325466
2 72 0.0028398
2 73 0.00623467
2 74 0.00953996
2 75 0.0128549
2 76 0.0155609
2 77 0.0169638
2 78 0.0177153
2 79 0.0177389
2 80 0.0176556
2 81 0.0171772
2 82 0.0164069
2 83 0.0155627
2 84 0.0148806
2 85 0.0129956
2 86 0.0103353
2 87 0.00708317
2 88 0.00292617
2 89 -0.00154109
2 90 -0.00641523
2 91 -0.0112037
2 92 -0.0151159
2 93 -0.0175561
2 94 -0.0193738
2 95 -0.0196735
2 96 -0.0188395
2 97 -0.0163252
2 98 -0.0120718
2 99 -0.00708173
2 100 -0.00131122
2 101 0.0041335
2 102 0.00949002
2 103 0.013721
2 104 0.0162352
2 105 0.0162771
2 106 0.0133214
2 107 0.00811959
2 108 0.00132765
2 109 -0.00534916
2 110 -0.0110077
2 111 -0.0144351
2 112 -0.0153875
2 113 -0.0137545
2 114 -0.00971865
2 115 -0.00424875
2 116 0.00233167
2 117 0.00850458
2 118 0.0137092
2 119 0

3 0 0
3 1 0.0123333
3 2 0.00779842
3 3 0.00177918
3 4 -0.00363898
3 5 -0.00897258
3 6 -0.0121321
3 7 -0.0131212
3 8 -0.0117457
3 9 -0.00777969
3 10 -0.00259828
3 11 0.00313188
3 12 0.00780378
3 13 0.0109276
3 14 0.0115487
3 15 0.0108197
3 16 0.00845432
3 17 0.00516357
3 18 0.00166706
3 19 -0.00340326
3 20 -0.00763581
3 21 -0.0120408
3 22 -0.0150129
3 23 -0.0162562
3 24 -0.0167382
3 25 -0.0154716
3 26 -0.0130069
3 27 -0.00873877
3 28 -0.00370881
3 29 0.00171768
3 30 0.00587016
3 31 0.00964949
3 32 0.0121357
3 33 0.0134678
3 34 0.0135803
3 35 0.0126023
3 36 0.0122264
3 37 0.0119901
3 38 0.0119981
3 39 0.0118375
3 40 0.0121219
3 41 0.0112389
3 42 0.00984286
3 43 0.00675927
3 44 0.00306394
3 45 -0.00104784
3 46 -0.00489816
3 47 -0.00848816
3 48 -0.0100302
3 49 -0.0102812
3 50 -0.00986783
3 51 -0.00868873
3 52 -0.00715377
3 53 -0.00690096
3 54 -0.00786558
3 55 -0.00936319
3 56 -0.0117702
3 57 -0.0145385
3 58 -0.0163681
3 59 -0.0168318
3 60 -0.0164829
3 61 -0.0147683
3 62 -0.0121437
3 63 -0.00988018
3 64 -0.00858211
3 65 -0.0078132
3 66 -0.00834162
3 67 -0.0101391
3 68 -0.0116771
3 69 -0.0124183
3 70 -0.012595
3 71 -0.01142
3 72 -0.0082807
3 73 -0.00477806
3 74 -0.00105533
3 75 0.00240572
3 76 0.00528423
3 77 0.00668081
3 78 0.00768659
3 79 0.00776058
3 80 0.00849962
3 81 0.00928698
3 82 0.0106104
3 83 0.0121941
3 84 0.0146787
3 85 0.0160051
3 86 0.0163199
3 87 0.0151526
3 88 0.0127022
3 89 0.00928974
3 90 0.00434395
3 91 -0.00093808
3 92 -0.00597098
3 93 -0.00983323
3 94 -0.0131247
3 95 -0.0148962
3 96 -0.0163985
3 97 -0.0157792
3 98 -0.0138027
3 99 -0.0110291
3 100 -0.00690529
3 101 -0.00320094
3 102 0.00130635
3 103 0.00561757
3 104 0.00936733
3 105 0.0115956
3 106 0.011807
3 107 0.00943678
3 108 0.00538252
3 109 0.0006028
3 110 -0.00460502
3 111 -0.00794375
3 112 -0.0106295
3 113 -0.0109242
3 114 -0.00943953
3 115 -0.0069812
3 116 -0.00223842
3 117 0.00192308
3 118 0.00694951
3 119 0

4 0 0
4 1 0.00538097
4 2 0.000479763
4 3 -0.00363898
4 4 -0.00761689
4 5 -0.00962515
4 6 -0.00994811
4 7 -0.00858021
4 8 -0.00478837
4 9 -0.000683751
4 10 0.00445149
4 11 0.00823783
4 12 0.0101102
4 13 0.0102794
4 14 0.00754581
4 15 0.00456294
4 16 0.000558891
4 17 -0.0030277
4 18 -0.00632207
4 19 -0.00988879
4 20 -0.0125053
4 21 -0.0146474
4 22 -0.0148274
4 23 -0.0139517
4 24 -0.0115948
4 25 -0.00826772
4 26 -0.00353419
4 27 0.00237931
4 28 0.00867995
4 29 0.0142288
4 30 0.0177514
4 31 0.0201664
4 32 0.0199648
4 33 0.018239
4 34 0.0146872
4 35 0.0104629
4 36 0.0066657
4 37 0.00414123
4 38 0.00197287
4 39 0.000659267
4 40 0.000222864
4 41 -0.000778838
4 42 -0.00252259
4 43 -0.00559627
4 44 -0.00926439
4 45 -0.013349
4 46 -0.0169739
4 47 -0.0201035
4 48 -0.02075
4 49 -0.0199512
4 50 -0.0180579
4 51 -0.015541
4 52 -0.012452
4 53 -0.011243
4 54 -0.011299
4 55 -0.0124711
4 56 -0.0145341
4 57 -0.0175556
4 58 -0.0191988
4 59 -0.0197161
4 60 -0.0190547
4 61 -0.0172735
4 62 -0.0141388
4 63 -0.0119817
4 64 -0.0107651
4 65 -0.0106993
4 66 -0.0119715
4 67 -0.0151763
4 68 -0.0179013
4 69 -0.0200737
4 70 -0.0212524
4 71 -0.0210706
4 72 -0.0184949
4 73 -0.0155109
4 74 -0.0121131
4 75 -0.00920091
4 76 -0.00684536
4 77 -0.0058445
4 78 -0.0054223
4 79 -0.00552093
4 80 -0.00442636
4 81 -0.00235185
4 82 0.000536706
4 83 0.00488776
4 84 0.0101948
4 85 0.0150309
4 86 0.0185002
4 87 0.0205749
4 88 0.020233
4 89 0.0187524
4 90 0.0150112
4 91 0.0102763
4 92 0.00519787
4 93 0.000878548
4 94 -0.00311206
4 95 -0.00660389
4 96 -0.00964922
4 97 -0.0119711
4 98 -0.0127989
4 99 -0.0131744
4 100 -0.0121078
4 101 -0.0109589
4 102 -0.0081222
4 103 -0.00422252
4 104 0.00029381
4 105 0.00526808
4 106 0.00819862
4 107 0.00986632
4 108 0.00898735
4 109 0.00659017
4 110 0.0033776
4 111 -0.000451529
4 112 -0.00365127
4 113 -0.00649884
4 114 -0.00802497
4 115 -0.00840263
4 116 -0.00718848
4 117 -0.00447977
4 118 -0.000853468
4 119 0

5 0 0
5 1 -0.00288135
5 2 -0.00669666
5 3 -0.00897258
5 4 -0.00962515
5 5 -0.00833733
5 6 -0.00548124
5 7 -0.00148365
5 8 0.00321899
5 9 0.00745176
5 10 0.0107156
5 11 0.0117356
5 12 0.010294
5 13 0.00671414
5 14 0.00149465
5 15 -0.00342615
5 16 -0.00774668
5 17 -0.0106278
5 18 -0.012365
5 19 -0.0136282
5 20 -0.0137392
5 21 -0.0130524
5 22 -0.0109985
5 23 -0.00786093
5 24 -0.00410837
5 25 0.000446595
5 26 0.0061141
5 27 0.0123316
5 28 0.0183885
5 29 0.0230527
5 30 0.0251422
5 31 0.0253529
5 32 0.0228932
5 33 0.0179896
5 34 0.0113689
5 35 0.0043139
5 36 -0.00179308
5 37 -0.00627964
5 38 -0.00951456
5 39 -0.0113022
5 40 -0.0116463
5 41 -0.0122149
5 42 -0.0134392
5 43 -0.0156724
5 44 -0.0185958
5 45 -0.0219855
5 46 -0.0249324
5 47 -0.0269574
5 48 -0.026704
5 49 -0.024676
5 50 -0.0215385
5 51 -0.017593
5 52 -0.0134741
5 53 -0.0111322
5 54 -0.0105388
5 55 -0.011127
5 56 -0.0130524
5 57 -0.0158234
5 58 -0.0175154
5 59 -0.0178263
5 60 -0.017153
5 61 -0.0151038
5 62 -0.0119983
5 63 -0.00975594
5 64 -0.00889953
5 65 -0.00925926
5 66 -0.0114472
5 67 -0.0154703
5 68 -0.019435
5 69 -0.0226791
5 70 -0.0249632
5 71 -0.02559
5 72 -0.0241117
5 73 -0.0218491
5 74 -0.0193145
5 75 -0.0173797
5 76 -0.0162586
5 77 -0.0162353
5 78 -0.016884
5 79 -0.01775
5 80 -0.0170199
5 81 -0.0146917
5 82 -0.0107531
5 83 -0.00487974
5 84 0.00248643
5 85 0.00985989
5 86 0.0161411
5 87 0.0204379
5 88 0.0225754
5 89 0.0231401
5 90 0.0212913
5 91 0.01802
5 92 0.0142191
5 93 0.0104989
5 94 0.00699075
5 95 0.00344264
5 96 -0.000661036
5 97 -0.00461969
5 98 -0.00816371
5 99 -0.0115256
5 100 -0.0139521
5 101 -0.0158193
5 102 -0.0157809
5 103 -0.0134186
5 104 -0.008986
5 105 -0.00290946
5 106 0.0029497
5 107 0.0077661
5 108 0.0106311
5 109 0.0113676
5 110 0.0103083
5 111 0.0077058
5 112 0.00404268
5 113 -0.000175595
5 114 -0.00437687
5 115 -0.00792287
5 116 -0.0100025
5 117 -0.0102643
5 118 -0.00837069
5 119 0

6 0 0
6 1 -0.0100797
6 2 -0.0125193
6 3 -0.0121321
6 4 -0.00994811
6 5 -0.00548124
6 6 -0.00010411
6 7 0.00550693
6 8 0.0108543
6 9 0.0141407
6 10 0.0155474
6 11 0.0136337
6 12 0.00901456
6 13 0.00254227
6 14 -0.00478727
6 15 -0.0105687
6 16 -0.0146208
6 17 -0.0160792
6 18 -0.0158332
6 19 -0.0143978
6 20 -0.0120086
6 21 -0.00878826
6 22 -0.00484825
6 23 -0.000721385
6 24 0.00376889
6 25 0.0080373
6 26 0.013437
6 27 0.0187257
6 28 0.0234918
6 29 0.0265476
6 30 0.0269137
6 31 0.0250467
6 32 0.0203722
6 33 0.0133826
6 34 0.00451737
6 35 -0.00394592
6 36 -0.0114912
6 37 -0.0166337
6 38 -0.0201208
6 39 -0.0213199
6 40 -0.0209597
6 41 -0.0203337
6 42 -0.0204375
6 43 -0.0212788
6 44 -0.0228577
6 45 -0.0252219
6 46 -0.0270389
6 47 -0.0279448
6 48 -0.0266692
6 49 -0.023889
6 50 -0.0195596
6 51 -0.0148517
6 52 -0.00992258
6 53 -0.00702814
6 54 -0.00566595
6 55 -0.00611962
6 56 -0.00763656
6 57 -0.0103339
6 58 -0.0117659
6 59 -0.0122393
6 60 -0.0112757
6 61 -0.00935704
6 62 -0.0061844
6 63 -0.00420643
6 64 -0.00331767
6 65 -0.00427946
6 66 -0.00681963
6 67 -0.0114646
6 68 -0.0159609
6 69 -0.0202014
6 70 -0.0229947
6 71 -0.0244732
6 72 -0.0238972
6 73 -0.0226698
6 74 -0.0210292
6 75 -0.0204855
6 76 -0.0207832
6 77 -0.0221346
6 78 -0.0242337
6 79 -0.0263076
6 80 -0.0266897
6 81 -0.024847
6 82 -0.0210152
6 83 -0.0145726
6 84 -0.00667499
6 85 0.002142
6 86 0.0097426
6 87 0.0157862
6 88 0.0196247
6 89 0.0220238
6 90 0.0220337
6 91 0.0208495
6 92 0.0189198
6 93 0.0168041
6 94 0.0150055
6 95 0.0121736
6 96 0.00849322
6 97 0.00363473
6 98 -0.00165865
6 99 -0.00749238
6 100 -0.0129158
6 101 -0.0178014
6 102 -0.0205521
6 103 -0.020127
6 104 -0.0166639
6 105 -0.00995053
6 106 -0.00250975
6 107 0.00502856
6 108 0.0108711
6 109 0.0143684
6 110 0.0157526
6 111 0.0142994
6 112 0.0111311
6 113 0.00598431
6 114 -1.83651e-05
6 115 -0.00594395
6 116 -0.0110954
6 117 -0.0138632
6 118 -0.0142632
6 119 0

7 0 0
7 1 -0.0154542
7 2 -0.0161137
7 3 -0.0131212
7 4 -0.00858021
7 5 -0.00148365
7 6 0.00550693
7 7 0.011973
7 8 0.0170876
7 9 0.0189344
7 10 0.0181344
7 11 0.0135054
7 12 0.00633349
7 13 -0.00232147
7 14 -0.0104175
7 15 -0.0163543
7 16 -0.0191131
7 17 -0.0185415
7 18 -0.0161659
7 19 -0.0117426
7 20 -0.00733626
7 21 -0.00226018
7 22 0.00248494
7 23 0.00632936
7 24 0.00993211
7 25 0.0128174
7 26 0.0163992
7 27 0.0195327
7 28 0.0222674
7 29 0.0230582
7 30 0.0219405
7 31 0.0185397
7 32 0.0127816
7 33 0.00470575
7 34 -0.00448339
7 35 -0.0128571
7 36 -0.0200542
7 37 -0.0245253
7 38 -0.026875
7 39 -0.0266131
7 40 -0.024802
7 41 -0.0222846
7 42 -0.0208656
7 43 -0.0198822
7 44 -0.0200424
7 45 -0.0209703
7 46 -0.0218622
7 47 -0.0215254
7 48 -0.0198483
7 49 -0.016511
7 50 -0.0118703
7 51 -0.0067343
7 52 -0.00197929
7 53 0.00127926
7 54 0.00274437
7 55 0.00246743
7 56 0.000919932
7 57 -0.00138218
7 58 -0.00290111
7 59 -0.00331621
7 60 -0.00241817
7 61 -0.000419469
7 62 0.00237275
7 63 0.00439791
7 64 0.00516842
7 65 0.00416645
7 66 0.00138304
7 67 -0.0029591
7 68 -0.00768779
7 69 -0.0120324
7 70 -0.0151126
7 71 -0.0167094
7 72 -0.017052
7 73 -0.0164166
7 74 -0.0158836
7 75 -0.0164327
7 76 -0.018303
7 77 -0.0209467
7 78 -0.024867
7 79 -0.0283638
7 80 -0.0304241
7 81 -0.0299889
7 82 -0.0273987
7 83 -0.0219106
7 84 -0.0149998
7 85 -0.00673372
7 86 0.000885856
7 87 0.00706876
7 88 0.0114912
7 89 0.0146639
7 90 0.0164571
7 91 0.0171387
7 92 0.0176276
7 93 0.0178764
7 94 0.0185063
7 95 0.0177051
7 96 0.0158202
7 97 0.0114651
7 98 0.00567493
7 99 -0.00130416
7 100 -0.00919403
7 101 -0.0162438
7 102 -0.0217041
7 103 -0.0235414
7 104 -0.0215322
7 105 -0.0154499
7 106 -0.00747555
7 107 0.00158735
7 108 0.00949939
7 109 0.0151753
7 110 0.0189072
7 111 0.0187176
7 112 0.0166794
7 113 0.0114331
7 114 0.00440372
7 115 -0.00271245
7 116 -0.0103928
7 117 -0.0149577
7 118 -0.0175511
7 119 0

8 0 0
8 1 -0.018076
8 2 -0.0164682
8 3 -0.0117457
8 4 -0.00478837
8 5 0.00321899
8 6 0.0108543
8 7 0.0170876
8 8 0.0205904
8 9 0.020905
8 10 0.0174994
8 11 0.0107531
8 12 0.00190307
8 13 -0.00762127
8 14 -0.0152035
8 15 -0.0197985
8 16 -0.0202814
8 17 -0.0174113
8 18 -0.0124148
8 19 -0.00617236
8 20 -0.000310664
8 21 0.00529723
8 22 0.0091215
8 23 0.0115265
8 24 0.0126281
8 25 0.0128225
8 26 0.0135907
8 27 0.0141237
8 28 0.0142293
8 29 0.0133973
8 30 0.0113149
8 31 0.00735832
8 32 0.00207652
8 33 -0.00509952
8 34 -0.012906
8 35 -0.0194628
8 36 -0.0245509
8 37 -0.0272218
8 38 -0.0273178
8 39 -0.0249355
8 40 -0.0211852
8 41 -0.0169915
8 42 -0.0138096
8 43 -0.0112542
8 44 -0.00999555
8 45 -0.00999804
8 46 -0.0100767
8 47 -0.00915667
8 48 -0.00743199
8 49 -0.00443071
8 50 -6.52729e-05
8 51 0.00454997
8 52 0.00857437
8 53 0.0114386
8 54 0.0127105
8 55 0.0121823
8 56 0.0105714
8 57 0.00849488
8 58 0.00695414
8 59 0.00641855
8 60 0.0072863
8 61 0.00916426
8 62 0.0115958
8 63 0.0135746
8 64 0.0145029
8 65 0.0136445
8 66 0.0112328
8 67 0.00766204
8 68 0.00353376
8 69 -0.000374287
8 70 -0.00290856
8 71 -0.00424881
8 72 -0.00482024
8 73 -0.00454979
8 74 -0.00445729
8 75 -0.00586749
8 76 -0.00875232
8 77 -0.012576
8 78 -0.0176528
8 79 -0.0226172
8 80 -0.0264715
8 81 -0.0280998
8 82 -0.0273434
8 83 -0.024214
8 84 -0.0196315
8 85 -0.0135153
8 86 -0.00777864
8 87 -0.00328051
8 88 0.000429932
8 89 0.00318698
8 90 0.00541343
8 91 0.00759944
8 92 0.0100173
8 93 0.0126633
8 94 0.0161605
8 95 0.0184245
8 96 0.0190204
8 97 0.0170233
8 98 0.0122135
8 99 0.00553256
8 100 -0.00288616
8 101 -0.0113296
8 102 -0.0186821
8 103 -0.0228199
8 104 -0.0228649
8 105 -0.0186804
8 106 -0.0112698
8 107 -0.0024945
8 108 0.00622724
8 109 0.0132583
8 110 0.0181655
8 111 0.0200474
8 112 0.0191345
8 113 0.0152958
8 114 0.00896901
8 115 0.00144661
8 116 -0.00663685
8 117 -0.0131703
8 118 -0.0174407
8 119 0

9 0 0
9 1 -0.0169796
9 2 -0.0139327
9 3 -0.00777969
9 4 -0.000683751
9 5 0.00745176
9 6 0.0141407
9 7 0.0189344
9 8 0.020905
9 9 0.0191758
9 10 0.0142983
9 11 0.00632729
9 12 -0.00285372
9 13 -0.0118135
9 14 -0.0178954
9 15 -0.0205376
9 16 -0.0187656
9 17 -0.0137014
9 18 -0.00724914
9 19 0.000482343
9 20 0.00646916
9 21 0.0115411
9 22 0.0138539
9 23 0.0135675
9 24 0.0119004
9 25 0.00905306
9 26 0.0068268
9 27 0.00461832
9 28 0.00286026
9 29 0.00063778
9 30 -0.00131212
9 31 -0.00451576
9 32 -0.00837984
9 33 -0.013391
9 34 -0.0183304
9 35 -0.0217783
9 36 -0.0240686
9 37 -0.0239646
9 38 -0.021701
9 39 -0.0170907
9 40 -0.0118713
9 41 -0.00604574
9 42 -0.00178592
9 43 0.00193993
9 44 0.00385955
9 45 0.0046029
9 46 0.00470284
9 47 0.00576631
9 48 0.0068486
9 49 0.00904856
9 50 0.012357
9 51 0.0158663
9 52 0.0185521
9 53 0.0205742
9 54 0.0212887
9 55 0.0203431
9 56 0.0186003
9 57 0.016709
9 58 0.0151756
9 59 0.0144765
9 60 0.0152683
9 61 0.0168966
9 62 0.0189241
9 63 0.020809
9 64 0.0219782
9 65 0.0214935
9 66 0.0198187
9 67 0.0174798
9 68 0.0144607
9 69 0.0116237
9 70 0.0100448
9 71 0.00952842
9 72 0.00915542
9 73 0.0096327
9 74 0.0095237
9 75 0.00804731
9 76 0.00470845
9 77 0.000561284
9 78 -0.00535556
9 79 -0.0109982
9 80 -0.0163836
9 81 -0.0197404
9 82 -0.0213816
9 83 -0.0208125
9 84 -0.0195009
9 85 -0.0166038
9 86 -0.0138552
9 87 -0.0117736
9 88 -0.0102239
9 89 -0.00907461
9 90 -0.00712088
9 91 -0.00460975
9 92 -0.000835571
9 93 0.00375362
9 94 0.00974306
9 95 0.0146748
9 96 0.0185621
9 97 0.0190407
9 98 0.0163522
9 99 0.0111992
9 100 0.00318457
9 101 -0.00513546
9 102 -0.0134126
9 103 -0.0190878
9 104 -0.021146
9 105 -0.0189746
9 106 -0.0135348
9 107 -0.00586561
9 108 0.00219434
9 109 0.00915154
9 110 0.0149747
9 111 0.0176181
9 112 0.0184873
9 113 0.0161478
9 114 0.0113116
9 115 0.00530231
9 116 -0.00255211
9 117 -0.0087507
9 118 -0.0140617
9 119 0

10 0 0
10 1 -0.0131074
10 2 -0.00860895
10 3 -0.00259828
10 4 0.00445149
10 5 0.0107156
10 6 0.0155474
10 7 0.0181344
10 8 0.0174994
10 9 0.0142983
10 10 0.00779171
10 11 -0.000254933
10 12 -0.00872181
10 13 -0.0158929
10 14 -0.0192737
10 15 -0.0191585
10 16 -0.014591
10 17 -0.00774899
10 18 0.000198908
10 19 0.00788542
10 20 0.0134477
10 21 0.0167643
10 22 0.0163655
10 23 0.0132228
10 24 0.00795874
10 25 0.00234785
10 26 -0.00284463
10 27 -0.00698019
10 28 -0.0103417
10 29 -0.0126516
10 30 -0.0137814
10 31 -0.015182
10 32 -0.0162659
10 33 -0.0180688
10 34 -0.0191124
10 35 -0.0190884
10 36 -0.0176865
10 37 -0.015109
10 38 -0.0103202
10 39 -0.00432149
10 40 0.00205429
10 41 0.00818368
10 42 0.0130296
10 43 0.0168195
10 44 0.0188712
10 45 0.019489
10 46 0.0193302
10 47 0.0198174
10 48 0.0198263
10 49 0.0206998
10 50 0.0223331
10 51 0.0242899
10 52 0.0251723
10 53 0.0261223
10 54 0.0258847
10 55 0.0246342
10 56 0.0225734
10 57 0.0210728
10 58 0.0193832
10 59 0.0187702
10 60 0.0191914
10 61 0.0206993
10 62 0.0220496
10 63 0.0239919
10 64 0.0251871
10 65 0.0254268
10 66 0.0245728
10 67 0.0238734
10 68 0.0222181
10 69 0.0210029
10 70 0.0206754
10 71 0.0213495
10 72 0.0216534
10 73 0.0227384
10 74 0.0230892
10 75 0.0221023
10 76 0.0192972
10 77 0.0154464
10 78 0.0100566
10 79 0.00430368
10 80 -0.00152614
10 81 -0.0064014
10 82 -0.00967617
10 83 -0.0121254
10 84 -0.0138332
10 85 -0.0148051
10 86 -0.0154639
10 87 -0.0169934
10 88 -0.0182186
10 89 -0.0195384
10 90 -0.0190997
10 91 -0.0170637
10 92 -0.0131471
10 93 -0.00740158
10 94 3.76228e-05
10 95 0.00780161
10 96 0.014303
10 97 0.0182466
10 98 0.018365
10 99 0.0157166
10 100 0.00971562
10 101 0.00236562
10 102 -0.00571252
10 103 -0.0126373
10 104 -0.0165083
10 105 -0.0173386
10 106 -0.0143725
10 107 -0.00948175
10 108 -0.00334903
10 109 0.00269537
10 110 0.00784055
10 111 0.0118329
10 112 0.0139711
10 113 0.0142992
10 114 0.0123526
10 115 0.008576
10 116 0.00323291
10 117 -0.0025919
10 118 -0.0078375
10 119 0

11 0 0
11 1 -0.00662671
11 2 -0.0018613
11 3 0.00313188
11 4 0.00823783
11 5 0.0117356
11 6 0.0136337
11 7 0.0135054
11 8 0.0107531
11 9 0.00632729
11 10 -0.000254933
11 11 -0.00731146
11 12 -0.013683
11 13 -0.0179606
11 14 -0.0183165
11 15 -0.0152312
11 16 -0.00864761
11 17 -0.000718218
11 18 0.0073532
11 19 0.0141423
11 20 0.0181587
11 21 0.0192625
11 22 0.0162397
11 23 0.0103524
11 24 0.00266593
11 25 -0.00510627
11 26 -0.0119096
11 27 -0.0170896
11 28 -0.0206446
11 29 -0.0222997
11 30 -0.0217284
11 31 -0.020841
11 32 -0.0191517
11 33 -0.0174014
11 34 -0.0149177
11 35 -0.0115757
11 36 -0.0075592
11 37 -0.00295064
11 38 0.00284239
11 39 0.00938404
11 40 0.0153081
11 41 0.0207928
11 42 0.0248706
11 43 0.0279346
11 44 0.0291829
11 45 0.0292254
11 46 0.0284047
11 47 0.0279203
11 48 0.0267853
11 49 0.0260865
11 50 0.026051
11 51 0.0261376
11 52 0.0254966
11 53 0.025093
11 54 0.0242529
11 55 0.0225656
11 56 0.0207134
11 57 0.0193871
11 58 0.0180456
11 59 0.0172626
11 60 0.0176316
11 61 0.0185626
11 62 0.0195129
11 63 0.0210027
11 64 0.0224003
11 65 0.0229815
11 66 0.0232444
11 67 0.0238016
11 68 0.0238005
11 69 0.0240127
11 70 0.0251055
11 71 0.0267616
11 72 0.0280132
11 73 0.0297515
11 74 0.0308577
11 75 0.0308995
11 76 0.0292707
11 77 0.0267074
11 78 0.0227057
11 79 0.0182181
11 80 0.0128213
11 81 0.00794946
11 82 0.00367856
11 83 -0.000404893
11 84 -0.0046185
11 85 -0.00848163
11 86 -0.0124318
11 87 -0.0167645
11 88 -0.0208153
11 89 -0.0247103
11 90 -0.0262797
11 91 -0.0256497
11 92 -0.0225322
11 93 -0.017018
11 94 -0.00910911
11 95 -0.000269182
11 96 0.00817986
11 97 0.0145837
11 98 0.0174976
11 99 0.0176476
11 100 0.0143913
11 101 0.00909881
11 102 0.0022219
11 103 -0.00470829
11 104 -0.0100362
11 105 -0.0132042
11 106 -0.0132946
11 107 -0.011642
11 108 -0.00838933
11 109 -0.00464447
11 110 -0.000893897
11 111 0.00308057
11 112 0.00628256
11 113 0.00899452
11 114 0.0102811
11 115 0.00982818
11 116 0.00783801
11 117 0.00412173
11 118 -9.12782e-05
11 119 0

12 0 0
12 1 0.000593856
12 2 0.00481554
12 3 0.00780378
12 4 0.0101102
12 5 0.010294
12 6 0.00901456
12 7 0.00633349
12 8 0.00190307
12 9 -0.00285372
12 10 -0.00872181
12 11 -0.013683
12 12 -0.0171676
12 13 -0.0181346
12 14 -0.0151376
12 15 -0.00965847
12 16 -0.00164722
12 17 0.006497
12 18 0.0136722
12 19 0.0188833
12 20 0.0209667
12 21 0.0195313
12 22 0.0143294
12 23 0.00645995
12 24 -0.00288506
12 25 -0.0111968
12 26 -0.0186104
12 27 -0.0236716
12 28 -0.0265685
12 29 -0.026974
12 30 -0.0246876
12 31 -0.021329
12 32 -0.0170985
12 33 -0.0126702
12 34 -0.00722716
12 35 -0.00177947
12 36 0.00399348
12 37 0.00920483
12 38 0.0150541
12 39 0.020429
12 40 0.0249342
12 41 0.0285039
12 42 0.0310983
12 43 0.0324693
12 44 0.0324789
12 45 0.0316869
12 46 0.0301041
12 47 0.0286666
12 48 0.0264414
12 49 0.0245557
12 50 0.0228336
12 51 0.0214833
12 52 0.0193742
12 53 0.0181311
12 54 0.0166303
12 55 0.0151326
12 56 0.0134504
12 57 0.0128188
12 58 0.0116756
12 59 0.0111979
12 60 0.0111508
12 61 0.0117723
12 62 0.011894
12 63 0.0130802
12 64 0.0141101
12 65 0.0151804
12 66 0.0160458
12 67 0.0178566
12 68 0.0189963
12 69 0.020651
12 70 0.0225977
12 71 0.0251081
12 72 0.0269955
12 73 0.0293349
12 74 0.0310591
12 75 0.0323437
12 76 0.0324009
12 77 0.0315847
12 78 0.0298045
12 79 0.0273206
12 80 0.0237638
12 81 0.0197209
12 82 0.0158335
12 83 0.0110327
12 84 0.00581252
12 85 -9.70301e-05
12 86 -0.00584967
12 87 -0.0122906
12 88 -0.0185429
12 89 -0.0244931
12 90 -0.0279079
12 91 -0.0291039
12 92 -0.0275146
12 93 -0.0230728
12 94 -0.0163845
12 95 -0.00742858
12 96 0.00166354
12 97 0.00959523
12 98 0.0148733
12 99 0.0176489
12 100 0.0172244
12 101 0.014685
12 102 0.00975997
12 103 0.00355216
12 104 -0.00226051
12 105 -0.00757937
12 106 -0.0105004
12 107 -0.0122817
12 108 -0.0124912
12 109 -0.0115616
12 110 -0.0099766
12 111 -0.00682398
12 112 -0.00314518
12 113 0.0014601
12 114 0.00574879
12 115 0.00897081
12 116 0.0106499
12 117 0.00992342
12 118 0.00761892
12 119 0

13 0 0
13 1 0.00743087
13 2 0.0105119
13 3 0.0109276
13 4 0.0102794
13 5 0.00671414
13 6 0.00254227
13 7 -0.00232147
13 8 -0.00762127
13 9 -0.0118135
13 10 -0.0158929
13 11 -0.0179606
13 12 -0.0181346
13 13 -0.0153911
13 14 -0.00981289
13 15 -0.00229272
13 16 0.00599603
13 17 0.0130659
13 18 0.0186764
13 19 0.0210421
13 20 0.0209037
13 21 0.0170586
13 22 0.0101765
13 23 0.00149216
13 24 -0.00785934
13 25 -0.0155987
13 26 -0.0220158
13 27 -0.0256075
13 28 -0.0271939
13 29 -0.0256736
13 30 -0.0218138
13 31 -0.0166566
13 32 -0.0108433
13 33 -0.00439524
13 34 0.00234868
13 35 0.0085486
13 36 0.0144799
13 37 0.0189674
13 38 0.0232521
13 39 0.0263851
13 40 0.0283731
13 41 0.0290187
13 42 0.0294343
13 43 0.0286782
13 44 0.027428
13 45 0.0256416
13 46 0.0236947
13 47 0.0214307
13 48 0.0188704
13 49 0.0160545
13 50 0.0134328
13 51 0.0108487
13 52 0.00813676
13 53 0.00618638
13 54 0.00475002
13 55 0.00352186
13 56 0.0026916
13 57 0.002655
13 58 0.00225281
13 59 0.0018912
13 60 0.00177128
13 61 0.0016929
13 62 0.00123378
13 63 0.00157493
13 64 0.00228979
13 65 0.00323632
13 66 0.00467617
13 67 0.00693626
13 68 0.00906965
13 69 0.0113581
13 70 0.0138858
13 71 0.0163575
13 72 0.0186413
13 73 0.0209029
13 74 0.0231818
13 75 0.0253017
13 76 0.0271536
13 77 0.0282384
13 78 0.0293072
13 79 0.0293576
13 80 0.0283661
13 81 0.0263155
13 82 0.0239405
13 83 0.0198319
13 84 0.0150312
13 85 0.00893956
13 86 0.00244908
13 87 -0.00452031
13 88 -0.0116095
13 89 -0.0185706
13 90 -0.0237161
13 91 -0.0264926
13 92 -0.0271814
13 93 -0.024869
13 94 -0.0203804
13 95 -0.0129993
13 96 -0.00487535
13 97 0.00347348
13 98 0.0101383
13 99 0.0149476
13 100 0.0177873
13 101 0.0179638
13 102 0.0159407
13 103 0.0114195
13 104 0.00592087
13 105 -0.000368905
13 106 -0.00559335
13 107 -0.0105045
13 108 -0.0142469
13 109 -0.0165561
13 110 -0.0180091
13 111 -0.0161922
13 112 -0.0130432
13 113 -0.00709693
13 114 -1.64082e-05
13 115 0.00622467
13 116 0.0121006
13 117 0.0140737
13 118 0.0140204
13 119 0

14 0 0
14 1 0.0125329
14 2 0.0137141
14 3 0.0115487
14 4 0.00754581
14 5 0.00149465
14 6 -0.00478727
14 7 -0.0104175
14 8 -0.0152035
14 9 -0.0178954
14 10 -0.0192737
14 11 -0.0183165
14 12 -0.0151376
14 13 -0.00981289
14 14 -0.00243027
14 15 0.00524946
14 16 0.0122806
14 17 0.0172591
14 18 0.019709
14 19 0.0195269
14 20 0.0168864
14 21 0.0114807
14 22 0.00429957
14 23 -0.00373343
14 24 -0.0113996
14 25 -0.0168366
14 26 -0.020882
14 27 -0.0224878
14 28 -0.0218385
14 29 -0.0189733
14 30 -0.0139931
14 31 -0.00805467
14 32 -0.00187986
14 33 0.004632
14 34 0.0112859
14 35 0.0167422
14 36 0.0212593
14 37 0.0239404
14 38 0.0256011
14 39 0.0257466
14 40 0.0244147
14 41 0.0222264
14 42 0.0201523
14 43 0.0176251
14 44 0.0150984
14 45 0.0131495
14 46 0.011158
14 47 0.00904766
14 48 0.00656433
14 49 0.00388413
14 50 0.000810719
14 51 -0.00206676
14 52 -0.0050059
14 53 -0.00687981
14 54 -0.00804474
14 55 -0.00839161
14 56 -0.00826828
14 57 -0.00730586
14 58 -0.00699082
14 59 -0.00692463
14 60 -0.00728099
14 61 -0.00789619
14 62 -0.00918186
14 63 -0.00965535
14 64 -0.00970104
14 65 -0.00896278
14 66 -0.0075684
14 67 -0.00513217
14 68 -0.00280515
14 69 -0.000267734
14 70 0.00185777
14 71 0.00387336
14 72 0.00555493
14 73 0.0073121
14 74 0.00914899
14 75 0.0118859
14 76 0.0148367
14 77 0.0177677
14 78 0.0210873
14 79 0.024019
14 80 0.0257257
14 81 0.0262771
14 82 0.0259073
14 83 0.0237636
14 84 0.0204854
14 85 0.0156092
14 86 0.0103087
14 87 0.00444839
14 88 -0.00203497
14 89 -0.00875669
14 90 -0.0142349
14 91 -0.0185461
14 92 -0.0210572
14 93 -0.0214667
14 94 -0.0201362
14 95 -0.0158152
14 96 -0.00989492
14 97 -0.00307849
14 98 0.00366185
14 99 0.00963174
14 100 0.0144409
14 101 0.0177563
14 102 0.0185551
14 103 0.0167134
14 104 0.0127504
14 105 0.00680919
14 106 0.000645661
14 107 -0.00609569
14 108 -0.0123464
14 109 -0.0176176
14 110 -0.0215724
14 111 -0.0223253
14 112 -0.0203364
14 113 -0.0147055
14 114 -0.00676248
14 115 0.00190557
14 116 0.0101906
14 117 0.0154715
14 118 0.0177855
14 119 0

15 0 0
15 1 0.0155165
15 2 0.015013
15 3 0.0108197
15 4 0.00456294
15 5 -0.00342615
15 6 -0.0105687
15 7 -0.0163543
15 8 -0.0197985
15 9 -0.0205376
15 10 -0.0191585
15 11 -0.0152312
15 12 -0.00965847
15 13 -0.00229272
15 14 0.00524946
15 15 0.012214
15 16 0.016826
15 17 0.0186335
15 18 0.0179649
15 19 0.0144813
15 20 0.0100741
15 21 0.00349773
15 22 -0.00298559
15 23 -0.00921185
15 24 -0.0139398
15 25 -0.0160596
15 26 -0.0169167
15 27 -0.0155873
15 28 -0.0131202
15 29 -0.00868885
15 30 -0.00372577
15 31 0.00219312
15 32 0.00748605
15 33 0.0132223
15 34 0.0183579
15 35 0.0219862
15 36 0.0243869
15 37 0.0245042
15 38 0.0233801
15 39 0.0201098
15 40 0.015967
15 41 0.0107686
15 42 0.00691809
15 43 0.00269597
15 44 -5.28675e-05
15 45 -0.00203201
15 46 -0.00305323
15 47 -0.00472706
15 48 -0.00611619
15 49 -0.00836051
15 50 -0.0109822
15 51 -0.0139012
15 52 -0.0163588
15 53 -0.017995
15 54 -0.0184305
15 55 -0.0178617
15 56 -0.0164978
15 57 -0.0146045
15 58 -0.0133925
15 59 -0.0129568
15 60 -0.0134201
15 61 -0.0146622
15 62 -0.0166432
15 63 -0.0181013
15 64 -0.0188786
15 65 -0.0186581
15 66 -0.0174026
15 67 -0.0153237
15 68 -0.0129863
15 69 -0.0109189
15 70 -0.00944012
15 71 -0.00873815
15 72 -0.00792354
15 73 -0.00760019
15 74 -0.0063881
15 75 -0.00413504
15 76 -0.00030914
15 77 0.00352788
15 78 0.00902178
15 79 0.0139036
15 80 0.0184109
15 81 0.0211525
15 82 0.0232281
15 83 0.0231486
15 84 0.0222919
15 85 0.0196052
15 86 0.0164059
15 87 0.0127771
15 88 0.00808952
15 89 0.00306415
15 90 -0.00233041
15 91 -0.00705092
15 92 -0.0116657
15 93 -0.0147552
15 94 -0.0172006
15 95 -0.0165389
15 96 -0.0140937
15 97 -0.00968279
15 98 -0.00391398
15 99 0.001955
15 100 0.00858925
15 101 0.0140326
15 102 0.0181229
15 103 0.0191966
15 104 0.017617
15 105 0.0132605
15 106 0.00724577
15 107 1.94657e-05
15 108 -0.00796045
15 109 -0.0151858
15 110 -0.0216266
15 111 -0.0245937
15 112 -0.0243217
15 113 -0.019721
15 114 -0.0115185
15 115 -0.00207121
15 116 0.00803244
15 117 0.0150821
15 118 0.0190299
15 119 0

16 0 0
16 1 0.0163333
16 2 0.0140763
16 3 0.00845432
16 4 0.000558891
16 5 -0.00774668
16 6 -0.0146208
16 7 -0.0191131
16 8 -0.0202814
16 9 -0.0187656
16 10 -0.014591
16 11 -0.00864761
16 12 -0.00164722
16 13 0.00599603
16 14 0.0122806
16 15 0.016826
16 16 0.0179658
16 17 0.0159883
16 18 0.0117411
16 19 0.00578273
16 20 -0.000183633
16 21 -0.00628805
16 22 -0.0109449
16 23 -0.0138569
16 24 -0.0142783
16 25 -0.0123844
16 26 -0.00941848
16 27 -0.00545994
16 28 -0.00106553
16 29 0.0036686
16 30 0.00817473
16 31 0.0123853
16 32 0.0157107
16 33 0.0192011
16 34 0.0219378
16 35 0.0230489
16 36 0.022674
16 37 0.0203961
16 38 0.0162837
16 39 0.0105427
16 40 0.00377096
16 41 -0.00307411
16 42 -0.00848132
16 43 -0.0129027
16 44 -0.0155703
16 45 -0.0163202
16 46 -0.0161358
16 47 -0.0162007
16 48 -0.0162869
16 49 -0.0171992
16 50 -0.0191194
16 51 -0.0214052
16 52 -0.0232307
16 53 -0.0242348
16 54 -0.0239023
16 55 -0.0222874
16 56 -0.0197224
16 57 -0.0169296
16 58 -0.0148484
16 59 -0.0140519
16 60 -0.0145881
16 61 -0.0164232
16 62 -0.0190065
16 63 -0.0214059
16 64 -0.0229313
16 65 -0.0232505
16 66 -0.0223519
16 67 -0.0207408
16 68 -0.0188283
16 69 -0.0174149
16 70 -0.0171934
16 71 -0.0179323
16 72 -0.0188657
16 73 -0.0201398
16 74 -0.0205827
16 75 -0.0190948
16 76 -0.0158103
16 77 -0.0113594
16 78 -0.00521312
16 79 0.00123977
16 80 0.00715465
16 81 0.0119785
16 82 0.0156223
16 83 0.0179106
16 84 0.019336
16 85 0.0194501
16 86 0.0191204
16 87 0.0187795
16 88 0.0172862
16 89 0.0147089
16 90 0.0109805
16 91 0.00635899
16 92 0.000846759
16 93 -0.00484796
16 94 -0.0106099
16 95 -0.0145039
16 96 -0.0161674
16 97 -0.0153362
16 98 -0.0120878
16 99 -0.00717574
16 100 -0.000394418
16 101 0.00660524
16 102 0.0131666
16 103 0.0173897
16 104 0.0187197
16 105 0.0172182
16 106 0.0129536
16 107 0.00687531
16 108 -0.000856115
16 109 -0.00902013
16 110 -0.0166869
16 111 -0.0219864
16 112 -0.0238352
16 113 -0.0213651
16 114 -0.01476
16 115 -0.00579109
16 116 0.00428239
16 117 0.0124951
16 118 0.0176185
16 119 0

17 0 0
17 1 0.0151876
17 2 0.0116494
17 3 0.00516357
17 4 -0.0030277
17 5 -0.0106278
17 6 -0.0160792
17 7 -0.0185415
17 8 -0.0174113
17 9 -0.0137014
17 10 -0.00774899
17 11 -0.000718218
17 12 0.006497
17 13 0.0130659
17 14 0.0172591
17 15 0.0186335
17 16 0.0159883
17 17 0.01054
17 18 0.00324332
17 19 -0.00446289
17 20 -0.0107123
17 21 -0.0157854
17 22 -0.0177047
17 23 -0.0168173
17 24 -0.0130001
17 25 -0.00701405
17 26 -0.000619239
17 27 0.00541399
17 28 0.0107183
17 29 0.0151217
17 30 0.0177118
17 31 0.0197408
17 32 0.0204759
17 33 0.02122
17 34 0.021286
17 35 0.0200828
17 36 0.0175068
17 37 0.0133863
17 38 0.00766469
17 39 0.000195597
17 40 -0.00767834
17 41 -0.0153056
17 42 -0.0207465
17 43 -0.0248498
17 44 -0.0263148
17 45 -0.0256256
17 46 -0.0234584
17 47 -0.021851
17 48 -0.0202
17 49 -0.0198276
17 50 -0.020741
17 51 -0.0224481
17 52 -0.0235866
17 53 -0.0240845
17 54 -0.0231228
17 55 -0.0206598
17 56 -0.0171675
17 57 -0.01366
17 58 -0.0109417
17 59 -0.00978726
17 60 -0.0104782
17 61 -0.0127362
17 62 -0.0158252
17 63 -0.0189121
17 64 -0.0210594
17 65 -0.021738
17 66 -0.0211048
17 67 -0.0198951
17 68 -0.0183302
17 69 -0.017664
17 70 -0.0185578
17 71 -0.0208727
17 72 -0.0234502
17 73 -0.026743
17 74 -0.028831
17 75 -0.0288794
17 76 -0.0264283
17 77 -0.0226364
17 78 -0.016542
17 79 -0.0100027
17 80 -0.00340387
17 81 0.00187184
17 82 0.00635802
17 83 0.00988292
17 84 0.0130317
17 85 0.0154581
17 86 0.0180518
17 87 0.0208762
17 88 0.0226758
17 89 0.0235538
17 90 0.0219992
17 91 0.0185539
17 92 0.0129226
17 93 0.00561124
17 94 -0.00303661
17 95 -0.0105382
17 96 -0.0162468
17 97 -0.0191881
17 98 -0.0187204
17 99 -0.0158854
17 100 -0.00982844
17 101 -0.00231183
17 102 0.00575512
17 103 0.0125125
17 104 0.016717
17 105 0.0181267
17 106 0.016505
17 107 0.0126306
17 108 0.00637293
17 109 -0.00114453
17 110 -0.00909424
17 111 -0.0158406
17 112 -0.0196567
17 113 -0.0197487
17 114 -0.0155983
17 115 -0.00837904
17 116 0.000394489
17 117 0.00860016
17 118 0.0142801
17 119 0

18 0 0
18 1 0.0128538
18 2 0.00808206
18 3 0.00166706
18 4 -0.00632207
18 5 -0.012365
18 6 -0.0158332
18 7 -0.0161659
18 8 -0.0124148
18 9 -0.00724914
18 10 0.000198908
18 11 0.0073532
18 12 0.0136722
18 13 0.0186764
18 14 0.019709
18 15 0.0179649
18 16 0.0117411
18 17 0.00324332
18 18 -0.00601
18 19 -0.0146265
18 20 -0.0205409
18 21 -0.0236471
18 22 -0.022531
18 23 -0.0179181
18 24 -0.00976169
18 25 -0.000691706
18 26 0.00830131
18 27 0.0155093
18 28 0.0206917
18 29 0.0236853
18 30 0.0239351
18 31 0.0229242
18 32 0.0205728
18 33 0.0188325
18 34 0.0164589
18 35 0.0136098
18 36 0.00959536
18 37 0.00504765
18 38 -0.00137555
18 39 -0.00881801
18 40 -0.0165226
18 41 -0.023407
18 42 -0.0281937
18 43 -0.0308244
18 44 -0.0305652
18 45 -0.0279496
18 46 -0.0237857
18 47 -0.0203433
18 48 -0.0170121
18 49 -0.0154736
18 50 -0.0154395
18 51 -0.0167882
18 52 -0.0173225
18 53 -0.0177007
18 54 -0.0162356
18 55 -0.0134466
18 56 -0.00917283
18 57 -0.00548742
18 58 -0.00213496
18 59 -0.000970942
18 60 -0.00158669
18 61 -0.004392
18 62 -0.00754302
18 63 -0.0112913
18 64 -0.0135877
18 65 -0.014593
18 66 -0.0138214
18 67 -0.0129747
18 68 -0.0114286
18 69 -0.0114217
18 70 -0.0130927
18 71 -0.016807
18 72 -0.0208555
18 73 -0.0259653
18 74 -0.0297582
18 75 -0.0315778
18 76 -0.0306615
18 77 -0.0279187
18 78 -0.0230311
18 79 -0.0174616
18 80 -0.0117791
18 81 -0.00692943
18 82 -0.00319041
18 83 0.000580438
18 84 0.0042497
18 85 0.00828103
18 86 0.0127419
18 87 0.0186255
18 88 0.0237613
18 89 0.0280054
18 90 0.029174
18 91 0.0277427
18 92 0.0228828
18 93 0.0150443
18 94 0.00505056
18 95 -0.00551811
18 96 -0.0143794
18 97 -0.0207036
18 98 -0.0232932
18 99 -0.0228345
18 100 -0.0182092
18 101 -0.0114872
18 102 -0.00273918
18 103 0.005628
18 104 0.0119961
18 105 0.0166723
18 106 0.0177023
18 107 0.0168935
18 108 0.0129775
18 109 0.00688875
18 110 -0.000317162
18 111 -0.00800178
18 112 -0.0134093
18 113 -0.0161892
18 114 -0.0148596
18 115 -0.0102438
18 116 -0.00350554
18 117 0.00388808
18 118 0.00945957
18 119 0

19 0 0
19 1 0.00877242
19 2 0.0031591
19 3 -0.00340326
19 4 -0.00988879
19 5 -0.0136282
19 6 -0.0143978
19 7 -0.0117426
19 8 -0.00617236
19 9 0.000482343
19 10 0.00788542
19 11 0.0141423
19 12 0.0188833
19 13 0.0210421
19 14 0.0195269
19 15 0.0144813
19 16 0.00578273
19 17 -0.00446289
19 18 -0.0146265
19 19 -0.0227498
19 20 -0.0274662
19 21 -0.0280984
19 22 -0.0241999
19 23 -0.0160612
19 24 -0.00519949
19 25 0.0060667
19 26 0.0161046
19 27 0.0229218
19 28 0.0269165
19 29 0.0274809
19 30 0.0248611
19 31 0.0206338
19 32 0.0158968
19 33 0.0116665
19 34 0.00804616
19 35 0.00458408
19 36 0.000819942
19 37 -0.00298372
19 38 -0.00818438
19 39 -0.0142082
19 40 -0.0203035
19 41 -0.0253089
19 42 -0.02843
19 43 -0.0289157
19 44 -0.0268081
19 45 -0.0221364
19 46 -0.0163569
19 47 -0.0111279
19 48 -0.00682239
19 49 -0.00426624
19 50 -0.00400625
19 51 -0.00501518
19 52 -0.0057283
19 53 -0.00603137
19 54 -0.00488053
19 55 -0.00182378
19 56 0.00238165
19 57 0.00626245
19 58 0.00956031
19 59 0.0109895
19 60 0.0100359
19 61 0.00721931
19 62 0.00383547
19 63 0.000138786
19 64 -0.0023868
19 65 -0.00300388
19 66 -0.00215627
19 67 -0.000930649
19 68 0.000563144
19 69 0.000688495
19 70 -0.00157898
19 71 -0.00579492
19 72 -0.0111236
19 73 -0.0173171
19 74 -0.0226825
19 75 -0.0258896
19 76 -0.0268245
19 77 -0.0255361
19 78 -0.0226156
19 79 -0.0188717
19 80 -0.0152237
19 81 -0.0123325
19 82 -0.0104813
19 83 -0.00812691
19 84 -0.00528642
19 85 -0.0012823
19 86 0.00439569
19 87 0.0117837
19 88 0.0196055
19 89 0.0267144
19 90 0.0309352
19 91 0.0317463
19 92 0.0289899
19 93 0.021884
19 94 0.0118217
19 95 0.000216544
19 96 -0.0106837
19 97 -0.0192091
19 98 -0.0243764
19 99 -0.0261484
19 100 -0.0239415
19 101 -0.018529
19 102 -0.010803
19 103 -0.0021319
19 104 0.0055366
19 105 0.0120512
19 106 0.0161568
19 107 0.0182132
19 108 0.0176463
19 109 0.0141233
19 110 0.0085317
19 111 0.00110006
19 112 -0.00579835
19 113 -0.0110738
19 114 -0.0133613
19 115 -0.012007
19 116 -0.00815696
19 117 -0.00229486
19 118 0.00333996
19 119 0

20 0 0
20 1 0.0042117
20 2 -0.00199265
20 3 -0.00763581
20 4 -0.0125053
20 5 -0.0137392
20 6 -0.0120086
20 7 -0.00733626
20 8 -0.000310664
20 9 0.00646916
20 10 0.0134477
20 11 0.0181587
20 12 0.0209667
20 13 0.0209037
20 14 0.0168864
20 15 0.0100741
20 16 -0.000183633
20 17 -0.0107123
20 18 -0.0205409
20 19 -0.0274662
20 20 -0.0303975
20 21 -0.0289689
20 22 -0.0226995
20 23 -0.0127556
20 24 -0.000205328
20 25 0.011212
20 26 0.0211032
20 27 0.0265518
20 28 0.0284719
20 29 0.0265343
20 30 0.0209291
20 31 0.0143205
20 32 0.00758111
20 33 0.00266511
20 34 -0.00141442
20 35 -0.00380229
20 36 -0.0062792
20 37 -0.00770956
20 38 -0.010682
20 39 -0.0141148
20 40 -0.0176972
20 41 -0.0203187
20 42 -0.0213393
20 43 -0.0200188
20 44 -0.0160143
20 45 -0.0102167
20 46 -0.00312547
20 47 0.00263354
20 48 0.00765176
20 49 0.009979
20 50 0.0103688
20 51 0.00862495
20 52 0.00774421
20 53 0.00650379
20 54 0.00740969
20 55 0.00973398
20 56 0.0139299
20 57 0.0171305
20 58 0.0205945
20 59 0.0216308
20 60 0.0208474
20 61 0.0176547
20 62 0.0147546
20 63 0.010909
20 64 0.00898976
20 65 0.00855287
20 66 0.0103329
20 67 0.0117999
20 68 0.0141984
20 69 0.0144452
20 70 0.0127932
20 71 0.00830883
20 72 0.00306066
20 73 -0.00384084
20 74 -0.00955496
20 75 -0.0140029
20 76 -0.0159449
20 77 -0.0162362
20 78 -0.0151068
20 79 -0.0137275
20 80 -0.0125458
20 81 -0.0123123
20 82 -0.0133694
20 83 -0.0133633
20 84 -0.0127831
20 85 -0.00980469
20 86 -0.00497763
20 87 0.00299081
20 88 0.0118704
20 89 0.0212328
20 90 0.0274673
20 91 0.0307841
20 92 0.0300841
20 93 0.0246835
20 94 0.0160994
20 95 0.00476894
20 96 -0.00618077
20 97 -0.0158012
20 98 -0.0221929
20 99 -0.0260032
20 100 -0.0257317
20 101 -0.0224972
20 102 -0.0164672
20 103 -0.00855278
20 104 -0.00113454
20 105 0.00657935
20 106 0.0122871
20 107 0.0170111
20 108 0.0193117
20 109 0.0185333
20 110 0.0152285
20 111 0.00857629
20 112 0.00140345
20 113 -0.00586928
20 114 -0.0109481
20 115 -0.0127892
20 116 -0.0119783
20 117 -0.00792272
