0 0 0
0 1 0
0 2 0
0 3 0
0 4 0
0 5 0
0 6 0
0 7 0
0 8 0
0 9 0
0 10 0
0 11 0
0 12 0
0 13 0
0 14 0
0 15 0
0 16 0
0 17 0
0 18 0
0 19 0
0 20 0
0 21 0
0 22 0
0 23 0
0 24 0
0 25 0
0 26 0
0 27 0
0 28 0
0 29 0
0 30 0
0 31 0
0 32 0
0 33 0
0 34 0
0 35 0
0 36 0
0 37 0
0 38 0
0 39 0
0 40 0
0 41 0
0 42 0
0 43 0
0 44 0
0 45 0
0 46 0
0 47 0
0 48 0
0 49 0
0 50 0
0 51 0
0 52 0
0 53 0
0 54 0
0 55 0
0 56 0
0 57 0
0 58 0
0 59 0
0 60 0
0 61 0
0 62 0
0 63 0
0 64 0
0 65 0
0 66 0
0 67 0
0 68 0
0 69 0
0 70 0
0 71 0
0 72 0
0 73 0
0 74 0
0 75 0
0 76 0
0 77 0
0 78 0
0 79 0
0 80 0
0 81 0
0 82 0
0 83 0
0 84 0
0 85 0
0 86 0
0 87 0
0 88 0
0 89 0
0 90 0
0 91 0
0 92 0
0 93 0
0 94 0
0 95 0
0 96 0
0 97 0
0 98 0
0 99 0
0 100 0
0 101 0
0 102 0
0 103 0
0 104 0
0 105 0
0 106 0
0 107 0
0 108 0
0 109 0
0 110 0
0 111 0
0 112 0
0 113 0
0 114 0
0 115 0
0 116 0
0 117 0
0 118 0
0 119 0

1 0 0
1 1 0.017189
1 2 0.0155468
1 3 0.0100921
1 4 0.00149269
1 5 -0.006035
1 6 -0.0129689
1 7 -0.0190495
1 8 -0.0204684
1 9 -0.018569
1 10 -0.0155732
1 11 -0.00934052
1 12 -0.00137658
1 13 0.00590591
1 14 0.0129163
1 15 0.017428
1 16 0.0196298
1 17 0.0208386
1 18 0.0183428
1 19 0.0135253
1 20 0.00790156
1 21 0.00110931
1 22 -0.00399838
1 23 -0.00865928
1 24 -0.013042
1 25 -0.0157608
1 26 -0.0185794
1 27 -0.0193378
1 28 -0.0188231
1 29 -0.0173222
1 30 -0.0137152
1 31 -0.0102587
1 32 -0.00531139
1 33 -0.000631825
1 34 0.0040705
1 35 0.00897482
1 36 0.0126287
1 37 0.0167149
1 38 0.0191137
1 39 0.0216382
1 40 0.0228511
1 41 0.0235787
1 42 0.0237677
1 43 0.0229269
1 44 0.0222929
1 45 0.0203765
1 46 0.0191498
1 47 0.0167031
1 48 0.0151285
1 49 0.0126103
1 50 0.0109206
1 51 0.00864892
1 52 0.00704073
1 53 0.00519865
1 54 0.00382041
1 55 0.00248947
1 56 0.00144389
1 57 0.000642036
1 58 -2.75955e-06
1 59 -0.000290613
1 60 -0.000487425
1 61 -0.000290613
1 62 -2.75955e-06
1 63 0.000642036
1 64 0.00144389
1 65 0.00248947
1 66 0.00382041
1 67 0.00519865
1 68 0.00704073
1 69 0.00864892
1 70 0.0109206
1 71 0.0126103
1 72 0.0151285
1 73 0.0167031
1 74 0.0191498
1 75 0.0203765
1 76 0.0222929
1 77 0.0229269
1 78 0.0237677
1 79 0.0235787
1 80 0.0228512
1 81 0.0216384
1 82 0.0191144
1 83 0.016717
1 84 0.0126351
1 85 0.00899196
1 86 0.00411286
1 87 -0.000536703
1 88 -0.00511947
1 89 -0.00991625
1 90 -0.0131896
1 91 -0.0166655
1 92 -0.0182527
1 93 -0.0192669
1 94 -0.019492
1 95 -0.0178764
1 96 -0.0159146
1 97 -0.0110922
1 98 -0.00462189
1 99 0.00280714
1 100 0.0110096
1 101 0.0164296
1 102 0.0202013
1 103 0.022067
1 104 0.0206549
1 105 0.0175252
1 106 0.0111831
1 107 0.00301293
1 108 -0.00380597
1 109 -0.0109613
1 110 -0.0171058
1 111 -0.0195289
1 112 -0.0196553
1 113 -0.0170932
1 114 -0.0113079
1 115 -0.00422705
1 116 0.0039728
1 117 0.0116446
1 118 0.015471
1 119 0

2 0 0
2 1 0.0155468
2 2 0.0121165
2 3 0.00396161
2 4 -0.00397534
2 5 -0.00961733
2 6 -0.0147768
2 7 -0.0174991
2 8 -0.0174366
2 9 -0.0160582
2 10 -0.0110005
2 11 -0.00372209
2 12 0.00279206
2 13 0.0106024
2 14 0.0167843
2 15 0.0185816
2 16 0.0194916
2 17 0.0176505
2 18 0.0129873
2 19 0.00809878
2 20 0.000575505
2 21 -0.00599972
2 22 -0.0102089
2 23 -0.0141693
2 24 -0.014958
2 25 -0.0157153
2 26 -0.0158976
2 27 -0.0141607
2 28 -0.0132543
2 29 -0.00983919
2 30 -0.00661504
2 31 -0.00273762
2 32 0.00223247
2 33 0.00573302
2 34 0.0106467
2 35 0.0134847
2 36 0.0167153
2 37 0.0187412
2 38 0.0196383
2 39 0.0206502
2 40 0.0195218
2 41 0.0193795
2 42 0.017026
2 43 0.015786
2 44 0.0130296
2 45 0.0109497
2 46 0.00837974
2 47 0.00582158
2 48 0.00374766
2 49 0.00106318
2 50 -0.000418202
2 51 -0.00296039
2 52 -0.00387369
2 53 -0.00611021
2 54 -0.00652651
2 55 -0.00838471
2 56 -0.00837591
2 57 -0.00984329
2 58 -0.00945977
2 59 -0.0105523
2 60 -0.00981602
2 61 -0.0105523
2 62 -0.00945977
2 63 -0.00984329
2 64 -0.00837591
2 65 -0.00838471
2 66 -0.00652651
2 67 -0.00611021
2 68 -0.00387369
2 69 -0.00296039
2 70 -0.000418202
2 71 0.00106318
2 72 0.00374766
2 73 0.00582158
2 74 0.00837974
2 75 0.0109497
2 76 0.0130296
2 77 0.015786
2 78 0.017026
2 79 0.0193795
2 80 0.019522
2 81 0.0206507
2 82 0.0196398
2 83 0.0187457
2 84 0.0167278
2 85 0.0135163
2 86 0.0107198
2 87 0.00588524
2 88 0.00251471
2 89 -0.00228249
2 90 -0.00600375
2 91 -0.00922481
2 92 -0.0129803
2 93 -0.0146978
2 94 -0.017582
2 95 -0.0183537
2 96 -0.0176036
2 97 -0.0154589
2 98 -0.00927724
2 99 -0.00327688
2 100 0.00362349
2 101 0.0102797
2 102 0.0143216
2 103 0.0186775
2 104 0.0199052
2 105 0.0174375
2 106 0.0141841
2 107 0.00797976
2 108 0.00100887
2 109 -0.00514154
2 110 -0.0120703
2 111 -0.0157532
2 112 -0.0157722
2 113 -0.0157131
2 114 -0.0129755
2 115 -0.00734377
2 116 -0.00240366
2 117 0.00404562
2 118 0.0120018
2 119 0

3 0 0
3 1 0.0100921
3 2 0.00396161
3 3 -0.00210247
3 4 -0.00641063
3 5 -0.0109959
3 6 -0.0140805
3 7 -0.0140488
3 8 -0.0132003
3 9 -0.00957618
3 10 -0.00243059
3 11 0.00298735
3 12 0.0075424
3 13 0.0127945
3 14 0.0150195
3 15 0.0158285
3 16 0.0149501
3 17 0.010384
3 18 0.00632608
3 19 0.000863866
3 20 -0.00628912
3 21 -0.0108843
3 22 -0.0152671
3 23 -0.016458
3 24 -0.0146512
3 25 -0.0132281
3 26 -0.00919189
3 27 -0.00634341
3 28 -0.00307254
3 29 0.00114223
3 30 0.00363955
3 31 0.00798093
3 32 0.0102164
3 33 0.0128584
3 34 0.0147511
3 35 0.0149511
3 36 0.0159571
3 37 0.0142622
3 38 0.013889
3 39 0.0113684
3 40 0.00955924
3 41 0.00709969
3 42 0.00425185
3 43 0.00229602
3 44 -0.000977339
3 45 -0.00235762
3 46 -0.0054898
3 47 -0.00641211
3 48 -0.00903114
3 49 -0.00965634
3 50 -0.0116076
3 51 -0.0120669
3 52 -0.0133613
3 53 -0.0137374
3 54 -0.0144792
3 55 -0.014812
3 56 -0.0151381
3 57 -0.0154347
3 58 -0.015476
3 59 -0.0157164
3 60 -0.0155789
3 61 -0.0157164
3 62 -0.015476
3 63 -0.0154347
3 64 -0.0151381
3 65 -0.014812
3 66 -0.0144792
3 67 -0.0137374
3 68 -0.0133613
3 69 -0.0120669
3 70 -0.0116076
3 71 -0.00965634
3 72 -0.00903114
3 73 -0.00641211
3 74 -0.0054898
3 75 -0.00235762
3 76 -0.000977338
3 77 0.00229602
3 78 0.00425188
3 79 0.00709977
3 80 0.00955955
3 81 0.0113695
3 82 0.0138922
3 83 0.0142712
3 84 0.0159806
3 85 0.0150069
3 86 0.0148711
3 87 0.0130894
3 88 0.0106063
3 89 0.00853861
3 90 0.00426432
3 91 0.00155595
3 92 -0.00331034
3 93 -0.00764128
3 94 -0.0115562
3 95 -0.0159449
3 96 -0.0164195
3 97 -0.0161649
3 98 -0.0129331
3 99 -0.00779698
3 100 -0.00389775
3 101 0.00222951
3 102 0.0072813
3 103 0.0110106
3 104 0.0143002
3 105 0.0134842
3 106 0.0122353
3 107 0.0109467
3 108 0.00636674
3 109 0.00189793
3 110 -0.00254458
3 111 -0.00799733
3 112 -0.0111507
3 113 -0.0124889
3 114 -0.0122693
3 115 -0.00917043
3 116 -0.00603341
3 117 -0.00267848
3 118 0.00352439
3 119 0

4 0 0
4 1 0.00149269
4 2 -0.00397534
4 3 -0.00641063
4 4 -0.00854509
4 5 -0.0112139
4 6 -0.0108552
4 7 -0.00850604
4 8 -0.00521979
4 9 0.000451038
4 10 0.00513929
4 11 0.00791006
4 12 0.0110101
4 13 0.0116744
4 14 0.0113016
4 15 0.011244
4 16 0.00682536
4 17 0.00168373
4 18 -0.00235663
4 19 -0.00814241
4 20 -0.0113375
4 21 -0.014224
4 22 -0.0165587
4 23 -0.014115
4 24 -0.0116296
4 25 -0.00644097
4 26 -0.000472597
4 27 0.00337265
4 28 0.00896986
4 29 0.011443
4 30 0.0143658
4 31 0.0163438
4 32 0.0160288
4 33 0.0169013
4 34 0.0142835
4 35 0.0131057
4 36 0.00975051
4 37 0.00648608
4 38 0.0035342
4 39 -0.00091463
4 40 -0.0031016
4 41 -0.00752288
4 42 -0.00909776
4 43 -0.0125543
4 44 -0.0138017
4 45 -0.0158701
4 46 -0.0169912
4 47 -0.017701
4 48 -0.0187778
4 49 -0.0184211
4 50 -0.019467
4 51 -0.0184163
4 52 -0.0194313
4 53 -0.0180226
4 54 -0.0190235
4 55 -0.0175057
4 56 -0.0185301
4 57 -0.0170583
4 58 -0.0181547
4 59 -0.0168044
4 60 -0.0180165
4 61 -0.0168044
4 62 -0.0181547
4 63 -0.0170583
4 64 -0.0185301
4 65 -0.0175057
4 66 -0.0190235
4 67 -0.0180226
4 68 -0.0194313
4 69 -0.0184163
4 70 -0.019467
4 71 -0.0184211
4 72 -0.0187778
4 73 -0.017701
4 74 -0.0169912
4 75 -0.0158701
4 76 -0.0138017
4 77 -0.0125543
4 78 -0.00909771
4 79 -0.00752268
4 80 -0.0031009
4 81 -0.000912431
4 82 0.00354058
4 83 0.00650315
4 84 0.00979231
4 85 0.0131987
4 86 0.0144695
4 87 0.01723
4 88 0.0165281
4 89 0.0169585
4 90 0.0148826
4 91 0.0114657
4 92 0.00804431
4 93 0.00131191
4 94 -0.00320567
4 95 -0.00866257
4 96 -0.0120101
4 97 -0.0122003
4 98 -0.0133358
4 99 -0.0114018
4 100 -0.00982185
4 101 -0.00745046
4 102 -0.00184588
4 103 0.00147388
4 104 0.00495695
4 105 0.00826838
4 106 0.00896969
4 107 0.0106071
4 108 0.0103652
4 109 0.00763818
4 110 0.00627666
4 111 0.00276386
4 112 -0.00318463
4 113 -0.00699438
4 114 -0.00942817
4 115 -0.0105781
4 116 -0.00906823
4 117 -0.00731785
4 118 -0.00541284
4 119 0

5 0 0
5 1 -0.006035
5 2 -0.00961733
5 3 -0.0109959
5 4 -0.0112139
5 5 -0.0094217
5 6 -0.00508469
5 7 0.000183437
5 8 0.0054543
5 9 0.0086119
5 10 0.00956429
5 11 0.011554
5 12 0.0120434
5 13 0.00947476
5 14 0.00747745
5 15 0.00329852
5 16 -0.00285762
5 17 -0.00712172
5 18 -0.0121257
5 19 -0.0145631
5 20 -0.0140566
5 21 -0.0150057
5 22 -0.0127019
5 23 -0.00951145
5 24 -0.00537622
5 25 0.00238714
5 26 0.00771448
5 27 0.0139877
5 28 0.0183101
5 29 0.0197043
5 30 0.0217533
5 31 0.0195779
5 32 0.0184507
5 33 0.0149499
5 34 0.0106454
5 35 0.00707895
5 36 0.00101857
5 37 -0.00231877
5 38 -0.00814783
5 39 -0.0113344
5 40 -0.0154807
5 41 -0.0185032
5 42 -0.0204767
5 43 -0.0231276
5 44 -0.0232056
5 45 -0.0252217
5 46 -0.0240396
5 47 -0.0252621
5 48 -0.0234798
5 49 -0.0239193
5 50 -0.0220509
5 51 -0.0218602
5 52 -0.0202349
5 53 -0.0196413
5 54 -0.018432
5 55 -0.0176734
5 56 -0.0169439
5 57 -0.01623
5 58 -0.0159743
5 59 -0.0154717
5 60 -0.0156387
5 61 -0.0154717
5 62 -0.0159743
5 63 -0.01623
5 64 -0.0169439
5 65 -0.0176734
5 66 -0.018432
5 67 -0.0196413
5 68 -0.0202349
5 69 -0.0218602
5 70 -0.0220509
5 71 -0.0239193
5 72 -0.0234798
5 73 -0.0252621
5 74 -0.0240396
5 75 -0.0252217
5 76 -0.0232056
5 77 -0.0231276
5 78 -0.0204766
5 79 -0.0185028
5 80 -0.0154792
5 81 -0.01133
5 82 -0.00813568
5 83 -0.00228811
5 84 0.00108906
5 85 0.00722536
5 86 0.0109162
5 87 0.0153857
5 88 0.0190345
5 89 0.0201609
5 90 0.0220003
5 91 0.0191525
5 92 0.0166239
5 93 0.0113572
5 94 0.00510193
5 95 0.00121661
5 96 -0.004158
5 97 -0.0063448
5 98 -0.00926916
5 99 -0.0128446
5 100 -0.0132987
5 101 -0.0143821
5 102 -0.0123485
5 103 -0.00856283
5 104 -0.00568286
5 105 0.000479271
5 106 0.00595283
5 107 0.00894345
5 108 0.011976
5 109 0.0125832
5 110 0.0119179
5 111 0.0109962
5 112 0.00711128
5 113 0.00164605
5 114 -0.0042047
5 115 -0.0100961
5 116 -0.0127378
5 117 -0.0125131
5 118 -0.0115992
5 119 0

6 0 0
6 1 -0.0129689
6 2 -0.0147768
6 3 -0.0140805
6 4 -0.0108552
6 5 -0.00508469
6 6 0.00173797
6 7 0.00818042
6 8 0.0127369
6 9 0.0144084
6 10 0.0151113
6 11 0.0145614
6 12 0.0106949
6 13 0.00561174
6 14 -0.000601692
6 15 -0.00744326
6 16 -0.0109632
6 17 -0.0141015
6 18 -0.0167086
6 19 -0.0153171
6 20 -0.0143804
6 21 -0.0119055
6 22 -0.00770223
6 23 -0.00476879
6 24 0.00210535
6 25 0.00880518
6 26 0.015141
6 27 0.0219644
6 28 0.0237964
6 29 0.0255413
6 30 0.0234842
6 31 0.0196026
6 32 0.0158845
6 33 0.00892491
6 34 0.00444987
6 35 -0.00256679
6 36 -0.00758221
6 37 -0.0126519
6 38 -0.0176856
6 39 -0.0202527
6 40 -0.0244545
6 41 -0.0249947
6 42 -0.0276264
6 43 -0.0269703
6 44 -0.027731
6 45 -0.0266021
6 46 -0.0256598
6 47 -0.0245208
6 48 -0.0223423
6 49 -0.0214305
6 50 -0.0185697
6 51 -0.017987
6 52 -0.0149317
6 53 -0.0147208
6 54 -0.0118229
6 55 -0.0120101
6 56 -0.00948203
6 57 -0.0100951
6 58 -0.00803826
6 59 -0.0091089
6 60 -0.00755137
6 61 -0.0091089
6 62 -0.00803826
6 63 -0.0100951
6 64 -0.00948203
6 65 -0.0120101
6 66 -0.0118229
6 67 -0.0147208
6 68 -0.0149317
6 69 -0.017987
6 70 -0.0185697
6 71 -0.0214305
6 72 -0.0223423
6 73 -0.0245208
6 74 -0.0256598
6 75 -0.0266021
6 76 -0.027731
6 77 -0.0269702
6 78 -0.0276261
6 79 -0.0249937
6 80 -0.0244515
6 81 -0.0202442
6 82 -0.0176636
6 83 -0.0125998
6 84 -0.00746974
6 85 -0.00234945
6 86 0.00481927
6 87 0.00945874
6 88 0.016493
6 89 0.0200234
6 90 0.0232843
6 91 0.0242905
6 92 0.0214307
6 93 0.0191447
6 94 0.0132097
6 95 0.009066
6 96 0.00476945
6 97 -0.000992426
6 98 -0.00467524
6 99 -0.0105133
6 100 -0.0141283
6 101 -0.0156201
6 102 -0.0179852
6 103 -0.0168332
6 104 -0.0141864
6 105 -0.0095169
6 106 -0.00127991
6 107 0.00551282
6 108 0.011422
6 109 0.0169264
6 110 0.0181828
6 111 0.016501
6 112 0.0140151
6 113 0.00929347
6 114 0.00166111
6 115 -0.00688392
6 116 -0.0130431
6 117 -0.0160759
6 118 -0.0169386
6 119 0

7 0 0
7 1 -0.0190495
7 2 -0.0174991
7 3 -0.0140488
7 4 -0.00850604
7 5 0.000183437
7 6 0.00818042
7 7 0.0132342
7 8 0.0172911
7 9 0.0200248
7 10 0.0186764
7 11 0.0133851
7 12 0.00684658
7 13 -0.00084127
7 14 -0.00923454
7 15 -0.0141221
7 16 -0.016207
7 17 -0.0177928
7 18 -0.0166438
7 19 -0.0148613
7 20 -0.0119863
7 21 -0.00609181
7 22 -0.00177335
7 23 0.00349692
7 24 0.00954789
7 25 0.0139407
7 26 0.020093
7 27 0.0229395
7 28 0.0239533
7 29 0.0233295
7 30 0.0185266
7 31 0.0146701
7 32 0.00780767
7 33 0.00195558
7 34 -0.00383392
7 35 -0.0102855
7 36 -0.0140461
7 37 -0.0195228
7 38 -0.0215761
7 39 -0.0248266
7 40 -0.0257663
7 41 -0.0263681
7 42 -0.0265934
7 43 -0.0249401
7 44 -0.0246229
7 45 -0.0215506
7 46 -0.0207689
7 47 -0.0171566
7 48 -0.016003
7 49 -0.0125309
7 50 -0.0111435
7 51 -0.00822245
7 52 -0.00676454
7 53 -0.00457428
7 54 -0.00320352
7 55 -0.00176916
7 56 -0.00061985
7 57 0.000115559
7 58 0.000933664
7 59 0.00105856
7 60 0.00145077
7 61 0.00105856
7 62 0.000933664
7 63 0.000115559
7 64 -0.00061985
7 65 -0.00176916
7 66 -0.00320352
7 67 -0.00457428
7 68 -0.00676454
7 69 -0.00822245
7 70 -0.0111435
7 71 -0.0125309
7 72 -0.016003
7 73 -0.0171566
7 74 -0.0207689
7 75 -0.0215506
7 76 -0.0246229
7 77 -0.02494
7 78 -0.0265928
7 79 -0.0263662
7 80 -0.0257606
7 81 -0.0248113
7 82 -0.0215385
7 83 -0.0194385
7 84 -0.0138762
7 85 -0.0099816
7 86 -0.00336374
7 87 0.00255189
7 88 0.00834279
7 89 0.0147707
7 90 0.0177268
7 91 0.0213648
7 92 0.0211611
7 93 0.0204342
7 94 0.0193338
7 95 0.0157252
7 96 0.0131928
7 97 0.00718086
7 98 0.000460029
7 99 -0.00537332
7 100 -0.0120765
7 101 -0.0157779
7 102 -0.0190853
7 103 -0.0214201
7 104 -0.0192044
7 105 -0.0152828
7 106 -0.00922383
7 107 -0.000323194
7 108 0.00861754
7 109 0.0165933
7 110 0.0216999
7 111 0.0218111
7 112 0.0183936
7 113 0.0134749
7 114 0.00670413
7 115 -0.0021944
7 116 -0.0106681
7 117 -0.0164464
7 118 -0.0198385
7 119 0

8 0 0
8 1 -0.0204684
8 2 -0.0174366
8 3 -0.0132003
8 4 -0.00521979
8 5 0.0054543
8 6 0.0127369
8 7 0.0172911
8 8 0.0214226
8 9 0.0212191
8 10 0.0158103
8 11 0.00898379
8 12 0.00129744
8 13 -0.00681992
8 14 -0.0128282
8 15 -0.017052
8 16 -0.0194636
8 17 -0.0181603
8 18 -0.0154159
8 19 -0.0118446
8 20 -0.00516678
8 21 0.00142184
8 22 0.00723623
8 23 0.0124729
8 24 0.014491
8 25 0.0167056
8 26 0.0180769
8 27 0.0176381
8 28 0.0174076
8 29 0.0138086
8 30 0.00995402
8 31 0.00492087
8 32 -0.00118665
8 33 -0.00558981
8 34 -0.0113553
8 35 -0.0145883
8 36 -0.0182217
8 37 -0.0204089
8 38 -0.0213401
8 39 -0.0224557
8 40 -0.0211207
8 41 -0.0210276
8 42 -0.0183681
8 43 -0.0170765
8 44 -0.0140362
8 45 -0.0117908
8 46 -0.00903298
8 47 -0.00622615
8 48 -0.00408461
8 49 -0.0011178
8 50 0.000322841
8 51 0.00313883
8 52 0.00393271
8 53 0.00641236
8 54 0.00666355
8 55 0.00873166
8 56 0.00853941
8 57 0.0101934
8 58 0.00962549
8 59 0.0108952
8 60 0.00998
8 61 0.0108952
8 62 0.00962549
8 63 0.0101934
8 64 0.00853941
8 65 0.00873166
8 66 0.00666355
8 67 0.00641236
8 68 0.00393271
8 69 0.00313883
8 70 0.000322841
8 71 -0.0011178
8 72 -0.00408461
8 73 -0.00622614
8 74 -0.00903298
8 75 -0.0117908
8 76 -0.0140361
8 77 -0.0170761
8 78 -0.0183668
8 79 -0.0210238
8 80 -0.0211102
8 81 -0.0224292
8 82 -0.0212787
8 83 -0.0202798
8 84 -0.017979
8 85 -0.0141888
8 86 -0.0108011
8 87 -0.00499868
8 88 -0.000855164
8 89 0.00454282
8 90 0.00847058
8 91 0.0112587
8 92 0.0145882
8 93 0.0159661
8 94 0.0187808
8 95 0.0197895
8 96 0.0184803
8 97 0.0155009
8 98 0.00856008
8 99 0.00161449
8 100 -0.0056364
8 101 -0.0135542
8 102 -0.0187949
8 103 -0.0219586
8 104 -0.0217442
8 105 -0.0174614
8 106 -0.0123079
8 107 -0.00541746
8 108 0.00414084
8 109 0.0123611
8 110 0.0181993
8 111 0.0226603
8 112 0.0222023
8 113 0.016405
8 114 0.0102172
8 115 0.00297156
8 116 -0.00746873
8 117 -0.0158
8 118 -0.0189986
8 119 0

9 0 0
9 1 -0.018569
9 2 -0.0160582
9 3 -0.00957618
9 4 0.000451038
9 5 0.0086119
9 6 0.0144084
9 7 0.0200248
9 8 0.0212191
9 9 0.0169312
9 10 0.0115947
9 11 0.00412243
9 12 -0.00501628
9 13 -0.0110214
9 14 -0.0155967
9 15 -0.0193703
9 16 -0.0184185
9 17 -0.0145746
9 18 -0.0095292
9 19 -0.00258511
9 20 0.00365422
9 21 0.00933709
9 22 0.0143759
9 23 0.0158806
9 24 0.0155787
9 25 0.0141072
9 26 0.0114822
9 27 0.00976984
9 28 0.0069094
9 29 0.00340596
9 30 -0.000462886
9 31 -0.00565445
9 32 -0.00971317
9 33 -0.0139139
9 34 -0.0167494
9 35 -0.0182715
9 36 -0.0192504
9 37 -0.0182244
9 38 -0.0173273
9 39 -0.0147424
9 40 -0.0123308
9 41 -0.00921649
9 42 -0.00591205
9 43 -0.00298189
9 44 0.000530461
9 45 0.00292595
9 46 0.00609716
9 47 0.00787564
9 48 0.0103919
9 49 0.0116204
9 50 0.0133948
9 51 0.0141997
9 52 0.0153036
9 53 0.0158178
9 54 0.0164004
9 55 0.016736
9 56 0.0169617
9 57 0.0171972
9 58 0.0172065
9 59 0.0173808
9 60 0.0172726
9 61 0.0173808
9 62 0.0172065
9 63 0.0171972
9 64 0.0169617
9 65 0.016736
9 66 0.0164004
9 67 0.0158178
9 68 0.0153036
9 69 0.0141997
9 70 0.0133948
9 71 0.0116204
9 72 0.0103919
9 73 0.00787564
9 74 0.00609718
9 75 0.00292602
9 76 0.000530704
9 77 -0.00298109
9 78 -0.0059096
9 79 -0.00920954
9 80 -0.0123126
9 81 -0.0146987
9 82 -0.0172317
9 83 -0.0180363
9 84 -0.0189225
9 85 -0.0177798
9 86 -0.0161529
9 87 -0.0134273
9 88 -0.00973179
9 89 -0.00663475
9 90 -0.00260587
9 91 0.000546046
9 92 0.00454084
9 93 0.00934643
9 94 0.0136627
9 95 0.0180124
9 96 0.0192786
9 97 0.0179413
9 98 0.014877
9 99 0.00907678
9 100 0.00260873
9 101 -0.0051586
9 102 -0.0133229
9 103 -0.0177713
9 104 -0.01972
9 105 -0.0192524
9 106 -0.0146291
9 107 -0.00866798
9 108 -0.00145923
9 109 0.00712061
9 110 0.0131607
9 111 0.017815
9 112 0.0212208
9 113 0.0181872
9 114 0.0115967
9 115 0.00610745
9 116 -0.0020138
9 117 -0.0115001
9 118 -0.0162016
9 119 0

10 0 0
10 1 -0.0155732
10 2 -0.0110005
10 3 -0.00243059
10 4 0.00513929
10 5 0.00956429
10 6 0.0151113
10 7 0.0186764
10 8 0.0158103
10 9 0.0115947
10 10 0.00646121
10 11 -0.00259932
10 12 -0.0100022
10 13 -0.0143159
10 14 -0.0177784
10 15 -0.0169402
10 16 -0.0131665
10 17 -0.00800957
10 18 0.000116249
10 19 0.00678204
10 20 0.0116519
10 21 0.0162581
10 22 0.0177097
10 23 0.0172283
10 24 0.0141251
10 25 0.00848092
10 26 0.00349214
10 27 -0.00164181
10 28 -0.00569679
10 29 -0.0090913
10 30 -0.0127469
10 31 -0.0153521
10 32 -0.0177958
10 33 -0.0188151
10 34 -0.0186567
10 35 -0.0174108
10 36 -0.014776
10 37 -0.0116904
10 38 -0.00770489
10 39 -0.00371681
10 40 0.000484222
10 41 0.00446619
10 42 0.00811905
10 43 0.0114502
10 44 0.0141817
10 45 0.0165495
10 46 0.0182889
10 47 0.0196716
10 48 0.0205429
10 49 0.0211096
10 50 0.0213347
10 51 0.0213389
10 52 0.0211641
10 53 0.0208632
10 54 0.0205118
10 55 0.0201217
10 56 0.0197701
10 57 0.0194476
10 58 0.0192172
10 59 0.0190577
10 60 0.0190152
10 61 0.0190577
10 62 0.0192172
10 63 0.0194476
10 64 0.0197701
10 65 0.0201217
10 66 0.0205118
10 67 0.0208632
10 68 0.0211641
10 69 0.0213389
10 70 0.0213347
10 71 0.0211096
10 72 0.0205429
10 73 0.0196716
10 74 0.0182889
10 75 0.0165496
10 76 0.0141822
10 77 0.0114517
10 78 0.00812355
10 79 0.00447836
10 80 0.000514474
10 81 -0.00364805
10 82 -0.00756334
10 83 -0.01143
10 84 -0.0143577
10 85 -0.0168483
10 86 -0.0180875
10 87 -0.0185565
10 88 -0.0183021
10 89 -0.0169871
10 90 -0.015397
10 91 -0.0118721
10 92 -0.00715203
10 93 -0.000603249
10 94 0.00688265
10 95 0.0126012
10 96 0.0170509
10 97 0.0182683
10 98 0.0175503
10 99 0.0154954
10 100 0.00982038
10 101 0.00349925
10 102 -0.00344063
10 103 -0.0100567
10 104 -0.0134515
10 105 -0.016369
10 106 -0.0162738
10 107 -0.0112492
10 108 -0.00642813
10 109 -0.000363332
10 110 0.00730986
10 111 0.0117511
10 112 0.0146726
10 113 0.0161003
10 114 0.0124702
10 115 0.0073264
10 116 0.00308702
10 117 -0.00323767
10 118 -0.0103074
10 119 0

11 0 0
11 1 -0.00934052
11 2 -0.00372209
11 3 0.00298735
11 4 0.00791006
11 5 0.011554
11 6 0.0145614
11 7 0.0133851
11 8 0.00898379
11 9 0.00412243
11 10 -0.00259932
11 11 -0.00870383
11 12 -0.0123336
11 13 -0.0154358
11 14 -0.0148012
11 15 -0.0109949
11 16 -0.00727102
11 17 -0.000149194
11 18 0.00798529
11 19 0.014052
11 20 0.0194447
11 21 0.0209265
11 22 0.019978
11 23 0.0169044
11 24 0.00947859
11 25 0.00150621
11 26 -0.00726644
11 27 -0.0143963
11 28 -0.0184935
11 29 -0.0216561
11 30 -0.0220841
11 31 -0.0223279
11 32 -0.0211016
11 33 -0.0187642
11 34 -0.0159781
11 35 -0.0114058
11 36 -0.00724673
11 37 -0.00173259
11 38 0.00299057
11 39 0.00803459
11 40 0.0124399
11 41 0.0161434
11 42 0.0196064
11 43 0.0217024
11 44 0.0239353
11 45 0.0245824
11 46 0.0256009
11 47 0.0251775
11 48 0.0252064
11 49 0.0241472
11 50 0.0235093
11 51 0.0222033
11 52 0.0212274
11 53 0.0199722
11 54 0.0189384
11 55 0.017934
11 56 0.0170528
11 57 0.0164156
11 58 0.0158299
11 59 0.0156118
11 60 0.0154079
11 61 0.0156118
11 62 0.0158299
11 63 0.0164156
11 64 0.0170528
11 65 0.017934
11 66 0.0189384
11 67 0.0199722
11 68 0.0212274
11 69 0.0222033
11 70 0.0235093
11 71 0.0241472
11 72 0.0252064
11 73 0.0251775
11 74 0.025601
11 75 0.0245827
11 76 0.0239363
11 77 0.0217053
11 78 0.0196143
11 79 0.0161638
11 80 0.012488
11 81 0.00813801
11 82 0.00319061
11 83 -0.00139039
11 84 -0.00674501
11 85 -0.0108162
11 86 -0.0155314
11 87 -0.0188652
11 88 -0.0221948
11 89 -0.0245709
11 90 -0.0249663
11 91 -0.0239178
11 92 -0.0186849
11 93 -0.0119336
11 94 -0.00314502
11 95 0.00525371
11 96 0.0113711
11 97 0.0170491
11 98 0.0192811
11 99 0.0195309
11 100 0.0167617
11 101 0.0104534
11 102 0.00524904
11 103 -0.000854008
11 104 -0.00665131
11 105 -0.00986404
11 106 -0.0126237
11 107 -0.0121154
11 108 -0.00949729
11 109 -0.00746258
11 110 -0.00234994
11 111 0.00344431
11 112 0.00667821
11 113 0.0103927
11 114 0.0123743
11 115 0.00990763
11 116 0.00671999
11 117 0.00326369
11 118 -0.00228435
11 119 0

12 0 0
12 1 -0.00137658
12 2 0.00279206
12 3 0.0075424
12 4 0.0110101
12 5 0.0120434
12 6 0.0106949
12 7 0.00684658
12 8 0.00129744
12 9 -0.00501628
12 10 -0.0100022
12 11 -0.0123336
12 12 -0.0140463
12 13 -0.0138712
12 14 -0.0100216
12 15 -0.00528301
12 16 0.00097274
12 17 0.00856238
12 18 0.0149505
12 19 0.0209111
12 20 0.0231593
12 21 0.021243
12 22 0.0178881
12 23 0.0109883
12 24 0.0029392
12 25 -0.00626278
12 26 -0.0160376
12 27 -0.0223414
12 28 -0.027003
12 29 -0.0278251
12 30 -0.0266281
12 31 -0.0245224
12 32 -0.0202034
12 33 -0.016472
12 34 -0.0105979
12 35 -0.00522587
12 36 0.000926568
12 37 0.00709379
12 38 0.0121894
12 39 0.0177238
12 40 0.0210092
12 41 0.0248242
12 42 0.0262602
12 43 0.0279571
12 44 0.0279353
12 45 0.0277068
12 46 0.0267565
12 47 0.0251295
12 48 0.0237418
12 49 0.0213288
12 50 0.0198834
12 51 0.0172184
12 52 0.015974
12 53 0.0134427
12 54 0.0125583
12 55 0.0103972
12 56 0.00996267
12 57 0.00829241
12 58 0.00835699
12 59 0.00722337
12 60 0.00781518
12 61 0.00722337
12 62 0.00835699
12 63 0.00829241
12 64 0.00996267
12 65 0.0103972
12 66 0.0125583
12 67 0.0134427
12 68 0.015974
12 69 0.0172184
12 70 0.0198834
12 71 0.0213288
12 72 0.0237418
12 73 0.0251295
12 74 0.0267566
12 75 0.0277073
12 76 0.0279371
12 77 0.0279621
12 78 0.0262736
12 79 0.0248569
12 80 0.0210826
12 81 0.0178727
12 82 0.0124591
12 83 0.0075202
12 84 0.00148852
12 85 -0.00467628
12 86 -0.0103866
12 87 -0.0170512
12 88 -0.0219158
12 89 -0.0272159
12 90 -0.029378
12 91 -0.0291564
12 92 -0.025766
12 93 -0.0187338
12 94 -0.011764
12 95 -0.00333865
12 96 0.00376241
12 97 0.010428
12 98 0.016683
12 99 0.0191008
12 100 0.0197941
12 101 0.0175363
12 102 0.0134067
12 103 0.00907874
12 104 0.00233864
12 105 -0.00343026
12 106 -0.00717026
12 107 -0.0108146
12 108 -0.0124255
12 109 -0.0121585
12 110 -0.0104605
12 111 -0.00665934
12 112 -0.00176037
12 113 0.00403995
12 114 0.00903309
12 115 0.0109162
12 116 0.0109459
12 117 0.00919584
12 118 0.00501911
12 119 0

13 0 0
13 1 0.00590591
13 2 0.0106024
13 3 0.0127945
13 4 0.0116744
13 5 0.00947476
13 6 0.00561174
13 7 -0.00084127
13 8 -0.00681992
13 9 -0.0110214
13 10 -0.0143159
13 11 -0.0154358
13 12 -0.0138712
13 13 -0.0105627
13 14 -0.00514696
13 15 0.00245313
13 16 0.009909
13 17 0.0155161
13 18 0.0201451
13 19 0.0225347
13 20 0.0213804
13 21 0.0178676
13 22 0.0115785
13 23 0.00433961
13 24 -0.00328576
13 25 -0.0125409
13 26 -0.0204526
13 27 -0.0270227
13 28 -0.030326
13 29 -0.0294722
13 30 -0.0269041
13 31 -0.0213152
13 32 -0.0157355
13 33 -0.00925365
13 34 -0.00249647
13 35 0.00338041
13 36 0.010003
13 37 0.0145923
13 38 0.0195563
13 39 0.0224291
13 40 0.0248033
13 41 0.0259513
13 42 0.025777
13 43 0.0255169
13 44 0.0234896
13 45 0.0222602
13 46 0.0192649
13 47 0.0174942
13 48 0.0142915
13 49 0.0123335
13 50 0.00943472
13 51 0.00754765
13 52 0.0052192
13 53 0.00356998
13 54 0.00189833
13 55 0.000582418
13 56 -0.00045044
13 57 -0.00138157
13 58 -0.00183736
13 59 -0.00234934
13 60 -0.00229466
13 61 -0.00234934
13 62 -0.00183736
13 63 -0.00138157
13 64 -0.00045044
13 65 0.000582418
13 66 0.00189833
13 67 0.00356998
13 68 0.0052192
13 69 0.00754765
13 70 0.00943472
13 71 0.0123335
13 72 0.0142916
13 73 0.0174943
13 74 0.0192652
13 75 0.0222613
13 76 0.0234927
13 77 0.0255254
13 78 0.0257987
13 79 0.0260018
13 80 0.0249106
13 81 0.0226343
13 82 0.0199032
13 83 0.0150944
13 84 0.010583
13 85 0.00380247
13 86 -0.00263707
13 87 -0.0103923
13 88 -0.0180123
13 89 -0.0241999
13 90 -0.0291227
13 91 -0.0295677
13 92 -0.0277159
13 93 -0.0227283
13 94 -0.0165825
13 95 -0.0106896
13 96 -0.00340833
13 97 0.0032332
13 98 0.00981832
13 99 0.0149819
13 100 0.0177267
13 101 0.0199192
13 102 0.0199018
13 103 0.0169659
13 104 0.0118911
13 105 0.00508235
13 106 -0.00187085
13 107 -0.0082071
13 108 -0.0135422
13 109 -0.0162594
13 110 -0.0157205
13 111 -0.0136506
13 112 -0.0100253
13 113 -0.0030044
13 114 0.0044492
13 115 0.00905733
13 116 0.0130239
13 117 0.0154765
13 118 0.0130277
13 119 0

14 0 0
14 1 0.0129163
14 2 0.0167843
14 3 0.0150195
14 4 0.0113016
14 5 0.00747745
14 6 -0.000601692
14 7 -0.00923454
14 8 -0.0128282
14 9 -0.0155967
14 10 -0.0177784
14 11 -0.0148012
14 12 -0.0100216
14 13 -0.00514696
14 14 0.00222315
14 15 0.0092585
14 16 0.0145761
14 17 0.0186719
14 18 0.0198203
14 19 0.0194
14 20 0.0174643
14 21 0.01205
14 22 0.00529318
14 23 -0.00200873
14 24 -0.00988246
14 25 -0.0168181
14 26 -0.0234306
14 27 -0.0279266
14 28 -0.0285755
14 29 -0.0262028
14 30 -0.0202461
14 31 -0.0130643
14 32 -0.00564995
14 33 0.00168236
14 34 0.00738184
14 35 0.0127454
14 36 0.0163723
14 37 0.0191867
14 38 0.0208782
14 39 0.0211585
14 40 0.0210732
14 41 0.0194074
14 42 0.0179121
14 43 0.0151937
14 44 0.0128129
14 45 0.00986113
14 46 0.00712195
14 47 0.00448428
14 48 0.00180433
14 49 -0.00025658
14 50 -0.00261523
14 51 -0.00404619
14 52 -0.00596859
14 53 -0.00683438
14 54 -0.008313
14 55 -0.00872195
14 56 -0.0098079
14 57 -0.0098628
14 58 -0.010623
14 59 -0.0103941
14 60 -0.0108801
14 61 -0.0103941
14 62 -0.010623
14 63 -0.0098628
14 64 -0.0098079
14 65 -0.00872195
14 66 -0.008313
14 67 -0.00683438
14 68 -0.00596859
14 69 -0.00404619
14 70 -0.00261522
14 71 -0.000256565
14 72 0.00180439
14 73 0.00448446
14 74 0.00712256
14 75 0.009863
14 76 0.0128182
14 77 0.0152077
14 78 0.0179459
14 79 0.0194823
14 80 0.021224
14 81 0.0214294
14 82 0.0213031
14 83 0.019742
14 84 0.0169088
14 85 0.0129393
14 86 0.00678671
14 87 -3.81144e-05
14 88 -0.00834287
14 89 -0.0158094
14 90 -0.0215652
14 91 -0.0249206
14 92 -0.0248554
14 93 -0.0234876
14 94 -0.0203975
14 95 -0.0160867
14 96 -0.0107574
14 97 -0.00358179
14 98 0.00292286
14 99 0.00859884
14 100 0.0140446
14 101 0.0179349
14 102 0.0207586
14 103 0.020756
14 104 0.0170894
14 105 0.0125149
14 106 0.00545223
14 107 -0.00378612
14 108 -0.0107744
14 109 -0.0164551
14 110 -0.0202225
14 111 -0.0190154
14 112 -0.0157509
14 113 -0.0106031
14 114 -0.0010473
14 115 0.00817214
14 116 0.013755
14 117 0.0179683
14 118 0.0194081
14 119 0

15 0 0
15 1 0.017428
15 2 0.0185816
15 3 0.0158285
15 4 0.011244
15 5 0.00329852
15 6 -0.00744326
15 7 -0.0141221
15 8 -0.017052
15 9 -0.0193703
15 10 -0.0169402
15 11 -0.0109949
15 12 -0.00528301
15 13 0.00245313
15 14 0.0092585
15 15 0.013373
15 16 0.0176357
15 17 0.0182165
15 18 0.015756
15 19 0.0135217
15 20 0.00869847
15 21 0.00312948
15 22 -0.00288591
15 23 -0.00973428
15 24 -0.0140475
15 25 -0.0179497
15 26 -0.020817
15 27 -0.0215521
15 28 -0.0208306
15 29 -0.0163316
15 30 -0.0100814
15 31 -0.00266455
15 32 0.0047571
15 33 0.0104055
15 34 0.0151029
15 35 0.0176197
15 36 0.0190601
15 37 0.0190671
15 38 0.0179415
15 39 0.0161296
15 40 0.0133208
15 41 0.010366
15 42 0.00682022
15 43 0.00346157
15 44 -9.1901e-06
15 45 -0.00313819
15 46 -0.00602054
15 47 -0.00853151
15 48 -0.010624
15 49 -0.0123879
15 50 -0.0137191
15 51 -0.0147987
15 52 -0.0155241
15 53 -0.0160839
15 54 -0.0164007
15 55 -0.0166304
15 56 -0.0167207
15 57 -0.016785
15 58 -0.0167854
15 59 -0.0167979
15 60 -0.0167854
15 61 -0.0167979
15 62 -0.0167854
15 63 -0.016785
15 64 -0.0167207
15 65 -0.0166304
15 66 -0.0164007
15 67 -0.0160839
15 68 -0.0155241
15 69 -0.0147987
15 70 -0.0137191
15 71 -0.0123879
15 72 -0.0106239
15 73 -0.00853116
15 74 -0.00601945
15 75 -0.00313498
15 76 -4.68448e-07
15 77 0.00348351
15 78 0.00687098
15 79 0.0104731
15 80 0.0135243
15 81 0.0164723
15 82 0.0184359
15 83 0.0196373
15 84 0.0194753
15 85 0.0174831
15 86 0.0139835
15 87 0.0081545
15 88 0.00188079
15 89 -0.00491232
15 90 -0.0102249
15 91 -0.0137189
15 92 -0.0164194
15 93 -0.0174937
15 94 -0.0188768
15 95 -0.018231
15 96 -0.0154916
15 97 -0.0117663
15 98 -0.00585094
15 99 -0.000539621
15 100 0.00603154
15 101 0.0133737
15 102 0.0176199
15 103 0.0207174
15 104 0.0206012
15 105 0.0169033
15 106 0.0118867
15 107 0.00269154
15 108 -0.00681386
15 109 -0.0132917
15 110 -0.0202642
15 111 -0.023135
15 112 -0.0193782
15 113 -0.0147013
15 114 -0.00705125
15 115 0.00512965
15 116 0.0144281
15 117 0.0189183
15 118 0.0212702
15 119 0

16 0 0
16 1 0.0196298
16 2 0.0194916
16 3 0.0149501
16 4 0.00682536
16 5 -0.00285762
16 6 -0.0109632
16 7 -0.016207
16 8 -0.0194636
16 9 -0.0184185
16 10 -0.0131665
16 11 -0.00727102
16 12 0.00097274
16 13 0.009909
16 14 0.0145761
16 15 0.0176357
16 16 0.0182369
16 17 0.0142124
16 18 0.00935336
16 19 0.00298987
16 20 -0.00306518
16 21 -0.00704687
16 22 -0.0119808
16 23 -0.0145949
16 24 -0.015389
16 25 -0.0154696
16 26 -0.0134676
16 27 -0.0122659
16 28 -0.00917827
16 29 -0.00453941
16 30 0.00113886
16 31 0.00833156
16 32 0.0136768
16 33 0.0183049
16 34 0.0201077
16 35 0.0201518
16 36 0.0186285
16 37 0.0153531
16 38 0.0119335
16 39 0.007139
16 40 0.00299828
16 41 -0.00188702
16 42 -0.00586693
16 43 -0.00987873
16 44 -0.0131002
16 45 -0.0157774
16 46 -0.0179807
16 47 -0.0193008
16 48 -0.0205221
16 49 -0.0207416
16 50 -0.0212008
16 51 -0.0206889
16 52 -0.0206747
16 53 -0.0197949
16 54 -0.0195847
16 55 -0.0186315
16 56 -0.0184489
16 57 -0.0176281
16 58 -0.0176292
16 59 -0.0170602
16 60 -0.0173336
16 61 -0.0170602
16 62 -0.0176292
16 63 -0.0176281
16 64 -0.0184489
16 65 -0.0186315
16 66 -0.0195847
16 67 -0.0197949
16 68 -0.0206747
16 69 -0.0206889
16 70 -0.0212007
16 71 -0.0207415
16 72 -0.0205219
16 73 -0.0193002
16 74 -0.0179788
16 75 -0.0157721
16 76 -0.0130864
16 77 -0.00984541
16 78 -0.00579339
16 79 -0.00173964
16 80 0.00326268
16 81 0.0075538
16 82 0.0124774
16 83 0.0158842
16 84 0.0188344
16 85 0.0195949
16 86 0.0184438
16 87 0.0156527
16 88 0.0109096
16 89 0.00691317
16 90 0.00230884
16 91 -0.000823075
16 92 -0.00457371
16 93 -0.00901281
16 94 -0.012692
16 95 -0.0165731
16 96 -0.0172761
16 97 -0.0171032
16 98 -0.0154011
16 99 -0.010481
16 100 -0.00458579
16 101 0.00409982
16 102 0.0118506
16 103 0.0170081
16 104 0.021519
16 105 0.0209597
16 106 0.016143
16 107 0.00906157
16 108 -0.00109716
16 109 -0.0100784
16 110 -0.0169779
16 111 -0.021879
16 112 -0.0209438
16 113 -0.0161474
16 114 -0.00979287
16 115 2.53935e-05
16 116 0.0104842
16 117 0.0178182
16 118 0.0216101
16 119 0

17 0 0
17 1 0.0208386
17 2 0.0176505
17 3 0.010384
17 4 0.00168373
17 5 -0.00712172
17 6 -0.0141015
17 7 -0.0177928
17 8 -0.0181603
17 9 -0.0145746
17 10 -0.00800957
17 11 -0.000149194
17 12 0.00856238
17 13 0.0155161
17 14 0.0186719
17 15 0.0182165
17 16 0.0142124
17 17 0.00827239
17 18 0.000671692
17 19 -0.00742265
17 20 -0.0127726
17 21 -0.0165676
17 22 -0.0185025
17 23 -0.0179955
17 24 -0.0161168
17 25 -0.0112993
17 26 -0.00616818
17 27 -0.00129595
17 28 0.00383908
17 29 0.00817257
17 30 0.0137356
17 31 0.0182149
17 32 0.0217104
17 33 0.0231443
17 34 0.0216216
17 35 0.01879
17 36 0.0134713
17 37 0.0082317
17 38 0.00196991
17 39 -0.0036318
17 40 -0.00890202
17 41 -0.0136425
17 42 -0.0171087
17 43 -0.020402
17 44 -0.0219843
17 45 -0.0237058
17 46 -0.0237472
17 47 -0.0241053
17 48 -0.0231264
17 49 -0.0225085
17 50 -0.0210282
17 51 -0.0198607
17 52 -0.0182994
17 53 -0.0169567
17 54 -0.0156073
17 55 -0.0143739
17 56 -0.0134135
17 57 -0.0124831
17 58 -0.0120007
17 59 -0.0114924
17 60 -0.011515
17 61 -0.0114924
17 62 -0.0120007
17 63 -0.0124831
17 64 -0.0134135
17 65 -0.0143739
17 66 -0.0156073
17 67 -0.0169567
17 68 -0.0182994
17 69 -0.0198607
17 70 -0.0210282
17 71 -0.0225084
17 72 -0.023126
17 73 -0.0241042
17 74 -0.0237441
17 75 -0.0236973
17 76 -0.0219631
17 77 -0.0203531
17 78 -0.0170058
17 79 -0.0134468
17 80 -0.00857164
17 81 -0.00315214
17 82 0.00253039
17 83 0.00865647
17 84 0.0133787
17 85 0.0177498
17 86 0.0194536
17 87 0.0202907
17 88 0.019369
17 89 0.0178834
17 90 0.0161974
17 91 0.0126265
17 92 0.00814267
17 93 0.000878264
17 94 -0.00647762
17 95 -0.0130211
17 96 -0.0183848
17 97 -0.020963
17 98 -0.0221059
17 99 -0.0193039
17 100 -0.012951
17 101 -0.00528158
17 102 0.00354823
17 103 0.0112906
17 104 0.0175769
17 105 0.020842
17 106 0.0189313
17 107 0.0137415
17 108 0.00607865
17 109 -0.00335019
17 110 -0.0117812
17 111 -0.0171367
17 112 -0.0186829
17 113 -0.0171246
17 114 -0.0120888
17 115 -0.00354078
17 116 0.00510507
17 117 0.0126541
17 118 0.0192535
17 119 0

18 0 0
18 1 0.0183428
18 2 0.0129873
18 3 0.00632608
18 4 -0.00235663
18 5 -0.0121257
18 6 -0.0167086
18 7 -0.0166438
18 8 -0.0154159
18 9 -0.0095292
18 10 0.000116249
18 11 0.00798529
18 12 0.0149505
18 13 0.0201451
18 14 0.0198203
18 15 0.015756
18 16 0.00935336
18 17 0.000671692
18 18 -0.00819728
18 19 -0.016416
18 20 -0.0223121
18 21 -0.0240336
18 22 -0.0228403
18 23 -0.0192369
18 24 -0.0129026
18 25 -0.00503534
18 26 0.00330872
18 27 0.0104361
18 28 0.015248
18 29 0.0188131
18 30 0.0211723
18 31 0.0227981
18 32 0.0233354
18 33 0.0217082
18 34 0.0185249
18 35 0.0132211
18 36 0.0071475
18 37 0.000619258
18 38 -0.00578323
18 39 -0.011202
18 40 -0.0161601
18 41 -0.0195393
18 42 -0.0223904
18 43 -0.0237374
18 44 -0.024521
18 45 -0.0242644
18 46 -0.0234177
18 47 -0.0221271
18 48 -0.0202515
18 49 -0.0184725
18 50 -0.0161487
18 51 -0.0143141
18 52 -0.0119958
18 53 -0.010401
18 54 -0.00838671
18 55 -0.00720699
18 56 -0.00566191
18 57 -0.00498773
18 58 -0.0039857
18 59 -0.0038583
18 60 -0.00342189
18 61 -0.0038583
18 62 -0.0039857
18 63 -0.00498773
18 64 -0.00566191
18 65 -0.00720699
18 66 -0.00838671
18 67 -0.010401
18 68 -0.0119958
18 69 -0.0143141
18 70 -0.0161486
18 71 -0.0184723
18 72 -0.0202509
18 73 -0.0221253
18 74 -0.0234127
18 75 -0.0242514
18 76 -0.0244896
18 77 -0.023668
18 78 -0.0222511
18 79 -0.0192883
18 80 -0.0157631
18 81 -0.0106741
18 82 -0.00525173
18 83 0.000862196
18 84 0.00667678
18 85 0.0116745
18 86 0.0159571
18 87 0.0189043
18 88 0.02172
18 89 0.0236993
18 90 0.0247495
18 91 0.023559
18 92 0.0188308
18 93 0.0114226
18 94 0.00208959
18 95 -0.00720559
18 96 -0.0155279
18 97 -0.0225652
18 98 -0.0262581
18 99 -0.0256941
18 100 -0.0211635
18 101 -0.0135519
18 102 -0.00512564
18 103 0.00382601
18 104 0.0124726
18 105 0.017286
18 106 0.0187663
18 107 0.017667
18 108 0.0121172
18 109 0.00456036
18 110 -0.00311534
18 111 -0.0108438
18 112 -0.0149265
18 113 -0.0152208
18 114 -0.0139265
18 115 -0.00848633
18 116 0.000386483
18 117 0.00804118
18 118 0.0137406
18 119 0

19 0 0
19 1 0.0135253
19 2 0.00809878
19 3 0.000863866
19 4 -0.00814241
19 5 -0.0145631
19 6 -0.0153171
19 7 -0.0148613
19 8 -0.0118446
19 9 -0.00258511
19 10 0.00678204
19 11 0.014052
19 12 0.0209111
19 13 0.0225347
19 14 0.0194
19 15 0.0135217
19 16 0.00298987
19 17 -0.00742265
19 18 -0.016416
19 19 -0.0252007
19 20 -0.0287699
19 21 -0.0279184
19 22 -0.0236322
19 23 -0.0156391
19 24 -0.00721821
19 25 0.00274678
19 26 0.0121748
19 27 0.0187499
19 28 0.0230577
19 29 0.0237455
19 30 0.0233634
19 31 0.0219933
19 32 0.0196102
19 33 0.016656
19 34 0.0117657
19 35 0.0063358
19 36 -7.34815e-05
19 37 -0.00617586
19 38 -0.0115996
19 39 -0.0161315
19 40 -0.0191497
19 41 -0.021231
19 42 -0.0218084
19 43 -0.0216435
19 44 -0.0203943
19 45 -0.018658
19 46 -0.0163465
19 47 -0.0138003
19 48 -0.0111059
19 49 -0.00838663
19 50 -0.0058013
19 51 -0.00333483
19 52 -0.00114772
19 53 0.000844032
19 54 0.00250765
19 55 0.00395039
19 56 0.00506862
19 57 0.00596874
19 58 0.00656526
19 59 0.00695431
19 60 0.00705551
19 61 0.00695431
19 62 0.00656526
19 63 0.00596874
19 64 0.00506862
19 65 0.00395039
19 66 0.00250765
19 67 0.000844034
19 68 -0.00114771
19 69 -0.00333481
19 70 -0.0058012
19 71 -0.00838631
19 72 -0.0111049
19 73 -0.0137974
19 74 -0.0163386
19 75 -0.0186384
19 76 -0.0203491
19 77 -0.021548
19 78 -0.0216258
19 79 -0.02092
19 80 -0.0186916
19 81 -0.0155821
19 82 -0.0111533
19 83 -0.00619182
19 84 -0.000981112
19 85 0.0043081
19 86 0.00896133
19 87 0.0141777
19 88 0.0189653
19 89 0.0241413
19 90 0.0277534
19 91 0.0283246
19 92 0.0256225
19 93 0.0185857
19 94 0.0102584
19 95 0.000243868
19 96 -0.010175
19 97 -0.0191312
19 98 -0.0264653
19 99 -0.0282781
19 100 -0.0264834
19 101 -0.0219233
19 102 -0.0132728
19 103 -0.00428068
19 104 0.00549149
19 105 0.0137285
19 106 0.0172227
19 107 0.0195864
19 108 0.0177962
19 109 0.0106588
19 110 0.00449526
19 111 -0.00254819
19 112 -0.010396
19 113 -0.012639
19 114 -0.0119551
19 115 -0.0112184
19 116 -0.00623477
19 117 0.00162368
19 118 0.00750075
19 119 0

20 0 0
20 1 0.00790156
20 2 0.000575505
20 3 -0.00628912
20 4 -0.0113375
20 5 -0.0140566
20 6 -0.0143804
20 7 -0.0119863
20 8 -0.00516678
20 9 0.00365422
20 10 0.0116519
20 11 0.0194447
20 12 0.0231593
20 13 0.0213804
20 14 0.0174643
20 15 0.00869847
20 16 -0.00306518
20 17 -0.0127726
20 18 -0.0223121
20 19 -0.0287699
20 20 -0.0304543
20 21 -0.02864
20 22 -0.0209887
20 23 -0.0115607
20 24 -0.00142227
20 25 0.00970515
20 26 0.018226
20 27 0.0250258
20 28 0.0271484
20 29 0.0254245
20 30 0.0220218
20 31 0.0166546
20 32 0.0122558
20 33 0.00690442
20 34 0.00188445
20 35 -0.00331885
20 36 -0.00857773
20 37 -0.0124804
20 38 -0.0160096
20 39 -0.0173553
20 40 -0.0181006
20 41 -0.0169944
20 42 -0.0153606
20 43 -0.0127336
20 44 -0.00971705
20 45 -0.00654921
20 46 -0.00309623
20 47 -9.78493e-05
20 48 0.00313175
20 49 0.00556875
20 50 0.00823056
20 51 0.00997787
20 52 0.0119783
20 53 0.0130803
20 54 0.0144806
20 55 0.0150633
20 56 0.0159902
20 57 0.0161903
20 58 0.0167701
20 59 0.0166897
20 60 0.0170077
20 61 0.0166897
20 62 0.0167701
20 63 0.0161903
20 64 0.0159902
20 65 0.0150633
20 66 0.0144806
20 67 0.0130803
20 68 0.0119784
20 69 0.00997792
20 70 0.00823073
20 71 0.00556929
20 72 0.00313337
20 73 -9.33183e-05
20 74 -0.00308443
20 75 -0.00652077
20 76 -0.009654
20 77 -0.0126061
20 78 -0.0151287
20 79 -0.0166222
20 80 -0.017594
20 81 -0.0168212
20 82 -0.0157119
20 83 -0.0128258
20 84 -0.00995068
20 85 -0.00575075
20 86 -0.000948075
20 87 0.00502076
20 88 0.0127399
20 89 0.0199321
20 90 0.0268404
20 91 0.0294249
20 92 0.0285399
20 93 0.0238539
20 94 0.0158144
20 95 0.00693867
20 96 -0.00464425
20 97 -0.0149355
20 98 -0.0228816
20 99 -0.0276536
20 100 -0.0273266
20 101 -0.0253383
20 102 -0.0191941
20 103 -0.00986679
20 104 -0.00152457
20 105 0.00755083
20 106 0.0144654
20 107 0.0181649
20 108 0.0198896
20 109 0.0164309
20 110 0.0105792
20 111 0.00490787
20 112 -0.00292669
20 113 -0.00898865
20 114 -0.0106599
20 115 -0.0113641
20 116 -0.0105098
20 117 -0.00657819
20 118 -0.00111191
20 119 0

21 0 0
21 1 0.00110931
21 2 -0.00599972
