0 0 0
0 1 0
0 2 0
0 3 0
0 4 0
0 5 0
0 6 0
0 7 0
0 8 0
0 9 0
0 10 0
0 11 0
0 12 0
0 13 0
0 14 0
0 15 0
0 16 0
0 17 0
0 18 0
0 19 0
0 20 0
0 21 0
0 22 0
0 23 0
0 24 0
0 25 0
0 26 0
0 27 0
0 28 0
0 29 0
0 30 0
0 31 0
0 32 0
0 33 0
0 34 0
0 35 0
0 36 0
0 37 0
0 38 0
0 39 0
0 40 0
0 41 0
0 42 0
0 43 0
0 44 0
0 45 0
0 46 0
0 47 0
0 48 0
0 49 0
0 50 0
0 51 0
0 52 0
0 53 0
0 54 0
0 55 0
0 56 0
0 57 0
0 58 0
0 59 0
0 60 0
0 61 0
0 62 0
0 63 0
0 64 0
0 65 0
0 66 0
0 67 0
0 68 0
0 69 0
0 70 0
0 71 0
0 72 0
0 73 0
0 74 0
0 75 0
0 76 0
0 77 0
0 78 0
0 79 0
0 80 0
0 81 0
0 82 0
0 83 0
0 84 0
0 85 0
0 86 0
0 87 0
0 88 0
0 89 0
0 90 0
0 91 0
0 92 0
0 93 0
0 94 0
0 95 0
0 96 0
0 97 0
0 98 0
0 99 0
0 100 0
0 101 0
0 102 0
0 103 0
0 104 0
0 105 0
0 106 0
0 107 0
0 108 0
0 109 0
0 110 0
0 111 0
0 112 0
0 113 0
0 114 0
0 115 0
0 116 0
0 117 0
0 118 0
0 119 0

1 0 0
1 1 0
1 2 0
1 3 0
1 4 0
1 5 0
1 6 0
1 7 0
1 8 0
1 9 0
1 10 2.73424e-22
1 11 2.7894e-20
1 12 1.36417e-18
1 13 4.25891e-17
1 14 9.53637e-16
1 15 1.63145e-14
1 16 2.21826e-13
1 17 2.46236e-12
1 18 2.27497e-11
1 19 1.77494e-10
1 20 1.18272e-09
1 21 6.79252e-09
1 22 3.38801e-08
1 23 1.47748e-07
1 24 5.66803e-07
1 25 1.92422e-06
1 26 5.81579e-06
1 27 1.57484e-05
1 28 3.84641e-05
1 29 8.53397e-05
1 30 0.00017327
1 31 0.000324333
1 32 0.000563757
1 33 0.000916195
1 34 0.00140091
1 35 0.00202695
1 36 0.00278938
1 37 0.00366771
1 38 0.00462667
1 39 0.00561947
1 40 0.00659273
1 41 0.00749221
1 42 0.00826838
1 43 0.00888111
1 44 0.00930274
1 45 0.00951959
1 46 0.0095318
1 47 0.00935193
1 48 0.00900264
1 49 0.00851391
1 50 0.00792022
1 51 0.00725787
1 52 0.00656282
1 53 0.00586893
1 54 0.00520679
1 55 0.00460298
1 56 0.00407974
1 57 0.00365491
1 58 0.00334204
1 59 0.0031506
1 60 0.00308617
1 61 0.0031506
1 62 0.00334204
1 63 0.00365491
1 64 0.00407974
1 65 0.00460298
1 66 0.00520679
1 67 0.00586893
1 68 0.00656282
1 69 0.00725787
1 70 0.00792022
1 71 0.00851391
1 72 0.00900264
1 73 0.00935193
1 74 0.0095318
1 75 0.00951959
1 76 0.00930274
1 77 0.00888111
1 78 0.00826838
1 79 0.00749221
1 80 0.00659273
1 81 0.00561947
1 82 0.00462667
1 83 0.00366771
1 84 0.00278938
1 85 0.00202695
1 86 0.00140091
1 87 0.000916195
1 88 0.000563757
1 89 0.000324333
1 90 0.00017327
1 91 8.53397e-05
1 92 3.84641e-05
1 93 1.57484e-05
1 94 5.81579e-06
1 95 1.92422e-06
1 96 5.66803e-07
1 97 1.47748e-07
1 98 3.38801e-08
1 99 6.79252e-09
1 100 1.18272e-09
1 101 1.77494e-10
1 102 2.27497e-11
1 103 2.46236e-12
1 104 2.21826e-13
1 105 1.63145e-14
1 106 9.53637e-16
1 107 4.25891e-17
1 108 1.36417e-18
1 109 2.7894e-20
1 110 2.73424e-22
1 111 0
1 112 0
1 113 0
1 114 0
1 115 0
1 116 0
1 117 0
1 118 0
1 119 0

2 0 0
2 1 0
2 2 0
2 3 0
2 4 0
2 5 0
2 6 0
2 7 0
2 8 0
2 9 3.16314e-22
2 10 3.2915e-20
2 11 1.64231e-18
2 12 5.23209e-17
2 13 1.1957e-15
2 14 2.08795e-14
2 15 2.89787e-13
2 16 3.28328e-12
2 17 3.09553e-11
2 18 2.46373e-10
2 19 1.67378e-09
2 20 9.79261e-09
2 21 4.97021e-08
2 22 2.20223e-07
2 23 8.56715e-07
2 24 2.94216e-06
2 25 8.96894e-06
2 26 2.44109e-05
2 27 5.96921e-05
2 28 0.000132035
2 29 0.000266095
2 30 0.000492256
2 31 0.000842093
2 32 0.00134155
2 33 0.00200341
2 34 0.00282107
2 35 0.00376546
2 36 0.00478612
2 37 0.00581619
2 38 0.00678038
2 39 0.0076042
2 40 0.0082226
2 41 0.00858681
2 42 0.00866839
2 43 0.00846039
2 44 0.00797588
2 45 0.00724455
2 46 0.00630816
2 47 0.00521576
2 48 0.00401906
2 49 0.00276863
2 50 0.00151103
2 51 0.000286977
2 52 -0.000869642
2 53 -0.00193186
2 54 -0.00287923
2 55 -0.00369698
2 56 -0.00437506
2 57 -0.00490698
2 58 -0.0052889
2 59 -0.0055187
2 60 -0.0055954
2 61 -0.0055187
2 62 -0.0052889
2 63 -0.00490698
2 64 -0.00437506
2 65 -0.00369698
2 66 -0.00287923
2 67 -0.00193186
2 68 -0.000869642
2 69 0.000286977
2 70 0.00151103
2 71 0.00276863
2 72 0.00401906
2 73 0.00521576
2 74 0.00630816
2 75 0.00724455
2 76 0.00797588
2 77 0.00846039
2 78 0.00866839
2 79 0.00858681
2 80 0.0082226
2 81 0.0076042
2 82 0.00678038
2 83 0.00581619
2 84 0.00478612
2 85 0.00376546
2 86 0.00282107
2 87 0.00200341
2 88 0.00134155
2 89 0.000842093
2 90 0.000492256
2 91 0.000266095
2 92 0.000132035
2 93 5.96921e-05
2 94 2.44109e-05
2 95 8.96894e-06
2 96 2.94216e-06
2 97 8.56715e-07
2 98 2.20223e-07
2 99 4.97021e-08
2 100 9.79261e-09
2 101 1.67378e-09
2 102 2.46373e-10
2 103 3.09553e-11
2 104 3.28328e-12
2 105 2.89787e-13
2 106 2.08795e-14
2 107 1.1957e-15
2 108 5.23209e-17
2 109 1.64231e-18
2 110 3.2915e-20
2 111 3.16314e-22
2 112 0
2 113 0
2 114 0
2 115 0
2 116 0
2 117 0
2 118 0
2 119 0

3 0 0
3 1 0
3 2 0
3 3 0
3 4 0
3 5 0
3 6 0
3 7 0
3 8 3.52812e-22
3 9 3.74327e-20
3 10 1.90498e-18
3 11 6.19198e-17
3 12 1.44418e-15
3 13 2.57442e-14
3 14 3.64829e-13
3 15 4.22115e-12
3 16 4.06438e-11
3 17 3.30337e-10
3 18 2.29124e-09
3 19 1.36801e-08
3 20 7.08079e-08
3 21 3.19623e-07
3 22 1.2649e-06
3 23 4.41054e-06
3 24 1.36175e-05
3 25 3.74225e-05
3 26 9.20584e-05
3 27 0.000203989
3 28 0.000409938
3 29 0.000752527
3 30 0.00127109
3 31 0.00198945
3 32 0.0029041
3 33 0.00397676
3 34 0.00513395
3 35 0.00627428
3 36 0.00728194
3 37 0.00804311
3 38 0.00846179
3 39 0.00847201
3 40 0.00804456
3 41 0.00718783
3 42 0.00594349
3 43 0.0043787
3 44 0.00257643
3 45 0.000625765
3 46 -0.00138659
3 47 -0.00338285
3 48 -0.0052984
3 49 -0.00708383
3 50 -0.00870514
3 51 -0.0101425
3 52 -0.0113882
3 53 -0.012444
3 54 -0.0133183
3 55 -0.0140238
3 56 -0.0145749
3 57 -0.0149859
3 58 -0.0152695
3 59 -0.0154355
3 60 -0.0154901
3 61 -0.0154355
3 62 -0.0152695
3 63 -0.0149859
3 64 -0.0145749
3 65 -0.0140238
3 66 -0.0133183
3 67 -0.012444
3 68 -0.0113882
3 69 -0.0101425
3 70 -0.00870514
3 71 -0.00708383
3 72 -0.0052984
3 73 -0.00338285
3 74 -0.00138659
3 75 0.000625765
3 76 0.00257643
3 77 0.0043787
3 78 0.00594349
3 79 0.00718783
3 80 0.00804456
3 81 0.00847201
3 82 0.00846179
3 83 0.00804311
3 84 0.00728194
3 85 0.00627428
3 86 0.00513395
3 87 0.00397676
3 88 0.0029041
3 89 0.00198945
3 90 0.00127109
3 91 0.000752527
3 92 0.000409938
3 93 0.000203989
3 94 9.20584e-05
3 95 3.74225e-05
3 96 1.36175e-05
3 97 4.41054e-06
3 98 1.2649e-06
3 99 3.19623e-07
3 100 7.08079e-08
3 101 1.36801e-08
3 102 2.29124e-09
3 103 3.30337e-10
3 104 4.06438e-11
3 105 4.22115e-12
3 106 3.64829e-13
3 107 2.57442e-14
3 108 1.44418e-15
3 109 6.19198e-17
3 110 1.90498e-18
3 111 3.74327e-20
3 112 3.52812e-22
3 113 0
3 114 0
3 115 0
3 116 0
3 117 0
3 118 0
3 119 0

4 0 0
4 1 0
4 2 0
4 3 0
4 4 0
4 5 0
4 6 0
4 7 3.79439e-22
4 8 4.1032e-20
4 9 2.12902e-18
4 10 7.05788e-17
4 11 1.6794e-15
4 12 3.055e-14
4 13 4.41896e-13
4 14 5.21953e-12
4 15 5.13098e-11
4 16 4.25752e-10
4 17 3.0143e-09
4 18 1.83639e-08
4 19 9.69286e-08
4 20 4.45759e-07
4 21 1.7949e-06
4 22 6.35653e-06
4 23 1.98859e-05
4 24 5.52086e-05
4 25 0.000136704
4 26 0.000303607
4 27 0.000608589
4 28 0.00110859
4 29 0.001848
4 30 0.00283856
4 31 0.00404289
4 32 0.00536827
4 33 0.00667396
4 34 0.00779099
4 35 0.00854938
4 36 0.00880595
4 37 0.00846657
4 38 0.00749853
4 39 0.00593186
4 40 0.00385101
4 41 0.00137974
4 42 -0.00133693
4 43 -0.00415047
4 44 -0.00692377
4 45 -0.00954181
4 46 -0.0119177
4 47 -0.0139947
4 48 -0.0157445
4 49 -0.0171636
4 50 -0.0182682
4 51 -0.0190888
4 52 -0.019665
4 53 -0.0200409
4 54 -0.0202612
4 55 -0.0203686
4 56 -0.0204014
4 57 -0.020392
4 58 -0.0203665
4 59 -0.0203436
4 60 -0.0203347
4 61 -0.0203436
4 62 -0.0203665
4 63 -0.020392
4 64 -0.0204014
4 65 -0.0203686
4 66 -0.0202612
4 67 -0.0200409
4 68 -0.019665
4 69 -0.0190888
4 70 -0.0182682
4 71 -0.0171636
4 72 -0.0157445
4 73 -0.0139947
4 74 -0.0119177
4 75 -0.00954181
4 76 -0.00692377
4 77 -0.00415047
4 78 -0.00133693
4 79 0.00137974
4 80 0.00385101
4 81 0.00593186
4 82 0.00749853
4 83 0.00846657
4 84 0.00880595
4 85 0.00854938
4 86 0.00779099
4 87 0.00667396
4 88 0.00536827
4 89 0.00404289
4 90 0.00283856
4 91 0.001848
4 92 0.00110859
4 93 0.000608589
4 94 0.000303607
4 95 0.000136704
4 96 5.52086e-05
4 97 1.98859e-05
4 98 6.35653e-06
4 99 1.7949e-06
4 100 4.45759e-07
4 101 9.69286e-08
4 102 1.83639e-08
4 103 3.0143e-09
4 104 4.25752e-10
4 105 5.13098e-11
4 106 5.21953e-12
4 107 4.41896e-13
4 108 3.055e-14
4 109 1.6794e-15
4 110 7.05788e-17
4 111 2.12902e-18
4 112 4.1032e-20
4 113 3.79439e-22
4 114 0
4 115 0
4 116 0
4 117 0
4 118 0
4 119 0

5 0 0
5 1 0
5 2 0
5 3 0
5 4 0
5 5 0
5 6 3.93493e-22
5 7 4.33546e-20
5 8 2.29274e-18
5 9 7.74907e-17
5 10 1.88044e-15
5 11 3.48956e-14
5 12 5.1503e-13
5 13 6.20836e-12
5 14 6.2291e-11
5 15 5.2755e-10
5 16 3.81172e-09
5 17 2.36917e-08
5 18 1.2751e-07
5 19 5.9744e-07
5 20 2.44797e-06
5 21 8.80688e-06
5 22 2.79253e-05
5 23 7.83488e-05
5 24 0.000195334
5 25 0.000434859
5 26 0.000869275
5 27 0.00156999
5 28 0.00257881
5 29 0.00387734
5 30 0.00536739
5 31 0.00687231
5 32 0.00816142
5 33 0.00899148
5 34 0.00915339
5 35 0.00851151
5 36 0.00702679
5 37 0.00476003
5 38 0.00185726
5 39 -0.001477
5 40 -0.00501168
5 41 -0.00851949
5 42 -0.0118014
5 43 -0.0147024
5 44 -0.0171189
5 45 -0.0189987
5 46 -0.0203349
5 47 -0.0211573
5 48 -0.0215222
5 49 -0.0215026
5 50 -0.0211792
5 51 -0.0206338
5 52 -0.0199444
5 53 -0.0191814
5 54 -0.0184061
5 55 -0.0176702
5 56 -0.0170154
5 57 -0.0164744
5 58 -0.0160716
5 59 -0.0158234
5 60 -0.0157396
5 61 -0.0158234
5 62 -0.0160716
5 63 -0.0164744
5 64 -0.0170154
5 65 -0.0176702
5 66 -0.0184061
5 67 -0.0191814
5 68 -0.0199444
5 69 -0.0206338
5 70 -0.0211792
5 71 -0.0215026
5 72 -0.0215222
5 73 -0.0211573
5 74 -0.0203349
5 75 -0.0189987
5 76 -0.0171189
5 77 -0.0147024
5 78 -0.0118014
5 79 -0.00851949
5 80 -0.00501168
5 81 -0.001477
5 82 0.00185726
5 83 0.00476003
5 84 0.00702679
5 85 0.00851151
5 86 0.00915339
5 87 0.00899148
5 88 0.00816142
5 89 0.00687231
5 90 0.00536739
5 91 0.00387734
5 92 0.00257881
5 93 0.00156999
5 94 0.000869275
5 95 0.000434859
5 96 0.000195334
5 97 7.83488e-05
5 98 2.79253e-05
5 99 8.80688e-06
5 100 2.44797e-06
5 101 5.9744e-07
5 102 1.2751e-07
5 103 2.36917e-08
5 104 3.81172e-09
5 105 5.2755e-10
5 106 6.2291e-11
5 107 6.20836e-12
5 108 5.1503e-13
5 109 3.48956e-14
5 110 1.88044e-15
5 111 7.74907e-17
5 112 2.29274e-18
5 113 4.33546e-20
5 114 3.93493e-22
5 115 0
5 116 0
5 117 0
5 118 0
5 119 0

6 0 0
6 1 0
6 2 0
6 3 0
6 4 0
6 5 3.93493e-22
6 6 4.41574e-20
6 7 2.37922e-18
6 8 8.19565e-17
6 9 2.02759e-15
6 10 3.83705e-14
6 11 5.77664e-13
6 12 7.10431e-12
6 13 7.27329e-11
6 14 6.28563e-10
6 15 4.63395e-09
6 16 2.93809e-08
6 17 1.61233e-07
6 18 7.69701e-07
6 19 3.20974e-06
6 20 1.17337e-05
6 21 3.77245e-05
6 22 0.000107009
6 23 0.000268737
6 24 0.000599877
6 25 0.00119575
6 26 0.00213985
6 27 0.00345781
6 28 0.00507433
6 29 0.00679544
6 30 0.00832919
6 31 0.00934147
6 32 0.00952984
6 33 0.00869215
6 34 0.00677041
6 35 0.0038606
6 36 0.000190099
6 37 -0.00392744
6 38 -0.00814614
6 39 -0.0121385
6 40 -0.0156341
6 41 -0.0184417
6 42 -0.0204564
6 43 -0.0216533
6 44 -0.0220735
6 45 -0.0218059
6 46 -0.0209682
6 47 -0.0196911
6 48 -0.0181047
6 49 -0.01633
6 50 -0.0144727
6 51 -0.0126211
6 52 -0.0108456
6 53 -0.00920027
6 54 -0.00772468
6 55 -0.00644661
6 56 -0.00538462
6 57 -0.00455045
6 58 -0.00395106
6 59 -0.00359022
6 60 -0.00346978
6 61 -0.00359022
6 62 -0.00395106
6 63 -0.00455045
6 64 -0.00538462
6 65 -0.00644661
6 66 -0.00772468
6 67 -0.00920027
6 68 -0.0108456
6 69 -0.0126211
6 70 -0.0144727
6 71 -0.01633
6 72 -0.0181047
6 73 -0.0196911
6 74 -0.0209682
6 75 -0.0218059
6 76 -0.0220735
6 77 -0.0216533
6 78 -0.0204564
6 79 -0.0184417
6 80 -0.0156341
6 81 -0.0121385
6 82 -0.00814614
6 83 -0.00392744
6 84 0.000190099
6 85 0.0038606
6 86 0.00677041
6 87 0.00869215
6 88 0.00952984
6 89 0.00934147
6 90 0.00832919
6 91 0.00679544
6 92 0.00507433
6 93 0.00345781
6 94 0.00213985
6 95 0.00119575
6 96 0.000599877
6 97 0.000268737
6 98 0.000107009
6 99 3.77245e-05
6 100 1.17337e-05
6 101 3.20974e-06
6 102 7.69701e-07
6 103 1.61233e-07
6 104 2.93809e-08
6 105 4.63395e-09
6 106 6.28563e-10
6 107 7.27329e-11
6 108 7.10431e-12
6 109 5.77664e-13
6 110 3.83705e-14
6 111 2.02759e-15
6 112 8.19565e-17
6 113 2.37922e-18
6 114 4.41574e-20
6 115 3.93493e-22
6 116 0
6 117 0
6 118 0
6 119 0

7 0 0
7 1 0
7 2 0
7 3 0
7 4 3.79439e-22
7 5 4.33546e-20
7 6 2.37922e-18
7 7 8.35012e-17
7 8 2.10539e-15
7 9 4.06183e-14
7 10 6.23568e-13
7 11 7.82185e-12
7 12 8.16897e-11
7 13 7.20225e-10
7 14 5.41676e-09
7 15 3.50304e-08
7 16 1.96002e-07
7 17 9.53396e-07
7 18 4.04702e-06
7 19 1.50379e-05
7 20 4.90429e-05
7 21 0.000140727
7 22 0.000356206
7 23 0.000797669
7 24 0.00158586
7 25 0.00281081
7 26 0.00446196
7 27 0.00637187
7 28 0.00821105
7 29 0.00954708
7 30 0.00995022
7 31 0.00910793
7 32 0.00690895
7 33 0.00347209
7 34 -0.0008826
7 35 -0.00570454
7 36 -0.0105013
7 37 -0.0148212
7 38 -0.018313
7 39 -0.0207575
7 40 -0.0220701
7 41 -0.0222841
7 42 -0.0215205
7 43 -0.0199551
7 44 -0.0177878
7 45 -0.0152177
7 46 -0.0124262
7 47 -0.00956636
7 48 -0.00675964
7 49 -0.0040957
7 50 -0.00163571
7 51 0.00058286
7 52 0.00254133
7 53 0.00423467
7 54 0.00566717
7 55 0.00684869
7 56 0.00779176
7 57 0.0085092
7 58 0.00901253
7 59 0.00931073
7 60 0.00940949
7 61 0.00931073
7 62 0.00901253
7 63 0.0085092
7 64 0.00779176
7 65 0.00684869
7 66 0.00566717
7 67 0.00423467
7 68 0.00254133
7 69 0.00058286
7 70 -0.00163571
7 71 -0.0040957
7 72 -0.00675964
7 73 -0.00956636
7 74 -0.0124262
7 75 -0.0152177
7 76 -0.0177878
7 77 -0.0199551
7 78 -0.0215205
7 79 -0.0222841
7 80 -0.0220701
7 81 -0.0207575
7 82 -0.018313
7 83 -0.0148212
7 84 -0.0105013
7 85 -0.00570454
7 86 -0.0008826
7 87 0.00347209
7 88 0.00690895
7 89 0.00910793
7 90 0.00995022
7 91 0.00954708
7 92 0.00821105
7 93 0.00637187
7 94 0.00446196
7 95 0.00281081
7 96 0.00158586
7 97 0.000797669
7 98 0.000356206
7 99 0.000140727
7 100 4.90429e-05
7 101 1.50379e-05
7 102 4.04702e-06
7 103 9.53396e-07
7 104 1.96002e-07
7 105 3.50304e-08
7 106 5.41676e-09
7 107 7.20225e-10
7 108 8.16897e-11
7 109 7.82185e-12
7 110 6.23568e-13
7 111 4.06183e-14
7 112 2.10539e-15
7 113 8.35012e-17
7 114 2.37922e-18
7 115 4.33546e-20
7 116 3.79439e-22
7 117 0
7 118 0
7 119 0

8 0 0
8 1 0
8 2 0
8 3 3.52812e-22
8 4 4.1032e-20
8 5 2.29274e-18
8 6 8.19565e-17
8 7 2.10539e-15
8 8 4.13963e-14
8 9 6.47861e-13
8 10 8.28647e-12
8 11 8.82614e-11
8 12 7.93716e-10
8 13 6.08888e-09
8 14 4.01599e-08
8 15 2.29101e-07
8 16 1.13559e-06
8 17 4.90783e-06
8 18 1.8543e-05
8 19 6.13752e-05
8 20 0.000178272
8 21 0.000455152
8 22 0.00102327
8 23 0.00203013
8 24 0.00356367
8 25 0.00555099
8 26 0.00769091
8 27 0.00947908
8 28 0.0103333
8 29 0.00976886
8 30 0.00755335
8 31 0.00378327
8 32 -0.00113804
8 33 -0.00660248
8 34 -0.0119361
8 35 -0.0165317
8 36 -0.0199437
8 37 -0.0219306
8 38 -0.0224514
8 39 -0.0216282
8 40 -0.0196918
8 41 -0.0169272
8 42 -0.0136265
8 43 -0.0100559
8 44 -0.00643617
8 45 -0.00293516
8 46 0.000330648
8 47 0.0032903
8 48 0.00590913
8 49 0.00817997
8 50 0.0101144
8 51 0.0117361
8 52 0.0130751
8 53 0.014164
8 54 0.0150348
8 55 0.0157176
8 56 0.0162389
8 57 0.0166207
8 58 0.0168808
8 59 0.0170317
8 60 0.0170812
8 61 0.0170317
8 62 0.0168808
8 63 0.0166207
8 64 0.0162389
8 65 0.0157176
8 66 0.0150348
8 67 0.014164
8 68 0.0130751
8 69 0.0117361
8 70 0.0101144
8 71 0.00817997
8 72 0.00590913
8 73 0.0032903
8 74 0.000330648
8 75 -0.00293516
8 76 -0.00643617
8 77 -0.0100559
8 78 -0.0136265
8 79 -0.0169272
8 80 -0.0196918
8 81 -0.0216282
8 82 -0.0224514
8 83 -0.0219306
8 84 -0.0199437
8 85 -0.0165317
8 86 -0.0119361
8 87 -0.00660248
8 88 -0.00113804
8 89 0.00378327
8 90 0.00755335
8 91 0.00976886
8 92 0.0103333
8 93 0.00947908
8 94 0.00769091
8 95 0.00555099
8 96 0.00356367
8 97 0.00203013
8 98 0.00102327
8 99 0.000455152
8 100 0.000178272
8 101 6.13752e-05
8 102 1.8543e-05
8 103 4.90783e-06
8 104 1.13559e-06
8 105 2.29101e-07
8 106 4.01599e-08
8 107 6.08888e-09
8 108 7.93716e-10
8 109 8.82614e-11
8 110 8.28647e-12
8 111 6.47861e-13
8 112 4.13963e-14
8 113 2.10539e-15
8 114 8.19565e-17
8 115 2.29274e-18
8 116 4.1032e-20
8 117 3.52812e-22
8 118 0
8 119 0

9 0 0
9 1 0
9 2 3.16314e-22
9 3 3.74327e-20
9 4 2.12902e-18
9 5 7.74907e-17
9 6 2.02759e-15
9 7 4.06183e-14
9 8 6.47861e-13
9 9 8.44736e-12
9 10 9.17416e-11
9 11 8.41339e-10
9 12 6.58236e-09
9 13 4.42743e-08
9 14 2.57517e-07
9 15 1.30087e-06
9 16 5.72541e-06
9 17 2.20042e-05
9 18 7.3959e-05
9 19 0.00021762
9 20 0.000560952
9 21 0.00126739
9 22 0.00251144
9 23 0.00436796
9 24 0.00667154
9 25 0.00894271
9 26 0.0104696
9 27 0.0105356
9 28 0.00868194
9 29 0.00488399
9 30 -0.000424809
9 31 -0.00647663
9 32 -0.0123789
9 33 -0.0173241
9 34 -0.0207411
9 35 -0.0223605
9 36 -0.0221992
9 37 -0.0204914
9 38 -0.0175993
9 39 -0.0139259
9 40 -0.00985084
9 41 -0.00568989
9 42 -0.00167846
9 43 0.00202665
9 44 0.00533701
9 45 0.00821604
9 46 0.0106641
9 47 0.0127048
9 48 0.0143748
9 49 0.0157172
9 50 0.016776
9 51 0.0175947
9 52 0.0182135
9 53 0.0186695
9 54 0.0189959
9 55 0.0192219
9 56 0.0193722
9 57 0.0194675
9 58 0.019524
9 59 0.0195532
9 60 0.0195622
9 61 0.0195532
9 62 0.019524
9 63 0.0194675
9 64 0.0193722
9 65 0.0192219
9 66 0.0189959
9 67 0.0186695
9 68 0.0182135
9 69 0.0175947
9 70 0.016776
9 71 0.0157172
9 72 0.0143748
9 73 0.0127048
9 74 0.0106641
9 75 0.00821604
9 76 0.00533701
9 77 0.00202665
9 78 -0.00167846
9 79 -0.00568989
9 80 -0.00985084
9 81 -0.0139259
9 82 -0.0175993
9 83 -0.0204914
9 84 -0.0221992
9 85 -0.0223605
9 86 -0.0207411
9 87 -0.0173241
9 88 -0.0123789
9 89 -0.00647663
9 90 -0.000424809
9 91 0.00488399
9 92 0.00868194
9 93 0.0105356
9 94 0.0104696
9 95 0.00894271
9 96 0.00667154
9 97 0.00436796
9 98 0.00251144
9 99 0.00126739
9 100 0.000560952
9 101 0.00021762
9 102 7.3959e-05
9 103 2.20042e-05
9 104 5.72541e-06
9 105 1.30087e-06
9 106 2.57517e-07
9 107 4.42743e-08
9 108 6.58236e-09
9 109 8.41339e-10
9 110 9.17416e-11
9 111 8.44736e-12
9 112 6.47861e-13
9 113 4.06183e-14
9 114 2.02759e-15
9 115 7.74907e-17
9 116 2.12902e-18
9 117 3.74327e-20
9 118 3.16314e-22
9 119 0

10 0 0
10 1 2.73424e-22
10 2 3.2915e-20
10 3 1.90498e-18
10 4 7.05788e-17
10 5 1.88044e-15
10 6 3.83705e-14
10 7 6.23568e-13
10 8 8.28647e-12
10 9 9.17416e-11
10 10 8.57836e-10
10 11 6.8438e-09
10 12 4.69412e-08
10 13 2.7838e-07
10 14 1.43334e-06
10 15 6.42605e-06
10 16 2.51326e-05
10 17 8.5836e-05
10 18 0.000256077
10 19 0.000667147
10 20 0.00151673
10 21 0.00300579
10 22 0.00518456
10 23 0.00776432
10 24 0.0100446
10 25 0.0110854
10 26 0.0100802
10 27 0.00671629
10 28 0.00132604
10 29 -0.00521321
10 30 -0.0117597
10 31 -0.0172394
10 32 -0.020896
10 33 -0.0223978
10 34 -0.0218151
10 35 -0.0195063
10 36 -0.0159719
10 37 -0.0117309
10 38 -0.00723162
10 39 -0.00281102
10 40 0.00130924
10 41 0.00500784
10 42 0.00823477
10 43 0.010987
10 44 0.0132874
10 45 0.0151695
10 46 0.0166723
10 47 0.0178341
10 48 0.018694
10 49 0.0192903
10 50 0.0196621
10 51 0.0198485
10 52 0.0198883
10 53 0.01982
10 54 0.0196793
10 55 0.0195
10 56 0.0193108
10 57 0.0191373
10 58 0.0189987
10 59 0.01891
10 60 0.0188792
10 61 0.01891
10 62 0.0189987
10 63 0.0191373
10 64 0.0193108
10 65 0.0195
10 66 0.0196793
10 67 0.01982
10 68 0.0198883
10 69 0.0198485
10 70 0.0196621
10 71 0.0192903
10 72 0.018694
10 73 0.0178341
10 74 0.0166723
10 75 0.0151695
10 76 0.0132874
10 77 0.010987
10 78 0.00823477
10 79 0.00500784
10 80 0.00130924
10 81 -0.00281102
10 82 -0.00723162
10 83 -0.0117309
10 84 -0.0159719
10 85 -0.0195063
10 86 -0.0218151
10 87 -0.0223978
10 88 -0.020896
10 89 -0.0172394
10 90 -0.0117597
10 91 -0.00521321
10 92 0.00132604
10 93 0.00671629
10 94 0.0100802
10 95 0.0110854
10 96 0.0100446
10 97 0.00776432
10 98 0.00518456
10 99 0.00300579
10 100 0.00151673
10 101 0.000667147
10 102 0.000256077
10 103 8.5836e-05
10 104 2.51326e-05
10 105 6.42605e-06
10 106 1.43334e-06
10 107 2.7838e-07
10 108 4.69412e-08
10 109 6.8438e-09
10 110 8.57836e-10
10 111 9.17416e-11
10 112 8.28647e-12
10 113 6.23568e-13
10 114 3.83705e-14
10 115 1.88044e-15
10 116 7.05788e-17
10 117 1.90498e-18
10 118 3.2915e-20
10 119 0

11 0 0
11 1 2.7894e-20
11 2 1.64231e-18
11 3 6.19198e-17
11 4 1.6794e-15
11 5 3.48956e-14
11 6 5.77664e-13
11 7 7.82185e-12
11 8 8.82614e-11
11 9 8.41339e-10
11 10 6.8438e-09
11 11 4.78652e-08
11 12 2.89433e-07
11 13 1.51916e-06
11 14 6.93976e-06
11 15 2.76334e-05
11 16 9.5964e-05
11 17 0.000290544
11 18 0.000765996
11 19 0.001755
11 20 0.00348426
11 21 0.00596974
11 22 0.00877266
11 23 0.0109355
11 24 0.0112841
11 25 0.00899366
11 26 0.00404454
11 27 -0.00272834
11 28 -0.0099579
11 29 -0.016222
11 30 -0.0204684
11 31 -0.0222288
11 32 -0.0215902
11 33 -0.0190263
11 34 -0.0151805
11 35 -0.0106739
11 36 -0.00600045
11 37 -0.0014909
11 38 0.00267308
11 39 0.00640939
11 40 0.00969613
11 41 0.0125349
11 42 0.0149299
11 43 0.0168863
11 44 0.0184058
11 45 0.0194972
11 46 0.0201777
11 47 0.0204766
11 48 0.0204371
11 49 0.0201105
11 50 0.019558
11 51 0.0188409
11 52 0.0180231
11 53 0.0171621
11 54 0.016312
11 55 0.0155179
11 56 0.0148186
11 57 0.0142443
11 58 0.0138183
11 59 0.0135564
11 60 0.013468
11 61 0.0135564
11 62 0.0138183
11 63 0.0142443
11 64 0.0148186
11 65 0.0155179
11 66 0.016312
11 67 0.0171621
11 68 0.0180231
11 69 0.0188409
11 70 0.019558
11 71 0.0201105
11 72 0.0204371
11 73 0.0204766
11 74 0.0201777
11 75 0.0194972
11 76 0.0184058
11 77 0.0168863
11 78 0.0149299
11 79 0.0125349
11 80 0.00969613
11 81 0.00640939
11 82 0.00267308
11 83 -0.0014909
11 84 -0.00600045
11 85 -0.0106739
11 86 -0.0151805
11 87 -0.0190263
11 88 -0.0215902
11 89 -0.0222288
11 90 -0.0204684
11 91 -0.016222
11 92 -0.0099579
11 93 -0.00272834
11 94 0.00404454
11 95 0.00899366
11 96 0.0112841
11 97 0.0109355
11 98 0.00877266
11 99 0.00596974
11 100 0.00348426
11 101 0.001755
11 102 0.000765996
11 103 0.000290544
11 104 9.5964e-05
11 105 2.76334e-05
11 106 6.93976e-06
11 107 1.51916e-06
11 108 2.89433e-07
11 109 4.78652e-08
11 110 6.8438e-09
11 111 8.41339e-10
11 112 8.82614e-11
11 113 7.82185e-12
11 114 5.77664e-13
11 115 3.48956e-14
11 116 1.6794e-15
11 117 6.19198e-17
11 118 1.64247e-18
11 119 0

12 0 0
12 1 1.36417e-18
12 2 5.23209e-17
12 3 1.44418e-15
12 4 3.055e-14
12 5 5.1503e-13
12 6 7.10431e-12
12 7 8.16897e-11
12 8 7.93716e-10
12 9 6.58236e-09
12 10 4.69412e-08
12 11 2.89433e-07
12 12 1.54889e-06
12 13 7.2117e-06
12 14 2.92507e-05
12 15 0.000103364
12 16 0.00031792
12 17 0.000849361
12 18 0.00196461
12 19 0.0039158
12 20 0.00667978
12 21 0.0096502
12 22 0.0115878
12 23 0.0110903
12 24 0.00740147
12 25 0.000949987
12 26 -0.00681325
12 27 -0.0140752
12 28 -0.0193362
12 29 -0.0218267
12 30 -0.0215708
12 31 -0.0191348
12 32 -0.0152916
12 33 -0.0107653
12 34 -0.00607416
12 35 -0.00151332
12 36 0.00277686
12 37 0.00674752
12 38 0.0103645
12 39 0.0135761
12 40 0.0163167
12 41 0.0185053
12 42 0.0200802
12 43 0.0210056
12 44 0.021283
12 45 0.0209574
12 46 0.0200995
12 47 0.0188108
12 48 0.0171974
12 49 0.0153722
12 50 0.0134387
12 51 0.0114889
12 52 0.00960189
12 53 0.00783755
12 54 0.00624626
12 55 0.00485909
12 56 0.00370364
12 57 0.00279169
12 58 0.0021368
12 59 0.0017405
12 60 0.00160943
12 61 0.0017405
12 62 0.0021368
12 63 0.00279169
12 64 0.00370364
12 65 0.00485909
12 66 0.00624626
12 67 0.00783755
12 68 0.00960189
12 69 0.0114889
12 70 0.0134387
12 71 0.0153722
12 72 0.0171974
12 73 0.0188108
12 74 0.0200995
12 75 0.0209574
12 76 0.021283
12 77 0.0210056
12 78 0.0200802
12 79 0.0185053
12 80 0.0163167
12 81 0.0135761
12 82 0.0103645
12 83 0.00674752
12 84 0.00277686
12 85 -0.00151332
12 86 -0.00607416
12 87 -0.0107653
12 88 -0.0152916
12 89 -0.0191348
12 90 -0.0215708
12 91 -0.0218267
12 92 -0.0193362
12 93 -0.0140752
12 94 -0.00681325
12 95 0.000949987
12 96 0.00740147
12 97 0.0110903
12 98 0.0115878
12 99 0.0096502
12 100 0.00667978
12 101 0.0039158
12 102 0.00196461
12 103 0.000849361
12 104 0.00031792
12 105 0.000103364
12 106 2.92507e-05
12 107 7.2117e-06
12 108 1.54889e-06
12 109 2.89433e-07
12 110 4.69412e-08
12 111 6.58236e-09
12 112 7.93716e-10
12 113 8.16897e-11
12 114 7.10431e-12
12 115 5.1503e-13
12 116 3.055e-14
12 117 1.44418e-15
12 118 5.23375e-17
12 119 0

13 0 0
13 1 4.25891e-17
13 2 1.1957e-15
13 3 2.57442e-14
13 4 4.41896e-13
13 5 6.20836e-12
13 6 7.27329e-11
13 7 7.20225e-10
13 8 6.08888e-09
13 9 4.42743e-08
13 10 2.7838e-07
13 11 1.51916e-06
13 12 7.2117e-06
13 13 2.98103e-05
13 14 0.000107272
13 15 0.000335547
13 16 0.00090978
13 17 0.00212871
13 18 0.0042705
13 19 0.0072752
13 20 0.0103655
13 21 0.0120104
13 22 0.0105917
13 23 0.00550459
13 24 -0.00223627
13 25 -0.0105008
13 26 -0.0171675
13 27 -0.0209435
13 28 -0.0215851
13 29 -0.019682
13 30 -0.0161615
13 31 -0.0118357
13 32 -0.00724252
13 33 -0.00263979
13 34 0.0019001
13 35 0.00632002
13 36 0.0105212
13 37 0.0143441
13 38 0.0175717
13 39 0.0200144
13 40 0.0215263
13 41 0.0220428
13 42 0.0215974
13 43 0.0202824
13 44 0.0182608
13 45 0.0157099
13 46 0.0128179
13 47 0.00976099
13 48 0.00668239
13 49 0.00370831
13 50 0.000917384
13 51 -0.00162276
13 52 -0.00388579
13 53 -0.00584922
13 54 -0.00751715
13 55 -0.00889291
13 56 -0.00999198
13 57 -0.0108271
13 58 -0.0114125
13 59 -0.0117592
13 60 -0.0118736
13 61 -0.0117592
13 62 -0.0114125
13 63 -0.0108271
13 64 -0.00999198
13 65 -0.00889291
13 66 -0.00751715
13 67 -0.00584922
13 68 -0.00388579
13 69 -0.00162276
13 70 0.000917384
13 71 0.00370831
13 72 0.00668239
13 73 0.00976099
13 74 0.0128179
13 75 0.0157099
13 76 0.0182608
13 77 0.0202824
13 78 0.0215974
13 79 0.0220428
13 80 0.0215263
13 81 0.0200144
13 82 0.0175717
13 83 0.0143441
13 84 0.0105212
13 85 0.00632002
13 86 0.0019001
13 87 -0.00263979
13 88 -0.00724252
13 89 -0.0118357
13 90 -0.0161615
13 91 -0.019682
13 92 -0.0215851
13 93 -0.0209435
13 94 -0.0171675
13 95 -0.0105008
13 96 -0.00223627
13 97 0.00550459
13 98 0.0105917
13 99 0.0120104
13 100 0.0103655
13 101 0.0072752
13 102 0.0042705
13 103 0.00212871
13 104 0.00090978
13 105 0.000335547
13 106 0.000107272
13 107 2.98103e-05
13 108 7.2117e-06
13 109 1.51916e-06
13 110 2.7838e-07
13 111 4.42743e-08
13 112 6.08888e-09
13 113 7.20225e-10
13 114 7.27329e-11
13 115 6.20836e-12
13 116 4.41896e-13
13 117 2.57442e-14
13 118 1.19649e-15
13 119 0

14 0 0
14 1 9.53637e-16
14 2 2.08795e-14
14 3 3.64829e-13
14 4 5.21953e-12
14 5 6.2291e-11
14 6 6.28563e-10
14 7 5.41676e-09
14 8 4.01599e-08
14 9 2.57517e-07
14 10 1.43334e-06
14 11 6.93976e-06
14 12 2.92507e-05
14 13 0.000107272
14 14 0.000341634
14 15 0.000941538
14 16 0.00223335
14 17 0.0045227
14 18 0.00772378
14 19 0.0109028
14 20 0.0122436
14 21 0.00992273
14 22 0.00354115
14 23 -0.00520472
14 24 -0.0134945
14 25 -0.0191005
14 26 -0.0212488
14 27 -0.0203669
14 28 -0.0174833
14 29 -0.0136039
14 30 -0.00927818
14 31 -0.0046799
14 32 0.00014439
14 33 0.0051496
14 34 0.0101224
14 35 0.0146944
14 36 0.0184907
14 37 0.0211551
14 38 0.0224783
14 39 0.0224267
14 40 0.0210833
14 41 0.0186811
14 42 0.0154836
14 43 0.0117811
14 44 0.00785115
14 45 0.00390278
14 46 0.000128262
14 47 -0.00337151
14 48 -0.00650901
14 49 -0.00926022
14 50 -0.0116175
14 51 -0.0135946
14 52 -0.0152288
14 53 -0.0165447
14 54 -0.0175963
14 55 -0.0184047
14 56 -0.0190233
14 57 -0.0194631
14 58 -0.0197678
14 59 -0.0199357
14 60 -0.0199969
14 61 -0.0199357
14 62 -0.0197678
14 63 -0.0194631
14 64 -0.0190233
14 65 -0.0184047
14 66 -0.0175963
14 67 -0.0165447
14 68 -0.0152288
14 69 -0.0135946
14 70 -0.0116175
14 71 -0.00926022
14 72 -0.00650901
14 73 -0.00337151
14 74 0.000128262
14 75 0.00390278
14 76 0.00785115
14 77 0.0117811
14 78 0.0154836
14 79 0.0186811
14 80 0.0210833
14 81 0.0224267
14 82 0.0224783
14 83 0.0211551
14 84 0.0184907
14 85 0.0146944
14 86 0.0101224
14 87 0.0051496
14 88 0.00014439
14 89 -0.0046799
14 90 -0.00927818
14 91 -0.0136039
14 92 -0.0174833
14 93 -0.0203669
14 94 -0.0212488
14 95 -0.0191005
14 96 -0.0134945
14 97 -0.00520472
14 98 0.00354115
14 99 0.00992273
14 100 0.0122436
14 101 0.0109028
14 102 0.00772378
14 103 0.0045227
14 104 0.00223335
14 105 0.000941538
14 106 0.000341634
14 107 0.000107272
14 108 2.92507e-05
14 109 6.93976e-06
14 110 1.43334e-06
14 111 2.57517e-07
14 112 4.01599e-08
14 113 5.41676e-09
14 114 6.28563e-10
14 115 6.2291e-11
14 116 5.21953e-12
14 117 3.64829e-13
14 118 2.09037e-14
14 119 0

15 0 0
15 1 1.63145e-14
15 2 2.89787e-13
15 3 4.22115e-12
15 4 5.13098e-11
15 5 5.2755e-10
15 6 4.63395e-09
15 7 3.50304e-08
15 8 2.29101e-07
15 9 1.30087e-06
15 10 6.42605e-06
15 11 2.76334e-05
15 12 0.000103364
15 13 0.000335547
15 14 0.000941538
15 15 0.0022693
15 16 0.00465372
15 17 0.00800219
15 18 0.0112582
15 19 0.0123463
15 20 0.00923847
15 21 0.00174593
15 22 -0.00772049
15 23 -0.0156748
15 24 -0.019992
15 25 -0.0206922
15 26 -0.0188808
15 27 -0.0156947
15 28 -0.0118632
15 29 -0.00750663
15 30 -0.00247812
15 31 0.00311046
15 32 0.00890595
15 33 0.0143598
15 34 0.0187871
15 35 0.0217177
15 36 0.0229042
15 37 0.0223192
15 38 0.0202306
15 39 0.0169589
15 40 0.0129114
15 41 0.0084856
15 42 0.00396393
15 43 -0.00037024
15 44 -0.00438933
15 45 -0.00797367
15 46 -0.0110833
15 47 -0.0137248
15 48 -0.015891
15 49 -0.0176545
15 50 -0.0190208
15 51 -0.0200807
15 52 -0.0208489
15 53 -0.0214071
15 54 -0.0217776
15 55 -0.0220213
15 56 -0.0221638
15 57 -0.0222429
15 58 -0.0222815
15 59 -0.0222962
15 60 -0.0223015
15 61 -0.0222962
15 62 -0.0222815
15 63 -0.0222429
15 64 -0.0221638
15 65 -0.0220213
15 66 -0.0217776
15 67 -0.0214071
15 68 -0.0208489
15 69 -0.0200807
15 70 -0.0190208
15 71 -0.0176545
15 72 -0.015891
15 73 -0.0137248
15 74 -0.0110833
15 75 -0.00797367
15 76 -0.00438933
15 77 -0.00037024
15 78 0.00396393
15 79 0.0084856
15 80 0.0129114
15 81 0.0169589
15 82 0.0202306
15 83 0.0223192
15 84 0.0229042
15 85 0.0217177
15 86 0.0187871
15 87 0.0143598
15 88 0.00890595
15 89 0.00311046
15 90 -0.00247812
15 91 -0.00750663
15 92 -0.0118632
15 93 -0.0156947
15 94 -0.0188808
15 95 -0.0206922
15 96 -0.019992
15 97 -0.0156748
15 98 -0.00772049
15 99 0.00174593
15 100 0.00923847
15 101 0.0123463
15 102 0.0112582
15 103 0.00800219
15 104 0.00465372
15 105 0.0022693
15 106 0.000941538
15 107 0.000335547
15 108 0.000103364
15 109 2.76334e-05
15 110 6.42605e-06
15 111 1.30087e-06
15 112 2.29101e-07
15 113 3.50304e-08
15 114 4.63395e-09
15 115 5.2755e-10
15 116 5.13098e-11
15 117 4.22117e-12
15 118 2.90317e-13
15 119 0

16 0 0
16 1 2.21826e-13
16 2 3.28328e-12
16 3 4.06438e-11
16 4 4.25752e-10
16 5 3.81172e-09
16 6 2.93809e-08
16 7 1.96002e-07
16 8 1.13559e-06
16 9 5.72541e-06
16 10 2.51326e-05
16 11 9.5964e-05
16 12 0.00031792
16 13 0.00090978
16 14 0.00223335
16 15 0.00465372
16 16 0.00809654
16 17 0.0114344
16 18 0.0123781
16 19 0.008686
16 20 0.000318257
16 21 -0.0096453
16 22 -0.0170887
16 23 -0.0201296
16 24 -0.0197662
16 25 -0.0176718
16 26 -0.0146344
16 27 -0.0107974
16 28 -0.00596886
16 29 1.96671e-05
16 30 0.00664747
16 31 0.012985
16 32 0.0182237
16 33 0.0216181
16 34 0.0228572
16 35 0.0221053
16 36 0.0196187
16 37 0.0159241
16 38 0.0115138
16 39 0.0067428
16 40 0.00201853
16 41 -0.00251031
16 42 -0.00665597
16 43 -0.0103305
16 44 -0.0135335
16 45 -0.0161793
16 46 -0.0183574
16 47 -0.0200134
16 48 -0.0212455
16 49 -0.0220639
16 50 -0.0225355
16 51 -0.0227351
16 52 -0.02269
16 53 -0.0225147
16 54 -0.0222028
16 55 -0.0218807
16 56 -0.0215163
16 57 -0.0212291
16 58 -0.0209672
16 59 -0.0208341
16 60 -0.0207612
16 61 -0.0208341
16 62 -0.0209672
16 63 -0.0212291
16 64 -0.0215163
16 65 -0.0218807
16 66 -0.0222028
16 67 -0.0225147
16 68 -0.02269
16 69 -0.0227351
16 70 -0.0225355
16 71 -0.0220639
16 72 -0.0212455
16 73 -0.0200134
16 74 -0.0183574
16 75 -0.0161793
16 76 -0.0135335
16 77 -0.0103305
16 78 -0.00665597
16 79 -0.00251031
16 80 0.00201853
16 81 0.0067428
16 82 0.0115138
16 83 0.0159241
16 84 0.0196187
16 85 0.0221053
16 86 0.0228572
16 87 0.0216181
16 88 0.0182237
16 89 0.012985
16 90 0.00664747
16 91 1.96671e-05
16 92 -0.00596886
16 93 -0.0107974
16 94 -0.0146344
16 95 -0.0176718
16 96 -0.0197662
16 97 -0.0201296
16 98 -0.0170887
16 99 -0.0096453
16 100 0.000318257
16 101 0.008686
16 102 0.0123781
16 103 0.0114344
16 104 0.00809654
16 105 0.00465372
16 106 0.00223335
16 107 0.00090978
16 108 0.00031792
16 109 9.5964e-05
16 110 2.51326e-05
16 111 5.72541e-06
16 112 1.13559e-06
16 113 1.96002e-07
16 114 2.93809e-08
16 115 3.81172e-09
16 116 4.25752e-10
16 117 4.06442e-11
16 118 3.29213e-12
16 119 0

17 0 0
17 1 2.46236e-12
17 2 3.09553e-11
17 3 3.30337e-10
17 4 3.0143e-09
17 5 2.36917e-08
17 6 1.61233e-07
17 7 9.53396e-07
17 8 4.90783e-06
17 9 2.20042e-05
17 10 8.5836e-05
17 11 0.000290544
17 12 0.000849361
17 13 0.00212871
17 14 0.0045227
17 15 0.00800219
17 16 0.0114344
17 17 0.0123834
17 18 0.00837896
17 19 -0.000596045
17 20 -0.010926
17 21 -0.0178927
17 22 -0.0198602
17 23 -0.0188589
17 24 -0.0169881
17 25 -0.0142409
17 26 -0.00998456
17 27 -0.0041406
17 28 0.0030103
17 29 0.0104004
17 30 0.0165377
17 31 0.0206744
17 32 0.0224722
17 33 0.0219106
17 34 0.0196116
17 35 0.0160179
17 36 0.011572
17 37 0.00681436
17 38 0.00186802
17 39 -0.00293608
17 40 -0.0074454
17 41 -0.0116027
17 42 -0.015152
17 43 -0.0181709
17 44 -0.0204735
17 45 -0.0221239
17 46 -0.0231335
17 47 -0.0234999
17 48 -0.0234094
17 49 -0.0228145
17 50 -0.0219742
17 51 -0.0208358
17 52 -0.0196368
17 53 -0.0183447
17 54 -0.017128
17 55 -0.0159807
17 56 -0.014996
17 57 -0.014189
17 58 -0.0135928
17 59 -0.0132336
17 60 -0.0131058
17 61 -0.0132336
17 62 -0.0135928
17 63 -0.014189
17 64 -0.014996
17 65 -0.0159807
17 66 -0.017128
17 67 -0.0183447
17 68 -0.0196368
17 69 -0.0208358
17 70 -0.0219742
17 71 -0.0228145
17 72 -0.0234094
17 73 -0.0234999
17 74 -0.0231335
17 75 -0.0221239
17 76 -0.0204735
17 77 -0.0181709
17 78 -0.015152
17 79 -0.0116027
17 80 -0.0074454
17 81 -0.00293608
17 82 0.00186802
17 83 0.00681436
17 84 0.011572
17 85 0.0160179
17 86 0.0196116
17 87 0.0219106
17 88 0.0224722
17 89 0.0206744
17 90 0.0165377
17 91 0.0104004
17 92 0.0030103
17 93 -0.0041406
17 94 -0.00998456
17 95 -0.0142409
17 96 -0.0169881
17 97 -0.0188589
17 98 -0.0198602
17 99 -0.0178927
17 100 -0.010926
17 101 -0.000596045
17 102 0.00837896
17 103 0.0123834
17 104 0.0114344
17 105 0.00800219
17 106 0.0045227
17 107 0.00212871
17 108 0.000849361
17 109 0.000290544
17 110 8.5836e-05
17 111 2.20042e-05
17 112 4.90783e-06
17 113 9.53396e-07
17 114 1.61233e-07
17 115 2.36917e-08
17 116 3.0143e-09
17 117 3.30344e-10
17 118 3.10727e-11
17 119 0

18 0 0
18 1 2.27497e-11
18 2 2.46373e-10
18 3 2.29124e-09
18 4 1.83639e-08
18 5 1.2751e-07
18 6 7.69701e-07
18 7 4.04702e-06
18 8 1.8543e-05
18 9 7.3959e-05
18 10 0.000256077
18 11 0.000765996
18 12 0.00196461
18 13 0.0042705
18 14 0.00772378
18 15 0.0112582
18 16 0.0123781
18 17 0.00837896
18 18 -0.00091031
18 19 -0.0115606
18 20 -0.0182756
18 21 -0.0194958
18 22 -0.018182
18 23 -0.0167918
18 24 -0.0142502
18 25 -0.00906744
18 26 -0.00186059
18 27 0.00613526
18 28 0.0135706
18 29 0.0187835
18 30 0.0213735
18 31 0.0217844
18 32 0.0201222
18 33 0.0170623
18 34 0.0131115
18 35 0.00827716
18 36 0.00312897
18 37 -0.00221804
18 38 -0.00754384
18 39 -0.0123275
18 40 -0.0166147
18 41 -0.0199516
18 42 -0.0223466
18 43 -0.0237907
18 44 -0.0241572
18 45 -0.0238046
18 46 -0.0225837
18 47 -0.0209258
18 48 -0.0187897
18 49 -0.0164538
18 50 -0.0140271
18 51 -0.0115675
18 52 -0.00930022
18 53 -0.00710344
18 54 -0.00526108
18 55 -0.0035452
18 56 -0.00225508
18 57 -0.00111695
18 58 -0.000425431
18 59 0.000104935
18 60 0.00018651
18 61 0.000104935
18 62 -0.000425431
18 63 -0.00111695
18 64 -0.00225508
18 65 -0.0035452
18 66 -0.00526108
18 67 -0.00710344
18 68 -0.00930022
18 69 -0.0115675
18 70 -0.0140271
18 71 -0.0164538
18 72 -0.0187897
18 73 -0.0209258
18 74 -0.0225837
18 75 -0.0238046
18 76 -0.0241572
18 77 -0.0237907
18 78 -0.0223466
18 79 -0.0199516
18 80 -0.0166147
18 81 -0.0123275
18 82 -0.00754384
18 83 -0.00221804
18 84 0.00312897
18 85 0.00827716
18 86 0.0131115
18 87 0.0170623
18 88 0.0201222
18 89 0.0217844
18 90 0.0213735
18 91 0.0187835
18 92 0.0135706
18 93 0.00613526
18 94 -0.00186059
18 95 -0.00906744
18 96 -0.0142502
18 97 -0.0167918
18 98 -0.018182
18 99 -0.0194958
18 100 -0.0182756
18 101 -0.0115606
18 102 -0.00091031
18 103 0.00837896
18 104 0.0123781
18 105 0.0112582
18 106 0.00772378
18 107 0.0042705
18 108 0.00196461
18 109 0.000765996
18 110 0.000256077
18 111 7.3959e-05
18 112 1.8543e-05
18 113 4.04702e-06
18 114 7.69701e-07
18 115 1.2751e-07
18 116 1.83639e-08
18 117 2.29132e-09
18 118 2.47641e-10
18 119 0

19 0 0
19 1 1.77494e-10
19 2 1.67378e-09
19 3 1.36801e-08
19 4 9.69286e-08
19 5 5.9744e-07
19 6 3.20974e-06
19 7 1.50379e-05
19 8 6.13752e-05
19 9 0.00021762
19 10 0.000667147
19 11 0.001755
19 12 0.0039158
19 13 0.0072752
19 14 0.0109028
19 15 0.0123463
19 16 0.008686
19 17 -0.000596045
19 18 -0.0115606
19 19 -0.0183849
19 20 -0.0192579
19 21 -0.0177919
19 22 -0.0168715
19 23 -0.0143957
19 24 -0.0079764
19 25 0.000626681
19 26 0.00879524
19 27 0.0154991
19 28 0.0196112
19 29 0.0209721
19 30 0.020739
19 31 0.0188621
19 32 0.0153891
19 33 0.0110051
19 34 0.00542019
19 35 -0.000752728
19 36 -0.00679465
19 37 -0.0126751
19 38 -0.0174319
19 39 -0.0210779
19 40 -0.0234559
19 41 -0.0242731
19 42 -0.02411
19 43 -0.022644
19 44 -0.02051
19 45 -0.0177183
19 46 -0.0144969
19 47 -0.0112423
19 48 -0.00775735
19 49 -0.00462988
19 50 -0.00145209
19 51 0.00122282
19 52 0.00379973
19 53 0.0058901
19 54 0.00777966
19 55 0.00926964
19 56 0.0105007
19 57 0.0114261
19 58 0.0120667
19 59 0.0124679
19 60 0.0125759
19 61 0.0124679
19 62 0.0120667
19 63 0.0114261
19 64 0.0105007
19 65 0.00926964
19 66 0.00777966
19 67 0.0058901
19 68 0.00379973
19 69 0.00122282
19 70 -0.00145209
19 71 -0.00462988
19 72 -0.00775735
19 73 -0.0112423
19 74 -0.0144969
19 75 -0.0177183
19 76 -0.02051
19 77 -0.022644
19 78 -0.02411
19 79 -0.0242731
19 80 -0.0234559
19 81 -0.0210779
19 82 -0.0174319
19 83 -0.0126751
19 84 -0.00679465
19 85 -0.000752728
19 86 0.00542019
19 87 0.0110051
19 88 0.0153891
19 89 0.0188621
19 90 0.020739
19 91 0.0209721
19 92 0.0196112
19 93 0.0154991
19 94 0.00879524
19 95 0.000626681
19 96 -0.0079764
19 97 -0.0143957
19 98 -0.0168715
19 99 -0.0177919
19 100 -0.0192579
19 101 -0.0183849
19 102 -0.0115606
19 103 -0.000596045
19 104 0.008686
19 105 0.0123463
19 106 0.0109028
19 107 0.0072752
19 108 0.0039158
19 109 0.001755
19 110 0.000667147
19 111 0.00021762
19 112 6.13752e-05
19 113 1.50379e-05
19 114 3.20974e-06
19 115 5.9744e-07
19 116 9.69286e-08
19 117 1.3681e-08
19 118 1.68517e-09
19 119 0

20 0 0
20 1 1.18272e-09
20 2 9.79261e-09
20 3 7.08079e-08
20 4 4.45759e-07
20 5 2.44797e-06
20 6 1.17337e-05
20 7 4.90429e-05
20 8 0.000178272
20 9 0.000560952
20 10 0.00151673
20 11 0.00348426
20 12 0.00667978
20 13 0.0103655
20 14 0.0122436
20 15 0.00923847
20 16 0.000318257
20 17 -0.010926
20 18 -0.0182756
20 19 -0.0192579
20 20 -0.0176678
20 21 -0.016987
20 22 -0.0145177
20 23 -0.00693508
20 24 0.00285865
20 25 0.0105793
20 26 0.0160738
20 27 0.0195732
20 28 0.0205829
20 29 0.0202751
20 30 0.0184899
20 31 0.0142208
20 32 0.00861725
20 33 0.0019244
20 34 -0.00542969
20 35 -0.0117552
20 36 -0.0172384
20 37 -0.0211802
20 38 -0.0232035
20 39 -0.0240886
20 40 -0.023165
20 41 -0.0213631
20 42 -0.0186359
20 43 -0.0151083
20 44 -0.0115349
20 45 -0.0073688
20 46 -0.00361824
20 47 0.000329679
20 48 0.0038026
20 49 0.00704768
20 50 0.00996903
20 51 0.0123574
20 52 0.0146196
20 53 0.0162075
20 54 0.0178324
20 55 0.0187674
20 56 0.019849
20 57 0.0202853
20 58 0.0209314
20 59 0.0209814
20 60 0.0212695
20 61 0.0209814
20 62 0.0209314
20 63 0.0202853
20 64 0.019849
20 65 0.0187674
20 66 0.0178324
20 67 0.0162075
20 68 0.0146196
20 69 0.0123574
20 70 0.00996903
20 71 0.00704768
20 72 0.0038026
20 73 0.000329679
20 74 -0.00361824
20 75 -0.0073688
20 76 -0.0115349
20 77 -0.0151083
20 78 -0.0186359
20 79 -0.0213631
20 80 -0.023165
20 81 -0.0240886
20 82 -0.0232035
20 83 -0.0211802
20 84 -0.0172384
20 85 -0.0117552
20 86 -0.00542969
20 87 0.0019244
20 88 0.00861725
20 89 0.0142208
20 90 0.0184899
20 91 0.0202751
20 92 0.0205829
20 93 0.0195732
20 94 0.0160738
20 95 0.0105793
20 96 0.00285865
20 97 -0.00693508
20 98 -0.0145177
20 99 -0.016987
20 100 -0.0176678
20 101 -0.0192579
20 102 -0.0182756
20 103 -0.010926
20 104 0.000318257
20 105 0.00923847
20 106 0.0122436
20 107 0.0103655
20 108 0.00667978
20 109 0.00348426
20 110 0.00151673
20 111 0.000560952
20 112 0.000178272
20 113 4.90429e-05
20 114 1.17337e-05
20 115 2.44797e-06
20 116 4.4576e-07
20 117 7.08159e-08
20 118 9.87887e-09
20 119 0

21 0 0
21 1 6.79252e-09
