0 0 0
0 1 0
0 2 0
0 3 0
0 4 0
0 5 0
0 6 0
0 7 0
0 8 0
0 9 0
0 10 0
0 11 0
0 12 0
0 13 0
0 14 0
0 15 0
0 16 0
0 17 0
0 18 0
0 19 0
0 20 0
0 21 0
0 22 0
0 23 0
0 24 0
0 25 0
0 26 0
0 27 0
0 28 0
0 29 0
0 30 0
0 31 0
0 32 0
0 33 0
0 34 0
0 35 0
0 36 0
0 37 0
0 38 0
0 39 0
0 40 0
0 41 0
0 42 0
0 43 0
0 44 0
0 45 0
0 46 0
0 47 0
0 48 0
0 49 0
0 50 0
0 51 0
0 52 0
0 53 0
0 54 0
0 55 0
0 56 0
0 57 0
0 58 0
0 59 0
0 60 0
0 61 0
0 62 0
0 63 0
0 64 0
0 65 0
0 66 0
0 67 0
0 68 0
0 69 0
0 70 0
0 71 0
0 72 0
0 73 0
0 74 0
0 75 0
0 76 0
0 77 0
0 78 0
0 79 0
0 80 0
0 81 0
0 82 0
0 83 0
0 84 0
0 85 0
0 86 0
0 87 0
0 88 0
0 89 0
0 90 0
0 91 0
0 92 0
0 93 0
0 94 0
0 95 0
0 96 0
0 97 0
0 98 0
0 99 0
0 100 0
0 101 0
0 102 0
0 103 0
0 104 0
0 105 0
0 106 0
0 107 0
0 108 0
0 109 0
0 110 0
0 111 0
0 112 0
0 113 0
0 114 0
0 115 0
0 116 0
0 117 0
0 118 0
0 119 0

1 0 0
1 1 0.019414
1 2 0.0142085
1 3 0.00968141
1 4 0.00341761
1 5 -0.00564399
1 6 -0.011945
1 7 -0.0166437
1 8 -0.0202324
1 9 -0.018135
1 10 -0.014073
1 11 -0.00970645
1 12 -0.00188689
1 13 0.00470665
1 14 0.00977042
1 15 0.0152177
1 16 0.0172842
1 17 0.0176992
1 18 0.0157762
1 19 0.0108022
1 20 0.00654631
1 21 0.00030268
1 22 -0.00576401
1 23 -0.00963271
1 24 -0.013308
1 25 -0.0144474
1 26 -0.0158602
1 27 -0.0161113
1 28 -0.0145361
1 29 -0.0135032
1 30 -0.0109637
1 31 -0.00954547
1 32 -0.00658043
1 33 -0.00245953
1 34 0.00238667
1 35 0.00864851
1 36 0.0132505
1 37 0.0181831
1 38 0.0207346
1 39 0.0230866
1 40 0.0240164
1 41 0.0242963
1 42 0.0242955
1 43 0.0230966
1 44 0.0224182
1 45 0.0202362
1 46 0.0190262
1 47 0.0163657
1 48 0.0148241
1 49 0.0121312
1 50 0.0104786
1 51 0.00806897
1 52 0.00649835
1 53 0.00455188
1 54 0.00320961
1 55 0.00180221
1 56 0.000790223
1 57 -6.71401e-05
1 58 -0.00067953
1 59 -0.00100913
1 60 -0.00117144
1 61 -0.00100913
1 62 -0.00067953
1 63 -6.71399e-05
1 64 0.000790224
1 65 0.00180221
1 66 0.00320962
1 67 0.00455192
1 68 0.00649849
1 69 0.00806942
1 70 0.01048
1 71 0.0121351
1 72 0.0148343
1 73 0.0163907
1 74 0.0190822
1 75 0.0203509
1 76 0.0226295
1 77 0.0234405
1 78 0.024773
1 79 0.0248193
1 80 0.0243546
1 81 0.0228758
1 82 0.0196169
1 83 0.0160941
1 84 0.0107127
1 85 0.00677546
1 86 0.00236331
1 87 -0.000239872
1 88 -0.00302399
1 89 -0.00633988
1 90 -0.00928752
1 91 -0.0132493
1 92 -0.0149912
1 93 -0.0172119
1 94 -0.0181538
1 95 -0.0176887
1 96 -0.0159888
1 97 -0.0105785
1 98 -0.00538276
1 99 0.00126063
1 100 0.00840713
1 101 0.0137739
1 102 0.0185783
1 103 0.0191381
1 104 0.0177681
1 105 0.0150755
1 106 0.00824308
1 107 0.00201935
1 108 -0.00429267
1 109 -0.0115537
1 110 -0.0157139
1 111 -0.0187583
1 112 -0.0194331
1 113 -0.0151628
1 114 -0.00992779
1 115 -0.00334225
1 116 0.00513026
1 117 0.0110014
1 118 0.0150592
1 119 0

2 0 0
2 1 0.0142085
2 2 0.0103807
2 3 0.00617717
2 4 -0.00137886
2 5 -0.00884841
2 6 -0.0133497
2 7 -0.0172802
2 8 -0.0180231
2 9 -0.014464
2 10 -0.0105045
2 11 -0.0047836
2 12 0.00216546
2 13 0.00774738
2 14 0.0133459
2 15 0.0162589
2 16 0.016358
2 17 0.0155517
2 18 0.0108256
2 19 0.0052243
2 20 0.000168342
2 21 -0.00575672
2 22 -0.0097758
2 23 -0.013323
2 24 -0.0147119
2 25 -0.0139744
2 26 -0.01373
2 27 -0.0116906
2 28 -0.00978116
2 29 -0.00673709
2 30 -0.00349439
2 31 -0.00140588
2 32 0.00166083
2 33 0.00411424
2 34 0.0084294
2 35 0.0125029
2 36 0.0164907
2 37 0.0196431
2 38 0.020858
2 39 0.0216824
2 40 0.0204272
2 41 0.0195564
2 42 0.0171689
2 43 0.0153501
2 44 0.0126838
2 45 0.0103264
2 46 0.00780443
2 47 0.00522119
2 48 0.0030738
2 49 0.000539602
2 50 -0.00112617
2 51 -0.00341461
2 52 -0.00458156
2 53 -0.00651735
2 54 -0.00721842
2 55 -0.00876487
2 56 -0.00904856
2 57 -0.0102102
2 58 -0.010118
2 59 -0.010914
2 60 -0.0104689
2 61 -0.010914
2 62 -0.010118
2 63 -0.0102102
2 64 -0.00904855
2 65 -0.00876486
2 66 -0.00721839
2 67 -0.00651726
2 68 -0.00458128
2 69 -0.00341371
2 70 -0.00112357
2 71 0.000546637
2 72 0.00309146
2 73 0.00526206
2 74 0.00789102
2 75 0.0104926
2 76 0.0129683
2 77 0.0157728
2 78 0.0176847
2 79 0.0199985
2 80 0.0204819
2 81 0.0209681
2 82 0.0191555
2 83 0.0172102
2 84 0.0142211
2 85 0.0116354
2 86 0.00977592
2 87 0.00730822
2 88 0.00520435
2 89 0.000929308
2 90 -0.00281057
2 91 -0.0070665
2 92 -0.0106349
2 93 -0.0134428
2 94 -0.0166476
2 95 -0.0170254
2 96 -0.0163324
2 97 -0.0132409
2 98 -0.00889325
2 99 -0.00430679
2 100 0.00269256
2 101 0.0082213
2 102 0.0127613
2 103 0.016149
2 104 0.016332
2 105 0.0152832
2 106 0.0109727
2 107 0.0051544
2 108 0.000319269
2 109 -0.00640202
2 110 -0.0115746
2 111 -0.0138662
2 112 -0.0164088
2 113 -0.0156962
2 114 -0.0113825
2 115 -0.0067043
2 116 -1.84925e-05
2 117 0.00681974
2 118 0.0103087
2 119 0

3 0 0
3 1 0.00968141
3 2 0.00617717
3 3 0.000323782
3 4 -0.00652205
3 5 -0.010752
3 6 -0.0130862
3 7 -0.0137819
3 8 -0.0112561
3 9 -0.00841138
3 10 -0.00486331
3 11 0.000915126
3 12 0.00506163
3 13 0.00921678
3 14 0.0133706
3 15 0.0132227
3 16 0.012246
3 17 0.00972751
3 18 0.00424539
3 19 -0.000572003
3 20 -0.00633883
3 21 -0.0104605
3 22 -0.012804
3 23 -0.0152158
3 24 -0.0138394
3 25 -0.0116308
3 26 -0.00803832
3 27 -0.00377465
3 28 -0.00060322
3 29 0.00423082
3 30 0.00710881
3 31 0.00978057
3 32 0.0107969
3 33 0.0108901
3 34 0.0121027
3 35 0.012385
3 36 0.0141744
3 37 0.0139682
3 38 0.0139309
3 39 0.0121849
3 40 0.00994624
3 41 0.00752364
3 42 0.00430968
3 43 0.00215062
3 44 -0.00110728
3 45 -0.00276546
3 46 -0.00564685
3 47 -0.00687805
3 48 -0.00919818
3 49 -0.0101073
3 50 -0.0118132
3 51 -0.012485
3 52 -0.0136212
3 53 -0.0141225
3 54 -0.0147902
3 55 -0.0151699
3 56 -0.0154869
3 57 -0.0157737
3 58 -0.015847
3 59 -0.0160456
3 60 -0.0159571
3 61 -0.0160456
3 62 -0.015847
3 63 -0.0157737
3 64 -0.0154869
3 65 -0.0151699
3 66 -0.0147901
3 67 -0.0141223
3 68 -0.0136206
3 69 -0.0124833
3 70 -0.0118084
3 71 -0.0100951
3 72 -0.00916895
3 73 -0.00681395
3 74 -0.00551888
3 75 -0.0025359
3 76 -0.000745097
3 77 0.00263342
3 78 0.00480322
3 79 0.00777554
3 80 0.00958885
3 81 0.0109006
3 82 0.0117477
3 83 0.0115182
3 84 0.0126177
3 85 0.0128142
3 86 0.014692
3 87 0.0145219
3 88 0.0137445
3 89 0.0110252
3 90 0.00695571
3 91 0.00345964
3 92 -0.00195716
3 93 -0.00620598
3 94 -0.0111484
3 95 -0.0138677
3 96 -0.0142095
3 97 -0.0143456
3 98 -0.0115093
3 99 -0.0084297
3 100 -0.00346626
3 101 0.00180724
3 102 0.00507445
3 103 0.00959577
3 104 0.0115693
3 105 0.0113485
3 106 0.0106783
3 107 0.00714344
3 108 0.00371726
3 109 -0.000100063
3 110 -0.00468792
3 111 -0.00690079
3 112 -0.00959429
3 113 -0.0119911
3 114 -0.0109544
3 115 -0.00939965
3 116 -0.00611532
3 117 0.000337676
3 118 0.00523177
3 119 0

4 0 0
4 1 0.00341761
4 2 -0.00137886
4 3 -0.00652205
4 4 -0.00921246
4 5 -0.00960029
4 6 -0.00959997
4 7 -0.00755883
4 8 -0.00418862
4 9 -0.00188783
4 10 0.00192184
4 11 0.00609568
4 12 0.007852
4 13 0.00968664
4 14 0.00995293
4 15 0.00766146
4 16 0.00507918
4 17 0.00091316
4 18 -0.00312103
4 19 -0.00706025
4 20 -0.0114476
4 21 -0.0129179
4 22 -0.0135853
4 23 -0.0128543
4 24 -0.00977248
4 25 -0.00572501
4 26 0.000499049
4 27 0.00561617
4 28 0.0102665
4 29 0.014351
4 30 0.0167292
4 31 0.0183296
4 32 0.0168476
4 33 0.0147345
4 34 0.0116429
4 35 0.00915257
4 36 0.00736432
4 37 0.00515986
4 38 0.00337621
4 39 0.000166348
4 40 -0.00250654
4 41 -0.00615557
4 42 -0.00890849
4 43 -0.011842
4 44 -0.0140119
4 45 -0.0158286
4 46 -0.0173335
4 47 -0.0181578
4 48 -0.0191229
4 49 -0.0192141
4 50 -0.0197855
4 51 -0.0194034
4 52 -0.0197228
4 53 -0.0190931
4 54 -0.0192918
4 55 -0.0185903
4 56 -0.01878
4 57 -0.018128
4 58 -0.0183925
4 59 -0.0178591
4 60 -0.0182501
4 61 -0.0178591
4 62 -0.0183925
4 63 -0.018128
4 64 -0.01878
4 65 -0.0185903
4 66 -0.0192917
4 67 -0.0190927
4 68 -0.0197217
4 69 -0.0194003
4 70 -0.0197772
4 71 -0.0191936
4 72 -0.0190765
4 73 -0.0180615
4 74 -0.0171528
4 75 -0.0155273
4 76 -0.0135784
4 77 -0.0113378
4 78 -0.00852195
4 79 -0.00621391
4 80 -0.00337562
4 81 -0.00166956
4 82 0.000932408
4 83 0.00308801
4 84 0.00689436
4 85 0.0109494
4 86 0.0151117
4 87 0.0182144
4 88 0.018804
4 89 0.0185002
4 90 0.0159346
4 91 0.0131545
4 92 0.00831324
4 93 0.00271118
4 94 -0.00223058
4 95 -0.00674363
4 96 -0.00900258
4 97 -0.0114214
4 98 -0.0118403
4 99 -0.0103881
4 100 -0.00876342
4 101 -0.00575395
4 102 -0.00334437
4 103 0.000117697
4 104 0.00359409
4 105 0.00510439
4 106 0.00750322
4 107 0.00834834
4 108 0.00709844
4 109 0.00605551
4 110 0.00335533
4 111 0.00010953
4 112 -0.00252497
4 113 -0.00560634
4 114 -0.0079234
4 115 -0.00938537
4 116 -0.00965935
4 117 -0.00728301
4 118 -0.0031625
4 119 0

5 0 0
5 1 -0.00564399
5 2 -0.00884841
5 3 -0.010752
5 4 -0.00960029
5 5 -0.00694913
5 6 -0.00464187
5 7 -0.000757077
5 8 0.00296014
5 9 0.00545654
5 10 0.00856337
5 11 0.00984407
5 12 0.00913087
5 13 0.00772385
5 14 0.00426114
5 15 0.000721338
5 16 -0.00327812
5 17 -0.00784525
5 18 -0.010114
5 19 -0.0124859
5 20 -0.0139182
5 21 -0.0128663
5 22 -0.0110667
5 23 -0.00719777
5 24 -0.00302225
5 25 0.00235977
5 26 0.0090334
5 27 0.0142469
5 28 0.0188763
5 29 0.0212513
5 30 0.022607
5 31 0.022184
5 32 0.019083
5 33 0.0146216
5 34 0.00849228
5 35 0.00343038
5 36 -0.00131886
5 37 -0.00483255
5 38 -0.00816119
5 39 -0.0115224
5 40 -0.0146443
5 41 -0.0180371
5 42 -0.0204777
5 43 -0.0229435
5 44 -0.0241189
5 45 -0.0252679
5 46 -0.0252901
5 47 -0.0253419
5 48 -0.0246183
5 49 -0.0239519
5 50 -0.0228682
5 51 -0.0218315
5 52 -0.0206828
5 53 -0.0195552
5 54 -0.0185507
5 55 -0.0175396
5 56 -0.0168156
5 57 -0.0160617
5 58 -0.015696
5 59 -0.0152854
5 60 -0.0153105
5 61 -0.0152854
5 62 -0.015696
5 63 -0.0160617
5 64 -0.0168155
5 65 -0.0175395
5 66 -0.0185505
5 67 -0.0195545
5 68 -0.0206808
5 69 -0.021826
5 70 -0.0228542
5 71 -0.0239191
5 72 -0.0245476
5 73 -0.0252033
5 74 -0.0250466
5 75 -0.0248932
5 76 -0.0236357
5 77 -0.0224787
5 78 -0.0203005
5 79 -0.0185166
5 80 -0.0160668
5 81 -0.0137885
5 82 -0.0105502
5 83 -0.00613349
5 84 -0.000484725
5 85 0.00641987
5 86 0.0123239
5 87 0.0174442
5 88 0.0199016
5 89 0.021457
5 90 0.021305
5 91 0.0195499
5 92 0.0163432
5 93 0.0112958
5 94 0.00722045
5 95 0.00264913
5 96 -0.00139979
5 97 -0.00531614
5 98 -0.0088191
5 99 -0.0101526
5 100 -0.0119942
5 101 -0.0123982
5 102 -0.0111784
5 103 -0.00932991
5 104 -0.00559263
5 105 -0.00206662
5 106 0.00247718
5 107 0.00718187
5 108 0.00917406
5 109 0.0109105
5 110 0.0108194
5 111 0.00775657
5 112 0.00485418
5 113 0.000774658
5 114 -0.00418798
5 115 -0.00750473
5 116 -0.0106488
5 117 -0.012674
5 118 -0.0109861
5 119 0

6 0 0
6 1 -0.011945
6 2 -0.0133497
6 3 -0.0130862
6 4 -0.00959997
6 5 -0.00464187
6 6 0.000568996
6 7 0.0065459
6 8 0.0107503
6 9 0.0128499
6 10 0.0133053
6 11 0.0108499
6 12 0.00750062
6 13 0.00307458
6 14 -0.00260132
6 15 -0.00643743
6 16 -0.0103427
6 17 -0.013725
6 18 -0.01426
6 19 -0.0144549
6 20 -0.0130953
6 21 -0.0103196
6 22 -0.0066873
6 23 -0.00107098
6 24 0.00385736
6 25 0.00952164
6 26 0.0156499
6 27 0.0204238
6 28 0.024209
6 29 0.024983
6 30 0.0244666
6 31 0.0219815
6 32 0.01709
6 33 0.0106529
6 34 0.002358
6 35 -0.00491952
6 36 -0.0114013
6 37 -0.0158875
6 38 -0.0192119
6 39 -0.0219488
6 40 -0.023896
6 41 -0.0259481
6 42 -0.0269081
6 43 -0.0278131
6 44 -0.0275114
6 45 -0.0270325
6 46 -0.0257117
6 47 -0.0242184
6 48 -0.0223925
6 49 -0.0203959
6 50 -0.0184936
6 51 -0.0164018
6 52 -0.0146991
6 53 -0.0127889
6 54 -0.0114479
6 55 -0.00989021
6 56 -0.00899838
6 57 -0.00788789
6 58 -0.0074879
6 59 -0.00686993
6 60 -0.00697864
6 61 -0.00686993
6 62 -0.00748789
6 63 -0.00788787
6 64 -0.00899834
6 65 -0.00989008
6 66 -0.0114474
6 67 -0.0127877
6 68 -0.0146955
6 69 -0.0163924
6 70 -0.0184709
6 71 -0.0203453
6 72 -0.0222891
6 73 -0.0240276
6 74 -0.0253993
6 75 -0.0265934
6 76 -0.0270184
6 77 -0.0274685
6 78 -0.0270477
6 79 -0.0269275
6 80 -0.0258329
6 81 -0.0244215
6 82 -0.0211804
6 83 -0.0161043
6 84 -0.00925508
6 85 -0.00112504
6 86 0.00599634
6 87 0.0124921
6 88 0.0168506
6 89 0.0205914
6 90 0.0226999
6 91 0.0226962
6 92 0.0212939
6 93 0.0179563
6 94 0.0150971
6 95 0.0109387
6 96 0.00602059
6 97 0.00122901
6 98 -0.0040092
6 99 -0.00789044
6 100 -0.0123304
6 101 -0.0154571
6 102 -0.0159563
6 103 -0.0159488
6 104 -0.0132725
6 105 -0.00887127
6 106 -0.00348794
6 107 0.00317943
6 108 0.00843016
6 109 0.0131535
6 110 0.0160828
6 111 0.0149546
6 112 0.0124727
6 113 0.0075441
6 114 3.78362e-07
6 115 -0.00607419
6 116 -0.0114647
6 117 -0.0155778
6 118 -0.01539
6 119 0

7 0 0
7 1 -0.0166437
7 2 -0.0172802
7 3 -0.0137819
7 4 -0.00755883
7 5 -0.000757077
7 6 0.0065459
7 7 0.0122624
7 8 0.0153017
7 9 0.0169901
7 10 0.0150206
7 11 0.0100545
7 12 0.00513833
7 13 -0.00190648
7 14 -0.0087651
7 15 -0.0126601
7 16 -0.016073
7 17 -0.0169578
7 18 -0.0155975
7 19 -0.0132264
7 20 -0.00865045
7 21 -0.00481586
7 22 0.000139006
7 23 0.00608113
7 24 0.0103298
7 25 0.0151599
7 26 0.0185953
7 27 0.021697
7 28 0.0235073
7 29 0.0221193
7 30 0.0201236
7 31 0.0155302
7 32 0.0103249
7 33 0.00323963
7 34 -0.00510068
7 35 -0.0123877
7 36 -0.0191596
7 37 -0.0225731
7 38 -0.025216
7 39 -0.0257021
7 40 -0.0260986
7 41 -0.0259216
7 42 -0.0252152
7 43 -0.0246247
7 44 -0.0227891
7 45 -0.0215294
7 46 -0.0188407
7 47 -0.0170899
7 48 -0.0141256
7 49 -0.0122205
7 50 -0.00945217
7 51 -0.0076488
7 52 -0.00533734
7 53 -0.00379151
7 54 -0.00204196
7 55 -0.000844142
7 56 0.00032824
7 57 0.00112481
7 58 0.00174719
7 59 0.00210615
7 60 0.00221869
7 61 0.00210615
7 62 0.0017472
7 63 0.00112483
7 64 0.000328318
7 65 -0.000843886
7 66 -0.00204117
7 67 -0.00378924
7 68 -0.00533124
7 69 -0.00763352
7 70 -0.00941683
7 71 -0.0121454
7 72 -0.0139804
7 73 -0.0168385
7 74 -0.0184599
7 75 -0.0210488
7 76 -0.0223451
7 77 -0.0244943
7 78 -0.0257671
7 79 -0.0274247
7 80 -0.0284195
7 81 -0.0280791
7 82 -0.0264094
7 83 -0.0215366
7 84 -0.0159092
7 85 -0.00830711
7 86 -0.00213981
7 87 0.00398022
7 88 0.00925048
7 89 0.0136836
7 90 0.0178835
7 91 0.0192743
7 92 0.0205681
7 93 0.0201769
7 94 0.0193733
7 95 0.0173861
7 96 0.0128065
7 97 0.00875015
7 98 0.00297415
7 99 -0.00312962
7 100 -0.009145
7 101 -0.0150622
7 102 -0.0178037
7 103 -0.0198198
7 104 -0.0191672
7 105 -0.0143314
7 106 -0.0087577
7 107 -0.00115719
7 108 0.00700158
7 109 0.0132476
7 110 0.0178747
7 111 0.0187159
7 112 0.0165879
7 113 0.0125093
7 114 0.00505306
7 115 -0.00300551
7 116 -0.0099604
7 117 -0.016259
7 118 -0.0191601
7 119 0

8 0 0
8 1 -0.0202324
8 2 -0.0180231
8 3 -0.0112561
8 4 -0.00418862
8 5 0.00296014
8 6 0.0107503
8 7 0.0153017
8 8 0.0173931
8 9 0.0180567
8 10 0.0138522
8 11 0.00753391
8 12 0.000959725
8 13 -0.00724976
8 14 -0.0130835
8 15 -0.0166486
8 16 -0.0182834
8 17 -0.016197
8 18 -0.0135889
8 19 -0.00846001
8 20 -0.00201212
8 21 0.00236169
8 22 0.00804798
8 23 0.0121405
8 24 0.0152025
8 25 0.0174232
8 26 0.0169725
8 27 0.0177809
8 28 0.0162606
8 29 0.0138446
8 30 0.0103661
8 31 0.00511708
8 32 0.00105192
8 33 -0.00547487
8 34 -0.0110833
8 35 -0.0175353
8 36 -0.0221793
8 37 -0.0242809
8 38 -0.0251526
8 39 -0.0230979
8 40 -0.0219949
8 41 -0.0189273
8 42 -0.0174866
8 43 -0.0146357
8 44 -0.0127285
8 45 -0.010093
8 46 -0.00758369
8 47 -0.00528269
8 48 -0.00248292
8 49 -0.000717535
8 50 0.00200964
8 51 0.00316956
8 52 0.00560349
8 53 0.00620369
8 54 0.00825406
8 55 0.00838045
8 56 0.0100357
8 57 0.00976668
8 58 0.0110513
8 59 0.0104369
8 60 0.0113801
8 61 0.0104369
8 62 0.0110513
8 63 0.00976673
8 64 0.0100359
8 65 0.00838092
8 66 0.00825546
8 67 0.00620757
8 68 0.00561352
8 69 0.00319359
8 70 0.0020627
8 71 -0.000610382
8 72 -0.00228735
8 73 -0.00496618
8 74 -0.00714468
8 75 -0.00960973
8 76 -0.0124085
8 77 -0.0148156
8 78 -0.0185153
8 79 -0.0209067
8 80 -0.0244838
8 81 -0.0250399
8 82 -0.0252913
8 83 -0.0220032
8 84 -0.018209
8 85 -0.0137134
8 86 -0.0091304
8 87 -0.00576504
8 88 -0.000595462
8 89 0.00294829
8 90 0.00766865
8 91 0.0106445
8 92 0.0137362
8 93 0.0174688
8 94 0.0188891
8 95 0.0201341
8 96 0.0178781
8 97 0.0150225
8 98 0.0105909
8 99 0.00299505
8 100 -0.00356944
8 101 -0.0108631
8 102 -0.0162564
8 103 -0.019384
8 104 -0.0209599
8 105 -0.0174275
8 106 -0.012355
8 107 -0.00568032
8 108 0.00370076
8 109 0.0108096
8 110 0.0163046
8 111 0.0196709
8 112 0.0180734
8 113 0.0141922
8 114 0.00850849
8 115 0.000632059
8 116 -0.00684244
8 117 -0.0136599
8 118 -0.0192037
8 119 0

9 0 0
9 1 -0.018135
9 2 -0.014464
9 3 -0.00841138
9 4 -0.00188783
9 5 0.00545654
9 6 0.0128499
9 7 0.0169901
9 8 0.0180567
9 9 0.015683
9 10 0.00954256
9 11 0.00248653
9 12 -0.00511718
9 13 -0.0114595
9 14 -0.0149598
9 15 -0.0172638
9 16 -0.0157873
9 17 -0.0118954
9 18 -0.00776858
9 19 -0.000892379
9 20 0.00516826
9 21 0.010173
9 22 0.014267
9 23 0.0155829
9 24 0.0167956
9 25 0.0148774
9 26 0.0118474
9 27 0.0092286
9 28 0.00541953
9 29 0.00277838
9 30 -0.00188245
9 31 -0.00552352
9 32 -0.00899842
9 33 -0.0126782
9 34 -0.0154766
9 35 -0.0196376
9 36 -0.021148
9 37 -0.0222052
9 38 -0.0199061
9 39 -0.0167206
9 40 -0.0125837
9 41 -0.00813866
9 42 -0.0048455
9 43 -0.00086335
9 44 0.00132984
9 45 0.00478384
9 46 0.00638225
9 47 0.00929019
9 48 0.0104849
9 49 0.0126889
9 50 0.0135231
9 51 0.0149865
9 52 0.0155349
9 53 0.0163669
9 54 0.0167287
9 55 0.0170994
9 56 0.0173596
9 57 0.0174352
9 58 0.0176446
9 59 0.0175563
9 60 0.0177237
9 61 0.0175563
9 62 0.0176447
9 63 0.0174353
9 64 0.0173599
9 65 0.0171002
9 66 0.0167311
9 67 0.0163733
9 68 0.0155509
9 69 0.015023
9 70 0.0136
9 71 0.0128362
9 72 0.0107379
9 73 0.00967023
9 74 0.00685718
9 75 0.00521525
9 76 0.00144092
9 77 -0.00143711
9 78 -0.00636674
9 79 -0.010469
9 80 -0.0149608
9 81 -0.017904
9 82 -0.0188388
9 83 -0.0188825
9 84 -0.0169458
9 85 -0.0165448
9 86 -0.014673
9 87 -0.0138136
9 88 -0.0110021
9 89 -0.00794856
9 90 -0.00492952
9 91 -0.000401198
9 92 0.00372672
9 93 0.0101307
9 94 0.0145308
9 95 0.0178123
9 96 0.0196152
9 97 0.0183998
9 98 0.0160183
9 99 0.00964304
9 100 0.00291948
9 101 -0.00361254
9 102 -0.0108211
9 103 -0.0149933
9 104 -0.0175128
9 105 -0.0171074
9 106 -0.0137224
9 107 -0.00915808
9 108 -0.00175644
9 109 0.00541618
9 110 0.0113066
9 111 0.0168091
9 112 0.0178129
9 113 0.014894
9 114 0.0103861
9 115 0.00306494
9 116 -0.00457014
9 117 -0.0100908
9 118 -0.0147258
9 119 0

10 0 0
10 1 -0.014073
10 2 -0.0105045
10 3 -0.00486331
10 4 0.00192184
10 5 0.00856337
10 6 0.0133053
10 7 0.0150206
10 8 0.0138522
10 9 0.00954256
10 10 0.00377965
10 11 -0.00244204
10 12 -0.00908379
10 13 -0.0131177
10 14 -0.0150289
10 15 -0.0153722
10 16 -0.0115366
10 17 -0.00595931
10 18 0.000496805
10 19 0.00770658
10 20 0.0133251
10 21 0.0178017
10 22 0.0187734
10 23 0.0171666
10 24 0.0144021
10 25 0.0088253
10 26 0.00310552
10 27 -0.00296262
10 28 -0.00755094
10 29 -0.0107408
10 30 -0.0140951
10 31 -0.015667
10 32 -0.0170306
10 33 -0.0166106
10 34 -0.0164315
10 35 -0.0162952
10 36 -0.0155156
10 37 -0.0141437
10 38 -0.0102344
10 39 -0.00588909
10 40 -4.69809e-06
10 41 0.00474923
10 42 0.00941926
10 43 0.0126752
10 44 0.015354
10 45 0.0173596
10 46 0.0186542
10 47 0.0199393
10 48 0.0203141
10 49 0.0210801
10 50 0.020799
10 51 0.0211693
10 52 0.0204822
10 53 0.0206169
10 54 0.0197631
10 55 0.0198278
10 56 0.018995
10 57 0.0191252
10 58 0.0184342
10 59 0.0187221
10 60 0.0182309
10 61 0.0187221
10 62 0.0184342
10 63 0.0191254
10 64 0.0189955
10 65 0.0198293
10 66 0.0197671
10 67 0.0206271
10 68 0.0205066
10 69 0.0212229
10 70 0.0209064
10 71 0.0212751
10 72 0.020628
10 73 0.0203728
10 74 0.0191293
10 75 0.0176714
10 76 0.0151708
10 77 0.011652
10 78 0.00745131
10 79 0.00226517
10 80 -0.00196241
10 81 -0.0060594
10 82 -0.00796908
10 83 -0.0101236
10 84 -0.0115857
10 85 -0.0142547
10 86 -0.0167409
10 87 -0.0183635
10 88 -0.0192596
10 89 -0.0183117
10 90 -0.0172649
10 91 -0.0134278
10 92 -0.00811039
10 93 -0.0010514
10 94 0.00612832
10 95 0.0117863
10 96 0.0172714
10 97 0.0195674
10 98 0.0193598
10 99 0.0161869
10 100 0.0107415
10 101 0.00489506
10 102 -0.00268888
10 103 -0.00853362
10 104 -0.0120603
10 105 -0.0143092
10 106 -0.0133345
10 107 -0.0103595
10 108 -0.00564131
10 109 -9.20664e-05
10 110 0.004744
10 111 0.00969408
10 112 0.0126104
10 113 0.0125608
10 114 0.0107905
10 115 0.00610613
10 116 -4.78659e-05
10 117 -0.00544304
10 118 -0.010174
10 119 0

11 0 0
11 1 -0.00970645
11 2 -0.0047836
11 3 0.000915126
11 4 0.00609568
11 5 0.00984407
11 6 0.0108499
11 7 0.0100545
11 8 0.00753391
11 9 0.00248653
11 10 -0.00244204
11 11 -0.00711147
11 12 -0.0119521
11 13 -0.0135758
11 14 -0.0129118
11 15 -0.0105886
11 16 -0.00480887
11 17 0.00205922
11 18 0.00923345
11 19 0.0155542
11 20 0.0196019
11 21 0.0219997
11 22 0.0201822
11 23 0.0153515
11 24 0.00914268
11 25 0.00104363
11 26 -0.00683483
11 27 -0.0144722
11 28 -0.0196697
11 29 -0.0222298
11 30 -0.0235216
11 31 -0.0226849
11 32 -0.0208948
11 33 -0.0172263
11 34 -0.0133276
11 35 -0.00988113
11 36 -0.00665684
11 37 -0.0036732
11 38 0.000745287
11 39 0.0056111
11 40 0.0113307
11 41 0.0162794
11 42 0.0203994
11 43 0.0232231
11 44 0.0248174
11 45 0.025718
11 46 0.0256716
11 47 0.0255231
11 48 0.0246492
11 49 0.0239457
11 50 0.0226747
11 51 0.0216904
11 52 0.0203121
11 53 0.0192783
11 54 0.0180216
11 55 0.0171331
11 56 0.0161587
11 57 0.0155555
11 58 0.0149572
11 59 0.0147257
11 60 0.0145436
11 61 0.0147257
11 62 0.0149573
11 63 0.0155557
11 64 0.0161596
11 65 0.0171355
11 66 0.018028
11 67 0.0192942
11 68 0.0203483
11 69 0.0217664
11 70 0.0228197
11 71 0.0241943
11 72 0.0250223
11 73 0.0259899
11 74 0.0260982
11 75 0.0258349
11 76 0.0242659
11 77 0.0217369
11 78 0.0180965
11 79 0.013892
11 80 0.0100851
11 81 0.00659647
11 82 0.0040393
11 83 0.000602944
11 84 -0.00343866
11 85 -0.00903766
11 86 -0.0145829
11 87 -0.0193882
11 88 -0.0232954
11 89 -0.0254896
11 90 -0.0264898
11 91 -0.0239725
11 92 -0.0189698
11 93 -0.0118676
11 94 -0.00383525
11 95 0.00386234
11 96 0.0118434
11 97 0.0169784
11 98 0.0194871
11 99 0.0195417
11 100 0.0169007
11 101 0.0128203
11 102 0.00637169
11 103 0.000448877
11 104 -0.00421946
11 105 -0.00881432
11 106 -0.0106444
11 107 -0.0105648
11 108 -0.0091643
11 109 -0.00574529
11 110 -0.00215057
11 111 0.00171734
11 112 0.00523566
11 113 0.00731517
11 114 0.00863371
11 115 0.0079206
11 116 0.00508804
11 117 0.00131195
11 118 -0.00354426
11 119 0

12 0 0
12 1 -0.00188689
12 2 0.00216546
12 3 0.00506163
12 4 0.007852
12 5 0.00913087
12 6 0.00750062
12 7 0.00513833
12 8 0.000959725
12 9 -0.00511718
12 10 -0.00908379
12 11 -0.0119521
12 12 -0.0135855
12 13 -0.0115673
12 14 -0.00827985
12 15 -0.00315665
12 16 0.00356605
12 17 0.00974042
12 18 0.0164942
12 19 0.02054
12 20 0.0220874
12 21 0.0222393
12 22 0.0174977
12 23 0.0108079
12 24 0.00222673
12 25 -0.00712693
12 26 -0.0150635
12 27 -0.023261
12 28 -0.027431
12 29 -0.0290131
12 30 -0.0279484
12 31 -0.0243272
12 32 -0.0203982
12 33 -0.0136492
12 34 -0.00781373
12 35 -0.00165677
12 36 0.00275265
12 37 0.00625233
12 38 0.0104277
12 39 0.0140419
12 40 0.0192851
12 41 0.02267
12 42 0.0264282
12 43 0.0276133
12 44 0.0284858
12 45 0.0277147
12 46 0.0265453
12 47 0.024999
12 48 0.022849
12 49 0.0212216
12 50 0.0186991
12 51 0.0172648
12 52 0.0147367
12 53 0.0136369
12 54 0.0113589
12 55 0.0106864
12 56 0.00881979
12 57 0.00863039
12 58 0.00725717
12 59 0.00758049
12 60 0.00673106
12 61 0.00758053
12 62 0.00725733
12 63 0.00863088
12 64 0.00882124
12 65 0.0106904
12 66 0.011369
12 67 0.0136607
12 68 0.0147888
12 69 0.0173691
12 70 0.0188883
12 71 0.0215268
12 72 0.0232722
12 73 0.0254675
12 74 0.0268637
12 75 0.0275611
12 76 0.0275159
12 77 0.0257022
12 78 0.0239629
12 79 0.0206539
12 80 0.0189867
12 81 0.0161884
12 82 0.0144449
12 83 0.0103198
12 84 0.00494457
12 85 -0.00198516
12 86 -0.00978072
12 87 -0.0160643
12 88 -0.022953
12 89 -0.0271673
12 90 -0.03035
12 91 -0.0294935
12 92 -0.0255401
12 93 -0.020288
12 94 -0.0123109
12 95 -0.00461186
12 96 0.00441085
12 97 0.0113507
12 98 0.0156637
12 99 0.0193011
12 100 0.0193798
12 101 0.0179928
12 102 0.0144358
12 103 0.00946345
12 104 0.00508246
12 105 -0.000947701
12 106 -0.00551847
12 107 -0.00856556
12 108 -0.0118453
12 109 -0.0117403
12 110 -0.00958587
12 111 -0.00687368
12 112 -0.00206087
12 113 0.00259828
12 114 0.00581095
12 115 0.0078351
12 116 0.00793632
12 117 0.00664426
12 118 0.00421573
12 119 0

13 0 0
13 1 0.00470665
13 2 0.00774738
13 3 0.00921678
13 4 0.00968664
13 5 0.00772385
13 6 0.00307458
13 7 -0.00190648
13 8 -0.00724976
13 9 -0.0114595
13 10 -0.0131177
13 11 -0.0135758
13 12 -0.0115673
13 13 -0.0078913
13 14 -0.00325335
13 15 0.0038082
13 16 0.00982354
13 17 0.0155385
13 18 0.021137
13 19 0.0224248
13 20 0.0221283
13 21 0.0188232
13 22 0.0121695
13 23 0.00448967
13 24 -0.0058515
13 25 -0.0140903
13 26 -0.0216874
13 27 -0.0280612
13 28 -0.0302563
13 29 -0.0306101
13 30 -0.0260639
13 31 -0.0209885
13 32 -0.0142147
13 33 -0.00633118
13 34 0.00058796
13 35 0.00808219
13 36 0.011728
13 37 0.0154332
13 38 0.0167285
13 39 0.0190581
13 40 0.0212103
13 41 0.0229811
13 42 0.0248041
13 43 0.0242267
13 44 0.0241498
13 45 0.0213356
13 46 0.0199107
13 47 0.0163201
13 48 0.0144895
13 49 0.0111228
13 50 0.0093161
13 51 0.00654703
13 52 0.00491321
13 53 0.00283908
13 54 0.00146439
13 55 7.57533e-05
13 56 -0.000975119
13 57 -0.00173874
13 58 -0.00241696
13 59 -0.00263324
13 60 -0.00289258
13 61 -0.00263316
13 62 -0.00241669
13 63 -0.0017379
13 64 -0.000972763
13 65 8.19562e-05
13 66 0.00147962
13 67 0.00287371
13 68 0.0049858
13 69 0.00668581
13 70 0.00955474
13 71 0.0114832
13 72 0.0149456
13 73 0.0167482
13 74 0.0200551
13 75 0.0208453
13 76 0.0227458
13 77 0.021984
13 78 0.0223949
13 79 0.0216013
13 80 0.0220012
13 81 0.0222312
13 82 0.0210737
13 83 0.0188721
13 84 0.012733
13 85 0.00673757
13 86 -0.00184951
13 87 -0.00890071
13 88 -0.0168903
13 89 -0.0236596
13 90 -0.0275651
13 91 -0.0297143
13 92 -0.0274123
13 93 -0.0249909
13 94 -0.0192645
13 95 -0.0120338
13 96 -0.00457464
13 97 0.00374142
13 98 0.00948791
13 99 0.0157936
13 100 0.0195339
13 101 0.0201977
13 102 0.0201893
13 103 0.0167213
13 104 0.0121406
13 105 0.00628058
13 106 -0.000352169
13 107 -0.00532624
13 108 -0.0108717
13 109 -0.0144109
13 110 -0.0147212
13 111 -0.0141788
13 112 -0.0102713
13 113 -0.00392147
13 114 0.00173728
13 115 0.00735558
13 116 0.0112053
13 117 0.0115742
13 118 0.0101325
13 119 0

14 0 0
14 1 0.00977042
14 2 0.0133459
14 3 0.0133706
14 4 0.00995293
14 5 0.00426114
14 6 -0.00260132
14 7 -0.0087651
14 8 -0.0130835
14 9 -0.0149598
14 10 -0.0150289
14 11 -0.0129118
14 12 -0.00827985
14 13 -0.00325335
14 14 0.0032029
14 15 0.0103857
14 16 0.0151034
14 17 0.0190683
14 18 0.0210079
14 19 0.0198685
14 20 0.0168866
14 21 0.011011
14 22 0.00473082
14 23 -0.00305051
14 24 -0.0116136
14 25 -0.0178687
14 26 -0.0236433
14 27 -0.0265411
14 28 -0.0276304
14 29 -0.0255298
14 30 -0.0196906
14 31 -0.0133578
14 32 -0.0050978
14 33 0.00196797
14 34 0.00960224
14 35 0.0154466
14 36 0.0188039
14 37 0.0203177
14 38 0.0191494
14 39 0.0188874
14 40 0.0174831
14 41 0.0177025
14 42 0.0165232
14 43 0.0156131
14 44 0.0133459
14 45 0.0106888
14 46 0.0078279
14 47 0.00450537
14 48 0.00206553
14 49 -0.00102464
14 50 -0.00267854
14 51 -0.00525495
14 52 -0.00619261
14 53 -0.00824657
14 54 -0.0086278
14 55 -0.010221
14 56 -0.0101842
14 57 -0.0113951
14 58 -0.0110373
14 59 -0.0119363
14 60 -0.0113074
14 61 -0.0119361
14 62 -0.0110369
14 63 -0.0113937
14 64 -0.0101805
14 65 -0.0102116
14 66 -0.00860543
14 67 -0.00819765
14 68 -0.00609438
14 69 -0.00507593
14 70 -0.00238768
14 71 -0.000616318
14 72 0.00252802
14 73 0.00484206
14 74 0.00773175
14 75 0.00981465
14 76 0.0115348
14 77 0.0131838
14 78 0.0144122
14 79 0.0171798
14 80 0.0193914
14 81 0.0228309
14 82 0.0233949
14 83 0.0228062
14 84 0.0186139
14 85 0.0133174
14 86 0.00689992
14 87 -0.000694661
14 88 -0.00780555
14 89 -0.0155945
14 90 -0.0200521
14 91 -0.0233583
14 92 -0.0241813
14 93 -0.0235736
14 94 -0.0215516
14 95 -0.0164126
14 96 -0.0115441
14 97 -0.00512703
14 98 0.00151457
14 99 0.00817707
14 100 0.0145851
14 101 0.0182193
14 102 0.0212857
14 103 0.0214813
14 104 0.0180481
14 105 0.0131265
14 106 0.00592509
14 107 -0.00164075
14 108 -0.00869541
14 109 -0.0145592
14 110 -0.0175446
14 111 -0.0183316
14 112 -0.0158965
14 113 -0.0102569
14 114 -0.00319719
14 115 0.00519529
14 116 0.0124315
14 117 0.0160675
14 118 0.0161915
14 119 0

15 0 0
15 1 0.0152177
15 2 0.0162589
15 3 0.0132227
15 4 0.00766146
15 5 0.000721338
15 6 -0.00643743
15 7 -0.0126601
15 8 -0.0166486
15 9 -0.0172638
15 10 -0.0153722
15 11 -0.0105886
15 12 -0.00315665
15 13 0.0038082
15 14 0.0103857
15 15 0.0158857
15 16 0.0180083
15 17 0.0181587
15 18 0.0163497
15 19 0.0125888
15 20 0.00753458
15 21 0.0013021
15 22 -0.00409638
15 23 -0.00956
15 24 -0.0148584
15 25 -0.0183788
15 26 -0.0204922
15 27 -0.0205139
15 28 -0.0192898
15 29 -0.0156968
15 30 -0.00960939
15 31 -0.00263447
15 32 0.00466708
15 33 0.0108067
15 34 0.0164201
15 35 0.0202734
15 36 0.021806
15 37 0.0206349
15 38 0.017242
15 39 0.0134527
15 40 0.00977103
15 41 0.00722955
15 42 0.00485835
15 43 0.00278853
15 44 0.000210388
15 45 -0.00248072
15 46 -0.00534658
15 47 -0.00801586
15 48 -0.0103259
15 49 -0.012289
15 50 -0.0137218
15 51 -0.0149191
15 52 -0.0156341
15 53 -0.0162804
15 54 -0.0165362
15 55 -0.0168548
15 56 -0.0168637
15 57 -0.017024
15 58 -0.016933
15 59 -0.0170442
15 60 -0.0169347
15 61 -0.0170439
15 62 -0.0169322
15 63 -0.0170218
15 64 -0.016858
15 65 -0.0168408
15 66 -0.0165042
15 67 -0.0162132
15 68 -0.015505
15 69 -0.0146952
15 70 -0.0133794
15 71 -0.0118466
15 72 -0.00989226
15 73 -0.00782734
15 74 -0.0057428
15 75 -0.00375862
15 76 -0.00193558
15 77 0.000357858
15 78 0.00328447
15 79 0.00771165
15 80 0.0127052
15 81 0.0178238
15 82 0.0209849
15 83 0.0219804
15 84 0.0205392
15 85 0.0176131
15 86 0.0136043
15 87 0.00810454
15 88 0.00208623
15 89 -0.00415491
15 90 -0.00872894
15 91 -0.012522
15 92 -0.0156169
15 93 -0.0177921
15 94 -0.0187346
15 95 -0.0176516
15 96 -0.0161047
15 97 -0.0127836
15 98 -0.00756904
15 99 -0.00121689
15 100 0.00571471
15 101 0.0118619
15 102 0.017858
15 103 0.0213561
15 104 0.0212796
15 105 0.0188566
15 106 0.0127086
15 107 0.00417411
15 108 -0.00468468
15 109 -0.0128717
15 110 -0.0185153
15 111 -0.0208763
15 112 -0.0189669
15 113 -0.0134236
15 114 -0.0061392
15 115 0.00267553
15 116 0.0107719
15 117 0.0162566
15 118 0.0190359
15 119 0

16 0 0
16 1 0.0172842
16 2 0.016358
16 3 0.012246
16 4 0.00507918
16 5 -0.00327812
16 6 -0.0103427
16 7 -0.016073
16 8 -0.0182834
16 9 -0.0157873
16 10 -0.0115366
16 11 -0.00480887
16 12 0.00356605
16 13 0.00982354
16 14 0.0151034
16 15 0.0180083
16 16 0.017303
16 17 0.0148248
16 18 0.00937971
16 19 0.00344515
16 20 -0.00261891
16 21 -0.00927955
16 22 -0.0127135
16 23 -0.0153978
16 24 -0.0167527
16 25 -0.0160751
16 26 -0.0147457
16 27 -0.0108384
16 28 -0.00756135
16 29 -0.00287888
16 30 0.00305456
16 31 0.00871394
16 32 0.014803
16 33 0.0180519
16 34 0.0211747
16 35 0.0218388
16 36 0.0207847
16 37 0.0172668
16 38 0.0110266
16 39 0.00509375
16 40 -0.00146045
16 41 -0.00523777
16 42 -0.00905796
16 43 -0.0109267
16 44 -0.0133984
16 45 -0.0151663
16 46 -0.0170633
16 47 -0.0187216
16 48 -0.0196205
16 49 -0.0206723
16 50 -0.0204747
16 51 -0.0209312
16 52 -0.0200045
16 53 -0.0201468
16 54 -0.0189159
16 55 -0.0190078
16 56 -0.0177799
16 57 -0.0180043
16 58 -0.0169645
16 59 -0.017433
16 60 -0.0166712
16 61 -0.0174326
16 62 -0.0169633
16 63 -0.018001
16 64 -0.0177714
16 65 -0.0189876
16 66 -0.0188715
16 67 -0.0200571
16 68 -0.0198394
16 69 -0.0206596
16 70 -0.020086
16 71 -0.0202173
16 72 -0.0192584
16 73 -0.0187391
16 74 -0.0178051
16 75 -0.0168339
16 76 -0.0157634
16 77 -0.0131496
16 78 -0.00988626
16 79 -0.00369546
16 80 0.00230015
16 81 0.00950818
16 82 0.0139362
16 83 0.0174127
16 84 0.0186444
16 85 0.0188805
16 86 0.0183461
16 87 0.0153846
16 88 0.0125663
16 89 0.00815261
16 90 0.00512878
16 91 0.000927431
16 92 -0.00400933
16 93 -0.00847005
16 94 -0.0133851
16 95 -0.0161919
16 96 -0.0192107
16 97 -0.019385
16 98 -0.0161834
16 99 -0.0114778
16 100 -0.00382974
16 101 0.00389841
16 102 0.0120426
16 103 0.018403
16 104 0.0205562
16 105 0.0209133
16 106 0.0167821
16 107 0.009055
16 108 0.00116703
16 109 -0.00774864
16 110 -0.0151197
16 111 -0.0189751
16 112 -0.0196935
16 113 -0.0162104
16 114 -0.00925263
16 115 -0.000336193
16 116 0.00852751
16 117 0.0150085
16 118 0.0186361
16 119 0

17 0 0
17 1 0.0176992
17 2 0.0155517
17 3 0.00972751
17 4 0.00091316
17 5 -0.00784525
17 6 -0.013725
17 7 -0.0169578
17 8 -0.016197
17 9 -0.0118954
17 10 -0.00595931
17 11 0.00205922
17 12 0.00974042
17 13 0.0155385
17 14 0.0190683
17 15 0.0181587
17 16 0.0148248
17 17 0.00839574
17 18 -0.000619635
17 19 -0.00745617
17 20 -0.0142227
17 21 -0.0186416
17 22 -0.0192166
17 23 -0.0184633
17 24 -0.0144903
17 25 -0.0108556
17 26 -0.00571421
17 27 0.000398841
17 28 0.00453051
17 29 0.00979211
17 30 0.0131859
17 31 0.0177293
17 32 0.0206807
17 33 0.0215193
17 34 0.0219016
17 35 0.0192583
17 36 0.0169818
17 37 0.0107573
17 38 0.00422891
17 39 -0.00401264
17 40 -0.0110484
17 41 -0.0160011
17 42 -0.0198551
17 43 -0.0209074
17 44 -0.0228451
17 45 -0.0224692
17 46 -0.0238546
17 47 -0.0229787
17 48 -0.0236119
17 49 -0.022199
17 50 -0.0219016
17 51 -0.0201722
17 52 -0.0192458
17 53 -0.0175939
17 54 -0.0164539
17 55 -0.0151678
17 56 -0.014132
17 57 -0.0133512
17 58 -0.0126279
17 59 -0.0123902
17 60 -0.0121098
17 61 -0.0123896
17 62 -0.012626
17 63 -0.0133462
17 64 -0.0141196
17 65 -0.0151394
17 66 -0.0163937
17 67 -0.0174771
17 68 -0.0190406
17 69 -0.0198527
17 70 -0.0214771
17 71 -0.0217595
17 72 -0.023369
17 73 -0.0232557
17 74 -0.0249666
17 75 -0.0244757
17 76 -0.0252776
17 77 -0.0227101
17 78 -0.0197836
17 79 -0.0134427
17 80 -0.00674399
17 81 6.59097e-05
17 82 0.00607857
17 83 0.00976901
17 84 0.014212
17 85 0.0161899
17 86 0.0191283
17 87 0.0189993
17 88 0.0190312
17 89 0.018281
17 90 0.0162691
17 91 0.0138348
17 92 0.00769924
17 93 0.00232213
17 94 -0.00488372
17 95 -0.0119043
17 96 -0.0178932
17 97 -0.0227193
17 98 -0.0224208
17 99 -0.0205038
17 100 -0.0147526
17 101 -0.00579365
17 102 0.00296851
17 103 0.0120801
17 104 0.0178303
17 105 0.0205875
17 106 0.0197841
17 107 0.0138308
17 108 0.00682409
17 109 -0.00131809
17 110 -0.00958681
17 111 -0.014306
17 112 -0.0167367
17 113 -0.0163472
17 114 -0.0115663
17 115 -0.00434066
17 116 0.00395289
17 117 0.0120756
17 118 0.0172949
17 119 0

18 0 0
18 1 0.0157762
18 2 0.0108256
18 3 0.00424539
18 4 -0.00312103
18 5 -0.010114
18 6 -0.01426
18 7 -0.0155975
18 8 -0.0135889
18 9 -0.00776858
18 10 0.000496805
18 11 0.00923345
18 12 0.0164942
18 13 0.021137
18 14 0.0210079
18 15 0.0163497
18 16 0.00937971
18 17 -0.000619635
18 18 -0.0106854
18 19 -0.0181568
18 20 -0.0234725
18 21 -0.0247816
18 22 -0.0231252
18 23 -0.0179855
18 24 -0.0106434
18 25 -0.00387849
18 26 0.00402594
18 27 0.0105066
18 28 0.0158639
18 29 0.0192692
18 30 0.0207041
18 31 0.0225072
18 32 0.0219811
18 33 0.0209896
18 34 0.0177073
18 35 0.0139447
18 36 0.00954576
18 37 0.00332115
18 38 -0.00323362
18 39 -0.0115775
18 40 -0.0177189
18 41 -0.023115
18 42 -0.0250379
18 43 -0.0258832
18 44 -0.0250344
18 45 -0.0238593
18 46 -0.0226227
18 47 -0.0208499
18 48 -0.0196293
18 49 -0.017347
18 50 -0.0159988
18 51 -0.0133902
18 52 -0.0120762
18 53 -0.00953174
18 54 -0.00850851
18 55 -0.00633241
18 56 -0.00576238
18 57 -0.00410446
18 58 -0.00406158
18 59 -0.00297213
18 60 -0.00348801
18 61 -0.00297119
18 62 -0.00405873
18 63 -0.00409709
18 64 -0.00574478
18 65 -0.00629343
18 66 -0.00842893
18 67 -0.00938351
18 68 -0.011828
18 69 -0.0130261
18 70 -0.0155548
18 71 -0.0169576
18 72 -0.0195552
18 73 -0.0214302
18 74 -0.0241034
18 75 -0.026118
18 76 -0.027359
18 77 -0.0270709
18 78 -0.023984
18 79 -0.019679
18 80 -0.013203
18 81 -0.0081675
18 82 -0.00255334
18 83 0.00135751
18 84 0.00639092
18 85 0.0109025
18 86 0.0150484
18 87 0.0187692
18 88 0.021145
18 89 0.024206
18 90 0.0245102
18 91 0.0231914
18 92 0.0184825
18 93 0.0118986
18 94 0.00415679
18 95 -0.00589074
18 96 -0.0146389
18 97 -0.0220304
18 98 -0.0258119
18 99 -0.0261948
18 100 -0.0232444
18 101 -0.0154824
18 102 -0.00659434
18 103 0.00294572
18 104 0.012043
18 105 0.0179865
18 106 0.0204872
18 107 0.0186232
18 108 0.0134022
18 109 0.00582138
18 110 -0.00276182
18 111 -0.00924995
18 112 -0.0131907
18 113 -0.0140611
18 114 -0.0113302
18 115 -0.00665658
18 116 -0.000534822
18 117 0.00607555
18 118 0.0113358
18 119 0

19 0 0
19 1 0.0108022
19 2 0.0052243
19 3 -0.000572003
19 4 -0.00706025
19 5 -0.0124859
19 6 -0.0144549
19 7 -0.0132264
19 8 -0.00846001
19 9 -0.000892379
19 10 0.00770658
19 11 0.0155542
19 12 0.02054
19 13 0.0224248
19 14 0.0198685
19 15 0.0125888
19 16 0.00344515
19 17 -0.00745617
19 18 -0.0181568
19 19 -0.0254633
19 20 -0.0293297
19 21 -0.0287236
19 22 -0.0242686
19 23 -0.0163184
19 24 -0.00591812
19 25 0.0036592
19 26 0.012542
19 27 0.0196041
19 28 0.0239962
19 29 0.0255227
19 30 0.024227
19 31 0.0222787
19 32 0.0191568
19 33 0.015262
19 34 0.0104332
19 35 0.00532914
19 36 0.000705172
19 37 -0.00446074
19 38 -0.00985013
19 39 -0.0159813
19 40 -0.021022
19 41 -0.0243591
19 42 -0.0251232
19 43 -0.0237795
19 44 -0.0212337
19 45 -0.0180039
19 46 -0.0150435
19 47 -0.0119749
19 48 -0.00944242
19 49 -0.00671065
19 50 -0.00444707
19 51 -0.00198785
19 52 -1.52407e-05
19 53 0.00203023
19 54 0.00356838
19 55 0.00508114
19 56 0.00611455
19 57 0.00707742
19 58 0.00760787
19 59 0.00805306
19 60 0.00809761
19 61 0.00805448
19 62 0.00761207
19 63 0.00708796
19 64 0.00613894
19 65 0.00513336
19 66 0.00367108
19 67 0.00221366
19 68 0.000276894
19 69 -0.00158651
19 70 -0.00400538
19 71 -0.00641059
19 72 -0.00958452
19 73 -0.0128872
19 74 -0.0168628
19 75 -0.0203968
19 76 -0.0232662
19 77 -0.0241947
19 78 -0.0230846
19 79 -0.0202627
19 80 -0.0166398
19 81 -0.0134954
19 82 -0.0103354
19 83 -0.00718335
19 84 -0.00261802
19 85 0.0024051
19 86 0.0079593
19 87 0.0135201
19 88 0.0193032
19 89 0.0250325
19 90 0.0284163
19 91 0.0290429
19 92 0.0259795
19 93 0.02038
19 94 0.0118214
19 95 0.000741407
19 96 -0.0101364
19 97 -0.019786
19 98 -0.02624
19 99 -0.029486
19 100 -0.0282361
19 101 -0.0220815
19 102 -0.0140721
19 103 -0.00427539
19 104 0.00564144
19 105 0.0132608
19 106 0.0181277
19 107 0.0193007
19 108 0.0173891
19 109 0.0123614
19 110 0.00533462
19 111 -0.00112805
19 112 -0.00720515
19 113 -0.0110257
19 114 -0.0110333
19 115 -0.00923137
19 116 -0.00520195
19 117 0.000231146
19 118 0.00455111
19 119 0

20 0 0
20 1 0.00654631
20 2 0.000168342
20 3 -0.00633883
20 4 -0.0114476
20 5 -0.0139182
20 6 -0.0130953
20 7 -0.00865045
20 8 -0.00201212
20 9 0.00516826
20 10 0.0133251
20 11 0.0196019
20 12 0.0220874
20 13 0.0221283
20 14 0.0168866
20 15 0.00753458
20 16 -0.00261891
20 17 -0.0142227
20 18 -0.0234725
20 19 -0.0293297
20 20 -0.031139
20 21 -0.027148
20 22 -0.021046
20 23 -0.0109888
20 24 0.000604022
20 25 0.0101705
20 26 0.0190117
20 27 0.0237758
20 28 0.0266435
20 29 0.0255907
20 30 0.0213309
20 31 0.017086
20 32 0.0111718
20 33 0.00684517
20 34 0.00107402
20 35 -0.00320984
20 36 -0.00673454
20 37 -0.00992083
20 38 -0.0121841
20 39 -0.0161387
20 40 -0.0180442
20 41 -0.0201782
20 42 -0.0185547
20 43 -0.0162739
20 44 -0.0117474
20 45 -0.0074719
20 46 -0.00327939
20 47 0.000567774
20 48 0.00329057
20 49 0.00642467
20 50 0.00806253
20 51 0.0107282
20 52 0.0116328
20 53 0.0138608
20 54 0.0141741
20 55 0.0159516
20 56 0.015791
20 57 0.0171721
20 58 0.0166555
20 59 0.0177201
20 60 0.0169242
20 61 0.0177222
20 62 0.0166615
20 63 0.0171869
20 64 0.015824
20 65 0.01602
20 66 0.0143036
20 67 0.0140823
20 68 0.0119673
20 69 0.0111552
20 70 0.00847496
20 71 0.00659397
20 72 0.00289091
20 73 -0.000686151
20 74 -0.0053779
20 75 -0.00985777
20 76 -0.0133104
20 77 -0.0158113
20 78 -0.0156089
20 79 -0.0156932
20 80 -0.014119
20 81 -0.0147374
20 82 -0.0137355
20 83 -0.0131636
20 84 -0.0100526
20 85 -0.00595252
20 86 -0.00112222
20 87 0.00576367
20 88 0.0123831
20 89 0.0206926
20 90 0.0255585
20 91 0.0285167
20 92 0.0279609
20 93 0.0238555
20 94 0.0173549
20 95 0.00651097
20 96 -0.0034919
20 97 -0.0136636
20 98 -0.0221895
20 99 -0.0270501
20 100 -0.0290877
20 101 -0.0255379
20 102 -0.0198235
20 103 -0.0117103
20 104 -0.00112912
20 105 0.00714638
20 106 0.0141803
20 107 0.018671
20 108 0.0189641
20 109 0.0168871
20 110 0.0121728
20 111 0.00614114
20 112 -8.9472e-07
20 113 -0.00571113
20 114 -0.00945849
20 115 -0.011473
20 116 -0.0105543
20 117 -0.00638199
20 118 -0.00166536
