0 0 0
0 1 0
0 2 0
0 3 0
0 4 0
0 5 0
0 6 0
0 7 0
0 8 0
0 9 0
0 10 0
0 11 0
0 12 0
0 13 0
0 14 0
0 15 0
0 16 0
0 17 0
0 18 0
0 19 0
0 20 0
0 21 0
0 22 0
0 23 0
0 24 0
0 25 0
0 26 0
0 27 0
0 28 0
0 29 0
0 30 0
0 31 0
0 32 0
0 33 0
0 34 0
0 35 0
0 36 0
0 37 0
0 38 0
0 39 0
0 40 0
0 41 0
0 42 0
0 43 0
0 44 0
0 45 0
0 46 0
0 47 0
0 48 0
0 49 0
0 50 0
0 51 0
0 52 0
0 53 0
0 54 0
0 55 0
0 56 0
0 57 0
0 58 0
0 59 0
0 60 0
0 61 0
0 62 0
0 63 0
0 64 0
0 65 0
0 66 0
0 67 0
0 68 0
0 69 0
0 70 0
0 71 0
0 72 0
0 73 0
0 74 0
0 75 0
0 76 0
0 77 0
0 78 0
0 79 0
0 80 0
0 81 0
0 82 0
0 83 0
0 84 0
0 85 0
0 86 0
0 87 0
0 88 0
0 89 0
0 90 0
0 91 0
0 92 0
0 93 0
0 94 0
0 95 0
0 96 0
0 97 0
0 98 0
0 99 0
0 100 0
0 101 0
0 102 0
0 103 0
0 104 0
0 105 0
0 106 0
0 107 0
0 108 0
0 109 0
0 110 0
0 111 0
0 112 0
0 113 0
0 114 0
0 115 0
0 116 0
0 117 0
0 118 0
0 119 0

1 0 0
1 1 0.0192038
1 2 0.0171335
1 3 0.0119331
1 4 0.0051723
1 5 -0.00259325
1 6 -0.00954411
1 7 -0.0145908
1 8 -0.0171926
1 9 -0.0163883
1 10 -0.0131548
1 11 -0.00731838
1 12 -0.000480705
1 13 0.00639984
1 14 0.0126714
1 15 0.0162789
1 16 0.0182951
1 17 0.0171331
1 18 0.0140435
1 19 0.00996917
1 20 0.0045624
1 21 2.65844e-05
1 22 -0.00479807
1 23 -0.00895152
1 24 -0.0131029
1 25 -0.0164007
1 26 -0.0189653
1 27 -0.020078
1 28 -0.019036
1 29 -0.0175308
1 30 -0.0140746
1 31 -0.0107017
1 32 -0.00596987
1 33 -0.00119062
1 34 0.00399334
1 35 0.00867067
1 36 0.0127882
1 37 0.0164549
1 38 0.0193721
1 39 0.0224728
1 40 0.0236117
1 41 0.0245041
1 42 0.0240104
1 43 0.0235401
1 44 0.0213331
1 45 0.0194014
1 46 0.0165263
1 47 0.0144935
1 48 0.0123688
1 49 0.0108619
1 50 0.00927717
1 51 0.00857002
1 52 0.00763956
1 53 0.00620588
1 54 0.00459515
1 55 0.00305883
1 56 0.00116315
1 57 -0.000901108
1 58 -0.00197066
1 59 -0.00243537
1 60 -0.00241168
1 61 -0.00180009
1 62 -0.00015569
1 63 0.00127112
1 64 0.00241961
1 65 0.00356707
1 66 0.00466981
1 67 0.00517772
1 68 0.00565486
1 69 0.00691765
1 70 0.00835965
1 71 0.0103485
1 72 0.0125598
1 73 0.0155884
1 74 0.0180177
1 75 0.0207678
1 76 0.0220998
1 77 0.0235863
1 78 0.0238961
1 79 0.0241713
1 80 0.0224835
1 81 0.0212356
1 82 0.0189362
1 83 0.0164131
1 84 0.0126947
1 85 0.00856422
1 86 0.00394384
1 87 -0.000768603
1 88 -0.00506696
1 89 -0.00986746
1 90 -0.0133975
1 91 -0.017086
1 92 -0.0187233
1 93 -0.0194953
1 94 -0.0189122
1 95 -0.0176703
1 96 -0.0152336
1 97 -0.0116185
1 98 -0.00698846
1 99 -0.000270863
1 100 0.00595773
1 101 0.0126372
1 102 0.0174002
1 103 0.0197536
1 104 0.0197347
1 105 0.016399
1 106 0.0112667
1 107 0.00419333
1 108 -0.00301225
1 109 -0.00972961
1 110 -0.0147279
1 111 -0.016975
1 112 -0.0167014
1 113 -0.0130955
1 114 -0.00749709
1 115 -0.000416387
1 116 0.00707841
1 117 0.013158
1 118 0.0174806
1 119 0

2 0 0
2 1 0.0171335
2 2 0.0134447
2 3 0.00798984
2 4 0.000992316
2 5 -0.00576956
2 6 -0.011163
2 7 -0.0148294
2 8 -0.0153322
2 9 -0.0133394
2 10 -0.00899319
2 11 -0.00266666
2 12 0.00373969
2 13 0.00991617
2 14 0.0144722
2 15 0.0165578
2 16 0.0164517
2 17 0.013875
2 18 0.00956886
2 19 0.00440515
2 20 -0.000878991
2 21 -0.00607164
2 22 -0.010159
2 23 -0.0137204
2 24 -0.0165854
2 25 -0.01775
2 26 -0.0181003
2 27 -0.0161901
2 28 -0.0129553
2 29 -0.00893326
2 30 -0.00466063
2 31 -0.000669281
2 32 0.00325017
2 33 0.00694508
2 34 0.0103156
2 35 0.0123376
2 36 0.0146085
2 37 0.0163294
2 38 0.018267
2 39 0.0197728
2 40 0.0204641
2 41 0.0199733
2 42 0.0189975
2 43 0.0170568
2 44 0.0136019
2 45 0.00997688
2 46 0.00629712
2 47 0.00338467
2 48 0.000917056
2 49 -0.000246475
2 50 -0.00108943
2 51 -0.00080055
2 52 -0.00104177
2 53 -0.00167315
2 54 -0.00328396
2 55 -0.00473621
2 56 -0.00737744
2 57 -0.00976118
2 58 -0.011507
2 59 -0.0117457
2 60 -0.011841
2 61 -0.0104362
2 62 -0.00839459
2 63 -0.00611322
2 64 -0.00502217
2 65 -0.00379202
2 66 -0.00354063
2 67 -0.00368519
2 68 -0.004354
2 69 -0.00386181
2 70 -0.00303432
2 71 -0.00081353
2 72 0.00187877
2 73 0.00551131
2 74 0.00912833
2 75 0.0128449
2 76 0.0150943
2 77 0.0167351
2 78 0.0179338
2 79 0.018346
2 80 0.0179613
2 81 0.01749
2 82 0.0171994
2 83 0.0165284
2 84 0.0159888
2 85 0.0139686
2 86 0.0114068
2 87 0.00811959
2 88 0.0044495
2 89 -0.000311242
2 90 -0.00518431
2 91 -0.010158
2 92 -0.0141366
2 93 -0.0164582
2 94 -0.0181357
2 95 -0.0180784
2 96 -0.0171936
2 97 -0.014981
2 98 -0.0111324
2 99 -0.00588412
2 100 0.000127306
2 101 0.00648237
2 102 0.0120489
2 103 0.0155824
2 104 0.0173856
2 105 0.0161175
2 106 0.0126902
2 107 0.00771366
2 108 0.00126177
2 109 -0.0045502
2 110 -0.00973619
2 111 -0.0131661
2 112 -0.0139858
2 113 -0.012884
2 114 -0.00912344
2 115 -0.00384486
2 116 0.00216605
2 117 0.00841776
2 118 0.0130584
2 119 0

3 0 0
3 1 0.0119331
3 2 0.00798984
3 3 0.00221766
3 4 -0.00274604
3 5 -0.00766461
3 6 -0.0106831
3 7 -0.0113928
3 8 -0.0106092
3 9 -0.00688506
3 10 -0.00271714
3 11 0.00277659
3 12 0.0078021
3 13 0.0112879
3 14 0.0139602
3 15 0.0130599
3 16 0.0112577
3 17 0.00694303
3 18 0.00168053
3 19 -0.00294297
3 20 -0.00792366
3 21 -0.0110125
3 22 -0.0138296
3 23 -0.0150702
3 24 -0.0161062
3 25 -0.0146885
3 26 -0.0120674
3 27 -0.00806173
3 28 -0.00200908
3 29 0.00233168
3 30 0.00721465
3 31 0.0100263
3 32 0.0126536
3 33 0.0132998
3 34 0.0135814
3 35 0.012455
3 36 0.0113542
3 37 0.0110076
3 38 0.0104731
3 39 0.0112166
3 40 0.0103018
3 41 0.00976399
3 42 0.00760412
3 43 0.00574458
3 44 0.000985032
3 45 -0.00280083
3 46 -0.00707667
3 47 -0.00965827
3 48 -0.0120403
3 49 -0.0121062
3 50 -0.0116515
3 51 -0.0100322
3 52 -0.00895903
3 53 -0.00860542
3 54 -0.00937837
3 55 -0.0108497
3 56 -0.0133245
3 57 -0.0161566
3 58 -0.0178013
3 59 -0.0183537
3 60 -0.0178978
3 61 -0.016385
3 62 -0.0136435
3 63 -0.0113653
3 64 -0.0100059
3 65 -0.00951911
3 66 -0.0100278
3 67 -0.0114914
3 68 -0.013321
3 69 -0.0142656
3 70 -0.0144621
3 71 -0.0126337
3 72 -0.0103407
3 73 -0.00660499
3 74 -0.00308019
3 75 0.00127717
3 76 0.00298562
3 77 0.00504352
3 78 0.00564189
3 79 0.00692367
3 80 0.00654961
3 81 0.00803595
3 82 0.00911489
3 83 0.0117365
3 84 0.0139216
3 85 0.0155079
3 86 0.01608
3 87 0.0152148
3 88 0.0134757
3 89 0.00964223
3 90 0.00583306
3 91 -0.000439381
3 92 -0.00481745
3 93 -0.00914027
3 94 -0.0119844
3 95 -0.0137452
3 96 -0.0147369
3 97 -0.0147967
3 98 -0.0140161
3 99 -0.0106901
3 100 -0.00738863
3 101 -0.00162454
3 102 0.00328493
3 103 0.00766764
3 104 0.011209
3 105 0.0119433
3 106 0.0119973
3 107 0.00935173
3 108 0.00615888
3 109 0.00194926
3 110 -0.00254844
3 111 -0.00585641
3 112 -0.00891359
3 113 -0.00949598
3 114 -0.00888221
3 115 -0.00649225
3 116 -0.00229315
3 117 0.00184809
3 118 0.00676322
3 119 0

4 0 0
4 1 0.0051723
4 2 0.000992316
4 3 -0.00274604
4 4 -0.00568521
4 5 -0.00753217
4 6 -0.00726222
4 7 -0.00600315
4 8 -0.00306803
4 9 0.000684755
4 10 0.00416646
4 11 0.00790117
4 12 0.0098134
4 13 0.0106252
4 14 0.00965579
4 15 0.00673434
4 16 0.00298922
4 17 -0.00173942
4 18 -0.00601661
4 19 -0.00995263
4 20 -0.0121445
4 21 -0.0138329
4 22 -0.0140766
4 23 -0.0132078
4 24 -0.0121854
4 25 -0.00852555
4 26 -0.00438058
4 27 0.00180782
4 28 0.00798438
4 29 0.0134466
4 30 0.0170518
4 31 0.0186739
4 32 0.0188251
4 33 0.0167405
4 34 0.0138967
4 35 0.00888471
4 36 0.00542241
4 37 0.002264
4 38 0.000772763
4 39 -0.000561048
4 40 -0.00122282
4 41 -0.00259036
4 42 -0.00413929
4 43 -0.00659416
4 44 -0.010904
4 45 -0.0149751
4 46 -0.0187073
4 47 -0.0209071
4 48 -0.0225884
4 49 -0.0213906
4 50 -0.0196393
4 51 -0.0163769
4 52 -0.0143669
4 53 -0.0123917
4 54 -0.0127953
4 55 -0.0134631
4 56 -0.0163085
4 57 -0.0184983
4 58 -0.0207809
4 59 -0.0207708
4 60 -0.020629
4 61 -0.0182084
4 62 -0.0158912
4 63 -0.0129578
4 64 -0.0122296
4 65 -0.0118235
4 66 -0.013852
4 67 -0.0159784
4 68 -0.0194557
4 69 -0.0214684
4 70 -0.0230828
4 71 -0.0218163
4 72 -0.0202512
4 73 -0.0170636
4 74 -0.0138159
4 75 -0.0101095
4 76 -0.00856886
4 77 -0.00755462
4 78 -0.00701242
4 79 -0.00663972
4 80 -0.00579104
4 81 -0.00415054
4 82 -0.000864216
4 83 0.0033305
4 84 0.00928246
4 85 0.0134552
4 86 0.0172914
4 87 0.0188739
4 88 0.0195059
4 89 0.0176238
4 90 0.0142813
4 91 0.0092569
4 92 0.004233
4 93 0.000150461
4 94 -0.00397844
4 95 -0.00625861
4 96 -0.009352
4 97 -0.0114246
4 98 -0.0130005
4 99 -0.0133941
4 100 -0.0123244
4 101 -0.00980039
4 102 -0.00601515
4 103 -0.00223398
4 104 0.00235175
4 105 0.00539419
4 106 0.00805769
4 107 0.00939127
4 108 0.0089132
4 109 0.00800572
4 110 0.00521882
4 111 0.00231186
4 112 -0.000987506
4 113 -0.00418792
4 114 -0.00606933
4 115 -0.00715702
4 116 -0.00629792
4 117 -0.00411198
4 118 -0.000829675
4 119 0

5 0 0
5 1 -0.00259325
5 2 -0.00576956
5 3 -0.00766461
5 4 -0.00753217
5 5 -0.00572787
5 6 -0.00257217
5 7 0.00148348
5 8 0.00526407
5 9 0.00868619
5 10 0.0107254
5 11 0.0112021
5 12 0.0103159
5 13 0.00742257
5 14 0.00358177
5 15 -0.00117066
5 16 -0.00631771
5 17 -0.010403
5 18 -0.0136353
5 19 -0.0150542
5 20 -0.0146774
5 21 -0.0134672
5 22 -0.0112339
5 23 -0.00861223
5 24 -0.00543344
5 25 -0.000989455
5 26 0.00472988
5 27 0.0110807
5 28 0.017238
5 29 0.0217811
5 30 0.0238307
5 31 0.0237409
5 32 0.020981
5 33 0.0162711
5 34 0.00987502
5 35 0.00256998
5 36 -0.00384073
5 37 -0.00832782
5 38 -0.0111729
5 39 -0.0128562
5 40 -0.0135104
5 41 -0.0142211
5 42 -0.0150006
5 43 -0.0169102
5 44 -0.0200808
5 45 -0.0236401
5 46 -0.0260953
5 47 -0.0277323
5 48 -0.0278769
5 49 -0.0258689
5 50 -0.022157
5 51 -0.018101
5 52 -0.014413
5 53 -0.0117584
5 54 -0.01083
5 55 -0.0116128
5 56 -0.0136726
5 57 -0.0160371
5 58 -0.0178368
5 59 -0.0183101
5 60 -0.0174546
5 61 -0.015277
5 62 -0.0125596
5 63 -0.0101613
5 64 -0.00909376
5 65 -0.00976633
5 66 -0.0122536
5 67 -0.0158233
5 68 -0.0198899
5 69 -0.0236866
5 70 -0.025949
5 71 -0.0261584
5 72 -0.0250752
5 73 -0.0232898
5 74 -0.0206029
5 75 -0.0184148
5 76 -0.0176447
5 77 -0.0180721
5 78 -0.018614
5 79 -0.0191902
5 80 -0.0186034
5 81 -0.0166985
5 82 -0.0127959
5 83 -0.0066597
5 84 0.000928494
5 85 0.00804021
5 86 0.0141119
5 87 0.0186889
5 88 0.0211231
5 89 0.0217327
5 90 0.0200085
5 91 0.0166602
5 92 0.0127301
5 93 0.00897303
5 94 0.00557402
5 95 0.0025682
5 96 -0.00103329
5 97 -0.00527231
5 98 -0.0093738
5 99 -0.0133674
5 100 -0.0157026
5 101 -0.0161764
5 102 -0.0150253
5 103 -0.0117979
5 104 -0.00761089
5 105 -0.00272029
5 106 0.00247309
5 107 0.00695135
5 108 0.0105472
5 109 0.0125707
5 110 0.0126259
5 111 0.0108239
5 112 0.00727815
5 113 0.00261965
5 114 -0.0022525
5 115 -0.00643313
5 116 -0.00913692
5 117 -0.00964346
5 118 -0.00797864
5 119 0

6 0 0
6 1 -0.00954411
6 2 -0.011163
6 3 -0.0106831
6 4 -0.00726222
6 5 -0.00257217
6 6 0.00315556
6 7 0.00871097
6 8 0.0126883
6 9 0.0151704
6 10 0.0149313
6 11 0.0125932
6 12 0.00831913
6 13 0.00258228
6 14 -0.0035366
6 15 -0.00945335
6 16 -0.0142305
6 17 -0.0173285
6 18 -0.0180355
6 19 -0.0169183
6 20 -0.0137543
6 21 -0.00983739
6 22 -0.00597597
6 23 -0.00189612
6 24 0.00169008
6 25 0.00624987
6 26 0.0115446
6 27 0.0171594
6 28 0.022003
6 29 0.0249577
6 30 0.025274
6 31 0.0231225
6 32 0.018644
6 33 0.0115636
6 34 0.0032836
6 35 -0.0056198
6 36 -0.0129918
6 37 -0.0181109
6 38 -0.0209079
6 39 -0.0221997
6 40 -0.0219104
6 41 -0.0211647
6 42 -0.0207681
6 43 -0.0213213
6 44 -0.023173
6 45 -0.0253203
6 46 -0.0268461
6 47 -0.0272786
6 48 -0.0265419
6 49 -0.0234092
6 50 -0.0188386
6 51 -0.013837
6 52 -0.00956162
6 53 -0.00602102
6 54 -0.00464964
6 55 -0.00510801
6 56 -0.00700252
6 57 -0.00894845
6 58 -0.010823
6 59 -0.0112675
6 60 -0.0103179
6 61 -0.00794251
6 62 -0.00550513
6 63 -0.00313415
6 64 -0.00222417
6 65 -0.00317518
6 66 -0.00634727
6 67 -0.0103097
6 68 -0.0150919
6 69 -0.019531
6 70 -0.0226818
6 71 -0.02356
6 72 -0.023482
6 73 -0.0224629
6 74 -0.02109
6 75 -0.0201698
6 76 -0.0208373
6 77 -0.0225709
6 78 -0.0249009
6 79 -0.0267857
6 80 -0.0272056
6 81 -0.0259569
6 82 -0.0222766
6 83 -0.0159603
6 84 -0.00771624
6 85 0.000489056
6 86 0.008157
6 87 0.0138935
6 88 0.018088
6 89 0.0203549
6 90 0.0206268
6 91 0.0191559
6 92 0.0170992
6 93 0.0149182
6 94 0.0129707
6 95 0.0109755
6 96 0.00732287
6 97 0.0026044
6 98 -0.0036171
6 99 -0.0100772
6 100 -0.0155586
6 101 -0.0193617
6 102 -0.020801
6 103 -0.0196563
6 104 -0.0161152
6 105 -0.0107898
6 106 -0.00379454
6 107 0.0031548
6 108 0.0098544
6 109 0.0148926
6 110 0.0172899
6 111 0.017428
6 112 0.0141696
6 113 0.00914252
6 114 0.00261705
6 115 -0.00424471
6 116 -0.00948562
6 117 -0.0131749
6 118 -0.0134878
6 119 0

7 0 0
7 1 -0.0145908
7 2 -0.0148294
7 3 -0.0113928
7 4 -0.00600315
7 5 0.00148348
7 6 0.00871097
7 7 0.0145716
7 8 0.0184743
7 9 0.0186919
7 10 0.0166286
7 11 0.011225
7 12 0.00442506
7 13 -0.00306325
7 14 -0.0109016
7 15 -0.0160323
7 16 -0.0203285
7 17 -0.0206924
7 18 -0.0185505
7 19 -0.0147945
7 20 -0.00864664
7 21 -0.00372555
7 22 0.00131889
7 23 0.00465484
7 24 0.008074
7 25 0.0108001
7 26 0.0144514
7 27 0.0182875
7 28 0.020331
7 29 0.0222104
7 30 0.0204069
7 31 0.0176269
7 32 0.0114816
7 33 0.00438737
7 34 -0.00458817
7 35 -0.0131411
7 36 -0.0200284
7 37 -0.0244075
7 38 -0.0256957
7 39 -0.0262426
7 40 -0.0237629
7 41 -0.0218344
7 42 -0.0191598
7 43 -0.0190588
7 44 -0.0186032
7 45 -0.0201357
7 46 -0.0200957
7 47 -0.020362
7 48 -0.018444
7 49 -0.0153964
7 50 -0.0101712
7 51 -0.00540443
7 52 -0.000800253
7 53 0.00267932
7 54 0.00432719
7 55 0.00372131
7 56 0.00203859
7 57 0.000277811
7 58 -0.00157502
7 59 -0.00213934
7 60 -0.00110319
7 61 0.00125341
7 62 0.0034584
7 63 0.00567898
7 64 0.0066976
7 65 0.00561066
7 66 0.00249109
7 67 -0.00156462
7 68 -0.00607001
7 69 -0.0108291
7 70 -0.0137869
7 71 -0.0154297
7 72 -0.0153401
7 73 -0.0154365
7 74 -0.014444
7 75 -0.0154348
7 76 -0.0165024
7 77 -0.0202951
7 78 -0.0235968
7 79 -0.0277686
7 80 -0.0288455
7 81 -0.0296264
7 82 -0.0268013
7 83 -0.0219312
7 84 -0.0144046
7 85 -0.00676822
7 86 0.000312267
7 87 0.0064629
7 88 0.0105633
7 89 0.0141442
7 90 0.0148606
7 91 0.0162282
7 92 0.0156856
7 93 0.0161683
7 94 0.0163937
7 95 0.016268
7 96 0.0143547
7 97 0.0101168
7 98 0.00426309
7 99 -0.00439556
7 100 -0.0114041
7 101 -0.0186115
7 102 -0.0226913
7 103 -0.0236322
7 104 -0.0221632
7 105 -0.0168177
7 106 -0.0101847
7 107 -0.00148494
7 108 0.00677223
7 109 0.0141571
7 110 0.0192768
7 111 0.0207495
7 112 0.0194975
7 113 0.014184
7 114 0.00715164
7 115 -0.000937456
7 116 -0.00888928
7 117 -0.014032
7 118 -0.0168041
7 119 0

8 0 0
8 1 -0.0171926
8 2 -0.0153322
8 3 -0.0106092
8 4 -0.00306803
8 5 0.00526407
8 6 0.0126883
8 7 0.0184743
8 8 0.0206127
8 9 0.0194271
8 10 0.0150324
8 11 0.0076677
8 12 -0.000492404
8 13 -0.00893073
8 14 -0.0160289
8 15 -0.0204417
8 16 -0.0221427
8 17 -0.0203959
8 18 -0.0157408
8 19 -0.00926839
8 20 -0.00228817
8 21 0.00411617
8 22 0.00822563
8 23 0.0106027
8 24 0.0118636
8 25 0.0121884
8 26 0.0134838
8 27 0.0142411
8 28 0.0146118
8 29 0.0138351
8 30 0.0115076
8 31 0.00784582
8 32 0.00242564
8 33 -0.00450907
8 34 -0.0123517
8 35 -0.0188527
8 36 -0.0241657
8 37 -0.0263126
8 38 -0.0262691
8 39 -0.0241344
8 40 -0.0204646
8 41 -0.015927
8 42 -0.0123926
8 43 -0.0102246
8 44 -0.00888508
8 45 -0.00873287
8 46 -0.00845339
8 47 -0.00796719
8 48 -0.00605855
8 49 -0.00306976
8 50 0.00163664
8 51 0.00581594
8 52 0.00996806
8 53 0.012864
8 54 0.0144231
8 55 0.0133479
8 56 0.0119713
8 57 0.0100329
8 58 0.00851798
8 59 0.00748809
8 60 0.00884504
8 61 0.0106977
8 62 0.012982
8 63 0.0147332
8 64 0.0161979
8 65 0.0150647
8 66 0.0126128
8 67 0.00893021
8 68 0.00523628
8 69 0.00100284
8 70 -0.00150831
8 71 -0.00302306
8 72 -0.00313248
8 73 -0.00322415
8 74 -0.0032367
8 75 -0.00475296
8 76 -0.00717863
8 77 -0.011407
8 78 -0.0167388
8 79 -0.0217015
8 80 -0.0252137
8 81 -0.0270774
8 82 -0.0267625
8 83 -0.0234994
8 84 -0.0189213
8 85 -0.0128237
8 86 -0.00732086
8 87 -0.00267024
8 88 0.000711797
8 89 0.00381391
8 90 0.00593364
8 91 0.00802515
8 92 0.0101861
8 93 0.0124919
8 94 0.0158727
8 95 0.0181022
8 96 0.0187783
8 97 0.0164907
8 98 0.0109185
8 99 0.0029675
8 100 -0.00573968
8 101 -0.0140896
8 102 -0.0204947
8 103 -0.0236696
8 104 -0.0241168
8 105 -0.0206058
8 106 -0.0144245
8 107 -0.00642656
8 108 0.00291649
8 109 0.0110103
8 110 0.0175356
8 111 0.0210031
8 112 0.0205617
8 113 0.017126
8 114 0.0104024
8 115 0.00227198
8 116 -0.00586118
8 117 -0.0129424
8 118 -0.0167719
8 119 0

9 0 0
9 1 -0.0163883
9 2 -0.0133394
9 3 -0.00688506
9 4 0.000684755
9 5 0.00868619
9 6 0.0151704
9 7 0.0186919
9 8 0.0194271
9 9 0.0159924
9 10 0.0102827
9 11 0.00237449
9 12 -0.00625389
9 13 -0.0133943
9 14 -0.0193683
9 15 -0.0213264
9 16 -0.0203643
9 17 -0.0160171
9 18 -0.00872377
9 19 -0.00114676
9 20 0.00649088
9 21 0.0115807
9 22 0.0140518
9 23 0.0137242
9 24 0.0120508
9 25 0.00943
9 26 0.00722224
9 27 0.00558296
9 28 0.0033116
9 29 0.0018496
9 30 -0.000794777
9 31 -0.00349275
9 32 -0.00738798
9 33 -0.0119852
9 34 -0.016973
9 35 -0.0206908
9 36 -0.0226265
9 37 -0.0224709
9 38 -0.019738
9 39 -0.0160578
9 40 -0.0103506
9 41 -0.00479757
9 42 5.44942e-05
9 43 0.00271787
9 44 0.00505068
9 45 0.00560736
9 46 0.00600682
9 47 0.00621201
9 48 0.00762623
9 49 0.00974407
9 50 0.0130545
9 51 0.0161027
9 52 0.0188928
9 53 0.02098
9 54 0.0215904
9 55 0.0203866
9 56 0.0186383
9 57 0.01701
9 58 0.0152224
9 59 0.0143953
9 60 0.0152891
9 61 0.0171681
9 62 0.0188841
9 63 0.0207942
9 64 0.0221502
9 65 0.021813
9 66 0.0199796
9 67 0.0176038
9 68 0.0149333
9 69 0.0121845
9 70 0.0105629
9 71 0.00982327
9 72 0.0101841
9 73 0.0104791
9 74 0.0104519
9 75 0.00867168
9 76 0.00633561
9 77 0.00167408
9 78 -0.00395621
9 79 -0.0100685
9 80 -0.014412
9 81 -0.0183057
9 82 -0.0197807
9 83 -0.0197322
9 84 -0.0178474
9 85 -0.0151516
9 86 -0.0124852
9 87 -0.0106523
9 88 -0.00933793
9 89 -0.00771328
9 90 -0.0064084
9 91 -0.00343613
9 92 -0.000338131
9 93 0.00442125
9 94 0.00988529
9 95 0.0152349
9 96 0.0188068
9 97 0.019614
9 98 0.0166923
9 99 0.0102027
9 100 0.00241785
9 101 -0.00683133
9 102 -0.0140563
9 103 -0.0194462
9 104 -0.0218384
9 105 -0.020459
9 106 -0.0167984
9 107 -0.0100766
9 108 -0.00252375
9 109 0.00541265
9 110 0.0122766
9 111 0.0167265
9 112 0.0185401
9 113 0.0167805
9 114 0.0123782
9 115 0.00566893
9 116 -0.00185362
9 117 -0.00876792
9 118 -0.0139414
9 119 0

10 0 0
10 1 -0.0131548
10 2 -0.00899319
10 3 -0.00271714
10 4 0.00416646
10 5 0.0107254
10 6 0.0149313
10 7 0.0166286
10 8 0.0150324
10 9 0.0102827
10 10 0.00390779
10 11 -0.00402511
10 12 -0.0111032
10 13 -0.0167089
10 14 -0.0198113
10 15 -0.0192339
10 16 -0.0156507
10 17 -0.00892709
10 18 -0.000677245
10 19 0.00782762
10 20 0.0141855
10 21 0.0178097
10 22 0.0175712
10 23 0.0140774
10 24 0.00951541
10 25 0.00360983
10 26 -0.0010504
10 27 -0.00543044
10 28 -0.00873469
10 29 -0.0111169
10 30 -0.0126806
10 31 -0.013783
10 32 -0.0152869
10 33 -0.0167666
10 34 -0.0185475
10 35 -0.0182856
10 36 -0.0173644
10 37 -0.014218
10 38 -0.00998375
10 39 -0.00427632
10 40 0.00192498
10 41 0.00835334
10 42 0.0131422
10 43 0.0161876
10 44 0.0184645
10 45 0.0191555
10 46 0.0191582
10 47 0.0186974
10 48 0.0193679
10 49 0.0200178
10 50 0.0218408
10 51 0.0230286
10 52 0.0246536
10 53 0.0251421
10 54 0.02524
10 55 0.0233601
10 56 0.0219303
10 57 0.0199666
10 58 0.0186956
10 59 0.0174736
10 60 0.0184949
10 61 0.0195805
10 62 0.0213797
10 63 0.0226903
10 64 0.024498
10 65 0.0243997
10 66 0.0239928
10 67 0.0225391
10 68 0.0216489
10 69 0.0202139
10 70 0.0201268
10 71 0.0200801
10 72 0.0213806
10 73 0.0222056
10 74 0.0225738
10 75 0.0212182
10 76 0.0192944
10 77 0.0153145
10 78 0.00980294
10 79 0.00401159
10 80 -0.00133071
10 81 -0.00585788
10 82 -0.00952479
10 83 -0.0116449
10 84 -0.0134826
10 85 -0.0137604
10 86 -0.0147492
10 87 -0.0157539
10 88 -0.017417
10 89 -0.0180493
10 90 -0.017776
10 91 -0.0154516
10 92 -0.0115305
10 93 -0.00598839
10 94 0.00163467
10 95 0.00888545
10 96 0.0158576
10 97 0.0196169
10 98 0.0197694
10 99 0.0161204
10 100 0.0097084
10 101 0.00180459
10 102 -0.00592782
10 103 -0.0120183
10 104 -0.0164899
10 105 -0.0175848
10 106 -0.0166196
10 107 -0.0129742
10 108 -0.00735391
10 109 -0.0013361
10 110 0.00522464
10 111 0.0101044
10 112 0.0133019
10 113 0.0140012
10 114 0.011871
10 115 0.00791707
10 116 0.00220216
10 117 -0.00358689
10 118 -0.00861299
10 119 0

11 0 0
11 1 -0.00731838
11 2 -0.00266666
11 3 0.00277659
11 4 0.00790117
11 5 0.0112021
11 6 0.0125932
11 7 0.011225
11 8 0.0076677
11 9 0.00237449
11 10 -0.00402511
11 11 -0.00979552
11 12 -0.0150011
11 13 -0.0175088
11 14 -0.0173493
11 15 -0.0145935
11 16 -0.00802769
11 17 -0.000672964
11 18 0.00803511
11 19 0.0155469
11 20 0.0196887
11 21 0.0209805
11 22 0.0175586
11 23 0.011704
11 24 0.00390159
11 25 -0.00360219
11 26 -0.0105407
11 27 -0.0160246
11 28 -0.0194623
11 29 -0.021695
11 30 -0.0213664
11 31 -0.0207081
11 32 -0.0186268
11 33 -0.0174321
11 34 -0.0152928
11 35 -0.0120878
11 36 -0.00795465
11 37 -0.00314169
11 38 0.00211614
11 39 0.00852674
11 40 0.0142815
11 41 0.0203792
11 42 0.0239559
11 43 0.026842
11 44 0.0279133
11 45 0.0286726
11 46 0.027365
11 47 0.026613
11 48 0.0256543
11 49 0.0253842
11 50 0.0248591
11 51 0.0248399
11 52 0.0245413
11 53 0.0241185
11 54 0.0230517
11 55 0.0213897
11 56 0.0197456
11 57 0.0182274
11 58 0.0169634
11 59 0.0161319
11 60 0.0165519
11 61 0.0173944
11 62 0.0185525
11 63 0.0198086
11 64 0.0212107
11 65 0.0219776
11 66 0.0223032
11 67 0.0224614
11 68 0.0226225
11 69 0.0232538
11 70 0.023984
11 71 0.0253839
11 72 0.0269719
11 73 0.0291168
11 74 0.0295659
11 75 0.0297177
11 76 0.0282996
11 77 0.0262012
11 78 0.0215726
11 79 0.0172653
11 80 0.0119223
11 81 0.00765269
11 82 0.00303355
11 83 -0.00105128
11 84 -0.0053173
11 85 -0.00870322
11 86 -0.0122821
11 87 -0.0169063
11 88 -0.0208369
11 89 -0.0244723
11 90 -0.0254361
11 91 -0.0250113
11 92 -0.0214142
11 93 -0.0159161
11 94 -0.00802221
11 95 0.000825154
11 96 0.00944225
11 97 0.016298
11 98 0.0190634
11 99 0.019337
11 100 0.0152553
11 101 0.00965499
11 102 0.00328391
11 103 -0.00343076
11 104 -0.00828868
11 105 -0.0120659
11 106 -0.0136666
11 107 -0.0134947
11 108 -0.0114444
11 109 -0.00805361
11 110 -0.00376734
11 111 0.00110895
11 112 0.00504421
11 113 0.0084446
11 114 0.0098027
11 115 0.00908866
11 116 0.00703919
11 117 0.00281388
11 118 -0.00141483
11 119 0

12 0 0
12 1 -0.000480705
12 2 0.00373969
12 3 0.0078021
12 4 0.0098134
12 5 0.0103159
12 6 0.00831913
12 7 0.00442506
12 8 -0.000492404
12 9 -0.00625389
12 10 -0.0111032
12 11 -0.0150011
12 12 -0.0167972
12 13 -0.0162661
12 14 -0.0132829
12 15 -0.00787082
12 16 -0.000665269
12 17 0.00765618
12 18 0.0151004
12 19 0.021004
12 20 0.0227748
12 21 0.0207458
12 22 0.0150712
12 23 0.0063892
12 24 -0.00230839
12 25 -0.0111884
12 26 -0.0183756
12 27 -0.0238492
12 28 -0.0268722
12 29 -0.027432
12 30 -0.0253204
12 31 -0.0217205
12 32 -0.0176955
12 33 -0.0128524
12 34 -0.00819395
12 35 -0.0023319
12 36 0.00326246
12 37 0.00895742
12 38 0.0141011
12 39 0.0194926
12 40 0.0240129
12 41 0.0278464
12 42 0.0301735
12 43 0.0310878
12 44 0.031437
12 45 0.0307499
12 46 0.0291632
12 47 0.02701
12 48 0.025563
12 49 0.0235135
12 50 0.02179
12 51 0.0199244
12 52 0.0187377
12 53 0.0169095
12 54 0.0156036
12 55 0.0138767
12 56 0.0128252
12 57 0.0114437
12 58 0.0108558
12 59 0.0100999
12 60 0.0103374
12 61 0.0104115
12 62 0.0112873
12 63 0.0118493
12 64 0.0131118
12 65 0.0139868
12 66 0.0154438
12 67 0.016318
12 68 0.0179885
12 69 0.0196076
12 70 0.0217509
12 71 0.0234147
12 72 0.0260767
12 73 0.0283135
12 74 0.0300263
12 75 0.0308257
12 76 0.0314713
12 77 0.0307458
12 78 0.028867
12 79 0.026181
12 80 0.0227875
12 81 0.0192865
12 82 0.0150746
12 83 0.0103534
12 84 0.00480766
12 85 -0.000314556
12 86 -0.00651494
12 87 -0.012632
12 88 -0.019311
12 89 -0.0248788
12 90 -0.0284589
12 91 -0.0293056
12 92 -0.0276713
12 93 -0.0233174
12 94 -0.0163299
12 95 -0.0080468
12 96 0.00184081
12 97 0.0100593
12 98 0.0162366
12 99 0.0190932
12 100 0.0185032
12 101 0.0155924
12 102 0.0109607
12 103 0.00571761
12 104 0.000115934
12 105 -0.0047759
12 106 -0.00943402
12 107 -0.0125062
12 108 -0.0142167
12 109 -0.0142005
12 110 -0.0117965
12 111 -0.00843631
12 112 -0.00334892
12 113 0.00155543
12 114 0.0059074
12 115 0.00912354
12 116 0.00976404
12 117 0.00901638
12 118 0.00587495
12 119 0

13 0 0
13 1 0.00639984
13 2 0.00991617
13 3 0.0112879
13 4 0.0106252
13 5 0.00742257
13 6 0.00258228
13 7 -0.00306325
13 8 -0.00893073
13 9 -0.0133943
13 10 -0.0167089
13 11 -0.0175088
13 12 -0.0162661
13 13 -0.0130582
13 14 -0.00732129
13 15 -0.00119496
13 16 0.00671405
13 17 0.0136407
13 18 0.0190672
13 19 0.0225041
13 20 0.0212284
13 21 0.0173032
13 22 0.0097076
13 23 0.000892827
13 24 -0.00821042
13 25 -0.0159563
13 26 -0.0221806
13 27 -0.0264501
13 28 -0.0275176
13 29 -0.026911
13 30 -0.022619
13 31 -0.0177694
13 32 -0.0113825
13 33 -0.00540625
13 34 0.00100672
13 35 0.00757504
13 36 0.0136013
13 37 0.0185298
13 38 0.0219684
13 39 0.0257162
13 40 0.0274051
13 41 0.0289658
13 42 0.0285144
13 43 0.0282844
13 44 0.0267492
13 45 0.0258265
13 46 0.0232091
13 47 0.0211894
13 48 0.0187518
13 49 0.0164018
13 50 0.0132204
13 51 0.0108309
13 52 0.00855817
13 53 0.00641874
13 54 0.00475771
13 55 0.00384264
13 56 0.00326679
13 57 0.00267767
13 58 0.00259947
13 59 0.00238543
13 60 0.00213481
13 61 0.00172298
13 62 0.00186011
13 63 0.00191082
13 64 0.0023843
13 65 0.00349219
13 66 0.00522151
13 67 0.00695157
13 68 0.00901838
13 69 0.0117505
13 70 0.0139626
13 71 0.0161767
13 72 0.0183769
13 73 0.0211686
13 74 0.0227345
13 75 0.0250152
13 76 0.0264525
13 77 0.0283256
13 78 0.0285155
13 79 0.0288649
13 80 0.0271851
13 81 0.026086
13 82 0.023067
13 83 0.0190802
13 84 0.0135912
13 85 0.00812894
13 86 0.00173048
13 87 -0.00550584
13 88 -0.0126258
13 89 -0.0198117
13 90 -0.0242219
13 91 -0.0275149
13 92 -0.0274612
13 93 -0.0255919
13 94 -0.0208024
13 95 -0.0141107
13 96 -0.00546981
13 97 0.00314315
13 98 0.0101554
13 99 0.015887
13 100 0.0176516
13 101 0.0182016
13 102 0.0160658
13 103 0.0124374
13 104 0.00801826
13 105 0.00209817
13 106 -0.00364618
13 107 -0.00971736
13 108 -0.0144417
13 109 -0.0176917
13 110 -0.0184108
13 111 -0.0163554
13 112 -0.0121467
13 113 -0.00572273
13 114 0.000955532
13 115 0.00727637
13 116 0.0117959
13 117 0.0135072
13 118 0.0126205
13 119 0

14 0 0
14 1 0.0126714
14 2 0.0144722
14 3 0.0139602
14 4 0.00965579
14 5 0.00358177
14 6 -0.0035366
14 7 -0.0109016
14 8 -0.0160289
14 9 -0.0193683
14 10 -0.0198113
14 11 -0.0173493
14 12 -0.0132829
14 13 -0.00732129
14 14 -0.000705595
14 15 0.00590475
14 16 0.0122822
14 17 0.0172694
14 18 0.0199965
14 19 0.0200561
14 20 0.0167713
14 21 0.0103947
14 22 0.00278108
14 23 -0.00552561
14 24 -0.0127309
14 25 -0.018025
14 26 -0.0219808
14 27 -0.0234362
14 28 -0.0228995
14 29 -0.0198379
14 30 -0.0146606
14 31 -0.00849054
14 32 -0.00192916
14 33 0.00472025
14 34 0.0111643
14 35 0.0168537
14 36 0.0218577
14 37 0.0244878
14 38 0.0258308
14 39 0.0260437
14 40 0.0250601
14 41 0.0228595
14 42 0.0204131
14 43 0.0178848
14 44 0.0155726
14 45 0.0136851
14 46 0.011347
14 47 0.00921639
14 48 0.00699626
14 49 0.00437356
14 50 0.000848749
14 51 -0.00186312
14 52 -0.00445486
14 53 -0.00659858
14 54 -0.00808979
14 55 -0.00794033
14 56 -0.00778553
14 57 -0.00730208
14 58 -0.00682108
14 59 -0.00631873
14 60 -0.00711142
14 61 -0.00789553
14 62 -0.00870008
14 63 -0.0092109
14 64 -0.00974929
14 65 -0.00869317
14 66 -0.0070251
14 67 -0.00494631
14 68 -0.00278231
14 69 0.000196617
14 70 0.00226432
14 71 0.00400971
14 72 0.00570726
14 73 0.00781053
14 74 0.00957806
14 75 0.0121107
14 76 0.0150538
14 77 0.0183815
14 78 0.0217098
14 79 0.0243328
14 80 0.0259828
14 81 0.0269033
14 82 0.0266181
14 83 0.024042
14 84 0.0205897
14 85 0.0159675
14 86 0.0106028
14 87 0.00437599
14 88 -0.00228195
14 89 -0.00921267
14 90 -0.0148915
14 91 -0.0191333
14 92 -0.0219004
14 93 -0.0224664
14 94 -0.0214863
14 95 -0.0177107
14 96 -0.0117567
14 97 -0.00461398
14 98 0.00294693
14 99 0.00942688
14 100 0.0140402
14 101 0.016962
14 102 0.0180187
14 103 0.01685
14 104 0.0142764
14 105 0.00929447
14 106 0.00256494
14 107 -0.00472342
14 108 -0.0127062
14 109 -0.0186885
14 110 -0.0223045
14 111 -0.0227892
14 112 -0.0189564
14 113 -0.0128341
14 114 -0.00424592
14 115 0.00460302
14 116 0.0116666
14 117 0.0167438
14 118 0.0174428
14 119 0

15 0 0
15 1 0.0162789
15 2 0.0165578
15 3 0.0130599
15 4 0.00673434
15 5 -0.00117066
15 6 -0.00945335
15 7 -0.0160323
15 8 -0.0204417
15 9 -0.0213264
15 10 -0.0192339
15 11 -0.0145935
15 12 -0.00787082
15 13 -0.00119496
15 14 0.00590475
15 15 0.0114218
15 16 0.0153911
15 17 0.0177684
15 18 0.0170529
15 19 0.0145482
15 20 0.00918108
15 21 0.00243295
15 22 -0.00448305
15 23 -0.0105631
15 24 -0.0145121
15 25 -0.0165901
15 26 -0.0168504
15 27 -0.01582
15 28 -0.0129871
15 29 -0.00895097
15 30 -0.00327314
15 31 0.00254747
15 32 0.00807815
15 33 0.0136725
15 34 0.018585
15 35 0.0226138
15 36 0.024999
15 37 0.0252274
15 38 0.0233842
15 39 0.0206547
15 40 0.0163693
15 41 0.0114217
15 42 0.00678506
15 43 0.00309274
15 44 0.000218183
15 45 -0.00160422
15 46 -0.0031524
15 47 -0.00446143
15 48 -0.00581241
15 49 -0.00801466
15 50 -0.011043
15 51 -0.0136722
15 52 -0.0158645
15 53 -0.017829
15 54 -0.0184722
15 55 -0.017449
15 56 -0.0160054
15 57 -0.0147074
15 58 -0.0131912
15 59 -0.0124092
15 60 -0.0132147
15 61 -0.0147719
15 62 -0.0161384
15 63 -0.0177026
15 64 -0.0188995
15 65 -0.0185136
15 66 -0.0168797
15 67 -0.0151246
15 68 -0.0130126
15 69 -0.0106124
15 70 -0.00909984
15 71 -0.00852246
15 72 -0.00799109
15 73 -0.00723317
15 74 -0.00609983
15 75 -0.00380771
15 76 -0.000449981
15 77 0.0041099
15 78 0.00938305
15 79 0.0143905
15 80 0.0183402
15 81 0.0218546
15 82 0.0237445
15 83 0.023822
15 84 0.0224317
15 85 0.0201957
15 86 0.0169623
15 87 0.0133766
15 88 0.00860554
15 89 0.00312873
15 90 -0.00200093
15 91 -0.00694054
15 92 -0.0112721
15 93 -0.0150223
15 94 -0.0173727
15 95 -0.017796
15 96 -0.015231
15 97 -0.0108407
15 98 -0.00461422
15 99 0.0018347
15 100 0.00759815
15 101 0.0129949
15 102 0.0162726
15 103 0.0182753
15 104 0.0176409
15 105 0.0142332
15 106 0.00843151
15 107 0.000336227
15 108 -0.00834304
15 109 -0.0164756
15 110 -0.0222007
15 111 -0.0247271
15 112 -0.022922
15 113 -0.0174755
15 114 -0.00920463
15 115 0.000719865
15 116 0.00945835
15 117 0.0164756
15 118 0.0194838
15 119 0

16 0 0
16 1 0.0182951
16 2 0.0164517
16 3 0.0112577
16 4 0.00298922
16 5 -0.00631771
16 6 -0.0142305
16 7 -0.0203285
16 8 -0.0221427
16 9 -0.0203643
16 10 -0.0156507
16 11 -0.00802769
16 12 -0.000665269
16 13 0.00671405
16 14 0.0122822
16 15 0.0153911
16 16 0.0165772
16 17 0.0149599
16 18 0.0115118
16 19 0.00572976
16 20 -0.000375699
16 21 -0.00710877
16 22 -0.0118782
16 23 -0.0140367
16 24 -0.0145303
16 25 -0.0117748
16 26 -0.00901543
16 27 -0.00476932
16 28 -0.000654824
16 29 0.00421009
16 30 0.00881646
16 31 0.0127979
16 32 0.0166595
16 33 0.0194751
16 34 0.0224638
16 35 0.0232396
16 36 0.0236024
16 37 0.0205537
16 38 0.016491
16 39 0.0106431
16 40 0.00431952
16 41 -0.00287815
16 42 -0.0087063
16 43 -0.0127304
16 44 -0.0154425
16 45 -0.0162063
16 46 -0.0166259
16 47 -0.0159882
16 48 -0.0164645
16 49 -0.0170878
16 50 -0.0197486
16 51 -0.0212262
16 52 -0.0234673
16 53 -0.0242309
16 54 -0.0246332
16 55 -0.0220094
16 56 -0.0200504
16 57 -0.0171544
16 58 -0.0154386
16 59 -0.0136847
16 60 -0.0151817
16 61 -0.0166604
16 62 -0.0193453
16 63 -0.0211513
16 64 -0.0236825
16 65 -0.0232778
16 66 -0.0226217
16 67 -0.020596
16 68 -0.0195081
16 69 -0.0173342
16 70 -0.0174443
16 71 -0.0177398
16 72 -0.0194571
16 73 -0.020029
16 74 -0.0205879
16 75 -0.0189062
16 76 -0.0161996
16 77 -0.011132
16 78 -0.00485268
16 79 0.00137322
16 80 0.00716751
16 81 0.0121486
16 82 0.0163788
16 83 0.0180679
16 84 0.0197495
16 85 0.0196288
16 86 0.0200512
16 87 0.0190437
16 88 0.018024
16 89 0.0150971
16 90 0.0115931
16 91 0.00697825
16 92 0.00151991
16 93 -0.00413004
16 94 -0.0105786
16 95 -0.0143524
16 96 -0.0168682
16 97 -0.0156906
16 98 -0.0121531
16 99 -0.00682489
16 100 -0.000577132
16 101 0.00575067
16 102 0.0118065
16 103 0.015826
16 104 0.0187262
16 105 0.0176731
16 106 0.0139359
16 107 0.00731102
16 108 -0.002039
16 109 -0.0106967
16 110 -0.0188467
16 111 -0.0234741
16 112 -0.023926
16 113 -0.0205552
16 114 -0.0129221
16 115 -0.00361559
16 116 0.00618984
16 117 0.0143466
16 118 0.0188596
16 119 0

17 0 0
17 1 0.0171331
17 2 0.013875
17 3 0.00694303
17 4 -0.00173942
17 5 -0.010403
17 6 -0.0173285
17 7 -0.0206924
17 8 -0.0203959
17 9 -0.0160171
17 10 -0.00892709
17 11 -0.000672964
17 12 0.00765618
17 13 0.0136407
17 14 0.0172694
17 15 0.0177684
17 16 0.0149599
17 17 0.0104285
17 18 0.00362764
17 19 -0.0037083
17 20 -0.0104262
17 21 -0.0158975
17 22 -0.0179823
17 23 -0.0168035
17 24 -0.0125162
17 25 -0.00637282
17 26 0.000208608
17 27 0.00620716
17 28 0.011381
17 29 0.0156171
17 30 0.0185119
17 31 0.0204348
17 32 0.0208604
17 33 0.0213667
17 34 0.0213916
17 35 0.0202328
17 36 0.017538
17 37 0.0130329
17 38 0.00698657
17 39 -0.000254496
17 40 -0.00798153
17 41 -0.0159934
17 42 -0.021842
17 43 -0.0255256
17 44 -0.026845
17 45 -0.0265445
17 46 -0.0245483
17 47 -0.022478
17 48 -0.0208339
17 49 -0.0206719
17 50 -0.0216367
17 51 -0.0229944
17 52 -0.0241243
17 53 -0.0247968
17 54 -0.0238998
17 55 -0.0210442
17 56 -0.017639
17 57 -0.0143902
17 58 -0.0115494
17 59 -0.0100523
17 60 -0.0110778
17 61 -0.0134517
17 62 -0.0162731
17 63 -0.0192678
17 64 -0.0217991
17 65 -0.0224096
17 66 -0.0215947
17 67 -0.0203923
17 68 -0.0191734
17 69 -0.0184571
17 70 -0.0191429
17 71 -0.0214561
17 72 -0.0245075
17 73 -0.0276394
17 74 -0.0293605
17 75 -0.0295712
17 76 -0.0275733
17 77 -0.0233971
17 78 -0.0169615
17 79 -0.0105973
17 80 -0.00427493
17 81 0.00129988
17 82 0.0061254
17 83 0.00975773
17 84 0.01283
17 85 0.0153148
17 86 0.018135
17 87 0.0213249
17 88 0.0232436
17 89 0.0239059
17 90 0.0225534
17 91 0.0193325
17 92 0.0137883
17 93 0.00634525
17 94 -0.00238588
17 95 -0.0103707
17 96 -0.0162692
17 97 -0.0191242
17 98 -0.0181647
17 99 -0.0149762
17 100 -0.00925664
17 101 -0.00226799
17 102 0.00484346
17 103 0.0118919
17 104 0.0168162
17 105 0.0190049
17 106 0.017838
17 107 0.012969
17 108 0.00544826
17 109 -0.00338599
17 110 -0.01188
17 111 -0.0182802
17 112 -0.0211105
17 113 -0.0201068
17 114 -0.0151581
17 115 -0.00733358
17 116 0.00139792
17 117 0.00977788
17 118 0.0154461
17 119 0

18 0 0
18 1 0.0140435
18 2 0.00956886
18 3 0.00168053
18 4 -0.00601661
18 5 -0.0136353
18 6 -0.0180355
18 7 -0.0185505
18 8 -0.0157408
18 9 -0.00872377
18 10 -0.000677245
18 11 0.00803511
18 12 0.0151004
18 13 0.0190672
18 14 0.0199965
18 15 0.0170529
18 16 0.0115118
18 17 0.00362764
18 18 -0.00488621
18 19 -0.0134682
18 20 -0.0198154
18 21 -0.023122
18 22 -0.0224709
18 23 -0.0170059
18 24 -0.0094446
18 25 0.000211243
18 26 0.00875818
18 27 0.015861
18 28 0.0208516
18 29 0.0234353
18 30 0.0239073
18 31 0.0224419
18 32 0.0203379
18 33 0.0177112
18 34 0.0158823
18 35 0.0127257
18 36 0.00914015
18 37 0.00391583
18 38 -0.00227816
18 39 -0.00953153
18 40 -0.0169442
18 41 -0.0241108
18 42 -0.0291291
18 43 -0.0310429
18 44 -0.030871
18 45 -0.0283247
18 46 -0.0245012
18 47 -0.0201055
18 48 -0.0172823
18 49 -0.0155198
18 50 -0.0158096
18 51 -0.0163603
18 52 -0.0175074
18 53 -0.0174678
18 54 -0.0164263
18 55 -0.0129458
18 56 -0.009259
18 57 -0.00517059
18 58 -0.00223811
18 59 -0.000422001
18 60 -0.00168233
18 61 -0.00406444
18 62 -0.00760649
18 63 -0.0107666
18 64 -0.0137402
18 65 -0.0143183
18 66 -0.0139521
18 67 -0.0124802
18 68 -0.0117288
18 69 -0.0113686
18 70 -0.0132783
18 71 -0.0164291
18 72 -0.0214752
18 73 -0.0261555
18 74 -0.0299647
18 75 -0.03157
18 76 -0.0315069
18 77 -0.0283714
18 78 -0.0233907
18 79 -0.0179333
18 80 -0.0126707
18 81 -0.00788028
18 82 -0.00370737
18 83 -0.000245444
18 84 0.0035273
18 85 0.00704012
18 86 0.0122864
18 87 0.017822
18 88 0.0234736
18 89 0.0272669
18 90 0.0290928
18 91 0.027544
18 92 0.0231737
18 93 0.0154891
18 94 0.00529046
18 95 -0.0048275
18 96 -0.0143409
18 97 -0.0200675
18 98 -0.0225495
18 99 -0.0212503
18 100 -0.0170546
18 101 -0.0105898
18 102 -0.00291971
18 103 0.0050782
18 104 0.012467
18 105 0.0171094
18 106 0.0194983
18 107 0.0174696
18 108 0.0126255
18 109 0.00545534
18 110 -0.00317015
18 111 -0.00999449
18 112 -0.0155496
18 113 -0.0170078
18 114 -0.0151039
18 115 -0.0104658
18 116 -0.00303139
18 117 0.00371596
18 118 0.0100389
18 119 0

19 0 0
19 1 0.00996917
19 2 0.00440515
19 3 -0.00294297
19 4 -0.00995263
19 5 -0.0150542
19 6 -0.0169183
19 7 -0.0147945
19 8 -0.00926839
19 9 -0.00114676
19 10 0.00782762
19 11 0.0155469
19 12 0.021004
19 13 0.0225041
19 14 0.0200561
19 15 0.0145482
19 16 0.00572976
19 17 -0.0037083
19 18 -0.0134682
19 19 -0.0220662
19 20 -0.0269747
19 21 -0.0284636
19 22 -0.0244327
19 23 -0.0162254
19 24 -0.00529984
19 25 0.00605371
19 26 0.0158434
19 27 0.0228784
19 28 0.0264689
19 29 0.0272974
19 30 0.0245244
19 31 0.020527
19 32 0.0152407
19 33 0.0110895
19 34 0.00769899
19 35 0.00426516
19 36 0.000542135
19 37 -0.00373257
19 38 -0.00858081
19 39 -0.014625
19 40 -0.0202276
19 41 -0.0259431
19 42 -0.0287485
19 43 -0.0291545
19 44 -0.0266113
19 45 -0.0226657
19 46 -0.0165245
19 47 -0.011032
19 48 -0.00671731
19 49 -0.00456044
19 50 -0.00389725
19 51 -0.00475033
19 52 -0.0057006
19 53 -0.00595697
19 54 -0.00464593
19 55 -0.00155008
19 56 0.00247147
19 57 0.00656628
19 58 0.00974922
19 59 0.0112716
19 60 0.010227
19 61 0.00754321
19 62 0.00393188
19 63 0.000453188
19 64 -0.00214119
19 65 -0.00286731
19 66 -0.00211287
19 67 -0.000581621
19 68 0.000693361
19 69 0.00049986
19 70 -0.00144542
19 71 -0.00557501
19 72 -0.0112525
19 73 -0.0177106
19 74 -0.0224331
19 75 -0.0259927
19 76 -0.0270728
19 77 -0.0260524
19 78 -0.0224509
19 79 -0.0192109
19 80 -0.0155179
19 81 -0.0130663
19 82 -0.0106565
19 83 -0.00850706
19 84 -0.00555088
19 85 -0.00199021
19 86 0.00377918
19 87 0.0115089
19 88 0.0192455
19 89 0.0263776
19 90 0.0303943
19 91 0.0316176
19 92 0.0285857
19 93 0.0218876
19 94 0.0115747
19 95 0.000135515
19 96 -0.0110517
19 97 -0.0195635
19 98 -0.0240332
19 99 -0.025629
19 100 -0.0229445
19 101 -0.0181132
19 102 -0.0110677
19 103 -0.00243545
19 104 0.00592497
19 105 0.0134247
19 106 0.0183777
19 107 0.0200293
19 108 0.0181355
19 109 0.0132904
19 110 0.00628825
19 111 -0.00118369
19 112 -0.00772888
19 113 -0.0122759
19 114 -0.0136641
19 115 -0.0120961
19 116 -0.00790366
19 117 -0.00212652
19 118 0.0036492
19 119 0

20 0 0
20 1 0.0045624
20 2 -0.000878991
20 3 -0.00792366
20 4 -0.0121445
20 5 -0.0146774
20 6 -0.0137543
20 7 -0.00864664
20 8 -0.00228817
20 9 0.00649088
20 10 0.0141855
20 11 0.0196887
20 12 0.0227748
20 13 0.0212284
20 14 0.0167713
20 15 0.00918108
20 16 -0.000375699
20 17 -0.0104262
20 18 -0.0198154
20 19 -0.0269747
20 20 -0.0306403
20 21 -0.0290991
20 22 -0.0231559
20 23 -0.012712
20 24 -0.000467047
20 25 0.0111893
20 26 0.0207682
20 27 0.0262241
20 28 0.0282538
20 29 0.0258926
20 30 0.0207674
20 31 0.014056
20 32 0.00719913
20 33 0.00185221
20 34 -0.00158167
20 35 -0.00394879
20 36 -0.00645797
20 37 -0.00821216
20 38 -0.0108786
20 39 -0.0139556
20 40 -0.0175462
20 41 -0.0203771
20 42 -0.0213711
20 43 -0.0195151
20 44 -0.0156203
20 45 -0.0100469
20 46 -0.00291349
20 47 0.00347094
20 48 0.00805781
20 49 0.0103265
20 50 0.0109693
20 51 0.00953978
20 52 0.00808387
20 53 0.00718526
20 54 0.00820093
20 55 0.0104839
20 56 0.0143758
20 57 0.0180714
20 58 0.021265
20 59 0.0222844
20 60 0.0215205
20 61 0.0186005
20 62 0.015209
20 63 0.0116708
20 64 0.00979763
20 65 0.00925697
20 66 0.0107007
20 67 0.0127534
20 68 0.0148426
20 69 0.0148537
20 70 0.013263
20 71 0.00923585
20 72 0.00335964
20 73 -0.00354768
20 74 -0.00905033
20 75 -0.0133407
20 76 -0.0158467
20 77 -0.0161051
20 78 -0.0148177
20 79 -0.0133616
20 80 -0.0126152
20 81 -0.012615
20 82 -0.0134554
20 83 -0.0133492
20 84 -0.0129107
20 85 -0.010529
20 86 -0.00537208
20 87 0.00272456
20 88 0.0116755
20 89 0.0205048
20 90 0.0272424
20 91 0.0303074
20 92 0.029791
20 93 0.024484
20 94 0.0159155
20 95 0.00468277
20 96 -0.00656473
20 97 -0.0159515
20 98 -0.0224916
20 99 -0.0254444
20 100 -0.0252523
20 101 -0.0221009
20 102 -0.0170267
20 103 -0.00948305
20 104 -0.00156593
20 105 0.00662513
20 106 0.0140165
20 107 0.0180737
20 108 0.0202877
20 109 0.0182983
20 110 0.0136371
20 111 0.00771143
20 112 -5.25963e-06
20 113 -0.00572037
20 114 -0.0103531
20 115 -0.0122827
20 116 -0.0107762
20 117 -0.0080952
20 118 -0.00283436
20 119 0

21 0 0
21 1 2.65844e-05
