0 0 0
0 1 0
0 2 0
0 3 0
0 4 0
0 5 0
0 6 0
0 7 0
0 8 0
0 9 0
0 10 0
0 11 0
0 12 0
0 13 0
0 14 0
0 15 0
0 16 0
0 17 0
0 18 0
0 19 0
0 20 0
0 21 0
0 22 0
0 23 0
0 24 0
0 25 0
0 26 0
0 27 0
0 28 0
0 29 0
0 30 0
0 31 0
0 32 0
0 33 0
0 34 0
0 35 0
0 36 0
0 37 0
0 38 0
0 39 0
0 40 0
0 41 0
0 42 0
0 43 0
0 44 0
0 45 0
0 46 0
0 47 0
0 48 0
0 49 0
0 50 0
0 51 0
0 52 0
0 53 0
0 54 0
0 55 0
0 56 0
0 57 0
0 58 0
0 59 0
0 60 0
0 61 0
0 62 0
0 63 0
0 64 0
0 65 0
0 66 0
0 67 0
0 68 0
0 69 0
0 70 0
0 71 0
0 72 0
0 73 0
0 74 0
0 75 0
0 76 0
0 77 0
0 78 0
0 79 0
0 80 0
0 81 0
0 82 0
0 83 0
0 84 0
0 85 0
0 86 0
0 87 0
0 88 0
0 89 0
0 90 0
0 91 0
0 92 0
0 93 0
0 94 0
0 95 0
0 96 0
0 97 0
0 98 0
0 99 0
0 100 0
0 101 0
0 102 0
0 103 0
0 104 0
0 105 0
0 106 0
0 107 0
0 108 0
0 109 0
0 110 0
0 111 0
0 112 0
0 113 0
0 114 0
0 115 0
0 116 0
0 117 0
0 118 0
0 119 0

1 0 0
1 1 0.00800944
1 2 0.00941744
1 3 0.00883729
1 4 0.00500089
1 5 -0.00210066
1 6 -0.0105803
1 7 -0.0173463
1 8 -0.0199334
1 9 -0.0180136
1 10 -0.0132034
1 11 -0.00748471
1 12 -0.00189791
1 13 0.00348097
1 14 0.00879837
1 15 0.0138261
1 16 0.0178276
1 17 0.0198517
1 18 0.0192473
1 19 0.0159903
1 20 0.0106451
1 21 0.00413661
1 22 -0.00254737
1 23 -0.00861667
1 24 -0.0135656
1 25 -0.017149
1 26 -0.0193182
1 27 -0.0201173
1 28 -0.0196299
1 29 -0.0179645
1 30 -0.0152434
1 31 -0.0116304
1 32 -0.00733232
1 33 -0.00259244
1 34 0.00231465
1 35 0.00711947
1 36 0.0115711
1 37 0.0154638
1 38 0.0186509
1 39 0.0210436
1 40 0.0226191
1 41 0.0234005
1 42 0.0234566
1 43 0.0228811
1 44 0.0217848
1 45 0.0202855
1 46 0.0184952
1 47 0.0165218
1 48 0.0144562
1 49 0.0123806
1 50 0.0103574
1 51 0.00844046
1 52 0.00666685
1 53 0.00506663
1 54 0.00365849
1 55 0.00245616
1 56 0.00146713
1 57 0.000695817
1 58 0.00014439
1 59 -0.000186712
1 60 -0.000296926
1 61 -0.000186712
1 62 0.00014439
1 63 0.000695817
1 64 0.00146713
1 65 0.00245616
1 66 0.00365849
1 67 0.00506663
1 68 0.00666685
1 69 0.00844046
1 70 0.0103574
1 71 0.0123806
1 72 0.0144562
1 73 0.0165218
1 74 0.0184952
1 75 0.0202855
1 76 0.0217848
1 77 0.0228811
1 78 0.0234566
1 79 0.0234005
1 80 0.0226191
1 81 0.0210436
1 82 0.0186509
1 83 0.0154638
1 84 0.0115711
1 85 0.00711947
1 86 0.00231465
1 87 -0.00259244
1 88 -0.00733232
1 89 -0.0116304
1 90 -0.0152434
1 91 -0.0179645
1 92 -0.0196299
1 93 -0.0201173
1 94 -0.0193182
1 95 -0.017149
1 96 -0.0135656
1 97 -0.00861667
1 98 -0.00254737
1 99 0.00413661
1 100 0.0106451
1 101 0.0159903
1 102 0.0192473
1 103 0.0198517
1 104 0.0178276
1 105 0.0138261
1 106 0.00879837
1 107 0.00348098
1 108 -0.00189784
1 109 -0.00748442
1 110 -0.0132023
1 111 -0.0180098
1 112 -0.0199217
1 113 -0.0173137
1 114 -0.0105001
1 115 -0.00192595
1 116 0.00533255
1 117 0.00937449
1 118 0.0101306
1 119 0

2 0 0
2 1 0.00941744
2 2 0.0086238
2 3 0.00476445
2 4 -0.00194066
2 5 -0.00952334
2 6 -0.0151217
2 7 -0.0168833
2 8 -0.0151738
2 9 -0.0117518
2 10 -0.00784379
2 11 -0.00336557
2 12 0.002089
2 13 0.00811821
2 14 0.013533
2 15 0.017049
2 16 0.0178718
2 17 0.0160188
2 18 0.012211
2 19 0.00736735
2 20 0.00223033
2 21 -0.00271776
2 22 -0.00724563
2 23 -0.0112211
2 24 -0.0144511
2 25 -0.0166999
2 26 -0.0177212
2 27 -0.0173275
2 28 -0.0154999
2 29 -0.0123807
2 30 -0.00826494
2 31 -0.00355728
2 32 0.00132689
2 33 0.00599168
2 34 0.0101257
2 35 0.0135206
2 36 0.0160573
2 37 0.0177202
2 38 0.0185466
2 39 0.0186294
2 40 0.0180832
2 41 0.0170287
2 42 0.0155931
2 43 0.0138817
2 44 0.0120002
2 45 0.0100264
2 46 0.00803413
2 47 0.00607572
2 48 0.00419522
2 49 0.00242566
2 50 0.00078765
2 51 -0.000699418
2 52 -0.00203107
2 53 -0.00319693
2 54 -0.00420215
2 55 -0.00504149
2 56 -0.00572449
2 57 -0.0062478
2 58 -0.00662159
2 59 -0.00684195
2 60 -0.00691741
2 61 -0.00684195
2 62 -0.00662159
2 63 -0.0062478
2 64 -0.00572449
2 65 -0.00504149
2 66 -0.00420215
2 67 -0.00319693
2 68 -0.00203107
2 69 -0.000699418
2 70 0.00078765
2 71 0.00242566
2 72 0.00419522
2 73 0.00607572
2 74 0.00803413
2 75 0.0100264
2 76 0.0120002
2 77 0.0138817
2 78 0.0155931
2 79 0.0170287
2 80 0.0180832
2 81 0.0186294
2 82 0.0185466
2 83 0.0177202
2 84 0.0160573
2 85 0.0135206
2 86 0.0101257
2 87 0.00599168
2 88 0.00132689
2 89 -0.00355728
2 90 -0.00826494
2 91 -0.0123807
2 92 -0.0154999
2 93 -0.0173275
2 94 -0.0177212
2 95 -0.0166999
2 96 -0.0144511
2 97 -0.0112211
2 98 -0.00724563
2 99 -0.00271776
2 100 0.00223033
2 101 0.00736735
2 102 0.012211
2 103 0.0160188
2 104 0.0178718
2 105 0.017049
2 106 0.013533
2 107 0.00811827
2 108 0.00208925
2 109 -0.00336459
2 110 -0.00784036
2 111 -0.011741
2 112 -0.0151436
2 113 -0.0168079
2 114 -0.0149554
2 115 -0.00920413
2 116 -0.00141903
2 117 0.00546022
2 118 0.00930751
2 119 0

3 0 0
3 1 0.00883729
3 2 0.00476445
3 3 -0.00231742
3 4 -0.00994211
3 5 -0.0148078
3 6 -0.0151078
3 7 -0.0119546
3 8 -0.00807529
3 9 -0.00498803
3 10 -0.00194459
3 11 0.00230782
3 12 0.00756721
3 13 0.0123211
3 14 0.0150469
3 15 0.0149819
3 16 0.012325
3 17 0.00806537
3 18 0.00330907
3 19 -0.0012405
3 20 -0.005228
3 21 -0.00853313
3 22 -0.0111453
3 23 -0.0129393
3 24 -0.0137259
3 25 -0.0133683
3 26 -0.0117913
3 27 -0.00910285
3 28 -0.0055751
3 29 -0.00155406
3 30 0.00254278
3 31 0.00635161
3 32 0.00958757
3 33 0.0120481
3 34 0.0136633
3 35 0.0144224
3 36 0.0143983
3 37 0.0137028
3 38 0.0124572
3 39 0.0108095
3 40 0.00887431
3 41 0.00677868
3 42 0.00461327
3 43 0.0024614
3 44 0.000388183
3 45 -0.00156599
3 46 -0.00335922
3 47 -0.0049834
3 48 -0.00641678
3 49 -0.00767099
3 50 -0.0087405
3 51 -0.00964604
3 52 -0.0103934
3 53 -0.0110047
3 54 -0.0114918
3 55 -0.0118738
3 56 -0.0121638
3 57 -0.012375
3 58 -0.0125187
3 59 -0.0126009
3 60 -0.0126286
3 61 -0.0126009
3 62 -0.0125187
3 63 -0.012375
3 64 -0.0121638
3 65 -0.0118738
3 66 -0.0114918
3 67 -0.0110047
3 68 -0.0103934
3 69 -0.00964604
3 70 -0.0087405
3 71 -0.00767099
3 72 -0.00641678
3 73 -0.0049834
3 74 -0.00335922
3 75 -0.00156599
3 76 0.000388183
3 77 0.0024614
3 78 0.00461327
3 79 0.00677868
3 80 0.00887431
3 81 0.0108095
3 82 0.0124572
3 83 0.0137028
3 84 0.0143983
3 85 0.0144224
3 86 0.0136633
3 87 0.0120481
3 88 0.00958757
3 89 0.00635161
3 90 0.00254278
3 91 -0.00155406
3 92 -0.0055751
3 93 -0.00910285
3 94 -0.0117913
3 95 -0.0133683
3 96 -0.0137259
3 97 -0.0129393
3 98 -0.0111453
3 99 -0.00853313
3 100 -0.005228
3 101 -0.0012405
3 102 0.00330907
3 103 0.00806537
3 104 0.012325
3 105 0.0149819
3 106 0.0150469
3 107 0.0123213
3 108 0.00756808
3 109 0.00231091
3 110 -0.00193474
3 111 -0.00495985
3 112 -0.00800355
3 113 -0.0117934
3 114 -0.0147927
3 115 -0.0142839
3 116 -0.00923322
3 117 -0.00161685
3 118 0.00506256
3 119 0

4 0 0
4 1 0.00500089
4 2 -0.00194066
4 3 -0.00994211
4 4 -0.015128
4 5 -0.0151791
4 6 -0.011178
4 7 -0.00625828
4 8 -0.00228423
4 9 0.0014292
4 10 0.0059286
4 11 0.0104327
4 12 0.0131725
4 13 0.0133389
4 14 0.0112873
4 15 0.00777172
4 16 0.00364851
4 17 -0.000466844
4 18 -0.00446134
4 19 -0.00824065
4 20 -0.0114237
4 21 -0.0135814
4 22 -0.0142656
4 23 -0.0131709
4 24 -0.0104264
4 25 -0.00642642
4 26 -0.00173746
4 27 0.00296597
4 28 0.00717912
4 29 0.0105364
4 30 0.0128396
4 31 0.0140994
4 32 0.0143687
4 33 0.0137995
4 34 0.0125501
4 35 0.0107517
4 36 0.00856775
4 37 0.00609351
4 38 0.00345791
4 39 0.000752558
4 40 -0.00193521
4 41 -0.00451017
4 42 -0.00692352
4 43 -0.00909565
4 44 -0.01101
4 45 -0.0126232
4 46 -0.0139422
4 47 -0.0149658
4 48 -0.0157148
4 49 -0.0162217
4 50 -0.0165114
4 51 -0.0166359
4 52 -0.016617
4 53 -0.0165124
4 54 -0.0163363
4 55 -0.0161425
4 56 -0.0159361
4 57 -0.015762
4 58 -0.0156156
4 59 -0.0155316
4 60 -0.0154954
4 61 -0.0155316
4 62 -0.0156156
4 63 -0.015762
4 64 -0.0159361
4 65 -0.0161425
4 66 -0.0163363
4 67 -0.0165124
4 68 -0.016617
4 69 -0.0166359
4 70 -0.0165114
4 71 -0.0162217
4 72 -0.0157148
4 73 -0.0149658
4 74 -0.0139422
4 75 -0.0126232
4 76 -0.01101
4 77 -0.00909565
4 78 -0.00692352
4 79 -0.00451017
4 80 -0.00193521
4 81 0.000752558
4 82 0.00345791
4 83 0.00609351
4 84 0.00856775
4 85 0.0107517
4 86 0.0125501
4 87 0.0137995
4 88 0.0143687
4 89 0.0140994
4 90 0.0128396
4 91 0.0105364
4 92 0.00717912
4 93 0.00296597
4 94 -0.00173746
4 95 -0.00642642
4 96 -0.0104264
4 97 -0.0131709
4 98 -0.0142656
4 99 -0.0135814
4 100 -0.0114237
4 101 -0.00824065
4 102 -0.00446134
4 103 -0.000466842
4 104 0.00364852
4 105 0.00777176
4 106 0.0112875
4 107 0.0133397
4 108 0.0131752
4 109 0.0104415
4 110 0.00595428
4 111 0.00149599
4 112 -0.00213083
4 113 -0.00595136
4 114 -0.010655
4 115 -0.0144518
4 116 -0.0143839
4 117 -0.00959607
4 118 -0.00250188
4 119 0

5 0 0
5 1 -0.00210066
5 2 -0.00952334
5 3 -0.0148078
5 4 -0.0151791
5 5 -0.0113393
5 6 -0.00634985
5 7 -0.00196336
5 8 0.00281716
5 9 0.00890885
5 10 0.0144775
5 11 0.0166953
5 12 0.0149647
5 13 0.0107584
5 14 0.00553246
5 15 0.000233399
5 16 -0.00452512
5 17 -0.00875373
5 18 -0.0125156
5 19 -0.0152814
5 20 -0.0164835
5 21 -0.0157921
5 22 -0.0130221
5 23 -0.00852906
5 24 -0.00301226
5 25 0.00286425
5 26 0.00835162
5 27 0.0129181
5 28 0.0162928
5 29 0.0182646
5 30 0.0188764
5 31 0.0182116
5 32 0.0163929
5 33 0.0136631
5 34 0.0101858
5 35 0.00622446
5 36 0.00199874
5 37 -0.0022877
5 38 -0.00640183
5 39 -0.010221
5 40 -0.0135729
5 41 -0.0164038
5 42 -0.0186464
5 43 -0.0202947
5 44 -0.0213818
5 45 -0.0219298
5 46 -0.0220356
5 47 -0.021735
5 48 -0.0211467
5 49 -0.0203105
5 50 -0.0193359
5 51 -0.0182608
5 52 -0.0171694
5 53 -0.0160952
5 54 -0.0150933
5 55 -0.0141918
5 56 -0.0134206
5 57 -0.0128023
5 58 -0.0123477
5 59 -0.0120742
5 60 -0.0119793
5 61 -0.0120742
5 62 -0.0123477
5 63 -0.0128023
5 64 -0.0134206
5 65 -0.0141918
5 66 -0.0150933
5 67 -0.0160952
5 68 -0.0171694
5 69 -0.0182608
5 70 -0.0193359
5 71 -0.0203105
5 72 -0.0211467
5 73 -0.021735
5 74 -0.0220356
5 75 -0.0219298
5 76 -0.0213818
5 77 -0.0202947
5 78 -0.0186464
5 79 -0.0164038
5 80 -0.0135729
5 81 -0.010221
5 82 -0.00640183
5 83 -0.0022877
5 84 0.00199874
5 85 0.00622446
5 86 0.0101858
5 87 0.0136631
5 88 0.0163929
5 89 0.0182116
5 90 0.0188764
5 91 0.0182646
5 92 0.0162928
5 93 0.0129181
5 94 0.00835162
5 95 0.00286425
5 96 -0.00301226
5 97 -0.00852906
5 98 -0.0130221
5 99 -0.0157921
5 100 -0.0164835
5 101 -0.0152814
5 102 -0.0125156
5 103 -0.00875372
5 104 -0.00452508
5 105 0.000233552
5 106 0.00553309
5 107 0.0107607
5 108 0.0149723
5 109 0.0167181
5 110 0.0145381
5 111 0.00905124
5 112 0.00310937
5 113 -0.0014512
5 114 -0.00561322
5 115 -0.0105481
5 116 -0.0147515
5 117 -0.0153017
5 118 -0.0112579
5 119 0

6 0 0
6 1 -0.0105803
6 2 -0.0151217
6 3 -0.0151078
6 4 -0.011178
6 5 -0.00634985
6 6 -0.00226393
6 7 0.00255355
6 8 0.0094192
6 9 0.0160597
6 10 0.0188176
6 11 0.0170904
6 12 0.0129082
6 13 0.00749866
6 14 0.00107435
6 15 -0.00562404
6 16 -0.0118182
6 17 -0.0169709
6 18 -0.0200217
6 19 -0.0202051
6 20 -0.0177732
6 21 -0.0131971
6 22 -0.00722242
6 23 -0.000888649
6 24 0.00524463
6 25 0.0107497
6 26 0.0152332
6 27 0.0186432
6 28 0.0207643
6 29 0.0214625
6 30 0.020763
6 31 0.0185886
6 32 0.0151563
6 33 0.0106848
6 34 0.00546927
6 35 -5.37881e-05
6 36 -0.00560372
6 37 -0.0107815
6 38 -0.0153739
6 39 -0.0191896
6 40 -0.0221058
6 41 -0.0241454
6 42 -0.0252766
6 43 -0.0256473
6 44 -0.0253004
6 45 -0.0244105
6 46 -0.0230697
6 47 -0.0214167
6 48 -0.0195665
6 49 -0.0175995
6 50 -0.0156329
6 51 -0.0136923
6 52 -0.0118848
6 53 -0.0101958
6 54 -0.00871776
6 55 -0.00741159
6 56 -0.00635581
6 57 -0.00549889
6 58 -0.00490916
6 59 -0.00452979
6 60 -0.00442309
6 61 -0.00452979
6 62 -0.00490916
6 63 -0.00549889
6 64 -0.00635581
6 65 -0.00741159
6 66 -0.00871776
6 67 -0.0101958
6 68 -0.0118848
6 69 -0.0136923
6 70 -0.0156329
6 71 -0.0175995
6 72 -0.0195665
6 73 -0.0214167
6 74 -0.0230697
6 75 -0.0244105
6 76 -0.0253004
6 77 -0.0256473
6 78 -0.0252766
6 79 -0.0241454
6 80 -0.0221058
6 81 -0.0191896
6 82 -0.0153739
6 83 -0.0107815
6 84 -0.00560372
6 85 -5.37881e-05
6 86 0.00546927
6 87 0.0106848
6 88 0.0151563
6 89 0.0185886
6 90 0.020763
6 91 0.0214625
6 92 0.0207643
6 93 0.0186432
6 94 0.0152332
6 95 0.0107497
6 96 0.00524463
6 97 -0.000888649
6 98 -0.00722242
6 99 -0.0131971
6 100 -0.0177732
6 101 -0.0202051
6 102 -0.0200217
6 103 -0.0169708
6 104 -0.0118181
6 105 -0.00562354
6 106 0.00107625
6 107 0.0075051
6 108 0.0129279
6 109 0.0171438
6 110 0.0189464
6 111 0.0163312
6 112 0.00990991
6 113 0.00328617
6 114 -0.00143249
6 115 -0.00582403
6 116 -0.0115503
6 117 -0.0167908
6 118 -0.0178294
6 119 0

7 0 0
7 1 -0.0173463
7 2 -0.0168833
7 3 -0.0119546
7 4 -0.00625828
7 5 -0.00196336
7 6 0.00255355
7 7 0.00922864
7 8 0.0159371
7 9 0.0186532
7 10 0.0170131
7 11 0.01379
7 12 0.00979585
7 13 0.00381181
7 14 -0.0037354
7 15 -0.0111879
7 16 -0.0175597
7 17 -0.0215712
7 18 -0.0220253
7 19 -0.0194017
7 20 -0.0145968
7 21 -0.00822883
7 22 -0.00143106
7 23 0.00512264
7 24 0.011194
7 25 0.0161548
7 26 0.0197895
7 27 0.0219093
7 28 0.0221687
7 29 0.0207552
7 30 0.0177375
7 31 0.0134054
7 32 0.00828501
7 33 0.00266156
7 34 -0.00291265
7 35 -0.00815413
7 36 -0.0127977
7 37 -0.0165947
7 38 -0.0195624
7 39 -0.0215566
7 40 -0.0227193
7 41 -0.0230501
7 42 -0.0226828
7 43 -0.0217419
7 44 -0.0203012
7 45 -0.0185532
7 46 -0.0165163
7 47 -0.0143904
7 48 -0.0121632
7 49 -0.00999995
7 50 -0.00787979
7 51 -0.00591534
7 52 -0.00409093
7 53 -0.00246685
7 54 -0.00103872
7 55 0.000174917
7 56 0.00116588
7 57 0.00194364
7 58 0.00248893
7 59 0.00282639
7 60 0.00292903
7 61 0.00282639
7 62 0.00248893
7 63 0.00194364
7 64 0.00116588
7 65 0.000174917
7 66 -0.00103872
7 67 -0.00246685
7 68 -0.00409093
7 69 -0.00591534
7 70 -0.00787979
7 71 -0.00999995
7 72 -0.0121632
7 73 -0.0143904
7 74 -0.0165163
7 75 -0.0185532
7 76 -0.0203012
7 77 -0.0217419
7 78 -0.0226828
7 79 -0.0230501
7 80 -0.0227193
7 81 -0.0215566
7 82 -0.0195624
7 83 -0.0165947
7 84 -0.0127977
7 85 -0.00815413
7 86 -0.00291265
7 87 0.00266156
7 88 0.00828501
7 89 0.0134054
7 90 0.0177375
7 91 0.0207552
7 92 0.0221687
7 93 0.0219093
7 94 0.0197895
7 95 0.0161548
7 96 0.011194
7 97 0.00512264
7 98 -0.00143106
7 99 -0.00822883
7 100 -0.0145968
7 101 -0.0194017
7 102 -0.0220252
7 103 -0.0215711
7 104 -0.0175593
7 105 -0.0111864
7 106 -0.00373012
7 107 0.00382827
7 108 0.00984174
7 109 0.0139035
7 110 0.0172592
7 111 0.0191128
7 112 0.0166512
7 113 0.0100879
7 114 0.00318355
7 115 -0.00217145
7 116 -0.0078124
7 117 -0.0147017
7 118 -0.0197252
7 119 0

8 0 0
8 1 -0.0199334
8 2 -0.0151738
8 3 -0.00807529
8 4 -0.00228423
8 5 0.00281716
8 6 0.0094192
8 7 0.0159371
8 8 0.0182525
8 9 0.0160913
8 10 0.0130582
8 11 0.0100427
8 12 0.00465977
8 13 -0.00287898
8 14 -0.00982091
8 15 -0.0152294
8 16 -0.0188455
8 17 -0.0194983
8 18 -0.017557
8 19 -0.0141386
8 20 -0.00911904
8 21 -0.00300817
8 22 0.0032974
8 23 0.00967113
8 24 0.015183
8 25 0.0189732
8 26 0.0209338
8 27 0.0205778
8 28 0.0181796
8 29 0.0143094
8 30 0.00926475
8 31 0.00390304
8 32 -0.00141745
8 33 -0.0063103
8 34 -0.0103828
8 35 -0.0137062
8 36 -0.0160254
8 37 -0.0175135
8 38 -0.0181642
8 39 -0.0180424
8 40 -0.0173479
8 41 -0.0160454
8 42 -0.0144116
8 43 -0.0123996
8 44 -0.0102446
8 45 -0.00794914
8 46 -0.00564615
8 47 -0.00339889
8 48 -0.00123121
8 49 0.000750818
8 50 0.00260831
8 51 0.00421583
8 52 0.00568655
8 53 0.00689241
8 54 0.00797002
8 55 0.00879628
8 56 0.00951189
8 57 0.00999922
8 58 0.010393
8 59 0.0105775
8 60 0.0106785
8 61 0.0105775
8 62 0.010393
8 63 0.00999922
8 64 0.00951189
8 65 0.00879628
8 66 0.00797002
8 67 0.00689241
8 68 0.00568655
8 69 0.00421583
8 70 0.00260831
8 71 0.000750818
8 72 -0.00123121
8 73 -0.00339889
8 74 -0.00564615
8 75 -0.00794914
8 76 -0.0102446
8 77 -0.0123996
8 78 -0.0144116
8 79 -0.0160454
8 80 -0.0173479
8 81 -0.0180424
8 82 -0.0181642
8 83 -0.0175135
8 84 -0.0160254
8 85 -0.0137062
8 86 -0.0103828
8 87 -0.0063103
8 88 -0.00141745
8 89 0.00390304
8 90 0.00926475
8 91 0.0143094
8 92 0.0181796
8 93 0.0205778
8 94 0.0209338
8 95 0.0189732
8 96 0.015183
8 97 0.00967113
8 98 0.0032974
8 99 -0.00300817
8 100 -0.00911904
8 101 -0.0141386
8 102 -0.017557
8 103 -0.019498
8 104 -0.0188443
8 105 -0.0152252
8 106 -0.00980749
8 107 -0.00284063
8 108 0.00475718
8 109 0.0102603
8 110 0.0134784
8 111 0.0167722
8 112 0.0191227
8 113 0.0166673
8 114 0.00940618
8 115 0.00146594
8 116 -0.00498693
8 117 -0.0111415
8 118 -0.0170237
8 119 0

9 0 0
9 1 -0.0180136
9 2 -0.0117518
9 3 -0.00498803
9 4 0.0014292
9 5 0.00890885
9 6 0.0160597
9 7 0.0186532
9 8 0.0160913
9 9 0.0125461
9 10 0.00949667
9 11 0.00392169
9 12 -0.00408844
9 13 -0.0103401
9 14 -0.0137609
9 15 -0.0158676
9 16 -0.0158842
9 17 -0.0135705
9 18 -0.0105585
9 19 -0.00654431
9 20 -0.00118049
9 21 0.00415494
9 22 0.00926357
9 23 0.01366
9 24 0.0160196
9 25 0.0165889
9 26 0.0153207
9 27 0.0122173
9 28 0.00831608
9 29 0.00374606
9 30 -0.0009154
9 31 -0.00511291
9 32 -0.00895075
9 33 -0.0118786
9 34 -0.0140356
9 35 -0.015303
9 36 -0.0155606
9 37 -0.0150866
9 38 -0.0136884
9 39 -0.0117494
9 40 -0.00923748
9 41 -0.00640793
9 42 -0.00343152
9 43 -0.000369488
9 44 0.00250233
9 45 0.00526891
9 46 0.0076646
9 47 0.00984013
9 48 0.0116074
9 49 0.0131177
9 50 0.0142761
9 51 0.0151977
9 52 0.0158663
9 53 0.0163474
9 54 0.0166791
9 55 0.016879
9 56 0.0170161
9 57 0.0170683
9 58 0.0171177
9 59 0.0171123
9 60 0.0171345
9 61 0.0171123
9 62 0.0171177
9 63 0.0170683
9 64 0.0170161
9 65 0.016879
9 66 0.0166791
9 67 0.0163474
9 68 0.0158663
9 69 0.0151977
9 70 0.0142761
9 71 0.0131177
9 72 0.0116074
9 73 0.00984013
9 74 0.0076646
9 75 0.00526891
9 76 0.00250233
9 77 -0.000369488
9 78 -0.00343152
9 79 -0.00640793
9 80 -0.00923748
9 81 -0.0117494
9 82 -0.0136884
9 83 -0.0150866
9 84 -0.0155606
9 85 -0.015303
9 86 -0.0140356
9 87 -0.0118786
9 88 -0.00895075
9 89 -0.00511291
9 90 -0.0009154
9 91 0.00374606
9 92 0.00831608
9 93 0.0122173
9 94 0.0153207
9 95 0.0165889
9 96 0.0160196
9 97 0.01366
9 98 0.00926357
9 99 0.00415495
9 100 -0.00118048
9 101 -0.00654426
9 102 -0.0105583
9 103 -0.0135696
9 104 -0.015881
9 105 -0.0158569
9 106 -0.0137297
9 107 -0.0102587
9 108 -0.003901
9 109 0.00429663
9 110 0.010131
9 111 0.0134077
9 112 0.0169076
9 113 0.0188512
9 114 0.0149772
9 115 0.00634781
9 116 -0.00180489
9 117 -0.00727734
9 118 -0.0118719
9 119 0

10 0 0
10 1 -0.0132034
10 2 -0.00784379
10 3 -0.00194459
10 4 0.0059286
10 5 0.0144775
10 6 0.0188176
10 7 0.0170131
10 8 0.0130582
10 9 0.00949667
10 10 0.0034394
10 11 -0.00540786
10 12 -0.0117269
10 13 -0.0138377
10 14 -0.0149719
10 15 -0.0147702
10 16 -0.0113914
10 17 -0.0069308
10 18 -0.00223359
10 19 0.00368179
10 20 0.00887856
10 21 0.0123255
10 22 0.0146324
10 23 0.0145663
10 24 0.0124747
10 25 0.00951139
10 26 0.00531325
10 27 0.000975508
10 28 -0.00308907
10 29 -0.00715518
10 30 -0.0103446
10 31 -0.0130137
10 32 -0.0148683
10 33 -0.0155668
10 34 -0.0154807
10 35 -0.0141174
10 36 -0.0119426
10 37 -0.00893676
10 38 -0.00528999
10 39 -0.00145211
10 40 0.00263432
10 41 0.0064171
10 42 0.0100203
10 43 0.0130881
10 44 0.0156864
10 45 0.0177373
10 46 0.0192198
10 47 0.0202686
10 48 0.0207997
10 49 0.0210552
10 50 0.0209209
10 51 0.0206641
10 52 0.0201629
10 53 0.019664
10 54 0.0190483
10 55 0.0185256
10 56 0.0179818
10 57 0.0175899
10 58 0.0172384
10 59 0.0170711
10 60 0.0169738
10 61 0.0170711
10 62 0.0172384
10 63 0.0175899
10 64 0.0179818
10 65 0.0185256
10 66 0.0190483
10 67 0.019664
10 68 0.0201629
10 69 0.0206641
10 70 0.0209209
10 71 0.0210552
10 72 0.0207997
10 73 0.0202686
10 74 0.0192198
10 75 0.0177373
10 76 0.0156864
10 77 0.0130881
10 78 0.0100203
10 79 0.0064171
10 80 0.00263432
10 81 -0.00145211
10 82 -0.00528999
10 83 -0.00893676
10 84 -0.0119426
10 85 -0.0141174
10 86 -0.0154807
10 87 -0.0155668
10 88 -0.0148683
10 89 -0.0130137
10 90 -0.0103446
10 91 -0.00715518
10 92 -0.00308907
10 93 0.000975508
10 94 0.00531325
10 95 0.00951139
10 96 0.0124747
10 97 0.0145663
10 98 0.0146324
10 99 0.0123255
10 100 0.00887859
10 101 0.00368195
10 102 -0.00223293
10 103 -0.00692835
10 104 -0.0113832
10 105 -0.0147456
10 106 -0.0149057
10 107 -0.0136805
10 108 -0.0114008
10 109 -0.00483132
10 110 0.00427106
10 111 0.0103757
10 112 0.0134656
10 113 0.0162499
10 114 0.0165017
10 115 0.0111693
10 116 0.00318674
10 117 -0.00259668
10 118 -0.00634168
10 119 0

11 0 0
11 1 -0.00748471
11 2 -0.00336557
11 3 0.00230782
11 4 0.0104327
11 5 0.0166953
11 6 0.0170904
11 7 0.01379
11 8 0.0100427
11 9 0.00392169
11 10 -0.00540786
11 11 -0.0123577
11 12 -0.0142053
11 13 -0.0152121
11 14 -0.0157079
11 15 -0.0117265
11 16 -0.00520741
11 17 0.000699208
11 18 0.00740986
11 19 0.0134967
11 20 0.0163731
11 21 0.0174802
11 22 0.0163521
11 23 0.0123187
11 24 0.0076343
11 25 0.00210691
11 26 -0.00393634
11 27 -0.00896436
11 28 -0.0137443
11 29 -0.0173769
11 30 -0.0194306
11 31 -0.0204338
11 32 -0.0194406
11 33 -0.0171811
11 34 -0.01364
11 35 -0.00894132
11 36 -0.00397382
11 37 0.00147765
11 38 0.00653009
11 39 0.0112453
11 40 0.0153207
11 41 0.0185378
11 42 0.0211224
11 43 0.0227443
11 44 0.0238319
11 45 0.0241375
11 46 0.0240296
11 47 0.0234251
11 48 0.0225315
11 49 0.0214119
11 50 0.020123
11 51 0.0188155
11 52 0.0174448
11 53 0.0161954
11 54 0.0149682
11 55 0.013948
11 56 0.013011
11 57 0.0123294
11 58 0.0117687
11 59 0.0114869
11 60 0.011344
11 61 0.0114869
11 62 0.0117687
11 63 0.0123294
11 64 0.013011
11 65 0.013948
11 66 0.0149682
11 67 0.0161954
11 68 0.0174448
11 69 0.0188155
11 70 0.020123
11 71 0.0214119
11 72 0.0225315
11 73 0.0234251
11 74 0.0240296
11 75 0.0241375
11 76 0.0238319
11 77 0.0227443
11 78 0.0211224
11 79 0.0185378
11 80 0.0153207
11 81 0.0112453
11 82 0.00653009
11 83 0.00147765
11 84 -0.00397382
11 85 -0.00894132
11 86 -0.01364
11 87 -0.0171811
11 88 -0.0194406
11 89 -0.0204338
11 90 -0.0194306
11 91 -0.0173769
11 92 -0.0137443
11 93 -0.00896436
11 94 -0.00393634
11 95 0.00210691
11 96 0.0076343
11 97 0.0123187
11 98 0.0163521
11 99 0.0174802
11 100 0.0163732
11 101 0.0134971
11 102 0.00741165
11 103 0.000705341
11 104 -0.00518848
11 105 -0.0116742
11 106 -0.0155795
11 107 -0.0149358
11 108 -0.0136947
11 109 -0.0115763
11 110 -0.00449618
11 111 0.00451913
11 112 0.00962713
11 113 0.0118178
11 114 0.0138348
11 115 0.0135452
11 116 0.00913279
11 117 0.00343985
11 118 -0.00101111
11 119 0

12 0 0
12 1 -0.00189791
12 2 0.002089
12 3 0.00756721
12 4 0.0131725
12 5 0.0149647
12 6 0.0129082
12 7 0.00979585
12 8 0.00465977
12 9 -0.00408844
12 10 -0.0117269
12 11 -0.0142053
12 12 -0.0153987
12 13 -0.0167054
12 14 -0.0127668
12 15 -0.004607
12 16 0.00193035
12 17 0.00819087
12 18 0.0150684
12 19 0.0185015
12 20 0.0193739
12 21 0.0188594
12 22 0.0146647
12 23 0.00890697
12 24 0.0027818
12 25 -0.00483703
12 26 -0.011522
12 27 -0.0172305
12 28 -0.0220909
12 29 -0.0242066
12 30 -0.0246581
12 31 -0.0228709
12 32 -0.0188364
12 33 -0.0139242
12 34 -0.00760514
12 35 -0.00129249
12 36 0.00489671
12 37 0.0107284
12 38 0.0154094
12 39 0.0195322
12 40 0.022336
12 41 0.0243944
12 42 0.0254849
12 43 0.0257402
12 44 0.0254718
12 45 0.0244463
12 46 0.0232231
12 47 0.0214592
12 48 0.019681
12 49 0.0176314
12 50 0.0156566
12 51 0.0136553
12 52 0.0117703
12 53 0.0100406
12 54 0.00844729
12 55 0.00712376
12 56 0.00594644
12 57 0.0051008
12 58 0.00440569
12 59 0.00407011
12 60 0.00388653
12 61 0.00407011
12 62 0.00440569
12 63 0.0051008
12 64 0.00594644
12 65 0.00712376
12 66 0.00844729
12 67 0.0100406
12 68 0.0117703
12 69 0.0136553
12 70 0.0156566
12 71 0.0176314
12 72 0.019681
12 73 0.0214592
12 74 0.0232231
12 75 0.0244463
12 76 0.0254718
12 77 0.0257402
12 78 0.0254849
12 79 0.0243944
12 80 0.022336
12 81 0.0195322
12 82 0.0154094
12 83 0.0107284
12 84 0.00489671
12 85 -0.00129249
12 86 -0.00760514
12 87 -0.0139242
12 88 -0.0188364
12 89 -0.0228709
12 90 -0.0246581
12 91 -0.0242066
12 92 -0.0220909
12 93 -0.0172305
12 94 -0.011522
12 95 -0.00483703
12 96 0.0027818
12 97 0.00890697
12 98 0.0146647
12 99 0.0188595
12 100 0.0193742
12 101 0.0185027
12 102 0.0150729
12 103 0.008205
12 104 0.00197058
12 105 -0.00450501
12 106 -0.0125391
12 107 -0.0162653
12 108 -0.0146851
12 109 -0.0132946
12 110 -0.0109749
12 111 -0.00415472
12 112 0.00311203
12 113 0.00674013
12 114 0.0094577
12 115 0.0129562
12 116 0.0137187
12 117 0.00992482
12 118 0.00449965
12 119 0

13 0 0
13 1 0.00348097
13 2 0.00811821
13 3 0.0123211
13 4 0.0133389
13 5 0.0107584
13 6 0.00749866
13 7 0.00381181
13 8 -0.00287898
13 9 -0.0103401
13 10 -0.0138377
13 11 -0.0152121
13 12 -0.0167054
13 13 -0.0132139
13 14 -0.00429812
13 15 0.00244873
13 16 0.00728838
13 17 0.0143447
13 18 0.0190694
13 19 0.0197176
13 20 0.0195497
13 21 0.0160272
13 22 0.00947052
13 23 0.00342578
13 24 -0.00404588
13 25 -0.0115411
13 26 -0.0169056
13 27 -0.0218707
13 28 -0.0241969
13 29 -0.0239261
13 30 -0.0223255
13 31 -0.0179403
13 32 -0.0128504
13 33 -0.00697402
13 34 -0.000482176
13 35 0.00506864
13 36 0.0107339
13 37 0.0151293
13 38 0.0187707
13 39 0.0215957
13 40 0.0230642
13 41 0.0241143
13 42 0.0238117
13 43 0.0231788
13 44 0.0216597
13 45 0.0197442
13 46 0.0175386
13 47 0.0149058
13 48 0.0124589
13 49 0.00965321
13 50 0.00730209
13 51 0.00472726
13 52 0.0026953
13 53 0.000584673
13 54 -0.00100548
13 55 -0.00255685
13 56 -0.00365475
13 57 -0.00463603
13 58 -0.00522948
13 59 -0.00566457
13 60 -0.00575017
13 61 -0.00566457
13 62 -0.00522948
13 63 -0.00463603
13 64 -0.00365475
13 65 -0.00255685
13 66 -0.00100548
13 67 0.000584673
13 68 0.0026953
13 69 0.00472726
13 70 0.00730209
13 71 0.00965321
13 72 0.0124589
13 73 0.0149058
13 74 0.0175386
13 75 0.0197442
13 76 0.0216597
13 77 0.0231788
13 78 0.0238117
13 79 0.0241143
13 80 0.0230642
13 81 0.0215957
13 82 0.0187707
13 83 0.0151293
13 84 0.0107339
13 85 0.00506864
13 86 -0.000482176
13 87 -0.00697402
13 88 -0.0128504
13 89 -0.0179403
13 90 -0.0223255
13 91 -0.0239261
13 92 -0.0241969
13 93 -0.0218707
13 94 -0.0169056
13 95 -0.0115411
13 96 -0.00404587
13 97 0.00342579
13 98 0.00947057
13 99 0.0160274
13 100 0.0195506
13 101 0.0197207
13 102 0.0190796
13 103 0.0143747
13 104 0.00736713
13 105 0.00263129
13 106 -0.00392936
13 107 -0.0125813
13 108 -0.015829
13 109 -0.0143526
13 110 -0.0135805
13 111 -0.0114122
13 112 -0.0055855
13 113 0.000226711
13 114 0.00480149
13 115 0.0105196
13 116 0.0154502
13 117 0.0150864
13 118 0.0102559
13 119 0

14 0 0
14 1 0.00879837
14 2 0.013533
14 3 0.0150469
14 4 0.0112873
14 5 0.00553246
14 6 0.00107435
14 7 -0.0037354
14 8 -0.00982091
14 9 -0.0137609
14 10 -0.0149719
14 11 -0.0157079
14 12 -0.0127668
14 13 -0.00429812
14 14 0.00263091
14 15 0.00640591
14 16 0.0132217
14 17 0.0195424
14 18 0.0197449
14 19 0.0182724
14 20 0.0151996
14 21 0.00814444
14 22 0.00197397
14 23 -0.00390601
14 24 -0.0111656
14 25 -0.0157111
14 26 -0.0191956
14 27 -0.0214684
14 28 -0.0200822
14 29 -0.0180285
14 30 -0.0140384
14 31 -0.00859161
14 32 -0.00384375
14 33 0.0020171
14 34 0.00671519
14 35 0.0109004
14 36 0.0147325
14 37 0.0167934
14 38 0.018829
14 39 0.0191112
14 40 0.0189204
14 41 0.017859
14 42 0.0157844
14 43 0.0137658
14 44 0.0106356
14 45 0.00805844
14 46 0.00473208
14 47 0.00200087
14 48 -0.000921195
14 49 -0.00347019
14 50 -0.00570818
14 51 -0.0078662
14 52 -0.00938481
14 53 -0.0110759
14 54 -0.0119717
14 55 -0.0132158
14 56 -0.0136244
14 57 -0.0144865
14 58 -0.0145251
14 59 -0.0150699
14 60 -0.0148089
14 61 -0.0150699
14 62 -0.0145251
14 63 -0.0144865
14 64 -0.0136244
14 65 -0.0132158
14 66 -0.0119717
14 67 -0.0110759
14 68 -0.00938481
14 69 -0.0078662
14 70 -0.00570818
14 71 -0.00347019
14 72 -0.000921195
14 73 0.00200087
14 74 0.00473208
14 75 0.00805844
14 76 0.0106356
14 77 0.0137658
14 78 0.0157844
14 79 0.017859
14 80 0.0189204
14 81 0.0191112
14 82 0.018829
14 83 0.0167934
14 84 0.0147325
14 85 0.0109004
14 86 0.00671519
14 87 0.0020171
14 88 -0.00384375
14 89 -0.00859161
14 90 -0.0140384
14 91 -0.0180285
14 92 -0.0200822
14 93 -0.0214684
14 94 -0.0191956
14 95 -0.0157111
14 96 -0.0111656
14 97 -0.00390597
14 98 0.00197411
14 99 0.00814502
14 100 0.0152017
14 101 0.0182796
14 102 0.0197667
14 103 0.0196015
14 104 0.0133639
14 105 0.0067061
14 106 0.00317471
14 107 -0.00348538
14 108 -0.0118531
14 109 -0.0151777
14 110 -0.0155554
14 111 -0.0159885
14 112 -0.0133349
14 113 -0.00700716
14 114 -8.48106e-05
14 115 0.00709362
14 116 0.014246
14 117 0.0176337
14 118 0.0155301
14 119 0

15 0 0
15 1 0.0138261
15 2 0.017049
15 3 0.0149819
15 4 0.00777172
15 5 0.000233399
15 6 -0.00562404
15 7 -0.0111879
15 8 -0.0152294
15 9 -0.0158676
15 10 -0.0147702
15 11 -0.0117265
15 12 -0.004607
15 13 0.00244873
15 14 0.00640591
15 15 0.0127622
15 16 0.0200844
15 17 0.0200529
15 18 0.0162073
15 19 0.013145
15 20 0.00670031
15 21 -0.000181802
15 22 -0.00480921
15 23 -0.0114167
15 24 -0.0162969
15 25 -0.0179228
15 26 -0.0193598
15 27 -0.0169478
15 28 -0.0127374
15 29 -0.00862957
15 30 -0.0022685
15 31 0.00256868
15 32 0.00725635
15 33 0.0117519
15 34 0.0138928
15 35 0.0164063
15 36 0.0166747
15 37 0.0162623
15 38 0.0151555
15 39 0.0122778
15 40 0.00996569
15 41 0.00594666
15 42 0.00273293
15 43 -0.00114373
15 44 -0.00468956
15 45 -0.00767968
15 46 -0.0109418
15 47 -0.0128559
15 48 -0.0154151
15 49 -0.0164072
15 50 -0.0181257
15 51 -0.0184795
15 52 -0.0194453
15 53 -0.0194412
15 54 -0.0198598
15 55 -0.0197172
15 56 -0.0198174
15 57 -0.0196801
15 58 -0.019656
15 59 -0.0195942
15 60 -0.0195797
15 61 -0.0195942
15 62 -0.019656
15 63 -0.0196801
15 64 -0.0198174
15 65 -0.0197172
15 66 -0.0198598
15 67 -0.0194412
15 68 -0.0194453
15 69 -0.0184795
15 70 -0.0181257
15 71 -0.0164072
15 72 -0.0154151
15 73 -0.0128559
15 74 -0.0109418
15 75 -0.00767968
15 76 -0.00468956
15 77 -0.00114373
15 78 0.00273293
15 79 0.00594666
15 80 0.00996569
15 81 0.0122778
15 82 0.0151555
15 83 0.0162623
15 84 0.0166747
15 85 0.0164063
15 86 0.0138928
15 87 0.0117519
15 88 0.00725635
15 89 0.00256868
15 90 -0.0022685
15 91 -0.00862957
15 92 -0.0127374
15 93 -0.0169478
15 94 -0.0193598
15 95 -0.0179228
15 96 -0.0162968
15 97 -0.0114166
15 98 -0.00480883
15 99 -0.000180368
15 100 0.00670524
15 101 0.0131604
15 102 0.0162503
15 103 0.0201605
15 104 0.0203216
15 105 0.0132153
15 106 0.0071324
15 107 0.00336379
15 108 -0.00387244
15 109 -0.0118487
15 110 -0.0164287
15 111 -0.0190932
15 112 -0.0188717
15 113 -0.0132954
15 114 -0.00491533
15 115 0.00309353
15 116 0.0108405
15 117 0.0172374
15 118 0.0191467
15 119 0

16 0 0
16 1 0.0178276
16 2 0.0178718
16 3 0.012325
16 4 0.00364851
16 5 -0.00452512
16 6 -0.0118182
16 7 -0.0175597
16 8 -0.0188455
16 9 -0.0158842
16 10 -0.0113914
16 11 -0.00520741
16 12 0.00193035
16 13 0.00728838
16 14 0.0132217
16 15 0.0200844
16 16 0.0202592
16 17 0.0147081
16 18 0.0112554
16 19 0.00650537
16 20 -0.00125255
16 21 -0.00653966
16 22 -0.0124375
16 23 -0.0184118
16 24 -0.0189879
16 25 -0.0182698
16 26 -0.015321
16 27 -0.00863169
16 28 -0.00347183
16 29 0.0029457
16 30 0.00905428
16 31 0.0125845
16 32 0.0169666
16 33 0.0183526
16 34 0.0188867
16 35 0.0185605
16 36 0.0154426
16 37 0.0130202
16 38 0.00808562
16 39 0.00367875
16 40 -0.00121019
16 41 -0.00653652
16 42 -0.0103608
16 43 -0.0152156
16 44 -0.0177567
16 45 -0.0211601
16 46 -0.0226169
16 47 -0.0242699
16 48 -0.0249561
16 49 -0.0250956
16 50 -0.0253075
16 51 -0.0244216
16 52 -0.0244077
16 53 -0.0230037
16 54 -0.0229675
16 55 -0.0214509
16 56 -0.0215546
16 57 -0.020195
16 58 -0.0205596
16 59 -0.019504
16 60 -0.0202042
16 61 -0.019504
16 62 -0.0205596
16 63 -0.020195
16 64 -0.0215546
16 65 -0.0214509
16 66 -0.0229675
16 67 -0.0230037
16 68 -0.0244077
16 69 -0.0244216
16 70 -0.0253075
16 71 -0.0250956
16 72 -0.0249561
16 73 -0.0242699
16 74 -0.0226169
16 75 -0.0211601
16 76 -0.0177567
16 77 -0.0152156
16 78 -0.0103608
16 79 -0.00653652
16 80 -0.00121019
16 81 0.00367875
16 82 0.00808562
16 83 0.0130202
16 84 0.0154426
16 85 0.0185605
16 86 0.0188867
16 87 0.0183526
16 88 0.0169666
16 89 0.0125845
16 90 0.00905428
16 91 0.0029457
16 92 -0.00347183
16 93 -0.00863169
16 94 -0.015321
16 95 -0.0182698
16 96 -0.0189878
16 97 -0.0184116
16 98 -0.0124366
16 99 -0.00653638
16 100 -0.00124204
16 101 0.00653582
16 102 0.0113344
16 103 0.0148898
16 104 0.0206247
16 105 0.0207104
16 106 0.0140913
16 107 0.00814951
16 108 0.00220547
16 109 -0.00626008
16 110 -0.0141334
16 111 -0.0196277
16 112 -0.0217962
16 113 -0.017933
16 114 -0.00944465
16 115 -0.00110725
16 116 0.00638486
16 117 0.0143993
16 118 0.0200658
16 119 0

17 0 0
17 1 0.0198517
17 2 0.0160188
17 3 0.00806537
17 4 -0.000466844
17 5 -0.00875373
17 6 -0.0169709
17 7 -0.0215712
17 8 -0.0194983
17 9 -0.0135705
17 10 -0.0069308
17 11 0.000699208
17 12 0.00819087
17 13 0.0143447
17 14 0.0195424
17 15 0.0200529
17 16 0.0147081
17 17 0.0105094
17 18 0.00699427
17 19 -0.00117068
17 20 -0.00879165
17 21 -0.0141365
17 22 -0.0199778
17 23 -0.0205531
17 24 -0.0171885
17 25 -0.0138658
17 26 -0.00670048
17 27 -3.14882e-05
17 28 0.0053573
17 29 0.0124248
17 30 0.0161878
17 31 0.0197859
17 32 0.0221908
17 33 0.0211116
17 34 0.0205017
17 35 0.0162855
17 36 0.0118169
17 37 0.00655999
17 38 -0.00031455
17 39 -0.00531332
17 40 -0.0120505
17 41 -0.0162529
17 42 -0.020938
17 43 -0.0241216
17 44 -0.0261497
17 45 -0.0281978
17 46 -0.027983
17 47 -0.0288993
17 48 -0.0272815
17 49 -0.0272271
17 50 -0.0250253
17 51 -0.0242875
17 52 -0.022104
17 53 -0.0210193
17 54 -0.0192175
17 55 -0.0180998
17 56 -0.0168579
17 57 -0.0159595
17 58 -0.0153337
17 59 -0.0148376
17 60 -0.0148088
17 61 -0.0148376
17 62 -0.0153337
17 63 -0.0159595
17 64 -0.0168579
17 65 -0.0180998
17 66 -0.0192175
17 67 -0.0210193
17 68 -0.022104
17 69 -0.0242875
17 70 -0.0250253
17 71 -0.0272271
17 72 -0.0272815
17 73 -0.0288993
17 74 -0.027983
17 75 -0.0281978
17 76 -0.0261497
17 77 -0.0241216
17 78 -0.020938
17 79 -0.0162529
17 80 -0.0120505
17 81 -0.00531332
17 82 -0.00031455
17 83 0.00655999
17 84 0.0118169
17 85 0.0162855
17 86 0.0205017
17 87 0.0211116
17 88 0.0221908
17 89 0.0197859
17 90 0.0161878
17 91 0.0124248
17 92 0.0053573
17 93 -3.14869e-05
17 94 -0.00670047
17 95 -0.0138658
17 96 -0.0171884
17 97 -0.0205525
17 98 -0.0199757
17 99 -0.0141295
17 100 -0.00877076
17 101 -0.00111443
17 102 0.00712931
17 103 0.0107948
17 104 0.0152282
17 105 0.0208406
17 106 0.0204528
17 107 0.0149264
17 108 0.00772284
17 109 -0.00141603
17 110 -0.010482
17 111 -0.0171287
17 112 -0.0210438
17 113 -0.0200918
17 114 -0.013525
17 115 -0.00543046
17 116 0.00185728
17 117 0.0101152
17 118 0.0179316
17 119 0

18 0 0
18 1 0.0192473
18 2 0.012211
18 3 0.00330907
18 4 -0.00446134
18 5 -0.0125156
18 6 -0.0200217
18 7 -0.0220253
18 8 -0.017557
18 9 -0.0105585
18 10 -0.00223359
18 11 0.00740986
18 12 0.0150684
18 13 0.0190694
18 14 0.0197449
18 15 0.0162073
18 16 0.0112554
18 17 0.00699427
18 18 -0.000954136
18 19 -0.0105266
18 20 -0.0158927
18 21 -0.0198046
18 22 -0.0208435
18 23 -0.0164779
18 24 -0.012377
18 25 -0.00669423
18 26 0.00110266
18 27 0.00643306
18 28 0.0132327
18 29 0.0187131
18 30 0.0212489
18 31 0.0240909
18 32 0.0225648
18 33 0.020107
18 34 0.0160936
18 35 0.00936432
18 36 0.00408506
18 37 -0.00351412
18 38 -0.00914553
18 39 -0.0147824
18 40 -0.0197768
18 41 -0.0224883
18 42 -0.0259224
18 43 -0.0261816
18 44 -0.0275672
18 45 -0.0263591
18 46 -0.0257859
18 47 -0.0239919
18 48 -0.0219718
18 49 -0.0201719
18 50 -0.0173653
18 51 -0.0158735
18 52 -0.0128703
18 53 -0.0118327
18 54 -0.0090501
18 55 -0.00852803
18 56 -0.00620538
18 57 -0.00622628
18 58 -0.00446924
18 59 -0.00505278
18 60 -0.00388738
18 61 -0.00505278
18 62 -0.00446924
18 63 -0.00622628
18 64 -0.00620538
18 65 -0.00852803
18 66 -0.0090501
18 67 -0.0118327
18 68 -0.0128703
18 69 -0.0158735
18 70 -0.0173653
18 71 -0.0201719
18 72 -0.0219718
18 73 -0.0239919
18 74 -0.0257859
18 75 -0.0263591
18 76 -0.0275672
18 77 -0.0261816
18 78 -0.0259224
18 79 -0.0224883
18 80 -0.0197768
18 81 -0.0147824
18 82 -0.00914553
18 83 -0.00351412
18 84 0.00408506
18 85 0.00936432
18 86 0.0160936
18 87 0.020107
18 88 0.0225648
18 89 0.0240909
18 90 0.0212489
18 91 0.0187131
18 92 0.0132327
18 93 0.00643306
18 94 0.00110268
18 95 -0.00669414
18 96 -0.0123767
18 97 -0.0164765
18 98 -0.020839
18 99 -0.0197907
18 100 -0.0158538
18 101 -0.0104294
18 102 -0.00073856
18 103 0.00741098
18 104 0.0119375
18 105 0.0170987
18 106 0.020529
18 107 0.0191125
18 108 0.0136496
18 109 0.00432046
18 110 -0.00606651
18 111 -0.0131871
18 112 -0.0172978
18 113 -0.0190189
18 114 -0.0162201
18 115 -0.00964901
18 116 -0.00242029
18 117 0.00525405
18 118 0.0132431
18 119 0

19 0 0
19 1 0.0159903
19 2 0.00736735
19 3 -0.0012405
19 4 -0.00824065
19 5 -0.0152814
19 6 -0.0202051
19 7 -0.0194017
19 8 -0.0141386
19 9 -0.00654431
19 10 0.00368179
19 11 0.0134967
19 12 0.0185015
19 13 0.0197176
19 14 0.0182724
19 15 0.013145
19 16 0.00650537
19 17 -0.00117068
19 18 -0.0105266
19 19 -0.0166581
19 20 -0.0188857
19 21 -0.0199979
19 22 -0.0170254
19 23 -0.0118693
19 24 -0.00688942
19 25 0.00104972
19 26 0.00818731
19 27 0.0141191
19 28 0.0203624
19 29 0.0224982
19 30 0.0234068
19 31 0.021998
19 32 0.0172505
19 33 0.0128853
19 34 0.00582328
19 35 -0.000395259
19 36 -0.00647152
19 37 -0.0126991
19 38 -0.0164088
19 39 -0.0207982
19 40 -0.0222637
19 41 -0.0238467
19 42 -0.0237037
19 43 -0.022618
19 44 -0.0214582
19 45 -0.0185635
19 46 -0.0168212
19 47 -0.0131532
19 48 -0.0111508
19 49 -0.00754572
19 50 -0.00553241
19 51 -0.00249444
19 52 -0.000654482
19 53 0.0016095
19 54 0.00315543
19 55 0.00463388
19 56 0.0058162
19 57 0.00659197
19 58 0.00736856
19 59 0.00754707
19 60 0.0078767
19 61 0.00754707
19 62 0.00736856
19 63 0.00659197
19 64 0.0058162
19 65 0.00463388
19 66 0.00315543
19 67 0.0016095
19 68 -0.000654482
19 69 -0.00249444
19 70 -0.00553241
19 71 -0.00754572
19 72 -0.0111508
19 73 -0.0131532
19 74 -0.0168212
19 75 -0.0185635
19 76 -0.0214582
19 77 -0.022618
19 78 -0.0237037
19 79 -0.0238467
19 80 -0.0222637
19 81 -0.0207982
19 82 -0.0164088
19 83 -0.0126991
19 84 -0.00647152
19 85 -0.000395259
19 86 0.00582328
19 87 0.0128853
19 88 0.0172505
19 89 0.021998
19 90 0.0234068
19 91 0.0224982
19 92 0.0203624
19 93 0.0141191
19 94 0.00818736
19 95 0.00104993
19 96 -0.00688863
19 97 -0.0118665
19 98 -0.0170164
19 99 -0.0199719
19 100 -0.018818
19 101 -0.0165006
19 102 -0.0102047
19 103 -0.000604929
19 104 0.00732481
19 105 0.0140279
19 106 0.018715
19 107 0.0189852
19 108 0.0160751
19 109 0.00976095
19 110 0.000237352
19 111 -0.00765509
19 112 -0.0120814
19 113 -0.0154814
19 114 -0.0166384
19 115 -0.0129348
19 116 -0.00637968
19 117 0.000238138
19 118 0.0070029
19 119 0

20 0 0
20 1 0.0106451
20 2 0.00223033
20 3 -0.005228
20 4 -0.0114237
20 5 -0.0164835
20 6 -0.0177732
20 7 -0.0145968
20 8 -0.00911904
20 9 -0.00118049
20 10 0.00887856
20 11 0.0163731
20 12 0.0193739
20 13 0.0195497
20 14 0.0151996
20 15 0.00670031
20 16 -0.00125255
20 17 -0.00879165
20 18 -0.0158927
20 19 -0.0188857
20 20 -0.0194467
20 21 -0.0180999
20 22 -0.0124572
20 23 -0.00578474
20 24 0.00162461
20 25 0.0100753
20 26 0.0158019
20 27 0.0203635
20 28 0.0226954
20 29 0.021472
20 30 0.019405
20 31 0.0144488
20 32 0.00862379
20 33 0.00261183
20 34 -0.00443768
20 35 -0.00975647
20 36 -0.0152099
20 37 -0.0188033
20 38 -0.0211246
20 39 -0.0224495
20 40 -0.0216778
20 41 -0.0207467
20 42 -0.0178721
20 43 -0.015216
20 44 -0.0114343
20 45 -0.00784971
20 46 -0.00410787
20 47 -0.000357105
20 48 0.00278786
20 49 0.00616693
20 50 0.00850196
20 51 0.0112416
20 52 0.012783
20 53 0.0148338
20 54 0.0157129
20 55 0.0171557
20 56 0.0175313
20 57 0.0184943
20 58 0.0184968
20 59 0.019095
20 60 0.0187962
20 61 0.019095
20 62 0.0184968
20 63 0.0184943
20 64 0.0175313
20 65 0.0171557
20 66 0.0157129
20 67 0.0148338
20 68 0.012783
20 69 0.0112416
20 70 0.00850196
20 71 0.00616693
20 72 0.00278786
20 73 -0.000357105
20 74 -0.00410787
20 75 -0.00784971
20 76 -0.0114343
20 77 -0.015216
20 78 -0.0178721
20 79 -0.0207467
20 80 -0.0216778
20 81 -0.0224495
20 82 -0.0211246
20 83 -0.0188033
20 84 -0.0152099
20 85 -0.00975647
20 86 -0.00443768
20 87 0.00261183
20 88 0.00862379
20 89 0.0144488
20 90 0.019405
20 91 0.021472
20 92 0.0226955
20 93 0.0203635
20 94 0.015802
20 95 0.0100758
20 96 0.0016263
20 97 -0.00577915
20 98 -0.0124404
20 99 -0.0180542
20 100 -0.0193355
20 101 -0.0186459
20 102 -0.0154426
20 103 -0.00807892
20 104 -0.000361893
20 105 0.00741199
20 106 0.0150723
20 107 0.0178909
20 108 0.0160791
20 109 0.0125112
20 110 0.00648
20 111 -0.000485891
20 112 -0.00563562
20 113 -0.0104424
20 114 -0.0147725
20 115 -0.014558
20 116 -0.00982774
20 117 -0.00470906
