0 0 0
0 1 0
0 2 0
0 3 0
0 4 0
0 5 0
0 6 0
0 7 0
0 8 0
0 9 0
0 10 0
0 11 0
0 12 0
0 13 0
0 14 0
0 15 0
0 16 0
0 17 0
0 18 0
0 19 0
0 20 0
0 21 0
0 22 0
0 23 0
0 24 0
0 25 0
0 26 0
0 27 0
0 28 0
0 29 0
0 30 0
0 31 0
0 32 0
0 33 0
0 34 0
0 35 0
0 36 0
0 37 0
0 38 0
0 39 0
0 40 0
0 41 0
0 42 0
0 43 0
0 44 0
0 45 0
0 46 0
0 47 0
0 48 0
0 49 0
0 50 0
0 51 0
0 52 0
0 53 0
0 54 0
0 55 0
0 56 0
0 57 0
0 58 0
0 59 0
0 60 0
0 61 0
0 62 0
0 63 0
0 64 0
0 65 0
0 66 0
0 67 0
0 68 0
0 69 0
0 70 0
0 71 0
0 72 0
0 73 0
0 74 0
0 75 0
0 76 0
0 77 0
0 78 0
0 79 0
0 80 0
0 81 0
0 82 0
0 83 0
0 84 0
0 85 0
0 86 0
0 87 0
0 88 0
0 89 0
0 90 0
0 91 0
0 92 0
0 93 0
0 94 0
0 95 0
0 96 0
0 97 0
0 98 0
0 99 0
0 100 0
0 101 0
0 102 0
0 103 0
0 104 0
0 105 0
0 106 0
0 107 0
0 108 0
0 109 0
0 110 0
0 111 0
0 112 0
0 113 0
0 114 0
0 115 0
0 116 0
0 117 0
0 118 0
0 119 0

1 0 0
1 1 0.0231399
1 2 0.0207932
1 3 0.0149092
1 4 0.00708365
1 5 -0.00173385
1 6 -0.0093664
1 7 -0.0145387
1 8 -0.0164295
1 9 -0.0148297
1 10 -0.0109952
1 11 -0.00510862
1 12 0.00124123
1 13 0.00756274
1 14 0.0125241
1 15 0.0152736
1 16 0.016247
1 17 0.0149318
1 18 0.0124354
1 19 0.00817457
1 20 0.00322712
1 21 -0.001918
1 22 -0.0070464
1 23 -0.0117639
1 24 -0.0162164
1 25 -0.0195339
1 26 -0.0217746
1 27 -0.0226453
1 28 -0.0225903
1 29 -0.0206016
1 30 -0.0176533
1 31 -0.0134992
1 32 -0.00885304
1 33 -0.00386814
1 34 0.00145465
1 35 0.00614106
1 36 0.0106244
1 37 0.0146021
1 38 0.0181048
1 39 0.0204662
1 40 0.0225641
1 41 0.0233666
1 42 0.0235994
1 43 0.0225867
1 44 0.0211558
1 45 0.0190084
1 46 0.0167405
1 47 0.0144058
1 48 0.0127176
1 49 0.0110325
1 50 0.00985371
1 51 0.00910463
1 52 0.0081307
1 53 0.00689848
1 54 0.00565691
1 55 0.00395417
1 56 0.00199814
1 57 0.00056683
1 58 -0.000697291
1 59 -0.00137959
1 60 -0.0011218
1 61 -0.000274918
1 62 0.000729143
1 63 0.00228202
1 64 0.00356553
1 65 0.0044353
1 66 0.00528133
1 67 0.00594955
1 68 0.00639123
1 69 0.00738702
1 70 0.00891279
1 71 0.0106179
1 72 0.0130298
1 73 0.0156027
1 74 0.0181564
1 75 0.0202565
1 76 0.0220735
1 77 0.0229032
1 78 0.0233059
1 79 0.022602
1 80 0.0217389
1 81 0.0197702
1 82 0.017333
1 83 0.0141904
1 84 0.0106991
1 85 0.00609152
1 86 0.00150338
1 87 -0.00346986
1 88 -0.00839899
1 89 -0.0129407
1 90 -0.0169766
1 91 -0.0197348
1 92 -0.02184
1 93 -0.022771
1 94 -0.0225301
1 95 -0.0206774
1 96 -0.0180069
1 97 -0.0137987
1 98 -0.00866563
1 99 -0.00230762
1 100 0.00429129
1 101 0.0102062
1 102 0.0154019
1 103 0.0183966
1 104 0.0192463
1 105 0.0167806
1 106 0.0118566
1 107 0.00516146
1 108 -0.00232283
1 109 -0.0091911
1 110 -0.0146716
1 111 -0.0171251
1 112 -0.0163674
1 113 -0.0122621
1 114 -0.00578601
1 115 0.00194817
1 116 0.00991604
1 117 0.0165547
1 118 0.0208485
1 119 0

2 0 0
2 1 0.0207932
2 2 0.0170397
2 3 0.00994284
2 4 0.00213921
2 5 -0.00640026
2 6 -0.0126992
2 7 -0.0159285
2 8 -0.0160416
2 9 -0.0125266
2 10 -0.0078608
2 11 -0.00150751
2 12 0.00461581
2 13 0.00983199
2 14 0.0135359
2 15 0.0144724
2 16 0.0140048
2 17 0.0114528
2 18 0.00781067
2 19 0.00285578
2 20 -0.00244332
2 21 -0.00740652
2 22 -0.0120587
2 23 -0.0158355
2 24 -0.0189384
2 25 -0.0200093
2 26 -0.0197709
2 27 -0.0180278
2 28 -0.0152627
2 29 -0.0111812
2 30 -0.0068064
2 31 -0.0024608
2 32 0.00172462
2 33 0.00521753
2 34 0.00882092
2 35 0.0111672
2 36 0.0135448
2 37 0.0158615
2 38 0.0178327
2 39 0.0191075
2 40 0.0205216
2 41 0.0205017
2 42 0.0193892
2 43 0.0175172
2 44 0.0145779
2 45 0.0110857
2 46 0.00753873
2 47 0.00461322
2 48 0.00237002
2 49 0.00118869
2 50 0.000574696
2 51 0.000862743
2 52 0.000560301
2 53 8.35032e-05
2 54 -0.0010561
2 55 -0.00281899
2 56 -0.00543127
2 57 -0.00726802
2 58 -0.00908078
2 59 -0.00980224
2 60 -0.00940159
2 61 -0.00791236
2 62 -0.00640703
2 63 -0.00413181
2 64 -0.00271981
2 65 -0.00193222
2 66 -0.00182312
2 67 -0.00187247
2 68 -0.00252359
2 69 -0.00222292
2 70 -0.00135374
2 71 0.000679939
2 72 0.00341795
2 73 0.00694965
2 74 0.0104753
2 75 0.0136964
2 76 0.0159244
2 77 0.0177047
2 78 0.0184782
2 79 0.0181497
2 80 0.0180295
2 81 0.017487
2 82 0.0166086
2 83 0.0157814
2 84 0.0148894
2 85 0.0125858
2 86 0.0101614
2 87 0.0065664
2 88 0.00245643
2 89 -0.00243909
2 90 -0.00744618
2 91 -0.0119855
2 92 -0.0158249
2 93 -0.0187884
2 94 -0.0205242
2 95 -0.0202952
2 96 -0.0191172
2 97 -0.0163712
2 98 -0.0126896
2 99 -0.00735544
2 100 -0.00158414
2 101 0.00426076
2 102 0.00960132
2 103 0.0135365
2 104 0.016136
2 105 0.0154507
2 106 0.0127662
2 107 0.00768678
2 108 0.00152523
2 109 -0.00466521
2 110 -0.010787
2 111 -0.0144039
2 112 -0.0157917
2 113 -0.0137132
2 114 -0.00899785
2 115 -0.00277138
2 116 0.00472135
2 117 0.0112593
2 118 0.0166714
2 119 0

3 0 0
3 1 0.0149092
3 2 0.00994284
3 3 0.00290586
3 4 -0.00373026
3 5 -0.0103318
3 6 -0.0138029
3 7 -0.0143921
3 8 -0.0119788
3 9 -0.00718972
3 10 -0.0023836
3 11 0.0032203
3 12 0.0071941
3 13 0.0104433
3 14 0.0112505
3 15 0.0102423
3 16 0.00835424
3 17 0.00477949
3 18 0.00140282
3 19 -0.00365426
3 20 -0.00765536
3 21 -0.0114408
3 22 -0.0142216
3 23 -0.0160864
3 24 -0.016664
3 25 -0.0151569
3 26 -0.0124965
3 27 -0.00807923
3 28 -0.00407062
3 29 0.00202291
3 30 0.00620863
3 31 0.0100785
3 32 0.0124619
3 33 0.0135086
3 34 0.0137404
3 35 0.0130826
3 36 0.0125061
3 37 0.0120348
3 38 0.0125105
3 39 0.0117431
3 40 0.0125454
3 41 0.0114299
3 42 0.010054
3 43 0.00678264
3 44 0.00360518
3 45 -0.00121133
3 46 -0.00482488
3 47 -0.00832957
3 48 -0.00985393
3 49 -0.0107108
3 50 -0.00994223
3 51 -0.00865727
3 52 -0.00740819
3 53 -0.007198
3 54 -0.00764059
3 55 -0.00935739
3 56 -0.0119268
3 57 -0.0141666
3 58 -0.0160982
3 59 -0.016932
3 60 -0.0162188
3 61 -0.0143944
3 62 -0.0123177
3 63 -0.00987004
3 64 -0.00838552
3 65 -0.00810323
3 66 -0.00863471
3 67 -0.0100978
3 68 -0.0117989
3 69 -0.0128359
3 70 -0.0124724
3 71 -0.0112493
3 72 -0.00826347
3 73 -0.0049333
3 74 -0.000567667
3 75 0.00242687
3 76 0.00544994
3 77 0.00685041
3 78 0.00807851
3 79 0.00761661
3 80 0.00899857
3 81 0.00924794
3 82 0.0108961
3 83 0.0125584
3 84 0.0148617
3 85 0.0159127
3 86 0.0166792
3 87 0.0154602
3 88 0.0130749
3 89 0.0095237
3 90 0.00400779
3 91 -0.000267101
3 92 -0.00544975
3 93 -0.00941586
3 94 -0.0130505
3 95 -0.0145532
3 96 -0.0155882
3 97 -0.0149607
3 98 -0.0137141
3 99 -0.0110164
3 100 -0.00690923
3 101 -0.00330424
3 102 0.00152017
3 103 0.00515048
3 104 0.00911123
3 105 0.0108204
3 106 0.0108372
3 107 0.00909986
3 108 0.00541639
3 109 0.00136561
3 110 -0.00432761
3 111 -0.00862983
3 112 -0.0120261
3 113 -0.0126255
3 114 -0.0105578
3 115 -0.00713762
3 116 -0.00141396
3 117 0.0038566
3 118 0.00948279
3 119 0

4 0 0
4 1 0.00708365
4 2 0.00213921
4 3 -0.00373026
4 4 -0.00822122
4 5 -0.0121087
4 6 -0.0127056
4 7 -0.0105923
4 8 -0.00645337
4 9 -0.000931787
4 10 0.00335106
4 11 0.00724006
4 12 0.00910424
4 13 0.00926909
4 14 0.00758673
4 15 0.00431769
4 16 0.00102994
4 17 -0.0024496
4 18 -0.00568157
4 19 -0.00883771
4 20 -0.0110532
4 21 -0.0124254
4 22 -0.0127542
4 23 -0.01255
4 24 -0.0107704
4 25 -0.00722624
4 26 -0.00252682
4 27 0.00308995
4 28 0.008608
4 29 0.0143395
4 30 0.018172
4 31 0.0200823
4 32 0.0199239
4 33 0.0179996
4 34 0.0146493
4 35 0.0105512
4 36 0.00665505
4 37 0.00399354
4 38 0.00203485
4 39 0.00068378
4 40 0.000459681
4 41 -0.000673871
4 42 -0.00269524
4 43 -0.00536059
4 44 -0.00900114
4 45 -0.013503
4 46 -0.0171232
4 47 -0.0199064
4 48 -0.0209861
4 49 -0.0204162
4 50 -0.0183169
4 51 -0.0156363
4 52 -0.0130608
4 53 -0.0116281
4 54 -0.011271
4 55 -0.0126276
4 56 -0.0149408
4 57 -0.0173334
4 58 -0.0191618
4 59 -0.0200209
4 60 -0.0190227
4 61 -0.0170623
4 62 -0.0145602
4 63 -0.0121595
4 64 -0.0107611
4 65 -0.0111146
4 66 -0.0126128
4 67 -0.0153087
4 68 -0.0182001
4 69 -0.0205793
4 70 -0.0215333
4 71 -0.020913
4 72 -0.0186909
4 73 -0.0156973
4 74 -0.0118946
4 75 -0.00898472
4 76 -0.00705652
4 77 -0.00574113
4 78 -0.00521434
4 79 -0.00547894
4 80 -0.00438256
4 81 -0.00246887
4 82 0.000515006
4 83 0.0050036
4 84 0.0101426
4 85 0.0147877
4 86 0.0184233
4 87 0.0204175
4 88 0.0205698
4 89 0.018682
4 90 0.0147784
4 91 0.0106772
4 92 0.00594784
4 93 0.00150657
4 94 -0.00262575
4 95 -0.00561551
4 96 -0.00790288
4 97 -0.00996047
4 98 -0.0114708
4 99 -0.0118942
4 100 -0.011184
4 101 -0.00965605
4 102 -0.00699152
4 103 -0.00362474
4 104 0.000981511
4 105 0.00464223
4 106 0.00755303
4 107 0.00885805
4 108 0.00835423
4 109 0.00669969
4 110 0.00248817
4 111 -0.00186449
4 112 -0.00646117
4 113 -0.00935082
4 114 -0.0100807
4 115 -0.00957039
4 116 -0.00664477
4 117 -0.00331177
4 118 0.00132778
4 119 0

5 0 0
5 1 -0.00173385
5 2 -0.00640026
5 3 -0.0103318
5 4 -0.0121087
5 5 -0.0123637
5 6 -0.009483
5 7 -0.0045456
5 8 0.00135571
5 9 0.00683596
5 10 0.00988923
5 11 0.0112209
5 12 0.00980453
5 13 0.00677858
5 14 0.00207708
5 15 -0.00288081
5 16 -0.00677173
5 17 -0.0098476
5 18 -0.0114349
5 19 -0.0126538
5 20 -0.0122067
5 21 -0.0110017
5 22 -0.00897444
5 23 -0.00655611
5 24 -0.00297251
5 25 0.00192379
5 26 0.00734127
5 27 0.0133909
5 28 0.0184353
5 29 0.0236048
5 30 0.0257702
5 31 0.0255722
5 32 0.0228175
5 33 0.0177758
5 34 0.0111749
5 35 0.00420219
5 36 -0.00204552
5 37 -0.00687792
5 38 -0.00969777
5 39 -0.0118467
5 40 -0.0119054
5 41 -0.0126801
5 42 -0.0138153
5 43 -0.0161112
5 44 -0.0187764
5 45 -0.02269
5 46 -0.0253701
5 47 -0.0273317
5 48 -0.0272654
5 49 -0.0255635
5 50 -0.0220888
5 51 -0.0181354
5 52 -0.0142556
5 53 -0.0117429
5 54 -0.0107441
5 55 -0.0115176
5 56 -0.0135308
5 57 -0.0158021
5 58 -0.0176328
5 59 -0.0182526
5 60 -0.0172697
5 61 -0.0150724
5 62 -0.012475
5 63 -0.0101268
5 64 -0.00910272
5 65 -0.00984137
5 66 -0.0122274
5 67 -0.015977
5 68 -0.0199865
5 69 -0.0235266
5 70 -0.0255305
5 71 -0.0259249
5 72 -0.0245623
5 73 -0.0225218
5 74 -0.0195173
5 75 -0.0178037
5 76 -0.0166685
5 77 -0.0167145
5 78 -0.0171905
5 79 -0.0183501
5 80 -0.0172662
5 81 -0.0153989
5 82 -0.0110864
5 83 -0.00516063
5 84 0.00219025
5 85 0.00941798
5 86 0.0159362
5 87 0.0203826
5 88 0.0230377
5 89 0.0233929
5 90 0.021122
5 91 0.0187805
5 92 0.0151658
5 93 0.0117011
5 94 0.00778636
5 95 0.00452756
5 96 0.00102785
5 97 -0.00266589
5 98 -0.0068054
5 99 -0.0104244
5 100 -0.0128664
5 101 -0.014685
5 102 -0.0143658
5 103 -0.0125322
5 104 -0.00798966
5 105 -0.00272237
5 106 0.00281381
5 107 0.00763517
5 108 0.0107299
5 109 0.0121291
5 110 0.0100323
5 111 0.006215
5 112 0.000707218
5 113 -0.00432851
5 114 -0.00805856
5 115 -0.0107965
5 116 -0.0110666
5 117 -0.0101834
5 118 -0.00696028
5 119 0

6 0 0
6 1 -0.0093664
6 2 -0.0126992
6 3 -0.0138029
6 4 -0.0127056
6 5 -0.009483
6 6 -0.00390349
6 7 0.00272538
6 8 0.00930886
6 9 0.013623
6 10 0.0149689
6 11 0.0133137
6 12 0.00890028
6 13 0.00292548
6 14 -0.00406335
6 15 -0.00987146
6 16 -0.0138793
6 17 -0.0153876
6 18 -0.0152475
6 19 -0.0136029
6 20 -0.0106257
6 21 -0.00718772
6 22 -0.00323744
6 23 2.47105e-06
6 24 0.00446295
6 25 0.00903287
6 26 0.014116
6 27 0.0190424
6 28 0.0232023
6 29 0.0265023
6 30 0.0270798
6 31 0.0249096
6 32 0.0199035
6 33 0.0131327
6 34 0.00417565
6 35 -0.00410968
6 36 -0.0117069
6 37 -0.0168958
6 38 -0.0201327
6 39 -0.0212177
6 40 -0.0208575
6 41 -0.0202104
6 42 -0.0201274
6 43 -0.0208563
6 44 -0.0224167
6 45 -0.025008
6 46 -0.0265855
6 47 -0.02752
6 48 -0.0264294
6 49 -0.0237819
6 50 -0.019188
6 51 -0.0146343
6 52 -0.00972349
6 53 -0.00668231
6 54 -0.00499857
6 55 -0.00565513
6 56 -0.00705411
6 57 -0.00954315
6 58 -0.0109651
6 59 -0.0117345
6 60 -0.0104746
6 61 -0.008565
6 62 -0.00560072
6 63 -0.00373853
6 64 -0.00264643
6 65 -0.00392632
6 66 -0.00661138
6 67 -0.0112334
6 68 -0.015571
6 69 -0.0200705
6 70 -0.0227232
6 71 -0.024011
6 72 -0.0233934
6 73 -0.0224011
6 74 -0.0205145
6 75 -0.0199884
6 76 -0.0203736
6 77 -0.0219172
6 78 -0.0240073
6 79 -0.0260969
6 80 -0.0265607
6 81 -0.0249981
6 82 -0.0210903
6 83 -0.0146433
6 84 -0.00690434
6 85 0.00193986
6 86 0.00932154
6 87 0.0156214
6 88 0.0197342
6 89 0.02185
6 90 0.021552
6 91 0.0209259
6 92 0.0192629
6 93 0.0174629
6 94 0.0152588
6 95 0.0125268
6 96 0.00967483
6 97 0.00496066
6 98 -0.000499006
6 99 -0.00672054
6 100 -0.0121984
6 101 -0.0168781
6 102 -0.019457
6 103 -0.01923
6 104 -0.0157317
6 105 -0.00958572
6 106 -0.00248289
6 107 0.00507531
6 108 0.0111776
6 109 0.0153325
6 110 0.0158719
6 111 0.0131318
6 112 0.00809399
6 113 0.00193456
6 114 -0.00370524
6 115 -0.00885651
6 116 -0.0122679
6 117 -0.0139034
6 118 -0.0130436
6 119 0

7 0 0
7 1 -0.0145387
7 2 -0.0159285
7 3 -0.0143921
7 4 -0.0105923
7 5 -0.0045456
7 6 0.00272538
7 7 0.0103138
7 8 0.01629
7 9 0.0189996
7 10 0.0180782
7 11 0.0134213
7 12 0.00653991
7 13 -0.00199234
7 14 -0.010012
7 15 -0.0160738
7 16 -0.0191718
7 17 -0.0188029
7 18 -0.0166192
7 19 -0.0121895
7 20 -0.00720318
7 21 -0.00195453
7 22 0.00257867
7 23 0.00609282
7 24 0.00965972
7 25 0.0129993
7 26 0.0163562
7 27 0.0192408
7 28 0.0220262
7 29 0.0230608
7 30 0.0224245
7 31 0.0186802
7 32 0.0128695
7 33 0.00518042
7 34 -0.00387863
7 35 -0.0123137
7 36 -0.0193505
7 37 -0.0238662
7 38 -0.0261464
7 39 -0.0255495
7 40 -0.0238679
7 41 -0.0213261
7 42 -0.0198253
7 43 -0.0186188
7 44 -0.0190469
7 45 -0.0199296
7 46 -0.0207777
7 47 -0.0204878
7 48 -0.0191898
7 49 -0.0156776
7 50 -0.0110306
7 51 -0.00603926
7 52 -0.00130186
7 53 0.00224662
7 54 0.00371456
7 55 0.00346265
7 56 0.00201314
7 57 -0.000199049
7 58 -0.00176633
7 59 -0.00219271
7 60 -0.00128636
7 61 0.000753204
7 62 0.00345741
7 63 0.00537306
7 64 0.00612559
7 65 0.00510592
7 66 0.00204478
7 67 -0.00229682
7 68 -0.00686388
7 69 -0.0112323
7 70 -0.0144669
7 71 -0.0156994
7 72 -0.0159733
7 73 -0.0153896
7 74 -0.014882
7 75 -0.0151589
7 76 -0.0172382
7 77 -0.0199419
7 78 -0.0238823
7 79 -0.0272065
7 80 -0.0296101
7 81 -0.0291809
7 82 -0.026566
7 83 -0.0211634
7 84 -0.0142179
7 85 -0.00601414
7 86 0.00119354
7 87 0.00746388
7 88 0.0122144
7 89 0.0148833
7 90 0.0164285
7 91 0.0169707
7 92 0.0177064
7 93 0.0180494
7 94 0.0182113
7 95 0.0173408
7 96 0.0157618
7 97 0.0116255
7 98 0.00564584
7 99 -0.00177594
7 100 -0.00969467
7 101 -0.0164376
7 102 -0.0217935
7 103 -0.0234142
7 104 -0.0213983
7 105 -0.0156169
7 106 -0.0075342
7 107 0.00143851
7 108 0.0100824
7 109 0.016446
7 110 0.0195483
7 111 0.0184735
7 112 0.0143584
7 113 0.00825219
7 114 0.00148804
7 115 -0.00501105
7 116 -0.0107664
7 117 -0.0145248
7 118 -0.0158764
7 119 0

8 0 0
8 1 -0.0164295
8 2 -0.0160416
8 3 -0.0119788
8 4 -0.00645337
8 5 0.00135571
8 6 0.00930886
8 7 0.01629
8 8 0.0211878
8 9 0.0213675
8 10 0.0183096
8 11 0.0111732
8 12 0.00215405
8 13 -0.0072257
8 14 -0.0157306
8 15 -0.020376
8 16 -0.0217903
8 17 -0.0191029
8 18 -0.014353
8 19 -0.00797229
8 20 -0.00137592
8 21 0.00409974
8 22 0.00829874
8 23 0.0103447
8 24 0.0122511
8 25 0.012868
8 26 0.013578
8 27 0.0140005
8 28 0.0143409
8 29 0.0139107
8 30 0.0120117
8 31 0.00828452
8 32 0.00263533
8 33 -0.00386223
8 34 -0.0119934
8 35 -0.0183384
8 36 -0.023479
8 37 -0.0260752
8 38 -0.0261523
8 39 -0.023563
8 40 -0.0201498
8 41 -0.0158784
8 42 -0.0122552
8 43 -0.010015
8 44 -0.00885269
8 45 -0.00888733
8 46 -0.00870492
8 47 -0.00832926
8 48 -0.00651353
8 49 -0.00359392
8 50 0.000904209
8 51 0.00499791
8 52 0.00956351
8 53 0.0123566
8 54 0.0137009
8 55 0.0130447
8 56 0.0119484
8 57 0.00944518
8 58 0.00817677
8 59 0.00753765
8 60 0.00850231
8 61 0.0101035
8 62 0.0129535
8 63 0.0144152
8 64 0.0154632
8 65 0.0145304
8 66 0.0121841
8 67 0.00806824
8 68 0.00446212
8 69 0.000412381
8 70 -0.00202861
8 71 -0.00347811
8 72 -0.00347727
8 73 -0.00349962
8 74 -0.00332571
8 75 -0.00468847
8 76 -0.00718382
8 77 -0.0115161
8 78 -0.0165711
8 79 -0.0212809
8 80 -0.0252224
8 81 -0.0269573
8 82 -0.0261483
8 83 -0.0230412
8 84 -0.0185573
8 85 -0.0121525
8 86 -0.00702292
8 87 -0.00212832
8 88 0.0013539
8 89 0.00403831
8 90 0.00577664
8 91 0.00791168
8 92 0.0102757
8 93 0.0131923
8 94 0.0160766
8 95 0.017703
8 96 0.0185348
8 97 0.016201
8 98 0.0115471
8 99 0.0039558
8 100 -0.00447925
8 101 -0.0131327
8 102 -0.0202843
8 103 -0.0241149
8 104 -0.0242688
8 105 -0.0194208
8 106 -0.0121581
8 107 -0.00253249
8 108 0.00694356
8 109 0.0147385
8 110 0.0198622
8 111 0.0204186
8 112 0.0181189
8 113 0.0129284
8 114 0.00663916
8 115 5.21352e-07
8 116 -0.00677408
8 117 -0.0118542
8 118 -0.0151996
8 119 0

9 0 0
9 1 -0.0148297
9 2 -0.0125266
9 3 -0.00718972
9 4 -0.000931787
9 5 0.00683596
9 6 0.013623
9 7 0.0189996
9 8 0.0213675
9 9 0.0194674
9 10 0.0146675
9 11 0.00628572
9 12 -0.00263204
9 13 -0.011863
9 14 -0.0185218
9 15 -0.0213208
9 16 -0.0205275
9 17 -0.0154683
9 18 -0.00929267
9 19 -0.00125741
9 20 0.00540374
9 21 0.0103553
9 22 0.0126705
9 23 0.0125371
9 24 0.0111922
9 25 0.00868734
9 26 0.00633616
9 27 0.00383698
9 28 0.00295633
9 29 0.000657379
9 30 -0.000967162
9 31 -0.0041911
9 32 -0.0080265
9 33 -0.0124381
9 34 -0.0173621
9 35 -0.0209619
9 36 -0.0230559
9 37 -0.022775
9 38 -0.0207935
9 39 -0.0156405
9 40 -0.010847
9 41 -0.00489118
9 42 -0.000578194
9 43 0.00328854
9 44 0.00471095
9 45 0.00581669
9 46 0.0057751
9 47 0.00656696
9 48 0.0073363
9 49 0.00993614
9 50 0.0129893
9 51 0.0162101
9 52 0.0191797
9 53 0.021428
9 54 0.0218136
9 55 0.0211027
9 56 0.0196603
9 57 0.0174077
9 58 0.0159684
9 59 0.0155601
9 60 0.016055
9 61 0.0175739
9 62 0.0199661
9 63 0.0215265
9 64 0.022474
9 65 0.0222852
9 66 0.0204071
9 67 0.0177438
9 68 0.0150459
9 69 0.0124178
9 70 0.0104806
9 71 0.0102288
9 72 0.0101756
9 73 0.01075
9 74 0.0103291
9 75 0.00931792
9 76 0.00588446
9 77 0.00167488
9 78 -0.00433834
9 79 -0.00953097
9 80 -0.0154463
9 81 -0.0184557
9 82 -0.0202888
9 83 -0.0198086
9 84 -0.0183897
9 85 -0.0153697
9 86 -0.0132893
9 87 -0.0110924
9 88 -0.00960199
9 89 -0.00866539
9 90 -0.00670698
9 91 -0.00502887
9 92 -0.00100618
9 93 0.00366846
9 94 0.00932664
9 95 0.0138399
9 96 0.0176588
9 97 0.0180412
9 98 0.01561
9 99 0.00970509
9 100 0.00144863
9 101 -0.006762
9 102 -0.0152283
9 103 -0.0202495
9 104 -0.0225108
9 105 -0.0199283
9 106 -0.0142314
9 107 -0.00640053
9 108 0.00251264
9 109 0.0099665
9 110 0.0159869
9 111 0.0180292
9 112 0.0176042
9 113 0.0145227
9 114 0.00988492
9 115 0.00479595
9 116 -0.00142714
9 117 -0.00658996
9 118 -0.0110161
9 119 0

10 0 0
10 1 -0.0109952
10 2 -0.0078608
10 3 -0.0023836
10 4 0.00335106
10 5 0.00988923
10 6 0.0149689
10 7 0.0180782
10 8 0.0183096
10 9 0.0146675
10 10 0.00889243
10 11 0.00063891
10 12 -0.00768816
10 13 -0.0149818
10 14 -0.0194705
10 15 -0.019501
10 16 -0.0160802
10 17 -0.00942415
10 18 -0.00166511
10 19 0.00620297
10 20 0.0122781
10 21 0.0152534
10 22 0.0150086
10 23 0.0121125
10 24 0.00761247
10 25 0.00210402
10 26 -0.00320822
10 27 -0.0074988
10 28 -0.0101871
10 29 -0.0124251
10 30 -0.0137566
10 31 -0.014979
10 32 -0.0162635
10 33 -0.0175452
10 34 -0.0189453
10 35 -0.0189474
10 36 -0.0175774
10 37 -0.014927
10 38 -0.0103266
10 39 -0.00414431
10 40 0.00185138
10 41 0.00806076
10 42 0.0132502
10 43 0.0166742
10 44 0.0185885
10 45 0.019385
10 46 0.0193442
10 47 0.0192582
10 48 0.0194385
10 49 0.0204364
10 50 0.0220208
10 51 0.0235114
10 52 0.0250865
10 53 0.0259943
10 54 0.0255612
10 55 0.0244528
10 56 0.0229613
10 57 0.0208256
10 58 0.0194435
10 59 0.0190532
10 60 0.0192553
10 61 0.0204606
10 62 0.022448
10 63 0.0238262
10 64 0.0248804
10 65 0.0253188
10 66 0.0245087
10 67 0.0231148
10 68 0.0219304
10 69 0.0207536
10 70 0.0203124
10 71 0.0207914
10 72 0.0216885
10 73 0.0226143
10 74 0.0228194
10 75 0.0219086
10 76 0.0195171
10 77 0.0152424
10 78 0.00983466
10 79 0.00436918
10 80 -0.00157247
10 81 -0.00634903
10 82 -0.00962501
10 83 -0.0121055
10 84 -0.0137297
10 85 -0.0143538
10 86 -0.0155075
10 87 -0.0167672
10 88 -0.0181905
10 89 -0.0191585
10 90 -0.0188621
10 91 -0.0172973
10 92 -0.0133299
10 93 -0.00727235
10 94 -2.46886e-05
10 95 0.00708611
10 96 0.0133371
10 97 0.0170977
10 98 0.0176643
10 99 0.0142799
10 100 0.00819555
10 101 0.000576254
10 102 -0.0074396
10 103 -0.013763
10 104 -0.0177875
10 105 -0.0176029
10 106 -0.0145145
10 107 -0.00896595
10 108 -0.00222311
10 109 0.00399419
10 110 0.00955707
10 111 0.0124174
10 112 0.0134977
10 113 0.0126122
10 114 0.0104171
10 115 0.00763508
10 116 0.00343387
10 117 -0.000767014
10 118 -0.00512467
10 119 0

11 0 0
11 1 -0.00510862
11 2 -0.00150751
11 3 0.0032203
11 4 0.00724006
11 5 0.0112209
11 6 0.0133137
11 7 0.0134213
11 8 0.0111732
11 9 0.00628572
11 10 0.00063891
11 11 -0.00624034
11 12 -0.0120541
11 13 -0.0164034
11 14 -0.0175171
11 15 -0.0146195
11 16 -0.00914108
11 17 -0.00122702
11 18 0.00649303
11 19 0.013673
11 20 0.0179151
11 21 0.0184275
11 22 0.0153362
11 23 0.00958353
11 24 0.00228512
11 25 -0.005699
11 26 -0.0127502
11 27 -0.0183275
11 28 -0.0210336
11 29 -0.0230215
11 30 -0.0227908
11 31 -0.021698
11 32 -0.0200038
11 33 -0.0179074
11 34 -0.0156089
11 35 -0.0123161
11 36 -0.00824626
11 37 -0.00332892
11 38 0.00223961
11 39 0.00909463
11 40 0.0147063
11 41 0.0204104
11 42 0.0246278
11 43 0.0276147
11 44 0.0286223
11 45 0.0290152
11 46 0.028097
11 47 0.0272857
11 48 0.026157
11 49 0.0257677
11 50 0.0255028
11 51 0.0253387
11 52 0.0251686
11 53 0.0248367
11 54 0.0236355
11 55 0.022252
11 56 0.0207716
11 57 0.0189241
11 58 0.0177654
11 59 0.0173701
11 60 0.0173543
11 61 0.0181018
11 62 0.0195801
11 63 0.0206928
11 64 0.0217975
11 65 0.0227299
11 66 0.0229363
11 67 0.0230077
11 68 0.0232774
11 69 0.0236987
11 70 0.0245081
11 71 0.0261324
11 72 0.0277434
11 73 0.0295488
11 74 0.0303437
11 75 0.0305927
11 76 0.0290848
11 77 0.0263481
11 78 0.0221711
11 79 0.0179662
11 80 0.0122923
11 81 0.00762669
11 82 0.00306266
11 83 -0.00107157
11 84 -0.00525581
11 85 -0.00890043
11 86 -0.0132651
11 87 -0.0175326
11 88 -0.0219097
11 89 -0.0253637
11 90 -0.0267584
11 91 -0.0268721
11 92 -0.0235088
11 93 -0.017675
11 94 -0.00962352
11 95 -0.001166
11 96 0.00724125
11 97 0.0136369
11 98 0.0173921
11 99 0.0171268
11 100 0.0136959
11 101 0.00841295
11 102 0.0014739
11 103 -0.00469343
11 104 -0.0101257
11 105 -0.0123994
11 106 -0.0124555
11 107 -0.0105186
11 108 -0.00714199
11 109 -0.00365005
11 110 0.000504556
11 111 0.00343177
11 112 0.00600137
11 113 0.00762476
11 114 0.00863689
11 115 0.00920402
11 116 0.00798332
11 117 0.00583356
11 118 0.00214248
11 119 0

12 0 0
12 1 0.00124123
12 2 0.00461581
12 3 0.0071941
12 4 0.00910424
12 5 0.00980453
12 6 0.00890028
12 7 0.00653991
12 8 0.00215405
12 9 -0.00263204
12 10 -0.00768816
12 11 -0.0120541
12 12 -0.0149251
12 13 -0.0160612
12 14 -0.0136701
12 15 -0.00870401
12 16 -0.00142967
12 17 0.00627236
12 18 0.0134708
12 19 0.0187705
12 20 0.0208275
12 21 0.0190024
12 22 0.0133182
12 23 0.00613341
12 24 -0.00313704
12 25 -0.01164
12 26 -0.0194128
12 27 -0.0245338
12 28 -0.0267321
12 29 -0.0273407
12 30 -0.0254787
12 31 -0.0221892
12 32 -0.0176985
12 33 -0.0133478
12 34 -0.00780604
12 35 -0.00275083
12 36 0.00318357
12 37 0.00839725
12 38 0.0141153
12 39 0.0194461
12 40 0.0239666
12 41 0.0275742
12 42 0.0301297
12 43 0.0314146
12 44 0.0312911
12 45 0.0307685
12 46 0.0289796
12 47 0.0274272
12 48 0.0251176
12 49 0.0235866
12 50 0.0215595
12 51 0.0202417
12 52 0.0183289
12 53 0.01728
12 54 0.0153111
12 55 0.0142787
12 56 0.0126769
12 57 0.0117859
12 58 0.0106171
12 59 0.0106893
12 60 0.0100996
12 61 0.0107531
12 62 0.0111418
12 63 0.0122525
12 64 0.0128237
12 65 0.0143655
12 66 0.0150403
12 67 0.0166576
12 68 0.0177627
12 69 0.0197255
12 70 0.021307
12 71 0.0239071
12 72 0.0258875
12 73 0.0284425
12 74 0.0298621
12 75 0.0312958
12 76 0.0313899
12 77 0.030637
12 78 0.028758
12 79 0.0262922
12 80 0.0227127
12 81 0.0188422
12 82 0.0148891
12 83 0.00997122
12 84 0.00509619
12 85 -0.000872613
12 86 -0.00656621
12 87 -0.0132448
12 88 -0.0194099
12 89 -0.0249433
12 90 -0.0281029
12 91 -0.0300449
12 92 -0.028323
12 93 -0.0236017
12 94 -0.0166431
12 95 -0.00783737
12 96 0.000646815
12 97 0.00903401
12 98 0.0147385
12 99 0.0175349
12 100 0.0169021
12 101 0.0142262
12 102 0.00939656
12 103 0.00372319
12 104 -0.00183481
12 105 -0.00641682
12 106 -0.00882734
12 107 -0.0105874
12 108 -0.0107321
12 109 -0.0102434
12 110 -0.00858809
12 111 -0.00599187
12 112 -0.00316496
12 113 0.000621866
12 114 0.00441699
12 115 0.00825158
12 116 0.0106843
12 117 0.0109831
12 118 0.00916027
12 119 0

13 0 0
13 1 0.00756274
13 2 0.00983199
13 3 0.0104433
13 4 0.00926909
13 5 0.00677858
13 6 0.00292548
13 7 -0.00199234
13 8 -0.0072257
13 9 -0.011863
13 10 -0.0149818
13 11 -0.0164034
13 12 -0.0160612
13 13 -0.0135012
13 14 -0.00858535
13 15 -0.00165647
13 16 0.00600777
13 17 0.01294
13 18 0.0185388
13 19 0.0214792
13 20 0.0210983
13 21 0.0169323
13 22 0.0098543
13 23 0.00156646
13 24 -0.00739036
13 25 -0.0156513
13 26 -0.0221828
13 27 -0.0259583
13 28 -0.0269996
13 29 -0.0257983
13 30 -0.0224987
13 31 -0.0171909
13 32 -0.0111544
13 33 -0.00484307
13 34 0.0016978
13 35 0.00789629
13 36 0.0136762
13 37 0.018393
13 38 0.0225128
13 39 0.0256269
13 40 0.0274455
13 41 0.0282844
13 42 0.0286654
13 43 0.0277928
13 44 0.026455
13 45 0.0248301
13 46 0.0227064
13 47 0.0202994
13 48 0.0178825
13 49 0.0151455
13 50 0.0123592
13 51 0.00975625
13 52 0.00733098
13 53 0.00528039
13 54 0.00363085
13 55 0.00256387
13 56 0.00188661
13 57 0.00148123
13 58 0.00120852
13 59 0.00107075
13 60 0.000729543
13 61 0.00052202
13 62 0.000436089
13 63 0.000621787
13 64 0.00118161
13 65 0.00233532
13 66 0.00388332
13 67 0.00584622
13 68 0.00800847
13 69 0.0104456
13 70 0.0129068
13 71 0.0152131
13 72 0.0176551
13 73 0.0200648
13 74 0.0222001
13 75 0.0243736
13 76 0.0263616
13 77 0.0274439
13 78 0.0283381
13 79 0.0285228
13 80 0.0275623
13 81 0.0256512
13 82 0.023044
13 83 0.0190803
13 84 0.014254
13 85 0.00838723
13 86 0.00197494
13 87 -0.00516252
13 88 -0.0124897
13 89 -0.0188084
13 90 -0.0237313
13 91 -0.0269644
13 92 -0.0275326
13 93 -0.0250417
13 94 -0.0200021
13 95 -0.0130019
13 96 -0.00511279
13 97 0.00337461
13 98 0.0105906
13 99 0.0154712
13 100 0.0178205
13 101 0.0176956
13 102 0.0155583
13 103 0.011396
13 104 0.0061117
13 105 0.000767614
13 106 -0.00421031
13 107 -0.00876234
13 108 -0.0127564
13 109 -0.0156667
13 110 -0.0166152
13 111 -0.0155682
13 112 -0.0124276
13 113 -0.0074069
13 114 -0.000976219
13 115 0.00604374
13 116 0.01178
13 117 0.0150925
13 118 0.0150238
13 119 0

14 0 0
14 1 0.0125241
14 2 0.0135359
14 3 0.0112505
14 4 0.00758673
14 5 0.00207708
14 6 -0.00406335
14 7 -0.010012
14 8 -0.0157306
14 9 -0.0185218
14 10 -0.0194705
14 11 -0.0175171
14 12 -0.0136701
14 13 -0.00858535
14 14 -0.00137431
14 15 0.00551059
14 16 0.0124212
14 17 0.0169814
14 18 0.0198572
14 19 0.0199927
14 20 0.0171259
14 21 0.0118045
14 22 0.00408687
14 23 -0.00293397
14 24 -0.0108791
14 25 -0.0166
14 26 -0.0208927
14 27 -0.0223832
14 28 -0.0212694
14 29 -0.0186608
14 30 -0.0140491
14 31 -0.00821483
14 32 -0.00142313
14 33 0.00450567
14 34 0.0116572
14 35 0.016641
14 36 0.021351
14 37 0.0240181
14 38 0.0256159
14 39 0.0254415
14 40 0.0244201
14 41 0.022212
14 42 0.0197286
14 43 0.0173165
14 44 0.0146717
14 45 0.0128848
14 46 0.0104131
14 47 0.00858971
14 48 0.00584578
14 49 0.00344367
14 50 -3.39467e-05
14 51 -0.00241072
14 52 -0.00572018
14 53 -0.00738571
14 54 -0.00900492
14 55 -0.00890548
14 56 -0.00925577
14 57 -0.00812769
14 58 -0.00814131
14 59 -0.00757663
14 60 -0.00843553
14 61 -0.00872875
14 62 -0.0101822
14 63 -0.0101907
14 64 -0.0106849
14 65 -0.0095007
14 66 -0.00832056
14 67 -0.00551834
14 68 -0.00370633
14 69 -0.000759698
14 70 0.00105916
14 71 0.00335626
14 72 0.00470201
14 73 0.00698321
14 74 0.00858414
14 75 0.011512
14 76 0.0142466
14 77 0.0176917
14 78 0.0209066
14 79 0.0236608
14 80 0.0255517
14 81 0.0263134
14 82 0.0258313
14 83 0.0236311
14 84 0.0207363
14 85 0.0154519
14 86 0.0107115
14 87 0.00423862
14 88 -0.00207797
14 89 -0.00853653
14 90 -0.0136104
14 91 -0.01859
14 92 -0.0210091
14 93 -0.0214057
14 94 -0.0195693
14 95 -0.015115
14 96 -0.0100336
14 97 -0.00264282
14 98 0.00402847
14 99 0.0103851
14 100 0.0145961
14 101 0.0175772
14 102 0.0182839
14 103 0.0165797
14 104 0.0131398
14 105 0.00756441
14 106 0.00206406
14 107 -0.00500168
14 108 -0.0115969
14 109 -0.0175512
14 110 -0.0215177
14 111 -0.0220909
14 112 -0.0202132
14 113 -0.0147264
14 114 -0.00714754
14 115 0.00196657
14 116 0.0105952
14 117 0.016458
14 118 0.0188569
14 119 0

15 0 0
15 1 0.0152736
15 2 0.0144724
15 3 0.0102423
15 4 0.00431769
15 5 -0.00288081
15 6 -0.00987146
15 7 -0.0160738
15 8 -0.020376
15 9 -0.0213208
15 10 -0.019501
15 11 -0.0146195
15 12 -0.00870401
15 13 -0.00165647
15 14 0.00551059
15 15 0.0115326
15 16 0.0161628
15 17 0.0176302
15 18 0.0175238
15 19 0.0146093
15 20 0.00985148
15 21 0.00369287
15 22 -0.00292085
15 23 -0.00823826
15 24 -0.0126864
15 25 -0.0152252
15 26 -0.0159612
15 27 -0.0143894
15 28 -0.0118109
15 29 -0.00758969
15 30 -0.00295754
15 31 0.00285947
15 32 0.00852584
15 33 0.0137573
15 34 0.0189107
15 35 0.0224674
15 36 0.0247309
15 37 0.0248874
15 38 0.0235901
15 39 0.0201124
15 40 0.0160046
15 41 0.0108602
15 42 0.00671349
15 43 0.00249011
15 44 -0.000275101
15 45 -0.00223747
15 46 -0.00356787
15 47 -0.00509248
15 48 -0.00632006
15 49 -0.00866558
15 50 -0.0113764
15 51 -0.0139663
15 52 -0.0165013
15 53 -0.0183293
15 54 -0.0187395
15 55 -0.0182086
15 56 -0.0170681
15 57 -0.0152204
15 58 -0.0140246
15 59 -0.013629
15 60 -0.0140533
15 61 -0.0152837
15 62 -0.0172169
15 63 -0.0184597
15 64 -0.0191937
15 65 -0.0190104
15 66 -0.0175549
15 67 -0.0154144
15 68 -0.013396
15 69 -0.0112591
15 70 -0.00966897
15 71 -0.00915097
15 72 -0.00847844
15 73 -0.00786889
15 74 -0.00667399
15 75 -0.00442432
15 76 -0.00061039
15 77 0.00351169
15 78 0.00892084
15 79 0.0137715
15 80 0.0184359
15 81 0.0213751
15 82 0.0233457
15 83 0.0234494
15 84 0.0225957
15 85 0.019952
15 86 0.0172076
15 87 0.0132644
15 88 0.00867456
15 89 0.00401407
15 90 -0.00110383
15 91 -0.00594295
15 92 -0.0106501
15 93 -0.0138973
15 94 -0.0157012
15 95 -0.0153382
15 96 -0.0135636
15 97 -0.0089846
15 98 -0.00351874
15 99 0.00272939
15 100 0.0085738
15 101 0.0133336
15 102 0.0171936
15 103 0.0181117
15 104 0.0170995
15 105 0.0133449
15 106 0.00795326
15 107 0.000785896
15 108 -0.00760822
15 109 -0.0155221
15 110 -0.0218273
15 111 -0.0246953
15 112 -0.0241457
15 113 -0.019678
15 114 -0.0119878
15 115 -0.00214164
15 116 0.00788914
15 117 0.0156528
15 118 0.019733
15 119 0

16 0 0
16 1 0.016247
16 2 0.0140048
16 3 0.00835424
16 4 0.00102994
16 5 -0.00677173
16 6 -0.0138793
16 7 -0.0191718
16 8 -0.0217903
16 9 -0.0205275
16 10 -0.0160802
16 11 -0.00914108
16 12 -0.00142967
16 13 0.00600777
16 14 0.0124212
16 15 0.0161628
16 16 0.0173722
16 17 0.0152708
16 18 0.0114183
16 19 0.00596059
16 20 -0.00038124
16 21 -0.00603127
16 22 -0.0107764
16 23 -0.0128117
16 24 -0.0133734
16 25 -0.0118506
16 26 -0.00859306
16 27 -0.0044364
16 28 9.74053e-05
16 29 0.00458811
16 30 0.00890764
16 31 0.0131174
16 32 0.0169652
16 33 0.0198439
16 34 0.0228752
16 35 0.0239204
16 36 0.0235328
16 37 0.021338
16 38 0.0171629
16 39 0.0111941
16 40 0.00459931
16 41 -0.00224939
16 42 -0.00808442
16 43 -0.0124204
16 44 -0.015119
16 45 -0.0158728
16 46 -0.0161411
16 47 -0.0158861
16 48 -0.0159608
16 49 -0.0169648
16 50 -0.0190619
16 51 -0.0207757
16 52 -0.0230182
16 53 -0.0241224
16 54 -0.0237983
16 55 -0.0221521
16 56 -0.0201238
16 57 -0.0170699
16 58 -0.0152242
16 59 -0.0144283
16 60 -0.0149728
16 61 -0.0165832
16 62 -0.0194347
16 63 -0.0213099
16 64 -0.0228726
16 65 -0.0231967
16 66 -0.022204
16 67 -0.020188
16 68 -0.0188551
16 69 -0.017273
16 70 -0.0169712
16 71 -0.0177221
16 72 -0.0189932
16 73 -0.0198028
16 74 -0.0202686
16 75 -0.0187208
16 76 -0.0155597
16 77 -0.0106309
16 78 -0.00453142
16 79 0.0018176
16 80 0.00789872
16 81 0.0128781
16 82 0.0163716
16 83 0.0187746
16 84 0.0202035
16 85 0.020114
16 86 0.0203537
16 87 0.019541
16 88 0.0180454
16 89 0.0156357
16 90 0.0122061
16 91 0.00734726
16 92 0.00176896
16 93 -0.00435602
16 94 -0.00953179
16 95 -0.0133819
16 96 -0.0156703
16 97 -0.014748
16 98 -0.0118162
16 99 -0.00647068
16 100 -0.000369299
16 101 0.00625316
16 102 0.0124322
16 103 0.0166329
16 104 0.018446
16 105 0.0171778
16 106 0.0134316
16 107 0.00692275
16 108 -0.00144115
16 109 -0.010465
16 110 -0.0181379
16 111 -0.0229888
16 112 -0.0242022
16 113 -0.0213856
16 114 -0.0149921
16 115 -0.00563819
16 116 0.00440269
16 117 0.0131805
16 118 0.0184418
16 119 0

17 0 0
17 1 0.0149318
17 2 0.0114528
17 3 0.00477949
17 4 -0.0024496
17 5 -0.0098476
17 6 -0.0153876
17 7 -0.0188029
17 8 -0.0191029
17 9 -0.0154683
17 10 -0.00942415
17 11 -0.00122702
17 12 0.00627236
17 13 0.01294
17 14 0.0169814
17 15 0.0176302
17 16 0.0152708
17 17 0.00942601
17 18 0.00296445
17 19 -0.00471128
17 20 -0.0111149
17 21 -0.0156911
17 22 -0.0173848
17 23 -0.0156878
17 24 -0.0119547
17 25 -0.00618551
17 26 0.0003123
17 27 0.00699362
17 28 0.0118153
17 29 0.0162442
17 30 0.0185784
17 31 0.0205553
17 32 0.0213435
17 33 0.0214996
17 34 0.0216976
17 35 0.0203869
17 36 0.0178389
17 37 0.0135237
17 38 0.00788453
17 39 -1.00593e-05
17 40 -0.00743409
17 41 -0.0152122
17 42 -0.0208035
17 43 -0.0250813
17 44 -0.026193
17 45 -0.0256829
17 46 -0.0236724
17 47 -0.0218328
17 48 -0.0198222
17 49 -0.0197465
17 50 -0.0205363
17 51 -0.021718
17 52 -0.0231249
17 53 -0.023836
17 54 -0.0225765
17 55 -0.0202387
17 56 -0.0171667
17 57 -0.0133446
17 58 -0.0107432
17 59 -0.00979617
17 60 -0.0102751
17 61 -0.0124065
17 62 -0.0158106
17 63 -0.0184619
17 64 -0.0204901
17 65 -0.0214454
17 66 -0.0206112
17 67 -0.0191062
17 68 -0.0180863
17 69 -0.0175112
17 70 -0.0181366
17 71 -0.0207747
17 72 -0.0236226
17 73 -0.0267206
17 74 -0.0286784
17 75 -0.0290447
17 76 -0.0264777
17 77 -0.0225087
17 78 -0.0163276
17 79 -0.0102274
17 80 -0.0032636
17 81 0.00191733
17 82 0.00655646
17 83 0.0100118
17 84 0.0132654
17 85 0.0154869
17 86 0.0187234
17 87 0.0213954
17 88 0.0233679
17 89 0.0243914
17 90 0.0229843
17 91 0.0199342
17 92 0.0138454
17 93 0.00642693
17 94 -0.00183488
17 95 -0.00910354
17 96 -0.0155206
17 97 -0.0184076
17 98 -0.018519
17 99 -0.015322
17 100 -0.00967542
17 101 -0.00304442
17 102 0.00494718
17 103 0.011231
17 104 0.016131
17 105 0.0177395
17 106 0.0166751
17 107 0.0125909
17 108 0.00554225
17 109 -0.00259187
17 110 -0.0110049
17 111 -0.0169149
17 112 -0.0202435
17 113 -0.0197741
17 114 -0.0156344
17 115 -0.00861993
17 116 0.000489367
17 117 0.00870359
17 118 0.0148138
17 119 0

18 0 0
18 1 0.0124354
18 2 0.00781067
18 3 0.00140282
18 4 -0.00568157
18 5 -0.0114349
18 6 -0.0152475
18 7 -0.0166192
18 8 -0.014353
18 9 -0.00929267
18 10 -0.00166511
18 11 0.00649303
18 12 0.0134708
18 13 0.0185388
18 14 0.0198572
18 15 0.0175238
18 16 0.0114183
18 17 0.00296445
18 18 -0.0061067
18 19 -0.0144725
18 20 -0.0208509
18 21 -0.0236282
18 22 -0.0221866
18 23 -0.0173607
18 24 -0.00941151
18 25 -0.00076195
18 26 0.00859682
18 27 0.0161286
18 28 0.0209299
18 29 0.0236512
18 30 0.0239623
18 31 0.0229901
18 32 0.0207905
18 33 0.018707
18 34 0.0162534
18 35 0.0136728
18 36 0.00962168
18 37 0.00508264
18 38 -0.00125469
18 39 -0.00862611
18 40 -0.0162839
18 41 -0.0231099
18 42 -0.0280021
18 43 -0.0305839
18 44 -0.0301748
18 45 -0.0275856
18 46 -0.023639
18 47 -0.019912
18 48 -0.0162358
18 49 -0.0149497
18 50 -0.0148199
18 51 -0.0157117
18 52 -0.0164962
18 53 -0.0170925
18 54 -0.0152401
18 55 -0.0126934
18 56 -0.00872464
18 57 -0.0046717
18 58 -0.00135897
18 59 -0.000566993
18 60 -0.000805912
18 61 -0.00356728
18 62 -0.00708012
18 63 -0.0105196
18 64 -0.0125666
18 65 -0.0139558
18 66 -0.0129571
18 67 -0.0118574
18 68 -0.0107569
18 69 -0.0108438
18 70 -0.0122484
18 71 -0.0163068
18 72 -0.0206236
18 73 -0.025517
18 74 -0.0292665
18 75 -0.0312386
18 76 -0.0303562
18 77 -0.0275119
18 78 -0.0226744
18 79 -0.0171568
18 80 -0.0115493
18 81 -0.00679035
18 82 -0.00308139
18 83 0.000722438
18 84 0.00408224
18 85 0.00819079
18 86 0.0129382
18 87 0.0186648
18 88 0.0237026
18 89 0.0278729
18 90 0.0292755
18 91 0.0282054
18 92 0.0230362
18 93 0.0148171
18 94 0.0053408
18 95 -0.00500378
18 96 -0.0139002
18 97 -0.0204878
18 98 -0.0232623
18 99 -0.0223226
18 100 -0.0180716
18 101 -0.0116486
18 102 -0.00326715
18 103 0.00500827
18 104 0.0119207
18 105 0.016714
18 106 0.0181063
18 107 0.0169379
18 108 0.012131
18 109 0.00519661
18 110 -0.0024088
18 111 -0.00949166
18 112 -0.0140235
18 113 -0.0161879
18 114 -0.014871
18 115 -0.010388
18 116 -0.00378337
18 117 0.00378954
18 118 0.00972559
18 119 0

19 0 0
19 1 0.00817457
19 2 0.00285578
19 3 -0.00365426
19 4 -0.00883771
19 5 -0.0126538
19 6 -0.0136029
19 7 -0.0121895
19 8 -0.00797229
19 9 -0.00125741
19 10 0.00620297
19 11 0.013673
19 12 0.0187705
19 13 0.0214792
19 14 0.0199927
19 15 0.0146093
19 16 0.00596059
19 17 -0.00471128
19 18 -0.0144725
19 19 -0.0232399
19 20 -0.0280478
19 21 -0.0286928
19 22 -0.0242465
19 23 -0.015973
19 24 -0.00559937
19 25 0.00556538
19 26 0.0155902
19 27 0.0232058
19 28 0.0263474
19 29 0.0271942
19 30 0.0244592
19 31 0.0205661
19 32 0.0157208
19 33 0.0112347
19 34 0.00779137
19 35 0.0044909
19 36 0.000927441
19 37 -0.00316621
19 38 -0.007853
19 39 -0.0143794
19 40 -0.0198554
19 41 -0.0250793
19 42 -0.0280089
19 43 -0.0289206
19 44 -0.0261897
19 45 -0.0218978
19 46 -0.0160277
19 47 -0.0106891
19 48 -0.00595112
19 49 -0.00383916
19 50 -0.00329713
19 51 -0.00392111
19 52 -0.00493421
19 53 -0.00542834
19 54 -0.00387392
19 55 -0.000982544
19 56 0.00288475
19 57 0.00730527
19 58 0.0104748
19 59 0.0116304
19 60 0.010952
19 61 0.00827995
19 62 0.0043435
19 63 0.00101652
19 64 -0.00137112
19 65 -0.00234419
19 66 -0.00134756
19 67 0.000241932
19 68 0.00129468
19 69 0.00121713
19 70 -0.000674262
19 71 -0.00523176
19 72 -0.0107456
19 73 -0.0169341
19 74 -0.0219944
19 75 -0.0257366
19 76 -0.0263072
19 77 -0.0251464
19 78 -0.0220402
19 79 -0.0188969
19 80 -0.0147329
19 81 -0.0124013
19 82 -0.0101872
19 83 -0.0081557
19 84 -0.0053411
19 85 -0.00170789
19 86 0.00440761
19 87 0.0116667
19 88 0.0193395
19 89 0.0263381
19 90 0.0304053
19 91 0.0319356
19 92 0.0284066
19 93 0.0213567
19 94 0.01131
19 95 0.000436142
19 96 -0.0107914
19 97 -0.0195302
19 98 -0.0249721
19 99 -0.0264555
19 100 -0.0239385
19 101 -0.0190755
19 102 -0.0110775
19 103 -0.00267007
19 104 0.0058432
19 105 0.0124384
19 106 0.0168909
19 107 0.0187241
19 108 0.0170689
19 109 0.012996
19 110 0.00640599
19 111 -3.89029e-05
19 112 -0.00631168
19 113 -0.0108303
19 114 -0.012813
19 115 -0.0123106
19 116 -0.00814606
19 117 -0.0027953
19 118 0.00334618
19 119 0

20 0 0
20 1 0.00322712
20 2 -0.00244332
20 3 -0.00765536
20 4 -0.0110532
20 5 -0.0122067
20 6 -0.0106257
20 7 -0.00720318
20 8 -0.00137592
20 9 0.00540374
20 10 0.0122781
20 11 0.0179151
20 12 0.0208275
20 13 0.0210983
20 14 0.0171259
20 15 0.00985148
20 16 -0.00038124
20 17 -0.0111149
20 18 -0.0208509
20 19 -0.0280478
20 20 -0.0312419
20 21 -0.0297238
20 22 -0.0226311
20 23 -0.012926
20 24 -0.000576926
20 25 0.0108604
20 26 0.0208184
20 27 0.0269577
20 28 0.0281039
20 29 0.0260076
20 30 0.0207225
20 31 0.0142405
20 32 0.00729496
20 33 0.00232165
20 34 -0.0018682
20 35 -0.00399732
20 36 -0.0063523
20 37 -0.00799401
20 38 -0.0107234
20 39 -0.0141449
20 40 -0.0176588
20 41 -0.0203316
20 42 -0.0212903
20 43 -0.0200197
20 44 -0.0158382
20 45 -0.0101872
20 46 -0.00312632
20 47 0.00282663
20 48 0.00804742
20 49 0.0101725
20 50 0.0107463
20 51 0.00923558
20 52 0.00809229
20 53 0.00678662
20 54 0.00808456
20 55 0.0101365
20 56 0.014156
20 57 0.0178515
20 58 0.0212742
20 59 0.0219152
20 60 0.021531
20 61 0.0183843
20 62 0.0149927
20 63 0.0113295
20 64 0.00968554
20 65 0.00886472
20 66 0.0107121
20 67 0.0124527
20 68 0.0146187
20 69 0.0146963
20 70 0.0132453
20 71 0.00857704
20 72 0.00313113
20 73 -0.00371788
20 74 -0.00929207
20 75 -0.013894
20 76 -0.0157947
20 77 -0.0161289
20 78 -0.0149564
20 79 -0.0136392
20 80 -0.012472
20 81 -0.0124981
20 82 -0.0133365
20 83 -0.0135008
20 84 -0.0131556
20 85 -0.0101489
20 86 -0.00522174
20 87 0.00284997
20 88 0.0116578
20 89 0.0206058
20 90 0.0270451
20 91 0.0310915
20 92 0.0297178
20 93 0.0243099
20 94 0.0157008
20 95 0.00477454
20 96 -0.00597462
20 97 -0.0161776
20 98 -0.0228225
20 99 -0.0263316
20 100 -0.0260792
20 101 -0.0231837
20 102 -0.0171361
20 103 -0.00948601
20 104 -0.00120376
20 105 0.00664386
20 106 0.0127264
20 107 0.0174794
20 108 0.0188288
20 109 0.0176668
20 110 0.0135229
20 111 0.00784523
20 112 0.0016241
20 113 -0.00479342
20 114 -0.00954571
20 115 -0.0124058
20 116 -0.0117405
20 117 -0.00846667
20 118 -0.00337948
20 119 0

21 0 0
21 1 -0.001918
