0 0 0
0 1 0
0 2 0
0 3 0
0 4 0
0 5 0
0 6 0
0 7 0
0 8 0
0 9 0
0 10 0
0 11 0
0 12 0
0 13 0
0 14 0
0 15 0
0 16 0
0 17 0
0 18 0
0 19 0
0 20 0
0 21 0
0 22 0
0 23 0
0 24 0
0 25 0
0 26 0
0 27 0
0 28 0
0 29 0
0 30 0
0 31 0
0 32 0
0 33 0
0 34 0
0 35 0
0 36 0
0 37 0
0 38 0
0 39 0
0 40 0
0 41 0
0 42 0
0 43 0
0 44 0
0 45 0
0 46 0
0 47 0
0 48 0
0 49 0
0 50 0
0 51 0
0 52 0
0 53 0
0 54 0
0 55 0
0 56 0
0 57 0
0 58 0
0 59 0
0 60 0
0 61 0
0 62 0
0 63 0
0 64 0
0 65 0
0 66 0
0 67 0
0 68 0
0 69 0
0 70 0
0 71 0
0 72 0
0 73 0
0 74 0
0 75 0
0 76 0
0 77 0
0 78 0
0 79 0
0 80 0
0 81 0
0 82 0
0 83 0
0 84 0
0 85 0
0 86 0
0 87 0
0 88 0
0 89 0
0 90 0
0 91 0
0 92 0
0 93 0
0 94 0
0 95 0
0 96 0
0 97 0
0 98 0
0 99 0
0 100 0
0 101 0
0 102 0
0 103 0
0 104 0
0 105 0
0 106 0
0 107 0
0 108 0
0 109 0
0 110 0
0 111 0
0 112 0
0 113 0
0 114 0
0 115 0
0 116 0
0 117 0
0 118 0
0 119 0

1 0 0
1 1 0.0188209
1 2 0.0164875
1 3 0.0111561
1 4 0.00342319
1 5 -0.00379441
1 6 -0.0109967
1 7 -0.0165743
1 8 -0.0186667
1 9 -0.0189609
1 10 -0.0157704
1 11 -0.00970305
1 12 -0.00333466
1 13 0.00447676
1 14 0.0109773
1 15 0.0152247
1 16 0.0183995
1 17 0.0179726
1 18 0.0154363
1 19 0.0114948
1 20 0.00600571
1 21 0.000478536
1 22 -0.00533534
1 23 -0.0094798
1 24 -0.0128439
1 25 -0.0155252
1 26 -0.0162158
1 27 -0.0163188
1 28 -0.0153795
1 29 -0.0143765
1 30 -0.0121324
1 31 -0.00895115
1 32 -0.00568388
1 33 -0.0014966
1 34 0.00310206
1 35 0.00897101
1 36 0.0141291
1 37 0.0187468
1 38 0.0221893
1 39 0.0248355
1 40 0.0263443
1 41 0.02592
1 42 0.0241931
1 43 0.0211739
1 44 0.0187834
1 45 0.0166207
1 46 0.0156757
1 47 0.0145052
1 48 0.0136141
1 49 0.0119188
1 50 0.0102271
1 51 0.0080614
1 52 0.00616189
1 53 0.00423776
1 54 0.00269162
1 55 0.00131433
1 56 0.000255401
1 57 -0.000575725
1 58 -0.00116374
1 59 -0.00149672
1 60 -0.0016222
1 61 -0.00147766
1 62 -0.00111584
1 63 -0.000479132
1 64 0.000428505
1 65 0.00158974
1 66 0.00306927
1 67 0.00465311
1 68 0.00644699
1 69 0.00794316
1 70 0.00941367
1 71 0.0102969
1 72 0.0114876
1 73 0.0126873
1 74 0.015222
1 75 0.0181931
1 76 0.0220221
1 77 0.024679
1 78 0.0263693
1 79 0.0260919
1 80 0.0250618
1 81 0.0230043
1 82 0.0200781
1 83 0.0161995
1 84 0.0116536
1 85 0.00787859
1 86 0.00411936
1 87 0.000842271
1 88 -0.00322151
1 89 -0.00659731
1 90 -0.00983581
1 91 -0.0130621
1 92 -0.0160211
1 93 -0.0183695
1 94 -0.0185467
1 95 -0.01803
1 96 -0.0154303
1 97 -0.0109429
1 98 -0.00502413
1 99 0.00176907
1 100 0.00793104
1 101 0.014317
1 102 0.0182049
1 103 0.0195463
1 104 0.0190365
1 105 0.0149781
1 106 0.00932766
1 107 0.00204993
1 108 -0.00577623
1 109 -0.0120867
1 110 -0.0172706
1 111 -0.0191713
1 112 -0.0183158
1 113 -0.0152773
1 114 -0.00864425
1 115 -0.00176042
1 116 0.00520144
1 117 0.0128221
1 118 0.0168559
1 119 0

2 0 0
2 1 0.0164875
2 2 0.0130753
2 3 0.00629012
2 4 -0.000278605
2 5 -0.00749917
2 6 -0.0143026
2 7 -0.0169381
2 8 -0.0178958
2 9 -0.0159479
2 10 -0.0102186
2 11 -0.00504856
2 12 0.0016367
2 13 0.00841875
2 14 0.0126119
2 15 0.0163619
2 16 0.0167623
2 17 0.0154396
2 18 0.0123071
2 19 0.00600498
2 20 0.00117081
2 21 -0.00532405
2 22 -0.010813
2 23 -0.0136473
2 24 -0.0162887
2 25 -0.015618
2 26 -0.0151641
2 27 -0.0121424
2 28 -0.00875957
2 29 -0.00647838
2 30 -0.00246747
2 31 -0.000168304
2 32 0.00389882
2 33 0.00591808
2 34 0.00907083
2 35 0.0125849
2 36 0.0155478
2 37 0.0189728
2 38 0.0196714
2 39 0.0216559
2 40 0.0207874
2 41 0.0205957
2 42 0.0172098
2 43 0.0139573
2 44 0.00982485
2 45 0.00675255
2 46 0.00492845
2 47 0.00324002
2 48 0.00279093
2 49 0.000864604
2 50 0.000229241
2 51 -0.00236433
2 52 -0.00307712
2 53 -0.00565885
2 54 -0.00597324
2 55 -0.00812566
2 56 -0.00794732
2 57 -0.00963972
2 58 -0.00904809
2 59 -0.0103431
2 60 -0.00938812
2 61 -0.0103144
2 62 -0.00897834
2 63 -0.00950571
2 64 -0.00772119
2 65 -0.00779221
2 66 -0.00556259
2 67 -0.00528833
2 68 -0.00297611
2 69 -0.00283412
2 70 -0.00103647
2 71 -0.00110902
2 72 0.000700556
2 73 0.00204588
2 74 0.0055744
2 75 0.00940103
2 76 0.0134769
2 77 0.0169191
2 78 0.0182383
2 79 0.0197378
2 80 0.0190112
2 81 0.0196611
2 82 0.0173803
2 83 0.0164029
2 84 0.0137049
2 85 0.0127152
2 86 0.0110968
2 87 0.00851443
2 88 0.00622649
2 89 0.00205944
2 90 -0.000646481
2 91 -0.00627007
2 92 -0.0104598
2 93 -0.014544
2 94 -0.0174945
2 95 -0.0180992
2 96 -0.0183195
2 97 -0.0139728
2 98 -0.00963856
2 99 -0.00361572
2 100 0.00355295
2 101 0.0089077
2 102 0.0143152
2 103 0.0161675
2 104 0.0168475
2 105 0.0152734
2 106 0.0101234
2 107 0.00592217
2 108 -0.000346808
2 109 -0.0068371
2 110 -0.0110592
2 111 -0.015505
2 112 -0.0166936
2 113 -0.0150131
2 114 -0.0121374
2 115 -0.00569667
2 116 0.00124093
2 117 0.00700052
2 118 0.0128441
2 119 0

3 0 0
3 1 0.0111561
3 2 0.00629012
3 3 0.000557328
3 4 -0.0051647
3 5 -0.0100002
3 6 -0.0128336
3 7 -0.0136238
3 8 -0.0125874
3 9 -0.00951898
3 10 -0.005444
3 11 -4.35179e-05
3 12 0.00559262
3 13 0.0096827
3 14 0.013594
3 15 0.0146927
3 16 0.0128646
3 17 0.0104389
3 18 0.00471881
3 19 -0.00119374
3 20 -0.00643995
3 21 -0.0116795
3 22 -0.014158
3 23 -0.015852
3 24 -0.0141984
3 25 -0.0113147
3 26 -0.00821631
3 27 -0.00277891
3 28 0.00103463
3 29 0.00535936
3 30 0.0075678
3 31 0.00961891
3 32 0.0114151
3 33 0.0111316
3 34 0.0119298
3 35 0.0113258
3 36 0.0128637
3 37 0.0126988
3 38 0.0127981
3 39 0.011998
3 40 0.0107493
3 41 0.00956742
3 42 0.0060722
3 43 0.00294156
3 44 -0.0022537
3 45 -0.00495697
3 46 -0.00822582
3 47 -0.00857884
3 48 -0.0098532
3 49 -0.00961099
3 50 -0.0107222
3 51 -0.0111232
3 52 -0.0123484
3 53 -0.0130551
3 54 -0.0139296
3 55 -0.0145194
3 56 -0.0149182
3 57 -0.0153297
3 58 -0.0153847
3 59 -0.0156588
3 60 -0.0154983
3 61 -0.0156173
3 62 -0.0152874
3 63 -0.0151519
3 64 -0.0146368
3 65 -0.0141386
3 66 -0.0135204
3 67 -0.012793
3 68 -0.0125109
3 69 -0.0119975
3 70 -0.012402
3 71 -0.0117585
3 72 -0.0116188
3 73 -0.00889051
3 74 -0.0064489
3 75 -0.00153028
3 76 0.00131669
3 77 0.00498528
3 78 0.00593419
3 79 0.00792974
3 80 0.0086908
3 81 0.00987774
3 82 0.0104093
3 83 0.0104449
3 84 0.0120304
3 85 0.0126697
3 86 0.0145819
3 87 0.013682
3 88 0.0135363
3 89 0.0115287
3 90 0.00852419
3 91 0.00436023
3 92 -0.00137557
3 93 -0.00522735
3 94 -0.0104511
3 95 -0.0134671
3 96 -0.0152384
3 97 -0.0150277
3 98 -0.0123736
3 99 -0.0096291
3 100 -0.00383901
3 101 0.00123892
3 102 0.00576339
3 103 0.0103878
3 104 0.0120821
3 105 0.0126653
3 106 0.0110203
3 107 0.00768551
3 108 0.00385124
3 109 -0.001191
3 110 -0.00495543
3 111 -0.00818504
3 112 -0.0111167
3 113 -0.0114897
3 114 -0.0107965
3 115 -0.00887168
3 116 -0.00446306
3 117 0.000527949
3 118 0.00522649
3 119 0

4 0 0
4 1 0.00342319
4 2 -0.000278605
4 3 -0.0051647
4 4 -0.00879813
4 5 -0.00957033
4 6 -0.00991167
4 7 -0.00868569
4 8 -0.00519404
4 9 -0.00220258
4 10 0.00132855
4 11 0.00587198
4 12 0.00849267
4 13 0.0102406
4 14 0.0108498
4 15 0.00862284
4 16 0.005621
4 17 0.00117033
4 18 -0.00377836
4 19 -0.00798846
4 20 -0.0122402
4 21 -0.0136072
4 22 -0.0141133
4 23 -0.0130622
4 24 -0.00887104
4 25 -0.00481765
4 26 0.000931611
4 27 0.00597471
4 28 0.0110463
4 29 0.0152079
4 30 0.0163416
4 31 0.0176149
4 32 0.0162763
4 33 0.0149285
4 34 0.0117201
4 35 0.00872794
4 36 0.00679554
4 37 0.00425525
4 38 0.00287277
4 39 -0.00026709
4 40 -0.00158772
4 41 -0.00440157
4 42 -0.00645128
4 43 -0.0103799
4 44 -0.0141999
4 45 -0.0177423
4 46 -0.0201874
4 47 -0.0206104
4 48 -0.0208184
4 49 -0.0194757
4 50 -0.0194922
4 51 -0.018304
4 52 -0.018923
4 53 -0.0180305
4 54 -0.0188329
4 55 -0.0179068
4 56 -0.0186349
4 57 -0.017655
4 58 -0.0183637
4 59 -0.017437
4 60 -0.0182161
4 61 -0.0173793
4 62 -0.0182331
4 63 -0.0174286
4 64 -0.0183013
4 65 -0.0174996
4 66 -0.0184728
4 67 -0.0179488
4 68 -0.0194196
4 69 -0.019598
4 70 -0.0214849
4 71 -0.021562
4 72 -0.0219707
4 73 -0.0198737
4 74 -0.0174046
4 75 -0.0139531
4 76 -0.0111827
4 77 -0.00946968
4 78 -0.00761462
4 79 -0.00654062
4 80 -0.00378909
4 81 -0.00248879
4 82 0.000563636
4 83 0.00269657
4 84 0.00719237
4 85 0.0110652
4 86 0.0145911
4 87 0.0172432
4 88 0.0181234
4 89 0.0189356
4 90 0.0161454
4 91 0.0131392
4 92 0.0083298
4 93 0.00367675
4 94 -0.00108371
4 95 -0.00626917
4 96 -0.00866022
4 97 -0.0112867
4 98 -0.011963
4 99 -0.0113005
4 100 -0.00975133
4 101 -0.00647323
4 102 -0.00380295
4 103 0.000329879
4 104 0.00395361
4 105 0.00603057
4 106 0.00854701
4 107 0.0087071
4 108 0.00737401
4 109 0.00602667
4 110 0.00290164
4 111 -0.000544937
4 112 -0.00336301
4 113 -0.00647622
4 114 -0.00862572
4 115 -0.00921774
4 116 -0.00884136
4 117 -0.00631842
4 118 -0.00210595
4 119 0

5 0 0
5 1 -0.00379441
5 2 -0.00749917
5 3 -0.0100002
5 4 -0.00957033
5 5 -0.00836571
5 6 -0.00568065
5 7 -0.00154674
5 8 0.00192567
5 9 0.0059977
5 10 0.00915281
5 11 0.00980261
5 12 0.0099241
5 13 0.00797475
5 14 0.0043894
5 15 0.0010718
5 16 -0.00361249
5 17 -0.00766067
5 18 -0.0102857
5 19 -0.0130744
5 20 -0.01394
5 21 -0.0131876
5 22 -0.0112353
5 23 -0.00754743
5 24 -0.00295885
5 25 0.00328215
5 26 0.00922341
5 27 0.0144363
5 28 0.0194963
5 29 0.0222965
5 30 0.023231
5 31 0.0215736
5 32 0.0185834
5 33 0.0144072
5 34 0.00853561
5 35 0.00300779
5 36 -0.00233684
5 37 -0.00597476
5 38 -0.00951549
5 39 -0.0124342
5 40 -0.0148058
5 41 -0.0166924
5 42 -0.0180811
5 43 -0.0205463
5 44 -0.0229564
5 45 -0.0259315
5 46 -0.0271486
5 47 -0.0275299
5 48 -0.0259802
5 49 -0.0242737
5 50 -0.0220431
5 51 -0.020458
5 52 -0.0190078
5 53 -0.0180355
5 54 -0.0171852
5 55 -0.0164602
5 56 -0.0158818
5 57 -0.0152931
5 58 -0.0149704
5 59 -0.0146138
5 60 -0.0145989
5 61 -0.0145365
5 62 -0.0148017
5 63 -0.0150168
5 64 -0.0155063
5 65 -0.0160585
5 66 -0.0169325
5 67 -0.0182071
5 68 -0.0198874
5 69 -0.0221377
5 70 -0.0241872
5 71 -0.0260341
5 72 -0.0262773
5 73 -0.0257074
5 74 -0.0236271
5 75 -0.022242
5 76 -0.0208606
5 77 -0.0208083
5 78 -0.0200306
5 79 -0.0190946
5 80 -0.0170755
5 81 -0.0146895
5 82 -0.0114775
5 83 -0.00651569
5 84 -0.00070494
5 85 0.00598259
5 86 0.0112958
5 87 0.0163907
5 88 0.0200326
5 89 0.0220168
5 90 0.0217968
5 91 0.0194817
5 92 0.0168139
5 93 0.0124025
5 94 0.00763146
5 95 0.00286517
5 96 -0.00149395
5 97 -0.00512706
5 98 -0.00888915
5 99 -0.010786
5 100 -0.0119673
5 101 -0.0127343
5 102 -0.0113365
5 103 -0.00926997
5 104 -0.00598228
5 105 -0.00166304
5 106 0.00247877
5 107 0.00703124
5 108 0.0100318
5 109 0.0112978
5 110 0.0110731
5 111 0.00792683
5 112 0.00436609
5 113 8.39413e-05
5 114 -0.0055821
5 115 -0.00855391
5 116 -0.0106348
5 117 -0.0122769
5 118 -0.00922559
5 119 0

6 0 0
6 1 -0.0109967
6 2 -0.0143026
6 3 -0.0128336
6 4 -0.00991167
6 5 -0.00568065
6 6 0.000976639
6 7 0.00578866
6 8 0.00976188
6 9 0.013108
6 10 0.0127252
6 11 0.0114061
6 12 0.00852147
6 13 0.00319766
6 14 -0.00139451
6 15 -0.00642684
6 16 -0.0108345
6 17 -0.0137282
6 18 -0.0156083
6 19 -0.0150283
6 20 -0.0138316
6 21 -0.0106516
6 22 -0.00572803
6 23 -0.00104412
6 24 0.00504492
6 25 0.0109211
6 26 0.0166071
6 27 0.0209005
6 28 0.0236641
6 29 0.0254114
6 30 0.0239822
6 31 0.0207628
6 32 0.0154131
6 33 0.0093836
6 34 0.00228098
6 35 -0.00522773
6 36 -0.0113974
6 37 -0.0163611
6 38 -0.01935
6 39 -0.0220958
6 40 -0.0233749
6 41 -0.0241961
6 42 -0.0239972
6 43 -0.0243285
6 44 -0.0251847
6 45 -0.0264106
6 46 -0.0271742
6 47 -0.0264611
6 48 -0.0247013
6 49 -0.0216802
6 50 -0.0189092
6 51 -0.0159311
6 52 -0.0140066
6 53 -0.0120043
6 54 -0.0109598
6 55 -0.00957904
6 56 -0.00898944
6 57 -0.00797215
6 58 -0.00773324
6 59 -0.00708779
6 60 -0.0072382
6 61 -0.0069881
6 62 -0.00752371
6 63 -0.00764955
6 64 -0.00859123
6 65 -0.00922569
6 66 -0.0108792
6 67 -0.0124926
6 68 -0.0152835
6 69 -0.0179075
6 70 -0.0209954
6 71 -0.022855
6 72 -0.0239891
6 73 -0.0236573
6 74 -0.0232852
6 75 -0.0232555
6 76 -0.0242235
6 77 -0.0256447
6 78 -0.026463
6 79 -0.0266979
6 80 -0.0256693
6 81 -0.024241
6 82 -0.0206553
6 83 -0.0157004
6 84 -0.0087352
6 85 -0.00201183
6 86 0.00472205
6 87 0.0109849
6 88 0.0162761
6 89 0.0201122
6 90 0.021455
6 91 0.0222593
6 92 0.0212404
6 93 0.0192173
6 94 0.0157021
6 95 0.0117255
6 96 0.0075271
6 97 0.00171153
6 98 -0.00329064
6 99 -0.0084275
6 100 -0.0127922
6 101 -0.0158733
6 102 -0.017426
6 103 -0.0160483
6 104 -0.0138244
6 105 -0.00892383
6 106 -0.00241255
6 107 0.00314209
6 108 0.00952092
6 109 0.0137167
6 110 0.0153019
6 111 0.01547
6 112 0.0117635
6 113 0.00644626
6 114 0.000476412
6 115 -0.00681445
6 116 -0.0121146
6 117 -0.0152042
6 118 -0.0160864
6 119 0

7 0 0
7 1 -0.0165743
7 2 -0.0169381
7 3 -0.0136238
7 4 -0.00868569
7 5 -0.00154674
7 6 0.00578866
7 7 0.0113973
7 8 0.0159964
7 9 0.017083
7 10 0.0151322
7 11 0.0114046
7 12 0.00491063
7 13 -0.001639
7 14 -0.00827611
7 15 -0.0138212
7 16 -0.0162515
7 17 -0.0179607
7 18 -0.0164137
7 19 -0.0128131
7 20 -0.00916814
7 21 -0.003532
7 22 0.00149047
7 23 0.0068449
7 24 0.0113145
7 25 0.0151269
7 26 0.0192135
7 27 0.0206498
7 28 0.0219663
7 29 0.0213323
7 30 0.0193295
7 31 0.0152448
7 32 0.00906419
7 33 0.00316882
7 34 -0.00443747
7 35 -0.0110894
7 36 -0.0179304
7 37 -0.0220558
7 38 -0.0247043
7 39 -0.0259602
7 40 -0.0259574
7 41 -0.0255066
7 42 -0.0233711
7 43 -0.0222536
7 44 -0.0207215
7 45 -0.0211814
7 46 -0.0205251
7 47 -0.020161
7 48 -0.0175712
7 49 -0.01488
7 50 -0.0111028
7 51 -0.00814033
7 52 -0.00530469
7 53 -0.00338384
7 54 -0.00179532
7 55 -0.000637332
7 56 0.00023805
7 57 0.00101406
7 58 0.00144505
7 59 0.0018939
7 60 0.00192988
7 61 0.00201768
7 62 0.00169491
7 63 0.00137279
7 64 0.000630131
7 65 -0.000384224
7 66 -0.00195143
7 67 -0.00423251
7 68 -0.00694984
7 69 -0.0102712
7 70 -0.0128958
7 71 -0.0152511
7 72 -0.0158112
7 73 -0.0166124
7 74 -0.0166889
7 75 -0.018905
7 76 -0.0209384
7 77 -0.0243954
7 78 -0.0261055
7 79 -0.0280156
7 80 -0.0282228
7 81 -0.0277806
7 82 -0.0250752
7 83 -0.0201921
7 84 -0.0145903
7 85 -0.00798603
7 86 -0.00241602
7 87 0.00432943
7 88 0.00913452
7 89 0.0134365
7 90 0.0160386
7 91 0.0182332
7 92 0.019926
7 93 0.0194259
7 94 0.0192382
7 95 0.0171323
7 96 0.0144419
7 97 0.0096708
7 98 0.00387834
7 99 -0.00181059
7 100 -0.00927175
7 101 -0.0146684
7 102 -0.0188482
7 103 -0.0208704
7 104 -0.019363
7 105 -0.0156415
7 106 -0.00848277
7 107 -0.000887221
7 108 0.00693618
7 109 0.0144201
7 110 0.0179057
7 111 0.0193026
7 112 0.0172787
7 113 0.0111928
7 114 0.00464027
7 115 -0.00353627
7 116 -0.0114286
7 117 -0.0159874
7 118 -0.0187743
7 119 0

8 0 0
8 1 -0.0186667
8 2 -0.0178958
8 3 -0.0125874
8 4 -0.00519404
8 5 0.00192567
8 6 0.00976188
8 7 0.0159964
8 8 0.0182469
8 9 0.0181899
8 10 0.0149472
8 11 0.00774093
8 12 0.000250762
8 13 -0.0072512
8 14 -0.0141441
8 15 -0.0174121
8 16 -0.0185406
8 17 -0.0168836
8 18 -0.012654
8 19 -0.0077184
8 20 -0.00140196
8 21 0.00350543
8 22 0.00842942
8 23 0.0127346
8 24 0.0143973
8 25 0.0166323
8 26 0.0169991
8 27 0.016959
8 28 0.0156443
8 29 0.0131065
8 30 0.0109447
8 31 0.00576695
8 32 0.000922582
8 33 -0.00540142
8 34 -0.010914
8 35 -0.0164878
8 36 -0.0217754
8 37 -0.0241674
8 38 -0.0256877
8 39 -0.0239496
8 40 -0.0228554
8 41 -0.019394
8 42 -0.0164815
8 43 -0.0125402
8 44 -0.0100081
8 45 -0.00856408
8 46 -0.00770714
8 47 -0.00725581
8 48 -0.0050744
8 49 -0.00305843
8 50 0.000759343
8 51 0.00300955
8 52 0.00629581
8 53 0.0072898
8 54 0.00937911
8 55 0.00936818
8 56 0.0107919
8 57 0.0103667
8 58 0.0115064
8 59 0.0108813
8 60 0.0118293
8 61 0.0110289
8 62 0.0117915
8 63 0.0107436
8 64 0.0111396
8 65 0.0094637
8 66 0.00892951
8 67 0.00606632
8 68 0.00435916
8 69 0.000908992
8 70 -0.000506525
8 71 -0.00248102
8 72 -0.00235351
8 73 -0.00329875
8 74 -0.00433306
8 75 -0.00738073
8 76 -0.011296
8 77 -0.0152269
8 78 -0.0192882
8 79 -0.021858
8 80 -0.024995
8 81 -0.0251981
8 82 -0.0249527
8 83 -0.0212807
8 84 -0.0181673
8 85 -0.0137565
8 86 -0.00935382
8 87 -0.00477633
8 88 4.67146e-05
8 89 0.00293063
8 90 0.00731443
8 91 0.0103577
8 92 0.014062
8 93 0.0163446
8 94 0.0180875
8 95 0.0196034
8 96 0.0177693
8 97 0.0154301
8 98 0.0105561
8 99 0.00441057
8 100 -0.00263702
8 101 -0.010303
8 102 -0.015567
8 103 -0.0201074
8 104 -0.021198
8 105 -0.0183405
8 106 -0.0137393
8 107 -0.00565095
8 108 0.00335637
8 109 0.0109356
8 110 0.0172238
8 111 0.0200917
8 112 0.0189371
8 113 0.0147688
8 114 0.00786684
8 115 -0.000468673
8 116 -0.0081786
8 117 -0.0147196
8 118 -0.0189807
8 119 0

9 0 0
9 1 -0.0189609
9 2 -0.0159479
9 3 -0.00951898
9 4 -0.00220258
9 5 0.0059977
9 6 0.013108
9 7 0.017083
9 8 0.0181899
9 9 0.0155203
9 10 0.00975275
9 11 0.0026652
9 12 -0.00520161
9 13 -0.0117462
9 14 -0.0159599
9 15 -0.0178661
9 16 -0.0161176
9 17 -0.0120897
9 18 -0.00697893
9 19 -0.00013423
9 20 0.00605027
9 21 0.010782
9 22 0.0145724
9 23 0.0161587
9 24 0.0160903
9 25 0.0142013
9 26 0.0116964
9 27 0.0089439
9 28 0.00489582
9 29 0.00165201
9 30 -0.00172683
9 31 -0.00510256
9 32 -0.00892941
9 33 -0.0129042
9 34 -0.0156222
9 35 -0.0186923
9 36 -0.0204755
9 37 -0.0214629
9 38 -0.0198833
9 39 -0.016833
9 40 -0.0129874
9 41 -0.00843754
9 42 -0.00403816
9 43 0.000975143
9 44 0.00428814
9 45 0.0068231
9 46 0.0070819
9 47 0.00757791
9 48 0.00777627
9 49 0.00945003
9 50 0.011261
9 51 0.0135911
9 52 0.0152623
9 53 0.0165317
9 54 0.017148
9 55 0.0173801
9 56 0.0174615
9 57 0.0173496
9 58 0.0174043
9 59 0.017305
9 60 0.0174731
9 61 0.0174736
9 62 0.0177138
9 63 0.0177184
9 64 0.0177189
9 65 0.0172603
9 66 0.0163642
9 67 0.0149554
9 68 0.0131565
9 69 0.0117306
9 70 0.0107252
9 71 0.0110248
9 72 0.011255
9 73 0.0115542
9 74 0.00965005
9 75 0.00684332
9 76 0.00214371
9 77 -0.00197865
9 78 -0.00677839
9 79 -0.0108037
9 80 -0.0148479
9 81 -0.017284
9 82 -0.0180277
9 83 -0.0178752
9 84 -0.0169814
9 85 -0.0164837
9 86 -0.0145568
9 87 -0.0129421
9 88 -0.0107904
9 89 -0.00865572
9 90 -0.00526864
9 91 -0.000567415
9 92 0.00384035
9 93 0.00910816
9 94 0.0138218
9 95 0.0177397
9 96 0.0193484
9 97 0.0185721
9 98 0.0161806
9 99 0.0106338
9 100 0.00384461
9 101 -0.00311025
9 102 -0.0100924
9 103 -0.0152648
9 104 -0.0180653
9 105 -0.0178194
9 106 -0.0146667
9 107 -0.00937038
9 108 -0.00193338
9 109 0.00556852
9 110 0.0118929
9 111 0.0167368
9 112 0.0175882
9 113 0.0152539
9 114 0.0109129
9 115 0.00308859
9 116 -0.00475448
9 117 -0.0107451
9 118 -0.0166515
9 119 0

10 0 0
10 1 -0.0157704
10 2 -0.0102186
10 3 -0.005444
10 4 0.00132855
10 5 0.00915281
10 6 0.0127252
10 7 0.0151322
10 8 0.0149472
10 9 0.00975275
10 10 0.00421848
10 11 -0.00278269
10 12 -0.0101222
10 13 -0.0139542
10 14 -0.0165259
10 15 -0.0157017
10 16 -0.0111911
10 17 -0.00560635
10 18 0.00184638
10 19 0.00867736
10 20 0.0144764
10 21 0.0182012
10 22 0.0184592
10 23 0.0173791
10 24 0.0133572
10 25 0.00778733
10 26 0.00230082
10 27 -0.00325817
10 28 -0.00774032
10 29 -0.0117055
10 30 -0.0136944
10 31 -0.0148125
10 32 -0.0158419
10 33 -0.0162233
10 34 -0.016207
10 35 -0.0153916
10 36 -0.0148085
10 37 -0.0133304
10 38 -0.0104748
10 39 -0.00613456
10 40 -0.00110012
10 41 0.00381275
10 42 0.00880712
10 43 0.0134153
10 44 0.0172922
10 45 0.0193361
10 46 0.019626
10 47 0.0187014
10 48 0.0177722
10 49 0.0175545
10 50 0.0181401
10 51 0.0191754
10 52 0.0200596
10 53 0.0205795
10 54 0.0205522
10 55 0.0202484
10 56 0.0197172
10 57 0.0192696
10 58 0.0188672
10 59 0.0187091
10 60 0.0186727
10 61 0.0188923
10 62 0.0191838
10 63 0.0195959
10 64 0.019833
10 65 0.0198613
10 66 0.019417
10 67 0.018712
10 68 0.0179446
10 69 0.0177673
10 70 0.0184796
10 71 0.0200701
10 72 0.0217153
10 73 0.0223072
10 74 0.0211499
10 75 0.0182565
10 76 0.0145602
10 77 0.0104288
10 78 0.00622777
10 79 0.00163094
10 80 -0.00248293
10 81 -0.00563533
10 82 -0.0076521
10 83 -0.00944417
10 84 -0.0117277
10 85 -0.0137661
10 86 -0.0156891
10 87 -0.0170494
10 88 -0.0185856
10 89 -0.0186535
10 90 -0.0167825
10 91 -0.0133098
10 92 -0.00818746
10 93 -0.00218775
10 94 0.00527363
10 95 0.0114358
10 96 0.0162187
10 97 0.0193508
10 98 0.0192764
10 99 0.0169411
10 100 0.0116201
10 101 0.00557732
10 102 -0.00125242
10 103 -0.00824406
10 104 -0.0120482
10 105 -0.0147784
10 106 -0.0145858
10 107 -0.0110216
10 108 -0.00693695
10 109 -0.000409454
10 110 0.00571787
10 111 0.00980058
10 112 0.0133229
10 113 0.0130921
10 114 0.0102713
10 115 0.00631074
10 116 -0.000247251
10 117 -0.00606341
10 118 -0.0103346
10 119 0

11 0 0
11 1 -0.00970305
11 2 -0.00504856
11 3 -4.35179e-05
11 4 0.00587198
11 5 0.00980261
11 6 0.0114061
11 7 0.0114046
11 8 0.00774093
11 9 0.0026652
11 10 -0.00278269
11 11 -0.00886315
11 12 -0.0127278
11 13 -0.0146443
11 14 -0.0135836
11 15 -0.00961253
11 16 -0.00447353
11 17 0.00329114
11 18 0.010185
11 19 0.0157395
11 20 0.0204821
11 21 0.0210521
11 22 0.0194519
11 23 0.0149326
11 24 0.00842752
11 25 0.000919213
11 26 -0.00748092
11 27 -0.0134675
11 28 -0.0189941
11 29 -0.0221087
11 30 -0.0230517
11 31 -0.0221499
11 32 -0.019679
11 33 -0.0176115
11 34 -0.0138209
11 35 -0.0106396
11 36 -0.00685045
11 37 -0.00382277
11 38 0.000197295
11 39 0.00522739
11 40 0.0103499
11 41 0.0156768
11 42 0.0197167
11 43 0.0242121
11 44 0.0268838
11 45 0.0289479
11 46 0.0279785
11 47 0.0263307
11 48 0.0233605
11 49 0.021634
11 50 0.0202691
11 51 0.020115
11 52 0.0198603
11 53 0.0196682
11 54 0.0190101
11 55 0.0181267
11 56 0.0171869
11 57 0.0162411
11 58 0.015659
11 59 0.0151899
11 60 0.0152358
11 61 0.0153776
11 62 0.0159584
11 63 0.0164836
11 64 0.0171089
11 65 0.0174326
11 66 0.0175359
11 67 0.0176099
11 68 0.0179195
11 69 0.0193501
11 70 0.0215511
11 71 0.0249329
11 72 0.027421
11 73 0.0292247
11 74 0.0283457
11 75 0.0269366
11 76 0.0238369
11 77 0.0213637
11 78 0.0173686
11 79 0.013813
11 80 0.0096574
11 81 0.00672322
11 82 0.00369531
11 83 -5.24253e-05
11 84 -0.00438308
11 85 -0.0096061
11 86 -0.0139209
11 87 -0.0192953
11 88 -0.0230731
11 89 -0.0258259
11 90 -0.0254187
11 91 -0.0230531
11 92 -0.0187451
11 93 -0.0114708
11 94 -0.00397643
11 95 0.00426229
11 96 0.010684
11 97 0.0162761
11 98 0.019266
11 99 0.0187912
11 100 0.0173359
11 101 0.0127578
11 102 0.00736582
11 103 0.00161459
11 104 -0.00403275
11 105 -0.00797737
11 106 -0.0112788
11 107 -0.011368
11 108 -0.00982247
11 109 -0.00751978
11 110 -0.00245732
11 111 0.00183747
11 112 0.00557557
11 113 0.00891147
11 114 0.00893724
11 115 0.00775051
11 116 0.00509854
11 117 0.000208995
11 118 -0.00379481
11 119 0

12 0 0
12 1 -0.00333466
12 2 0.0016367
12 3 0.00559262
12 4 0.00849267
12 5 0.0099241
12 6 0.00852147
12 7 0.00491063
12 8 0.000250762
12 9 -0.00520161
12 10 -0.0101222
12 11 -0.0127278
12 12 -0.0136997
12 13 -0.0123448
12 14 -0.00795198
12 15 -0.00288825
12 16 0.00364355
12 17 0.010854
12 18 0.0163309
12 19 0.0207096
12 20 0.0223859
12 21 0.0214749
12 22 0.017334
12 23 0.0102989
12 24 0.00269729
12 25 -0.0069507
12 26 -0.015588
12 27 -0.0224382
12 28 -0.0270823
12 29 -0.0286951
12 30 -0.028388
12 31 -0.02424
12 32 -0.0195259
12 33 -0.0137436
12 34 -0.00804427
12 35 -0.00243492
12 36 0.0029503
12 37 0.00650162
12 38 0.0107269
12 39 0.0142038
12 40 0.0189465
12 41 0.0222123
12 42 0.0255135
12 43 0.0277221
12 44 0.029592
12 45 0.0301877
12 46 0.0286602
12 47 0.025832
12 48 0.0215286
12 49 0.018388
12 50 0.015364
12 51 0.0144396
12 52 0.0130545
12 53 0.0129285
12 54 0.0114897
12 55 0.0110096
12 56 0.00930551
12 57 0.00885557
12 58 0.00751431
12 59 0.00763815
12 60 0.00699643
12 61 0.00781622
12 62 0.00776614
12 63 0.00896838
12 64 0.00898506
12 65 0.00998689
12 66 0.00972128
12 67 0.0108124
12 68 0.0114778
12 69 0.0144648
12 70 0.0175675
12 71 0.0222293
12 72 0.0253484
12 73 0.0277587
12 74 0.0278842
12 75 0.0274787
12 76 0.0264699
12 77 0.0251193
12 78 0.0234635
12 79 0.0208369
12 80 0.0191279
12 81 0.0166263
12 82 0.0145307
12 83 0.00979228
12 84 0.00468981
12 85 -0.00199479
12 86 -0.00882871
12 87 -0.0162489
12 88 -0.0232445
12 89 -0.027366
12 90 -0.0298775
12 91 -0.0289298
12 92 -0.0260596
12 93 -0.0196406
12 94 -0.0119393
12 95 -0.00421708
12 96 0.00420218
12 97 0.0108118
12 98 0.016062
12 99 0.018455
12 100 0.0192329
12 101 0.0181036
12 102 0.0142101
12 103 0.0103202
12 104 0.00515388
12 105 -0.000508613
12 106 -0.0051611
12 107 -0.00937969
12 108 -0.0118309
12 109 -0.0122499
12 110 -0.0106621
12 111 -0.00715687
12 112 -0.00248882
12 113 0.00247735
12 114 0.00637288
12 115 0.00876106
12 116 0.00892589
12 117 0.00683925
12 118 0.00364675
12 119 0

13 0 0
13 1 0.00447676
13 2 0.00841875
13 3 0.0096827
13 4 0.0102406
13 5 0.00797475
13 6 0.00319766
13 7 -0.001639
13 8 -0.0072512
13 9 -0.0117462
13 10 -0.0139542
13 11 -0.0146443
13 12 -0.0123448
13 13 -0.00815374
13 14 -0.00279628
13 15 0.00416501
13 16 0.0104265
13 17 0.0162004
13 18 0.020842
13 19 0.0222113
13 20 0.0217175
13 21 0.0184204
13 22 0.0118641
13 23 0.00399703
13 24 -0.00507484
13 25 -0.013871
13 26 -0.0218924
13 27 -0.0275953
13 28 -0.0296662
13 29 -0.0297077
13 30 -0.0264298
13 31 -0.0207416
13 32 -0.0134301
13 33 -0.00591427
13 34 0.000541224
13 35 0.00701148
13 36 0.0116088
13 37 0.0151193
13 38 0.0169219
13 39 0.0187647
13 40 0.0206967
13 41 0.0221252
13 42 0.0233281
13 43 0.0235613
13 44 0.0242137
13 45 0.0234519
13 46 0.0219937
13 47 0.0181526
13 48 0.0139472
13 49 0.00930404
13 50 0.0061992
13 51 0.00402003
13 52 0.00309779
13 53 0.00240183
13 54 0.00180904
13 55 0.00101946
13 56 8.94236e-05
13 57 -0.000714331
13 58 -0.00145243
13 59 -0.00175188
13 60 -0.00190559
13 61 -0.00160145
13 62 -0.00128407
13 63 -0.000778846
13 64 -0.000513409
13 65 -0.000330283
13 66 -0.000176492
13 67 0.000384063
13 68 0.00206241
13 69 0.00492068
13 70 0.00921517
13 71 0.0133905
13 72 0.0171972
13 73 0.0189648
13 74 0.0201962
13 75 0.0203049
13 76 0.0212021
13 77 0.0212637
13 78 0.0216533
13 79 0.0214175
13 80 0.0218633
13 81 0.0219386
13 82 0.0206548
13 83 0.0176644
13 84 0.0125665
13 85 0.00683208
13 86 -0.000967294
13 87 -0.00907672
13 88 -0.0170985
13 89 -0.023057
13 90 -0.0269954
13 91 -0.0291665
13 92 -0.0278224
13 93 -0.0242552
13 94 -0.0185032
13 95 -0.0119172
13 96 -0.00440688
13 97 0.00348078
13 98 0.00955193
13 99 0.0150255
13 100 0.0187969
13 101 0.0200923
13 102 0.0197621
13 103 0.0170375
13 104 0.012779
13 105 0.00697847
13 106 0.000236427
13 107 -0.00577607
13 108 -0.0115954
13 109 -0.0150761
13 110 -0.0156109
13 111 -0.0147242
13 112 -0.009996
13 113 -0.00370277
13 114 0.00153686
13 115 0.00803925
13 116 0.0117458
13 117 0.0114394
13 118 0.0112168
13 119 0

14 0 0
14 1 0.0109773
14 2 0.0126119
14 3 0.013594
14 4 0.0108498
14 5 0.0043894
14 6 -0.00139451
14 7 -0.00827611
14 8 -0.0141441
14 9 -0.0159599
14 10 -0.0165259
14 11 -0.0135836
14 12 -0.00795198
14 13 -0.00279628
14 14 0.0044505
14 15 0.0107789
14 16 0.0150183
14 17 0.0188152
14 18 0.0197875
14 19 0.0190484
14 20 0.015949
14 21 0.0109067
14 22 0.00493741
14 23 -0.00312225
14 24 -0.0102678
14 25 -0.0171222
14 26 -0.0230224
14 27 -0.0261568
14 28 -0.0269084
14 29 -0.0244527
14 30 -0.0203277
14 31 -0.0135399
14 32 -0.00546619
14 33 0.00218954
14 34 0.00891696
14 35 0.0140545
14 36 0.0181196
14 37 0.0196759
14 38 0.0196919
14 39 0.0186752
14 40 0.0179411
14 41 0.0171473
14 42 0.016083
14 43 0.0149003
14 44 0.0137663
14 45 0.0126938
14 46 0.0106304
14 47 0.00735478
14 48 0.00278515
14 49 -0.00168896
14 50 -0.00541035
14 51 -0.00750244
14 52 -0.00854267
14 53 -0.00870048
14 54 -0.00889362
14 55 -0.00903999
14 56 -0.00955041
14 57 -0.00994864
14 58 -0.0104543
14 59 -0.010605
14 60 -0.0107255
14 61 -0.0105034
14 62 -0.0104086
14 63 -0.0102359
14 64 -0.010462
14 65 -0.0106892
14 66 -0.0109904
14 67 -0.0104541
14 68 -0.00889033
14 69 -0.00571303
14 70 -0.00176803
14 71 0.00232166
14 72 0.00519869
14 73 0.00701839
14 74 0.0080118
14 75 0.00935994
14 76 0.0109938
14 77 0.0129423
14 78 0.0148749
14 79 0.0172594
14 80 0.0200997
14 81 0.0223454
14 82 0.0230306
14 83 0.0213319
14 84 0.0182825
14 85 0.0131991
14 86 0.00668805
14 87 -0.00135654
14 88 -0.00870901
14 89 -0.0149138
14 90 -0.0200143
14 91 -0.0230854
14 92 -0.0242537
14 93 -0.0226
14 94 -0.0202558
14 95 -0.0160288
14 96 -0.0104583
14 97 -0.00476619
14 98 0.00172393
14 99 0.00751946
14 100 0.0135148
14 101 0.0175248
14 102 0.019874
14 103 0.021061
14 104 0.0180516
14 105 0.0136555
14 106 0.00733691
14 107 -0.00104668
14 108 -0.00832105
14 109 -0.0152621
14 110 -0.0191194
14 111 -0.0191512
14 112 -0.016789
14 113 -0.0101107
14 114 -0.00203099
14 115 0.00559887
14 116 0.0129693
14 117 0.0163281
14 118 0.0159144
14 119 0

15 0 0
15 1 0.0152247
15 2 0.0163619
15 3 0.0146927
15 4 0.00862284
15 5 0.0010718
15 6 -0.00642684
15 7 -0.0138212
15 8 -0.0174121
15 9 -0.0178661
15 10 -0.0157017
15 11 -0.00961253
15 12 -0.00288825
15 13 0.00416501
15 14 0.0107789
15 15 0.0149439
15 16 0.0175791
15 17 0.0172591
15 18 0.0155965
15 19 0.0123904
15 20 0.00680899
15 21 0.00211878
15 22 -0.0037341
15 23 -0.00950604
15 24 -0.014156
15 25 -0.0181321
15 26 -0.0199618
15 27 -0.0210334
15 28 -0.0188148
15 29 -0.0149226
15 30 -0.00965656
15 31 -0.002659
15 32 0.00445886
15 33 0.0117667
15 34 0.0163563
15 35 0.0199504
15 36 0.0211418
15 37 0.0205152
15 38 0.0175762
15 39 0.0134339
15 40 0.00989695
15 41 0.00639168
15 42 0.00394771
15 43 0.00101499
15 44 -0.000445336
15 45 -0.00215348
15 46 -0.00318908
15 47 -0.00589668
15 48 -0.00906029
15 49 -0.0131128
15 50 -0.0160381
15 51 -0.0178988
15 52 -0.0181561
15 53 -0.0176604
15 54 -0.0168526
15 55 -0.0161701
15 56 -0.0158749
15 57 -0.0156846
15 58 -0.0157835
15 59 -0.0156831
15 60 -0.0157708
15 61 -0.0156537
15 62 -0.0159004
15 63 -0.016234
15 64 -0.0171042
15 65 -0.0180647
15 66 -0.0189331
15 67 -0.0189887
15 68 -0.0177156
15 69 -0.015282
15 70 -0.0120136
15 71 -0.00948974
15 72 -0.00766498
15 73 -0.0073124
15 74 -0.00638422
15 75 -0.005457
15 76 -0.00289923
15 77 -0.000572548
15 78 0.00330734
15 79 0.00741635
15 80 0.0129382
15 81 0.0172985
15 82 0.020286
15 83 0.0212585
15 84 0.0205297
15 85 0.0183571
15 86 0.0134641
15 87 0.00816378
15 88 0.00196572
15 89 -0.00305704
15 90 -0.00855894
15 91 -0.0127445
15 92 -0.0154585
15 93 -0.0175746
15 94 -0.0180675
15 95 -0.0179486
15 96 -0.0152033
15 97 -0.0121858
15 98 -0.00758989
15 99 -0.00103092
15 100 0.00505818
15 101 0.0117411
15 102 0.0168319
15 103 0.0204732
15 104 0.0210922
15 105 0.0179577
15 106 0.0131416
15 107 0.00471966
15 108 -0.00429135
15 109 -0.0119863
15 110 -0.0189071
15 111 -0.0212627
15 112 -0.0197615
15 113 -0.0149357
15 114 -0.00597887
15 115 0.00319435
15 116 0.0114481
15 117 0.017861
15 118 0.0192245
15 119 0

16 0 0
16 1 0.0183995
16 2 0.0167623
16 3 0.0128646
16 4 0.005621
16 5 -0.00361249
16 6 -0.0108345
16 7 -0.0162515
16 8 -0.0185406
16 9 -0.0161176
16 10 -0.0111911
16 11 -0.00447353
16 12 0.00364355
16 13 0.0104265
16 14 0.0150183
16 15 0.0175791
16 16 0.0167599
16 17 0.0134442
16 18 0.0088141
16 19 0.00268996
16 20 -0.00327117
16 21 -0.00847731
16 22 -0.0123464
16 23 -0.0149482
16 24 -0.016496
16 25 -0.0155139
16 26 -0.0139444
16 27 -0.0113253
16 28 -0.00719184
16 29 -0.00231177
16 30 0.00340964
16 31 0.00845424
16 32 0.0142091
16 33 0.0185525
16 34 0.0210863
16 35 0.0215428
16 36 0.0199083
16 37 0.016919
16 38 0.0111971
16 39 0.00520692
16 40 -0.00113646
16 41 -0.00555886
16 42 -0.00948537
16 43 -0.0121636
16 44 -0.0140116
16 45 -0.0147531
16 46 -0.0148289
16 47 -0.0157621
16 48 -0.0172611
16 49 -0.0200407
16 50 -0.0218213
16 51 -0.023219
16 52 -0.022441
16 53 -0.0215129
16 54 -0.0193773
16 55 -0.0182584
16 56 -0.0166972
16 57 -0.0163984
16 58 -0.0155648
16 59 -0.0157565
16 60 -0.0152725
16 61 -0.0158235
16 62 -0.0158823
16 63 -0.0172389
16 64 -0.0182326
16 65 -0.0203197
16 66 -0.0213014
16 67 -0.0222737
16 68 -0.021168
16 69 -0.0199051
16 70 -0.0176925
16 71 -0.0170779
16 72 -0.0169707
16 73 -0.0181051
16 74 -0.0183455
16 75 -0.0178563
16 76 -0.016101
16 77 -0.0133386
16 78 -0.0094608
16 79 -0.00360947
16 80 0.00257305
16 81 0.00895245
16 82 0.0131402
16 83 0.0168188
16 84 0.0185726
16 85 0.0191886
16 86 0.0176522
16 87 0.0152057
16 88 0.0126835
16 89 0.00900667
16 90 0.00519962
16 91 0.000575663
16 92 -0.00337989
16 93 -0.00823682
16 94 -0.0129985
16 95 -0.0162496
16 96 -0.0184311
16 97 -0.0184326
16 98 -0.0164094
16 99 -0.0112214
16 100 -0.00433892
16 101 0.0031114
16 102 0.0112298
16 103 0.0171923
16 104 0.0203351
16 105 0.0205214
16 106 0.0166246
16 107 0.0097698
16 108 0.00148699
16 109 -0.00742987
16 110 -0.0149394
16 111 -0.0192148
16 112 -0.0200311
16 113 -0.016583
16 114 -0.00942348
16 115 -0.000680151
16 116 0.00858237
16 117 0.0158874
16 118 0.019301
16 119 0

17 0 0
17 1 0.0179726
17 2 0.0154396
17 3 0.0104389
17 4 0.00117033
17 5 -0.00766067
17 6 -0.0137282
17 7 -0.0179607
17 8 -0.0168836
17 9 -0.0120897
17 10 -0.00560635
17 11 0.00329114
17 12 0.010854
17 13 0.0162004
17 14 0.0188152
17 15 0.0172591
17 16 0.0134442
17 17 0.00654274
17 18 -0.00143941
17 19 -0.00806205
17 20 -0.0143864
17 21 -0.0178235
17 22 -0.0185966
17 23 -0.017649
17 24 -0.0144167
17 25 -0.0101121
17 26 -0.00480293
17 27 -7.77157e-05
17 28 0.00462461
17 29 0.00968281
17 30 0.01359
17 31 0.0169615
17 32 0.0195094
17 33 0.021456
17 34 0.0215626
17 35 0.0194703
17 36 0.0160383
17 37 0.0108965
17 38 0.00445357
17 39 -0.00318512
17 40 -0.0101219
17 41 -0.0155239
17 42 -0.0192671
17 43 -0.0216266
17 44 -0.0228409
17 45 -0.0224733
17 46 -0.0213981
17 47 -0.0202244
17 48 -0.0202659
17 49 -0.0211022
17 50 -0.0222965
17 51 -0.022577
17 52 -0.0217426
17 53 -0.0197956
17 54 -0.0174507
17 55 -0.0152109
17 56 -0.0134453
17 57 -0.0122422
17 58 -0.0114717
17 59 -0.011095
17 60 -0.0109811
17 61 -0.0112813
17 62 -0.0120222
17 63 -0.0133895
17 64 -0.0152537
17 65 -0.0173398
17 66 -0.0190766
17 67 -0.0198788
17 68 -0.0196539
17 69 -0.0187535
17 70 -0.0183482
17 71 -0.0190111
17 72 -0.0210736
17 73 -0.0232867
17 74 -0.024998
17 75 -0.0252563
17 76 -0.0245373
17 77 -0.0223313
17 78 -0.0185012
17 79 -0.0127248
17 80 -0.00603367
17 81 0.000151045
17 82 0.00557609
17 83 0.0100729
17 84 0.0140594
17 85 0.0164124
17 86 0.0177835
17 87 0.0186184
17 88 0.0190243
17 89 0.0183903
17 90 0.0160131
17 91 0.0131181
17 92 0.00852798
17 93 0.00238924
17 94 -0.00473458
17 95 -0.0116787
17 96 -0.017249
17 97 -0.0216879
17 98 -0.0223832
17 99 -0.0199255
17 100 -0.014824
17 101 -0.00662903
17 102 0.00205983
17 103 0.0105604
17 104 0.0166538
17 105 0.019694
17 106 0.0196153
17 107 0.0145941
17 108 0.00793718
17 109 -0.000151355
17 110 -0.00914173
17 111 -0.0144148
17 112 -0.0177218
17 113 -0.0174052
17 114 -0.0112955
17 115 -0.00448502
17 116 0.00416363
17 117 0.0133885
17 118 0.0167957
17 119 0

18 0 0
18 1 0.0154363
18 2 0.0123071
18 3 0.00471881
18 4 -0.00377836
18 5 -0.0102857
18 6 -0.0156083
18 7 -0.0164137
18 8 -0.012654
18 9 -0.00697893
18 10 0.00184638
18 11 0.010185
18 12 0.0163309
18 13 0.020842
18 14 0.0197875
18 15 0.0155965
18 16 0.0088141
18 17 -0.00143941
18 18 -0.0103567
18 19 -0.0182492
18 20 -0.0235171
18 21 -0.0249992
18 22 -0.0234014
18 23 -0.0178219
18 24 -0.0114847
18 25 -0.00345444
18 26 0.0045318
18 27 0.0106397
18 28 0.0160495
18 29 0.019406
18 30 0.0219588
18 31 0.0221215
18 32 0.0216354
18 33 0.02058
18 34 0.0179796
18 35 0.0142063
18 36 0.00868786
18 37 0.0031358
18 38 -0.00390804
18 39 -0.0109843
18 40 -0.0178708
18 41 -0.0225619
18 42 -0.0253098
18 43 -0.0263542
18 44 -0.0259109
18 45 -0.0242083
18 46 -0.0211075
18 47 -0.0182372
18 48 -0.0159409
18 49 -0.0154293
18 50 -0.0152023
18 51 -0.0152155
18 52 -0.0137901
18 53 -0.0118743
18 54 -0.00893847
18 55 -0.00655585
18 56 -0.00416607
18 57 -0.00287103
18 58 -0.00167623
18 59 -0.00141419
18 60 -0.00111144
18 61 -0.00174006
18 62 -0.00248372
18 63 -0.00432418
18 64 -0.00619342
18 65 -0.00863949
18 66 -0.0101337
18 67 -0.0112111
18 68 -0.0109618
18 69 -0.0111094
18 70 -0.0117018
18 71 -0.0143461
18 72 -0.0177578
18 73 -0.0217832
18 74 -0.0245885
18 75 -0.0265957
18 76 -0.0271899
18 77 -0.0265202
18 78 -0.023764
18 79 -0.0190678
18 80 -0.0137273
18 81 -0.00829587
18 82 -0.00359766
18 83 0.00171734
18 84 0.00616626
18 85 0.0105992
18 86 0.0141293
18 87 0.0184348
18 88 0.0221212
18 89 0.0242938
18 90 0.0249653
18 91 0.023207
18 92 0.0196526
18 93 0.0122484
18 94 0.00382681
18 95 -0.00567252
18 96 -0.0150716
18 97 -0.0221565
18 98 -0.0265951
18 99 -0.0262254
18 100 -0.0231991
18 101 -0.0159756
18 102 -0.00625306
18 103 0.00254458
18 104 0.0116087
18 105 0.0172534
18 106 0.0194165
18 107 0.0183571
18 108 0.0131399
18 109 0.00679006
18 110 -0.00126802
18 111 -0.00856114
18 112 -0.0125417
18 113 -0.0147494
18 114 -0.0125739
18 115 -0.00708428
18 116 -0.000954023
18 117 0.00665338
18 118 0.0123507
18 119 0

19 0 0
19 1 0.0114948
19 2 0.00600498
19 3 -0.00119374
19 4 -0.00798846
19 5 -0.0130744
19 6 -0.0150283
19 7 -0.0128131
19 8 -0.0077184
19 9 -0.00013423
19 10 0.00867736
19 11 0.0157395
19 12 0.0207096
19 13 0.0222113
19 14 0.0190484
19 15 0.0123904
19 16 0.00268996
19 17 -0.00806205
19 18 -0.0182492
19 19 -0.0257813
19 20 -0.0292499
19 21 -0.0292483
19 22 -0.0240456
19 23 -0.0158231
19 24 -0.00638602
19 25 0.00386696
19 26 0.0126706
19 27 0.0197785
19 28 0.0233844
19 29 0.0250625
19 30 0.0246079
19 31 0.021805
19 32 0.0185228
19 33 0.0145167
19 34 0.0109337
19 35 0.00586262
19 36 0.000843764
19 37 -0.00442896
19 38 -0.00968852
19 39 -0.0150887
19 40 -0.0202711
19 41 -0.0232151
19 42 -0.024569
19 43 -0.0234941
19 44 -0.0218514
19 45 -0.0182695
19 46 -0.0143083
19 47 -0.00953178
19 48 -0.00625682
19 49 -0.00417956
19 50 -0.00374952
19 51 -0.00338043
19 52 -0.00257154
19 53 -0.000763963
19 54 0.00167321
19 55 0.00414168
19 56 0.00634701
19 57 0.00781233
19 58 0.00887873
19 59 0.00923247
19 60 0.00935407
19 61 0.00875175
19 62 0.00780156
19 63 0.00607203
19 64 0.00417355
19 65 0.00222291
19 66 0.00102139
19 67 0.00066708
19 68 0.000867106
19 69 0.000761527
19 70 -0.000924952
19 71 -0.00416041
19 72 -0.00893009
19 73 -0.0133242
19 74 -0.0175136
19 75 -0.02022
19 76 -0.0226847
19 77 -0.0230543
19 78 -0.022256
19 79 -0.0192429
19 80 -0.0163878
19 81 -0.0132141
19 82 -0.0101411
19 83 -0.0063343
19 84 -0.00211147
19 85 0.00194311
19 86 0.00733959
19 87 0.0131926
19 88 0.0198178
19 89 0.0245302
19 90 0.0280986
19 91 0.0290286
19 92 0.0263738
19 93 0.020366
19 94 0.0112444
19 95 0.00116057
19 96 -0.0104117
19 97 -0.0200803
19 98 -0.0264947
19 99 -0.029554
19 100 -0.0280149
19 101 -0.0227419
19 102 -0.0140551
19 103 -0.00454105
19 104 0.00492763
19 105 0.0130997
19 106 0.0174732
19 107 0.0191666
19 108 0.0174976
19 109 0.0124431
19 110 0.00628961
19 111 -0.00044141
19 112 -0.006548
19 113 -0.0104122
19 114 -0.0116276
19 115 -0.0101443
19 116 -0.00595488
19 117 -0.000224517
19 118 0.00512372
19 119 0

20 0 0
20 1 0.00600571
20 2 0.00117081
20 3 -0.00643995
20 4 -0.0122402
20 5 -0.01394
20 6 -0.0138316
20 7 -0.00916814
20 8 -0.00140196
20 9 0.00605027
20 10 0.0144764
20 11 0.0204821
20 12 0.0223859
20 13 0.0217175
20 14 0.015949
20 15 0.00680899
20 16 -0.00327117
20 17 -0.0143864
20 18 -0.0235171
20 19 -0.0292499
20 20 -0.0307987
20 21 -0.0276755
20 22 -0.0207991
20 23 -0.0106007
20 24 0.000120491
20 25 0.0100535
20 26 0.0187594
20 27 0.0240143
20 28 0.0257655
20 29 0.0245349
20 30 0.0212755
20 31 0.0164553
20 32 0.0107106
20 33 0.00587218
20 34 0.0015922
20 35 -0.00235444
20 36 -0.00617517
20 37 -0.00939525
20 38 -0.011985
20 39 -0.0148523
20 40 -0.0172337
20 41 -0.0186009
20 42 -0.017797
20 43 -0.0155914
20 44 -0.01223
20 45 -0.0080739
20 46 -0.00311375
20 47 0.00212393
20 48 0.00628777
20 49 0.0088252
20 50 0.00938226
20 51 0.00936165
20 52 0.00929934
20 53 0.0103664
20 54 0.011902
20 55 0.0140524
20 56 0.0157161
20 57 0.0172186
20 58 0.0178919
20 59 0.0183874
20 60 0.018147
20 61 0.017743
20 62 0.0165458
20 63 0.015228
20 64 0.0134843
20 65 0.0124165
20 66 0.0118782
20 67 0.012538
20 68 0.0131775
20 69 0.0132927
20 70 0.0113569
20 71 0.00780035
20 72 0.00295312
20 73 -0.00169597
20 74 -0.0059334
20 75 -0.00956796
20 76 -0.0125829
20 77 -0.0144945
20 78 -0.0147874
20 79 -0.0144057
20 80 -0.0138836
20 81 -0.0138771
20 82 -0.0131269
20 83 -0.0117095
20 84 -0.00945337
20 85 -0.0063061
20 86 -0.00141223
20 87 0.00545815
20 88 0.0126344
20 89 0.0195201
20 90 0.0250609
20 91 0.0284121
20 92 0.0279429
20 93 0.0235658
20 94 0.0166412
20 95 0.00692772
20 96 -0.00399154
20 97 -0.0142996
20 98 -0.0223546
20 99 -0.0271745
20 100 -0.0286773
20 101 -0.02551
20 102 -0.0195295
20 103 -0.0117241
20 104 -0.00191815
20 105 0.00652768
20 106 0.0134611
20 107 0.0182708
20 108 0.0191611
20 109 0.0177405
20 110 0.0133231
20 111 0.00683213
20 112 0.000550898
20 113 -0.00600243
20 114 -0.0103752
20 115 -0.0116029
20 116 -0.0108298
20 117 -0.00668541
20 118 -0.00119002
20 119 0

21 0 0
