0 0 0
0 1 -0.00256343
0 2 -0.00200932
0 3 -0.000908774
0 4 0.000527096
0 5 0.00197902
0 6 0.00300874
0 7 0.00335487
0 8 0.00302219
0 9 0.00218317
0 10 0.00110237
0 11 -0.000170303
0 12 -0.00142948
0 13 -0.00248075
0 14 -0.00301509
0 15 -0.00293709
0 16 -0.00249487
0 17 -0.00182023
0 18 -0.00130522
0 19 -0.000986214
0 20 -0.00118599
0 21 -0.0018422
0 22 -0.00256217
0 23 -0.00305916
0 24 -0.00280013
0 25 -0.00186186
0 26 -0.00010703
0 27 0.00212551
0 28 0.00423154
0 29 0.00559341
0 30 0.00595132
0 31 0.00527805
0 32 0.0038429
0 33 0.00203734
0 34 0.000210802
0 35 -0.00103563
0 36 -0.00178241
0 37 -0.00172836
0 38 -0.000979487
0 39 0.000176202
0 40 0.00113193
0 41 0.00171133
0 42 0.00176532
0 43 0.00137539
0 44 0.00068346
0 45 1.85346e-05
0 46 -0.000308039
0 47 -0.000174057
0 48 0.000663206
0 49 0.0018786
0 50 0.0032574
0 51 0.00459911
0 52 0.00576411
0 53 0.00620703
0 54 0.00616295
0 55 0.00570914
0 56 0.00509647
0 57 0.00435968
0 58 0.00389999
0 59 0.00362151
0 60 0.00365964
0 61 0.00376547
0 62 0.00396187
0 63 0.00397984
0 64 0.00394656
0 65 0.00373706
0 66 0.00362149
0 67 0.00358011
0 68 0.00386215
0 69 0.00433552
0 70 0.00509637
0 71 0.00574546
0 72 0.00624934
0 73 0.00635568
0 74 0.00599091
0 75 0.00491225
0 76 0.00367285
0 77 0.00239531
0 78 0.00129387
0 79 0.000554203
0 80 0.000523101
0 81 0.000915502
0 82 0.00164051
0 83 0.00233264
0 84 0.00270492
0 85 0.00255501
0 86 0.0018536
0 87 0.000692958
0 88 -0.000691673
0 89 -0.00173355
0 90 -0.00208688
0 91 -0.0016558
0 92 -0.000697553
0 93 0.000895803
0 94 0.00253707
0 95 0.00393866
0 96 0.00467816
0 97 0.00456558
0 98 0.00354767
0 99 0.00195347
0 100 0.000284912
0 101 -0.000823761
0 102 -0.00115056
0 103 -0.000863067
0 104 3.74721e-05
0 105 0.000924173
0 106 0.00150117
0 107 0.00125554
0 108 0.000214147
0 109 -0.0013432
0 110 -0.00316337
0 111 -0.00472195
0 112 -0.00562505
0 113 -0.00542846
0 114 -0.00420177
0 115 -0.00227591
0 116 -0.000177653
0 117 0.00171022
0 118 0.00308973
0 119 0.00375366
0 120 0.00366729
0 121 0.00292029
0 122 0.00181957
0 123 0.000547907
0 124 -0.000674425
0 125 -0.00171718
0 126 -0.00235428
0 127 0

1 0 -0.00256343
1 1 -0.0251144
1 2 -0.0193145
1 3 -0.00828018
1 4 0.0060972
1 5 0.0201358
1 6 0.0298466
1 7 0.0327082
1 8 0.0286925
1 9 0.0199445
1 10 0.00849273
1 11 -0.00414319
1 12 -0.0163426
1 13 -0.0258275
1 14 -0.0301356
1 15 -0.0289353
1 16 -0.0237698
1 17 -0.0169329
1 18 -0.0108433
1 19 -0.00744078
1 20 -0.00867367
1 21 -0.0141494
1 22 -0.0207679
1 23 -0.0247937
1 24 -0.0230621
1 25 -0.014369
1 26 0.00108031
1 27 0.020663
1 28 0.0387488
1 29 0.050255
1 30 0.0528019
1 31 0.0464366
1 32 0.033427
1 33 0.0168886
1 34 0.00113419
1 35 -0.0103932
1 36 -0.0162984
1 37 -0.0152383
1 38 -0.00780299
1 39 0.00254065
1 40 0.0116643
1 41 0.0169045
1 42 0.0175754
1 43 0.0142148
1 44 0.00780653
1 45 0.00155468
1 46 -0.00179116
1 47 -0.00082543
1 48 0.00575115
1 49 0.0168575
1 50 0.0292346
1 51 0.0414394
1 52 0.0516777
1 53 0.056932
1 54 0.0570305
1 55 0.0536988
1 56 0.048049
1 57 0.0416998
1 58 0.0366625
1 59 0.033559
1 60 0.0324346
1 61 0.032741
1 62 0.0334037
1 63 0.0335788
1 64 0.0332245
1 65 0.0323998
1 66 0.0319686
1 67 0.0330197
1 68 0.0361236
1 69 0.0412449
1 70 0.0477851
1 71 0.0537357
1 72 0.0574999
1 73 0.0579569
1 74 0.0533964
1 75 0.0439638
1 76 0.0326794
1 77 0.0212873
1 78 0.011214
1 79 0.00564179
1 80 0.00561272
1 81 0.00972818
1 82 0.0165253
1 83 0.0231486
1 84 0.0263343
1 85 0.0250169
1 86 0.0186252
1 87 0.00782925
1 88 -0.00467897
1 89 -0.0146799
1 90 -0.0185886
1 91 -0.0155997
1 92 -0.00684993
1 93 0.00657261
1 94 0.0214674
1 95 0.0338258
1 96 0.0407086
1 97 0.0400094
1 98 0.0316723
1 99 0.0179717
1 100 0.00372406
1 101 -0.00585016
1 102 -0.00863301
1 103 -0.00506446
1 104 0.00299985
1 105 0.0116696
1 106 0.0166029
1 107 0.0142406
1 108 0.00413243
1 109 -0.0112624
1 110 -0.0287913
1 111 -0.0441705
1 112 -0.053007
1 113 -0.0520692
1 114 -0.0411251
1 115 -0.0236016
1 116 -0.00387884
1 117 0.0141102
1 118 0.0275565
1 119 0.0347186
1 120 0.0346851
1 121 0.0284966
1 122 0.0181359
1 123 0.00593739
1 124 -0.00606794
1 125 -0.0161956
1 126 -0.0222464
1 127 -0.00235428

2 0 -0.00200932
2 1 -0.0193145
2 2 -0.0140795
2 3 -0.0044007
2 4 0.00796667
2 5 0.0194673
2 6 0.0269303
2 7 0.0281079
2 8 0.0233825
2 9 0.0147323
2 10 0.00403411
2 11 -0.00695571
2 12 -0.0168045
2 13 -0.0234378
2 14 -0.025492
2 15 -0.022791
2 16 -0.0169021
2 17 -0.0098564
2 18 -0.00368282
2 19 -0.00097662
2 20 -0.00257864
2 21 -0.00856472
2 22 -0.0159056
2 23 -0.0212218
2 24 -0.022185
2 25 -0.0165742
2 26 -0.00519979
2 27 0.00980257
2 28 0.0238922
2 29 0.0331786
2 30 0.0355826
2 31 0.0314181
2 32 0.0219918
2 33 0.0101771
2 34 -0.000391944
2 35 -0.00777215
2 36 -0.00987542
2 37 -0.00645951
2 38 0.00157684
2 39 0.0108202
2 40 0.0188025
2 41 0.0229186
2 42 0.022716
2 43 0.0186189
2 44 0.0117754
2 45 0.00449814
2 46 -0.000326424
2 47 -0.00122818
2 48 0.00216879
2 49 0.0101188
2 50 0.0199422
2 51 0.0294811
2 52 0.037149
2 53 0.0421352
2 54 0.0429732
2 55 0.0405556
2 56 0.0355174
2 57 0.0300336
2 58 0.0250051
2 59 0.0213462
2 60 0.0187825
2 61 0.0178947
2 62 0.0174095
2 63 0.0173333
2 64 0.0172011
2 65 0.0174876
2 66 0.0181996
2 67 0.020617
2 68 0.0241749
2 69 0.0291538
2 70 0.0346537
2 71 0.0397825
2 72 0.0423713
2 73 0.0418006
2 74 0.0371657
2 75 0.029959
2 76 0.0209486
2 77 0.0117613
2 78 0.00446874
2 79 0.00180848
2 80 0.00338675
2 81 0.00890629
2 82 0.0167043
2 83 0.0239963
2 84 0.0282402
2 85 0.0284153
2 86 0.0238691
2 87 0.0152059
2 88 0.00486225
2 89 -0.00452578
2 90 -0.00958749
2 91 -0.00926203
2 92 -0.00366003
2 93 0.00524588
2 94 0.0158158
2 95 0.0244294
2 96 0.0286097
2 97 0.0269147
2 98 0.0193729
2 99 0.00777489
2 100 -0.00386949
2 101 -0.0114029
2 102 -0.0129273
2 103 -0.00802964
2 104 0.000426783
2 105 0.00975971
2 106 0.0157131
2 107 0.0151248
2 108 0.00760364
2 109 -0.00542513
2 110 -0.0205285
2 111 -0.0341809
2 112 -0.042506
2 113 -0.042937
2 114 -0.035024
2 115 -0.0214081
2 116 -0.00566214
2 117 0.0089927
2 118 0.0200871
2 119 0.0266313
2 120 0.0276031
2 121 0.0237406
2 122 0.0163956
2 123 0.00718146
2 124 -0.0017928
2 125 -0.00945366
2 126 -0.0139936
2 127 -0.00149548

3 0 -0.000908774
3 1 -0.00828018
3 2 -0.0044007
3 3 0.00240535
3 4 0.0104511
3 5 0.0175208
3 6 0.0208209
3 7 0.0195661
3 8 0.0139213
3 9 0.00601275
3 10 -0.00275504
3 11 -0.010734
3 12 -0.0162628
3 13 -0.0188393
3 14 -0.0169745
3 15 -0.0124287
3 16 -0.00552353
3 17 0.00151582
3 18 0.00644012
3 19 0.00800176
3 20 0.00434245
3 21 -0.00262074
3 22 -0.0114169
3 23 -0.0187588
3 24 -0.0229468
3 25 -0.021514
3 26 -0.0156024
3 27 -0.00677172
3 28 0.0024715
3 29 0.00847192
3 30 0.012111
3 31 0.0109927
3 32 0.00732013
3 33 0.00271521
3 34 -0.00096108
3 35 -0.00243945
3 36 0.000680166
3 37 0.00687252
3 38 0.015115
3 39 0.0235935
3 40 0.0288326
3 41 0.0315819
3 42 0.0298709
3 43 0.0242667
3 44 0.0158767
3 45 0.00801535
3 46 0.00065882
3 47 -0.00277968
3 48 -0.00324704
3 49 -0.000283341
3 50 0.00455502
3 51 0.0109886
3 52 0.0162022
3 53 0.019499
3 54 0.0201079
3 55 0.0190779
3 56 0.0158924
3 57 0.0112043
3 58 0.00628955
3 59 0.00208673
3 60 -0.00134945
3 61 -0.0038058
3 62 -0.00534696
3 63 -0.00603796
3 64 -0.00556075
3 65 -0.00424587
3 66 -0.00199397
3 67 0.00120122
3 68 0.00520882
3 69 0.00987076
3 70 0.0143797
3 71 0.017313
3 72 0.0181966
3 73 0.0173617
3 74 0.01398
3 75 0.00860673
3 76 0.00218835
3 77 -0.00269096
3 78 -0.00549733
3 79 -0.00489729
3 80 -0.00112848
3 81 0.00657414
3 82 0.0149383
3 83 0.0238884
3 84 0.0301149
3 85 0.0325384
3 86 0.0304135
3 87 0.0259067
3 88 0.0178867
3 89 0.0102128
3 90 0.00414339
3 91 0.00125164
3 92 0.00242628
3 93 0.00590444
3 94 0.0098502
3 95 0.0129825
3 96 0.0133595
3 97 0.00911825
3 98 0.00272369
3 99 -0.00676376
3 100 -0.0152028
3 101 -0.0206063
3 102 -0.0206844
3 103 -0.0152059
3 104 -0.00605497
3 105 0.00399914
3 106 0.0117264
3 107 0.0149538
3 108 0.01142
3 109 0.00345042
3 110 -0.00780925
3 111 -0.0183153
3 112 -0.025692
3 113 -0.0281564
3 114 -0.0246189
3 115 -0.0172682
3 116 -0.00771165
3 117 0.00101854
3 118 0.00824117
3 119 0.0128923
3 120 0.0150465
3 121 0.0147151
3 122 0.0121686
3 123 0.0089565
3 124 0.00523329
3 125 0.00262028
3 126 0.000820503
3 127 4.42264e-05

4 0 0.000527096
4 1 0.0060972
4 2 0.00796667
4 3 0.0104511
4 4 0.0129292
4 5 0.0136443
4 6 0.0119054
4 7 0.00742911
4 8 0.00118807
4 9 -0.00516593
4 10 -0.0108958
4 11 -0.0141161
4 12 -0.014695
4 13 -0.0118506
4 14 -0.00676942
4 15 -0.000565262
4 16 0.00640893
4 17 0.0118477
4 18 0.0158356
4 19 0.0148415
4 20 0.0103119
4 21 0.00251134
4 22 -0.00729559
4 23 -0.0157308
4 24 -0.0231828
4 25 -0.0255122
4 26 -0.0247353
4 27 -0.021589
4 28 -0.0175746
4 29 -0.0133811
4 30 -0.010009
4 31 -0.00722799
4 32 -0.0052609
4 33 -0.00330925
4 34 0.000737933
4 35 0.00477263
4 36 0.012186
4 37 0.0203555
4 38 0.0282616
4 39 0.033289
4 40 0.0366487
4 41 0.03644
4 42 0.0329905
4 43 0.0264705
4 44 0.0181044
4 45 0.00884775
4 46 0.000329788
4 47 -0.00577085
4 48 -0.0109023
4 49 -0.0122522
4 50 -0.0113137
4 51 -0.00963172
4 52 -0.00881037
4 53 -0.00571101
4 54 -0.00415378
4 55 -0.00385883
4 56 -0.0061066
4 57 -0.00842213
4 58 -0.0126667
4 59 -0.016688
4 60 -0.0217385
4 61 -0.0249733
4 62 -0.0279788
4 63 -0.0285164
4 64 -0.028142
4 65 -0.0253153
4 66 -0.0222767
4 67 -0.0174665
4 68 -0.0137204
4 69 -0.0098143
4 70 -0.00788956
4 71 -0.00609765
4 72 -0.00691555
4 73 -0.009036
4 74 -0.0127738
4 75 -0.0142126
4 76 -0.0165838
4 77 -0.0180863
4 78 -0.0173541
4 79 -0.0125694
4 80 -0.00683845
4 81 0.001751
4 82 0.0110896
4 83 0.0201353
4 84 0.0273619
4 85 0.032201
4 86 0.0338004
4 87 0.0324625
4 88 0.0293708
4 89 0.023793
4 90 0.017722
4 91 0.0123754
4 92 0.0100202
4 93 0.00709412
4 94 0.0057858
4 95 0.00344424
4 96 -0.000116872
4 97 -0.00545898
4 98 -0.011731
4 99 -0.0187196
4 100 -0.0244651
4 101 -0.0279835
4 102 -0.0275709
4 103 -0.0213083
4 104 -0.0132303
4 105 -0.00267765
4 106 0.00599287
4 107 0.0120834
4 108 0.0138631
4 109 0.010822
4 110 0.00566182
4 111 -0.000736542
4 112 -0.00600373
4 113 -0.0100609
4 114 -0.0117248
4 115 -0.0116632
4 116 -0.0103258
4 117 -0.00879028
4 118 -0.00712821
4 119 -0.00461463
4 120 -0.001452
4 121 0.00257417
4 122 0.00638741
4 123 0.0102555
4 124 0.0138799
4 125 0.0170413
4 126 0.0189661
4 127 0.00194537

5 0 0.00197902
5 1 0.0201358
5 2 0.0194673
5 3 0.0175208
5 4 0.0136443
5 5 0.00835695
5 6 0.00135038
5 7 -0.00576545
5 8 -0.0121472
5 9 -0.0167197
5 10 -0.0187063
5 11 -0.01761
5 12 -0.0125849
5 13 -0.00524525
5 14 0.00328988
5 15 0.0106102
5 16 0.0167206
5 17 0.0208707
5 18 0.021863
5 19 0.0192636
5 20 0.0129982
5 21 0.00532407
5 22 -0.00354633
5 23 -0.0119517
5 24 -0.0196966
5 25 -0.0244977
5 26 -0.0275918
5 27 -0.0298774
5 28 -0.030316
5 29 -0.0295259
5 30 -0.0253199
5 31 -0.0201904
5 32 -0.0135767
5 33 -0.00542529
5 34 0.00331526
5 35 0.0116851
5 36 0.0214075
5 37 0.0297088
5 38 0.035032
5 39 0.0375213
5 40 0.0366077
5 41 0.0348618
5 42 0.030455
5 43 0.0237831
5 44 0.0160404
5 45 0.00847735
5 46 -0.00028391
5 47 -0.00730285
5 48 -0.0145609
5 49 -0.020701
5 50 -0.0245249
5 51 -0.0259233
5 52 -0.0268277
5 53 -0.0257125
5 54 -0.0235871
5 55 -0.0212967
5 56 -0.0203282
5 57 -0.0212023
5 58 -0.0240392
5 59 -0.0282208
5 60 -0.0333024
5 61 -0.0381409
5 62 -0.0416659
5 63 -0.0430368
5 64 -0.0417276
5 65 -0.0382939
5 66 -0.0335633
5 67 -0.0286772
5 68 -0.0247221
5 69 -0.0222529
5 70 -0.0217859
5 71 -0.0233462
5 72 -0.0262638
5 73 -0.0292235
5 74 -0.0311831
5 75 -0.0313173
5 76 -0.0309112
5 77 -0.0282089
5 78 -0.0230513
5 79 -0.0167765
5 80 -0.0104757
5 81 -0.00224461
5 82 0.00518917
5 83 0.0132124
5 84 0.0206643
5 85 0.0264563
5 86 0.0300801
5 87 0.0335605
5 88 0.0339493
5 89 0.0320779
5 90 0.0271499
5 91 0.0210143
5 92 0.0156025
5 93 0.00947501
5 94 0.00275751
5 95 -0.00335395
5 96 -0.009451
5 97 -0.0158988
5 98 -0.0201617
5 99 -0.0242973
5 100 -0.0269385
5 101 -0.0291102
5 102 -0.0286707
5 103 -0.0245994
5 104 -0.0180208
5 105 -0.00965018
5 106 -0.000689702
5 107 0.00808011
5 108 0.0140552
5 109 0.0172742
5 110 0.0173562
5 111 0.0160175
5 112 0.0127099
5 113 0.00747775
5 114 0.00104677
5 115 -0.00604426
5 116 -0.0124047
5 117 -0.0183923
5 118 -0.0219312
5 119 -0.0224194
5 120 -0.0183957
5 121 -0.0107624
5 122 -0.00114383
5 123 0.00990314
5 124 0.0202871
5 125 0.0298365
5 126 0.0354541
5 127 0.00371905

6 0 0.00300874
6 1 0.0298466
6 2 0.0269303
6 3 0.0208209
6 4 0.0119054
6 5 0.00135038
6 6 -0.00933487
6 7 -0.0180475
6 8 -0.0235767
6 9 -0.0254401
6 10 -0.0237737
6 11 -0.0180093
6 12 -0.008893
6 13 0.00211243
6 14 0.0119254
6 15 0.0185428
6 16 0.0226529
6 17 0.0234719
6 18 0.0223142
6 19 0.0176849
6 20 0.0117879
6 21 0.00612645
6 22 -1.36158e-05
6 23 -0.00535649
6 24 -0.0115979
6 25 -0.0164601
6 26 -0.0216495
6 27 -0.0274876
6 28 -0.0322547
6 29 -0.0337446
6 30 -0.0311568
6 31 -0.0249425
6 32 -0.0159486
6 33 -0.00520729
6 34 0.00649806
6 35 0.0161479
6 36 0.0255196
6 37 0.0316434
6 38 0.0335099
6 39 0.0310553
6 40 0.0273729
6 41 0.0233605
6 42 0.0190461
6 43 0.0142609
6 44 0.00995138
6 45 0.00524242
6 46 -0.000635184
6 47 -0.00667786
6 48 -0.0148035
6 49 -0.0227786
6 50 -0.0290433
6 51 -0.0333355
6 52 -0.0364483
6 53 -0.0350989
6 54 -0.031618
6 55 -0.0271035
6 56 -0.0238983
6 57 -0.0218961
6 58 -0.0232928
6 59 -0.0267285
6 60 -0.032534
6 61 -0.0378704
6 62 -0.0424193
6 63 -0.043691
6 64 -0.0423429
6 65 -0.0377389
6 66 -0.0323798
6 67 -0.0266141
6 68 -0.0232847
6 69 -0.022094
6 70 -0.0244038
6 71 -0.0280434
6 72 -0.0331261
6 73 -0.0373091
6 74 -0.0395144
6 75 -0.0373633
6 76 -0.034181
6 77 -0.0290517
6 78 -0.0223137
6 79 -0.0153048
6 80 -0.0103825
6 81 -0.00529474
6 82 -0.0012336
6 83 0.00300488
6 84 0.00802359
6 85 0.0133646
6 86 0.0188255
6 87 0.0248348
6 88 0.0300249
6 89 0.0316147
6 90 0.0291368
6 91 0.0236599
6 92 0.0176556
6 93 0.00909833
6 94 0.00069947
6 95 -0.00726457
6 96 -0.0136902
6 97 -0.0183244
6 98 -0.0201214
6 99 -0.0203151
6 100 -0.0200273
6 101 -0.0210592
6 102 -0.021853
6 103 -0.0204501
6 104 -0.0183375
6 105 -0.0134352
6 106 -0.007139
6 107 0.00168144
6 108 0.0106273
6 109 0.0179738
6 110 0.0239972
6 111 0.0274435
6 112 0.0275778
6 113 0.0225478
6 114 0.0129968
6 115 0.00060611
6 116 -0.0123225
6 117 -0.0243968
6 118 -0.0329175
6 119 -0.0360217
6 120 -0.0322142
6 121 -0.022237
6 122 -0.00868833
6 123 0.0071967
6 124 0.0226146
6 125 0.0363952
6 126 0.0449548
6 127 0.00474846

7 0 0.00335487
7 1 0.0327082
7 2 0.0281079
7 3 0.0195661
7 4 0.00742911
7 5 -0.00576545
7 6 -0.0180475
7 7 -0.0266328
7 8 -0.0302386
7 9 -0.0295814
7 10 -0.0244418
7 11 -0.0158003
7 12 -0.00399271
7 13 0.00837087
7 14 0.0174813
7 15 0.0222418
7 16 0.0225436
7 17 0.0202177
7 18 0.0160945
7 19 0.010676
7 20 0.00643576
7 21 0.00443068
7 22 0.004021
7 23 0.00383633
7 24 0.00243792
7 25 -0.000449926
7 26 -0.00567333
7 27 -0.0140778
7 28 -0.0223759
7 29 -0.0272638
7 30 -0.0273371
7 31 -0.0223748
7 32 -0.0139118
7 33 -0.00284568
7 34 0.0081638
7 35 0.0170799
7 36 0.0234468
7 37 0.0258526
7 38 0.0228638
7 39 0.016118
7 40 0.00917789
7 41 0.00414926
7 42 0.000882109
7 43 -0.000736401
7 44 -8.10183e-05
7 45 0.00032843
7 46 -0.000723015
7 47 -0.00368225
7 48 -0.00992361
7 49 -0.0184429
7 50 -0.0255756
7 51 -0.0312135
7 52 -0.03466
7 53 -0.0335099
7 54 -0.0282241
7 55 -0.0217131
7 56 -0.0156772
7 57 -0.0116407
7 58 -0.0110852
7 59 -0.0142305
7 60 -0.0199449
7 61 -0.0262058
7 62 -0.0310201
7 63 -0.0327508
7 64 -0.0308195
7 65 -0.0258132
7 66 -0.0193878
7 67 -0.0135363
7 68 -0.010311
7 69 -0.0108352
7 70 -0.0149303
7 71 -0.0210973
7 72 -0.027863
7 73 -0.0334983
7 74 -0.0351483
7 75 -0.0323086
7 76 -0.0274351
7 77 -0.0211616
7 78 -0.0136285
7 79 -0.00841531
7 80 -0.0065241
7 81 -0.00647666
7 82 -0.00777758
7 83 -0.00910363
7 84 -0.00784016
7 85 -0.00453086
7 86 0.00105782
7 87 0.00908368
7 88 0.0175436
7 89 0.0227577
7 90 0.0231147
7 91 0.0197769
7 92 0.0140589
7 93 0.00602058
7 94 -0.00251997
7 95 -0.0093067
7 96 -0.0136987
7 97 -0.014376
7 98 -0.0116958
7 99 -0.00689199
7 100 -0.00313386
7 101 -0.00311447
7 102 -0.00558351
7 103 -0.00892835
7 104 -0.0124044
7 105 -0.0140532
7 106 -0.0121699
7 107 -0.00603517
7 108 0.00350594
7 109 0.0136824
7 110 0.0238543
7 111 0.0322208
7 112 0.0356949
7 113 0.0325746
7 114 0.0220463
7 115 0.00713326
7 116 -0.00946421
7 117 -0.0252776
7 118 -0.0369468
7 119 -0.0423461
7 120 -0.0394292
7 121 -0.0295229
7 122 -0.0149442
7 123 0.00213226
7 124 0.0192744
7 125 0.0346192
7 126 0.0443677
7 127 0.00474793

8 0 0.00302219
8 1 0.0286925
8 2 0.0233825
8 3 0.0139213
8 4 0.00118807
8 5 -0.0121472
8 6 -0.0235767
8 7 -0.0302386
8 8 -0.0314606
8 9 -0.0280975
8 10 -0.0209877
8 11 -0.0109172
8 12 0.00122173
8 13 0.0124014
8 14 0.019343
8 15 0.0203087
8 16 0.0167291
8 17 0.010748
8 18 0.00417586
8 19 -0.000794922
8 20 -0.00231673
8 21 0.0014453
8 22 0.00844912
8 23 0.0159133
8 24 0.0214365
8 25 0.0227808
8 26 0.0187337
8 27 0.00901478
8 28 -0.00260102
8 29 -0.0118112
8 30 -0.0157528
8 31 -0.0146241
8 32 -0.00900601
8 33 -0.000567257
8 34 0.00742702
8 35 0.0132316
8 36 0.0155971
8 37 0.0132047
8 38 0.00545898
8 39 -0.00481205
8 40 -0.0143953
8 41 -0.0198347
8 42 -0.0211145
8 43 -0.0187489
8 44 -0.0129555
8 45 -0.00620262
8 46 -0.00167525
8 47 -0.000309783
8 48 -0.00311618
8 49 -0.0102686
8 50 -0.0178265
8 51 -0.0232554
8 52 -0.0256505
8 53 -0.0242183
8 54 -0.0181609
8 55 -0.00969818
8 56 -0.00111863
8 57 0.00457503
8 58 0.00617618
8 59 0.00335275
8 60 -0.00228183
8 61 -0.00917384
8 62 -0.0144166
8 63 -0.0164375
8 64 -0.0141475
8 65 -0.00863414
8 66 -0.00147193
8 67 0.00443463
8 68 0.00752574
8 69 0.00618668
8 70 0.000740107
8 71 -0.00761751
8 72 -0.015893
8 73 -0.0218227
8 74 -0.0231902
8 75 -0.0208378
8 76 -0.0155458
8 77 -0.00828511
8 78 -0.00154589
8 79 0.000646678
8 80 -0.00144139
8 81 -0.00689344
8 82 -0.014621
8 83 -0.0215271
8 84 -0.0249314
8 85 -0.0246847
8 86 -0.0200269
8 87 -0.0110168
8 88 -0.000889403
8 89 0.00711679
8 90 0.0102826
8 91 0.00917542
8 92 0.00502292
8 93 -0.000972919
8 94 -0.00739441
8 95 -0.0110325
8 96 -0.010708
8 97 -0.00584825
8 98 0.00329779
8 99 0.0139849
8 100 0.0217618
8 101 0.0231095
8 102 0.0185901
8 103 0.00968219
8 104 -0.000765455
8 105 -0.0102183
8 106 -0.01515
8 107 -0.0134241
8 108 -0.0061911
8 109 0.00481773
8 110 0.0173793
8 111 0.0291473
8 112 0.0362606
8 113 0.0356873
8 114 0.0268028
8 115 0.012239
8 116 -0.00470521
8 117 -0.0212082
8 118 -0.033873
8 119 -0.0405247
8 120 -0.0391955
8 121 -0.0311972
8 122 -0.0188998
8 123 -0.00403621
8 124 0.0110357
8 125 0.025029
8 126 0.0342713
8 127 0.00373033

9 0 0.00218317
9 1 0.0199445
9 2 0.0147323
9 3 0.00601275
9 4 -0.00516593
9 5 -0.0167197
9 6 -0.0254401
9 7 -0.0295814
9 8 -0.0280975
9 9 -0.0229331
9 10 -0.0147856
9 11 -0.00460434
9 12 0.00597145
9 13 0.0150336
9 14 0.0179059
9 15 0.0150369
9 16 0.00701237
9 17 -0.00259141
9 18 -0.0104494
9 19 -0.0148203
9 20 -0.0117829
9 21 -0.0018574
9 22 0.0133351
9 23 0.0290296
9 24 0.0419665
9 25 0.0479974
9 26 0.046181
9 27 0.0361495
9 28 0.0214888
9 29 0.00884328
9 30 -0.00114635
9 31 -0.0047968
9 32 -0.00417982
9 33 -0.000515253
9 34 0.00341381
9 35 0.00558687
9 36 0.00320871
9 37 -0.00328439
9 38 -0.0143363
9 39 -0.0278022
9 40 -0.037658
9 41 -0.0433142
9 42 -0.0426684
9 43 -0.0363844
9 44 -0.0249897
9 45 -0.0137563
9 46 -0.00355487
9 47 0.00151112
9 48 0.00157053
9 49 -0.00333798
9 50 -0.00885515
9 51 -0.0143677
9 52 -0.0167749
9 53 -0.0142243
9 54 -0.00642463
9 55 0.0028511
9 56 0.0120229
9 57 0.0189573
9 58 0.0213589
9 59 0.0185753
9 60 0.0123091
9 61 0.00502496
9 62 -0.000676223
9 63 -0.00263083
9 64 -0.000423005
9 65 0.00555843
9 66 0.013118
9 67 0.0197386
9 68 0.0228619
9 69 0.020923
9 70 0.0144159
9 71 0.0058234
9 72 -0.00294623
9 73 -0.010084
9 74 -0.0121058
9 75 -0.00904581
9 76 -0.00309612
9 77 0.00290788
9 78 0.00799203
9 79 0.00804428
9 80 0.00269561
9 81 -0.00798566
9 82 -0.0201213
9 83 -0.0327293
9 84 -0.0405693
9 85 -0.0431256
9 86 -0.0394933
9 87 -0.0319466
9 88 -0.020527
9 89 -0.0116201
9 90 -0.00656626
9 91 -0.00547952
9 92 -0.007894
9 93 -0.0117248
9 94 -0.0141972
9 95 -0.0132631
9 96 -0.00735177
9 97 0.00507202
9 98 0.0201218
9 99 0.0370774
9 100 0.0485736
9 101 0.0515391
9 102 0.045329
9 103 0.0318559
9 104 0.0143631
9 105 -0.00279507
9 106 -0.0150687
9 107 -0.019912
9 108 -0.0159332
9 109 -0.00677361
9 110 0.00701603
9 111 0.0207482
9 112 0.0306538
9 113 0.0332754
9 114 0.0269132
9 115 0.015076
9 116 -2.63333e-05
9 117 -0.0143399
9 118 -0.0259324
9 119 -0.0321927
9 120 -0.0322905
9 121 -0.0274237
9 122 -0.0192002
9 123 -0.00984698
9 124 0.000651147
9 125 0.0102974
9 126 0.0174527
9 127 0.00201661

10 0 0.00110237
10 1 0.00849273
10 2 0.00403411
10 3 -0.00275504
10 4 -0.0108958
10 5 -0.0187063
10 6 -0.0237737
10 7 -0.0244418
10 8 -0.0209877
10 9 -0.0147856
10 10 -0.00703757
10 11 0.00145764
10 12 0.00985238
10 13 0.0151915
10 14 0.0151074
10 15 0.00875277
10 16 -0.00225548
10 17 -0.013745
10 18 -0.0232612
10 19 -0.0259573
10 20 -0.0201076
10 21 -0.00505384
10 22 0.0167576
10 23 0.0391643
10 24 0.0586001
10 25 0.0690377
10 26 0.0689129
10 27 0.0584939
10 28 0.0419265
10 29 0.0245347
10 30 0.0103938
10 31 0.00121737
10 32 -0.00291719
10 33 -0.00336708
10 34 -0.00367678
10 35 -0.00478839
10 36 -0.00997747
10 37 -0.0191158
10 38 -0.0320933
10 39 -0.044835
10 40 -0.0549037
10 41 -0.0591014
10 42 -0.0562455
10 43 -0.0469283
10 44 -0.0331295
10 45 -0.0178018
10 46 -0.00497933
10 47 0.00240003
10 48 0.00489686
10 49 0.00133757
10 50 -0.00464389
10 51 -0.00928054
10 52 -0.00989113
10 53 -0.00740003
10 54 -0.00010465
10 55 0.00943816
10 56 0.0196327
10 57 0.0262496
10 58 0.0282576
10 59 0.024715
10 60 0.0184281
10 61 0.0102617
10 62 0.00438956
10 63 0.00191773
10 64 0.00453541
10 65 0.0105757
10 66 0.0189435
10 67 0.0254964
10 68 0.0293701
10 69 0.0277916
10 70 0.0216963
10 71 0.0121376
10 72 0.00333752
10 73 -0.00311571
10 74 -0.00466692
10 75 -0.00307903
10 76 0.002587
10 77 0.0095124
10 78 0.0139769
10 79 0.0121142
10 80 0.00519939
10 81 -0.00765562
10 82 -0.0233268
10 83 -0.0381765
10 84 -0.0489492
10 85 -0.0540724
10 86 -0.0525162
10 87 -0.0457986
10 88 -0.0365643
10 89 -0.0274304
10 90 -0.0218854
10 91 -0.0200132
10 92 -0.0214787
10 93 -0.0227858
10 94 -0.0228494
10 95 -0.0177888
10 96 -0.00657796
10 97 0.0110435
10 98 0.0325554
10 99 0.0541144
10 100 0.0693202
10 101 0.0740714
10 102 0.0671229
10 103 0.049875
10 104 0.0279392
10 105 0.00469989
10 106 -0.0130476
10 107 -0.0226474
10 108 -0.0230387
10 109 -0.015442
10 110 -0.00322435
10 111 0.0107482
10 112 0.021633
10 113 0.0261444
10 114 0.0232066
10 115 0.0149162
10 116 0.0041959
10 117 -0.00600704
10 118 -0.0141695
10 119 -0.018838
10 120 -0.0199963
10 121 -0.0188275
10 122 -0.0164832
10 123 -0.0140558
10 124 -0.0105648
10 125 -0.00650195
10 126 -0.00247683
10 127 -2.13904e-05

11 0 -0.000170303
11 1 -0.00414319
11 2 -0.00695571
11 3 -0.010734
11 4 -0.0141161
11 5 -0.01761
11 6 -0.0180093
11 7 -0.0158003
11 8 -0.0109172
11 9 -0.00460434
11 10 0.00145764
11 11 0.00824697
11 12 0.0132417
11 13 0.0157558
11 14 0.012642
11 15 0.00386467
11 16 -0.00861463
11 17 -0.0220317
11 18 -0.0314899
11 19 -0.0337011
11 20 -0.0253693
11 21 -0.00728127
11 22 0.0179615
11 23 0.0441996
11 24 0.0667712
11 25 0.0792132
11 26 0.0796728
11 27 0.0694102
11 28 0.05114
11 29 0.0320611
11 30 0.0138563
11 31 0.00122033
11 32 -0.00628045
11 33 -0.0101612
11 34 -0.0123643
11 35 -0.0147526
11 36 -0.0208198
11 37 -0.0302066
11 38 -0.0418593
11 39 -0.0536046
11 40 -0.060932
11 41 -0.0640274
11 42 -0.0596158
11 43 -0.0486585
11 44 -0.0333039
11 45 -0.0180547
11 46 -0.00465746
11 47 0.00221294
11 48 0.00407882
11 49 0.000929257
11 50 -0.00451781
11 51 -0.00984108
11 52 -0.0112769
11 53 -0.0082823
11 54 -0.000948327
11 55 0.00797051
11 56 0.0168798
11 57 0.0231687
11 58 0.024324
11 59 0.0203687
11 60 0.0131147
11 61 0.0047809
11 62 -0.00162812
11 63 -0.00381343
11 64 -0.00164069
11 65 0.00478668
11 66 0.0131524
11 67 0.0205315
11 68 0.024639
11 69 0.0237911
11 70 0.0178481
11 71 0.00949643
11 72 0.00117627
11 73 -0.00530867
11 74 -0.00743141
11 75 -0.00487237
11 76 0.00154116
11 77 0.00826765
11 78 0.0125548
11 79 0.0118679
11 80 0.00586851
11 81 -0.00685435
11 82 -0.0219374
11 83 -0.0376185
11 84 -0.049582
11 85 -0.0557642
11 86 -0.0551574
11 87 -0.0512043
11 88 -0.0433402
11 89 -0.0362947
11 90 -0.031494
11 91 -0.0302367
11 92 -0.0318544
11 93 -0.0331223
11 94 -0.0311106
11 95 -0.0241891
11 96 -0.010093
11 97 0.0112512
11 98 0.0352303
11 99 0.0597991
11 100 0.0769887
11 101 0.0838157
11 102 0.0775326
11 103 0.0599666
11 104 0.0359736
11 105 0.0107107
11 106 -0.0103496
11 107 -0.0233345
11 108 -0.0265069
11 109 -0.0217443
11 110 -0.0106967
11 111 0.00147588
11 112 0.0124162
11 113 0.0178598
11 114 0.0175485
11 115 0.0134807
11 116 0.00739065
11 117 0.00303122
11 118 -0.000605986
11 119 -0.00203214
11 120 -0.00340672
11 121 -0.00569304
11 122 -0.00933002
11 123 -0.0150993
11 124 -0.0195576
11 125 -0.0228727
11 126 -0.0230232
11 127 -0.0021756

12 0 -0.00142948
12 1 -0.0163426
12 2 -0.0168045
12 3 -0.0162628
12 4 -0.014695
12 5 -0.0125849
12 6 -0.008893
12 7 -0.00399271
12 8 0.00122173
12 9 0.00597145
12 10 0.00985238
12 11 0.0132417
12 12 0.0155777
12 13 0.0152512
12 14 0.0108155
12 15 0.00189434
12 16 -0.0106214
12 17 -0.0233655
12 18 -0.0331464
12 19 -0.0348375
12 20 -0.0265062
12 21 -0.00862701
12 22 0.0163127
12 23 0.0421675
12 24 0.0644269
12 25 0.0762384
12 26 0.0759893
12 27 0.064967
12 28 0.0467615
12 29 0.0262985
12 30 0.00732089
12 31 -0.00664753
12 32 -0.0148722
12 33 -0.0187325
12 34 -0.0204496
12 35 -0.0214625
12 36 -0.0256878
12 37 -0.0327949
12 38 -0.0419136
12 39 -0.0496937
12 40 -0.0547113
12 41 -0.0558851
12 42 -0.0510233
12 43 -0.0402813
12 44 -0.0269131
12 45 -0.0134493
12 46 -0.00293595
12 47 0.00132023
12 48 0.000953016
12 49 -0.003722
12 50 -0.0108413
12 51 -0.0171832
12 52 -0.019126
12 53 -0.0170647
12 54 -0.0109781
12 55 -0.00340747
12 56 0.00459668
12 57 0.00962113
12 58 0.0100266
12 59 0.00543734
12 60 -0.00168751
12 61 -0.0102651
12 62 -0.0163641
12 63 -0.0187487
12 64 -0.0165189
12 65 -0.0105627
12 66 -0.00211136
12 67 0.00492525
12 68 0.00946482
12 69 0.00907789
12 70 0.00414147
12 71 -0.00367287
12 72 -0.0109453
12 73 -0.0166017
12 74 -0.0180863
12 75 -0.0154232
12 76 -0.00819459
12 77 -7.63569e-05
12 78 0.00573863
12 79 0.00725511
12 80 0.00419118
12 81 -0.00531558
12 82 -0.0179136
12 83 -0.0308798
12 84 -0.0416056
12 85 -0.0472143
12 86 -0.0473986
12 87 -0.0446985
12 88 -0.0399194
12 89 -0.0346903
12 90 -0.0319338
12 91 -0.0324813
12 92 -0.036123
12 93 -0.0386312
12 94 -0.0380568
12 95 -0.0316856
12 96 -0.017892
12 97 0.00305837
12 98 0.027381
12 99 0.0515208
12 100 0.0696625
12 101 0.0779308
12 102 0.0736688
12 103 0.057796
12 104 0.0359135
12 105 0.0119712
12 106 -0.00800828
12 107 -0.0211916
12 108 -0.0255652
12 109 -0.0219951
12 110 -0.0136949
12 111 -0.00371449
12 112 0.00483441
12 113 0.00989807
12 114 0.0112384
12 115 0.0104468
12 116 0.00972549
12 117 0.0111084
12 118 0.0134122
12 119 0.015691
12 120 0.0150311
12 121 0.00998043
12 122 0.000524418
12 123 -0.0127239
12 124 -0.0255632
12 125 -0.0360529
12 126 -0.0409454
12 127 -0.00409937

13 0 -0.00248075
13 1 -0.0258275
13 2 -0.0234378
13 3 -0.0188393
13 4 -0.0118506
13 5 -0.00524525
13 6 0.00211243
13 7 0.00837087
13 8 0.0124014
13 9 0.0150336
13 10 0.0151915
13 11 0.0157558
13 12 0.0152512
13 13 0.0132382
13 14 0.00929722
13 15 0.00147868
13 16 -0.00824111
13 17 -0.0194877
13 18 -0.0281667
13 19 -0.0298372
13 20 -0.0230335
13 21 -0.0076552
13 22 0.0133531
13 23 0.0355046
13 24 0.053793
13 25 0.0627908
13 26 0.0599872
13 27 0.0484445
13 28 0.0306111
13 29 0.0108065
13 30 -0.00694085
13 31 -0.0199299
13 32 -0.0263677
13 33 -0.028237
13 34 -0.0269118
13 35 -0.0248285
13 36 -0.0246393
13 37 -0.0278866
13 38 -0.0325937
13 39 -0.0363232
13 40 -0.0386795
13 41 -0.0390366
13 42 -0.0346841
13 43 -0.0260434
13 44 -0.016602
13 45 -0.00730198
13 46 -0.00148511
13 47 -0.00124387
13 48 -0.00489173
13 49 -0.0113113
13 50 -0.0206624
13 51 -0.0284115
13 52 -0.0314969
13 53 -0.0304009
13 54 -0.0265987
13 55 -0.0205364
13 56 -0.0138809
13 57 -0.00963825
13 58 -0.00996509
13 59 -0.0138872
13 60 -0.0202045
13 61 -0.0276074
13 62 -0.0331634
13 63 -0.035081
13 64 -0.0333626
13 65 -0.0280133
13 66 -0.0208172
13 67 -0.0147256
13 68 -0.0110223
13 69 -0.0109338
13 70 -0.0153869
13 71 -0.0222557
13 72 -0.0284646
13 73 -0.0323797
13 74 -0.0334666
13 75 -0.0302853
13 76 -0.0222589
13 77 -0.0124901
13 78 -0.00543485
13 79 -0.000986686
13 80 -0.000235497
13 81 -0.00494049
13 82 -0.0130673
13 83 -0.0213636
13 84 -0.0290524
13 85 -0.032728
13 86 -0.0322267
13 87 -0.0302803
13 88 -0.0277958
13 89 -0.0250557
13 90 -0.0246857
13 91 -0.0283549
13 92 -0.0344917
13 93 -0.0399555
13 94 -0.0420017
13 95 -0.0387251
13 96 -0.0276281
13 97 -0.0101904
13 98 0.0113739
13 99 0.0328319
13 100 0.0499816
13 101 0.0594883
13 102 0.0577806
13 103 0.046045
13 104 0.02876
13 105 0.0100475
13 106 -0.00617929
13 107 -0.0163575
13 108 -0.0201291
13 109 -0.0170906
13 110 -0.0109935
13 111 -0.00485595
13 112 0.000697525
13 113 0.00318147
13 114 0.00478467
13 115 0.00591442
13 116 0.00910845
13 117 0.0160472
13 118 0.0237956
13 119 0.0306047
13 120 0.0315458
13 121 0.0252858
13 122 0.0118263
13 123 -0.00727703
13 124 -0.0269686
13 125 -0.0439493
13 126 -0.0532571
13 127 -0.0054922

14 0 -0.00301509
14 1 -0.0301356
14 2 -0.025492
14 3 -0.0169745
14 4 -0.00676942
14 5 0.00328988
14 6 0.0119254
14 7 0.0174813
14 8 0.019343
14 9 0.0179059
14 10 0.0151074
14 11 0.012642
14 12 0.0108155
14 13 0.00929722
14 14 0.00714478
14 15 0.00357242
14 16 -0.00236754
14 17 -0.010227
14 18 -0.0172327
14 19 -0.0194146
14 20 -0.0150397
14 21 -0.00439613
14 22 0.0102696
14 23 0.0256565
14 24 0.0378566
14 25 0.041631
14 26 0.0364831
14 27 0.0243903
14 28 0.00827835
14 29 -0.00870339
14 30 -0.0239138
14 31 -0.033966
14 32 -0.0373912
14 33 -0.0358458
14 34 -0.0306238
14 35 -0.0235903
14 36 -0.0189775
14 37 -0.0171804
14 38 -0.0171062
14 39 -0.0172026
14 40 -0.0172139
14 41 -0.0170174
14 42 -0.0150009
14 43 -0.0102627
14 44 -0.00537407
14 45 -0.00198429
14 46 -0.0011753
14 47 -0.00475483
14 48 -0.0115669
14 49 -0.0198732
14 50 -0.0290208
14 51 -0.0376221
14 52 -0.0425838
14 53 -0.0432512
14 54 -0.0405877
14 55 -0.0365039
14 56 -0.0318168
14 57 -0.028592
14 58 -0.0279639
14 59 -0.0301368
14 60 -0.0342117
14 61 -0.0393985
14 62 -0.0429857
14 63 -0.044252
14 64 -0.0430937
14 65 -0.0396323
14 66 -0.0346068
14 67 -0.0307438
14 68 -0.0288459
14 69 -0.0298212
14 70 -0.0334668
14 71 -0.038649
14 72 -0.0432836
14 73 -0.046544
14 74 -0.0464732
14 75 -0.0420885
14 76 -0.0339665
14 77 -0.0251795
14 78 -0.0170102
14 79 -0.0101073
14 80 -0.00609591
14 81 -0.00617466
14 82 -0.00844652
14 83 -0.0119528
14 84 -0.0150152
14 85 -0.015286
14 86 -0.013718
14 87 -0.0122266
14 88 -0.0110448
14 89 -0.0107297
14 90 -0.0129285
14 91 -0.0188971
14 92 -0.0282129
14 93 -0.0365278
14 94 -0.0417485
14 95 -0.0421317
14 96 -0.0356261
14 97 -0.0230423
14 98 -0.00741046
14 99 0.00916006
14 100 0.0234973
14 101 0.032653
14 102 0.0339911
14 103 0.0272684
14 104 0.0166787
14 105 0.00520909
14 106 -0.00435024
14 107 -0.00988421
14 108 -0.010422
14 109 -0.0070256
14 110 -0.00271623
14 111 -0.000103218
14 112 0.000378623
14 113 -0.000574261
14 114 -0.0017279
14 115 -0.00078116
14 116 0.00427373
14 117 0.0145053
14 118 0.0272805
14 119 0.0379603
14 120 0.0418825
14 121 0.0362891
14 122 0.0215616
14 123 -7.02826e-05
14 124 -0.0239545
14 125 -0.0448675
14 126 -0.0575174
14 127 -0.00603234

15 0 -0.00293709
15 1 -0.0289353
15 2 -0.022791
15 3 -0.0124287
15 4 -0.000565262
15 5 0.0106102
15 6 0.0185428
15 7 0.0222418
15 8 0.0203087
15 9 0.0150369
15 10 0.00875277
15 11 0.00386467
15 12 0.00189434
15 13 0.00147868
15 14 0.00357242
15 15 0.00522322
15 16 0.00519817
15 17 0.00226209
15 18 -0.00255603
15 19 -0.00490877
15 20 -0.0042399
15 21 0.00027724
15 22 0.00687028
15 23 0.0143949
15 24 0.0190368
15 25 0.0184579
15 26 0.010951
15 27 -0.000562376
15 28 -0.0131908
15 29 -0.0270365
15 30 -0.0372788
15 31 -0.0436
15 32 -0.0433554
15 33 -0.0381276
15 34 -0.0290757
15 35 -0.0189613
15 36 -0.00962611
15 37 -0.00369769
15 38 0.000146916
15 39 0.00395214
15 40 0.00506765
15 41 0.00511372
15 42 0.00490074
15 43 0.00548772
15 44 0.00398256
15 45 0.0025513
15 46 -0.00162199
15 47 -0.00772784
15 48 -0.0154773
15 49 -0.0230558
15 50 -0.0326544
15 51 -0.0403512
15 52 -0.0446114
15 53 -0.0462243
15 54 -0.0469044
15 55 -0.0449712
15 56 -0.0415808
15 57 -0.0388495
15 58 -0.0374467
15 59 -0.0367463
15 60 -0.0369697
15 61 -0.0382222
15 62 -0.0391383
15 63 -0.0394416
15 64 -0.0390477
15 65 -0.0380823
15 66 -0.0368032
15 67 -0.0366753
15 68 -0.0375125
15 69 -0.0392482
15 70 -0.0423607
15 71 -0.046385
15 72 -0.0489843
15 73 -0.0492448
15 74 -0.0485499
15 75 -0.0454461
15 76 -0.038776
15 77 -0.0303294
15 78 -0.0236134
15 79 -0.0166586
15 80 -0.0108733
15 81 -0.00671157
15 82 -0.00467646
15 83 -0.00204645
15 84 -0.000899555
15 85 0.00164123
15 86 0.00427207
15 87 0.00626216
15 88 0.00535996
15 89 0.00442827
15 90 0.00047553
15 91 -0.00741294
15 92 -0.0176441
15 93 -0.0277183
15 94 -0.0356495
15 95 -0.039402
15 96 -0.0375805
15 97 -0.0319424
15 98 -0.022297
15 99 -0.0129855
15 100 -0.00297268
15 101 0.00443651
15 102 0.00712567
15 103 0.00538589
15 104 0.0018775
15 105 -0.00124542
15 106 -0.00276661
15 107 -0.00154849
15 108 0.00161257
15 109 0.00678177
15 110 0.00890718
15 111 0.00768423
15 112 0.00285702
15 113 -0.00348659
15 114 -0.00817229
15 115 -0.00988609
15 116 -0.00467717
15 117 0.00691505
15 118 0.0228368
15 119 0.0369798
15 120 0.0438963
15 121 0.0409726
15 122 0.0275941
15 123 0.0069778
15 124 -0.0175453
15 125 -0.0395041
15 126 -0.0534156
15 127 -0.00567165

16 0 -0.00249487
16 1 -0.0237698
16 2 -0.0169021
16 3 -0.00552353
16 4 0.00640893
16 5 0.0167206
16 6 0.0226529
16 7 0.0225436
16 8 0.0167291
16 9 0.00701237
16 10 -0.00225548
16 11 -0.00861463
16 12 -0.0106214
16 13 -0.00824111
16 14 -0.00236754
16 15 0.00519817
16 16 0.0109188
16 17 0.0126313
16 18 0.0108104
16 19 0.00807776
16 20 0.00594783
16 21 0.00479064
16 22 0.00423581
16 23 0.00390864
16 24 0.00228431
16 25 -0.00277952
16 26 -0.0108329
16 27 -0.019859
16 28 -0.0282711
16 29 -0.035773
16 30 -0.041108
16 31 -0.0429578
16 32 -0.0398471
16 33 -0.0325697
16 34 -0.0223092
16 35 -0.0101984
16 36 0.000467043
16 37 0.00879096
16 38 0.0156162
16 39 0.0205362
16 40 0.0227142
16 41 0.0224945
16 42 0.0198187
16 43 0.0161479
16 44 0.0112206
16 45 0.00479429
16 46 -0.00193304
16 47 -0.00866697
16 48 -0.0155591
16 49 -0.0214127
16 50 -0.0265075
16 51 -0.031462
16 52 -0.0353225
16 53 -0.0380756
16 54 -0.0396737
16 55 -0.0398423
16 56 -0.0389781
16 57 -0.0373955
16 58 -0.03409
16 59 -0.029803
16 60 -0.025641
16 61 -0.0222116
16 62 -0.0196003
16 63 -0.0186101
16 64 -0.0192849
16 65 -0.0216068
16 66 -0.0247953
16 67 -0.0287956
16 68 -0.0330196
16 69 -0.0363968
16 70 -0.0381988
16 71 -0.0394695
16 72 -0.0398926
16 73 -0.0391072
16 74 -0.0373574
16 75 -0.0347111
16 76 -0.0311058
16 77 -0.0274862
16 78 -0.0230982
16 79 -0.0176161
16 80 -0.0120417
16 81 -0.00614955
16 82 -9.56917e-06
16 83 0.00524517
16 84 0.0100448
16 85 0.0146432
16 86 0.0176359
16 87 0.0189332
16 88 0.0180323
16 89 0.0154562
16 90 0.0112247
16 91 0.00408719
16 92 -0.00556432
16 93 -0.0147451
16 94 -0.0227092
16 95 -0.0282375
16 96 -0.0305456
16 97 -0.0305788
16 98 -0.0291942
16 99 -0.0267796
16 100 -0.0229464
16 101 -0.0185813
16 102 -0.0152881
16 103 -0.0134979
16 104 -0.0111771
16 105 -0.00738451
16 106 -0.00202271
16 107 0.00467898
16 108 0.0121712
16 109 0.0183323
16 110 0.0198513
16 111 0.0152213
16 112 0.0056145
16 113 -0.00545533
16 114 -0.0152084
16 115 -0.0199468
16 116 -0.0169186
16 117 -0.0053602
16 118 0.0120967
16 119 0.0286875
16 120 0.039222
16 121 0.0399
16 122 0.0306498
16 123 0.0134514
16 124 -0.00864015
16 125 -0.0294581
16 126 -0.0434336
16 127 -0.00467114

17 0 -0.00182023
17 1 -0.0169329
17 2 -0.0098564
17 3 0.00151582
17 4 0.0118477
17 5 0.0208707
17 6 0.0234719
17 7 0.0202177
17 8 0.010748
17 9 -0.00259141
17 10 -0.013745
17 11 -0.0220317
17 12 -0.0233655
17 13 -0.0194877
17 14 -0.010227
17 15 0.00226209
17 16 0.0126313
17 17 0.0192272
17 18 0.0199736
17 19 0.0176499
17 20 0.0132371
17 21 0.0075842
17 22 0.0011985
17 23 -0.00462256
17 24 -0.0110416
17 25 -0.0176978
17 26 -0.0242213
17 27 -0.0296192
17 28 -0.0317872
17 29 -0.0337761
17 30 -0.0333879
17 31 -0.0315769
17 32 -0.0268171
17 33 -0.0193039
17 34 -0.00975271
17 35 0.000468661
17 36 0.00997681
17 37 0.0178755
17 38 0.0244258
17 39 0.0298306
17 40 0.0316913
17 41 0.0313681
17 42 0.0273048
17 43 0.0213844
17 44 0.0132001
17 45 0.00510643
17 46 -0.00237216
17 47 -0.00725121
17 48 -0.0108918
17 49 -0.0122287
17 50 -0.0132378
17 51 -0.0138553
17 52 -0.0149692
17 53 -0.0174777
17 54 -0.0211104
17 55 -0.0234758
17 56 -0.0247519
17 57 -0.0241509
17 58 -0.0196912
17 59 -0.0123368
17 60 -0.00382441
17 61 0.004387
17 62 0.010435
17 63 0.0125279
17 64 0.0109103
17 65 0.00531319
17 66 -0.00245433
17 67 -0.0106003
17 68 -0.0176104
17 69 -0.0218685
17 70 -0.0223178
17 71 -0.0211115
17 72 -0.018904
17 73 -0.0157334
17 74 -0.01381
17 75 -0.0136468
17 76 -0.0141058
17 77 -0.0145367
17 78 -0.0146961
17 79 -0.0127997
17 80 -0.00954327
17 81 -0.0036718
17 82 0.00322415
17 83 0.0106192
17 84 0.016489
17 85 0.0213257
17 86 0.0233733
17 87 0.0243013
17 88 0.0225172
17 89 0.0204937
17 90 0.0173411
17 91 0.0128168
17 92 0.00674498
17 93 0.000561791
17 94 -0.0055263
17 95 -0.0105295
17 96 -0.0150385
17 97 -0.0199313
17 98 -0.0242606
17 99 -0.0293098
17 100 -0.0312198
17 101 -0.0313929
17 102 -0.029614
17 103 -0.0263132
17 104 -0.0207433
17 105 -0.0125875
17 106 -0.00236455
17 107 0.00826106
17 108 0.0184664
17 109 0.0258932
17 110 0.0262136
17 111 0.0200368
17 112 0.00675132
17 113 -0.00767092
17 114 -0.0209306
17 115 -0.0291478
17 116 -0.0279961
17 117 -0.0186066
17 118 -0.00116563
17 119 0.0159668
17 120 0.0287673
17 121 0.0335313
17 122 0.0289367
17 123 0.0176909
17 124 4.46422e-05
17 125 -0.0171554
17 126 -0.0295551
17 127 -0.0032614

18 0 -0.00130522
18 1 -0.0108433
18 2 -0.00368282
18 3 0.00644012
18 4 0.0158356
18 5 0.021863
18 6 0.0223142
18 7 0.0160945
18 8 0.00417586
18 9 -0.0104494
18 10 -0.0232612
18 11 -0.0314899
18 12 -0.0331464
18 13 -0.0281667
18 14 -0.0172327
18 15 -0.00255603
18 16 0.0108104
18 17 0.0199736
18 18 0.0231413
18 19 0.0213112
18 20 0.0163411
18 21 0.0081992
18 22 -0.000660814
18 23 -0.00945092
18 24 -0.0176654
18 25 -0.023745
18 26 -0.0277344
18 27 -0.0279201
18 28 -0.0249723
18 29 -0.0210941
18 30 -0.0166434
18 31 -0.0123402
18 32 -0.00812928
18 33 -0.00292438
18 34 0.00272166
18 35 0.00833869
18 36 0.0139381
18 37 0.0190538
18 38 0.0244506
18 39 0.0283251
18 40 0.029923
18 41 0.0290907
18 42 0.0251165
18 43 0.018543
18 44 0.0106953
18 45 0.00283773
18 46 -0.00236135
18 47 -0.00379502
18 48 -0.00237481
18 49 0.00185294
18 50 0.00673566
18 51 0.0106717
18 52 0.0123028
18 53 0.0103267
18 54 0.00549025
18 55 0.00107175
18 56 -0.00259317
18 57 -0.00317212
18 58 0.00170163
18 59 0.0112083
18 60 0.0227908
18 61 0.0349046
18 62 0.0433795
18 63 0.0464277
18 64 0.0438645
18 65 0.0358782
18 66 0.0242629
18 67 0.013184
18 68 0.00418726
18 69 -0.000187404
18 70 0.000868051
18 71 0.00495604
18 72 0.0097128
18 73 0.0147624
18 74 0.0167737
18 75 0.0149642
18 76 0.0105689
18 77 0.00494167
18 78 -0.000376759
18 79 -0.00317005
18 80 -0.00341691
18 81 -3.68165e-05
18 82 0.0058994
18 83 0.0120092
18 84 0.0171229
18 85 0.0202735
18 86 0.0210174
18 87 0.0203778
18 88 0.018506
18 89 0.0162504
18 90 0.0151977
18 91 0.01432
18 92 0.0136256
18 93 0.0124944
18 94 0.0108483
18 95 0.00853299
18 96 0.00414871
18 97 -0.00275064
18 98 -0.0112062
18 99 -0.0206144
18 100 -0.0279668
18 101 -0.0317737
18 102 -0.0327727
18 103 -0.0299342
18 104 -0.0241443
18 105 -0.0151507
18 106 -0.00359714
18 107 0.00818147
18 108 0.0194614
18 109 0.0270458
18 110 0.027862
18 111 0.0210082
18 112 0.00745627
18 113 -0.00869296
18 114 -0.0237655
18 115 -0.0341318
18 116 -0.0361743
18 117 -0.0289268
18 118 -0.0145061
18 119 0.00204411
18 120 0.0155882
18 121 0.0233886
18 122 0.0245087
18 123 0.0188135
18 124 0.00774207
18 125 -0.00550349
18 126 -0.0155621
