0 0 0
0 1 0.00316379
0 2 0.00279838
0 3 0.00179188
0 4 0.000145405
0 5 -0.00159124
0 6 -0.00269619
0 7 -0.00292579
0 8 -0.00262139
0 9 -0.00221552
0 10 -0.00184596
0 11 -0.00141642
0 12 -0.00079114
0 13 8.58498e-05
0 14 0.00111092
0 15 0.0020592
0 16 0.0027314
0 17 0.00301847
0 18 0.00289044
0 19 0.00240129
0 20 0.0016499
0 21 0.000731401
0 22 -0.000253112
0 23 -0.00120499
0 24 -0.0020411
0 25 -0.00267869
0 26 -0.00305365
0 27 -0.00313232
0 28 -0.00290504
0 29 -0.00240093
0 30 -0.00167688
0 31 -0.000805973
0 32 0.000124289
0 33 0.00103338
0 34 0.00184971
0 35 0.00251735
0 36 0.00300324
0 37 0.00328943
0 38 0.00337842
0 39 0.00328457
0 40 0.0030317
0 41 0.00265121
0 42 0.00217421
0 43 0.00163429
0 44 0.0010603
0 45 0.000478811
0 46 -8.85788e-05
0 47 -0.000625508
0 48 -0.00111909
0 49 -0.0015624
0 50 -0.00195043
0 51 -0.00228313
0 52 -0.00256138
0 53 -0.00278914
0 54 -0.00297087
0 55 -0.00311222
0 56 -0.00321912
0 57 -0.00329732
0 58 -0.00335273
0 59 -0.00339015
0 60 -0.00341455
0 61 -0.00342926
0 62 -0.00343781
0 63 -0.00344185
0 64 -0.00344323
0 65 -0.00344185
0 66 -0.00343781
0 67 -0.00342926
0 68 -0.00341455
0 69 -0.00339015
0 70 -0.00335273
0 71 -0.00329732
0 72 -0.00321912
0 73 -0.00311222
0 74 -0.00297087
0 75 -0.00278914
0 76 -0.00256138
0 77 -0.00228313
0 78 -0.00195043
0 79 -0.0015624
0 80 -0.00111909
0 81 -0.000625508
0 82 -8.85788e-05
0 83 0.000478811
0 84 0.0010603
0 85 0.00163429
0 86 0.00217421
0 87 0.00265121
0 88 0.0030317
0 89 0.00328457
0 90 0.00337842
0 91 0.00328943
0 92 0.00300324
0 93 0.00251735
0 94 0.00184971
0 95 0.00103338
0 96 0.000124289
0 97 -0.000805973
0 98 -0.00167688
0 99 -0.00240092
0 100 -0.00290504
0 101 -0.00313231
0 102 -0.00305364
0 103 -0.00267864
0 104 -0.00204094
0 105 -0.00120448
0 106 -0.000251593
0 107 0.000735635
0 108 0.00166082
0 109 0.00242725
0 110 0.0029468
0 111 0.00312929
0 112 0.00292584
0 113 0.00235641
0 114 0.00148861
0 115 0.000439234
0 116 -0.000671598
0 117 -0.0018
0 118 -0.00291528
0 119 -0.00386014
0 120 -0.00432261
0 121 -0.00391515
0 122 -0.00240263
0 123 -8.06605e-05
0 124 0.00217211
0 125 0.00354219
0 126 0.00397567
0 127 0

1 0 0.00316379
1 1 0.0309441
1 2 0.026929
1 3 0.0166361
1 4 0.00071995
1 5 -0.0155546
1 6 -0.026083
1 7 -0.0289142
1 8 -0.0265498
1 9 -0.0222737
1 10 -0.0175351
1 11 -0.0121186
1 12 -0.00528756
1 13 0.00316146
1 14 0.0122621
1 15 0.0203146
1 16 0.0258292
1 17 0.0279043
1 18 0.0263082
1 19 0.0214897
1 20 0.0142389
1 21 0.00545579
1 22 -0.00385106
1 23 -0.0127208
1 24 -0.0202908
1 25 -0.0257868
1 26 -0.0286889
1 27 -0.028751
1 28 -0.0260068
1 29 -0.0208226
1 30 -0.0137689
1 31 -0.00556589
1 32 0.00299901
1 33 0.0112136
1 34 0.0184495
1 35 0.0242501
1 36 0.0283371
1 37 0.030582
1 38 0.0310314
1 39 0.029824
1 40 0.0271976
1 41 0.0234355
1 42 0.0188318
1 43 0.0136936
1 44 0.00828228
1 45 0.00284677
1 46 -0.00242488
1 47 -0.00737718
1 48 -0.011902
1 49 -0.0159355
1 50 -0.0194378
1 51 -0.0224146
1 52 -0.0248748
1 53 -0.0268659
1 54 -0.0284253
1 55 -0.0296179
1 56 -0.0304927
1 57 -0.0311144
1 58 -0.0315315
1 59 -0.0317979
1 60 -0.0319538
1 61 -0.0320374
1 62 -0.0320762
1 63 -0.0320913
1 64 -0.032095
1 65 -0.0320913
1 66 -0.0320762
1 67 -0.0320374
1 68 -0.0319538
1 69 -0.0317979
1 70 -0.0315315
1 71 -0.0311144
1 72 -0.0304927
1 73 -0.0296179
1 74 -0.0284253
1 75 -0.0268659
1 76 -0.0248748
1 77 -0.0224146
1 78 -0.0194378
1 79 -0.0159355
1 80 -0.011902
1 81 -0.00737718
1 82 -0.00242488
1 83 0.00284677
1 84 0.00828228
1 85 0.0136936
1 86 0.0188318
1 87 0.0234355
1 88 0.0271976
1 89 0.029824
1 90 0.0310314
1 91 0.030582
1 92 0.0283371
1 93 0.0242501
1 94 0.0184495
1 95 0.0112136
1 96 0.00299901
1 97 -0.00556589
1 98 -0.0137689
1 99 -0.0208226
1 100 -0.0260067
1 101 -0.028751
1 102 -0.0286887
1 103 -0.0257861
1 104 -0.0202886
1 105 -0.0127139
1 106 -0.00383106
1 107 0.00550961
1 108 0.0143729
1 109 0.0217964
1 110 0.0269492
1 111 0.0291141
1 112 0.0278587
1 113 0.0232579
1 114 0.0157483
1 115 0.00601688
1 116 -0.00510618
1 117 -0.0169127
1 118 -0.028422
1 119 -0.0375069
1 120 -0.0410111
1 121 -0.0360573
1 122 -0.0218474
1 123 -0.00141025
1 124 0.0186937
1 125 0.032363
1 126 0.0382177
1 127 0.00397567

2 0 0.00279838
2 1 0.026929
2 2 0.0204635
2 3 0.00980103
2 4 -0.00150847
2 5 -0.0109431
2 6 -0.0182407
2 7 -0.0233169
2 8 -0.0246766
2 9 -0.0213113
2 10 -0.0145318
2 11 -0.00663352
2 12 0.000817452
2 13 0.00696993
2 14 0.0116423
2 15 0.0152752
2 16 0.0179535
2 17 0.0191165
2 18 0.018259
2 19 0.0150687
2 20 0.00958889
2 21 0.00261521
2 22 -0.00473405
2 23 -0.0113914
2 24 -0.0163643
2 25 -0.0191417
2 26 -0.0196637
2 27 -0.0180945
2 28 -0.014915
2 29 -0.0106376
2 30 -0.00572496
2 31 -0.000664876
2 32 0.00422513
2 33 0.00865324
2 34 0.0123869
2 35 0.0153071
2 36 0.0172741
2 37 0.0182691
2 38 0.0182918
2 39 0.0173903
2 40 0.0156949
2 41 0.013314
2 42 0.0104388
2 43 0.00722073
2 44 0.00383495
2 45 0.000439238
2 46 -0.00285154
2 47 -0.00591163
2 48 -0.00869245
2 49 -0.0111222
2 50 -0.0132019
2 51 -0.0149148
2 52 -0.0162884
2 53 -0.017348
2 54 -0.0181288
2 55 -0.0186802
2 56 -0.0190329
2 57 -0.0192446
2 58 -0.019336
2 59 -0.0193623
2 60 -0.0193323
2 61 -0.0192931
2 62 -0.0192414
2 63 -0.0192141
2 64 -0.0191964
2 65 -0.0192141
2 66 -0.0192414
2 67 -0.0192931
2 68 -0.0193323
2 69 -0.0193623
2 70 -0.019336
2 71 -0.0192446
2 72 -0.0190329
2 73 -0.0186802
2 74 -0.0181288
2 75 -0.017348
2 76 -0.0162884
2 77 -0.0149148
2 78 -0.0132019
2 79 -0.0111222
2 80 -0.00869245
2 81 -0.00591163
2 82 -0.00285154
2 83 0.000439238
2 84 0.00383495
2 85 0.00722073
2 86 0.0104388
2 87 0.013314
2 88 0.0156949
2 89 0.0173903
2 90 0.0182918
2 91 0.0182691
2 92 0.0172741
2 93 0.0153071
2 94 0.0123869
2 95 0.00865324
2 96 0.00422513
2 97 -0.000664875
2 98 -0.00572495
2 99 -0.0106376
2 100 -0.014915
2 101 -0.0180944
2 102 -0.0196632
2 103 -0.0191401
2 104 -0.0163595
2 105 -0.0113773
2 106 -0.00469588
2 107 0.00271091
2 108 0.00980965
2 109 0.0155339
2 110 0.0191456
2 111 0.0206226
2 112 0.0201794
2 113 0.0180064
2 114 0.0141054
2 115 0.00776789
2 116 -0.00167894
2 117 -0.0133452
2 118 -0.0245964
2 119 -0.0317871
2 120 -0.0317434
2 121 -0.0244635
2 122 -0.0136176
2 123 -0.00246558
2 124 0.00923063
2 125 0.0220031
2 126 0.0322549
2 127 0.00353844

3 0 0.00179188
3 1 0.0166361
3 2 0.00980103
3 3 0.00249694
3 4 -0.00162122
3 5 -0.00461764
3 6 -0.0096723
3 7 -0.0153143
3 8 -0.0172387
3 9 -0.0139579
3 10 -0.00754427
3 11 -0.000579511
3 12 0.00504327
3 13 0.00824615
3 14 0.00938944
3 15 0.0093894
3 16 0.00850236
3 17 0.00690533
3 18 0.0049105
3 19 0.00250417
3 20 -8.64984e-05
3 21 -0.00238361
3 22 -0.00422318
3 23 -0.00537068
3 24 -0.00564417
3 25 -0.00521559
3 26 -0.00415078
3 27 -0.00262411
3 28 -0.000946534
3 29 0.000769673
3 30 0.00228505
3 31 0.00344151
3 32 0.00421176
3 33 0.0044696
3 34 0.00428744
3 35 0.00369818
3 36 0.00276057
3 37 0.00164038
3 38 0.000381146
3 39 -0.00085192
3 40 -0.00199495
3 41 -0.00297832
3 42 -0.0037202
3 43 -0.00424698
3 44 -0.00449479
3 45 -0.00453144
3 46 -0.00434154
3 47 -0.00398171
3 48 -0.00348857
3 49 -0.00288373
3 50 -0.00223739
3 51 -0.001538
3 52 -0.000864748
3 53 -0.000186656
3 54 0.00042695
3 55 0.00101223
3 56 0.00151876
3 57 0.00197827
3 58 0.00236003
3 59 0.00268692
3 60 0.00294397
3 61 0.0031446
3 62 0.0032839
3 63 0.00336758
3 64 0.00339511
3 65 0.00336758
3 66 0.0032839
3 67 0.0031446
3 68 0.00294397
3 69 0.00268692
3 70 0.00236003
3 71 0.00197827
3 72 0.00151876
3 73 0.00101223
3 74 0.00042695
3 75 -0.000186656
3 76 -0.000864748
3 77 -0.001538
3 78 -0.00223739
3 79 -0.00288373
3 80 -0.00348857
3 81 -0.00398171
3 82 -0.00434154
3 83 -0.00453144
3 84 -0.00449479
3 85 -0.00424698
3 86 -0.0037202
3 87 -0.00297832
3 88 -0.00199495
3 89 -0.00085192
3 90 0.000381146
3 91 0.00164038
3 92 0.00276057
3 93 0.00369818
3 94 0.00428744
3 95 0.00446961
3 96 0.00421176
3 97 0.00344151
3 98 0.00228506
3 99 0.000769698
3 100 -0.000946439
3 101 -0.00262377
3 102 -0.00414961
3 103 -0.00521189
3 104 -0.00563323
3 105 -0.00534062
3 106 -0.0041468
3 107 -0.00220516
3 108 0.000294034
3 109 0.00323712
3 110 0.00616604
3 111 0.00876923
3 112 0.0107818
3 113 0.0113937
3 114 0.00988438
3 115 0.00585575
3 116 -0.000812845
3 117 -0.0086667
3 118 -0.0147282
3 119 -0.016847
3 120 -0.0148371
3 121 -0.0102167
3 122 -0.00576983
3 123 -0.00290006
3 124 0.00103564
3 125 0.0090532
3 126 0.0179934
3 127 0.00209922

4 0 0.000145405
4 1 0.00071995
4 2 -0.00150847
4 3 -0.00162122
4 4 0.000105283
4 5 -9.30267e-05
4 6 -0.00295847
4 7 -0.00523506
4 8 -0.00486675
4 9 -0.00255058
4 10 0.000936349
4 11 0.00481595
4 12 0.00736172
4 13 0.00765186
4 14 0.00605655
4 15 0.00267528
4 16 -0.00201228
4 17 -0.0064987
4 18 -0.00974335
4 19 -0.0111421
4 20 -0.0100801
4 21 -0.00696886
4 22 -0.00268226
4 23 0.00216992
4 24 0.0066369
4 25 0.0101303
4 26 0.0125451
4 27 0.0135956
4 28 0.0134205
4 29 0.0121854
4 30 0.0098739
4 31 0.00681806
4 32 0.00311712
4 33 -0.00100681
4 34 -0.00518432
4 35 -0.00927598
4 36 -0.0128772
4 37 -0.0158142
4 38 -0.017912
4 39 -0.0189826
4 40 -0.0191094
4 41 -0.0182082
4 42 -0.0164784
4 43 -0.0140093
4 44 -0.0109741
4 45 -0.00759827
4 46 -0.00397188
4 47 -0.000357612
4 48 0.0032233
4 49 0.00656279
4 50 0.00966895
4 51 0.0124345
4 52 0.0148647
4 53 0.016954
4 54 0.0186891
4 55 0.0201407
4 56 0.0212742
4 57 0.0222043
4 58 0.0228774
4 59 0.0234254
4 60 0.0237794
4 61 0.0240709
4 62 0.0242174
4 63 0.0243408
4 64 0.0243457
4 65 0.0243408
4 66 0.0242174
4 67 0.0240709
4 68 0.0237794
4 69 0.0234254
4 70 0.0228774
4 71 0.0222043
4 72 0.0212742
4 73 0.0201407
4 74 0.0186891
4 75 0.016954
4 76 0.0148647
4 77 0.0124345
4 78 0.00966895
4 79 0.00656279
4 80 0.0032233
4 81 -0.000357612
4 82 -0.00397188
4 83 -0.00759827
4 84 -0.0109741
4 85 -0.0140093
4 86 -0.0164784
4 87 -0.0182082
4 88 -0.0191094
4 89 -0.0189826
4 90 -0.017912
4 91 -0.0158142
4 92 -0.0128772
4 93 -0.00927598
4 94 -0.00518432
4 95 -0.00100681
4 96 0.00311713
4 97 0.00681807
4 98 0.00987392
4 99 0.0121854
4 100 0.0134207
4 101 0.0135965
4 102 0.0125479
4 103 0.0101388
4 104 0.00666065
4 105 0.00223141
4 106 -0.00253578
4 107 -0.00665009
4 108 -0.0094528
4 109 -0.0100432
4 110 -0.0080722
4 111 -0.00440095
4 112 -0.00011103
4 113 0.00318107
4 114 0.00372129
4 115 0.00171823
4 116 -0.00103683
4 117 -0.00259126
4 118 -0.00115877
4 119 0.00271717
4 120 0.00513386
4 121 0.00347488
4 122 -7.73786e-05
4 123 -0.00224936
4 124 -0.0027696
4 125 -0.00289094
4 126 -0.00287342
4 127 -0.000255665

5 0 -0.00159124
5 1 -0.0155546
5 2 -0.0109431
5 3 -0.00461764
5 4 -9.30267e-05
5 5 0.0024189
5 6 0.00494083
5 7 0.00715962
5 8 0.00731845
5 9 0.00678705
5 10 0.00812938
5 11 0.0101774
5 12 0.0100686
5 13 0.00705949
5 14 0.00132127
5 15 -0.00639779
5 16 -0.0136116
5 17 -0.0184393
5 18 -0.0205675
5 19 -0.0194232
5 20 -0.0151641
5 21 -0.00894425
5 22 -0.00124522
5 23 0.00702697
5 24 0.0145814
5 25 0.0209353
5 26 0.0252133
5 27 0.0268022
5 28 0.0258516
5 29 0.0221931
5 30 0.0163657
5 31 0.00909574
5 32 0.00085909
5 33 -0.00731553
5 34 -0.0149361
5 35 -0.0214391
5 36 -0.0263081
5 37 -0.0295672
5 38 -0.0309196
5 39 -0.0306281
5 40 -0.0287992
5 41 -0.0256312
5 42 -0.0215534
5 43 -0.016647
5 44 -0.0114151
5 45 -0.00591451
5 46 -0.000500162
5 47 0.0047136
5 48 0.0096091
5 49 0.0140048
5 50 0.0179891
5 51 0.0213539
5 52 0.0243065
5 53 0.0266603
5 54 0.0286554
5 55 0.0301566
5 56 0.0313776
5 57 0.0322416
5 58 0.0329081
5 59 0.033349
5 60 0.0336645
5 61 0.033858
5 62 0.0339784
5 63 0.0340419
5 64 0.0340593
5 65 0.0340419
5 66 0.0339784
5 67 0.033858
5 68 0.0336645
5 69 0.033349
5 70 0.0329081
5 71 0.0322416
5 72 0.0313776
5 73 0.0301566
5 74 0.0286554
5 75 0.0266603
5 76 0.0243065
5 77 0.0213539
5 78 0.0179891
5 79 0.0140048
5 80 0.0096091
5 81 0.0047136
5 82 -0.000500162
5 83 -0.00591451
5 84 -0.0114151
5 85 -0.016647
5 86 -0.0215534
5 87 -0.0256312
5 88 -0.0287992
5 89 -0.0306281
5 90 -0.0309196
5 91 -0.0295672
5 92 -0.0263081
5 93 -0.0214391
5 94 -0.0149361
5 95 -0.00731553
5 96 0.000859093
5 97 0.00909576
5 98 0.0163657
5 99 0.0221933
5 100 0.0258523
5 101 0.0268043
5 102 0.0252197
5 103 0.0209537
5 104 0.0146301
5 105 0.00714549
5 106 -0.000981152
5 107 -0.00841104
5 108 -0.0142021
5 109 -0.0179083
5 110 -0.0185755
5 111 -0.0164824
5 112 -0.0128002
5 113 -0.00823798
5 114 -0.00425381
5 115 -0.00164186
5 116 0.00136076
5 117 0.006204
5 118 0.0123389
5 119 0.0182482
5 120 0.0206005
5 121 0.0162093
5 122 0.00747226
5 123 -4.74895e-05
5 124 -0.00613774
5 125 -0.0145612
5 126 -0.0233658
5 127 -0.00258554

6 0 -0.00269619
6 1 -0.026083
6 2 -0.0182407
6 3 -0.0096723
6 4 -0.00295847
6 5 0.00494083
6 6 0.0136222
6 7 0.0178076
6 8 0.0164481
6 9 0.0143669
6 10 0.0138281
6 11 0.0127886
6 12 0.00997298
6 13 0.00470622
6 14 -0.00379015
6 15 -0.0133065
6 16 -0.0206659
6 17 -0.0251552
6 18 -0.026068
6 19 -0.0228018
6 20 -0.0167685
6 21 -0.00868365
6 22 0.0010505
6 23 0.0106687
6 24 0.0194276
6 25 0.0265532
6 26 0.0306245
6 27 0.0316962
6 28 0.0295349
6 29 0.0241872
6 30 0.0168265
6 31 0.0078239
6 32 -0.0016948
6 33 -0.0107338
6 34 -0.0189633
6 35 -0.0253794
6 36 -0.0300311
6 37 -0.0326403
6 38 -0.0331402
6 39 -0.0320133
6 40 -0.0291038
6 41 -0.0251344
6 42 -0.0201403
6 43 -0.0145883
6 44 -0.00882889
6 45 -0.00291916
6 46 0.00259832
6 47 0.00794393
6 48 0.0126082
6 49 0.0168717
6 50 0.0204276
6 51 0.0234576
6 52 0.0259133
6 53 0.0278162
6 54 0.0293407
6 55 0.0303584
6 56 0.0311923
6 57 0.0316054
6 58 0.0319952
6 59 0.0320586
6 60 0.0322157
6 61 0.0321265
6 62 0.0322049
6 63 0.0320897
6 64 0.0321775
6 65 0.0320897
6 66 0.0322049
6 67 0.0321265
6 68 0.0322157
6 69 0.0320586
6 70 0.0319952
6 71 0.0316054
6 72 0.0311923
6 73 0.0303584
6 74 0.0293407
6 75 0.0278162
6 76 0.0259133
6 77 0.0234576
6 78 0.0204276
6 79 0.0168717
6 80 0.0126082
6 81 0.00794393
6 82 0.00259832
6 83 -0.00291916
6 84 -0.00882889
6 85 -0.0145883
6 86 -0.0201403
6 87 -0.0251344
6 88 -0.0291038
6 89 -0.0320133
6 90 -0.0331402
6 91 -0.0326403
6 92 -0.0300311
6 93 -0.0253794
6 94 -0.0189633
6 95 -0.0107338
6 96 -0.00169479
6 97 0.00782393
6 98 0.0168266
6 99 0.0241876
6 100 0.0295364
6 101 0.031701
6 102 0.0306385
6 103 0.026591
6 104 0.0195215
6 105 0.0108833
6 106 0.00149578
6 107 -0.00785479
6 108 -0.0154126
6 109 -0.0209248
6 110 -0.0240528
6 111 -0.0239689
6 112 -0.0217861
6 113 -0.0180686
6 114 -0.0121683
6 115 -0.0048218
6 116 0.00387397
6 117 0.0143636
6 118 0.0236919
6 119 0.0284093
6 120 0.0287803
6 121 0.0252161
6 122 0.0164009
6 123 0.0031736
6 124 -0.0116191
6 125 -0.0259863
6 126 -0.036738
6 127 -0.00397562

7 0 -0.00292579
7 1 -0.0289142
7 2 -0.0233169
7 3 -0.0153143
7 4 -0.00523506
7 5 0.00715962
7 6 0.0178076
7 7 0.0231357
7 8 0.0243171
7 9 0.0222966
7 10 0.0164543
7 11 0.00951398
7 12 0.00444964
7 13 -0.000654099
7 14 -0.00734097
7 15 -0.0139981
7 16 -0.0202566
7 17 -0.0251091
7 18 -0.0256515
7 19 -0.0220246
7 20 -0.0154195
7 21 -0.00584255
7 22 0.0043724
7 23 0.0133991
7 24 0.0210575
7 25 0.0256595
7 26 0.027181
7 27 0.0263089
7 28 0.0225171
7 29 0.0171545
7 30 0.0106855
7 31 0.00330861
7 32 -0.00357693
7 33 -0.0102453
7 34 -0.0158552
7 35 -0.0200282
7 36 -0.0230892
7 37 -0.0242207
7 38 -0.0241879
7 39 -0.0226431
7 40 -0.0199271
7 41 -0.0165439
7 42 -0.0122446
7 43 -0.0079978
7 44 -0.00335549
7 45 0.00088122
7 46 0.00492872
7 47 0.00853536
7 48 0.0115169
7 49 0.0141826
7 50 0.0160321
7 51 0.0177196
7 52 0.0186201
7 53 0.0194766
7 54 0.0197107
7 55 0.0199698
7 56 0.0198192
7 57 0.019724
7 58 0.0194189
7 59 0.0191771
7 60 0.0188816
7 61 0.0186473
7 62 0.0184625
7 63 0.0183349
7 64 0.0183072
7 65 0.0183349
7 66 0.0184625
7 67 0.0186473
7 68 0.0188816
7 69 0.0191771
7 70 0.0194189
7 71 0.019724
7 72 0.0198192
7 73 0.0199698
7 74 0.0197107
7 75 0.0194766
7 76 0.0186201
7 77 0.0177196
7 78 0.0160321
7 79 0.0141826
7 80 0.0115169
7 81 0.00853536
7 82 0.00492872
7 83 0.00088122
7 84 -0.00335549
7 85 -0.0079978
7 86 -0.0122446
7 87 -0.0165439
7 88 -0.0199271
7 89 -0.0226431
7 90 -0.0241879
7 91 -0.0242207
7 92 -0.0230892
7 93 -0.0200282
7 94 -0.0158552
7 95 -0.0102453
7 96 -0.00357691
7 97 0.0033087
7 98 0.0106858
7 99 0.0171556
7 100 0.0225206
7 101 0.0263192
7 102 0.0272096
7 103 0.0257325
7 104 0.0212283
7 105 0.0137635
7 106 0.00507267
7 107 -0.00465215
7 108 -0.0136853
7 109 -0.0200018
7 110 -0.0241371
7 111 -0.0254796
7 112 -0.0239959
7 113 -0.0215965
7 114 -0.0170613
7 115 -0.00835079
7 116 0.0034326
7 117 0.017019
7 118 0.0295527
7 119 0.0352878
7 120 0.0333678
7 121 0.028389
7 122 0.0201384
7 123 0.00430806
7 124 -0.0164237
7 125 -0.0329895
7 126 -0.0407484
7 127 -0.0042564

8 0 -0.00262139
8 1 -0.0265498
8 2 -0.0246766
8 3 -0.0172387
8 4 -0.00486675
8 5 0.00731845
8 6 0.0164481
8 7 0.0243171
8 8 0.029354
8 9 0.0257464
8 10 0.0146499
8 11 0.00412391
8 12 -0.00283433
8 13 -0.00775048
8 14 -0.0103971
8 15 -0.0123938
8 16 -0.0157718
8 17 -0.0176732
8 18 -0.016586
8 19 -0.0138546
8 20 -0.00830503
8 21 -0.000911851
8 22 0.00553188
8 23 0.0115047
8 24 0.0157065
8 25 0.0169176
8 26 0.016768
8 27 0.014416
8 28 0.0105119
8 29 0.00656474
8 30 0.0017053
8 31 -0.00244621
8 32 -0.00585813
8 33 -0.00883593
8 34 -0.0100678
8 35 -0.0108123
8 36 -0.0102418
8 37 -0.00876468
8 38 -0.00705884
8 39 -0.00438282
8 40 -0.00219068
8 41 0.000418363
8 42 0.00250368
8 43 0.00421173
8 44 0.00572079
8 45 0.00630769
8 46 0.00699369
8 47 0.00667052
8 48 0.00653841
8 49 0.00567853
8 50 0.00491905
8 51 0.00386951
8 52 0.00274933
8 53 0.00175245
8 54 0.000520107
8 55 -0.000290537
8 56 -0.00145463
8 57 -0.00202603
8 58 -0.00301816
8 59 -0.00334415
8 60 -0.00412106
8 61 -0.00421474
8 62 -0.00476897
8 63 -0.00464431
8 64 -0.00498182
8 65 -0.00464431
8 66 -0.00476897
8 67 -0.00421474
8 68 -0.00412106
8 69 -0.00334415
8 70 -0.00301816
8 71 -0.00202603
8 72 -0.00145463
8 73 -0.000290537
8 74 0.000520107
8 75 0.00175245
8 76 0.00274933
8 77 0.00386951
8 78 0.00491905
8 79 0.00567853
8 80 0.00653841
8 81 0.00667052
8 82 0.00699369
8 83 0.00630769
8 84 0.00572079
8 85 0.00421173
8 86 0.00250368
8 87 0.000418363
8 88 -0.00219068
8 89 -0.00438282
8 90 -0.00705884
8 91 -0.00876468
8 92 -0.0102418
8 93 -0.0108123
8 94 -0.0100678
8 95 -0.00883592
8 96 -0.00585807
8 97 -0.00244599
8 98 0.00170607
8 99 0.00656723
8 100 0.0105195
8 101 0.0144373
8 102 0.0168234
8 103 0.0170506
8 104 0.0159985
8 105 0.0120841
8 106 0.0065552
8 107 0.000654607
8 108 -0.00633477
8 109 -0.0120989
8 110 -0.0162685
8 111 -0.02033
8 112 -0.0223198
8 113 -0.0218367
8 114 -0.0191963
8 115 -0.0110883
8 116 0.00224521
8 117 0.015985
8 118 0.0278407
8 119 0.0354146
8 120 0.0348069
8 121 0.0272724
8 122 0.0163711
8 123 0.00118588
8 124 -0.017328
8 125 -0.0314812
8 126 -0.0367415
8 127 -0.00376527

9 0 -0.00221552
9 1 -0.0222737
9 2 -0.0213113
9 3 -0.0139579
9 4 -0.00255058
9 5 0.00678705
9 6 0.0143669
9 7 0.0222966
9 8 0.0257464
9 9 0.0206525
9 10 0.0110496
9 11 0.000732673
9 12 -0.00929413
9 13 -0.0147646
9 14 -0.0140913
9 15 -0.0117562
9 16 -0.00862068
9 17 -0.00408341
9 18 -0.00136992
9 19 0.000406144
9 20 0.00318723
9 21 0.00440691
9 22 0.00512591
9 23 0.00619746
9 24 0.0050801
9 25 0.00365131
9 26 0.00191163
9 27 -0.00141446
9 28 -0.00368237
9 29 -0.00602619
9 30 -0.00794333
9 31 -0.00778914
9 32 -0.00747209
9 33 -0.00521794
9 34 -0.00203186
9 35 0.00129777
9 36 0.00584623
9 37 0.00924539
9 38 0.0128813
9 39 0.0153882
9 40 0.0166963
9 41 0.0175418
9 42 0.0164368
9 43 0.0153332
9 44 0.0125782
9 45 0.0098168
9 46 0.00636126
9 47 0.00262274
9 48 -0.000795015
9 49 -0.00475162
9 50 -0.00770795
9 51 -0.0112884
9 52 -0.0136207
9 53 -0.0164942
9 54 -0.0182068
9 55 -0.0202848
9 56 -0.021469
9 57 -0.0228259
9 58 -0.0236026
9 59 -0.02439
9 60 -0.0248729
9 61 -0.0252529
9 62 -0.0255239
9 63 -0.0256273
9 64 -0.0257215
9 65 -0.0256273
9 66 -0.0255239
9 67 -0.0252529
9 68 -0.0248729
9 69 -0.02439
9 70 -0.0236026
9 71 -0.0228259
9 72 -0.021469
9 73 -0.0202848
9 74 -0.0182068
9 75 -0.0164942
9 76 -0.0136207
9 77 -0.0112884
9 78 -0.00770795
9 79 -0.00475162
9 80 -0.000795015
9 81 0.00262274
9 82 0.00636126
9 83 0.0098168
9 84 0.0125782
9 85 0.0153332
9 86 0.0164368
9 87 0.0175418
9 88 0.0166963
9 89 0.0153882
9 90 0.0128813
9 91 0.00924539
9 92 0.00584624
9 93 0.00129777
9 94 -0.00203185
9 95 -0.00521791
9 96 -0.00747194
9 97 -0.00778862
9 98 -0.0079416
9 99 -0.00602084
9 100 -0.00366697
9 101 -0.00137333
9 102 0.00201299
9 103 0.00388018
9 104 0.00554916
9 105 0.00705797
9 106 0.00650768
9 107 0.00626876
9 108 0.00508548
9 109 0.00130575
9 110 -0.00296835
9 111 -0.00941588
9 112 -0.0174054
9 113 -0.0212121
9 114 -0.0195196
9 115 -0.0122523
9 116 0.0010374
9 117 0.0141419
9 118 0.0217628
9 119 0.0264427
9 120 0.0281687
9 121 0.022312
9 122 0.0100089
9 123 -0.00296291
9 124 -0.0140174
9 125 -0.0225928
9 126 -0.0272761
9 127 -0.002828

10 0 -0.00184596
10 1 -0.0175351
10 2 -0.0145318
10 3 -0.00754427
10 4 0.000936349
10 5 0.00812938
10 6 0.0138281
10 7 0.0164543
10 8 0.0146499
10 9 0.0110496
10 10 0.00576801
10 11 -0.00442326
10 12 -0.0151004
10 13 -0.0184893
10 14 -0.0156044
10 15 -0.00903563
10 16 0.000931195
10 17 0.00883553
10 18 0.0123422
10 19 0.0149213
10 20 0.0144636
10 21 0.0106666
10 22 0.00711833
10 23 0.0013889
10 24 -0.00534008
10 25 -0.0100963
10 26 -0.0154391
10 27 -0.0186453
10 28 -0.0191413
10 29 -0.0191296
10 30 -0.015581
10 31 -0.0110038
10 32 -0.00548587
10 33 0.00203753
10 34 0.0081698
10 35 0.0151573
10 36 0.020677
10 37 0.0245791
10 38 0.0279736
10 39 0.0283027
10 40 0.0284584
10 41 0.0260732
10 42 0.0229722
10 43 0.019015
10 44 0.0136681
10 45 0.00903668
10 46 0.00287141
10 47 -0.00182987
10 48 -0.00757719
10 49 -0.0119443
10 50 -0.0165302
10 51 -0.0203039
10 52 -0.0234831
10 53 -0.0265394
10 54 -0.0284156
10 55 -0.0307573
10 56 -0.0316086
10 57 -0.0333361
10 58 -0.03348
10 59 -0.0347452
10 60 -0.034457
10 61 -0.0354168
10 62 -0.0348915
10 63 -0.0356693
10 64 -0.0350104
10 65 -0.0356693
10 66 -0.0348915
10 67 -0.0354168
10 68 -0.034457
10 69 -0.0347452
10 70 -0.03348
10 71 -0.0333361
10 72 -0.0316086
10 73 -0.0307573
10 74 -0.0284156
10 75 -0.0265394
10 76 -0.0234831
10 77 -0.0203039
10 78 -0.0165302
10 79 -0.0119443
10 80 -0.00757719
10 81 -0.00182987
10 82 0.00287141
10 83 0.00903668
10 84 0.0136681
10 85 0.019015
10 86 0.0229722
10 87 0.0260732
10 88 0.0284584
10 89 0.0283027
10 90 0.0279736
10 91 0.0245791
10 92 0.020677
10 93 0.0151573
10 94 0.00816982
10 95 0.00203762
10 96 -0.00548552
10 97 -0.0110026
10 98 -0.0155773
10 99 -0.0191187
10 100 -0.0191115
10 101 -0.0185698
10 102 -0.0152637
10 103 -0.00972495
10 104 -0.00463284
10 105 0.00257831
10 106 0.00882593
10 107 0.0126091
10 108 0.0158141
10 109 0.0142962
10 110 0.00830925
10 111 0.00103767
10 112 -0.00870985
10 113 -0.0162477
10 114 -0.0158136
10 115 -0.0102223
10 116 -0.00183737
10 117 0.00767314
10 118 0.012763
10 119 0.0134803
10 120 0.0143245
10 121 0.0125708
10 122 0.00483844
10 123 -0.0033784
10 124 -0.00749441
10 125 -0.0108726
10 126 -0.01515
10 127 -0.00166028

11 0 -0.00141642
11 1 -0.0121186
11 2 -0.00663352
11 3 -0.000579511
11 4 0.00481595
11 5 0.0101774
11 6 0.0127886
11 7 0.00951398
11 8 0.00412391
11 9 0.000732673
11 10 -0.00442326
11 11 -0.0127444
11 12 -0.0179459
11 13 -0.0178962
11 14 -0.0137027
11 15 -0.00343275
11 16 0.0087741
11 17 0.0168885
11 18 0.0231713
11 19 0.0260874
11 20 0.0222265
11 21 0.0164001
11 22 0.00820738
11 23 -0.0033831
11 24 -0.0125291
11 25 -0.0209616
11 26 -0.0280124
11 27 -0.029683
11 28 -0.0299876
11 29 -0.0264681
11 30 -0.0192559
11 31 -0.0121427
11 32 -0.00186322
11 33 0.00729881
11 34 0.0156922
11 35 0.0240154
11 36 0.0284854
11 37 0.0329205
11 38 0.0337913
11 39 0.0331329
11 40 0.0312948
11 41 0.026576
11 42 0.022709
11 43 0.0160818
11 44 0.0108059
11 45 0.00425246
11 46 -0.00165945
11 47 -0.00696408
11 48 -0.0126702
11 49 -0.0163564
11 50 -0.0211792
11 51 -0.0233944
11 52 -0.0269786
11 53 -0.0280924
11 54 -0.030411
11 55 -0.0308228
11 56 -0.032078
11 57 -0.0321252
11 58 -0.0326231
11 59 -0.0325515
11 60 -0.0326028
11 61 -0.0325651
11 62 -0.0324269
11 63 -0.0324897
11 64 -0.0323411
11 65 -0.0324897
11 66 -0.0324269
11 67 -0.0325651
11 68 -0.0326028
11 69 -0.0325515
11 70 -0.0326231
11 71 -0.0321252
11 72 -0.032078
11 73 -0.0308228
11 74 -0.030411
11 75 -0.0280924
11 76 -0.0269786
11 77 -0.0233944
11 78 -0.0211792
11 79 -0.0163564
11 80 -0.0126702
11 81 -0.00696408
11 82 -0.00165945
11 83 0.00425246
11 84 0.0108059
11 85 0.0160818
11 86 0.022709
11 87 0.026576
11 88 0.0312948
11 89 0.0331329
11 90 0.0337913
11 91 0.0329205
11 92 0.0284854
11 93 0.0240155
11 94 0.0156922
11 95 0.00729904
11 96 -0.00186245
11 97 -0.0121402
11 98 -0.0192484
11 99 -0.0264469
11 100 -0.0299326
11 101 -0.0295516
11 102 -0.0277251
11 103 -0.0203938
11 104 -0.0115306
11 105 -0.00186259
11 106 0.0101047
11 107 0.0180585
11 108 0.0224406
11 109 0.0233562
11 110 0.016622
11 111 0.00755714
11 112 0.000227744
11 113 -0.0063599
11 114 -0.00807717
11 115 -0.00550521
11 116 -0.00462459
11 117 -0.00390403
11 118 -0.00114152
11 119 0.000424599
11 120 0.000703891
11 121 0.00132537
11 122 0.000761857
11 123 -0.000250167
11 124 0.000411441
11 125 0.000168959
11 126 -0.00267633
11 127 -0.000433801

12 0 -0.00079114
12 1 -0.00528756
12 2 0.000817452
12 3 0.00504327
12 4 0.00736172
12 5 0.0100686
12 6 0.00997298
12 7 0.00444964
12 8 -0.00283433
12 9 -0.00929413
12 10 -0.0151004
12 11 -0.0179459
12 12 -0.017769
12 13 -0.0166381
12 14 -0.0107059
12 15 0.00117333
12 16 0.0128171
12 17 0.0233979
12 18 0.0314536
12 19 0.0305829
12 20 0.0245279
12 21 0.0167532
12 22 0.00429208
12 23 -0.00690023
12 24 -0.0157073
12 25 -0.0252616
12 26 -0.029543
12 27 -0.0311806
12 28 -0.0310164
12 29 -0.0248549
12 30 -0.018631
12 31 -0.00973882
12 32 0.000777478
12 33 0.00858291
12 34 0.0180424
12 35 0.0235937
12 36 0.0277974
12 37 0.0306026
12 38 0.0292104
12 39 0.0286558
12 40 0.0239774
12 41 0.0200758
12 42 0.0146704
12 43 0.00855104
12 44 0.00392404
12 45 -0.00263868
12 46 -0.00605278
12 47 -0.011485
12 48 -0.013828
12 49 -0.0172853
12 50 -0.0188584
12 51 -0.0202578
12 52 -0.0213336
12 53 -0.0210854
12 54 -0.0218723
12 55 -0.0205645
12 56 -0.0212231
12 57 -0.0194018
12 58 -0.0200634
12 59 -0.0181322
12 60 -0.018907
12 61 -0.0171143
12 62 -0.0180912
12 63 -0.0165579
12 64 -0.0178
12 65 -0.0165579
12 66 -0.0180912
12 67 -0.0171143
12 68 -0.018907
12 69 -0.0181322
12 70 -0.0200634
12 71 -0.0194018
12 72 -0.0212231
12 73 -0.0205645
12 74 -0.0218723
12 75 -0.0210854
12 76 -0.0213336
12 77 -0.0202578
12 78 -0.0188584
12 79 -0.0172853
12 80 -0.013828
12 81 -0.011485
12 82 -0.00605278
12 83 -0.00263868
12 84 0.00392404
12 85 0.00855104
12 86 0.0146704
12 87 0.0200758
12 88 0.0239774
12 89 0.0286558
12 90 0.0292104
12 91 0.0306026
12 92 0.0277974
12 93 0.0235938
12 94 0.0180426
12 95 0.00858341
12 96 0.000779134
12 97 -0.00973371
12 98 -0.0186163
12 99 -0.0248159
12 100 -0.0309202
12 101 -0.0309636
12 102 -0.0290981
12 103 -0.0244446
12 104 -0.0143925
12 105 -0.00512221
12 106 0.00611655
12 107 0.017637
12 108 0.0230198
12 109 0.0254509
12 110 0.022905
12 111 0.0140935
12 112 0.00741275
12 113 0.00372828
12 114 -7.34667e-05
12 115 -0.00269034
12 116 -0.00683544
12 117 -0.0130496
12 118 -0.0149343
12 119 -0.0122125
12 120 -0.00983184
12 121 -0.00718301
12 122 -0.00225001
12 123 0.0030632
12 124 0.00690913
12 125 0.00891065
12 126 0.00882473
12 127 0.00075217

13 0 8.58498e-05
13 1 0.00316146
13 2 0.00696993
13 3 0.00824615
13 4 0.00765186
13 5 0.00705949
13 6 0.00470622
13 7 -0.000654099
13 8 -0.00775048
13 9 -0.0147646
13 10 -0.0184893
13 11 -0.0178962
13 12 -0.0166381
13 13 -0.0143843
13 14 -0.00736866
13 15 0.00259149
13 16 0.0141453
13 17 0.0261565
13 18 0.0307078
13 19 0.0275486
13 20 0.0224177
13 21 0.0123104
13 22 0.000665822
13 23 -0.00738726
13 24 -0.0168302
13 25 -0.023018
13 26 -0.0242996
13 27 -0.0257652
13 28 -0.0215355
13 29 -0.0156949
13 30 -0.010325
13 31 -0.0013213
13 32 0.00402119
13 33 0.00996111
13 34 0.0147901
13 35 0.0156469
13 36 0.0181505
13 37 0.015934
13 38 0.0146234
13 39 0.0118614
13 40 0.00735968
13 41 0.00513811
13 42 -0.00025892
13 43 -0.00199949
13 44 -0.00599408
13 45 -0.00752398
13 46 -0.00898491
13 47 -0.0103275
13 48 -0.00938864
13 49 -0.0103782
13 50 -0.00789447
13 51 -0.00838219
13 52 -0.0053307
13 53 -0.00529842
13 54 -0.00242296
13 55 -0.00197587
13 56 0.000310338
13 57 0.00100591
13 58 0.00256441
13 59 0.00333723
13 60 0.00420026
13 61 0.0049003
13 62 0.00517912
13 63 0.00567699
13 64 0.00550363
13 65 0.00567699
13 66 0.00517912
13 67 0.0049003
13 68 0.00420026
13 69 0.00333723
13 70 0.00256441
13 71 0.00100591
13 72 0.000310338
13 73 -0.00197587
13 74 -0.00242296
13 75 -0.00529842
13 76 -0.0053307
13 77 -0.00838219
13 78 -0.00789447
13 79 -0.0103782
13 80 -0.00938864
13 81 -0.0103275
13 82 -0.00898491
13 83 -0.00752398
13 84 -0.00599408
13 85 -0.00199949
13 86 -0.00025892
13 87 0.00513811
13 88 0.00735968
13 89 0.0118614
13 90 0.0146234
13 91 0.015934
13 92 0.0181506
13 93 0.0156469
13 94 0.0147904
13 95 0.00996218
13 96 0.00402456
13 97 -0.00131139
13 98 -0.0102979
13 99 -0.0156261
13 100 -0.0213754
13 101 -0.025425
13 102 -0.0236482
13 103 -0.0219138
13 104 -0.0152263
13 105 -0.00552596
13 106 0.00203193
13 107 0.0118761
13 108 0.0187614
13 109 0.0201801
13 110 0.0212885
13 111 0.0187581
13 112 0.0134686
13 113 0.0106038
13 114 0.00627756
13 115 -0.00153645
13 116 -0.0095014
13 117 -0.0166687
13 118 -0.0209332
13 119 -0.0205868
13 120 -0.0181688
13 121 -0.013598
13 122 -0.00486443
13 123 0.0044959
13 124 0.0105466
13 125 0.014958
13 126 0.0184177
13 127 0.00181031

14 0 0.00111092
14 1 0.0122621
14 2 0.0116423
14 3 0.00938944
14 4 0.00605655
14 5 0.00132127
14 6 -0.00379015
14 7 -0.00734097
14 8 -0.0103971
14 9 -0.0140913
14 10 -0.0156044
14 11 -0.0137027
14 12 -0.0107059
14 13 -0.00736866
14 14 -0.00357247
14 15 0.00187496
14 16 0.0106151
14 17 0.0177684
14 18 0.0199243
14 19 0.0205779
14 20 0.0165713
14 21 0.00720925
14 22 -0.000189107
14 23 -0.00822998
14 24 -0.0153992
14 25 -0.015728
14 26 -0.0155985
14 27 -0.0123275
14 28 -0.00536024
14 29 -0.0018285
14 30 0.00409169
14 31 0.00761196
14 32 0.00796555
14 33 0.010018
14 34 0.00683771
14 35 0.00525066
14 36 0.00206805
14 37 -0.00288513
14 38 -0.00482246
14 39 -0.0102333
14 40 -0.0114352
14 41 -0.0142733
14 42 -0.0151869
14 43 -0.0143006
14 44 -0.0146573
14 45 -0.0108525
14 46 -0.0101191
14 47 -0.00508723
14 48 -0.00303203
14 49 0.00169395
14 50 0.00484506
14 51 0.00837241
14 52 0.0121196
14 53 0.0141877
14 54 0.0180176
14 55 0.0187713
14 56 0.0223238
14 57 0.0220757
14 58 0.0251847
14 59 0.0242527
14 60 0.0269047
14 61 0.0255294
14 62 0.0277915
14 63 0.0261093
14 64 0.0280616
14 65 0.0261093
14 66 0.0277915
14 67 0.0255294
14 68 0.0269047
14 69 0.0242527
14 70 0.0251847
14 71 0.0220757
14 72 0.0223238
14 73 0.0187713
14 74 0.0180176
14 75 0.0141877
14 76 0.0121196
14 77 0.00837241
14 78 0.00484506
14 79 0.00169395
14 80 -0.00303203
14 81 -0.00508723
14 82 -0.0101191
14 83 -0.0108525
14 84 -0.0146573
14 85 -0.0143006
14 86 -0.0151869
14 87 -0.0142733
14 88 -0.0114352
14 89 -0.0102333
14 90 -0.00482245
14 91 -0.00288512
14 92 0.0020681
14 93 0.00525086
14 94 0.00683838
14 95 0.0100201
14 96 0.0079721
14 97 0.00763036
14 98 0.00413964
14 99 -0.00171327
14 100 -0.00510665
14 101 -0.0118217
14 102 -0.0146977
14 103 -0.0143321
14 104 -0.0136087
14 105 -0.00656925
14 106 0.000249497
14 107 0.00497466
14 108 0.0106602
14 109 0.0116761
14 110 0.0112093
14 111 0.0140292
14 112 0.0153396
14 113 0.0141027
14 114 0.0105531
14 115 0.00236385
14 116 -0.00766829
14 117 -0.0154968
14 118 -0.0205448
14 119 -0.0229946
14 120 -0.0229982
14 121 -0.0188938
14 122 -0.00888929
14 123 0.00299346
14 124 0.0118026
14 125 0.0189881
14 126 0.0251527
14 127 0.00259667

15 0 0.0020592
15 1 0.0203146
15 2 0.0152752
15 3 0.0093894
15 4 0.00267528
15 5 -0.00639779
15 6 -0.0133065
15 7 -0.0139981
15 8 -0.0123938
15 9 -0.0117562
15 10 -0.00903563
15 11 -0.00343275
15 12 0.00117333
15 13 0.00259149
15 14 0.00187496
15 15 0.00119723
15 16 0.00111842
15 17 0.00192448
15 18 0.00546061
15 19 0.00782074
15 20 0.0045961
15 21 0.000883127
15 22 -0.00286578
15 23 -0.00765194
15 24 -0.0066635
15 25 -0.00365981
15 26 -0.000760575
15 27 0.00612733
15 28 0.00957157
15 29 0.0121366
15 30 0.0149179
15 31 0.0121516
15 32 0.0109392
15 33 0.00637196
15 34 -5.7004e-05
15 35 -0.00449555
15 36 -0.0128882
15 37 -0.0172332
15 38 -0.0229135
15 39 -0.026749
15 40 -0.0273606
15 41 -0.0292117
15 42 -0.0254689
15 43 -0.0240376
15 44 -0.0181789
15 45 -0.0134138
15 46 -0.00751366
15 47 -0.000569901
15 48 0.0042114
15 49 0.0117159
15 50 0.0150728
15 51 0.0217807
15 52 0.0239015
15 53 0.0290574
15 54 0.0303034
15 55 0.0337365
15 56 0.0344606
15 57 0.0363893
15 58 0.0368642
15 59 0.0376807
15 60 0.038082
15 61 0.0381941
15 62 0.0386003
15 63 0.0383446
15 64 0.0387366
15 65 0.0383446
15 66 0.0386003
15 67 0.0381941
15 68 0.038082
15 69 0.0376807
15 70 0.0368642
15 71 0.0363893
15 72 0.0344606
15 73 0.0337365
15 74 0.0303034
15 75 0.0290574
15 76 0.0239015
15 77 0.0217807
15 78 0.0150728
15 79 0.0117159
15 80 0.0042114
15 81 -0.000569901
15 82 -0.00751366
15 83 -0.0134138
15 84 -0.0181789
15 85 -0.0240376
15 86 -0.0254689
15 87 -0.0292117
15 88 -0.0273606
15 89 -0.026749
15 90 -0.0229135
15 91 -0.0172332
15 92 -0.0128881
15 93 -0.00449514
15 94 -5.56406e-05
15 95 0.00637618
15 96 0.0109514
15 97 0.0121842
15 98 0.0149987
15 99 0.0123209
15 100 0.00995401
15 101 0.00684107
15 102 0.000413187
15 103 -0.00202079
15 104 -0.00487961
15 105 -0.0065695
15 106 -0.00383154
15 107 -0.00343955
15 108 -0.00324414
15 109 -0.00142453
15 110 -0.000842134
15 111 0.00302919
15 112 0.0108117
15 113 0.0155437
15 114 0.01411
15 115 0.00819724
15 116 0.0005647
15 117 -0.00772752
15 118 -0.0165791
15 119 -0.023243
15 120 -0.0250395
15 121 -0.0218414
15 122 -0.0134813
15 123 -0.00125596
15 124 0.0110554
15 125 0.0213912
15 126 0.0285374
15 127 0.00301408

16 0 0.0027314
16 1 0.0258292
16 2 0.0179535
16 3 0.00850236
16 4 -0.00201228
16 5 -0.0136116
16 6 -0.0206659
16 7 -0.0202566
16 8 -0.0157718
16 9 -0.00862068
16 10 0.000931195
16 11 0.0087741
16 12 0.0128171
16 13 0.0141453
16 14 0.0106151
16 15 0.00111842
16 16 -0.00843804
16 17 -0.0122067
16 18 -0.0121633
16 19 -0.0122698
16 20 -0.010871
16 21 -0.00807496
16 22 -0.00632598
16 23 -0.00160072
16 24 0.00514288
16 25 0.00975981
16 26 0.0161498
16 27 0.0206384
16 28 0.0216084
16 29 0.0234202
16 30 0.0203538
16 31 0.0159158
16 32 0.0107756
16 33 0.00122582
16 34 -0.00587232
16 35 -0.0153234
16 36 -0.0232964
16 37 -0.0284045
16 38 -0.034215
16 39 -0.0342381
16 40 -0.0351143
16 41 -0.0316628
16 42 -0.027173
16 43 -0.022176
16 44 -0.0141784
16 45 -0.00889013
16 46 -8.95018e-05
16 47 0.00489622
16 48 0.0123187
16 49 0.0167521
16 50 0.021718
16 51 0.02549
16 52 0.0279121
16 53 0.0310005
16 54 0.0313759
16 55 0.0338463
16 56 0.0328645
16 57 0.0348587
16 58 0.0331517
16 59 0.0348553
16 60 0.0328888
16 61 0.0344901
16 62 0.0325459
16 63 0.0342
16 64 0.0324012
16 65 0.0342
16 66 0.0325459
16 67 0.0344901
16 68 0.0328888
16 69 0.0348553
16 70 0.0331517
16 71 0.0348587
16 72 0.0328645
16 73 0.0338463
16 74 0.0313759
16 75 0.0310005
16 76 0.0279121
16 77 0.02549
16 78 0.021718
16 79 0.0167521
16 80 0.0123187
16 81 0.00489622
16 82 -8.95018e-05
16 83 -0.00889013
16 84 -0.0141784
16 85 -0.022176
16 86 -0.027173
16 87 -0.0316628
16 88 -0.0351143
16 89 -0.0342381
16 90 -0.034215
16 91 -0.0284044
16 92 -0.0232962
16 93 -0.0153225
16 94 -0.00586967
16 95 0.00123366
16 96 0.0107973
16 97 0.0159711
16 98 0.0204843
16 99 0.0237016
16 100 0.0221578
16 101 0.021593
16 102 0.0175856
16 103 0.011524
16 104 0.00663739
16 105 -0.00152362
16 106 -0.00907935
16 107 -0.0144606
16 108 -0.0198579
16 109 -0.0203695
16 110 -0.0145904
16 111 -0.00594742
16 112 0.00479973
16 113 0.0151991
16 114 0.019288
16 115 0.0155661
16 116 0.0092751
16 117 0.0022072
16 118 -0.00911431
16 119 -0.0213173
16 120 -0.0260772
16 121 -0.023124
16 122 -0.0165027
16 123 -0.00576195
16 124 0.00868684
16 125 0.0214674
16 126 0.0285249
16 127 0.00306133

17 0 0.00301847
17 1 0.0279043
17 2 0.0191165
17 3 0.00690533
17 4 -0.0064987
17 5 -0.0184393
17 6 -0.0251552
17 7 -0.0251091
17 8 -0.0176732
17 9 -0.00408341
17 10 0.00883553
17 11 0.0168885
17 12 0.0233979
17 13 0.0261565
17 14 0.0177684
17 15 0.00192448
17 16 -0.0122067
17 17 -0.0231722
17 18 -0.0301584
17 19 -0.0297744
17 20 -0.0241981
17 21 -0.0172029
17 22 -0.00771993
17 23 0.00301618
17 24 0.0117165
17 25 0.0203052
17 26 0.0275269
17 27 0.0305585
17 28 0.0322612
17 29 0.029999
17 30 0.0236405
17 31 0.0165671
17 32 0.00572312
17 33 -0.00456337
17 34 -0.0140431
17 35 -0.0235139
17 36 -0.0284412
17 37 -0.0329525
17 38 -0.0333404
17 39 -0.0315709
17 40 -0.028741
17 41 -0.0225046
17 42 -0.0177741
17 43 -0.0101932
17 44 -0.00464997
17 45 0.00172662
17 46 0.0071332
17 47 0.011121
17 48 0.0156308
17 49 0.0172333
17 50 0.020408
17 51 0.0202632
17 52 0.022033
17 53 0.020924
17 54 0.0215063
17 55 0.0200872
17 56 0.0198444
17 57 0.0185526
17 58 0.0178653
17 59 0.016939
17 60 0.016131
17 61 0.0156642
17 62 0.0149784
17 63 0.0149722
17 64 0.0145773
17 65 0.0149722
17 66 0.0149784
17 67 0.0156642
17 68 0.016131
17 69 0.016939
17 70 0.0178653
17 71 0.0185526
17 72 0.0198444
17 73 0.0200872
17 74 0.0215063
17 75 0.020924
17 76 0.022033
17 77 0.0202632
17 78 0.020408
17 79 0.0172333
17 80 0.0156308
17 81 0.011121
17 82 0.0071332
17 83 0.00172662
17 84 -0.00464997
17 85 -0.0101932
17 86 -0.0177741
17 87 -0.0225046
17 88 -0.028741
17 89 -0.0315709
17 90 -0.0333403
17 91 -0.0329523
17 92 -0.0284407
17 93 -0.0235123
17 94 -0.0140382
17 95 -0.00454938
17 96 0.00576002
17 97 0.016657
17 98 0.023842
17 99 0.0304096
17 100 0.0330126
17 101 0.0317665
17 102 0.0291643
17 103 0.0219995
17 104 0.0125704
17 105 0.00168134
17 106 -0.0124448
17 107 -0.0252452
17 108 -0.0331742
17 109 -0.035221
17 110 -0.0278269
17 111 -0.0124035
17 112 0.00252347
17 113 0.0136337
17 114 0.0221266
17 115 0.0239554
17 116 0.0175239
17 117 0.00814683
17 118 -0.0030349
17 119 -0.0159927
17 120 -0.0237431
17 121 -0.0229267
17 122 -0.0177025
17 123 -0.00849725
17 124 0.00570098
17 125 0.0187547
17 126 0.0252158
17 127 0.00275518

18 0 0.00289044
18 1 0.0263082
18 2 0.018259
18 3 0.0049105
18 4 -0.00974335
18 5 -0.0205675
18 6 -0.026068
18 7 -0.0256515
18 8 -0.016586
18 9 -0.00136992
18 10 0.0123422
18 11 0.0231713
18 12 0.0314536
18 13 0.0307078
18 14 0.0199243
18 15 0.00546061
18 16 -0.0121633
18 17 -0.0301584
18 18 -0.0390786
18 19 -0.0386054
18 20 -0.0330365
18 21 -0.0219346
18 22 -0.00870872
18 23 0.00317726
18 24 0.0151022
18 25 0.0251004
18 26 0.0312784
18 27 0.03466
18 28 0.0336054
18 29 0.0282156
18 30 0.0206036
18 31 0.0104763
18 32 2.18789e-05
18 33 -0.0091344
18 34 -0.0173071
18 35 -0.0222597
18 36 -0.0249553
18 37 -0.0252122
18 38 -0.0226319
18 39 -0.0192527
18 40 -0.0138338
18 41 -0.00856284
18 42 -0.00299992
18 43 0.00231095
18 44 0.00629251
18 45 0.0102067
18 46 0.0120593
18 47 0.0138892
18 48 0.013886
18 49 0.0136914
18 50 0.012467
18 51 0.0107912
18 52 0.00900591
18 53 0.00654522
18 54 0.00471428
18 55 0.00207561
18 56 0.000524346
18 57 -0.00188155
18 58 -0.00299045
18 59 -0.00494799
18 60 -0.0055585
18 61 -0.00699152
18 62 -0.00709789
18 63 -0.0080032
18 64 -0.00760826
18 65 -0.0080032
18 66 -0.00709789
18 67 -0.00699152
18 68 -0.0055585
18 69 -0.00494799
18 70 -0.00299045
18 71 -0.00188155
18 72 0.000524346
18 73 0.00207561
18 74 0.00471428
18 75 0.00654522
18 76 0.00900591
18 77 0.0107912
18 78 0.012467
18 79 0.0136914
18 80 0.013886
18 81 0.0138892
18 82 0.0120593
18 83 0.0102067
18 84 0.00629251
18 85 0.00231095
18 86 -0.00299992
18 87 -0.00856284
18 88 -0.0138337
18 89 -0.0192527
18 90 -0.0226318
18 91 -0.0252119
18 92 -0.0249543
18 93 -0.0222566
18 94 -0.0172983
18 95 -0.00911044
18 96 8.22655e-05
18 97 0.0106166
18 98 0.0209017
18 99 0.0287884
18 100 0.0345838
18 101 0.0361012
18 102 0.0329964
18 103 0.026459
18 104 0.0149386
18 105 0.000128021
18 106 -0.0153057
18 107 -0.0308524
18 108 -0.0406472
18 109 -0.0401771
18 110 -0.0318904
18 111 -0.0163292
18 112 0.00186138
18 113 0.0133682
18 114 0.0200455
18 115 0.0256655
18 116 0.0236216
18 117 0.0125345
18 118 -1.31421e-05
18 119 -0.0104181
18 120 -0.0174974
18 121 -0.0192426
18 122 -0.0163755
18 123 -0.00916149
18 124 0.00252025
18 125 0.0135167
