0 0 0
0 1 -0.0020358
0 2 -0.00148319
0 3 -0.000314702
0 4 0.000798636
0 5 0.00210849
0 6 0.00305834
0 7 0.00338206
0 8 0.00336002
0 9 0.00257369
0 10 0.001485
0 11 0.000276908
0 12 -0.00100078
0 13 -0.00192157
0 14 -0.00252863
0 15 -0.00272584
0 16 -0.00261503
0 17 -0.00221027
0 18 -0.00179144
0 19 -0.00150575
0 20 -0.00128204
0 21 -0.00137944
0 22 -0.00146099
0 23 -0.0015118
0 24 -0.00135715
0 25 -0.0009468
0 26 -0.000318345
0 27 0.000750082
0 28 0.00174702
0 29 0.0025063
0 30 0.00287181
0 31 0.00272338
0 32 0.00186552
0 33 0.000552708
0 34 -0.000861477
0 35 -0.00216288
0 36 -0.00275772
0 37 -0.00258993
0 38 -0.0017072
0 39 -0.000458101
0 40 0.000799086
0 41 0.00146031
0 42 0.00153887
0 43 0.00125956
0 44 0.000841345
0 45 0.000575249
0 46 0.000670052
0 47 0.00109911
0 48 0.00174844
0 49 0.00281281
0 50 0.00406604
0 51 0.00510044
0 52 0.00553466
0 53 0.00550725
0 54 0.00504823
0 55 0.00442115
0 56 0.00379026
0 57 0.00341963
0 58 0.00330208
0 59 0.0036479
0 60 0.00434951
0 61 0.00514412
0 62 0.00558673
0 63 0.00573246
0 64 0.0055767
0 65 0.00512568
0 66 0.00432721
0 67 0.00362664
0 68 0.00329068
0 69 0.00342619
0 70 0.00382717
0 71 0.00449938
0 72 0.00518218
0 73 0.0057098
0 74 0.0058195
0 75 0.00548046
0 76 0.00454993
0 77 0.00341047
0 78 0.00245791
0 79 0.00192346
0 80 0.00159042
0 81 0.00158421
0 82 0.0018982
0 83 0.00234459
0 84 0.00258908
0 85 0.0024458
0 86 0.00164211
0 87 0.00021
0 88 -0.0012883
0 89 -0.00244239
0 90 -0.0029244
0 91 -0.00264094
0 92 -0.00163168
0 93 -0.000471658
0 94 0.000687479
0 95 0.00146328
0 96 0.00170078
0 97 0.00151248
0 98 0.00111899
0 99 0.000562425
0 100 5.11398e-05
0 101 6.86947e-06
0 102 0.000137114
0 103 0.00047568
0 104 0.000788354
0 105 0.000999697
0 106 0.000891178
0 107 0.000262303
0 108 -0.000688022
0 109 -0.00197448
0 110 -0.00325622
0 111 -0.00433128
0 112 -0.0048317
0 113 -0.00476355
0 114 -0.00401044
0 115 -0.00248591
0 116 -0.00079228
0 117 0.00121664
0 118 0.00293401
0 119 0.0039592
0 120 0.00450661
0 121 0.00399674
0 122 0.00293393
0 123 0.00151969
0 124 -0.000210111
0 125 -0.00142961
0 126 -0.00230829
0 127 0

1 0 -0.0020358
1 1 -0.0188858
1 2 -0.0129718
1 3 -0.00268278
1 4 0.00929095
1 5 0.0208697
1 6 0.0294655
1 7 0.0330341
1 8 0.0311643
1 9 0.0238664
1 10 0.0127838
1 11 3.75868e-05
1 12 -0.0120756
1 13 -0.0215372
1 14 -0.0271115
1 15 -0.0284947
1 16 -0.0264088
1 17 -0.0219623
1 18 -0.016958
1 19 -0.0125418
1 20 -0.0100061
1 21 -0.00934002
1 22 -0.00966145
1 23 -0.0105687
1 24 -0.00963493
1 25 -0.00636306
1 26 -0.00100884
1 27 0.00684728
1 28 0.0154777
1 29 0.0221158
1 30 0.0251437
1 31 0.0234826
1 32 0.0158685
1 33 0.00433458
1 34 -0.00852538
1 35 -0.0196208
1 36 -0.0250298
1 37 -0.0230606
1 38 -0.0150141
1 39 -0.00361877
1 40 0.00741473
1 41 0.0136976
1 42 0.0148171
1 43 0.012761
1 44 0.0097564
1 45 0.00773079
1 46 0.00858694
1 47 0.0121151
1 48 0.0180747
1 49 0.0271213
1 50 0.0379544
1 51 0.0466372
1 52 0.0505157
1 53 0.0500627
1 54 0.0464455
1 55 0.041043
1 56 0.0356168
1 57 0.0320329
1 58 0.0312142
1 59 0.0339901
1 60 0.0397075
1 61 0.0459465
1 62 0.0499106
1 63 0.0511377
1 64 0.0497784
1 65 0.0457006
1 66 0.0393832
1 67 0.0336429
1 68 0.0309133
1 69 0.0318694
1 70 0.0356898
1 71 0.0414744
1 72 0.0473542
1 73 0.0515894
1 74 0.0527798
1 75 0.0497757
1 76 0.0420554
1 77 0.0322824
1 78 0.0243094
1 79 0.0194351
1 80 0.0168831
1 81 0.0168809
1 82 0.019491
1 83 0.0227929
1 84 0.0247138
1 85 0.0230184
1 86 0.0156233
1 87 0.00296171
1 88 -0.0105633
1 89 -0.0211755
1 90 -0.0259719
1 91 -0.0235394
1 92 -0.0152286
1 93 -0.00482607
1 94 0.00501248
1 95 0.0117992
1 96 0.0138663
1 97 0.0124869
1 98 0.00882096
1 99 0.00434639
1 100 0.00146496
1 101 0.00160987
1 102 0.00358122
1 103 0.0072496
1 104 0.0112296
1 105 0.0127489
1 106 0.0109189
1 107 0.00472383
1 108 -0.00550508
1 109 -0.0182306
1 110 -0.0311531
1 111 -0.0417803
1 112 -0.04765
1 113 -0.0470874
1 114 -0.0397301
1 115 -0.0261208
1 116 -0.00879582
1 117 0.00971677
1 118 0.025949
1 119 0.0368967
1 120 0.0413148
1 121 0.0379352
1 122 0.028423
1 123 0.0148354
1 124 -0.000194736
1 125 -0.0126732
1 126 -0.0208144
1 127 -0.00230829

2 0 -0.00148319
2 1 -0.0129718
2 2 -0.00729469
2 3 0.000337885
2 4 0.0107692
2 5 0.0190141
2 6 0.024537
2 7 0.0269304
2 8 0.0232869
2 9 0.0166709
2 10 0.00701764
2 11 -0.00434261
2 12 -0.013899
2 13 -0.0214243
2 14 -0.025083
2 15 -0.0249556
2 16 -0.0214278
2 17 -0.0164151
2 18 -0.0113603
2 19 -0.00631112
2 20 -0.00444123
2 21 -0.00416168
2 22 -0.00513232
2 23 -0.00770327
2 24 -0.00902361
2 25 -0.00791043
2 26 -0.00421845
2 27 4.30487e-05
2 28 0.00632692
2 29 0.0129176
2 30 0.0164578
2 31 0.0163144
2 32 0.011763
2 33 0.00467306
2 34 -0.003993
2 35 -0.010839
2 36 -0.0137666
2 37 -0.0109642
2 38 -0.0033736
2 39 0.00586551
2 40 0.0143013
2 41 0.0186904
2 42 0.0191084
2 43 0.0162883
2 44 0.0131664
2 45 0.0104257
2 46 0.00966878
2 47 0.0110824
2 48 0.0150286
2 49 0.0211602
2 50 0.028282
2 51 0.0340579
2 52 0.0361739
2 53 0.0351201
2 54 0.0316073
2 55 0.0271232
2 56 0.0221491
2 57 0.0189577
2 58 0.0181112
2 59 0.0203752
2 60 0.0241123
2 61 0.0286081
2 62 0.0316648
2 63 0.0329806
2 64 0.031483
2 65 0.0282556
2 66 0.0236094
2 67 0.0197563
2 68 0.0174149
2 69 0.018246
2 70 0.0214734
2 71 0.0265784
2 72 0.0312472
2 73 0.0350758
2 74 0.0364849
2 75 0.0348884
2 76 0.0296334
2 77 0.023215
2 78 0.0177218
2 79 0.014584
2 80 0.0138217
2 81 0.0153391
2 82 0.018581
2 83 0.022194
2 84 0.0251655
2 85 0.0247189
2 86 0.0199486
2 87 0.0107699
2 88 0.000534505
2 89 -0.00853176
2 90 -0.0128339
2 91 -0.0118402
2 92 -0.00663138
2 93 0.000250678
2 94 0.00615821
2 95 0.00989749
2 96 0.00997334
2 97 0.00730883
2 98 0.00220815
2 99 -0.00135134
2 100 -0.00267182
2 101 -0.00254061
2 102 -0.000135908
2 103 0.00448731
2 104 0.00960298
2 105 0.0114959
2 106 0.0111067
2 107 0.00671653
2 108 -0.00196594
2 109 -0.0123952
2 110 -0.0236857
2 111 -0.0332251
2 112 -0.0394682
2 113 -0.0396731
2 114 -0.0346103
2 115 -0.0248709
2 116 -0.010528
2 117 0.0034184
2 118 0.0167718
2 119 0.0268922
2 120 0.0306762
2 121 0.0303622
2 122 0.0240959
2 123 0.0141503
2 124 0.00395269
2 125 -0.0064563
2 126 -0.012585
2 127 -0.00143966

3 0 -0.000314702
3 1 -0.00268278
3 2 0.000337885
3 3 0.00459236
3 4 0.00974783
3 5 0.0139888
3 6 0.016299
3 7 0.0160667
3 8 0.0121909
3 9 0.00634895
3 10 -0.0014857
3 11 -0.00943537
3 12 -0.0152357
3 13 -0.01943
3 14 -0.0196275
3 15 -0.0169214
3 16 -0.0127319
3 17 -0.00660288
3 18 -0.00165906
3 19 0.00158104
3 20 0.00326558
3 21 0.00214339
3 22 -0.00107467
3 23 -0.00475051
3 24 -0.00914211
3 25 -0.0127468
3 26 -0.012407
3 27 -0.00985368
3 28 -0.00617577
3 29 -0.00159058
3 30 0.00278357
3 31 0.00608373
3 32 0.00703189
3 33 0.00547933
3 34 0.00321567
3 35 0.00257135
3 36 0.00367403
3 37 0.00765977
3 38 0.0141399
3 39 0.0205457
3 40 0.0248888
3 41 0.0265755
3 42 0.0250682
3 43 0.0210814
3 44 0.0168578
3 45 0.0128999
3 46 0.00964598
3 47 0.00816795
3 48 0.00916241
3 49 0.0111677
3 50 0.0134158
3 51 0.0149441
3 52 0.0148285
3 53 0.0125609
3 54 0.00930819
3 55 0.00547264
3 56 0.00150716
3 57 -0.00143315
3 58 -0.00194036
3 59 -0.00073025
3 60 0.00105149
3 61 0.00310053
3 62 0.00535014
3 63 0.00631882
3 64 0.00512434
3 65 0.00265017
3 66 0.000371092
3 67 -0.00163604
3 68 -0.00308026
3 69 -0.00279645
3 70 -8.6947e-05
3 71 0.00366873
3 72 0.00729501
3 73 0.0103749
3 74 0.012486
3 75 0.0125017
3 76 0.0109133
3 77 0.00868283
3 78 0.00676269
3 79 0.00594742
3 80 0.00769661
3 81 0.0113166
3 82 0.0157436
3 83 0.0205052
3 84 0.0251197
3 85 0.0272628
3 86 0.0262584
3 87 0.0225139
3 88 0.0166852
3 89 0.0105984
3 90 0.00691375
3 91 0.0058622
3 92 0.00642436
3 93 0.00837578
3 94 0.00950132
3 95 0.0080354
3 96 0.00418667
3 97 -0.00058917
3 98 -0.00549
3 99 -0.00910048
3 100 -0.0114154
3 101 -0.0110579
3 102 -0.00659824
3 103 -0.00111246
3 104 0.00367445
3 105 0.00773869
3 106 0.00948366
3 107 0.00760957
3 108 0.00369839
3 109 -0.0029189
3 110 -0.011344
3 111 -0.0183706
3 112 -0.0243702
3 113 -0.0270304
3 114 -0.0255198
3 115 -0.0211047
3 116 -0.0134233
3 117 -0.00450865
3 118 0.00408363
3 119 0.0112038
3 120 0.0156392
3 121 0.0169876
3 122 0.0154972
3 123 0.0121383
3 124 0.00750067
3 125 0.00342579
3 126 0.000684884
3 127 -4.07172e-05

4 0 0.000798636
4 1 0.00929095
4 2 0.0107692
4 3 0.00974783
4 4 0.0106039
4 5 0.00802578
4 6 0.00492829
4 7 0.00217696
4 8 -0.0034419
4 9 -0.00687087
4 10 -0.0107525
4 11 -0.0139907
4 12 -0.0144106
4 13 -0.0139909
4 14 -0.0109521
4 15 -0.00655778
4 16 -0.000947024
4 17 0.00379574
4 18 0.00779853
4 19 0.0103875
4 20 0.0095337
4 21 0.00761244
4 22 0.00253981
4 23 -0.00358115
4 24 -0.010348
4 25 -0.0157426
4 26 -0.0184207
4 27 -0.0209695
4 28 -0.0195064
4 29 -0.0153197
4 30 -0.00986378
4 31 -0.00460074
4 32 0.00149264
4 33 0.00685069
4 34 0.0113675
4 35 0.0170154
4 36 0.0216382
4 37 0.0268114
4 38 0.0311406
4 39 0.0338665
4 40 0.0331926
4 41 0.0315365
4 42 0.0278065
4 43 0.0226853
4 44 0.0175726
4 45 0.0125158
4 46 0.00729221
4 47 0.00314779
4 48 0.00136381
4 49 -0.000835277
4 50 -0.00333084
4 51 -0.00615597
4 52 -0.00830657
4 53 -0.011486
4 54 -0.0139617
4 55 -0.0167513
4 56 -0.0190866
4 57 -0.0213188
4 58 -0.0212272
4 59 -0.021122
4 60 -0.0212309
4 61 -0.0217164
4 62 -0.0204087
4 63 -0.01994
4 64 -0.0206132
4 65 -0.0221334
4 66 -0.0218924
4 67 -0.0220513
4 68 -0.0224832
4 69 -0.0229391
4 70 -0.0211462
4 71 -0.0192985
4 72 -0.0170681
4 73 -0.0152037
4 74 -0.0126751
4 75 -0.0112196
4 76 -0.00905884
4 77 -0.00724939
4 78 -0.00559259
4 79 -0.00433577
4 80 -0.000424886
4 81 0.0046235
4 82 0.0099613
4 83 0.0154457
4 84 0.0215242
4 85 0.026301
4 86 0.0296205
4 87 0.0319934
4 88 0.0314483
4 89 0.0292283
4 90 0.0263087
4 91 0.0237392
4 92 0.0197807
4 93 0.0166648
4 94 0.0118018
4 95 0.00592878
4 96 -0.000360886
4 97 -0.00698821
4 98 -0.0134772
4 99 -0.0172099
4 100 -0.0173633
4 101 -0.0172505
4 102 -0.0137549
4 103 -0.00878566
4 104 -0.00285139
4 105 0.00205646
4 106 0.00550095
4 107 0.00797796
4 108 0.00756926
4 109 0.00611183
4 110 0.00270491
4 111 -0.00113367
4 112 -0.00596789
4 113 -0.00963086
4 114 -0.0120098
4 115 -0.0147932
4 116 -0.0139176
4 117 -0.0137702
4 118 -0.011948
4 119 -0.00745852
4 120 -0.00471727
4 121 0.00113595
4 122 0.00581431
4 123 0.00920069
4 124 0.0137927
4 125 0.01449
4 126 0.0156306
4 127 0.00159374

5 0 0.00210849
5 1 0.0208697
5 2 0.0190141
5 3 0.0139888
5 4 0.00802578
5 5 0.000777205
5 6 -0.00639977
5 7 -0.0120329
5 8 -0.0165804
5 9 -0.0183792
5 10 -0.0182896
5 11 -0.0163289
5 12 -0.0123084
5 13 -0.00769705
5 14 -0.00202216
5 15 0.00363209
5 16 0.00854945
5 17 0.0127406
5 18 0.0152514
5 19 0.0157908
5 20 0.0147159
5 21 0.0115201
5 22 0.00592962
5 23 -0.000402767
5 24 -0.00825921
5 25 -0.0162066
5 26 -0.0219301
5 27 -0.0264048
5 28 -0.0280547
5 29 -0.0259522
5 30 -0.0210108
5 31 -0.0136454
5 32 -0.00376144
5 33 0.00664051
5 34 0.0169724
5 35 0.0273613
5 36 0.0351754
5 37 0.0400622
5 38 0.0419087
5 39 0.0399708
5 40 0.0348738
5 41 0.0296585
5 42 0.0245411
5 43 0.0191584
5 44 0.0143679
5 45 0.00941494
5 46 0.00361767
5 47 -0.0016532
5 48 -0.00554125
5 49 -0.0106492
5 50 -0.0171452
5 51 -0.0230523
5 52 -0.0269907
5 53 -0.0298274
5 54 -0.0312584
5 55 -0.0319081
5 56 -0.0324706
5 57 -0.0329355
5 58 -0.0325512
5 59 -0.0330125
5 60 -0.0352978
5 61 -0.0376659
5 62 -0.0379641
5 63 -0.0376525
5 64 -0.0380848
5 65 -0.0379232
5 66 -0.0357356
5 67 -0.0336775
5 68 -0.0335286
5 69 -0.0342994
5 70 -0.0343399
5 71 -0.0343761
5 72 -0.0344619
5 73 -0.0338629
5 74 -0.0319853
5 75 -0.0290785
5 76 -0.0242781
5 77 -0.0188999
5 78 -0.0148784
5 79 -0.0119832
5 80 -0.00751162
5 81 -0.00227975
5 82 0.00250041
5 83 0.00749978
5 84 0.0136701
5 85 0.0200601
5 86 0.0272214
5 87 0.0347402
5 88 0.0396855
5 89 0.0411408
5 90 0.0398082
5 91 0.0354752
5 92 0.0282596
5 93 0.0205437
5 94 0.0118081
5 95 0.00259658
5 96 -0.00550372
5 97 -0.0123428
5 98 -0.0177242
5 99 -0.0202388
5 100 -0.0206351
5 101 -0.0199314
5 102 -0.0165314
5 103 -0.0124054
5 104 -0.00815707
5 105 -0.00307615
5 106 0.00173548
5 107 0.00608886
5 108 0.0102774
5 109 0.0133587
5 110 0.0145675
5 111 0.014475
5 112 0.0117579
5 113 0.00708733
5 114 0.000984938
5 115 -0.00683083
5 116 -0.014068
5 117 -0.0206104
5 118 -0.0247193
5 119 -0.0250783
5 120 -0.0221743
5 121 -0.0149592
5 122 -0.00535329
5 123 0.00558651
5 124 0.0164275
5 125 0.0244409
5 126 0.0295122
5 127 0.00307467

6 0 0.00305834
6 1 0.0294655
6 2 0.024537
6 3 0.016299
6 4 0.00492829
6 5 -0.00639977
6 6 -0.0162099
6 7 -0.0238144
6 8 -0.0268638
6 9 -0.0263889
6 10 -0.0227135
6 11 -0.0158573
6 12 -0.00830234
6 13 -0.000631457
6 14 0.0062218
6 15 0.0114644
6 16 0.0147673
6 17 0.016887
6 18 0.0181058
6 19 0.0168859
6 20 0.0158264
6 21 0.0133028
6 22 0.00845869
6 23 0.00404383
6 24 -0.00261841
6 25 -0.0107705
6 26 -0.0186766
6 27 -0.0244412
6 28 -0.0282836
6 29 -0.0296589
6 30 -0.0263886
6 31 -0.0193918
6 32 -0.00795824
6 33 0.00450842
6 34 0.0180658
6 35 0.0307336
6 36 0.0395585
6 37 0.0432388
6 38 0.041239
6 39 0.0351189
6 40 0.0257474
6 41 0.0183438
6 42 0.0125271
6 43 0.00896741
6 44 0.00594353
6 45 0.00316727
6 46 -0.00110201
6 47 -0.00547959
6 48 -0.0097945
6 49 -0.0163123
6 50 -0.0246182
6 51 -0.0323966
6 52 -0.0365565
6 53 -0.0384328
6 54 -0.0374065
6 55 -0.035759
6 56 -0.0333412
6 57 -0.0320621
6 58 -0.0306395
6 59 -0.0321494
6 60 -0.0356403
6 61 -0.0401519
6 62 -0.0415876
6 63 -0.0421765
6 64 -0.0415638
6 65 -0.0401211
6 66 -0.0356432
6 67 -0.0322388
6 68 -0.0308913
6 69 -0.032571
6 70 -0.0342064
6 71 -0.0371232
6 72 -0.0393693
6 73 -0.0411872
6 74 -0.0401657
6 75 -0.0370942
6 76 -0.0303797
6 77 -0.0233844
6 78 -0.0180028
6 79 -0.0150329
6 80 -0.0116196
6 81 -0.00841337
6 82 -0.00608917
6 83 -0.00342801
6 84 0.000565564
6 85 0.00714655
6 86 0.016152
6 87 0.0276811
6 88 0.0365902
6 89 0.0420331
6 90 0.0419248
6 91 0.0371739
6 92 0.0279821
6 93 0.0179275
6 94 0.00764225
6 95 -0.0023137
6 96 -0.00953432
6 97 -0.0144496
6 98 -0.0161597
6 99 -0.0170893
6 100 -0.01659
6 101 -0.0150384
6 102 -0.0124349
6 103 -0.0109083
6 104 -0.00977847
6 105 -0.00602037
6 106 -0.00248035
6 107 0.00268087
6 108 0.00942916
6 109 0.0157919
6 110 0.0213765
6 111 0.025079
6 112 0.0254922
6 113 0.0209247
6 114 0.013019
6 115 0.00147708
6 116 -0.0120692
6 117 -0.023815
6 118 -0.0334555
6 119 -0.0378477
6 120 -0.0356499
6 121 -0.0281012
6 122 -0.0148054
6 123 0.00132113
6 124 0.0171484
6 125 0.0307805
6 126 0.038678
6 127 0.00409546

7 0 0.00338206
7 1 0.0330341
7 2 0.0269304
7 3 0.0160667
7 4 0.00217696
7 5 -0.0120329
7 6 -0.0238144
7 7 -0.0314027
7 8 -0.0330873
7 9 -0.0299148
7 10 -0.0222118
7 11 -0.011979
7 12 -0.0024442
7 13 0.00661421
7 14 0.0123203
7 15 0.0150229
7 16 0.0163874
7 17 0.0151015
7 18 0.01411
7 19 0.0133776
7 20 0.0125373
7 21 0.0123366
7 22 0.0115461
7 23 0.0097209
7 24 0.00618724
7 25 0.00124992
7 26 -0.00613041
7 27 -0.0144487
7 28 -0.0211351
7 29 -0.0249163
7 30 -0.0248549
7 31 -0.0210363
7 32 -0.0121528
7 33 0.000304253
7 34 0.013943
7 35 0.0259746
7 36 0.0336823
7 37 0.0348848
7 38 0.0292137
7 39 0.0188914
7 40 0.0071156
7 41 -0.00181072
7 42 -0.00621818
7 43 -0.00685185
7 44 -0.00591557
7 45 -0.00506671
7 46 -0.00553324
7 47 -0.00726693
7 48 -0.0105757
7 49 -0.0166743
7 50 -0.0251822
7 51 -0.0328561
7 52 -0.0366254
7 53 -0.0361515
7 54 -0.032665
7 55 -0.0276691
7 56 -0.0225823
7 57 -0.0186061
7 58 -0.0168877
7 59 -0.0186735
7 60 -0.02369
7 61 -0.0292347
7 62 -0.0326202
7 63 -0.0335215
7 64 -0.0324338
7 65 -0.0288727
7 66 -0.0231767
7 67 -0.0180428
7 68 -0.0161904
7 69 -0.0179019
7 70 -0.0219517
7 71 -0.0272001
7 72 -0.0324678
7 73 -0.0363418
7 74 -0.0373359
7 75 -0.0342204
7 76 -0.0273345
7 77 -0.0197428
7 78 -0.0146575
7 79 -0.012444
7 80 -0.0118084
7 81 -0.012421
7 82 -0.0141947
7 83 -0.0158791
7 84 -0.0156386
7 85 -0.0112581
7 86 -0.00181869
7 87 0.010998
7 88 0.0229731
7 89 0.0308676
7 90 0.0323508
7 91 0.0277298
7 92 0.0188174
7 93 0.00827385
7 94 -0.00169707
7 95 -0.00872886
7 96 -0.0119182
7 97 -0.0125605
7 98 -0.0108082
7 99 -0.00756991
7 100 -0.00368729
7 101 -0.00170161
7 102 -0.00201286
7 103 -0.00350539
7 104 -0.00522048
7 105 -0.00624355
7 106 -0.00558747
7 107 -0.00158086
7 108 0.00422311
7 109 0.0125465
7 110 0.0216131
7 111 0.0281358
7 112 0.0319514
7 113 0.0300169
7 114 0.0220979
7 115 0.00946108
7 116 -0.00661985
7 117 -0.0229256
7 118 -0.0361573
7 119 -0.0434848
7 120 -0.043725
7 121 -0.0355872
7 122 -0.0211767
7 123 -0.00315917
7 124 0.0162002
7 125 0.0314721
7 126 0.0410605
7 127 0.0044212

8 0 0.00336002
8 1 0.0311643
8 2 0.0232869
8 3 0.0121909
8 4 -0.0034419
8 5 -0.0165804
8 6 -0.0268638
8 7 -0.0330873
8 8 -0.0316492
8 9 -0.0266325
8 10 -0.0171439
8 11 -0.00589105
8 12 0.00362145
8 13 0.0112394
8 14 0.0145682
8 15 0.0146904
8 16 0.0117828
8 17 0.0086136
8 18 0.00605578
8 19 0.00466628
8 20 0.00669973
8 21 0.00968594
8 22 0.0140317
8 23 0.0176358
8 24 0.0193365
8 25 0.0167209
8 26 0.010132
8 27 0.00340453
8 28 -0.00568211
8 29 -0.0141225
8 30 -0.019374
8 31 -0.0193516
8 32 -0.0148409
8 33 -0.00609911
8 34 0.00483849
8 35 0.0139374
8 36 0.0195603
8 37 0.0174199
8 38 0.00861295
8 39 -0.00470176
8 40 -0.0171537
8 41 -0.0259329
8 42 -0.0276724
8 43 -0.0240156
8 44 -0.0181477
8 45 -0.0123065
8 46 -0.00793144
8 47 -0.00585009
8 48 -0.00744194
8 49 -0.0120076
8 50 -0.0195557
8 51 -0.0260288
8 52 -0.028823
8 53 -0.0258205
8 54 -0.0198997
8 55 -0.0117811
8 56 -0.0041206
8 57 0.00221186
8 58 0.00399524
8 59 0.00173177
8 60 -0.00439001
8 61 -0.0107751
8 62 -0.0160129
8 63 -0.01747
8 64 -0.0157202
8 65 -0.0101942
8 66 -0.00351147
8 67 0.00289392
8 68 0.00545312
8 69 0.00393863
8 70 -0.00212286
8 71 -0.00955629
8 72 -0.0174742
8 73 -0.0232586
8 74 -0.0262012
8 75 -0.0234301
8 76 -0.0171258
8 77 -0.0098356
8 78 -0.00575062
8 79 -0.00470544
8 80 -0.00761845
8 81 -0.0128184
8 82 -0.0197859
8 83 -0.026637
8 84 -0.0315183
8 85 -0.0306692
8 86 -0.0228698
8 87 -0.0108683
8 88 0.00212912
8 89 0.0112521
8 90 0.014066
8 91 0.00964106
8 92 0.00221829
8 93 -0.00692126
8 94 -0.0134715
8 95 -0.0163153
8 96 -0.0146011
8 97 -0.0087794
8 98 -0.000169069
8 99 0.00769005
8 100 0.0124051
8 101 0.0161166
8 102 0.0150686
8 103 0.010115
8 104 0.00305569
8 105 -0.00291847
8 106 -0.00666996
8 107 -0.00706904
8 108 -0.00219023
8 109 0.00530991
8 110 0.0153127
8 111 0.024417
8 112 0.030831
8 113 0.0315851
8 114 0.0257478
8 115 0.0153466
8 116 -0.000845955
8 117 -0.0166162
8 118 -0.0306222
8 119 -0.0407772
8 120 -0.0417921
8 121 -0.0371065
8 122 -0.0246717
8 123 -0.00713637
8 124 0.00982007
8 125 0.0263958
8 126 0.0359513
8 127 0.00388954

9 0 0.00257369
9 1 0.0238664
9 2 0.0166709
9 3 0.00634895
9 4 -0.00687087
9 5 -0.0183792
9 6 -0.0263889
9 7 -0.0299148
9 8 -0.0266325
9 9 -0.0196392
9 10 -0.00916582
9 11 0.00178578
9 12 0.00974462
9 13 0.0150193
9 14 0.0145335
9 15 0.0105072
9 16 0.00466275
9 17 -0.0020412
9 18 -0.00556156
9 19 -0.0056799
9 20 -0.00181138
9 21 0.00576282
9 22 0.0156775
9 23 0.024655
9 24 0.0315641
9 25 0.0344945
9 26 0.0307289
9 27 0.0235997
9 28 0.0127421
9 29 0.000833725
9 30 -0.00891444
9 31 -0.0151917
9 32 -0.0166081
9 33 -0.0130889
9 34 -0.0064138
9 35 -0.0014518
9 36 0.000736907
9 37 -0.00412865
9 38 -0.0154917
9 39 -0.0296599
9 40 -0.0418431
9 41 -0.0486055
9 42 -0.0473894
9 43 -0.0388915
9 44 -0.0283592
9 45 -0.0172844
9 46 -0.00825354
9 47 -0.00249512
9 48 -0.00232059
9 49 -0.00536917
9 50 -0.0113679
9 51 -0.0165246
9 52 -0.0179235
9 53 -0.0132064
9 54 -0.00508544
9 55 0.00506174
9 56 0.0151521
9 57 0.0227133
9 58 0.0246024
9 59 0.0212513
9 60 0.0147889
9 61 0.00732309
9 62 0.000889245
9 63 -0.00166717
9 64 0.00120462
9 65 0.00795302
9 66 0.0157842
9 67 0.0226073
9 68 0.0264158
9 69 0.0249677
9 70 0.0179783
9 71 0.00841898
9 72 -0.00105386
9 73 -0.0085834
9 74 -0.0125869
9 75 -0.010619
9 76 -0.00483716
9 77 0.00156633
9 78 0.0049606
9 79 0.00483921
9 80 -0.00107933
9 81 -0.0105987
9 82 -0.0225356
9 83 -0.0342146
9 84 -0.044344
9 85 -0.0473149
9 86 -0.0427864
9 87 -0.0326767
9 88 -0.0208892
9 89 -0.0113978
9 90 -0.00837733
9 91 -0.0116217
9 92 -0.0172066
9 93 -0.0236758
9 94 -0.0262474
9 95 -0.0233792
9 96 -0.0148839
9 97 -0.00305621
9 98 0.0113428
9 99 0.0238716
9 100 0.0324563
9 101 0.0365689
9 102 0.0332048
9 103 0.025175
9 104 0.014214
9 105 0.00266016
9 106 -0.00679478
9 107 -0.0111771
9 108 -0.0107595
9 109 -0.00536857
9 110 0.00472581
9 111 0.0145513
9 112 0.0235992
9 113 0.0280533
9 114 0.0260274
9 115 0.0191126
9 116 0.00660222
9 117 -0.00740177
9 118 -0.0206737
9 119 -0.0306579
9 120 -0.0343418
9 121 -0.0321332
9 122 -0.0234537
9 123 -0.0107896
9 124 0.00310196
9 125 0.015802
9 126 0.0236144
9 127 0.00265906

10 0 0.001485
10 1 0.0127838
10 2 0.00701764
10 3 -0.0014857
10 4 -0.0107525
10 5 -0.0182896
10 6 -0.0227135
10 7 -0.0222118
10 8 -0.0171439
10 9 -0.00916582
10 10 0.000810009
10 11 0.00911213
10 12 0.0142207
10 13 0.015351
10 14 0.0112306
10 15 0.00391222
10 16 -0.00453434
10 17 -0.012483
10 18 -0.0170926
10 19 -0.0154456
10 20 -0.00913962
10 21 0.00228504
10 22 0.0176155
10 23 0.0307879
10 24 0.0422037
10 25 0.0489678
10 26 0.0487585
10 27 0.0416962
10 28 0.0291225
10 29 0.0149305
10 30 0.000613012
10 31 -0.010716
10 32 -0.0183675
10 33 -0.019363
10 34 -0.017447
10 35 -0.0159669
10 36 -0.0166115
10 37 -0.0231947
10 38 -0.0348069
10 39 -0.0485805
10 40 -0.0583766
10 41 -0.0630211
10 42 -0.0581637
10 43 -0.0467493
10 44 -0.032163
10 45 -0.01796
10 46 -0.00542999
10 47 0.00201994
10 48 0.00306804
10 49 0.000382619
10 50 -0.00482729
10 51 -0.0090586
10 52 -0.00994657
10 53 -0.00436316
10 54 0.00423391
10 55 0.015702
10 56 0.026524
10 57 0.0348818
10 58 0.035661
10 59 0.0317993
10 60 0.0244122
10 61 0.0168146
10 62 0.00874026
10 63 0.00594865
10 64 0.00896149
10 65 0.0172728
10 66 0.0251532
10 67 0.0328714
10 68 0.0371473
10 69 0.0368655
10 70 0.0291059
10 71 0.0190004
10 72 0.00833324
10 73 0.000684614
10 74 -0.00393412
10 75 -0.00192219
10 76 0.00331416
10 77 0.00966862
10 78 0.0131734
10 79 0.0130213
10 80 0.00588559
10 81 -0.00635988
10 82 -0.0211079
10 83 -0.0363997
10 84 -0.0494882
10 85 -0.0562922
10 86 -0.0544716
10 87 -0.0478051
10 88 -0.0376252
10 89 -0.0298125
10 90 -0.0267718
10 91 -0.0296267
10 92 -0.0335045
10 93 -0.0374306
10 94 -0.0367254
10 95 -0.0286627
10 96 -0.0151991
10 97 0.00207016
10 98 0.0201418
10 99 0.0371978
10 100 0.0483254
10 101 0.0526523
10 102 0.0483931
10 103 0.0388438
10 104 0.0256692
10 105 0.00925293
10 106 -0.00415687
10 107 -0.0133251
10 108 -0.0171461
10 109 -0.0146479
10 110 -0.0071062
10 111 0.00210314
10 112 0.011515
10 113 0.019113
10 114 0.0213459
10 115 0.0196846
10 116 0.0133604
10 117 0.00350254
10 118 -0.00622614
10 119 -0.0152538
10 120 -0.0208696
10 121 -0.0220316
10 122 -0.0194982
10 123 -0.0134127
10 124 -0.00579527
10 125 0.00135842
10 126 0.00660942
10 127 0.000886719

11 0 0.000276908
11 1 3.75868e-05
11 2 -0.00434261
11 3 -0.00943537
11 4 -0.0139907
11 5 -0.0163289
11 6 -0.0158573
11 7 -0.011979
11 8 -0.00589105
11 9 0.00178578
11 10 0.00911213
11 11 0.0137135
11 12 0.0159647
11 13 0.0130622
11 14 0.00644806
11 15 -0.00202782
11 16 -0.0127091
11 17 -0.0203896
11 18 -0.0240297
11 19 -0.0222176
11 20 -0.0136121
11 21 0.000148984
11 22 0.0172988
11 23 0.0338391
11 24 0.0487897
11 25 0.0575512
11 26 0.0584931
11 27 0.0534407
11 28 0.0414376
11 29 0.0249774
11 30 0.0072602
11 31 -0.00748545
11 32 -0.0183193
11 33 -0.0238778
11 34 -0.0254306
11 35 -0.0263429
11 36 -0.0283424
11 37 -0.0350174
11 38 -0.045442
11 39 -0.0565553
11 40 -0.063759
11 41 -0.0650959
11 42 -0.0584195
11 43 -0.0451557
11 44 -0.0295204
11 45 -0.0138426
11 46 -0.00091745
11 47 0.0064453
11 48 0.00657512
11 49 0.00290894
11 50 -0.00258031
11 51 -0.00691608
11 52 -0.00777394
11 53 -0.00314031
11 54 0.00511869
11 55 0.0159231
11 56 0.0269048
11 57 0.0341819
11 58 0.0343107
11 59 0.0291449
11 60 0.0218644
11 61 0.0134814
11 62 0.00522622
11 63 0.00154246
11 64 0.00527885
11 65 0.0135968
11 66 0.0220989
11 67 0.0295291
11 68 0.0349578
11 69 0.0351426
11 70 0.0283458
11 71 0.017912
11 72 0.00786306
11 73 0.000432552
11 74 -0.00315475
11 75 -0.0011962
11 76 0.00441202
11 77 0.0111704
11 78 0.0161476
11 79 0.017218
11 80 0.0108681
11 81 -0.00130851
11 82 -0.0167358
11 83 -0.0325539
11 84 -0.0468194
11 85 -0.0550514
11 86 -0.0562875
11 87 -0.0521961
11 88 -0.0451217
11 89 -0.0390505
11 90 -0.0371489
11 91 -0.0397898
11 92 -0.0430399
11 93 -0.0449434
11 94 -0.0413402
11 95 -0.031266
11 96 -0.0151229
11 97 0.0053425
11 98 0.0264831
11 99 0.0441676
11 100 0.0555507
11 101 0.0611166
11 102 0.0576481
11 103 0.047138
11 104 0.0324559
11 105 0.0155174
11 106 -0.000428116
11 107 -0.0129544
11 108 -0.0192356
11 109 -0.0209007
11 110 -0.0168385
11 111 -0.00893475
11 112 -0.000755507
11 113 0.00787688
11 114 0.0139679
11 115 0.0170474
11 116 0.0169111
11 117 0.0138449
11 118 0.00855634
11 119 0.0018209
11 120 -0.00393437
11 121 -0.00964769
11 122 -0.0131351
11 123 -0.0144239
11 124 -0.0153874
11 125 -0.0136838
11 126 -0.0123323
11 127 -0.00113014

12 0 -0.00100078
12 1 -0.0120756
12 2 -0.013899
12 3 -0.0152357
12 4 -0.0144106
12 5 -0.0123084
12 6 -0.00830234
12 7 -0.0024442
12 8 0.00362145
12 9 0.00974462
12 10 0.0142207
12 11 0.0159647
12 12 0.0144251
12 13 0.00950166
12 14 0.00182394
12 15 -0.00781366
12 16 -0.0165815
12 17 -0.0235206
12 18 -0.0262242
12 19 -0.0225544
12 20 -0.0138539
12 21 -8.4567e-05
12 22 0.0167213
12 23 0.0334018
12 24 0.0473204
12 25 0.0575349
12 26 0.0610066
12 27 0.0552823
12 28 0.0435831
12 29 0.0277946
12 30 0.0106073
12 31 -0.0058215
12 32 -0.0183578
12 33 -0.0254621
12 34 -0.0282861
12 35 -0.029321
12 36 -0.0317924
12 37 -0.03653
12 38 -0.044223
12 39 -0.0515157
12 40 -0.0557964
12 41 -0.0544759
12 42 -0.0473075
12 43 -0.0351115
12 44 -0.0207982
12 45 -0.0070218
12 46 0.00381589
12 47 0.00840137
12 48 0.00642905
12 49 0.000167553
12 50 -0.00640702
12 51 -0.0116966
12 52 -0.0131363
12 53 -0.0105273
12 54 -0.00371647
12 55 0.00540616
12 56 0.0152243
12 57 0.0207692
12 58 0.0200304
12 59 0.014185
12 60 0.00700325
12 61 -0.00147753
12 62 -0.0094497
12 63 -0.0132786
12 64 -0.0095668
12 65 -0.0016973
12 66 0.00669469
12 67 0.0138325
12 68 0.0196673
12 69 0.0204743
12 70 0.0150603
12 71 0.00548749
12 72 -0.00328877
12 73 -0.00960863
12 74 -0.0115859
12 75 -0.00936187
12 76 -0.00312311
12 77 0.00451421
12 78 0.0119856
12 79 0.0151668
12 80 0.0118492
12 81 0.00206987
12 82 -0.010763
12 83 -0.0246315
12 84 -0.0367383
12 85 -0.0446167
12 86 -0.0472374
12 87 -0.0452346
12 88 -0.0409121
12 89 -0.0370541
12 90 -0.0366744
12 91 -0.0388951
12 92 -0.0425634
12 93 -0.0438624
12 94 -0.0401299
12 95 -0.0293706
12 96 -0.0132519
12 97 0.00583099
12 98 0.0252314
12 99 0.0424472
12 100 0.054867
12 101 0.0586298
12 102 0.0555504
12 103 0.047369
12 104 0.0348434
12 105 0.0193567
12 106 0.00448352
12 107 -0.00803112
12 108 -0.0174604
12 109 -0.0213247
12 110 -0.0211234
12 111 -0.0173188
12 112 -0.0106704
12 113 -0.00279178
12 114 0.0053558
12 115 0.0123566
12 116 0.0179299
12 117 0.0204948
12 118 0.0202942
12 119 0.0174089
12 120 0.0111558
12 121 0.00353417
12 122 -0.00549954
12 123 -0.0147381
12 124 -0.0220096
12 125 -0.027623
12 126 -0.0296895
12 127 -0.00289444

13 0 -0.00192157
13 1 -0.0215372
13 2 -0.0214243
13 3 -0.01943
13 4 -0.0139909
13 5 -0.00769705
13 6 -0.000631457
13 7 0.00661421
13 8 0.0112394
13 9 0.0150193
13 10 0.015351
13 11 0.0130622
13 12 0.00950166
13 13 0.00260842
13 14 -0.00351949
13 15 -0.010511
13 16 -0.0166124
13 17 -0.0193037
13 18 -0.0204562
13 19 -0.0164952
13 20 -0.00888521
13 21 0.00228501
13 22 0.015555
13 23 0.0291859
13 24 0.0409193
13 25 0.0479647
13 26 0.0511782
13 27 0.0465428
13 28 0.0373488
13 29 0.023456
13 30 0.00744718
13 31 -0.00653595
13 32 -0.0176904
13 33 -0.0234654
13 34 -0.0260998
13 35 -0.0253448
13 36 -0.0265184
13 37 -0.0281678
13 38 -0.0318437
13 39 -0.0353125
13 40 -0.0362114
13 41 -0.0336459
13 42 -0.0271805
13 43 -0.0189244
13 44 -0.00800459
13 45 0.00080114
13 46 0.00751855
13 47 0.00743486
13 48 0.0026364
13 49 -0.00691013
13 50 -0.0149208
13 51 -0.0213316
13 52 -0.0237582
13 53 -0.0234617
13 54 -0.0188528
13 55 -0.0118923
13 56 -0.00444825
13 57 -0.000770042
13 58 -0.002387
13 59 -0.00791653
13 60 -0.0149836
13 61 -0.0226201
13 62 -0.0298398
13 63 -0.0328907
13 64 -0.0300612
13 65 -0.0230388
13 66 -0.0156618
13 67 -0.00877846
13 68 -0.00355048
13 69 -0.00209586
13 70 -0.00609616
13 71 -0.0136445
13 72 -0.0208886
13 73 -0.0254728
13 74 -0.025914
13 75 -0.0232365
13 76 -0.0167025
13 77 -0.00812164
13 78 0.00193366
13 79 0.0076532
13 80 0.00866741
13 81 0.00311565
13 82 -0.00446953
13 83 -0.0142901
13 84 -0.0213987
13 85 -0.0273488
13 86 -0.0294118
13 87 -0.0291799
13 88 -0.0264673
13 89 -0.0250423
13 90 -0.0257441
13 91 -0.0282455
13 92 -0.0326381
13 93 -0.0341237
13 94 -0.0321242
13 95 -0.0238476
13 96 -0.0120215
13 97 0.00409775
13 98 0.0190501
13 99 0.0321075
13 100 0.0414012
13 101 0.044711
13 102 0.044357
13 103 0.0388937
13 104 0.0307773
13 105 0.0201361
13 106 0.0100497
13 107 -0.000288136
13 108 -0.00865636
13 109 -0.0140745
13 110 -0.018774
13 111 -0.0187898
13 112 -0.017041
13 113 -0.0121335
13 114 -0.00391581
13 115 0.00475092
13 116 0.0147611
13 117 0.0226502
13 118 0.0276719
13 119 0.0284692
13 120 0.0237982
13 121 0.014757
13 122 0.00162119
13 123 -0.0129042
13 124 -0.0267471
13 125 -0.0373764
13 126 -0.0424805
13 127 -0.00427866

14 0 -0.00252863
14 1 -0.0271115
14 2 -0.025083
14 3 -0.0196275
14 4 -0.0109521
14 5 -0.00202216
14 6 0.0062218
14 7 0.0123203
14 8 0.0145682
14 9 0.0145335
14 10 0.0112306
14 11 0.00644806
14 12 0.00182394
14 13 -0.00351949
14 14 -0.00699978
14 15 -0.00956325
14 16 -0.0112178
14 17 -0.0104965
14 18 -0.00885201
14 19 -0.00554102
14 20 -0.00030111
14 21 0.00585666
14 22 0.0128838
14 23 0.021067
14 24 0.0279914
14 25 0.0324599
14 26 0.0337864
14 27 0.0307483
14 28 0.0245513
14 29 0.0142513
14 30 0.00212341
14 31 -0.00807279
14 32 -0.0151709
14 33 -0.0193065
14 34 -0.0195426
14 35 -0.0173563
14 36 -0.0160738
14 37 -0.0149798
14 38 -0.0145934
14 39 -0.0142468
14 40 -0.012676
14 41 -0.00908053
14 42 -0.00545391
14 43 -0.0013163
14 44 0.00360411
14 45 0.00729797
14 46 0.00787572
14 47 0.00413699
14 48 -0.0040302
14 49 -0.0150773
14 50 -0.0243657
14 51 -0.0305393
14 52 -0.0338721
14 53 -0.0350667
14 54 -0.032563
14 55 -0.0278563
14 56 -0.0230971
14 57 -0.0213985
14 58 -0.0229705
14 59 -0.0276924
14 60 -0.033631
14 61 -0.0401666
14 62 -0.0452832
14 63 -0.0475781
14 64 -0.0454687
14 65 -0.040552
14 66 -0.0342572
14 67 -0.0285999
14 68 -0.0242324
14 69 -0.0230716
14 70 -0.0252676
14 71 -0.0305796
14 72 -0.0359071
14 73 -0.0390587
14 74 -0.0385191
14 75 -0.0358077
14 76 -0.0301543
14 77 -0.0212644
14 78 -0.0103714
14 79 -0.00214455
14 80 0.00203804
14 81 0.00216712
14 82 -0.00036473
14 83 -0.00391497
14 84 -0.00630182
14 85 -0.00817603
14 86 -0.00990728
14 87 -0.00995931
14 88 -0.00910522
14 89 -0.00901237
14 90 -0.0103836
14 91 -0.012859
14 92 -0.017192
14 93 -0.019802
14 94 -0.0191907
14 95 -0.0156035
14 96 -0.00881405
14 97 0.000915819
14 98 0.00990764
14 99 0.0165515
14 100 0.0217247
14 101 0.0241796
14 102 0.0248334
14 103 0.0234783
14 104 0.0208504
14 105 0.0180364
14 106 0.0144171
14 107 0.00913768
14 108 0.00333592
14 109 -0.00297701
14 110 -0.00986542
14 111 -0.0144304
14 112 -0.0172503
14 113 -0.0166805
14 114 -0.0113526
14 115 -0.00316658
14 116 0.00807655
14 117 0.0195473
14 118 0.0283221
14 119 0.0328417
14 120 0.0307103
14 121 0.0218898
14 122 0.00769439
14 123 -0.00988035
14 124 -0.0273096
14 125 -0.0410866
14 126 -0.0486448
14 127 -0.00494525

15 0 -0.00272584
15 1 -0.0284947
15 2 -0.0249556
15 3 -0.0169214
15 4 -0.00655778
15 5 0.00363209
15 6 0.0114644
15 7 0.0150229
15 8 0.0146904
15 9 0.0105072
15 10 0.00391222
15 11 -0.00202782
15 12 -0.00781366
15 13 -0.010511
15 14 -0.00956325
15 15 -0.00754477
15 16 -0.00222428
15 17 0.0029997
15 18 0.00634182
15 19 0.00940513
15 20 0.0105667
15 21 0.0103345
15 22 0.0103849
15 23 0.011615
15 24 0.0109845
15 25 0.0111337
15 26 0.0126531
15 27 0.0106487
15 28 0.00702407
15 29 0.00165912
15 30 -0.00373119
15 31 -0.00856642
15 32 -0.0118646
15 33 -0.0124759
15 34 -0.0104287
15 35 -0.00643766
15 36 -0.00398791
15 37 -0.000419886
15 38 0.00286893
15 39 0.00618567
15 40 0.00957282
15 41 0.012705
15 42 0.0134864
15 43 0.0123433
15 44 0.0116705
15 45 0.00914768
15 46 0.00496654
15 47 -0.00230195
15 48 -0.0115401
15 49 -0.0228616
15 50 -0.0310041
15 51 -0.036131
15 52 -0.0388965
15 53 -0.0407351
15 54 -0.0394152
15 55 -0.0367731
15 56 -0.0346634
15 57 -0.0344209
15 58 -0.0354215
15 59 -0.0382539
15 60 -0.0426068
15 61 -0.0469178
15 62 -0.049624
15 63 -0.0504247
15 64 -0.0496434
15 65 -0.0469653
15 66 -0.04277
15 67 -0.0385576
15 68 -0.0360367
15 69 -0.0353812
15 70 -0.036211
15 71 -0.0389354
15 72 -0.0424771
15 73 -0.0446916
15 74 -0.0440225
15 75 -0.0423512
15 76 -0.0385031
15 77 -0.0314527
15 78 -0.0212178
15 79 -0.0127436
15 80 -0.00595327
15 81 -0.00181323
15 82 0.00126674
15 83 0.00294882
15 84 0.00592976
15 85 0.00726902
15 86 0.00708732
15 87 0.00653982
15 88 0.00655007
15 89 0.00593198
15 90 0.00484849
15 91 0.00375039
15 92 0.00013458
15 93 -0.00276539
15 94 -0.00449326
15 95 -0.00424707
15 96 -0.00376932
15 97 -0.0024068
15 98 -0.00136556
15 99 -0.000663757
15 100 -0.000424733
15 101 -0.00191951
15 102 0.000131539
15 103 0.00403639
15 104 0.00793234
15 105 0.0125884
15 106 0.0175494
15 107 0.0194378
15 108 0.0172176
15 109 0.0129798
15 110 0.00395455
15 111 -0.00569538
15 112 -0.0129436
15 113 -0.0180177
15 114 -0.0170843
15 115 -0.0109889
15 116 -0.000787066
15 117 0.0117244
15 118 0.0233092
15 119 0.0309874
15 120 0.0316679
15 121 0.0254522
15 122 0.0119057
15 123 -0.00608933
15 124 -0.0239325
15 125 -0.0394614
15 126 -0.0475895
15 127 -0.00483782

16 0 -0.00261503
16 1 -0.0264088
16 2 -0.0214278
16 3 -0.0127319
16 4 -0.000947024
16 5 0.00854945
16 6 0.0147673
16 7 0.0163874
16 8 0.0117828
16 9 0.00466275
16 10 -0.00453434
16 11 -0.0127091
16 12 -0.0165815
16 13 -0.0166124
16 14 -0.0112178
16 15 -0.00222428
16 16 0.00776514
16 17 0.0168219
16 18 0.0224921
16 19 0.0234832
16 20 0.0200188
16 21 0.0141453
16 22 0.00662834
16 23 -0.000256387
16 24 -0.00526661
16 25 -0.00853861
16 26 -0.00966591
16 27 -0.0093307
16 28 -0.00788196
16 29 -0.00748419
16 30 -0.0080685
16 31 -0.00779713
16 32 -0.00643475
16 33 -0.00446018
16 34 -0.00163414
16 35 0.00177705
16 36 0.00486574
16 37 0.00890753
16 38 0.0138789
16 39 0.0189707
16 40 0.0236453
16 41 0.026205
16 42 0.0244091
16 43 0.0195123
16 44 0.0137715
16 45 0.00711262
16 46 -0.000565877
16 47 -0.00857967
16 48 -0.0171511
16 49 -0.0254026
16 50 -0.0306321
16 51 -0.0326702
16 52 -0.0339436
16 53 -0.0348318
16 54 -0.0341198
16 55 -0.0330642
16 56 -0.0333833
16 57 -0.0341633
16 58 -0.0341178
16 59 -0.0346226
16 60 -0.0365221
16 61 -0.0381245
16 62 -0.0378979
16 63 -0.0373351
16 64 -0.0376784
16 65 -0.0377121
16 66 -0.0359655
16 67 -0.0340031
16 68 -0.0335346
16 69 -0.0337533
16 70 -0.0332962
16 71 -0.0334875
16 72 -0.0352433
16 73 -0.0368732
16 74 -0.0371021
16 75 -0.0371467
16 76 -0.0365758
16 77 -0.0329199
16 78 -0.0262532
16 79 -0.0191801
16 80 -0.0124401
16 81 -0.00567031
16 82 0.000602595
16 83 0.00661697
16 84 0.012572
16 85 0.016261
16 86 0.0164509
16 87 0.0152529
16 88 0.0142244
16 89 0.0135471
16 90 0.013728
16 91 0.0142782
16 92 0.0135522
16 93 0.0120084
16 94 0.0096492
16 95 0.00615812
16 96 0.00202666
16 97 -0.00246756
16 98 -0.00882437
16 99 -0.0161068
16 100 -0.0216313
16 101 -0.0240607
16 102 -0.0222916
16 103 -0.0164735
16 104 -0.00638914
16 105 0.00584795
16 106 0.0176558
16 107 0.0266925
16 108 0.0303827
16 109 0.0274155
16 110 0.0186059
16 111 0.00686605
16 112 -0.00602828
16 113 -0.0154982
16 114 -0.0194661
16 115 -0.0179585
16 116 -0.0095288
16 117 0.00180384
16 118 0.0138325
16 119 0.0237345
16 120 0.0270881
16 121 0.0242328
16 122 0.0140979
16 123 -0.00112016
16 124 -0.0172642
16 125 -0.0318961
16 126 -0.0400791
16 127 -0.00415971

17 0 -0.00221027
17 1 -0.0219623
17 2 -0.0164151
17 3 -0.00660288
17 4 0.00379574
17 5 0.0127406
17 6 0.016887
17 7 0.0151015
17 8 0.0086136
17 9 -0.0020412
17 10 -0.012483
17 11 -0.0203896
17 12 -0.0235206
17 13 -0.0193037
17 14 -0.0104965
17 15 0.0029997
17 16 0.0168219
17 17 0.0274682
17 18 0.0342036
17 19 0.0330111
17 20 0.0267147
17 21 0.0152855
17 22 0.00155712
17 23 -0.0110168
17 24 -0.0207531
17 25 -0.0250674
17 26 -0.0261692
17 27 -0.0225561
17 28 -0.0181302
17 29 -0.0124908
17 30 -0.00717191
17 31 -0.00313933
17 32 0.00102044
17 33 0.00281016
17 34 0.0050637
17 35 0.00554048
17 36 0.00738245
17 37 0.00954185
17 38 0.0146138
17 39 0.0207137
17 40 0.025993
17 41 0.028524
17 42 0.0251815
17 43 0.0188677
17 44 0.00972608
17 45 0.00172221
17 46 -0.0072565
17 47 -0.0132448
17 48 -0.0189109
17 49 -0.0211551
17 50 -0.0216198
17 51 -0.0190699
17 52 -0.0178737
17 53 -0.0167491
17 54 -0.0162414
17 55 -0.0165221
17 56 -0.0189159
17 57 -0.0204771
17 58 -0.0193589
17 59 -0.0174426
17 60 -0.0162523
17 61 -0.0147935
17 62 -0.011615
17 63 -0.00995262
17 64 -0.0111816
17 65 -0.0139713
17 66 -0.0150086
17 67 -0.0159164
17 68 -0.0174917
17 69 -0.0185152
17 70 -0.0167868
17 71 -0.0145924
17 72 -0.0144372
17 73 -0.015556
17 74 -0.0172222
17 75 -0.0195283
17 76 -0.0231123
17 77 -0.0242406
17 78 -0.0234727
17 79 -0.0196736
17 80 -0.0153407
17 81 -0.00803316
17 82 -0.0013472
17 83 0.00702516
17 84 0.0130538
17 85 0.0172832
17 86 0.0161279
17 87 0.0138243
17 88 0.0109332
17 89 0.0105903
17 90 0.0128179
17 91 0.0160912
17 92 0.0196219
17 93 0.0207106
17 94 0.0205601
17 95 0.0159218
17 96 0.00974773
17 97 -0.000506346
17 98 -0.0118122
17 99 -0.0239212
17 100 -0.0343975
17 101 -0.0400093
17 102 -0.0402441
17 103 -0.0324377
17 104 -0.0194111
17 105 -0.00150466
17 106 0.0152917
17 107 0.0293259
17 108 0.0375735
17 109 0.0370624
17 110 0.0307212
17 111 0.0177088
17 112 0.00314823
17 113 -0.00998419
17 114 -0.0190081
17 115 -0.0209273
17 116 -0.0170313
17 117 -0.0077013
17 118 0.00346083
17 119 0.0134269
17 120 0.0195208
17 121 0.0194553
17 122 0.0136021
17 123 0.00297071
17 124 -0.00957506
17 125 -0.0208002
17 126 -0.0276982
17 127 -0.00293098

18 0 -0.00179144
18 1 -0.016958
18 2 -0.0113603
18 3 -0.00165906
18 4 0.00779853
18 5 0.0152514
18 6 0.0181058
18 7 0.01411
18 8 0.00605578
18 9 -0.00556156
18 10 -0.0170926
18 11 -0.0240297
18 12 -0.0262242
18 13 -0.0204562
18 14 -0.00885201
18 15 0.00634182
18 16 0.0224921
18 17 0.0342036
18 18 0.0406889
18 19 0.0376551
18 20 0.0278152
18 21 0.013093
18 22 -0.00530107
18 23 -0.0200061
18 24 -0.0315793
18 25 -0.0372071
18 26 -0.0363792
18 27 -0.029898
18 28 -0.0209606
18 29 -0.0115697
18 30 -0.00131479
18 31 0.00480646
18 32 0.00949385
18 33 0.0103187
18 34 0.00875869
18 35 0.00566387
18 36 0.00288089
18 37 0.00283223
18 38 0.00574907
18 39 0.012769
18 40 0.0179381
18 41 0.0211085
18 42 0.0181582
18 43 0.0117808
18 44 0.00241837
18 45 -0.0057524
18 46 -0.0125732
18 47 -0.016229
18 48 -0.0158063
18 49 -0.0120053
18 50 -0.00530021
18 51 0.000897196
18 52 0.00620346
18 53 0.00825196
18 54 0.00939801
18 55 0.00669182
18 56 0.00323566
18 57 7.32434e-05
18 58 0.00239475
18 59 0.00589642
18 60 0.0108828
18 61 0.0150947
18 62 0.0211742
18 63 0.0232511
18 64 0.0216834
18 65 0.0161197
18 66 0.0124267
18 67 0.0079693
18 68 0.00499747
18 69 0.00318913
18 70 0.00685499
18 71 0.0107232
18 72 0.0138123
18 73 0.0128256
18 74 0.0108875
18 75 0.00528652
18 76 -0.00125335
18 77 -0.00889874
18 78 -0.0136279
18 79 -0.0157071
18 80 -0.0135338
18 81 -0.00889269
18 82 -0.0024413
18 83 0.00478301
18 84 0.00985054
18 85 0.0116073
18 86 0.00837482
18 87 0.00391883
18 88 -0.00125817
18 89 -0.0010627
18 90 0.00268986
18 91 0.0104245
18 92 0.0179543
18 93 0.0244513
18 94 0.0267162
18 95 0.0243172
18 96 0.0178063
18 97 0.00512535
18 98 -0.00894696
18 99 -0.0249106
18 100 -0.0388081
18 101 -0.0482272
18 102 -0.0490888
18 103 -0.0428567
18 104 -0.0298499
18 105 -0.00987181
18 106 0.00939326
18 107 0.0273048
18 108 0.038694
18 109 0.0416904
18 110 0.0369199
18 111 0.0252624
18 112 0.0111729
18 113 -0.00391755
18 114 -0.0148065
18 115 -0.0206045
18 116 -0.0207391
18 117 -0.0145968
18 118 -0.00615827
18 119 0.00337792
18 120 0.0105706
18 121 0.0135182
18 122 0.0120602
18 123 0.00628205
18 124 -0.00131258
18 125 -0.0090101
18 126 -0.013959
18 127 -0.00155113

19 0 -0.00150575
