0 0 0
0 1 -0.00338623
0 2 -0.0026671
0 3 -0.00159659
0 4 -4.50416e-05
0 5 0.00140052
0 6 0.00223922
0 7 0.00301956
0 8 0.00325865
0 9 0.00251386
0 10 0.00176311
0 11 0.000762845
0 12 -0.000689121
0 13 -0.00149591
0 14 -0.00197176
0 15 -0.00221785
0 16 -0.00189358
0 17 -0.00170578
0 18 -0.00116096
0 19 -0.000580179
0 20 -0.000655987
0 21 -0.000255006
0 22 4.73145e-05
0 23 0.000163979
0 24 0.000625679
0 25 0.000894873
0 26 0.00184711
0 27 0.00264777
0 28 0.0029458
0 29 0.00325942
0 30 0.00285186
0 31 0.00249488
0 32 0.00132836
0 33 -0.000390826
0 34 -0.00207669
0 35 -0.00378252
0 36 -0.00431181
0 37 -0.00454557
0 38 -0.00396361
0 39 -0.00338219
0 40 -0.0028329
0 41 -0.00220255
0 42 -0.00195363
0 43 -0.00130424
0 44 -0.001079
0 45 -0.00036758
0 46 -2.9239e-05
0 47 0.000631779
0 48 0.00105217
0 49 0.00154654
0 50 0.00198732
0 51 0.00227522
0 52 0.00269413
0 53 0.00279543
0 54 0.00317131
0 55 0.00313154
0 56 0.00345907
0 57 0.00332664
0 58 0.00361137
0 59 0.00342629
0 60 0.00367955
0 61 0.0034695
0 62 0.00370378
0 63 0.00348399
0 64 0.00370904
0 65 0.00348399
0 66 0.00370378
0 67 0.0034695
0 68 0.00367955
0 69 0.00342629
0 70 0.00361137
0 71 0.00332665
0 72 0.00345912
0 73 0.00313169
0 74 0.00317174
0 75 0.00279662
0 76 0.00269717
0 77 0.0022825
0 78 0.00200354
0 79 0.00157996
0 80 0.00111534
0 81 0.000739829
0 82 0.00013446
0 83 -0.000156655
0 84 -0.000869772
0 85 -0.00120326
0 86 -0.00211566
0 87 -0.0027695
0 88 -0.00381852
0 89 -0.00455432
0 90 -0.00483216
0 91 -0.00455379
0 92 -0.00319562
0 93 -0.00186194
0 94 -0.000175985
0 95 0.000668014
0 96 0.00127452
0 97 0.00166521
0 98 0.00169577
0 99 0.00190939
0 100 0.00142192
0 101 0.00135086
0 102 0.00145843
0 103 0.00165201
0 104 0.00204232
0 105 0.00167711
0 106 0.00152759
0 107 0.00104552
0 108 -9.99473e-05
0 109 -0.00112546
0 110 -0.00242573
0 111 -0.00320502
0 112 -0.00354596
0 113 -0.00373971
0 114 -0.00270118
0 115 -0.00125746
0 116 0.000158205
0 117 0.00213119
0 118 0.00358888
0 119 0.00420976
0 120 0.00433436
0 121 0.00341159
0 122 0.00184642
0 123 0.00028439
0 124 -0.00155798
0 125 -0.00334986
0 126 -0.00430412
0 127 0

1 0 -0.00338623
1 1 -0.0326259
1 2 -0.025345
1 3 -0.0145728
1 4 -0.000798947
1 5 0.0131777
1 6 0.0234765
1 7 0.0301059
1 8 0.0311178
1 9 0.0252557
1 10 0.0162284
1 11 0.00535393
1 12 -0.00639378
1 13 -0.0155298
1 14 -0.0208246
1 15 -0.0218733
1 16 -0.0201248
1 17 -0.0165849
1 18 -0.0102892
1 19 -0.00525199
1 20 -0.00264941
1 21 0.000167177
1 22 0.00226104
1 23 0.00437795
1 24 0.00616535
1 25 0.00943768
1 26 0.0163452
1 27 0.0225666
1 28 0.0269607
1 29 0.0279268
1 30 0.0258468
1 31 0.0212106
1 32 0.0106539
1 33 -0.00379807
1 34 -0.0207753
1 35 -0.0345643
1 36 -0.0418273
1 37 -0.0427971
1 38 -0.0379812
1 39 -0.0321107
1 40 -0.0252338
1 41 -0.0200988
1 42 -0.0151699
1 43 -0.0108528
1 44 -0.00655992
1 45 -0.0016837
1 46 0.00266786
1 47 0.00783477
1 48 0.0117824
1 49 0.0163959
1 50 0.0194869
1 51 0.0230518
1 52 0.0251955
1 53 0.0276307
1 54 0.0289677
1 55 0.030428
1 56 0.0311795
1 57 0.0319125
1 58 0.0322984
1 59 0.0325586
1 60 0.0327584
1 61 0.0327603
1 62 0.0328952
1 63 0.0327915
1 64 0.0329173
1 65 0.0327915
1 66 0.0328952
1 67 0.0327603
1 68 0.0327584
1 69 0.0325586
1 70 0.0322985
1 71 0.0319127
1 72 0.0311801
1 73 0.0304299
1 74 0.0289732
1 75 0.0276452
1 76 0.0252318
1 77 0.0231363
1 78 0.0196701
1 79 0.0167632
1 80 0.0124562
1 81 0.00895008
1 82 0.00429398
1 83 0.000307678
1 84 -0.0047548
1 85 -0.0103066
1 86 -0.0173054
1 87 -0.0260369
1 88 -0.0347274
1 89 -0.0426282
1 90 -0.0449065
1 91 -0.0414255
1 92 -0.0305278
1 93 -0.016887
1 94 -0.00415942
1 95 0.00497711
1 96 0.00968632
1 97 0.0133528
1 98 0.0146309
1 99 0.0147131
1 100 0.0128885
1 101 0.0117368
1 102 0.0140949
1 103 0.0169419
1 104 0.0193105
1 105 0.0187778
1 106 0.0161987
1 107 0.0113058
1 108 0.00109995
1 109 -0.01091
1 110 -0.0221896
1 111 -0.031084
1 112 -0.0355967
1 113 -0.0349118
1 114 -0.0265255
1 115 -0.0129557
1 116 0.00221664
1 117 0.0190434
1 118 0.033038
1 119 0.0401243
1 120 0.0404723
1 121 0.0330419
1 122 0.0190097
1 123 0.00212088
1 124 -0.0154318
1 125 -0.0306675
1 126 -0.0399828
1 127 -0.00430412

2 0 -0.0026671
2 1 -0.025345
2 2 -0.0204442
2 3 -0.0113745
2 4 -0.00108223
2 5 0.0108153
2 6 0.0217313
2 7 0.0250316
2 8 0.0240535
2 9 0.0208816
2 10 0.0106359
2 11 0.000437964
2 12 -0.00595619
2 13 -0.014285
2 14 -0.0180712
2 15 -0.0172555
2 16 -0.016569
2 17 -0.0104119
2 18 -0.00521288
2 19 -0.00189085
2 20 0.00373764
2 21 0.00325373
2 22 0.00338025
2 23 0.00436195
2 24 0.00256326
2 25 0.00614383
2 26 0.00798003
2 27 0.0121609
2 28 0.0173791
2 29 0.0172167
2 30 0.0186514
2 31 0.013264
2 32 0.00675154
2 33 -0.00286896
2 34 -0.0158096
2 35 -0.0235376
2 36 -0.0312545
2 37 -0.0296252
2 38 -0.0268801
2 39 -0.0203748
2 40 -0.0136784
2 41 -0.00967797
2 42 -0.00391719
2 43 -0.00298381
2 44 0.00174074
2 45 0.0020537
2 46 0.00606365
2 47 0.00699782
2 48 0.00984523
2 49 0.0114472
2 50 0.0127861
2 51 0.0148018
2 52 0.0147325
2 53 0.0169378
2 54 0.0158204
2 55 0.0180627
2 56 0.0162955
2 57 0.0184923
2 58 0.0163999
2 59 0.018531
2 60 0.0163318
2 61 0.0184211
2 62 0.016234
2 63 0.0183255
2 64 0.0161919
2 65 0.0183255
2 66 0.016234
2 67 0.0184211
2 68 0.0163318
2 69 0.0185311
2 70 0.0164
2 71 0.0184927
2 72 0.0162966
2 73 0.0180658
2 74 0.015829
2 75 0.0169596
2 76 0.0147843
2 77 0.0149166
2 78 0.0130226
2 79 0.0118957
2 80 0.0106193
2 81 0.00819252
2 82 0.00766165
2 83 0.00378255
2 84 0.00294011
2 85 -0.00335304
2 86 -0.0069577
2 87 -0.0158772
2 88 -0.0221024
2 89 -0.0283209
2 90 -0.0306236
2 91 -0.0263101
2 92 -0.0209259
2 93 -0.00969552
2 94 -0.00366528
2 95 0.00355159
2 96 0.00629143
2 97 0.00697515
2 98 0.00825375
2 99 0.00478438
2 100 0.00598348
2 101 0.00533518
2 102 0.00775951
2 103 0.0121323
2 104 0.0130372
2 105 0.0171255
2 106 0.0152655
2 107 0.0106763
2 108 0.00489387
2 109 -0.00657941
2 110 -0.014797
2 111 -0.0232724
2 112 -0.0290969
2 113 -0.0258206
2 114 -0.0215689
2 115 -0.0123836
2 116 0.00212831
2 117 0.0129266
2 118 0.023162
2 119 0.0308335
2 120 0.0308301
2 121 0.0271726
2 122 0.0175605
2 123 0.00073699
2 124 -0.0138259
2 125 -0.0230039
2 126 -0.0300579
2 127 -0.00326352

3 0 -0.00159659
3 1 -0.0145728
3 2 -0.0113745
3 3 -0.00524025
3 4 0.00156714
3 5 0.00761806
3 6 0.0130344
3 7 0.0145783
3 8 0.0123559
3 9 0.0096473
3 10 0.0047787
3 11 -0.00195286
3 12 -0.00703197
3 13 -0.0106679
3 14 -0.0127806
3 15 -0.0118288
3 16 -0.00713351
3 17 -0.00127098
3 18 0.00240011
3 19 0.00633977
3 20 0.00922757
3 21 0.00769617
3 22 0.00457471
3 23 0.000764734
3 24 -0.00141619
3 25 -0.00274567
3 26 -0.00475665
3 27 -0.00308327
3 28 -8.8297e-05
3 29 0.00362336
3 30 0.00578303
3 31 0.00457859
3 32 0.00353111
3 33 8.76087e-05
3 34 -0.0029976
3 35 -0.00693886
3 36 -0.0100531
3 37 -0.00990192
3 38 -0.00838848
3 39 -0.00335059
3 40 0.000411402
3 41 0.00466926
3 42 0.00645749
3 43 0.00730341
3 44 0.00728135
3 45 0.00614232
3 46 0.00590126
3 47 0.00426355
3 48 0.00429671
3 49 0.00266597
3 50 0.00278498
3 51 0.00130648
3 52 0.0013253
3 53 0.000101965
3 54 -2.7415e-05
3 55 -0.000930741
3 56 -0.00118168
3 57 -0.00175746
3 58 -0.00208096
3 59 -0.00236502
3 60 -0.00271054
3 61 -0.00275901
3 62 -0.00307916
3 63 -0.00295164
3 64 -0.00320011
3 65 -0.00295164
3 66 -0.00307916
3 67 -0.00275901
3 68 -0.00271052
3 69 -0.00236495
3 70 -0.00208073
3 71 -0.00175678
3 72 -0.00117969
3 73 -0.000925266
3 74 -1.32659e-05
3 75 0.00013627
3 76 0.00140302
3 77 0.00147008
3 78 0.00310279
3 79 0.00322989
3 80 0.00519694
3 81 0.00552378
3 82 0.00737076
3 83 0.00738004
3 84 0.00752592
3 85 0.00566095
3 86 0.00237842
3 87 -0.001427
3 88 -0.00596669
3 89 -0.00739785
3 90 -0.00792993
3 91 -0.00465366
3 92 -0.00197207
3 93 0.00108511
3 94 0.00300451
3 95 0.00349278
3 96 0.00386178
3 97 0.000632045
3 98 -0.00272369
3 99 -0.00658643
3 100 -0.0072517
3 101 -0.00490385
3 102 -0.00290778
3 103 0.000988505
3 104 0.00510636
3 105 0.0101241
3 106 0.0125987
3 107 0.0103463
3 108 0.00766533
3 109 0.00308014
3 110 -0.00364006
3 111 -0.0103399
3 112 -0.0146969
3 113 -0.0149149
3 114 -0.0133491
3 115 -0.00887722
3 116 -0.000838431
3 117 0.00602393
3 118 0.0108953
3 119 0.0149393
3 120 0.0158677
3 121 0.0125723
3 122 0.00801688
3 123 0.003359
3 124 -0.00445602
3 125 -0.0126999
3 126 -0.0153341
3 127 -0.00156136

4 0 -4.50416e-05
4 1 -0.000798947
4 2 -0.00108223
4 3 0.00156714
4 4 0.00386892
4 5 0.00270493
4 6 0.00188787
4 7 0.00206434
4 8 -0.000371102
4 9 -0.00251303
4 10 -0.00300973
4 11 -0.00618017
4 12 -0.00803036
4 13 -0.005655
4 14 -0.00474836
4 15 -0.0018319
4 16 0.00487418
4 17 0.00804136
4 18 0.010399
4 19 0.0126872
4 20 0.0119662
4 21 0.0104857
4 22 0.00438814
4 23 -0.0018862
4 24 -0.00514143
4 25 -0.0116064
4 26 -0.0160027
4 27 -0.0185537
4 28 -0.0173382
4 29 -0.0114796
4 30 -0.00880488
4 31 -0.00437644
4 32 -0.000809241
4 33 0.00410062
4 34 0.00996047
4 35 0.0112908
4 36 0.0130755
4 37 0.01119
4 38 0.0122128
4 39 0.0134684
4 40 0.0153308
4 41 0.0177178
4 42 0.0165552
4 43 0.0163072
4 44 0.0117671
4 45 0.00929994
4 46 0.00402222
4 47 0.000869491
4 48 -0.00336716
4 49 -0.00657082
4 50 -0.00935316
4 51 -0.012461
4 52 -0.013933
4 53 -0.0168394
4 54 -0.0172743
4 55 -0.0198829
4 56 -0.0195671
4 57 -0.0218412
4 58 -0.0210288
4 59 -0.0229954
4 60 -0.0218807
4 61 -0.0236034
4 62 -0.0223094
4 63 -0.0238569
4 64 -0.0224381
4 65 -0.0238569
4 66 -0.0223094
4 67 -0.0236034
4 68 -0.0218806
4 69 -0.0229953
4 70 -0.0210284
4 71 -0.0218399
4 72 -0.0195635
4 73 -0.0198735
4 74 -0.0172511
4 75 -0.0167854
4 76 -0.0138165
4 77 -0.0122282
4 78 -0.00892727
4 79 -0.00586663
4 80 -0.00233844
4 81 0.00214164
4 82 0.00521905
4 83 0.00980539
4 84 0.010781
4 85 0.013232
4 86 0.0115883
4 87 0.0122904
4 88 0.0118417
4 89 0.0140368
4 90 0.0170192
4 91 0.0178256
4 92 0.0180235
4 93 0.0127663
4 94 0.00935564
4 95 0.00399454
4 96 -0.00024526
4 97 -0.00592188
4 98 -0.0141329
4 99 -0.0176023
4 100 -0.0193382
4 101 -0.0157487
4 102 -0.0124737
4 103 -0.00982786
4 104 -0.0029222
4 105 0.00215631
4 106 0.00683313
4 107 0.00852867
4 108 0.00834247
4 109 0.010514
4 110 0.00821765
4 111 0.00486448
4 112 0.00379241
4 113 0.000358001
4 114 -0.00220163
4 115 -0.00349196
4 116 -0.00492665
4 117 -0.00406871
4 118 -0.00360774
4 119 -0.00372278
4 120 -0.00209217
4 121 -0.00195333
4 122 -0.00158358
4 123 0.00232504
4 124 0.0038289
4 125 0.00198574
4 126 0.00282561
4 127 0.00035311

5 0 0.00140052
5 1 0.0131777
5 2 0.0108153
5 3 0.00761806
5 4 0.00270493
5 5 -0.00237277
5 6 -0.00707895
5 7 -0.011189
5 8 -0.0124792
5 9 -0.0124441
5 10 -0.0124295
5 11 -0.0098294
5 12 -0.00531731
5 13 -0.000561124
5 14 0.00480316
5 15 0.00941265
5 16 0.0127566
5 17 0.0152319
5 18 0.0159957
5 19 0.0154197
5 20 0.0140336
5 21 0.0103746
5 22 0.00410404
5 23 -0.0026986
5 24 -0.00968855
5 25 -0.017185
5 26 -0.0243533
5 27 -0.0291702
5 28 -0.0285605
5 29 -0.0243174
5 30 -0.0186828
5 31 -0.011793
5 32 -0.00336762
5 33 0.00808041
5 34 0.0189378
5 35 0.0266063
5 36 0.0293408
5 37 0.0279733
5 38 0.0261484
5 39 0.0243933
5 40 0.0244476
5 41 0.023897
5 42 0.0226567
5 43 0.0194923
5 44 0.0146368
5 45 0.00906987
5 46 0.00257085
5 47 -0.00308583
5 48 -0.00908563
5 49 -0.0136337
5 50 -0.0183559
5 51 -0.0216649
5 52 -0.0250571
5 53 -0.0273195
5 54 -0.0295457
5 55 -0.0309978
5 56 -0.0322968
5 57 -0.0331718
5 58 -0.0338062
5 59 -0.034314
5 60 -0.0345263
5 61 -0.0348309
5 62 -0.0348104
5 63 -0.035014
5 64 -0.03488
5 65 -0.035014
5 66 -0.0348104
5 67 -0.0348309
5 68 -0.0345262
5 69 -0.0343137
5 70 -0.0338054
5 71 -0.0331695
5 72 -0.0322906
5 73 -0.0309822
5 74 -0.0295085
5 75 -0.0272368
5 76 -0.0248865
5 77 -0.0213417
5 78 -0.0177994
5 79 -0.0127799
5 80 -0.00795823
5 81 -0.00190182
5 82 0.00331078
5 83 0.00861352
5 84 0.0122635
5 85 0.0150729
5 86 0.0172505
5 87 0.0198451
5 88 0.0244299
5 89 0.0295646
5 90 0.0345619
5 91 0.0350266
5 92 0.0307866
5 93 0.0220701
5 94 0.0124207
5 95 0.00422332
5 96 -0.00370854
5 97 -0.011495
5 98 -0.0196938
5 99 -0.0245825
5 100 -0.0251041
5 101 -0.0230362
5 102 -0.0198616
5 103 -0.0165389
5 104 -0.0113302
5 105 -0.00526313
5 106 -0.000150624
5 107 0.0046286
5 108 0.00939531
5 109 0.0138392
5 110 0.0172989
5 111 0.0190448
5 112 0.0187643
5 113 0.0160415
5 114 0.0100931
5 115 0.00219005
5 116 -0.00588333
5 117 -0.0137205
5 118 -0.0190209
5 119 -0.0210414
5 120 -0.0203081
5 121 -0.0146629
5 122 -0.00737479
5 123 -0.00163487
5 124 0.00804844
5 125 0.0185305
5 126 0.0207754
5 127 0.00203098

6 0 0.00223922
6 1 0.0234765
6 2 0.0217313
6 3 0.0130344
6 4 0.00188787
6 5 -0.00707895
6 6 -0.015793
6 7 -0.0219015
6 8 -0.0223711
6 9 -0.0212806
6 10 -0.0170204
6 11 -0.00777066
6 12 -0.000742181
6 13 0.0048828
6 14 0.0120574
6 15 0.0152819
6 16 0.0161756
6 17 0.0177328
6 18 0.017423
6 19 0.0160767
6 20 0.0130424
6 21 0.00856633
6 22 0.00397112
6 23 -0.00335634
6 24 -0.0115652
6 25 -0.0191715
6 26 -0.0266779
6 27 -0.031265
6 28 -0.032558
6 29 -0.029663
6 30 -0.0231194
6 31 -0.014726
6 32 -0.00298626
6 33 0.0106487
6 34 0.0241565
6 35 0.0338305
6 36 0.0367288
6 37 0.0346284
6 38 0.029458
6 39 0.0251066
6 40 0.0222244
6 41 0.0204789
6 42 0.0188268
6 43 0.0156361
6 44 0.0114974
6 45 0.00576095
6 46 4.51021e-05
6 47 -0.0059661
6 48 -0.0111826
6 49 -0.0158803
6 50 -0.0198088
6 51 -0.0229439
6 52 -0.025646
6 53 -0.0274889
6 54 -0.0292246
6 55 -0.030122
6 56 -0.0311579
6 57 -0.0314304
6 58 -0.0320122
6 59 -0.0319289
6 60 -0.0322649
6 61 -0.032027
6 62 -0.0322718
6 63 -0.0320053
6 64 -0.03225
6 65 -0.0320053
6 66 -0.0322718
6 67 -0.0320269
6 68 -0.0322647
6 69 -0.0319284
6 70 -0.0320108
6 71 -0.0314264
6 72 -0.0311476
6 73 -0.0300967
6 74 -0.0291668
6 75 -0.0273659
6 76 -0.0254041
6 77 -0.0225095
6 78 -0.0191073
6 79 -0.0148892
6 80 -0.0100244
6 81 -0.00501586
6 82 0.000120287
6 83 0.00416031
6 84 0.00774122
6 85 0.0102223
6 86 0.0136742
6 87 0.0185315
6 88 0.0258906
6 89 0.0341586
6 90 0.0400436
6 91 0.0409263
6 92 0.0348094
6 93 0.0247709
6 94 0.0132801
6 95 0.00321557
6 96 -0.00538423
6 97 -0.0134754
6 98 -0.0193188
6 99 -0.0231023
6 100 -0.0238997
6 101 -0.0232341
6 102 -0.0220591
6 103 -0.0190624
6 104 -0.0162237
6 105 -0.0124404
6 106 -0.00692667
6 107 -0.000158833
6 108 0.00823929
6 109 0.0150834
6 110 0.0216487
6 111 0.0279663
6 112 0.0285359
6 113 0.0253239
6 114 0.0193867
6 115 0.00834781
6 116 -0.0047599
6 117 -0.0180349
6 118 -0.028662
6 119 -0.0336108
6 120 -0.0343781
6 121 -0.0280511
6 122 -0.0146002
6 123 -0.000851496
6 124 0.0139791
6 125 0.0283057
6 126 0.0339589
6 127 0.00345709

7 0 0.00301956
7 1 0.0301059
7 2 0.0250316
7 3 0.0145783
7 4 0.00206434
7 5 -0.011189
7 6 -0.0219015
7 7 -0.0264226
7 8 -0.0277516
7 9 -0.0252725
7 10 -0.015714
7 11 -0.0051274
7 12 0.0031262
7 13 0.011207
7 14 0.0165989
7 15 0.0184112
7 16 0.0171058
7 17 0.0142828
7 18 0.0130011
7 19 0.00977763
7 20 0.00565623
7 21 0.0044634
7 22 0.00249453
7 23 -0.00115966
7 24 -0.00714429
7 25 -0.0137446
7 26 -0.0185297
7 27 -0.0242175
7 28 -0.0277952
7 29 -0.0279774
7 30 -0.0237389
7 31 -0.0145306
7 32 -0.00351116
7 33 0.010232
7 34 0.022653
7 35 0.0316728
7 36 0.034532
7 37 0.0306035
7 38 0.024056
7 39 0.0164092
7 40 0.012007
7 41 0.00906132
7 42 0.00801774
7 43 0.0064867
7 44 0.00406935
7 45 0.00101676
7 46 -0.00314597
7 47 -0.00649765
7 48 -0.0104143
7 49 -0.0126858
7 50 -0.0153859
7 51 -0.0164588
7 52 -0.018001
7 53 -0.0182734
7 54 -0.0189817
7 55 -0.0188302
7 56 -0.0190031
7 57 -0.0186879
7 58 -0.0185654
7 59 -0.018255
7 60 -0.0180231
7 61 -0.0178178
7 62 -0.0176101
7 63 -0.017556
7 64 -0.0174583
7 65 -0.017556
7 66 -0.01761
7 67 -0.0178177
7 68 -0.0180228
7 69 -0.0182542
7 70 -0.018563
7 71 -0.0186812
7 72 -0.0189863
7 73 -0.0187907
7 74 -0.0188947
7 75 -0.0180963
7 76 -0.0176695
7 77 -0.0158962
7 78 -0.0145385
7 79 -0.0115976
7 80 -0.00933331
7 81 -0.00596248
7 82 -0.00393905
7 83 -0.00182286
7 84 -0.000877573
7 85 0.000660773
7 86 0.0039458
7 87 0.00981942
7 88 0.0191348
7 89 0.0280571
7 90 0.0350184
7 91 0.0350345
7 92 0.0297741
7 93 0.0200222
7 94 0.00938138
7 95 -6.4329e-05
7 96 -0.00852027
7 97 -0.0131669
7 98 -0.015611
7 99 -0.0150117
7 100 -0.0147085
7 101 -0.0152186
7 102 -0.0144246
7 103 -0.0142625
7 104 -0.01406
7 105 -0.0151193
7 106 -0.013451
7 107 -0.00662723
7 108 0.000925377
7 109 0.00992996
7 110 0.0197503
7 111 0.0287229
7 112 0.0337826
7 113 0.0311705
7 114 0.0248274
7 115 0.0141285
7 116 -0.00299065
7 117 -0.0192391
7 118 -0.031624
7 119 -0.0399663
7 120 -0.0406475
7 121 -0.0338119
7 122 -0.0199225
7 123 -0.000579344
7 124 0.0171672
7 125 0.0306577
7 126 0.0408874
7 127 0.00442291

8 0 0.00325865
8 1 0.0311178
8 2 0.0240535
8 3 0.0123559
8 4 -0.000371102
8 5 -0.0124792
8 6 -0.0223711
8 7 -0.0277516
8 8 -0.0276129
8 9 -0.0211567
8 10 -0.0113682
8 11 -0.00152397
8 12 0.00875635
8 13 0.0160008
8 14 0.018416
8 15 0.0176205
8 16 0.0123531
8 17 0.00670393
8 18 0.00282462
8 19 -0.00167987
8 20 -0.00308507
8 21 -0.00164407
8 22 0.000898075
8 23 0.00256053
8 24 0.000107065
8 25 -0.00188424
8 26 -0.00472575
8 27 -0.00993803
8 28 -0.0152808
8 29 -0.0197858
8 30 -0.0176729
8 31 -0.0116021
8 32 -0.00282101
8 33 0.00713264
8 34 0.0151189
8 35 0.0218417
8 36 0.0221567
8 37 0.018166
8 38 0.00968491
8 39 0.00105146
8 40 -0.00466014
8 41 -0.00775754
8 42 -0.00683824
8 43 -0.00626979
8 44 -0.00428828
8 45 -0.00446565
8 46 -0.00405045
8 47 -0.00482399
8 48 -0.0049469
8 49 -0.00496363
8 50 -0.00480007
8 51 -0.00384015
8 52 -0.00345625
8 53 -0.00193968
8 54 -0.00159386
8 55 7.74899e-05
8 56 0.000243364
8 57 0.00183418
8 58 0.00177811
8 59 0.0031772
8 60 0.00289779
8 61 0.00406628
8 62 0.00357006
8 63 0.00450546
8 64 0.00379335
8 65 0.00450547
8 66 0.00357011
8 67 0.00406645
8 68 0.00289832
8 69 0.00317874
8 70 0.00178233
8 71 0.00184508
8 72 0.000269812
8 73 0.000137503
8 74 -0.00146723
8 75 -0.00169302
8 76 -0.00301759
8 77 -0.00313965
8 78 -0.00382446
8 79 -0.00384983
8 80 -0.00408747
8 81 -0.00490211
8 82 -0.00587525
8 83 -0.00851317
8 84 -0.0100414
8 85 -0.0117626
8 86 -0.009013
8 87 -0.00396322
8 88 0.00527151
8 89 0.0136835
8 90 0.0192479
8 91 0.019916
8 92 0.0153063
8 93 0.0094605
8 94 0.00137328
8 95 -0.00478682
8 96 -0.010017
8 97 -0.0105574
8 98 -0.00663907
8 99 -0.00238404
8 100 0.000859604
8 101 -0.000269413
8 102 -0.00130806
8 103 -0.00364608
8 104 -0.00867784
8 105 -0.0136735
8 106 -0.0171427
8 107 -0.0142692
8 108 -0.00806305
8 109 0.000146694
8 110 0.0119227
8 111 0.0224698
8 112 0.0301838
8 113 0.0321741
8 114 0.0266765
8 115 0.0165277
8 116 0.00152404
8 117 -0.015175
8 118 -0.0292435
8 119 -0.038542
8 120 -0.0388075
8 121 -0.0314984
8 122 -0.0199573
8 123 -0.00316742
8 124 0.0148928
8 125 0.029672
8 126 0.0401803
8 127 0.0043068

9 0 0.00251386
9 1 0.0252557
9 2 0.0208816
9 3 0.0096473
9 4 -0.00251303
9 5 -0.0124441
9 6 -0.0212806
9 7 -0.0252725
9 8 -0.0211567
9 9 -0.0128236
9 10 -0.00373301
9 11 0.00635108
9 12 0.0147652
9 13 0.0179326
9 14 0.0162025
9 15 0.010913
9 16 0.00408274
9 17 -0.00327463
9 18 -0.0101987
9 19 -0.0127508
9 20 -0.0117748
9 21 -0.00809049
9 22 -0.00086779
9 23 0.00483034
9 24 0.00910695
9 25 0.0118248
9 26 0.0110418
9 27 0.00809439
9 28 0.000529164
9 29 -0.00585622
9 30 -0.00779194
9 31 -0.00636699
9 32 -0.00142376
9 33 0.00154739
9 34 0.00509863
9 35 0.00660026
9 36 0.00538056
9 37 0.00110343
9 38 -0.00787461
9 39 -0.0156485
9 40 -0.0227606
9 41 -0.0239869
9 42 -0.0224025
9 43 -0.0177266
9 44 -0.012351
9 45 -0.00796137
9 46 -0.00327738
9 47 -0.000750267
9 48 0.00315255
9 49 0.00499042
9 50 0.00868223
9 51 0.0104346
9 52 0.013737
9 53 0.0153252
9 54 0.0179111
9 55 0.0192013
9 56 0.0209729
9 57 0.0219511
9 58 0.0230024
9 59 0.0237209
9 60 0.0242194
9 61 0.0247355
9 62 0.0248462
9 63 0.0251888
9 64 0.025037
9 65 0.0251888
9 66 0.0248463
9 67 0.0247358
9 68 0.0242203
9 69 0.0237235
9 70 0.0230094
9 71 0.0219684
9 72 0.0210134
9 73 0.0192896
9 74 0.0180898
9 75 0.0156575
9 76 0.0142968
9 77 0.0112709
9 78 0.00974506
9 79 0.00602575
9 80 0.00361975
9 81 -0.00163063
9 82 -0.0062197
9 83 -0.0130341
9 84 -0.0183572
9 85 -0.022078
9 86 -0.0220239
9 87 -0.0171968
9 88 -0.0110484
9 89 -0.00370065
9 90 -0.00113829
9 91 -0.000195661
9 92 -0.00276297
9 93 -0.00509341
9 94 -0.00758051
9 95 -0.0104046
9 96 -0.00942245
9 97 -0.0054816
9 98 0.00422351
9 99 0.0128808
9 100 0.0176844
9 101 0.0183288
9 102 0.014064
9 103 0.00832
9 104 -0.00136388
9 105 -0.0111377
9 106 -0.0175687
9 107 -0.0206488
9 108 -0.0172115
9 109 -0.00947285
9 110 0.000815992
9 111 0.0115969
9 112 0.0195945
9 113 0.0249134
9 114 0.0241127
9 115 0.0161317
9 116 0.0061182
9 117 -0.00542367
9 118 -0.0189419
9 119 -0.0284655
9 120 -0.0303527
9 121 -0.0269766
9 122 -0.0178569
9 123 -0.00290294
9 124 0.0114891
9 125 0.0226288
9 126 0.0311681
9 127 0.00334005

10 0 0.00176311
10 1 0.0162284
10 2 0.0106359
10 3 0.0047787
10 4 -0.00300973
10 5 -0.0124295
10 6 -0.0170204
10 7 -0.015714
10 8 -0.0113682
10 9 -0.00373301
10 10 0.00527312
10 11 0.0129009
10 12 0.0184406
10 13 0.0184608
10 14 0.0123735
10 15 0.00488428
10 16 -0.00403514
10 17 -0.0152236
10 18 -0.0230676
10 19 -0.0246031
10 20 -0.0212264
10 21 -0.0134501
10 22 -0.00311943
10 23 0.00882555
10 24 0.0196827
10 25 0.0253319
10 26 0.02697
10 27 0.0233712
10 28 0.0153581
10 29 0.00712395
10 30 0.00024056
10 31 -0.00206761
10 32 -0.00322992
10 33 -0.00465679
10 34 -0.00581735
10 35 -0.00787463
10 36 -0.00904956
10 37 -0.0133956
10 38 -0.019456
10 39 -0.0270047
10 40 -0.0328648
10 41 -0.0339565
10 42 -0.0314301
10 43 -0.024197
10 44 -0.0168533
10 45 -0.0082776
10 46 -0.00180036
10 47 0.00448701
10 48 0.00931876
10 49 0.0137466
10 50 0.0178266
10 51 0.0210717
10 52 0.0246104
10 53 0.026784
10 54 0.0296271
10 55 0.0307978
10 56 0.0329146
10 57 0.0332919
10 58 0.0348116
10 59 0.0346582
10 60 0.0357662
10 61 0.0353065
10 62 0.0361694
10 63 0.0355485
10 64 0.0362748
10 65 0.0355486
10 66 0.0361695
10 67 0.035307
10 68 0.0357678
10 69 0.0346625
10 70 0.0348226
10 71 0.0333186
10 72 0.0329748
10 73 0.030924
10 74 0.0298717
10 75 0.027217
10 76 0.0252987
10 77 0.0220259
10 78 0.0189094
10 79 0.0145708
10 80 0.00921295
10 81 0.00265507
10 82 -0.00583574
10 83 -0.0140348
10 84 -0.0224434
10 85 -0.0266513
10 86 -0.0281276
10 87 -0.0246161
10 88 -0.0206295
10 89 -0.017214
10 90 -0.0164121
10 91 -0.0176334
10 92 -0.0177568
10 93 -0.0180518
10 94 -0.0164216
10 95 -0.0149939
10 96 -0.0100906
10 97 -0.00066737
10 98 0.0114303
10 99 0.0238431
10 100 0.030996
10 101 0.0335898
10 102 0.0299596
10 103 0.0203101
10 104 0.00807704
10 105 -0.00512396
10 106 -0.0158178
10 107 -0.0236114
10 108 -0.02631
10 109 -0.0208213
10 110 -0.01169
10 111 -0.00246631
10 112 0.00713421
10 113 0.0149765
10 114 0.0182317
10 115 0.0159058
10 116 0.00966571
10 117 0.00268189
10 118 -0.00490101
10 119 -0.0127886
10 120 -0.0170137
10 121 -0.0164342
10 122 -0.0119293
10 123 -0.00334583
10 124 0.00541641
10 125 0.0113869
10 126 0.0161838
10 127 0.00181823

11 0 0.000762845
11 1 0.00535393
11 2 0.000437964
11 3 -0.00195286
11 4 -0.00618017
11 5 -0.0098294
11 6 -0.00777066
11 7 -0.0051274
11 8 -0.00152397
11 9 0.00635108
11 10 0.0129009
11 11 0.0171323
11 12 0.0195911
11 13 0.0160239
11 14 0.00880535
11 15 -0.000371901
11 16 -0.0127595
11 17 -0.0240563
11 18 -0.0314419
11 19 -0.0323704
11 20 -0.02613
11 21 -0.0171678
11 22 -0.00439095
11 23 0.0117083
11 24 0.0252356
11 25 0.0337777
11 26 0.0357204
11 27 0.0326395
11 28 0.026272
11 29 0.0166492
11 30 0.00765038
11 31 0.00042101
11 32 -0.00527974
11 33 -0.0100904
11 34 -0.0150348
11 35 -0.0179188
11 36 -0.0195777
11 37 -0.0211363
11 38 -0.0242572
11 39 -0.0293367
11 40 -0.0333103
11 41 -0.034637
11 42 -0.0310353
11 43 -0.0239673
11 44 -0.0147277
11 45 -0.00536163
11 46 0.00270564
11 47 0.00959648
11 48 0.0146381
11 49 0.0191237
11 50 0.0222743
11 51 0.0253561
11 52 0.0274213
11 53 0.0294547
11 54 0.030681
11 55 0.0318062
11 56 0.0323826
11 57 0.0328258
11 58 0.0329959
11 59 0.033032
11 60 0.0330261
11 61 0.032894
11 62 0.0328778
11 63 0.0327421
11 64 0.0328006
11 65 0.0327422
11 66 0.0328781
11 67 0.032895
11 68 0.0330287
11 69 0.0330389
11 70 0.033013
11 71 0.0328657
11 72 0.0324694
11 73 0.0319813
11 74 0.0310056
11 75 0.0300003
11 76 0.0282355
11 77 0.0263904
11 78 0.0232833
11 79 0.0195836
11 80 0.0137898
11 81 0.00673351
11 82 -0.00226717
11 83 -0.0113223
11 84 -0.0191919
11 85 -0.0239343
11 86 -0.0248012
11 87 -0.0235556
11 88 -0.0218745
11 89 -0.0227894
11 90 -0.0251423
11 91 -0.0277988
11 92 -0.0282548
11 93 -0.0262762
11 94 -0.0230548
11 95 -0.0174167
11 96 -0.00911583
11 97 0.00320634
11 98 0.0168278
11 99 0.0287347
11 100 0.0378741
11 101 0.0413919
11 102 0.0385101
11 103 0.0282175
11 104 0.0139229
11 105 0.000805115
11 106 -0.0120285
11 107 -0.0228025
11 108 -0.0288456
11 109 -0.0287386
11 110 -0.0223032
11 111 -0.0146511
11 112 -0.00604472
11 113 0.00369549
11 114 0.00959911
11 115 0.0130399
11 116 0.0137636
11 117 0.00984401
11 118 0.00690806
11 119 0.00452666
11 120 8.89744e-06
11 121 -0.00207962
11 122 -0.00324437
11 123 -0.00548696
11 124 -0.00345527
11 125 0.000135552
11 126 -0.000767594
11 127 -0.000144434

12 0 -0.000689121
12 1 -0.00639378
12 2 -0.00595619
12 3 -0.00703197
12 4 -0.00803036
12 5 -0.00531731
12 6 -0.000742181
12 7 0.0031262
12 8 0.00875635
12 9 0.0147652
12 10 0.0184406
12 11 0.0195911
12 12 0.0164582
12 13 0.0112246
12 14 0.00433368
12 15 -0.00709793
12 16 -0.0178934
12 17 -0.0259519
12 18 -0.0318716
12 19 -0.0312907
12 20 -0.0263358
12 21 -0.017886
12 22 -0.00469008
12 23 0.0101049
12 24 0.0246273
12 25 0.0333708
12 26 0.0357427
12 27 0.0349421
12 28 0.0297679
12 29 0.021736
12 30 0.0109049
12 31 0.000421654
12 32 -0.00773893
12 33 -0.014836
12 34 -0.0195177
12 35 -0.0223807
12 36 -0.0218043
12 37 -0.0200383
12 38 -0.0192566
12 39 -0.0204849
12 40 -0.023236
12 41 -0.0240726
12 42 -0.0221403
12 43 -0.0160826
12 44 -0.00833691
12 45 0.000157965
12 46 0.00719844
12 47 0.01266
12 48 0.0163089
12 49 0.0185706
12 50 0.0200439
12 51 0.0206836
12 52 0.021216
12 53 0.021084
12 54 0.0211262
12 55 0.0205416
12 56 0.0202949
12 57 0.019486
12 58 0.0191427
12 59 0.0183193
12 60 0.0180496
12 61 0.0173684
12 62 0.0172907
12 63 0.0168436
12 64 0.0170214
12 65 0.0168438
12 66 0.0172912
12 67 0.0173699
12 68 0.0180538
12 69 0.01833
12 70 0.0191686
12 71 0.0195443
12 72 0.0204169
12 73 0.0207777
12 74 0.0215439
12 75 0.0217486
12 76 0.0221398
12 77 0.0217385
12 78 0.0208618
12 79 0.0185062
12 80 0.0145838
12 81 0.00878181
12 82 0.00157942
12 83 -0.00542553
12 84 -0.0110131
12 85 -0.0132289
12 86 -0.0133472
12 87 -0.0123177
12 88 -0.0138104
12 89 -0.0177751
12 90 -0.0237418
12 91 -0.0283547
12 92 -0.0300066
12 93 -0.0289471
12 94 -0.0247906
12 95 -0.0182334
12 96 -0.00728763
12 97 0.00523606
12 98 0.0176726
12 99 0.0279862
12 100 0.0355216
12 101 0.0401567
12 102 0.0372753
12 103 0.0283663
12 104 0.0157642
12 105 0.0031631
12 106 -0.00753917
12 107 -0.0181658
12 108 -0.0246223
12 109 -0.0273001
12 110 -0.0269614
12 111 -0.0218064
12 112 -0.0156965
12 113 -0.00876902
12 114 -0.00101162
12 115 0.00632339
12 116 0.0139731
12 117 0.0175887
12 118 0.0181112
12 119 0.0193847
12 120 0.016402
12 121 0.00977266
12 122 0.00381401
12 123 -0.00368773
12 124 -0.0104383
12 125 -0.0137355
12 126 -0.0164055
12 127 -0.0017101

13 0 -0.00149591
13 1 -0.0155298
13 2 -0.014285
13 3 -0.0106679
13 4 -0.005655
13 5 -0.000561124
13 6 0.0048828
13 7 0.011207
13 8 0.0160008
13 9 0.0179326
13 10 0.0184608
13 11 0.0160239
13 12 0.0112246
13 13 0.00686338
13 14 -0.000460729
13 15 -0.010072
13 16 -0.0171927
13 17 -0.0224949
13 18 -0.0253328
13 19 -0.025516
13 20 -0.022196
13 21 -0.013647
13 22 -0.0035358
13 23 0.00823134
13 24 0.0194075
13 25 0.0256354
13 26 0.0284972
13 27 0.0274102
13 28 0.0243325
13 29 0.0177355
13 30 0.00700148
13 31 -0.00309094
13 32 -0.0118807
13 33 -0.0164244
13 34 -0.0187752
13 35 -0.0182023
13 36 -0.014088
13 37 -0.00894309
13 38 -0.00350544
13 39 -0.00239196
13 40 -0.00329788
13 41 -0.00604803
13 42 -0.00667788
13 43 -0.00466995
13 44 -0.000607952
13 45 0.00470936
13 46 0.00837747
13 47 0.0114278
13 48 0.0115933
13 49 0.0116283
13 50 0.00965573
13 51 0.00841649
13 52 0.00605988
13 53 0.0046174
13 54 0.00255747
13 55 0.00120231
13 56 -0.000421882
13 57 -0.00161008
13 58 -0.00277884
13 59 -0.00374018
13 60 -0.0044652
13 61 -0.00515406
13 62 -0.00546916
13 63 -0.00585461
13 64 -0.00580127
13 65 -0.00585433
13 66 -0.00546827
13 67 -0.00515155
13 68 -0.0044586
13 69 -0.00372382
13 70 -0.00274079
13 71 -0.00152742
13 72 -0.000255192
13 73 0.00151162
13 74 0.0030788
13 75 0.00539883
13 76 0.00706084
13 77 0.00941059
13 78 0.0101488
13 79 0.0108892
13 80 0.00891627
13 81 0.00666113
13 82 0.0025245
13 83 0.000123163
13 84 -0.000968785
13 85 0.00102538
13 86 0.00396521
13 87 0.00520226
13 88 0.00317084
13 89 -0.00360543
13 90 -0.0108494
13 91 -0.0180542
13 92 -0.0214972
13 93 -0.0231153
13 94 -0.0213041
13 95 -0.0155467
13 96 -0.00682923
13 97 0.00383431
13 98 0.0115659
13 99 0.0184543
13 100 0.0236699
13 101 0.0272029
13 102 0.0270971
13 103 0.0215997
13 104 0.014937
13 105 0.00638222
13 106 -0.00206534
13 107 -0.00916147
13 108 -0.015563
13 109 -0.0201441
13 110 -0.0244536
13 111 -0.0248406
13 112 -0.0207821
13 113 -0.0166271
13 114 -0.00996538
13 115 -0.000380977
13 116 0.00975429
13 117 0.0194353
13 118 0.0260698
13 119 0.0286036
13 120 0.0266532
13 121 0.0202793
13 122 0.0109543
13 123 -0.00124793
13 124 -0.014319
13 125 -0.0243261
13 126 -0.0293073
13 127 -0.00294648

14 0 -0.00197176
14 1 -0.0208246
14 2 -0.0180712
14 3 -0.0127806
14 4 -0.00474836
14 5 0.00480316
14 6 0.0120574
14 7 0.0165989
14 8 0.018416
14 9 0.0162025
14 10 0.0123735
14 11 0.00880535
14 12 0.00433368
14 13 -0.000460729
14 14 -0.0048684
14 15 -0.00913985
14 16 -0.0117692
14 17 -0.0121151
14 18 -0.0128222
14 19 -0.0137297
14 20 -0.0113953
14 21 -0.00681347
14 22 -0.00177505
14 23 0.00331928
14 24 0.00782826
14 25 0.0122353
14 26 0.0141864
14 27 0.0143294
14 28 0.0133832
14 29 0.0085203
14 30 0.00108231
14 31 -0.00806089
14 32 -0.0142773
14 33 -0.0159208
14 34 -0.0146655
14 35 -0.00952922
14 36 -0.00286351
14 37 0.00650719
14 38 0.014417
14 39 0.0187784
14 40 0.0185475
14 41 0.0142962
14 42 0.0105329
14 43 0.00727933
14 44 0.00740769
14 45 0.00754835
14 46 0.00842085
14 47 0.00733221
14 48 0.00521237
14 49 0.00181127
14 50 -0.00234298
14 51 -0.00615217
14 52 -0.0103731
14 53 -0.0133095
14 54 -0.0167801
14 55 -0.0186622
14 56 -0.0213212
14 57 -0.0223516
14 58 -0.0243278
14 59 -0.0247293
14 60 -0.0261671
14 61 -0.0261124
14 62 -0.0271381
14 63 -0.0267392
14 64 -0.0274384
14 65 -0.0267387
14 66 -0.0271366
14 67 -0.0261085
14 68 -0.026157
14 69 -0.0247051
14 70 -0.0242732
14 71 -0.0222373
14 72 -0.0210993
14 73 -0.0182682
14 74 -0.0161494
14 75 -0.0124245
14 76 -0.0093454
14 77 -0.00531973
14 78 -0.00231483
14 79 0.000275761
14 80 0.00158678
14 81 0.00191844
14 82 0.00283452
14 83 0.00454895
14 84 0.00968169
14 85 0.0155132
14 86 0.0220731
14 87 0.0239122
14 88 0.02148
14 89 0.0140036
14 90 0.00517778
14 91 -0.00259563
14 92 -0.0092465
14 93 -0.0128655
14 94 -0.0144922
14 95 -0.0109642
14 96 -0.00527006
14 97 0.00038949
14 98 0.00387996
14 99 0.00505286
14 100 0.00706481
14 101 0.00789757
14 102 0.00842079
14 103 0.0086354
14 104 0.00834607
14 105 0.00740236
14 106 0.0041951
14 107 0.00146417
14 108 -0.00132027
14 109 -0.00703825
14 110 -0.0141386
14 111 -0.0197714
14 112 -0.0220822
14 113 -0.0209262
14 114 -0.0162699
14 115 -0.00788744
14 116 0.00309074
14 117 0.0150142
14 118 0.0258544
14 119 0.0324755
14 120 0.0326471
14 121 0.0271497
14 122 0.0162268
14 123 0.000199188
14 124 -0.0156581
14 125 -0.0277547
14 126 -0.0362747
14 127 -0.00383857

15 0 -0.00221785
15 1 -0.0218733
15 2 -0.0172555
15 3 -0.0118288
15 4 -0.0018319
15 5 0.00941265
15 6 0.0152819
15 7 0.0184112
15 8 0.0176205
15 9 0.010913
15 10 0.00488428
15 11 -0.000371901
15 12 -0.00709793
15 13 -0.010072
15 14 -0.00913985
15 15 -0.0062846
15 16 -0.00125993
15 17 0.00255071
15 18 0.00418843
15 19 0.00403943
15 20 0.00226308
15 21 0.00117195
15 22 -0.0012124
15 23 -0.00481927
15 24 -0.0055399
15 25 -0.00421684
15 26 -0.00210467
15 27 -0.000480625
15 28 -0.000535183
15 29 -0.0018587
15 30 -0.00638167
15 31 -0.0119976
15 32 -0.0149129
15 33 -0.0137688
15 34 -0.00791625
15 35 -6.0627e-05
15 36 0.00982661
15 37 0.0207845
15 38 0.0304319
15 39 0.0365639
15 40 0.0360707
15 41 0.0309464
15 42 0.0228404
15 43 0.0156277
15 44 0.0103425
15 45 0.00680295
15 46 0.00424016
15 47 0.000765114
15 48 -0.00303463
15 49 -0.0082933
15 50 -0.0131676
15 51 -0.01853
15 52 -0.0227223
15 53 -0.0267557
15 54 -0.0295943
15 55 -0.0321274
15 56 -0.0338181
15 57 -0.0352136
15 58 -0.0361434
15 59 -0.0367986
15 60 -0.0372825
15 61 -0.0375063
15 62 -0.0377554
15 63 -0.0377547
15 64 -0.0378774
15 65 -0.0377539
15 66 -0.0377531
15 67 -0.0375002
15 68 -0.0372675
15 69 -0.0367636
15 70 -0.0360672
15 71 -0.0350593
15 72 -0.0335304
15 73 -0.0316392
15 74 -0.0288552
15 75 -0.0257937
15 76 -0.0217364
15 77 -0.0179741
15 78 -0.0137375
15 79 -0.0107
15 80 -0.00751408
15 81 -0.00495115
15 82 -0.000537641
15 83 0.00587868
15 84 0.0153156
15 85 0.0258054
15 86 0.0342053
15 87 0.0379897
15 88 0.0352958
15 89 0.0289231
15 90 0.0203022
15 91 0.0123449
15 92 0.00466123
15 93 -0.00176058
15 94 -0.00508226
15 95 -0.00536519
15 96 -0.00329747
15 97 -0.00312282
15 98 -0.00502001
15 99 -0.00785451
15 100 -0.0108343
15 101 -0.0124167
15 102 -0.0124846
15 103 -0.00833389
15 104 -0.00120022
15 105 0.00479432
15 106 0.00972687
15 107 0.0128666
15 108 0.0136426
15 109 0.0104331
15 110 0.00199651
15 111 -0.00751531
15 112 -0.0167118
15 113 -0.0232103
15 114 -0.0219298
15 115 -0.0159737
15 116 -0.00675944
15 117 0.00728558
15 118 0.0204822
15 119 0.0297673
15 120 0.0340296
15 121 0.0290627
15 122 0.0174999
15 123 0.00324005
15 124 -0.0141861
15 125 -0.0291968
15 126 -0.0352464
15 127 -0.00354972

16 0 -0.00189358
16 1 -0.0201248
16 2 -0.016569
16 3 -0.00713351
16 4 0.00487418
16 5 0.0127566
16 6 0.0161756
16 7 0.0171058
16 8 0.0123531
16 9 0.00408274
16 10 -0.00403514
16 11 -0.0127595
16 12 -0.0178934
16 13 -0.0171927
16 14 -0.0117692
16 15 -0.00125993
16 16 0.00839899
16 17 0.0153909
16 18 0.0212848
16 19 0.0211189
16 20 0.0167913
16 21 0.0100774
16 22 -0.000357403
16 23 -0.00995846
16 24 -0.0170209
16 25 -0.0191433
16 26 -0.0175713
16 27 -0.0165606
16 28 -0.0144339
16 29 -0.0130453
16 30 -0.0127339
16 31 -0.013089
16 32 -0.0126984
16 33 -0.00777657
16 34 1.18957e-05
16 35 0.00999286
16 36 0.0202439
16 37 0.030427
16 38 0.0396834
16 39 0.0447308
16 40 0.0441248
16 41 0.0368651
16 42 0.0262649
16 43 0.0151008
16 44 0.00628563
16 45 0.000132045
16 46 -0.00412996
16 47 -0.00766777
16 48 -0.0115083
16 49 -0.0155737
16 50 -0.0199263
16 51 -0.0238107
16 52 -0.0272726
16 53 -0.0298004
16 54 -0.0317556
16 55 -0.0328862
16 56 -0.0336644
16 57 -0.0338976
16 58 -0.0340261
16 59 -0.0338383
16 60 -0.0337208
16 61 -0.033435
16 62 -0.0333254
16 63 -0.0331292
16 64 -0.0331591
16 65 -0.0331281
16 66 -0.0333219
16 67 -0.0334259
16 68 -0.0336989
16 69 -0.0337889
16 70 -0.033922
16 71 -0.0336945
16 72 -0.0333009
16 73 -0.0322982
16 74 -0.0309179
16 75 -0.0288023
16 76 -0.0264129
16 77 -0.0236525
16 78 -0.0212061
16 79 -0.0188637
16 80 -0.0166521
16 81 -0.013263
16 82 -0.00757133
16 83 0.00160959
16 84 0.0137519
16 85 0.0264059
16 86 0.036396
16 87 0.0406925
16 88 0.0398593
16 89 0.0351133
16 90 0.0295709
16 91 0.0231248
16 92 0.0164792
16 93 0.0101087
16 94 0.00542454
16 95 0.00314189
16 96 -0.000145488
16 97 -0.00508632
16 98 -0.0127337
16 99 -0.020229
16 100 -0.0267942
16 101 -0.0319976
16 102 -0.0312219
16 103 -0.0242427
16 104 -0.0110907
16 105 0.00314537
16 106 0.0151045
16 107 0.0251527
16 108 0.0282206
16 109 0.0254346
16 110 0.017925
16 111 0.00503115
16 112 -0.00856955
16 113 -0.0205239
16 114 -0.0256691
16 115 -0.0223123
16 116 -0.0152781
16 117 -0.0027905
16 118 0.0115689
16 119 0.0207455
16 120 0.0269005
16 121 0.0270841
16 122 0.0179224
16 123 0.00536561
16 124 -0.00893067
16 125 -0.0229055
16 126 -0.0293753
16 127 -0.00298195

17 0 -0.00170578
17 1 -0.0165849
17 2 -0.0104119
17 3 -0.00127098
17 4 0.00804136
17 5 0.0152319
17 6 0.0177328
17 7 0.0142828
17 8 0.00670393
17 9 -0.00327463
17 10 -0.0152236
17 11 -0.0240563
17 12 -0.0259519
17 13 -0.0224949
17 14 -0.0121151
17 15 0.00255071
17 16 0.0153909
17 17 0.0271373
17 18 0.0348948
17 19 0.0350572
17 20 0.0282588
17 21 0.0148915
17 22 2.569e-05
17 23 -0.0142203
17 24 -0.0252754
17 25 -0.0288792
17 26 -0.0287403
17 27 -0.0260404
17 28 -0.0223416
17 29 -0.0181096
17 30 -0.0130836
17 31 -0.0104231
17 32 -0.00712123
17 33 -0.00239128
17 34 0.00508824
17 35 0.0139808
17 36 0.0219788
17 37 0.0302608
17 38 0.0366869
17 39 0.0412156
17 40 0.039866
17 41 0.032891
17 42 0.0213951
17 43 0.00890965
17 44 -0.00108194
17 45 -0.00812963
17 46 -0.0114744
17 47 -0.0139026
17 48 -0.0150047
17 49 -0.0170305
17 50 -0.0184012
17 51 -0.0203622
17 52 -0.0213008
17 53 -0.0222253
17 54 -0.0221848
17 55 -0.0220091
17 56 -0.0212996
17 57 -0.020529
17 58 -0.0196474
17 59 -0.0187532
17 60 -0.0180355
17 61 -0.0173083
17 62 -0.0169241
17 63 -0.0165189
17 64 -0.0165318
17 65 -0.0165171
17 66 -0.0169188
17 67 -0.017295
17 68 -0.0180044
17 69 -0.018685
17 70 -0.0195086
17 71 -0.020268
17 72 -0.0208518
17 73 -0.0213209
17 74 -0.0212687
17 75 -0.0212466
17 76 -0.0206641
17 77 -0.020719
17 78 -0.020467
17 79 -0.0211427
17 80 -0.0205358
17 81 -0.0189099
17 82 -0.0131217
17 83 -0.00412747
17 84 0.00841947
17 85 0.0203992
17 86 0.0293694
17 87 0.0332078
17 88 0.0326444
17 89 0.0305675
17 90 0.0273199
17 91 0.0244049
17 92 0.0198046
17 93 0.016133
17 94 0.0128798
17 95 0.00994257
17 96 0.00474123
17 97 -0.00444509
17 98 -0.0145805
17 99 -0.0257535
17 100 -0.0351773
17 101 -0.0424151
17 102 -0.0431105
17 103 -0.0343592
17 104 -0.0197345
17 105 -0.000585767
17 106 0.0178877
17 107 0.032412
17 108 0.0394529
17 109 0.0369667
17 110 0.0296639
17 111 0.0166613
17 112 -0.000199544
17 113 -0.0146018
17 114 -0.0247108
17 115 -0.0274012
17 116 -0.0224075
17 117 -0.012746
17 118 -0.000690801
17 119 0.00976855
17 120 0.017139
17 121 0.0200658
17 122 0.0160612
17 123 0.00788983
17 124 -0.00158953
17 125 -0.0116959
17 126 -0.0195884
17 127 -0.00224807

18 0 -0.00116096
18 1 -0.0102892
18 2 -0.00521288
18 3 0.00240011
18 4 0.010399
18 5 0.0159957
18 6 0.017423
18 7 0.0130011
18 8 0.00282462
18 9 -0.0101987
18 10 -0.0230676
18 11 -0.0314419
18 12 -0.0318716
18 13 -0.0253328
18 14 -0.0128222
18 15 0.00418843
18 16 0.0212848
18 17 0.0348948
18 18 0.0428996
18 19 0.042327
18 20 0.0318066
18 21 0.0156799
18 22 -0.00123445
18 23 -0.0167708
18 24 -0.0278338
18 25 -0.032915
18 26 -0.032007
18 27 -0.0277508
18 28 -0.0224381
18 29 -0.0151167
18 30 -0.00813666
18 31 -0.0027609
18 32 0.000372721
18 33 0.00290822
18 34 0.00731215
18 35 0.011727
18 36 0.0164056
18 37 0.0199405
18 38 0.023556
18 39 0.0260319
18 40 0.0248906
18 41 0.0193557
18 42 0.00891136
18 43 -0.00195659
18 44 -0.0115862
18 45 -0.0165036
18 46 -0.0181186
18 47 -0.0167126
18 48 -0.0144872
18 49 -0.0122338
18 50 -0.0101776
18 51 -0.00878553
18 52 -0.00697893
18 53 -0.0057282
18 54 -0.00362192
18 55 -0.0022225
18 56 2.17199e-05
18 57 0.00130967
18 58 0.00332051
18 59 0.00423904
18 60 0.00580272
18 61 0.00624605
18 62 0.00730158
18 63 0.00724989
18 64 0.00779982
18 65 0.00725258
18 66 0.00730936
18 67 0.00626512
18 68 0.00584609
18 69 0.00433103
18 70 0.00350156
18 71 0.00163738
18 72 0.000559578
18 73 -0.0014404
18 74 -0.00265923
18 75 -0.00483779
18 76 -0.00666831
18 77 -0.00976026
18 78 -0.0130573
18 79 -0.01703
18 80 -0.0200578
18 81 -0.0206639
18 82 -0.0176341
18 83 -0.0100763
18 84 -0.000711525
18 85 0.00875311
18 86 0.0140359
18 87 0.0162168
18 88 0.0154637
18 89 0.0152422
18 90 0.0154551
18 91 0.0157164
18 92 0.0160127
18 93 0.0160758
18 94 0.0170985
18 95 0.0155091
18 96 0.0102213
18 97 0.000420853
18 98 -0.0113233
18 99 -0.0230474
18 100 -0.0347497
18 101 -0.0427214
18 102 -0.0442618
18 103 -0.0372652
18 104 -0.0234112
18 105 -0.00509856
18 106 0.0157721
18 107 0.0330331
18 108 0.0422
18 109 0.0428655
18 110 0.0363269
18 111 0.0239415
18 112 0.00792315
18 113 -0.00780054
18 114 -0.0205854
18 115 -0.0282904
18 116 -0.0284873
18 117 -0.0215776
18 118 -0.0113729
18 119 -0.00104328
18 120 0.00789869
18 121 0.0123815
18 122 0.0120643
18 123 0.00966683
18 124 0.00401819
