0 0 0
0 1 0.00251251
0 2 0.00186586
0 3 0.000699665
0 4 -0.000608866
0 5 -0.0020052
0 6 -0.00307862
0 7 -0.00364648
0 8 -0.00365912
0 9 -0.00290217
0 10 -0.00166554
0 11 -4.54357e-05
0 12 0.00159182
0 13 0.00279306
0 14 0.00338704
0 15 0.00315169
0 16 0.00235565
0 17 0.00135282
0 18 0.000611744
0 19 0.000395312
0 20 0.000675751
0 21 0.00126467
0 22 0.0017331
0 23 0.0019839
0 24 0.00179963
0 25 0.00110838
0 26 -3.54828e-05
0 27 -0.0015037
0 28 -0.00292879
0 29 -0.00378513
0 30 -0.00381445
0 31 -0.00324795
0 32 -0.00210342
0 33 -0.000807563
0 34 0.000374247
0 35 0.00129471
0 36 0.00154097
0 37 0.00101905
0 38 0.000178464
0 39 -0.000597247
0 40 -0.00125776
0 41 -0.00153326
0 42 -0.0013807
0 43 -0.000747872
0 44 2.0648e-05
0 45 0.000481282
0 46 0.000426884
0 47 -7.73677e-05
0 48 -0.00117206
0 49 -0.00272031
0 50 -0.00424246
0 51 -0.00545024
0 52 -0.00620673
0 53 -0.00644368
0 54 -0.00617022
0 55 -0.00560116
0 56 -0.00490971
0 57 -0.00438405
0 58 -0.00405951
0 59 -0.00393816
0 60 -0.0039488
0 61 -0.00405639
0 62 -0.00404525
0 63 -0.00402089
0 64 -0.00403128
0 65 -0.00403055
0 66 -0.00391475
0 67 -0.00390223
0 68 -0.00402871
0 69 -0.00436891
0 70 -0.00491986
0 71 -0.00565098
0 72 -0.00627048
0 73 -0.00661153
0 74 -0.00645152
0 75 -0.00578967
0 76 -0.00468069
0 77 -0.00327192
0 78 -0.0018312
0 79 -0.000850568
0 80 -0.000439695
0 81 -0.000471788
0 82 -0.000980491
0 83 -0.00177285
0 84 -0.00237508
0 85 -0.00245567
0 86 -0.00204682
0 87 -0.0012016
0 88 -0.000190392
0 89 0.00093175
0 90 0.00175187
0 91 0.00182316
0 92 0.00118098
0 93 0.000249435
0 94 -0.000899113
0 95 -0.00198048
0 96 -0.00263185
0 97 -0.00281297
0 98 -0.00231074
0 99 -0.00136353
0 100 -0.000444029
0 101 9.19611e-05
0 102 0.00023445
0 103 -6.85882e-05
0 104 -0.000610282
0 105 -0.00117541
0 106 -0.00159348
0 107 -0.00143656
0 108 -0.000568383
0 109 0.00103538
0 110 0.00293993
0 111 0.00465328
0 112 0.00562643
0 113 0.00553111
0 114 0.00450801
0 115 0.0026509
0 116 0.000515418
0 117 -0.00155961
0 118 -0.00326472
0 119 -0.0042184
0 120 -0.0044801
0 121 -0.0039154
0 122 -0.00272151
0 123 -0.00118927
0 124 0.000494169
0 125 0.0018541
0 126 0.00273736
0 127 0

1 0 0.00251251
1 1 0.0234307
1 2 0.0170749
1 3 0.0060896
1 4 -0.00680012
1 5 -0.0199032
1 6 -0.0300204
1 7 -0.0352832
1 8 -0.0345595
1 9 -0.026869
1 10 -0.0142003
1 11 0.0020544
1 12 0.0178402
1 13 0.0295312
1 14 0.0348026
1 15 0.0318693
1 16 0.0237627
1 17 0.0133758
1 18 0.00537583
1 19 0.0024632
1 20 0.00394078
1 21 0.00844496
1 22 0.0126161
1 23 0.0146717
1 24 0.0132361
1 25 0.00773141
1 26 -0.00242479
1 27 -0.0148324
1 28 -0.0266889
1 29 -0.03407
1 30 -0.0339774
1 31 -0.0283805
1 32 -0.0182419
1 33 -0.00652567
1 34 0.00442638
1 35 0.0117431
1 36 0.0136027
1 37 0.00919091
1 38 0.00158452
1 39 -0.00607928
1 40 -0.0121955
1 41 -0.0147296
1 42 -0.0134978
1 43 -0.00816762
1 44 -0.00177654
1 45 0.00253648
1 46 0.00219519
1 47 -0.00205061
1 48 -0.0116501
1 49 -0.0248004
1 50 -0.0383173
1 51 -0.0489711
1 52 -0.0562349
1 53 -0.058767
1 54 -0.0570757
1 55 -0.0524957
1 56 -0.0469855
1 57 -0.0419118
1 58 -0.0382111
1 59 -0.035949
1 60 -0.0349911
1 61 -0.0348016
1 62 -0.0344613
1 63 -0.0341841
1 64 -0.0342898
1 65 -0.034484
1 66 -0.0345497
1 67 -0.0354593
1 68 -0.037717
1 69 -0.0415373
1 70 -0.0467922
1 71 -0.0526504
1 72 -0.0576498
1 73 -0.0599555
1 74 -0.0581027
1 75 -0.0517141
1 76 -0.0419685
1 77 -0.0295137
1 78 -0.0173915
1 79 -0.0088753
1 80 -0.00557547
1 81 -0.00607615
1 82 -0.0109658
1 83 -0.0176268
1 84 -0.0228424
1 85 -0.0234535
1 86 -0.0198592
1 87 -0.0120577
1 88 -0.00234565
1 89 0.00788214
1 90 0.015019
1 91 0.016167
1 92 0.0115263
1 93 0.00301177
1 94 -0.00710782
1 95 -0.016509
1 96 -0.0225881
1 97 -0.0244873
1 98 -0.0201288
1 99 -0.0126235
1 100 -0.00522286
1 101 -0.000745336
1 102 -0.000511898
1 103 -0.00379026
1 104 -0.00895568
1 105 -0.0143484
1 106 -0.017742
1 107 -0.0155212
1 108 -0.00686636
1 109 0.00890602
1 110 0.0276909
1 111 0.0443701
1 112 0.0545053
1 113 0.0542679
1 114 0.0447223
1 115 0.0274839
1 116 0.00683331
1 117 -0.0132015
1 118 -0.0295671
1 119 -0.0393225
1 120 -0.0419253
1 121 -0.0370218
1 122 -0.0261782
1 123 -0.0116948
1 124 0.00369404
1 125 0.0166239
1 126 0.0248803
1 127 0.00273736

2 0 0.00186586
2 1 0.0170749
2 2 0.011547
2 3 0.00296591
2 4 -0.0079272
2 5 -0.0179987
2 6 -0.0257382
2 7 -0.0295445
2 8 -0.0274173
2 9 -0.0204107
2 10 -0.00851173
2 11 0.00576356
2 12 0.0188669
2 13 0.0284776
2 14 0.0312193
2 15 0.0272878
2 16 0.0183912
2 17 0.00810228
2 18 0.00012538
2 19 -0.00309835
2 20 -0.00148471
2 21 0.00252643
2 22 0.00809018
2 23 0.0114224
2 24 0.0122037
2 25 0.00961844
2 26 0.00222315
2 27 -0.0069823
2 28 -0.0161277
2 29 -0.0220851
2 30 -0.0233754
2 31 -0.0193017
2 32 -0.0130737
2 33 -0.00530726
2 34 0.0020429
2 35 0.00551356
2 36 0.00499746
2 37 0.000516566
2 38 -0.00581792
2 39 -0.0132417
2 40 -0.0178756
2 41 -0.0191566
2 42 -0.0162388
2 43 -0.0111759
2 44 -0.00480181
2 45 0.000196355
2 46 0.00186551
2 47 -0.000546235
2 48 -0.0071235
2 49 -0.0163648
2 50 -0.0264363
2 51 -0.034446
2 52 -0.0402677
2 53 -0.0421433
2 54 -0.041067
2 55 -0.037257
2 56 -0.0331279
2 57 -0.0280347
2 58 -0.0239481
2 59 -0.0203376
2 60 -0.0183587
2 61 -0.0165697
2 62 -0.0161803
2 63 -0.0156623
2 64 -0.0159687
2 65 -0.0161582
2 66 -0.0177667
2 67 -0.019599
2 68 -0.0231051
2 69 -0.0271397
2 70 -0.0322513
2 71 -0.0364618
2 72 -0.0404574
2 73 -0.041779
2 74 -0.040289
2 75 -0.0348869
2 76 -0.0274683
2 77 -0.0179654
2 78 -0.00947915
2 79 -0.00354173
2 80 -0.00194125
2 81 -0.00418156
2 82 -0.00986607
2 83 -0.0165491
2 84 -0.0219371
2 85 -0.0246941
2 86 -0.0231426
2 87 -0.0177324
2 88 -0.0093081
2 89 -0.00159923
2 90 0.00452723
2 91 0.00674492
2 92 0.00517075
2 93 -0.000694533
2 94 -0.00700325
2 95 -0.0126664
2 96 -0.016523
2 97 -0.0161804
2 98 -0.0118033
2 99 -0.00523702
2 100 0.000702705
2 101 0.0045284
2 102 0.00319874
2 103 -0.000754261
2 104 -0.00686618
2 105 -0.0135302
2 106 -0.017387
2 107 -0.0169021
2 108 -0.00985227
2 109 0.00317761
2 110 0.0198166
2 111 0.0348245
2 112 0.0447343
2 113 0.0462685
2 114 0.0390128
2 115 0.0259372
2 116 0.008841
2 117 -0.0076236
2 118 -0.0211431
2 119 -0.0300605
2 120 -0.0325637
2 121 -0.0298182
2 122 -0.0220606
2 123 -0.0112519
2 124 9.41167e-06
2 125 0.0100823
2 126 0.0163034
2 127 0.00182896

3 0 0.000699665
3 1 0.0060896
3 2 0.00296591
3 3 -0.00189466
3 4 -0.00811495
3 5 -0.013547
3 6 -0.0178089
3 7 -0.0189869
3 8 -0.0162396
3 9 -0.0102905
3 10 -0.000438688
3 11 0.00967509
3 12 0.0187986
3 13 0.0241416
3 14 0.0230364
3 15 0.0178289
3 16 0.00811225
3 17 -0.00113697
3 18 -0.00750062
3 19 -0.0101857
3 20 -0.00760037
3 21 -0.00272317
3 22 0.00380867
3 23 0.00978582
3 24 0.013799
3 25 0.0142252
3 26 0.0116132
3 27 0.00612336
3 28 -4.15284e-05
3 29 -0.00441874
3 30 -0.00757536
3 31 -0.00767531
3 32 -0.00663485
3 33 -0.0043678
3 34 -0.00327566
3 35 -0.00413165
3 36 -0.00793959
3 37 -0.0135487
3 38 -0.0189397
3 39 -0.0230366
3 40 -0.0252595
3 41 -0.0253029
3 42 -0.0204728
3 43 -0.0138251
3 44 -0.00676496
3 45 -0.00120017
3 46 0.00300679
3 47 0.00331752
3 48 0.00124666
3 49 -0.00332264
3 50 -0.00838554
3 51 -0.0132041
3 52 -0.0162943
3 53 -0.0176596
3 54 -0.0166253
3 55 -0.0143112
3 56 -0.011192
3 57 -0.00692203
3 58 -0.00211787
3 59 0.00215267
3 60 0.00568282
3 61 0.00850168
3 62 0.00952718
3 63 0.00974636
3 64 0.00974376
3 65 0.00894682
3 66 0.00633676
3 67 0.00305066
3 68 -0.0010179
3 69 -0.00556385
3 70 -0.00964474
3 71 -0.012502
3 72 -0.0146561
3 73 -0.0154479
3 74 -0.0139796
3 75 -0.0107045
3 76 -0.00587814
3 77 -0.000738003
3 78 0.00370259
3 79 0.00568904
3 80 0.00508248
3 81 0.000588844
3 82 -0.00543888
3 83 -0.0129922
3 84 -0.0202186
3 85 -0.025694
3 86 -0.026232
3 87 -0.0246842
3 88 -0.0210106
3 89 -0.0161533
3 90 -0.0106507
3 91 -0.00707075
3 92 -0.00592894
3 93 -0.00686912
3 94 -0.00854934
3 95 -0.00915022
3 96 -0.00845178
3 97 -0.00484118
3 98 -0.000262651
3 99 0.00601151
3 100 0.0109826
3 101 0.0131169
3 102 0.0114784
3 103 0.00650063
3 104 -0.000847064
3 105 -0.00829294
3 106 -0.0137826
3 107 -0.0164369
3 108 -0.0127854
3 109 -0.00505559
3 110 0.00683122
3 111 0.0192078
3 112 0.02773
3 113 0.0317059
3 114 0.0286104
3 115 0.0209663
3 116 0.0105785
3 117 -0.000319195
3 118 -0.00910078
3 119 -0.0151207
3 120 -0.0176846
3 121 -0.0170808
3 122 -0.0140258
3 123 -0.00959317
3 124 -0.00457132
3 125 -0.000415409
3 126 0.00233449
3 127 0.000317828

4 0 -0.000608866
4 1 -0.00680012
4 2 -0.0079272
4 3 -0.00811495
4 4 -0.00914698
4 5 -0.00865705
4 6 -0.00777263
4 7 -0.00604196
4 8 -0.00194302
4 9 0.00232354
4 10 0.00831768
4 11 0.0136542
4 12 0.01672
4 13 0.0172583
4 14 0.0130042
4 15 0.00605868
4 16 -0.00268288
4 17 -0.0103901
4 18 -0.0153385
4 19 -0.0163677
4 20 -0.0131627
4 21 -0.00764499
4 22 0.000949414
4 23 0.00881927
4 24 0.0155181
4 25 0.0201151
4 26 0.0208855
4 27 0.0198253
4 28 0.0175445
4 29 0.0139059
4 30 0.00913266
4 31 0.0057051
4 32 0.000738891
4 33 -0.00377881
4 34 -0.00833509
4 35 -0.0154317
4 36 -0.022086
4 37 -0.026763
4 38 -0.0302673
4 39 -0.0333212
4 40 -0.0325146
4 41 -0.0288744
4 42 -0.0221334
4 43 -0.0154626
4 44 -0.00871488
4 45 -0.00181394
4 46 0.00409909
4 47 0.00711024
4 48 0.00864344
4 49 0.00966854
4 50 0.0091695
4 51 0.00833862
4 52 0.00723025
4 53 0.00694793
4 54 0.00695537
4 55 0.00801783
4 56 0.00918725
4 57 0.0128315
4 58 0.0174127
4 59 0.0226144
4 60 0.0270348
4 61 0.0312383
4 62 0.032502
4 63 0.0329385
4 64 0.0326846
4 65 0.0316166
4 66 0.0276315
4 67 0.0234686
4 68 0.0185643
4 69 0.0143455
4 70 0.0111078
4 71 0.0104337
4 72 0.0098944
4 73 0.0105163
4 74 0.0114102
4 75 0.0132412
4 76 0.0146951
4 77 0.0159139
4 78 0.0153908
4 79 0.0144181
4 80 0.0116079
4 81 0.00589312
4 82 -0.00130266
4 83 -0.00842138
4 84 -0.0160302
4 85 -0.023849
4 86 -0.0290862
4 87 -0.0316547
4 88 -0.0306619
4 89 -0.0293445
4 90 -0.0267583
4 91 -0.0222097
4 92 -0.0166306
4 93 -0.0134463
4 94 -0.00929355
4 95 -0.00439127
4 96 0.000105912
4 97 0.00632899
4 98 0.0122204
4 99 0.0170782
4 100 0.0207542
4 101 0.0227185
4 102 0.019989
4 103 0.0149726
4 104 0.00736001
4 105 -0.0014487
4 106 -0.00839286
4 107 -0.0136078
4 108 -0.0148028
4 109 -0.0124609
4 110 -0.00635076
4 111 0.000938572
4 112 0.00802708
4 113 0.0131868
4 114 0.0145787
4 115 0.0144345
4 116 0.0116897
4 117 0.00869866
4 118 0.00604755
4 119 0.00275929
4 120 0.000524169
4 121 -0.00254211
4 122 -0.00557544
4 123 -0.00821306
4 124 -0.0112113
4 125 -0.0127216
4 126 -0.0136484
4 127 -0.00138406

5 0 -0.0020052
5 1 -0.0199032
5 2 -0.0179987
5 3 -0.013547
5 4 -0.00865705
5 5 -0.00258083
5 6 0.00264808
5 7 0.00728
5 8 0.0115076
5 9 0.0138448
5 10 0.0162357
5 11 0.0159167
5 12 0.0138556
5 13 0.00958916
5 14 0.00210784
5 15 -0.00470738
5 16 -0.0122863
5 17 -0.01692
5 18 -0.0187815
5 19 -0.0186073
5 20 -0.0146278
5 21 -0.00919
5 22 -0.00117953
5 23 0.00756543
5 24 0.0157659
5 25 0.0218532
5 26 0.0265905
5 27 0.0289866
5 28 0.0297164
5 29 0.0283254
5 30 0.0224571
5 31 0.0154457
5 32 0.00609339
5 33 -0.00333189
5 34 -0.0136298
5 35 -0.0236742
5 36 -0.0321363
5 37 -0.0367009
5 38 -0.0379315
5 39 -0.0366108
5 40 -0.0326813
5 41 -0.0275453
5 42 -0.0196813
5 43 -0.0129724
5 44 -0.00699141
5 45 -0.00139974
5 46 0.00514958
5 47 0.00937779
5 48 0.0142565
5 49 0.0188583
5 50 0.0227349
5 51 0.0244423
5 52 0.0253475
5 53 0.0246858
5 54 0.0236034
5 55 0.0221031
5 56 0.0214688
5 57 0.0233694
5 58 0.0277062
5 59 0.0329161
5 60 0.0384025
5 61 0.04328
5 62 0.0452851
5 63 0.0455964
5 64 0.0453559
5 65 0.0434556
5 66 0.0386911
5 67 0.0334192
5 68 0.028437
5 69 0.0244938
5 70 0.0229981
5 71 0.024258
5 72 0.0263803
5 73 0.0283398
5 74 0.0298392
5 75 0.0300247
5 76 0.0293038
5 77 0.0266097
5 78 0.0229894
5 79 0.0191608
5 80 0.015661
5 81 0.00970986
5 82 0.00427598
5 83 -0.00192349
5 84 -0.00935853
5 85 -0.0185603
5 86 -0.0254923
5 87 -0.0319648
5 88 -0.0360592
5 89 -0.0382875
5 90 -0.036989
5 91 -0.0321562
5 92 -0.0249974
5 93 -0.0173921
5 94 -0.00941457
5 95 -0.00067915
5 96 0.00715749
5 97 0.0151388
5 98 0.0197525
5 99 0.0235284
5 100 0.0258453
5 101 0.0264925
5 102 0.0247953
5 103 0.0205781
5 104 0.0138765
5 105 0.00641746
5 106 -0.000500671
5 107 -0.00792563
5 108 -0.01257
5 109 -0.0165674
5 110 -0.0171182
5 111 -0.0145914
5 112 -0.0107311
5 113 -0.00437739
5 114 0.00104531
5 115 0.00683929
5 116 0.0119068
5 117 0.015896
5 118 0.0190456
5 119 0.0196344
5 120 0.0176869
5 121 0.0123321
5 122 0.00419066
5 123 -0.00576053
5 124 -0.0157937
5 125 -0.024079
5 126 -0.029102
5 127 -0.00305286

6 0 -0.00307862
6 1 -0.0300204
6 2 -0.0257382
6 3 -0.0178089
6 4 -0.00777263
6 5 0.00264808
6 6 0.0117678
6 7 0.0186136
6 8 0.0224474
6 9 0.0233117
6 10 0.0214509
6 11 0.0167403
6 12 0.0101437
6 13 0.00208334
6 14 -0.00605283
6 15 -0.0124284
6 16 -0.01658
6 17 -0.0178306
6 18 -0.0170369
6 19 -0.0153821
6 20 -0.0125576
6 21 -0.00845907
6 22 -0.002936
6 23 0.00432748
6 24 0.011386
6 25 0.0178445
6 26 0.0241481
6 27 0.0293235
6 28 0.0334671
6 29 0.0338502
6 30 0.0292697
6 31 0.020672
6 32 0.00940038
6 33 -0.00311322
6 34 -0.0159823
6 35 -0.0277921
6 36 -0.0357896
6 37 -0.0380496
6 38 -0.0366592
6 39 -0.0319071
6 40 -0.0254426
6 41 -0.0182885
6 42 -0.0114292
6 43 -0.00629982
6 44 -0.00336786
6 45 6.70822e-05
6 46 0.00455223
6 47 0.00887681
6 48 0.0146915
6 49 0.0218084
6 50 0.0280789
6 51 0.0316753
6 52 0.0330719
6 53 0.0315564
6 54 0.0283327
6 55 0.0240036
6 56 0.0210207
6 57 0.0209315
6 58 0.0244209
6 59 0.0293649
6 60 0.0355786
6 61 0.0409103
6 62 0.043769
6 63 0.0440786
6 64 0.0437017
6 65 0.040796
6 66 0.0354514
6 67 0.0292856
6 68 0.0244582
6 69 0.0211834
6 70 0.0215906
6 71 0.0250182
6 72 0.0299252
6 73 0.033864
6 74 0.0362431
6 75 0.0358255
6 76 0.0333434
6 77 0.0282316
6 78 0.022351
6 79 0.0176846
6 80 0.014472
6 81 0.0108185
6 82 0.00801361
6 83 0.00520688
6 84 -0.000184805
6 85 -0.00800345
6 86 -0.0166461
6 87 -0.0253592
6 88 -0.0328972
6 89 -0.0376633
6 90 -0.0391071
6 91 -0.0349413
6 92 -0.02684
6 93 -0.0171073
6 94 -0.00700216
6 95 0.00316088
6 96 0.0119115
6 97 0.0183603
6 98 0.0212625
6 99 0.0218847
6 100 0.0224238
6 101 0.0223083
6 102 0.0218996
6 103 0.0198698
6 104 0.0161718
6 105 0.0119033
6 106 0.00671911
6 107 0.000221679
6 108 -0.00721101
6 109 -0.0152213
6 110 -0.0217696
6 111 -0.024694
6 112 -0.0238003
6 113 -0.0184392
6 114 -0.0100166
6 115 0.000143139
6 116 0.0112557
6 117 0.021217
6 118 0.02899
6 119 0.0327922
6 120 0.031161
6 121 0.0240813
6 122 0.0118311
6 123 -0.0034494
6 124 -0.0190008
6 125 -0.0321064
6 126 -0.0399021
6 127 -0.00422973

7 0 -0.00364648
7 1 -0.0352832
7 2 -0.0295445
7 3 -0.0189869
7 4 -0.00604196
7 5 0.00728
7 6 0.0186136
7 7 0.0262571
7 8 0.0296869
7 9 0.0285796
7 10 0.0235028
7 11 0.0154187
7 12 0.00568529
7 13 -0.00399532
7 14 -0.0114052
7 15 -0.0153007
7 16 -0.0153386
7 17 -0.0124629
7 18 -0.00933255
7 19 -0.00710893
7 20 -0.00633197
7 21 -0.00607959
7 22 -0.00472279
7 23 -0.0021457
7 24 0.00132101
7 25 0.00581504
7 26 0.0118439
7 27 0.0188719
7 28 0.0259357
7 29 0.0293391
7 30 0.0270383
7 31 0.0201686
7 32 0.00962499
7 33 -0.00264778
7 34 -0.0150891
7 35 -0.025685
7 36 -0.0314148
7 37 -0.030271
7 38 -0.0250275
7 39 -0.017875
7 40 -0.00957936
7 41 -0.00181052
7 42 0.00330105
7 43 0.00436142
7 44 0.00308386
7 45 0.00234267
7 46 0.00344415
7 47 0.00581242
7 48 0.0110941
7 49 0.0187894
7 50 0.0260924
7 51 0.0303254
7 52 0.0311874
7 53 0.028186
7 54 0.0222047
7 55 0.015002
7 56 0.00937343
7 57 0.00736387
7 58 0.00937371
7 59 0.0141254
7 60 0.0204729
7 61 0.0264204
7 62 0.0298851
7 63 0.0307334
7 64 0.0296815
7 65 0.0260276
7 66 0.0199066
7 67 0.0134301
7 68 0.00858324
7 69 0.00655517
7 70 0.00860203
7 71 0.0143792
7 72 0.0218094
7 73 0.0281608
7 74 0.0316304
7 75 0.0313968
7 76 0.0278949
7 77 0.0214703
7 78 0.0147304
7 79 0.010489
7 80 0.00916686
7 81 0.00906887
7 82 0.0106958
7 83 0.0126258
7 84 0.0119376
7 85 0.00674501
7 86 -0.00154073
7 87 -0.0109805
7 88 -0.0197825
7 89 -0.0273232
7 90 -0.0311609
7 91 -0.0285367
7 92 -0.0210977
7 93 -0.0117019
7 94 -0.00198251
7 95 0.00681769
7 96 0.0129984
7 97 0.0160127
7 98 0.0146608
7 99 0.0111624
7 100 0.0087516
7 101 0.00820881
7 102 0.00931033
7 103 0.010977
7 104 0.0123343
7 105 0.0129817
7 106 0.0125139
7 107 0.00885919
7 108 0.00153398
7 109 -0.00864803
7 110 -0.0194678
7 111 -0.02722
7 112 -0.0298223
7 113 -0.02633
7 114 -0.0174656
7 115 -0.00483926
7 116 0.00934666
7 117 0.0229968
7 118 0.0338353
7 119 0.0395013
7 120 0.0389226
7 121 0.0310954
7 122 0.0172114
7 123 -0.000446301
7 124 -0.0190149
7 125 -0.0343098
7 126 -0.0438651
7 127 -0.00468331

8 0 -0.00365912
8 1 -0.0345595
8 2 -0.0274173
8 3 -0.0162396
8 4 -0.00194302
8 5 0.0115076
8 6 0.0224474
8 7 0.0296869
8 8 0.0312098
8 9 0.0287213
8 10 0.0216938
8 11 0.0117487
8 12 0.00145684
8 13 -0.00819172
8 14 -0.0135326
8 15 -0.013939
8 16 -0.00961878
8 17 -0.00298329
8 18 0.0026923
8 19 0.00447709
8 20 0.0018589
8 21 -0.00245564
8 22 -0.00846931
8 23 -0.0120091
8 24 -0.0138973
8 25 -0.0137438
8 26 -0.00852901
8 27 -0.000697161
8 28 0.00867345
8 29 0.0158848
8 30 0.0182931
8 31 0.0141148
8 32 0.00762423
8 33 -0.00126855
8 34 -0.0111009
8 35 -0.01723
8 36 -0.0188377
8 37 -0.0148151
8 38 -0.00692579
8 39 0.00433654
8 40 0.0134645
8 41 0.0195764
8 42 0.0206539
8 43 0.0180861
8 44 0.0119269
8 45 0.00572249
8 46 0.00205251
8 47 0.00193037
8 48 0.00592914
8 49 0.0127404
8 50 0.0201687
8 51 0.0240303
8 52 0.024259
8 53 0.0191294
8 54 0.0108677
8 55 0.00060482
8 56 -0.00681138
8 57 -0.0111453
8 58 -0.0101574
8 59 -0.00624322
8 60 0.000640318
8 61 0.00651244
8 62 0.0112629
8 63 0.0122297
8 64 0.0109753
8 65 0.00593759
8 66 -0.000224776
8 67 -0.00739706
8 68 -0.0115977
8 69 -0.0128688
8 70 -0.00879407
8 71 -0.0016315
8 72 0.00844652
8 73 0.0165303
8 74 0.0216218
8 75 0.0213582
8 76 0.0176945
8 77 0.0104509
8 78 0.0041561
8 79 0.000619363
8 80 0.00161102
8 81 0.006018
8 82 0.0133778
8 83 0.0204408
8 84 0.0242361
8 85 0.0239905
8 86 0.0188148
8 87 0.0101071
8 88 -0.000945063
8 89 -0.00915559
8 90 -0.0140242
8 91 -0.0136151
8 92 -0.00937663
8 93 -0.00137248
8 94 0.00512395
8 95 0.00985719
8 96 0.0121692
8 97 0.00904334
8 98 0.00165643
8 99 -0.00662607
8 100 -0.0123257
8 101 -0.0146767
8 102 -0.0109713
8 103 -0.00561649
8 104 0.00158867
8 105 0.00964955
8 106 0.0149421
8 107 0.0163556
8 108 0.011338
8 109 0.000911164
8 110 -0.0122533
8 111 -0.022866
8 112 -0.0287697
8 113 -0.0276071
8 114 -0.019759
8 115 -0.00832758
8 116 0.00635608
8 117 0.0201421
8 118 0.0315937
8 119 0.0388625
8 120 0.0391106
8 121 0.03315
8 122 0.0205267
8 123 0.00361801
8 124 -0.0139835
8 125 -0.029661
8 126 -0.0393679
8 127 -0.00427674

9 0 -0.00290217
9 1 -0.026869
9 2 -0.0204107
9 3 -0.0102905
9 4 0.00232354
9 5 0.0138448
9 6 0.0233117
9 7 0.0285796
9 8 0.0287213
9 9 0.025052
9 10 0.0164885
9 11 0.00661678
9 12 -0.00363624
9 13 -0.0116239
9 14 -0.0132547
9 15 -0.0102784
9 16 -0.0011996
9 17 0.00857699
9 18 0.0148762
9 19 0.0159225
9 20 0.0092919
9 21 -0.000981984
9 22 -0.0131645
9 23 -0.0241528
9 24 -0.0324618
9 25 -0.0358313
9 26 -0.0333752
9 27 -0.0248861
9 28 -0.0127408
9 29 -0.00200217
9 30 0.00550354
9 31 0.00743991
9 32 0.00623585
9 33 0.00185303
9 34 -0.00250424
9 35 -0.00462798
9 36 -0.00201635
9 37 0.00613971
9 38 0.0172365
9 39 0.028118
9 40 0.0365305
9 41 0.0414546
9 42 0.0388133
9 43 0.030754
9 44 0.0193365
9 45 0.00877417
9 46 0.0007453
9 47 -0.00173478
9 48 0.000275689
9 49 0.00664015
9 50 0.0134019
9 51 0.0174488
9 52 0.0164542
9 53 0.0104264
9 54 -0.000153759
9 55 -0.0117782
9 56 -0.0209953
9 57 -0.0263614
9 58 -0.0269622
9 59 -0.0230176
9 60 -0.0164249
9 61 -0.00989926
9 62 -0.00455939
9 63 -0.00261189
9 64 -0.00482963
9 65 -0.0104627
9 66 -0.0172854
9 67 -0.0242421
9 68 -0.0285527
9 69 -0.0284219
9 70 -0.0235141
9 71 -0.0148829
9 72 -0.00379994
9 73 0.00611025
9 74 0.0115702
9 75 0.0118993
9 76 0.00737387
9 77 0.000103986
9 78 -0.0064784
9 79 -0.0086351
9 80 -0.0059136
9 81 0.00254254
9 82 0.0139687
9 83 0.0265255
9 84 0.0361063
9 85 0.0405628
9 86 0.0376323
9 87 0.0314177
9 88 0.0225552
9 89 0.0134876
9 90 0.0067437
9 91 0.00531842
9 92 0.00765189
9 93 0.0118322
9 94 0.0149854
9 95 0.0146047
9 96 0.0103881
9 97 0.000504393
9 98 -0.0125546
9 99 -0.0267541
9 100 -0.0363892
9 101 -0.0395068
9 102 -0.0354274
9 103 -0.0260894
9 104 -0.0130354
9 105 0.000972865
9 106 0.0129853
9 107 0.0204965
9 108 0.0189361
9 109 0.0111243
9 110 -0.00207695
9 111 -0.0149085
9 112 -0.0225946
9 113 -0.0247764
9 114 -0.0194567
9 115 -0.0100189
9 116 0.00196899
9 117 0.0143592
9 118 0.0245399
9 119 0.031275
9 120 0.0330167
9 121 0.0291057
9 122 0.0200611
9 123 0.0076193
9 124 -0.00629943
9 125 -0.0181663
9 126 -0.0260912
9 127 -0.00290914

10 0 -0.00166554
10 1 -0.0142003
10 2 -0.00851173
10 3 -0.000438688
10 4 0.00831768
10 5 0.0162357
10 6 0.0214509
10 7 0.0235028
10 8 0.0216938
10 9 0.0164885
10 10 0.00861294
10 11 -0.000696603
10 12 -0.00902437
10 13 -0.0140653
10 14 -0.0131269
10 15 -0.00609283
10 16 0.00577209
10 17 0.0177301
10 18 0.0250212
10 19 0.0246514
10 20 0.0150295
10 21 2.07666e-05
10 22 -0.0183482
10 23 -0.0358962
10 24 -0.0492135
10 25 -0.056956
10 26 -0.0557962
10 27 -0.0468144
10 28 -0.0330932
10 29 -0.0182419
10 30 -0.00581086
10 31 0.00157268
10 32 0.0060129
10 33 0.00745333
10 34 0.00760343
10 35 0.0106977
10 36 0.0168602
10 37 0.0265237
10 38 0.0384034
10 39 0.0497974
10 40 0.0569296
10 41 0.0582925
10 42 0.0516887
10 43 0.0397649
10 44 0.0252452
10 45 0.0107869
10 46 0.000127045
10 47 -0.00397073
10 48 -0.00220001
10 49 0.00350537
10 50 0.0105168
10 51 0.014453
10 52 0.013633
10 53 0.00692508
10 54 -0.0042033
10 55 -0.0165909
10 56 -0.0260551
10 57 -0.0323689
10 58 -0.0336964
10 59 -0.0301559
10 60 -0.0234653
10 61 -0.0168148
10 62 -0.010538
10 63 -0.0080612
10 64 -0.0107176
10 65 -0.0171939
10 66 -0.0240819
10 67 -0.0310695
10 68 -0.0349779
10 69 -0.0341137
10 70 -0.0283554
10 71 -0.0195687
10 72 -0.00794951
10 73 0.00228151
10 74 0.00803911
10 75 0.0078064
10 76 0.00285376
10 77 -0.00520343
10 78 -0.0117704
10 79 -0.0143076
10 80 -0.0105959
10 81 -6.62436e-05
10 82 0.0148472
10 83 0.0302314
10 84 0.0437441
10 85 0.0524215
10 86 0.0538321
10 87 0.0498761
10 88 0.0420868
10 89 0.0339272
10 90 0.0278812
10 91 0.0249952
10 92 0.0243973
10 93 0.0259255
10 94 0.0248091
10 95 0.0196105
10 96 0.0099553
10 97 -0.00567064
10 98 -0.0247639
10 99 -0.0430311
10 100 -0.0565904
10 101 -0.0617944
10 102 -0.0569979
10 103 -0.0454994
10 104 -0.0280685
10 105 -0.00875939
10 106 0.00850632
10 107 0.0206634
10 108 0.0236295
10 109 0.0182109
10 110 0.00684879
10 111 -0.00559676
10 112 -0.0148796
10 113 -0.0186674
10 114 -0.0171085
10 115 -0.0115677
10 116 -0.00384978
10 117 0.00415207
10 118 0.0118127
10 119 0.0174839
10 120 0.0209807
10 121 0.0212674
10 122 0.0182175
10 123 0.0128087
10 124 0.00546703
10 125 -0.00125697
10 126 -0.00655232
10 127 -0.000914893

11 0 -4.54357e-05
11 1 0.0020544
11 2 0.00576356
11 3 0.00967509
11 4 0.0136542
11 5 0.0159167
11 6 0.0167403
11 7 0.0154187
11 8 0.0117487
11 9 0.00661678
11 10 -0.000696603
11 11 -0.00788251
11 12 -0.014129
11 13 -0.016577
11 14 -0.0129203
11 15 -0.0039883
11 16 0.00992433
11 17 0.0223135
11 18 0.0297178
11 19 0.0283298
11 20 0.0167722
11 21 -0.000860784
11 22 -0.0227775
11 23 -0.0437189
11 24 -0.0603091
11 25 -0.0693618
11 26 -0.0693398
11 27 -0.0597516
11 28 -0.0447253
11 29 -0.027679
11 30 -0.0110745
11 31 0.000696136
11 32 0.00962544
11 33 0.014496
11 34 0.0184715
11 35 0.0236864
11 36 0.0317564
11 37 0.0415436
11 38 0.0523035
11 39 0.0614843
11 40 0.0661307
11 41 0.0647947
11 42 0.0549075
11 43 0.0409408
11 44 0.024714
11 45 0.00972155
11 46 -0.00172523
11 47 -0.00488483
11 48 -0.00258685
11 49 0.00432595
11 50 0.0117187
11 51 0.0169499
11 52 0.0167068
11 53 0.0110674
11 54 0.000373344
11 55 -0.0109127
11 56 -0.0199701
11 57 -0.0261335
11 58 -0.02805
11 59 -0.0246091
11 60 -0.0181875
11 61 -0.0113163
11 62 -0.00455846
11 63 -0.00152573
11 64 -0.00457872
11 65 -0.0113911
11 66 -0.0183235
11 67 -0.0249096
11 68 -0.0285282
11 69 -0.0269619
11 70 -0.0211657
11 71 -0.0127117
11 72 -0.00204137
11 73 0.00775532
11 74 0.0125094
11 75 0.0115802
11 76 0.00524703
11 77 -0.00347201
11 78 -0.0115358
11 79 -0.0150529
11 80 -0.0127845
11 81 -0.00204004
11 82 0.0127531
11 83 0.0292962
11 84 0.0442177
11 85 0.0558863
11 86 0.0596407
11 87 0.0583985
11 88 0.0530176
11 89 0.0469046
11 90 0.0416305
11 91 0.0384019
11 92 0.0371578
11 93 0.0366564
11 94 0.0336956
11 95 0.0253211
11 96 0.0122585
11 97 -0.00747003
11 98 -0.0290452
11 99 -0.050166
11 100 -0.0660721
11 101 -0.0729115
11 102 -0.0694188
11 103 -0.0574351
11 104 -0.0388487
11 105 -0.0172668
11 106 0.00208825
11 107 0.0173515
11 108 0.0230543
11 109 0.0206822
11 110 0.0120497
11 111 0.000839609
11 112 -0.00769154
11 113 -0.0130394
11 114 -0.0139057
11 115 -0.0124763
11 116 -0.00975167
11 117 -0.0064546
11 118 -0.00307893
11 119 0.00102244
11 120 0.0052314
11 121 0.00965862
11 122 0.0134299
11 123 0.0160948
11 124 0.0174924
11 125 0.0174426
11 126 0.0164049
11 127 0.00150542

12 0 0.00159182
12 1 0.0178402
12 2 0.0188669
12 3 0.0187986
12 4 0.01672
12 5 0.0138556
12 6 0.0101437
12 7 0.00568529
12 8 0.00145684
12 9 -0.00363624
12 10 -0.00902437
12 11 -0.014129
12 12 -0.0182379
12 13 -0.0184942
12 14 -0.0136823
12 15 -0.00367062
12 16 0.00981093
12 17 0.0220817
12 18 0.0285678
12 19 0.02689
12 20 0.0158837
12 21 -0.00230789
12 22 -0.0234807
12 23 -0.0452546
12 24 -0.0620421
12 25 -0.0707924
12 26 -0.0705358
12 27 -0.0606791
12 28 -0.0452463
12 29 -0.0272753
12 30 -0.010047
12 31 0.00477383
12 32 0.0150906
12 33 0.0215875
12 34 0.0266886
12 35 0.0320407
12 36 0.0387753
12 37 0.0468564
12 38 0.0554797
12 39 0.0604561
12 40 0.0620102
12 41 0.0581957
12 42 0.0478389
12 43 0.0328711
12 44 0.0179144
12 45 0.00461172
12 46 -0.0040244
12 47 -0.0052631
12 48 -0.000471678
12 49 0.00808738
12 50 0.0169853
12 51 0.0235653
12 52 0.0249311
12 53 0.0210979
12 54 0.0122985
12 55 0.00315751
12 56 -0.00471157
12 57 -0.0101183
12 58 -0.0123903
12 59 -0.00910215
12 60 -0.00342363
12 61 0.0035723
12 62 0.0101089
12 63 0.0136073
12 64 0.0102333
12 65 0.00380939
12 66 -0.00309172
12 67 -0.00871185
12 68 -0.0119839
12 69 -0.00975944
12 70 -0.00447804
12 71 0.0031743
12 72 0.0119742
12 73 0.0203204
12 74 0.0235264
12 75 0.0214238
12 76 0.0138984
12 77 0.00399421
12 78 -0.00577037
12 79 -0.011707
12 80 -0.0117277
12 81 -0.0040819
12 82 0.00829694
12 83 0.0228782
12 84 0.0377974
12 85 0.0489323
12 86 0.054119
12 87 0.0549089
12 88 0.0530126
12 89 0.04829
12 90 0.0447099
12 91 0.0427365
12 92 0.0422439
12 93 0.0413397
12 94 0.0383474
12 95 0.0298789
12 96 0.0154312
12 97 -0.00364992
12 98 -0.0252803
12 99 -0.0462626
12 100 -0.0629891
12 101 -0.0706421
12 102 -0.0693073
12 103 -0.0585687
12 104 -0.0412849
12 105 -0.0218427
12 106 -0.00287881
12 107 0.0115491
12 108 0.0186976
12 109 0.0185247
12 110 0.012765
12 111 0.00415315
12 112 -0.00301443
12 113 -0.00804853
12 114 -0.0110541
12 115 -0.0124424
12 116 -0.014643
12 117 -0.0162876
12 118 -0.0170022
12 119 -0.015869
12 120 -0.0108169
12 121 -0.00325067
12 122 0.00690093
12 123 0.0178813
12 124 0.0272057
12 125 0.0344966
12 126 0.0374267
12 127 0.00372655

13 0 0.00279306
13 1 0.0295312
13 2 0.0284776
13 3 0.0241416
13 4 0.0172583
13 5 0.00958916
13 6 0.00208334
13 7 -0.00399532
13 8 -0.00819172
13 9 -0.0116239
13 10 -0.0140653
13 11 -0.016577
13 12 -0.0184942
13 13 -0.0174222
13 14 -0.0134388
13 15 -0.0046625
13 16 0.00646971
13 17 0.0161092
13 18 0.0222995
13 19 0.0207231
13 20 0.0119257
13 21 -0.002734
13 22 -0.0213749
13 23 -0.0397613
13 24 -0.0536671
13 25 -0.0604088
13 26 -0.0587433
13 27 -0.0487154
13 28 -0.0349741
13 29 -0.0186251
13 30 -0.00204817
13 31 0.0111133
13 32 0.020421
13 33 0.0258536
13 34 0.029095
13 35 0.0323829
13 36 0.0371832
13 37 0.0409807
13 38 0.0441828
13 39 0.0465272
13 40 0.0461189
13 41 0.0403127
13 42 0.0294757
13 43 0.0174632
13 44 0.00637975
13 45 -0.00252035
13 46 -0.00722395
13 47 -0.00452624
13 48 0.00349822
13 49 0.0141892
13 50 0.0243262
13 51 0.0322646
13 52 0.0355278
13 53 0.033839
13 54 0.0279721
13 55 0.021343
13 56 0.0153687
13 57 0.0106332
13 58 0.00855627
13 59 0.0108143
13 60 0.0157397
13 61 0.0218523
13 62 0.0280149
13 63 0.0309961
13 64 0.0282119
13 65 0.0222437
13 66 0.0163453
13 67 0.0116224
13 68 0.009599
13 69 0.0118795
13 70 0.0168486
13 71 0.0229907
13 72 0.0297948
13 73 0.0357202
13 74 0.0374303
13 75 0.0340127
13 76 0.0258245
13 77 0.0152154
13 78 0.00390588
13 79 -0.00495714
13 80 -0.00864862
13 81 -0.00506364
13 82 0.00263568
13 83 0.0126145
13 84 0.0236172
13 85 0.0338762
13 86 0.0394539
13 87 0.0404269
13 88 0.0392317
13 89 0.0381837
13 90 0.0371822
13 91 0.0360322
13 92 0.0367646
13 93 0.0377544
13 94 0.0362909
13 95 0.0301278
13 96 0.019051
13 97 0.00272192
13 98 -0.0149885
13 99 -0.0322977
13 100 -0.0473517
13 101 -0.0554907
13 102 -0.0556588
13 103 -0.0483078
13 104 -0.0353891
13 105 -0.0198837
13 106 -0.00610675
13 107 0.00497085
13 108 0.0110081
13 109 0.0112285
13 110 0.00863203
13 111 0.00366845
13 112 -0.000548469
13 113 -0.00341642
13 114 -0.00644697
13 115 -0.0101057
13 116 -0.0155712
13 117 -0.0220292
13 118 -0.0272444
13 119 -0.0287389
13 120 -0.0250378
13 121 -0.0150914
13 122 -0.000502496
13 123 0.0163115
13 124 0.032896
13 125 0.0452374
13 126 0.0519755
13 127 0.00529367

14 0 0.00338704
14 1 0.0348026
14 2 0.0312193
14 3 0.0230364
14 4 0.0130042
14 5 0.00210784
14 6 -0.00605283
14 7 -0.0114052
14 8 -0.0135326
14 9 -0.0132547
14 10 -0.0131269
14 11 -0.0129203
14 12 -0.0136823
14 13 -0.0134388
14 14 -0.0109188
14 15 -0.00574208
14 16 0.00129302
14 17 0.0079234
14 18 0.0117676
14 19 0.0108553
14 20 0.0058504
14 21 -0.00446553
14 22 -0.0164781
14 23 -0.0288117
14 24 -0.038313
14 25 -0.0406409
14 26 -0.0376476
14 27 -0.0288146
14 28 -0.0172984
14 29 -0.00466279
14 30 0.00739589
14 31 0.0180397
14 32 0.0239114
14 33 0.0256709
14 34 0.0261536
14 35 0.025613
14 36 0.0261051
14 37 0.0260155
14 38 0.0259609
14 39 0.0238026
14 40 0.0207045
14 41 0.0148813
14 42 0.00730428
14 43 -0.00126214
14 44 -0.00751586
14 45 -0.0104912
14 46 -0.00940461
14 47 -0.00278068
14 48 0.00782199
14 49 0.0199586
14 50 0.0304863
14 51 0.0392257
14 52 0.0434634
14 53 0.0441119
14 54 0.0410346
14 55 0.0375054
14 56 0.0328941
14 57 0.0294135
14 58 0.0269168
14 59 0.028184
14 60 0.0311294
14 61 0.0362987
14 62 0.040698
14 63 0.0432986
14 64 0.0408549
14 65 0.0366284
14 66 0.0316702
14 67 0.0289818
14 68 0.0280376
14 69 0.0309262
14 70 0.0348698
14 71 0.0400225
14 72 0.0441329
14 73 0.0478577
14 74 0.0478167
14 75 0.0442142
14 76 0.035937
14 77 0.0258381
14 78 0.0137857
14 79 0.00317063
14 80 -0.00397801
14 81 -0.0057085
14 82 -0.00398148
14 83 0.000977006
14 84 0.00771298
14 85 0.0136195
14 86 0.0175246
14 87 0.0191873
14 88 0.0201416
14 89 0.019797
14 90 0.0202364
14 91 0.0210109
14 92 0.0238641
14 93 0.0262954
14 94 0.0283196
14 95 0.0260272
14 96 0.0191166
14 97 0.00953748
14 98 -0.00145353
14 99 -0.0133085
14 100 -0.0240151
14 101 -0.0306527
14 102 -0.0333506
14 103 -0.029273
14 104 -0.0226095
14 105 -0.0146994
14 106 -0.00719867
14 107 -0.00213079
14 108 0.000980506
14 109 0.0016932
14 110 0.00106537
14 111 -3.30361e-05
14 112 0.000121715
14 113 5.17163e-05
14 114 -0.000374424
14 115 -0.00373583
14 116 -0.0108476
14 117 -0.0197326
14 118 -0.0293642
14 119 -0.0343856
14 120 -0.0334869
14 121 -0.0246986
14 122 -0.00863298
14 123 0.0107663
14 124 0.0313884
14 125 0.0473602
14 126 0.0566881
14 127 0.00587671

15 0 0.00315169
15 1 0.0318693
15 2 0.0272878
15 3 0.0178289
15 4 0.00605868
15 5 -0.00470738
15 6 -0.0124284
15 7 -0.0153007
15 8 -0.013939
15 9 -0.0102784
15 10 -0.00609283
15 11 -0.0039883
15 12 -0.00367062
15 13 -0.0046625
15 14 -0.00574208
15 15 -0.00513134
15 16 -0.004067
15 17 -0.00198591
15 18 -0.000788913
15 19 -0.000810071
15 20 -0.00191988
15 21 -0.00572134
15 22 -0.0104865
15 23 -0.0160351
15 24 -0.0192909
15 25 -0.018509
15 26 -0.0137697
15 27 -0.00665764
15 28 0.00115547
15 29 0.00885295
15 30 0.0156753
15 31 0.0212054
15 32 0.0224342
15 33 0.0213077
15 34 0.0181006
15 35 0.0151189
15 36 0.0123621
15 37 0.00855231
15 38 0.00422898
15 39 0.000509022
15 40 -0.00330232
15 41 -0.00870793
15 42 -0.0133413
15 43 -0.0170995
15 44 -0.0173535
15 45 -0.0148289
15 46 -0.00870098
15 47 0.000321106
15 48 0.0124127
15 49 0.0235191
15 50 0.0331138
15 51 0.0403669
15 52 0.0449274
15 53 0.0464023
15 54 0.0463549
15 55 0.0447785
15 56 0.0418653
15 57 0.0387415
15 58 0.0362587
15 59 0.0352525
15 60 0.0361715
15 61 0.0389268
15 62 0.0414395
15 63 0.0425695
15 64 0.0414246
15 65 0.0389342
15 66 0.0362311
15 67 0.0354748
15 68 0.0366988
15 69 0.0395767
15 70 0.0431633
15 71 0.046767
15 72 0.0490897
15 73 0.0501275
15 74 0.0496463
15 75 0.0462846
15 76 0.040126
15 77 0.0317169
15 78 0.0215283
15 79 0.0102551
15 80 0.00159133
15 81 -0.00451229
15 82 -0.00762531
15 83 -0.00849524
15 84 -0.00648254
15 85 -0.00418793
15 86 -0.00150219
15 87 -0.000819521
15 88 -8.23357e-05
15 89 0.00128966
15 90 0.00299753
15 91 0.00424303
15 92 0.00715454
15 93 0.0112778
15 94 0.014859
15 95 0.0169963
15 96 0.0157126
15 97 0.0133888
15 98 0.00977536
15 99 0.00531547
15 100 -0.000183175
15 101 -0.00474573
15 102 -0.0075878
15 103 -0.00766001
15 104 -0.00679714
15 105 -0.00684548
15 106 -0.00728811
15 107 -0.00911593
15 108 -0.00974251
15 109 -0.00968595
15 110 -0.00813982
15 111 -0.00464729
15 112 -0.000303483
15 113 0.00460507
15 114 0.00720389
15 115 0.00574354
15 116 -0.000832274
15 117 -0.0116412
15 118 -0.0234432
15 119 -0.0323058
15 120 -0.034742
15 121 -0.0287029
15 122 -0.0148775
15 123 0.00411141
15 124 0.0243337
15 125 0.0409147
15 126 0.0506825
15 127 0.00524609

16 0 0.00235565
16 1 0.0237627
16 2 0.0183912
16 3 0.00811225
16 4 -0.00268288
16 5 -0.0122863
16 6 -0.01658
16 7 -0.0153386
16 8 -0.00961878
16 9 -0.0011996
16 10 0.00577209
16 11 0.00992433
16 12 0.00981093
16 13 0.00646971
16 14 0.00129302
16 15 -0.004067
16 16 -0.00886924
16 17 -0.0123333
16 18 -0.0136673
16 19 -0.0134134
16 20 -0.01056
16 21 -0.00813092
16 22 -0.0056731
16 23 -0.00363344
16 24 -0.00145194
16 25 0.00345468
16 26 0.00839031
16 27 0.0132922
16 28 0.0163502
16 29 0.0181365
16 30 0.0193909
16 31 0.0198256
16 32 0.0175089
16 33 0.0133538
16 34 0.00866035
16 35 0.00354522
16 36 -0.000398369
16 37 -0.00628113
16 38 -0.0123411
16 39 -0.0173643
16 40 -0.0212572
16 41 -0.025282
16 42 -0.0267727
16 43 -0.025751
16 44 -0.0214946
16 45 -0.0142988
16 46 -0.00555574
16 47 0.00463938
16 48 0.014866
16 49 0.0232475
16 50 0.0289591
16 51 0.0338167
16 52 0.0364222
16 53 0.0385201
16 54 0.0400568
16 55 0.0406617
16 56 0.0384973
16 57 0.0362337
16 58 0.032962
16 59 0.0299
16 60 0.0276651
16 61 0.027784
16 62 0.0272932
16 63 0.0271915
16 64 0.0270504
16 65 0.0273222
16 66 0.0270379
16 67 0.0291814
16 68 0.0322585
16 69 0.0356744
16 70 0.038237
16 71 0.0408855
16 72 0.0409505
16 73 0.0403127
16 74 0.0392904
16 75 0.0379969
16 76 0.0345487
16 77 0.0304235
16 78 0.0235483
16 79 0.0148553
16 80 0.00583241
16 81 -0.00194564
16 82 -0.00887829
16 83 -0.0133392
16 84 -0.0155551
16 85 -0.0158923
16 86 -0.0147495
16 87 -0.014295
16 88 -0.0134394
16 89 -0.0116833
16 90 -0.0100721
16 91 -0.00983434
16 92 -0.00737709
16 93 -0.00407656
16 94 0.000569184
16 95 0.00490019
16 96 0.00849116
16 97 0.0122571
16 98 0.0166248
16 99 0.0194583
16 100 0.0199486
16 101 0.0187725
16 102 0.0155755
16 103 0.012908
16 104 0.00787459
16 105 0.00106479
16 106 -0.0071234
16 107 -0.01521
16 108 -0.0200423
16 109 -0.0211432
16 110 -0.0178856
16 111 -0.0111746
16 112 -0.00188835
16 113 0.00732865
16 114 0.0148454
16 115 0.0169192
16 116 0.0126795
16 117 0.00294871
16 118 -0.0106636
16 119 -0.0220228
16 120 -0.0291863
16 121 -0.0280673
16 122 -0.0188144
16 123 -0.00447575
16 124 0.0132488
16 125 0.0275625
16 126 0.0367402
16 127 0.00386357

17 0 0.00135282
17 1 0.0133758
17 2 0.00810228
17 3 -0.00113697
17 4 -0.0103901
17 5 -0.01692
17 6 -0.0178306
17 7 -0.0124629
17 8 -0.00298329
17 9 0.00857699
17 10 0.0177301
17 11 0.0223135
17 12 0.0220817
17 13 0.0161092
17 14 0.0079234
17 15 -0.00198591
17 16 -0.0123333
17 17 -0.0193651
17 18 -0.0241503
17 19 -0.0232761
17 20 -0.0175741
17 21 -0.0103183
17 22 -0.00139016
17 23 0.00625322
17 24 0.0128298
17 25 0.0191315
17 26 0.0240213
17 27 0.0250069
17 28 0.0241373
17 29 0.0209821
17 30 0.0166114
17 31 0.0135881
17 32 0.00912441
17 33 0.0048872
17 34 0.000676847
17 35 -0.00259871
17 36 -0.00742332
17 37 -0.0129655
17 38 -0.0183081
17 39 -0.0232303
17 40 -0.028186
17 41 -0.0311963
17 42 -0.0293047
17 43 -0.025571
17 44 -0.0188052
17 45 -0.0101813
17 46 -0.000226624
17 47 0.00755996
17 48 0.0138637
17 49 0.0161415
17 50 0.0171181
17 51 0.0171454
17 52 0.0174627
17 53 0.0185715
17 54 0.0218531
17 55 0.0236356
17 56 0.0229342
17 57 0.0209762
17 58 0.0174824
17 59 0.011846
17 60 0.00664123
17 61 0.00310921
17 62 -0.000267896
17 63 -0.00204741
17 64 -0.000708968
17 65 0.00225738
17 66 0.00537457
17 67 0.01026
17 68 0.015577
17 69 0.0189238
17 70 0.0207517
17 71 0.0215849
17 72 0.0199805
17 73 0.0172291
17 74 0.0167268
17 75 0.0174309
17 76 0.0185071
17 77 0.0190375
17 78 0.0182952
17 79 0.0137896
17 80 0.00768482
17 81 -0.000633579
17 82 -0.00797412
17 83 -0.0139583
17 84 -0.0175283
17 85 -0.0202461
17 86 -0.0188305
17 87 -0.0167608
17 88 -0.0153415
17 89 -0.0146526
17 90 -0.0137995
17 91 -0.0140855
17 92 -0.0150218
17 93 -0.0142637
17 94 -0.0116678
17 95 -0.00694397
17 96 -0.00154025
17 97 0.00752476
17 98 0.0167427
17 99 0.0251878
17 100 0.031423
17 101 0.0334208
17 102 0.0317871
17 103 0.0276073
17 104 0.019351
17 105 0.00679612
17 106 -0.00605451
17 107 -0.0191868
17 108 -0.0270637
17 109 -0.0285952
17 110 -0.0253686
17 111 -0.0160239
17 112 -0.00438006
17 113 0.00822278
17 114 0.0193891
17 115 0.0251736
17 116 0.0244404
17 117 0.0168211
17 118 0.00431248
17 119 -0.00887577
17 120 -0.0188224
17 121 -0.0226878
17 122 -0.0193153
17 123 -0.0101959
17 124 0.00160221
17 125 0.0126393
17 126 0.019399
17 127 0.00203298

18 0 0.000611744
18 1 0.00537583
18 2 0.00012538
18 3 -0.00750062
18 4 -0.0153385
18 5 -0.0187815
18 6 -0.0170369
18 7 -0.00933255
18 8 0.0026923
18 9 0.0148762
18 10 0.0250212
18 11 0.0297178
18 12 0.0285678
18 13 0.0222995
18 14 0.0117676
18 15 -0.000788913
18 16 -0.0136673
18 17 -0.0241503
18 18 -0.0296933
18 19 -0.0282863
18 20 -0.0208163
18 21 -0.00929946
18 22 0.00317269
18 23 0.013865
18 24 0.0228488
18 25 0.0289371
18 26 0.0312686
18 27 0.0292824
18 28 0.0234481
18 29 0.0154537
18 30 0.00833296
18 31 0.00268886
18 32 -0.0017281
18 33 -0.00357463
18 34 -0.0043354
18 35 -0.00490514
18 36 -0.00613098
18 37 -0.00941043
18 38 -0.0145764
18 39 -0.0191271
18 40 -0.022997
18 41 -0.025208
18 42 -0.0236661
18 43 -0.0185643
18 44 -0.0110043
18 45 -0.00248973
18 46 0.00475744
18 47 0.00874494
18 48 0.00869779
18 49 0.00444781
18 50 -0.00111498
18 51 -0.00584037
18 52 -0.00865981
18 53 -0.00804868
18 54 -0.0037512
18 55 -0.000164292
18 56 0.000764012
18 57 -0.000201404
18 58 -0.00390844
18 59 -0.0115073
18 60 -0.0198029
18 61 -0.0270962
18 62 -0.0334498
18 63 -0.0366179
18 64 -0.0339472
18 65 -0.0280944
18 66 -0.0213112
18 67 -0.0135297
18 68 -0.00645101
18 69 -0.00325049
18 70 -0.00276958
18 71 -0.00412335
18 72 -0.00805346
18 73 -0.0125592
18 74 -0.0132065
18 75 -0.0101938
18 76 -0.00500486
18 77 0.00132932
18 78 0.00668144
18 79 0.00814231
18 80 0.00585613
18 81 0.000482306
18 82 -0.00607836
18 83 -0.0118356
18 84 -0.0154318
18 85 -0.0160828
18 86 -0.0137268
18 87 -0.0107598
18 88 -0.00815294
18 89 -0.00610346
18 90 -0.00684194
18 91 -0.01036
18 92 -0.0146973
18 93 -0.0185141
18 94 -0.0202319
18 95 -0.0177519
18 96 -0.0119849
18 97 -0.00230322
18 98 0.0104659
18 99 0.023112
18 100 0.0329358
18 101 0.0387183
18 102 0.0396147
18 103 0.0355689
18 104 0.0268077
18 105 0.0128067
18 106 -0.00342714
18 107 -0.0183821
18 108 -0.028477
18 109 -0.0317076
18 110 -0.0282128
18 111 -0.0195487
18 112 -0.0075339
18 113 0.00619252
18 114 0.0183731
18 115 0.0273073
18 116 0.0300121
18 117 0.025791
18 118 0.0165177
18 119 0.00389737
18 120 -0.00720276
18 121 -0.0146438
18 122 -0.0168513
18 123 -0.013494
18 124 -0.00765814
18 125 -0.000758058
18 126 0.00376702
18 127 0.000438116

19 0 0.000395312
19 1 0.0024632
19 2 -0.00309835
19 3 -0.0101857
19 4 -0.0163677
