0 0 0
0 1 0.00333782
0 2 0.00269557
0 3 0.00157708
0 4 0.000148717
0 5 -0.00126731
0 6 -0.0023417
0 7 -0.00302711
0 8 -0.00305404
0 9 -0.00250249
0 10 -0.0016525
0 11 -0.000334159
0 12 0.000886324
0 13 0.00171916
0 14 0.00235699
0 15 0.00252133
0 16 0.00252449
0 17 0.00220743
0 18 0.00162391
0 19 0.00137744
0 20 0.0010857
0 21 0.000860033
0 22 0.000696774
0 23 0.000445737
0 24 4.39945e-05
0 25 -0.000672225
0 26 -0.00134163
0 27 -0.00226799
0 28 -0.00303026
0 29 -0.00334754
0 30 -0.00333547
0 31 -0.00274693
0 32 -0.001726
0 33 -0.000204773
0 34 0.00114671
0 35 0.00237442
0 36 0.00324664
0 37 0.00346516
0 38 0.00304357
0 39 0.00210592
0 40 0.00115009
0 41 -3.26785e-05
0 42 -0.00093905
0 43 -0.00152505
0 44 -0.00151433
0 45 -0.00140986
0 46 -0.00128961
0 47 -0.00126369
0 48 -0.00140661
0 49 -0.00191265
0 50 -0.00293263
0 51 -0.00402499
0 52 -0.00497625
0 53 -0.00540391
0 54 -0.00561327
0 55 -0.00539617
0 56 -0.00500908
0 57 -0.00424029
0 58 -0.00369045
0 59 -0.00347538
0 60 -0.00409137
0 61 -0.00503909
0 62 -0.00608626
0 63 -0.00641024
0 64 -0.00607983
0 65 -0.00502899
0 66 -0.00408045
0 67 -0.00347131
0 68 -0.00369979
0 69 -0.00427383
0 70 -0.00507864
0 71 -0.00551229
0 72 -0.00579493
0 73 -0.00565627
0 74 -0.00532702
0 75 -0.00446716
0 76 -0.00350291
0 77 -0.00258421
0 78 -0.0022228
0 79 -0.00217159
0 80 -0.00233295
0 81 -0.0025081
0 82 -0.00270092
0 83 -0.00269932
0 84 -0.0021103
0 85 -0.0010997
0 86 0.000214838
0 87 0.00137362
0 88 0.0025824
0 89 0.00328297
0 90 0.00343776
0 91 0.00286328
0 92 0.00201535
0 93 0.0008956
0 94 -0.000379502
0 95 -0.00132534
0 96 -0.00193753
0 97 -0.00209519
0 98 -0.00212888
0 99 -0.00173579
0 100 -0.0014003
0 101 -0.00123912
0 102 -0.00111581
0 103 -0.00118431
0 104 -0.00123278
0 105 -0.00126785
0 106 -0.000861169
0 107 -0.000304924
0 108 0.000546877
0 109 0.0018499
0 110 0.00290998
0 111 0.00376065
0 112 0.00412636
0 113 0.00394299
0 114 0.00318552
0 115 0.00165074
0 116 -0.00012496
0 117 -0.00187946
0 118 -0.0032941
0 119 -0.00411355
0 120 -0.00422493
0 121 -0.00339532
0 122 -0.00201686
0 123 -0.000183563
0 124 0.00182067
0 125 0.00328624
0 126 0.00426927
0 127 0

1 0 0.00333782
1 1 0.03231
1 2 0.0259601
1 3 0.0148798
1 4 0.00100048
1 5 -0.012654
1 6 -0.0233869
1 7 -0.0295697
1 8 -0.0297299
1 9 -0.0243514
1 10 -0.0147576
1 11 -0.00260244
1 12 0.00893294
1 13 0.0185008
1 14 0.0245604
1 15 0.026016
1 16 0.024961
1 17 0.0212813
1 18 0.0158688
1 19 0.0115027
1 20 0.00819298
1 21 0.00565601
1 22 0.0037286
1 23 0.00188049
1 24 -0.00169952
1 25 -0.0070293
1 26 -0.013107
1 27 -0.0205693
1 28 -0.0270541
1 29 -0.0303605
1 30 -0.0297734
1 31 -0.0249902
1 32 -0.0154556
1 33 -0.00237156
1 34 0.0105003
1 35 0.0217066
1 36 0.0294894
1 37 0.031885
1 38 0.0278176
1 39 0.0195376
1 40 0.00953627
1 41 -0.00114707
1 42 -0.0104201
1 43 -0.0159746
1 44 -0.0168788
1 45 -0.0157375
1 46 -0.0143295
1 47 -0.0137599
1 48 -0.0145979
1 49 -0.0189742
1 50 -0.0272283
1 51 -0.0372927
1 52 -0.0455902
1 53 -0.0503749
1 54 -0.0517765
1 55 -0.0503088
1 56 -0.0460932
1 57 -0.0398189
1 58 -0.0342008
1 59 -0.0325879
1 60 -0.0369734
1 61 -0.0455279
1 62 -0.0539276
1 63 -0.0572776
1 64 -0.0538232
1 65 -0.0453348
1 66 -0.0367359
1 67 -0.0323525
1 68 -0.0340558
1 69 -0.0398386
1 70 -0.0464072
1 71 -0.0510122
1 72 -0.0530317
1 73 -0.0522828
1 74 -0.0483277
1 75 -0.0409413
1 76 -0.0319464
1 77 -0.0247877
1 78 -0.021598
1 79 -0.021874
1 80 -0.0235215
1 81 -0.025798
1 82 -0.027589
1 83 -0.0269737
1 84 -0.0212807
1 85 -0.0113912
1 86 0.000507361
1 87 0.0122186
1 88 0.0228498
1 89 0.0296152
1 90 0.0303799
1 91 0.0257669
1 92 0.0177477
1 93 0.00759998
1 94 -0.00338736
1 95 -0.0117478
1 96 -0.0166102
1 97 -0.0184374
1 98 -0.0178923
1 99 -0.015165
1 100 -0.0125779
1 101 -0.0117506
1 102 -0.0116611
1 103 -0.0127565
1 104 -0.0141271
1 105 -0.0139059
1 106 -0.010654
1 107 -0.00458851
1 108 0.00468719
1 109 0.0167085
1 110 0.0275783
1 111 0.0360647
1 112 0.0405852
1 113 0.0385844
1 114 0.030332
1 115 0.016701
1 116 -0.00013477
1 117 -0.0170793
1 118 -0.0308837
1 119 -0.0388428
1 120 -0.0395277
1 121 -0.0324214
1 122 -0.0190473
1 123 -0.00175554
1 124 0.0161792
1 125 0.0309768
1 126 0.0401401
1 127 0.00426927

2 0 0.00269557
2 1 0.0259601
2 2 0.0207235
2 3 0.0111533
2 4 0.000103923
2 5 -0.0106825
2 6 -0.0195379
2 7 -0.0236244
2 8 -0.023193
2 9 -0.0185186
2 10 -0.00957367
2 11 -1.92026e-05
2 12 0.00922565
2 13 0.0176991
2 14 0.0226302
2 15 0.0233336
2 16 0.0198492
2 17 0.0155491
2 18 0.0113376
2 19 0.00610383
2 20 0.00292551
2 21 0.00119839
2 22 0.000712297
2 23 0.000679762
2 24 -0.000604727
2 25 -0.00273798
2 26 -0.00707596
2 27 -0.0117385
2 28 -0.0168697
2 29 -0.0207236
2 30 -0.0213007
2 31 -0.0192048
2 32 -0.0131052
2 33 -0.00511583
2 34 0.00443271
2 35 0.0122274
2 36 0.0173355
2 37 0.0186343
2 38 0.0150739
2 39 0.00836453
2 40 -0.000834843
2 41 -0.00909977
2 42 -0.0165162
2 43 -0.0201329
2 44 -0.020707
2 45 -0.0180857
2 46 -0.0149567
2 47 -0.0123742
2 48 -0.0115181
2 49 -0.0135895
2 50 -0.0183945
2 51 -0.025497
2 52 -0.0314942
2 53 -0.0356715
2 54 -0.0360791
2 55 -0.0344937
2 56 -0.0299003
2 57 -0.0248992
2 58 -0.0198207
2 59 -0.018731
2 60 -0.0212802
2 61 -0.0279267
2 62 -0.0336853
2 63 -0.0365928
2 64 -0.0335174
2 65 -0.0275977
2 66 -0.0208194
2 67 -0.0181615
2 68 -0.0191959
2 69 -0.0242679
2 70 -0.0293278
2 71 -0.0340682
2 72 -0.035858
2 73 -0.0357971
2 74 -0.0319865
2 75 -0.026563
2 76 -0.0199795
2 77 -0.0159631
2 78 -0.0145113
2 79 -0.0162944
2 80 -0.0194924
2 81 -0.0235258
2 82 -0.0266007
2 83 -0.026662
2 84 -0.0231461
2 85 -0.0158023
2 86 -0.00711071
2 87 0.00282834
2 88 0.0105763
2 89 0.0157545
2 90 0.0160162
2 91 0.0131416
2 92 0.00710638
2 93 -0.000245752
2 94 -0.00681998
2 95 -0.011677
2 96 -0.0133438
2 97 -0.0132948
2 98 -0.0104969
2 99 -0.00787616
2 100 -0.00579773
2 101 -0.00519758
2 102 -0.00649945
2 103 -0.00857722
2 104 -0.0114125
2 105 -0.0121739
2 106 -0.0110205
2 107 -0.00606373
2 108 0.00197318
2 109 0.0104782
2 110 0.0202705
2 111 0.0287712
2 112 0.0334123
2 113 0.0318209
2 114 0.0249488
2 115 0.0152852
2 116 0.00211425
2 117 -0.0114939
2 118 -0.0225556
2 119 -0.0295067
2 120 -0.0301435
2 121 -0.0250009
2 122 -0.0146829
2 123 -0.00133945
2 124 0.0120156
2 125 0.0237061
2 126 0.0306571
2 127 0.00326465

3 0 0.00157708
3 1 0.0148798
3 2 0.0111533
3 3 0.00770981
3 4 -0.000788271
3 5 -0.0082355
3 6 -0.0114947
3 7 -0.0148382
3 8 -0.0126827
3 9 -0.00651772
3 10 -0.00176278
3 11 0.00494589
3 12 0.0115943
3 13 0.0148457
3 14 0.0154018
3 15 0.0138619
3 16 0.0114039
3 17 0.00692805
3 18 0.00209308
3 19 -0.00107288
3 20 -0.0031204
3 21 -0.00229393
3 22 -0.00105064
3 23 0.000439615
3 24 0.00346894
3 25 0.00386504
3 26 0.00287831
3 27 0.000780965
3 28 -0.00281585
3 29 -0.00674424
3 30 -0.0103435
3 31 -0.0109689
3 32 -0.0111681
3 33 -0.00926029
3 34 -0.00553163
3 35 -0.00256295
3 36 -0.000786778
3 37 -0.00165925
3 38 -0.00335109
3 39 -0.0085828
3 40 -0.0145239
3 41 -0.0199944
3 42 -0.0232735
3 43 -0.0244009
3 44 -0.0234971
3 45 -0.0189777
3 46 -0.013779
3 47 -0.00824297
3 48 -0.0057115
3 49 -0.00402885
3 50 -0.00523797
3 51 -0.00729469
3 52 -0.0110252
3 53 -0.0130615
3 54 -0.0132543
3 55 -0.0105554
3 56 -0.00671307
3 57 -0.00252837
3 58 0.000595275
3 59 0.00169794
3 60 0.000450849
3 61 -0.00280449
3 62 -0.00588795
3 63 -0.00731502
3 64 -0.00566503
3 65 -0.00238677
3 66 0.00112253
3 67 0.00253729
3 68 0.00172024
3 69 -0.00126686
3 70 -0.00514151
3 71 -0.00888894
3 72 -0.0112748
3 73 -0.0110456
3 74 -0.00873506
3 75 -0.00504662
3 76 -0.00281917
3 77 -0.00174778
3 78 -0.00344625
3 79 -0.0062166
3 80 -0.0120376
3 81 -0.0175619
3 82 -0.0226819
3 83 -0.0239604
3 84 -0.0237109
3 85 -0.0207994
3 86 -0.0163178
3 87 -0.010677
3 88 -0.00624824
3 89 -0.00473869
3 90 -0.00413668
3 91 -0.00593879
3 92 -0.00842757
3 93 -0.0119918
3 94 -0.0127947
3 95 -0.0122218
3 96 -0.010426
3 97 -0.0063095
3 98 -0.00192088
3 99 0.00207543
3 100 0.00346831
3 101 0.00428757
3 102 0.00239066
3 103 -0.00167534
3 104 -0.00438822
3 105 -0.00711605
3 106 -0.00800732
3 107 -0.00660492
3 108 -0.00249959
3 109 0.00366368
3 110 0.0093219
3 111 0.014509
3 112 0.0173884
3 113 0.0188001
3 114 0.0174149
3 115 0.0107201
3 116 0.00509524
3 117 -0.000746295
3 118 -0.00919526
3 119 -0.0129138
3 120 -0.0141283
3 121 -0.0138364
3 122 -0.00774315
3 123 -0.00121239
3 124 0.00525253
3 125 0.0125897
3 126 0.0154643
3 127 0.00165679

4 0 0.000148717
4 1 0.00100048
4 2 0.000103923
4 3 -0.000788271
4 4 -0.00171892
4 5 -0.00219155
4 6 -0.00197042
4 7 -0.000337247
4 8 0.0017727
4 9 0.0043391
4 10 0.00755112
4 11 0.00880557
4 12 0.00998783
4 13 0.0103205
4 14 0.00794125
4 15 0.00562886
4 16 0.000866504
4 17 -0.00361434
4 18 -0.00590712
4 19 -0.00912925
4 20 -0.00914046
4 21 -0.00696601
4 22 -0.00346764
4 23 0.0014065
4 24 0.00656694
4 25 0.0116176
4 26 0.0130855
4 27 0.0142245
4 28 0.01251
4 29 0.00750891
4 30 0.00248492
4 31 -0.00333917
4 32 -0.00856157
4 33 -0.0142956
4 34 -0.0166223
4 35 -0.0187343
4 36 -0.021049
4 37 -0.0224239
4 38 -0.0235464
4 39 -0.0247514
4 40 -0.0279398
4 41 -0.0284104
4 42 -0.0280886
4 43 -0.0258012
4 44 -0.0233238
4 45 -0.0174502
4 46 -0.0100264
4 47 -0.00293727
4 48 0.00238534
4 49 0.00637094
4 50 0.0102492
4 51 0.0117973
4 52 0.0121289
4 53 0.0108767
4 54 0.0121776
4 55 0.0142167
4 56 0.0180114
4 57 0.0197097
4 58 0.0214943
4 59 0.021415
4 60 0.0224039
4 61 0.0220437
4 62 0.0227678
4 63 0.0222382
4 64 0.022976
4 65 0.022479
4 66 0.0230795
4 67 0.0223818
4 68 0.0227843
4 69 0.0213886
4 70 0.0201404
4 71 0.0168447
4 72 0.0154088
4 73 0.0146974
4 74 0.0166992
4 75 0.0169835
4 76 0.0162734
4 77 0.0129207
4 78 0.00973645
4 79 0.00468476
4 80 -0.00183599
4 81 -0.0094291
4 82 -0.0152138
4 83 -0.018453
4 84 -0.0213697
4 85 -0.0230887
4 86 -0.0240974
4 87 -0.0228021
4 88 -0.0238301
4 89 -0.0247449
4 90 -0.0259389
4 91 -0.0252982
4 92 -0.0253622
4 93 -0.0238391
4 94 -0.019039
4 95 -0.0134525
4 96 -0.00673008
4 97 -0.000247541
4 98 0.0073754
4 99 0.0111899
4 100 0.0133719
4 101 0.0139661
4 102 0.0113164
4 103 0.00748546
4 104 0.00278015
4 105 -0.000670547
4 106 -0.00492277
4 107 -0.00637314
4 108 -0.00599521
4 109 -0.00623136
4 110 -0.00344922
4 111 -0.000862455
4 112 0.00171179
4 113 0.00413375
4 114 0.00535766
4 115 0.00697535
4 116 0.00757881
4 117 0.00776593
4 118 0.00686929
4 119 0.0055894
4 120 0.0046366
4 121 0.00230393
4 122 0.00120913
4 123 -0.000113768
4 124 -0.00215381
4 125 -0.00205195
4 126 -0.00285306
4 127 -0.000302904

5 0 -0.00126731
5 1 -0.012654
5 2 -0.0106825
5 3 -0.0082355
5 4 -0.00219155
5 5 0.00402494
5 6 0.00835517
5 7 0.0134222
5 8 0.0154384
5 9 0.0149594
5 10 0.0149568
5 11 0.0121736
5 12 0.00822703
5 13 0.00412947
5 14 -0.000216447
5 15 -0.00338746
5 16 -0.0085019
5 17 -0.0120672
5 18 -0.0127308
5 19 -0.0140909
5 20 -0.0128043
5 21 -0.00955157
5 22 -0.00469376
5 23 0.00176991
5 24 0.00844036
5 25 0.0155892
5 26 0.0198273
5 27 0.0228275
5 28 0.0228204
5 29 0.0180559
5 30 0.0116805
5 31 0.00274241
5 32 -0.00710298
5 33 -0.0176332
5 34 -0.0255388
5 35 -0.0312422
5 36 -0.0360477
5 37 -0.0373068
5 38 -0.0365993
5 39 -0.0343486
5 40 -0.0330342
5 41 -0.0297969
5 42 -0.0256199
5 43 -0.0217275
5 44 -0.0178336
5 45 -0.0124874
5 46 -0.00456621
5 47 0.00243994
5 48 0.00903486
5 49 0.0147103
5 50 0.0216636
5 51 0.0265357
5 52 0.0292991
5 53 0.0294815
5 54 0.0305503
5 55 0.0321882
5 56 0.0338909
5 57 0.0337148
5 58 0.0327274
5 59 0.0324903
5 60 0.0344511
5 61 0.0380199
5 62 0.041378
5 63 0.0428219
5 64 0.0415087
5 65 0.0383236
5 66 0.0349206
5 67 0.0332519
5 68 0.0337642
5 69 0.0352324
5 70 0.0358573
5 71 0.0348745
5 72 0.0339027
5 73 0.0338052
5 74 0.0345118
5 75 0.0329185
5 76 0.0291033
5 77 0.0233747
5 78 0.0187851
5 79 0.0132183
5 80 0.00709202
5 81 -0.000339676
5 82 -0.00532972
5 83 -0.00963742
5 84 -0.0140421
5 85 -0.0197969
5 86 -0.024677
5 87 -0.0287271
5 88 -0.0337761
5 89 -0.0379698
5 90 -0.0402926
5 91 -0.0389053
5 92 -0.0367155
5 93 -0.0311221
5 94 -0.0228148
5 95 -0.0132939
5 96 -0.00409716
5 97 0.00425759
5 98 0.0122518
5 99 0.0160699
5 100 0.0184043
5 101 0.0186293
5 102 0.0166149
5 103 0.0134672
5 104 0.00917921
5 105 0.00527832
5 106 -0.000147352
5 107 -0.00408325
5 108 -0.00796005
5 109 -0.0129405
5 110 -0.0144678
5 111 -0.0149394
5 112 -0.0140584
5 113 -0.0110976
5 114 -0.00589642
5 115 0.00229782
5 116 0.00904028
5 117 0.0154736
5 118 0.0216827
5 119 0.0235131
5 120 0.0225182
5 121 0.0181825
5 122 0.00989069
5 123 0.000612477
5 124 -0.00859343
5 125 -0.0161834
5 126 -0.0202538
5 127 -0.00210832

6 0 -0.0023417
6 1 -0.0233869
6 2 -0.0195379
6 3 -0.0114947
6 4 -0.00197042
6 5 0.00835517
6 6 0.0177994
6 7 0.0232557
6 8 0.0255041
6 9 0.0242361
6 10 0.018952
6 11 0.0128778
6 12 0.00577019
6 13 -0.00194074
6 14 -0.0082467
6 15 -0.0125664
6 16 -0.0135897
6 17 -0.0148766
6 18 -0.0158191
6 19 -0.0141868
6 20 -0.0126737
6 21 -0.00929314
6 22 -0.00538496
6 23 -0.000230236
6 24 0.0068459
6 25 0.0131971
6 26 0.0199458
6 27 0.0236981
6 28 0.025291
6 29 0.0227159
6 30 0.015692
6 31 0.00658563
6 32 -0.00614265
6 33 -0.0180764
6 34 -0.0295212
6 35 -0.0370809
6 36 -0.0418111
6 37 -0.0425053
6 38 -0.038722
6 39 -0.0338494
6 40 -0.0272337
6 41 -0.0216731
6 42 -0.0148049
6 43 -0.0108637
6 44 -0.00708619
6 45 -0.00374195
6 46 0.00167282
6 47 0.00715776
6 48 0.0125398
6 49 0.0191217
6 50 0.0263181
6 51 0.0335581
6 52 0.0368213
6 53 0.0384682
6 54 0.0378757
6 55 0.0385907
6 56 0.0368068
6 57 0.0346936
6 58 0.0306274
6 59 0.0304737
6 60 0.0329912
6 61 0.0401448
6 62 0.045602
6 63 0.0488848
6 64 0.0456001
6 65 0.0401524
6 66 0.0330604
6 67 0.0306444
6 68 0.0309922
6 69 0.0353361
6 70 0.0378352
6 71 0.040155
6 72 0.0400573
6 73 0.0415077
6 74 0.0407127
6 75 0.0386481
6 76 0.0324377
6 77 0.0267154
6 78 0.0212008
6 79 0.0173784
6 80 0.0127628
6 81 0.00865245
6 82 0.00566479
6 83 0.00246484
6 84 -0.00196648
6 85 -0.00948958
6 86 -0.0166302
6 87 -0.0254798
6 88 -0.0330329
6 89 -0.0405572
6 90 -0.0432938
6 91 -0.0430977
6 92 -0.0389635
6 93 -0.0314739
6 94 -0.021907
6 95 -0.0108895
6 96 -0.00203332
6 97 0.0067201
6 98 0.011772
6 99 0.0152015
6 100 0.0163226
6 101 0.0160033
6 102 0.0153481
6 103 0.0131128
6 104 0.0118897
6 105 0.00870474
6 106 0.00495694
6 107 -0.000452538
6 108 -0.00749386
6 109 -0.0131941
6 110 -0.0199559
6 111 -0.0251249
6 112 -0.0265933
6 113 -0.0229067
6 114 -0.0145241
6 115 -0.00448276
6 116 0.00861566
6 117 0.0217773
6 118 0.0316475
6 119 0.0376153
6 120 0.0366848
6 121 0.0293209
6 122 0.017101
6 123 0.00154252
6 124 -0.0136959
6 125 -0.0260401
6 126 -0.0332754
6 127 -0.0034983

7 0 -0.00302711
7 1 -0.0295697
7 2 -0.0236244
7 3 -0.0148382
7 4 -0.000337247
7 5 0.0134222
7 6 0.0232557
7 7 0.0308042
7 8 0.0311813
7 9 0.0262746
7 10 0.0193218
7 11 0.00949069
7 12 -0.000262859
7 13 -0.00785076
7 14 -0.0122737
7 15 -0.0144758
7 16 -0.0150395
7 17 -0.0135033
7 18 -0.0120328
7 19 -0.00998033
7 20 -0.00873431
7 21 -0.00854274
7 22 -0.00629658
7 23 -0.00362133
7 24 0.000142704
7 25 0.00572119
7 26 0.0118315
7 27 0.0169242
7 28 0.0196579
7 29 0.0198797
7 30 0.0151804
7 31 0.00669147
7 32 -0.00403945
7 33 -0.0159405
7 34 -0.0268654
7 35 -0.0346589
7 36 -0.0374385
7 37 -0.0360736
7 38 -0.0303645
7 39 -0.0219238
7 40 -0.0125497
7 41 -0.00439489
7 42 0.00171526
7 43 0.00536053
7 44 0.00648204
7 45 0.00671307
7 46 0.00727175
7 47 0.00929973
7 48 0.012463
7 49 0.0177104
7 50 0.0243422
7 51 0.031102
7 52 0.0351986
7 53 0.0363528
7 54 0.0350722
7 55 0.0325727
7 56 0.0283074
7 57 0.0226977
7 58 0.0174866
7 59 0.0161824
7 60 0.0204988
7 61 0.0290993
7 62 0.037379
7 63 0.0407849
7 64 0.0372225
7 65 0.0287927
7 66 0.0200781
7 67 0.0156683
7 68 0.0169527
7 69 0.0221826
7 70 0.0279242
7 71 0.0323818
7 72 0.0352242
7 73 0.0369317
7 74 0.0363812
7 75 0.0329895
7 76 0.0271117
7 77 0.0214613
7 78 0.017326
7 79 0.0153374
7 80 0.0145014
7 81 0.0151114
7 82 0.0158772
7 83 0.015593
7 84 0.0123661
7 85 0.00635179
7 86 -0.00236962
7 87 -0.0127664
7 88 -0.023024
7 89 -0.0310283
7 90 -0.0353688
7 91 -0.0358763
7 92 -0.0315937
7 93 -0.0241108
7 94 -0.0151101
7 95 -0.00669161
7 96 0.000851587
7 97 0.00566513
7 98 0.00735306
7 99 0.00776462
7 100 0.00718072
7 101 0.00647306
7 102 0.00627694
7 103 0.00785191
7 104 0.00877479
7 105 0.00874922
7 106 0.00814698
7 107 0.00400365
7 108 -0.00280282
7 109 -0.0113955
7 110 -0.0199674
7 111 -0.0267472
7 112 -0.0302596
7 113 -0.0286987
7 114 -0.0219985
7 115 -0.00876102
7 116 0.00659575
7 117 0.0211958
7 118 0.0357875
7 119 0.0431639
7 120 0.0429168
7 121 0.0368312
7 122 0.0216516
7 123 0.00347044
7 124 -0.0145588
7 125 -0.0314324
7 126 -0.0399491
7 127 -0.00422263

8 0 -0.00305404
8 1 -0.0297299
8 2 -0.023193
8 3 -0.0126827
8 4 0.0017727
8 5 0.0154384
8 6 0.0255041
8 7 0.0311813
8 8 0.0303445
8 9 0.0244718
8 10 0.0151709
8 11 0.00458516
8 12 -0.00529983
8 13 -0.012491
8 14 -0.0150178
8 15 -0.0150478
8 16 -0.011819
8 17 -0.00705767
8 18 -0.00407909
8 19 -0.00112993
8 20 -0.00144146
8 21 -0.00408077
8 22 -0.00601355
8 23 -0.00839958
8 24 -0.0091884
8 25 -0.00743859
8 26 -0.00279423
8 27 0.00185589
8 28 0.00620546
8 29 0.00994487
8 30 0.00893522
8 31 0.00460677
8 32 -0.00211678
8 33 -0.0099911
8 34 -0.0183193
8 35 -0.0234688
8 36 -0.0233078
8 37 -0.0195698
8 38 -0.011953
8 39 -0.00168067
8 40 0.00959806
8 41 0.0176001
8 42 0.0220454
8 43 0.0228974
8 44 0.0206712
8 45 0.0158227
8 46 0.0106481
8 47 0.00778585
8 48 0.00776627
8 49 0.0106355
8 50 0.0151602
8 51 0.0206537
8 52 0.0244167
8 53 0.0254144
8 54 0.022622
8 55 0.0174211
8 56 0.0099482
8 57 0.00213636
8 58 -0.00424308
8 59 -0.00537395
8 60 -0.000266898
8 61 0.00983379
8 62 0.0192616
8 63 0.0232803
8 64 0.0190092
8 65 0.00932566
8 66 -0.00102314
8 67 -0.00638588
8 68 -0.00549253
8 69 0.00064607
8 70 0.00825086
8 71 0.0155313
8 72 0.0205951
8 73 0.0233006
8 74 0.0222965
8 75 0.0186309
8 76 0.0133362
8 77 0.00917966
8 78 0.00678178
8 79 0.00750389
8 80 0.011134
8 81 0.017339
8 82 0.023186
8 83 0.026641
8 84 0.0268256
8 85 0.0235219
8 86 0.0162758
8 87 0.00563456
8 88 -0.0045352
8 89 -0.0124501
8 90 -0.0170141
8 91 -0.0186402
8 92 -0.0152287
8 93 -0.009316
8 94 -0.00364144
8 95 0.000520728
8 96 0.00303758
8 97 0.00257452
8 98 -0.00162575
8 99 -0.00525618
8 100 -0.00843422
8 101 -0.0100143
8 102 -0.00865879
8 103 -0.00382371
8 104 0.00190428
8 105 0.00634667
8 106 0.0104379
8 107 0.00956841
8 108 0.00442821
8 109 -0.00338974
8 110 -0.0138003
8 111 -0.0228521
8 112 -0.0288779
8 113 -0.0295499
8 114 -0.0242012
8 115 -0.0127565
8 116 0.00266828
8 117 0.0179817
8 118 0.0326233
8 119 0.0412948
8 120 0.0420761
8 121 0.0366252
8 122 0.0222811
8 123 0.00449898
8 124 -0.0129798
8 125 -0.0296403
8 126 -0.03817
8 127 -0.00402963

9 0 -0.00250249
9 1 -0.0243514
9 2 -0.0185186
9 3 -0.00651772
9 4 0.0043391
9 5 0.0149594
9 6 0.0242361
9 7 0.0262746
9 8 0.0244718
9 9 0.0187263
9 10 0.0074426
9 11 -0.00309673
9 12 -0.0107786
9 13 -0.0147116
9 14 -0.0153128
9 15 -0.0127766
9 16 -0.0043162
9 17 0.00313082
9 18 0.00682931
9 19 0.00923885
9 20 0.00674855
9 21 0.00108397
9 22 -0.0065549
9 23 -0.0144415
9 24 -0.0199532
9 25 -0.0224202
9 26 -0.019889
9 27 -0.0157943
9 28 -0.00954601
9 29 -0.00248792
9 30 0.00104572
9 31 0.00210703
9 32 0.000540716
9 33 -0.00228382
9 34 -0.0065944
9 35 -0.00832506
9 36 -0.00537578
9 37 0.000191791
9 38 0.00899513
9 39 0.0198531
9 40 0.0313111
9 41 0.0381032
9 42 0.0401016
9 43 0.0379614
9 44 0.0319605
9 45 0.0224994
9 46 0.0118795
9 47 0.00473337
9 48 0.00143365
9 49 0.00196564
9 50 0.00407279
9 51 0.00815664
9 52 0.0114835
9 53 0.0124078
9 54 0.00845748
9 55 0.000844919
9 56 -0.00905222
9 57 -0.0183554
9 58 -0.0247347
9 59 -0.0253976
9 60 -0.0194536
9 61 -0.00897571
9 62 0.000967127
9 63 0.00493274
9 64 0.000698183
9 65 -0.00954124
9 66 -0.0203075
9 67 -0.0266207
9 68 -0.0263053
9 69 -0.0203997
9 70 -0.0115254
9 71 -0.00221149
9 72 0.00489876
9 73 0.00819541
9 74 0.00674663
9 75 0.00279563
9 76 -0.00173071
9 77 -0.00426459
9 78 -0.00500262
9 79 -0.00171269
9 80 0.00564375
9 81 0.0168886
9 82 0.0271282
9 83 0.0345096
9 84 0.0380414
9 85 0.0380849
9 86 0.0331554
9 87 0.0240041
9 88 0.0151071
9 89 0.00820137
9 90 0.00413184
9 91 0.00192439
9 92 0.00409668
9 93 0.00754209
9 94 0.00938207
9 95 0.00868814
9 96 0.00534795
9 97 -0.000881394
9 98 -0.0107217
9 99 -0.0188068
9 100 -0.0248854
9 101 -0.0275486
9 102 -0.0250551
9 103 -0.0181743
9 104 -0.00807979
9 105 0.00131978
9 106 0.00981691
9 107 0.0132298
9 108 0.0115912
9 109 0.00723519
9 110 -0.00305171
9 111 -0.013937
9 112 -0.0210994
9 113 -0.0239015
9 114 -0.0221072
9 115 -0.0160855
9 116 -0.00286651
9 117 0.0118058
9 118 0.0228259
9 119 0.031824
9 120 0.0341305
9 121 0.029174
9 122 0.0200976
9 123 0.00623968
9 124 -0.00880249
9 125 -0.0209787
9 126 -0.0291952
9 127 -0.00315933

10 0 -0.0016525
10 1 -0.0147576
10 2 -0.00957367
10 3 -0.00176278
10 4 0.00755112
10 5 0.0149568
10 6 0.018952
10 7 0.0193218
10 8 0.0151709
10 9 0.0074426
10 10 -0.00176983
10 11 -0.0101286
10 12 -0.0151973
10 13 -0.0165517
10 14 -0.0127755
10 15 -0.00491829
10 16 0.00294959
10 17 0.0113964
10 18 0.0174863
10 19 0.0181967
10 20 0.0143706
10 21 0.00467973
10 22 -0.0068073
10 23 -0.0186868
10 24 -0.0292411
10 25 -0.0345632
10 26 -0.0358256
10 27 -0.0313379
10 28 -0.0240803
10 29 -0.0147462
10 30 -0.00592145
10 31 -0.000318286
10 32 0.004474
10 33 0.00562233
10 34 0.00646966
10 35 0.00751667
10 36 0.011934
10 37 0.0185531
10 38 0.0264756
10 39 0.0371589
10 40 0.0458895
10 41 0.0515748
10 42 0.050308
10 43 0.0461246
10 44 0.0366326
10 45 0.024149
10 46 0.0101779
10 47 3.61686e-05
10 48 -0.00493927
10 49 -0.00654922
10 50 -0.00516196
10 51 -0.00256706
10 52 0.00174293
10 53 0.00224177
10 54 -0.00118347
10 55 -0.0109253
10 56 -0.0211579
10 57 -0.0314158
10 58 -0.0360256
10 59 -0.036333
10 60 -0.0291162
10 61 -0.0196138
10 62 -0.00944791
10 63 -0.00640384
10 64 -0.00963045
10 65 -0.0199885
10 66 -0.0297384
10 67 -0.0372357
10 68 -0.0373053
10 69 -0.0331404
10 70 -0.0234333
10 71 -0.0138705
10 72 -0.00486204
10 73 -0.00235592
10 74 -0.00372159
10 75 -0.00915767
10 76 -0.0126231
10 77 -0.0152012
10 78 -0.0142432
10 79 -0.0102587
10 80 -0.000252705
10 81 0.0133022
10 82 0.0264751
10 83 0.0365386
10 84 0.0424395
10 85 0.0455682
10 86 0.0425805
10 87 0.0369891
10 88 0.02957
10 89 0.0255455
10 90 0.0219812
10 91 0.0211521
10 92 0.021998
10 93 0.0230509
10 94 0.0218567
10 95 0.0161643
10 96 0.00836362
10 97 -0.00426733
10 98 -0.0173752
10 99 -0.0299804
10 100 -0.0385458
10 101 -0.0416918
10 102 -0.0391974
10 103 -0.0298657
10 104 -0.018361
10 105 -0.00455448
10 106 0.00736573
10 107 0.0149844
10 108 0.0177352
10 109 0.0139467
10 110 0.00768574
10 111 -0.000705005
10 112 -0.00953652
10 113 -0.01548
10 114 -0.0173841
10 115 -0.0141627
10 116 -0.00791067
10 117 0.000866548
10 118 0.0101916
10 119 0.0160367
10 120 0.0193074
10 121 0.0193253
10 122 0.014546
10 123 0.00768391
10 124 -0.000428627
10 125 -0.00926195
10 126 -0.0148377
10 127 -0.00164831

11 0 -0.000334159
11 1 -0.00260244
11 2 -1.92026e-05
11 3 0.00494589
11 4 0.00880557
11 5 0.0121736
11 6 0.0128778
11 7 0.00949069
11 8 0.00458516
11 9 -0.00309673
11 10 -0.0101286
11 11 -0.014427
11 12 -0.0174213
11 13 -0.0157314
11 14 -0.00985296
11 15 -0.000721533
11 16 0.00924198
11 17 0.017669
11 18 0.0243359
11 19 0.0236661
11 20 0.0181843
11 21 0.00836344
11 22 -0.00679941
11 23 -0.0207568
11 24 -0.0339772
11 25 -0.0423937
11 26 -0.0449911
11 27 -0.041901
11 28 -0.0330469
11 29 -0.023013
11 30 -0.0102211
11 31 -0.000137552
11 32 0.0080427
11 33 0.0137709
11 34 0.0170479
11 35 0.0208427
11 36 0.0240162
11 37 0.0303885
11 38 0.0363534
11 39 0.0443986
11 40 0.050404
11 41 0.0532799
11 42 0.0512627
11 43 0.044476
11 44 0.0346282
11 45 0.0202446
11 46 0.00681622
11 47 -0.00474304
11 48 -0.00946633
11 49 -0.0119107
11 50 -0.010097
11 51 -0.00735167
11 52 -0.00223544
11 53 -0.000692213
11 54 -0.00382401
11 55 -0.0130347
11 56 -0.0234603
11 57 -0.0319678
11 58 -0.0354705
11 59 -0.0335969
11 60 -0.026938
11 61 -0.0175697
11 62 -0.00950333
11 63 -0.00610495
11 64 -0.00952061
11 65 -0.017582
11 66 -0.0270662
11 67 -0.0337737
11 68 -0.0359398
11 69 -0.032616
11 70 -0.024652
11 71 -0.0146089
11 72 -0.00624895
11 73 -0.00376021
11 74 -0.00646977
11 75 -0.0125036
11 76 -0.0166496
11 77 -0.0195887
11 78 -0.0185638
11 79 -0.0149861
11 80 -0.00449059
11 81 0.00810191
11 82 0.0222802
11 83 0.0320485
11 84 0.0399973
11 85 0.0431496
11 86 0.043096
11 87 0.0397156
11 88 0.035956
11 89 0.033949
11 90 0.0324447
11 91 0.0337687
11 92 0.0339306
11 93 0.0342642
11 94 0.0299422
11 95 0.0227968
11 96 0.0105777
11 97 -0.00492669
11 98 -0.0202331
11 99 -0.0352528
11 100 -0.0447995
11 101 -0.0495396
11 102 -0.0460447
11 103 -0.037715
11 104 -0.0250726
11 105 -0.00945586
11 106 0.00294306
11 107 0.0139879
11 108 0.0195627
11 109 0.0196588
11 110 0.0159134
11 111 0.00909458
11 112 0.00192205
11 113 -0.00600804
11 114 -0.00985467
11 115 -0.0113578
11 116 -0.012149
11 117 -0.00846815
11 118 -0.00455373
11 119 -0.000114999
11 120 0.00449011
11 121 0.00598389
11 122 0.00750944
11 123 0.0073507
11 124 0.0055417
11 125 0.00504238
11 126 0.00322419
11 127 0.000233764

12 0 0.000886324
12 1 0.00893294
12 2 0.00922565
12 3 0.0115943
12 4 0.00998783
12 5 0.00822703
12 6 0.00577019
12 7 -0.000262859
12 8 -0.00529983
12 9 -0.0107786
12 10 -0.0151973
12 11 -0.0174213
12 12 -0.0181749
12 13 -0.0125876
12 14 -0.0051699
12 15 0.0025959
12 16 0.0125594
12 17 0.0197908
12 18 0.0242771
12 19 0.0225394
12 20 0.0163601
12 21 0.00752222
12 22 -0.00756701
12 23 -0.0209859
12 24 -0.0327458
12 25 -0.041856
12 26 -0.0440989
12 27 -0.0414355
12 28 -0.0328081
12 29 -0.0225173
12 30 -0.0092736
12 31 0.00306492
12 32 0.0114449
12 33 0.0188992
12 34 0.022768
12 35 0.0259208
12 36 0.0271995
12 37 0.0305766
12 38 0.0347019
12 39 0.0384242
12 40 0.0423086
12 41 0.0431836
12 42 0.0419686
12 43 0.0352818
12 44 0.0267621
12 45 0.0148467
12 46 0.0038508
12 47 -0.00517535
12 48 -0.00942161
12 49 -0.00983279
12 50 -0.00761785
12 51 -0.00265744
12 52 0.0024035
12 53 0.00597846
12 54 0.00302531
12 55 -0.0039237
12 56 -0.0136874
12 57 -0.0193838
12 58 -0.0216064
12 59 -0.0177401
12 60 -0.0120487
12 61 -0.00373604
12 62 0.00180101
12 63 0.00498044
12 64 0.00193927
12 65 -0.00347445
12 66 -0.0116793
12 67 -0.0173037
12 68 -0.021151
12 69 -0.0189628
12 70 -0.0134127
12 71 -0.0038366
12 72 0.00270878
12 73 0.00526946
12 74 0.000944999
12 75 -0.0047457
12 76 -0.0108461
12 77 -0.0139078
12 78 -0.0149659
12 79 -0.0116685
12 80 -0.00420389
12 81 0.00598405
12 82 0.0166996
12 83 0.0249211
12 84 0.0313984
12 85 0.0332492
12 86 0.0337766
12 87 0.0317877
12 88 0.0313657
12 89 0.030409
12 90 0.0318031
12 91 0.0344699
12 92 0.0362223
12 93 0.0360064
12 94 0.03161
12 95 0.0251342
12 96 0.0122327
12 97 -0.00220419
12 98 -0.0171028
12 99 -0.0305103
12 100 -0.0402182
12 101 -0.0452044
12 102 -0.0424669
12 103 -0.0373674
12 104 -0.0267371
12 105 -0.0138523
12 106 -0.0031665
12 107 0.0074621
12 108 0.0145806
12 109 0.018992
12 110 0.0182861
12 111 0.0153428
12 112 0.0121212
12 113 0.00440768
12 114 -0.00206759
12 115 -0.00788146
12 116 -0.0128419
12 117 -0.0150598
12 118 -0.0179886
12 119 -0.0154865
12 120 -0.0106369
12 121 -0.00724874
12 122 0.0012632
12 123 0.00748388
12 124 0.0113844
12 125 0.0185546
12 126 0.0199218
12 127 0.00194609

13 0 0.00171916
13 1 0.0185008
13 2 0.0176991
13 3 0.0148457
13 4 0.0103205
13 5 0.00412947
13 6 -0.00194074
13 7 -0.00785076
13 8 -0.012491
13 9 -0.0147116
13 10 -0.0165517
13 11 -0.0157314
13 12 -0.0125876
13 13 -0.00955868
13 14 -0.00258999
13 15 0.00476886
13 16 0.0095472
13 17 0.0144313
13 18 0.0162843
13 19 0.0157101
13 20 0.0113922
13 21 0.00297862
13 22 -0.00670723
13 23 -0.0177396
13 24 -0.0260877
13 25 -0.0332291
13 26 -0.0356829
13 27 -0.0317116
13 28 -0.0256282
13 29 -0.0150575
13 30 -0.00351981
13 31 0.00821186
13 32 0.0162
13 33 0.0217696
13 34 0.025691
13 35 0.0248158
13 36 0.0238732
13 37 0.0223947
13 38 0.0233081
13 39 0.0227335
13 40 0.0234999
13 41 0.024429
13 42 0.0235776
13 43 0.0202452
13 44 0.0138581
13 45 0.00813171
13 46 0.000995401
13 47 -0.00312791
13 48 -0.00587723
13 49 -0.00333464
13 50 0.000460551
13 51 0.00729001
13 52 0.0129887
13 53 0.0173671
13 54 0.01621
13 55 0.0111947
13 56 0.004458
13 57 0.000621026
13 58 0.00103754
13 59 0.00498412
13 60 0.0106206
13 61 0.0158292
13 62 0.0198417
13 63 0.0211318
13 64 0.0200708
13 65 0.0162496
13 66 0.0113202
13 67 0.00584477
13 68 0.00222987
13 69 0.00193406
13 70 0.00613216
13 71 0.0129115
13 72 0.018255
13 73 0.0193088
13 74 0.0151174
13 75 0.00908194
13 76 0.00215508
13 77 -0.00228549
13 78 -0.00534946
13 79 -0.00356126
13 80 -0.000446063
13 81 0.00554385
13 82 0.00988563
13 83 0.0152609
13 84 0.0171965
13 85 0.0176628
13 86 0.0159415
13 87 0.0159423
13 88 0.0170416
13 89 0.018341
13 90 0.022126
13 91 0.0264775
13 92 0.031218
13 93 0.0309412
13 94 0.0295843
13 95 0.0239855
13 96 0.0147869
13 97 0.00296523
13 98 -0.00872554
13 99 -0.0182929
13 100 -0.0275865
13 101 -0.0308718
13 102 -0.0313033
13 103 -0.0286222
13 104 -0.0233121
13 105 -0.0163777
13 106 -0.00791261
13 107 -0.00145449
13 108 0.00551231
13 109 0.0103434
13 110 0.014116
13 111 0.0170774
13 112 0.0145618
13 113 0.0108853
13 114 0.0056745
13 115 -0.00228642
13 116 -0.0103579
13 117 -0.0184089
13 118 -0.0240034
13 119 -0.0262869
13 120 -0.0240963
13 121 -0.0164716
13 122 -0.00646786
13 123 0.00585475
13 124 0.0186309
13 125 0.0274602
13 126 0.0329066
13 127 0.00342905

14 0 0.00235699
14 1 0.0245604
14 2 0.0226302
14 3 0.0154018
14 4 0.00794125
14 5 -0.000216447
14 6 -0.0082467
14 7 -0.0122737
14 8 -0.0150178
14 9 -0.0153128
14 10 -0.0127755
14 11 -0.00985296
14 12 -0.0051699
14 13 -0.00258999
14 14 -0.00118917
14 15 0.00153531
14 16 0.00210188
14 17 0.00328321
14 18 0.0035337
14 19 0.00221493
14 20 0.00101786
14 21 -0.00269023
14 22 -0.00606435
14 23 -0.0108713
14 24 -0.0154295
14 25 -0.0178596
14 26 -0.0192838
14 27 -0.0158255
14 28 -0.0112312
14 29 -0.0035939
14 30 0.00569927
14 31 0.013571
14 32 0.0200159
14 33 0.0225588
14 34 0.0238384
14 35 0.0198574
14 36 0.0148081
14 37 0.0100431
14 38 0.00597286
14 39 0.00290953
14 40 0.000773887
14 41 0.00268442
14 42 0.00332085
14 43 0.00384959
14 44 0.00227879
14 45 0.00245074
14 46 0.00154591
14 47 0.000998663
14 48 0.00161925
14 49 0.00525165
14 50 0.0116207
14 51 0.0180546
14 52 0.0245358
14 53 0.0279186
14 54 0.0291228
14 55 0.0257322
14 56 0.0227252
14 57 0.0203624
14 58 0.0229122
14 59 0.0261974
14 60 0.0309868
14 61 0.0328428
14 62 0.034762
14 63 0.0343404
14 64 0.034935
14 65 0.0332095
14 66 0.0315757
14 67 0.0270612
14 68 0.0241123
14 69 0.021954
14 70 0.0248109
14 71 0.0283183
14 72 0.0323611
14 73 0.0316957
14 74 0.0290575
14 75 0.0230068
14 76 0.0172607
14 77 0.0109999
14 78 0.00777106
14 79 0.00670323
14 80 0.00711169
14 81 0.00686106
14 82 0.0058187
14 83 0.00559062
14 84 0.00348015
14 85 0.000801894
14 86 -0.00304387
14 87 -0.0024545
14 88 -0.000962014
14 89 0.00292279
14 90 0.0073764
14 91 0.0141551
14 92 0.0197337
14 93 0.0218383
14 94 0.0226602
14 95 0.0199532
14 96 0.0159258
14 97 0.00878011
14 98 0.00328815
14 99 -0.00228714
14 100 -0.00725453
14 101 -0.00990634
14 102 -0.0127444
14 103 -0.013375
14 104 -0.0148601
14 105 -0.014818
14 106 -0.013938
14 107 -0.0120707
14 108 -0.00725168
14 109 -0.00290084
14 110 0.00373506
14 111 0.00926392
14 112 0.0124783
14 113 0.014749
14 114 0.0112937
14 115 0.00423876
14 116 -0.00576634
14 117 -0.0166361
14 118 -0.024314
14 119 -0.0302067
14 120 -0.030178
14 121 -0.0231342
14 122 -0.0123257
14 123 0.00352858
14 124 0.0201318
14 125 0.0325349
14 126 0.0406609
14 127 0.00422219

15 0 0.00252133
15 1 0.026016
15 2 0.0233336
15 3 0.0138619
15 4 0.00562886
15 5 -0.00338746
15 6 -0.0125664
15 7 -0.0144758
15 8 -0.0150478
15 9 -0.0127766
15 10 -0.00491829
15 11 -0.000721533
15 12 0.0025959
15 13 0.00476886
15 14 0.00153531
15 15 -0.0019223
15 16 -0.00720659
15 17 -0.0121937
15 18 -0.014317
15 19 -0.0155867
15 20 -0.0133486
15 21 -0.0100982
15 22 -0.00604625
15 23 -0.00258785
15 24 -0.000833677
15 25 0.0019063
15 26 0.00249523
15 27 0.00398019
15 28 0.00668136
15 29 0.00976057
15 30 0.014309
15 31 0.0176451
15 32 0.0206064
15 33 0.0204449
15 34 0.0179095
15 35 0.0122688
15 36 0.00419336
15 37 -0.00313087
15 38 -0.0104212
15 39 -0.0153131
15 40 -0.0178158
15 41 -0.0156434
15 42 -0.0119671
15 43 -0.00808111
15 44 -0.00364041
15 45 0.00133767
15 46 0.00597058
15 47 0.00804485
15 48 0.0107014
15 49 0.0145774
15 50 0.0208833
15 51 0.0260608
15 52 0.0305391
15 53 0.0329962
15 54 0.0344741
15 55 0.0337515
15 56 0.0327165
15 57 0.0326617
15 58 0.0350268
15 59 0.0381692
15 60 0.0400976
15 61 0.0396924
15 62 0.0380782
15 63 0.0372382
15 64 0.0380595
15 65 0.0397025
15 66 0.0401431
15 67 0.0383905
15 68 0.0354333
15 69 0.0334793
15 70 0.033948
15 71 0.0356871
15 72 0.0370942
15 73 0.0366098
15 74 0.0350817
15 75 0.031782
15 76 0.0276503
15 77 0.0224704
15 78 0.0195065
15 79 0.0175524
15 80 0.0159031
15 81 0.0111141
15 82 0.00570313
15 83 -9.16759e-05
15 84 -0.00549726
15 85 -0.01174
15 86 -0.0164103
15 87 -0.0171695
15 88 -0.0151714
15 89 -0.0107668
15 90 -0.00572352
15 91 0.00115557
15 92 0.00624165
15 93 0.010172
15 94 0.0121688
15 95 0.0129664
15 96 0.0135073
15 97 0.013463
15 98 0.0147348
15 99 0.0149147
15 100 0.0159451
15 101 0.01492
15 102 0.0110324
15 103 0.00580123
15 104 -0.00229923
15 105 -0.0106028
15 106 -0.0191063
15 107 -0.0236151
15 108 -0.0239751
15 109 -0.0207303
15 110 -0.0117073
15 111 -0.00258425
15 112 0.00738047
15 113 0.0145947
15 114 0.0147678
15 115 0.0121312
15 116 0.00267854
15 117 -0.010605
15 118 -0.0210708
15 119 -0.0294247
15 120 -0.0313061
15 121 -0.0254577
15 122 -0.0139495
15 123 0.00207423
15 124 0.0185585
15 125 0.0325634
15 126 0.0406131
15 127 0.00417376

16 0 0.00252449
16 1 0.024961
16 2 0.0198492
16 3 0.0114039
16 4 0.000866504
16 5 -0.0085019
16 6 -0.0135897
16 7 -0.0150395
16 8 -0.011819
16 9 -0.0043162
16 10 0.00294959
16 11 0.00924198
16 12 0.0125594
16 13 0.0095472
16 14 0.00210188
16 15 -0.00720659
16 16 -0.0171373
16 17 -0.0271797
16 18 -0.0323514
16 19 -0.030527
16 20 -0.0259171
16 21 -0.0166509
16 22 -0.00535704
16 23 0.00448284
16 24 0.0134953
16 25 0.0191027
16 26 0.0217585
16 27 0.0215645
16 28 0.0216117
16 29 0.0212342
16 30 0.0199542
16 31 0.0205513
16 32 0.0198677
16 33 0.0179245
16 34 0.0129739
16 35 0.00654997
16 36 -0.00214294
16 37 -0.0120003
16 38 -0.0201967
16 39 -0.0266041
16 40 -0.0283024
16 41 -0.0265712
16 42 -0.0204117
16 43 -0.0134098
16 44 -0.00456471
16 45 0.00407175
16 46 0.0112974
16 47 0.0152554
16 48 0.0174572
16 49 0.020554
16 50 0.0237676
16 51 0.0265076
16 52 0.0270409
16 53 0.0281621
16 54 0.0288933
16 55 0.0305619
16 56 0.0308938
16 57 0.0325842
16 58 0.0340991
16 59 0.0363155
16 60 0.0352485
16 61 0.0323827
16 62 0.0277148
16 63 0.026248
16 64 0.0274559
16 65 0.0318836
16 66 0.0345693
16 67 0.0355172
16 68 0.0332969
16 69 0.0318934
16 70 0.0304703
16 71 0.0305885
16 72 0.0295358
16 73 0.029675
16 74 0.0295426
16 75 0.0303077
16 76 0.02885
16 77 0.0272334
16 78 0.0254763
16 79 0.0248484
16 80 0.0218728
16 81 0.0156792
16 82 0.00713063
16 83 -0.00184236
16 84 -0.0101376
16 85 -0.0180706
16 86 -0.0226349
16 87 -0.0243782
16 88 -0.0218881
16 89 -0.0180728
16 90 -0.0120447
16 91 -0.00717159
16 92 -0.00287903
16 93 0.00063951
16 94 0.00348647
16 95 0.00637679
16 96 0.00990353
16 97 0.0167215
16 98 0.022979
16 99 0.0295445
16 100 0.0346846
16 101 0.0363153
16 102 0.0321827
16 103 0.0225413
16 104 0.00993178
16 105 -0.00663369
16 106 -0.0212095
16 107 -0.0321676
16 108 -0.0385205
16 109 -0.0361758
16 110 -0.0270117
16 111 -0.0145971
16 112 -0.00209573
16 113 0.0100804
16 114 0.0171455
16 115 0.0157255
16 116 0.00987631
16 117 -0.000607951
16 118 -0.012921
16 119 -0.0216291
16 120 -0.0260418
16 121 -0.0237629
16 122 -0.0145393
16 123 -0.00114495
16 124 0.0141983
16 125 0.0272216
16 126 0.0347329
16 127 0.00364442

17 0 0.00220743
17 1 0.0212813
17 2 0.0155491
17 3 0.00692805
17 4 -0.00361434
17 5 -0.0120672
17 6 -0.0148766
17 7 -0.0135033
17 8 -0.00705767
17 9 0.00313082
17 10 0.0113964
17 11 0.017669
17 12 0.0197908
17 13 0.0144313
17 14 0.00328321
17 15 -0.0121937
17 16 -0.0271797
17 17 -0.0387023
17 18 -0.0447867
17 19 -0.0428906
17 20 -0.0354578
17 21 -0.021133
17 22 -0.00369211
17 23 0.0114394
17 24 0.0248531
17 25 0.0329434
17 26 0.035748
17 27 0.0341362
17 28 0.0306218
17 29 0.0262749
17 30 0.0208077
17 31 0.0185823
17 32 0.0164259
17 33 0.0134205
17 34 0.00926236
17 35 0.00400081
17 36 -0.00310372
17 37 -0.0129037
17 38 -0.0205886
17 39 -0.0262486
17 40 -0.0278291
17 41 -0.0259289
17 42 -0.0192053
17 43 -0.0095999
17 44 0.00075364
17 45 0.0107521
17 46 0.0176061
17 47 0.021349
17 48 0.0212681
17 49 0.0210017
17 50 0.0193823
17 51 0.0173876
17 52 0.0138195
17 53 0.0121987
17 54 0.0124828
17 55 0.0149629
17 56 0.0170638
17 57 0.01903
17 58 0.0202042
17 59 0.0201669
17 60 0.0170425
17 61 0.0110658
17 62 0.00473259
17 63 0.00188851
17 64 0.0042482
17 65 0.0100878
17 66 0.0156433
17 67 0.0183234
17 68 0.0180693
17 69 0.0165795
17 70 0.0145423
17 71 0.0123641
17 72 0.0101454
17 73 0.010153
17 74 0.0124753
17 75 0.0168214
17 76 0.020005
17 77 0.0229237
17 78 0.0247714
17 79 0.0265347
17 80 0.0244456
17 81 0.0192655
17 82 0.0104227
17 83 0.00108642
17 84 -0.00858017
17 85 -0.0156985
17 86 -0.0194629
17 87 -0.0202169
17 88 -0.0182637
17 89 -0.014708
17 90 -0.00959214
17 91 -0.007264
17 92 -0.00589442
17 93 -0.00511796
17 94 -0.0031403
17 95 -0.000806293
17 96 0.00451052
17 97 0.0147034
17 98 0.0256236
17 99 0.0370638
17 100 0.0460105
17 101 0.0506214
17 102 0.0470049
17 103 0.0361893
17 104 0.0202363
17 105 -0.00135285
17 106 -0.021385
17 107 -0.0371989
17 108 -0.0464533
17 109 -0.04725
17 110 -0.0404707
17 111 -0.0265096
17 112 -0.0104168
17 113 0.00501362
17 114 0.0152383
17 115 0.0177357
17 116 0.0159982
17 117 0.00862336
17 118 -0.00205765
17 119 -0.0112459
17 120 -0.0177193
17 121 -0.0185561
17 122 -0.0134971
17 123 -0.0039657
17 124 0.00779463
17 125 0.0180611
17 126 0.0248761
17 127 0.00264314

18 0 0.00162391
18 1 0.0158688
18 2 0.0113376
18 3 0.00209308
18 4 -0.00590712
18 5 -0.0127308
18 6 -0.0158191
18 7 -0.0120328
18 8 -0.00407909
18 9 0.00682931
18 10 0.0174863
18 11 0.0243359
18 12 0.0242771
18 13 0.0162843
18 14 0.0035337
18 15 -0.014317
18 16 -0.0323514
18 17 -0.0447867
18 18 -0.0517819
18 19 -0.0494521
18 20 -0.0384464
18 21 -0.0213069
18 22 -0.000916354
18 23 0.017327
18 24 0.0322637
18 25 0.0406721
18 26 0.0420512
18 27 0.0381861
18 28 0.0310317
18 29 0.0231848
18 30 0.0157481
18 31 0.0120196
18 32 0.0103187
18 33 0.00897835
18 34 0.00805004
18 35 0.00643083
18 36 0.00228783
18 37 -0.00483626
18 38 -0.0110033
18 39 -0.0152935
18 40 -0.0173569
18 41 -0.01623
18 42 -0.0101351
18 43 -0.00056684
18 44 0.00915452
18 45 0.0171448
18 46 0.0221018
18 47 0.0232353
18 48 0.0201219
18 49 0.0144998
18 50 0.00749916
18 51 7.66105e-06
18 52 -0.00707199
18 53 -0.0112475
18 54 -0.0112925
18 55 -0.00816155
18 56 -0.00455888
18 57 -0.00208283
18 58 -0.00143761
18 59 -0.00319642
18 60 -0.00838437
18 61 -0.0163868
18 62 -0.0241902
18 63 -0.0275933
18 64 -0.024762
18 65 -0.0175364
18 66 -0.0101175
18 67 -0.0055245
18 68 -0.00435892
18 69 -0.00559666
18 70 -0.00863048
18 71 -0.0127505
18 72 -0.0162978
18 73 -0.0165582
18 74 -0.0124908
18 75 -0.0053165
18 76 0.0025697
18 77 0.0102507
18 78 0.016912
18 79 0.0213721
18 80 0.021887
18 81 0.018786
18 82 0.0127131
18 83 0.00485927
18 84 -0.00321164
18 85 -0.00823768
18 86 -0.00917706
18 87 -0.00771238
18 88 -0.00523714
18 89 -0.00178211
18 90 0.00158307
18 91 0.00141101
18 92 -0.00145772
18 93 -0.00475817
18 94 -0.00642252
18 95 -0.00645565
18 96 -0.00200298
18 97 0.00810412
18 98 0.0212026
18 99 0.0353575
18 100 0.0472605
18 101 0.0543965
18 102 0.0528758
18 103 0.0433297
18 104 0.0267669
18 105 0.00484714
18 106 -0.0172748
18 107 -0.0366341
18 108 -0.0480664
18 109 -0.0512819
18 110 -0.0466557
18 111 -0.0337943
18 112 -0.0178608
18 113 -0.00181047
18 114 0.0111587
18 115 0.019124
18 116 0.0201153
18 117 0.0143822
18 118 0.0073133
18 119 -0.00204105
18 120 -0.00960389
18 121 -0.0108324
18 122 -0.0106471
18 123 -0.00558054
18 124 0.00263162
18 125 0.00731629
18 126 0.0124164
18 127 0.00140391

19 0 0.00137744
19 1 0.0115027
19 2 0.00610383
19 3 -0.00107288
