0 0 0
0 1 1.79288e-16
0 2 1.39756e-15
0 3 1.0325e-14
0 4 7.07184e-14
0 5 4.49181e-13
0 6 2.6469e-12
0 7 1.44745e-11
0 8 7.34668e-11
0 9 3.46114e-10
0 10 1.51345e-09
0 11 6.14147e-09
0 12 2.3123e-08
0 13 8.07548e-08
0 14 2.61527e-07
0 15 7.85152e-07
0 16 2.18453e-06
0 17 5.63154e-06
0 18 1.34492e-05
0 19 2.97547e-05
0 20 6.09886e-05
0 21 0.000115849
0 22 0.000204014
0 23 0.000333222
0 24 0.000504958
0 25 0.000709871
0 26 0.000924806
0 27 0.00111329
0 28 0.00123031
0 29 0.00123082
0 30 0.00107972
0 31 0.000760868
0 32 0.000282334
0 33 -0.000323221
0 34 -0.00100309
0 35 -0.00169267
0 36 -0.0023252
0 37 -0.00284106
0 38 -0.00319493
0 39 -0.00335992
0 40 -0.00332851
0 41 -0.00311085
0 42 -0.00273103
0 43 -0.00222248
0 44 -0.00162325
0 45 -0.000971728
0 46 -0.000303372
0 47 0.000351575
0 48 0.000969292
0 49 0.00153273
0 50 0.00203126
0 51 0.00245994
0 52 0.00281847
0 53 0.00311011
0 54 0.00334059
0 55 0.00351723
0 56 0.0036481
0 57 0.00374139
0 58 0.00380496
0 59 0.003846
0 60 0.00387079
0 61 0.00388458
0 62 0.00389146
0 63 0.00389441
0 64 0.0038952
0 65 0.00389441
0 66 0.00389146
0 67 0.00388458
0 68 0.00387079
0 69 0.003846
0 70 0.00380496
0 71 0.00374139
0 72 0.0036481
0 73 0.00351723
0 74 0.00334059
0 75 0.00311011
0 76 0.00281847
0 77 0.00245994
0 78 0.00203126
0 79 0.00153273
0 80 0.000969292
0 81 0.000351575
0 82 -0.000303372
0 83 -0.000971728
0 84 -0.00162325
0 85 -0.00222248
0 86 -0.00273103
0 87 -0.00311085
0 88 -0.00332851
0 89 -0.00335992
0 90 -0.00319493
0 91 -0.00284106
0 92 -0.0023252
0 93 -0.00169267
0 94 -0.00100309
0 95 -0.000323221
0 96 0.000282334
0 97 0.000760868
0 98 0.00107972
0 99 0.00123082
0 100 0.00123031
0 101 0.00111329
0 102 0.000924806
0 103 0.000709871
0 104 0.000504958
0 105 0.000333222
0 106 0.000204014
0 107 0.000115849
0 108 6.09886e-05
0 109 2.97547e-05
0 110 1.34492e-05
0 111 5.63154e-06
0 112 2.18453e-06
0 113 7.85152e-07
0 114 2.61527e-07
0 115 8.07548e-08
0 116 2.3123e-08
0 117 6.14147e-09
0 118 1.51345e-09
0 119 3.46114e-10
0 120 7.34668e-11
0 121 1.44745e-11
0 122 2.6469e-12
0 123 4.49181e-13
0 124 7.07188e-14
0 125 1.03291e-14
0 126 1.43526e-15
0 127 0

1 0 1.79288e-16
1 1 5.1079e-15
1 2 3.76091e-14
1 3 2.63459e-13
1 4 1.71349e-12
1 5 1.03477e-11
1 6 5.80407e-11
1 7 3.02441e-10
1 8 1.46422e-09
1 9 6.58606e-09
1 10 2.75203e-08
1 11 1.06811e-07
1 12 3.84958e-07
1 13 1.28803e-06
1 14 3.9997e-06
1 15 1.15238e-05
1 16 3.07979e-05
1 17 7.63353e-05
1 18 0.000175457
1 19 0.000374002
1 20 0.00073946
1 21 0.00135653
1 22 0.00230992
1 23 0.00365244
1 24 0.00536363
1 25 0.00731201
1 26 0.00923854
1 27 0.0107751
1 28 0.0115017
1 29 0.0110304
1 30 0.00909598
1 31 0.00562706
1 32 0.00077943
1 33 -0.00507694
1 34 -0.0114122
1 35 -0.017618
1 36 -0.0230969
1 37 -0.0273414
1 38 -0.0299912
1 39 -0.0308608
1 40 -0.0299394
1 41 -0.0273683
1 42 -0.0234035
1 43 -0.0183722
1 44 -0.0126302
1 45 -0.00652577
1 46 -0.000371986
1 47 0.0055706
1 48 0.0111026
1 49 0.0160867
1 50 0.0204433
1 51 0.0241421
1 52 0.0271931
1 53 0.0296357
1 54 0.0315298
1 55 0.0329473
1 56 0.0339653
1 57 0.0346606
1 58 0.035106
1 59 0.0353673
1 60 0.0355018
1 61 0.0355569
1 62 0.0355696
1 63 0.0355667
1 64 0.0355639
1 65 0.0355667
1 66 0.0355696
1 67 0.0355569
1 68 0.0355018
1 69 0.0353673
1 70 0.035106
1 71 0.0346606
1 72 0.0339653
1 73 0.0329473
1 74 0.0315298
1 75 0.0296357
1 76 0.0271931
1 77 0.0241421
1 78 0.0204433
1 79 0.0160867
1 80 0.0111026
1 81 0.0055706
1 82 -0.000371986
1 83 -0.00652577
1 84 -0.0126302
1 85 -0.0183722
1 86 -0.0234035
1 87 -0.0273683
1 88 -0.0299394
1 89 -0.0308608
1 90 -0.0299912
1 91 -0.0273414
1 92 -0.0230969
1 93 -0.017618
1 94 -0.0114122
1 95 -0.00507694
1 96 0.00077943
1 97 0.00562706
1 98 0.00909598
1 99 0.0110304
1 100 0.0115017
1 101 0.0107751
1 102 0.00923854
1 103 0.00731201
1 104 0.00536363
1 105 0.00365244
1 106 0.00230992
1 107 0.00135653
1 108 0.00073946
1 109 0.000374002
1 110 0.000175457
1 111 7.63353e-05
1 112 3.07979e-05
1 113 1.15238e-05
1 114 3.9997e-06
1 115 1.28803e-06
1 116 3.84958e-07
1 117 1.06811e-07
1 118 2.75203e-08
1 119 6.58606e-09
1 120 1.46422e-09
1 121 3.02441e-10
1 122 5.80407e-11
1 123 1.03477e-11
1 124 1.71351e-12
1 125 2.6359e-13
1 126 3.87261e-14
1 127 1.43526e-15

2 0 1.39756e-15
2 1 3.76091e-14
2 2 2.59071e-13
2 3 1.70395e-12
2 4 1.04078e-11
2 5 5.90243e-11
2 6 3.10832e-10
2 7 1.51999e-09
2 8 6.90116e-09
2 9 2.90851e-08
2 10 1.13748e-07
2 11 4.1263e-07
2 12 1.38776e-06
2 13 4.32483e-06
2 14 1.24819e-05
2 15 3.33424e-05
2 16 8.23908e-05
2 17 0.00018824
2 18 0.000397478
2 19 0.000775445
2 20 0.00139746
2 21 0.00232604
2 22 0.0035752
2 23 0.00507187
2 24 0.00663207
2 25 0.00796933
2 26 0.0087423
2 27 0.00863203
2 28 0.00742555
2 29 0.00507873
2 30 0.00173875
2 31 -0.00227944
2 32 -0.00655305
2 33 -0.0106292
2 34 -0.0141001
2 35 -0.016659
2 36 -0.0181296
2 37 -0.0184684
2 38 -0.0177459
2 39 -0.0161157
2 40 -0.0137795
2 41 -0.0109552
2 42 -0.00785181
2 43 -0.00465292
2 44 -0.00150764
2 45 0.0014717
2 46 0.00420762
2 47 0.00665306
2 48 0.00878573
2 49 0.0106026
2 50 0.0121146
2 51 0.0133425
2 52 0.0143134
2 53 0.0150578
2 54 0.0156081
2 55 0.0159962
2 56 0.0162532
2 57 0.016408
2 58 0.0164871
2 59 0.0165136
2 60 0.0165077
2 61 0.0164858
2 62 0.016461
2 63 0.0164424
2 64 0.0164355
2 65 0.0164424
2 66 0.016461
2 67 0.0164858
2 68 0.0165077
2 69 0.0165136
2 70 0.0164871
2 71 0.016408
2 72 0.0162532
2 73 0.0159962
2 74 0.0156081
2 75 0.0150578
2 76 0.0143134
2 77 0.0133425
2 78 0.0121146
2 79 0.0106026
2 80 0.00878573
2 81 0.00665306
2 82 0.00420762
2 83 0.0014717
2 84 -0.00150764
2 85 -0.00465292
2 86 -0.00785181
2 87 -0.0109552
2 88 -0.0137795
2 89 -0.0161157
2 90 -0.0177459
2 91 -0.0184684
2 92 -0.0181296
2 93 -0.016659
2 94 -0.0141001
2 95 -0.0106292
2 96 -0.00655305
2 97 -0.00227944
2 98 0.00173875
2 99 0.00507873
2 100 0.00742555
2 101 0.00863203
2 102 0.0087423
2 103 0.00796933
2 104 0.00663207
2 105 0.00507187
2 106 0.0035752
2 107 0.00232604
2 108 0.00139746
2 109 0.000775445
2 110 0.000397478
2 111 0.00018824
2 112 8.23908e-05
2 113 3.33424e-05
2 114 1.24819e-05
2 115 4.32483e-06
2 116 1.38776e-06
2 117 4.1263e-07
2 118 1.13748e-07
2 119 2.90851e-08
2 120 6.90116e-09
2 121 1.51999e-09
2 122 3.10832e-10
2 123 5.90243e-11
2 124 1.04079e-11
2 125 1.70503e-12
2 126 2.67746e-13
2 127 1.04925e-14

3 0 1.0325e-14
3 1 2.63459e-13
3 2 1.70395e-12
3 3 1.05621e-11
3 4 6.0824e-11
3 5 3.25238e-10
3 6 1.61473e-09
3 7 7.4418e-09
3 8 3.18271e-08
3 9 1.26259e-07
3 10 4.64329e-07
3 11 1.58196e-06
3 12 4.98929e-06
3 13 1.45538e-05
3 14 3.92284e-05
3 15 9.76042e-05
3 16 0.000223931
3 17 0.000473196
3 18 0.000919856
3 19 0.0016427
3 20 0.00269052
3 21 0.00403261
3 22 0.00551216
3 23 0.00683123
3 24 0.00759168
3 25 0.00739401
3 26 0.0059661
3 27 0.00327421
3 28 -0.000428517
3 29 -0.00463705
3 30 -0.00870247
3 31 -0.0119774
3 32 -0.0139542
3 33 -0.01436
3 34 -0.013189
3 35 -0.0106755
3 36 -0.00722268
3 37 -0.00331278
3 38 0.000579677
3 39 0.00405543
3 40 0.0068306
3 41 0.0087496
3 42 0.00977595
3 43 0.00996866
3 44 0.0094522
3 45 0.00838632
3 46 0.00694016
3 47 0.00527296
3 48 0.00352159
3 49 0.00179441
3 50 0.000170029
3 51 -0.00130056
3 52 -0.00258986
3 53 -0.00368892
3 54 -0.00460237
3 55 -0.00534388
3 56 -0.00593242
3 57 -0.00638935
3 58 -0.00673619
3 59 -0.00699315
3 60 -0.00717815
3 61 -0.00730623
3 62 -0.00738922
3 63 -0.00743561
3 64 -0.00745051
3 65 -0.00743561
3 66 -0.00738922
3 67 -0.00730623
3 68 -0.00717815
3 69 -0.00699315
3 70 -0.00673619
3 71 -0.00638935
3 72 -0.00593242
3 73 -0.00534388
3 74 -0.00460237
3 75 -0.00368892
3 76 -0.00258986
3 77 -0.00130056
3 78 0.000170029
3 79 0.00179441
3 80 0.00352159
3 81 0.00527296
3 82 0.00694016
3 83 0.00838632
3 84 0.0094522
3 85 0.00996866
3 86 0.00977595
3 87 0.0087496
3 88 0.0068306
3 89 0.00405543
3 90 0.000579677
3 91 -0.00331278
3 92 -0.00722268
3 93 -0.0106755
3 94 -0.013189
3 95 -0.01436
3 96 -0.0139542
3 97 -0.0119774
3 98 -0.00870247
3 99 -0.00463705
3 100 -0.000428517
3 101 0.00327421
3 102 0.0059661
3 103 0.00739401
3 104 0.00759168
3 105 0.00683123
3 106 0.00551216
3 107 0.00403261
3 108 0.00269052
3 109 0.0016427
3 110 0.000919856
3 111 0.000473196
3 112 0.000223931
3 113 9.76042e-05
3 114 3.92284e-05
3 115 1.45538e-05
3 116 4.98929e-06
3 117 1.58196e-06
3 118 4.64329e-07
3 119 1.26259e-07
3 120 3.18271e-08
3 121 7.4418e-09
3 122 1.61473e-09
3 123 3.25239e-10
3 124 6.08251e-11
3 125 1.05706e-11
3 126 1.7678e-12
3 127 7.29678e-14

4 0 7.07184e-14
4 1 1.71349e-12
4 2 1.04078e-11
4 3 6.0824e-11
4 4 3.30313e-10
4 5 1.66549e-09
4 6 7.79476e-09
4 7 3.38481e-08
4 8 1.36301e-07
4 9 5.08634e-07
4 10 1.7575e-06
4 11 5.61763e-06
4 12 1.65922e-05
4 13 4.52286e-05
4 14 0.000113626
4 15 0.000262684
4 16 0.000557854
4 17 0.00108611
4 18 0.00193401
4 19 0.00314009
4 20 0.00462877
4 21 0.00615364
4 22 0.00729245
4 23 0.00752623
4 24 0.00639663
4 25 0.00368887
4 26 -0.000437075
4 27 -0.00542771
4 28 -0.0104438
4 29 -0.014558
4 30 -0.0169742
4 31 -0.0172028
4 32 -0.0151457
4 33 -0.0110835
4 34 -0.00558482
4 35 0.000626854
4 36 0.00681056
4 37 0.0123198
4 38 0.0166744
4 39 0.0195896
4 40 0.0209692
4 41 0.0208747
4 42 0.0194818
4 43 0.0170354
4 44 0.0138095
4 45 0.0100754
4 46 0.00607995
4 47 0.00203232
4 48 -0.00190133
4 49 -0.0055982
4 50 -0.00897547
4 51 -0.011985
4 52 -0.0146069
4 53 -0.0168435
4 54 -0.0187135
4 55 -0.0202463
4 56 -0.021478
4 57 -0.0224481
4 58 -0.0231957
4 59 -0.0237583
4 60 -0.0241695
4 61 -0.0244583
4 62 -0.0246476
4 63 -0.0247543
4 64 -0.0247888
4 65 -0.0247543
4 66 -0.0246476
4 67 -0.0244583
4 68 -0.0241695
4 69 -0.0237583
4 70 -0.0231957
4 71 -0.0224481
4 72 -0.021478
4 73 -0.0202463
4 74 -0.0187135
4 75 -0.0168435
4 76 -0.0146069
4 77 -0.011985
4 78 -0.00897547
4 79 -0.0055982
4 80 -0.00190133
4 81 0.00203232
4 82 0.00607995
4 83 0.0100754
4 84 0.0138095
4 85 0.0170354
4 86 0.0194818
4 87 0.0208747
4 88 0.0209692
4 89 0.0195896
4 90 0.0166744
4 91 0.0123198
4 92 0.00681056
4 93 0.000626854
4 94 -0.00558482
4 95 -0.0110835
4 96 -0.0151457
4 97 -0.0172028
4 98 -0.0169742
4 99 -0.014558
4 100 -0.0104438
4 101 -0.00542771
4 102 -0.000437075
4 103 0.00368887
4 104 0.00639663
4 105 0.00752623
4 106 0.00729245
4 107 0.00615364
4 108 0.00462877
4 109 0.00314009
4 110 0.00193401
4 111 0.00108611
4 112 0.000557854
4 113 0.000262684
4 114 0.000113626
4 115 4.52286e-05
4 116 1.65922e-05
4 117 5.61763e-06
4 118 1.7575e-06
4 119 5.08634e-07
4 120 1.36301e-07
4 121 3.38481e-08
4 122 7.79476e-09
4 123 1.66549e-09
4 124 3.30321e-10
4 125 6.08855e-11
4 126 1.08433e-11
4 127 4.70788e-13

5 0 4.49181e-13
5 1 1.03477e-11
5 2 5.90243e-11
5 3 3.25238e-10
5 4 1.66549e-09
5 5 7.91619e-09
5 6 3.49069e-08
5 7 1.42711e-07
5 8 5.40523e-07
5 9 1.89482e-06
5 10 6.14088e-06
5 11 1.83755e-05
5 12 5.06919e-05
5 13 0.000128702
5 14 0.000300136
5 15 0.000641419
5 16 0.00125276
5 17 0.00222859
5 18 0.00359495
5 19 0.00522511
5 20 0.00677378
5 21 0.00768957
5 22 0.00734562
5 23 0.00526774
5 24 0.00136922
5 25 -0.00392294
5 26 -0.00972128
5 27 -0.014897
5 28 -0.0183796
5 29 -0.0194263
5 30 -0.0177785
5 31 -0.0136738
5 32 -0.00773643
5 33 -0.000802235
5 34 0.00626409
5 35 0.012713
5 36 0.0179954
5 37 0.021788
5 38 0.0239751
5 39 0.0246038
5 40 0.0238316
5 41 0.021878
5 42 0.0189868
5 43 0.0154001
5 44 0.0113431
5 45 0.00701588
5 46 0.00259086
5 47 -0.00178809
5 48 -0.00600458
5 49 -0.00996847
5 50 -0.0136142
5 51 -0.0168991
5 52 -0.0198005
5 53 -0.022314
5 54 -0.0244496
5 55 -0.0262291
5 56 -0.0276827
5 57 -0.0288457
5 58 -0.0297561
5 59 -0.0304513
5 60 -0.0309664
5 61 -0.0313326
5 62 -0.0315751
5 63 -0.0317129
5 64 -0.0317575
5 65 -0.0317129
5 66 -0.0315751
5 67 -0.0313326
5 68 -0.0309664
5 69 -0.0304513
5 70 -0.0297561
5 71 -0.0288457
5 72 -0.0276827
5 73 -0.0262291
5 74 -0.0244496
5 75 -0.022314
5 76 -0.0198005
5 77 -0.0168991
5 78 -0.0136142
5 79 -0.00996847
5 80 -0.00600458
5 81 -0.00178809
5 82 0.00259086
5 83 0.00701588
5 84 0.0113431
5 85 0.0154001
5 86 0.0189868
5 87 0.021878
5 88 0.0238316
5 89 0.0246038
5 90 0.0239751
5 91 0.021788
5 92 0.0179954
5 93 0.012713
5 94 0.00626409
5 95 -0.000802235
5 96 -0.00773643
5 97 -0.0136738
5 98 -0.0177785
5 99 -0.0194263
5 100 -0.0183796
5 101 -0.014897
5 102 -0.00972128
5 103 -0.00392294
5 104 0.00136922
5 105 0.00526774
5 106 0.00734562
5 107 0.00768957
5 108 0.00677378
5 109 0.00522511
5 110 0.00359495
5 111 0.00222859
5 112 0.00125276
5 113 0.000641419
5 114 0.000300136
5 115 0.000128702
5 116 5.06919e-05
5 117 1.83755e-05
5 118 6.14088e-06
5 119 1.89482e-06
5 120 5.40523e-07
5 121 1.42711e-07
5 122 3.49069e-08
5 123 7.91619e-09
5 124 1.66555e-09
5 125 3.25651e-10
5 126 6.17775e-11
5 127 2.81818e-12

6 0 2.6469e-12
6 1 5.80407e-11
6 2 3.10832e-10
6 3 1.61473e-09
6 4 7.79476e-09
6 5 3.49069e-08
6 6 1.44914e-07
6 7 5.57205e-07
6 8 1.98227e-06
6 9 6.51629e-06
6 10 1.97641e-05
6 11 5.5212e-05
6 12 0.00014177
6 13 0.000333799
6 14 0.000718625
6 15 0.00140969
6 16 0.00250865
6 17 0.00402597
6 18 0.00577634
6 19 0.00730499
6 20 0.00792578
6 21 0.00691965
6 22 0.00384802
6 23 -0.00116382
6 24 -0.00733769
6 25 -0.0134189
6 26 -0.0180479
6 27 -0.0201649
6 28 -0.0192889
6 29 -0.015589
6 30 -0.00975912
6 31 -0.00277622
6 32 0.00435673
6 33 0.0108085
6 34 0.0160219
6 35 0.0197255
6 36 0.0218829
6 37 0.0226146
6 38 0.0221215
6 39 0.020627
6 40 0.0183427
6 41 0.0154538
6 42 0.0121194
6 43 0.00847779
6 44 0.00465318
6 45 0.000759888
6 46 -0.00309651
6 47 -0.00682068
6 48 -0.0103304
6 49 -0.0135596
6 50 -0.0164605
6 51 -0.0190044
6 52 -0.0211812
6 53 -0.0229972
6 54 -0.0244726
6 55 -0.0256379
6 56 -0.0265306
6 57 -0.027192
6 58 -0.0276639
6 59 -0.0279866
6 60 -0.0281967
6 61 -0.0283258
6 62 -0.0283993
6 63 -0.0284359
6 64 -0.0284468
6 65 -0.0284359
6 66 -0.0283993
6 67 -0.0283258
6 68 -0.0281967
6 69 -0.0279866
6 70 -0.0276639
6 71 -0.027192
6 72 -0.0265306
6 73 -0.0256379
6 74 -0.0244726
6 75 -0.0229972
6 76 -0.0211812
6 77 -0.0190044
6 78 -0.0164605
6 79 -0.0135596
6 80 -0.0103304
6 81 -0.00682068
6 82 -0.00309651
6 83 0.000759888
6 84 0.00465318
6 85 0.00847779
6 86 0.0121194
6 87 0.0154538
6 88 0.0183427
6 89 0.020627
6 90 0.0221215
6 91 0.0226146
6 92 0.0218829
6 93 0.0197255
6 94 0.0160219
6 95 0.0108085
6 96 0.00435673
6 97 -0.00277622
6 98 -0.00975912
6 99 -0.015589
6 100 -0.0192889
6 101 -0.0201649
6 102 -0.0180479
6 103 -0.0134189
6 104 -0.00733769
6 105 -0.00116382
6 106 0.00384802
6 107 0.00691965
6 108 0.00792578
6 109 0.00730499
6 110 0.00577634
6 111 0.00402597
6 112 0.00250865
6 113 0.00140969
6 114 0.000718625
6 115 0.000333799
6 116 0.00014177
6 117 5.5212e-05
6 118 1.97641e-05
6 119 6.51629e-06
6 120 1.98227e-06
6 121 5.57205e-07
6 122 1.44914e-07
6 123 3.4907e-08
6 124 7.79514e-09
6 125 1.61729e-09
6 126 3.26972e-10
6 127 1.56554e-11

7 0 1.44745e-11
7 1 3.02441e-10
7 2 1.51999e-09
7 3 7.4418e-09
7 4 3.38481e-08
7 5 1.42711e-07
7 6 5.57205e-07
7 7 2.0123e-06
7 8 6.71243e-06
7 9 2.06466e-05
7 10 5.84437e-05
7 11 0.000151891
7 12 0.000361424
7 13 0.000784732
7 14 0.00154817
7 15 0.00276021
7 16 0.00441408
7 17 0.00626099
7 18 0.00772912
7 19 0.00799476
7 20 0.0062638
7 21 0.00218405
7 22 -0.00383011
7 23 -0.010585
7 24 -0.0164621
7 25 -0.0199727
7 26 -0.0202438
7 27 -0.0172367
7 28 -0.0116552
7 29 -0.00463788
7 30 0.00260845
7 31 0.00909686
7 32 0.0142045
7 33 0.0176777
7 34 0.0195455
7 35 0.020001
7 36 0.0192974
7 37 0.0176799
7 38 0.0153571
7 39 0.0124998
7 40 0.00925365
7 41 0.0057541
7 42 0.0021347
7 43 -0.00147144
7 44 -0.00493643
7 45 -0.00814572
7 46 -0.011006
7 47 -0.0134509
7 48 -0.015444
7 49 -0.0169774
7 50 -0.0180688
7 51 -0.0187558
7 52 -0.0190902
7 53 -0.0191321
7 54 -0.0189448
7 55 -0.0185901
7 56 -0.018126
7 57 -0.0176045
7 58 -0.0170702
7 59 -0.0165606
7 60 -0.0161059
7 61 -0.0157295
7 62 -0.0154488
7 63 -0.0152758
7 64 -0.0152174
7 65 -0.0152758
7 66 -0.0154488
7 67 -0.0157295
7 68 -0.0161059
7 69 -0.0165606
7 70 -0.0170702
7 71 -0.0176045
7 72 -0.018126
7 73 -0.0185901
7 74 -0.0189448
7 75 -0.0191321
7 76 -0.0190902
7 77 -0.0187558
7 78 -0.0180688
7 79 -0.0169774
7 80 -0.015444
7 81 -0.0134509
7 82 -0.011006
7 83 -0.00814572
7 84 -0.00493643
7 85 -0.00147144
7 86 0.0021347
7 87 0.0057541
7 88 0.00925365
7 89 0.0124998
7 90 0.0153571
7 91 0.0176799
7 92 0.0192974
7 93 0.020001
7 94 0.0195455
7 95 0.0176777
7 96 0.0142045
7 97 0.00909686
7 98 0.00260845
7 99 -0.00463788
7 100 -0.0116552
7 101 -0.0172367
7 102 -0.0202438
7 103 -0.0199727
7 104 -0.0164621
7 105 -0.010585
7 106 -0.00383011
7 107 0.00218405
7 108 0.0062638
7 109 0.00799476
7 110 0.00772912
7 111 0.00626099
7 112 0.00441408
7 113 0.00276021
7 114 0.00154817
7 115 0.000784732
7 116 0.000361424
7 117 0.000151891
7 118 5.84437e-05
7 119 2.06466e-05
7 120 6.71243e-06
7 121 2.0123e-06
7 122 5.57205e-07
7 123 1.42712e-07
7 124 3.38504e-08
7 125 7.45662e-09
7 126 1.60774e-09
7 127 8.07159e-11

8 0 7.34668e-11
8 1 1.46422e-09
8 2 6.90116e-09
8 3 3.18271e-08
8 4 1.36301e-07
8 5 5.40523e-07
8 6 1.98227e-06
8 7 6.71243e-06
8 8 2.09493e-05
8 9 6.01287e-05
8 10 0.0001583
8 11 0.000381058
8 12 0.000835461
8 13 0.00166016
8 14 0.00297067
8 15 0.0047435
8 16 0.00666581
8 17 0.00804633
8 18 0.00792466
8 19 0.00544875
8 20 0.000397759
8 21 -0.00646203
8 22 -0.013485
8 23 -0.018734
8 24 -0.0207345
8 25 -0.0189867
8 26 -0.0140245
8 27 -0.00708379
8 28 0.00039618
8 29 0.0072047
8 30 0.0125837
8 31 0.0162367
8 32 0.0182025
8 33 0.0186883
8 34 0.0179378
8 35 0.0161649
8 36 0.0135445
8 37 0.0102361
8 38 0.00641311
8 39 0.0022793
8 40 -0.00193319
8 41 -0.00598135
8 42 -0.00963674
8 43 -0.0127098
8 44 -0.0150676
8 45 -0.0166423
8 46 -0.0174292
8 47 -0.0174783
8 48 -0.0168803
8 49 -0.015752
8 50 -0.0142219
8 51 -0.0124176
8 52 -0.0104576
8 53 -0.00844467
8 54 -0.00646365
8 55 -0.00458043
8 56 -0.0028433
8 57 -0.00128507
8 58 7.40856e-05
8 59 0.00122366
8 60 0.00215994
8 61 0.00288349
8 62 0.00339697
8 63 0.00370349
8 64 0.00380538
8 65 0.00370349
8 66 0.00339697
8 67 0.00288349
8 68 0.00215994
8 69 0.00122366
8 70 7.40856e-05
8 71 -0.00128507
8 72 -0.0028433
8 73 -0.00458043
8 74 -0.00646365
8 75 -0.00844467
8 76 -0.0104576
8 77 -0.0124176
8 78 -0.0142219
8 79 -0.015752
8 80 -0.0168803
8 81 -0.0174783
8 82 -0.0174292
8 83 -0.0166423
8 84 -0.0150676
8 85 -0.0127098
8 86 -0.00963674
8 87 -0.00598135
8 88 -0.00193319
8 89 0.0022793
8 90 0.00641311
8 91 0.0102361
8 92 0.0135445
8 93 0.0161649
8 94 0.0179378
8 95 0.0186883
8 96 0.0182025
8 97 0.0162367
8 98 0.0125837
8 99 0.0072047
8 100 0.00039618
8 101 -0.00708379
8 102 -0.0140245
8 103 -0.0189867
8 104 -0.0207345
8 105 -0.018734
8 106 -0.013485
8 107 -0.00646203
8 108 0.000397759
8 109 0.00544875
8 110 0.00792466
8 111 0.00804633
8 112 0.00666581
8 113 0.0047435
8 114 0.00297067
8 115 0.00166016
8 116 0.000835461
8 117 0.000381058
8 118 0.0001583
8 119 6.01287e-05
8 120 2.09493e-05
8 121 6.71243e-06
8 122 1.98227e-06
8 123 5.40525e-07
8 124 1.36315e-07
8 125 3.19064e-08
8 126 7.34365e-09
8 127 3.86233e-10

9 0 3.46114e-10
9 1 6.58606e-09
9 2 2.90851e-08
9 3 1.26259e-07
9 4 5.08634e-07
9 5 1.89482e-06
9 6 6.51629e-06
9 7 2.06466e-05
9 8 6.01287e-05
9 9 0.000160494
9 10 0.00039126
9 11 0.000867382
9 12 0.00173892
9 13 0.00312928
9 14 0.00500151
9 15 0.00698323
9 16 0.00826737
9 17 0.00776089
9 18 0.00456684
9 19 -0.00137209
9 20 -0.00889549
9 21 -0.0158961
9 22 -0.0201937
9 23 -0.0204891
9 24 -0.0168214
9 25 -0.0103502
9 26 -0.00272885
9 27 0.00453747
9 28 0.010475
9 29 0.0146925
9 30 0.0172019
9 31 0.0181839
9 32 0.017819
9 33 0.0162268
9 34 0.0134956
9 35 0.00974926
9 36 0.00519848
9 37 0.000156459
9 38 -0.00498783
9 39 -0.00982274
9 40 -0.0139722
9 41 -0.0171448
9 42 -0.0191627
9 43 -0.0199677
9 44 -0.0196099
9 45 -0.0182235
9 46 -0.0159978
9 47 -0.0131486
9 48 -0.00989329
9 49 -0.00643264
9 50 -0.00293896
9 51 0.000449728
9 52 0.00363116
9 53 0.00653636
9 54 0.00912559
9 55 0.0113828
9 56 0.0133103
9 57 0.0149229
9 58 0.0162437
9 59 0.0172997
9 60 0.0181183
9 61 0.0187252
9 62 0.0191421
9 63 0.0193854
9 64 0.0194653
9 65 0.0193854
9 66 0.0191421
9 67 0.0187252
9 68 0.0181183
9 69 0.0172997
9 70 0.0162437
9 71 0.0149229
9 72 0.0133103
9 73 0.0113828
9 74 0.00912559
9 75 0.00653636
9 76 0.00363116
9 77 0.000449728
9 78 -0.00293896
9 79 -0.00643264
9 80 -0.00989329
9 81 -0.0131486
9 82 -0.0159978
9 83 -0.0182235
9 84 -0.0196099
9 85 -0.0199677
9 86 -0.0191627
9 87 -0.0171448
9 88 -0.0139722
9 89 -0.00982274
9 90 -0.00498783
9 91 0.000156459
9 92 0.00519848
9 93 0.00974926
9 94 0.0134956
9 95 0.0162268
9 96 0.017819
9 97 0.0181839
9 98 0.0172019
9 99 0.0146925
9 100 0.010475
9 101 0.00453747
9 102 -0.00272885
9 103 -0.0103502
9 104 -0.0168214
9 105 -0.0204891
9 106 -0.0201937
9 107 -0.0158961
9 108 -0.00889549
9 109 -0.00137209
9 110 0.00456684
9 111 0.00776089
9 112 0.00826737
9 113 0.00698323
9 114 0.00500151
9 115 0.00312928
9 116 0.00173892
9 117 0.000867382
9 118 0.00039126
9 119 0.000160494
9 120 6.01287e-05
9 121 2.06466e-05
9 122 6.51629e-06
9 123 1.89483e-06
9 124 5.08704e-07
9 125 1.26653e-07
9 126 3.11546e-08
9 127 1.71506e-09

10 0 1.51345e-09
10 1 2.75203e-08
10 2 1.13748e-07
10 3 4.64329e-07
10 4 1.7575e-06
10 5 6.14088e-06
10 6 1.97641e-05
10 7 5.84437e-05
10 8 0.0001583
10 9 0.00039126
10 10 0.000878278
10 11 0.00177958
10 12 0.00322785
10 13 0.00517864
10 14 0.00721002
10 15 0.00840927
10 16 0.00755688
10 17 0.00371592
10 18 -0.0029952
10 19 -0.0110052
10 20 -0.0177573
10 21 -0.0209133
10 22 -0.0194999
10 23 -0.0142109
10 24 -0.00679496
10 25 0.00088399
10 26 0.00751574
10 27 0.0125273
10 28 0.0158787
10 29 0.0177157
10 30 0.0181258
10 31 0.0170881
10 32 0.0145558
10 33 0.0105861
10 34 0.00543223
10 35 -0.000453595
10 36 -0.00648717
10 37 -0.0120568
10 38 -0.0166306
10 39 -0.0198306
10 40 -0.0214659
10 41 -0.0215289
10 42 -0.0201603
10 43 -0.0176037
10 44 -0.0141557
10 45 -0.0101237
10 46 -0.00579485
10 47 -0.00141514
10 48 0.0028197
10 49 0.00676669
10 50 0.0103318
10 51 0.0134635
10 52 0.0161447
10 53 0.0183847
10 54 0.0202117
10 55 0.0216662
10 56 0.0227955
10 57 0.0236495
10 58 0.0242772
10 59 0.0247244
10 60 0.0250319
10 61 0.0252341
10 62 0.0253587
10 63 0.0254254
10 64 0.0254463
10 65 0.0254254
10 66 0.0253587
10 67 0.0252341
10 68 0.0250319
10 69 0.0247244
10 70 0.0242772
10 71 0.0236495
10 72 0.0227955
10 73 0.0216662
10 74 0.0202117
10 75 0.0183847
10 76 0.0161447
10 77 0.0134635
10 78 0.0103318
10 79 0.00676669
10 80 0.0028197
10 81 -0.00141514
10 82 -0.00579485
10 83 -0.0101237
10 84 -0.0141557
10 85 -0.0176037
10 86 -0.0201603
10 87 -0.0215289
10 88 -0.0214659
10 89 -0.0198306
10 90 -0.0166306
10 91 -0.0120568
10 92 -0.00648717
10 93 -0.000453595
10 94 0.00543223
10 95 0.0105861
10 96 0.0145558
10 97 0.0170881
10 98 0.0181258
10 99 0.0177157
10 100 0.0158787
10 101 0.0125273
10 102 0.00751574
10 103 0.00088399
10 104 -0.00679496
10 105 -0.0142109
10 106 -0.0194999
10 107 -0.0209133
10 108 -0.0177573
10 109 -0.0110052
10 110 -0.0029952
10 111 0.00371592
10 112 0.00755688
10 113 0.00840927
10 114 0.00721002
10 115 0.00517864
10 116 0.00322785
10 117 0.00177958
10 118 0.000878278
10 119 0.00039126
10 120 0.0001583
10 121 5.84437e-05
10 122 1.97641e-05
10 123 6.14094e-06
10 124 1.75784e-06
10 125 4.66143e-07
10 126 1.22724e-07
10 127 7.06558e-09

11 0 6.14147e-09
11 1 1.06811e-07
11 2 4.1263e-07
11 3 1.58196e-06
11 4 5.61763e-06
11 5 1.83755e-05
11 6 5.5212e-05
11 7 0.000151891
11 8 0.000381058
11 9 0.000867382
11 10 0.00177958
11 11 0.00326129
11 12 0.00526872
11 13 0.00734569
11 14 0.00849059
11 15 0.00736549
11 16 0.00298736
11 17 -0.00436278
11 18 -0.0127145
11 19 -0.0190866
11 20 -0.0210554
11 21 -0.0180844
11 22 -0.0115764
11 23 -0.003756
11 24 0.00355627
11 25 0.0094637
11 26 0.0138148
11 27 0.0167382
11 28 0.0182477
11 29 0.0181402
11 30 0.0161693
11 31 0.0122785
11 32 0.00673989
11 33 0.000162045
11 34 -0.00664072
11 35 -0.0128366
11 36 -0.0177344
11 37 -0.0208907
11 38 -0.022139
11 39 -0.0215547
11 40 -0.0193931
11 41 -0.0160111
11 42 -0.0117983
11 43 -0.00712821
11 44 -0.00232334
11 45 0.00235726
11 46 0.00672263
11 47 0.0106448
11 48 0.014049
11 49 0.0169056
11 50 0.0192181
11 51 0.0210157
11 52 0.0223451
11 53 0.023264
11 54 0.0238361
11 55 0.0241269
11 56 0.0242007
11 57 0.0241176
11 58 0.0239328
11 59 0.0236944
11 60 0.0234436
11 61 0.0232139
11 62 0.0230315
11 63 0.0229146
11 64 0.0228745
11 65 0.0229146
11 66 0.0230315
11 67 0.0232139
11 68 0.0234436
11 69 0.0236944
11 70 0.0239328
11 71 0.0241176
11 72 0.0242007
11 73 0.0241269
11 74 0.0238361
11 75 0.023264
11 76 0.0223451
11 77 0.0210157
11 78 0.0192181
11 79 0.0169056
11 80 0.014049
11 81 0.0106448
11 82 0.00672263
11 83 0.00235726
11 84 -0.00232334
11 85 -0.00712821
11 86 -0.0117983
11 87 -0.0160111
11 88 -0.0193931
11 89 -0.0215547
11 90 -0.022139
11 91 -0.0208907
11 92 -0.0177344
11 93 -0.0128366
11 94 -0.00664072
11 95 0.000162045
11 96 0.00673989
11 97 0.0122785
11 98 0.0161693
11 99 0.0181402
11 100 0.0182477
11 101 0.0167382
11 102 0.0138148
11 103 0.0094637
11 104 0.00355627
11 105 -0.003756
11 106 -0.0115764
11 107 -0.0180844
11 108 -0.0210554
11 109 -0.0190866
11 110 -0.0127145
11 111 -0.00436278
11 112 0.00298736
11 113 0.00736549
11 114 0.00849059
11 115 0.00734569
11 116 0.00526872
11 117 0.00326129
11 118 0.00177958
11 119 0.000867382
11 120 0.000381058
11 121 0.000151891
11 122 5.52121e-05
11 123 1.83757e-05
11 124 5.61917e-06
11 125 1.58971e-06
11 126 4.48722e-07
11 127 2.69969e-08

12 0 2.3123e-08
12 1 3.84958e-07
12 2 1.38776e-06
12 3 4.98929e-06
12 4 1.65922e-05
12 5 5.06919e-05
12 6 0.00014177
12 7 0.000361424
12 8 0.000835461
12 9 0.00173892
12 10 0.00322785
12 11 0.00526872
12 12 0.0073908
12 13 0.00852685
12 14 0.007231
12 15 0.00245679
12 16 -0.00539308
12 17 -0.0139904
12 18 -0.0199596
12 19 -0.0208289
12 20 -0.0165502
12 21 -0.00922983
12 22 -0.00141874
12 23 0.00535079
12 24 0.0107211
12 25 0.0148249
12 26 0.0176612
12 27 0.0188759
12 28 0.01794
12 29 0.0145627
12 30 0.00897726
12 31 0.00192308
12 32 -0.00554888
12 33 -0.0123527
12 34 -0.0176327
12 35 -0.0208844
12 36 -0.0219651
12 37 -0.0210368
12 38 -0.0184471
12 39 -0.0146309
12 40 -0.0100335
12 41 -0.00505253
12 42 -2.3912e-05
12 43 0.0047899
12 44 0.00919528
12 45 0.0130561
12 46 0.0162918
12 47 0.0188632
12 48 0.0207707
12 49 0.0220449
12 50 0.0227398
12 51 0.0229287
12 52 0.0226938
12 53 0.0221243
12 54 0.0213078
12 55 0.020329
12 56 0.0192643
12 57 0.0181818
12 58 0.0171396
12 59 0.0161853
12 60 0.0153574
12 61 0.0146852
12 62 0.0141907
12 63 0.0138881
12 64 0.0137865
12 65 0.0138881
12 66 0.0141907
12 67 0.0146852
12 68 0.0153574
12 69 0.0161853
12 70 0.0171396
12 71 0.0181818
12 72 0.0192643
12 73 0.020329
12 74 0.0213078
12 75 0.0221243
12 76 0.0226938
12 77 0.0229287
12 78 0.0227398
12 79 0.0220449
12 80 0.0207707
12 81 0.0188632
12 82 0.0162918
12 83 0.0130561
12 84 0.00919528
12 85 0.0047899
12 86 -2.3912e-05
12 87 -0.00505253
12 88 -0.0100335
12 89 -0.0146309
12 90 -0.0184471
12 91 -0.0210368
12 92 -0.0219651
12 93 -0.0208844
12 94 -0.0176327
12 95 -0.0123527
12 96 -0.00554888
12 97 0.00192308
12 98 0.00897726
12 99 0.0145627
12 100 0.01794
12 101 0.0188759
12 102 0.0176612
12 103 0.0148249
12 104 0.0107211
12 105 0.00535079
12 106 -0.00141874
12 107 -0.00922983
12 108 -0.0165502
12 109 -0.0208289
12 110 -0.0199596
12 111 -0.0139904
12 112 -0.00539308
12 113 0.00245679
12 114 0.007231
12 115 0.00852685
12 116 0.0073908
12 117 0.00526872
12 118 0.00322785
12 119 0.00173892
12 120 0.000835461
12 121 0.000361424
12 122 0.00014177
12 123 5.06931e-05
12 124 1.65987e-05
12 125 5.01999e-06
12 126 1.52225e-06
12 127 9.56323e-08

13 0 8.07548e-08
13 1 1.28803e-06
13 2 4.32483e-06
13 3 1.45538e-05
13 4 4.52286e-05
13 5 0.000128702
13 6 0.000333799
13 7 0.000784732
13 8 0.00166016
13 9 0.00312928
13 10 0.00517864
13 11 0.00734569
13 12 0.00852685
13 13 0.00718276
13 14 0.00217772
13 15 -0.0060315
13 16 -0.0148305
13 17 -0.020479
13 18 -0.020445
13 19 -0.0151468
13 20 -0.00734736
13 21 0.000214004
13 22 0.00647584
13 23 0.0116408
13 24 0.0158726
13 25 0.0187172
13 26 0.0193582
13 27 0.0171297
13 28 0.0120168
13 29 0.00482254
13 30 -0.003165
13 31 -0.0106175
13 32 -0.0164698
13 33 -0.0201281
13 34 -0.0214639
13 35 -0.0206617
13 36 -0.0181058
13 37 -0.0142479
13 38 -0.00951918
13 39 -0.004323
13 40 0.000995056
13 41 0.00613765
13 42 0.0108473
13 43 0.0149259
13 44 0.0182215
13 45 0.0206454
13 46 0.0221686
13 47 0.0228136
13 48 0.0226563
13 49 0.0218016
13 50 0.0203818
13 51 0.018536
13 52 0.0164024
13 53 0.0141108
13 54 0.0117726
13 55 0.00948438
13 56 0.00731891
13 57 0.00533515
13 58 0.00357154
13 59 0.00205685
13 60 0.000806182
13 61 -0.00017018
13 62 -0.00086904
13 63 -0.00128819
13 64 -0.0014281
13 65 -0.00128819
13 66 -0.00086904
13 67 -0.00017018
13 68 0.000806182
13 69 0.00205685
13 70 0.00357154
13 71 0.00533515
13 72 0.00731891
13 73 0.00948438
13 74 0.0117726
13 75 0.0141108
13 76 0.0164024
13 77 0.018536
13 78 0.0203818
13 79 0.0218016
13 80 0.0226563
13 81 0.0228136
13 82 0.0221686
13 83 0.0206454
13 84 0.0182215
13 85 0.0149259
13 86 0.0108473
13 87 0.00613765
13 88 0.000995056
13 89 -0.004323
13 90 -0.00951918
13 91 -0.0142479
13 92 -0.0181058
13 93 -0.0206617
13 94 -0.0214639
13 95 -0.0201281
13 96 -0.0164698
13 97 -0.0106175
13 98 -0.003165
13 99 0.00482254
13 100 0.0120168
13 101 0.0171297
13 102 0.0193582
13 103 0.0187172
13 104 0.0158726
13 105 0.0116408
13 106 0.00647584
13 107 0.000214004
13 108 -0.00734736
13 109 -0.0151468
13 110 -0.020445
13 111 -0.020479
13 112 -0.0148305
13 113 -0.0060315
13 114 0.00217772
13 115 0.00718276
13 116 0.00852685
13 117 0.00734569
13 118 0.00517864
13 119 0.00312928
13 120 0.00166016
13 121 0.000784733
13 122 0.0003338
13 123 0.000128707
13 124 4.52539e-05
13 125 1.46666e-05
13 126 4.78905e-06
13 127 3.13917e-07

14 0 2.61527e-07
14 1 3.9997e-06
14 2 1.24819e-05
14 3 3.92284e-05
14 4 0.000113626
14 5 0.000300136
14 6 0.000718625
14 7 0.00154817
14 8 0.00297067
14 9 0.00500151
14 10 0.00721002
14 11 0.00849059
14 12 0.007231
14 13 0.00217772
14 14 -0.00624754
14 15 -0.0152456
14 16 -0.0207435
14 17 -0.0200828
14 18 -0.0140479
14 19 -0.00598497
14 20 0.00125439
14 21 0.00716513
14 22 0.0124567
14 23 0.0170394
14 24 0.0197435
14 25 0.019383
14 26 0.0155306
14 27 0.00875656
14 28 0.000504697
14 29 -0.00755973
14 30 -0.0141836
14 31 -0.0186407
14 32 -0.0207099
14 33 -0.0205749
14 34 -0.0185508
14 35 -0.0149976
14 36 -0.0103135
14 37 -0.0048656
14 38 0.000948686
14 39 0.00671278
14 40 0.0120467
14 41 0.0165899
14 42 0.0200774
14 43 0.0223466
14 44 0.0233337
14 45 0.023098
14 46 0.0217644
14 47 0.0195287
14 48 0.0166131
14 49 0.0132411
14 50 0.00963273
14 51 0.00596664
14 52 0.00240065
14 53 -0.000957297
14 54 -0.00402568
14 55 -0.00675998
14 56 -0.00914013
14 57 -0.0111638
14 58 -0.0128476
14 59 -0.014209
14 60 -0.0152785
14 61 -0.0160763
14 62 -0.0166307
14 63 -0.0169537
14 64 -0.0170619
14 65 -0.0169537
14 66 -0.0166307
14 67 -0.0160763
14 68 -0.0152785
14 69 -0.014209
14 70 -0.0128476
14 71 -0.0111638
14 72 -0.00914013
14 73 -0.00675998
14 74 -0.00402568
14 75 -0.000957297
14 76 0.00240065
14 77 0.00596664
14 78 0.00963273
14 79 0.0132411
14 80 0.0166131
14 81 0.0195287
14 82 0.0217644
14 83 0.023098
14 84 0.0233337
14 85 0.0223466
14 86 0.0200774
14 87 0.0165899
14 88 0.0120467
14 89 0.00671278
14 90 0.000948686
14 91 -0.0048656
14 92 -0.0103135
14 93 -0.0149976
14 94 -0.0185508
14 95 -0.0205749
14 96 -0.0207099
14 97 -0.0186407
14 98 -0.0141836
14 99 -0.00755973
14 100 0.000504697
14 101 0.00875656
14 102 0.0155306
14 103 0.019383
14 104 0.0197435
14 105 0.0170394
14 106 0.0124567
14 107 0.00716513
14 108 0.00125439
14 109 -0.00598497
14 110 -0.0140479
14 111 -0.0200828
14 112 -0.0207435
14 113 -0.0152456
14 114 -0.00624754
14 115 0.00217772
14 116 0.007231
14 117 0.00849059
14 118 0.00721002
14 119 0.00500151
14 120 0.00297067
14 121 0.00154817
14 122 0.000718629
14 123 0.000300156
14 124 0.000113718
14 125 3.96123e-05
14 126 1.39653e-05
14 127 9.54389e-07

15 0 7.85152e-07
15 1 1.15238e-05
15 2 3.33424e-05
15 3 9.76042e-05
15 4 0.000262684
15 5 0.000641419
15 6 0.00140969
15 7 0.00276021
15 8 0.0047435
15 9 0.00698323
15 10 0.00840927
15 11 0.00736549
15 12 0.00245679
15 13 -0.0060315
15 14 -0.0152456
15 15 -0.0208233
15 16 -0.0198692
15 17 -0.0133559
15 18 -0.00512128
15 19 0.00185572
15 20 0.00759593
15 21 0.0132399
15 22 0.018231
15 23 0.0205272
15 24 0.0188021
15 25 0.0133161
15 26 0.00537604
15 27 -0.00317559
15 28 -0.0106448
15 29 -0.0161608
15 30 -0.0194607
15 31 -0.0205063
15 32 -0.019493
15 33 -0.0166474
15 34 -0.0121715
15 35 -0.00646531
15 36 -2.27631e-05
15 37 0.00659213
15 38 0.012722
15 39 0.0178353
15 40 0.0215172
15 41 0.0235172
15 42 0.0238223
15 43 0.0225339
15 44 0.0199104
15 45 0.0162734
15 46 0.011951
15 47 0.0072916
15 48 0.00256193
15 49 -0.00199168
15 50 -0.00620796
15 51 -0.00997624
15 52 -0.0132317
15 53 -0.0159713
15 54 -0.0181973
15 55 -0.0199669
15 56 -0.0213187
15 57 -0.0223297
15 58 -0.0230502
15 59 -0.0235515
15 60 -0.0238796
15 61 -0.0240874
15 62 -0.0242073
15 63 -0.0242694
15 64 -0.0242876
15 65 -0.0242694
15 66 -0.0242073
15 67 -0.0240874
15 68 -0.0238796
15 69 -0.0235515
15 70 -0.0230502
15 71 -0.0223297
15 72 -0.0213187
15 73 -0.0199669
15 74 -0.0181973
15 75 -0.0159713
15 76 -0.0132317
15 77 -0.00997624
15 78 -0.00620796
15 79 -0.00199168
15 80 0.00256193
15 81 0.0072916
15 82 0.011951
15 83 0.0162734
15 84 0.0199104
15 85 0.0225339
15 86 0.0238223
15 87 0.0235172
15 88 0.0215172
15 89 0.0178353
15 90 0.012722
15 91 0.00659213
15 92 -2.27631e-05
15 93 -0.00646531
15 94 -0.0121715
15 95 -0.0166474
15 96 -0.019493
15 97 -0.0205063
15 98 -0.0194607
15 99 -0.0161608
15 100 -0.0106448
15 101 -0.00317559
15 102 0.00537604
15 103 0.0133161
15 104 0.0188021
15 105 0.0205272
15 106 0.018231
15 107 0.0132399
15 108 0.00759593
15 109 0.00185572
15 110 -0.00512128
15 111 -0.0133559
15 112 -0.0198692
15 113 -0.0208233
15 114 -0.0152456
15 115 -0.0060315
15 116 0.00245679
15 117 0.00736549
15 118 0.00840927
15 119 0.00698323
15 120 0.0047435
15 121 0.00276022
15 122 0.00140971
15 123 0.000641491
15 124 0.000262991
15 125 9.88155e-05
15 126 3.77287e-05
15 127 2.68598e-06

16 0 2.18453e-06
16 1 3.07979e-05
16 2 8.23908e-05
16 3 0.000223931
16 4 0.000557854
16 5 0.00125276
16 6 0.00250865
16 7 0.00441408
16 8 0.00666581
16 9 0.00826737
16 10 0.00755688
16 11 0.00298736
16 12 -0.00539308
16 13 -0.0148305
16 14 -0.0207435
16 15 -0.0198692
16 16 -0.0131206
16 17 -0.00470731
16 18 0.00215586
16 19 0.00786267
16 20 0.0139322
16 21 0.0192841
16 22 0.0209585
16 23 0.017722
16 24 0.0109099
16 25 0.00251441
16 26 -0.005735
16 27 -0.0124602
16 28 -0.0171696
16 29 -0.0199021
16 30 -0.0204462
16 31 -0.0186887
16 32 -0.0148012
16 33 -0.00900275
16 34 -0.00192092
16 35 0.00552802
16 36 0.0125341
16 37 0.0182589
16 38 0.0221298
16 39 0.023939
16 40 0.0236285
16 41 0.0214731
16 42 0.0178478
16 43 0.0131641
16 44 0.00792181
16 45 0.00247441
16 46 -0.00281018
16 47 -0.0076901
16 48 -0.0120094
16 49 -0.0156397
16 50 -0.0185891
16 51 -0.0208295
16 52 -0.0224492
16 53 -0.0234956
16 54 -0.024072
16 55 -0.0242698
16 56 -0.0241733
16 57 -0.0238884
16 58 -0.0234688
16 59 -0.0230147
16 60 -0.0225497
16 61 -0.0221573
16 62 -0.0218355
16 63 -0.0216479
16 64 -0.0215708
16 65 -0.0216479
16 66 -0.0218355
16 67 -0.0221573
16 68 -0.0225497
16 69 -0.0230147
16 70 -0.0234688
16 71 -0.0238884
16 72 -0.0241733
16 73 -0.0242698
16 74 -0.024072
16 75 -0.0234956
16 76 -0.0224492
16 77 -0.0208295
16 78 -0.0185891
16 79 -0.0156397
16 80 -0.0120094
16 81 -0.0076901
16 82 -0.00281018
16 83 0.00247441
16 84 0.00792181
16 85 0.0131641
16 86 0.0178478
16 87 0.0214731
16 88 0.0236285
16 89 0.023939
16 90 0.0221298
16 91 0.0182589
16 92 0.0125341
16 93 0.00552802
16 94 -0.00192092
16 95 -0.00900275
16 96 -0.0148012
16 97 -0.0186887
16 98 -0.0204462
16 99 -0.0199021
16 100 -0.0171696
16 101 -0.0124602
16 102 -0.005735
16 103 0.00251441
16 104 0.0109099
16 105 0.017722
16 106 0.0209585
16 107 0.0192841
16 108 0.0139322
16 109 0.00786267
16 110 0.00215586
16 111 -0.00470731
16 112 -0.0131206
16 113 -0.0198692
16 114 -0.0207435
16 115 -0.0148305
16 116 -0.00539308
16 117 0.00298736
16 118 0.00755688
16 119 0.00826737
16 120 0.00666582
16 121 0.00441409
16 122 0.0025087
16 123 0.001253
16 124 0.000558812
16 125 0.00022747
16 126 9.43832e-05
16 127 6.99387e-06

17 0 5.63154e-06
17 1 7.63353e-05
17 2 0.00018824
17 3 0.000473196
17 4 0.00108611
17 5 0.00222859
17 6 0.00402597
17 7 0.00626099
17 8 0.00804633
17 9 0.00776089
17 10 0.00371592
17 11 -0.00436278
17 12 -0.0139904
17 13 -0.020479
17 14 -0.0200828
17 15 -0.0133559
17 16 -0.00470731
17 17 0.00224552
17 18 0.00799521
17 19 0.0144172
17 20 0.0200557
17 21 0.0210831
17 22 0.0164457
17 23 0.00876303
17 24 0.000552996
17 25 -0.00716997
17 26 -0.0135393
17 27 -0.0180097
17 28 -0.0205673
17 29 -0.0206544
17 30 -0.0177477
17 31 -0.0122954
17 32 -0.00496417
17 33 0.00329617
17 34 0.0110775
17 35 0.0174598
17 36 0.0218008
17 37 0.0236497
17 38 0.0232059
17 39 0.020709
17 40 0.0165795
17 41 0.0114441
17 42 0.00568037
17 43 -0.00017291
17 44 -0.00577114
17 45 -0.0108745
17 46 -0.0152011
17 47 -0.0187427
17 48 -0.0213627
17 49 -0.0231405
17 50 -0.0241154
17 51 -0.0243642
17 52 -0.0240543
17 53 -0.0232348
17 54 -0.0221203
17 55 -0.0207384
17 56 -0.019285
17 57 -0.0177769
17 58 -0.0163592
17 59 -0.0150447
17 60 -0.0139231
17 61 -0.0130056
17 62 -0.0123375
17 63 -0.011927
17 64 -0.01179
17 65 -0.011927
17 66 -0.0123375
17 67 -0.0130056
17 68 -0.0139231
17 69 -0.0150447
17 70 -0.0163592
17 71 -0.0177769
17 72 -0.019285
17 73 -0.0207384
17 74 -0.0221203
17 75 -0.0232348
17 76 -0.0240543
17 77 -0.0243642
17 78 -0.0241154
17 79 -0.0231405
17 80 -0.0213627
17 81 -0.0187427
17 82 -0.0152011
17 83 -0.0108745
17 84 -0.00577114
17 85 -0.00017291
17 86 0.00568037
17 87 0.0114441
17 88 0.0165795
17 89 0.020709
17 90 0.0232059
17 91 0.0236497
17 92 0.0218008
17 93 0.0174598
17 94 0.0110775
17 95 0.00329617
17 96 -0.00496417
17 97 -0.0122954
17 98 -0.0177477
17 99 -0.0206544
17 100 -0.0205673
17 101 -0.0180097
17 102 -0.0135393
17 103 -0.00716997
17 104 0.000552996
17 105 0.00876303
17 106 0.0164457
17 107 0.0210831
17 108 0.0200557
17 109 0.0144172
17 110 0.00799521
17 111 0.00224552
17 112 -0.00470731
17 113 -0.0133559
17 114 -0.0200828
17 115 -0.020479
17 116 -0.0139904
17 117 -0.00436278
17 118 0.00371592
17 119 0.00776089
17 120 0.00804634
17 121 0.00626103
17 122 0.00402615
17 123 0.00222932
17 124 0.00108888
17 125 0.000482774
17 126 0.000218537
17 127 1.68403e-05

18 0 1.34492e-05
18 1 0.000175457
18 2 0.000397478
18 3 0.000919856
18 4 0.00193401
18 5 0.00359495
18 6 0.00577634
18 7 0.00772912
18 8 0.00792466
18 9 0.00456684
18 10 -0.0029952
18 11 -0.0127145
18 12 -0.0199596
18 13 -0.020445
18 14 -0.0140479
18 15 -0.00512128
18 16 0.00215586
18 17 0.00799521
18 18 0.0145921
18 19 0.0204592
18 20 0.0210527
18 21 0.0153383
18 22 0.00717167
18 23 -0.000496438
18 24 -0.00781133
18 25 -0.0144686
18 26 -0.019142
18 27 -0.0213877
18 28 -0.0206225
18 29 -0.0161157
18 30 -0.00889103
18 31 -0.000481874
18 32 0.00809884
18 33 0.0153185
18 34 0.0202688
18 35 0.0229071
18 36 0.022924
18 37 0.0207045
18 38 0.0168132
18 39 0.0114802
18 40 0.005483
18 41 -0.000801815
18 42 -0.00697453
18 43 -0.0124715
18 44 -0.0172355
18 45 -0.0208643
18 46 -0.0233712
18 47 -0.0247465
18 48 -0.0249555
18 49 -0.0242996
18 50 -0.0227402
18 51 -0.0206608
18 52 -0.0180876
18 53 -0.0153048
18 54 -0.0124222
18 55 -0.00955759
18 56 -0.00688037
18 57 -0.00436017
18 58 -0.00219268
18 59 -0.000250551
18 60 0.00126681
18 61 0.00253505
18 62 0.0033588
18 63 0.00393005
18 64 0.00405593
18 65 0.00393005
18 66 0.0033588
18 67 0.00253505
18 68 0.00126681
18 69 -0.000250551
18 70 -0.00219268
18 71 -0.00436017
18 72 -0.00688037
18 73 -0.00955759
18 74 -0.0124222
18 75 -0.0153048
18 76 -0.0180876
18 77 -0.0206608
18 78 -0.0227402
18 79 -0.0242996
18 80 -0.0249555
18 81 -0.0247465
18 82 -0.0233712
18 83 -0.0208643
18 84 -0.0172355
18 85 -0.0124715
18 86 -0.00697453
18 87 -0.000801815
18 88 0.005483
18 89 0.0114802
18 90 0.0168132
18 91 0.0207045
18 92 0.022924
18 93 0.0229071
18 94 0.0202688
18 95 0.0153185
18 96 0.00809884
18 97 -0.000481874
18 98 -0.00889103
18 99 -0.0161157
18 100 -0.0206225
18 101 -0.0213877
