0 0 0
0 1 0
0 2 0
0 3 0
0 4 0
0 5 0
0 6 0
0 7 0
0 8 0
0 9 0
0 10 0
0 11 0
0 12 0
0 13 0
0 14 0
0 15 0
0 16 0
0 17 0
0 18 0
0 19 0
0 20 0
0 21 0
0 22 0
0 23 0
0 24 0
0 25 0
0 26 0
0 27 0
0 28 0
0 29 0
0 30 0
0 31 0
0 32 0
0 33 0
0 34 0
0 35 0
0 36 0
0 37 0
0 38 0
0 39 0
0 40 0
0 41 0
0 42 0
0 43 0
0 44 0
0 45 0
0 46 0
0 47 0
0 48 0
0 49 0
0 50 0
0 51 0
0 52 0
0 53 0
0 54 0
0 55 0
0 56 0
0 57 0
0 58 0
0 59 0
0 60 0
0 61 0
0 62 0
0 63 0
0 64 0
0 65 0
0 66 0
0 67 0
0 68 0
0 69 0
0 70 0
0 71 0
0 72 0
0 73 0
0 74 0
0 75 0
0 76 0
0 77 0
0 78 0
0 79 0
0 80 0
0 81 0
0 82 0
0 83 0
0 84 0
0 85 0
0 86 0
0 87 0
0 88 0
0 89 0
0 90 0
0 91 0
0 92 0
0 93 0
0 94 0
0 95 0
0 96 0
0 97 0
0 98 0
0 99 0
0 100 0
0 101 0
0 102 0
0 103 0
0 104 0
0 105 0
0 106 0
0 107 0
0 108 0
0 109 0
0 110 0
0 111 0
0 112 0
0 113 0
0 114 0
0 115 0
0 116 0
0 117 0
0 118 0
0 119 0

1 0 0
1 1 0.0175319
1 2 0.0152315
1 3 0.00971076
1 4 0.00307531
1 5 -0.00445193
1 6 -0.0112346
1 7 -0.0157476
1 8 -0.0181777
1 9 -0.0171348
1 10 -0.0135532
1 11 -0.00787002
1 12 -0.0005429
1 13 0.00640158
1 14 0.0128926
1 15 0.0172742
1 16 0.0191356
1 17 0.0187352
1 18 0.0156434
1 19 0.0109754
1 20 0.00501056
1 21 -0.00104342
1 22 -0.00705655
1 23 -0.0119255
1 24 -0.0152592
1 25 -0.0179902
1 26 -0.0187507
1 27 -0.0187511
1 28 -0.0178948
1 29 -0.0161647
1 30 -0.013654
1 31 -0.0104493
1 32 -0.00665953
1 33 -0.00160532
1 34 0.00340597
1 35 0.00911797
1 36 0.0144776
1 37 0.0191364
1 38 0.0225976
1 39 0.0251221
1 40 0.0265163
1 41 0.0267309
1 42 0.0268722
1 43 0.0262117
1 44 0.0248563
1 45 0.0223394
1 46 0.0199153
1 47 0.017072
1 48 0.0149637
1 49 0.0134671
1 50 0.0127868
1 51 0.0115403
1 52 0.0101877
1 53 0.00888787
1 54 0.00782505
1 55 0.00602937
1 56 0.00376858
1 57 0.00173687
1 58 0.000667834
1 59 0.000211636
1 60 0.00020629
1 61 0.000823903
1 62 0.00238991
1 63 0.00421732
1 64 0.00555572
1 65 0.00622115
1 66 0.00709963
1 67 0.00812556
1 68 0.00903614
1 69 0.00951605
1 70 0.0108368
1 71 0.0129457
1 72 0.0158695
1 73 0.0185795
1 74 0.0215353
1 75 0.0235348
1 76 0.0250703
1 77 0.0259598
1 78 0.027064
1 79 0.0270316
1 80 0.0261554
1 81 0.0242116
1 82 0.0212549
1 83 0.0172619
1 84 0.0128727
1 85 0.00867377
1 86 0.00405331
1 87 0.000116132
1 88 -0.00395939
1 89 -0.0078327
1 90 -0.0118283
1 91 -0.0151939
1 92 -0.018423
1 93 -0.0207987
1 94 -0.0212916
1 95 -0.0207632
1 96 -0.0178774
1 97 -0.0131828
1 98 -0.00690709
1 99 9.3643e-05
1 100 0.00731664
1 101 0.0137788
1 102 0.018123
1 103 0.0206877
1 104 0.0199328
1 105 0.0166963
1 106 0.0113311
1 107 0.0040814
1 108 -0.00302306
1 109 -0.0100143
1 110 -0.0150637
1 111 -0.0175853
1 112 -0.0176822
1 113 -0.0143436
1 114 -0.00914546
1 115 -0.00233529
1 116 0.0050807
1 117 0.0110726
1 118 0.0156655
1 119 0

2 0 0
2 1 0.0152315
2 2 0.011298
2 3 0.00532332
2 4 -0.00103386
2 5 -0.00784167
2 6 -0.0127096
2 7 -0.0157294
2 8 -0.0163943
2 9 -0.0135123
2 10 -0.00933145
2 11 -0.00276701
2 12 0.00412184
2 13 0.0100167
2 14 0.0152704
2 15 0.0174728
2 16 0.0179469
2 17 0.0152396
2 18 0.0108503
2 19 0.00504711
2 20 -0.00220511
2 21 -0.007339
2 22 -0.013185
2 23 -0.0164872
2 24 -0.0179352
2 25 -0.0181536
2 26 -0.0161462
2 27 -0.0140614
2 28 -0.01026
2 29 -0.00753099
2 30 -0.00336625
2 31 -0.000346426
2 32 0.00293913
2 33 0.00674276
2 34 0.00972788
2 35 0.0135725
2 36 0.0161424
2 37 0.0194575
2 38 0.0203828
2 39 0.0222225
2 40 0.0222325
2 41 0.0222414
2 42 0.0210877
2 43 0.0197102
2 44 0.0169202
2 45 0.0127622
2 46 0.00915964
2 47 0.00554462
2 48 0.00376923
2 49 0.00211589
2 50 0.00257379
2 51 0.00166877
2 52 0.00174663
2 53 0.000439895
2 54 0.000387255
2 55 -0.00223194
2 56 -0.00443852
2 57 -0.00779756
2 58 -0.00840277
2 59 -0.00953981
2 60 -0.00875454
2 61 -0.00850032
2 62 -0.00550382
2 63 -0.0036607
2 64 -0.0014147
2 65 -0.00174772
2 66 -0.00080768
2 67 -0.00129232
2 68 -0.000707033
2 69 -0.00157345
2 70 -0.000125419
2 71 0.00128459
2 72 0.00490049
2 73 0.00825567
2 74 0.0127234
2 75 0.0154867
2 76 0.0175686
2 77 0.0190327
2 78 0.0201496
2 79 0.0208854
2 80 0.0205134
2 81 0.0207984
2 82 0.0190734
2 83 0.0180716
2 84 0.0155884
2 85 0.0142295
2 86 0.011148
2 87 0.00904738
2 88 0.00577534
2 89 0.00175338
2 90 -0.00230611
2 91 -0.00746655
2 92 -0.0117321
2 93 -0.0165726
2 94 -0.0188472
2 95 -0.0209139
2 96 -0.0197117
2 97 -0.01658
2 98 -0.0124671
2 99 -0.00559636
2 100 0.000772238
2 101 0.00766827
2 102 0.0126711
2 103 0.0164647
2 104 0.017748
2 105 0.0161506
2 106 0.0134248
2 107 0.00753014
2 108 0.00173457
2 109 -0.004436
2 110 -0.0101093
2 111 -0.0131158
2 112 -0.0150651
2 113 -0.0137684
2 114 -0.0106203
2 115 -0.00603299
2 116 0.000358507
2 117 0.0058148
2 118 0.0111386
2 119 0

3 0 0
3 1 0.00971076
3 2 0.00532332
3 3 0.000179617
3 4 -0.00468836
3 5 -0.00911765
3 6 -0.0115611
3 7 -0.0123107
3 8 -0.0108947
3 9 -0.00750814
3 10 -0.00308049
3 11 0.00251825
3 12 0.00740492
3 13 0.0118268
3 14 0.0142706
3 15 0.0143047
3 16 0.0128272
3 17 0.00833172
3 18 0.00353335
3 19 -0.00247806
3 20 -0.00856883
3 21 -0.012959
3 22 -0.0166557
3 23 -0.0174877
3 24 -0.0168774
3 25 -0.0140767
3 26 -0.0102361
3 27 -0.00523396
3 28 -0.000225359
3 29 0.00364902
3 30 0.0080147
3 31 0.010343
3 32 0.012484
3 33 0.0134776
3 34 0.0144946
3 35 0.0145645
3 36 0.0147819
3 37 0.0148646
3 38 0.0140361
3 39 0.0139026
3 40 0.0131288
3 41 0.0125776
3 42 0.0105158
3 43 0.00872572
3 44 0.0045894
3 45 3.39377e-05
3 46 -0.00496226
3 47 -0.00786955
3 48 -0.00993262
3 49 -0.0101489
3 50 -0.00956981
3 51 -0.00846452
3 52 -0.00788448
3 53 -0.00751442
3 54 -0.00772512
3 55 -0.00949516
3 56 -0.0125152
3 57 -0.0155035
3 58 -0.0168594
3 59 -0.0173512
3 60 -0.0169982
3 61 -0.0158082
3 62 -0.0129599
3 63 -0.0101611
3 64 -0.00855734
3 65 -0.00864728
3 66 -0.00922875
3 67 -0.0102023
3 68 -0.0115715
3 69 -0.012631
3 70 -0.012721
3 71 -0.0111885
3 72 -0.00859526
3 73 -0.00410154
3 74 0.000196101
3 75 0.00398222
3 76 0.00566284
3 77 0.00768673
3 78 0.00838519
3 79 0.00959567
3 80 0.0102305
3 81 0.0120742
3 82 0.012891
3 83 0.0142333
3 84 0.0154031
3 85 0.0162473
3 86 0.0166343
3 87 0.016189
3 88 0.0150373
3 89 0.0116016
3 90 0.00826516
3 91 0.00290318
3 92 -0.0025913
3 93 -0.00821566
3 94 -0.0126888
3 95 -0.0160694
3 96 -0.0177885
3 97 -0.0168405
3 98 -0.0150262
3 99 -0.0104619
3 100 -0.00582359
3 101 -0.000539714
3 102 0.00481374
3 103 0.00866221
3 104 0.0117249
3 105 0.0124436
3 106 0.0118517
3 107 0.00935441
3 108 0.00588251
3 109 0.00180378
3 110 -0.00280232
3 111 -0.00623867
3 112 -0.00935475
3 113 -0.0103812
3 114 -0.00973649
3 115 -0.00786504
3 116 -0.00385787
3 117 4.86239e-06
3 118 0.00443682
3 119 0

4 0 0
4 1 0.00307531
4 2 -0.00103386
4 3 -0.00468836
4 4 -0.00756536
4 5 -0.0090182
4 6 -0.00861258
4 7 -0.0068457
4 8 -0.00357882
4 9 0.000336104
4 10 0.00424734
4 11 0.00784764
4 12 0.0100173
4 13 0.0110724
4 14 0.0102895
4 15 0.0079087
4 16 0.00447485
4 17 -0.00053056
4 18 -0.00529763
4 19 -0.010072
4 20 -0.0141173
4 21 -0.0161192
4 22 -0.0167521
4 23 -0.0152099
4 24 -0.0116296
4 25 -0.00645962
4 26 -0.000730402
4 27 0.00554
4 28 0.0113003
4 29 0.0153937
4 30 0.0185209
4 31 0.0196245
4 32 0.0191221
4 33 0.0173913
4 34 0.0149105
4 35 0.0116617
4 36 0.0084928
4 37 0.00578682
4 38 0.00308499
4 39 0.00135942
4 40 0.000325931
4 41 -0.000539902
4 42 -0.00222285
4 43 -0.00447341
4 44 -0.00824278
4 45 -0.0131038
4 46 -0.0175734
4 47 -0.0201235
4 48 -0.0208818
4 49 -0.0202159
4 50 -0.018274
4 51 -0.015819
4 52 -0.0135749
4 53 -0.0121106
4 54 -0.0116222
4 55 -0.0129909
4 56 -0.0157517
4 57 -0.0186341
4 58 -0.0200965
4 59 -0.0205108
4 60 -0.0199789
4 61 -0.0184101
4 62 -0.0154347
4 63 -0.0126153
4 64 -0.0112147
4 65 -0.0117313
4 66 -0.0132622
4 67 -0.0156617
4 68 -0.0183177
4 69 -0.0205774
4 70 -0.0216053
4 71 -0.0213465
4 72 -0.0193239
4 73 -0.0155203
4 74 -0.0113174
4 75 -0.0083115
4 76 -0.00675864
4 77 -0.00579773
4 78 -0.00551415
4 79 -0.00495402
4 80 -0.00348829
4 81 -0.00076833
4 82 0.00221587
4 83 0.00609945
4 84 0.0103119
4 85 0.0142639
4 86 0.017625
4 87 0.0201623
4 88 0.0210869
4 89 0.0200662
4 90 0.0178633
4 91 0.0135725
4 92 0.0083577
4 93 0.00278087
4 94 -0.00277933
4 95 -0.00782839
4 96 -0.0113873
4 97 -0.0134878
4 98 -0.0145895
4 99 -0.013514
4 100 -0.0116613
4 101 -0.00877119
4 102 -0.0049713
4 103 -0.00133059
4 104 0.00247431
4 105 0.00561161
4 106 0.00806552
4 107 0.00931948
4 108 0.00928071
4 109 0.00798604
4 110 0.00534251
4 111 0.00214661
4 112 -0.00158958
4 113 -0.00486561
4 114 -0.00728488
4 115 -0.00852598
4 116 -0.00785913
4 117 -0.00592589
4 118 -0.00261212
4 119 0

5 0 0
5 1 -0.00445193
5 2 -0.00784167
5 3 -0.00911765
5 4 -0.0090182
5 5 -0.00686434
5 6 -0.00323253
5 7 0.000573062
5 8 0.00491607
5 9 0.00811919
5 10 0.0102746
5 11 0.011151
5 12 0.00987152
5 13 0.00783906
5 14 0.00400839
5 15 -0.000316185
5 16 -0.00454705
5 17 -0.00931685
5 18 -0.0126284
5 19 -0.0153478
5 20 -0.0165419
5 21 -0.0159391
5 22 -0.0136009
5 23 -0.009522
5 24 -0.00442201
5 25 0.00245957
5 26 0.00877409
5 27 0.0152777
5 28 0.0206248
5 29 0.0238969
5 30 0.0255554
5 31 0.0246141
5 32 0.0220405
5 33 0.0172357
5 34 0.0121378
5 35 0.00582841
5 36 0.000140323
5 37 -0.00474587
5 38 -0.00861965
5 39 -0.0109341
5 40 -0.0120099
5 41 -0.0120486
5 42 -0.0132642
5 43 -0.0147884
5 44 -0.0182283
5 45 -0.0220236
5 46 -0.0260021
5 47 -0.027346
5 48 -0.0272218
5 49 -0.0251899
5 50 -0.0224065
5 51 -0.0184481
5 52 -0.0149589
5 53 -0.0123226
5 54 -0.0114503
5 55 -0.0122916
5 56 -0.0146627
5 57 -0.0172053
5 58 -0.018805
5 59 -0.0191946
5 60 -0.0184629
5 61 -0.0165456
5 62 -0.0136693
5 63 -0.0110398
5 64 -0.00991127
5 65 -0.0106263
5 66 -0.0130704
5 67 -0.0165548
5 68 -0.0204776
5 69 -0.0234664
5 70 -0.0256895
5 71 -0.0262817
5 72 -0.0254216
5 73 -0.0221993
5 74 -0.0192166
5 75 -0.0167911
5 76 -0.0163799
5 77 -0.0163203
5 78 -0.017564
5 79 -0.0175655
5 80 -0.0164455
5 81 -0.0132608
5 82 -0.00911016
5 83 -0.00338814
5 84 0.00305205
5 85 0.00915118
5 86 0.015248
5 87 0.0198013
5 88 0.0231803
5 89 0.0241474
5 90 0.0239689
5 91 0.0212122
5 92 0.0174871
5 93 0.012856
5 94 0.00725594
5 95 0.00217807
5 96 -0.0029603
5 97 -0.0072084
5 98 -0.0111047
5 99 -0.01327
5 100 -0.0147607
5 101 -0.0150084
5 102 -0.0133069
5 103 -0.0111782
5 104 -0.00711462
5 105 -0.00262519
5 106 0.00211726
5 107 0.00681964
5 108 0.0100682
5 109 0.0122973
5 110 0.0122489
5 111 0.0104118
5 112 0.00697679
5 113 0.00203103
5 114 -0.00279206
5 115 -0.00731811
5 116 -0.0103267
5 117 -0.0109904
5 118 -0.00972068
5 119 0

6 0 0
6 1 -0.0112346
6 2 -0.0127096
6 3 -0.0115611
6 4 -0.00861258
6 5 -0.00323253
6 6 0.00226876
6 7 0.00775085
6 8 0.0124474
6 9 0.0141997
6 10 0.014691
6 11 0.0121403
6 12 0.00774966
6 13 0.00291718
6 14 -0.00336586
6 15 -0.00841013
6 16 -0.0131391
6 17 -0.0161488
6 18 -0.0176319
6 19 -0.0175315
6 20 -0.0149937
6 21 -0.0125635
6 22 -0.00724817
6 23 -0.00193719
6 24 0.00406736
6 25 0.0108202
6 26 0.0162333
6 27 0.0220806
6 28 0.0252946
6 29 0.0277165
6 30 0.0268144
6 31 0.0246301
6 32 0.0199685
6 33 0.0132375
6 34 0.00646129
6 35 -0.00183954
6 36 -0.00838449
6 37 -0.0148653
6 38 -0.0180342
6 39 -0.0207193
6 40 -0.0202325
6 41 -0.0196264
6 42 -0.0190181
6 43 -0.0199601
6 44 -0.0220786
6 45 -0.0247113
6 46 -0.0275807
6 47 -0.0278044
6 48 -0.0269976
6 49 -0.0237224
6 50 -0.0206967
6 51 -0.0153521
6 52 -0.0114999
6 53 -0.00757478
6 54 -0.00716674
6 55 -0.00701987
6 56 -0.00961383
6 57 -0.0110898
6 58 -0.0135473
6 59 -0.0132803
6 60 -0.0130888
6 61 -0.0101824
6 62 -0.00825879
6 63 -0.00524372
6 64 -0.00498688
6 65 -0.0050261
6 66 -0.00864509
6 67 -0.012219
6 68 -0.0174342
6 69 -0.0203279
6 70 -0.0237517
6 71 -0.0246431
6 72 -0.0249546
6 73 -0.0224589
6 74 -0.02083
6 75 -0.0194258
6 76 -0.0199619
6 77 -0.0216213
6 78 -0.0240501
6 79 -0.0258261
6 80 -0.0249993
6 81 -0.0231345
6 82 -0.0180651
6 83 -0.0124894
6 84 -0.00459065
6 85 0.00197606
6 86 0.00976105
6 87 0.015354
6 88 0.020123
6 89 0.0232491
6 90 0.0244413
6 91 0.0244564
6 92 0.0221812
6 93 0.0201437
6 94 0.0156011
6 95 0.0117885
6 96 0.00633316
6 97 0.000702712
6 98 -0.00433753
6 99 -0.0101907
6 100 -0.0144156
6 101 -0.0181487
6 102 -0.0191108
6 103 -0.0188561
6 104 -0.0159219
6 105 -0.0105757
6 106 -0.00490542
6 107 0.00290067
6 108 0.00913928
6 109 0.0142203
6 110 0.0172762
6 111 0.0165375
6 112 0.0140298
6 113 0.00846539
6 114 0.00191935
6 115 -0.00451139
6 116 -0.0106188
6 117 -0.0138119
6 118 -0.0148495
6 119 0

7 0 0
7 1 -0.0157476
7 2 -0.0157294
7 3 -0.0123107
7 4 -0.0068457
7 5 0.000573062
7 6 0.00775085
7 7 0.0136921
7 8 0.0175922
7 9 0.0180873
7 10 0.015927
7 11 0.0108471
7 12 0.00410273
7 13 -0.00329415
7 14 -0.0102794
7 15 -0.0155095
7 16 -0.0190088
7 17 -0.0196701
7 18 -0.0187056
7 19 -0.0155249
7 20 -0.0107689
7 21 -0.00572696
7 22 0.000572846
7 23 0.00604877
7 24 0.0115997
7 25 0.0166951
7 26 0.0207522
7 27 0.0236145
7 28 0.0251993
7 29 0.0254701
7 30 0.0229706
7 31 0.0194376
7 32 0.0136107
7 33 0.00655089
7 34 -0.00134855
7 35 -0.00916429
7 36 -0.0163339
7 37 -0.0217659
7 38 -0.0243852
7 39 -0.0252604
7 40 -0.0235069
7 41 -0.0210538
7 42 -0.0186993
7 43 -0.0184938
7 44 -0.0189448
7 45 -0.0205238
7 46 -0.0215776
7 47 -0.0216009
7 48 -0.0195514
7 49 -0.0165666
7 50 -0.0126004
7 51 -0.00776623
7 52 -0.00287697
7 53 0.000441485
7 54 0.00143005
7 55 0.00093657
7 56 -0.000582371
7 57 -0.00244331
7 58 -0.00436973
7 59 -0.00490578
7 60 -0.00393061
7 61 -0.00155297
7 62 0.000738385
7 63 0.00272209
7 64 0.00363245
7 65 0.00311129
7 66 0.000173498
7 67 -0.00427922
7 68 -0.00881753
7 69 -0.0124426
7 70 -0.0152949
7 71 -0.0171974
7 72 -0.0173089
7 73 -0.0164272
7 74 -0.0153613
7 75 -0.0155277
7 76 -0.0167054
7 77 -0.0202025
7 78 -0.0240839
7 79 -0.0274743
7 80 -0.0283361
7 81 -0.0276389
7 82 -0.023922
7 83 -0.0185373
7 84 -0.0119189
7 85 -0.00507343
7 86 0.00185731
7 87 0.00797159
7 88 0.012842
7 89 0.0173304
7 90 0.0198569
7 91 0.0217716
7 92 0.0225718
7 93 0.0226032
7 94 0.0208853
7 95 0.0184944
7 96 0.0147426
7 97 0.00911305
7 98 0.00314843
7 99 -0.00418294
7 100 -0.010938
7 101 -0.0169504
7 102 -0.0212319
7 103 -0.0229321
7 104 -0.021742
7 105 -0.0172713
7 106 -0.0107394
7 107 -0.00219786
7 108 0.00606605
7 109 0.0134487
7 110 0.0186819
7 111 0.0201752
7 112 0.0189434
7 113 0.0137429
7 114 0.00646302
7 115 -0.00149358
7 116 -0.00960974
7 117 -0.0148389
7 118 -0.0175663
7 119 0

8 0 0
8 1 -0.0181777
8 2 -0.0163943
8 3 -0.0108947
8 4 -0.00357882
8 5 0.00491607
8 6 0.0124474
8 7 0.0175922
8 8 0.0198638
8 9 0.0181362
8 10 0.0135642
8 11 0.00658058
8 12 -0.00156546
8 13 -0.00923843
8 14 -0.0156162
8 15 -0.019489
8 16 -0.0207912
8 17 -0.0188985
8 18 -0.0151242
8 19 -0.00965528
8 20 -0.00303182
8 21 0.00264973
8 22 0.00854681
8 23 0.013076
8 24 0.0162085
8 25 0.0185528
8 26 0.019633
8 27 0.0198104
8 28 0.0188697
8 29 0.0174332
8 30 0.0141112
8 31 0.0101856
8 32 0.00503543
8 33 -0.00135455
8 34 -0.00789363
8 35 -0.014417
8 36 -0.0198475
8 37 -0.0237342
8 38 -0.0243849
8 39 -0.023265
8 40 -0.0198403
8 41 -0.0156769
8 42 -0.0120309
8 43 -0.0104889
8 44 -0.0101449
8 45 -0.0103557
8 46 -0.0107868
8 47 -0.010281
8 48 -0.00864325
8 49 -0.00574016
8 50 -0.00250093
8 51 0.00197984
8 52 0.00613772
8 53 0.00912991
8 54 0.00943418
8 55 0.00889695
8 56 0.0074042
8 57 0.00586371
8 58 0.00368412
8 59 0.00310628
8 60 0.00397069
8 61 0.00644391
8 62 0.00828893
8 63 0.010107
8 64 0.0109844
8 65 0.0110537
8 66 0.00843907
8 67 0.00470178
8 68 0.000612448
8 69 -0.00218884
8 70 -0.00474491
8 71 -0.00599574
8 72 -0.00629711
8 73 -0.00564205
8 74 -0.00550194
8 75 -0.00593165
8 76 -0.0079615
8 77 -0.0121547
8 78 -0.0173256
8 79 -0.0218574
8 80 -0.0244968
8 81 -0.0254788
8 82 -0.0234332
8 83 -0.0199156
8 84 -0.0151455
8 85 -0.0103119
8 86 -0.00500629
8 87 -0.000694818
8 88 0.00340224
8 89 0.00737283
8 90 0.0105627
8 91 0.0138938
8 92 0.016842
8 93 0.019462
8 94 0.0207449
8 95 0.0213993
8 96 0.0196421
8 97 0.0159293
8 98 0.0108309
8 99 0.0034196
8 100 -0.0042767
8 101 -0.0119188
8 102 -0.0182175
8 103 -0.0222322
8 104 -0.0230269
8 105 -0.0205959
8 106 -0.0153682
8 107 -0.00735921
8 108 0.00108472
8 109 0.00961101
8 110 0.0163337
8 111 0.0197415
8 112 0.0202932
8 113 0.0166083
8 114 0.0103523
8 115 0.00239458
8 116 -0.00628571
8 117 -0.0129809
8 118 -0.0176256
8 119 0

9 0 0
9 1 -0.0171348
9 2 -0.0135123
9 3 -0.00750814
9 4 0.000336104
9 5 0.00811919
9 6 0.0141997
9 7 0.0180873
9 8 0.0181362
9 9 0.0151031
9 10 0.00917886
9 11 0.00117702
9 12 -0.0065914
9 13 -0.014083
9 14 -0.018525
9 15 -0.0202897
9 16 -0.0193133
9 17 -0.0144023
9 18 -0.00880945
9 19 -0.00132368
9 20 0.00584865
9 21 0.0114664
9 22 0.0158836
9 23 0.0177663
9 24 0.0184439
9 25 0.0166609
9 26 0.0148046
9 27 0.0116217
9 28 0.00848371
9 29 0.00580021
9 30 0.00202911
9 31 -0.000844282
9 32 -0.00496658
9 33 -0.00861921
9 34 -0.0133315
9 35 -0.0167532
9 36 -0.0199028
9 37 -0.02111
9 38 -0.0195171
9 39 -0.0162965
9 40 -0.0110105
9 41 -0.00598556
9 42 -0.000890139
9 43 0.000960342
9 44 0.00251943
9 45 0.00241509
9 46 0.00305295
9 47 0.0028161
9 48 0.00427505
9 49 0.00575296
9 50 0.00844299
9 51 0.0113061
9 52 0.0146546
9 53 0.0163124
9 54 0.0161967
9 55 0.0150454
9 56 0.0137878
9 57 0.0121528
9 58 0.0101221
9 59 0.00924609
9 60 0.0101566
9 61 0.0122597
9 62 0.0139338
9 63 0.0153439
9 64 0.0165792
9 65 0.0169657
9 66 0.0154716
9 67 0.012538
9 68 0.00994147
9 69 0.00781106
9 70 0.00670322
9 71 0.00590571
9 72 0.00658053
9 73 0.00660121
9 74 0.0071269
9 75 0.00604797
9 76 0.00446494
9 77 -0.000559873
9 78 -0.0056457
9 79 -0.0115035
9 80 -0.0152803
9 81 -0.0182233
9 82 -0.0181517
9 83 -0.0170452
9 84 -0.0152488
9 85 -0.0128669
9 86 -0.0109949
9 87 -0.00877244
9 88 -0.0072598
9 89 -0.00411637
9 90 -0.00168968
9 91 0.00268737
9 92 0.00722927
9 93 0.0121154
9 94 0.0168418
9 95 0.0200167
9 96 0.0218001
9 97 0.0204342
9 98 0.0175803
9 99 0.0111087
9 100 0.00375097
9 101 -0.00407114
9 102 -0.0121837
9 103 -0.0174295
9 104 -0.0208892
9 105 -0.0206697
9 106 -0.0173655
9 107 -0.0114443
9 108 -0.00361079
9 109 0.00406787
9 110 0.0113548
9 111 0.0159018
9 112 0.0176929
9 113 0.016457
9 114 0.0117624
9 115 0.00543812
9 116 -0.0020848
9 117 -0.00911725
9 118 -0.0141282
9 119 0

10 0 0
10 1 -0.0135532
10 2 -0.00933145
10 3 -0.00308049
10 4 0.00424734
10 5 0.0102746
10 6 0.014691
10 7 0.015927
10 8 0.0135642
10 9 0.00917886
10 10 0.00199897
10 11 -0.00525818
10 12 -0.0116625
10 13 -0.0169583
10 14 -0.0184774
10 15 -0.0176275
10 16 -0.013462
10 17 -0.00690275
10 18 0.000544964
10 19 0.00825695
10 20 0.0142113
10 21 0.018996
10 22 0.0202395
10 23 0.0194741
10 24 0.0162917
10 25 0.0112516
10 26 0.00650155
10 27 0.00052252
10 28 -0.00359176
10 29 -0.00732187
10 30 -0.00951308
10 31 -0.0114303
10 32 -0.0126344
10 33 -0.0135003
10 34 -0.0150994
10 35 -0.0152405
10 36 -0.0158432
10 37 -0.0139871
10 38 -0.0111236
10 39 -0.00553545
10 40 -0.000118162
10 41 0.00591901
10 42 0.0104438
10 43 0.012993
10 44 0.0141227
10 45 0.0144126
10 46 0.0148119
10 47 0.0140618
10 48 0.0144009
10 49 0.0143912
10 50 0.0159705
10 51 0.016909
10 52 0.0190587
10 53 0.0189838
10 54 0.0186703
10 55 0.0166053
10 56 0.0158969
10 57 0.0137523
10 58 0.0124982
10 59 0.0109377
10 60 0.0122767
10 61 0.0133266
10 62 0.0152807
10 63 0.0158477
10 64 0.0178079
10 65 0.0180879
10 66 0.0182067
10 67 0.0161753
10 68 0.0154954
10 69 0.0142207
10 70 0.0147587
10 71 0.0149205
10 72 0.0164873
10 73 0.0167482
10 74 0.0175107
10 75 0.0170949
10 76 0.0156764
10 77 0.0117348
10 78 0.00662943
10 79 0.00142025
10 80 -0.00380106
10 81 -0.00707447
10 82 -0.00948467
10 83 -0.0100485
10 84 -0.0115611
10 85 -0.0118014
10 86 -0.0135001
10 87 -0.0144256
10 88 -0.0153146
10 89 -0.0148942
10 90 -0.0131557
10 91 -0.00972048
10 92 -0.00385568
10 93 0.00182076
10 94 0.00909908
10 95 0.0147897
10 96 0.0195201
10 97 0.0216258
10 98 0.0207942
10 99 0.0176687
10 100 0.0117946
10 101 0.00513221
10 102 -0.00291084
10 103 -0.0092024
10 104 -0.0142175
10 105 -0.017064
10 106 -0.0162975
10 107 -0.0140994
10 108 -0.00895605
10 109 -0.00279078
10 110 0.00334396
10 111 0.0091837
10 112 0.0124644
10 113 0.0136355
10 114 0.0119535
10 115 0.0077478
10 116 0.00238423
10 117 -0.00374526
10 118 -0.00882857
10 119 0

11 0 0
11 1 -0.00787002
11 2 -0.00276701
11 3 0.00251825
11 4 0.00784764
11 5 0.011151
11 6 0.0121403
11 7 0.0108471
11 8 0.00658058
11 9 0.00117702
11 10 -0.00525818
11 11 -0.0112026
11 12 -0.0150768
11 13 -0.017136
11 14 -0.0157201
11 15 -0.0117918
11 16 -0.00577899
11 17 0.00208315
11 18 0.009783
11 19 0.0166522
11 20 0.0213931
11 21 0.0233922
11 22 0.0219099
11 23 0.0179297
11 24 0.011799
11 25 0.00376499
11 26 -0.0035871
11 27 -0.0104237
11 28 -0.0155868
11 29 -0.0185348
11 30 -0.0194527
11 31 -0.0188394
11 32 -0.0172127
11 33 -0.0148871
11 34 -0.0130341
11 35 -0.0105939
11 36 -0.00808766
11 37 -0.00477237
11 38 -0.000264816
11 39 0.00544511
11 40 0.0110983
11 41 0.0159544
11 42 0.0197501
11 43 0.0214959
11 44 0.0220346
11 45 0.021892
11 46 0.0216394
11 47 0.0203114
11 48 0.0189904
11 49 0.0179007
11 50 0.0175974
11 51 0.0173298
11 52 0.0172592
11 53 0.0164575
11 54 0.0150728
11 55 0.0133798
11 56 0.0121526
11 57 0.0107773
11 58 0.00933028
11 59 0.00842677
11 60 0.0089062
11 61 0.00994433
11 62 0.0109165
11 63 0.0117882
11 64 0.0131428
11 65 0.0142743
11 66 0.0148609
11 67 0.0148449
11 68 0.0150966
11 69 0.0155565
11 70 0.016915
11 71 0.0187091
11 72 0.0206645
11 73 0.0217479
11 74 0.0229013
11 75 0.0235179
11 76 0.0230941
11 77 0.0206271
11 78 0.0171909
11 79 0.0127466
11 80 0.00818822
11 81 0.00436084
11 82 0.0014621
11 83 -0.00131528
11 84 -0.00449849
11 85 -0.00783228
11 86 -0.0122253
11 87 -0.0164318
11 88 -0.0201218
11 89 -0.0222731
11 90 -0.022526
11 91 -0.019883
11 92 -0.0151001
11 93 -0.00859184
11 94 -0.000318477
11 95 0.00731815
11 96 0.0141608
11 97 0.019211
11 98 0.021721
11 99 0.0212159
11 100 0.0183845
11 101 0.0135401
11 102 0.00697836
11 103 0.000762778
11 104 -0.00557241
11 105 -0.0104252
11 106 -0.0131678
11 107 -0.0142362
11 108 -0.012506
11 109 -0.00943643
11 110 -0.00495052
11 111 0.000161754
11 112 0.00445582
11 113 0.00816075
11 114 0.00972723
11 115 0.00929282
11 116 0.00712807
11 117 0.00294518
11 118 -0.00150547
11 119 0

12 0 0
12 1 -0.0005429
12 2 0.00412184
12 3 0.00740492
12 4 0.0100173
12 5 0.00987152
12 6 0.00774966
12 7 0.00410273
12 8 -0.00156546
12 9 -0.0065914
12 10 -0.0116625
12 11 -0.0150768
12 12 -0.0158637
12 13 -0.0149523
12 14 -0.0107145
12 15 -0.00483196
12 16 0.00257996
12 17 0.0103225
12 18 0.0172492
12 19 0.0225493
12 20 0.0246155
12 21 0.0245975
12 22 0.0203041
12 23 0.013898
12 24 0.00573714
12 25 -0.00382588
12 26 -0.0119614
12 27 -0.0193705
12 28 -0.0237726
12 29 -0.0259305
12 30 -0.0246892
12 31 -0.0220328
12 32 -0.0178233
12 33 -0.0127324
12 34 -0.00856419
12 35 -0.00381481
12 36 1.54053e-05
12 37 0.00466004
12 38 0.00880776
12 39 0.0143005
12 40 0.0183705
12 41 0.0217262
12 42 0.0235681
12 43 0.0242557
12 44 0.0238514
12 45 0.0230062
12 46 0.0223114
12 47 0.0201621
12 48 0.0180191
12 49 0.0155037
12 50 0.0143391
12 51 0.0123425
12 52 0.0111772
12 53 0.00905124
12 54 0.00789009
12 55 0.00594827
12 56 0.00538072
12 57 0.00400288
12 58 0.00357693
12 59 0.00250937
12 60 0.00307145
12 61 0.00299759
12 62 0.00387871
12 63 0.00396669
12 64 0.00544791
12 65 0.00617725
12 66 0.00793087
12 67 0.00876297
12 68 0.0105601
12 69 0.011569
12 70 0.0141729
12 71 0.0164399
12 72 0.0190932
12 73 0.0202955
12 74 0.0221604
12 75 0.0235198
12 76 0.0243773
12 77 0.0239046
12 78 0.0224643
12 79 0.0199874
12 80 0.0164072
12 81 0.0137001
12 82 0.0103879
12 83 0.00732439
12 84 0.00267614
12 85 -0.00192285
12 86 -0.00860953
12 87 -0.0147359
12 88 -0.0206397
12 89 -0.0250766
12 90 -0.0270293
12 91 -0.0262526
12 92 -0.0223576
12 93 -0.0169142
12 94 -0.00864625
12 95 -0.000855083
12 96 0.00742124
12 97 0.014333
12 98 0.0189071
12 99 0.0217251
12 100 0.0216649
12 101 0.0197149
12 102 0.0152168
12 103 0.0101249
12 104 0.00364668
12 105 -0.002647
12 106 -0.00763616
12 107 -0.0123566
12 108 -0.0140878
12 109 -0.0144293
12 110 -0.0125958
12 111 -0.00842123
12 112 -0.00403938
12 113 0.00150618
12 114 0.00585515
12 115 0.00876584
12 116 0.0101981
12 117 0.00873451
12 118 0.00618022
12 119 0

13 0 0
13 1 0.00640158
13 2 0.0100167
13 3 0.0118268
13 4 0.0110724
13 5 0.00783906
13 6 0.00291718
13 7 -0.00329415
13 8 -0.00923843
13 9 -0.014083
13 10 -0.0169583
13 11 -0.017136
13 12 -0.0149523
13 13 -0.00995925
13 14 -0.00391856
13 15 0.00347306
13 16 0.0110252
13 17 0.0168067
13 18 0.0222863
13 19 0.0242677
13 20 0.0238809
13 21 0.0210739
13 22 0.0149044
13 23 0.00763877
13 24 -0.00168416
13 25 -0.0102537
13 26 -0.0183748
13 27 -0.0238727
13 28 -0.027009
13 29 -0.0273928
13 30 -0.0239562
13 31 -0.0198216
13 32 -0.0131786
13 33 -0.00725067
13 34 -0.00103165
13 35 0.00367447
13 36 0.008339
13 37 0.0121189
13 38 0.0152083
13 39 0.0187134
13 40 0.0202659
13 41 0.021311
13 42 0.0202729
13 43 0.0199555
13 44 0.0178579
13 45 0.0171052
13 46 0.0152301
13 47 0.013582
13 48 0.01018
13 49 0.00780692
13 50 0.00525832
13 51 0.00305988
13 52 0.000331521
13 53 -0.00167294
13 54 -0.00308816
13 55 -0.00398059
13 56 -0.00444557
13 57 -0.00473533
13 58 -0.00474056
13 59 -0.00502282
13 60 -0.00516368
13 61 -0.00561637
13 62 -0.00573184
13 63 -0.00577385
13 64 -0.00527544
13 65 -0.00441389
13 66 -0.00277653
13 67 -0.000614289
13 68 0.00129246
13 69 0.00334254
13 70 0.00558603
13 71 0.00869045
13 72 0.0104903
13 73 0.0124463
13 74 0.0137587
13 75 0.0165008
13 76 0.0178707
13 77 0.0202373
13 78 0.0207095
13 79 0.0211234
13 80 0.0193891
13 81 0.0185915
13 82 0.0164087
13 83 0.0137441
13 84 0.00987563
13 85 0.00454211
13 86 -0.00187486
13 87 -0.00949114
13 88 -0.0157163
13 89 -0.022223
13 90 -0.0252437
13 91 -0.0266146
13 92 -0.0248797
13 93 -0.0210793
13 94 -0.0152058
13 95 -0.00794499
13 96 -0.000935005
13 97 0.00688661
13 98 0.0124958
13 99 0.017977
13 100 0.0211148
13 101 0.021866
13 102 0.0213347
13 103 0.0178172
13 104 0.0129654
13 105 0.00629349
13 106 -0.00086153
13 107 -0.00806159
13 108 -0.0140415
13 109 -0.0174777
13 110 -0.0188882
13 111 -0.0166122
13 112 -0.0120349
13 113 -0.00580406
13 114 0.00167335
13 115 0.00786529
13 116 0.0124136
13 117 0.0142449
13 118 0.0127581
13 119 0

14 0 0
14 1 0.0128926
14 2 0.0152704
14 3 0.0142706
14 4 0.0102895
14 5 0.00400839
14 6 -0.00336586
14 7 -0.0102794
14 8 -0.0156162
14 9 -0.018525
14 10 -0.0184774
14 11 -0.0157201
14 12 -0.0107145
14 13 -0.00391856
14 14 0.00326326
14 15 0.0103418
14 16 0.0163086
14 17 0.0201499
14 18 0.0223438
14 19 0.0219091
14 20 0.0192159
14 21 0.014657
14 22 0.00801851
14 23 0.000540185
14 24 -0.007093
14 25 -0.0143906
14 26 -0.0204187
14 27 -0.0237829
14 28 -0.0248968
14 29 -0.0233354
14 30 -0.0189819
14 31 -0.0131632
14 32 -0.00640856
14 33 0.000268824
14 34 0.00608708
14 35 0.0104765
14 36 0.0141119
14 37 0.0163786
14 38 0.0175825
14 39 0.0180125
14 40 0.0171722
14 41 0.0148237
14 42 0.0119233
14 43 0.00950115
14 44 0.00728969
14 45 0.00573989
14 46 0.00438274
14 47 0.00261888
14 48 -0.000175148
14 49 -0.00274895
14 50 -0.00518924
14 51 -0.00780649
14 52 -0.0108171
14 53 -0.0127987
14 54 -0.0136092
14 55 -0.0135342
14 56 -0.0132959
14 57 -0.0125729
14 58 -0.0118088
14 59 -0.0114203
14 60 -0.0120378
14 61 -0.0130455
14 62 -0.0140288
14 63 -0.0145686
14 64 -0.0149744
14 65 -0.0145537
14 66 -0.0129945
14 67 -0.0104663
14 68 -0.00835141
14 69 -0.00644839
14 70 -0.0043959
14 71 -0.00209755
14 72 -0.00075079
14 73 0.00031373
14 74 0.00173385
14 75 0.00406609
14 76 0.00685742
14 77 0.0104975
14 78 0.013881
14 79 0.016184
14 80 0.017468
14 81 0.0183306
14 82 0.0182011
14 83 0.0167977
14 84 0.0143909
14 85 0.0102233
14 86 0.00456236
14 87 -0.00198327
14 88 -0.00851434
14 89 -0.014687
14 90 -0.0189729
14 91 -0.0215608
14 92 -0.0223435
14 93 -0.0207547
14 94 -0.0174943
14 95 -0.013117
14 96 -0.00757633
14 97 -0.0011337
14 98 0.00502554
14 99 0.0112821
14 100 0.0166483
14 101 0.020477
14 102 0.0226883
14 103 0.0221273
14 104 0.0189894
14 105 0.0134152
14 106 0.00589252
14 107 -0.00254733
14 108 -0.0106673
14 109 -0.0173241
14 110 -0.0212795
14 111 -0.0216267
14 112 -0.0184823
14 113 -0.0119692
14 114 -0.00361106
14 115 0.00508658
14 116 0.0126196
14 117 0.0170606
14 118 0.0180923
14 119 0

15 0 0
15 1 0.0172742
15 2 0.0174728
15 3 0.0143047
15 4 0.0079087
15 5 -0.000316185
15 6 -0.00841013
15 7 -0.0155095
15 8 -0.019489
15 9 -0.0202897
15 10 -0.0176275
15 11 -0.0117918
15 12 -0.00483196
15 13 0.00347306
15 14 0.0103418
15 15 0.015729
15 16 0.0195285
15 17 0.019704
15 18 0.0188697
15 19 0.0154281
15 20 0.0105382
15 21 0.00535419
15 22 -0.000680814
15 23 -0.00611897
15 24 -0.0115981
15 25 -0.0151931
15 26 -0.0181393
15 27 -0.0186943
15 28 -0.0174088
15 29 -0.0146515
15 30 -0.00931986
15 31 -0.00395351
15 32 0.00242621
15 33 0.00755826
15 34 0.0122741
15 35 0.0147528
15 36 0.0164528
15 37 0.0166564
15 38 0.0151267
15 39 0.0128728
15 40 0.0088339
15 41 0.00435054
15 42 -0.000955364
15 43 -0.00395331
15 44 -0.00664348
15 45 -0.00740206
15 46 -0.00844662
15 47 -0.00888956
15 48 -0.0108933
15 49 -0.0124725
15 50 -0.0146054
15 51 -0.0168229
15 52 -0.0196977
15 53 -0.0211908
15 54 -0.0211153
15 55 -0.0199867
15 56 -0.0186865
15 57 -0.0170582
15 58 -0.0152531
15 59 -0.0144591
15 60 -0.0151958
15 61 -0.0169825
15 62 -0.0185779
15 63 -0.0199616
15 64 -0.021143
15 65 -0.0214621
15 66 -0.0201621
15 67 -0.0177348
15 68 -0.0158872
15 69 -0.0144154
15 70 -0.0133827
15 71 -0.0122027
15 72 -0.0124211
15 73 -0.0122237
15 74 -0.0120978
15 75 -0.0100385
15 76 -0.00741854
15 77 -0.0022132
15 78 0.00241495
15 79 0.00718603
15 80 0.0103241
15 81 0.01356
15 82 0.0150074
15 83 0.0157926
15 84 0.015438
15 85 0.0133445
15 86 0.010152
15 87 0.00552038
15 88 0.00102836
15 89 -0.00446119
15 90 -0.00815678
15 91 -0.0119865
15 92 -0.0143168
15 93 -0.0156969
15 94 -0.0160931
15 95 -0.014943
15 96 -0.0128559
15 97 -0.00884874
15 98 -0.00441641
15 99 0.00231766
15 100 0.00866494
15 101 0.0147881
15 102 0.0203321
15 103 0.0225337
15 104 0.0227005
15 105 0.0190416
15 106 0.0124743
15 107 0.0037874
15 108 -0.00591985
15 109 -0.014392
15 110 -0.0209225
15 111 -0.0233286
15 112 -0.0218789
15 113 -0.016465
15 114 -0.00785622
15 115 0.00159245
15 116 0.0108594
15 117 0.0174336
15 118 0.0203124
15 119 0

16 0 0
16 1 0.0191356
16 2 0.0179469
16 3 0.0128272
16 4 0.00447485
16 5 -0.00454705
16 6 -0.0131391
16 7 -0.0190088
16 8 -0.0207912
16 9 -0.0193133
16 10 -0.013462
16 11 -0.00577899
16 12 0.00257996
16 13 0.0110252
16 14 0.0163086
16 15 0.0195285
16 16 0.0193901
16 17 0.0163117
16 18 0.0117347
16 19 0.00573141
16 20 0.00017067
16 21 -0.00546884
16 22 -0.00911853
16 23 -0.0120651
16 24 -0.0134301
16 25 -0.0131276
16 26 -0.0127068
16 27 -0.00983427
16 28 -0.00704379
16 29 -0.00282839
16 30 0.00144837
16 31 0.00627468
16 32 0.0104306
16 33 0.0134857
16 34 0.0159918
16 35 0.0158927
16 36 0.0157079
16 37 0.0131114
16 38 0.00991117
16 39 0.0043611
16 40 -0.00126021
16 41 -0.00819415
16 42 -0.0140786
16 43 -0.0178562
16 44 -0.0195384
16 45 -0.0195104
16 46 -0.0191829
16 47 -0.0180873
16 48 -0.0185603
16 49 -0.0186844
16 50 -0.0202791
16 51 -0.0215048
16 52 -0.0242468
16 53 -0.0245955
16 54 -0.0241439
16 55 -0.0213803
16 56 -0.0196437
16 57 -0.0164478
16 58 -0.0144294
16 59 -0.0125577
16 60 -0.0140904
16 61 -0.015791
16 62 -0.0186922
16 63 -0.0201956
16 64 -0.0227828
16 65 -0.0231514
16 66 -0.0228291
16 67 -0.0202208
16 68 -0.0193122
16 69 -0.0181224
16 70 -0.0186756
16 71 -0.0188952
16 72 -0.0210404
16 73 -0.02229
16 74 -0.0236461
16 75 -0.0229474
16 76 -0.0205335
16 77 -0.015405
16 78 -0.00947472
16 79 -0.00401464
16 80 0.00136857
16 81 0.0053294
16 82 0.00898385
16 83 0.0109562
16 84 0.0133934
16 85 0.0134044
16 86 0.0134709
16 87 0.0117994
16 88 0.00979443
16 89 0.00691863
16 90 0.00385942
16 91 0.000488026
16 92 -0.00387872
16 93 -0.0070449
16 94 -0.0113292
16 95 -0.0139619
16 96 -0.0158128
16 97 -0.015549
16 98 -0.0128956
16 99 -0.00812761
16 100 -0.00113501
16 101 0.00615485
16 102 0.0142914
16 103 0.0197047
16 104 0.0228111
16 105 0.0225164
16 106 0.0175245
16 107 0.0105181
16 108 0.000732599
16 109 -0.00904867
16 110 -0.0169604
16 111 -0.022235
16 112 -0.0226953
16 113 -0.0190529
16 114 -0.0115666
16 115 -0.00177383
16 116 0.00789136
16 117 0.0158835
16 118 0.0201214
16 119 0

17 0 0
17 1 0.0187352
17 2 0.0152396
17 3 0.00833172
17 4 -0.00053056
17 5 -0.00931685
17 6 -0.0161488
17 7 -0.0196701
17 8 -0.0188985
17 9 -0.0144023
17 10 -0.00690275
17 11 0.00208315
17 12 0.0103225
17 13 0.0168067
17 14 0.0201499
17 15 0.019704
17 16 0.0163117
17 17 0.0102046
17 18 0.00264556
17 19 -0.00440693
17 20 -0.0105224
17 21 -0.0144555
17 22 -0.0158358
17 23 -0.0154044
17 24 -0.0126836
17 25 -0.00886289
17 26 -0.00467059
17 27 -0.000176641
17 28 0.00426593
17 29 0.00798726
17 30 0.0110752
17 31 0.0138922
17 32 0.015258
17 33 0.015996
17 34 0.0155628
17 35 0.0139475
17 36 0.0113211
17 37 0.00777335
17 38 0.0027267
17 39 -0.00392441
17 40 -0.0109267
17 41 -0.0183455
17 42 -0.0242279
17 43 -0.02756
17 44 -0.0276559
17 45 -0.0264078
17 46 -0.02399
17 47 -0.0215706
17 48 -0.019641
17 49 -0.0189464
17 50 -0.0190889
17 51 -0.0202646
17 52 -0.0218117
17 53 -0.0221733
17 54 -0.0204914
17 55 -0.0174916
17 56 -0.0143682
17 57 -0.0109535
17 58 -0.0078059
17 59 -0.00616138
17 60 -0.00727231
17 61 -0.00988959
17 62 -0.0128138
17 63 -0.0154595
17 64 -0.0180688
17 65 -0.0193914
17 66 -0.0188172
17 67 -0.0171179
17 68 -0.0160067
17 69 -0.0160268
17 70 -0.0171687
17 71 -0.0196789
17 72 -0.0230038
17 73 -0.0264731
17 74 -0.0290732
17 75 -0.0304388
17 76 -0.0287397
17 77 -0.0244921
17 78 -0.0186252
17 79 -0.0129966
17 80 -0.00728487
17 81 -0.00278501
17 82 0.000997402
17 83 0.00441289
17 84 0.00777187
17 85 0.0104967
17 86 0.012824
17 87 0.0148047
17 88 0.0154956
17 89 0.0156783
17 90 0.014496
17 91 0.0117446
17 92 0.00745023
17 93 0.00220468
17 94 -0.00427551
17 95 -0.0107705
17 96 -0.0157912
17 97 -0.0192535
17 98 -0.0195617
17 99 -0.0166717
17 100 -0.010969
17 101 -0.00285641
17 102 0.00591827
17 103 0.0137927
17 104 0.0196747
17 105 0.0221198
17 106 0.0205301
17 107 0.0155488
17 108 0.00758827
17 109 -0.00171795
17 110 -0.0101929
17 111 -0.0167232
17 112 -0.0197439
17 113 -0.018536
17 114 -0.0139047
17 115 -0.00626301
17 116 0.00269203
17 117 0.0106994
17 118 0.0166876
17 119 0

18 0 0
18 1 0.0156434
18 2 0.0108503
18 3 0.00353335
18 4 -0.00529763
18 5 -0.0126284
18 6 -0.0176319
18 7 -0.0187056
18 8 -0.0151242
18 9 -0.00880945
18 10 0.000544964
18 11 0.009783
18 12 0.0172492
18 13 0.0222863
18 14 0.0223438
18 15 0.0188697
18 16 0.0117347
18 17 0.00264556
18 18 -0.00676894
18 19 -0.0149125
18 20 -0.0199425
18 21 -0.0226321
18 22 -0.0205096
18 23 -0.0163205
18 24 -0.0101455
18 25 -0.0025289
18 26 0.0039225
18 27 0.0102848
18 28 0.0142729
18 29 0.0172646
18 30 0.0179612
18 31 0.0179661
18 32 0.0164886
18 33 0.0140401
18 34 0.0118259
18 35 0.00815621
18 36 0.00503478
18 37 0.000490289
18 38 -0.00426321
18 39 -0.0113712
18 40 -0.0179923
18 41 -0.024855
18 42 -0.0296555
18 43 -0.0314585
18 44 -0.0299661
18 45 -0.0264987
18 46 -0.0226382
18 47 -0.0179578
18 48 -0.0147276
18 49 -0.0122668
18 50 -0.0122488
18 51 -0.0124435
18 52 -0.0140794
18 53 -0.0135897
18 54 -0.0121506
18 55 -0.00824455
18 56 -0.00508997
18 57 -0.000711277
18 58 0.00225863
18 59 0.00449823
18 60 0.00286352
18 61 0.000493535
18 62 -0.00328789
18 63 -0.00586132
18 64 -0.00920805
18 65 -0.0101182
18 66 -0.0101517
18 67 -0.00810672
18 68 -0.0076695
18 69 -0.00750665
18 70 -0.0100905
18 71 -0.0135067
18 72 -0.0188407
18 73 -0.0233866
18 74 -0.0281541
18 75 -0.0308917
18 76 -0.0310097
18 77 -0.0279168
18 78 -0.02333
18 79 -0.0185511
18 80 -0.013517
18 81 -0.0101769
18 82 -0.00672736
18 83 -0.00391564
18 84 0.000387107
18 85 0.00391194
18 86 0.00904095
18 87 0.0134563
18 88 0.0176712
18 89 0.0207789
18 90 0.022092
18 91 0.0213124
18 92 0.0173595
18 93 0.011894
18 94 0.00324287
18 95 -0.00507825
18 96 -0.0137644
18 97 -0.0206004
18 98 -0.0237968
18 99 -0.0238545
18 100 -0.0196114
18 101 -0.0126611
18 102 -0.00297284
18 103 0.00624659
18 104 0.0147234
18 105 0.0205427
18 106 0.0216838
18 107 0.0200884
18 108 0.014079
18 109 0.00614812
18 110 -0.00220348
18 111 -0.0102553
18 112 -0.0150118
18 113 -0.0168853
18 114 -0.0147695
18 115 -0.00933246
18 116 -0.00241532
18 117 0.0053277
18 118 0.0111798
18 119 0

19 0 0
19 1 0.0109754
19 2 0.00504711
19 3 -0.00247806
19 4 -0.010072
19 5 -0.0153478
19 6 -0.0175315
19 7 -0.0155249
19 8 -0.00965528
19 9 -0.00132368
19 10 0.00825695
19 11 0.0166522
19 12 0.0225493
19 13 0.0242677
19 14 0.0219091
19 15 0.0154281
19 16 0.00573141
19 17 -0.00440693
19 18 -0.0149125
19 19 -0.0222426
19 20 -0.0260874
19 21 -0.0262051
19 22 -0.0215499
19 23 -0.0148376
19 24 -0.00549447
19 25 0.00355865
19 26 0.0116208
19 27 0.0173911
19 28 0.0207881
19 29 0.0218184
19 30 0.0196876
19 31 0.0171327
19 32 0.0125716
19 33 0.00860846
19 34 0.00442883
19 35 0.00109534
19 36 -0.00225535
19 37 -0.00545553
19 38 -0.00924691
19 39 -0.0149189
19 40 -0.0201477
19 41 -0.0255036
19 42 -0.0280972
19 43 -0.0285347
19 44 -0.0246508
19 45 -0.0200468
19 46 -0.0139883
19 47 -0.0086419
19 48 -0.00346759
19 49 -0.000959976
19 50 -7.55029e-05
19 51 -0.000940619
19 52 -0.00192395
19 53 -0.00213085
19 54 -0.000377912
19 55 0.00288278
19 56 0.00664545
19 57 0.0106661
19 58 0.0140587
19 59 0.0157777
19 60 0.0145617
19 61 0.0117039
19 62 0.00818456
19 63 0.00501375
19 64 0.00226778
19 65 0.00116501
19 66 0.00188112
19 67 0.00352834
19 68 0.00482736
19 69 0.00451177
19 70 0.00223272
19 71 -0.00264701
19 72 -0.00815058
19 73 -0.0144182
19 74 -0.0197526
19 75 -0.0245655
19 76 -0.0255417
19 77 -0.024689
19 78 -0.0213463
19 79 -0.0185017
19 80 -0.0150614
19 81 -0.0137664
19 82 -0.0123241
19 83 -0.0107177
19 84 -0.00782262
19 85 -0.00368256
19 86 0.00180263
19 87 0.00860838
19 88 0.0146255
19 89 0.0209721
19 90 0.024351
19 91 0.0256852
19 92 0.0234389
19 93 0.0184046
19 94 0.0100718
19 95 0.000135953
19 96 -0.0095005
19 97 -0.018722
19 98 -0.0241199
19 99 -0.0268272
19 100 -0.0248657
19 101 -0.0191179
19 102 -0.0110511
19 103 -0.00115024
19 104 0.00805795
19 105 0.015902
19 106 0.0203943
19 107 0.0216828
19 108 0.0190868
19 109 0.0133507
19 110 0.00627663
19 111 -0.00190297
19 112 -0.00837878
19 113 -0.0127832
19 114 -0.0143189
19 115 -0.0121999
19 116 -0.00798555
19 117 -0.00185716
19 118 0.00420258
19 119 0

20 0 0
20 1 0.00501056
20 2 -0.00220511
20 3 -0.00856883
20 4 -0.0141173
20 5 -0.0165419
20 6 -0.0149937
20 7 -0.0107689
20 8 -0.00303182
20 9 0.00584865
20 10 0.0142113
20 11 0.0213931
20 12 0.0246155
20 13 0.0238809
20 14 0.0192159
20 15 0.0105382
20 16 0.00017067
20 17 -0.0105224
20 18 -0.0199425
20 19 -0.0260874
20 20 -0.0281381
20 21 -0.0258178
20 22 -0.0195322
20 23 -0.010423
20 24 -0.000470964
20 25 0.00930887
20 26 0.0170909
20 27 0.0214982
20 28 0.0231235
20 29 0.0212294
20 30 0.0168827
20 31 0.0111778
20 32 0.00509057
20 33 -0.000486938
20 34 -0.0046352
20 35 -0.00709019
20 36 -0.00890435
20 37 -0.00975005
20 38 -0.0114635
20 39 -0.014258
20 40 -0.0177341
20 41 -0.0201956
20 42 -0.0210535
20 43 -0.019113
20 44 -0.0141593
20 45 -0.00786603
20 46 -0.00118317
20 47 0.00509386
20 48 0.0105824
20 49 0.0132923
20 50 0.013751
20 51 0.0123447
20 52 0.0110218
20 53 0.0101597
20 54 0.011363
20 55 0.0138295
20 56 0.0175364
20 57 0.0210854
20 58 0.0244148
20 59 0.0256068
20 60 0.0246875
20 61 0.0216514
20 62 0.018424
20 63 0.0150958
20 64 0.0130595
20 65 0.0123642
20 66 0.0137973
20 67 0.0157599
20 68 0.0178596
20 69 0.0181085
20 70 0.0161195
20 71 0.0112547
20 72 0.00553824
20 73 -0.00084704
20 74 -0.00700984
20 75 -0.0122857
20 76 -0.0148151
20 77 -0.0151431
20 78 -0.0141729
20 79 -0.0127837
20 80 -0.0122915
20 81 -0.013231
20 82 -0.0149932
20 83 -0.015622
20 84 -0.0151661
20 85 -0.0121843
20 86 -0.00693142
20 87 0.000190134
20 88 0.00794545
20 89 0.0157059
20 90 0.0217633
20 91 0.0249161
20 92 0.0252464
20 93 0.0214949
20 94 0.0146201
20 95 0.00560807
20 96 -0.00443682
20 97 -0.0139835
20 98 -0.0212797
20 99 -0.0254542
20 100 -0.0260619
20 101 -0.0225342
20 102 -0.0163365
20 103 -0.00785691
20 104 0.00169141
20 105 0.00995515
20 106 0.0168627
20 107 0.0207736
20 108 0.0210461
20 109 0.0188172
20 110 0.0134132
20 111 0.0064819
20 112 -0.000642944
20 113 -0.00756018
20 114 -0.0119843
20 115 -0.0139542
20 116 -0.0130096
20 117 -0.00898916
20 118 -0.00388375
