0 0 0
0 1 0
0 2 0
0 3 0
0 4 0
0 5 0
0 6 0
0 7 0
0 8 0
0 9 0
0 10 0
0 11 0
0 12 0
0 13 0
0 14 0
0 15 0
0 16 0
0 17 0
0 18 0
0 19 0
0 20 0
0 21 0
0 22 0
0 23 0
0 24 0
0 25 0
0 26 0
0 27 0
0 28 0
0 29 0
0 30 0
0 31 0
0 32 0
0 33 0
0 34 0
0 35 0
0 36 0
0 37 0
0 38 0
0 39 0
0 40 0
0 41 0
0 42 0
0 43 0
0 44 0
0 45 0
0 46 0
0 47 0
0 48 0
0 49 0
0 50 0
0 51 0
0 52 0
0 53 0
0 54 0
0 55 0
0 56 0
0 57 0
0 58 0
0 59 0
0 60 0
0 61 0
0 62 0
0 63 0
0 64 0
0 65 0
0 66 0
0 67 0
0 68 0
0 69 0
0 70 0
0 71 0
0 72 0
0 73 0
0 74 0
0 75 0
0 76 0
0 77 0
0 78 0
0 79 0
0 80 0
0 81 0
0 82 0
0 83 0
0 84 0
0 85 0
0 86 0
0 87 0
0 88 0
0 89 0
0 90 0
0 91 0
0 92 0
0 93 0
0 94 0
0 95 0
0 96 0
0 97 0
0 98 0
0 99 0
0 100 0
0 101 0
0 102 0
0 103 0
0 104 0
0 105 0
0 106 0
0 107 0
0 108 0
0 109 0
0 110 0
0 111 0
0 112 0
0 113 0
0 114 0
0 115 0
0 116 0
0 117 0
0 118 0
0 119 0

1 0 0
1 1 0.0197212
1 2 0.0143701
1 3 0.00776539
1 4 0.00191249
1 5 -0.00475111
1 6 -0.0125427
1 7 -0.0188338
1 8 -0.0214171
1 9 -0.0199321
1 10 -0.0148849
1 11 -0.00788263
1 12 -0.000935123
1 13 0.00534877
1 14 0.0109523
1 15 0.0153385
1 16 0.0182857
1 17 0.0195719
1 18 0.0186199
1 19 0.0155452
1 20 0.0107687
1 21 0.00466794
1 22 -0.00184463
1 23 -0.00805334
1 24 -0.0134666
1 25 -0.0174699
1 26 -0.0199526
1 27 -0.0208454
1 28 -0.0201395
1 29 -0.0181629
1 30 -0.0150347
1 31 -0.0110871
1 32 -0.00663024
1 33 -0.00184727
1 34 0.00288585
1 35 0.00745039
1 36 0.0115926
1 37 0.0151726
1 38 0.0181346
1 39 0.0203358
1 40 0.0218637
1 41 0.0226416
1 42 0.0227994
1 43 0.0223663
1 44 0.0214415
1 45 0.0201468
1 46 0.0185263
1 47 0.0167489
1 48 0.0148123
1 49 0.0128858
1 50 0.0109418
1 51 0.00911901
1 52 0.00738334
1 53 0.00583185
1 54 0.00443541
1 55 0.00325203
1 56 0.00226238
1 57 0.00149505
1 58 0.000940431
1 59 0.000609064
1 60 0.000497668
1 61 0.000609064
1 62 0.000940431
1 63 0.00149505
1 64 0.00226238
1 65 0.00325203
1 66 0.00443541
1 67 0.00583185
1 68 0.00738334
1 69 0.00911901
1 70 0.0109418
1 71 0.0128858
1 72 0.0148123
1 73 0.0167489
1 74 0.0185263
1 75 0.0201468
1 76 0.0214415
1 77 0.0223663
1 78 0.0227994
1 79 0.0226416
1 80 0.0218637
1 81 0.0203358
1 82 0.0181346
1 83 0.0151726
1 84 0.0115926
1 85 0.00745039
1 86 0.00288585
1 87 -0.00184727
1 88 -0.00663024
1 89 -0.0110871
1 90 -0.0150347
1 91 -0.0181629
1 92 -0.0201395
1 93 -0.0208454
1 94 -0.0199525
1 95 -0.0174694
1 96 -0.013465
1 97 -0.0080483
1 98 -0.00182989
1 99 0.00470705
1 100 0.0108622
1 101 0.0157442
1 102 0.0189919
1 103 0.0201668
1 104 0.0190592
1 105 0.0160519
1 106 0.0111341
1 107 0.00445106
1 108 -0.00313402
1 109 -0.0108455
1 110 -0.01733
1 111 -0.0205983
1 112 -0.0201109
1 113 -0.016635
1 114 -0.0106721
1 115 -0.00330517
1 116 0.00362963
1 117 0.00968686
1 118 0.0153294
1 119 0

2 0 0
2 1 0.0143701
2 2 0.010216
2 3 0.00518689
2 4 -0.00206152
2 5 -0.0101977
2 6 -0.0157695
2 7 -0.0179354
2 8 -0.0178891
2 9 -0.0153294
2 10 -0.0100453
2 11 -0.0036176
2 12 0.00309258
2 13 0.0098053
2 14 0.014982
2 15 0.0177658
2 16 0.0183967
2 17 0.0165492
2 18 0.0126762
2 19 0.00789427
2 20 0.00246196
2 21 -0.0029408
2 22 -0.00765356
2 23 -0.0117688
2 24 -0.0148041
2 25 -0.016621
2 26 -0.0173518
2 27 -0.0166541
2 28 -0.0148226
2 29 -0.0119459
2 30 -0.00812004
2 31 -0.00387689
2 32 0.000719325
2 33 0.00518895
2 34 0.00928553
2 35 0.0128862
2 36 0.015645
2 37 0.017702
2 38 0.0188448
2 39 0.0192369
2 40 0.018925
2 41 0.0179582
2 42 0.0165891
2 43 0.0147618
2 44 0.0127907
2 45 0.0105927
2 46 0.00841726
2 47 0.00622248
2 48 0.00413197
2 49 0.00217334
2 50 0.000343729
2 51 -0.00126464
2 52 -0.00274981
2 53 -0.00397451
2 54 -0.00509408
2 55 -0.00594595
2 56 -0.00671224
2 57 -0.0072184
2 58 -0.00765429
2 59 -0.00783961
2 60 -0.0079629
2 61 -0.00783961
2 62 -0.00765429
2 63 -0.0072184
2 64 -0.00671224
2 65 -0.00594595
2 66 -0.00509408
2 67 -0.00397451
2 68 -0.00274981
2 69 -0.00126464
2 70 0.000343729
2 71 0.00217334
2 72 0.00413197
2 73 0.00622248
2 74 0.00841726
2 75 0.0105927
2 76 0.0127907
2 77 0.0147618
2 78 0.0165891
2 79 0.0179582
2 80 0.018925
2 81 0.0192369
2 82 0.0188448
2 83 0.017702
2 84 0.015645
2 85 0.0128862
2 86 0.00928553
2 87 0.00518895
2 88 0.000719325
2 89 -0.00387689
2 90 -0.00812004
2 91 -0.0119459
2 92 -0.0148226
2 93 -0.016654
2 94 -0.0173515
2 95 -0.0166198
2 96 -0.0148002
2 97 -0.0117571
2 98 -0.0076221
2 99 -0.00286406
2 100 0.00262919
2 101 0.00821517
2 102 0.013206
2 103 0.0172692
2 104 0.0191181
2 105 0.0180743
2 106 0.0143471
2 107 0.00793104
2 108 0.000351484
2 109 -0.00610209
2 110 -0.0110243
2 111 -0.0144352
2 112 -0.0159795
2 113 -0.0161474
2 114 -0.014277
2 115 -0.00841244
2 116 -0.000109356
2 117 0.00612186
2 118 0.00956
2 119 0

3 0 0
3 1 0.00776539
3 2 0.00518689
3 3 0.000272724
3 4 -0.00737236
3 5 -0.0128331
3 6 -0.0139233
3 7 -0.0134085
3 8 -0.0122688
3 9 -0.00895631
3 10 -0.00392229
3 11 0.00184816
3 12 0.00829048
3 13 0.0134437
3 14 0.0154739
3 15 0.0152288
3 16 0.0130337
3 17 0.00894992
3 18 0.00446413
3 19 -0.000173297
3 20 -0.00493007
3 21 -0.00872471
3 22 -0.0117158
3 23 -0.0136988
3 24 -0.0140678
3 25 -0.0134038
3 26 -0.0114849
3 27 -0.00849911
3 28 -0.00512063
3 29 -0.00117524
3 30 0.00262854
3 31 0.00614089
3 32 0.00929725
3 33 0.0115739
3 34 0.0133154
3 35 0.0141394
3 36 0.01426
3 37 0.013777
3 38 0.0125764
3 39 0.0111181
3 40 0.00913722
3 41 0.00710805
3 42 0.00487292
3 43 0.00266188
3 44 0.00054813
3 45 -0.00153858
3 46 -0.00332725
3 47 -0.00509913
3 48 -0.00649408
3 49 -0.0078728
3 50 -0.00889017
3 51 -0.00988206
3 52 -0.0105804
3 53 -0.0112413
3 54 -0.011692
3 55 -0.0120957
3 56 -0.0123644
3 57 -0.0125807
3 58 -0.012716
3 59 -0.0127967
3 60 -0.0128243
3 61 -0.0127967
3 62 -0.012716
3 63 -0.0125807
3 64 -0.0123644
3 65 -0.0120957
3 66 -0.011692
3 67 -0.0112413
3 68 -0.0105804
3 69 -0.00988206
3 70 -0.00889017
3 71 -0.0078728
3 72 -0.00649408
3 73 -0.00509913
3 74 -0.00332725
3 75 -0.00153858
3 76 0.00054813
3 77 0.00266188
3 78 0.00487292
3 79 0.00710805
3 80 0.00913722
3 81 0.0111181
3 82 0.0125764
3 83 0.013777
3 84 0.01426
3 85 0.0141394
3 86 0.0133154
3 87 0.0115739
3 88 0.00929725
3 89 0.00614089
3 90 0.00262855
3 91 -0.00117523
3 92 -0.00512056
3 93 -0.00849886
3 94 -0.011484
3 95 -0.0134008
3 96 -0.0140586
3 97 -0.0136734
3 98 -0.0116524
3 99 -0.00858292
3 100 -0.00465007
3 101 0.000304711
3 102 0.00514222
3 103 0.00967838
3 104 0.0134378
3 105 0.0147781
3 106 0.0137985
3 107 0.0107947
3 108 0.00572995
3 109 0.000720051
3 110 -0.00307177
3 111 -0.00695958
3 112 -0.0104873
3 113 -0.0121941
3 114 -0.012463
3 115 -0.0108587
3 116 -0.00615172
3 117 -0.000362785
3 118 0.0035803
3 119 0

4 0 0
4 1 0.00191249
4 2 -0.00206152
4 3 -0.00737236
4 4 -0.0108418
4 5 -0.010541
4 6 -0.00924036
4 7 -0.00810995
4 8 -0.00506398
4 9 -0.000672471
4 10 0.0033605
4 11 0.00800686
4 12 0.0122917
4 13 0.013325
4 14 0.0119336
4 15 0.0093402
4 16 0.00490504
4 17 0.000192056
4 18 -0.00388814
4 19 -0.00818632
4 20 -0.0113777
4 21 -0.0131038
4 22 -0.0139211
4 23 -0.012694
4 24 -0.0101104
4 25 -0.00669428
4 26 -0.00211531
4 27 0.00224615
4 28 0.00647756
4 29 0.0102344
4 30 0.0127187
4 31 0.0145782
4 32 0.0150735
4 33 0.0146471
4 34 0.0134782
4 35 0.0112985
4 36 0.00896712
4 37 0.00596637
4 38 0.00303865
4 39 3.01879e-05
4 40 -0.00293466
4 41 -0.00547367
4 42 -0.00802795
4 43 -0.00992414
4 44 -0.0118099
4 45 -0.0130762
4 46 -0.014233
4 47 -0.01497
4 48 -0.0154851
4 49 -0.0158247
4 50 -0.0158631
4 51 -0.0159408
4 52 -0.0156856
4 53 -0.0156265
4 54 -0.0152407
4 55 -0.0151507
4 56 -0.0147592
4 57 -0.0147198
4 58 -0.0144057
4 59 -0.0144707
4 60 -0.0142772
4 61 -0.0144707
4 62 -0.0144057
4 63 -0.0147198
4 64 -0.0147592
4 65 -0.0151507
4 66 -0.0152407
4 67 -0.0156265
4 68 -0.0156856
4 69 -0.0159408
4 70 -0.0158631
4 71 -0.0158247
4 72 -0.0154851
4 73 -0.01497
4 74 -0.014233
4 75 -0.0130762
4 76 -0.0118099
4 77 -0.00992414
4 78 -0.00802795
4 79 -0.00547367
4 80 -0.00293466
4 81 3.01879e-05
4 82 0.00303865
4 83 0.00596637
4 84 0.00896712
4 85 0.0112985
4 86 0.0134782
4 87 0.0146471
4 88 0.0150735
4 89 0.0145782
4 90 0.0127187
4 91 0.0102344
4 92 0.00647774
4 93 0.00224682
4 94 -0.00211303
4 95 -0.00668718
4 96 -0.0100903
4 97 -0.0126425
4 98 -0.0138026
4 99 -0.0128623
4 100 -0.0109496
4 101 -0.00754879
4 102 -0.00314866
4 103 0.000705356
4 104 0.00466551
4 105 0.0078856
4 106 0.00933922
4 107 0.0105309
4 108 0.0107611
4 109 0.0086493
4 110 0.00561862
4 111 0.00163664
4 112 -0.00362097
4 113 -0.00697401
4 114 -0.00771134
4 115 -0.00936446
4 116 -0.0112696
4 117 -0.0090243
4 118 -0.00349258
4 119 0

5 0 0
5 1 -0.00475111
5 2 -0.0101977
5 3 -0.0128331
5 4 -0.010541
5 5 -0.00745435
5 6 -0.00546966
5 7 -0.0011168
5 8 0.00509285
5 9 0.00867944
5 10 0.0103033
5 11 0.0119497
5 12 0.0115037
5 13 0.00935241
5 14 0.00730454
5 15 0.00315765
5 16 -0.00277439
5 17 -0.00783357
5 18 -0.0127509
5 19 -0.0162687
5 20 -0.0165952
5 21 -0.0154668
5 22 -0.0122999
5 23 -0.00726936
5 24 -0.00241872
5 25 0.00313319
5 26 0.00822634
5 27 0.0121248
5 28 0.0157568
5 29 0.017593
5 30 0.0184787
5 31 0.018266
5 32 0.016387
5 33 0.0141362
5 34 0.0104876
5 35 0.00661184
5 36 0.0023881
5 37 -0.00217882
5 38 -0.00610567
5 39 -0.0102941
5 40 -0.0134496
5 41 -0.0165003
5 42 -0.0186935
5 43 -0.0203363
5 44 -0.021557
5 45 -0.0219267
5 46 -0.0222888
5 47 -0.0217351
5 48 -0.0214361
5 49 -0.0203549
5 50 -0.0196327
5 51 -0.0183668
5 52 -0.0174567
5 53 -0.0162595
5 54 -0.0153638
5 55 -0.0144004
5 56 -0.0136742
5 57 -0.0130388
5 58 -0.0125894
5 59 -0.0123238
5 60 -0.0122166
5 61 -0.0123238
5 62 -0.0125894
5 63 -0.0130388
5 64 -0.0136742
5 65 -0.0144004
5 66 -0.0153638
5 67 -0.0162595
5 68 -0.0174567
5 69 -0.0183668
5 70 -0.0196327
5 71 -0.0203549
5 72 -0.0214361
5 73 -0.0217351
5 74 -0.0222888
5 75 -0.0219267
5 76 -0.021557
5 77 -0.0203363
5 78 -0.0186935
5 79 -0.0165003
5 80 -0.0134496
5 81 -0.0102941
5 82 -0.00610567
5 83 -0.00217882
5 84 0.0023881
5 85 0.00661184
5 86 0.0104876
5 87 0.0141362
5 88 0.016387
5 89 0.018266
5 90 0.0184787
5 91 0.0175931
5 92 0.0157573
5 93 0.0121265
5 94 0.00823169
5 95 0.00314872
5 96 -0.00237785
5 97 -0.00717262
5 98 -0.0120961
5 99 -0.015091
5 100 -0.0160064
5 101 -0.0155312
5 102 -0.0121343
5 103 -0.00783658
5 104 -0.00393159
5 105 0.000722885
5 106 0.00431587
5 107 0.00726956
5 108 0.0115832
5 109 0.0141108
5 110 0.0130985
5 111 0.0107539
5 112 0.00649202
5 113 0.000318199
5 114 -0.00438483
5 115 -0.00794059
5 116 -0.0124724
5 117 -0.0146242
5 118 -0.0114254
5 119 0

6 0 0
6 1 -0.0125427
6 2 -0.0157695
6 3 -0.0139233
6 4 -0.00924036
6 5 -0.00546966
6 6 -7.22796e-05
6 7 0.00805503
6 8 0.013681
6 9 0.0153635
6 10 0.0157586
6 11 0.0132989
6 12 0.00830965
6 13 0.00501297
6 14 0.00140731
6 15 -0.00487287
6 16 -0.0103069
6 17 -0.01502
6 18 -0.0192148
6 19 -0.0193501
6 20 -0.0171597
6 21 -0.013654
6 22 -0.00735618
6 23 -0.0013196
6 24 0.0047366
6 25 0.0111935
6 26 0.0155208
6 27 0.0194486
6 28 0.0217038
6 29 0.0217251
6 30 0.0211463
6 31 0.0180705
6 32 0.0144338
6 33 0.00985669
6 34 0.00427993
6 35 -0.000579164
6 36 -0.00627038
6 37 -0.0106993
6 38 -0.0150512
6 39 -0.0185782
6 40 -0.0210133
6 41 -0.0233001
6 42 -0.0239725
6 43 -0.0248789
6 44 -0.0242898
6 45 -0.0239245
6 46 -0.0226161
6 47 -0.0212877
6 48 -0.0196988
6 49 -0.0178034
6 50 -0.0162406
6 51 -0.0141553
6 52 -0.012815
6 53 -0.0108343
6 54 -0.00983506
6 55 -0.00815515
6 56 -0.00756571
6 57 -0.00629739
6 58 -0.00615685
6 59 -0.00535084
6 60 -0.00568032
6 61 -0.00535084
6 62 -0.00615685
6 63 -0.00629739
6 64 -0.00756571
6 65 -0.00815515
6 66 -0.00983506
6 67 -0.0108343
6 68 -0.012815
6 69 -0.0141553
6 70 -0.0162406
6 71 -0.0178034
6 72 -0.0196988
6 73 -0.0212877
6 74 -0.0226161
6 75 -0.0239245
6 76 -0.0242898
6 77 -0.0248789
6 78 -0.0239725
6 79 -0.0233001
6 80 -0.0210133
6 81 -0.0185782
6 82 -0.0150512
6 83 -0.0106993
6 84 -0.00627038
6 85 -0.000579164
6 86 0.00427993
6 87 0.00985669
6 88 0.0144338
6 89 0.0180705
6 90 0.0211464
6 91 0.0217254
6 92 0.021705
6 93 0.0194525
6 94 0.0155325
6 95 0.0112252
6 96 0.00481375
6 97 -0.00115148
6 98 -0.00703372
6 99 -0.013123
6 100 -0.0164446
6 101 -0.0186559
6 102 -0.0189884
6 103 -0.0158313
6 104 -0.0124596
6 105 -0.00790827
6 106 -0.00117773
6 107 0.00436744
6 108 0.0100269
6 109 0.0162431
6 110 0.0183377
6 111 0.017146
6 112 0.0153209
6 113 0.00949653
6 114 -0.000131411
6 115 -0.00751756
6 116 -0.0117678
6 117 -0.0156897
6 118 -0.0174986
6 119 0

7 0 0
7 1 -0.0188338
7 2 -0.0179354
7 3 -0.0134085
7 4 -0.00810995
7 5 -0.0011168
7 6 0.00805503
7 7 0.0145693
7 8 0.0170781
7 9 0.0193245
7 10 0.0188669
7 11 0.012576
7 12 0.00584993
7 13 0.000240787
7 14 -0.0075111
7 15 -0.0134526
7 16 -0.0162338
7 17 -0.0192999
7 18 -0.0193261
7 19 -0.0163874
7 20 -0.013849
7 21 -0.00850799
7 22 -0.00214074
7 23 0.00332469
7 24 0.0105799
7 25 0.0159928
7 26 0.0199247
7 27 0.0232522
7 28 0.0228257
7 29 0.0216933
7 30 0.0183637
7 31 0.0131587
7 32 0.00844423
7 33 0.0018697
7 34 -0.00330051
7 35 -0.00868564
7 36 -0.0134822
7 37 -0.0166458
7 38 -0.020182
7 39 -0.0213583
7 40 -0.0230168
7 41 -0.0228784
7 42 -0.022587
7 43 -0.0217044
7 44 -0.0198857
7 45 -0.0186041
7 46 -0.0159142
7 47 -0.014431
7 48 -0.0114997
7 49 -0.00995411
7 50 -0.00724058
7 51 -0.00575393
7 52 -0.00351869
7 53 -0.00219791
7 54 -0.000543018
7 55 0.000525027
7 56 0.00159644
7 57 0.00234491
7 58 0.00287706
7 59 0.00325172
7 60 0.00330255
7 61 0.00325172
7 62 0.00287706
7 63 0.00234491
7 64 0.00159644
7 65 0.000525027
7 66 -0.000543018
7 67 -0.00219791
7 68 -0.00351869
7 69 -0.00575393
7 70 -0.00724058
7 71 -0.00995411
7 72 -0.0114997
7 73 -0.014431
7 74 -0.0159142
7 75 -0.0186041
7 76 -0.0198857
7 77 -0.0217044
7 78 -0.022587
7 79 -0.0228784
7 80 -0.0230168
7 81 -0.0213583
7 82 -0.020182
7 83 -0.0166458
7 84 -0.0134822
7 85 -0.00868564
7 86 -0.00330051
7 87 0.0018697
7 88 0.00844425
7 89 0.0131587
7 90 0.0183639
7 91 0.0216942
7 92 0.0228285
7 93 0.0232608
7 94 0.0199486
7 95 0.0160528
7 96 0.0107152
7 97 0.0035946
7 98 -0.00167406
7 99 -0.0078354
7 100 -0.0131113
7 101 -0.015962
7 102 -0.0197796
7 103 -0.0210791
7 104 -0.0191569
7 105 -0.0164085
7 106 -0.00890348
7 107 0.00131259
7 108 0.00869457
7 109 0.0155108
7 110 0.0209448
7 111 0.0210152
7 112 0.0187846
7 113 0.0152598
7 114 0.00660544
7 115 -0.00387983
7 116 -0.0105309
7 117 -0.0154646
7 118 -0.0201821
7 119 0

8 0 0
8 1 -0.0214171
8 2 -0.0178891
8 3 -0.0122688
8 4 -0.00506398
8 5 0.00509285
8 6 0.013681
8 7 0.0170781
8 8 0.0194244
8 9 0.0209684
8 10 0.0166305
8 11 0.00939779
8 12 0.00278747
8 13 -0.0066386
8 14 -0.0149566
8 15 -0.017194
8 16 -0.0187493
8 17 -0.0190262
8 18 -0.0152398
8 19 -0.0125924
8 20 -0.00853678
8 21 -0.00143953
8 22 0.00366668
8 23 0.0101039
8 24 0.0159824
8 25 0.0181628
8 26 0.0206919
8 27 0.0196808
8 28 0.0168798
8 29 0.0142505
8 30 0.00858524
8 31 0.00458431
8 32 -0.000544394
8 33 -0.00551188
8 34 -0.00872475
8 35 -0.0132676
8 36 -0.0149549
8 37 -0.0175645
8 38 -0.0184
8 39 -0.0184816
8 40 -0.0186699
8 41 -0.0166901
8 42 -0.016109
8 43 -0.0130706
8 44 -0.0116463
8 45 -0.00850724
8 46 -0.00638396
8 47 -0.00375895
8 48 -0.00124088
8 49 0.000620088
8 50 0.00320651
8 51 0.00430327
8 52 0.00671043
8 53 0.00716104
8 54 0.00925265
8 55 0.0091986
8 56 0.010932
8 57 0.0104873
8 58 0.011875
8 59 0.0111069
8 60 0.0121776
8 61 0.0111069
8 62 0.011875
8 63 0.0104873
8 64 0.010932
8 65 0.0091986
8 66 0.00925265
8 67 0.00716104
8 68 0.00671043
8 69 0.00430327
8 70 0.00320651
8 71 0.000620088
8 72 -0.00124088
8 73 -0.00375895
8 74 -0.00638396
8 75 -0.00850724
8 76 -0.0116463
8 77 -0.0130706
8 78 -0.016109
8 79 -0.0166901
8 80 -0.0186699
8 81 -0.0184816
8 82 -0.0184
8 83 -0.0175645
8 84 -0.0149549
8 85 -0.0132676
8 86 -0.00872474
8 87 -0.00551187
8 88 -0.000544355
8 89 0.00458446
8 90 0.00858582
8 91 0.0142524
8 92 0.016886
8 93 0.0196984
8 94 0.0207374
8 95 0.018269
8 96 0.0162027
8 97 0.0105032
8 98 0.00427989
8 99 -0.000693783
8 100 -0.00795658
8 101 -0.0127057
8 102 -0.0165877
8 103 -0.02169
8 104 -0.0219114
8 105 -0.0192887
8 106 -0.0146772
8 107 -0.00411332
8 108 0.00599797
8 109 0.0118433
8 110 0.0183263
8 111 0.0226187
8 112 0.0205844
8 113 0.0164076
8 114 0.011205
8 115 0.00243322
8 116 -0.00721212
8 117 -0.0145764
8 118 -0.0198393
8 119 0

9 0 0
9 1 -0.0199321
9 2 -0.0153294
9 3 -0.00895631
9 4 -0.000672471
9 5 0.00867944
9 6 0.0153635
9 7 0.0193245
9 8 0.0209684
9 9 0.0171111
9 10 0.0103303
9 11 0.00510225
9 12 -0.0030186
9 13 -0.0130459
9 14 -0.0166489
9 15 -0.0174337
9 16 -0.0184192
9 17 -0.0144016
9 18 -0.0101804
9 19 -0.00697264
9 20 0.000547059
9 21 0.00623353
9 22 0.0105966
9 23 0.0161335
9 24 0.0164879
9 25 0.0163482
9 26 0.0151451
9 27 0.0102387
9 28 0.00769577
9 29 0.00275572
9 30 -0.00165349
9 31 -0.00438792
9 32 -0.00925447
9 33 -0.0106448
9 34 -0.0135769
9 35 -0.0147239
9 36 -0.0145664
9 37 -0.0153127
9 38 -0.0127321
9 39 -0.0122812
9 40 -0.00880264
9 41 -0.0067609
9 42 -0.00366754
9 43 -0.000377933
9 44 0.00174279
9 45 0.00550998
9 46 0.00665457
9 47 0.0101496
9 48 0.0105959
9 49 0.0133526
9 50 0.0134192
9 51 0.0152918
9 52 0.0152244
9 53 0.0162972
9 54 0.0162447
9 55 0.0167143
9 56 0.0167437
9 57 0.016829
9 58 0.0169457
9 59 0.0168373
9 60 0.0169964
9 61 0.0168373
9 62 0.0169457
9 63 0.016829
9 64 0.0167437
9 65 0.0167143
9 66 0.0162447
9 67 0.0162972
9 68 0.0152244
9 69 0.0152918
9 70 0.0134192
9 71 0.0133526
9 72 0.0105959
9 73 0.0101496
9 74 0.00665457
9 75 0.00550998
9 76 0.00174279
9 77 -0.000377933
9 78 -0.00366754
9 79 -0.0067609
9 80 -0.00880264
9 81 -0.0122812
9 82 -0.0127321
9 83 -0.0153127
9 84 -0.0145664
9 85 -0.0147239
9 86 -0.0135769
9 87 -0.0106448
9 88 -0.00925437
9 89 -0.00438753
9 90 -0.00165215
9 91 0.00276003
9 92 0.00770839
9 93 0.0102724
9 94 0.0152263
9 95 0.0165233
9 96 0.0168204
9 97 0.0166754
9 98 0.0113175
9 99 0.00691734
9 100 0.000732982
9 101 -0.00786648
9 102 -0.0124585
9 103 -0.0175809
9 104 -0.0211056
9 105 -0.0180473
9 106 -0.0147003
9 107 -0.00971811
9 108 -9.50852e-05
9 109 0.00698768
9 110 0.0118387
9 111 0.0184188
9 112 0.0209173
9 113 0.0172441
9 114 0.0125329
9 115 0.00648739
9 116 -0.00261421
9 117 -0.0110048
9 118 -0.0161956
9 119 0

10 0 0
10 1 -0.0148849
10 2 -0.0100453
10 3 -0.00392229
10 4 0.0033605
10 5 0.0103033
10 6 0.0157586
10 7 0.0188669
10 8 0.0166305
10 9 0.0103303
10 10 0.00537306
10 11 -0.000765407
10 12 -0.0103279
10 13 -0.0154275
10 14 -0.0161387
10 15 -0.0176416
10 16 -0.0140301
10 17 -0.0069955
10 18 -0.00288973
10 19 0.00412477
10 20 0.010566
10 21 0.0121997
10 22 0.0155987
10 23 0.0152743
10 24 0.0120831
10 25 0.0110393
10 26 0.00562454
10 27 0.00174291
10 28 -0.00173804
10 29 -0.00776474
10 30 -0.00975062
10 31 -0.0141198
10 32 -0.0160295
10 33 -0.0161875
10 34 -0.0174279
10 35 -0.014065
10 36 -0.0130669
10 37 -0.0085532
10 38 -0.00482443
10 39 -0.0010484
10 40 0.00434294
10 41 0.00676907
10 42 0.0120949
10 43 0.0134518
10 44 0.0173502
10 45 0.0181644
10 46 0.0200797
10 47 0.0207445
10 48 0.0208185
10 49 0.0215226
10 50 0.0202633
10 51 0.0210654
10 52 0.0190497
10 53 0.0199671
10 54 0.0176714
10 55 0.0187291
10 56 0.0164737
10 57 0.0177159
10 58 0.015676
10 59 0.0171555
10 60 0.0153975
10 61 0.0171555
10 62 0.015676
10 63 0.0177159
10 64 0.0164737
10 65 0.0187291
10 66 0.0176714
10 67 0.0199671
10 68 0.0190497
10 69 0.0210654
10 70 0.0202633
10 71 0.0215226
10 72 0.0208185
10 73 0.0207445
10 74 0.0200797
10 75 0.0181644
10 76 0.0173502
10 77 0.0134518
10 78 0.0120949
10 79 0.00676907
10 80 0.00434294
10 81 -0.0010484
10 82 -0.00482443
10 83 -0.0085532
10 84 -0.0130669
10 85 -0.014065
10 86 -0.0174279
10 87 -0.0161874
10 88 -0.0160293
10 89 -0.0141189
10 90 -0.00974769
10 91 -0.00775591
10 92 -0.00171377
10 93 0.00180342
10 94 0.00576008
10 95 0.0113085
10 96 0.0125474
10 97 0.015943
10 98 0.0163336
10 99 0.0126262
10 100 0.0101135
10 101 0.00232524
10 102 -0.00588936
10 103 -0.0100926
10 104 -0.0155514
10 105 -0.0165255
10 106 -0.0129718
10 107 -0.0120343
10 108 -0.00801333
10 109 0.000726798
10 110 0.00666452
10 111 0.0107581
10 112 0.015063
10 113 0.0158815
10 114 0.0131661
10 115 0.00853473
10 116 0.00163227
10 117 -0.00508153
10 118 -0.00945023
10 119 0

11 0 0
11 1 -0.00788263
11 2 -0.0036176
11 3 0.00184816
11 4 0.00800686
11 5 0.0119497
11 6 0.0132989
11 7 0.012576
11 8 0.00939779
11 9 0.00510225
11 10 -0.000765407
11 11 -0.00909066
11 12 -0.014021
11 13 -0.0142433
11 14 -0.0159253
11 15 -0.0144903
11 16 -0.00649983
11 17 -4.84793e-05
11 18 0.00705708
11 19 0.0152669
11 20 0.0165807
11 21 0.0171462
11 22 0.0167596
11 23 0.0110403
11 24 0.00815776
11 25 0.00309032
11 26 -0.00364572
11 27 -0.00673702
11 28 -0.0134011
11 29 -0.0166214
11 30 -0.0187301
11 31 -0.0215421
11 32 -0.0189073
11 33 -0.0185922
11 34 -0.0140046
11 35 -0.00942768
11 36 -0.00522289
11 37 0.00190516
11 38 0.00515238
11 39 0.0119257
11 40 0.0146315
11 41 0.0189428
11 42 0.0214721
11 43 0.0227566
11 44 0.0250606
11 45 0.0239212
11 46 0.0257185
11 47 0.0232059
11 48 0.0242671
11 49 0.021345
11 50 0.0216344
11 51 0.0189579
11 52 0.0186214
11 53 0.0165338
11 54 0.0158168
11 55 0.0144358
11 56 0.0136033
11 57 0.0129125
11 58 0.0122027
11 59 0.0121156
11 60 0.0117249
11 61 0.0121156
11 62 0.0122027
11 63 0.0129125
11 64 0.0136033
11 65 0.0144358
11 66 0.0158168
11 67 0.0165338
11 68 0.0186214
11 69 0.0189579
11 70 0.0216344
11 71 0.021345
11 72 0.0242671
11 73 0.0232059
11 74 0.0257185
11 75 0.0239212
11 76 0.0250606
11 77 0.0227566
11 78 0.0214721
11 79 0.0189428
11 80 0.0146315
11 81 0.0119257
11 82 0.00515238
11 83 0.00190516
11 84 -0.00522289
11 85 -0.00942767
11 86 -0.0140046
11 87 -0.018592
11 88 -0.0189067
11 89 -0.0215401
11 90 -0.0187241
11 91 -0.0166044
11 92 -0.0133573
11 93 -0.00663491
11 94 -0.00343382
11 95 0.00347588
11 96 0.00875449
11 97 0.0117775
11 98 0.0173574
11 99 0.0170894
11 100 0.0153082
11 101 0.0126272
11 102 0.00378343
11 103 -0.00238284
11 104 -0.00640469
11 105 -0.0118355
11 106 -0.0122372
11 107 -0.0113321
11 108 -0.0123119
11 109 -0.00786123
11 110 -1.85178e-05
11 111 0.00419441
11 112 0.00654741
11 113 0.00942659
11 114 0.011213
11 115 0.010425
11 116 0.00675724
11 117 0.00208896
11 118 -0.00166989
11 119 0

12 0 0
12 1 -0.000935123
12 2 0.00309258
12 3 0.00829048
12 4 0.0122917
12 5 0.0115037
12 6 0.00830965
12 7 0.00584993
12 8 0.00278747
12 9 -0.0030186
12 10 -0.0103279
12 11 -0.014021
12 12 -0.0128131
12 13 -0.0127258
12 14 -0.0127527
12 15 -0.00699804
12 16 -0.000159613
12 17 0.00651145
12 18 0.0159691
12 19 0.0202117
12 20 0.0201839
12 21 0.0203873
12 22 0.0145396
12 23 0.00843144
12 24 0.0031376
12 25 -0.00618
12 26 -0.011414
12 27 -0.017298
12 28 -0.0226044
12 29 -0.022646
12 30 -0.0246062
12 31 -0.021314
12 32 -0.0176231
12 33 -0.01374
12 34 -0.00616192
12 35 -0.00228863
12 36 0.00532464
12 37 0.00960958
12 38 0.0144663
12 39 0.0190488
12 40 0.0205945
12 41 0.0245977
12 42 0.0238088
12 43 0.0262601
12 44 0.0244754
12 45 0.0249023
12 46 0.023113
12 47 0.021664
12 48 0.0203617
12 49 0.0175848
12 50 0.0169034
12 51 0.0134504
12 52 0.0133571
12 53 0.00977926
12 54 0.0102052
12 55 0.00687305
12 56 0.00777371
12 57 0.00488485
12 58 0.00625345
12 59 0.00388004
12 60 0.00573767
12 61 0.00388004
12 62 0.00625345
12 63 0.00488485
12 64 0.00777371
12 65 0.00687305
12 66 0.0102052
12 67 0.00977926
12 68 0.0133571
12 69 0.0134504
12 70 0.0169034
12 71 0.0175848
12 72 0.0203617
12 73 0.021664
12 74 0.023113
12 75 0.0249023
12 76 0.0244754
12 77 0.0262601
12 78 0.0238088
12 79 0.0245977
12 80 0.0205945
12 81 0.0190488
12 82 0.0144663
12 83 0.00960958
12 84 0.00532464
12 85 -0.00228861
12 86 -0.00616182
12 87 -0.0137396
12 88 -0.0176219
12 89 -0.02131
12 90 -0.0245945
12 91 -0.022615
12 92 -0.0225296
12 93 -0.0171359
12 94 -0.0111036
12 95 -0.005667
12 96 0.00383661
12 97 0.00912923
12 98 0.0148071
12 99 0.0196414
12 100 0.0180433
12 101 0.0170171
12 102 0.013023
12 103 0.00551763
12 104 0.00163313
12 105 -0.00334345
12 106 -0.00922583
12 107 -0.0105294
12 108 -0.0115581
12 109 -0.0131457
12 110 -0.0105828
12 111 -0.00535032
12 112 -0.000702235
12 113 0.00312919
12 114 0.00669546
12 115 0.0102411
12 116 0.0120169
12 117 0.0100328
12 118 0.00576856
12 119 0

13 0 0
13 1 0.00534877
13 2 0.0098053
13 3 0.0134437
13 4 0.013325
13 5 0.00935241
13 6 0.00501297
13 7 0.000240787
13 8 -0.0066386
13 9 -0.0130459
13 10 -0.0154275
13 11 -0.0142433
13 12 -0.0127258
13 13 -0.0108474
13 14 -0.00552385
13 15 0.000938026
13 16 0.00629065
13 17 0.0137686
13 18 0.019577
13 19 0.0206015
13 20 0.0212582
13 21 0.0176428
13 22 0.0103389
13 23 0.00456216
13 24 -0.00451939
13 25 -0.0122309
13 26 -0.0171544
13 27 -0.0232699
13 28 -0.0239117
13 29 -0.0240914
13 30 -0.0224225
13 31 -0.0168106
13 32 -0.0133283
13 33 -0.00582987
13 34 -0.00038371
13 35 0.00543114
13 36 0.0118729
13 37 0.0148979
13 38 0.0203602
13 39 0.0213024
13 40 0.0241131
13 41 0.0240474
13 42 0.0237248
13 43 0.0232984
13 44 0.0204818
13 45 0.0198764
13 46 0.0157259
13 47 0.0149185
13 48 0.0105397
13 49 0.00951199
13 50 0.00565997
13 51 0.00446807
13 52 0.00151004
13 53 0.00026581
13 54 -0.00172096
13 55 -0.00288846
13 56 -0.0039904
13 57 -0.00495754
13 58 -0.00532518
13 59 -0.00597494
13 60 -0.00576448
13 61 -0.00597494
13 62 -0.00532518
13 63 -0.00495754
13 64 -0.0039904
13 65 -0.00288846
13 66 -0.00172096
13 67 0.00026581
13 68 0.00151004
13 69 0.00446807
13 70 0.00565997
13 71 0.00951199
13 72 0.0105397
13 73 0.0149185
13 74 0.0157259
13 75 0.0198764
13 76 0.0204818
13 77 0.0232984
13 78 0.0237248
13 79 0.0240474
13 80 0.0241131
13 81 0.0213024
13 82 0.0203602
13 83 0.0148979
13 84 0.0118729
13 85 0.00543119
13 86 -0.00038349
13 87 -0.00582908
13 88 -0.0133257
13 89 -0.0168029
13 90 -0.0224012
13 91 -0.0240381
13 92 -0.0237913
13 93 -0.0230278
13 94 -0.016729
13 95 -0.0116
13 96 -0.003788
13 97 0.00506733
13 98 0.0100733
13 99 0.0160819
13 100 0.0183819
13 101 0.0173241
13 102 0.0175737
13 103 0.0144319
13 104 0.00948446
13 105 0.00490304
13 106 -0.00262632
13 107 -0.00933432
13 108 -0.0118364
13 109 -0.014031
13 110 -0.0169991
13 111 -0.0164454
13 112 -0.0100328
13 113 -0.00179721
13 114 0.00378214
13 115 0.00868253
13 116 0.014395
13 117 0.0162426
13 118 0.0125502
13 119 0

14 0 0
14 1 0.0109523
14 2 0.014982
14 3 0.0154739
14 4 0.0119336
14 5 0.00730454
14 6 0.00140731
14 7 -0.0075111
14 8 -0.0149566
14 9 -0.0166489
14 10 -0.0161387
14 11 -0.0159253
14 12 -0.0127527
14 13 -0.00552385
14 14 0.00235664
14 15 0.00836799
14 16 0.0133503
14 17 0.0171869
14 18 0.0184638
14 19 0.0187228
14 20 0.0168554
14 21 0.0110717
14 22 0.00493421
14 23 -0.00240867
14 24 -0.010406
14 25 -0.0152748
14 26 -0.0199592
14 27 -0.0218604
14 28 -0.0207502
14 29 -0.019511
14 30 -0.0145137
14 31 -0.00992606
14 32 -0.00429711
14 33 0.0022956
14 34 0.00670367
14 35 0.0126624
14 36 0.0155302
14 37 0.0186839
14 38 0.0201898
14 39 0.0199869
14 40 0.0202146
14 41 0.0175234
14 42 0.0165051
14 43 0.0127325
14 44 0.0106456
14 45 0.00698956
14 46 0.0041948
14 47 0.00134012
14 48 -0.00173028
14 49 -0.00357131
14 50 -0.00654864
14 51 -0.00745797
14 52 -0.0101115
14 53 -0.0102922
14 54 -0.0125323
14 55 -0.012194
14 56 -0.0140318
14 57 -0.0133339
14 58 -0.0148294
14 59 -0.0138614
14 60 -0.0150773
14 61 -0.0138614
14 62 -0.0148294
14 63 -0.0133339
14 64 -0.0140318
14 65 -0.012194
14 66 -0.0125323
14 67 -0.0102922
14 68 -0.0101115
14 69 -0.00745797
14 70 -0.00654864
14 71 -0.00357131
14 72 -0.00173028
14 73 0.00134012
14 74 0.0041948
14 75 0.00698956
14 76 0.0106456
14 77 0.0127325
14 78 0.0165051
14 79 0.0175234
14 80 0.0202146
14 81 0.0199869
14 82 0.0201898
14 83 0.0186839
14 84 0.0155302
14 85 0.0126626
14 86 0.00670415
14 87 0.00229721
14 88 -0.00429211
14 89 -0.00991184
14 90 -0.0144768
14 91 -0.0194242
14 92 -0.0205672
14 93 -0.0215199
14 94 -0.0194147
14 95 -0.0145651
14 96 -0.00975396
14 97 -0.00227629
14 98 0.00396817
14 99 0.00870171
14 100 0.0135613
14 101 0.0159319
14 102 0.0178806
14 103 0.0194842
14 104 0.01738
14 105 0.0120154
14 106 0.00443931
14 107 -0.00455572
14 108 -0.0123205
14 109 -0.01674
14 110 -0.0190025
14 111 -0.0204655
14 112 -0.0177124
14 113 -0.00887558
14 114 0.00062974
14 115 0.00765312
14 116 0.0143063
14 117 0.0186816
14 118 0.0175205
14 119 0

15 0 0
15 1 0.0153385
15 2 0.0177658
15 3 0.0152288
15 4 0.0093402
15 5 0.00315765
15 6 -0.00487287
15 7 -0.0134526
15 8 -0.017194
15 9 -0.0174337
15 10 -0.0176416
15 11 -0.0144903
15 12 -0.00699804
15 13 0.000938026
15 14 0.00836799
15 15 0.0139554
15 16 0.0158754
15 17 0.0162133
15 18 0.01572
15 19 0.0133945
15 20 0.00953881
15 21 0.00402922
15 22 -0.00256424
15 23 -0.00904512
15 24 -0.0142871
15 25 -0.0174913
15 26 -0.0185657
15 27 -0.0170611
15 28 -0.0138361
15 29 -0.00919696
15 30 -0.00355022
15 31 0.00179459
15 32 0.00719596
15 33 0.01137
15 34 0.0145258
15 35 0.0165553
15 36 0.0168908
15 37 0.0166059
15 38 0.014714
15 39 0.0125415
15 40 0.00947143
15 41 0.00617393
15 42 0.00286964
15 43 -0.000735282
15 44 -0.00366461
15 45 -0.00692665
15 46 -0.00920222
15 47 -0.0117449
15 48 -0.0133249
15 49 -0.0150387
15 50 -0.0160197
15 51 -0.0169879
15 52 -0.0175284
15 53 -0.0179345
15 54 -0.0182031
15 55 -0.018254
15 56 -0.0183962
15 57 -0.0182723
15 58 -0.0183918
15 59 -0.0182219
15 60 -0.01837
15 61 -0.0182219
15 62 -0.0183918
15 63 -0.0182723
15 64 -0.0183962
15 65 -0.018254
15 66 -0.0182031
15 67 -0.0179345
15 68 -0.0175284
15 69 -0.0169879
15 70 -0.0160197
15 71 -0.0150387
15 72 -0.0133249
15 73 -0.0117449
15 74 -0.00920222
15 75 -0.00692665
15 76 -0.00366461
15 77 -0.000735282
15 78 0.00286964
15 79 0.00617393
15 80 0.00947143
15 81 0.0125415
15 82 0.014714
15 83 0.0166059
15 84 0.0168909
15 85 0.0165555
15 86 0.0145267
15 87 0.0113732
15 88 0.00720519
15 89 0.00181942
15 90 -0.00348945
15 91 -0.00906291
15 92 -0.0135729
15 93 -0.0166105
15 94 -0.0179184
15 95 -0.0167765
15 96 -0.0138602
15 97 -0.0094619
15 98 -0.00431442
15 99 0.00101612
15 100 0.00628781
15 101 0.0116348
15 102 0.0167815
15 103 0.0198031
15 104 0.0200801
15 105 0.0168652
15 106 0.00967405
15 107 0.00144571
15 108 -0.00727024
15 109 -0.0165442
15 110 -0.0214077
15 111 -0.0209741
15 112 -0.0190718
15 113 -0.0142286
15 114 -0.00495646
15 115 0.00477946
15 116 0.0126206
15 117 0.0183154
15 118 0.0199966
15 119 0

16 0 0
16 1 0.0182857
16 2 0.0183967
16 3 0.0130337
16 4 0.00490504
16 5 -0.00277439
16 6 -0.0103069
16 7 -0.0162338
16 8 -0.0187493
16 9 -0.0184192
16 10 -0.0140301
16 11 -0.00649983
16 12 -0.000159613
16 13 0.00629065
16 14 0.0133503
16 15 0.0158754
16 16 0.0152836
16 17 0.0137961
16 18 0.00912807
16 19 0.00468109
16 20 0.000808111
16 21 -0.00513982
16 22 -0.00955539
16 23 -0.0133409
16 24 -0.016279
16 25 -0.0153465
16 26 -0.0134694
16 27 -0.00908153
16 28 -0.00304498
16 29 0.00219077
16 30 0.00856941
16 31 0.0128051
16 32 0.0162331
16 33 0.018403
16 34 0.0180599
16 35 0.0176294
16 36 0.0146021
16 37 0.0117028
16 38 0.00756959
16 39 0.00303699
16 40 -0.0010221
16 41 -0.00598049
16 42 -0.00935564
16 43 -0.0136437
16 44 -0.0161318
16 45 -0.0190916
16 46 -0.0207143
16 47 -0.0221866
16 48 -0.0230825
16 49 -0.0232775
16 50 -0.0236458
16 51 -0.0229544
16 52 -0.0230171
16 53 -0.0218543
16 54 -0.0218249
16 55 -0.0205377
16 56 -0.0205971
16 57 -0.0194304
16 58 -0.0197127
16 59 -0.0188096
16 60 -0.0193938
16 61 -0.0188096
16 62 -0.0197127
16 63 -0.0194304
16 64 -0.0205971
16 65 -0.0205377
16 66 -0.0218249
16 67 -0.0218543
16 68 -0.0230171
16 69 -0.0229544
16 70 -0.0236458
16 71 -0.0232775
16 72 -0.0230825
16 73 -0.0221866
16 74 -0.0207143
16 75 -0.0190916
16 76 -0.0161318
16 77 -0.0136437
16 78 -0.00935564
16 79 -0.00598049
16 80 -0.0010221
16 81 0.003037
16 82 0.0075696
16 83 0.0117028
16 84 0.0146022
16 85 0.01763
16 86 0.0180619
16 87 0.0184088
16 88 0.0162493
16 89 0.0128463
16 90 0.00866454
16 91 0.00238738
16 92 -0.00268669
16 93 -0.00852174
16 94 -0.0127616
16 95 -0.0147343
16 96 -0.016239
16 97 -0.0144417
16 98 -0.0120532
16 99 -0.00847771
16 100 -0.00187877
16 101 0.00435305
16 102 0.0117598
16 103 0.0181232
16 104 0.0190773
16 105 0.0178785
16 106 0.0140131
16 107 0.00628508
16 108 -0.00141012
16 109 -0.0097159
16 110 -0.0180727
16 111 -0.0211654
16 112 -0.0197601
16 113 -0.0164277
16 114 -0.00939932
16 115 6.56176e-05
16 116 0.00850117
16 117 0.015637
16 118 0.0202381
16 119 0

17 0 0
17 1 0.0195719
17 2 0.0165492
17 3 0.00894992
17 4 0.000192056
17 5 -0.00783357
17 6 -0.01502
17 7 -0.0192999
17 8 -0.0190262
17 9 -0.0144016
17 10 -0.0069955
17 11 -4.84793e-05
17 12 0.00651145
17 13 0.0137686
17 14 0.0171869
17 15 0.0162133
17 16 0.0137961
17 17 0.00699704
17 18 -0.000841017
17 19 -0.00509062
17 20 -0.0102854
17 21 -0.0136368
17 22 -0.0141714
17 23 -0.0159233
17 24 -0.0135823
17 25 -0.00977423
17 26 -0.00579864
17 27 0.00180028
17 28 0.00694707
17 29 0.0129397
17 30 0.0180221
17 31 0.0196755
17 32 0.0223083
17 33 0.0204814
17 34 0.0188979
17 35 0.0154265
17 36 0.0100134
17 37 0.00597172
17 38 -0.00110966
17 39 -0.00534403
17 40 -0.0116624
17 41 -0.0157968
17 42 -0.0198315
17 43 -0.0234254
17 44 -0.0248449
17 45 -0.0274659
17 46 -0.026775
17 47 -0.0282085
17 48 -0.026241
17 49 -0.0265558
17 50 -0.0241057
17 51 -0.0235803
17 52 -0.0212329
17 53 -0.0202333
17 54 -0.0183424
17 55 -0.0172222
17 56 -0.0159562
17 57 -0.0150056
17 58 -0.0144069
17 59 -0.0138411
17 60 -0.0138721
17 61 -0.0138411
17 62 -0.0144069
17 63 -0.0150056
17 64 -0.0159562
17 65 -0.0172222
17 66 -0.0183424
17 67 -0.0202333
17 68 -0.0212329
17 69 -0.0235803
17 70 -0.0241057
17 71 -0.0265558
17 72 -0.026241
17 73 -0.0282085
17 74 -0.026775
17 75 -0.0274659
17 76 -0.0248449
17 77 -0.0234254
17 78 -0.0198315
17 79 -0.0157968
17 80 -0.0116624
17 81 -0.00534402
17 82 -0.00110963
17 83 0.00597181
17 84 0.0100137
17 85 0.0154277
17 86 0.0189014
17 87 0.0204917
17 88 0.0223354
17 89 0.0197409
17 90 0.018164
17 91 0.0132139
17 92 0.00740845
17 93 0.00245026
17 94 -0.00510189
17 95 -0.00939736
17 96 -0.0140807
17 97 -0.0177649
17 98 -0.0172444
17 99 -0.0168716
17 100 -0.0119269
17 101 -0.00381454
17 102 0.00301766
17 103 0.0114369
17 104 0.0167808
17 105 0.0173409
17 106 0.017309
17 107 0.0130787
17 108 0.00413714
17 109 -0.00404805
17 110 -0.0106577
17 111 -0.0161109
17 112 -0.0192861
17 113 -0.0187863
17 114 -0.0129422
17 115 -0.00416954
17 116 0.00350579
17 117 0.0109369
17 118 0.017922
17 119 0

18 0 0
18 1 0.0186199
18 2 0.0126762
18 3 0.00446413
18 4 -0.00388814
18 5 -0.0127509
18 6 -0.0192148
18 7 -0.0193261
18 8 -0.0152398
18 9 -0.0101804
18 10 -0.00288973
18 11 0.00705708
18 12 0.0159691
18 13 0.019577
18 14 0.0184638
18 15 0.01572
18 16 0.00912807
18 17 -0.000841017
18 18 -0.00844207
18 19 -0.0152843
18 20 -0.0204033
18 21 -0.0199595
18 22 -0.0190444
18 23 -0.0155791
18 24 -0.00870951
18 25 -0.00354536
18 26 0.00453162
18 27 0.0115073
18 28 0.0163081
18 29 0.0222787
18 30 0.0232799
18 31 0.0245337
18 32 0.0231251
18 33 0.0188389
18 34 0.0156788
18 35 0.00830693
18 36 0.00344676
18 37 -0.0036494
18 38 -0.009614
18 39 -0.014304
18 40 -0.0200312
18 41 -0.0219145
18 42 -0.0260115
18 43 -0.0257843
18 44 -0.0274873
18 45 -0.0261391
18 46 -0.0254845
18 47 -0.0238233
18 48 -0.0214012
18 49 -0.0199265
18 50 -0.0165159
18 51 -0.015475
18 52 -0.011771
18 53 -0.0112608
18 54 -0.00775368
18 55 -0.00780278
18 56 -0.00477182
18 57 -0.00539058
18 58 -0.00295644
18 59 -0.00416
18 60 -0.00234883
18 61 -0.00416
18 62 -0.00295644
18 63 -0.00539058
18 64 -0.00477182
18 65 -0.00780278
18 66 -0.00775368
18 67 -0.0112608
18 68 -0.011771
18 69 -0.015475
18 70 -0.0165159
18 71 -0.0199265
18 72 -0.0214012
18 73 -0.0238233
18 74 -0.0254845
18 75 -0.0261391
18 76 -0.0274873
18 77 -0.0257843
18 78 -0.0260115
18 79 -0.0219145
18 80 -0.0200312
18 81 -0.014304
18 82 -0.00961395
18 83 -0.00364921
18 84 0.00344741
18 85 0.00830905
18 86 0.0156851
18 87 0.0188562
18 88 0.0231687
18 89 0.0246328
18 90 0.0234819
18 91 0.0226424
18 92 0.0168692
18 93 0.0122062
18 94 0.00511907
18 95 -0.00354592
18 96 -0.00985727
18 97 -0.0181148
18 98 -0.022396
18 99 -0.0226232
18 100 -0.0206511
18 101 -0.012489
18 102 -0.00387877
18 103 0.00315522
18 104 0.0111285
18 105 0.0161027
18 106 0.0180485
18 107 0.0180076
18 108 0.0125575
18 109 0.00285057
18 110 -0.00566409
18 111 -0.0108528
18 112 -0.0148304
18 113 -0.0179228
18 114 -0.0160506
18 115 -0.00885918
18 116 -0.00124997
18 117 0.00584268
18 118 0.0133275
18 119 0

19 0 0
19 1 0.0155452
19 2 0.00789427
19 3 -0.000173297
19 4 -0.00818632
19 5 -0.0162687
19 6 -0.0193501
19 7 -0.0163874
19 8 -0.0125924
19 9 -0.00697264
19 10 0.00412477
19 11 0.0152669
19 12 0.0202117
19 13 0.0206015
19 14 0.0187228
19 15 0.0133945
19 16 0.00468109
19 17 -0.00509062
19 18 -0.0152843
19 19 -0.0239536
19 20 -0.0267723
19 21 -0.0252028
19 22 -0.0206151
19 23 -0.0121294
19 24 -0.00405208
19 25 0.00434375
19 26 0.0129803
19 27 0.0183621
19 28 0.0237081
19 29 0.0258522
19 30 0.0253334
19 31 0.0241533
19 32 0.018888
19 33 0.0143289
19 34 0.00753045
19 35 0.00065729
19 36 -0.00506814
19 37 -0.0120477
19 38 -0.0157076
19 39 -0.0206055
19 40 -0.022326
19 41 -0.0240376
19 42 -0.0243027
19 43 -0.0230063
19 44 -0.0222647
19 45 -0.0189466
19 46 -0.0175468
19 47 -0.0133802
19 48 -0.0116095
19 49 -0.00753762
19 50 -0.00564439
19 51 -0.00223475
19 52 -0.000421096
19 53 0.00209526
19 54 0.00368227
19 55 0.00529742
19 56 0.00655955
19 57 0.00737558
19 58 0.00824264
19 59 0.00839068
19 60 0.00879429
19 61 0.00839068
19 62 0.00824264
19 63 0.00737558
19 64 0.00655955
19 65 0.00529742
19 66 0.00368227
19 67 0.00209526
19 68 -0.000421096
19 69 -0.00223475
19 70 -0.00564439
19 71 -0.00753762
19 72 -0.0116095
19 73 -0.0133802
19 74 -0.0175468
19 75 -0.0189466
19 76 -0.0222647
19 77 -0.0230063
19 78 -0.0243027
19 79 -0.0240376
19 80 -0.022326
19 81 -0.0206055
19 82 -0.0157075
19 83 -0.0120473
19 84 -0.00506691
19 85 0.00066107
19 86 0.00754121
19 87 0.014357
19 88 0.0189548
19 89 0.0242969
19 90 0.0256082
19 91 0.0263111
19 92 0.0243501
19 93 0.0190449
19 94 0.0133413
19 95 0.0038357
19 96 -0.0058928
19 97 -0.0151995
19 98 -0.023862
19 99 -0.0268669
19 100 -0.025474
19 101 -0.0199536
19 102 -0.0106001
19 103 -0.00193253
19 104 0.00570876
19 105 0.0131607
19 106 0.0176789
19 107 0.0180477
19 108 0.0160944
19 109 0.0114679
19 110 0.00250467
19 111 -0.00674162
19 112 -0.0115064
19 113 -0.0139885
19 114 -0.0154534
19 115 -0.0127365
19 116 -0.00639566
19 117 0.000546748
19 118 0.00751471
19 119 0

20 0 0
20 1 0.0107687
20 2 0.00246196
20 3 -0.00493007
20 4 -0.0113777
20 5 -0.0165952
20 6 -0.0171597
20 7 -0.013849
20 8 -0.00853678
20 9 0.000547059
20 10 0.010566
20 11 0.0165807
20 12 0.0201839
20 13 0.0212582
20 14 0.0168554
20 15 0.00953881
20 16 0.000808111
20 17 -0.0102854
20 18 -0.0204033
20 19 -0.0267723
20 20 -0.0285042
20 21 -0.0246628
20 22 -0.0171279
20 23 -0.00801126
20 24 0.00160954
20 25 0.0102336
20 26 0.0171349
20 27 0.0221045
20 28 0.0246164
20 29 0.0245405
20 30 0.0224114
20 31 0.0180928
20 32 0.0124485
20 33 0.00612953
20 34 -0.000723384
20 35 -0.00676576
20 36 -0.0123938
20 37 -0.0166027
20 38 -0.0194994
20 39 -0.0211886
20 40 -0.0211169
20 41 -0.0203669
20 42 -0.0180296
20 43 -0.015454
20 44 -0.0119202
20 45 -0.00835923
20 46 -0.0046031
20 47 -0.000841502
20 48 0.00248193
20 49 0.0058872
20 50 0.00846681
20 51 0.0112305
20 52 0.0130159
20 53 0.015076
20 54 0.0161655
20 55 0.0175962
20 56 0.0181388
20 57 0.0190656
20 58 0.0191942
20 59 0.0197302
20 60 0.0195228
20 61 0.0197302
20 62 0.0191942
20 63 0.0190656
20 64 0.0181388
20 65 0.0175962
20 66 0.0161655
20 67 0.015076
20 68 0.0130159
20 69 0.0112305
20 70 0.00846681
20 71 0.0058872
20 72 0.00248193
20 73 -0.000841502
20 74 -0.0046031
20 75 -0.00835923
20 76 -0.0119202
20 77 -0.015454
20 78 -0.0180296
20 79 -0.0203669
20 80 -0.0211169
20 81 -0.0211885
20 82 -0.0194992
20 83 -0.016602
20 84 -0.0123916
20 85 -0.0067593
20 86 -0.000705852
20 87 0.0061731
20 88 0.0125468
20 89 0.0182922
20 90 0.0227688
20 91 0.0250908
20 92 0.0253023
20 93 0.0226853
20 94 0.0171465
20 95 0.00912295
20 96 -0.000881605
20 97 -0.0113548
20 98 -0.0198553
20 99 -0.0250112
20 100 -0.0257257
20 101 -0.0220397
20 102 -0.0161315
20 103 -0.00816411
20 104 0.00098455
20 105 0.00875228
20 106 0.015058
20 107 0.0177879
20 108 0.0158661
20 109 0.0136928
20 110 0.010131
20 111 0.00152805
20 112 -0.00670669
20 113 -0.0105219
20 114 -0.0130606
20 115 -0.013873
20 116 -0.0104664
20 117 -0.00496707
20 118 0.00090592
20 119 0

21 0 0
21 1 0.00466794
