0 0 0
0 1 0
0 2 0
0 3 0
0 4 0
0 5 0
0 6 0
0 7 0
0 8 0
0 9 0
0 10 0
0 11 0
0 12 0
0 13 0
0 14 0
0 15 0
0 16 0
0 17 0
0 18 0
0 19 0
0 20 0
0 21 0
0 22 0
0 23 0
0 24 0
0 25 0
0 26 0
0 27 0
0 28 0
0 29 0
0 30 0
0 31 0
0 32 0
0 33 0
0 34 0
0 35 0
0 36 0
0 37 0
0 38 0
0 39 0
0 40 0
0 41 0
0 42 0
0 43 0
0 44 0
0 45 0
0 46 0
0 47 0
0 48 0
0 49 0
0 50 0
0 51 0
0 52 0
0 53 0
0 54 0
0 55 0
0 56 0
0 57 0
0 58 0
0 59 0
0 60 0
0 61 0
0 62 0
0 63 0
0 64 0
0 65 0
0 66 0
0 67 0
0 68 0
0 69 0
0 70 0
0 71 0
0 72 0
0 73 0
0 74 0
0 75 0
0 76 0
0 77 0
0 78 0
0 79 0
0 80 0
0 81 0
0 82 0
0 83 0
0 84 0
0 85 0
0 86 0
0 87 0
0 88 0
0 89 0
0 90 0
0 91 0
0 92 0
0 93 0
0 94 0
0 95 0
0 96 0
0 97 0
0 98 0
0 99 0
0 100 0
0 101 0
0 102 0
0 103 0
0 104 0
0 105 0
0 106 0
0 107 0
0 108 0
0 109 0
0 110 0
0 111 0
0 112 0
0 113 0
0 114 0
0 115 0
0 116 0
0 117 0
0 118 0
0 119 0

1 0 0
1 1 0.0224258
1 2 0.0201338
1 3 0.014411
1 4 0.00640126
1 5 -0.00201762
1 6 -0.00929668
1 7 -0.0139732
1 8 -0.0158861
1 9 -0.0144303
1 10 -0.0102179
1 11 -0.00416997
1 12 0.00223705
1 13 0.00785066
1 14 0.0123876
1 15 0.0148693
1 16 0.0153784
1 17 0.0136461
1 18 0.0106184
1 19 0.00623722
1 20 0.00114974
1 21 -0.00423941
1 22 -0.00951525
1 23 -0.0144102
1 24 -0.0190424
1 25 -0.0221147
1 26 -0.0242726
1 27 -0.0245582
1 28 -0.0236563
1 29 -0.0210534
1 30 -0.0174109
1 31 -0.0130689
1 32 -0.00794145
1 33 -0.0025348
1 34 0.00289845
1 35 0.00820246
1 36 0.0134606
1 37 0.0177576
1 38 0.0218958
1 39 0.0248361
1 40 0.0272539
1 41 0.0283119
1 42 0.0286808
1 43 0.0278035
1 44 0.0263244
1 45 0.0241114
1 46 0.0219924
1 47 0.0196015
1 48 0.0178214
1 49 0.0163669
1 50 0.0152081
1 51 0.0143879
1 52 0.0135439
1 53 0.0122791
1 54 0.0108761
1 55 0.00914361
1 56 0.00710127
1 57 0.00552892
1 58 0.00420438
1 59 0.0035108
1 60 0.00376097
1 61 0.0046499
1 62 0.00577874
1 63 0.00740323
1 64 0.00870606
1 65 0.00972929
1 66 0.0106063
1 67 0.0111462
1 68 0.0116688
1 69 0.0126583
1 70 0.0139763
1 71 0.0158008
1 72 0.0183058
1 73 0.0207734
1 74 0.0234472
1 75 0.0256623
1 76 0.0274241
1 77 0.0282209
1 78 0.0284831
1 79 0.0276
1 80 0.0262873
1 81 0.023812
1 82 0.0211197
1 83 0.017226
1 84 0.0130483
1 85 0.00825029
1 86 0.00315739
1 87 -0.00226768
1 88 -0.00723576
1 89 -0.0122143
1 90 -0.0166028
1 91 -0.0201322
1 92 -0.0229846
1 93 -0.0244935
1 94 -0.0250509
1 95 -0.0235619
1 96 -0.0209305
1 97 -0.0166214
1 98 -0.0111308
1 99 -0.00459747
1 100 0.00204951
1 101 0.00842432
1 102 0.0138869
1 103 0.0173118
1 104 0.0182212
1 105 0.0161456
1 106 0.0119677
1 107 0.00559505
1 108 -0.00156169
1 109 -0.00852415
1 110 -0.0137275
1 111 -0.0163253
1 112 -0.0159572
1 113 -0.0121511
1 114 -0.00595007
1 115 0.00189452
1 116 0.00945584
1 117 0.01589
1 118 0.0198883
1 119 0

2 0 0
2 1 0.0201338
2 2 0.0160502
2 3 0.0094189
2 4 0.0010047
2 5 -0.0066744
2 6 -0.0125097
2 7 -0.0154788
2 8 -0.0154445
2 9 -0.0126411
2 10 -0.00718571
2 11 -0.00100324
2 12 0.00494153
2 13 0.00956679
2 14 0.0125367
2 15 0.0135783
2 16 0.0123026
2 17 0.00955725
2 18 0.00562703
2 19 0.000746853
2 20 -0.00442717
2 21 -0.0094234
2 22 -0.0137731
2 23 -0.0174874
2 24 -0.0203504
2 25 -0.0213236
2 26 -0.0208637
2 27 -0.0187096
2 28 -0.0149157
2 29 -0.010232
2 30 -0.00508551
2 31 -0.000331089
2 32 0.00415072
2 33 0.00805504
2 34 0.0111935
2 35 0.0142391
2 36 0.0171213
2 37 0.0194891
2 38 0.0219497
2 39 0.0238295
2 40 0.0249585
2 41 0.025226
2 42 0.0243014
2 43 0.0222224
2 44 0.0191723
2 45 0.0155799
2 46 0.0120739
2 47 0.00888608
2 48 0.00664583
2 49 0.00547028
2 50 0.0048095
2 51 0.00481281
2 52 0.00476573
2 53 0.00399809
2 54 0.00274929
2 55 0.00083021
2 56 -0.00179698
2 57 -0.00397956
2 58 -0.00565019
2 59 -0.00647162
2 60 -0.00600132
2 61 -0.00468386
2 62 -0.00286123
2 63 -0.000598349
2 64 0.000946227
2 65 0.0018193
2 66 0.00220441
2 67 0.00187986
2 68 0.00151169
2 69 0.00184278
2 70 0.00272181
2 71 0.00473895
2 72 0.00777725
2 73 0.0112589
2 74 0.014953
2 75 0.0182898
2 76 0.020837
2 77 0.0224655
2 78 0.0231152
2 79 0.0231426
2 80 0.0225965
2 81 0.0216201
2 82 0.0207845
2 83 0.019418
2 84 0.0177772
2 85 0.0158817
2 86 0.0130166
2 87 0.00931396
2 88 0.00501025
2 89 -0.000193415
2 90 -0.00559785
2 91 -0.0109857
2 92 -0.0155712
2 93 -0.0191636
2 94 -0.0215611
2 95 -0.0219046
2 96 -0.0207953
2 97 -0.0183084
2 98 -0.014328
2 99 -0.00929379
2 100 -0.00358625
2 101 0.00220157
2 102 0.00761883
2 103 0.0120855
2 104 0.0142133
2 105 0.0141952
2 106 0.0119607
2 107 0.00766858
2 108 0.00188771
2 109 -0.00472617
2 110 -0.0101893
2 111 -0.0140422
2 112 -0.0152759
2 113 -0.013667
2 114 -0.00934738
2 115 -0.00282135
2 116 0.00410665
2 117 0.0107715
2 118 0.0155975
2 119 0

3 0 0
3 1 0.014411
3 2 0.0094189
3 3 0.00240531
3 4 -0.00482835
3 5 -0.0106586
3 6 -0.0140198
3 7 -0.0142705
3 8 -0.0125465
3 9 -0.00806458
3 10 -0.00273389
3 11 0.00295384
3 12 0.00710424
3 13 0.00955465
3 14 0.0106115
3 15 0.0091606
3 16 0.00693429
3 17 0.00295365
3 18 -0.000567597
3 19 -0.00523059
3 20 -0.00929585
3 21 -0.0126657
3 22 -0.0153357
3 23 -0.016566
3 24 -0.0174161
3 25 -0.0153064
3 26 -0.0128259
3 27 -0.00790935
3 28 -0.00255649
3 29 0.00363996
3 30 0.00885812
3 31 0.0130143
3 32 0.0157543
3 33 0.0170244
3 34 0.0171249
3 35 0.016537
3 36 0.0166258
3 37 0.0156543
3 38 0.0165458
3 39 0.0164701
3 40 0.0168759
3 41 0.0159144
3 42 0.0146336
3 43 0.0110966
3 44 0.00771046
3 45 0.00296994
3 46 -0.000872127
3 47 -0.00448952
3 48 -0.00631324
3 49 -0.00712842
3 50 -0.0065422
3 51 -0.00543488
3 52 -0.00432113
3 53 -0.00423576
3 54 -0.0049036
3 55 -0.0067354
3 56 -0.00949242
3 57 -0.0117859
3 58 -0.0137999
3 59 -0.0147177
3 60 -0.0139585
3 61 -0.0120933
3 62 -0.00999535
3 63 -0.00740342
3 64 -0.00582882
3 65 -0.00536408
3 66 -0.00578629
3 67 -0.00715398
3 68 -0.00868243
3 69 -0.00957108
3 70 -0.00924358
3 71 -0.00774472
3 72 -0.00463004
3 73 -0.00107539
3 74 0.00324442
3 75 0.0064817
3 76 0.00982481
3 77 0.0112264
3 78 0.0123824
3 79 0.012474
3 80 0.0132309
3 81 0.0132119
3 82 0.0153166
3 83 0.0163626
3 84 0.0184369
3 85 0.0196558
3 86 0.0201797
3 87 0.0188907
3 88 0.0165749
3 89 0.0124309
3 90 0.00716938
3 91 0.00147284
3 92 -0.0043995
3 93 -0.00889761
3 94 -0.0134102
3 95 -0.0150585
3 96 -0.0164244
3 97 -0.0158116
3 98 -0.0147469
3 99 -0.0120208
3 100 -0.00862698
3 101 -0.00486402
3 102 -0.000161449
3 103 0.00389745
3 104 0.00763585
3 105 0.00920428
3 106 0.0100272
3 107 0.00850974
3 108 0.00529956
3 109 0.000355812
3 110 -0.00478339
3 111 -0.00899452
3 112 -0.0121843
3 113 -0.0128356
3 114 -0.0115189
3 115 -0.00727259
3 116 -0.00216653
3 117 0.0036128
3 118 0.00875698
3 119 0

4 0 0
4 1 0.00640126
4 2 0.0010047
4 3 -0.00482835
4 4 -0.00987294
4 5 -0.0128077
4 6 -0.0127789
4 7 -0.0105438
4 8 -0.00661238
4 9 -0.00169777
4 10 0.00330516
4 11 0.00711792
4 12 0.00859963
4 13 0.00837974
4 14 0.00621899
4 15 0.00294835
4 16 -0.00113179
4 17 -0.00493758
4 18 -0.0079002
4 19 -0.0109143
4 20 -0.0126422
4 21 -0.0136208
4 22 -0.0132656
4 23 -0.0122888
4 24 -0.0102607
4 25 -0.00642158
4 26 -0.00161166
4 27 0.00436663
4 28 0.0110985
4 29 0.0174121
4 30 0.021959
4 31 0.0246022
4 32 0.0244932
4 33 0.0226437
4 34 0.0187337
4 35 0.0148845
4 36 0.0111884
4 37 0.008035
4 38 0.00631938
4 39 0.0053407
4 40 0.00443451
4 41 0.00342217
4 42 0.00156897
4 43 -0.00173946
4 44 -0.00555923
4 45 -0.0101381
4 46 -0.0140249
4 47 -0.0171987
4 48 -0.0183688
4 49 -0.0181054
4 50 -0.0162753
4 51 -0.0139163
4 52 -0.0113055
4 53 -0.0103048
4 54 -0.010084
4 55 -0.0116221
4 56 -0.0140508
4 57 -0.0167033
4 58 -0.0184007
4 59 -0.0193816
4 60 -0.0183104
4 61 -0.0165295
4 62 -0.0138156
4 63 -0.0113471
4 64 -0.00981297
4 65 -0.0100764
4 66 -0.0111839
4 67 -0.0139599
4 68 -0.0165637
4 69 -0.0187172
4 70 -0.0193879
4 71 -0.0187184
4 72 -0.0161122
4 73 -0.0128854
4 74 -0.00898304
4 75 -0.00590355
4 76 -0.00325992
4 77 -0.00207742
4 78 -0.00154132
4 79 -0.00105219
4 80 -0.0001902
4 81 0.00151236
4 82 0.00502674
4 83 0.00924313
4 84 0.0140793
4 85 0.019269
4 86 0.0229583
4 87 0.0252637
4 88 0.0251578
4 89 0.0231299
4 90 0.018938
4 91 0.0136687
4 92 0.0081664
4 93 0.00313614
4 94 -0.00169724
4 95 -0.00496301
4 96 -0.0077223
4 97 -0.0101468
4 98 -0.011833
4 99 -0.0129379
4 100 -0.0126077
4 101 -0.0117443
4 102 -0.00909224
4 103 -0.00537483
4 104 -0.0012954
4 105 0.00266186
4 106 0.00599897
4 107 0.00823017
4 108 0.00805922
4 109 0.00571754
4 110 0.00200146
4 111 -0.00215482
4 112 -0.00628969
4 113 -0.00955146
4 114 -0.0109388
4 115 -0.010112
4 116 -0.00751116
4 117 -0.00386369
4 118 0.000351514
4 119 0

5 0 0
5 1 -0.00201762
5 2 -0.0066744
5 3 -0.0106586
5 4 -0.0128077
5 5 -0.0122744
5 6 -0.00921024
5 7 -0.00434171
5 8 0.000614255
5 9 0.00562899
5 10 0.00892618
5 11 0.0101917
5 12 0.00856707
5 13 0.00503324
5 14 0.000562787
5 15 -0.00483318
5 16 -0.0090261
5 17 -0.0124715
5 18 -0.0135977
5 19 -0.0143623
5 20 -0.0135545
5 21 -0.0115315
5 22 -0.00896185
5 23 -0.00537168
5 24 -0.00181129
5 25 0.00374187
5 26 0.0090745
5 27 0.0156248
5 28 0.0219011
5 29 0.0274136
5 30 0.0304232
5 31 0.0308757
5 32 0.0282888
5 33 0.0231381
5 34 0.0163326
5 35 0.00902428
5 36 0.00299159
5 37 -0.00266105
5 38 -0.00527277
5 39 -0.00719492
5 40 -0.00783696
5 41 -0.0087547
5 42 -0.0098209
5 43 -0.0128428
5 44 -0.0157573
5 45 -0.019818
5 46 -0.0229947
5 47 -0.0253063
5 48 -0.0255403
5 49 -0.0242063
5 50 -0.0210813
5 51 -0.0173783
5 52 -0.0138201
5 53 -0.0116028
5 54 -0.0108183
5 55 -0.0117692
5 56 -0.0140418
5 57 -0.016302
5 58 -0.0182228
5 59 -0.0189446
5 60 -0.0179204
5 61 -0.0156928
5 62 -0.0131675
5 63 -0.0106185
5 64 -0.00947797
5 65 -0.0100586
5 66 -0.0122094
5 67 -0.0156901
5 68 -0.0195077
5 69 -0.022745
5 70 -0.0244364
5 71 -0.0245674
5 72 -0.0229028
5 73 -0.020382
5 74 -0.0172584
5 75 -0.0152698
5 76 -0.0133946
5 77 -0.0134191
5 78 -0.0136882
5 79 -0.0141264
5 80 -0.0132101
5 81 -0.0114592
5 82 -0.00636989
5 83 -0.000680644
5 84 0.00691626
5 85 0.0143997
5 86 0.0212275
5 87 0.0259332
5 88 0.0285621
5 89 0.028599
5 90 0.0263944
5 91 0.02265
5 92 0.0182311
5 93 0.0141788
5 94 0.00942839
5 95 0.00615352
5 96 0.00199044
5 97 -0.00186791
5 98 -0.0066577
5 99 -0.0107077
5 100 -0.0140736
5 101 -0.016492
5 102 -0.0164342
5 103 -0.014512
5 104 -0.01026
5 105 -0.0053187
5 106 0.000822637
5 107 0.00614035
5 108 0.00967684
5 109 0.0102952
5 110 0.00871986
5 111 0.00549752
5 112 0.000721131
5 113 -0.00415934
5 114 -0.00855631
5 115 -0.0106069
5 116 -0.0112416
5 117 -0.00993237
5 118 -0.00726287
5 119 0

6 0 0
6 1 -0.00929668
6 2 -0.0125097
6 3 -0.0140198
6 4 -0.0127789
6 5 -0.00921024
6 6 -0.00322243
6 7 0.00307151
6 8 0.00859209
6 9 0.0124979
6 10 0.0135411
6 11 0.0117991
6 12 0.00672946
6 13 0.000474592
6 14 -0.00651695
6 15 -0.0127001
6 16 -0.0169453
6 17 -0.018684
6 18 -0.0175978
6 19 -0.0154394
6 20 -0.0114865
6 21 -0.00698319
6 22 -0.0019985
6 23 0.00260335
6 24 0.00728944
6 25 0.0123814
6 26 0.0175064
6 27 0.0228522
6 28 0.0279908
6 29 0.0319041
6 30 0.0329493
6 31 0.0315112
6 32 0.026392
6 33 0.0191188
6 34 0.00987471
6 35 0.00101077
6 36 -0.0069146
6 37 -0.0129036
6 38 -0.0162988
6 39 -0.017585
6 40 -0.0177995
6 41 -0.0174503
6 42 -0.0175484
6 43 -0.0190926
6 44 -0.0210578
6 45 -0.0239076
6 46 -0.026141
6 47 -0.0274886
6 48 -0.0267346
6 49 -0.0245467
6 50 -0.0204185
6 51 -0.0160272
6 52 -0.0115125
6 53 -0.00880472
6 54 -0.00735767
6 55 -0.00813526
6 56 -0.00983562
6 57 -0.0122731
6 58 -0.0137834
6 59 -0.0145909
6 60 -0.0133545
6 61 -0.0114182
6 62 -0.00856819
6 63 -0.00646728
6 64 -0.00531946
6 65 -0.00642636
6 66 -0.00884745
6 67 -0.0131374
6 68 -0.0173877
6 69 -0.0214842
6 70 -0.0237579
6 71 -0.0247661
6 72 -0.0238179
6 73 -0.0222095
6 74 -0.0201333
6 75 -0.0192023
6 76 -0.0188008
6 77 -0.0201021
6 78 -0.0218725
6 79 -0.0232906
6 80 -0.0235366
6 81 -0.0217853
6 82 -0.0171529
6 83 -0.0104605
6 84 -0.00221206
6 85 0.00696243
6 86 0.0151544
6 87 0.0220537
6 88 0.0261877
6 89 0.0284138
6 90 0.0279487
6 91 0.0262097
6 92 0.0238141
6 93 0.021476
6 94 0.0186396
6 95 0.0159724
6 96 0.01232
6 97 0.00718792
6 98 0.000768641
6 99 -0.00646238
6 100 -0.0129707
6 101 -0.0189006
6 102 -0.0218586
6 103 -0.0219619
6 104 -0.0187033
6 105 -0.0129758
6 106 -0.00538827
6 107 0.00289553
6 108 0.00929394
6 109 0.0132594
6 110 0.0140102
6 111 0.0124152
6 112 0.00815749
6 113 0.00225241
6 114 -0.00369833
6 115 -0.00870274
6 116 -0.0118261
6 117 -0.0134708
6 118 -0.0128388
6 119 0

7 0 0
7 1 -0.0139732
7 2 -0.0154788
7 3 -0.0142705
7 4 -0.0105438
7 5 -0.00434171
7 6 0.00307151
7 7 0.00993292
7 8 0.0149641
7 9 0.0170271
7 10 0.0157888
7 11 0.010957
7 12 0.00351218
7 13 -0.00482225
7 14 -0.0127918
7 15 -0.0188447
7 16 -0.0219091
7 17 -0.0213783
7 18 -0.0179255
7 19 -0.0128423
7 20 -0.00672125
7 21 -0.000291157
7 22 0.00534532
7 23 0.0100725
7 24 0.0139941
7 25 0.0174688
7 26 0.0208067
7 27 0.023847
7 28 0.0269944
7 29 0.0286784
7 30 0.0281723
7 31 0.0251186
7 32 0.0190768
7 33 0.0107325
7 34 0.00125837
7 35 -0.00790175
7 36 -0.0155867
7 37 -0.0208454
7 38 -0.0233382
7 39 -0.0232937
7 40 -0.0220516
7 41 -0.0199948
7 42 -0.0186194
7 43 -0.018354
7 44 -0.0190859
7 45 -0.0204634
7 46 -0.02189
7 47 -0.0221253
7 48 -0.0209728
7 49 -0.0180913
7 50 -0.0138117
7 51 -0.00904539
7 52 -0.00465702
7 53 -0.00149751
7 54 -0.000168448
7 55 -0.000601622
7 56 -0.00226883
7 57 -0.00443954
7 58 -0.00605329
7 59 -0.00653824
7 60 -0.00563244
7 61 -0.00359949
7 62 -0.00100399
7 63 0.00108041
7 64 0.00193689
7 65 0.00100975
7 66 -0.00175132
7 67 -0.00578897
7 68 -0.010232
7 69 -0.0142778
7 70 -0.0169929
7 71 -0.0181234
7 72 -0.017985
7 73 -0.0168572
7 74 -0.0159478
7 75 -0.0159276
7 76 -0.0171062
7 77 -0.0196488
7 78 -0.0230815
7 79 -0.0259269
7 80 -0.0277557
7 81 -0.027179
7 82 -0.0238858
7 83 -0.0180258
7 84 -0.0103837
7 85 -0.00178881
7 86 0.00645874
7 87 0.0134253
7 88 0.0182694
7 89 0.0213447
7 90 0.0225934
7 91 0.0226001
7 92 0.0227535
7 93 0.0227289
7 94 0.0226562
7 95 0.0219549
7 96 0.0197971
7 97 0.015339
7 98 0.00838449
7 99 -0.000133267
7 100 -0.00902646
7 101 -0.0173547
7 102 -0.0232827
7 103 -0.0255754
7 104 -0.0240429
7 105 -0.0187404
7 106 -0.0107248
7 107 -0.00118042
7 108 0.00746125
7 109 0.0135858
7 110 0.0168026
7 111 0.0167404
7 112 0.0136859
7 113 0.00796805
7 114 0.00124146
7 115 -0.0050431
7 116 -0.0102702
7 117 -0.0137923
7 118 -0.0152857
7 119 0

8 0 0
8 1 -0.0158861
8 2 -0.0154445
8 3 -0.0125465
8 4 -0.00661238
8 5 0.000614255
8 6 0.00859209
8 7 0.0149641
8 8 0.0186219
8 9 0.0190461
8 10 0.0152235
8 11 0.00851332
8 12 -0.000674795
8 13 -0.00966282
8 14 -0.0174421
8 15 -0.0224634
8 16 -0.0233741
8 17 -0.0205998
8 18 -0.0146323
8 19 -0.0075269
8 20 0.000129519
8 21 0.00688988
8 22 0.0120598
8 23 0.0152517
8 24 0.0171713
8 25 0.0179323
8 26 0.0183679
8 27 0.0188664
8 28 0.0193289
8 29 0.019297
8 30 0.0173876
8 31 0.0140498
8 32 0.0080942
8 33 0.000696712
8 34 -0.00747378
8 35 -0.0149675
8 36 -0.0209247
8 37 -0.0241573
8 38 -0.0247333
8 39 -0.0228038
8 40 -0.0195642
8 41 -0.0158827
8 42 -0.0127447
8 43 -0.0111371
8 44 -0.01042
8 45 -0.010821
8 46 -0.0113181
8 47 -0.0111888
8 48 -0.0097201
8 49 -0.00724794
8 50 -0.00313855
8 51 0.000957425
8 52 0.00490476
8 53 0.00754049
8 54 0.00869527
8 55 0.00795438
8 56 0.00657175
8 57 0.00433437
8 58 0.00284214
8 59 0.00220425
8 60 0.00312064
8 61 0.00489822
8 62 0.00743296
8 63 0.00913108
8 64 0.0102084
8 65 0.00941185
8 66 0.00715739
8 67 0.00360351
8 68 -8.5071e-05
8 69 -0.00380397
8 70 -0.00589559
8 71 -0.00705258
8 72 -0.00691866
8 73 -0.00629908
8 74 -0.00587128
8 75 -0.00678511
8 76 -0.0087327
8 77 -0.0125197
8 78 -0.01704
8 79 -0.0215067
8 80 -0.0248829
8 81 -0.0261583
8 82 -0.0249131
8 83 -0.0211489
8 84 -0.0156411
8 85 -0.00916902
8 86 -0.00277284
8 87 0.00291637
8 88 0.00680812
8 89 0.00994051
8 90 0.0116427
8 91 0.0133052
8 92 0.0152615
8 93 0.0179824
8 94 0.0208171
8 95 0.0229753
8 96 0.0233891
8 97 0.0209286
8 98 0.0151283
8 99 0.00669976
8 100 -0.00290999
8 101 -0.0128501
8 102 -0.0206068
8 103 -0.0253763
8 104 -0.0255005
8 105 -0.0217385
8 106 -0.0144522
8 107 -0.00492319
8 108 0.00418424
8 109 0.0118904
8 110 0.0163347
8 111 0.0180938
8 112 0.0163345
8 113 0.011735
8 114 0.00564014
8 115 -0.00102942
8 116 -0.00670105
8 117 -0.0116669
8 118 -0.0144599
8 119 0

9 0 0
9 1 -0.0144303
9 2 -0.0126411
9 3 -0.00806458
9 4 -0.00169777
9 5 0.00562899
9 6 0.0124979
9 7 0.0170271
9 8 0.0190461
9 9 0.016982
9 10 0.0118241
9 11 0.00358989
9 12 -0.00551583
9 13 -0.013768
9 14 -0.0202714
9 15 -0.0227755
9 16 -0.0217285
9 17 -0.0161327
9 18 -0.00877746
9 19 -8.70718e-05
9 20 0.00772802
9 21 0.0138211
9 22 0.0173206
9 23 0.0178627
9 24 0.017095
9 25 0.0140382
9 26 0.0117242
9 27 0.00894113
9 28 0.00766135
9 29 0.00598012
9 30 0.00409106
9 31 0.0012581
9 32 -0.00304881
9 33 -0.00835745
9 34 -0.0137982
9 35 -0.0182607
9 36 -0.021634
9 37 -0.0216289
9 38 -0.0203315
9 39 -0.0160833
9 40 -0.0115987
9 41 -0.00623983
9 42 -0.00245282
9 43 0.00074227
9 44 0.00174783
9 45 0.00234243
9 46 0.00179707
9 47 0.00220757
9 48 0.00290489
9 49 0.00494204
9 50 0.00770397
9 51 0.0107523
9 52 0.0133838
9 53 0.0153318
9 54 0.0156543
9 55 0.0147572
9 56 0.0132141
9 57 0.0109571
9 58 0.00950883
9 59 0.00907255
9 60 0.0095552
9 61 0.0110457
9 62 0.0133957
9 63 0.0150188
9 64 0.0160961
9 65 0.0159285
9 66 0.0142813
9 67 0.0119069
9 68 0.00929702
9 69 0.00690057
9 70 0.00542714
9 71 0.00517748
9 72 0.0054007
9 73 0.0064073
9 74 0.00640958
9 75 0.00576207
9 76 0.00296022
9 77 -0.000748662
9 78 -0.00616032
9 79 -0.0110943
9 80 -0.0161378
9 81 -0.018646
9 82 -0.0203447
9 83 -0.0188642
9 84 -0.0166425
9 85 -0.0131138
9 86 -0.00973149
9 87 -0.0065364
9 88 -0.00472919
9 89 -0.00302847
9 90 -0.00156805
9 91 0.000302338
9 92 0.00405099
9 93 0.00851208
9 94 0.014718
9 95 0.019458
9 96 0.0233159
9 97 0.0233848
9 98 0.0201153
9 99 0.0131087
9 100 0.004113
9 101 -0.00568955
9 102 -0.0148525
9 103 -0.020853
9 104 -0.0235236
9 105 -0.0214362
9 106 -0.0164984
9 107 -0.00853139
9 108 -0.000267294
9 109 0.00718697
9 110 0.0126264
9 111 0.0153517
9 112 0.0157137
9 113 0.01292
9 114 0.00879008
9 115 0.00339152
9 116 -0.00174114
9 117 -0.00671124
9 118 -0.01064
9 119 0

10 0 0
10 1 -0.0102179
10 2 -0.00718571
10 3 -0.00273389
10 4 0.00330516
10 5 0.00892618
10 6 0.0135411
10 7 0.0157888
10 8 0.0152235
10 9 0.0118241
10 10 0.00520372
10 11 -0.00268363
10 12 -0.0107485
10 13 -0.017035
10 14 -0.0206373
10 15 -0.0206674
10 16 -0.0163891
10 17 -0.00911555
10 18 -0.000252555
10 19 0.00848713
10 20 0.0155339
10 21 0.0197304
10 22 0.0204164
10 23 0.0180514
10 24 0.0137694
10 25 0.00782578
10 26 0.00222504
10 27 -0.00235501
10 28 -0.0056677
10 29 -0.00766428
10 30 -0.00924423
10 31 -0.0103656
10 32 -0.0121528
10 33 -0.0142434
10 34 -0.0159578
10 35 -0.0171619
10 36 -0.0170896
10 37 -0.0147994
10 38 -0.0110992
10 39 -0.00584578
10 40 -1.83234e-05
10 41 0.0054429
10 42 0.00993568
10 43 0.012856
10 44 0.0143886
10 45 0.014682
10 46 0.014191
10 47 0.0138754
10 48 0.0139197
10 49 0.014398
10 50 0.01589
10 51 0.0172451
10 52 0.0183865
10 53 0.0190975
10 54 0.0186633
10 55 0.0172672
10 56 0.0157577
10 57 0.0136648
10 58 0.0121871
10 59 0.0116573
10 60 0.0119689
10 61 0.0132394
10 62 0.0151506
10 63 0.016512
10 64 0.0178128
10 65 0.0182096
10 66 0.0175437
10 67 0.0165291
10 68 0.0154125
10 69 0.0142591
10 70 0.0142533
10 71 0.0147865
10 72 0.0158186
10 73 0.0171117
10 74 0.0177345
10 75 0.0171449
10 76 0.0152062
10 77 0.0115989
10 78 0.00690832
10 79 0.00155419
10 80 -0.00355982
10 81 -0.00762718
10 82 -0.0107665
10 83 -0.0122138
10 84 -0.0127469
10 85 -0.013019
10 86 -0.0129727
10 87 -0.0131979
10 88 -0.0140491
10 89 -0.0143826
10 90 -0.0142433
10 91 -0.0124064
10 92 -0.00860606
10 93 -0.00249075
10 94 0.00538541
10 95 0.0130423
10 96 0.0195652
10 97 0.0232476
10 98 0.0228928
10 99 0.0187605
10 100 0.0116554
10 101 0.00279899
10 102 -0.00613286
10 103 -0.0137298
10 104 -0.0178561
10 105 -0.0187147
10 106 -0.0163202
10 107 -0.0113483
10 108 -0.0053512
10 109 0.000926211
10 110 0.00567336
10 111 0.00929446
10 112 0.0109739
10 113 0.0107973
10 114 0.00922576
10 115 0.00638028
10 116 0.00333839
10 117 -0.000568313
10 118 -0.0041822
10 119 0

11 0 0
11 1 -0.00416997
11 2 -0.00100324
11 3 0.00295384
11 4 0.00711792
11 5 0.0101917
11 6 0.0117991
11 7 0.010957
11 8 0.00851332
11 9 0.00358989
11 10 -0.00268363
11 11 -0.00951666
11 12 -0.01505
11 13 -0.0182025
11 14 -0.0188455
11 15 -0.015517
11 16 -0.00941653
11 17 -0.000411631
11 18 0.0082644
11 19 0.0165269
11 20 0.0219124
11 21 0.0236798
11 22 0.0217741
11 23 0.016199
11 24 0.00942281
11 25 0.000440921
11 26 -0.00685447
11 27 -0.0132247
11 28 -0.0168564
11 29 -0.0188338
11 30 -0.0189064
11 31 -0.0179868
11 32 -0.0168925
11 33 -0.0156399
11 34 -0.0140493
11 35 -0.0118014
11 36 -0.00939333
11 37 -0.00469282
11 38 -0.000350112
11 39 0.00553134
11 40 0.0107092
11 41 0.0158905
11 42 0.0192367
11 43 0.0220296
11 44 0.022599
11 45 0.0226999
11 46 0.021418
11 47 0.0205407
11 48 0.0192886
11 49 0.0186582
11 50 0.0183369
11 51 0.0180905
11 52 0.0176588
11 53 0.0172511
11 54 0.0160103
11 55 0.0144173
11 56 0.0129698
11 57 0.0110364
11 58 0.00988112
11 59 0.00947081
11 60 0.00946445
11 61 0.0101978
11 62 0.0117567
11 63 0.0128161
11 64 0.0141208
11 65 0.0150573
11 66 0.0153208
11 67 0.015598
11 68 0.0159172
11 69 0.016314
11 70 0.0173146
11 71 0.0189558
11 72 0.0205703
11 73 0.0226186
11 74 0.0236476
11 75 0.0242226
11 76 0.0228734
11 77 0.0209105
11 78 0.017216
11 79 0.0133009
11 80 0.00845339
11 81 0.00473215
11 82 9.14562e-05
11 83 -0.00269224
11 84 -0.00600833
11 85 -0.00887794
11 86 -0.0120911
11 87 -0.0151698
11 88 -0.0188716
11 89 -0.0215973
11 90 -0.023124
11 91 -0.0225457
11 92 -0.0189052
11 93 -0.0128197
11 94 -0.00349744
11 95 0.00534041
11 96 0.0144657
11 97 0.0204768
11 98 0.0234811
11 99 0.0221741
11 100 0.0178022
11 101 0.0112154
11 102 0.00308831
11 103 -0.00425799
11 104 -0.0101254
11 105 -0.0129883
11 106 -0.0141679
11 107 -0.0127088
11 108 -0.0101325
11 109 -0.00643627
11 110 -0.00297609
11 111 0.00031217
11 112 0.00353678
11 113 0.00565559
11 114 0.00750717
11 115 0.00780158
11 116 0.00776083
11 117 0.00593202
11 118 0.00306476
11 119 0

12 0 0
12 1 0.00223705
12 2 0.00494153
12 3 0.00710424
12 4 0.00859963
12 5 0.00856707
12 6 0.00672946
12 7 0.00351218
12 8 -0.000674795
12 9 -0.00551583
12 10 -0.0107485
12 11 -0.01505
12 12 -0.0171606
12 13 -0.0168451
12 14 -0.013787
12 15 -0.00818274
12 16 -0.000155778
12 17 0.00868511
12 18 0.0165736
12 19 0.0228044
12 20 0.0256035
12 21 0.0246758
12 22 0.0197591
12 23 0.0122483
12 24 0.0032971
12 25 -0.0064641
12 26 -0.0148086
12 27 -0.020932
12 28 -0.0244906
12 29 -0.0253516
12 30 -0.0238059
12 31 -0.0206766
12 32 -0.0166935
12 33 -0.0126061
12 34 -0.00790131
12 35 -0.00360404
12 36 0.00085228
12 37 0.00583606
12 38 0.0104806
12 39 0.0149868
12 40 0.0191244
12 41 0.0222643
12 42 0.024336
12 43 0.0254375
12 44 0.0252857
12 45 0.0243828
12 46 0.0226399
12 47 0.0209274
12 48 0.0188601
12 49 0.016964
12 50 0.0152815
12 51 0.0136136
12 52 0.0117819
12 53 0.0104829
12 54 0.00871321
12 55 0.00721725
12 56 0.00597909
12 57 0.00474572
12 58 0.00378851
12 59 0.00360107
12 60 0.0032775
12 61 0.00372574
12 62 0.00445972
12 63 0.00520811
12 64 0.00623942
12 65 0.00757177
12 66 0.00848516
12 67 0.00999171
12 68 0.0114263
12 69 0.0129867
12 70 0.0149059
12 71 0.0171729
12 72 0.0192888
12 73 0.0216808
12 74 0.0234805
12 75 0.024817
12 76 0.0251346
12 77 0.0247285
12 78 0.0233572
12 79 0.0210563
12 80 0.0182243
12 81 0.0150491
12 82 0.011095
12 83 0.00726495
12 84 0.00303129
12 85 -0.00207848
12 86 -0.00720072
12 87 -0.0128584
12 88 -0.0185126
12 89 -0.0234458
12 90 -0.0267157
12 91 -0.0276138
12 92 -0.0255517
12 93 -0.0202284
12 94 -0.0118101
12 95 -0.00247761
12 96 0.0071432
12 97 0.0154455
12 98 0.0208228
12 99 0.0229962
12 100 0.0217801
12 101 0.0181848
12 102 0.0123108
12 103 0.00563298
12 104 -0.000366584
12 105 -0.00534458
12 106 -0.00918493
12 107 -0.0117955
12 108 -0.0128804
12 109 -0.0126578
12 110 -0.0116012
12 111 -0.00941573
12 112 -0.00602494
12 113 -0.00180125
12 114 0.00266224
12 115 0.00668974
12 116 0.00983795
12 117 0.0110273
12 118 0.00995172
12 119 0

13 0 0
13 1 0.00785066
13 2 0.00956679
13 3 0.00955465
13 4 0.00837974
13 5 0.00503324
13 6 0.000474592
13 7 -0.00482225
13 8 -0.00966282
13 9 -0.013768
13 10 -0.017035
13 11 -0.0182025
13 12 -0.0168451
13 13 -0.0130188
13 14 -0.00735346
13 15 -1.93213e-05
13 16 0.00815268
13 17 0.016032
13 18 0.0218524
13 19 0.0255345
13 20 0.0258034
13 21 0.0222999
13 22 0.0158715
13 23 0.00718261
13 24 -0.00183124
13 25 -0.0112212
13 26 -0.0186489
13 27 -0.0235753
13 28 -0.0258707
13 29 -0.0252807
13 30 -0.0221362
13 31 -0.0172753
13 32 -0.011606
13 33 -0.00562242
13 34 0.000276703
13 35 0.00564355
13 36 0.0101284
13 37 0.0145061
13 38 0.0175625
13 39 0.0199778
13 40 0.0215141
13 41 0.0221705
13 42 0.0219007
13 43 0.0212757
13 44 0.0198947
13 45 0.0182844
13 46 0.0162345
13 47 0.0141353
13 48 0.0116845
13 49 0.00907163
13 50 0.00650267
13 51 0.00384801
13 52 0.0013236
13 53 -0.000624857
13 54 -0.00232288
13 55 -0.00350907
13 56 -0.00401049
13 57 -0.00453363
13 58 -0.00479643
13 59 -0.0049048
13 60 -0.0052466
13 61 -0.00544158
13 62 -0.00537807
13 63 -0.00535585
13 64 -0.0046459
13 65 -0.00344591
13 66 -0.00197428
13 67 6.57138e-05
13 68 0.00229511
13 69 0.00446805
13 70 0.00680628
13 71 0.00907462
13 72 0.0111984
13 73 0.0134492
13 74 0.0155611
13 75 0.0176989
13 76 0.0194368
13 77 0.021089
13 78 0.022116
13 79 0.0224191
13 80 0.0219453
13 81 0.020773
13 82 0.0181302
13 83 0.0151431
13 84 0.0109283
13 85 0.00579554
13 86 -5.81812e-05
13 87 -0.00634225
13 88 -0.0129713
13 89 -0.019004
13 90 -0.0237173
13 91 -0.0261382
13 92 -0.0260727
13 93 -0.022691
13 94 -0.0161559
13 95 -0.00835921
13 96 0.000717929
13 97 0.00912003
13 98 0.0161557
13 99 0.0205515
13 100 0.0224037
13 101 0.0219124
13 102 0.0188122
13 103 0.013999
13 104 0.0085925
13 105 0.00286821
13 106 -0.00317169
13 107 -0.00885955
13 108 -0.0137093
13 109 -0.0167399
13 110 -0.0185722
13 111 -0.0179532
13 112 -0.0148878
13 113 -0.00959449
13 114 -0.00269056
13 115 0.00404794
13 116 0.0105226
13 117 0.0142927
13 118 0.0152
13 119 0

14 0 0
14 1 0.0123876
14 2 0.0125367
14 3 0.0106115
14 4 0.00621899
14 5 0.000562787
14 6 -0.00651695
14 7 -0.0127918
14 8 -0.0174421
14 9 -0.0202714
14 10 -0.0206373
14 11 -0.0188455
14 12 -0.013787
14 13 -0.00735346
14 14 0.000335349
14 15 0.00810303
14 16 0.0153544
14 17 0.0210533
14 18 0.0239193
14 19 0.0247253
14 20 0.0221292
14 21 0.0171471
14 22 0.00973477
14 23 0.00190254
14 24 -0.0060009
14 25 -0.0131265
14 26 -0.0183414
14 27 -0.0211698
14 28 -0.0215154
14 29 -0.0196318
14 30 -0.0150716
14 31 -0.0096909
14 32 -0.00311081
14 33 0.00283451
14 34 0.00884831
14 35 0.013324
14 36 0.016855
14 37 0.0191078
14 38 0.0199186
14 39 0.0192185
14 40 0.0177704
14 41 0.0154815
14 42 0.0127375
14 43 0.0105395
14 44 0.00809673
14 45 0.00624984
14 46 0.00423512
14 47 0.00254976
14 48 7.20279e-05
14 49 -0.00220917
14 50 -0.00531002
14 51 -0.00807313
14 52 -0.0110922
14 53 -0.0127879
14 54 -0.0143181
14 55 -0.0144297
14 56 -0.0143666
14 57 -0.0136047
14 58 -0.013364
14 59 -0.0128507
14 60 -0.0136196
14 61 -0.014129
14 62 -0.01518
14 63 -0.0155685
14 64 -0.0158203
14 65 -0.0147027
14 66 -0.0134676
14 67 -0.0109526
14 68 -0.00873746
14 69 -0.00619265
14 70 -0.00448491
14 71 -0.00251202
14 72 -0.00129231
14 73 0.000447662
14 74 0.00214111
14 75 0.00476975
14 76 0.0073471
14 77 0.0109248
14 78 0.0142379
14 79 0.0171743
14 80 0.0194447
14 81 0.0205763
14 82 0.0202069
14 83 0.0188097
14 84 0.0162793
14 85 0.0122098
14 86 0.0076833
14 87 0.00186699
14 88 -0.00390904
14 89 -0.0102563
14 90 -0.0152353
14 91 -0.0191602
14 92 -0.0208719
14 93 -0.0202296
14 94 -0.0166827
14 95 -0.011575
14 96 -0.00496643
14 97 0.00248911
14 98 0.00941458
14 99 0.0155179
14 100 0.01957
14 101 0.0223481
14 102 0.0221255
14 103 0.0200823
14 104 0.0160838
14 105 0.0106906
14 106 0.0037532
14 107 -0.00436483
14 108 -0.0116873
14 109 -0.0182514
14 110 -0.022431
14 111 -0.0242386
14 112 -0.0221665
14 113 -0.0166277
14 114 -0.0088179
14 115 0.00045422
14 116 0.00891238
14 117 0.0156622
14 118 0.0183839
14 119 0

15 0 0
15 1 0.0148693
15 2 0.0135783
15 3 0.0091606
15 4 0.00294835
15 5 -0.00483318
15 6 -0.0127001
15 7 -0.0188447
15 8 -0.0224634
15 9 -0.0227755
15 10 -0.0206674
15 11 -0.015517
15 12 -0.00818274
15 13 -1.93213e-05
15 14 0.00810303
15 15 0.014819
15 16 0.0200208
15 17 0.0223707
15 18 0.0222048
15 19 0.0197464
15 20 0.0153328
15 21 0.00919942
15 22 0.00260862
15 23 -0.00346429
15 24 -0.00862659
15 25 -0.0121789
15 26 -0.0144147
15 27 -0.0141738
15 28 -0.0129644
15 29 -0.00975548
15 30 -0.00522199
15 31 -1.35775e-05
15 32 0.00550813
15 33 0.0106632
15 34 0.015003
15 35 0.0178333
15 36 0.0192814
15 37 0.0187574
15 38 0.0168408
15 39 0.0129486
15 40 0.00874251
15 41 0.00364958
15 42 -0.00070992
15 43 -0.00444623
15 44 -0.00690218
15 45 -0.00866879
15 46 -0.00948116
15 47 -0.0105459
15 48 -0.0117162
15 49 -0.0136811
15 50 -0.0161279
15 51 -0.0187772
15 52 -0.0211792
15 53 -0.0228281
15 54 -0.0233058
15 55 -0.0226723
15 56 -0.0212843
15 57 -0.0195212
15 58 -0.0182899
15 59 -0.0177835
15 60 -0.0182647
15 61 -0.0194798
15 62 -0.0212739
15 63 -0.0227195
15 64 -0.0235037
15 65 -0.023218
15 66 -0.0218957
15 67 -0.019868
15 68 -0.017756
15 69 -0.0158823
15 70 -0.014654
15 71 -0.0142117
15 72 -0.0139922
15 73 -0.0139274
15 74 -0.0129214
15 75 -0.0110032
15 76 -0.00767507
15 77 -0.00338613
15 78 0.00189452
15 79 0.00667313
15 80 0.0114824
15 81 0.0146881
15 82 0.0169301
15 83 0.0175352
15 84 0.017215
15 85 0.0154774
15 86 0.013017
15 87 0.00952861
15 88 0.0055941
15 89 0.000819198
15 90 -0.00387365
15 91 -0.00796389
15 92 -0.0117612
15 93 -0.013488
15 94 -0.0138186
15 95 -0.0121432
15 96 -0.00898631
15 97 -0.00404279
15 98 0.00180357
15 99 0.00797786
15 100 0.0136604
15 101 0.0185787
15 102 0.0216433
15 103 0.0222635
15 104 0.0210399
15 105 0.0169653
15 106 0.0106554
15 107 0.00193415
15 108 -0.00719216
15 109 -0.0156194
15 110 -0.0226063
15 111 -0.0263606
15 112 -0.0263771
15 113 -0.0217728
15 114 -0.0139793
15 115 -0.00418771
15 116 0.00598693
15 117 0.0142684
15 118 0.0191228
15 119 0

16 0 0
16 1 0.0153784
16 2 0.0123026
16 3 0.00693429
16 4 -0.00113179
16 5 -0.0090261
16 6 -0.0169453
16 7 -0.0219091
16 8 -0.0233741
16 9 -0.0217285
16 10 -0.0163891
16 11 -0.00941653
16 12 -0.000155778
16 13 0.00815268
16 14 0.0153544
16 15 0.0200208
16 16 0.0215645
16 17 0.0203883
16 18 0.0162325
16 19 0.011292
16 20 0.00503402
16 21 -0.000662206
16 22 -0.00568732
16 23 -0.0084929
16 24 -0.0098888
16 25 -0.00944406
16 26 -0.0078075
16 27 -0.00526084
16 28 -0.00208806
16 29 0.00111793
16 30 0.00549139
16 31 0.00885202
16 32 0.012892
16 33 0.015575
16 34 0.0177802
16 35 0.0181947
16 36 0.0173457
16 37 0.0144038
16 38 0.00992828
16 39 0.00366647
16 40 -0.00301015
16 41 -0.00961353
16 42 -0.0154479
16 43 -0.0189722
16 44 -0.0213494
16 45 -0.0216576
16 46 -0.0213017
16 47 -0.0204514
16 48 -0.0206278
16 49 -0.0208397
16 50 -0.0228691
16 51 -0.0245101
16 52 -0.0266278
16 53 -0.0272601
16 54 -0.0271988
16 55 -0.0251392
16 56 -0.0230876
16 57 -0.0199376
16 58 -0.0181534
16 59 -0.0169353
16 60 -0.0178358
16 61 -0.0193204
16 62 -0.0222016
16 63 -0.0240393
16 64 -0.0259519
16 65 -0.0259578
16 66 -0.025381
16 67 -0.0234431
16 68 -0.0221413
16 69 -0.020592
16 70 -0.0210598
16 71 -0.0216838
16 72 -0.0235452
16 73 -0.0249518
16 74 -0.0258669
16 75 -0.0246021
16 76 -0.0222783
16 77 -0.0173393
16 78 -0.0116153
16 79 -0.00531215
16 80 0.000717546
16 81 0.00568373
16 82 0.00945029
16 83 0.0120576
16 84 0.013886
16 85 0.0147557
16 86 0.015329
16 87 0.0145682
16 88 0.0138248
16 89 0.0109986
16 90 0.00818029
16 91 0.0039937
16 92 -0.00030464
16 93 -0.00479614
16 94 -0.00832899
16 95 -0.010885
16 96 -0.0117672
16 97 -0.0103561
16 98 -0.00690371
16 99 -0.00141599
16 100 0.00456319
16 101 0.0116344
16 102 0.0170018
16 103 0.0213045
16 104 0.0226297
16 105 0.0213846
16 106 0.0167443
16 107 0.00868528
16 108 -0.000228472
16 109 -0.0101705
16 110 -0.0181358
16 111 -0.0243584
16 112 -0.026176
16 113 -0.0235089
16 114 -0.0172639
16 115 -0.00777755
16 116 0.00189908
16 117 0.0113909
16 118 0.0171265
16 119 0

17 0 0
17 1 0.0136461
17 2 0.00955725
17 3 0.00295365
17 4 -0.00493758
17 5 -0.0124715
17 6 -0.018684
17 7 -0.0213783
17 8 -0.0205998
17 9 -0.0161327
17 10 -0.00911555
17 11 -0.000411631
17 12 0.00868511
17 13 0.016032
17 14 0.0210533
17 15 0.0223707
17 16 0.0203883
17 17 0.0149528
17 18 0.00794217
17 19 0.000395852
17 20 -0.00634258
17 21 -0.0114626
17 22 -0.013896
17 23 -0.0131454
17 24 -0.0104968
17 25 -0.0055485
17 26 -0.000663421
17 27 0.00458615
17 28 0.00827352
17 29 0.0114159
17 30 0.0137824
17 31 0.0151439
17 32 0.016259
17 33 0.0167102
17 34 0.0163652
17 35 0.0147649
17 36 0.0121476
17 37 0.00726995
17 38 0.00138175
17 39 -0.0064041
17 40 -0.0138277
17 41 -0.0213133
17 42 -0.0266523
17 43 -0.0300031
17 44 -0.0307611
17 45 -0.0297717
17 46 -0.0270635
17 47 -0.024776
17 48 -0.02273
17 49 -0.022009
17 50 -0.0226852
17 51 -0.0238438
17 52 -0.0249547
17 53 -0.025454
17 54 -0.0242669
17 55 -0.0216549
17 56 -0.0184184
17 57 -0.0146211
17 58 -0.0119542
17 59 -0.0108645
17 60 -0.011426
17 61 -0.0135674
17 62 -0.0168824
17 63 -0.0196483
17 64 -0.0218835
17 65 -0.0227233
17 66 -0.0220335
17 67 -0.0207911
17 68 -0.0197304
17 69 -0.0192471
17 70 -0.0204601
17 71 -0.023119
17 72 -0.0263591
17 73 -0.0301325
17 74 -0.0325075
17 75 -0.033188
17 76 -0.0315003
17 77 -0.0277692
17 78 -0.0219426
17 79 -0.0159648
17 80 -0.00939173
17 81 -0.00424749
17 82 0.000557015
17 83 0.00389647
17 84 0.00729455
17 85 0.0102615
17 86 0.013355
17 87 0.0159076
17 88 0.01829
17 89 0.0187921
17 90 0.0178903
17 91 0.0152115
17 92 0.0102114
17 93 0.00436063
17 94 -0.00259491
17 95 -0.00851076
17 96 -0.0135689
17 97 -0.0157126
17 98 -0.0150164
17 99 -0.0112914
17 100 -0.00549935
17 101 0.00198964
17 102 0.00970571
17 103 0.0163239
17 104 0.0211372
17 105 0.0227525
17 106 0.0212024
17 107 0.0155086
17 108 0.00780523
17 109 -0.00138525
17 110 -0.0102912
17 111 -0.0176689
17 112 -0.0220686
17 113 -0.0219136
17 114 -0.0182197
17 115 -0.0109827
17 116 -0.00240729
17 117 0.00647836
17 118 0.0131483
17 119 0

18 0 0
18 1 0.0106184
18 2 0.00562703
18 3 -0.000567597
18 4 -0.0079002
18 5 -0.0135977
18 6 -0.0175978
18 7 -0.0179255
18 8 -0.0146323
18 9 -0.00877746
18 10 -0.000252555
18 11 0.0082644
18 12 0.0165736
18 13 0.0218524
18 14 0.0239193
18 15 0.0222048
18 16 0.0162325
18 17 0.00794217
18 18 -0.00179676
18 19 -0.0102721
18 20 -0.0169428
18 21 -0.0203303
18 22 -0.019754
18 23 -0.0154726
18 24 -0.00889502
18 25 -0.000752177
18 26 0.00688815
18 27 0.012898
18 28 0.0167128
18 29 0.0180721
18 30 0.0183578
18 31 0.0166263
18 32 0.014999
18 33 0.0128287
18 34 0.0103481
18 35 0.00736131
18 36 0.00370718
18 37 -0.00148818
18 38 -0.00774974
18 39 -0.0150706
18 40 -0.0223581
18 41 -0.0287382
18 42 -0.0332838
18 43 -0.0347709
18 44 -0.0340798
18 45 -0.0307369
18 46 -0.0261959
18 47 -0.0216784
18 48 -0.0182366
18 49 -0.0159076
18 50 -0.0159767
18 51 -0.016349
18 52 -0.0171758
18 53 -0.017131
18 54 -0.0156661
18 55 -0.0123654
18 56 -0.00874194
18 57 -0.00427521
18 58 -0.00129642
18 59 7.48937e-05
18 60 -0.000676955
18 61 -0.0030404
18 62 -0.0068979
18 63 -0.00992891
18 64 -0.01266
18 65 -0.0135972
18 66 -0.0131743
18 67 -0.0119643
18 68 -0.0113304
18 69 -0.0111434
18 70 -0.0135574
18 71 -0.0172897
18 72 -0.0223834
18 73 -0.0277454
18 74 -0.0322515
18 75 -0.0343411
18 76 -0.0346008
18 77 -0.0319591
18 78 -0.0277568
18 79 -0.0226141
18 80 -0.0174778
18 81 -0.012976
18 82 -0.00910669
18 83 -0.00579412
18 84 -0.00220656
18 85 0.0021486
18 86 0.00711727
18 87 0.0123385
18 88 0.0179084
18 89 0.0213857
18 90 0.0234622
18 91 0.0224847
18 92 0.0187285
18 93 0.0121388
18 94 0.00380096
18 95 -0.0049739
18 96 -0.0129538
18 97 -0.0186765
18 98 -0.020709
18 99 -0.0192167
18 100 -0.0147792
18 101 -0.00733235
18 102 0.000897646
18 103 0.00971966
18 104 0.0165181
18 105 0.0213281
18 106 0.0227102
18 107 0.0200871
18 108 0.0149628
18 109 0.00727018
18 110 -0.000629403
18 111 -0.00876811
18 112 -0.0146027
18 113 -0.0172164
18 114 -0.0164616
18 115 -0.0122102
18 116 -0.00621171
18 117 0.00136695
18 118 0.00763079
18 119 0

19 0 0
19 1 0.00623722
19 2 0.000746853
19 3 -0.00523059
19 4 -0.0109143
19 5 -0.0143623
19 6 -0.0154394
19 7 -0.0128423
19 8 -0.0075269
19 9 -8.70718e-05
19 10 0.00848713
19 11 0.0165269
19 12 0.0228044
19 13 0.0255345
19 14 0.0247253
19 15 0.0197464
19 16 0.011292
19 17 0.000395852
19 18 -0.0102721
19 19 -0.0192524
19 20 -0.0249803
19 21 -0.0265021
19 22 -0.0233588
19 23 -0.0159818
19 24 -0.0067702
19 25 0.00380514
19 26 0.0124952
19 27 0.0186858
19 28 0.020996
19 29 0.0204692
19 30 0.0177113
19 31 0.0133676
19 32 0.00914826
19 33 0.00524497
19 34 0.00172604
19 35 -0.00157527
19 36 -0.00467918
19 37 -0.0090824
19 38 -0.0138305
19 39 -0.0197071
19 40 -0.0250111
19 41 -0.0297936
19 42 -0.0321199
19 43 -0.0319641
19 44 -0.0290145
19 45 -0.0240224
19 46 -0.0174658
19 47 -0.0116971
19 48 -0.00682976
19 49 -0.00394678
19 50 -0.00334135
19 51 -0.0037773
19 52 -0.00445243
19 53 -0.00467615
19 54 -0.00305444
19 55 0.000126112
19 56 0.00398786
19 57 0.00843916
19 58 0.0116425
19 59 0.0128682
19 60 0.0121813
19 61 0.00953086
19 62 0.00563253
19 63 0.00236124
19 64 -0.000239032
19 65 -0.00123444
19 66 -0.000425318
19 67 0.000865224
19 68 0.00181647
19 69 0.00170949
19 70 -0.000863741
19 71 -0.00551362
19 72 -0.0113602
19 73 -0.0181776
19 74 -0.0238288
19 75 -0.0277066
19 76 -0.029259
19 77 -0.0286512
19 78 -0.0260382
19 79 -0.0231628
19 80 -0.019934
19 81 -0.0177692
19 82 -0.0156038
19 83 -0.0140893
19 84 -0.0113464
19 85 -0.00733418
19 86 -0.00169273
19 87 0.00505534
19 88 0.0127665
19 89 0.0191134
19 90 0.0236753
19 91 0.0252652
19 92 0.0229492
19 93 0.0172013
19 94 0.00823903
19 95 -0.00146778
19 96 -0.0115866
19 97 -0.0193179
19 98 -0.0237839
19 99 -0.0242993
19 100 -0.0214473
19 101 -0.0153422
19 102 -0.00701181
19 103 0.00213789
19 104 0.0107544
19 105 0.0176749
19 106 0.022233
19 107 0.0229673
19 108 0.0209077
19 109 0.0158308
19 110 0.00922952
19 111 0.0013097
19 112 -0.00616357
19 113 -0.0113705
19 114 -0.0141862
19 115 -0.0134697
19 116 -0.0105428
19 117 -0.00489741
19 118 0.0011588
19 119 0

20 0 0
20 1 0.00114974
20 2 -0.00442717
20 3 -0.00929585
20 4 -0.0126422
20 5 -0.0135545
20 6 -0.0114865
20 7 -0.00672125
20 8 0.000129519
20 9 0.00772802
20 10 0.0155339
20 11 0.0219124
20 12 0.0256035
20 13 0.0258034
20 14 0.0221292
20 15 0.0153328
20 16 0.00503402
20 17 -0.00634258
20 18 -0.0169428
20 19 -0.0249803
20 20 -0.0288702
20 21 -0.028566
20 22 -0.0227812
20 23 -0.013726
20 24 -0.00276747
20 25 0.008214
20 26 0.0167664
20 27 0.0214042
20 28 0.0216677
20 29 0.0184119
20 30 0.0127633
20 31 0.00613564
20 32 -0.000155618
20 33 -0.00462204
20 34 -0.00833849
20 35 -0.0103753
20 36 -0.0119745
20 37 -0.013861
20 38 -0.0163728
20 39 -0.0192139
20 40 -0.0221621
20 41 -0.0242866
20 42 -0.0244554
20 43 -0.0223121
20 44 -0.0177558
20 45 -0.0112608
20 46 -0.00361066
20 47 0.00292454
20 48 0.00833895
20 49 0.0111681
20 50 0.0116754
20 51 0.0107671
20 52 0.00981668
20 53 0.00885579
20 54 0.0101015
20 55 0.0126529
20 56 0.0163884
20 57 0.0203431
20 58 0.023574
20 59 0.0244547
20 60 0.0238892
20 61 0.0209917
20 62 0.0174024
20 63 0.0140825
20 64 0.0120044
20 65 0.0112998
20 66 0.0128696
20 67 0.0144886
20 68 0.0161179
20 69 0.0163448
20 70 0.0142529
20 71 0.00949619
20 72 0.00353496
20 73 -0.00375916
20 74 -0.0101023
20 75 -0.0148999
20 76 -0.0176285
20 77 -0.0186153
20 78 -0.0180887
20 79 -0.0173708
20 80 -0.0170979
20 81 -0.0175277
20 82 -0.0184522
20 83 -0.0194091
20 84 -0.0191505
20 85 -0.0163725
20 86 -0.011793
20 87 -0.0044532
20 88 0.00408336
20 89 0.0124994
20 90 0.019257
20 91 0.0233376
20 92 0.0233285
20 93 0.0193315
20 94 0.0116088
20 95 0.00213235
20 96 -0.00798234
20 97 -0.0170788
20 98 -0.0226488
20 99 -0.0253185
20 100 -0.0242261
20 101 -0.0201335
20 102 -0.0132454
20 103 -0.00474296
20 104 0.00378234
20 105 0.0119869
20 106 0.0184552
20 107 0.0224122
20 108 0.0233653
20 109 0.0216408
20 110 0.0172659
20 111 0.0106093
20 112 0.00279883
20 113 -0.004525
20 114 -0.0100525
20 115 -0.0133539
20 116 -0.0135316
20 117 -0.0107083
20 118 -0.00561209
20 119 0

21 0 0
