0 0 0
0 1 0
0 2 0
0 3 0
0 4 0
0 5 0
0 6 0
0 7 0
0 8 0
0 9 0
0 10 0
0 11 0
0 12 0
0 13 0
0 14 0
0 15 0
0 16 0
0 17 0
0 18 0
0 19 0
0 20 0
0 21 0
0 22 0
0 23 0
0 24 0
0 25 0
0 26 0
0 27 0
0 28 0
0 29 0
0 30 0
0 31 0
0 32 0
0 33 0
0 34 0
0 35 0
0 36 0
0 37 0
0 38 0
0 39 0
0 40 0
0 41 0
0 42 0
0 43 0
0 44 0
0 45 0
0 46 0
0 47 0
0 48 0
0 49 0
0 50 0
0 51 0
0 52 0
0 53 0
0 54 0
0 55 0
0 56 0
0 57 0
0 58 0
0 59 0
0 60 0
0 61 0
0 62 0
0 63 0
0 64 0
0 65 0
0 66 0
0 67 0
0 68 0
0 69 0
0 70 0
0 71 0
0 72 0
0 73 0
0 74 0
0 75 0
0 76 0
0 77 0
0 78 0
0 79 0
0 80 0
0 81 0
0 82 0
0 83 0
0 84 0
0 85 0
0 86 0
0 87 0
0 88 0
0 89 0
0 90 0
0 91 0
0 92 0
0 93 0
0 94 0
0 95 0
0 96 0
0 97 0
0 98 0
0 99 0
0 100 0
0 101 0
0 102 0
0 103 0
0 104 0
0 105 0
0 106 0
0 107 0
0 108 0
0 109 0
0 110 0
0 111 0
0 112 0
0 113 0
0 114 0
0 115 0
0 116 0
0 117 0
0 118 0
0 119 0

1 0 0
1 1 0.0196842
1 2 0.017526
1 3 0.0119175
1 4 0.00525521
1 5 -0.00289244
1 6 -0.00994022
1 7 -0.015054
1 8 -0.0177165
1 9 -0.0164543
1 10 -0.0126832
1 11 -0.0063313
1 12 0.000778481
1 13 0.00727371
1 14 0.0122057
1 15 0.0148257
1 16 0.0154066
1 17 0.0139373
1 18 0.0113113
1 19 0.0069891
1 20 0.00208031
1 21 -0.00340588
1 22 -0.00878004
1 23 -0.01321
1 24 -0.0173162
1 25 -0.0203509
1 26 -0.0227941
1 27 -0.0235285
1 28 -0.022786
1 29 -0.0205569
1 30 -0.0171438
1 31 -0.0130425
1 32 -0.0080254
1 33 -0.00237565
1 34 0.00326091
1 35 0.00816421
1 36 0.013182
1 37 0.0175345
1 38 0.0212894
1 39 0.0242226
1 40 0.0262963
1 41 0.0274564
1 42 0.027852
1 43 0.0269966
1 44 0.0253375
1 45 0.0235097
1 46 0.0212358
1 47 0.0188579
1 48 0.0169991
1 49 0.0156707
1 50 0.0144344
1 51 0.0135173
1 52 0.0126062
1 53 0.0114931
1 54 0.00994668
1 55 0.00817606
1 56 0.00624279
1 57 0.00457806
1 58 0.0032429
1 59 0.00263983
1 60 0.0028022
1 61 0.00369808
1 62 0.00492797
1 63 0.00643294
1 64 0.00778806
1 65 0.00893731
1 66 0.00968162
1 67 0.0102646
1 68 0.0109072
1 69 0.0119447
1 70 0.0131625
1 71 0.0150335
1 72 0.0175514
1 73 0.0201419
1 74 0.0224481
1 75 0.0248103
1 76 0.0265431
1 77 0.0272711
1 78 0.02738
1 79 0.0267909
1 80 0.0253996
1 81 0.0232951
1 82 0.0204982
1 83 0.0169509
1 84 0.0132276
1 85 0.00842586
1 86 0.00313422
1 87 -0.00213344
1 88 -0.00705835
1 89 -0.012065
1 90 -0.0163861
1 91 -0.0199273
1 92 -0.0222068
1 93 -0.023114
1 94 -0.0232023
1 95 -0.0219098
1 96 -0.0196143
1 97 -0.0153461
1 98 -0.0100298
1 99 -0.0038236
1 100 0.00263574
1 101 0.00866318
1 102 0.0139119
1 103 0.0174131
1 104 0.0185881
1 105 0.01639
1 106 0.0117347
1 107 0.00443824
1 108 -0.00329477
1 109 -0.0102428
1 110 -0.01569
1 111 -0.0174899
1 112 -0.0170732
1 113 -0.013161
1 114 -0.00715437
1 115 -0.00031132
1 116 0.00751846
1 117 0.0133103
1 118 0.0178408
1 119 0

2 0 0
2 1 0.017526
2 2 0.0134476
2 3 0.00751239
2 4 0.000344886
2 5 -0.00678309
2 6 -0.0123485
2 7 -0.0160327
2 8 -0.0162479
2 9 -0.0138135
2 10 -0.00867029
2 11 -0.00190291
2 12 0.00428918
2 13 0.00998144
2 14 0.0127577
2 15 0.0137429
2 16 0.0127615
2 17 0.0098362
2 18 0.00640257
2 19 0.00120402
2 20 -0.00396674
2 21 -0.00957087
2 22 -0.0140377
2 23 -0.0174314
2 24 -0.0198455
2 25 -0.0204392
2 26 -0.020553
2 27 -0.0181803
2 28 -0.014786
2 29 -0.0104748
2 30 -0.00593567
2 31 -0.0011216
2 32 0.00322971
2 33 0.0072934
2 34 0.0111665
2 35 0.0135018
2 36 0.0165455
2 37 0.0190963
2 38 0.021445
2 39 0.0228846
2 40 0.0243619
2 41 0.0246006
2 42 0.0239357
2 43 0.0217275
2 44 0.0186559
2 45 0.0155366
2 46 0.0119378
2 47 0.00868948
2 48 0.00645558
2 49 0.00562525
2 50 0.00469862
2 51 0.0047833
2 52 0.00466198
2 53 0.00424816
2 54 0.00251716
2 55 0.000892882
2 56 -0.00170113
2 57 -0.00387526
2 58 -0.00580997
2 59 -0.0061852
2 60 -0.00615659
2 61 -0.00457078
2 62 -0.00275192
2 63 -0.000516733
2 64 0.000736527
2 65 0.00210131
2 66 0.00213223
2 67 0.00189983
2 68 0.00144244
2 69 0.0020713
2 70 0.00258564
2 71 0.00464798
2 72 0.00771083
2 73 0.0113581
2 74 0.014519
2 75 0.0179617
2 76 0.020542
2 77 0.0219831
2 78 0.0225255
2 79 0.0222476
2 80 0.022007
2 81 0.0211854
2 82 0.0201405
2 83 0.0187059
2 84 0.0179189
2 85 0.0153462
2 86 0.0124651
2 87 0.0086457
2 88 0.00417843
2 89 -0.000972913
2 90 -0.00614337
2 91 -0.0113863
2 92 -0.0158846
2 93 -0.0185048
2 94 -0.0208779
2 95 -0.0212794
2 96 -0.0207654
2 97 -0.0181626
2 98 -0.0141654
2 99 -0.00907285
2 100 -0.00328235
2 101 0.00203644
2 102 0.00780725
2 103 0.0119299
2 104 0.0148806
2 105 0.0151024
2 106 0.0123648
2 107 0.00752126
2 108 0.000821722
2 109 -0.00550667
2 110 -0.0111366
2 111 -0.0143306
2 112 -0.0153036
2 113 -0.0136923
2 114 -0.00962833
2 115 -0.00445245
2 116 0.0022047
2 117 0.0081199
2 118 0.0132909
2 119 0

3 0 0
3 1 0.0119175
3 2 0.00751239
3 3 0.00161186
3 4 -0.00370597
3 5 -0.00895139
3 6 -0.0121399
3 7 -0.0131655
3 8 -0.0119332
3 9 -0.00813509
3 10 -0.00316664
3 11 0.00230324
3 12 0.00676325
3 13 0.00962475
3 14 0.0100998
3 15 0.00920959
3 16 0.00673455
3 17 0.00340017
3 18 -0.000210696
3 19 -0.00526521
3 20 -0.00951867
3 21 -0.0138655
3 22 -0.0166852
3 23 -0.0177667
3 24 -0.0179918
3 25 -0.0163908
3 26 -0.013531
3 27 -0.00879916
3 28 -0.00320351
3 29 0.00268584
3 30 0.00733728
3 31 0.0115786
3 32 0.014449
3 33 0.0162349
3 34 0.0167804
3 35 0.0161185
3 36 0.0160641
3 37 0.0161931
3 38 0.016389
3 39 0.0164111
3 40 0.0169163
3 41 0.0161653
3 42 0.0147372
3 43 0.0116222
3 44 0.00787783
3 45 0.00368624
3 46 -0.000303218
3 47 -0.00407359
3 48 -0.00579042
3 49 -0.00616209
3 50 -0.00588571
3 51 -0.00488282
3 52 -0.00347749
3 53 -0.00330199
3 54 -0.00436086
3 55 -0.00596961
3 56 -0.00843147
3 57 -0.0112325
3 58 -0.0131114
3 59 -0.0136223
3 60 -0.0132651
3 61 -0.0115397
3 62 -0.00891917
3 63 -0.00663631
3 64 -0.00525915
3 65 -0.00442587
3 66 -0.00490133
3 67 -0.00659038
3 68 -0.00796553
3 69 -0.00857891
3 70 -0.00863376
3 71 -0.00727763
3 72 -0.00393866
3 73 -0.000271738
3 74 0.00357107
3 75 0.0071276
3 76 0.0101004
3 77 0.0115976
3 78 0.0125559
3 79 0.0124984
3 80 0.0131565
3 81 0.0138607
3 82 0.0149288
3 83 0.0163017
3 84 0.0185745
3 85 0.0195711
3 86 0.0195133
3 87 0.0180398
3 88 0.0151682
3 89 0.0112913
3 90 0.00587016
3 91 -9.64783e-07
3 92 -0.00556515
3 93 -0.00990806
3 94 -0.0136434
3 95 -0.0158076
3 96 -0.0175973
3 97 -0.0172867
3 98 -0.015482
3 99 -0.0128258
3 100 -0.008805
3 101 -0.00507608
3 102 -0.00059475
3 103 0.00378669
3 104 0.00762353
3 105 0.00997868
3 106 0.0103693
3 107 0.00817788
3 108 0.00433149
3 109 -0.000274638
3 110 -0.00527067
3 111 -0.0084481
3 112 -0.0109396
3 113 -0.0110743
3 114 -0.00950057
3 115 -0.00695729
3 116 -0.0022914
3 117 0.00180003
3 118 0.00669838
3 119 0

4 0 0
4 1 0.00525521
4 2 0.000344886
4 3 -0.00370597
4 4 -0.00764116
4 5 -0.00981404
4 6 -0.0101377
4 7 -0.00907128
4 8 -0.00539938
4 9 -0.00152883
4 10 0.00330478
4 11 0.00704522
4 12 0.00847341
4 13 0.00863817
4 14 0.00560769
4 15 0.00243618
4 16 -0.00144848
4 17 -0.00527553
4 18 -0.00821394
4 19 -0.0117586
4 20 -0.0141
4 21 -0.0159896
4 22 -0.0159301
4 23 -0.0146473
4 24 -0.0120231
4 25 -0.00798412
4 26 -0.00301113
4 27 0.00365697
4 28 0.010372
4 29 0.0163968
4 30 0.020432
4 31 0.0232318
4 32 0.0234273
4 33 0.0218449
4 34 0.0188508
4 35 0.0145873
4 36 0.0111767
4 37 0.00868084
4 38 0.0067487
4 39 0.0053025
4 40 0.00504886
4 41 0.00401745
4 42 0.00214219
4 43 -0.0010657
4 44 -0.00495326
4 45 -0.00911899
4 46 -0.0131146
4 47 -0.0163758
4 48 -0.0174714
4 49 -0.016705
4 50 -0.0152364
4 51 -0.012768
4 52 -0.0100906
4 53 -0.00879108
4 54 -0.00919553
4 55 -0.0102878
4 56 -0.0126377
4 57 -0.015476
4 58 -0.0173948
4 59 -0.0177521
4 60 -0.0173016
4 61 -0.0152965
4 62 -0.0123933
4 63 -0.00999915
4 64 -0.00890739
4 65 -0.00853672
4 66 -0.00994113
4 67 -0.0127659
4 68 -0.015481
4 69 -0.0172406
4 70 -0.0184227
4 71 -0.0177752
4 72 -0.015101
4 73 -0.0116927
4 74 -0.00824314
4 75 -0.00501532
4 76 -0.0025478
4 77 -0.00127683
4 78 -0.000833663
4 79 -0.000943482
4 80 0.000298601
4 81 0.00232041
4 82 0.00523179
4 83 0.0093602
4 84 0.014806
4 85 0.0191934
4 86 0.02267
4 87 0.0243751
4 88 0.0238354
4 89 0.021785
4 90 0.0177514
4 91 0.0124912
4 92 0.00677703
4 93 0.00211253
4 94 -0.00259834
4 95 -0.00639997
4 96 -0.0100155
4 97 -0.012542
4 98 -0.0138988
4 99 -0.0144951
4 100 -0.0137278
4 101 -0.0129694
4 102 -0.010043
4 103 -0.00646085
4 104 -0.00173367
4 105 0.00322917
4 106 0.00626449
4 107 0.00814467
4 108 0.00731889
4 109 0.00524601
4 110 0.0021159
4 111 -0.00134022
4 112 -0.00438545
4 113 -0.00699427
4 114 -0.00824858
4 115 -0.00865975
4 116 -0.00716494
4 117 -0.00458568
4 118 -0.00091314
4 119 0

5 0 0
5 1 -0.00289244
5 2 -0.00678309
5 3 -0.00895139
5 4 -0.00981404
5 5 -0.00859433
5 6 -0.00593344
5 7 -0.00228182
5 8 0.00225166
5 9 0.00606814
5 10 0.00909632
5 11 0.00985855
5 12 0.00815273
5 13 0.00449318
5 14 -0.000875182
5 15 -0.00574635
5 16 -0.0100535
5 17 -0.0127356
5 18 -0.0142838
5 19 -0.015254
5 20 -0.0149248
5 21 -0.0139541
5 22 -0.0113077
5 23 -0.00779246
5 24 -0.00350087
5 25 0.00164044
5 26 0.00785849
5 27 0.0147085
5 28 0.0213106
5 29 0.0265455
5 30 0.0289158
5 31 0.0296013
5 32 0.0272986
5 33 0.0226167
5 34 0.0161394
5 35 0.0091513
5 36 0.00301583
5 37 -0.0015348
5 38 -0.00478674
5 39 -0.0068183
5 40 -0.00721242
5 41 -0.00803661
5 42 -0.00941339
5 43 -0.0120407
5 44 -0.0151544
5 45 -0.0189357
5 46 -0.0221399
5 47 -0.0246081
5 48 -0.02466
5 49 -0.0229983
5 50 -0.0201227
5 51 -0.0165164
5 52 -0.0126277
5 53 -0.0104652
5 54 -0.0100203
5 55 -0.0107512
5 56 -0.012759
5 57 -0.0155519
5 58 -0.017317
5 59 -0.0176662
5 60 -0.0170132
5 61 -0.0149452
5 62 -0.0118803
5 63 -0.00960477
5 64 -0.00867074
5 65 -0.00892478
5 66 -0.0109997
5 67 -0.0148272
5 68 -0.0185173
5 69 -0.0215234
5 70 -0.0234995
5 71 -0.0238317
5 72 -0.0219553
5 73 -0.01943
5 74 -0.0165266
5 75 -0.0143784
5 76 -0.0128531
5 77 -0.0126362
5 78 -0.0129759
5 79 -0.0137339
5 80 -0.0126564
5 81 -0.0102387
5 82 -0.00608277
5 83 -9.69932e-05
5 84 0.00739298
5 85 0.0147164
5 86 0.0209778
5 87 0.0252196
5 88 0.0270582
5 89 0.0274513
5 90 0.0251422
5 91 0.021436
5 92 0.0170225
5 93 0.0128462
5 94 0.00868505
5 95 0.00464689
5 96 4.99583e-05
5 97 -0.00453248
5 98 -0.0084717
5 99 -0.0124052
5 100 -0.0151988
5 101 -0.0174691
5 102 -0.0176858
5 103 -0.0155707
5 104 -0.0112894
5 105 -0.00523819
5 106 0.000509668
5 107 0.00551759
5 108 0.0084125
5 109 0.00938447
5 110 0.00862364
5 111 0.00620012
5 112 0.00298937
5 113 -0.00102316
5 114 -0.00489584
5 115 -0.00815326
5 116 -0.0101557
5 117 -0.0101691
5 118 -0.00830145
5 119 0

6 0 0
6 1 -0.00994022
6 2 -0.0123485
6 3 -0.0121399
6 4 -0.0101377
6 5 -0.00593344
6 6 -0.000965793
6 7 0.00437304
6 8 0.00927156
6 9 0.012288
6 10 0.0134293
6 11 0.0112132
6 12 0.00657954
6 13 -0.00011608
6 14 -0.00735063
6 15 -0.0130419
6 16 -0.0170067
6 17 -0.0180542
6 18 -0.0176019
6 19 -0.0156648
6 20 -0.0128089
6 21 -0.00904609
6 22 -0.00449018
6 23 0.000266731
6 24 0.00543472
6 25 0.0102576
6 26 0.0164414
6 27 0.0221988
6 28 0.0276197
6 29 0.0311412
6 30 0.031801
6 31 0.0301713
6 32 0.0255739
6 33 0.0186427
6 34 0.00963358
6 35 0.00117517
6 36 -0.00673468
6 37 -0.0120723
6 38 -0.0159055
6 39 -0.0173516
6 40 -0.0173958
6 41 -0.0170742
6 42 -0.0175422
6 43 -0.0187831
6 44 -0.0207254
6 45 -0.0235326
6 46 -0.0256986
6 47 -0.0270986
6 48 -0.0261614
6 49 -0.0238594
6 50 -0.0197886
6 51 -0.0155132
6 52 -0.0107597
6 53 -0.00816802
6 54 -0.00686
6 55 -0.00755209
6 56 -0.00903598
6 57 -0.0118703
6 58 -0.0132458
6 59 -0.0138706
6 60 -0.0128146
6 61 -0.0110111
6 62 -0.00776137
6 63 -0.0058755
6 64 -0.00480866
6 65 -0.00577673
6 66 -0.00807322
6 67 -0.0126051
6 68 -0.0167234
6 69 -0.0207698
6 70 -0.0231301
6 71 -0.024335
6 72 -0.0232941
6 73 -0.0217796
6 74 -0.0197014
6 75 -0.0188471
6 76 -0.0187199
6 77 -0.0197415
6 78 -0.0214751
6 79 -0.0231478
6 80 -0.0231854
6 81 -0.0209539
6 82 -0.0167987
6 83 -0.0098896
6 84 -0.00184996
6 85 0.00727858
6 86 0.0149702
6 87 0.0211616
6 88 0.0248988
6 89 0.027257
6 90 0.0269137
6 91 0.025304
6 92 0.022994
6 93 0.0202388
6 94 0.0179536
6 95 0.0144575
6 96 0.0101921
6 97 0.00459711
6 98 -0.00123621
6 99 -0.0077375
6 100 -0.0137379
6 101 -0.0190234
6 102 -0.022366
6 103 -0.0221524
6 104 -0.0190474
6 105 -0.0125037
6 106 -0.00511206
6 107 0.00232898
6 108 0.00830534
6 109 0.0118694
6 110 0.0135116
6 111 0.0123165
6 112 0.00951144
6 113 0.00478498
6 114 -0.000861771
6 115 -0.00632783
6 116 -0.0112331
6 117 -0.0137161
6 118 -0.013954
6 119 0

7 0 0
7 1 -0.015054
7 2 -0.0160327
7 3 -0.0131655
7 4 -0.00907128
7 5 -0.00228182
7 6 0.00437304
7 7 0.0103389
7 8 0.0152352
7 9 0.0166327
7 10 0.015626
7 11 0.0108365
7 12 0.00348071
7 13 -0.00507331
7 14 -0.0132101
7 15 -0.018908
7 16 -0.0214596
7 17 -0.0204922
7 18 -0.017596
7 19 -0.012623
7 20 -0.00742385
7 21 -0.00176081
7 22 0.00382633
7 23 0.00830599
7 24 0.0126283
7 25 0.0162155
7 26 0.0204029
7 27 0.024138
7 28 0.027245
7 29 0.0284859
7 30 0.0274024
7 31 0.0242059
7 32 0.0183408
7 33 0.010096
7 34 0.000635465
7 35 -0.00800615
7 36 -0.0156231
7 37 -0.0206303
7 38 -0.0232996
7 39 -0.0235997
7 40 -0.0222053
7 41 -0.0202488
7 42 -0.0191352
7 43 -0.0187247
7 44 -0.0192414
7 45 -0.0207213
7 46 -0.0219779
7 47 -0.0221651
7 48 -0.0208712
7 49 -0.0180251
7 50 -0.013733
7 51 -0.00896655
7 52 -0.00448189
7 53 -0.0014574
7 54 -0.000147685
7 55 -0.000534168
7 56 -0.00215735
7 57 -0.00447758
7 58 -0.00604788
7 59 -0.00647838
7 60 -0.00562372
7 61 -0.0036283
7 62 -0.000882551
7 63 0.0011663
7 64 0.00197452
7 65 0.00107767
7 66 -0.00155133
7 67 -0.00567184
7 68 -0.0101175
7 69 -0.0141599
7 70 -0.016839
7 71 -0.0180949
7 72 -0.0180008
7 73 -0.0170366
7 74 -0.0160259
7 75 -0.0162449
7 76 -0.0175906
7 77 -0.0199422
7 78 -0.0233082
7 79 -0.0263848
7 80 -0.0278335
7 81 -0.0270534
7 82 -0.0238115
7 83 -0.0178505
7 84 -0.0104911
7 85 -0.00186441
7 86 0.00615473
7 87 0.0125787
7 88 0.0170466
7 89 0.0203697
7 90 0.0219405
7 91 0.0224786
7 92 0.0225324
7 93 0.0224204
7 94 0.0224301
7 95 0.0211155
7 96 0.0185953
7 97 0.0134928
7 98 0.00705827
7 99 -0.000789372
7 100 -0.0093177
7 101 -0.0171359
7 102 -0.0231083
7 103 -0.025491
7 104 -0.023886
7 105 -0.0180551
7 106 -0.010413
7 107 -0.0013099
7 108 0.00650026
7 109 0.0123683
7 110 0.0163541
7 111 0.0163745
7 112 0.0148083
7 113 0.00982035
7 114 0.00324588
7 115 -0.00346482
7 116 -0.0108042
7 117 -0.0148777
7 118 -0.0172176
7 119 0

8 0 0
8 1 -0.0177165
8 2 -0.0162479
8 3 -0.0119332
8 4 -0.00539938
8 5 0.00225166
8 6 0.00927156
8 7 0.0152352
8 8 0.0182018
8 9 0.0182451
8 10 0.0146719
8 11 0.00758448
8 12 -0.000999437
8 13 -0.0106932
8 14 -0.0178922
8 15 -0.0221049
8 16 -0.0223759
8 17 -0.0186781
8 18 -0.0134044
8 19 -0.0063423
8 20 0.000173453
8 21 0.00654035
8 22 0.0112021
8 23 0.0143378
8 24 0.0162974
8 25 0.0168806
8 26 0.0185631
8 27 0.0193008
8 28 0.0199517
8 29 0.0193872
8 30 0.0172873
8 31 0.0132676
8 32 0.00770759
8 33 0.000353004
8 34 -0.00817439
8 35 -0.0149215
8 36 -0.0208897
8 37 -0.0240585
8 38 -0.0249269
8 39 -0.0229609
8 40 -0.0200011
8 41 -0.0163454
8 42 -0.0136649
8 43 -0.0116353
8 44 -0.0108024
8 45 -0.0114141
8 46 -0.0118092
8 47 -0.0115006
8 48 -0.0100119
8 49 -0.00767615
8 50 -0.0034699
8 51 0.000593156
8 52 0.00459312
8 53 0.00698888
8 54 0.00837645
8 55 0.00752155
8 56 0.00611754
8 57 0.00376811
8 58 0.0024662
8 59 0.00166397
8 60 0.00274955
8 61 0.00434067
8 62 0.00699292
8 63 0.00871383
8 64 0.00991217
8 65 0.00887944
8 66 0.00687603
8 67 0.00325829
8 68 -0.000378257
8 69 -0.00421617
8 70 -0.00613984
8 71 -0.00735428
8 72 -0.0073557
8 73 -0.00690034
8 74 -0.00621713
8 75 -0.00734909
8 76 -0.00969465
8 77 -0.0131668
8 78 -0.0176546
8 79 -0.0219562
8 80 -0.0253061
8 81 -0.0262329
8 82 -0.0248619
8 83 -0.0208267
8 84 -0.015924
8 85 -0.00893094
8 86 -0.00288949
8 87 0.00218282
8 88 0.00606979
8 89 0.00924757
8 90 0.0113149
8 91 0.0133828
8 92 0.0157242
8 93 0.0177889
8 94 0.0210718
8 95 0.0226099
8 96 0.0226927
8 97 0.0197561
8 98 0.0143862
8 99 0.00679532
8 100 -0.00237793
8 101 -0.0113467
8 102 -0.0197002
8 103 -0.0241604
8 104 -0.0249925
8 105 -0.0211903
8 106 -0.0140764
8 107 -0.00563735
8 108 0.00314441
8 109 0.0100496
8 110 0.0152454
8 111 0.0172587
8 112 0.0167769
8 113 0.0133917
8 114 0.00745939
8 115 0.000653054
8 116 -0.00713635
8 117 -0.0130622
8 118 -0.0169924
8 119 0

9 0 0
9 1 -0.0164543
9 2 -0.0138135
9 3 -0.00813509
9 4 -0.00152883
9 5 0.00606814
9 6 0.012288
9 7 0.0166327
9 8 0.0182451
9 9 0.0162499
9 10 0.0112119
9 11 0.00321586
9 12 -0.00589895
9 13 -0.0146335
9 14 -0.0204379
9 15 -0.0226545
9 16 -0.0203665
9 17 -0.0147188
9 18 -0.0075105
9 19 0.000959427
9 20 0.00778952
9 21 0.0137011
9 22 0.0167823
9 23 0.0172786
9 24 0.016285
9 25 0.0140114
9 26 0.012275
9 27 0.0104061
9 28 0.00879641
9 29 0.00665217
9 30 0.00457009
9 31 0.00108151
9 32 -0.00312569
9 33 -0.00866989
9 34 -0.0142353
9 35 -0.0183074
9 36 -0.0213242
9 37 -0.0220316
9 38 -0.0204495
9 39 -0.0165072
9 40 -0.0120005
9 41 -0.00680759
9 42 -0.00305549
9 43 0.000186044
9 44 0.00163016
9 45 0.00190574
9 46 0.00156357
9 47 0.00223284
9 48 0.00292074
9 49 0.00469743
9 50 0.00763533
9 51 0.0108684
9 52 0.013314
9 53 0.0151331
9 54 0.0157355
9 55 0.0147517
9 56 0.0129853
9 57 0.0110824
9 58 0.00955773
9 59 0.00885762
9 60 0.00961159
9 61 0.0111915
9 62 0.0131892
9 63 0.0150536
9 64 0.0162135
9 65 0.0157891
9 66 0.0142609
9 67 0.0121007
9 68 0.00929084
9 69 0.00675191
9 70 0.00551833
9 71 0.00531393
9 72 0.00524822
9 73 0.00607865
9 74 0.00634622
9 75 0.00525647
9 76 0.00231453
9 77 -0.00140364
9 78 -0.00675969
9 79 -0.011745
9 80 -0.0165041
9 81 -0.019196
9 82 -0.0200204
9 83 -0.0186873
9 84 -0.0166834
9 85 -0.013057
9 86 -0.00963323
9 87 -0.00703455
9 88 -0.00498326
9 89 -0.00346404
9 90 -0.00131212
9 91 0.00133116
9 92 0.00506823
9 93 0.00945495
9 94 0.0151485
9 95 0.0196535
9 96 0.0229535
9 97 0.0228196
9 98 0.0193586
9 99 0.0133877
9 100 0.0045599
9 101 -0.00463374
9 102 -0.0136811
9 103 -0.0201054
9 104 -0.0228267
9 105 -0.0212178
9 106 -0.0162347
9 107 -0.00889258
9 108 -0.00101293
9 109 0.00591646
9 110 0.0118157
9 111 0.0147016
9 112 0.0158573
9 113 0.013921
9 114 0.00956409
9 115 0.00404246
9 116 -0.00320864
9 117 -0.00888195
9 118 -0.0136638
9 119 0

10 0 0
10 1 -0.0126832
10 2 -0.00867029
10 3 -0.00316664
10 4 0.00330478
10 5 0.00909632
10 6 0.0134293
10 7 0.015626
10 8 0.0146719
10 9 0.0112119
10 10 0.00463198
10 11 -0.00344429
10 12 -0.0116975
10 13 -0.0185732
10 14 -0.0214987
10 15 -0.0207748
10 16 -0.015601
10 17 -0.00797313
10 18 0.000705523
10 19 0.00922704
10 20 0.0156043
10 21 0.0197275
10 22 0.0200881
10 23 0.0175794
10 24 0.0129214
10 25 0.00765702
10 26 0.0028445
10 27 -0.00116848
10 28 -0.00451847
10 29 -0.00694565
10 30 -0.00838979
10 31 -0.0102191
10 32 -0.0118276
10 33 -0.0141946
10 34 -0.0160539
10 35 -0.0167277
10 36 -0.0161824
10 37 -0.0144186
10 38 -0.01044
10 39 -0.00511158
10 40 0.000526979
10 41 0.00602036
10 42 0.0103633
10 43 0.0137033
10 44 0.0153609
10 45 0.0155357
10 46 0.0150314
10 47 0.0151474
10 48 0.0148815
10 49 0.0153413
10 50 0.0167095
10 51 0.0183877
10 52 0.0191394
10 53 0.019868
10 54 0.0196137
10 55 0.0183092
10 56 0.0163127
10 57 0.0147621
10 58 0.0131595
10 59 0.0125056
10 60 0.0129431
10 61 0.0143388
10 62 0.015711
10 63 0.0175589
10 64 0.0187727
10 65 0.0189898
10 66 0.0183116
10 67 0.0176903
10 68 0.0162561
10 69 0.0152368
10 70 0.0152531
10 71 0.0161148
10 72 0.0167091
10 73 0.0180349
10 74 0.0187418
10 75 0.0180314
10 76 0.0155906
10 77 0.012122
10 78 0.00729399
10 79 0.00216964
10 80 -0.0030399
10 81 -0.00718038
10 82 -0.0096538
10 83 -0.011264
10 84 -0.012236
10 85 -0.0123288
10 86 -0.0123256
10 87 -0.0131714
10 88 -0.0138062
10 89 -0.014559
10 90 -0.0137814
10 91 -0.0114371
10 92 -0.00737549
10 93 -0.00167347
10 94 0.00570598
10 95 0.0131518
10 96 0.0192838
10 97 0.0226475
10 98 0.0221482
10 99 0.0187241
10 100 0.0119465
10 101 0.00377464
10 102 -0.00519446
10 103 -0.0129037
10 104 -0.0176362
10 105 -0.0191373
10 106 -0.0167924
10 107 -0.0123402
10 108 -0.00646969
10 109 -0.00057967
10 110 0.00464178
10 111 0.00873863
10 112 0.0111891
10 113 0.0118694
10 114 0.0103648
10 115 0.00716011
10 116 0.00232643
10 117 -0.00285955
10 118 -0.00758506
10 119 0

11 0 0
11 1 -0.0063313
11 2 -0.00190291
11 3 0.00230324
11 4 0.00704522
11 5 0.00985855
11 6 0.0112132
11 7 0.0108365
11 8 0.00758448
11 9 0.00321586
11 10 -0.00344429
11 11 -0.0103517
11 12 -0.0163094
11 13 -0.0202739
11 14 -0.019926
11 15 -0.0162551
11 16 -0.00881902
11 17 -0.000152726
11 18 0.00877361
11 19 0.0163774
11 20 0.0210081
11 21 0.0230187
11 22 0.0203915
11 23 0.015205
11 24 0.00788774
11 25 0.000332879
11 26 -0.0062956
11 27 -0.0115803
11 28 -0.0152576
11 29 -0.0173647
11 30 -0.0170225
11 31 -0.0169369
11 32 -0.015756
11 33 -0.0147688
11 34 -0.0130761
11 35 -0.0106085
11 36 -0.00742883
11 37 -0.00361492
11 38 0.00123864
11 39 0.00723128
11 40 0.0123587
11 41 0.0174
11 42 0.0208346
11 43 0.023722
11 44 0.0244989
11 45 0.024377
11 46 0.0231333
11 47 0.022537
11 48 0.0210776
11 49 0.0201974
11 50 0.0198564
11 51 0.0198382
11 52 0.0190446
11 53 0.0185553
11 54 0.01768
11 55 0.016036
11 56 0.0142383
11 57 0.0129236
11 58 0.0116579
11 59 0.0108772
11 60 0.011238
11 61 0.0120794
11 62 0.0130159
11 63 0.0144248
11 64 0.0157767
11 65 0.0163499
11 66 0.0166914
11 67 0.0173378
11 68 0.0174255
11 69 0.0178572
11 70 0.0191022
11 71 0.0209744
11 72 0.0222906
11 73 0.0243259
11 74 0.025527
11 75 0.0259063
11 76 0.0243593
11 77 0.0223131
11 78 0.0186356
11 79 0.0148471
11 80 0.00986299
11 81 0.00588479
11 82 0.00227245
11 83 -0.000948899
11 84 -0.00439376
11 85 -0.00736098
11 86 -0.0105818
11 87 -0.0142292
11 88 -0.017396
11 89 -0.0208385
11 90 -0.0217284
11 91 -0.0207414
11 92 -0.017154
11 93 -0.0115992
11 94 -0.00346813
11 95 0.00518925
11 96 0.0133371
11 97 0.0195155
11 98 0.021756
11 99 0.0214582
11 100 0.017383
11 101 0.0113738
11 102 0.00355718
11 103 -0.00419428
11 104 -0.0103725
11 105 -0.0144123
11 106 -0.0150065
11 107 -0.0141434
11 108 -0.0111441
11 109 -0.00775953
11 110 -0.00420496
11 111 -1.7464e-06
11 112 0.0031814
11 113 0.00644223
11 114 0.00813491
11 115 0.00818369
11 116 0.00695469
11 117 0.00361266
11 118 9.05534e-05
11 119 0

12 0 0
12 1 0.000778481
12 2 0.00428918
12 3 0.00676325
12 4 0.00847341
12 5 0.00815273
12 6 0.00657954
12 7 0.00348071
12 8 -0.000999437
12 9 -0.00589895
12 10 -0.0116975
12 11 -0.0163094
12 12 -0.0195839
12 13 -0.019796
12 14 -0.0162467
12 15 -0.00998616
12 16 -0.00101347
12 17 0.00779825
12 18 0.0160183
12 19 0.0219313
12 20 0.0247696
12 21 0.0239409
12 22 0.0191695
12 23 0.0115911
12 24 0.0023542
12 25 -0.0058215
12 26 -0.0135636
12 27 -0.0187152
12 28 -0.0221808
12 29 -0.0231424
12 30 -0.0214278
12 31 -0.0187707
12 32 -0.0152084
12 33 -0.0115869
12 34 -0.00683399
12 35 -0.00240396
12 36 0.00275506
12 37 0.0070917
12 38 0.0122974
12 39 0.0169451
12 40 0.0209954
12 41 0.0240413
12 42 0.0262777
12 43 0.027421
12 44 0.0272046
12 45 0.0262912
12 46 0.0244608
12 47 0.0229883
12 48 0.0205307
12 49 0.018609
12 50 0.0166052
12 51 0.0152981
12 52 0.012996
12 53 0.0118457
12 54 0.0102166
12 55 0.00893803
12 56 0.00718508
12 57 0.00674576
12 58 0.00552743
12 59 0.00522978
12 60 0.0050096
12 61 0.00571158
12 62 0.00564552
12 63 0.00690255
12 64 0.00771035
12 65 0.00890082
12 66 0.00965734
12 67 0.0116433
12 68 0.0127042
12 69 0.0146118
12 70 0.0165335
12 71 0.0192368
12 72 0.0210675
12 73 0.0236056
12 74 0.0253269
12 75 0.0267812
12 76 0.0269118
12 77 0.0263922
12 78 0.0249623
12 79 0.0228686
12 80 0.0198663
12 81 0.0164004
12 82 0.0132451
12 83 0.00899247
12 84 0.00471219
12 85 -0.000565175
12 86 -0.00549137
12 87 -0.0112981
12 88 -0.0167136
12 89 -0.0220726
12 90 -0.0246876
12 91 -0.0252028
12 92 -0.0232096
12 93 -0.0182003
12 94 -0.0113257
12 95 -0.00211158
12 96 0.00695939
12 97 0.0148914
12 98 0.0197458
12 99 0.022132
12 100 0.0211051
12 101 0.0176716
12 102 0.0121177
12 103 0.00480939
12 104 -0.00180567
12 105 -0.00802544
12 106 -0.0118232
12 107 -0.0141626
12 108 -0.0149864
12 109 -0.0142982
12 110 -0.012936
12 111 -0.00976479
12 112 -0.00597913
12 113 -0.0011832
12 114 0.00350966
12 115 0.00705764
12 116 0.00934806
12 117 0.00913963
12 118 0.00740796
12 119 0

13 0 0
13 1 0.00727371
13 2 0.00998144
13 3 0.00962475
13 4 0.00863817
13 5 0.00449318
13 6 -0.00011608
13 7 -0.00507331
13 8 -0.0106932
13 9 -0.0146335
13 10 -0.0185732
13 11 -0.0202739
13 12 -0.019796
13 13 -0.0165299
13 14 -0.0100093
13 15 -0.00172795
13 16 0.0075574
13 17 0.0154545
13 18 0.0218576
13 19 0.024946
13 20 0.0251663
13 21 0.0219013
13 22 0.0150526
13 23 0.00659977
13 24 -0.00283738
13 25 -0.0108282
13 26 -0.0175701
13 27 -0.0217223
13 28 -0.0238246
13 29 -0.0231581
13 30 -0.0197817
13 31 -0.0155992
13 32 -0.0104488
13 33 -0.00478269
13 34 0.00119788
13 35 0.00653685
13 36 0.0117473
13 37 0.0156372
13 38 0.0191043
13 39 0.0218545
13 40 0.0232929
13 41 0.0237365
13 42 0.0237185
13 43 0.0230306
13 44 0.0215709
13 45 0.0199032
13 46 0.0178002
13 47 0.0156539
13 48 0.0129939
13 49 0.0102422
13 50 0.00751618
13 51 0.00497814
13 52 0.00225777
13 53 0.000358563
13 54 -0.00101801
13 55 -0.00213261
13 56 -0.00284607
13 57 -0.00282239
13 58 -0.00311905
13 59 -0.00345809
13 60 -0.00357348
13 61 -0.00373821
13 62 -0.00422613
13 63 -0.00399424
13 64 -0.00336067
13 65 -0.00248194
13 66 -0.00106427
13 67 0.00117673
13 68 0.0032849
13 69 0.00562734
13 70 0.0080973
13 71 0.0105936
13 72 0.0127443
13 73 0.0150629
13 74 0.017177
13 75 0.0193884
13 76 0.0210873
13 77 0.0224783
13 78 0.0236197
13 79 0.0240977
13 80 0.0233161
13 81 0.0219842
13 82 0.0200032
13 83 0.0165567
13 84 0.0124118
13 85 0.00707633
13 86 0.00120709
13 87 -0.00505338
13 88 -0.0112275
13 89 -0.0176145
13 90 -0.0218138
13 91 -0.0239515
13 92 -0.0238153
13 93 -0.0210283
13 94 -0.0158856
13 95 -0.00823203
13 96 0.000106908
13 97 0.00866713
13 98 0.0151154
13 99 0.0198718
13 100 0.0221688
13 101 0.0218674
13 102 0.0189988
13 103 0.0136846
13 104 0.00729031
13 105 1.56357e-05
13 106 -0.00587182
13 107 -0.0117597
13 108 -0.015981
13 109 -0.0188904
13 110 -0.0207534
13 111 -0.0189525
13 112 -0.01599
13 113 -0.00967261
13 114 -0.0023389
13 115 0.00430792
13 116 0.0107956
13 117 0.0130879
13 118 0.0136532
13 119 0

14 0 0
14 1 0.0122057
14 2 0.0127577
14 3 0.0100998
14 4 0.00560769
14 5 -0.000875182
14 6 -0.00735063
14 7 -0.0132101
14 8 -0.0178922
14 9 -0.0204379
14 10 -0.0214987
14 11 -0.019926
14 12 -0.0162467
14 13 -0.0100093
14 14 -0.0018541
14 15 0.0066903
14 16 0.014728
14 17 0.0203758
14 18 0.023694
14 19 0.0240106
14 20 0.0217657
14 21 0.0165498
14 22 0.00934162
14 23 0.00112705
14 24 -0.00692352
14 25 -0.0127002
14 26 -0.0175261
14 27 -0.019694
14 28 -0.0199371
14 29 -0.0179458
14 30 -0.0137227
14 31 -0.00858528
14 32 -0.00314147
14 33 0.00259429
14 34 0.00866986
14 35 0.0132661
14 36 0.0173322
14 37 0.0194065
14 38 0.0206319
14 39 0.0202998
14 40 0.0187796
14 41 0.0163763
14 42 0.0142045
14 43 0.0117162
14 44 0.00923689
14 45 0.00747042
14 46 0.00553184
14 47 0.00362057
14 48 0.001148
14 49 -0.00132379
14 50 -0.00444374
14 51 -0.00713646
14 52 -0.0101073
14 53 -0.0117663
14 54 -0.0129452
14 55 -0.0130314
14 56 -0.012905
14 57 -0.0117236
14 58 -0.011441
14 59 -0.0111996
14 60 -0.0116924
14 61 -0.0122379
14 62 -0.0137051
14 63 -0.0141484
14 64 -0.0144226
14 65 -0.0136432
14 66 -0.0124416
14 67 -0.00995453
14 68 -0.00780637
14 69 -0.00521334
14 70 -0.00331369
14 71 -0.00131208
14 72 0.000122156
14 73 0.0018083
14 74 0.00337729
14 75 0.00603081
14 76 0.00881659
14 77 0.0117879
14 78 0.0151581
14 79 0.0181953
14 80 0.0201882
14 81 0.0210638
14 82 0.0211035
14 83 0.0192719
14 84 0.0166813
14 85 0.0122255
14 86 0.00758887
14 87 0.00230493
14 88 -0.0033986
14 89 -0.00947472
14 90 -0.0139931
14 91 -0.0174262
14 92 -0.0191896
14 93 -0.0186832
14 94 -0.0167577
14 95 -0.0117443
14 96 -0.00535864
14 97 0.00192626
14 98 0.00875424
14 99 0.014791
14 100 0.0193535
14 101 0.0221315
14 102 0.0224736
14 103 0.0197109
14 104 0.0150212
14 105 0.00815554
14 106 0.00107666
14 107 -0.00641931
14 108 -0.0134842
14 109 -0.019276
14 110 -0.023738
14 111 -0.0247234
14 112 -0.0228753
14 113 -0.0172255
14 114 -0.00905831
14 115 -0.000194882
14 116 0.00855991
14 117 0.0142193
14 118 0.0170103
14 119 0

15 0 0
15 1 0.0148257
15 2 0.0137429
15 3 0.00920959
15 4 0.00243618
15 5 -0.00574635
15 6 -0.0130419
15 7 -0.018908
15 8 -0.0221049
15 9 -0.0226545
15 10 -0.0207748
15 11 -0.0162551
15 12 -0.00998616
15 13 -0.00172795
15 14 0.0066903
15 15 0.0146141
15 16 0.0200631
15 17 0.0226816
15 18 0.0225384
15 19 0.0194718
15 20 0.0152537
15 21 0.00852412
15 22 0.00191348
15 23 -0.00487549
15 24 -0.0101556
15 25 -0.012979
15 26 -0.0147056
15 27 -0.0142324
15 28 -0.012703
15 29 -0.00917235
15 30 -0.00513846
15 31 0.000123494
15 32 0.00461911
15 33 0.00978758
15 34 0.0143363
15 35 0.0174078
15 36 0.0193579
15 37 0.0191203
15 38 0.0177087
15 39 0.0141268
15 40 0.00994173
15 41 0.00466215
15 42 0.000949477
15 43 -0.00320705
15 44 -0.00567395
15 45 -0.00745124
15 46 -0.00813821
15 47 -0.00964362
15 48 -0.0107721
15 49 -0.0128404
15 50 -0.0152569
15 51 -0.0180611
15 52 -0.0203525
15 53 -0.0218488
15 54 -0.0221296
15 55 -0.0214072
15 56 -0.0199047
15 57 -0.0178931
15 58 -0.016596
15 59 -0.0160947
15 60 -0.0165736
15 61 -0.0178481
15 62 -0.0199022
15 63 -0.0214455
15 64 -0.0223379
15 65 -0.0222206
15 66 -0.0210762
15 67 -0.0191171
15 68 -0.0168788
15 69 -0.0149803
15 70 -0.0136789
15 71 -0.013218
15 72 -0.0125943
15 73 -0.0126105
15 74 -0.0116474
15 75 -0.00971612
15 76 -0.0060298
15 77 -0.00241401
15 78 0.00306032
15 79 0.00785114
15 80 0.0125454
15 81 0.0153919
15 82 0.0176796
15 83 0.0178302
15 84 0.0173784
15 85 0.0150457
15 86 0.0122661
15 87 0.00923024
15 88 0.00507233
15 89 0.000850402
15 90 -0.00372577
15 91 -0.00750875
15 92 -0.0112722
15 93 -0.0133411
15 94 -0.0149732
15 95 -0.0134691
15 96 -0.0102092
15 97 -0.00529644
15 98 0.00101269
15 99 0.00706938
15 100 0.0137409
15 101 0.0189607
15 102 0.0226317
15 103 0.0230528
15 104 0.0207001
15 105 0.0155318
15 106 0.00853788
15 107 0.000569293
15 108 -0.0082858
15 109 -0.0161733
15 110 -0.0231018
15 111 -0.0265971
15 112 -0.0264315
15 113 -0.022025
15 114 -0.0137592
15 115 -0.00408231
15 116 0.00614624
15 117 0.0136629
15 118 0.0178942
15 119 0

16 0 0
16 1 0.0154066
16 2 0.0127615
16 3 0.00673455
16 4 -0.00144848
16 5 -0.0100535
16 6 -0.0170067
16 7 -0.0214596
16 8 -0.0223759
16 9 -0.0203665
16 10 -0.015601
16 11 -0.00881902
16 12 -0.00101347
16 13 0.0075574
16 14 0.014728
16 15 0.0200631
16 16 0.0220141
16 17 0.0205572
16 18 0.0167706
16 19 0.0109494
16 20 0.00490311
16 21 -0.0015066
16 22 -0.00668095
16 23 -0.0102108
16 24 -0.0114594
16 25 -0.0103496
16 26 -0.00844488
16 27 -0.00544522
16 28 -0.00206516
16 29 0.00169184
16 30 0.00539511
16 31 0.0088744
16 32 0.0115636
16 33 0.0144493
16 34 0.0168463
16 35 0.0174802
16 36 0.0168633
16 37 0.0143652
16 38 0.0101422
16 39 0.00425548
16 40 -0.00244279
16 41 -0.00913098
16 42 -0.0143381
16 43 -0.0184844
16 44 -0.0208462
16 45 -0.0211534
16 46 -0.0206146
16 47 -0.0202914
16 48 -0.0201234
16 49 -0.0206534
16 50 -0.0223652
16 51 -0.0243739
16 52 -0.0260651
16 53 -0.0267978
16 54 -0.02635
16 55 -0.0245021
16 56 -0.0218538
16 57 -0.0188698
16 58 -0.0167618
16 59 -0.0158452
16 60 -0.0164406
16 61 -0.0182424
16 62 -0.0209561
16 63 -0.0233802
16 64 -0.0250796
16 65 -0.0254581
16 66 -0.0247764
16 67 -0.0232479
16 68 -0.021567
16 69 -0.0203176
16 70 -0.0204481
16 71 -0.0214084
16 72 -0.0227231
16 73 -0.0243366
16 74 -0.0252481
16 75 -0.0240767
16 76 -0.0211349
16 77 -0.0169289
16 78 -0.0110555
16 79 -0.00476378
16 80 0.00113149
16 81 0.00592954
16 82 0.00958689
16 83 0.011932
16 84 0.0136056
16 85 0.0138358
16 86 0.0138891
16 87 0.0139469
16 88 0.0130078
16 89 0.0110222
16 90 0.00817473
16 91 0.00443541
16 92 -0.000107363
16 93 -0.00474029
16 94 -0.00959313
16 95 -0.0124909
16 96 -0.0133087
16 97 -0.0116266
16 98 -0.00776807
16 99 -0.00233566
16 100 0.00465838
16 101 0.0116419
16 102 0.0180383
16 103 0.0217838
16 104 0.0226279
16 105 0.0203849
16 106 0.0153611
16 107 0.00842583
16 108 -0.000193423
16 109 -0.00913997
16 110 -0.0175822
16 111 -0.0233903
16 112 -0.0256851
16 113 -0.0234097
16 114 -0.0168481
16 115 -0.00785966
16 116 0.00245741
16 117 0.010837
16 118 0.0162792
16 119 0

17 0 0
17 1 0.0139373
17 2 0.0098362
17 3 0.00340017
17 4 -0.00527553
17 5 -0.0127356
17 6 -0.0180542
17 7 -0.0204922
17 8 -0.0186781
17 9 -0.0147188
17 10 -0.00797313
17 11 -0.000152726
17 12 0.00779825
17 13 0.0154545
17 14 0.0203758
17 15 0.0226816
17 16 0.0205572
17 17 0.0156614
17 18 0.00848755
17 19 0.00073263
17 20 -0.00563123
17 21 -0.0115181
17 22 -0.013842
17 23 -0.0141119
17 24 -0.0112539
17 25 -0.0062963
17 26 -0.00108839
17 27 0.0039506
17 28 0.00815541
17 29 0.0117971
17 30 0.0133034
17 31 0.0150407
17 32 0.0151005
17 33 0.0155693
17 34 0.0153622
17 35 0.0140189
17 36 0.0113304
17 37 0.00715636
17 38 0.00166624
17 39 -0.00594849
17 40 -0.0134538
17 41 -0.0209899
17 42 -0.0258563
17 43 -0.0298586
17 44 -0.0307001
17 45 -0.029735
17 46 -0.0268973
17 47 -0.0250548
17 48 -0.0228971
17 49 -0.0222657
17 50 -0.0227516
17 51 -0.024281
17 52 -0.0251459
17 53 -0.0254488
17 54 -0.0242802
17 55 -0.0216624
17 56 -0.0180405
17 57 -0.0143877
17 58 -0.0116168
17 59 -0.0103825
17 60 -0.0110924
17 61 -0.0133325
17 62 -0.0165154
17 63 -0.0196517
17 64 -0.0219128
17 65 -0.0227092
17 66 -0.0222412
17 67 -0.0212094
17 68 -0.0198054
17 69 -0.0194689
17 70 -0.0206196
17 71 -0.0233506
17 72 -0.026177
17 73 -0.0300697
17 74 -0.0324631
17 75 -0.033103
17 76 -0.0307966
17 77 -0.0276069
17 78 -0.0216588
17 79 -0.0155968
17 80 -0.00891671
17 81 -0.00407527
17 82 0.000389204
17 83 0.00373254
17 84 0.00692707
17 85 0.00926936
17 86 0.0120098
17 87 0.0151463
17 88 0.0170599
17 89 0.0187318
17 90 0.0177118
17 91 0.0152292
17 92 0.0103518
17 93 0.00429156
17 94 -0.00349673
17 95 -0.00978718
17 96 -0.0143176
17 97 -0.0164932
17 98 -0.014906
17 99 -0.0115939
17 100 -0.00491109
17 101 0.00277513
17 102 0.0109629
17 103 0.0174312
17 104 0.0211891
17 105 0.0221
17 106 0.019471
17 107 0.0150895
17 108 0.00775832
17 109 -0.000457683
17 110 -0.00901126
17 111 -0.0166613
17 112 -0.0206625
17 113 -0.0214143
17 114 -0.0174425
17 115 -0.010261
17 116 -0.00176695
17 117 0.00684134
17 118 0.0124872
17 119 0

18 0 0
18 1 0.0113113
18 2 0.00640257
18 3 -0.000210696
18 4 -0.00821394
18 5 -0.0142838
18 6 -0.0176019
18 7 -0.017596
18 8 -0.0134044
18 9 -0.0075105
18 10 0.000705523
18 11 0.00877361
18 12 0.0160183
18 13 0.0218576
18 14 0.023694
18 15 0.0225384
18 16 0.0167706
18 17 0.00848755
18 18 -0.000784557
18 19 -0.00969034
18 20 -0.0161243
18 21 -0.0199822
18 22 -0.0197888
18 23 -0.0161576
18 24 -0.00915447
18 25 -0.00116795
18 26 0.00666514
18 27 0.0127616
18 28 0.0169903
18 29 0.0191251
18 30 0.0186878
18 31 0.0171918
18 32 0.0144843
18 33 0.0124582
18 34 0.0100757
18 35 0.00721677
18 36 0.00326269
18 37 -0.00110768
18 38 -0.00728394
18 39 -0.0145452
18 40 -0.0219387
18 41 -0.0283878
18 42 -0.0327452
18 43 -0.0349441
18 44 -0.0342129
18 45 -0.0310323
18 46 -0.0263357
18 47 -0.0223992
18 48 -0.0186643
18 49 -0.0166726
18 50 -0.0162712
18 51 -0.0173054
18 52 -0.0176154
18 53 -0.0177224
18 54 -0.0160814
18 55 -0.0131264
18 56 -0.00874389
18 57 -0.00491499
18 58 -0.00151707
18 59 -0.000293869
18 60 -0.000903795
18 61 -0.0036894
18 62 -0.00691795
18 63 -0.0107086
18 64 -0.0131035
18 65 -0.0142165
18 66 -0.0136475
18 67 -0.0129558
18 68 -0.0116566
18 69 -0.0119491
18 70 -0.0140106
18 71 -0.0180664
18 72 -0.022558
18 73 -0.0281515
18 74 -0.0324793
18 75 -0.0347446
18 76 -0.0342625
18 77 -0.0319572
18 78 -0.0275519
18 79 -0.022349
18 80 -0.0169498
18 81 -0.0124607
18 82 -0.00906203
18 83 -0.005529
18 84 -0.00207096
18 85 0.00173192
18 86 0.00621456
18 87 0.0121743
18 88 0.0175171
18 89 0.0221588
18 90 0.0239351
18 91 0.0232064
18 92 0.0192817
18 93 0.0124471
18 94 0.00347957
18 95 -0.00594266
18 96 -0.0137301
18 97 -0.0189551
18 98 -0.0205446
18 99 -0.0192099
18 100 -0.0139141
18 101 -0.0066919
18 102 0.00229968
18 103 0.0107112
18 104 0.0169391
18 105 0.0211984
18 106 0.0217228
18 107 0.0201523
18 108 0.0154307
18 109 0.00848574
18 110 0.000394757
18 111 -0.00799759
18 112 -0.0141018
18 113 -0.0173485
18 114 -0.0163894
18 115 -0.0120345
18 116 -0.00537604
18 117 0.00192419
18 118 0.007587
18 119 0

19 0 0
19 1 0.0069891
19 2 0.00120402
19 3 -0.00526521
19 4 -0.0117586
19 5 -0.015254
19 6 -0.0156648
19 7 -0.012623
19 8 -0.0063423
19 9 0.000959427
19 10 0.00922704
19 11 0.0163774
19 12 0.0219313
19 13 0.024946
19 14 0.0240106
19 15 0.0194718
19 16 0.0109494
19 17 0.00073263
19 18 -0.00969034
19 19 -0.0183276
19 20 -0.0236464
19 21 -0.0253033
19 22 -0.0223434
19 23 -0.0154253
19 24 -0.00577075
19 25 0.00435419
19 26 0.0132371
19 27 0.0190394
19 28 0.0221048
19 29 0.0220175
19 30 0.0187123
19 31 0.0142873
19 32 0.00932364
19 33 0.00505298
19 34 0.00154995
19 35 -0.0016805
19 36 -0.00519155
19 37 -0.00868972
19 38 -0.0134325
19 39 -0.0192039
19 40 -0.0248142
19 41 -0.0294059
19 42 -0.0319393
19 43 -0.0320469
19 44 -0.029348
19 45 -0.0241997
19 46 -0.0177862
19 47 -0.0121199
19 48 -0.0073242
19 49 -0.00437006
19 50 -0.00367387
19 51 -0.00440582
19 52 -0.00485905
19 53 -0.00492809
19 54 -0.00359383
19 55 -0.000419182
19 56 0.00388488
19 57 0.0078834
19 58 0.0112124
19 59 0.0126816
19 60 0.0117472
19 61 0.00896286
19 62 0.00551815
19 63 0.0017923
19 64 -0.000795214
19 65 -0.00151893
19 66 -0.000849599
19 67 0.000200191
19 68 0.0014721
19 69 0.00125046
19 70 -0.00136241
19 71 -0.00597937
19 72 -0.0116986
19 73 -0.0184456
19 74 -0.024252
19 75 -0.0279918
19 76 -0.0292868
19 77 -0.028566
19 78 -0.0260671
19 79 -0.0228453
19 80 -0.0194929
19 81 -0.0171703
19 82 -0.0157135
19 83 -0.0138056
19 84 -0.0113408
19 85 -0.00772538
19 86 -0.00221244
19 87 0.00507695
19 88 0.0128324
19 89 0.0202922
19 90 0.0248611
19 91 0.026317
19 92 0.0242762
19 93 0.0181507
19 94 0.00900492
19 95 -0.00141449
19 96 -0.0111578
19 97 -0.018601
19 98 -0.022575
19 99 -0.0234572
19 100 -0.0203241
19 101 -0.0142642
19 102 -0.00599458
19 103 0.00293774
19 104 0.0106629
19 105 0.017024
19 106 0.0206446
19 107 0.0222185
19 108 0.0208411
19 109 0.0165778
19 110 0.0101829
19 111 0.0018789
19 112 -0.00566622
19 113 -0.0117019
19 114 -0.0145019
19 115 -0.0135797
19 116 -0.0100992
19 117 -0.00432752
19 118 0.00118172
19 119 0

20 0 0
20 1 0.00208031
20 2 -0.00396674
20 3 -0.00951867
20 4 -0.0141
20 5 -0.0149248
20 6 -0.0128089
20 7 -0.00742385
20 8 0.000173453
20 9 0.00778952
20 10 0.0156043
20 11 0.0210081
20 12 0.0247696
20 13 0.0251663
20 14 0.0217657
20 15 0.0152537
20 16 0.00490311
20 17 -0.00563123
20 18 -0.0161243
20 19 -0.0236464
20 20 -0.0274943
20 21 -0.027133
20 22 -0.0219841
20 23 -0.0132519
20 24 -0.0018717
20 25 0.00824497
20 26 0.0172657
20 27 0.0215823
20 28 0.0228771
20 29 0.0203932
20 30 0.0143595
20 31 0.0076395
20 32 0.000891041
20 33 -0.00379911
20 34 -0.0077202
20 35 -0.00951949
20 36 -0.0117351
20 37 -0.0125831
20 38 -0.0151487
20 39 -0.0180151
20 40 -0.0212062
20 41 -0.0232735
20 42 -0.0237752
20 43 -0.0219763
20 44 -0.0174333
20 45 -0.011179
20 46 -0.00345631
20 47 0.00269722
20 48 0.00826329
20 49 0.0108895
20 50 0.0118072
20 51 0.0102179
20 52 0.00971061
20 53 0.00854618
20 54 0.00975121
20 55 0.0120073
20 56 0.016426
20 57 0.0195621
20 58 0.0231935
20 59 0.0240933
20 60 0.023498
20 61 0.0201912
20 62 0.0174084
20 63 0.0133967
20 64 0.011603
20 65 0.0109279
20 66 0.0126968
20 67 0.0138544
20 68 0.0161735
20 69 0.0159562
20 70 0.0140924
20 71 0.00911797
20 72 0.00357336
20 73 -0.00391588
20 74 -0.00998254
20 75 -0.0149489
20 76 -0.017269
20 77 -0.0180927
20 78 -0.0174383
20 79 -0.0165052
20 80 -0.0158557
20 81 -0.0161292
20 82 -0.0178084
20 83 -0.0182073
20 84 -0.0183571
20 85 -0.0157182
20 86 -0.0113759
20 87 -0.00360843
20 88 0.00501606
20 89 0.0145754
20 90 0.0209291
20 91 0.024625
20 92 0.0246558
20 93 0.0198789
20 94 0.0123291
20 95 0.00195761
20 96 -0.00781857
20 97 -0.0164227
20 98 -0.0215254
20 99 -0.0243209
20 100 -0.0230301
20 101 -0.0187601
20 102 -0.0122302
20 103 -0.00361294
20 104 0.00394034
20 105 0.0117007
20 106 0.0172639
20 107 0.0214741
20 108 0.0232891
20 109 0.0217053
20 110 0.0176687
20 111 0.0101427
20 112 0.00218683
20 113 -0.00581591
20 114 -0.01163
20 115 -0.0139408
20 116 -0.0137159
20 117 -0.00994909
20 118 -0.00534434
20 119 0

21 0 0
