0 0 0
0 1 0
0 2 0
0 3 0
0 4 0
0 5 0
0 6 0
0 7 0
0 8 0
0 9 0
0 10 0
0 11 0
0 12 0
0 13 0
0 14 0
0 15 0
0 16 0
0 17 0
0 18 0
0 19 0
0 20 0
0 21 0
0 22 0
0 23 0
0 24 0
0 25 0
0 26 0
0 27 0
0 28 0
0 29 0
0 30 0
0 31 0
0 32 0
0 33 0
0 34 0
0 35 0
0 36 0
0 37 0
0 38 0
0 39 0
0 40 0
0 41 0
0 42 0
0 43 0
0 44 0
0 45 0
0 46 0
0 47 0
0 48 0
0 49 0
0 50 0
0 51 0
0 52 0
0 53 0
0 54 0
0 55 0
0 56 0
0 57 0
0 58 0
0 59 0
0 60 0
0 61 0
0 62 0
0 63 0
0 64 0
0 65 0
0 66 0
0 67 0
0 68 0
0 69 0
0 70 0
0 71 0
0 72 0
0 73 0
0 74 0
0 75 0
0 76 0
0 77 0
0 78 0
0 79 0
0 80 0
0 81 0
0 82 0
0 83 0
0 84 0
0 85 0
0 86 0
0 87 0
0 88 0
0 89 0
0 90 0
0 91 0
0 92 0
0 93 0
0 94 0
0 95 0
0 96 0
0 97 0
0 98 0
0 99 0
0 100 0
0 101 0
0 102 0
0 103 0
0 104 0
0 105 0
0 106 0
0 107 0
0 108 0
0 109 0
0 110 0
0 111 0
0 112 0
0 113 0
0 114 0
0 115 0
0 116 0
0 117 0
0 118 0
0 119 0

1 0 0
1 1 0.0177964
1 2 0.0146604
1 3 0.0103582
1 4 0.00284305
1 5 -0.00471662
1 6 -0.0107925
1 7 -0.0163323
1 8 -0.0179902
1 9 -0.0170242
1 10 -0.0137934
1 11 -0.00748032
1 12 -0.000666709
1 13 0.00662268
1 14 0.0128591
1 15 0.0171051
1 16 0.0192426
1 17 0.0183772
1 18 0.0156951
1 19 0.0107684
1 20 0.00497993
1 21 -0.00111864
1 22 -0.00724246
1 23 -0.0116401
1 24 -0.0154613
1 25 -0.0178116
1 26 -0.0187714
1 27 -0.0187981
1 28 -0.017974
1 29 -0.0164042
1 30 -0.0138113
1 31 -0.0111372
1 32 -0.00724256
1 33 -0.00255174
1 34 0.0026535
1 35 0.00814482
1 36 0.0139125
1 37 0.0192191
1 38 0.0232123
1 39 0.0262878
1 40 0.0278971
1 41 0.0279639
1 42 0.0264941
1 43 0.0247414
1 44 0.0226321
1 45 0.0204725
1 46 0.0184071
1 47 0.0170719
1 48 0.0158312
1 49 0.0143063
1 50 0.0124907
1 51 0.0110559
1 52 0.0099488
1 53 0.00882004
1 54 0.00735756
1 55 0.0056747
1 56 0.00383638
1 57 0.00189535
1 58 0.000208428
1 59 -0.000624029
1 60 -0.00025192
1 61 0.000973276
1 62 0.00246197
1 63 0.00384593
1 64 0.00509746
1 65 0.00613217
1 66 0.0068778
1 67 0.0076206
1 68 0.00876805
1 69 0.0103421
1 70 0.0117454
1 71 0.012948
1 72 0.0144147
1 73 0.0167384
1 74 0.0193714
1 75 0.0221185
1 76 0.0247472
1 77 0.0272732
1 78 0.0284758
1 79 0.0282927
1 80 0.026756
1 81 0.0243821
1 82 0.0206157
1 83 0.0163378
1 84 0.0119902
1 85 0.0077063
1 86 0.00331598
1 87 -0.000681858
1 88 -0.00423924
1 89 -0.00826267
1 90 -0.0119433
1 91 -0.0154633
1 92 -0.0183807
1 93 -0.0207872
1 94 -0.0213927
1 95 -0.0204919
1 96 -0.0180341
1 97 -0.0130778
1 98 -0.00704529
1 99 0.000163665
1 100 0.00720141
1 101 0.0135516
1 102 0.0181914
1 103 0.0202991
1 104 0.0200729
1 105 0.0164878
1 106 0.0113854
1 107 0.00433846
1 108 -0.00338741
1 109 -0.00946378
1 110 -0.0152075
1 111 -0.0177367
1 112 -0.0172467
1 113 -0.0149545
1 114 -0.00892954
1 115 -0.00227652
1 116 0.0046518
1 117 0.0116542
1 118 0.0153447
1 119 0

2 0 0
2 1 0.0146604
2 2 0.0114191
2 3 0.00562521
2 4 -0.000952078
2 5 -0.00706703
2 6 -0.0128315
2 7 -0.0157313
2 8 -0.0163412
2 9 -0.0143989
2 10 -0.00917127
2 11 -0.00327665
2 12 0.00406273
2 13 0.0105664
2 14 0.0151467
2 15 0.0184314
2 16 0.0176613
2 17 0.0154673
2 18 0.0107381
2 19 0.0041144
2 20 -0.00173195
2 21 -0.0083354
2 22 -0.013064
2 23 -0.0166889
2 24 -0.0179375
2 25 -0.0177665
2 26 -0.0165529
2 27 -0.0133159
2 28 -0.0110136
2 29 -0.00718815
2 30 -0.00412626
2 31 -0.000845536
2 32 0.0020749
2 33 0.00538476
2 34 0.00924203
2 35 0.0121336
2 36 0.0163249
2 37 0.019154
2 38 0.0221213
2 39 0.0229994
2 40 0.0239668
2 41 0.022773
2 42 0.0205932
2 43 0.0175744
2 44 0.0145229
2 45 0.0115592
2 46 0.00820603
2 47 0.00623018
2 48 0.00421204
2 49 0.00330617
2 50 0.00146896
2 51 0.00134377
2 52 0.000756134
2 53 0.00119663
2 54 -0.000552942
2 55 -0.00215601
2 56 -0.00540658
2 57 -0.00726617
2 58 -0.00963141
2 59 -0.00980026
2 60 -0.00998773
2 61 -0.00798695
2 62 -0.00648752
2 63 -0.00361558
2 64 -0.00238743
2 65 -0.00102351
2 66 -0.00185639
2 67 -0.00163401
2 68 -0.0019059
2 69 -0.000360202
2 70 0.000179189
2 71 0.00206011
2 72 0.00376275
2 73 0.00723348
2 74 0.0101069
2 75 0.0136303
2 76 0.0168485
2 77 0.0199178
2 78 0.0216993
2 79 0.0220184
2 80 0.0221654
2 81 0.0207349
2 82 0.019313
2 83 0.0166215
2 84 0.0153063
2 85 0.012526
2 86 0.0105683
2 87 0.00792549
2 88 0.00524891
2 89 0.00144493
2 90 -0.00302156
2 91 -0.00702958
2 92 -0.0123586
2 93 -0.0158871
2 94 -0.0192288
2 95 -0.0203397
2 96 -0.0198926
2 97 -0.0169187
2 98 -0.0120059
2 99 -0.00665635
2 100 0.000924103
2 101 0.00695667
2 102 0.0126524
2 103 0.0165799
2 104 0.0176128
2 105 0.0169816
2 106 0.0131114
2 107 0.00819488
2 108 0.00173463
2 109 -0.00481417
2 110 -0.00992525
2 111 -0.0140987
2 112 -0.0150289
2 113 -0.014014
2 114 -0.0106913
2 115 -0.00511246
2 116 0.000380038
2 117 0.00648106
2 118 0.0111677
2 119 0

3 0 0
3 1 0.0103582
3 2 0.00562521
3 3 0.000826734
3 4 -0.00474345
3 5 -0.00977264
3 6 -0.0120041
3 7 -0.0129015
3 8 -0.0113255
3 9 -0.00701547
3 10 -0.00257208
3 11 0.00297207
3 12 0.0083812
3 13 0.0117196
3 14 0.0140117
3 15 0.0139602
3 16 0.0118801
3 17 0.00804673
3 18 0.00284629
3 19 -0.00253914
3 20 -0.00852566
3 21 -0.0127053
3 22 -0.0160046
3 23 -0.0174225
3 24 -0.0160747
3 25 -0.0142626
3 26 -0.0100091
3 27 -0.00565533
3 28 -0.000968955
3 29 0.00317134
3 30 0.0066713
3 31 0.00970378
3 32 0.0106952
3 33 0.0126122
3 34 0.013166
3 35 0.0141776
3 36 0.0146062
3 37 0.0155989
3 38 0.0159197
3 39 0.0152185
3 40 0.014725
3 41 0.01253
3 42 0.0100502
3 43 0.00577883
3 44 0.00279635
3 45 -0.00136326
3 46 -0.00439001
3 47 -0.00769327
3 48 -0.00887925
3 49 -0.0100251
3 50 -0.0100456
3 51 -0.00973598
3 52 -0.00827019
3 53 -0.00729052
3 54 -0.00777822
3 55 -0.0100482
3 56 -0.0131871
3 57 -0.0157629
3 58 -0.0175263
3 59 -0.0179764
3 60 -0.0176845
3 61 -0.0160562
3 62 -0.0136907
3 63 -0.0106909
3 64 -0.00870997
3 65 -0.008388
3 66 -0.00975412
3 67 -0.011427
3 68 -0.0122218
3 69 -0.0124524
3 70 -0.0118623
3 71 -0.0109568
3 72 -0.00820932
3 73 -0.00545502
3 74 -0.00173068
3 75 0.00105152
3 76 0.0051722
3 77 0.00761342
3 78 0.0101182
3 79 0.0108396
3 80 0.0124359
3 81 0.0127051
3 82 0.0131808
3 83 0.0137479
3 84 0.0145527
3 85 0.0153333
3 86 0.0151309
3 87 0.0155721
3 88 0.0135865
3 89 0.0111793
3 90 0.00696568
3 91 0.0024746
3 92 -0.00315796
3 93 -0.00855384
3 94 -0.0124659
3 95 -0.0162556
3 96 -0.0170757
3 97 -0.0167267
3 98 -0.0142715
3 99 -0.010351
3 100 -0.00572694
3 101 -0.000455916
3 102 0.00396373
3 103 0.00841705
3 104 0.0107256
3 105 0.0118879
3 106 0.0120299
3 107 0.00931206
3 108 0.00644851
3 109 0.00255206
3 110 -0.00244526
3 111 -0.00608491
3 112 -0.00932902
3 113 -0.0110626
3 114 -0.0101908
3 115 -0.00813869
3 116 -0.00425612
3 117 0.000573967
3 118 0.00469169
3 119 0

4 0 0
4 1 0.00284305
4 2 -0.000952078
4 3 -0.00474345
4 4 -0.00765754
4 5 -0.00883952
4 6 -0.00876946
4 7 -0.00662683
4 8 -0.00346841
4 9 0.000220531
4 10 0.00454482
4 11 0.00750593
4 12 0.009876
4 13 0.0110761
4 14 0.00994109
4 15 0.00801306
4 16 0.00429973
4 17 -0.0004648
4 18 -0.00512839
4 19 -0.0101333
4 20 -0.0138864
4 21 -0.0161757
4 22 -0.0168375
4 23 -0.01538
4 24 -0.0118747
4 25 -0.00682242
4 26 -0.00116517
4 27 0.0051499
4 28 0.0106654
4 29 0.0147908
4 30 0.0178169
4 31 0.0189192
4 32 0.0182461
4 33 0.0164676
4 34 0.014301
4 35 0.0115429
4 36 0.00886702
4 37 0.00689298
4 38 0.00493968
4 39 0.00292436
4 40 0.000936501
4 41 -0.00105705
4 42 -0.00396725
4 43 -0.00742547
4 44 -0.0107995
4 45 -0.0140063
4 46 -0.0171646
4 47 -0.0197268
4 48 -0.020773
4 49 -0.0205477
4 50 -0.0192774
4 51 -0.0172397
4 52 -0.0143662
4 53 -0.0120943
4 54 -0.0116734
4 55 -0.0137202
4 56 -0.0167521
4 57 -0.0194371
4 58 -0.0207798
4 59 -0.0212006
4 60 -0.0206643
4 61 -0.0192137
4 62 -0.0164417
4 63 -0.0133471
4 64 -0.0112785
4 65 -0.0117215
4 66 -0.0140744
4 67 -0.017096
4 68 -0.0193523
4 69 -0.0209334
4 70 -0.0215398
4 71 -0.0209872
4 72 -0.01897
4 73 -0.0164744
4 74 -0.0139378
4 75 -0.011327
4 76 -0.00856942
4 77 -0.0063833
4 78 -0.00496312
4 79 -0.00345102
4 80 -0.00167453
4 81 0.000296309
4 82 0.00257968
4 83 0.00597083
4 84 0.00973044
4 85 0.0133634
4 86 0.0168131
4 87 0.0194987
4 88 0.0204621
4 89 0.0194947
4 90 0.0172779
4 91 0.0131727
4 92 0.0078827
4 93 0.00235368
4 94 -0.00319246
4 95 -0.00810164
4 96 -0.0117269
4 97 -0.0136519
4 98 -0.0145509
4 99 -0.0136615
4 100 -0.0114517
4 101 -0.00876174
4 102 -0.004878
4 103 -0.00123153
4 104 0.00233444
4 105 0.00570273
4 106 0.0077599
4 107 0.00913067
4 108 0.00919362
4 109 0.00790163
4 110 0.00541348
4 111 0.00209576
4 112 -0.00136267
4 113 -0.00498648
4 114 -0.00722568
4 115 -0.00829379
4 116 -0.00817145
4 117 -0.00566825
4 118 -0.00268554
4 119 0

5 0 0
5 1 -0.00471662
5 2 -0.00706703
5 3 -0.00977264
5 4 -0.00883952
5 5 -0.00655834
5 6 -0.00396902
5 7 0.00112982
5 8 0.00470806
5 9 0.00793726
5 10 0.0107801
5 11 0.0107423
5 12 0.0101445
5 13 0.00760377
5 14 0.00387709
5 15 -8.69045e-05
5 16 -0.00505055
5 17 -0.00903513
5 18 -0.0128983
5 19 -0.0154856
5 20 -0.0165174
5 21 -0.01611
5 22 -0.0134381
5 23 -0.00998174
5 24 -0.00430884
5 25 0.00209431
5 26 0.0084681
5 27 0.0149495
5 28 0.0199266
5 29 0.0233607
5 30 0.0244743
5 31 0.0239161
5 32 0.0208631
5 33 0.0163279
5 34 0.0113297
5 35 0.00583405
5 36 0.000751577
5 37 -0.00355834
5 38 -0.00667861
5 39 -0.00955437
5 40 -0.0116725
5 41 -0.0133924
5 42 -0.0152811
5 43 -0.0177745
5 44 -0.0203269
5 45 -0.0226551
5 46 -0.0250043
5 47 -0.0268371
5 48 -0.0273166
5 49 -0.0259472
5 50 -0.0232891
5 51 -0.0196802
5 52 -0.0157014
5 53 -0.0123971
5 54 -0.0113237
5 55 -0.012833
5 56 -0.0157338
5 57 -0.0181963
5 58 -0.019408
5 59 -0.0195911
5 60 -0.0190706
5 61 -0.0175319
5 62 -0.0147552
5 63 -0.0115734
5 64 -0.00981164
5 65 -0.0106926
5 66 -0.0138544
5 67 -0.0177822
5 68 -0.0214181
5 69 -0.0242264
5 70 -0.0258577
5 71 -0.0257865
5 72 -0.0245069
5 73 -0.0228572
5 74 -0.0213955
5 75 -0.0198153
5 76 -0.0184544
5 77 -0.0177099
5 78 -0.0172376
5 79 -0.0162342
5 80 -0.0144487
5 81 -0.0121207
5 82 -0.00837342
5 83 -0.00342918
5 84 0.00241076
5 85 0.00819549
5 86 0.0142127
5 87 0.0190581
5 88 0.0221287
5 89 0.0235864
5 90 0.0231215
5 91 0.0209048
5 92 0.0168728
5 93 0.0125567
5 94 0.00704305
5 95 0.00176306
5 96 -0.00292935
5 97 -0.00747189
5 98 -0.010898
5 99 -0.0136798
5 100 -0.0146802
5 101 -0.0149986
5 102 -0.0136698
5 103 -0.0109014
5 104 -0.00756228
5 105 -0.00245287
5 106 0.00190071
5 107 0.00665788
5 108 0.0105445
5 109 0.011718
5 110 0.0126106
5 111 0.0104579
5 112 0.0065793
5 113 0.00260129
5 114 -0.00321614
5 115 -0.00733955
5 116 -0.0100582
5 117 -0.0115037
5 118 -0.00929373
5 119 0

6 0 0
6 1 -0.0107925
6 2 -0.0128315
6 3 -0.0120041
6 4 -0.00876946
6 5 -0.00396902
6 6 0.00237741
6 7 0.0079737
6 8 0.012453
6 9 0.0150876
6 10 0.0145741
6 11 0.0124081
6 12 0.0077536
6 13 0.00220399
6 14 -0.00344852
6 15 -0.00938534
6 16 -0.0130343
6 17 -0.0163682
6 18 -0.0175471
6 19 -0.0166853
6 20 -0.0155079
6 21 -0.0117251
6 22 -0.00759309
6 23 -0.00208524
6 24 0.00369587
6 25 0.00986193
6 26 0.0160541
6 27 0.0206063
6 28 0.0251043
6 29 0.0263134
6 30 0.0262563
6 31 0.0236691
6 32 0.0191289
6 33 0.0129114
6 34 0.00564973
6 35 -0.000781251
6 36 -0.00790618
6 37 -0.0126277
6 38 -0.0168513
6 39 -0.0189068
6 40 -0.0209841
6 41 -0.021377
6 42 -0.0219547
6 43 -0.0228241
6 44 -0.0240434
6 45 -0.0254736
6 46 -0.0264365
6 47 -0.0278407
6 48 -0.0272308
6 49 -0.0255594
6 50 -0.0211744
6 51 -0.0170284
6 52 -0.011723
6 53 -0.00856966
6 54 -0.00644518
6 55 -0.00809
6 56 -0.0100491
6 57 -0.0129184
6 58 -0.013446
6 59 -0.0141393
6 60 -0.0129822
6 61 -0.01199
6 62 -0.00867708
6 63 -0.00627862
6 64 -0.00423272
6 65 -0.00598503
6 66 -0.00881401
6 67 -0.0138797
6 68 -0.0178293
6 69 -0.0221972
6 70 -0.0238687
6 71 -0.0247907
6 72 -0.0236602
6 73 -0.0234375
6 74 -0.0226208
6 75 -0.0226189
6 76 -0.022725
6 77 -0.0237853
6 78 -0.0246683
6 79 -0.0244329
6 80 -0.0237708
6 81 -0.0211939
6 82 -0.0176667
6 83 -0.0114619
6 84 -0.00560965
6 85 0.00197255
6 86 0.00864178
6 87 0.0150062
6 88 0.0193213
6 89 0.0224834
6 90 0.024158
6 91 0.0232472
6 92 0.0221015
6 93 0.0187915
6 94 0.0154317
6 95 0.0107143
6 96 0.00610569
6 97 0.000708776
6 98 -0.00495758
6 99 -0.00935659
6 100 -0.0145973
6 101 -0.0174741
6 102 -0.0191935
6 103 -0.0189287
6 104 -0.015945
6 105 -0.0114718
6 106 -0.00472056
6 107 0.002017
6 108 0.00902732
6 109 0.0144608
6 110 0.0170644
6 111 0.0175534
6 112 0.014135
6 113 0.00879663
6 114 0.00203746
6 115 -0.00540735
6 116 -0.0108104
6 117 -0.0144757
6 118 -0.0149391
6 119 0

7 0 0
7 1 -0.0163323
7 2 -0.0157313
7 3 -0.0129015
7 4 -0.00662683
7 5 0.00112982
7 6 0.0079737
7 7 0.0142671
7 8 0.0177038
7 9 0.0176979
7 10 0.0155065
7 11 0.0103129
7 12 0.0034235
7 13 -0.00339727
7 14 -0.0100716
7 15 -0.0152742
7 16 -0.0183957
7 17 -0.0194592
7 18 -0.0183751
7 19 -0.0155095
7 20 -0.0111335
7 21 -0.00615095
7 22 -0.000255977
7 23 0.00545541
7 24 0.0106369
7 25 0.0161086
7 26 0.0200309
7 27 0.0231623
7 28 0.0249337
7 29 0.0248121
7 30 0.022672
7 31 0.0186298
7 32 0.013392
7 33 0.00591969
7 34 -0.00139553
7 35 -0.00873803
7 36 -0.0151145
7 37 -0.0202477
7 38 -0.0232477
7 39 -0.024415
7 40 -0.0248234
7 41 -0.0236052
7 42 -0.022316
7 43 -0.0209032
7 44 -0.0209326
7 45 -0.0206459
7 46 -0.0211064
7 47 -0.0210935
7 48 -0.0206953
7 49 -0.0179607
7 50 -0.013655
7 51 -0.00835402
7 52 -0.00359254
7 53 3.18131e-06
7 54 0.00154656
7 55 0.000767046
7 56 -0.00137791
7 57 -0.0035912
7 58 -0.00467015
7 59 -0.00492903
7 60 -0.00421229
7 61 -0.00269098
7 62 -1.18058e-06
7 63 0.00257065
7 64 0.00384105
7 65 0.00269603
7 66 -0.000417206
7 67 -0.00484358
7 68 -0.00972228
7 69 -0.0138182
7 70 -0.0162789
7 71 -0.0166819
7 72 -0.0166922
7 73 -0.016556
7 74 -0.0172529
7 75 -0.0179606
7 76 -0.0203164
7 77 -0.0227945
7 78 -0.0255222
7 79 -0.0266844
7 80 -0.0274616
7 81 -0.0261873
7 82 -0.0230745
7 83 -0.0181823
7 84 -0.0123528
7 85 -0.00576878
7 86 0.00138117
7 87 0.00712827
7 88 0.012555
7 89 0.0166943
7 90 0.0199132
7 91 0.0214138
7 92 0.0223427
7 93 0.0221481
7 94 0.0202769
7 95 0.0179578
7 96 0.0138271
7 97 0.0085361
7 98 0.0022249
7 99 -0.00453864
7 100 -0.0112641
7 101 -0.0170831
7 102 -0.0208302
7 103 -0.0226535
7 104 -0.0211183
7 105 -0.0169205
7 106 -0.0108327
7 107 -0.00240394
7 108 0.00575878
7 109 0.0127406
7 110 0.0183173
7 111 0.0200797
7 112 0.0186277
7 113 0.0143529
7 114 0.006787
7 115 -0.00127816
7 116 -0.0090363
7 117 -0.0153478
7 118 -0.0176407
7 119 0

8 0 0
8 1 -0.0179902
8 2 -0.0163412
8 3 -0.0113255
8 4 -0.00346841
8 5 0.00470806
8 6 0.012453
8 7 0.0177038
8 8 0.0196493
8 9 0.0183968
8 10 0.0133606
8 11 0.00671636
8 12 -0.00140159
8 13 -0.00956425
8 14 -0.0154361
8 15 -0.019838
8 16 -0.0208256
8 17 -0.0190617
8 18 -0.0155422
8 19 -0.00959517
8 20 -0.00360994
8 21 0.00256976
8 22 0.00832049
8 23 0.0127211
8 24 0.016028
8 25 0.018106
8 26 0.0193822
8 27 0.0191314
8 28 0.018385
8 29 0.0165499
8 30 0.0131217
8 31 0.00907052
8 32 0.00397899
8 33 -0.00198137
8 34 -0.00838278
8 35 -0.0139043
8 36 -0.0186848
8 37 -0.0221426
8 38 -0.0233835
8 39 -0.022847
8 40 -0.0210976
8 41 -0.0184869
8 42 -0.0150866
8 43 -0.0123488
8 44 -0.0107726
8 45 -0.0100866
8 46 -0.00976866
8 47 -0.0097562
8 48 -0.00927436
8 49 -0.00703986
8 50 -0.0029436
8 51 0.00191348
8 52 0.00600137
8 53 0.00875933
8 54 0.00973779
8 55 0.00905889
8 56 0.00707727
8 57 0.0050353
8 58 0.00364431
8 59 0.00334286
8 60 0.00393705
8 61 0.00562674
8 62 0.00798042
8 63 0.0102905
8 64 0.0113186
8 65 0.0107129
8 66 0.00834513
8 67 0.00467055
8 68 0.000223554
8 69 -0.00345168
8 70 -0.00531166
8 71 -0.00543638
8 72 -0.00520524
8 73 -0.00534442
8 74 -0.00604822
8 75 -0.00777203
8 76 -0.0109314
8 77 -0.0149551
8 78 -0.0184983
8 79 -0.0214381
8 80 -0.0234224
8 81 -0.0238893
8 82 -0.0222263
8 83 -0.0194019
8 84 -0.0156424
8 85 -0.0109282
8 86 -0.00614428
8 87 -0.00178909
8 88 0.00225518
8 89 0.00650878
8 90 0.00988437
8 91 0.0132039
8 92 0.0164499
8 93 0.0189372
8 94 0.0205712
8 95 0.0208857
8 96 0.0195818
8 97 0.0156617
8 98 0.0104303
8 99 0.0033864
8 100 -0.00474134
8 101 -0.0119792
8 102 -0.0185892
8 103 -0.0223622
8 104 -0.0231771
8 105 -0.0208862
8 106 -0.015144
8 107 -0.00759609
8 108 0.00123081
8 109 0.00945232
8 110 0.016259
8 111 0.0200987
8 112 0.0199515
8 113 0.0170575
8 114 0.0102272
8 115 0.00194394
8 116 -0.00593048
8 117 -0.0137061
8 118 -0.0175032
8 119 0

9 0 0
9 1 -0.0170242
9 2 -0.0143989
9 3 -0.00701547
9 4 0.000220531
9 5 0.00793726
9 6 0.0150876
9 7 0.0176979
9 8 0.0183968
9 9 0.0151458
9 10 0.00839629
9 11 0.00129515
9 12 -0.00726801
9 13 -0.0138941
9 14 -0.0184664
9 15 -0.0205772
9 16 -0.01856
9 17 -0.0148717
9 18 -0.0085208
9 19 -0.00140151
9 20 0.00533459
9 21 0.0111506
9 22 0.0148864
9 23 0.0175611
9 24 0.0173249
9 25 0.016215
9 26 0.0141037
9 27 0.0109592
9 28 0.0081687
9 29 0.00489146
9 30 0.00174838
9 31 -0.00200987
9 32 -0.00521409
9 33 -0.00911294
9 34 -0.0130084
9 35 -0.0161116
9 36 -0.0184712
9 37 -0.0195465
9 38 -0.0190992
9 39 -0.0164755
9 40 -0.0132086
9 41 -0.00894198
9 42 -0.00452665
9 43 -0.000418486
9 44 0.00185443
9 45 0.00299034
9 46 0.00324761
9 47 0.00320351
9 48 0.00322815
9 49 0.00467693
9 50 0.00784057
9 51 0.011651
9 52 0.014596
9 53 0.0160684
9 54 0.0163133
9 55 0.0154447
9 56 0.0137894
9 57 0.011751
9 58 0.0102384
9 59 0.0096347
9 60 0.010295
9 61 0.0118712
9 62 0.0140023
9 63 0.01577
9 64 0.016808
9 65 0.0167619
9 66 0.0155698
9 67 0.0129364
9 68 0.00953564
9 69 0.00680076
9 70 0.00588033
9 71 0.00636864
9 72 0.00700283
9 73 0.00725707
9 74 0.00665561
9 75 0.00474761
9 76 0.000938815
9 77 -0.00344901
9 78 -0.00786814
9 79 -0.0116348
9 80 -0.0150548
9 81 -0.0166353
9 82 -0.017068
9 83 -0.0163984
9 84 -0.0153455
9 85 -0.0133642
9 86 -0.0115792
9 87 -0.009943
9 88 -0.00761678
9 89 -0.00503948
9 90 -0.00172304
9 91 0.00197518
9 92 0.00706879
9 93 0.011565
9 94 0.0161952
9 95 0.0196832
9 96 0.0208106
9 97 0.020057
9 98 0.0164741
9 99 0.0111009
9 100 0.00323101
9 101 -0.00443751
9 102 -0.011744
9 103 -0.0178151
9 104 -0.0202981
9 105 -0.0208059
9 106 -0.0172239
9 107 -0.0114853
9 108 -0.00436924
9 109 0.00436403
9 110 0.0106662
9 111 0.0158426
9 112 0.0180504
9 113 0.0160169
9 114 0.0123767
9 115 0.00548881
9 116 -0.00220989
9 117 -0.0087353
9 118 -0.0146516
9 119 0

10 0 0
10 1 -0.0137934
10 2 -0.00917127
10 3 -0.00257208
10 4 0.00454482
10 5 0.0107801
10 6 0.0145741
10 7 0.0155065
10 8 0.0133606
10 9 0.00839629
10 10 0.00186894
10 11 -0.00533603
10 12 -0.0116456
10 13 -0.0164453
10 14 -0.0183549
10 15 -0.0170597
10 16 -0.013683
10 17 -0.0071031
10 18 2.68838e-05
10 19 0.00716463
10 20 0.0140052
10 21 0.0178035
10 22 0.0199524
10 23 0.0190185
10 24 0.0159771
10 25 0.0113663
10 26 0.00584302
10 27 0.00076757
10 28 -0.00453467
10 29 -0.00760343
10 30 -0.0107107
10 31 -0.012512
10 32 -0.0135758
10 33 -0.0143476
10 34 -0.0147438
10 35 -0.0152341
10 36 -0.0140822
10 37 -0.013304
10 38 -0.010369
10 39 -0.0068855
10 40 -0.00182478
10 41 0.00280064
10 42 0.00792873
10 43 0.0122009
10 44 0.0146921
10 45 0.0156328
10 46 0.0151564
10 47 0.0147853
10 48 0.0136728
10 49 0.014317
10 50 0.0155045
10 51 0.0182257
10 52 0.0190755
10 53 0.0196265
10 54 0.0183636
10 55 0.0178218
10 56 0.0158501
10 57 0.0145093
10 58 0.0122951
10 59 0.0120385
10 60 0.0120822
10 61 0.0140894
10 62 0.0152581
10 63 0.0170807
10 64 0.0175371
10 65 0.0187682
10 66 0.0182646
10 67 0.017566
10 68 0.0150668
10 69 0.014277
10 70 0.0140552
10 71 0.0158519
10 72 0.0168361
10 73 0.0182686
10 74 0.0180628
10 75 0.016693
10 76 0.0131305
10 77 0.00906253
10 78 0.00489819
10 79 0.000495127
10 80 -0.00303754
10 81 -0.00610464
10 82 -0.00765845
10 83 -0.0100199
10 84 -0.011084
10 85 -0.0129635
10 86 -0.0143018
10 87 -0.0160983
10 88 -0.0164254
10 89 -0.0158055
10 90 -0.0141305
10 91 -0.00979469
10 92 -0.0046664
10 93 0.0021801
10 94 0.0086055
10 95 0.0150417
10 96 0.0191596
10 97 0.0210747
10 98 0.020658
10 99 0.0165312
10 100 0.0113531
10 101 0.00411327
10 102 -0.00323854
10 103 -0.00950085
10 104 -0.0143804
10 105 -0.0165737
10 106 -0.0164374
10 107 -0.0133439
10 108 -0.00880991
10 109 -0.00297324
10 110 0.00340067
10 111 0.00823632
10 112 0.0120496
10 113 0.0133261
10 114 0.0117465
10 115 0.00838319
10 116 0.00288653
10 117 -0.00325938
10 118 -0.00863655
10 119 0

11 0 0
11 1 -0.00748032
11 2 -0.00327665
11 3 0.00297207
11 4 0.00750593
11 5 0.0107423
11 6 0.0124081
11 7 0.0103129
11 8 0.00671636
11 9 0.00129515
11 10 -0.00533603
11 11 -0.0107635
11 12 -0.0151039
11 13 -0.0170337
11 14 -0.0160166
11 15 -0.01228
11 16 -0.00611219
11 17 0.00145533
11 18 0.00940924
11 19 0.0161242
11 20 0.0211696
11 21 0.0231525
11 22 0.0216914
11 23 0.0179185
11 24 0.0114241
11 25 0.00359985
11 26 -0.00413373
11 27 -0.0111565
11 28 -0.016595
11 29 -0.0196953
11 30 -0.0206509
11 31 -0.0202751
11 32 -0.018245
11 33 -0.0153741
11 34 -0.0125873
11 35 -0.00972572
11 36 -0.00656706
11 37 -0.00339146
11 38 7.07811e-06
11 39 0.00431175
11 40 0.00907196
11 41 0.0136125
11 42 0.0178369
11 43 0.0214064
11 44 0.0233206
11 45 0.0232655
11 46 0.0220725
11 47 0.020494
11 48 0.0188696
11 49 0.0177885
11 50 0.0177453
11 51 0.0182167
11 52 0.0179665
11 53 0.0166964
11 54 0.0151281
11 55 0.0139706
11 56 0.012856
11 57 0.0113542
11 58 0.00967132
11 59 0.0088281
11 60 0.00925214
11 61 0.0105257
11 62 0.0116346
11 63 0.0123886
11 64 0.0132227
11 65 0.0145291
11 66 0.0156033
11 67 0.0157569
11 68 0.0152912
11 69 0.0154829
11 70 0.0168545
11 71 0.018951
11 72 0.0211745
11 73 0.0232102
11 74 0.0242848
11 75 0.0235567
11 76 0.0213024
11 77 0.0184596
11 78 0.0153104
11 79 0.0118316
11 80 0.00862359
11 81 0.00598538
11 82 0.00314658
11 83 -0.000219153
11 84 -0.0039167
11 85 -0.00816875
11 86 -0.0131875
11 87 -0.0178602
11 88 -0.0213431
11 89 -0.0236045
11 90 -0.0236512
11 91 -0.020924
11 92 -0.0158164
11 93 -0.0090635
11 94 -0.000841274
11 95 0.00719292
11 96 0.013883
11 97 0.0191562
11 98 0.0215345
11 99 0.0210385
11 100 0.018075
11 101 0.0130724
11 102 0.00665812
11 103 -4.9367e-06
11 104 -0.00591609
11 105 -0.0108531
11 106 -0.0133342
11 107 -0.0140874
11 108 -0.0128154
11 109 -0.00896445
11 110 -0.00492914
11 111 0.000113834
11 112 0.00489396
11 113 0.00764596
11 114 0.00973847
11 115 0.00913185
11 116 0.00655271
11 117 0.00329767
11 118 -0.00175505
11 119 0

12 0 0
12 1 -0.000666709
12 2 0.00406273
12 3 0.0083812
12 4 0.009876
12 5 0.0101445
12 6 0.0077536
12 7 0.0034235
12 8 -0.00140159
12 9 -0.00726801
12 10 -0.0116456
12 11 -0.0151039
12 12 -0.0163637
12 13 -0.0143303
12 14 -0.0109525
12 15 -0.00459384
12 16 0.00250429
12 17 0.00986289
12 18 0.0171113
12 19 0.021517
12 20 0.0244897
12 21 0.0236417
12 22 0.019584
12 23 0.0135301
12 24 0.00495273
12 25 -0.00397764
12 26 -0.0128238
12 27 -0.0196349
12 28 -0.0246539
12 29 -0.0266016
12 30 -0.0255095
12 31 -0.0229642
12 32 -0.0182762
12 33 -0.01297
12 34 -0.00751827
12 35 -0.00292994
12 36 0.0015763
12 37 0.0054198
12 38 0.00864822
12 39 0.0122425
12 40 0.0158963
12 41 0.0193337
12 42 0.02198
12 43 0.024326
12 44 0.0251663
12 45 0.0243588
12 46 0.0222915
12 47 0.0201255
12 48 0.0179358
12 49 0.015967
12 50 0.0145531
12 51 0.0134851
12 52 0.0120091
12 53 0.00982346
12 54 0.00790524
12 55 0.00685189
12 56 0.00636647
12 57 0.00538985
12 58 0.00408466
12 59 0.00323452
12 60 0.00358993
12 61 0.00440298
12 62 0.00489696
12 63 0.00490994
12 64 0.00551818
12 65 0.00701578
12 66 0.00884153
12 67 0.0100062
12 68 0.010877
12 69 0.0121762
12 70 0.0142154
12 71 0.0165977
12 72 0.0192176
12 73 0.0218955
12 74 0.0236278
12 75 0.0238825
12 76 0.0229325
12 77 0.0218251
12 78 0.0201012
12 79 0.0182192
12 80 0.0163038
12 81 0.0146661
12 82 0.0119402
12 83 0.00826917
12 84 0.00366725
12 85 -0.00228487
12 86 -0.00911054
12 87 -0.0159539
12 88 -0.0214316
12 89 -0.0260892
12 90 -0.0277698
12 91 -0.0267356
12 92 -0.0230236
12 93 -0.0169945
12 94 -0.00933413
12 95 -0.000840121
12 96 0.00655318
12 97 0.013843
12 98 0.0184376
12 99 0.0208334
12 100 0.0212722
12 101 0.0187892
12 102 0.0152082
12 103 0.00952947
12 104 0.00366479
12 105 -0.00239349
12 106 -0.00807142
12 107 -0.0117568
12 108 -0.01444
12 109 -0.014227
12 110 -0.0126798
12 111 -0.00928815
12 112 -0.00380873
12 113 0.000561319
12 114 0.00596079
12 115 0.00942291
12 116 0.00982296
12 117 0.00993168
12 118 0.0061144
12 119 0

13 0 0
13 1 0.00662268
13 2 0.0105664
13 3 0.0117196
13 4 0.0110761
13 5 0.00760377
13 6 0.00220399
13 7 -0.00339727
13 8 -0.00956425
13 9 -0.0138941
13 10 -0.0164453
13 11 -0.0170337
13 12 -0.0143303
13 13 -0.0104574
13 14 -0.00422516
13 15 0.00304028
13 16 0.0097137
13 17 0.0166521
13 18 0.0212655
13 19 0.0238758
13 20 0.0237355
13 21 0.0208381
13 22 0.0152977
13 23 0.00710785
13 24 -0.00133461
13 25 -0.010941
13 26 -0.0188523
13 27 -0.0248731
13 28 -0.028528
13 29 -0.0285443
13 30 -0.0259406
13 31 -0.0206069
13 32 -0.0145908
13 33 -0.00692116
13 34 -0.000344047
13 35 0.00537218
13 36 0.00988719
13 37 0.0131839
13 38 0.0154108
13 39 0.0167775
13 40 0.0187445
13 41 0.0195946
13 42 0.0205611
13 43 0.0204804
13 44 0.02042
13 45 0.0183142
13 46 0.0159607
13 47 0.0131
13 48 0.010937
13 49 0.00831548
13 50 0.00605051
13 51 0.00374556
13 52 0.00143849
13 53 -0.00110971
13 54 -0.0030242
13 55 -0.00355215
13 56 -0.00337963
13 57 -0.0034198
13 58 -0.00427126
13 59 -0.00475503
13 60 -0.00470598
13 61 -0.00427712
13 62 -0.00470159
13 63 -0.00529841
13 64 -0.00527321
13 65 -0.00378151
13 66 -0.00175837
13 67 0.000160379
13 68 0.00197206
13 69 0.00395589
13 70 0.00621913
13 71 0.00832299
13 72 0.0111121
13 73 0.013772
13 74 0.0162711
13 75 0.0171369
13 76 0.0182266
13 77 0.0186212
13 78 0.0194321
13 79 0.0192769
13 80 0.0200438
13 81 0.0197419
13 82 0.0185837
13 83 0.0155347
13 84 0.0112342
13 85 0.00498032
13 86 -0.00279419
13 87 -0.0101584
13 88 -0.0176238
13 89 -0.0232755
13 90 -0.0272088
13 91 -0.0275777
13 92 -0.0261517
13 93 -0.0218221
13 94 -0.0155328
13 95 -0.00861123
13 96 -0.000597136
13 97 0.00650012
13 98 0.0130134
13 99 0.0175126
13 100 0.0209294
13 101 0.0217864
13 102 0.0201969
13 103 0.0175046
13 104 0.0118447
13 105 0.00569708
13 106 -0.00122661
13 107 -0.00823473
13 108 -0.0135187
13 109 -0.0175227
13 110 -0.0183142
13 111 -0.0165381
13 112 -0.0123325
13 113 -0.00575917
13 114 0.00100386
13 115 0.00761662
13 116 0.0123797
13 117 0.0140685
13 118 0.013144
13 119 0

14 0 0
14 1 0.0128591
14 2 0.0151467
14 3 0.0140117
14 4 0.00994109
14 5 0.00387709
14 6 -0.00344852
14 7 -0.0100716
14 8 -0.0154361
14 9 -0.0184664
14 10 -0.0183549
14 11 -0.0160166
14 12 -0.0109525
14 13 -0.00422516
14 14 0.0026946
14 15 0.0098821
14 16 0.0157974
14 17 0.019876
14 18 0.0221505
14 19 0.0216791
14 20 0.0190055
14 21 0.014403
14 22 0.00765121
14 23 4.56505e-06
14 24 -0.00776484
14 25 -0.0152449
14 26 -0.0212975
14 27 -0.0249663
14 28 -0.0261269
14 29 -0.0246272
14 30 -0.0200216
14 31 -0.0137783
14 32 -0.00663815
14 33 0.000933293
14 34 0.00762324
14 35 0.0125663
14 36 0.0156476
14 37 0.0173328
14 38 0.0170867
14 39 0.0161137
14 40 0.0149644
14 41 0.0137639
14 42 0.0121153
14 43 0.0105664
14 44 0.00908804
14 45 0.00694216
14 46 0.00444702
14 47 0.00211001
14 48 0.000346735
14 49 -0.0019048
14 50 -0.00440454
14 51 -0.00725118
14 52 -0.00972973
14 53 -0.0121425
14 54 -0.0133287
14 55 -0.0132375
14 56 -0.0119276
14 57 -0.011141
14 58 -0.0109413
14 59 -0.011256
14 60 -0.0111636
14 61 -0.0115951
14 62 -0.0126406
14 63 -0.0142363
14 64 -0.0146608
14 65 -0.0138474
14 66 -0.0118607
14 67 -0.00985074
14 68 -0.00750683
14 69 -0.00553939
14 70 -0.00380028
14 71 -0.00254326
14 72 -0.000598368
14 73 0.0015722
14 74 0.00363539
14 75 0.00517899
14 76 0.00716823
14 77 0.00948243
14 78 0.0118082
14 79 0.0143423
14 80 0.0171234
14 81 0.0193779
14 82 0.0199036
14 83 0.0190407
14 84 0.0161062
14 85 0.0111088
14 86 0.00451396
14 87 -0.00233779
14 88 -0.00939482
14 89 -0.0157521
14 90 -0.0201073
14 91 -0.022648
14 92 -0.0232383
14 93 -0.0217042
14 94 -0.0183098
14 95 -0.0138923
14 96 -0.00814951
14 97 -0.00161048
14 98 0.00468365
14 99 0.0109954
14 100 0.0164915
14 101 0.0203036
14 102 0.0223614
14 103 0.0217996
14 104 0.0185633
14 105 0.0130678
14 106 0.00540513
14 107 -0.00307139
14 108 -0.0110016
14 109 -0.0174615
14 110 -0.021277
14 111 -0.0214357
14 112 -0.0181127
14 113 -0.0120305
14 114 -0.00359079
14 115 0.0049359
14 116 0.0120133
14 117 0.0170457
14 118 0.0178924
14 119 0

15 0 0
15 1 0.0171051
15 2 0.0184314
15 3 0.0139602
15 4 0.00801306
15 5 -8.69045e-05
15 6 -0.00938534
15 7 -0.0152742
15 8 -0.019838
15 9 -0.0205772
15 10 -0.0170597
15 11 -0.01228
15 12 -0.00459384
15 13 0.00304028
15 14 0.0098821
15 15 0.0158116
15 16 0.0185717
15 17 0.019659
15 18 0.0181804
15 19 0.0148815
15 20 0.0102597
15 21 0.00466953
15 22 -0.000857416
15 23 -0.00704403
15 24 -0.0118053
15 25 -0.0160247
15 26 -0.0189143
15 27 -0.0194889
15 28 -0.0186227
15 29 -0.015458
15 30 -0.0105864
15 31 -0.00409798
15 32 0.0022036
15 33 0.00849829
15 34 0.0137564
15 35 0.0167515
15 36 0.0178049
15 37 0.0168922
15 38 0.0144408
15 39 0.0105871
15 40 0.00702785
15 41 0.00352685
15 42 0.000268469
15 43 -0.0026224
15 44 -0.00457931
15 45 -0.00632416
15 46 -0.00798715
15 47 -0.00916965
15 48 -0.00989168
15 49 -0.0110904
15 50 -0.0133253
15 51 -0.0160088
15 52 -0.0184336
15 53 -0.0200441
15 54 -0.020463
15 55 -0.0192842
15 56 -0.0171355
15 57 -0.0151218
15 58 -0.0140986
15 59 -0.013792
15 60 -0.0140418
15 61 -0.0150237
15 62 -0.0170284
15 63 -0.0192135
15 64 -0.0204922
15 65 -0.0202455
15 66 -0.0188978
15 67 -0.0168251
15 68 -0.014601
15 69 -0.0129115
15 70 -0.0123613
15 71 -0.0123358
15 72 -0.011916
15 73 -0.0109779
15 74 -0.00994554
15 75 -0.0085276
15 76 -0.00604571
15 77 -0.0028596
15 78 0.000833888
15 79 0.00505501
15 80 0.00994166
15 81 0.013907
15 82 0.0167202
15 83 0.0178473
15 84 0.0172852
15 85 0.0142957
15 86 0.0102164
15 87 0.00538404
15 88 -0.000117649
15 89 -0.00519788
15 90 -0.00946677
15 91 -0.0126027
15 92 -0.0153639
15 93 -0.0162771
15 94 -0.0165952
15 95 -0.0156945
15 96 -0.0131346
15 97 -0.0096093
15 98 -0.00445922
15 99 0.00144981
15 100 0.0084144
15 101 0.0143909
15 102 0.0195317
15 103 0.0225317
15 104 0.0218048
15 105 0.0189265
15 106 0.0119916
15 107 0.00351555
15 108 -0.00551709
15 109 -0.0149262
15 110 -0.0205928
15 111 -0.0235812
15 112 -0.0223092
15 113 -0.0162392
15 114 -0.00843933
15 115 0.00166781
15 116 0.0109115
15 117 0.0172253
15 118 0.0208506
15 119 0

16 0 0
16 1 0.0192426
16 2 0.0176613
16 3 0.0118801
16 4 0.00429973
16 5 -0.00505055
16 6 -0.0130343
16 7 -0.0183957
16 8 -0.0208256
16 9 -0.01856
16 10 -0.013683
16 11 -0.00611219
16 12 0.00250429
16 13 0.0097137
16 14 0.0157974
16 15 0.0185717
16 16 0.0187602
16 17 0.0161385
16 18 0.0114738
16 19 0.00624413
16 20 -0.000319813
16 21 -0.00514943
16 22 -0.00942761
16 23 -0.0127456
16 24 -0.0140821
16 25 -0.0146662
16 26 -0.0135617
16 27 -0.0117307
16 28 -0.00824979
16 29 -0.00446633
16 30 0.000517935
16 31 0.00612355
16 32 0.0108353
16 33 0.0152056
16 34 0.0178969
16 35 0.0189178
16 36 0.0171024
16 37 0.0140414
16 38 0.00898777
16 39 0.00305678
16 40 -0.00287818
16 41 -0.00798147
16 42 -0.0124279
16 43 -0.016031
16 44 -0.0178799
16 45 -0.0188177
16 46 -0.0188543
16 47 -0.0186308
16 48 -0.0176218
16 49 -0.0177246
16 50 -0.0189348
16 51 -0.0214477
16 52 -0.0231798
16 53 -0.0241553
16 54 -0.0233126
16 55 -0.0214055
16 56 -0.018148
16 57 -0.0153287
16 58 -0.0131175
16 59 -0.012513
16 60 -0.0127724
16 61 -0.014651
16 62 -0.0171783
16 63 -0.0201839
16 64 -0.0219216
16 65 -0.0226686
16 66 -0.0217213
16 67 -0.020131
16 68 -0.0179173
16 69 -0.0171598
16 70 -0.0176775
16 71 -0.0194864
16 72 -0.020643
16 73 -0.0217114
16 74 -0.0219067
16 75 -0.0213021
16 76 -0.0187826
16 77 -0.0154089
16 78 -0.0109613
16 79 -0.00550495
16 80 0.000622431
16 81 0.00620675
16 82 0.0106112
16 83 0.0141727
16 84 0.015579
16 85 0.0156213
16 86 0.0141649
16 87 0.0123897
16 88 0.00909297
16 89 0.00603814
16 90 0.00274903
16 91 -0.000980161
16 92 -0.00479318
16 93 -0.00876055
16 94 -0.0121245
16 95 -0.0153847
16 96 -0.0162284
16 97 -0.0160785
16 98 -0.0133929
16 99 -0.00789255
16 100 -0.00130361
16 101 0.00663037
16 102 0.0137472
16 103 0.0197211
16 104 0.0222064
16 105 0.0214095
16 106 0.0172947
16 107 0.00919762
16 108 0.000336711
16 109 -0.00936513
16 110 -0.0171061
16 111 -0.021405
16 112 -0.0225945
16 113 -0.0183811
16 114 -0.0115848
16 115 -0.0024985
16 116 0.00773871
16 117 0.014855
16 118 0.0198805
16 119 0

17 0 0
17 1 0.0183772
17 2 0.0154673
17 3 0.00804673
17 4 -0.0004648
17 5 -0.00903513
17 6 -0.0163682
17 7 -0.0194592
17 8 -0.0190617
17 9 -0.0148717
17 10 -0.0071031
17 11 0.00145533
17 12 0.00986289
17 13 0.0166521
17 14 0.019876
17 15 0.019659
17 16 0.0161385
17 17 0.00982479
17 18 0.00238826
17 19 -0.00498357
17 20 -0.0111901
17 21 -0.0152189
17 22 -0.0167292
17 23 -0.0161655
17 24 -0.013668
17 25 -0.0096404
17 26 -0.0055458
17 27 -0.000964765
17 28 0.00352921
17 29 0.00725989
17 30 0.0108592
17 31 0.0140686
17 32 0.0164804
17 33 0.0175029
17 34 0.0177586
17 35 0.0160624
17 36 0.0124356
17 37 0.00741977
17 38 0.00121861
17 39 -0.00573487
17 40 -0.0125938
17 41 -0.0179839
17 42 -0.0225203
17 43 -0.0254036
17 44 -0.0265554
17 45 -0.025532
17 46 -0.0237561
17 47 -0.0211896
17 48 -0.0186825
17 49 -0.0170595
17 50 -0.0175461
17 51 -0.0192976
17 52 -0.0207571
17 53 -0.0207836
17 54 -0.0192456
17 55 -0.0164703
17 56 -0.0127444
17 57 -0.00902245
17 58 -0.00611159
17 59 -0.00495593
17 60 -0.00556469
17 61 -0.00794749
17 62 -0.0111494
17 63 -0.0144155
17 64 -0.0167533
17 65 -0.0179662
17 66 -0.0176616
17 67 -0.0161005
17 68 -0.0143306
17 69 -0.0140716
17 70 -0.0160467
17 71 -0.0192081
17 72 -0.0225838
17 73 -0.0254823
17 74 -0.027779
17 75 -0.0281398
17 76 -0.0268534
17 77 -0.0239615
17 78 -0.0201548
17 79 -0.0146195
17 80 -0.00871702
17 81 -0.00294752
17 82 0.00212619
17 83 0.00670262
17 84 0.00995363
17 85 0.012147
17 86 0.0140712
17 87 0.0150949
17 88 0.0154193
17 89 0.0150594
17 90 0.0140435
17 91 0.0110909
17 92 0.00693093
17 93 0.00159229
17 94 -0.00499652
17 95 -0.011372
17 96 -0.0166551
17 97 -0.019944
17 98 -0.0204507
17 99 -0.017395
17 100 -0.011558
17 101 -0.00355616
17 102 0.00560661
17 103 0.0135706
17 104 0.0195004
17 105 0.0220805
17 106 0.020215
17 107 0.0152084
17 108 0.00730725
17 109 -0.00225248
17 110 -0.0105284
17 111 -0.0170227
17 112 -0.0200512
17 113 -0.0184836
17 114 -0.0139073
17 115 -0.00612514
17 116 0.00283974
17 117 0.0106029
17 118 0.0167312
17 119 0

18 0 0
18 1 0.0156951
18 2 0.0107381
18 3 0.00284629
18 4 -0.00512839
18 5 -0.0128983
18 6 -0.0175471
18 7 -0.0183751
18 8 -0.0155422
18 9 -0.0085208
18 10 2.68838e-05
18 11 0.00940924
18 12 0.0171113
18 13 0.0212655
18 14 0.0221505
18 15 0.0181804
18 16 0.0114738
18 17 0.00238826
18 18 -0.00735117
18 19 -0.0148599
18 20 -0.0208315
18 21 -0.022766
18 22 -0.0212276
18 23 -0.0171142
18 24 -0.0107552
18 25 -0.0037396
18 26 0.00327875
18 27 0.00887306
18 28 0.0136669
18 29 0.0163033
18 30 0.0176378
18 31 0.0183286
18 32 0.0176856
18 33 0.0161969
18 34 0.013778
18 35 0.0107096
18 36 0.00584368
18 37 0.000382446
18 38 -0.00585477
18 39 -0.0124872
18 40 -0.0188776
18 41 -0.0238063
18 42 -0.0271929
18 43 -0.0290946
18 44 -0.0286302
18 45 -0.0259806
18 46 -0.0218382
18 47 -0.0175152
18 48 -0.0132857
18 49 -0.0106873
18 50 -0.010265
18 51 -0.0117908
18 52 -0.0128889
18 53 -0.0126092
18 54 -0.0105002
18 55 -0.0074686
18 56 -0.00344016
18 57 0.000658055
18 58 0.00418743
18 59 0.00560093
18 60 0.00479583
18 61 0.0018736
18 62 -0.00162668
18 63 -0.00506603
18 64 -0.00753571
18 65 -0.00911401
18 66 -0.0089243
18 67 -0.00743243
18 68 -0.00562765
18 69 -0.00591533
18 70 -0.00856207
18 71 -0.0130695
18 72 -0.0179181
18 73 -0.0228949
18 74 -0.0266538
18 75 -0.0285712
18 76 -0.0283399
18 77 -0.0269112
18 78 -0.0239735
18 79 -0.0196758
18 80 -0.0148518
18 81 -0.0102115
18 82 -0.00567874
18 83 -0.00115798
18 84 0.00252498
18 85 0.00642882
18 86 0.0103443
18 87 0.0143045
18 88 0.0173852
18 89 0.0203241
18 90 0.0215172
18 91 0.0202635
18 92 0.0168286
18 93 0.0107363
18 94 0.00285103
18 95 -0.00618956
18 96 -0.0142534
18 97 -0.0212189
18 98 -0.024573
18 99 -0.0240301
18 100 -0.0203397
18 101 -0.0126631
18 102 -0.00360089
18 103 0.00613432
18 104 0.0143221
18 105 0.0197307
18 106 0.0216938
18 107 0.0191747
18 108 0.0138475
18 109 0.00562562
18 110 -0.00270831
18 111 -0.00991924
18 112 -0.0154432
18 113 -0.016321
18 114 -0.0147701
18 115 -0.009835
18 116 -0.00208126
18 117 0.00443748
18 118 0.0111397
18 119 0

19 0 0
19 1 0.0107684
19 2 0.0041144
19 3 -0.00253914
19 4 -0.0101333
19 5 -0.0154856
19 6 -0.0166853
19 7 -0.0155095
19 8 -0.00959517
19 9 -0.00140151
19 10 0.00716463
19 11 0.0161242
19 12 0.021517
19 13 0.0238758
19 14 0.0216791
19 15 0.0148815
19 16 0.00624413
19 17 -0.00498357
19 18 -0.0148599
19 19 -0.0223982
19 20 -0.0269545
19 21 -0.0267584
19 22 -0.0229195
19 23 -0.0154748
19 24 -0.0069907
19 25 0.00250493
19 26 0.0106405
19 27 0.0164195
19 28 0.0204717
19 29 0.0212065
19 30 0.0203404
19 31 0.0178595
19 32 0.0149502
19 33 0.0109567
19 34 0.00709915
19 35 0.00325994
19 36 -0.00142758
19 37 -0.00612425
19 38 -0.0111749
19 39 -0.016029
19 40 -0.0210506
19 41 -0.0242697
19 42 -0.0262026
19 43 -0.0262191
19 44 -0.0243271
19 45 -0.0197177
19 46 -0.0138269
19 47 -0.00773872
19 48 -0.002573
19 49 0.000787548
19 50 0.00147829
19 51 0.000102176
19 52 -0.00115941
19 53 -0.000865751
19 54 0.00121027
19 55 0.00417857
19 56 0.0080309
19 57 0.0122075
19 58 0.0159851
19 59 0.0175471
19 60 0.0165089
19 61 0.0132589
19 62 0.00963308
19 63 0.00633711
19 64 0.00396281
19 65 0.00247173
19 66 0.0027969
19 67 0.00462623
19 68 0.0065737
19 69 0.00632576
19 70 0.00335072
19 71 -0.00167027
19 72 -0.00775629
19 73 -0.0140147
19 74 -0.0192209
19 75 -0.0221816
19 76 -0.023508
19 77 -0.0233961
19 78 -0.0222227
19 79 -0.0195557
19 80 -0.017098
19 81 -0.0143604
19 82 -0.0117149
19 83 -0.00842318
19 84 -0.00538802
19 85 -0.00111102
19 86 0.00408266
19 87 0.00966097
19 88 0.015475
19 89 0.0207333
19 90 0.0245857
19 91 0.0250193
19 92 0.023233
19 93 0.0174873
19 94 0.00923972
19 95 -0.000559583
19 96 -0.0107479
19 97 -0.0194703
19 98 -0.0255787
19 99 -0.0270936
19 100 -0.0256618
19 101 -0.0195851
19 102 -0.0109057
19 103 -0.0015389
19 104 0.00841388
19 105 0.0154969
19 106 0.0202443
19 107 0.0209289
19 108 0.0180313
19 109 0.0130471
19 110 0.00526638
19 111 -0.00191334
19 112 -0.0083376
19 113 -0.012917
19 114 -0.0136906
19 115 -0.012282
19 116 -0.00791496
19 117 -0.00192479
19 118 0.00357096
19 119 0

20 0 0
20 1 0.00497993
20 2 -0.00173195
20 3 -0.00852566
20 4 -0.0138864
20 5 -0.0165174
20 6 -0.0155079
20 7 -0.0111335
20 8 -0.00360994
20 9 0.00533459
20 10 0.0140052
20 11 0.0211696
20 12 0.0244897
20 13 0.0237355
20 14 0.0190055
20 15 0.0102597
20 16 -0.000319813
20 17 -0.0111901
20 18 -0.0208315
20 19 -0.0269545
20 20 -0.0289202
20 21 -0.0266715
20 22 -0.0201434
20 23 -0.0110583
20 24 -0.0009533
20 25 0.00888807
20 26 0.0164834
20 27 0.0210716
20 28 0.0225849
20 29 0.0211441
20 30 0.0170313
20 31 0.012023
20 32 0.00688215
20 33 0.00168569
20 34 -0.00248927
20 35 -0.00572441
20 36 -0.00844218
20 37 -0.0110763
20 38 -0.0131041
20 39 -0.0152953
20 40 -0.0174113
20 41 -0.0185917
20 42 -0.0182968
20 43 -0.0166308
20 44 -0.0131949
20 45 -0.00733534
20 46 -0.000222762
20 47 0.00674379
20 48 0.0120881
20 49 0.0153811
20 50 0.0156608
20 51 0.013963
20 52 0.0119573
20 53 0.0117781
20 54 0.0131296
20 55 0.0156716
20 56 0.0187912
20 57 0.0227881
20 58 0.0263089
20 59 0.0279827
20 60 0.0265831
20 61 0.0233519
20 62 0.0196838
20 63 0.0169363
20 64 0.0148357
20 65 0.0139871
20 66 0.0147491
20 67 0.0173978
20 68 0.0197956
20 69 0.0202436
20 70 0.0176656
20 71 0.0129916
20 72 0.00655895
20 73 -0.000175744
20 74 -0.00595857
20 75 -0.00960151
20 76 -0.0119383
20 77 -0.0132804
20 78 -0.0136925
20 79 -0.0135283
20 80 -0.013739
20 81 -0.0142747
20 82 -0.0143152
20 83 -0.0140398
20 84 -0.0128055
20 85 -0.00990443
20 86 -0.00495269
20 87 0.00103955
20 88 0.00824076
20 89 0.0155973
20 90 0.0213374
20 91 0.0245477
20 92 0.0247336
20 93 0.0212868
20 94 0.0142696
20 95 0.00533802
20 96 -0.00480454
20 97 -0.0144848
20 98 -0.0218192
20 99 -0.0262629
20 100 -0.0268962
20 101 -0.0234515
20 102 -0.0170665
20 103 -0.00850978
20 104 0.00108051
20 105 0.00970375
20 106 0.0165629
20 107 0.0207065
20 108 0.0211491
20 109 0.0184097
20 110 0.0131617
20 111 0.00599577
20 112 -0.00143994
20 113 -0.00772322
20 114 -0.0123929
20 115 -0.0140148
20 116 -0.0125708
20 117 -0.00910122
20 118 -0.00351383
20 119 0

21 0 0
