0 0 0
0 1 0
0 2 0
0 3 0
0 4 0
0 5 0
0 6 0
0 7 0
0 8 0
0 9 0
0 10 0
0 11 0
0 12 0
0 13 0
0 14 0
0 15 0
0 16 0
0 17 0
0 18 0
0 19 0
0 20 0
0 21 0
0 22 0
0 23 0
0 24 0
0 25 0
0 26 0
0 27 0
0 28 0
0 29 0
0 30 0
0 31 0
0 32 0
0 33 0
0 34 0
0 35 0
0 36 0
0 37 0
0 38 0
0 39 0
0 40 0
0 41 0
0 42 0
0 43 0
0 44 0
0 45 0
0 46 0
0 47 0
0 48 0
0 49 0
0 50 0
0 51 0
0 52 0
0 53 0
0 54 0
0 55 0
0 56 0
0 57 0
0 58 0
0 59 0
0 60 0
0 61 0
0 62 0
0 63 0
0 64 0
0 65 0
0 66 0
0 67 0
0 68 0
0 69 0
0 70 0
0 71 0
0 72 0
0 73 0
0 74 0
0 75 0
0 76 0
0 77 0
0 78 0
0 79 0
0 80 0
0 81 0
0 82 0
0 83 0
0 84 0
0 85 0
0 86 0
0 87 0
0 88 0
0 89 0
0 90 0
0 91 0
0 92 0
0 93 0
0 94 0
0 95 0
0 96 0
0 97 0
0 98 0
0 99 0
0 100 0
0 101 0
0 102 0
0 103 0
0 104 0
0 105 0
0 106 0
0 107 0
0 108 0
0 109 0
0 110 0
0 111 0
0 112 0
0 113 0
0 114 0
0 115 0
0 116 0
0 117 0
0 118 0
0 119 0

1 0 0
1 1 0.017189
1 2 0.0155468
1 3 0.0100921
1 4 0.00149269
1 5 -0.006035
1 6 -0.0129689
1 7 -0.0190495
1 8 -0.0204684
1 9 -0.018569
1 10 -0.0155732
1 11 -0.00934056
1 12 -0.00137669
1 13 0.00590563
1 14 0.0129157
1 15 0.0174266
1 16 0.0196268
1 17 0.0208328
1 18 0.0183322
1 19 0.0135067
1 20 0.00787079
1 21 0.00106067
1 22 -0.00407192
1 23 -0.00876592
1 24 -0.0131907
1 25 -0.0159604
1 26 -0.018838
1 27 -0.0196618
1 28 -0.019216
1 29 -0.0177837
1 30 -0.0142408
1 31 -0.0108393
1 32 -0.00593315
1 33 -0.00127669
1 34 0.00342411
1 35 0.00835102
1 36 0.012053
1 37 0.0162128
1 38 0.01871
1 39 0.0213553
1 40 0.0227085
1 41 0.0235921
1 42 0.023949
1 43 0.0232838
1 44 0.0228287
1 45 0.0210909
1 46 0.0200389
1 47 0.0177602
1 48 0.0163442
1 49 0.0139734
1 50 0.0124187
1 51 0.0102687
1 52 0.00876835
1 53 0.00702027
1 54 0.0057223
1 55 0.00445823
1 56 0.00346653
1 57 0.00270601
1 58 0.0020904
1 59 0.00181993
1 60 0.00162888
1 61 0.00181993
1 62 0.0020904
1 63 0.00270601
1 64 0.00346653
1 65 0.00445823
1 66 0.0057223
1 67 0.00702027
1 68 0.00876835
1 69 0.0102687
1 70 0.0124187
1 71 0.0139734
1 72 0.0163442
1 73 0.0177602
1 74 0.0200389
1 75 0.0210909
1 76 0.0228287
1 77 0.0232838
1 78 0.023949
1 79 0.0235921
1 80 0.0227085
1 81 0.0213555
1 82 0.0187107
1 83 0.016215
1 84 0.0120594
1 85 0.00836815
1 86 0.00346647
1 87 -0.00118157
1 88 -0.00574123
1 89 -0.0104968
1 90 -0.0137152
1 91 -0.017127
1 92 -0.0186456
1 93 -0.0195909
1 94 -0.0197506
1 95 -0.018076
1 96 -0.0160632
1 97 -0.0111989
1 98 -0.00469543
1 99 0.0027585
1 100 0.0109789
1 101 0.016411
1 102 0.0201907
1 103 0.0220612
1 104 0.020652
1 105 0.0175238
1 106 0.0111824
1 107 0.00301266
1 108 -0.00380608
1 109 -0.0109613
1 110 -0.0171058
1 111 -0.0195289
1 112 -0.0196553
1 113 -0.0170932
1 114 -0.0113079
1 115 -0.00422705
1 116 0.0039728
1 117 0.0116446
1 118 0.015471
1 119 0

2 0 0
2 1 0.0155468
2 2 0.0121165
2 3 0.00396161
2 4 -0.00397534
2 5 -0.00961733
2 6 -0.0147768
2 7 -0.0174991
2 8 -0.0174366
2 9 -0.0160582
2 10 -0.0110005
2 11 -0.00372222
2 12 0.00279173
2 13 0.0106016
2 14 0.0167826
2 15 0.0185781
2 16 0.0194847
2 17 0.0176378
2 18 0.0129651
2 19 0.00806203
2 20 0.000517533
2 21 -0.00608707
2 22 -0.0103349
2 23 -0.0143438
2 24 -0.0151903
2 25 -0.0160133
2 26 -0.0162663
2 27 -0.0146013
2 28 -0.0137629
2 29 -0.0104066
2 30 -0.00722633
2 31 -0.00337245
2 32 0.00159899
2 33 0.00512922
2 34 0.0101029
2 35 0.0130317
2 36 0.0163826
2 37 0.0185559
2 38 0.0196236
2 39 0.0208247
2 40 0.0198989
2 41 0.0199672
2 42 0.0178268
2 43 0.0167977
2 44 0.0142456
2 45 0.0123596
2 46 0.00997052
2 47 0.00757811
2 48 0.00565356
2 49 0.00310155
2 50 0.00173579
2 51 -0.000707062
2 52 -0.00153639
2 53 -0.00370312
2 54 -0.00406251
2 55 -0.00587533
2 56 -0.00583142
2 57 -0.0072728
2 58 -0.00687143
2 59 -0.0079535
2 60 -0.00721383
2 61 -0.0079535
2 62 -0.00687143
2 63 -0.0072728
2 64 -0.00583142
2 65 -0.00587533
2 66 -0.00406251
2 67 -0.00370312
2 68 -0.00153639
2 69 -0.000707062
2 70 0.00173579
2 71 0.00310155
2 72 0.00565356
2 73 0.00757811
2 74 0.00997052
2 75 0.0123596
2 76 0.0142456
2 77 0.0167977
2 78 0.0178268
2 79 0.0199672
2 80 0.0198991
2 81 0.0208252
2 82 0.0196251
2 83 0.0185604
2 84 0.0163951
2 85 0.0130633
2 86 0.010176
2 87 0.00528144
2 88 0.00188123
2 89 -0.00291732
2 90 -0.00661504
2 91 -0.00979224
2 92 -0.0134889
2 93 -0.0151384
2 94 -0.0179507
2 95 -0.0186516
2 96 -0.0178359
2 97 -0.0156334
2 98 -0.00940325
2 99 -0.00336422
2 100 0.00356552
2 101 0.010243
2 102 0.0142994
2 103 0.0186648
2 104 0.0198983
2 105 0.017434
2 106 0.0141824
2 107 0.00797899
2 108 0.00100854
2 109 -0.00514166
2 110 -0.0120703
2 111 -0.0157532
2 112 -0.0157722
2 113 -0.0157131
2 114 -0.0129755
2 115 -0.00734377
2 116 -0.00240366
2 117 0.00404562
2 118 0.0120018
2 119 0

3 0 0
3 1 0.0100921
3 2 0.00396161
3 3 -0.00210247
3 4 -0.00641063
3 5 -0.0109959
3 6 -0.0140805
3 7 -0.0140488
3 8 -0.0132003
3 9 -0.00957623
3 10 -0.00243073
3 11 0.00298699
3 12 0.00754152
3 13 0.0127925
3 14 0.0150154
3 15 0.0158204
3 16 0.0149351
3 17 0.0103578
3 18 0.00628261
3 19 0.000795377
3 20 -0.00639202
3 21 -0.011032
3 22 -0.0154703
3 23 -0.0167263
3 24 -0.0149914
3 25 -0.0136434
3 26 -0.00967994
3 27 -0.00689547
3 28 -0.00367306
3 29 0.000515487
3 30 0.00301478
3 31 0.00739094
3 32 0.00969681
3 33 0.0124458
3 34 0.0144807
3 35 0.0148551
3 36 0.0160627
3 37 0.0145907
3 38 0.0144548
3 39 0.0121788
3 40 0.0106145
3 41 0.00839377
3 42 0.0057731
3 43 0.00402824
3 44 0.000946305
3 45 -0.000264302
3 46 -0.00324966
3 47 -0.00404803
3 48 -0.00656526
3 49 -0.00710928
3 50 -0.00899804
3 51 -0.00941104
3 52 -0.010673
3 53 -0.0110277
3 54 -0.0117569
3 55 -0.0120833
3 56 -0.0124072
3 57 -0.012704
3 58 -0.0127465
3 59 -0.0129881
3 60 -0.012851
3 61 -0.0129881
3 62 -0.0127465
3 63 -0.012704
3 64 -0.0124072
3 65 -0.0120833
3 66 -0.0117569
3 67 -0.0110277
3 68 -0.010673
3 69 -0.00941104
3 70 -0.00899804
3 71 -0.00710928
3 72 -0.00656526
3 73 -0.00404803
3 74 -0.00324966
3 75 -0.000264302
3 76 0.000946307
3 77 0.00402824
3 78 0.00577312
3 79 0.00839386
3 80 0.0106148
3 81 0.0121798
3 82 0.0144579
3 83 0.0145997
3 84 0.0160862
3 85 0.0149109
3 86 0.0146007
3 87 0.0126768
3 88 0.0100867
3 89 0.00794861
3 90 0.00363955
3 91 0.000929209
3 92 -0.00391086
3 93 -0.00819334
3 94 -0.0120442
3 95 -0.0163602
3 96 -0.0167598
3 97 -0.0164331
3 98 -0.0131364
3 99 -0.00794473
3 100 -0.00400064
3 101 0.00216102
3 102 0.00723784
3 103 0.0109844
3 104 0.0142852
3 105 0.0134761
3 106 0.0122312
3 107 0.0109447
3 108 0.00636585
3 109 0.00189756
3 110 -0.00254472
3 111 -0.00799739
3 112 -0.0111507
3 113 -0.0124889
3 114 -0.0122693
3 115 -0.00917043
3 116 -0.00603341
3 117 -0.00267848
3 118 0.00352439
3 119 0

4 0 0
4 1 0.00149269
4 2 -0.00397534
4 3 -0.00641063
4 4 -0.00854509
4 5 -0.0112139
4 6 -0.0108552
4 7 -0.00850606
4 8 -0.00521985
4 9 0.000450882
4 10 0.00513888
4 11 0.00790907
4 12 0.0110078
4 13 0.0116697
4 14 0.0112923
4 15 0.0112267
4 16 0.00679502
4 17 0.00163336
4 18 -0.00243601
4 19 -0.00826146
4 20 -0.0115078
4 21 -0.0144569
4 22 -0.0168637
4 23 -0.0144978
4 24 -0.0120905
4 25 -0.00697326
4 26 -0.00106156
4 27 0.00274998
4 28 0.0083441
4 29 0.0108511
4 30 0.0138489
4 31 0.0159449
4 32 0.01579
4 33 0.016861
4 34 0.0144742
4 35 0.0135523
4 36 0.0104691
4 37 0.00748323
4 38 0.0048074
4 39 0.000623557
4 40 -0.00131685
4 41 -0.00551588
4 42 -0.00689709
4 43 -0.0101911
4 44 -0.0113082
4 45 -0.0132781
4 46 -0.0143306
4 47 -0.0149995
4 48 -0.0160596
4 49 -0.0157065
4 50 -0.0167724
4 51 -0.0157539
4 52 -0.0168095
4 53 -0.0154459
4 54 -0.0164931
4 55 -0.0150196
4 56 -0.0160839
4 57 -0.0146452
4 58 -0.0157665
4 59 -0.0144317
4 60 -0.015649
4 61 -0.0144317
4 62 -0.0157665
4 63 -0.0146452
4 64 -0.0160839
4 65 -0.0150196
4 66 -0.0164931
4 67 -0.0154459
4 68 -0.0168095
4 69 -0.0157539
4 70 -0.0167724
4 71 -0.0157065
4 72 -0.0160596
4 73 -0.0149995
4 74 -0.0143306
4 75 -0.013278
4 76 -0.0113082
4 77 -0.0101911
4 78 -0.00689703
4 79 -0.00551568
4 80 -0.00131615
4 81 0.000625756
4 82 0.00481378
4 83 0.0075003
4 84 0.0105109
4 85 0.0136453
4 86 0.0146601
4 87 0.0171896
4 88 0.0162893
4 89 0.0165596
4 90 0.0143658
4 91 0.0108738
4 92 0.00741855
4 93 0.000689231
4 94 -0.00379463
4 95 -0.00919485
4 96 -0.012471
4 97 -0.0125831
4 98 -0.0136408
4 99 -0.0116347
4 100 -0.00999216
4 101 -0.00756951
4 102 -0.00192526
4 103 0.0014235
4 104 0.00492662
4 105 0.00825109
4 106 0.0089604
4 107 0.0106024
4 108 0.010363
4 109 0.00763719
4 110 0.00627626
4 111 0.0027637
4 112 -0.00318468
4 113 -0.0069944
4 114 -0.00942818
4 115 -0.0105781
4 116 -0.00906823
4 117 -0.00731785
4 118 -0.00541284
4 119 0

5 0 0
5 1 -0.006035
5 2 -0.00961733
5 3 -0.0109959
5 4 -0.0112139
5 5 -0.00942171
5 6 -0.00508471
5 7 0.000183379
5 8 0.00545413
5 9 0.00861146
5 10 0.00956321
5 11 0.0115516
5 12 0.0120382
5 13 0.00946436
5 14 0.007458
5 15 0.00326423
5 16 -0.00291471
5 17 -0.00721178
5 18 -0.0122607
5 19 -0.0147557
5 20 -0.0143187
5 21 -0.0153463
5 22 -0.0131251
5 23 -0.0100142
5 24 -0.00594671
5 25 0.0017705
5 26 0.00708285
5 27 0.0133807
5 28 0.0177737
5 29 0.0192878
5 30 0.0215062
5 31 0.0195464
5 32 0.0186742
5 33 0.0154587
5 34 0.0114587
5 35 0.00820412
5 36 0.00245083
5 37 -0.000595427
5 38 -0.00615922
5 39 -0.00911425
5 40 -0.0130684
5 41 -0.0159415
5 42 -0.0178095
5 43 -0.0203982
5 44 -0.0204544
5 45 -0.0224856
5 46 -0.0213506
5 47 -0.0226466
5 48 -0.0209586
5 49 -0.0215072
5 50 -0.0197574
5 51 -0.0196894
5 52 -0.018186
5 53 -0.0177095
5 54 -0.0166087
5 55 -0.0159468
5 56 -0.0152998
5 57 -0.014652
5 58 -0.0144447
5 59 -0.0139715
5 60 -0.0141484
5 61 -0.0139715
5 62 -0.0144447
5 63 -0.014652
5 64 -0.0152998
5 65 -0.0159468
5 66 -0.0166087
5 67 -0.0177095
5 68 -0.018186
5 69 -0.0196894
5 70 -0.0197574
5 71 -0.0215072
5 72 -0.0209586
5 73 -0.0226466
5 74 -0.0213506
5 75 -0.0224856
5 76 -0.0204544
5 77 -0.0203981
5 78 -0.0178094
5 79 -0.015941
5 80 -0.0130669
5 81 -0.00910983
5 82 -0.00614707
5 83 -0.000564772
5 84 0.00252132
5 85 0.00835052
5 86 0.0117295
5 87 0.0158944
5 88 0.019258
5 89 0.0201294
5 90 0.0217533
5 91 0.018736
5 92 0.0160875
5 93 0.0107502
5 94 0.00447029
5 95 0.000599964
5 96 -0.0047285
5 97 -0.00684759
5 98 -0.00969237
5 99 -0.0131851
5 100 -0.0135607
5 101 -0.0145747
5 102 -0.0124835
5 103 -0.0086529
5 104 -0.00573995
5 105 0.000444986
5 106 0.00593338
5 107 0.00893306
5 108 0.0119708
5 109 0.0125807
5 110 0.0119168
5 111 0.0109957
5 112 0.00711111
5 113 0.00164599
5 114 -0.00420472
5 115 -0.0100961
5 116 -0.0127378
5 117 -0.0125131
5 118 -0.0115992
5 119 0

6 0 0
6 1 -0.0129689
6 2 -0.0147768
6 3 -0.0140805
6 4 -0.0108552
6 5 -0.00508471
6 6 0.00173791
6 7 0.00818025
6 8 0.0127364
6 9 0.0144072
6 10 0.0151087
6 11 0.0145558
6 12 0.0106836
6 13 0.00559037
6 14 -0.000639554
6 15 -0.00750655
6 16 -0.0110633
6 17 -0.0142514
6 18 -0.0169222
6 19 -0.0156066
6 20 -0.0147542
6 21 -0.0123655
6 22 -0.00824155
6 23 -0.00536981
6 24 0.00147165
6 25 0.00817866
6 26 0.0145705
6 27 0.0215046
6 28 0.0235042
6 29 0.0254712
6 30 0.0236841
6 31 0.0201104
6 32 0.016725
6 33 0.0101083
6 34 0.00597091
6 35 -0.000727759
6 36 -0.00545783
6 37 -0.0102854
6 38 -0.015128
6 39 -0.0175596
6 40 -0.0216833
6 41 -0.0222018
6 42 -0.0248649
6 43 -0.0242881
6 44 -0.0251694
6 45 -0.0241951
6 46 -0.0234336
6 47 -0.0224941
6 48 -0.0205263
6 49 -0.0198294
6 50 -0.0171819
6 51 -0.0168052
6 52 -0.0139441
6 53 -0.0139118
6 54 -0.0111739
6 55 -0.0114999
6 56 -0.00908766
6 57 -0.00979208
6 58 -0.00780118
6 59 -0.00891163
6 60 -0.00736741
6 61 -0.00891163
6 62 -0.00780118
6 63 -0.00979208
6 64 -0.00908766
6 65 -0.0114999
6 66 -0.0111739
6 67 -0.0139118
6 68 -0.0139441
6 69 -0.0168052
6 70 -0.0171819
6 71 -0.0198294
6 72 -0.0205263
6 73 -0.0224941
6 74 -0.0234336
6 75 -0.0241951
6 76 -0.0251694
6 77 -0.024288
6 78 -0.0248646
6 79 -0.0222009
6 80 -0.0216803
6 81 -0.0175511
6 82 -0.015106
6 83 -0.0102333
6 84 -0.00534537
6 85 -0.000510418
6 86 0.00634031
6 87 0.0106421
6 88 0.0173335
6 89 0.0205312
6 90 0.0234842
6 91 0.0242203
6 92 0.0211384
6 93 0.018685
6 94 0.0126392
6 95 0.00843948
6 96 0.00413576
6 97 -0.00159345
6 98 -0.00521457
6 99 -0.0109733
6 100 -0.014502
6 101 -0.0159096
6 102 -0.0181988
6 103 -0.0169832
6 104 -0.0142865
6 105 -0.00958019
6 106 -0.00131778
6 107 0.00549146
6 108 0.0114106
6 109 0.0169208
6 110 0.0181802
6 111 0.0164999
6 112 0.0140147
6 113 0.0092933
6 114 0.00166106
6 115 -0.00688394
6 116 -0.0130431
6 117 -0.0160759
6 118 -0.0169386
6 119 0

7 0 0
7 1 -0.0190495
7 2 -0.0174991
7 3 -0.0140488
7 4 -0.00850606
7 5 0.000183379
7 6 0.00818025
7 7 0.0132337
7 8 0.01729
7 9 0.0200221
7 10 0.0186704
7 11 0.0133731
7 12 0.00682367
7 13 -0.000882145
7 14 -0.00930322
7 15 -0.014231
7 16 -0.0163705
7 17 -0.0180254
7 18 -0.0169581
7 19 -0.0152648
7 20 -0.0124786
7 21 -0.00666157
7 22 -0.00239679
7 23 0.0028567
7 24 0.00893966
7 25 0.0134224
7 26 0.0197276
7 27 0.0227901
7 28 0.0240776
7 29 0.023775
7 30 0.0193264
7 31 0.0158401
7 32 0.00934531
7 33 0.00383983
7 34 -0.00164082
7 35 -0.00783538
7 36 -0.0114013
7 37 -0.0167524
7 38 -0.0187519
7 39 -0.0220196
7 40 -0.0230434
7 41 -0.0237897
7 42 -0.0242113
7 43 -0.0227967
7 44 -0.0227506
7 45 -0.0199718
7 46 -0.0194965
7 47 -0.016195
7 48 -0.0153487
7 49 -0.012174
7 50 -0.0110688
7 51 -0.00841049
7 52 -0.0071925
7 53 -0.00521697
7 54 -0.00403405
7 55 -0.00275955
7 56 -0.00174145
7 57 -0.00110825
7 58 -0.000363182
7 59 -0.000282109
7 60 9.54883e-05
7 61 -0.000282109
7 62 -0.000363182
7 63 -0.00110825
7 64 -0.00174145
7 65 -0.00275955
7 66 -0.00403405
7 67 -0.00521697
7 68 -0.0071925
7 69 -0.00841049
7 70 -0.0110688
7 71 -0.012174
7 72 -0.0153487
7 73 -0.016195
7 74 -0.0194965
7 75 -0.0199718
7 76 -0.0227506
7 77 -0.0227966
7 78 -0.0242106
7 79 -0.0237877
7 80 -0.0230377
7 81 -0.0220043
7 82 -0.0187143
7 83 -0.0166681
7 84 -0.0112314
7 85 -0.00753145
7 86 -0.00117064
7 87 0.00443614
7 88 0.00988043
7 89 0.0159407
7 90 0.0185266
7 91 0.0218103
7 92 0.0212853
7 93 0.0202847
7 94 0.0189684
7 95 0.0152069
7 96 0.0125845
7 97 0.00654064
7 98 -0.000163403
7 99 -0.00594308
7 100 -0.0125688
7 101 -0.0161814
7 102 -0.0193995
7 103 -0.0216527
7 104 -0.0193678
7 105 -0.0153917
7 106 -0.0092925
7 107 -0.000364069
7 108 0.00859463
7 109 0.0165812
7 110 0.021694
7 111 0.0218084
7 112 0.0183925
7 113 0.0134744
7 114 0.00670396
7 115 -0.00219446
7 116 -0.0106681
7 117 -0.0164464
7 118 -0.0198385
7 119 0

8 0 0
8 1 -0.0204684
8 2 -0.0174366
8 3 -0.0132003
8 4 -0.00521985
8 5 0.00545413
8 6 0.0127364
8 7 0.01729
8 8 0.0214198
8 9 0.021213
8 10 0.0157978
8 11 0.0089598
8 12 0.00125428
8 13 -0.00689289
8 14 -0.0129445
8 15 -0.0172269
8 16 -0.0197126
8 17 -0.0184962
8 18 -0.0158452
8 19 -0.0123641
8 20 -0.0057608
8 21 0.000783595
8 22 0.00659869
8 23 0.0118938
8 24 0.014037
8 25 0.0164472
8 26 0.018082
8 27 0.0179658
8 28 0.0181023
8 29 0.0148957
8 30 0.0114375
8 31 0.00678197
8 32 0.00101232
8 33 -0.0031112
8 34 -0.00866963
8 35 -0.0117777
8 36 -0.015373
8 37 -0.0176087
8 38 -0.0186703
8 39 -0.0199905
8 40 -0.0189236
8 41 -0.0191503
8 42 -0.0168492
8 43 -0.0159422
8 44 -0.0133004
8 45 -0.0114567
8 46 -0.00909432
8 47 -0.00666882
8 48 -0.00488835
8 49 -0.00225767
8 50 -0.00112499
8 51 0.00141325
8 52 0.00196062
8 53 0.00422525
8 54 0.00429259
8 55 0.00620734
8 56 0.00589133
8 57 0.00745025
8 58 0.00681512
8 59 0.00804479
8 60 0.00711629
8 61 0.00804479
8 62 0.00681512
8 63 0.00745025
8 64 0.00589133
8 65 0.00620734
8 66 0.00429259
8 67 0.00422525
8 68 0.00196062
8 69 0.00141325
8 70 -0.00112499
8 71 -0.00225767
8 72 -0.00488835
8 73 -0.00666882
8 74 -0.00909431
8 75 -0.0114567
8 76 -0.0133003
8 77 -0.0159418
8 78 -0.016848
8 79 -0.0191465
8 80 -0.0189132
8 81 -0.019964
8 82 -0.0186089
8 83 -0.0174795
8 84 -0.0151303
8 85 -0.0113782
8 86 -0.00811544
8 87 -0.00252006
8 88 0.0013438
8 89 0.00640393
8 90 0.00995402
8 91 0.0123459
8 92 0.0152829
8 93 0.0162938
8 94 0.0187859
8 95 0.0195311
8 96 0.0180263
8 97 0.0149218
8 98 0.00792255
8 99 0.000976252
8 100 -0.00623042
8 101 -0.0140737
8 102 -0.0192241
8 103 -0.0222944
8 104 -0.0219932
8 105 -0.0176364
8 106 -0.0124242
8 107 -0.00549043
8 108 0.00409768
8 109 0.0123371
8 110 0.0181868
8 111 0.0226542
8 112 0.0221995
8 113 0.0164038
8 114 0.0102167
8 115 0.00297139
8 116 -0.00746878
8 117 -0.0158
8 118 -0.0189986
8 119 0

9 0 0
9 1 -0.018569
9 2 -0.0160582
9 3 -0.00957623
9 4 0.000450882
9 5 0.00861146
9 6 0.0144072
9 7 0.0200221
9 8 0.021213
9 9 0.0169185
9 10 0.0115701
9 11 0.00407784
9 12 -0.00509225
9 13 -0.0111432
9 14 -0.0157806
9 15 -0.0196327
9 16 -0.0187721
9 17 -0.0150251
9 18 -0.0100709
9 19 -0.00319762
9 20 0.00300761
9 21 0.00870932
9 22 0.0138334
9 23 0.0154984
9 24 0.0154338
9 25 0.0142711
9 26 0.0120134
9 27 0.0107075
9 28 0.00826858
9 29 0.00517562
9 30 0.0016801
9 31 -0.00319895
9 32 -0.0070253
9 33 -0.0110876
9 34 -0.0138862
9 35 -0.0154742
9 36 -0.0166176
9 37 -0.0158457
9 38 -0.0152796
9 39 -0.0130877
9 40 -0.011115
9 41 -0.00846956
9 42 -0.00564854
9 43 -0.00320271
9 44 -0.000163881
9 45 0.00177844
9 46 0.00452415
9 47 0.00590994
9 48 0.00806956
9 49 0.00897887
9 50 0.0104719
9 51 0.0110321
9 52 0.0119262
9 53 0.0122635
9 54 0.0126995
9 55 0.0129162
9 56 0.0130484
9 57 0.0132136
9 58 0.013174
9 59 0.0133195
9 60 0.0132018
9 61 0.0133195
9 62 0.013174
9 63 0.0132136
9 64 0.0130484
9 65 0.0129162
9 66 0.0126995
9 67 0.0122635
9 68 0.0119262
9 69 0.0110321
9 70 0.0104719
9 71 0.00897887
9 72 0.00806956
9 73 0.00590994
9 74 0.00452417
9 75 0.00177851
9 76 -0.000163639
9 77 -0.00320191
9 78 -0.00564609
9 79 -0.00846261
9 80 -0.0110968
9 81 -0.013044
9 82 -0.015184
9 83 -0.0156576
9 84 -0.0162897
9 85 -0.0149825
9 86 -0.0132897
9 87 -0.010601
9 88 -0.00704392
9 89 -0.00417925
9 90 -0.000462886
9 91 0.00231571
9 92 0.00590002
9 93 0.010284
9 94 0.0141939
9 95 0.0181763
9 96 0.0191337
9 97 0.0175591
9 98 0.0143345
9 99 0.00844901
9 100 0.00196212
9 101 -0.00577111
9 102 -0.0138646
9 103 -0.0182218
9 104 -0.0200737
9 105 -0.0195147
9 106 -0.014813
9 107 -0.00878974
9 108 -0.0015352
9 109 0.00707602
9 110 0.0131361
9 111 0.0178023
9 112 0.0212147
9 113 0.0181845
9 114 0.0115956
9 115 0.00610701
9 116 -0.00201395
9 117 -0.0115001
9 118 -0.0162016
9 119 0

10 0 0
10 1 -0.0155732
10 2 -0.0110005
10 3 -0.00243073
10 4 0.00513888
10 5 0.00956321
10 6 0.0151087
10 7 0.0186704
10 8 0.0157978
10 9 0.0115701
10 10 0.00641614
10 11 -0.00267682
10 12 -0.0101274
10 13 -0.014506
10 14 -0.0180505
10 15 -0.0173075
10 16 -0.0136336
10 17 -0.00856844
10 18 -0.000509706
10 19 0.00613199
10 20 0.0110384
10 21 0.015756
10 22 0.0174018
10 23 0.0171973
10 24 0.0144448
10 25 0.00920773
10 26 0.00465788
10 27 -3.43812e-05
10 28 -0.00367573
10 29 -0.00671416
10 30 -0.0100968
10 31 -0.0125316
10 32 -0.0149197
10 33 -0.0160029
10 34 -0.0160247
10 35 -0.015066
10 36 -0.0128112
10 37 -0.0101803
10 38 -0.00670452
10 39 -0.00326103
10 40 0.000379765
10 41 0.0038032
10 42 0.00691406
10 43 0.00973169
10 44 0.0119871
10 45 0.0139221
10 46 0.0152756
10 47 0.0163202
10 48 0.0169004
10 49 0.0172209
10 50 0.0172411
10 51 0.0170778
10 52 0.0167683
10 53 0.0163613
10 54 0.0159279
10 55 0.0154758
10 56 0.0150787
10 57 0.014724
10 58 0.0144724
10 59 0.0143009
10 60 0.0142545
10 61 0.0143009
10 62 0.0144724
10 63 0.014724
10 64 0.0150787
10 65 0.0154758
10 66 0.0159279
10 67 0.0163613
10 68 0.0167683
10 69 0.0170778
10 70 0.0172411
10 71 0.0172209
10 72 0.0169004
10 73 0.0163202
10 74 0.0152756
10 75 0.0139222
10 76 0.0119876
10 77 0.00973323
10 78 0.00691857
10 79 0.00381537
10 80 0.000410017
10 81 -0.00319227
10 82 -0.00656297
10 83 -0.00991993
10 84 -0.0123929
10 85 -0.0145036
10 86 -0.0154555
10 87 -0.0157442
10 88 -0.0154261
10 89 -0.0141666
10 90 -0.0127469
10 91 -0.00949496
10 92 -0.00513097
10 93 0.00100418
10 94 0.00804839
10 95 0.0133281
10 96 0.0173706
10 97 0.0182373
10 98 0.0172424
10 99 0.0149933
10 100 0.00920691
10 101 0.0028492
10 102 -0.00406659
10 103 -0.0106156
10 104 -0.0139186
10 105 -0.0167363
10 106 -0.016546
10 107 -0.0114393
10 108 -0.00655329
10 109 -0.000440838
10 110 0.00726479
10 111 0.0117266
10 112 0.0146601
10 113 0.0160944
10 114 0.0124676
10 115 0.00732532
10 116 0.00308662
10 117 -0.00323781
10 118 -0.0103074
10 119 0

11 0 0
11 1 -0.00934056
11 2 -0.00372222
11 3 0.00298699
11 4 0.00790907
11 5 0.0115516
11 6 0.0145558
11 7 0.0133731
11 8 0.0089598
11 9 0.00407784
11 10 -0.00267682
11 11 -0.00883014
11 12 -0.0125269
11 13 -0.015714
11 14 -0.0151777
11 15 -0.0114739
11 16 -0.00784239
11 17 -0.000784385
11 18 0.00733507
11 19 0.0134547
11 20 0.0189831
11 21 0.0206904
11 22 0.0200553
11 23 0.0173705
11 24 0.0103863
11 25 0.00287874
11 26 -0.00544017
11 27 -0.0121627
11 28 -0.0159315
11 29 -0.0188716
11 30 -0.0192018
11 31 -0.0194824
11 32 -0.0184277
11 33 -0.0163887
11 34 -0.0140124
11 35 -0.00994079
11 36 -0.00634995
11 37 -0.00144668
11 38 0.00264694
11 39 0.00706478
11 40 0.0108662
11 41 0.0140033
11 42 0.0169487
11 43 0.0185834
11 44 0.0204153
11 45 0.0207226
11 46 0.0214606
11 47 0.0208126
11 48 0.0206676
11 49 0.0194792
11 50 0.0187504
11 51 0.017385
11 52 0.016375
11 53 0.0151047
11 54 0.0140692
11 55 0.0130719
11 56 0.0122021
11 57 0.0115774
11 58 0.0110025
11 59 0.0107917
11 60 0.0105904
11 61 0.0107917
11 62 0.0110025
11 63 0.0115774
11 64 0.0122021
11 65 0.0130719
11 66 0.0140692
11 67 0.0151047
11 68 0.016375
11 69 0.017385
11 70 0.0187504
11 71 0.0194792
11 72 0.0206676
11 73 0.0208126
11 74 0.0214607
11 75 0.0207229
11 76 0.0204163
11 77 0.0185863
11 78 0.0169566
11 79 0.0140236
11 80 0.0109143
11 81 0.0071682
11 82 0.00284699
11 83 -0.00110449
11 84 -0.00584822
11 85 -0.00935123
11 86 -0.0135657
11 87 -0.0164897
11 88 -0.0195209
11 89 -0.0217254
11 90 -0.0220841
11 91 -0.0211333
11 92 -0.0161229
11 93 -0.00969998
11 94 -0.00131875
11 95 0.00662624
11 96 0.0122788
11 97 0.0175151
11 98 0.0193585
11 99 0.0192948
11 100 0.0163
11 101 0.00985608
11 102 0.00459882
11 103 -0.0014892
11 104 -0.00722268
11 105 -0.010343
11 106 -0.0130001
11 107 -0.0123936
11 108 -0.00969058
11 109 -0.00758889
11 110 -0.00242745
11 111 0.00339972
11 112 0.00665422
11 113 0.0103807
11 114 0.0123687
11 115 0.00990517
11 116 0.00671901
11 117 0.00326332
11 118 -0.00228448
11 119 0

12 0 0
12 1 -0.00137669
12 2 0.00279173
12 3 0.00754152
12 4 0.0110078
12 5 0.0120382
12 6 0.0106836
12 7 0.00682367
12 8 0.00125428
12 9 -0.00509225
12 10 -0.0101274
12 11 -0.0125269
12 12 -0.0143265
12 13 -0.0142523
12 14 -0.0105077
12 15 -0.00586249
12 16 0.000331675
12 17 0.00791366
12 18 0.0143688
12 19 0.0204864
12 20 0.0229884
12 21 0.0214182
12 22 0.0184854
12 23 0.0120569
12 24 0.00449282
12 25 -0.00424992
12 26 -0.0136309
12 27 -0.0196415
12 28 -0.0241384
12 29 -0.0249417
12 30 -0.0238782
12 31 -0.0220538
12 32 -0.0181495
12 33 -0.0149444
12 34 -0.00968127
12 35 -0.00497534
12 36 0.000485434
12 37 0.00596307
12 38 0.0103953
12 39 0.0153125
12 40 0.0180413
12 41 0.0213704
12 42 0.0223964
12 43 0.0237602
12 44 0.02348
12 45 0.0230628
12 46 0.0219866
12 47 0.0202885
12 48 0.0188756
12 49 0.0164747
12 50 0.0150698
12 51 0.0124657
12 52 0.0112951
12 53 0.00884369
12 54 0.00803974
12 55 0.00595464
12 56 0.0055876
12 57 0.00397309
12 58 0.0040792
12 59 0.00297118
12 60 0.00357163
12 61 0.00297118
12 62 0.0040792
12 63 0.00397309
12 64 0.0055876
12 65 0.00595464
12 66 0.00803974
12 67 0.00884369
12 68 0.0112951
12 69 0.0124657
12 70 0.0150698
12 71 0.0164747
12 72 0.0188756
12 73 0.0202885
12 74 0.0219867
12 75 0.0230633
12 76 0.0234818
12 77 0.0237652
12 78 0.0224098
12 79 0.0214031
12 80 0.0181147
12 81 0.0154613
12 82 0.0106651
12 83 0.00638948
12 84 0.00104739
12 85 -0.00442574
12 86 -0.00946995
12 87 -0.0155236
12 88 -0.0198618
12 89 -0.0247472
12 90 -0.0266281
12 91 -0.0262729
12 92 -0.0229014
12 93 -0.0160339
12 94 -0.00935723
12 95 -0.00132579
12 96 0.00531602
12 97 0.0114966
12 98 0.0172803
12 99 0.019276
12 100 0.0196232
12 101 0.0171116
12 102 0.0128249
12 103 0.00843002
12 104 0.00169758
12 105 -0.00400974
12 106 -0.00765638
12 107 -0.0111957
12 108 -0.0127056
12 109 -0.0123518
12 110 -0.0105856
12 111 -0.00673531
12 112 -0.00180353
12 113 0.00401704
12 114 0.00902176
12 115 0.0109109
12 116 0.0109436
12 117 0.00919496
12 118 0.00501878
12 119 0

13 0 0
13 1 0.00590563
13 2 0.0106016
13 3 0.0127925
13 4 0.0116697
13 5 0.00946436
13 6 0.00559037
13 7 -0.000882145
13 8 -0.00689289
13 9 -0.0111432
13 10 -0.014506
13 11 -0.015714
13 12 -0.0142523
13 13 -0.0110512
13 14 -0.00573043
13 15 0.00180885
13 16 0.0092621
13 17 0.0149471
13 18 0.0197509
13 19 0.0224183
13 20 0.0216386
13 21 0.0185772
13 22 0.0127844
13 23 0.00604617
13 24 -0.00111907
13 25 -0.00999841
13 26 -0.0176564
13 27 -0.024123
13 28 -0.0274887
13 29 -0.0268653
13 30 -0.0246854
13 31 -0.0196216
13 32 -0.0146748
13 33 -0.00889977
13 34 -0.00288809
13 35 0.00223887
13 36 0.0081379
13 37 0.0120555
13 38 0.0164196
13 39 0.0187777
13 40 0.0207297
13 41 0.0215502
13 42 0.0211406
13 43 0.0207314
13 44 0.0186325
13 45 0.0173987
13 46 0.0144551
13 47 0.0127807
13 48 0.00970811
13 49 0.00790337
13 50 0.00517188
13 51 0.00345764
13 52 0.00130034
13 53 -0.000185493
13 54 -0.00170662
13 55 -0.00288898
13 56 -0.00380855
13 57 -0.00464915
13 58 -0.00503903
13 59 -0.00551097
13 60 -0.00544286
13 61 -0.00551097
13 62 -0.00503903
13 63 -0.00464915
13 64 -0.00380855
13 65 -0.00288898
13 66 -0.00170662
13 67 -0.000185493
13 68 0.00130034
13 69 0.00345764
13 70 0.00517188
13 71 0.00790338
13 72 0.00970813
13 73 0.0127808
13 74 0.0144554
13 75 0.0173998
13 76 0.0186356
13 77 0.0207399
13 78 0.0211623
13 79 0.0216007
13 80 0.020837
13 81 0.0189828
13 82 0.0167665
13 83 0.0125576
13 84 0.00871788
13 85 0.00266093
13 86 -0.00302869
13 87 -0.0100384
13 88 -0.0169516
13 89 -0.0225063
13 90 -0.0269041
13 91 -0.0269608
13 92 -0.0248786
13 93 -0.0198286
13 94 -0.0137863
13 95 -0.00814708
13 96 -0.00124164
13 97 0.00493976
13 98 0.0110242
13 99 0.0156915
13 100 0.0179849
13 101 0.0198028
13 102 0.0195076
13 103 0.016397
13 104 0.0112442
13 105 0.00443807
13 106 -0.00245432
13 107 -0.00869559
13 108 -0.0139233
13 109 -0.0165376
13 110 -0.0159107
13 111 -0.0137724
13 112 -0.0100982
13 113 -0.00304528
13 114 0.00442783
13 115 0.00904693
13 116 0.0130192
13 117 0.0154745
13 118 0.0130269
13 119 0

14 0 0
14 1 0.0129157
14 2 0.0167826
14 3 0.0150154
14 4 0.0112923
14 5 0.007458
14 6 -0.000639554
14 7 -0.00930322
14 8 -0.0129445
14 9 -0.0157806
14 10 -0.0180505
14 11 -0.0151777
14 12 -0.0105077
14 13 -0.00573043
14 14 0.00157785
14 15 0.00861277
14 16 0.0140154
14 17 0.0182994
14 18 0.019745
14 19 0.0197232
14 20 0.0182638
14 21 0.0133673
14 22 0.00712367
14 23 0.000280317
14 24 -0.00723746
14 25 -0.0139599
14 26 -0.0205302
14 27 -0.0251681
14 28 -0.0261408
14 29 -0.0242573
14 30 -0.018927
14 31 -0.0124722
14 32 -0.00584481
14 33 0.000681818
14 34 0.00559532
14 35 0.0102259
14 36 0.013199
14 37 0.0154579
14 38 0.0167032
14 39 0.0166508
14 40 0.0163445
14 41 0.0145626
14 42 0.013046
14 43 0.0103883
14 44 0.00813644
14 45 0.00536778
14 46 0.002852
14 47 0.000465209
14 48 -0.00194797
14 49 -0.00373639
14 50 -0.00582549
14 51 -0.00699706
14 52 -0.0086761
14 53 -0.0093192
14 54 -0.0105994
14 55 -0.0108369
14 56 -0.0117804
14 57 -0.0117233
14 58 -0.0124028
14 59 -0.0121253
14 60 -0.0125951
14 61 -0.0121253
14 62 -0.0124028
14 63 -0.0117233
14 64 -0.0117804
14 65 -0.0108369
14 66 -0.0105994
14 67 -0.0093192
14 68 -0.0086761
14 69 -0.00699706
14 70 -0.00582549
14 71 -0.00373637
14 72 -0.00194791
14 73 0.000465397
14 74 0.00285261
14 75 0.00536965
14 76 0.00814175
14 77 0.0104023
14 78 0.0130798
14 79 0.0146375
14 80 0.0164952
14 81 0.0169217
14 82 0.0171281
14 83 0.0160132
14 84 0.0137356
14 85 0.0104198
14 86 0.00500019
14 87 -0.00103866
14 88 -0.00853772
14 89 -0.0152173
14 90 -0.0202461
14 91 -0.0229751
14 92 -0.0224208
14 93 -0.0207291
14 94 -0.0174971
14 95 -0.0132286
14 96 -0.00811239
14 97 -0.00129275
14 98 0.00475335
14 99 0.00991614
14 100 0.0148442
14 101 0.018258
14 102 0.0206834
14 103 0.0203834
14 104 0.0165288
14 105 0.0118691
14 106 0.00480693
14 107 -0.00436959
14 108 -0.0112605
14 109 -0.0168316
14 110 -0.0204947
14 111 -0.0191993
14 112 -0.0158672
14 113 -0.0106718
14 114 -0.00108516
14 115 0.00815268
14 116 0.0137457
14 117 0.0179642
14 118 0.0194063
14 119 0

15 0 0
15 1 0.0174266
15 2 0.0185781
15 3 0.0158204
15 4 0.0112267
15 5 0.00326423
15 6 -0.00750655
15 7 -0.014231
15 8 -0.0172269
15 9 -0.0196327
15 10 -0.0173075
15 11 -0.0114739
15 12 -0.00586249
15 13 0.00180885
15 14 0.00861277
15 15 0.0128153
15 16 0.0172744
15 17 0.0181668
15 18 0.0161237
15 19 0.0143868
15 20 0.0100999
15 21 0.00505506
15 22 -0.000503683
15 23 -0.00701509
15 24 -0.0111536
15 25 -0.0150715
15 26 -0.0181557
15 27 -0.0193017
15 28 -0.0191621
15 29 -0.01538
15 30 -0.00993784
15 31 -0.00337238
15 32 0.00320139
15 33 0.00804766
15 34 0.0120239
15 35 0.0139267
15 36 0.0148773
15 37 0.0145269
15 38 0.0131763
15 39 0.0112655
15 40 0.00847219
15 41 0.00563268
15 42 0.00228503
15 43 -0.000809843
15 44 -0.00396819
15 45 -0.00675199
15 46 -0.00927061
15 47 -0.0114116
15 48 -0.0131384
15 49 -0.0145491
15 50 -0.0155464
15 51 -0.0163164
15 52 -0.0167601
15 53 -0.0170687
15 54 -0.0171664
15 55 -0.0172102
15 56 -0.0171483
15 57 -0.0170943
15 58 -0.0170102
15 59 -0.0169721
15 60 -0.0169426
15 61 -0.0169721
15 62 -0.0170102
15 63 -0.0170943
15 64 -0.0171483
15 65 -0.0172102
15 66 -0.0171664
15 67 -0.0170687
15 68 -0.0167601
15 69 -0.0163164
15 70 -0.0155464
15 71 -0.0145491
15 72 -0.0131383
15 73 -0.0114113
15 74 -0.00926952
15 75 -0.00674879
15 76 -0.00395947
15 77 -0.000787899
15 78 0.00233578
15 79 0.00573973
15 80 0.00867575
15 81 0.0116081
15 82 0.0136708
15 83 0.0150971
15 84 0.0152925
15 85 0.0137901
15 86 0.0109045
15 87 0.00579669
15 88 0.000325083
15 89 -0.00562014
15 90 -0.0100814
15 91 -0.0127674
15 92 -0.0147508
15 93 -0.0152433
15 94 -0.0162155
15 95 -0.0153528
15 96 -0.0125977
15 97 -0.00904713
15 98 -0.00346872
15 99 0.00138596
15 100 0.007433
15 101 0.0142388
15 102 0.0179877
15 103 0.0206677
15 104 0.0202399
15 105 0.0163456
15 106 0.011241
15 107 0.00204726
15 108 -0.00739335
15 109 -0.0137707
15 110 -0.0206315
15 111 -0.0233974
15 112 -0.0195532
15 113 -0.0148102
15 114 -0.00711455
15 115 0.00509537
15 116 0.0144108
15 117 0.0189102
15 118 0.0212666
15 119 0

16 0 0
16 1 0.0196268
16 2 0.0194847
16 3 0.0149351
16 4 0.00679502
16 5 -0.00291471
16 6 -0.0110633
16 7 -0.0163705
16 8 -0.0197126
16 9 -0.0187721
16 10 -0.0136336
16 11 -0.00784239
16 12 0.000331675
16 13 0.0092621
16 14 0.0140154
16 15 0.0172744
16 16 0.0181958
16 17 0.0146027
16 18 0.0102583
16 19 0.00444761
16 20 -0.00107261
16 21 -0.00459791
16 22 -0.00921054
16 23 -0.0116835
16 24 -0.0125453
16 25 -0.0129104
16 26 -0.0113981
16 27 -0.0108612
16 28 -0.00857014
16 29 -0.00480771
16 30 -3.11131e-05
16 31 0.00628689
16 32 0.0108302
16 33 0.0147655
16 34 0.0160102
16 35 0.0156456
16 36 0.0138669
16 37 0.010485
16 38 0.00709596
16 39 0.00245257
16 40 -0.00143613
16 41 -0.00598937
16 42 -0.00957794
16 43 -0.0131586
16 44 -0.0159267
16 45 -0.0181435
16 46 -0.0198918
16 47 -0.0207725
16 48 -0.0215776
16 49 -0.0214097
16 50 -0.0215139
16 51 -0.0206818
16 52 -0.0203833
16 53 -0.0192552
16 54 -0.0188324
16 55 -0.0177017
16 56 -0.0173755
16 57 -0.0164442
16 58 -0.0163671
16 59 -0.0157514
16 60 -0.0160093
16 61 -0.0157514
16 62 -0.0163671
16 63 -0.0164442
16 64 -0.0173755
16 65 -0.0177017
16 66 -0.0188324
16 67 -0.0192552
16 68 -0.0203833
16 69 -0.0206818
16 70 -0.0215139
16 71 -0.0214096
16 72 -0.0215774
16 73 -0.0207719
16 74 -0.0198899
16 75 -0.0181382
16 76 -0.0159129
16 77 -0.0131253
16 78 -0.0095044
16 79 -0.00584199
16 80 -0.00117173
16 81 0.00286737
16 82 0.00763988
16 83 0.011016
16 84 0.0140728
16 85 0.0150886
16 86 0.0143463
16 87 0.0121133
16 88 0.00806302
16 89 0.0048685
16 90 0.00113886
16 91 -0.00109137
16 92 -0.00396558
16 93 -0.00760812
16 94 -0.0106224
16 95 -0.014014
16 96 -0.0144324
16 97 -0.0141919
16 98 -0.0126308
16 99 -0.00803202
16 100 -0.00259322
16 101 0.00555756
16 102 0.0127555
16 103 0.0173985
16 104 0.0214779
16 105 0.0205984
16 106 0.0155824
16 107 0.00841467
16 108 -0.00173822
16 109 -0.0106498
16 110 -0.017445
16 111 -0.0222327
16 112 -0.0211929
16 113 -0.0163109
16 114 -0.00989293
16 115 -3.17032e-05
16 116 0.0104538
16 117 0.0178031
16 118 0.0216031
16 119 0

17 0 0
17 1 0.0208328
17 2 0.0176378
17 3 0.0103578
17 4 0.00163336
17 5 -0.00721178
17 6 -0.0142514
17 7 -0.0180254
17 8 -0.0184962
17 9 -0.0150251
17 10 -0.00856844
17 11 -0.000784385
17 12 0.00791366
17 13 0.0149471
17 14 0.0182994
17 15 0.0181668
17 16 0.0146027
17 17 0.00919066
17 18 0.0021576
17 19 -0.00539032
17 20 -0.0102808
17 21 -0.0137646
17 22 -0.0155849
17 23 -0.015189
17 24 -0.0136534
17 25 -0.00939443
17 26 -0.00500086
17 27 -0.000994082
17 28 0.00320727
17 29 0.00660037
17 30 0.0112738
17 31 0.0149632
17 32 0.0178058
17 33 0.0187481
17 34 0.0169064
17 35 0.0139281
17 36 0.0086251
17 37 0.00354623
17 38 -0.0024318
17 39 -0.00765122
17 40 -0.0124656
17 41 -0.0167006
17 42 -0.0196333
17 43 -0.022384
17 44 -0.0234302
17 45 -0.0246342
17 46 -0.0241862
17 47 -0.0240893
17 48 -0.0226937
17 49 -0.0216997
17 50 -0.0198844
17 51 -0.0184222
17 52 -0.0166053
17 53 -0.015044
17 54 -0.013511
17 55 -0.0121268
17 56 -0.0110461
17 57 -0.0100242
17 58 -0.00947757
17 59 -0.00893117
17 60 -0.00894115
17 61 -0.00893117
17 62 -0.00947757
17 63 -0.0100242
17 64 -0.0110461
17 65 -0.0121268
17 66 -0.013511
17 67 -0.015044
17 68 -0.0166053
17 69 -0.0184222
17 70 -0.0198844
17 71 -0.0216996
17 72 -0.0226934
17 73 -0.0240882
17 74 -0.0241831
17 75 -0.0246258
17 76 -0.023409
17 77 -0.0223351
17 78 -0.0195304
17 79 -0.0165048
17 80 -0.0121352
17 81 -0.00717155
17 82 -0.00187132
17 83 0.003971
17 84 0.00853245
17 85 0.012888
17 86 0.0147383
17 87 0.0158945
17 88 0.0154644
17 89 0.0146317
17 90 0.0137356
17 91 0.0110543
17 92 0.00751086
17 93 0.00118014
17 94 -0.0053103
17 95 -0.0111162
17 96 -0.0159213
17 97 -0.0181565
17 98 -0.0191883
17 99 -0.0165008
17 100 -0.0104592
17 101 -0.00324925
17 102 0.00503414
17 103 0.0122089
17 104 0.0179673
17 105 0.0207922
17 106 0.0185588
17 107 0.0131725
17 108 0.00542993
17 109 -0.00398538
17 110 -0.0123401
17 111 -0.0175872
17 112 -0.0190188
17 113 -0.0173572
17 114 -0.0122388
17 115 -0.00363086
17 116 0.00505466
17 117 0.0126278
17 118 0.0192406
17 119 0

18 0 0
18 1 0.0183322
18 2 0.0129651
18 3 0.00628261
18 4 -0.00243601
18 5 -0.0122607
18 6 -0.0169222
18 7 -0.0169581
18 8 -0.0158452
18 9 -0.0100709
18 10 -0.000509706
18 11 0.00733507
18 12 0.0143688
18 13 0.0197509
18 14 0.019745
18 15 0.0161237
18 16 0.0102583
18 17 0.0021576
18 18 -0.00615178
18 19 -0.0139033
18 20 -0.019491
18 21 -0.0211151
18 22 -0.0200661
18 23 -0.0168534
18 24 -0.0111358
18 25 -0.00406857
18 26 0.00335088
18 27 0.00949646
18 28 0.0133378
18 29 0.0160065
18 30 0.017595
18 31 0.0186141
18 32 0.0187311
18 33 0.0168778
18 34 0.0136573
18 35 0.00848953
18 36 0.00270198
18 37 -0.00341784
18 38 -0.00931892
18 39 -0.0141723
18 40 -0.0185276
18 41 -0.0212903
18 42 -0.0235308
18 43 -0.0242886
18 44 -0.024516
18 45 -0.0237441
18 46 -0.0224278
18 47 -0.0207156
18 48 -0.0184664
18 49 -0.0163604
18 50 -0.0137539
18 51 -0.0116777
18 52 -0.00915534
18 53 -0.0073905
18 54 -0.00523667
18 55 -0.00394474
18 56 -0.00231191
18 57 -0.00157204
18 58 -0.000524468
18 59 -0.000370305
18 60 7.49345e-05
18 61 -0.000370305
18 62 -0.000524468
18 63 -0.00157204
18 64 -0.00231191
18 65 -0.00394474
18 66 -0.00523667
18 67 -0.00739049
18 68 -0.00915534
18 69 -0.0116777
18 70 -0.0137539
18 71 -0.0163602
18 72 -0.0184658
18 73 -0.0207138
18 74 -0.0224228
18 75 -0.023731
18 76 -0.0244846
18 77 -0.0242192
18 78 -0.0233915
18 79 -0.0210393
18 80 -0.0181306
18 81 -0.0136443
18 82 -0.00878742
18 83 -0.0031749
18 84 0.00223126
18 85 0.00694295
18 86 0.0110895
18 87 0.0140739
18 88 0.0171157
18 89 0.0195153
18 90 0.0211723
18 91 0.0207524
18 92 0.0169207
18 93 0.010483
18 94 0.00213175
18 95 -0.00623882
18 96 -0.0137611
18 97 -0.0201817
18 98 -0.0234838
18 99 -0.0227757
18 100 -0.0183424
18 101 -0.0110392
18 102 -0.00308014
18 103 0.00531192
18 104 0.0133776
18 105 0.0176538
18 106 0.018691
18 107 0.0172728
18 108 0.0115355
18 109 0.00391014
18 110 -0.00374129
18 111 -0.0113854
18 112 -0.0153557
18 113 -0.0155351
18 114 -0.01414
18 115 -0.00862133
18 116 0.000307021
18 117 0.00799754
18 118 0.0137181
18 119 0

19 0 0
19 1 0.0135067
19 2 0.00806203
19 3 0.000795377
19 4 -0.00826146
19 5 -0.0147557
19 6 -0.0156066
19 7 -0.0152648
19 8 -0.0123641
19 9 -0.00319762
19 10 0.00613199
19 11 0.0134547
19 12 0.0204864
19 13 0.0224183
19 14 0.0197232
19 15 0.0143868
19 16 0.00444761
19 17 -0.00539032
19 18 -0.0139033
19 19 -0.0223739
19 20 -0.0258521
19 21 -0.0251658
19 22 -0.0213058
19 23 -0.0139762
19 24 -0.00640764
19 25 0.00258211
19 26 0.0109871
19 27 0.016567
19 28 0.0199754
19 29 0.0199147
19 30 0.0189734
19 31 0.0172541
19 32 0.014736
19 33 0.0118503
19 34 0.00721015
19 35 0.00218297
19 36 -0.00370438
19 37 -0.00919991
19 38 -0.0139645
19 39 -0.0178146
19 40 -0.0201529
19 41 -0.0215765
19 42 -0.0215334
19 43 -0.0207956
19 44 -0.0190273
19 45 -0.0168287
19 46 -0.0141117
19 47 -0.0112149
19 48 -0.00822139
19 49 -0.0052502
19 50 -0.00245525
19 51 0.000183512
19 52 0.00251048
19 53 0.00461425
19 54 0.00636625
19 55 0.00787744
19 56 0.00904735
19 57 0.00998498
19 58 0.0106069
19 59 0.0110105
19 60 0.0111165
19 61 0.0110105
19 62 0.0106069
19 63 0.00998498
19 64 0.00904735
19 65 0.00787744
19 66 0.00636625
19 67 0.00461425
19 68 0.00251048
19 69 0.00018354
19 70 -0.00245515
19 71 -0.00524988
19 72 -0.00822039
19 73 -0.011212
19 74 -0.0141039
19 75 -0.0168091
19 76 -0.0189821
19 77 -0.0207001
19 78 -0.0213508
19 79 -0.0212655
19 80 -0.0196948
19 81 -0.0172652
19 82 -0.0135182
19 83 -0.00921587
19 84 -0.00461201
19 85 0.000155282
19 86 0.00440577
19 87 0.00937192
19 88 0.0140911
19 89 0.0194022
19 90 0.0233634
19 91 0.0244938
19 92 0.0225402
19 93 0.0164028
19 94 0.00907073
19 95 7.91977e-05
19 96 -0.00936448
19 97 -0.0174683
19 98 -0.0241389
19 99 -0.0255255
19 100 -0.0235656
19 101 -0.0190965
19 102 -0.0107601
19 103 -0.00224835
19 104 0.00694923
19 105 0.0145936
19 106 0.0175459
19 107 0.0194701
19 108 0.0173715
19 109 0.0100615
19 110 0.00384521
19 111 -0.0031607
19 112 -0.0109156
19 113 -0.0130426
19 114 -0.0122446
19 115 -0.011411
19 116 -0.00635398
19 117 0.00155486
19 118 0.00746337
19 119 0

20 0 0
20 1 0.00787079
20 2 0.000517533
20 3 -0.00639202
20 4 -0.0115078
20 5 -0.0143187
20 6 -0.0147542
20 7 -0.0124786
20 8 -0.0057608
20 9 0.00300761
20 10 0.0110384
20 11 0.0189831
20 12 0.0229884
20 13 0.0216386
20 14 0.0182638
20 15 0.0100999
20 16 -0.00107261
20 17 -0.0102808
20 18 -0.019491
20 19 -0.0258521
20 20 -0.0277093
20 21 -0.0263433
20 22 -0.0193901
20 23 -0.0108569
20 24 -0.00173689
20 25 0.00833116
20 26 0.0158344
20 27 0.0217322
20 28 0.0231268
20 29 0.0208882
20 30 0.0172032
20 31 0.0117861
20 32 0.0075539
20 33 0.00255791
20 34 -0.00195346
20 35 -0.00653398
20 36 -0.0110949
20 37 -0.0142608
20 38 -0.0170461
20 39 -0.0176669
20 40 -0.0177263
20 41 -0.0159872
20 42 -0.0137826
20 43 -0.0106511
20 44 -0.00719721
20 45 -0.00365682
20 46 0.00010795
20 47 0.00336281
20 48 0.00679973
20 49 0.00940128
20 50 0.0121912
20 51 0.0140363
20 52 0.0161097
20 53 0.0172646
20 54 0.0187024
20 55 0.0193107
20 56 0.0202545
20 57 0.0204652
20 58 0.0210513
20 59 0.0209741
20 60 0.0212931
20 61 0.0209741
20 62 0.0210513
20 63 0.0204652
20 64 0.0202545
20 65 0.0193107
20 66 0.0187024
20 67 0.0172646
20 68 0.0161097
20 69 0.0140364
20 70 0.0121914
20 71 0.00940182
20 72 0.00680135
20 73 0.00336734
20 74 0.000119748
20 75 -0.00362839
20 76 -0.00713416
20 77 -0.0105237
20 78 -0.0135507
20 79 -0.015615
20 80 -0.0172197
20 81 -0.0171329
20 82 -0.0167485
20 83 -0.0146063
20 84 -0.0124679
20 85 -0.00896587
20 86 -0.00478598
20 87 0.00067426
20 88 0.00803801
20 89 0.0150636
20 90 0.0220218
20 91 0.0248886
20 92 0.0245184
20 93 0.0205603
20 94 0.0134228
20 95 0.00556468
20 96 -0.00495887
20 97 -0.0142317
20 98 -0.021283
20 99 -0.025357
20 100 -0.0245816
20 101 -0.0224204
20 102 -0.0163731
20 103 -0.00737499
20 104 0.000468003
20 105 0.00895229
20 106 0.0152649
20 107 0.0184231
20 108 0.0197186
20 109 0.0159692
20 110 0.00996571
20 111 0.00426126
20 112 -0.00352072
20 113 -0.00948094
20 114 -0.0110337
20 115 -0.0116263
20 116 -0.0106804
