0 0 0
0 1 0
0 2 0
0 3 0
0 4 0
0 5 0
0 6 0
0 7 0
0 8 0
0 9 0
0 10 0
0 11 0
0 12 0
0 13 0
0 14 0
0 15 0
0 16 0
0 17 0
0 18 0
0 19 0
0 20 0
0 21 0
0 22 0
0 23 0
0 24 0
0 25 0
0 26 0
0 27 0
0 28 0
0 29 0
0 30 0
0 31 0
0 32 0
0 33 0
0 34 0
0 35 0
0 36 0
0 37 0
0 38 0
0 39 0
0 40 0
0 41 0
0 42 0
0 43 0
0 44 0
0 45 0
0 46 0
0 47 0
0 48 0
0 49 0
0 50 0
0 51 0
0 52 0
0 53 0
0 54 0
0 55 0
0 56 0
0 57 0
0 58 0
0 59 0
0 60 0
0 61 0
0 62 0
0 63 0
0 64 0
0 65 0
0 66 0
0 67 0
0 68 0
0 69 0
0 70 0
0 71 0
0 72 0
0 73 0
0 74 0
0 75 0
0 76 0
0 77 0
0 78 0
0 79 0
0 80 0
0 81 0
0 82 0
0 83 0
0 84 0
0 85 0
0 86 0
0 87 0
0 88 0
0 89 0
0 90 0
0 91 0
0 92 0
0 93 0
0 94 0
0 95 0
0 96 0
0 97 0
0 98 0
0 99 0
0 100 0
0 101 0
0 102 0
0 103 0
0 104 0
0 105 0
0 106 0
0 107 0
0 108 0
0 109 0
0 110 0
0 111 0
0 112 0
0 113 0
0 114 0
0 115 0
0 116 0
0 117 0
0 118 0
0 119 0

1 0 0
1 1 0.0182605
1 2 0.0155979
1 3 0.0106388
1 4 0.00329041
1 5 -0.00415152
1 6 -0.0108927
1 7 -0.0159539
1 8 -0.0177214
1 9 -0.017032
1 10 -0.0131674
1 11 -0.00724689
1 12 -0.000489309
1 13 0.00676354
1 14 0.0124695
1 15 0.0166762
1 16 0.0183492
1 17 0.0174134
1 18 0.0144732
1 19 0.00947087
1 20 0.00376409
1 21 -0.00237981
1 22 -0.00801018
1 23 -0.0128689
1 24 -0.0164107
1 25 -0.0189456
1 26 -0.0205125
1 27 -0.0207808
1 28 -0.0206505
1 29 -0.0190023
1 30 -0.0161857
1 31 -0.0121311
1 32 -0.00703724
1 33 -0.0012097
1 34 0.00426022
1 35 0.00918459
1 36 0.0138291
1 37 0.017679
1 38 0.0214697
1 39 0.0246707
1 40 0.026899
1 41 0.027621
1 42 0.0277714
1 43 0.0269075
1 44 0.0254856
1 45 0.0234698
1 46 0.0210884
1 47 0.0184543
1 48 0.016601
1 49 0.015406
1 50 0.0141744
1 51 0.0129072
1 52 0.0120015
1 53 0.0110809
1 54 0.00941522
1 55 0.00742865
1 56 0.00556988
1 57 0.00401925
1 58 0.00255951
1 59 0.0018675
1 60 0.00210604
1 61 0.00311768
1 62 0.00421699
1 63 0.00564288
1 64 0.00719393
1 65 0.00846243
1 66 0.0089911
1 67 0.00957352
1 68 0.0105405
1 69 0.0115828
1 70 0.0126402
1 71 0.0145186
1 72 0.0172668
1 73 0.019978
1 74 0.022451
1 75 0.0245844
1 76 0.0263135
1 77 0.0272834
1 78 0.0278316
1 79 0.0270652
1 80 0.0254239
1 81 0.0232363
1 82 0.0209761
1 83 0.0177325
1 84 0.0140331
1 85 0.00932065
1 86 0.00389586
1 87 -0.00150448
1 88 -0.00635418
1 89 -0.0107611
1 90 -0.0145042
1 91 -0.0173428
1 92 -0.0201286
1 93 -0.0217433
1 94 -0.0223958
1 95 -0.0214871
1 96 -0.0188129
1 97 -0.0142066
1 98 -0.00821311
1 99 -0.00130922
1 100 0.0059599
1 101 0.0120648
1 102 0.0169999
1 103 0.0192528
1 104 0.0190457
1 105 0.016255
1 106 0.0108902
1 107 0.00447198
1 108 -0.0029812
1 109 -0.00957516
1 110 -0.0146453
1 111 -0.0175261
1 112 -0.0171652
1 113 -0.0143641
1 114 -0.00889064
1 115 -0.00195529
1 116 0.00516972
1 117 0.0117849
1 118 0.0161084
1 119 0

2 0 0
2 1 0.0155979
2 2 0.0113358
2 3 0.00551941
2 4 -0.0011107
2 5 -0.00748031
2 6 -0.0122699
2 7 -0.0152813
2 8 -0.0153822
2 9 -0.013238
2 10 -0.00888276
2 11 -0.00266644
2 12 0.0033673
2 13 0.00957155
2 14 0.0140758
2 15 0.0161268
2 16 0.0165863
2 17 0.0138934
2 18 0.00950695
2 19 0.00397331
2 20 -0.00266673
2 21 -0.00860597
2 22 -0.0136599
2 23 -0.0172483
2 24 -0.0192358
2 25 -0.0196341
2 26 -0.0187205
2 27 -0.0167324
2 28 -0.0138791
2 29 -0.0104562
2 30 -0.00590979
2 31 -0.00136256
2 32 0.00335425
2 33 0.00795221
2 34 0.0113288
2 35 0.0139123
2 36 0.0162842
2 37 0.0187563
2 38 0.020924
2 39 0.0232274
2 40 0.0242921
2 41 0.0240703
2 42 0.0230284
2 43 0.0212373
2 44 0.0182916
2 45 0.0146291
2 46 0.0109981
2 47 0.00759221
2 48 0.00549221
2 49 0.00441639
2 50 0.00389165
2 51 0.00326602
2 52 0.00336253
2 53 0.00298689
2 54 0.00155795
2 55 -0.000958067
2 56 -0.00301809
2 57 -0.00512725
2 58 -0.00699422
2 59 -0.00814592
2 60 -0.00735076
2 61 -0.00584175
2 62 -0.00409858
2 63 -0.00240793
2 64 -0.000272028
2 65 0.000774143
2 66 0.000764348
2 67 0.000284981
2 68 0.000549246
2 69 0.000726598
2 70 0.00152064
2 71 0.00337136
2 72 0.00665775
2 73 0.0102269
2 74 0.0140345
2 75 0.017211
2 76 0.0195128
2 77 0.021175
2 78 0.022336
2 79 0.0223284
2 80 0.0213689
2 81 0.0206405
2 82 0.0197592
2 83 0.0190052
2 84 0.0179456
2 85 0.0159963
2 86 0.01242
2 87 0.00845618
2 88 0.00398213
2 89 -0.000943896
2 90 -0.00551998
2 91 -0.0100993
2 92 -0.0143853
2 93 -0.018116
2 94 -0.0206136
2 95 -0.0217148
2 96 -0.0206881
2 97 -0.0177939
2 98 -0.0130645
2 99 -0.00657995
2 100 -0.000244651
2 101 0.00628974
2 102 0.0116949
2 103 0.0148231
2 104 0.0163809
2 105 0.0151576
2 106 0.0117771
2 107 0.00701981
2 108 0.00118538
2 109 -0.00456865
2 110 -0.0094003
2 111 -0.0127106
2 112 -0.014229
2 113 -0.0132318
2 114 -0.0103656
2 115 -0.00579432
2 116 0.000279255
2 117 0.00595859
2 118 0.0112886
2 119 0

3 0 0
3 1 0.0106388
3 2 0.00551941
3 3 0.00146011
3 4 -0.00485815
3 5 -0.00886786
3 6 -0.0112412
3 7 -0.0128988
3 8 -0.0103869
3 9 -0.00773032
3 10 -0.0030054
3 11 0.0026852
3 12 0.00694972
3 13 0.0113823
3 14 0.0131701
3 15 0.0132918
3 16 0.0110383
3 17 0.00696077
3 18 0.00177095
3 19 -0.00450238
3 20 -0.00964442
3 21 -0.0147344
3 22 -0.0176246
3 23 -0.018873
3 24 -0.0180636
3 25 -0.01552
3 26 -0.0123348
3 27 -0.00741212
3 28 -0.00305997
3 29 0.00188292
3 30 0.00672342
3 31 0.0110073
3 32 0.0138248
3 33 0.0155932
3 34 0.0159554
3 35 0.0148436
3 36 0.0143781
3 37 0.0141206
3 38 0.0146176
3 39 0.0151019
3 40 0.0153224
3 41 0.0140245
3 42 0.012433
3 43 0.00997702
3 44 0.00631378
3 45 0.00172566
3 46 -0.00242834
3 47 -0.00573899
3 48 -0.00758757
3 49 -0.00786649
3 50 -0.00740195
3 51 -0.00658167
3 52 -0.00539394
3 53 -0.00461888
3 54 -0.00566107
3 55 -0.00787604
3 56 -0.0101466
3 57 -0.0122405
3 58 -0.0145422
3 59 -0.0156144
3 60 -0.0146866
3 61 -0.0125339
3 62 -0.0106067
3 63 -0.00851545
3 64 -0.00651414
3 65 -0.00570269
3 66 -0.00675659
3 67 -0.00823786
3 68 -0.00940806
3 69 -0.0102234
3 70 -0.0103511
3 71 -0.00887951
3 72 -0.00598859
3 73 -0.00217373
3 74 0.00206114
3 75 0.00552241
3 76 0.00780687
3 77 0.00945808
3 78 0.0109029
3 79 0.0111256
3 80 0.0112316
3 81 0.0116314
3 82 0.0129814
3 83 0.0147562
3 84 0.0173905
3 85 0.0185476
3 86 0.0184749
3 87 0.0170184
3 88 0.0141563
3 89 0.010058
3 90 0.00570789
3 91 0.00108487
3 92 -0.00454501
3 93 -0.00914233
3 94 -0.0138046
3 95 -0.0168822
3 96 -0.0186671
3 97 -0.0182099
3 98 -0.0159284
3 99 -0.0124889
3 100 -0.0073899
3 101 -0.00240457
3 102 0.00302598
3 103 0.00687419
3 104 0.010189
3 105 0.011371
3 106 0.0105476
3 107 0.00936132
3 108 0.00515373
3 109 0.00175607
3 110 -0.00247204
3 111 -0.00685149
3 112 -0.00858699
3 113 -0.0107021
3 114 -0.00970428
3 115 -0.00730127
3 116 -0.00434511
3 117 0.00104582
3 118 0.00480397
3 119 0

4 0 0
4 1 0.00329041
4 2 -0.0011107
4 3 -0.00485815
4 4 -0.00770443
4 5 -0.00865892
4 6 -0.00816698
4 7 -0.00616167
4 8 -0.00303132
4 9 0.000445019
4 10 0.00410074
4 11 0.00698716
4 12 0.00898919
4 13 0.00950912
4 14 0.00861229
4 15 0.00618889
4 16 0.0024615
4 17 -0.001873
4 18 -0.00695166
4 19 -0.0112099
4 20 -0.014979
4 21 -0.0172036
4 22 -0.0173868
4 23 -0.0162826
4 24 -0.0129075
4 25 -0.00850179
4 26 -0.00313554
4 27 0.00259689
4 28 0.00839246
4 29 0.0134107
4 30 0.0177638
4 31 0.0207759
4 32 0.0212268
4 33 0.0200889
4 34 0.0166975
4 35 0.0124888
4 36 0.008638
4 37 0.00638938
4 38 0.00481077
4 39 0.00418076
4 40 0.0034729
4 41 0.00202153
4 42 0.000218092
4 43 -0.00224675
4 44 -0.00595185
4 45 -0.0107635
4 46 -0.0146756
4 47 -0.0175375
4 48 -0.0184822
4 49 -0.0180337
4 50 -0.0160739
4 51 -0.0139442
4 52 -0.01125
4 53 -0.00968072
4 54 -0.00973006
4 55 -0.0116958
4 56 -0.0136217
4 57 -0.0159649
4 58 -0.0180619
4 59 -0.0192734
4 60 -0.0179591
4 61 -0.0157654
4 62 -0.0133487
4 63 -0.0113687
4 64 -0.00939449
4 65 -0.00937236
4 66 -0.011034
4 67 -0.0138765
4 68 -0.016232
4 69 -0.0184962
4 70 -0.0193252
4 71 -0.0188599
4 72 -0.0165294
4 73 -0.0132573
4 74 -0.00908168
4 75 -0.00611043
4 76 -0.00428248
4 77 -0.00317287
4 78 -0.0021936
4 79 -0.00194021
4 80 -0.00140916
4 81 0.000187909
4 82 0.00290956
4 83 0.00745042
4 84 0.0128089
4 85 0.0176254
4 86 0.020504
4 87 0.0220394
4 88 0.0210189
4 89 0.0187532
4 90 0.015408
4 91 0.0111215
4 92 0.00609888
4 93 0.000978548
4 94 -0.00413238
4 95 -0.0088892
4 96 -0.0120905
4 97 -0.0146571
4 98 -0.0152847
4 99 -0.0146629
4 100 -0.0129055
4 101 -0.0099762
4 102 -0.00665232
4 103 -0.00290483
4 104 0.000601535
4 105 0.00388896
4 106 0.00618881
4 107 0.00779241
4 108 0.00810858
4 109 0.00715975
4 110 0.00539787
4 111 0.00224432
4 112 -0.000916551
4 113 -0.00432162
4 114 -0.00705382
4 115 -0.00820911
4 116 -0.00820596
4 117 -0.00593803
4 118 -0.00256633
4 119 0

5 0 0
5 1 -0.00415152
5 2 -0.00748031
5 3 -0.00886786
5 4 -0.00865892
5 5 -0.0064949
5 6 -0.00307393
5 7 0.000799181
5 8 0.00474326
5 9 0.00776577
5 10 0.00959159
5 11 0.00994573
5 12 0.0087584
5 13 0.00614359
5 14 0.00254911
5 15 -0.00182052
5 16 -0.00645127
5 17 -0.010593
5 18 -0.014361
5 19 -0.0166927
5 20 -0.0177141
5 21 -0.0172464
5 22 -0.0147023
5 23 -0.0109648
5 24 -0.00573394
5 25 0.000286032
5 26 0.00652214
5 27 0.0127304
5 28 0.0184973
5 29 0.0230661
5 30 0.0260876
5 31 0.0272175
5 32 0.0251586
5 33 0.020663
5 34 0.014143
5 35 0.00686042
5 36 0.000530446
5 37 -0.00375325
5 38 -0.00645932
5 39 -0.00802218
5 40 -0.00880167
5 41 -0.00985164
5 42 -0.0110472
5 43 -0.0129207
5 44 -0.015955
5 45 -0.0200746
5 46 -0.023291
5 47 -0.0250408
5 48 -0.0250397
5 49 -0.0234724
5 50 -0.0203253
5 51 -0.0165768
5 52 -0.0128528
5 53 -0.0102819
5 54 -0.00963746
5 55 -0.0107997
5 56 -0.012664
5 57 -0.0148251
5 58 -0.0168905
5 59 -0.0177472
5 60 -0.0165606
5 61 -0.01417
5 62 -0.0117072
5 63 -0.00955685
5 64 -0.00815876
5 65 -0.00859853
5 66 -0.0110467
5 67 -0.0147009
5 68 -0.0184971
5 69 -0.021772
5 70 -0.023619
5 71 -0.0240076
5 72 -0.0228195
5 73 -0.0202913
5 74 -0.0170284
5 75 -0.014973
5 76 -0.0141936
5 77 -0.0141715
5 78 -0.0142948
5 79 -0.0146752
5 80 -0.0140947
5 81 -0.012218
5 82 -0.00837491
5 83 -0.00217196
5 84 0.00555385
5 85 0.0129594
5 86 0.0189708
5 87 0.0230123
5 88 0.0243453
5 89 0.024108
5 90 0.0224112
5 91 0.0195022
5 92 0.0156828
5 93 0.0113625
5 94 0.00627473
5 95 0.00108593
5 96 -0.00379122
5 97 -0.00851432
5 98 -0.0120259
5 99 -0.0147846
5 100 -0.0163085
5 101 -0.0163717
5 102 -0.015216
5 103 -0.0126051
5 104 -0.00885353
5 105 -0.00430552
5 106 0.000512269
5 107 0.00523757
5 108 0.00886107
5 109 0.0111841
5 110 0.0116665
5 111 0.00994005
5 112 0.00680789
5 113 0.00213715
5 114 -0.00269254
5 115 -0.00691433
5 116 -0.00999751
5 117 -0.0106222
5 118 -0.00938116
5 119 0

6 0 0
6 1 -0.0108927
6 2 -0.0122699
6 3 -0.0112412
6 4 -0.00816698
6 5 -0.00307393
6 6 0.00229389
6 7 0.00772533
6 8 0.0116145
6 9 0.0136444
6 10 0.0135329
6 11 0.0106356
6 12 0.00677646
6 13 0.00100874
6 14 -0.00479055
6 15 -0.00986204
6 16 -0.0149341
6 17 -0.0176053
6 18 -0.0192731
6 19 -0.0190435
6 20 -0.0168227
6 21 -0.0135012
6 22 -0.00861702
6 23 -0.00336507
6 24 0.0028424
6 25 0.00888034
6 26 0.0146611
6 27 0.0199316
6 28 0.0244266
6 29 0.0276481
6 30 0.0287729
6 31 0.0280299
6 32 0.0237377
6 33 0.0167567
6 34 0.00811023
6 35 -0.000757544
6 36 -0.00832474
6 37 -0.013368
6 38 -0.0161514
6 39 -0.0175498
6 40 -0.0175691
6 41 -0.0173214
6 42 -0.0172309
6 43 -0.0179449
6 44 -0.0197722
6 45 -0.022658
6 46 -0.0248467
6 47 -0.0254475
6 48 -0.0245479
6 49 -0.0221671
6 50 -0.0181634
6 51 -0.0133252
6 52 -0.00896981
6 53 -0.00592477
6 54 -0.00472975
6 55 -0.00528131
6 56 -0.0070554
6 57 -0.00919699
6 58 -0.0110469
6 59 -0.0116352
6 60 -0.0105975
6 61 -0.00830218
6 62 -0.00572556
6 63 -0.00353021
6 64 -0.00258395
6 65 -0.00341341
6 66 -0.00614627
6 67 -0.0102419
6 68 -0.0149142
6 69 -0.0188357
6 70 -0.0212806
6 71 -0.0223639
6 72 -0.0221495
6 73 -0.0204981
6 74 -0.0183951
6 75 -0.0175144
6 76 -0.017994
6 77 -0.0194186
6 78 -0.0211755
6 79 -0.0227301
6 80 -0.0229102
6 81 -0.0216356
6 82 -0.0178389
6 83 -0.0112691
6 84 -0.00282554
6 85 0.00583161
6 86 0.0136382
6 87 0.019319
6 88 0.0222843
6 89 0.0239393
6 90 0.0239997
6 91 0.0231396
6 92 0.0213276
6 93 0.0189318
6 94 0.0152953
6 95 0.0108291
6 96 0.00580906
6 97 -6.03636e-05
6 98 -0.00572312
6 99 -0.0117022
6 100 -0.0161462
6 101 -0.0195994
6 102 -0.0213134
6 103 -0.0202327
6 104 -0.0176822
6 105 -0.0124806
6 106 -0.00599103
6 107 0.00109577
6 108 0.00781816
6 109 0.0129952
6 110 0.0159614
6 111 0.0157842
6 112 0.0134832
6 113 0.00822978
6 114 0.00197395
6 115 -0.00423486
6 116 -0.0103685
6 117 -0.0133481
6 118 -0.0144517
6 119 0

7 0 0
7 1 -0.0159539
7 2 -0.0152813
7 3 -0.0128988
7 4 -0.00616167
7 5 0.000799181
7 6 0.00772533
7 7 0.0142596
7 8 0.0166291
7 9 0.0173741
7 10 0.0143913
7 11 0.00868617
7 12 0.00232458
7 13 -0.00561486
7 14 -0.0119701
7 15 -0.0173787
7 16 -0.020408
7 17 -0.0210695
7 18 -0.0199234
7 19 -0.0162231
7 20 -0.0120253
7 21 -0.00627097
7 22 -0.000563746
7 23 0.00509187
7 24 0.0101372
7 25 0.0146107
7 26 0.0187951
7 27 0.0214925
7 28 0.0245224
7 29 0.0258497
7 30 0.0256281
7 31 0.0231701
7 32 0.0180357
7 33 0.0101007
7 34 0.000877311
7 35 -0.00777022
7 36 -0.0151784
7 37 -0.0193871
7 38 -0.0215057
7 39 -0.0216037
7 40 -0.0205307
7 41 -0.0183292
7 42 -0.0168701
7 43 -0.0161476
7 44 -0.0167895
7 45 -0.0182863
7 46 -0.019542
7 47 -0.019321
7 48 -0.0179032
7 49 -0.0152818
7 50 -0.0109894
7 51 -0.0058849
7 52 -0.0014487
7 53 0.00140562
7 54 0.0028733
7 55 0.00256267
7 56 0.000873434
7 57 -0.00144095
7 58 -0.00295738
7 59 -0.00343959
7 60 -0.00252737
7 61 -0.000582876
7 62 0.00216654
7 63 0.00428206
7 64 0.00502849
7 65 0.00397245
7 66 0.00153319
7 67 -0.00254144
7 68 -0.00729905
7 69 -0.011345
7 70 -0.0137659
7 71 -0.0151482
7 72 -0.0154206
7 73 -0.0144564
7 74 -0.013379
7 75 -0.0134638
7 76 -0.0150643
7 77 -0.0177374
7 78 -0.0212874
7 79 -0.0239943
7 80 -0.0255877
7 81 -0.0252774
7 82 -0.0227927
7 83 -0.0169246
7 84 -0.00955068
7 85 -0.00102322
7 86 0.00664653
7 87 0.0124626
7 88 0.0161019
7 89 0.0186072
7 90 0.0199742
7 91 0.0204842
7 92 0.0214821
7 93 0.0210857
7 94 0.0201934
7 95 0.0177497
7 96 0.014118
7 97 0.00855557
7 98 0.00207593
7 99 -0.00481679
7 100 -0.012213
7 101 -0.0179606
7 102 -0.0227113
7 103 -0.0241938
7 104 -0.0233497
7 105 -0.0192796
7 106 -0.012334
7 107 -0.00484091
7 108 0.00444217
7 109 0.0115609
7 110 0.016951
7 111 0.0196962
7 112 0.0177575
7 113 0.013934
7 114 0.0066306
7 115 -0.00152516
7 116 -0.00868435
7 117 -0.0150951
7 118 -0.0172752
7 119 0

8 0 0
8 1 -0.0177214
8 2 -0.0153822
8 3 -0.0103869
8 4 -0.00303132
8 5 0.00474326
8 6 0.0116145
8 7 0.0166291
8 8 0.0181474
8 9 0.0167513
8 10 0.0120674
8 11 0.00495639
8 12 -0.00280856
8 13 -0.010838
8 14 -0.0170956
8 15 -0.0209582
8 16 -0.022369
8 17 -0.0206089
8 18 -0.0166412
8 19 -0.01114
8 20 -0.00453099
8 21 0.00185857
8 22 0.00746081
8 23 0.0121772
8 24 0.0153131
8 25 0.0173764
8 26 0.018628
8 27 0.019089
8 28 0.0194794
8 29 0.0193372
8 30 0.0177974
8 31 0.0147062
8 32 0.00945987
8 33 0.00181027
8 34 -0.00627117
8 35 -0.0134966
8 36 -0.0189912
8 37 -0.02178
8 38 -0.0219737
8 39 -0.020563
8 40 -0.0176191
8 41 -0.0137168
8 42 -0.0105535
8 43 -0.00867751
8 44 -0.00807868
8 45 -0.00840708
8 46 -0.00887563
8 47 -0.00825837
8 48 -0.00685182
8 49 -0.00444433
8 50 -0.000642977
8 51 0.00408237
8 52 0.00780366
8 53 0.0101294
8 54 0.0112704
8 55 0.0110911
8 56 0.00918897
8 57 0.0068781
8 58 0.00544384
8 59 0.00519754
8 60 0.00572311
8 61 0.00744167
8 62 0.0100532
8 63 0.0122694
8 64 0.0127911
8 65 0.012009
8 66 0.0100728
8 67 0.00675084
8 68 0.0024428
8 69 -0.000952708
8 70 -0.00297028
8 71 -0.00403741
8 72 -0.0043895
8 73 -0.00376297
8 74 -0.00343023
8 75 -0.00419825
8 76 -0.0064827
8 77 -0.0102847
8 78 -0.0151273
8 79 -0.0192574
8 80 -0.0221529
8 81 -0.023627
8 82 -0.0226931
8 83 -0.019067
8 84 -0.013657
8 85 -0.00713308
8 86 -0.000650762
8 87 0.0039986
8 88 0.00721344
8 89 0.00967668
8 90 0.0116225
8 91 0.0138249
8 92 0.0166636
8 93 0.0191342
8 94 0.0209383
8 95 0.0213939
8 96 0.0196092
8 97 0.0158682
8 98 0.00998626
8 99 0.00233274
8 100 -0.0057286
8 101 -0.0135842
8 102 -0.0201441
8 103 -0.0238478
8 104 -0.0248131
8 105 -0.0223196
8 106 -0.0165579
8 107 -0.00902974
8 108 -0.000169113
8 109 0.00811815
8 110 0.014498
8 111 0.018314
8 112 0.0185691
8 113 0.0155722
8 114 0.00981014
8 115 0.00223948
8 116 -0.00567871
8 117 -0.0124665
8 118 -0.0168695
8 119 0

9 0 0
9 1 -0.017032
9 2 -0.013238
9 3 -0.00773032
9 4 0.000445019
9 5 0.00776577
9 6 0.0136444
9 7 0.0173741
9 8 0.0167513
9 9 0.0137139
9 10 0.00733799
9 11 -0.000715977
9 12 -0.00861109
9 13 -0.015926
9 14 -0.0204028
9 15 -0.0221552
9 16 -0.0204586
9 17 -0.0161126
9 18 -0.00961426
9 19 -0.00213766
9 20 0.00497272
9 21 0.0113873
9 22 0.0152939
9 23 0.0176394
9 24 0.0173706
9 25 0.0158373
9 26 0.0138014
9 27 0.0111558
9 28 0.00950516
9 29 0.00791661
9 30 0.00625442
9 31 0.00328863
9 32 -0.000490438
9 33 -0.00610759
9 34 -0.0115647
9 35 -0.0157676
9 36 -0.0184052
9 37 -0.0185634
9 38 -0.0167867
9 39 -0.0132921
9 40 -0.0089846
9 41 -0.00347976
9 42 0.000572779
9 43 0.00334447
9 44 0.004386
9 45 0.00484961
9 46 0.0045111
9 47 0.00493512
9 48 0.00563328
9 49 0.0071914
9 50 0.00981267
9 51 0.0132769
9 52 0.0157607
9 53 0.016991
9 54 0.0175338
9 55 0.017022
9 56 0.0150112
9 57 0.0125533
9 58 0.0113181
9 59 0.0110246
9 60 0.0113446
9 61 0.0126079
9 62 0.0151337
9 63 0.0172166
9 64 0.0178792
9 65 0.0174911
9 66 0.0165295
9 67 0.0143116
9 68 0.0112536
9 69 0.00901837
9 70 0.00799401
9 71 0.00777647
9 72 0.00795687
9 73 0.00879507
9 74 0.00888781
9 75 0.0082309
9 76 0.00578516
9 77 0.001819
9 78 -0.00381074
9 79 -0.00852207
9 80 -0.0127869
9 81 -0.0155823
9 82 -0.0169062
9 83 -0.0158593
9 84 -0.0136765
9 85 -0.0100863
9 86 -0.00654403
9 87 -0.00434857
9 88 -0.00277183
9 89 -0.00171298
9 90 -5.61283e-05
9 91 0.00252899
9 92 0.0071211
9 93 0.011695
9 94 0.0167301
9 95 0.0204638
9 96 0.021957
9 97 0.0210893
9 98 0.017069
9 99 0.0110429
9 100 0.00302523
9 101 -0.005239
9 102 -0.0132339
9 103 -0.0190881
9 104 -0.0224397
9 105 -0.022577
9 106 -0.0189998
9 107 -0.0135695
9 108 -0.00553552
9 109 0.00226972
9 110 0.00923593
9 111 0.0146808
9 112 0.0162348
9 113 0.0155955
9 114 0.0113665
9 115 0.00495191
9 116 -0.00188035
9 117 -0.00924136
9 118 -0.0138965
9 119 0

10 0 0
10 1 -0.0131674
10 2 -0.00888276
10 3 -0.0030054
10 4 0.00410074
10 5 0.00959159
10 6 0.0135329
10 7 0.0143913
10 8 0.0120674
10 9 0.00733799
10 10 0.000256556
10 11 -0.00676761
10 12 -0.0137472
10 13 -0.018378
10 14 -0.0202141
10 15 -0.0194572
10 16 -0.0146783
10 17 -0.0084399
10 18 -0.000352395
10 19 0.00761932
10 20 0.0141432
10 21 0.0188101
10 22 0.0201899
10 23 0.0196036
10 24 0.0157413
10 25 0.0108593
10 26 0.00579947
10 27 0.00100217
10 28 -0.00213999
10 29 -0.00405317
10 30 -0.00515849
10 31 -0.00694538
10 32 -0.00859123
10 33 -0.0112185
10 34 -0.0134218
10 35 -0.0142863
10 36 -0.0137847
10 37 -0.0116309
10 38 -0.0081112
10 39 -0.00337316
10 40 0.0018302
10 41 0.00767471
10 42 0.0120707
10 43 0.0147159
10 44 0.0158432
10 45 0.0162755
10 46 0.0158918
10 47 0.0154802
10 48 0.0152896
10 49 0.01556
10 50 0.0167552
10 51 0.018448
10 52 0.0194962
10 53 0.0195072
10 54 0.019318
10 55 0.0184098
10 56 0.0163804
10 57 0.0140154
10 58 0.01293
10 59 0.0126194
10 60 0.0126964
10 61 0.0135583
10 62 0.0157269
10 63 0.0175906
10 64 0.0183907
10 65 0.0185228
10 66 0.0185474
10 67 0.0176033
10 68 0.0161454
10 69 0.0152626
10 70 0.0154684
10 71 0.0162038
10 72 0.0173385
10 73 0.0184762
10 74 0.0189523
10 75 0.0186905
10 76 0.016983
10 77 0.0133752
10 78 0.00823983
10 79 0.00347911
10 80 -0.00110204
10 81 -0.00481381
10 82 -0.0076563
10 83 -0.00918485
10 84 -0.0099661
10 85 -0.00959695
10 86 -0.00934242
10 87 -0.00997237
10 88 -0.010636
10 89 -0.0115462
10 90 -0.0112066
10 91 -0.0089613
10 92 -0.00395938
10 93 0.00198176
10 94 0.00917429
10 95 0.0157412
10 96 0.0200798
10 97 0.0223955
10 98 0.0213046
10 99 0.0178737
10 100 0.0114217
10 101 0.0040852
10 102 -0.00371948
10 103 -0.0109717
10 104 -0.015725
10 105 -0.0186695
10 106 -0.0182802
10 107 -0.0156826
10 108 -0.0106789
10 109 -0.00455873
10 110 0.00154827
10 111 0.00750364
10 112 0.0105799
10 113 0.0122868
10 114 0.0109237
10 115 0.00692795
10 116 0.00255613
10 117 -0.00385246
10 118 -0.00845454
10 119 0

11 0 0
11 1 -0.00724689
11 2 -0.00266644
11 3 0.0026852
11 4 0.00698716
11 5 0.00994573
11 6 0.0106356
11 7 0.00868617
11 8 0.00495639
11 9 -0.000715977
11 10 -0.00676761
11 11 -0.0123654
11 12 -0.0167085
11 13 -0.0183393
11 14 -0.0175356
11 15 -0.013467
11 16 -0.00719056
11 17 0.0005521
11 18 0.00903737
11 19 0.0160357
11 20 0.0214847
11 21 0.0237577
11 22 0.0225563
11 23 0.0184709
11 24 0.0119234
11 25 0.00418258
11 26 -0.00330396
11 27 -0.00908793
11 28 -0.0132239
11 29 -0.0147353
11 30 -0.0149478
11 31 -0.0146907
11 32 -0.0140397
11 33 -0.0134116
11 34 -0.0121786
11 35 -0.00985147
11 36 -0.00638716
11 37 -0.00259881
11 38 0.00212444
11 39 0.00717104
11 40 0.0124797
11 41 0.0175487
11 42 0.0214273
11 43 0.0232507
11 44 0.0238401
11 45 0.0238251
11 46 0.0229722
11 47 0.0216071
11 48 0.0202341
11 49 0.0192799
11 50 0.0187688
11 51 0.0186768
11 52 0.0181078
11 53 0.0171328
11 54 0.0160935
11 55 0.0149623
11 56 0.0129891
11 57 0.0110794
11 58 0.0100783
11 59 0.00985747
11 60 0.00963516
11 61 0.0102022
11 62 0.0116969
11 63 0.0132851
11 64 0.0140736
11 65 0.0148285
11 66 0.0155918
11 67 0.0160455
11 68 0.0161312
11 69 0.0167786
11 70 0.0180141
11 71 0.0198561
11 72 0.0218573
11 73 0.023562
11 74 0.0245826
11 75 0.0252014
11 76 0.024669
11 77 0.0222047
11 78 0.0184889
11 79 0.0144971
11 80 0.0104992
11 81 0.00656103
11 82 0.003069
11 83 -0.000602881
11 84 -0.00376713
11 85 -0.00649689
11 86 -0.00919867
11 87 -0.0125371
11 88 -0.0157356
11 89 -0.01875
11 90 -0.0201597
11 91 -0.0186468
11 92 -0.0145782
11 93 -0.00785625
11 94 0.000357618
11 95 0.00872459
11 96 0.0156478
11 97 0.0208391
11 98 0.0227841
11 99 0.0218029
11 100 0.018493
11 101 0.0126436
11 102 0.00609598
11 103 -0.000986392
11 104 -0.00724766
11 105 -0.0120167
11 106 -0.0149645
11 107 -0.0154655
11 108 -0.014168
11 109 -0.01086
11 110 -0.00653856
11 111 -0.00174698
11 112 0.0029097
11 113 0.00627564
11 114 0.00821731
11 115 0.00813814
11 116 0.00616491
11 117 0.00282995
11 118 -0.00133933
11 119 0

12 0 0
12 1 -0.000489309
12 2 0.0033673
12 3 0.00694972
12 4 0.00898919
12 5 0.0087584
12 6 0.00677646
12 7 0.00232458
12 8 -0.00280856
12 9 -0.00861109
12 10 -0.0137472
12 11 -0.0167085
12 12 -0.0183638
12 13 -0.0163858
12 14 -0.012368
12 15 -0.00630089
12 16 0.00197677
12 17 0.00968415
12 18 0.017468
12 19 0.0229435
12 20 0.025708
12 21 0.0252729
12 22 0.0211795
12 23 0.0145967
12 24 0.00559231
12 25 -0.00359138
12 26 -0.011972
12 27 -0.0178031
12 28 -0.021306
12 29 -0.0217334
12 30 -0.0200974
12 31 -0.0180119
12 32 -0.0147787
12 33 -0.0112926
12 34 -0.00712386
12 35 -0.0025727
12 36 0.00265912
12 37 0.00708071
12 38 0.011545
12 39 0.0157908
12 40 0.0196992
12 41 0.0230022
12 42 0.025134
12 43 0.0256262
12 44 0.02502
12 45 0.0243707
12 46 0.0228051
12 47 0.0206653
12 48 0.0182186
12 49 0.0163575
12 50 0.0143473
12 51 0.0127486
12 52 0.0108528
12 53 0.00927089
12 54 0.00766495
12 55 0.0065685
12 56 0.00498819
12 57 0.00384592
12 58 0.00308099
12 59 0.00299557
12 60 0.00255824
12 61 0.00280219
12 62 0.0034328
12 63 0.00451069
12 64 0.00512879
12 65 0.00628456
12 66 0.00746497
12 67 0.00902393
12 68 0.010371
12 69 0.0122505
12 70 0.0141116
12 71 0.0167518
12 72 0.0192594
12 73 0.0214602
12 74 0.0229396
12 75 0.0246929
12 76 0.0255107
12 77 0.0249939
12 78 0.0233537
12 79 0.0213041
12 80 0.0187518
12 81 0.0159543
12 82 0.0127492
12 83 0.00839603
12 84 0.00400053
12 85 -0.000663916
12 86 -0.005489
12 87 -0.0108903
12 88 -0.0158054
12 89 -0.0209946
12 90 -0.02423
12 91 -0.0246462
12 92 -0.0220382
12 93 -0.0163843
12 94 -0.0085101
12 95 0.000446478
12 96 0.00858488
12 97 0.0158584
12 98 0.0204417
12 99 0.0230302
12 100 0.022595
12 101 0.0198032
12 102 0.0155261
12 103 0.00907216
12 104 0.00285414
12 105 -0.00385665
12 106 -0.00969436
12 107 -0.0138594
12 108 -0.0163943
12 109 -0.0163923
12 110 -0.0144464
12 111 -0.0103578
12 112 -0.00555215
12 113 -4.50448e-05
12 114 0.0046675
12 115 0.00760656
12 116 0.00939789
12 117 0.00813315
12 118 0.0057192
12 119 0

13 0 0
13 1 0.00676354
13 2 0.00957155
13 3 0.0113823
13 4 0.00950912
13 5 0.00614359
13 6 0.00100874
13 7 -0.00561486
13 8 -0.010838
13 9 -0.015926
13 10 -0.018378
13 11 -0.0183393
13 12 -0.0163858
13 13 -0.0112498
13 14 -0.00523952
13 15 0.00233742
13 16 0.00986853
13 17 0.0166237
13 18 0.0221922
13 19 0.0249198
13 20 0.0253328
13 21 0.022189
13 22 0.0164668
13 23 0.00831014
13 24 -0.000658503
13 25 -0.0096648
13 26 -0.0172798
13 27 -0.0215908
13 28 -0.0238042
13 29 -0.0226152
13 30 -0.0197758
13 31 -0.0158467
13 32 -0.0113714
13 33 -0.00601502
13 34 -0.000523969
13 35 0.00501682
13 36 0.0104485
13 37 0.0141376
13 38 0.0172009
13 39 0.0193926
13 40 0.0211826
13 41 0.021724
13 42 0.0218513
13 43 0.0205145
13 44 0.0190521
13 45 0.0175904
13 46 0.0159315
13 47 0.0132329
13 48 0.0105901
13 49 0.00812321
13 50 0.00546562
13 51 0.00268073
13 52 0.000236402
13 53 -0.00166031
13 54 -0.00318442
13 55 -0.00407462
13 56 -0.00472275
13 57 -0.00497267
13 58 -0.00515364
13 59 -0.00518085
13 60 -0.00560223
13 61 -0.00586823
13 62 -0.00608578
13 63 -0.00589653
13 64 -0.00550038
13 65 -0.00444354
13 66 -0.0030519
13 67 -0.00104949
13 68 0.00127115
13 69 0.00358709
13 70 0.00572776
13 71 0.00824875
13 72 0.0108999
13 73 0.0128082
13 74 0.0146628
13 75 0.0168911
13 76 0.0191922
13 77 0.0204181
13 78 0.0214337
13 79 0.0214917
13 80 0.0212708
13 81 0.0202178
13 82 0.0184774
13 83 0.0146345
13 84 0.0103626
13 85 0.00532123
13 86 -0.000148251
13 87 -0.00589164
13 88 -0.0117449
13 89 -0.0176422
13 90 -0.0223671
13 91 -0.0242729
13 92 -0.024086
13 93 -0.0201454
13 94 -0.0141854
13 95 -0.00667431
13 96 0.00117251
13 97 0.00877855
13 98 0.0150668
13 99 0.0194844
13 100 0.022377
13 101 0.0224792
13 102 0.0211752
13 103 0.017208
13 104 0.0118537
13 105 0.00518984
13 106 -0.00257083
13 107 -0.00917715
13 108 -0.0155476
13 109 -0.0190687
13 110 -0.0200582
13 111 -0.0185639
13 112 -0.0136378
13 113 -0.00770759
13 114 -0.000410191
13 115 0.00622306
13 116 0.0108138
13 117 0.0134648
13 118 0.0124715
13 119 0

14 0 0
14 1 0.0124695
14 2 0.0140758
14 3 0.0131701
14 4 0.00861229
14 5 0.00254911
14 6 -0.00479055
14 7 -0.0119701
14 8 -0.0170956
14 9 -0.0204028
14 10 -0.0202141
14 11 -0.0175356
14 12 -0.012368
14 13 -0.00523952
14 14 0.00200244
14 15 0.00984976
14 16 0.0160594
14 17 0.0207524
14 18 0.0235014
14 19 0.0233302
14 20 0.021095
14 21 0.0162579
14 22 0.00974803
14 23 0.00144966
14 24 -0.00644975
14 25 -0.0136963
14 26 -0.0192836
14 27 -0.0212816
14 28 -0.0214586
14 29 -0.0188189
14 30 -0.0148442
14 31 -0.00997084
14 32 -0.00484264
14 33 0.000958587
14 34 0.00685959
14 35 0.0119652
14 36 0.0164798
14 37 0.018397
14 38 0.0192161
14 39 0.0187094
14 40 0.0176615
14 41 0.0153098
14 42 0.0129392
14 43 0.0101294
14 44 0.00767409
14 45 0.00602711
14 46 0.0042667
14 47 0.00196755
14 48 -0.000661685
14 49 -0.0028098
14 50 -0.00589599
14 51 -0.00893601
14 52 -0.0117645
14 53 -0.013245
14 54 -0.0145994
14 55 -0.0146995
14 56 -0.0144446
14 57 -0.0133731
14 58 -0.0130768
14 59 -0.0127323
14 60 -0.0133275
14 61 -0.013886
14 62 -0.0152437
14 63 -0.0158156
14 64 -0.0160787
14 65 -0.0151246
14 66 -0.0141086
14 67 -0.0117647
14 68 -0.00928193
14 69 -0.00672168
14 70 -0.00516473
14 71 -0.00300139
14 72 -0.00120338
14 73 0.000315873
14 74 0.00174047
14 75 0.00438786
14 76 0.00747772
14 77 0.0106688
14 78 0.0139895
14 79 0.0165692
14 80 0.018771
14 81 0.0200464
14 82 0.020316
14 83 0.0179923
14 84 0.0149934
14 85 0.0106247
14 86 0.00601646
14 87 0.000933053
14 88 -0.00447901
14 89 -0.0104036
14 90 -0.0156707
14 91 -0.0191882
14 92 -0.0213677
14 93 -0.0200053
14 94 -0.0169295
14 95 -0.0119075
14 96 -0.00566332
14 97 0.00100711
14 98 0.00749967
14 99 0.0133965
14 100 0.0187986
14 101 0.0218509
14 102 0.0236096
14 103 0.0224628
14 104 0.0186369
14 105 0.0128206
14 106 0.00454078
14 107 -0.00389525
14 108 -0.0125496
14 109 -0.0191729
14 110 -0.0228997
14 111 -0.0235526
14 112 -0.0197658
14 113 -0.0136939
14 114 -0.00521663
14 115 0.00372261
14 116 0.0107746
14 117 0.0161018
14 118 0.0171549
14 119 0

15 0 0
15 1 0.0166762
15 2 0.0161268
15 3 0.0132918
15 4 0.00618889
15 5 -0.00182052
15 6 -0.00986204
15 7 -0.0173787
15 8 -0.0209582
15 9 -0.0221552
15 10 -0.0194572
15 11 -0.013467
15 12 -0.00630089
15 13 0.00233742
15 14 0.00984976
15 15 0.0159413
15 16 0.0198491
15 17 0.021219
15 18 0.0203931
15 19 0.0173262
15 20 0.0129407
15 21 0.00701448
15 22 0.000858922
15 23 -0.00543491
15 24 -0.0107613
15 25 -0.0146152
15 26 -0.0166686
15 27 -0.0158506
15 28 -0.0136042
15 29 -0.00982859
15 30 -0.0053843
15 31 -0.000896974
15 32 0.00344215
15 33 0.00830944
15 34 0.0129133
15 35 0.0163643
15 36 0.018465
15 37 0.0180922
15 38 0.0159238
15 39 0.0126191
15 40 0.00858495
15 41 0.00366246
15 42 -0.000807729
15 43 -0.00460872
15 44 -0.0071994
15 45 -0.008581
15 46 -0.00942599
15 47 -0.0107999
15 48 -0.0122333
15 49 -0.0137465
15 50 -0.01612
15 51 -0.0191265
15 52 -0.0213631
15 53 -0.022437
15 54 -0.0228184
15 55 -0.0222546
15 56 -0.0205273
15 57 -0.0184471
15 58 -0.0171708
15 59 -0.016775
15 60 -0.0171283
15 61 -0.0183767
15 62 -0.0204648
15 63 -0.0222427
15 64 -0.0229278
15 65 -0.0227358
15 66 -0.021952
15 67 -0.0200902
15 68 -0.0175776
15 69 -0.0157807
15 70 -0.0149579
15 71 -0.0142641
15 72 -0.0137006
15 73 -0.0136374
15 74 -0.0130181
15 75 -0.011036
15 76 -0.00768947
15 77 -0.00336672
15 78 0.00171481
15 79 0.00634666
15 80 0.0106689
15 81 0.0143241
15 82 0.0166015
15 83 0.0167185
15 84 0.0157205
15 85 0.0134994
15 86 0.0108803
15 87 0.00817607
15 88 0.00472876
15 89 0.000219815
15 90 -0.00456244
15 91 -0.0090477
15 92 -0.0130381
15 93 -0.0148966
15 94 -0.0153757
15 95 -0.0140363
15 96 -0.0112269
15 97 -0.00698457
15 98 -0.00155035
15 99 0.00453267
15 100 0.0110461
15 101 0.0168918
15 102 0.0216952
15 103 0.0236846
15 104 0.02317
15 105 0.0189729
15 106 0.0115751
15 107 0.00284652
15 108 -0.00756228
15 109 -0.0160911
15 110 -0.0224419
15 111 -0.025429
15 112 -0.0233261
15 113 -0.0183051
15 114 -0.00954383
15 115 0.000295941
15 116 0.00916596
15 117 0.0165293
15 118 0.0192409
15 119 0

16 0 0
16 1 0.0183492
16 2 0.0165863
16 3 0.0110383
16 4 0.0024615
16 5 -0.00645127
16 6 -0.0149341
16 7 -0.020408
16 8 -0.022369
16 9 -0.0204586
16 10 -0.0146783
16 11 -0.00719056
16 12 0.00197677
16 13 0.00986853
16 14 0.0160594
16 15 0.0198491
16 16 0.0199053
16 17 0.0180988
16 18 0.0135907
16 19 0.00838911
16 20 0.00255445
16 21 -0.00289588
16 22 -0.00719681
16 23 -0.0110633
16 24 -0.0122976
16 25 -0.0124121
16 26 -0.0105652
16 27 -0.00723997
16 28 -0.00298329
16 29 0.00102083
16 30 0.00458942
16 31 0.00799809
16 32 0.0103658
16 33 0.0134574
16 34 0.0157509
16 35 0.0172689
16 36 0.016701
16 37 0.0142235
16 38 0.00949
16 39 0.00394894
16 40 -0.00227368
16 41 -0.0089883
16 42 -0.0146686
16 43 -0.0187288
16 44 -0.0206501
16 45 -0.0211991
16 46 -0.0205434
16 47 -0.0204412
16 48 -0.0202009
16 49 -0.0207293
16 50 -0.0220407
16 51 -0.0246323
16 52 -0.026108
16 53 -0.0266745
16 54 -0.026053
16 55 -0.0247711
16 56 -0.0217169
16 57 -0.018721
16 58 -0.0165483
16 59 -0.01606
16 60 -0.0162254
16 61 -0.0180881
16 62 -0.0208141
16 63 -0.0236391
16 64 -0.0247737
16 65 -0.025322
16 66 -0.024806
16 67 -0.0234932
16 68 -0.0212231
16 69 -0.0203822
16 70 -0.0204968
16 71 -0.02155
16 72 -0.0226085
16 73 -0.024376
16 74 -0.0249867
16 75 -0.024312
16 76 -0.0213691
16 77 -0.0167646
16 78 -0.010751
16 79 -0.00502149
16 80 0.000657213
16 81 0.00588106
16 82 0.00963742
16 83 0.0118728
16 84 0.0127346
16 85 0.0130584
16 86 0.0128876
16 87 0.0133309
16 88 0.0123253
16 89 0.010618
16 90 0.00728362
16 91 0.00285992
16 92 -0.00226809
16 93 -0.00668244
16 94 -0.0104557
16 95 -0.0133546
16 96 -0.0137485
16 97 -0.0131497
16 98 -0.00992537
16 99 -0.00507073
16 100 0.00167396
16 101 0.0090335
16 102 0.0158217
16 103 0.021388
16 104 0.0233131
16 105 0.0223884
16 106 0.0172905
16 107 0.00938534
16 108 -0.000287972
16 109 -0.0102791
16 110 -0.0181543
16 111 -0.0235126
16 112 -0.0238698
16 113 -0.0205907
16 114 -0.013436
16 115 -0.00357115
16 116 0.00556191
16 117 0.0143201
16 118 0.0189076
16 119 0

17 0 0
17 1 0.0174134
17 2 0.0138934
17 3 0.00696077
17 4 -0.001873
17 5 -0.010593
17 6 -0.0176053
17 7 -0.0210695
17 8 -0.0206089
17 9 -0.0161126
17 10 -0.0084399
17 11 0.0005521
17 12 0.00968415
17 13 0.0166237
17 14 0.0207524
17 15 0.021219
17 16 0.0180988
17 17 0.0127302
17 18 0.00530661
17 19 -0.00168171
17 20 -0.00809177
17 21 -0.0126874
17 22 -0.0145433
17 23 -0.0147563
17 24 -0.0122383
17 25 -0.0081714
17 26 -0.00287037
17 27 0.00277133
17 28 0.0080458
17 29 0.0116834
17 30 0.0136941
17 31 0.0149359
17 32 0.014842
17 33 0.0153511
17 34 0.01541
17 35 0.0145698
17 36 0.0119161
17 37 0.00759984
17 38 0.00146576
17 39 -0.00558407
17 40 -0.0127762
17 41 -0.02031
17 42 -0.0260997
17 43 -0.0295693
17 44 -0.0301467
17 45 -0.0292294
17 46 -0.0267755
17 47 -0.0246578
17 48 -0.0226917
17 49 -0.0218593
17 50 -0.0222155
17 51 -0.0239529
17 52 -0.0249483
17 53 -0.0248064
17 54 -0.0236125
17 55 -0.021418
17 56 -0.0176184
17 57 -0.0136211
17 58 -0.0110247
17 59 -0.010142
17 60 -0.0104929
17 61 -0.0125602
17 62 -0.0160711
17 63 -0.0193965
17 64 -0.0212086
17 65 -0.0220518
17 66 -0.0219941
17 67 -0.0208638
17 68 -0.0192093
17 69 -0.0190454
17 70 -0.0203482
17 71 -0.0229398
17 72 -0.0259897
17 73 -0.0295568
17 74 -0.0318535
17 75 -0.0328141
17 76 -0.031002
17 77 -0.0269321
17 78 -0.0209675
17 79 -0.0152308
17 80 -0.00912595
17 81 -0.00360209
17 82 0.000958029
17 83 0.00437176
17 84 0.00697959
17 85 0.00922898
17 86 0.0118177
17 87 0.0153217
17 88 0.017616
17 89 0.0189744
17 90 0.0178823
17 91 0.0144099
17 92 0.00894488
17 93 0.00269166
17 94 -0.00406157
17 95 -0.0102823
17 96 -0.0146341
17 97 -0.0176097
17 98 -0.0171295
17 99 -0.0139709
17 100 -0.00805339
17 101 -1.04792e-06
17 102 0.0083926
17 103 0.0161891
17 104 0.0213255
17 105 0.023281
17 106 0.0210576
17 107 0.0152666
17 108 0.00680707
17 109 -0.00294853
17 110 -0.0117625
17 111 -0.018557
17 112 -0.0213802
17 113 -0.020288
17 114 -0.0152997
17 115 -0.00730809
17 116 0.00139521
17 117 0.00981767
17 118 0.0154107
17 119 0

18 0 0
18 1 0.0144732
18 2 0.00950695
18 3 0.00177095
18 4 -0.00695166
18 5 -0.014361
18 6 -0.0192731
18 7 -0.0199234
18 8 -0.0166412
18 9 -0.00961426
18 10 -0.000352395
18 11 0.00903737
18 12 0.017468
18 13 0.0221922
18 14 0.0235014
18 15 0.0203931
18 16 0.0135907
18 17 0.00530661
18 18 -0.00433496
18 19 -0.0120233
18 20 -0.0178074
18 21 -0.02044
18 22 -0.0194647
18 23 -0.015911
18 24 -0.00951607
18 25 -0.00198315
18 26 0.00607873
18 27 0.0126828
18 28 0.0179273
18 29 0.0198721
18 30 0.0194416
18 31 0.0176399
18 32 0.0146899
18 33 0.0125748
18 34 0.0103712
18 35 0.00797916
18 36 0.00391044
18 37 -0.00069332
18 38 -0.00716341
18 39 -0.0138754
18 40 -0.020919
18 41 -0.0275426
18 42 -0.0324757
18 43 -0.0342335
18 44 -0.0329741
18 45 -0.0300851
18 46 -0.025627
18 47 -0.021461
18 48 -0.0176954
18 49 -0.0158005
18 50 -0.0151233
18 51 -0.0163807
18 52 -0.0168115
18 53 -0.0166104
18 54 -0.0148043
18 55 -0.0123865
18 56 -0.00783571
18 57 -0.00361736
18 58 -0.000402783
18 59 0.00035801
18 60 0.000208476
18 61 -0.00239499
18 62 -0.00601449
18 63 -0.0099732
18 64 -0.0118298
18 65 -0.0131067
18 66 -0.0128396
18 67 -0.0120258
18 68 -0.010489
18 69 -0.0110581
18 70 -0.0129975
18 71 -0.0170901
18 72 -0.0217735
18 73 -0.0271436
18 74 -0.0311309
18 75 -0.0339518
18 76 -0.0338566
18 77 -0.0310156
18 78 -0.0263881
18 79 -0.0215824
18 80 -0.0167083
18 81 -0.0119666
18 82 -0.0083516
18 83 -0.00471746
18 84 -0.00179439
18 85 0.00186776
18 86 0.00632959
18 87 0.0126353
18 88 0.0181697
18 89 0.0229583
18 90 0.0248681
18 91 0.0232711
18 92 0.0188998
18 93 0.0118946
18 94 0.00358015
18 95 -0.00531131
18 96 -0.0127268
18 97 -0.0189095
18 98 -0.0214805
18 99 -0.0209943
18 100 -0.0169319
18 101 -0.00939794
18 102 -0.000733826
18 103 0.00887944
18 104 0.0165123
18 105 0.0215163
18 106 0.022787
18 107 0.0200143
18 108 0.014035
18 109 0.00563994
18 110 -0.00311199
18 111 -0.0112197
18 112 -0.0163327
18 113 -0.0182509
18 114 -0.0163849
18 115 -0.0109194
18 116 -0.00411561
18 117 0.00380139
18 118 0.00992524
18 119 0

19 0 0
19 1 0.00947087
19 2 0.00397331
19 3 -0.00450238
19 4 -0.0112099
19 5 -0.0166927
19 6 -0.0190435
19 7 -0.0162231
19 8 -0.01114
19 9 -0.00213766
19 10 0.00761932
19 11 0.0160357
19 12 0.0229435
19 13 0.0249198
19 14 0.0233302
19 15 0.0173262
19 16 0.00838911
19 17 -0.00168171
19 18 -0.0120233
19 19 -0.0193458
19 20 -0.0243237
19 21 -0.0247501
19 22 -0.0211612
19 23 -0.0148579
19 24 -0.00597699
19 25 0.00369014
19 26 0.0128855
19 27 0.0193327
19 28 0.0234464
19 29 0.0232163
19 30 0.0199302
19 31 0.0153913
19 32 0.0102711
19 33 0.0062206
19 34 0.00291038
19 35 1.87746e-05
19 36 -0.00371105
19 37 -0.00753899
19 38 -0.0125474
19 39 -0.0179242
19 40 -0.0233637
19 41 -0.028388
19 42 -0.0315619
19 43 -0.031458
19 44 -0.0283193
19 45 -0.0236624
19 46 -0.0176965
19 47 -0.0118585
19 48 -0.00708324
19 49 -0.0044274
19 50 -0.00358038
19 51 -0.0044413
19 52 -0.00517102
19 53 -0.00499075
19 54 -0.00351022
19 55 -0.000842438
19 56 0.00349939
19 57 0.00799214
19 58 0.0110518
19 59 0.0120694
19 60 0.0115765
19 61 0.00905325
19 62 0.00510163
19 63 0.00133077
19 64 -0.000765779
19 65 -0.0016429
19 66 -0.00124214
19 67 7.61163e-05
19 68 0.00145514
19 69 0.00107246
19 70 -0.00126416
19 71 -0.00587461
19 72 -0.0117834
19 73 -0.0181022
19 74 -0.0234239
19 75 -0.027629
19 76 -0.0291236
19 77 -0.0277925
19 78 -0.0248245
19 79 -0.0218021
19 80 -0.0187836
19 81 -0.0162091
19 82 -0.0143494
19 83 -0.0122019
19 84 -0.0100152
19 85 -0.00651697
19 86 -0.00120749
19 87 0.00637445
19 88 0.0141968
19 89 0.0218081
19 90 0.0264294
19 91 0.0269792
19 92 0.0242306
19 93 0.0178195
19 94 0.00917635
19 95 -0.000623004
19 96 -0.00956015
19 97 -0.0178998
19 98 -0.0228058
19 99 -0.0241933
19 100 -0.0222175
19 101 -0.0161225
19 102 -0.0082023
19 103 0.00158104
19 104 0.0102798
19 105 0.017628
19 106 0.0219367
19 107 0.0219543
19 108 0.0194741
19 109 0.0129129
19 110 0.00533801
19 111 -0.00249659
19 112 -0.00982302
19 113 -0.0137512
19 114 -0.015527
19 115 -0.0136437
19 116 -0.00902735
19 117 -0.00348912
19 118 0.00302383
19 119 0

20 0 0
20 1 0.00376409
20 2 -0.00266673
20 3 -0.00964442
20 4 -0.014979
20 5 -0.0177141
20 6 -0.0168227
20 7 -0.0120253
20 8 -0.00453099
20 9 0.00497272
20 10 0.0141432
20 11 0.0214847
20 12 0.025708
20 13 0.0253328
20 14 0.021095
20 15 0.0129407
20 16 0.00255445
20 17 -0.00809177
20 18 -0.0178074
20 19 -0.0243237
20 20 -0.0270094
20 21 -0.02552
20 22 -0.0199877
20 23 -0.0112934
20 24 -0.00112486
20 25 0.00929617
20 26 0.0181032
20 27 0.023369
20 28 0.0249676
20 29 0.0219704
20 30 0.0158602
20 31 0.00861447
20 32 0.00176565
20 33 -0.00353747
20 34 -0.00684341
20 35 -0.00910109
20 36 -0.0112765
20 37 -0.0129762
20 38 -0.0152912
20 39 -0.0180063
20 40 -0.0210016
20 41 -0.0234612
20 42 -0.0244299
20 43 -0.0221901
20 44 -0.0173813
20 45 -0.0112184
20 46 -0.00422954
20 47 0.00263813
20 48 0.00789969
20 49 0.0106351
20 50 0.0112759
20 51 0.0102076
20 52 0.00897552
20 53 0.00847888
20 54 0.00944646
20 55 0.0117218
20 56 0.0156953
20 57 0.019803
20 58 0.0227369
20 59 0.0236252
20 60 0.0230406
20 61 0.0204268
20 62 0.0166754
20 63 0.0131028
20 64 0.0112942
20 65 0.0108524
20 66 0.0119554
20 67 0.0138413
20 68 0.0156321
20 69 0.01571
20 70 0.0137116
20 71 0.00908229
20 72 0.00276964
20 73 -0.00391626
20 74 -0.00998442
20 75 -0.0151157
20 76 -0.0180161
20 77 -0.0182445
20 78 -0.0173831
20 79 -0.0165052
20 80 -0.0162235
20 81 -0.0166197
20 82 -0.0176606
20 83 -0.0180171
20 84 -0.0178628
20 85 -0.0158316
20 86 -0.0109037
20 87 -0.00311835
20 88 0.00618456
20 89 0.0156602
20 90 0.0228578
20 91 0.0260659
20 92 0.0255758
20 93 0.0209085
20 94 0.0134333
20 95 0.00433713
20 96 -0.00526091
20 97 -0.0140292
20 98 -0.0204561
20 99 -0.0240784
20 100 -0.024189
20 101 -0.0204262
20 102 -0.0141445
20 103 -0.00545609
20 104 0.00373859
20 105 0.0120613
20 106 0.0187048
20 107 0.0220688
20 108 0.0222563
20 109 0.0190209
20 110 0.0130512
20 111 0.00559009
20 112 -0.00226445
20 113 -0.00890888
20 114 -0.0134
20 115 -0.0149981
20 116 -0.0136375
20 117 -0.00986043
20 118 -0.00459877
20 119 0

21 0 0
21 1 -0.00237981
