0 0 0
0 1 0
0 2 0
0 3 0
0 4 0
0 5 0
0 6 0
0 7 0
0 8 0
0 9 0
0 10 0
0 11 0
0 12 0
0 13 0
0 14 0
0 15 0
0 16 0
0 17 0
0 18 0
0 19 0
0 20 0
0 21 0
0 22 0
0 23 0
0 24 0
0 25 0
0 26 0
0 27 0
0 28 0
0 29 0
0 30 0
0 31 0
0 32 0
0 33 0
0 34 0
0 35 0
0 36 0
0 37 0
0 38 0
0 39 0
0 40 0
0 41 0
0 42 0
0 43 0
0 44 0
0 45 0
0 46 0
0 47 0
0 48 0
0 49 0
0 50 0
0 51 0
0 52 0
0 53 0
0 54 0
0 55 0
0 56 0
0 57 0
0 58 0
0 59 0
0 60 0
0 61 0
0 62 0
0 63 0
0 64 0
0 65 0
0 66 0
0 67 0
0 68 0
0 69 0
0 70 0
0 71 0
0 72 0
0 73 0
0 74 0
0 75 0
0 76 0
0 77 0
0 78 0
0 79 0
0 80 0
0 81 0
0 82 0
0 83 0
0 84 0
0 85 0
0 86 0
0 87 0
0 88 0
0 89 0
0 90 0
0 91 0
0 92 0
0 93 0
0 94 0
0 95 0
0 96 0
0 97 0
0 98 0
0 99 0
0 100 0
0 101 0
0 102 0
0 103 0
0 104 0
0 105 0
0 106 0
0 107 0
0 108 0
0 109 0
0 110 0
0 111 0
0 112 0
0 113 0
0 114 0
0 115 0
0 116 0
0 117 0
0 118 0
0 119 0

1 0 0
1 1 0.0225114
1 2 0.020038
1 3 0.0141145
1 4 0.00643683
1 5 -0.00222373
1 6 -0.00956127
1 7 -0.0144774
1 8 -0.0161146
1 9 -0.0143226
1 10 -0.0103952
1 11 -0.00444969
1 12 0.00180578
1 13 0.00802942
1 14 0.0126704
1 15 0.0150859
1 16 0.015587
1 17 0.0137678
1 18 0.0108749
1 19 0.00611305
1 20 0.000894127
1 21 -0.00460228
1 22 -0.00985542
1 23 -0.0146109
1 24 -0.0189983
1 25 -0.0221188
1 26 -0.0241624
1 27 -0.0246444
1 28 -0.0242609
1 29 -0.0217692
1 30 -0.0184355
1 31 -0.0137402
1 32 -0.00857725
1 33 -0.00301522
1 34 0.00281741
1 35 0.00802919
1 36 0.0130593
1 37 0.0174718
1 38 0.0215056
1 39 0.0242193
1 40 0.0267353
1 41 0.0277973
1 42 0.0283015
1 43 0.0273475
1 44 0.0261415
1 45 0.0239941
1 46 0.0217356
1 47 0.0193783
1 48 0.0177672
1 49 0.0160037
1 50 0.0148495
1 51 0.0141332
1 52 0.0132014
1 53 0.0119569
1 54 0.0107185
1 55 0.00897494
1 56 0.00696196
1 57 0.00547177
1 58 0.00413971
1 59 0.0034257
1 60 0.00369888
1 61 0.0046007
1 62 0.00564705
1 63 0.00725028
1 64 0.00856084
1 65 0.00943029
1 66 0.0102807
1 67 0.0109221
1 68 0.0113323
1 69 0.0123337
1 70 0.0139514
1 71 0.0156261
1 72 0.0180897
1 73 0.0207163
1 74 0.0233174
1 75 0.02527
1 76 0.0270952
1 77 0.0277403
1 78 0.0279695
1 79 0.0269355
1 80 0.0258212
1 81 0.0233996
1 82 0.0206352
1 83 0.0170022
1 84 0.0130851
1 85 0.00799028
1 86 0.00289634
1 87 -0.00261384
1 88 -0.00806522
1 89 -0.0130588
1 90 -0.0176533
1 91 -0.0208495
1 92 -0.023486
1 93 -0.0247572
1 94 -0.0249343
1 95 -0.0233095
1 96 -0.0208638
1 97 -0.0166962
1 98 -0.0114541
1 99 -0.00497188
1 100 0.00197835
1 101 0.00818629
1 102 0.0138795
1 103 0.0173176
1 104 0.0186377
1 105 0.0165638
1 106 0.011954
1 107 0.00552589
1 108 -0.00181902
1 109 -0.0085547
1 110 -0.014125
1 111 -0.0166519
1 112 -0.0161577
1 113 -0.0123173
1 114 -0.00607387
1 115 0.00135483
1 116 0.00925623
1 117 0.0157544
1 118 0.0201374
1 119 0

2 0 0
2 1 0.020038
2 2 0.0159693
2 3 0.00917707
2 4 0.00129664
2 5 -0.00679313
2 6 -0.0127707
2 7 -0.0158471
2 8 -0.0154778
2 9 -0.0121815
2 10 -0.00728582
2 11 -0.00118506
2 12 0.00470573
2 13 0.00983666
2 14 0.0129261
2 15 0.013742
2 16 0.0126081
2 17 0.00977157
2 18 0.00569875
2 19 0.000390638
2 20 -0.00507617
2 21 -0.0102688
2 22 -0.0146762
2 23 -0.0184452
2 24 -0.0209573
2 25 -0.0218961
2 26 -0.0210644
2 27 -0.0189224
2 28 -0.0156707
2 29 -0.01101
2 30 -0.0062439
2 31 -0.00123827
2 32 0.003277
2 33 0.0075148
2 34 0.0112608
2 35 0.0143215
2 36 0.0169504
2 37 0.0197689
2 38 0.0219317
2 39 0.0236301
2 40 0.0251705
2 41 0.0253653
2 42 0.0244238
2 43 0.0224581
2 44 0.0196291
2 45 0.0159852
2 46 0.0124567
2 47 0.00923428
2 48 0.00714704
2 49 0.00562687
2 50 0.00515551
2 51 0.00518284
2 52 0.00506617
2 53 0.00428208
2 54 0.00333207
2 55 0.00120403
2 56 -0.0012617
2 57 -0.00339468
2 58 -0.00504829
2 59 -0.00608799
2 60 -0.00539969
2 61 -0.00409839
2 62 -0.00232627
2 63 -0.000222666
2 64 0.00153023
2 65 0.00210799
2 66 0.00251054
2 67 0.00226028
2 68 0.00187282
2 69 0.00202032
2 70 0.00325525
2 71 0.00512598
2 72 0.00821901
2 73 0.0117274
2 74 0.0154996
2 75 0.0186071
2 76 0.0210626
2 77 0.02267
2 78 0.0233973
2 79 0.0229455
2 80 0.0225914
2 81 0.0218712
2 82 0.0206782
2 83 0.0196332
2 84 0.0181791
2 85 0.0157946
2 86 0.0127063
2 87 0.00887388
2 88 0.00408442
2 89 -0.00109049
2 90 -0.0068064
2 91 -0.0117322
2 92 -0.0161892
2 93 -0.0197086
2 94 -0.0218317
2 95 -0.0222747
2 96 -0.0213271
2 97 -0.0190567
2 98 -0.015279
2 99 -0.0101283
2 100 -0.00403565
2 101 0.00187662
2 102 0.00752974
2 103 0.0119157
2 104 0.0146582
2 105 0.0146491
2 106 0.0120356
2 107 0.00752383
2 108 0.00160985
2 109 -0.00438337
2 110 -0.0101935
2 111 -0.0140431
2 112 -0.0153704
2 113 -0.0137003
2 114 -0.00923148
2 115 -0.00324956
2 116 0.003914
2 117 0.010497
2 118 0.0157864
2 119 0

3 0 0
3 1 0.0141145
3 2 0.00917707
3 3 0.00238675
3 4 -0.00415723
3 5 -0.010445
3 6 -0.0138012
3 7 -0.0142779
3 8 -0.0117934
3 9 -0.00715366
3 10 -0.00236732
3 11 0.00298562
3 12 0.00680122
3 13 0.00976008
3 14 0.0101963
3 15 0.0088298
3 16 0.00650251
3 17 0.00266238
3 18 -0.00101654
3 19 -0.00617873
3 20 -0.0103331
3 21 -0.0140376
3 22 -0.0166292
3 23 -0.018139
3 24 -0.0181795
3 25 -0.0161677
3 26 -0.0128038
3 27 -0.00779006
3 28 -0.00308369
3 29 0.00345933
3 30 0.00821763
3 31 0.0125424
3 32 0.015452
3 33 0.0169765
3 34 0.0175187
3 35 0.0172165
3 36 0.0168968
3 37 0.0166458
3 38 0.017208
3 39 0.0167144
3 40 0.0174715
3 41 0.0164326
3 42 0.0149457
3 43 0.0116164
3 44 0.00825063
3 45 0.00333501
3 46 -0.000624799
3 47 -0.00428956
3 48 -0.00598112
3 49 -0.00703289
3 50 -0.00646814
3 51 -0.00525665
3 52 -0.00414904
3 53 -0.00407512
3 54 -0.00462879
3 55 -0.00653326
3 56 -0.00922765
3 57 -0.0115287
3 58 -0.0135431
3 59 -0.0144907
3 60 -0.0137061
3 61 -0.0118438
3 62 -0.00974388
3 63 -0.00721696
3 64 -0.00557645
3 65 -0.00522735
3 66 -0.00564546
3 67 -0.00700739
3 68 -0.00864634
3 69 -0.00951236
3 70 -0.00895066
3 71 -0.00758133
3 72 -0.00441466
3 73 -0.00074184
3 74 0.00376362
3 75 0.00696647
3 76 0.0101093
3 77 0.0116706
3 78 0.012904
3 79 0.012572
3 80 0.0137784
3 81 0.0140622
3 82 0.0155978
3 83 0.0171557
3 84 0.0192105
3 85 0.0201211
3 86 0.0205036
3 87 0.0189219
3 88 0.0161482
3 89 0.0121478
3 90 0.00620863
3 91 0.00128209
3 92 -0.00452103
3 93 -0.00925114
3 94 -0.0134701
3 95 -0.0156844
3 96 -0.0172073
3 97 -0.0170313
3 98 -0.0160411
3 99 -0.0134785
3 100 -0.00946288
3 101 -0.00578935
3 102 -0.000884597
3 103 0.00307401
3 104 0.00726193
3 105 0.00937539
3 106 0.00964878
3 107 0.00820847
3 108 0.00486627
3 109 0.0010038
3 110 -0.00434001
3 111 -0.00858108
3 112 -0.0118532
3 113 -0.0124946
3 114 -0.0105881
3 115 -0.00724475
3 116 -0.0018111
3 117 0.00336931
3 118 0.0088126
3 119 0

4 0 0
4 1 0.00643683
4 2 0.00129664
4 3 -0.00415723
4 4 -0.0087317
4 5 -0.0122054
4 6 -0.0126328
4 7 -0.0105867
4 8 -0.00621567
4 9 -0.00120635
4 10 0.0030755
4 11 0.00650654
4 12 0.00800382
4 13 0.00800553
4 14 0.00569158
4 15 0.00236346
4 16 -0.00143819
4 17 -0.00497507
4 18 -0.00836359
4 19 -0.0115495
4 20 -0.0135984
4 21 -0.0147945
4 22 -0.0144674
4 23 -0.0138429
4 24 -0.0111012
4 25 -0.00708991
4 26 -0.00148746
4 27 0.00476264
4 28 0.010929
4 29 0.0172632
4 30 0.0214661
4 31 0.0239422
4 32 0.0239391
4 33 0.0225388
4 34 0.0190852
4 35 0.0154076
4 36 0.0114628
4 37 0.00894412
4 38 0.00679455
4 39 0.00557286
4 40 0.00515005
4 41 0.00389291
4 42 0.00178083
4 43 -0.00122297
4 44 -0.00504192
4 45 -0.00989799
4 46 -0.0136951
4 47 -0.0169876
4 48 -0.01809
4 49 -0.017981
4 50 -0.0158844
4 51 -0.0136091
4 52 -0.0109968
4 53 -0.00998086
4 54 -0.00953831
4 55 -0.011366
4 56 -0.0135975
4 57 -0.0162738
4 58 -0.0179597
4 59 -0.0191627
4 60 -0.0178721
4 61 -0.0161045
4 62 -0.0133702
4 63 -0.0110999
4 64 -0.00927934
4 65 -0.00976575
4 66 -0.0108895
4 67 -0.013669
4 68 -0.0161852
4 69 -0.0186086
4 70 -0.0191123
4 71 -0.0185168
4 72 -0.0157683
4 73 -0.0126452
4 74 -0.00843525
4 75 -0.00539162
4 76 -0.00303015
4 77 -0.00166035
4 78 -0.000872072
4 79 -0.000956277
4 80 0.000185404
4 81 0.00230349
4 82 0.00533995
4 83 0.00993893
4 84 0.014848
4 85 0.0197205
4 86 0.0229864
4 87 0.0250156
4 88 0.0246905
4 89 0.0226725
4 90 0.018172
4 91 0.0136671
4 92 0.00823249
4 93 0.00306394
4 94 -0.00165728
4 95 -0.00558588
4 96 -0.00842546
4 97 -0.0113258
4 98 -0.0131255
4 99 -0.0140995
4 100 -0.013457
4 101 -0.0122428
4 102 -0.00963648
4 103 -0.00612828
4 104 -0.00162731
4 105 0.0025608
4 106 0.00544631
4 107 0.00732288
4 108 0.00716696
4 109 0.00587939
4 110 0.00227005
4 111 -0.00204343
4 112 -0.00626845
4 113 -0.00931859
4 114 -0.0101202
4 115 -0.00970755
4 116 -0.00709644
4 117 -0.00370819
4 118 0.000713533
4 119 0

5 0 0
5 1 -0.00222373
5 2 -0.00679313
5 3 -0.010445
5 4 -0.0122054
5 5 -0.0122399
5 6 -0.00946606
5 7 -0.0046562
5 8 0.00101111
5 9 0.0060524
5 10 0.00883593
5 11 0.00970226
5 12 0.00804644
5 13 0.00465117
5 14 -0.000299216
5 15 -0.0054777
5 16 -0.00951823
5 17 -0.0124919
5 18 -0.014059
5 19 -0.0149249
5 20 -0.0143008
5 21 -0.0125521
5 22 -0.00996633
5 23 -0.00682946
5 24 -0.00241001
5 25 0.00320815
5 26 0.00954332
5 27 0.0162435
5 28 0.0220726
5 29 0.0275808
5 30 0.0302636
5 31 0.0303144
5 32 0.0278449
5 33 0.0229505
5 34 0.0163653
5 35 0.00940877
5 36 0.00304966
5 37 -0.00187294
5 38 -0.00504136
5 39 -0.0072121
5 40 -0.00767407
5 41 -0.00864926
5 42 -0.0101976
5 43 -0.0126965
5 44 -0.0158734
5 45 -0.0200451
5 46 -0.0232228
5 47 -0.0254758
5 48 -0.0257912
5 49 -0.0243421
5 50 -0.0211811
5 51 -0.0174237
5 52 -0.0138271
5 53 -0.0115352
5 54 -0.0107369
5 55 -0.0117642
5 56 -0.0139445
5 57 -0.0162853
5 58 -0.0181849
5 59 -0.0189197
5 60 -0.0178779
5 61 -0.0156729
5 62 -0.0130571
5 63 -0.0106081
5 64 -0.00937605
5 65 -0.00998498
5 66 -0.0121898
5 67 -0.0157302
5 68 -0.0195756
5 69 -0.0228761
5 70 -0.0246491
5 71 -0.0247309
5 72 -0.0230862
5 73 -0.0206043
5 74 -0.0173357
5 75 -0.0151433
5 76 -0.0137814
5 77 -0.0134112
5 78 -0.0136437
5 79 -0.0143479
5 80 -0.0131793
5 81 -0.0108518
5 82 -0.00636723
5 83 -0.000155446
5 84 0.00727884
5 85 0.0147198
5 86 0.0212058
5 87 0.0256258
5 88 0.02816
5 89 0.0282453
5 90 0.0257702
5 91 0.0228292
5 92 0.0186924
5 93 0.014384
5 94 0.00984685
5 95 0.00568654
5 96 0.00150369
5 97 -0.00294468
5 98 -0.00769669
5 99 -0.0117689
5 100 -0.0147631
5 101 -0.0168819
5 102 -0.0169802
5 103 -0.0152109
5 104 -0.0108039
5 105 -0.00540374
5 106 0.000231502
5 107 0.00526107
5 108 0.00876082
5 109 0.010454
5 110 0.00898476
5 111 0.00547431
5 112 0.000430111
5 113 -0.00436092
5 114 -0.0080338
5 115 -0.0106031
5 116 -0.0111114
5 117 -0.0102033
5 118 -0.00721027
5 119 0

6 0 0
6 1 -0.00956127
6 2 -0.0127707
6 3 -0.0138012
6 4 -0.0126328
6 5 -0.00946606
6 6 -0.0040624
6 7 0.00227967
6 8 0.00841452
6 9 0.0122956
6 10 0.0131669
6 11 0.0111421
6 12 0.00643639
6 13 0.000201727
6 14 -0.00691577
6 15 -0.012833
6 16 -0.0167464
6 17 -0.0180656
6 18 -0.0175939
6 19 -0.0155274
6 20 -0.0120438
6 21 -0.00793483
6 22 -0.00323647
6 23 0.000893669
6 24 0.00615501
6 25 0.0116088
6 26 0.0174807
6 27 0.0231523
6 28 0.0279319
6 29 0.0316142
6 30 0.0324987
6 31 0.0304939
6 32 0.0255579
6 33 0.0186877
6 34 0.00964307
6 35 0.00109047
6 36 -0.00672976
6 37 -0.0123041
6 38 -0.015946
6 39 -0.0173951
6 40 -0.01742
6 41 -0.0172431
6 42 -0.0175779
6 43 -0.0186987
6 44 -0.0207588
6 45 -0.0237626
6 46 -0.025787
6 47 -0.0271087
6 48 -0.0264279
6 49 -0.0240507
6 50 -0.0197802
6 51 -0.0154647
6 52 -0.0108918
6 53 -0.00806201
6 54 -0.0066478
6 55 -0.00750815
6 56 -0.00912885
6 57 -0.0116387
6 58 -0.0131733
6 59 -0.0139685
6 60 -0.0127404
6 61 -0.0107763
6 62 -0.00784926
6 63 -0.00582499
6 64 -0.00458869
6 65 -0.00566032
6 66 -0.00819565
6 67 -0.0125418
6 68 -0.0167046
6 69 -0.0209413
6 70 -0.023387
6 71 -0.0243202
6 72 -0.0233754
6 73 -0.0219803
6 74 -0.0197324
6 75 -0.0187318
6 76 -0.0187599
6 77 -0.0198834
6 78 -0.0215123
6 79 -0.023178
6 80 -0.0232499
6 81 -0.0212002
6 82 -0.0168319
6 83 -0.010033
6 84 -0.00189709
6 85 0.00720705
6 86 0.0148731
6 87 0.0213076
6 88 0.0254849
6 89 0.0275104
6 90 0.0270798
6 91 0.0260345
6 92 0.023856
6 93 0.021419
6 94 0.0184903
6 95 0.0150289
6 96 0.0113269
6 97 0.00583204
6 98 -0.000406795
6 99 -0.00727945
6 100 -0.0134278
6 101 -0.0186816
6 102 -0.0217846
6 103 -0.0219522
6 104 -0.0186772
6 105 -0.0126959
6 106 -0.00556882
6 107 0.00207216
6 108 0.00846457
6 109 0.0130339
6 110 0.0140816
6 111 0.0119007
6 112 0.00732386
6 113 0.00157276
6 114 -0.00381761
6 115 -0.00880206
6 116 -0.0121483
6 117 -0.0138008
6 118 -0.0129834
6 119 0

7 0 0
7 1 -0.0144774
7 2 -0.0158471
7 3 -0.0142779
7 4 -0.0105867
7 5 -0.0046562
7 6 0.00227967
7 7 0.00946286
7 8 0.0149018
7 9 0.0170471
7 10 0.0156341
7 11 0.0105334
7 12 0.00342371
7 13 -0.00532418
7 14 -0.0132923
7 15 -0.019252
7 16 -0.0220188
7 17 -0.021142
7 18 -0.0184631
7 19 -0.0133013
7 20 -0.00770237
7 21 -0.00158162
7 22 0.00379181
7 23 0.00820934
7 24 0.012637
7 25 0.0167342
7 26 0.0208599
7 27 0.0242753
7 28 0.0275972
7 29 0.0288174
7 30 0.028398
7 31 0.0246217
7 32 0.0186879
7 33 0.0107026
7 34 0.00133072
7 35 -0.00749788
7 36 -0.0149999
7 37 -0.019948
7 38 -0.0228614
7 39 -0.0227046
7 40 -0.0215976
7 41 -0.0195407
7 42 -0.0185919
7 43 -0.0177437
7 44 -0.0187937
7 45 -0.0200934
7 46 -0.0213748
7 47 -0.0214566
7 48 -0.0206248
7 49 -0.0173659
7 50 -0.0130136
7 51 -0.00831007
7 52 -0.00390358
7 53 -0.000607797
7 54 0.000613585
7 55 0.000137075
7 56 -0.00147938
7 57 -0.00377318
7 58 -0.0053797
7 59 -0.00585085
7 60 -0.00495332
7 61 -0.00293154
7 62 -0.000197779
7 63 0.00182249
7 64 0.00274745
7 65 0.00190538
7 66 -0.000956356
7 67 -0.005043
7 68 -0.00937688
7 69 -0.0135322
7 70 -0.0165684
7 71 -0.0174186
7 72 -0.0173738
7 73 -0.0164369
7 74 -0.0155594
7 75 -0.0152812
7 76 -0.0170388
7 77 -0.0192317
7 78 -0.0227065
7 79 -0.0254578
7 80 -0.0274158
7 81 -0.0263019
7 82 -0.0232159
7 83 -0.0172333
7 84 -0.00981366
7 85 -0.00111683
7 86 0.00651711
7 87 0.0131468
7 88 0.0181125
7 89 0.0208331
7 90 0.0224245
7 91 0.0226951
7 92 0.0231614
7 93 0.0229531
7 94 0.0226097
7 95 0.0210077
7 96 0.01871
7 97 0.0137472
7 98 0.00694477
7 99 -0.00119755
7 100 -0.00998562
7 101 -0.0174366
7 102 -0.0236244
7 103 -0.0258591
7 104 -0.0243799
7 105 -0.0189552
7 106 -0.0110588
7 107 -0.00212751
7 108 0.00674174
7 109 0.0134284
7 110 0.0171298
7 111 0.0165837
7 112 0.013096
7 113 0.00749133
7 114 0.00108901
7 115 -0.00503186
7 116 -0.0106921
7 117 -0.0142545
7 118 -0.0156166
7 119 0

8 0 0
8 1 -0.0161146
8 2 -0.0154778
8 3 -0.0117934
8 4 -0.00621567
8 5 0.00101111
8 6 0.00841452
8 7 0.0149018
8 8 0.0188182
8 9 0.0187413
8 10 0.0149554
8 11 0.00770586
8 12 -0.00134891
8 13 -0.0108636
8 14 -0.018857
8 15 -0.0234576
8 16 -0.0240958
8 17 -0.0208994
8 18 -0.0153402
8 19 -0.00812956
8 20 -0.000770359
8 21 0.00570548
8 22 0.0105593
8 23 0.0136636
8 24 0.0159992
8 25 0.0175797
8 26 0.0187165
8 27 0.0197142
8 28 0.0204026
8 29 0.0200057
8 30 0.0182024
8 31 0.0141534
8 32 0.00839984
8 33 0.00118928
8 34 -0.0070789
8 35 -0.0142934
8 36 -0.0198427
8 37 -0.0232406
8 38 -0.023839
8 39 -0.0220189
8 40 -0.0190955
8 41 -0.0154872
8 42 -0.0124901
8 43 -0.0106071
8 44 -0.0100928
8 45 -0.0104912
8 46 -0.0108667
8 47 -0.0106582
8 48 -0.00947664
8 49 -0.0065835
8 50 -0.00260222
8 51 0.00145611
8 52 0.00545263
8 53 0.00825631
8 54 0.00907434
8 55 0.00851397
8 56 0.00699696
8 57 0.00468471
8 58 0.00311664
8 59 0.00275297
8 60 0.00339635
8 61 0.00524935
8 62 0.00786142
8 63 0.00969185
8 64 0.0105918
8 65 0.0101289
8 66 0.00770997
8 67 0.00410403
8 68 0.000456644
8 69 -0.00313438
8 70 -0.00564412
8 71 -0.00651028
8 72 -0.00645825
8 73 -0.00595771
8 74 -0.00555544
8 75 -0.00627984
8 76 -0.00856601
8 77 -0.0122475
8 78 -0.0167856
8 79 -0.0209404
8 80 -0.0242338
8 81 -0.0253418
8 82 -0.0237954
8 83 -0.020141
8 84 -0.0147591
8 85 -0.0080614
8 86 -0.00206685
8 87 0.00308676
8 88 0.0071782
8 89 0.00990568
8 90 0.0120117
8 91 0.0139191
8 92 0.0161573
8 93 0.0187629
8 94 0.0210783
8 95 0.0224094
8 96 0.0224091
8 97 0.0195818
8 98 0.0139077
8 99 0.00571051
8 100 -0.00381641
8 101 -0.0132122
8 102 -0.021275
8 103 -0.0260151
8 104 -0.0265997
8 105 -0.0226538
8 106 -0.0155027
8 107 -0.00640491
8 108 0.0030891
8 109 0.0111198
8 110 0.0164662
8 111 0.0178641
8 112 0.0160066
8 113 0.011674
8 114 0.00594194
8 115 -0.000224363
8 116 -0.00649088
8 117 -0.011504
8 118 -0.0145908
8 119 0

9 0 0
9 1 -0.0143226
9 2 -0.0121815
9 3 -0.00715366
9 4 -0.00120635
9 5 0.0060524
9 6 0.0122956
9 7 0.0170471
9 8 0.0187413
9 9 0.0163387
9 10 0.011072
9 11 0.0025171
9 12 -0.00642438
9 13 -0.0154864
9 14 -0.0217065
9 15 -0.0239696
9 16 -0.0223714
9 17 -0.0164764
9 18 -0.00939138
9 19 -0.000436597
9 20 0.00713411
9 21 0.0130161
9 22 0.0161825
9 23 0.0168252
9 24 0.0160857
9 25 0.0141173
9 26 0.0121318
9 27 0.00987245
9 28 0.00905881
9 29 0.006717
9 30 0.00488612
9 31 0.00132007
9 32 -0.00303558
9 33 -0.00811212
9 34 -0.0136351
9 35 -0.0179511
9 36 -0.0207705
9 37 -0.0211899
9 38 -0.0199248
9 39 -0.0155227
9 40 -0.0113266
9 41 -0.00600595
9 42 -0.00222048
9 43 0.00119829
9 44 0.00211568
9 45 0.00277659
9 46 0.00247808
9 47 0.00293352
9 48 0.00334331
9 49 0.00575202
9 50 0.00860184
9 51 0.0115359
9 52 0.0142424
9 53 0.0162647
9 54 0.0164155
9 55 0.0155734
9 56 0.0140183
9 57 0.0116903
9 58 0.0102439
9 59 0.00987203
9 60 0.0102965
9 61 0.0117882
9 62 0.0142188
9 63 0.0158538
9 64 0.0168893
9 65 0.0168909
9 66 0.0151866
9 67 0.0127332
9 68 0.010259
9 69 0.00777108
9 70 0.00595044
9 71 0.00598548
9 72 0.00618383
9 73 0.00693509
9 74 0.00686753
9 75 0.00627873
9 76 0.00320189
9 77 -0.000557872
9 78 -0.00601698
9 79 -0.0106745
9 80 -0.0158963
9 81 -0.0182231
9 82 -0.0193738
9 83 -0.0181592
9 84 -0.0159858
9 85 -0.0123012
9 86 -0.00944679
9 87 -0.00659669
9 88 -0.00457683
9 89 -0.00323001
9 90 -0.000967162
9 91 0.000911039
9 92 0.00500855
9 93 0.00962451
9 94 0.0150729
9 95 0.0192862
9 96 0.0226089
9 97 0.0223865
9 98 0.019192
9 99 0.0125007
9 100 0.00332518
9 101 -0.00584711
9 102 -0.0153338
9 103 -0.0214028
9 104 -0.0245335
9 105 -0.0227797
9 106 -0.0176465
9 107 -0.0102243
9 108 -0.00148314
9 109 0.00609859
9 110 0.0124142
9 111 0.0149924
9 112 0.0151535
9 113 0.0127006
9 114 0.0086742
9 115 0.00412139
9 116 -0.0016052
9 117 -0.00637709
9 118 -0.0104885
9 119 0

10 0 0
10 1 -0.0103952
10 2 -0.00728582
10 3 -0.00236732
10 4 0.0030755
10 5 0.00883593
10 6 0.0131669
10 7 0.0156341
10 8 0.0149554
10 9 0.011072
10 10 0.00483028
10 11 -0.00331238
10 12 -0.0113732
10 13 -0.0183877
10 14 -0.0220261
10 15 -0.0215161
10 16 -0.0169782
10 17 -0.0094574
10 18 -0.000661533
10 19 0.00820419
10 20 0.0151243
10 21 0.0190498
10 22 0.019332
10 23 0.0171517
10 24 0.0128346
10 25 0.00781433
10 26 0.002561
10 27 -0.00162748
10 28 -0.00442142
10 29 -0.00694824
10 30 -0.00855297
10 31 -0.0104075
10 32 -0.0121426
10 33 -0.0143522
10 34 -0.0162166
10 35 -0.0172008
10 36 -0.0165019
10 37 -0.0147261
10 38 -0.0107349
10 39 -0.00539127
10 40 4.05258e-05
10 41 0.00564115
10 42 0.0102518
10 43 0.0133453
10 44 0.0147633
10 45 0.0152952
10 46 0.0148939
10 47 0.0147386
10 48 0.0144894
10 49 0.0155196
10 50 0.0167386
10 51 0.0181971
10 52 0.0193718
10 53 0.0202758
10 54 0.0194301
10 55 0.0184449
10 56 0.016687
10 57 0.0146801
10 58 0.0131117
10 59 0.012974
10 60 0.0129036
10 61 0.0142735
10 62 0.0161102
10 63 0.0177279
10 64 0.0186301
10 65 0.0194473
10 66 0.0186
10 67 0.0175649
10 68 0.0163542
10 69 0.015494
10 70 0.0149396
10 71 0.0157952
10 72 0.0166548
10 73 0.0178883
10 74 0.0182246
10 75 0.0177635
10 76 0.0155472
10 77 0.0118175
10 78 0.00685266
10 79 0.00193645
10 80 -0.00332292
10 81 -0.00748162
10 82 -0.0100012
10 83 -0.0117774
10 84 -0.0124648
10 85 -0.0125682
10 86 -0.0127325
10 87 -0.0134641
10 88 -0.0140647
10 89 -0.0146584
10 90 -0.0137566
10 91 -0.011952
10 92 -0.00768147
10 93 -0.00149869
10 94 0.00568115
10 95 0.0128572
10 96 0.0187348
10 97 0.0222719
10 98 0.02207
10 99 0.0181465
10 100 0.0110483
10 101 0.00259535
10 102 -0.00647123
10 103 -0.0139374
10 104 -0.0187807
10 105 -0.0197752
10 106 -0.0172566
10 107 -0.0125455
10 108 -0.00618014
10 109 -8.91756e-05
10 110 0.00546842
10 111 0.00890872
10 112 0.0104189
10 113 0.01037
10 114 0.00885967
10 115 0.00675313
10 116 0.00324328
10 117 -0.000584727
10 118 -0.00448227
10 119 0

11 0 0
11 1 -0.00444969
11 2 -0.00118506
11 3 0.00298562
11 4 0.00650654
11 5 0.00970226
11 6 0.0111421
11 7 0.0105334
11 8 0.00770586
11 9 0.0025171
11 10 -0.00331238
11 11 -0.0099558
11 12 -0.0154704
11 13 -0.0191657
11 14 -0.0195465
11 15 -0.0157137
11 16 -0.00918178
11 17 -0.000312698
11 18 0.00850548
11 19 0.0164954
11 20 0.021703
11 21 0.0228853
11 22 0.0203844
11 23 0.0150111
11 24 0.00787796
11 25 3.02017e-05
11 26 -0.0071499
11 27 -0.0128386
11 28 -0.015996
11 29 -0.0182499
11 30 -0.0186421
11 31 -0.0181125
11 32 -0.0171878
11 33 -0.0159034
11 34 -0.0143601
11 35 -0.0119005
11 36 -0.00864246
11 37 -0.00455444
11 38 0.000426255
11 39 0.00643642
11 40 0.0115648
11 41 0.0166554
11 42 0.0205206
11 43 0.0230417
11 44 0.0238623
11 45 0.0239294
11 46 0.0229658
11 47 0.0219554
11 48 0.0207555
11 49 0.0202547
11 50 0.0199114
11 51 0.019555
11 52 0.0192756
11 53 0.0187803
11 54 0.0174179
11 55 0.0160073
11 56 0.0145037
11 57 0.0126179
11 58 0.011473
11 59 0.0111561
11 60 0.0110573
11 61 0.0117896
11 62 0.0132943
11 63 0.0144284
11 64 0.0155375
11 65 0.0166249
11 66 0.0169571
11 67 0.0171239
11 68 0.0175302
11 69 0.0180046
11 70 0.0188499
11 71 0.0205051
11 72 0.0222195
11 73 0.0240126
11 74 0.0250209
11 75 0.0253797
11 76 0.0242153
11 77 0.0217345
11 78 0.018051
11 79 0.014218
11 80 0.00928732
11 81 0.00509184
11 82 0.00129332
11 83 -0.00213718
11 84 -0.00549496
11 85 -0.00845924
11 86 -0.0119466
11 87 -0.0154567
11 88 -0.0191273
11 89 -0.0218764
11 90 -0.0227908
11 91 -0.0222537
11 92 -0.0185136
11 93 -0.0122329
11 94 -0.00403074
11 95 0.00466471
11 96 0.0129684
11 97 0.0191876
11 98 0.0225066
11 99 0.0215967
11 100 0.0175188
11 101 0.0112644
11 102 0.00343153
11 103 -0.0039097
11 104 -0.0103537
11 105 -0.013697
11 106 -0.0146496
11 107 -0.0134518
11 108 -0.0107065
11 109 -0.00742963
11 110 -0.0034311
11 111 -0.000174416
11 112 0.00276024
11 113 0.00495822
11 114 0.00667698
11 115 0.00780075
11 116 0.00736793
11 117 0.00570888
11 118 0.00258956
11 119 0

12 0 0
12 1 0.00180578
12 2 0.00470573
12 3 0.00680122
12 4 0.00800382
12 5 0.00804644
12 6 0.00643639
12 7 0.00342371
12 8 -0.00134891
12 9 -0.00642438
12 10 -0.0113732
12 11 -0.0154704
12 12 -0.0178291
12 13 -0.0181937
12 14 -0.014952
12 15 -0.00887103
12 16 -0.000528875
12 17 0.00827239
12 18 0.01644
12 19 0.0226024
12 20 0.0253905
12 21 0.0241144
12 22 0.018796
12 23 0.011677
12 24 0.00245268
12 25 -0.00630747
12 26 -0.0143337
12 27 -0.0199305
12 28 -0.0227074
12 29 -0.0238398
12 30 -0.0226348
12 31 -0.0200385
12 32 -0.0163462
12 33 -0.0127508
12 34 -0.00807589
12 35 -0.00371691
12 36 0.00135231
12 37 0.00591219
12 38 0.0110049
12 39 0.0157209
12 40 0.0196788
12 41 0.0229079
12 42 0.0251288
12 43 0.0261237
12 44 0.0258697
12 45 0.0252124
12 46 0.0234405
12 47 0.0218407
12 48 0.0195844
12 49 0.0179928
12 50 0.0159728
12 51 0.0145082
12 52 0.0125977
12 53 0.0113759
12 54 0.00936256
12 55 0.0082759
12 56 0.0067672
12 57 0.00578352
12 58 0.0047183
12 59 0.0047833
12 60 0.00421201
12 61 0.0047725
12 62 0.00526212
12 63 0.00628595
12 64 0.00691326
12 65 0.0084972
12 66 0.00933734
12 67 0.0109372
12 68 0.0121692
12 69 0.0140922
12 70 0.0157
12 71 0.0181922
12 72 0.0201695
12 73 0.022628
12 74 0.0241154
12 75 0.0255741
12 76 0.025876
12 77 0.0253289
12 78 0.0237345
12 79 0.0216869
12 80 0.0186225
12 81 0.0152316
12 82 0.0118361
12 83 0.00765674
12 84 0.00339772
12 85 -0.00178591
12 86 -0.00677215
12 87 -0.0126614
12 88 -0.0181296
12 89 -0.0229196
12 90 -0.0254787
12 91 -0.0266497
12 92 -0.0242837
12 93 -0.0190197
12 94 -0.011536
12 95 -0.00242318
12 96 0.00634758
12 97 0.0147315
12 98 0.0202752
12 99 0.0226456
12 100 0.0214895
12 101 0.0180289
12 102 0.0122864
12 103 0.0055649
12 104 -0.00115915
12 105 -0.00674921
12 106 -0.0102344
12 107 -0.0128167
12 108 -0.0136981
12 109 -0.0137167
12 110 -0.0122375
12 111 -0.00964683
12 112 -0.00646327
12 113 -0.00223682
12 114 0.00216398
12 115 0.006664
12 116 0.00971831
12 117 0.0106887
12 118 0.00937898
12 119 0

13 0 0
13 1 0.00802942
13 2 0.00983666
13 3 0.00976008
13 4 0.00800553
13 5 0.00465117
13 6 0.000201727
13 7 -0.00532418
13 8 -0.0108636
13 9 -0.0154864
13 10 -0.0183877
13 11 -0.0191657
13 12 -0.0181937
13 13 -0.0145883
13 14 -0.00877664
13 15 -0.000687677
13 16 0.00802015
13 17 0.0158109
13 18 0.0224092
13 19 0.0258256
13 20 0.0262136
13 21 0.0222545
13 22 0.0153563
13 23 0.00694447
13 24 -0.00234162
13 25 -0.0109218
13 26 -0.0180686
13 27 -0.0223063
13 28 -0.0242182
13 29 -0.0234786
13 30 -0.0210879
13 31 -0.0164344
13 32 -0.0112367
13 33 -0.005668
13 34 0.000126088
13 35 0.00558236
13 36 0.0106702
13 37 0.0146127
13 38 0.0183923
13 39 0.0207894
13 40 0.0223422
13 41 0.0227421
13 42 0.0230339
13 43 0.0217856
13 44 0.0206495
13 45 0.0189209
13 46 0.0169689
13 47 0.0145742
13 48 0.0124258
13 49 0.00966588
13 50 0.00694765
13 51 0.00430208
13 52 0.00193225
13 53 -0.00019368
13 54 -0.00188097
13 55 -0.00289492
13 56 -0.00350947
13 57 -0.00389621
13 58 -0.00414557
13 59 -0.00420955
13 60 -0.00459874
13 61 -0.00479774
13 62 -0.00488591
13 63 -0.00472832
13 64 -0.00421806
13 65 -0.00299285
13 66 -0.00138269
13 67 0.000553475
13 68 0.00272497
13 69 0.00511246
13 70 0.00754018
13 71 0.00957972
13 72 0.0119285
13 73 0.0141445
13 74 0.0162798
13 75 0.0181975
13 76 0.0204403
13 77 0.0215186
13 78 0.0227239
13 79 0.0230383
13 80 0.0226747
13 81 0.0209277
13 82 0.0189999
13 83 0.0155261
13 84 0.0113888
13 85 0.00606847
13 86 0.000399172
13 87 -0.00605591
13 88 -0.0126724
13 89 -0.018143
13 90 -0.0224987
13 91 -0.0247786
13 92 -0.0247421
13 93 -0.0213846
13 94 -0.0158545
13 95 -0.00812345
13 96 9.31199e-05
13 97 0.0088802
13 98 0.0161392
13 99 0.0206923
13 100 0.0228665
13 101 0.0220243
13 102 0.0193423
13 103 0.0141846
13 104 0.00796408
13 105 0.00154835
13 106 -0.00448561
13 107 -0.00998114
13 108 -0.0149596
13 109 -0.0184326
13 110 -0.0199988
13 111 -0.018957
13 112 -0.0158083
13 113 -0.0104477
13 114 -0.00342267
13 115 0.00401037
13 116 0.010626
13 117 0.0144103
13 118 0.015057
13 119 0

14 0 0
14 1 0.0126704
14 2 0.0129261
14 3 0.0101963
14 4 0.00569158
14 5 -0.000299216
14 6 -0.00691577
14 7 -0.0132923
14 8 -0.018857
14 9 -0.0217065
14 10 -0.0220261
14 11 -0.0195465
14 12 -0.014952
14 13 -0.00877664
14 14 -0.000752436
14 15 0.00747731
14 16 0.0152406
14 17 0.0208187
14 18 0.0243709
14 19 0.0249986
14 20 0.0225403
14 21 0.0172132
14 22 0.00953024
14 23 0.00196917
14 24 -0.00622879
14 25 -0.0127872
14 26 -0.0176971
14 27 -0.0201012
14 28 -0.0199018
14 29 -0.0180045
14 30 -0.0142659
14 31 -0.00907131
14 32 -0.00317283
14 33 0.0022739
14 34 0.00848096
14 35 0.0130864
14 36 0.0170342
14 37 0.0193459
14 38 0.0204761
14 39 0.020009
14 40 0.0186074
14 41 0.0163001
14 42 0.0137782
14 43 0.0112372
14 44 0.00884189
14 45 0.00713049
14 46 0.00499605
14 47 0.00326546
14 48 0.000972337
14 49 -0.00148823
14 50 -0.00466611
14 51 -0.00717025
14 52 -0.0102
14 53 -0.0120728
14 54 -0.0134496
14 55 -0.013489
14 56 -0.0135278
14 57 -0.0125838
14 58 -0.0123355
14 59 -0.0119484
14 60 -0.0125899
14 61 -0.0131047
14 62 -0.0143371
14 63 -0.0146194
14 64 -0.0149423
14 65 -0.01397
14 66 -0.0125557
14 67 -0.0100158
14 68 -0.00805614
14 69 -0.00541234
14 70 -0.00352225
14 71 -0.00170813
14 72 -0.000450968
14 73 0.00142312
14 74 0.0029425
14 75 0.00550644
14 76 0.00835115
14 77 0.0116729
14 78 0.0149516
14 79 0.0178816
14 80 0.0200077
14 81 0.0210053
14 82 0.0207933
14 83 0.0191236
14 84 0.0164903
14 85 0.0119568
14 86 0.00755314
14 87 0.00186103
14 88 -0.00397319
14 89 -0.00955304
14 90 -0.0140491
14 91 -0.0179731
14 92 -0.0195328
14 93 -0.0190487
14 94 -0.0162864
14 95 -0.0112395
14 96 -0.00534036
14 97 0.00236566
14 98 0.00950128
14 99 0.0157477
14 100 0.0200164
14 101 0.0225348
14 102 0.022698
14 103 0.0202722
14 104 0.0157015
14 105 0.0093729
14 106 0.00263192
14 107 -0.00521139
14 108 -0.0127862
14 109 -0.0195508
14 110 -0.0240003
14 111 -0.0251073
14 112 -0.0231891
14 113 -0.0177355
14 114 -0.00980759
14 115 -0.000260835
14 116 0.00884989
14 117 0.0154307
14 118 0.0183665
14 119 0

15 0 0
15 1 0.0150859
15 2 0.013742
15 3 0.0088298
15 4 0.00236346
15 5 -0.0054777
15 6 -0.012833
15 7 -0.019252
15 8 -0.0234576
15 9 -0.0239696
15 10 -0.0215161
15 11 -0.0157137
15 12 -0.00887103
15 13 -0.000687677
15 14 0.00747731
15 15 0.0145697
15 16 0.0200481
15 17 0.0221386
15 18 0.0225876
15 19 0.0198171
15 20 0.0152821
15 21 0.00886968
15 22 0.00192434
15 23 -0.00400562
15 24 -0.00920651
15 25 -0.0125164
15 26 -0.0142347
15 27 -0.0134961
15 28 -0.0119397
15 29 -0.00843005
15 30 -0.00467228
15 31 0.000476332
15 32 0.00546129
15 33 0.010177
15 34 0.0147727
15 35 0.0178527
15 36 0.0197249
15 37 0.0194319
15 38 0.0180021
15 39 0.0142066
15 40 0.0100352
15 41 0.00480553
15 42 0.000783792
15 43 -0.0034883
15 44 -0.005833
15 45 -0.00756207
15 46 -0.0085556
15 47 -0.0097762
15 48 -0.0105483
15 49 -0.0127507
15 50 -0.0152738
15 51 -0.0177392
15 52 -0.020126
15 53 -0.0219048
15 54 -0.022226
15 55 -0.0215944
15 56 -0.0203424
15 57 -0.0184307
15 58 -0.0172024
15 59 -0.016769
15 60 -0.0171812
15 61 -0.0183906
15 62 -0.0203434
15 63 -0.0216424
15 64 -0.0224401
15 65 -0.0222913
15 66 -0.0208582
15 67 -0.0188153
15 68 -0.0169081
15 69 -0.0149171
15 70 -0.0134739
15 71 -0.0133847
15 72 -0.013041
15 73 -0.0127652
15 74 -0.0118525
15 75 -0.0100532
15 76 -0.00626528
15 77 -0.00234016
15 78 0.0030545
15 79 0.00784763
15 80 0.0127093
15 81 0.0156091
15 82 0.0178954
15 83 0.0181755
15 84 0.017662
15 85 0.0153383
15 86 0.012983
15 87 0.00949505
15 88 0.00547002
15 89 0.00151533
15 90 -0.00295754
15 91 -0.00683628
15 92 -0.0107232
15 93 -0.0129041
15 94 -0.0138753
15 95 -0.0125173
15 96 -0.00996862
15 97 -0.00468429
15 98 0.00131707
15 99 0.00778091
15 100 0.0138787
15 101 0.0184945
15 102 0.0221884
15 103 0.0225535
15 104 0.0208665
15 105 0.0162333
15 106 0.00988044
15 107 0.00171233
15 108 -0.00776957
15 109 -0.0165641
15 110 -0.0237911
15 111 -0.0271286
15 112 -0.0269716
15 113 -0.0225583
15 114 -0.0146602
15 115 -0.00461499
15 116 0.00602678
15 117 0.0142094
15 118 0.0189657
15 119 0

16 0 0
16 1 0.015587
16 2 0.0126081
16 3 0.00650251
16 4 -0.00143819
16 5 -0.00951823
16 6 -0.0167464
16 7 -0.0220188
16 8 -0.0240958
16 9 -0.0223714
16 10 -0.0169782
16 11 -0.00918178
16 12 -0.000528875
16 13 0.00802015
16 14 0.0152406
16 15 0.0200481
16 16 0.021816
16 17 0.020288
16 18 0.0166508
16 19 0.0112087
16 20 0.00478018
16 21 -0.00136627
16 22 -0.00655751
16 23 -0.00951194
16 24 -0.0107791
16 25 -0.0103544
16 26 -0.00806445
16 27 -0.00498448
16 28 -0.00144917
16 29 0.00223907
16 30 0.00574033
16 31 0.00940011
16 32 0.0125839
16 33 0.015224
16 34 0.0176618
16 35 0.0185559
16 36 0.0178198
16 37 0.0155348
16 38 0.0111952
16 39 0.00524644
16 40 -0.00139445
16 41 -0.00809115
16 42 -0.01371
16 43 -0.0179041
16 44 -0.0201173
16 45 -0.0205174
16 46 -0.0202838
16 47 -0.0196965
16 48 -0.0191841
16 49 -0.0200602
16 50 -0.0217827
16 51 -0.023451
16 52 -0.0253819
16 53 -0.026519
16 54 -0.0258971
16 55 -0.0242968
16 56 -0.0219938
16 57 -0.0190218
16 58 -0.0169809
16 59 -0.0163271
16 60 -0.0166718
16 61 -0.018419
16 62 -0.0211323
16 63 -0.0232242
16 64 -0.0246864
16 65 -0.0252534
16 66 -0.0241752
16 67 -0.0224232
16 68 -0.0210863
16 69 -0.0198445
16 70 -0.0196258
16 71 -0.0209509
16 72 -0.0225174
16 73 -0.0238469
16 74 -0.024642
16 75 -0.0236381
16 76 -0.020614
16 77 -0.0160079
16 78 -0.0100835
16 79 -0.00384609
16 80 0.00215409
16 81 0.00709428
16 82 0.0105698
16 83 0.0130871
16 84 0.0145063
16 85 0.0147725
16 86 0.0150404
16 87 0.0146862
16 88 0.0134983
16 89 0.0117712
16 90 0.00890764
16 91 0.00501139
16 92 0.00033708
16 93 -0.00474399
16 94 -0.00886156
16 95 -0.0118274
16 96 -0.0130447
16 97 -0.0114216
16 98 -0.00763115
16 99 -0.00190008
16 100 0.0047074
16 101 0.0114339
16 102 0.0175945
16 103 0.0215586
16 104 0.022726
16 105 0.0209424
16 106 0.0162298
16 107 0.00896605
16 108 -0.000421801
16 109 -0.0104212
16 110 -0.0189416
16 111 -0.0246597
16 112 -0.0263308
16 113 -0.0239585
16 114 -0.0176365
16 115 -0.00823073
16 116 0.00205359
16 117 0.0113151
16 118 0.0170694
16 119 0

17 0 0
17 1 0.0137678
17 2 0.00977157
17 3 0.00266238
17 4 -0.00497507
17 5 -0.0124919
17 6 -0.0180656
17 7 -0.021142
17 8 -0.0208994
17 9 -0.0164764
17 10 -0.0094574
17 11 -0.000312698
17 12 0.00827239
17 13 0.0158109
17 14 0.0208187
17 15 0.0221386
17 16 0.020288
17 17 0.0147675
17 18 0.00820636
17 19 0.000488391
17 20 -0.00645241
17 21 -0.011577
17 22 -0.0141115
17 23 -0.0133866
17 24 -0.010631
17 25 -0.00598334
17 26 -0.000564499
17 27 0.00497938
17 28 0.00895624
17 29 0.0124241
17 30 0.0142423
17 31 0.0155967
17 32 0.0160664
17 33 0.0160214
17 34 0.0159828
17 35 0.0145585
17 36 0.0119708
17 37 0.00771957
17 38 0.0020346
17 39 -0.00560913
17 40 -0.0130122
17 41 -0.0204405
17 42 -0.0258409
17 43 -0.0296767
17 44 -0.0304273
17 45 -0.0293076
17 46 -0.0269144
17 47 -0.0244858
17 48 -0.0220597
17 49 -0.0216156
17 50 -0.0221896
17 51 -0.0231146
17 52 -0.0243712
17 53 -0.0249036
17 54 -0.0234808
17 55 -0.0210312
17 56 -0.0178483
17 57 -0.0139541
17 58 -0.0113127
17 59 -0.0103775
17 60 -0.0107841
17 61 -0.0128993
17 62 -0.0163106
17 63 -0.0190207
17 64 -0.0210915
17 65 -0.0221629
17 66 -0.0214347
17 67 -0.020039
17 68 -0.019202
17 69 -0.0188103
17 70 -0.0197338
17 71 -0.022767
17 72 -0.0261446
17 73 -0.0296211
17 74 -0.0321503
17 75 -0.0328944
17 76 -0.0307654
17 77 -0.0270289
17 78 -0.021242
17 79 -0.0152332
17 80 -0.00862576
17 81 -0.0035003
17 82 0.000900481
17 83 0.00426324
17 84 0.00738987
17 85 0.00968684
17 86 0.0128363
17 87 0.0156428
17 88 0.0179382
17 89 0.0192825
17 90 0.0185784
17 91 0.0161881
17 92 0.0110802
17 93 0.00460089
17 94 -0.00254266
17 95 -0.00887924
17 96 -0.0141501
17 97 -0.0160921
17 98 -0.0153215
17 99 -0.0112947
17 100 -0.00517334
17 101 0.00202774
17 102 0.0101398
17 103 0.0164747
17 104 0.0210748
17 105 0.0222032
17 106 0.0205031
17 107 0.0155644
17 108 0.00763074
17 109 -0.00160462
17 110 -0.0109378
17 111 -0.0178176
17 112 -0.0218143
17 113 -0.0218377
17 114 -0.0180543
17 115 -0.0110355
17 116 -0.00196001
17 117 0.00659367
17 118 0.0130602
17 119 0

18 0 0
18 1 0.0108749
18 2 0.00569875
18 3 -0.00101654
18 4 -0.00836359
18 5 -0.014059
18 6 -0.0175939
18 7 -0.0184631
18 8 -0.0153402
18 9 -0.00939138
18 10 -0.000661533
18 11 0.00850548
18 12 0.01644
18 13 0.0224092
18 14 0.0243709
18 15 0.0225876
18 16 0.0166508
18 17 0.00820636
18 18 -0.00113516
18 19 -0.00990937
18 20 -0.0168584
18 21 -0.0204419
18 22 -0.0198495
18 23 -0.0161119
18 24 -0.0091744
18 25 -0.00169662
18 26 0.00655219
18 27 0.0130476
18 28 0.0169785
18 29 0.0189637
18 30 0.0186837
18 31 0.0173172
18 32 0.0148123
18 33 0.0127413
18 34 0.0101745
18 35 0.00768855
18 36 0.00375264
18 37 -0.000620905
18 38 -0.00683807
18 39 -0.0139098
18 40 -0.021309
18 41 -0.0277951
18 42 -0.0322851
18 43 -0.0344886
18 44 -0.0335274
18 45 -0.0303651
18 46 -0.0258498
18 47 -0.0216498
18 48 -0.0174094
18 49 -0.0157974
18 50 -0.0153305
18 51 -0.0160435
18 52 -0.0165675
18 53 -0.0170141
18 54 -0.01491
18 55 -0.0123137
18 56 -0.00819066
18 57 -0.00410946
18 58 -0.000722175
18 59 5.19516e-06
18 60 -0.000108703
18 61 -0.00288365
18 62 -0.0063637
18 63 -0.00989505
18 64 -0.0119289
18 65 -0.0135062
18 66 -0.0125923
18 67 -0.0116895
18 68 -0.0107015
18 69 -0.0110653
18 70 -0.0127303
18 71 -0.0173016
18 72 -0.0220315
18 73 -0.027459
18 74 -0.0317341
18 75 -0.03425
18 76 -0.0337209
18 77 -0.0313076
18 78 -0.026819
18 79 -0.0216354
18 80 -0.0163833
18 81 -0.0118726
18 82 -0.00844262
18 83 -0.00493436
18 84 -0.00184629
18 85 0.00215238
18 86 0.00665044
18 87 0.0124362
18 88 0.0175894
18 89 0.0221102
18 90 0.0239623
18 91 0.0235615
18 92 0.0191852
18 93 0.0119484
18 94 0.00350319
18 95 -0.00585503
18 96 -0.0136459
18 97 -0.0192866
18 98 -0.021048
18 99 -0.0193061
18 100 -0.0142606
18 101 -0.00720599
18 102 0.00166893
18 103 0.0102356
18 104 0.0171096
18 105 0.021743
18 106 0.0226275
18 107 0.0208832
18 108 0.0152352
18 109 0.00732813
18 110 -0.00127304
18 111 -0.00942905
18 112 -0.0148149
18 113 -0.0177721
18 114 -0.0170007
18 115 -0.0128552
18 116 -0.00640603
18 117 0.00131465
18 118 0.00753205
18 119 0

19 0 0
19 1 0.00611305
19 2 0.000390638
19 3 -0.00617873
19 4 -0.0115495
19 5 -0.0149249
19 6 -0.0155274
19 7 -0.0133013
19 8 -0.00812956
19 9 -0.000436597
19 10 0.00820419
19 11 0.0164954
19 12 0.0226024
19 13 0.0258256
19 14 0.0249986
19 15 0.0198171
19 16 0.0112087
19 17 0.000488391
19 18 -0.00990937
19 19 -0.0189479
19 20 -0.024831
19 21 -0.0262341
19 22 -0.0229545
19 23 -0.0158194
19 24 -0.00647557
19 25 0.0034347
19 26 0.0125042
19 27 0.0189241
19 28 0.0215002
19 29 0.0213898
19 30 0.0184762
19 31 0.014153
19 32 0.00936416
19 33 0.00499964
19 34 0.00168304
19 35 -0.00136725
19 36 -0.00466964
19 37 -0.00826589
19 38 -0.0128853
19 39 -0.018744
19 40 -0.0240987
19 41 -0.0286982
19 42 -0.0313954
19 43 -0.0315473
19 44 -0.0285496
19 45 -0.0234482
19 46 -0.0171912
19 47 -0.0111576
19 48 -0.00609312
19 49 -0.00348711
19 50 -0.00274443
19 51 -0.00306232
19 52 -0.00393859
19 53 -0.00418855
19 54 -0.00244751
19 55 0.000534959
19 56 0.00447787
19 57 0.00895137
19 58 0.0121524
19 59 0.0132567
19 60 0.0126863
19 61 0.0100303
19 62 0.00610882
19 63 0.00274632
19 64 0.000348552
19 65 -0.000777174
19 66 7.00909e-05
19 67 0.00155125
19 68 0.00240551
19 69 0.00215043
19 70 -0.000118695
19 71 -0.00498532
19 72 -0.0110774
19 73 -0.0176417
19 74 -0.0234082
19 75 -0.027413
19 76 -0.0286723
19 77 -0.0277475
19 78 -0.0252506
19 79 -0.0222413
19 80 -0.0188104
19 81 -0.0165719
19 82 -0.0150202
19 83 -0.0132959
19 84 -0.0110023
19 85 -0.00757478
19 86 -0.00194102
19 87 0.0051328
19 88 0.0128308
19 89 0.0198137
19 90 0.0244592
19 91 0.0262927
19 92 0.0236894
19 93 0.0172906
19 94 0.00840765
19 95 -0.00171434
19 96 -0.0116869
19 97 -0.0194033
19 98 -0.0237958
19 99 -0.0240992
19 100 -0.0209282
19 101 -0.0150131
19 102 -0.00658499
19 103 0.0024506
19 104 0.011091
19 105 0.0177475
19 106 0.0219707
19 107 0.023292
19 108 0.0210806
19 109 0.0158995
19 110 0.00852787
19 111 0.000787284
19 112 -0.00632558
19 113 -0.011718
19 114 -0.0145459
19 115 -0.0143039
19 116 -0.010796
19 117 -0.00530591
19 118 0.000783457
19 119 0

20 0 0
20 1 0.000894127
20 2 -0.00507617
20 3 -0.0103331
20 4 -0.0135984
20 5 -0.0143008
20 6 -0.0120438
20 7 -0.00770237
20 8 -0.000770359
20 9 0.00713411
20 10 0.0151243
20 11 0.021703
20 12 0.0253905
20 13 0.0262136
20 14 0.0225403
20 15 0.0152821
20 16 0.00478018
20 17 -0.00645241
20 18 -0.0168584
20 19 -0.024831
20 20 -0.0289519
20 21 -0.0284447
20 22 -0.0224475
20 23 -0.0138311
20 24 -0.00258367
20 25 0.00777827
20 26 0.016722
20 27 0.0220002
20 28 0.0225275
20 29 0.0199095
20 30 0.0143322
20 31 0.00773166
20 32 0.000866313
20 33 -0.00383703
20 34 -0.00768541
20 35 -0.00945256
20 36 -0.0113132
20 37 -0.0125286
20 38 -0.0148964
20 39 -0.0178169
20 40 -0.0208685
20 41 -0.0231023
20 42 -0.0235624
20 43 -0.0217756
20 44 -0.0170876
20 45 -0.0108046
20 46 -0.00319649
20 47 0.0032451
20 48 0.00891783
20 49 0.0114399
20 50 0.0122753
20 51 0.0109981
20 52 0.0100393
20 53 0.00896324
20 54 0.0104438
20 55 0.0125768
20 56 0.0166266
20 57 0.0203965
20 58 0.0237973
20 59 0.0244185
20 60 0.0241023
20 61 0.021026
20 62 0.0176107
20 63 0.0139687
20 64 0.0122991
20 65 0.0113522
20 66 0.0130317
20 67 0.0146507
20 68 0.0166517
20 69 0.0165366
20 70 0.0147622
20 71 0.00971478
20 72 0.003855
20 73 -0.0034696
20 74 -0.0096068
20 75 -0.0146524
20 76 -0.0170165
20 77 -0.0178066
20 78 -0.0170496
20 79 -0.0161854
20 80 -0.0155397
20 81 -0.0159662
20 82 -0.0173092
20 83 -0.0180674
20 84 -0.0182302
20 85 -0.0157333
20 86 -0.0112915
20 87 -0.00353562
20 88 0.00511691
20 89 0.0140684
20 90 0.0207225
20 91 0.025076
20 92 0.0242636
20 93 0.0195804
20 94 0.0118051
20 95 0.00176945
20 96 -0.00801956
20 97 -0.0172001
20 98 -0.0228022
20 99 -0.025271
20 100 -0.0240231
20 101 -0.0201383
20 102 -0.0131909
20 103 -0.00477533
20 104 0.00401986
20 105 0.0121516
20 106 0.0182343
20 107 0.0227374
20 108 0.0235763
20 109 0.0216023
20 110 0.0164987
20 111 0.00968256
20 112 0.00235991
20 113 -0.00510654
20 114 -0.0107961
20 115 -0.0143619
20 116 -0.014256
20 117 -0.01122
20 118 -0.00615562
20 119 0

21 0 0
