0 0 0
0 1 0
0 2 0
0 3 0
0 4 0
0 5 0
0 6 0
0 7 0
0 8 0
0 9 0
0 10 0
0 11 0
0 12 0
0 13 0
0 14 0
0 15 0
0 16 0
0 17 0
0 18 0
0 19 0
0 20 0
0 21 0
0 22 0
0 23 0
0 24 0
0 25 0
0 26 0
0 27 0
0 28 0
0 29 0
0 30 0
0 31 0
0 32 0
0 33 0
0 34 0
0 35 0
0 36 0
0 37 0
0 38 0
0 39 0
0 40 0
0 41 0
0 42 0
0 43 0
0 44 0
0 45 0
0 46 0
0 47 0
0 48 0
0 49 0
0 50 0
0 51 0
0 52 0
0 53 0
0 54 0
0 55 0
0 56 0
0 57 0
0 58 0
0 59 0
0 60 0
0 61 0
0 62 0
0 63 0
0 64 0
0 65 0
0 66 0
0 67 0
0 68 0
0 69 0
0 70 0
0 71 0
0 72 0
0 73 0
0 74 0
0 75 0
0 76 0
0 77 0
0 78 0
0 79 0
0 80 0
0 81 0
0 82 0
0 83 0
0 84 0
0 85 0
0 86 0
0 87 0
0 88 0
0 89 0
0 90 0
0 91 0
0 92 0
0 93 0
0 94 0
0 95 0
0 96 0
0 97 0
0 98 0
0 99 0
0 100 0
0 101 0
0 102 0
0 103 0
0 104 0
0 105 0
0 106 0
0 107 0
0 108 0
0 109 0
0 110 0
0 111 0
0 112 0
0 113 0
0 114 0
0 115 0
0 116 0
0 117 0
0 118 0
0 119 0

1 0 0
1 1 3.44737e-11
1 2 2.69434e-10
1 3 1.86835e-09
1 4 1.14809e-08
1 5 6.27267e-08
1 6 3.05514e-07
1 7 1.32917e-06
1 8 5.17291e-06
1 9 1.8027e-05
1 10 5.62864e-05
1 11 0.000157502
1 12 0.000394962
1 13 0.000887333
1 14 0.001785
1 15 0.00321222
1 16 0.00516295
1 17 0.00738915
1 18 0.00935791
1 19 0.0103433
1 20 0.00964898
1 21 0.00687422
1 22 0.00210119
1 23 -0.00407812
1 24 -0.0107033
1 25 -0.0166937
1 26 -0.0211096
1 27 -0.0233431
1 28 -0.0231981
1 29 -0.0208597
1 30 -0.0167886
1 31 -0.0115844
1 32 -0.00585872
1 33 -0.000142783
1 34 0.00516241
1 35 0.00979765
1 36 0.0136304
1 37 0.0166259
1 38 0.018815
1 39 0.0202665
1 40 0.021066
1 41 0.0213032
1 42 0.021064
1 43 0.0204287
1 44 0.0194714
1 45 0.0182604
1 46 0.0168595
1 47 0.015328
1 48 0.0137206
1 49 0.0120875
1 50 0.0104737
1 51 0.00891861
1 52 0.00745597
1 53 0.00611372
1 54 0.00491446
1 55 0.00387581
1 56 0.00301111
1 57 0.00233004
1 58 0.00183932
1 59 0.00154329
1 60 0.00144436
1 61 0.00154329
1 62 0.00183932
1 63 0.00233004
1 64 0.00301111
1 65 0.00387581
1 66 0.00491446
1 67 0.00611372
1 68 0.00745597
1 69 0.00891861
1 70 0.0104737
1 71 0.0120875
1 72 0.0137206
1 73 0.015328
1 74 0.0168595
1 75 0.0182604
1 76 0.0194714
1 77 0.0204287
1 78 0.021064
1 79 0.0213032
1 80 0.021066
1 81 0.0202665
1 82 0.018815
1 83 0.0166259
1 84 0.0136304
1 85 0.00979765
1 86 0.00516241
1 87 -0.000142783
1 88 -0.00585872
1 89 -0.0115844
1 90 -0.0167886
1 91 -0.0208597
1 92 -0.0231981
1 93 -0.0233431
1 94 -0.0211096
1 95 -0.0166937
1 96 -0.0107033
1 97 -0.00407812
1 98 0.00210119
1 99 0.00687422
1 100 0.00964898
1 101 0.0103433
1 102 0.00935791
1 103 0.00738915
1 104 0.00516295
1 105 0.00321222
1 106 0.001785
1 107 0.000887333
1 108 0.000394962
1 109 0.000157502
1 110 5.62864e-05
1 111 1.8027e-05
1 112 5.17291e-06
1 113 1.32917e-06
1 114 3.05514e-07
1 115 6.27267e-08
1 116 1.14809e-08
1 117 1.86855e-09
1 118 2.71337e-10
1 119 0

2 0 0
2 1 2.69434e-10
2 2 1.88281e-09
2 3 1.1737e-08
2 4 6.50303e-08
2 5 3.21004e-07
2 6 1.41421e-06
2 7 5.56729e-06
2 8 1.95964e-05
2 9 6.16852e-05
2 10 0.00017359
2 11 0.000436398
2 12 0.000978906
2 13 0.00195597
2 14 0.00347304
2 15 0.0054608
2 16 0.00755968
2 17 0.00911612
2 18 0.00935863
2 19 0.00770564
2 20 0.00404754
2 21 -0.00115348
2 22 -0.00699244
2 23 -0.0124055
2 24 -0.0164781
2 25 -0.0186586
2 26 -0.0188226
2 27 -0.017203
2 28 -0.0142467
2 29 -0.0104619
2 30 -0.00630308
2 31 -0.00211389
2 32 0.00188082
2 33 0.00555017
2 34 0.00882161
2 35 0.0116503
2 36 0.0139996
2 37 0.0158351
2 38 0.0171275
2 39 0.0178593
2 40 0.0180323
2 41 0.017671
2 42 0.016823
2 43 0.0155558
2 44 0.0139505
2 45 0.0120957
2 46 0.0100799
2 47 0.00798648
2 48 0.00588955
2 49 0.00385129
2 50 0.00192114
2 51 0.000135974
2 52 -0.00147862
2 53 -0.00290682
2 54 -0.0041403
2 55 -0.00517659
2 56 -0.00601679
2 57 -0.00666428
2 58 -0.00712296
2 59 -0.00739654
2 60 -0.00748741
2 61 -0.00739654
2 62 -0.00712296
2 63 -0.00666428
2 64 -0.00601679
2 65 -0.00517659
2 66 -0.0041403
2 67 -0.00290682
2 68 -0.00147862
2 69 0.000135974
2 70 0.00192114
2 71 0.00385129
2 72 0.00588955
2 73 0.00798648
2 74 0.0100799
2 75 0.0120957
2 76 0.0139505
2 77 0.0155558
2 78 0.016823
2 79 0.017671
2 80 0.0180323
2 81 0.0178593
2 82 0.0171275
2 83 0.0158351
2 84 0.0139996
2 85 0.0116503
2 86 0.00882161
2 87 0.00555017
2 88 0.00188082
2 89 -0.00211389
2 90 -0.00630308
2 91 -0.0104619
2 92 -0.0142467
2 93 -0.017203
2 94 -0.0188226
2 95 -0.0186586
2 96 -0.0164781
2 97 -0.0124055
2 98 -0.00699244
2 99 -0.00115348
2 100 0.00404754
2 101 0.00770564
2 102 0.00935863
2 103 0.00911612
2 104 0.00755968
2 105 0.0054608
2 106 0.00347304
2 107 0.00195597
2 108 0.000978906
2 109 0.000436398
2 110 0.00017359
2 111 6.16852e-05
2 112 1.95964e-05
2 113 5.56729e-06
2 114 1.41421e-06
2 115 3.21004e-07
2 116 6.50305e-08
2 117 1.17389e-08
2 118 1.89935e-09
2 119 0

3 0 0
3 1 1.86835e-09
3 2 1.1737e-08
3 3 6.60914e-08
3 4 3.31547e-07
3 5 1.48387e-06
3 6 5.93084e-06
3 7 2.11769e-05
3 8 6.75359e-05
3 9 0.000192209
3 10 0.000487472
3 11 0.00109932
3 12 0.00219769
3 13 0.00387787
3 14 0.00600059
3 15 0.00805699
3 16 0.00920237
3 17 0.0085451
3 18 0.00559122
3 19 0.000581079
3 20 -0.00550992
3 21 -0.0113125
3 22 -0.0155516
3 23 -0.0174482
3 24 -0.016884
3 25 -0.0143097
3 26 -0.0104915
3 27 -0.00622948
3 28 -0.00214994
3 29 0.00138669
3 30 0.00426784
3 31 0.00654819
3 32 0.00835265
3 33 0.00979681
3 34 0.0109448
3 35 0.0118009
3 36 0.0123252
3 37 0.0124617
3 38 0.0121634
3 39 0.0114117
3 40 0.0102241
3 41 0.00865257
3 42 0.00677656
3 43 0.00469068
3 44 0.00249412
3 45 0.000280259
3 46 -0.00187032
3 47 -0.00389374
3 48 -0.00574475
3 49 -0.00739534
3 50 -0.00883343
3 51 -0.0100591
3 52 -0.0110821
3 53 -0.0119184
3 54 -0.0125876
3 55 -0.0131104
3 56 -0.0135067
3 57 -0.0137947
3 58 -0.0139893
3 59 -0.0141015
3 60 -0.0141381
3 61 -0.0141015
3 62 -0.0139893
3 63 -0.0137947
3 64 -0.0135067
3 65 -0.0131104
3 66 -0.0125876
3 67 -0.0119184
3 68 -0.0110821
3 69 -0.0100591
3 70 -0.00883343
3 71 -0.00739534
3 72 -0.00574475
3 73 -0.00389374
3 74 -0.00187032
3 75 0.000280259
3 76 0.00249412
3 77 0.00469068
3 78 0.00677656
3 79 0.00865257
3 80 0.0102241
3 81 0.0114117
3 82 0.0121634
3 83 0.0124617
3 84 0.0123252
3 85 0.0118009
3 86 0.0109448
3 87 0.00979681
3 88 0.00835265
3 89 0.00654819
3 90 0.00426784
3 91 0.00138669
3 92 -0.00214994
3 93 -0.00622948
3 94 -0.0104915
3 95 -0.0143097
3 96 -0.016884
3 97 -0.0174482
3 98 -0.0155516
3 99 -0.0113125
3 100 -0.00550992
3 101 0.000581079
3 102 0.00559122
3 103 0.0085451
3 104 0.00920237
3 105 0.00805699
3 106 0.00600059
3 107 0.00387787
3 108 0.00219769
3 109 0.00109932
3 110 0.000487472
3 111 0.000192209
3 112 6.75359e-05
3 113 2.11769e-05
3 114 5.93084e-06
3 115 1.48387e-06
3 116 3.31549e-07
3 117 6.61079e-08
3 118 1.18636e-08
3 119 0

4 0 0
4 1 1.14809e-08
4 2 6.50303e-08
4 3 3.31547e-07
4 4 1.50809e-06
4 5 6.12368e-06
4 6 2.21998e-05
4 7 7.18132e-05
4 8 0.00020703
4 9 0.000530825
4 10 0.00120688
4 11 0.00242287
4 12 0.00426884
4 13 0.0065402
4 14 0.00857941
4 15 0.00934897
4 16 0.00784415
4 17 0.00368306
4 18 -0.00252093
4 19 -0.00930616
4 20 -0.01495
4 21 -0.0181275
4 22 -0.01831
4 23 -0.0157921
4 24 -0.0114184
4 25 -0.00619723
4 26 -0.000990482
4 27 0.00363895
4 28 0.00743189
4 29 0.0103403
4 30 0.0124134
4 31 0.0137155
4 32 0.0142835
4 33 0.014129
4 34 0.0132621
4 35 0.0117151
4 36 0.00956169
4 37 0.006919
4 38 0.0039376
4 39 0.000786343
4 40 -0.00236878
4 41 -0.0053791
4 42 -0.00812585
4 43 -0.0105258
4 44 -0.0125308
4 45 -0.014126
4 46 -0.0153222
4 47 -0.0161511
4 48 -0.016657
4 49 -0.0168919
4 50 -0.0169101
4 51 -0.0167649
4 52 -0.0165064
4 53 -0.0161791
4 54 -0.0158222
4 55 -0.0154681
4 56 -0.0151442
4 57 -0.0148711
4 58 -0.0146653
4 59 -0.0145372
4 60 -0.014494
4 61 -0.0145372
4 62 -0.0146653
4 63 -0.0148711
4 64 -0.0151442
4 65 -0.0154681
4 66 -0.0158222
4 67 -0.0161791
4 68 -0.0165064
4 69 -0.0167649
4 70 -0.0169101
4 71 -0.0168919
4 72 -0.016657
4 73 -0.0161511
4 74 -0.0153222
4 75 -0.014126
4 76 -0.0125308
4 77 -0.0105258
4 78 -0.00812585
4 79 -0.0053791
4 80 -0.00236878
4 81 0.000786343
4 82 0.0039376
4 83 0.006919
4 84 0.00956169
4 85 0.0117151
4 86 0.0132621
4 87 0.014129
4 88 0.0142835
4 89 0.0137155
4 90 0.0124134
4 91 0.0103403
4 92 0.00743189
4 93 0.00363895
4 94 -0.000990482
4 95 -0.00619723
4 96 -0.0114184
4 97 -0.0157921
4 98 -0.01831
4 99 -0.0181275
4 100 -0.01495
4 101 -0.00930616
4 102 -0.00252093
4 103 0.00368306
4 104 0.00784415
4 105 0.00934897
4 106 0.00857941
4 107 0.0065402
4 108 0.00426884
4 109 0.00242287
4 110 0.00120688
4 111 0.000530825
4 112 0.00020703
4 113 7.18132e-05
4 114 2.21998e-05
4 115 6.12368e-06
4 116 1.50811e-06
4 117 3.31671e-07
4 118 6.58829e-08
4 119 0

5 0 0
5 1 6.27267e-08
5 2 3.21004e-07
5 3 1.48387e-06
5 4 6.12368e-06
5 5 2.25518e-05
5 6 7.40531e-05
5 7 0.000216468
5 8 0.000561848
5 9 0.00129004
5 10 0.0026064
5 11 0.00459803
5 12 0.00699881
5 13 0.00900608
5 14 0.00939759
5 15 0.00708437
5 16 0.00185783
5 17 -0.00523117
5 18 -0.0122473
5 19 -0.0172701
5 20 -0.0191833
5 21 -0.0179291
5 22 -0.0142602
5 23 -0.00925007
5 24 -0.00383888
5 25 0.00138186
5 26 0.00613927
5 27 0.0103351
5 28 0.0138902
5 29 0.0166544
5 30 0.018416
5 31 0.018963
5 32 0.0181569
5 33 0.0159948
5 34 0.0126203
5 35 0.008304
5 36 0.00339865
5 37 -0.00172094
5 38 -0.0067031
5 39 -0.0112588
5 40 -0.0151806
5 41 -0.0183445
5 42 -0.0207066
5 43 -0.0222841
5 44 -0.023142
5 45 -0.0233741
5 46 -0.023089
5 47 -0.0223998
5 48 -0.0214136
5 49 -0.0202301
5 50 -0.0189342
5 51 -0.0176001
5 52 -0.0162868
5 53 -0.0150434
5 54 -0.013907
5 55 -0.012907
5 56 -0.0120645
5 57 -0.0113954
5 58 -0.0109105
5 59 -0.0106169
5 60 -0.0105187
5 61 -0.0106169
5 62 -0.0109105
5 63 -0.0113954
5 64 -0.0120645
5 65 -0.012907
5 66 -0.013907
5 67 -0.0150434
5 68 -0.0162868
5 69 -0.0176001
5 70 -0.0189342
5 71 -0.0202301
5 72 -0.0214136
5 73 -0.0223998
5 74 -0.023089
5 75 -0.0233741
5 76 -0.023142
5 77 -0.0222841
5 78 -0.0207066
5 79 -0.0183445
5 80 -0.0151806
5 81 -0.0112588
5 82 -0.0067031
5 83 -0.00172094
5 84 0.00339865
5 85 0.008304
5 86 0.0126203
5 87 0.0159948
5 88 0.0181569
5 89 0.018963
5 90 0.018416
5 91 0.0166544
5 92 0.0138902
5 93 0.0103351
5 94 0.00613927
5 95 0.00138186
5 96 -0.00383888
5 97 -0.00925007
5 98 -0.0142602
5 99 -0.0179291
5 100 -0.0191833
5 101 -0.0172701
5 102 -0.0122473
5 103 -0.00523117
5 104 0.00185783
5 105 0.00708437
5 106 0.00939759
5 107 0.00900608
5 108 0.00699881
5 109 0.00459803
5 110 0.0026064
5 111 0.00129004
5 112 0.000561848
5 113 0.000216468
5 114 7.40531e-05
5 115 2.25518e-05
5 116 6.1238e-06
5 117 1.48469e-06
5 118 3.26082e-07
5 119 0

6 0 0
6 1 3.05514e-07
6 2 1.41421e-06
6 3 5.93084e-06
6 4 2.21998e-05
6 5 7.40531e-05
6 6 0.000219707
6 7 0.000578016
6 8 0.00134254
6 9 0.00273572
6 10 0.00484563
6 11 0.00735299
6 12 0.00931919
6 13 0.00934536
6 14 0.0062756
6 15 0.0001163
6 16 -0.00759484
6 17 -0.0144612
6 18 -0.0185007
6 19 -0.0190151
6 20 -0.0165473
6 21 -0.0122555
6 22 -0.00725185
6 23 -0.0022062
6 24 0.00266872
6 25 0.00735939
6 26 0.011799
6 27 0.0157496
6 28 0.0188108
6 29 0.020551
6 30 0.0206584
6 31 0.0190239
6 32 0.0157776
6 33 0.0112477
6 34 0.00587603
6 35 0.000144892
6 36 -0.00550433
6 37 -0.0107143
6 38 -0.0152285
6 39 -0.018901
6 40 -0.021671
6 41 -0.023553
6 42 -0.0246103
6 43 -0.024936
6 44 -0.0246436
6 45 -0.0238463
6 46 -0.0226607
6 47 -0.0211911
6 48 -0.0195355
6 49 -0.0177781
6 50 -0.015992
6 51 -0.0142396
6 52 -0.01257
6 53 -0.0110261
6 54 -0.00963737
6 55 -0.00843109
6 56 -0.00742263
6 57 -0.0066281
6 58 -0.00605359
6 59 -0.00570791
6 60 -0.00559136
6 61 -0.00570791
6 62 -0.00605359
6 63 -0.0066281
6 64 -0.00742263
6 65 -0.00843109
6 66 -0.00963737
6 67 -0.0110261
6 68 -0.01257
6 69 -0.0142396
6 70 -0.015992
6 71 -0.0177781
6 72 -0.0195355
6 73 -0.0211911
6 74 -0.0226607
6 75 -0.0238463
6 76 -0.0246436
6 77 -0.024936
6 78 -0.0246103
6 79 -0.023553
6 80 -0.021671
6 81 -0.018901
6 82 -0.0152285
6 83 -0.0107143
6 84 -0.00550433
6 85 0.000144892
6 86 0.00587603
6 87 0.0112477
6 88 0.0157776
6 89 0.0190239
6 90 0.0206584
6 91 0.020551
6 92 0.0188108
6 93 0.0157496
6 94 0.011799
6 95 0.00735939
6 96 0.00266872
6 97 -0.0022062
6 98 -0.00725185
6 99 -0.0122555
6 100 -0.0165473
6 101 -0.0190151
6 102 -0.0185007
6 103 -0.0144612
6 104 -0.00759484
6 105 0.0001163
6 106 0.0062756
6 107 0.00934536
6 108 0.00931919
6 109 0.00735299
6 110 0.00484563
6 111 0.00273572
6 112 0.00134254
6 113 0.000578016
6 114 0.000219707
6 115 7.40532e-05
6 116 2.22006e-05
6 117 5.93567e-06
6 118 1.44103e-06
6 119 0

7 0 0
7 1 1.32917e-06
7 2 5.56729e-06
7 3 2.11769e-05
7 4 7.18132e-05
7 5 0.000216468
7 6 0.000578016
7 7 0.00136049
7 8 0.00280255
7 9 0.00499919
7 10 0.00759304
7 11 0.00952804
7 12 0.00924011
7 13 0.00550876
7 14 -0.001438
7 15 -0.0095648
7 16 -0.0160459
7 17 -0.0189602
7 18 -0.0181791
7 19 -0.0148578
7 20 -0.0103626
7 21 -0.00558625
7 22 -0.000815017
7 23 0.00401842
7 24 0.00890594
7 25 0.013532
7 26 0.0173553
7 27 0.0197871
7 28 0.0203983
7 29 0.0190832
7 30 0.0160408
7 31 0.0116946
7 32 0.00658725
7 33 0.0012354
7 34 -0.00392804
7 35 -0.00859061
7 36 -0.012575
7 37 -0.0157905
7 38 -0.0182279
7 39 -0.0199188
7 40 -0.0209144
7 41 -0.0212881
7 42 -0.0211054
7 43 -0.0204477
7 44 -0.0193884
7 45 -0.0180069
7 46 -0.0163826
7 47 -0.0145877
7 48 -0.0126993
7 49 -0.010777
7 50 -0.00888551
7 51 -0.00706825
7 52 -0.00537161
7 53 -0.00382311
7 54 -0.00245072
7 55 -0.0012693
7 56 -0.000292555
7 57 0.000472794
7 58 0.00102183
7 59 0.00135187
7 60 0.00146221
7 61 0.00135187
7 62 0.00102183
7 63 0.000472794
7 64 -0.000292555
7 65 -0.0012693
7 66 -0.00245072
7 67 -0.00382311
7 68 -0.00537161
7 69 -0.00706825
7 70 -0.00888551
7 71 -0.010777
7 72 -0.0126993
7 73 -0.0145877
7 74 -0.0163826
7 75 -0.0180069
7 76 -0.0193884
7 77 -0.0204477
7 78 -0.0211054
7 79 -0.0212881
7 80 -0.0209144
7 81 -0.0199188
7 82 -0.0182279
7 83 -0.0157905
7 84 -0.012575
7 85 -0.00859061
7 86 -0.00392804
7 87 0.0012354
7 88 0.00658725
7 89 0.0116946
7 90 0.0160408
7 91 0.0190832
7 92 0.0203983
7 93 0.0197871
7 94 0.0173553
7 95 0.013532
7 96 0.00890594
7 97 0.00401842
7 98 -0.000815017
7 99 -0.00558625
7 100 -0.0103626
7 101 -0.0148578
7 102 -0.0181791
7 103 -0.0189602
7 104 -0.0160459
7 105 -0.0095648
7 106 -0.001438
7 107 0.00550876
7 108 0.00924011
7 109 0.00952804
7 110 0.00759304
7 111 0.00499919
7 112 0.00280255
7 113 0.00136049
7 114 0.000578016
7 115 0.000216468
7 116 7.18176e-05
7 117 2.1202e-05
7 118 5.69318e-06
7 119 0

8 0 0
8 1 5.17291e-06
8 2 1.95964e-05
8 3 6.75359e-05
8 4 0.00020703
8 5 0.000561848
8 6 0.00134254
8 7 0.00280255
8 8 0.00505122
8 9 0.00771408
8 10 0.00964621
8 11 0.00913451
8 12 0.00488121
8 13 -0.002696
8 14 -0.0110921
8 15 -0.0170897
8 16 -0.0189155
8 17 -0.0171
8 18 -0.0133479
8 19 -0.00896636
8 20 -0.0043786
8 21 0.000497449
8 22 0.00575493
8 23 0.0110905
8 24 0.0157404
8 25 0.0188693
8 26 0.0199171
8 27 0.0187266
8 28 0.0156036
8 29 0.0111498
8 30 0.00602135
8 31 0.000833032
8 32 -0.00397257
8 33 -0.00814322
8 34 -0.0115415
8 35 -0.0141548
8 36 -0.016005
8 37 -0.0171304
8 38 -0.0175955
8 39 -0.0174394
8 40 -0.0167338
8 41 -0.0155423
8 42 -0.013943
8 43 -0.0120327
8 44 -0.00989201
8 45 -0.00762789
8 46 -0.00531318
8 47 -0.00303515
8 48 -0.000849134
8 49 0.00119347
8 50 0.00305807
8 51 0.00472885
8 52 0.00618883
8 53 0.00744768
8 54 0.00849948
8 55 0.0093671
8 56 0.0100487
8 57 0.0105702
8 58 0.0109281
8 59 0.011145
8 60 0.011212
8 61 0.011145
8 62 0.0109281
8 63 0.0105702
8 64 0.0100487
8 65 0.0093671
8 66 0.00849948
8 67 0.00744768
8 68 0.00618883
8 69 0.00472885
8 70 0.00305807
8 71 0.00119347
8 72 -0.000849134
8 73 -0.00303515
8 74 -0.00531318
8 75 -0.00762789
8 76 -0.00989201
8 77 -0.0120327
8 78 -0.013943
8 79 -0.0155423
8 80 -0.0167338
8 81 -0.0174394
8 82 -0.0175955
8 83 -0.0171304
8 84 -0.016005
8 85 -0.0141548
8 86 -0.0115415
8 87 -0.00814322
8 88 -0.00397257
8 89 0.000833032
8 90 0.00602135
8 91 0.0111498
8 92 0.0156036
8 93 0.0187266
8 94 0.0199171
8 95 0.0188693
8 96 0.0157404
8 97 0.0110905
8 98 0.00575493
8 99 0.000497449
8 100 -0.0043786
8 101 -0.00896636
8 102 -0.0133479
8 103 -0.0171
8 104 -0.0189155
8 105 -0.0170897
8 106 -0.0110921
8 107 -0.002696
8 108 0.00488121
8 109 0.00913451
8 110 0.00964621
8 111 0.00771408
8 112 0.00505122
8 113 0.00280255
8 114 0.00134254
8 115 0.000561852
8 116 0.000207052
8 117 6.7652e-05
8 118 2.01226e-05
8 119 0

9 0 0
9 1 1.8027e-05
9 2 6.16852e-05
9 3 0.000192209
9 4 0.000530825
9 5 0.00129004
9 6 0.00273572
9 7 0.00499919
9 8 0.00771408
9 9 0.00968428
9 10 0.00907029
9 11 0.00447131
9 12 -0.00357628
9 13 -0.0121638
9 14 -0.0177091
9 15 -0.0186054
9 16 -0.0160589
9 17 -0.0122297
9 18 -0.00811551
9 19 -0.00349896
9 20 0.00190165
9 21 0.00784397
9 22 0.0135246
9 23 0.0177751
9 24 0.0196877
9 25 0.0190454
9 26 0.0161556
9 27 0.0116914
9 28 0.00648235
9 29 0.00116492
9 30 -0.00380564
9 31 -0.0081337
9 32 -0.0117195
9 33 -0.0144709
9 34 -0.016341
9 35 -0.0173221
9 36 -0.0173743
9 37 -0.0165547
9 38 -0.0149258
9 39 -0.0126059
9 40 -0.0097737
9 41 -0.00658047
9 42 -0.00323781
9 43 0.000110505
9 44 0.00330886
9 45 0.00625093
9 46 0.00887301
9 47 0.0111167
9 48 0.0129964
9 49 0.014496
9 50 0.0156736
9 51 0.016542
9 52 0.0171709
9 53 0.0175879
9 54 0.017854
9 55 0.0180005
9 56 0.0180711
9 57 0.0180931
9 58 0.0180912
9 59 0.0180841
9 60 0.0180795
9 61 0.0180841
9 62 0.0180912
9 63 0.0180931
9 64 0.0180711
9 65 0.0180005
9 66 0.017854
9 67 0.0175879
9 68 0.0171709
9 69 0.016542
9 70 0.0156736
9 71 0.014496
9 72 0.0129964
9 73 0.0111167
9 74 0.00887301
9 75 0.00625093
9 76 0.00330886
9 77 0.000110505
9 78 -0.00323781
9 79 -0.00658047
9 80 -0.0097737
9 81 -0.0126059
9 82 -0.0149258
9 83 -0.0165547
9 84 -0.0173743
9 85 -0.0173221
9 86 -0.016341
9 87 -0.0144709
9 88 -0.0117195
9 89 -0.0081337
9 90 -0.00380564
9 91 0.00116492
9 92 0.00648235
9 93 0.0116914
9 94 0.0161556
9 95 0.0190454
9 96 0.0196877
9 97 0.0177751
9 98 0.0135246
9 99 0.00784397
9 100 0.00190165
9 101 -0.00349896
9 102 -0.00811551
9 103 -0.0122297
9 104 -0.0160589
9 105 -0.0186054
9 106 -0.0177091
9 107 -0.0121638
9 108 -0.00357628
9 109 0.00447131
9 110 0.00907029
9 111 0.00968428
9 112 0.00771408
9 113 0.00499919
9 114 0.00273573
9 115 0.00129006
9 116 0.000530928
9 117 0.000192687
9 118 6.36444e-05
9 119 0

10 0 0
10 1 5.62864e-05
10 2 0.00017359
10 3 0.000487472
10 4 0.00120688
10 5 0.0026064
10 6 0.00484563
10 7 0.00759304
10 8 0.00964621
10 9 0.00907029
10 10 0.00432898
10 11 -0.00402824
10 12 -0.0127936
10 13 -0.0180317
10 14 -0.0182338
10 15 -0.0152195
10 16 -0.0115257
10 17 -0.00767929
10 18 -0.00274787
10 19 0.00348945
10 20 0.0100722
10 21 0.0156706
10 22 0.0190288
10 23 0.0194795
10 24 0.01735
10 25 0.0134063
10 26 0.00839474
10 27 0.00306167
10 28 -0.00215146
10 29 -0.00703572
10 30 -0.0113157
10 31 -0.0148325
10 32 -0.0173902
10 33 -0.0187445
10 34 -0.0188438
10 35 -0.0176339
10 36 -0.0152293
10 37 -0.0118761
10 38 -0.00779982
10 39 -0.00337037
10 40 0.00115792
10 41 0.00550811
10 42 0.00946826
10 43 0.0129378
10 44 0.0157892
10 45 0.0180585
10 46 0.019711
10 47 0.0208401
10 48 0.0214866
10 49 0.0217405
10 50 0.0216894
10 51 0.0213922
10 52 0.0209555
10 53 0.020403
10 54 0.0198408
10 55 0.0192638
10 56 0.018767
10 57 0.0183246
10 58 0.0180171
10 59 0.0178034
10 60 0.0177501
10 61 0.0178034
10 62 0.0180171
10 63 0.0183246
10 64 0.018767
10 65 0.0192638
10 66 0.0198408
10 67 0.020403
10 68 0.0209555
10 69 0.0213922
10 70 0.0216894
10 71 0.0217405
10 72 0.0214866
10 73 0.0208401
10 74 0.019711
10 75 0.0180585
10 76 0.0157892
10 77 0.0129378
10 78 0.00946826
10 79 0.00550811
10 80 0.00115792
10 81 -0.00337037
10 82 -0.00779982
10 83 -0.0118761
10 84 -0.0152293
10 85 -0.0176339
10 86 -0.0188438
10 87 -0.0187445
10 88 -0.0173902
10 89 -0.0148325
10 90 -0.0113157
10 91 -0.00703572
10 92 -0.00215146
10 93 0.00306167
10 94 0.00839474
10 95 0.0134063
10 96 0.01735
10 97 0.0194795
10 98 0.0190288
10 99 0.0156706
10 100 0.0100722
10 101 0.00348945
10 102 -0.00274787
10 103 -0.00767929
10 104 -0.0115257
10 105 -0.0152195
10 106 -0.0182338
10 107 -0.0180317
10 108 -0.0127936
10 109 -0.00402824
10 110 0.00432898
10 111 0.00907029
10 112 0.00964621
10 113 0.00759305
10 114 0.00484565
10 115 0.00260649
10 116 0.0012073
10 117 0.000489227
10 118 0.000180092
10 119 0

11 0 0
11 1 0.000157502
11 2 0.000436398
11 3 0.00109932
11 4 0.00242287
11 5 0.00459803
11 6 0.00735299
11 7 0.00952804
11 8 0.00913451
11 9 0.00447131
11 10 -0.00402824
11 11 -0.0130007
11 12 -0.0181632
11 13 -0.0179513
11 14 -0.0146524
11 15 -0.0111519
11 16 -0.00749059
11 17 -0.00202309
11 18 0.00518025
11 19 0.0121342
11 20 0.0171251
11 21 0.0193193
11 22 0.0185193
11 23 0.0154707
11 24 0.0111832
11 25 0.00612667
11 26 0.0007312
11 27 -0.0046223
11 28 -0.00979274
11 29 -0.014316
11 30 -0.0177322
11 31 -0.0197854
11 32 -0.0201223
11 33 -0.0187838
11 34 -0.0159675
11 35 -0.0119074
11 36 -0.00713479
11 37 -0.0019769
11 38 0.00314344
11 39 0.00789516
11 40 0.0121413
11 41 0.0156437
11 42 0.0184568
11 43 0.0204984
11 44 0.0218599
11 45 0.0226114
11 46 0.0227995
11 47 0.0225915
11 48 0.0219841
11 49 0.021174
11 50 0.0201356
11 51 0.0190438
11 52 0.0178757
11 53 0.0167593
11 54 0.0156863
11 55 0.0147339
11 56 0.0139091
11 57 0.0132467
11 58 0.0127635
11 59 0.0124646
11 60 0.0123691
11 61 0.0124646
11 62 0.0127635
11 63 0.0132467
11 64 0.0139091
11 65 0.0147339
11 66 0.0156863
11 67 0.0167593
11 68 0.0178757
11 69 0.0190438
11 70 0.0201356
11 71 0.021174
11 72 0.0219841
11 73 0.0225915
11 74 0.0227995
11 75 0.0226114
11 76 0.0218599
11 77 0.0204984
11 78 0.0184568
11 79 0.0156437
11 80 0.0121413
11 81 0.00789516
11 82 0.00314344
11 83 -0.0019769
11 84 -0.00713479
11 85 -0.0119074
11 86 -0.0159675
11 87 -0.0187838
11 88 -0.0201223
11 89 -0.0197854
11 90 -0.0177322
11 91 -0.014316
11 92 -0.00979274
11 93 -0.0046223
11 94 0.0007312
11 95 0.00612667
11 96 0.0111832
11 97 0.0154707
11 98 0.0185193
11 99 0.0193193
11 100 0.0171251
11 101 0.0121342
11 102 0.00518025
11 103 -0.00202309
11 104 -0.00749059
11 105 -0.0111519
11 106 -0.0146524
11 107 -0.0179513
11 108 -0.0181632
11 109 -0.0130007
11 110 -0.00402824
11 111 0.00447131
11 112 0.00913451
11 113 0.00952806
11 114 0.00735307
11 115 0.00459838
11 116 0.00242439
11 117 0.00110507
11 118 0.000455628
11 119 0

12 0 0
12 1 0.000394962
12 2 0.000978906
12 3 0.00219769
12 4 0.00426884
12 5 0.00699881
12 6 0.00931919
12 7 0.00924011
12 8 0.00488121
12 9 -0.00357628
12 10 -0.0127936
12 11 -0.0181632
12 12 -0.0178473
12 13 -0.0143715
12 14 -0.010991
12 15 -0.00742104
12 16 -0.0013595
12 17 0.00675956
12 18 0.0137689
12 19 0.0177647
12 20 0.0188733
12 21 0.0174204
12 22 0.0140614
12 23 0.0097534
12 24 0.0046092
12 25 -0.0012704
12 26 -0.00717631
12 27 -0.012701
12 28 -0.0172134
12 29 -0.0199163
12 30 -0.020725
12 31 -0.019522
12 32 -0.0164876
12 33 -0.0122665
12 34 -0.00715679
12 35 -0.00178436
12 36 0.00343112
12 37 0.00831057
12 38 0.0124522
12 39 0.0159445
12 40 0.0186037
12 41 0.0204853
12 42 0.0216819
12 43 0.0221237
12 44 0.0220737
12 45 0.0214198
12 46 0.0204379
12 47 0.0190786
12 48 0.017522
12 49 0.0158244
12 50 0.0140368
12 51 0.0123056
12 52 0.0105712
12 53 0.00903125
12 54 0.00755332
12 55 0.006352
12 56 0.00525648
12 57 0.00447872
12 58 0.00383223
12 59 0.00352028
12 60 0.00335091
12 61 0.00352028
12 62 0.00383223
12 63 0.00447872
12 64 0.00525648
12 65 0.006352
12 66 0.00755332
12 67 0.00903125
12 68 0.0105712
12 69 0.0123056
12 70 0.0140368
12 71 0.0158244
12 72 0.017522
12 73 0.0190786
12 74 0.0204379
12 75 0.0214198
12 76 0.0220737
12 77 0.0221237
12 78 0.0216819
12 79 0.0204853
12 80 0.0186037
12 81 0.0159445
12 82 0.0124522
12 83 0.00831057
12 84 0.00343112
12 85 -0.00178436
12 86 -0.00715679
12 87 -0.0122665
12 88 -0.0164876
12 89 -0.019522
12 90 -0.020725
12 91 -0.0199163
12 92 -0.0172134
12 93 -0.012701
12 94 -0.00717631
12 95 -0.0012704
12 96 0.0046092
12 97 0.0097534
12 98 0.0140614
12 99 0.0174204
12 100 0.0188733
12 101 0.0177647
12 102 0.0137689
12 103 0.00675956
12 104 -0.0013595
12 105 -0.00742104
12 106 -0.010991
12 107 -0.0143715
12 108 -0.0178473
12 109 -0.0181632
12 110 -0.0127936
12 111 -0.00357628
12 112 0.00488122
12 113 0.00924017
12 114 0.00931948
12 115 0.00700008
12 116 0.00427376
12 117 0.00221452
12 118 0.00102952
12 119 0

13 0 0
13 1 0.000887333
13 2 0.00195597
13 3 0.00387787
13 4 0.0065402
13 5 0.00900608
13 6 0.00934536
13 7 0.00550876
13 8 -0.002696
13 9 -0.0121638
13 10 -0.0180317
13 11 -0.0179513
13 12 -0.0143715
13 13 -0.0109491
13 14 -0.00739976
13 15 -0.000878278
13 16 0.00797915
13 17 0.0148644
13 18 0.0177576
13 19 0.01811
13 20 0.0167117
13 21 0.0133966
13 22 0.00883352
13 23 0.00320547
13 24 -0.00352172
13 25 -0.01005
13 26 -0.0154328
13 27 -0.0192706
13 28 -0.0206998
13 29 -0.01989
13 30 -0.0173117
13 31 -0.0130797
13 32 -0.00811498
13 33 -0.00277276
13 34 0.00264147
13 35 0.00750081
13 36 0.0119539
13 37 0.0155762
13 38 0.0183734
13 39 0.0204087
13 40 0.0214118
13 41 0.0217602
13 42 0.0211862
13 43 0.0200388
13 44 0.0183083
13 45 0.0161109
13 46 0.0137212
13 47 0.0110214
13 48 0.00843522
13 49 0.00571937
13 50 0.00328954
13 51 0.000891514
13 52 -0.00116398
13 53 -0.00307142
13 54 -0.00465221
13 55 -0.00601678
13 56 -0.00710046
13 57 -0.00793601
13 58 -0.00853569
13 59 -0.00887599
13 60 -0.00900684
13 61 -0.00887599
13 62 -0.00853569
13 63 -0.00793601
13 64 -0.00710046
13 65 -0.00601678
13 66 -0.00465221
13 67 -0.00307142
13 68 -0.00116398
13 69 0.000891514
13 70 0.00328954
13 71 0.00571937
13 72 0.00843522
13 73 0.0110214
13 74 0.0137212
13 75 0.0161109
13 76 0.0183083
13 77 0.0200388
13 78 0.0211862
13 79 0.0217602
13 80 0.0214118
13 81 0.0204087
13 82 0.0183734
13 83 0.0155762
13 84 0.0119539
13 85 0.00750081
13 86 0.00264147
13 87 -0.00277276
13 88 -0.00811498
13 89 -0.0130797
13 90 -0.0173117
13 91 -0.01989
13 92 -0.0206998
13 93 -0.0192706
13 94 -0.0154328
13 95 -0.01005
13 96 -0.00352172
13 97 0.00320547
13 98 0.00883352
13 99 0.0133966
13 100 0.0167117
13 101 0.01811
13 102 0.0177576
13 103 0.0148644
13 104 0.00797915
13 105 -0.000878278
13 106 -0.00739976
13 107 -0.0109491
13 108 -0.0143715
13 109 -0.0179513
13 110 -0.0180317
13 111 -0.0121638
13 112 -0.00269596
13 113 0.00550899
13 114 0.00934638
13 115 0.00901014
13 116 0.00655445
13 117 0.00392183
13 118 0.00207435
13 119 0

14 0 0
14 1 0.001785
14 2 0.00347304
14 3 0.00600059
14 4 0.00857941
14 5 0.00939759
14 6 0.0062756
14 7 -0.001438
14 8 -0.0110921
14 9 -0.0177091
14 10 -0.0182338
14 11 -0.0146524
14 12 -0.010991
14 13 -0.00739976
14 14 -0.000701247
14 15 0.00864137
14 16 0.0154566
14 17 0.0174476
14 18 0.0174008
14 19 0.0165658
14 20 0.013335
14 21 0.00792608
14 22 0.00145634
14 23 -0.00594177
14 24 -0.0126982
14 25 -0.0172691
14 26 -0.0199305
14 27 -0.0202182
14 28 -0.0181519
14 29 -0.0148293
14 30 -0.0101374
14 31 -0.00474464
14 32 0.00062358
14 33 0.0061875
14 34 0.0110451
14 35 0.0152362
14 36 0.0186259
14 37 0.0206653
14 38 0.0218634
14 39 0.0216834
14 40 0.0205781
14 41 0.0185999
14 42 0.0157546
14 43 0.012655
14 44 0.00897209
14 45 0.00546244
14 46 0.00177645
14 47 -0.00157041
14 48 -0.0047203
14 49 -0.00755416
14 50 -0.00994713
14 51 -0.0121344
14 52 -0.013778
14 53 -0.0153407
14 54 -0.0163585
14 55 -0.0173995
14 56 -0.0179437
14 57 -0.0185833
14 58 -0.0187805
14 59 -0.0191144
14 60 -0.0190394
14 61 -0.0191144
14 62 -0.0187805
14 63 -0.0185833
14 64 -0.0179437
14 65 -0.0173995
14 66 -0.0163585
14 67 -0.0153407
14 68 -0.013778
14 69 -0.0121344
14 70 -0.00994713
14 71 -0.00755416
14 72 -0.0047203
14 73 -0.00157041
14 74 0.00177645
14 75 0.00546244
14 76 0.00897209
14 77 0.012655
14 78 0.0157546
14 79 0.0185999
14 80 0.0205781
14 81 0.0216834
14 82 0.0218634
14 83 0.0206653
14 84 0.0186259
14 85 0.0152362
14 86 0.0110451
14 87 0.0061875
14 88 0.00062358
14 89 -0.00474464
14 90 -0.0101374
14 91 -0.0148293
14 92 -0.0181519
14 93 -0.0202182
14 94 -0.0199305
14 95 -0.0172691
14 96 -0.0126982
14 97 -0.00594177
14 98 0.00145634
14 99 0.00792608
14 100 0.013335
14 101 0.0165658
14 102 0.0174008
14 103 0.0174476
14 104 0.0154566
14 105 0.00864137
14 106 -0.000701247
14 107 -0.00739976
14 108 -0.010991
14 109 -0.0146524
14 110 -0.0182338
14 111 -0.0177091
14 112 -0.0110919
14 113 -0.0014372
14 114 0.00627884
14 115 0.00940926
14 116 0.00861636
14 117 0.00610295
14 118 0.00371833
14 119 0

15 0 0
15 1 0.00321222
15 2 0.0054608
15 3 0.00805699
15 4 0.00934897
15 5 0.00708437
15 6 0.0001163
15 7 -0.0095648
15 8 -0.0170897
15 9 -0.0186054
15 10 -0.0152195
15 11 -0.0111519
15 12 -0.00742104
15 13 -0.000878278
15 14 0.00864137
15 15 0.0156386
15 16 0.0171857
15 17 0.0169443
15 18 0.0167918
15 19 0.0135483
15 20 0.00677604
15 21 -0.000614154
15 22 -0.00795393
15 23 -0.0143922
15 24 -0.0179959
15 25 -0.0195562
15 26 -0.0194249
15 27 -0.0167959
15 28 -0.0129622
15 29 -0.00801385
15 30 -0.00187696
15 31 0.00394252
15 32 0.00977096
15 33 0.014871
15 34 0.0184898
15 35 0.0212258
15 36 0.0220593
15 37 0.0216612
15 38 0.0200107
15 39 0.0169909
15 40 0.0136003
15 41 0.00924319
15 42 0.00503633
15 43 0.000615919
15 44 -0.00354462
15 45 -0.00722218
15 46 -0.0107315
15 47 -0.0133749
15 48 -0.0159577
15 49 -0.0176256
15 50 -0.019285
15 51 -0.0201995
15 52 -0.0211072
15 53 -0.0215246
15 54 -0.0219146
15 55 -0.0220587
15 56 -0.0221535
15 57 -0.0221892
15 58 -0.0221607
15 59 -0.022186
15 60 -0.0221404
15 61 -0.022186
15 62 -0.0221607
15 63 -0.0221892
15 64 -0.0221535
15 65 -0.0220587
15 66 -0.0219146
15 67 -0.0215246
15 68 -0.0211072
15 69 -0.0201995
15 70 -0.019285
15 71 -0.0176256
15 72 -0.0159577
15 73 -0.0133749
15 74 -0.0107315
15 75 -0.00722218
15 76 -0.00354462
15 77 0.000615919
15 78 0.00503633
15 79 0.00924319
15 80 0.0136003
15 81 0.0169909
15 82 0.0200107
15 83 0.0216612
15 84 0.0220593
15 85 0.0212258
15 86 0.0184898
15 87 0.014871
15 88 0.00977096
15 89 0.00394252
15 90 -0.00187696
15 91 -0.00801385
15 92 -0.0129622
15 93 -0.0167959
15 94 -0.0194249
15 95 -0.0195562
15 96 -0.0179959
15 97 -0.0143922
15 98 -0.00795393
15 99 -0.000614154
15 100 0.00677604
15 101 0.0135483
15 102 0.0167918
15 103 0.0169443
15 104 0.0171857
15 105 0.0156386
15 106 0.00864137
15 107 -0.000878277
15 108 -0.00742104
15 109 -0.0111519
15 110 -0.0152194
15 111 -0.0186053
15 112 -0.017089
15 113 -0.0095623
15 114 0.000125533
15 115 0.00711441
15 116 0.00943468
15 117 0.00826919
15 118 0.00590912
15 119 0

16 0 0
16 1 0.00516295
16 2 0.00755968
16 3 0.00920237
16 4 0.00784415
16 5 0.00185783
16 6 -0.00759484
16 7 -0.0160459
16 8 -0.0189155
16 9 -0.0160589
16 10 -0.0115257
16 11 -0.00749059
16 12 -0.0013595
16 13 0.00797915
16 14 0.0154566
16 15 0.0171857
16 16 0.016792
16 17 0.0170354
16 18 0.0137623
16 19 0.00557291
16 20 -0.00259778
16 21 -0.00907004
16 22 -0.0148598
16 23 -0.018155
16 24 -0.0191533
16 25 -0.0191066
16 26 -0.0162777
16 27 -0.0114065
16 28 -0.00580461
16 29 0.00125733
16 30 0.00778825
16 31 0.0133142
16 32 0.0181615
16 33 0.0206779
16 34 0.0219813
16 35 0.0215704
16 36 0.0193141
16 37 0.0164825
16 38 0.0120801
16 39 0.00765136
16 40 0.00277689
16 41 -0.00213261
16 42 -0.0063489
16 43 -0.0106838
16 44 -0.0137875
16 45 -0.0169024
16 46 -0.0188903
16 47 -0.0206324
16 48 -0.0217069
16 49 -0.0222793
16 50 -0.0227024
16 51 -0.022469
16 52 -0.022498
16 53 -0.0218326
16 54 -0.021694
16 55 -0.0209015
16 56 -0.0207786
16 57 -0.0200701
16 58 -0.0200962
16 59 -0.0195927
16 60 -0.019847
16 61 -0.0195927
16 62 -0.0200962
16 63 -0.0200701
16 64 -0.0207786
16 65 -0.0209015
16 66 -0.021694
16 67 -0.0218326
16 68 -0.022498
16 69 -0.022469
16 70 -0.0227024
16 71 -0.0222793
16 72 -0.0217069
16 73 -0.0206324
16 74 -0.0188903
16 75 -0.0169024
16 76 -0.0137875
16 77 -0.0106838
16 78 -0.0063489
16 79 -0.00213261
16 80 0.00277689
16 81 0.00765136
16 82 0.0120801
16 83 0.0164825
16 84 0.0193141
16 85 0.0215704
16 86 0.0219813
16 87 0.0206779
16 88 0.0181615
16 89 0.0133142
16 90 0.00778825
16 91 0.00125733
16 92 -0.00580461
16 93 -0.0114065
16 94 -0.0162777
16 95 -0.0191066
16 96 -0.0191533
16 97 -0.018155
16 98 -0.0148598
16 99 -0.00907004
16 100 -0.00259778
16 101 0.00557291
16 102 0.0137623
16 103 0.0170354
16 104 0.016792
16 105 0.0171857
16 106 0.0154566
16 107 0.00797915
16 108 -0.00135949
16 109 -0.00749057
16 110 -0.0115256
16 111 -0.0160585
16 112 -0.0189136
16 113 -0.0160388
16 114 -0.00757121
16 115 0.00192732
16 116 0.00802205
16 117 0.00959304
16 118 0.00827705
16 119 0

17 0 0
17 1 0.00738915
17 2 0.00911612
17 3 0.0085451
17 4 0.00368306
17 5 -0.00523117
17 6 -0.0144612
17 7 -0.0189602
17 8 -0.0171
17 9 -0.0122297
17 10 -0.00767929
17 11 -0.00202309
17 12 0.00675956
17 13 0.0148644
17 14 0.0174476
17 15 0.0169443
17 16 0.0170354
17 17 0.0138442
17 18 0.00478346
17 19 -0.00400879
17 20 -0.00933121
17 21 -0.0144482
17 22 -0.0184734
17 23 -0.019498
17 24 -0.0191589
17 25 -0.0159412
17 26 -0.00946023
17 27 -0.00283211
17 28 0.00445003
17 29 0.011278
17 30 0.0158039
17 31 0.0196766
17 32 0.0213343
17 33 0.0210825
17 34 0.0199785
17 35 0.0164982
17 36 0.0126826
17 37 0.00775262
17 38 0.00225262
17 39 -0.00262969
17 40 -0.00809078
17 41 -0.0121008
17 42 -0.016127
17 43 -0.0189518
17 44 -0.021019
17 45 -0.0226247
17 46 -0.0229507
17 47 -0.0234668
17 48 -0.022617
17 49 -0.0222873
17 50 -0.020855
17 51 -0.0199872
17 52 -0.018441
17 53 -0.0173471
17 54 -0.0159988
17 55 -0.0149469
17 56 -0.0139764
17 57 -0.0131679
17 58 -0.0126606
17 59 -0.0122296
17 60 -0.0122059
17 61 -0.0122296
17 62 -0.0126606
17 63 -0.0131679
17 64 -0.0139764
17 65 -0.0149469
17 66 -0.0159988
17 67 -0.0173471
17 68 -0.018441
17 69 -0.0199872
17 70 -0.020855
17 71 -0.0222873
17 72 -0.022617
17 73 -0.0234668
17 74 -0.0229507
17 75 -0.0226247
17 76 -0.021019
17 77 -0.0189518
17 78 -0.016127
17 79 -0.0121008
17 80 -0.00809078
17 81 -0.00262969
17 82 0.00225262
17 83 0.00775262
17 84 0.0126826
17 85 0.0164982
17 86 0.0199785
17 87 0.0210825
17 88 0.0213343
17 89 0.0196766
17 90 0.0158039
17 91 0.011278
17 92 0.00445003
17 93 -0.00283211
17 94 -0.00946023
17 95 -0.0159412
17 96 -0.0191589
17 97 -0.019498
17 98 -0.0184734
17 99 -0.0144482
17 100 -0.00933121
17 101 -0.00400879
17 102 0.00478346
17 103 0.0138442
17 104 0.0170354
17 105 0.0169443
17 106 0.0174476
17 107 0.0148644
17 108 0.00675957
17 109 -0.00202302
17 110 -0.00767898
17 111 -0.0122284
17 112 -0.0170948
17 113 -0.0189423
17 114 -0.0144067
17 115 -0.00508669
17 116 0.00401312
17 117 0.00918097
17 118 0.0101076
17 119 0

18 0 0
18 1 0.00935791
18 2 0.00935863
18 3 0.00559122
18 4 -0.00252093
18 5 -0.0122473
18 6 -0.0185007
18 7 -0.0181791
18 8 -0.0133479
18 9 -0.00811551
18 10 -0.00274787
18 11 0.00518025
18 12 0.0137689
18 13 0.0177576
18 14 0.0174008
18 15 0.0167918
18 16 0.0137623
18 17 0.00478346
18 18 -0.00451576
18 19 -0.00923028
18 20 -0.0138202
18 21 -0.0191498
18 22 -0.020574
18 23 -0.0189518
18 24 -0.0149049
18 25 -0.00719101
18 26 0.000301444
18 27 0.00671891
18 28 0.0131557
18 29 0.017006
18 30 0.0198256
18 31 0.0215132
18 32 0.0203182
18 33 0.0185145
18 34 0.0143928
18 35 0.00901044
18 36 0.0036281
18 37 -0.00304201
18 38 -0.00824844
18 39 -0.0135778
18 40 -0.0176532
18 41 -0.0204079
18 42 -0.0228275
18 43 -0.0231982
18 44 -0.0238302
18 45 -0.0226457
18 46 -0.0217189
18 47 -0.0198083
18 48 -0.0177985
18 49 -0.0157488
18 50 -0.013207
18 51 -0.0113667
18 52 -0.00877271
18 53 -0.00732729
18 54 -0.00501776
18 55 -0.00405877
18 56 -0.00222503
18 57 -0.00179631
18 58 -0.000521351
18 59 -0.000646735
18 60 4.95352e-05
18 61 -0.000646735
18 62 -0.000521351
18 63 -0.00179631
18 64 -0.00222503
18 65 -0.00405877
18 66 -0.00501776
18 67 -0.00732729
18 68 -0.00877271
18 69 -0.0113667
18 70 -0.013207
18 71 -0.0157488
18 72 -0.0177985
18 73 -0.0198083
18 74 -0.0217189
18 75 -0.0226457
18 76 -0.0238302
18 77 -0.0231982
18 78 -0.0228275
18 79 -0.0204079
18 80 -0.0176532
18 81 -0.0135778
18 82 -0.00824844
18 83 -0.00304201
18 84 0.0036281
18 85 0.00901044
18 86 0.0143928
18 87 0.0185145
18 88 0.0203182
18 89 0.0215132
18 90 0.0198256
18 91 0.017006
18 92 0.0131557
18 93 0.00671891
18 94 0.000301444
18 95 -0.00719101
18 96 -0.0149049
18 97 -0.0189518
18 98 -0.020574
18 99 -0.0191498
18 100 -0.0138202
18 101 -0.00923028
18 102 -0.00451576
18 103 0.00478346
18 104 0.0137623
18 105 0.0167918
18 106 0.0174008
18 107 0.0177576
18 108 0.0137689
18 109 0.00518046
18 110 -0.00274693
18 111 -0.00811177
18 112 -0.0133347
18 113 -0.0181377
18 114 -0.0183871
18 115 -0.0119771
18 116 -0.00197468
18 117 0.00649872
18 118 0.010509
18 119 0

19 0 0
19 1 0.0103433
19 2 0.00770564
19 3 0.000581079
19 4 -0.00930616
19 5 -0.0172701
19 6 -0.0190151
19 7 -0.0148578
19 8 -0.00896636
19 9 -0.00349896
19 10 0.00348945
19 11 0.0121342
19 12 0.0177647
19 13 0.01811
19 14 0.0165658
19 15 0.0135483
19 16 0.00557291
19 17 -0.00400879
19 18 -0.00923028
19 19 -0.0135401
19 20 -0.0197468
19 21 -0.0217216
19 22 -0.0182544
19 23 -0.0130628
19 24 -0.00543806
19 25 0.00230641
19 26 0.00772261
19 27 0.0135278
19 28 0.0179518
19 29 0.0203146
19 30 0.0221138
19 31 0.0203897
19 32 0.0168357
19 33 0.0118641
19 34 0.00462387
19 35 -0.00158985
19 36 -0.00841451
19 37 -0.0139431
19 38 -0.0178733
19 39 -0.0214567
19 40 -0.0224584
19 41 -0.0235719
19 42 -0.0226815
19 43 -0.0214853
19 44 -0.0196395
19 45 -0.0168004
19 46 -0.0145436
19 47 -0.0109252
19 48 -0.00855368
19 49 -0.00492192
19 50 -0.00263713
19 51 0.000498248
19 52 0.00253791
19 53 0.00493586
19 54 0.00661684
19 55 0.00823275
19 56 0.00948716
19 57 0.0103809
19 58 0.0111703
19 59 0.0114328
19 60 0.0117227
19 61 0.0114328
19 62 0.0111703
19 63 0.0103809
19 64 0.00948716
19 65 0.00823275
19 66 0.00661684
19 67 0.00493586
19 68 0.00253791
19 69 0.000498248
19 70 -0.00263713
19 71 -0.00492192
19 72 -0.00855368
19 73 -0.0109252
19 74 -0.0145436
19 75 -0.0168004
19 76 -0.0196395
19 77 -0.0214853
19 78 -0.0226815
19 79 -0.0235719
19 80 -0.0224584
19 81 -0.0214567
19 82 -0.0178733
19 83 -0.0139431
19 84 -0.00841451
19 85 -0.00158985
19 86 0.00462387
19 87 0.0118641
19 88 0.0168357
19 89 0.0203897
19 90 0.0221138
19 91 0.0203146
19 92 0.0179518
19 93 0.0135278
19 94 0.00772261
19 95 0.00230641
19 96 -0.00543806
19 97 -0.0130628
19 98 -0.0182544
19 99 -0.0217216
19 100 -0.0197468
19 101 -0.0135401
19 102 -0.00923028
19 103 -0.00400879
19 104 0.00557291
19 105 0.0135483
19 106 0.0165658
19 107 0.01811
19 108 0.0177649
19 109 0.0121348
19 110 0.00349203
19 111 -0.00348957
19 112 -0.00893599
19 113 -0.0147714
19 114 -0.0188011
19 115 -0.0168158
19 116 -0.00850317
19 117 0.00169766
19 118 0.00874679
19 119 0

20 0 0
20 1 0.00964898
20 2 0.00404754
20 3 -0.00550992
20 4 -0.01495
20 5 -0.0191833
20 6 -0.0165473
20 7 -0.0103626
20 8 -0.0043786
20 9 0.00190165
20 10 0.0100722
20 11 0.0171251
20 12 0.0188733
20 13 0.0167117
20 14 0.013335
20 15 0.00677604
20 16 -0.00259778
20 17 -0.00933121
20 18 -0.0138202
20 19 -0.0197468
20 20 -0.0222061
20 21 -0.017581
20 22 -0.0112316
20 23 -0.00474985
20 24 0.0025989
20 25 0.00822578
20 26 0.0138331
20 27 0.0194279
20 28 0.0218513
20 29 0.0225106
20 30 0.0199282
20 31 0.0140509
20 32 0.00783424
20 33 -2.96622e-05
20 34 -0.00682355
20 35 -0.0123734
20 36 -0.0174769
20 37 -0.0199057
20 38 -0.0222547
20 39 -0.0225353
20 40 -0.0219974
20 41 -0.0209005
20 42 -0.0180902
20 43 -0.0158821
20 44 -0.0118514
20 45 -0.00875028
20 46 -0.0045543
20 47 -0.000966863
20 48 0.00265344
20 49 0.00623457
20 50 0.00893628
20 51 0.0121188
20 52 0.0138703
20 53 0.0164541
20 54 0.0173926
20 55 0.0193514
20 56 0.0196604
20 57 0.0210681
20 58 0.0208999
20 59 0.0218536
20 60 0.0212907
20 61 0.0218536
20 62 0.0208999
20 63 0.0210681
20 64 0.0196604
20 65 0.0193514
20 66 0.0173926
20 67 0.0164541
20 68 0.0138703
20 69 0.0121188
20 70 0.00893628
20 71 0.00623457
20 72 0.00265344
20 73 -0.000966863
20 74 -0.0045543
20 75 -0.00875028
20 76 -0.0118514
20 77 -0.0158821
20 78 -0.0180902
20 79 -0.0209005
20 80 -0.0219974
20 81 -0.0225353
20 82 -0.0222547
20 83 -0.0199057
20 84 -0.0174769
20 85 -0.0123734
20 86 -0.00682355
20 87 -2.96622e-05
20 88 0.00783424
20 89 0.0140509
20 90 0.0199282
20 91 0.0225106
20 92 0.0218513
20 93 0.0194279
20 94 0.0138331
20 95 0.00822578
20 96 0.0025989
20 97 -0.00474985
20 98 -0.0112316
20 99 -0.017581
20 100 -0.0222061
20 101 -0.0197468
20 102 -0.0138202
20 103 -0.00933121
20 104 -0.00259778
20 105 0.00677604
20 106 0.013335
20 107 0.0167118
20 108 0.0188737
20 109 0.0171268
20 110 0.0100787
20 111 0.00192319
