0 0 0
0 1 0
0 2 0
0 3 0
0 4 0
0 5 0
0 6 0
0 7 0
0 8 0
0 9 0
0 10 0
0 11 0
0 12 0
0 13 0
0 14 0
0 15 0
0 16 0
0 17 0
0 18 0
0 19 0
0 20 0
0 21 0
0 22 0
0 23 0
0 24 0
0 25 0
0 26 0
0 27 0
0 28 0
0 29 0
0 30 0
0 31 0
0 32 0
0 33 0
0 34 0
0 35 0
0 36 0
0 37 0
0 38 0
0 39 0
0 40 0
0 41 0
0 42 0
0 43 0
0 44 0
0 45 0
0 46 0
0 47 0
0 48 0
0 49 0
0 50 0
0 51 0
0 52 0
0 53 0
0 54 0
0 55 0
0 56 0
0 57 0
0 58 0
0 59 0
0 60 0
0 61 0
0 62 0
0 63 0
0 64 0
0 65 0
0 66 0
0 67 0
0 68 0
0 69 0
0 70 0
0 71 0
0 72 0
0 73 0
0 74 0
0 75 0
0 76 0
0 77 0
0 78 0
0 79 0
0 80 0
0 81 0
0 82 0
0 83 0
0 84 0
0 85 0
0 86 0
0 87 0
0 88 0
0 89 0
0 90 0
0 91 0
0 92 0
0 93 0
0 94 0
0 95 0
0 96 0
0 97 0
0 98 0
0 99 0
0 100 0
0 101 0
0 102 0
0 103 0
0 104 0
0 105 0
0 106 0
0 107 0
0 108 0
0 109 0
0 110 0
0 111 0
0 112 0
0 113 0
0 114 0
0 115 0
0 116 0
0 117 0
0 118 0
0 119 0

1 0 0
1 1 0.0190579
1 2 0.0168684
1 3 0.0116572
1 4 0.00492092
1 5 -0.00262572
1 6 -0.00942415
1 7 -0.0142578
1 8 -0.0167423
1 9 -0.0159234
1 10 -0.0126924
1 11 -0.00708559
1 12 -0.000365087
1 13 0.00617951
1 14 0.0121324
1 15 0.0154953
1 16 0.0170151
1 17 0.0156766
1 18 0.0122322
1 19 0.00791778
1 20 0.00243991
1 21 -0.00228168
1 22 -0.00706951
1 23 -0.0112433
1 24 -0.0152385
1 25 -0.0184891
1 26 -0.0207898
1 27 -0.021671
1 28 -0.0204361
1 29 -0.0184954
1 30 -0.0147802
1 31 -0.0109708
1 32 -0.00590298
1 33 -0.000582693
1 34 0.00495375
1 35 0.0101181
1 36 0.0147308
1 37 0.0188403
1 38 0.0222032
1 39 0.0256307
1 40 0.0272189
1 41 0.0283284
1 42 0.0281595
1 43 0.0277607
1 44 0.0257878
1 45 0.0238703
1 46 0.0211553
1 47 0.0191089
1 48 0.0171144
1 49 0.015603
1 50 0.0140993
1 51 0.0133871
1 52 0.0125128
1 53 0.0110689
1 54 0.0094527
1 55 0.00788695
1 56 0.00596839
1 57 0.00388501
1 58 0.00278082
1 59 0.00231179
1 60 0.00232972
1 61 0.00297094
1 62 0.00462233
1 63 0.00607511
1 64 0.00724177
1 65 0.00840883
1 66 0.00951432
1 67 0.00999369
1 68 0.0104754
1 69 0.0116996
1 70 0.013156
1 71 0.0150718
1 72 0.0173205
1 73 0.0202581
1 74 0.0227146
1 75 0.0253054
1 76 0.0266277
1 77 0.0278609
1 78 0.0280363
1 79 0.0279193
1 80 0.0260044
1 81 0.0243427
1 82 0.0217063
1 83 0.0186883
1 84 0.014575
1 85 0.0100624
1 86 0.0049526
1 87 -0.000145359
1 88 -0.00489634
1 89 -0.0100096
1 90 -0.0140746
1 91 -0.018003
1 92 -0.0200439
1 93 -0.0211241
1 94 -0.0207894
1 95 -0.0197692
1 96 -0.017479
1 97 -0.014016
1 98 -0.00928368
1 99 -0.00266373
1 100 0.00380151
1 101 0.0106625
1 102 0.0156186
1 103 0.0183821
1 104 0.0185818
1 105 0.0156346
1 106 0.0107852
1 107 0.00402417
1 108 -0.00292651
1 109 -0.00945819
1 110 -0.0142939
1 111 -0.0166175
1 112 -0.0163394
1 113 -0.0129747
1 114 -0.00758106
1 115 -0.000605768
1 116 0.00664732
1 117 0.0128478
1 118 0.017216
1 119 0

2 0 0
2 1 0.0168684
2 2 0.013191
2 3 0.0075376
2 4 0.000701013
2 5 -0.00600896
2 6 -0.0113719
2 7 -0.014764
2 8 -0.0153791
2 9 -0.0132556
2 10 -0.00899142
2 11 -0.00293943
2 12 0.00344127
2 13 0.00918055
2 14 0.0135759
2 15 0.0154024
2 16 0.0149381
2 17 0.0122099
2 18 0.00756936
2 19 0.00229087
2 20 -0.0031458
2 21 -0.00821942
2 22 -0.0122671
2 23 -0.0156125
2 24 -0.0181466
2 25 -0.0192071
2 26 -0.0190475
2 27 -0.0168807
2 28 -0.0132198
2 29 -0.00885436
2 30 -0.00413302
2 31 0.000183705
2 32 0.00444535
2 33 0.00867275
2 34 0.0122777
2 35 0.0147522
2 36 0.0173096
2 37 0.0195625
2 38 0.0216965
2 39 0.0235795
2 40 0.024481
2 41 0.0242824
2 42 0.0234389
2 43 0.0215812
2 44 0.018208
2 45 0.0145728
2 46 0.0109633
2 47 0.0079471
2 48 0.00555389
2 49 0.00425805
2 50 0.00349146
2 51 0.00362327
2 52 0.00348188
2 53 0.00268966
2 54 0.00115732
2 55 -0.000472227
2 56 -0.0030139
2 57 -0.0055561
2 58 -0.00720746
2 59 -0.0075995
2 60 -0.00756275
2 61 -0.00627229
2 62 -0.0040915
2 63 -0.00192577
2 64 -0.000670696
2 65 0.000470557
2 66 0.00088021
2 67 0.000632002
2 68 0.000133479
2 69 0.00055217
2 70 0.001546
2 71 0.00370103
2 72 0.00655595
2 73 0.0101311
2 74 0.0138432
2 75 0.0174937
2 76 0.0197684
2 77 0.0212946
2 78 0.0223234
2 79 0.0225471
2 80 0.0219058
2 81 0.0212686
2 82 0.0205436
2 83 0.019632
2 84 0.0186925
2 85 0.016504
2 86 0.0134024
2 87 0.00985507
2 88 0.00579276
2 89 0.000661178
2 90 -0.00466063
2 91 -0.0100245
2 92 -0.0143676
2 93 -0.0172485
2 94 -0.0191073
2 95 -0.0195387
2 96 -0.0189094
2 97 -0.0169752
2 98 -0.0132783
2 99 -0.00811111
2 100 -0.0020619
2 101 0.00450524
2 102 0.0100808
2 103 0.0140091
2 104 0.0159171
2 105 0.0149382
2 106 0.0118943
2 107 0.00702492
2 108 0.000967501
2 109 -0.00479742
2 110 -0.00989018
2 111 -0.0132635
2 112 -0.0142207
2 113 -0.0130805
2 114 -0.00945172
2 115 -0.00418799
2 116 0.00181927
2 117 0.00803609
2 118 0.0128201
2 119 0

3 0 0
3 1 0.0116572
3 2 0.0075376
3 3 0.00154907
3 4 -0.00338559
3 5 -0.00817532
3 6 -0.0111307
3 7 -0.0116014
3 8 -0.0108712
3 9 -0.00715698
3 10 -0.0030877
3 11 0.00202702
3 12 0.00694205
3 13 0.0100011
3 14 0.0123886
3 15 0.0113766
3 16 0.0092286
3 17 0.00497611
3 18 -0.000327915
3 19 -0.00493994
3 20 -0.00974742
3 21 -0.0126826
3 22 -0.0152819
3 23 -0.0162583
3 24 -0.0168412
3 25 -0.015239
3 26 -0.0121787
3 27 -0.00776985
3 28 -0.00144146
3 29 0.00338393
3 30 0.00866531
3 31 0.0118751
3 32 0.0147676
3 33 0.015943
3 34 0.0165166
3 35 0.0156955
3 36 0.0149258
3 37 0.0149297
3 38 0.0146767
3 39 0.0155585
3 40 0.0148872
3 41 0.0144245
3 42 0.0124009
3 43 0.0104329
3 44 0.0056885
3 45 0.00174795
3 46 -0.00256944
3 47 -0.00535975
3 48 -0.00783735
3 49 -0.00809488
3 50 -0.00775027
3 51 -0.00629671
3 52 -0.00531391
3 53 -0.00507624
3 54 -0.0059446
3 55 -0.00750347
3 56 -0.0100351
3 57 -0.0129053
3 58 -0.0146073
3 59 -0.015184
3 60 -0.0147434
3 61 -0.0132086
3 62 -0.0104703
3 63 -0.00816353
3 64 -0.00675678
3 65 -0.00619302
3 66 -0.0066217
3 67 -0.00800028
3 68 -0.00969196
3 69 -0.0105158
3 70 -0.0105352
3 71 -0.00858257
3 72 -0.0060764
3 73 -0.00225188
3 74 0.0014574
3 75 0.00586313
3 76 0.00774054
3 77 0.00973624
3 78 0.0103529
3 79 0.0114671
3 80 0.0110771
3 81 0.0123491
3 82 0.0132156
3 83 0.0155556
3 84 0.0175656
3 85 0.0188877
3 86 0.0190222
3 87 0.0179025
3 88 0.0157898
3 89 0.0115621
3 90 0.00721465
3 91 0.000674233
3 92 -0.00421991
3 93 -0.00897305
3 94 -0.0121246
3 95 -0.0143507
3 96 -0.0156844
3 97 -0.0160298
3 98 -0.0154167
3 99 -0.0124075
3 100 -0.00911675
3 101 -0.00350408
3 102 0.00126667
3 103 0.00582942
3 104 0.0092868
3 105 0.0102472
3 106 0.0105117
3 107 0.00803534
3 108 0.00518357
3 109 0.0011693
3 110 -0.0030909
3 111 -0.00630055
3 112 -0.00930989
3 113 -0.00996238
3 114 -0.0094753
3 115 -0.0071119
3 116 -0.0030095
3 117 0.00130626
3 118 0.0064438
3 119 0

4 0 0
4 1 0.00492092
4 2 0.000701013
4 3 -0.00338559
4 4 -0.00620666
4 5 -0.00814205
4 6 -0.00799303
4 7 -0.00657581
4 8 -0.00395039
4 9 -0.000197026
4 10 0.00309491
4 11 0.00648513
4 12 0.00837545
4 13 0.00883956
4 14 0.00782719
4 15 0.00482657
4 16 0.00100129
4 17 -0.00367411
4 18 -0.00796532
4 19 -0.0117159
4 20 -0.0138579
4 21 -0.0151188
4 22 -0.0151139
4 23 -0.0138336
4 24 -0.0122207
4 25 -0.00823963
4 26 -0.00344318
4 27 0.00317053
4 28 0.00991007
4 29 0.0157265
4 30 0.0198485
4 31 0.0217993
4 32 0.0221752
4 33 0.020483
4 34 0.017749
4 35 0.0129792
4 36 0.00951442
4 37 0.00664924
4 38 0.00511581
4 39 0.00389922
4 40 0.00315448
4 41 0.00182617
4 42 0.000174395
4 43 -0.00242722
4 44 -0.00689257
4 45 -0.0111977
4 46 -0.0150646
4 47 -0.0175859
4 48 -0.0194073
4 49 -0.0185495
4 50 -0.0168929
4 51 -0.0139544
4 52 -0.0119763
4 53 -0.0102735
4 54 -0.0106638
4 55 -0.0115632
4 56 -0.0143309
4 57 -0.0167014
4 58 -0.0188945
4 59 -0.019056
4 60 -0.0187887
4 61 -0.0165025
4 62 -0.0140499
4 63 -0.0112368
4 64 -0.0103184
4 65 -0.00996522
4 66 -0.0117547
4 67 -0.0138852
4 68 -0.0170589
4 69 -0.0190091
4 70 -0.0202842
4 71 -0.018906
4 72 -0.0169942
4 73 -0.0136951
4 74 -0.0101574
4 75 -0.00631111
4 76 -0.00453563
4 77 -0.00342171
4 78 -0.00280279
4 79 -0.00232989
4 80 -0.00146675
4 81 0.000263973
4 82 0.00338506
4 83 0.00767107
4 84 0.0134821
4 85 0.0176781
4 86 0.0211777
4 87 0.0227015
4 88 0.0230101
4 89 0.0207778
4 90 0.0170518
4 91 0.0115801
4 92 0.0061
4 93 0.00137817
4 94 -0.00307349
4 95 -0.00605788
4 96 -0.00953347
4 97 -0.0120577
4 98 -0.0140457
4 99 -0.0146892
4 100 -0.0138756
4 101 -0.0114416
4 102 -0.00790436
4 103 -0.00403994
4 104 0.000363996
4 105 0.00345965
4 106 0.00628805
4 107 0.00754195
4 108 0.00742102
4 109 0.00651445
4 110 0.00389186
4 111 0.00121971
4 112 -0.00211182
4 113 -0.00500754
4 114 -0.00684884
4 115 -0.00779954
4 116 -0.00672245
4 117 -0.00454028
4 118 -0.000968664
4 119 0

5 0 0
5 1 -0.00262572
5 2 -0.00600896
5 3 -0.00817532
5 4 -0.00814205
5 5 -0.00656758
5 6 -0.0035578
5 7 0.00035949
5 8 0.00392973
5 9 0.00723467
5 10 0.00905501
5 11 0.0093915
5 12 0.00831164
5 13 0.00530172
5 14 0.00139635
5 15 -0.00341756
5 16 -0.00839486
5 17 -0.0124403
5 18 -0.0153875
5 19 -0.0165327
5 20 -0.0158889
5 21 -0.0141602
5 22 -0.0115416
5 23 -0.00832791
5 24 -0.00461136
5 25 0.000435109
5 26 0.00667097
5 27 0.0135681
5 28 0.0202601
5 29 0.0251358
5 30 0.0276609
5 31 0.0277818
5 32 0.0252738
5 33 0.0206556
5 34 0.0144182
5 35 0.00708799
5 36 0.000632931
5 37 -0.00386083
5 38 -0.00680166
5 39 -0.00855105
5 40 -0.00943516
5 41 -0.0102389
5 42 -0.0113
5 43 -0.0133783
5 44 -0.0169206
5 45 -0.0206972
5 46 -0.0235255
5 47 -0.0254249
5 48 -0.0259612
5 49 -0.0242241
5 50 -0.0208422
5 51 -0.0170194
5 52 -0.0135783
5 53 -0.0110914
5 54 -0.0103189
5 55 -0.0112071
5 56 -0.0133368
5 57 -0.0157556
5 58 -0.0175935
5 59 -0.0181119
5 60 -0.0172651
5 61 -0.0151066
5 62 -0.0123844
5 63 -0.009976
5 64 -0.00884729
5 65 -0.00942481
5 66 -0.0117817
5 67 -0.0151644
5 68 -0.0190261
5 69 -0.0225478
5 70 -0.0245562
5 71 -0.0244185
5 72 -0.0230762
5 73 -0.0209448
5 74 -0.0180283
5 75 -0.0154694
5 76 -0.0145026
5 77 -0.0146143
5 78 -0.0150205
5 79 -0.0152912
5 80 -0.0145834
5 81 -0.0124648
5 82 -0.00849069
5 83 -0.0021576
5 84 0.00552973
5 85 0.0126513
5 86 0.0187166
5 87 0.0231986
5 88 0.0255224
5 89 0.0257719
5 90 0.0238307
5 91 0.0200012
5 92 0.0156445
5 93 0.0113627
5 94 0.00745608
5 95 0.00386586
5 96 -0.000299913
5 97 -0.00497651
5 98 -0.00967151
5 99 -0.0139745
5 100 -0.0167602
5 101 -0.0175747
5 102 -0.0166877
5 103 -0.0137485
5 104 -0.00968674
5 105 -0.00493506
5 106 0.000280643
5 107 0.00472449
5 108 0.00843625
5 109 0.0105542
5 110 0.0107027
5 111 0.00917225
5 112 0.00572121
5 113 0.00137713
5 114 -0.00326087
5 115 -0.00725846
5 116 -0.00959426
5 117 -0.00998096
5 118 -0.0079967
5 119 0

6 0 0
6 1 -0.00942415
6 2 -0.0113719
6 3 -0.0111307
6 4 -0.00799303
6 5 -0.0035578
6 6 0.00194104
6 7 0.00717898
6 8 0.0109551
6 9 0.0131412
6 10 0.0126969
6 11 0.010249
6 12 0.00578832
6 13 0.000127585
6 14 -0.00600773
6 15 -0.0118053
6 16 -0.0162998
6 17 -0.019195
6 18 -0.019448
6 19 -0.0179168
6 20 -0.0142827
6 21 -0.00985906
6 22 -0.00543454
6 23 -0.000802541
6 24 0.00337875
6 25 0.00864429
6 26 0.0144117
6 27 0.020636
6 28 0.0259452
6 29 0.0292832
6 30 0.029914
6 31 0.0280187
6 32 0.0236458
6 33 0.0165064
6 34 0.00826523
6 35 -0.000817711
6 36 -0.00837175
6 37 -0.0137941
6 38 -0.0167645
6 39 -0.0183757
6 40 -0.0183908
6 41 -0.0180114
6 42 -0.0179455
6 43 -0.0188584
6 44 -0.0211192
6 45 -0.0236441
6 46 -0.0255959
6 47 -0.0263937
6 48 -0.0261161
6 49 -0.0233248
6 50 -0.0191585
6 51 -0.0144132
6 52 -0.0104656
6 53 -0.00707894
6 54 -0.00592531
6 55 -0.00643442
6 56 -0.0084643
6 57 -0.0103989
6 58 -0.0123716
6 59 -0.0127873
6 60 -0.0119247
6 61 -0.0095099
6 62 -0.00714243
6 63 -0.0046953
6 64 -0.00379412
6 65 -0.00458656
6 66 -0.00766542
6 67 -0.0113573
6 68 -0.0159445
6 69 -0.0200311
6 70 -0.0229004
6 71 -0.0233606
6 72 -0.022972
6 73 -0.0215506
6 74 -0.019844
6 75 -0.0185135
6 76 -0.0188462
6 77 -0.0202165
6 78 -0.0221768
6 79 -0.0236891
6 80 -0.0237483
6 81 -0.0222238
6 82 -0.0181538
6 83 -0.0115269
6 84 -0.00296988
6 85 0.00533731
6 86 0.0132367
6 87 0.0190035
6 88 0.0231339
6 89 0.0252032
6 90 0.025274
6 91 0.0234301
6 92 0.0209031
6 93 0.0183226
6 94 0.0157393
6 95 0.0132105
6 96 0.0089986
6 97 0.00376228
6 98 -0.00303715
6 99 -0.00996708
6 100 -0.0159731
6 101 -0.0203198
6 102 -0.0220931
6 103 -0.0214363
6 104 -0.018165
6 105 -0.0131049
6 106 -0.00636144
6 107 0.000525313
6 108 0.00715052
6 109 0.0122887
6 110 0.0148449
6 111 0.0152342
6 112 0.0122685
6 113 0.00756254
6 114 0.00138917
6 115 -0.00517071
6 116 -0.0100353
6 117 -0.013424
6 118 -0.0134012
6 119 0

7 0 0
7 1 -0.0142578
7 2 -0.014764
7 3 -0.0116014
7 4 -0.00657581
7 5 0.00035949
7 6 0.00717898
7 7 0.0124902
7 8 0.0160897
7 9 0.0160593
7 10 0.0137802
7 11 0.0085151
7 12 0.00158174
7 13 -0.00563918
7 14 -0.0132669
7 15 -0.0182947
7 16 -0.0220193
7 17 -0.0222427
7 18 -0.0195951
7 19 -0.015327
7 20 -0.00876408
7 21 -0.00314379
7 22 0.00248928
7 23 0.0065724
7 24 0.0105447
7 25 0.0141335
7 26 0.0183128
7 27 0.0227029
7 28 0.0253555
7 29 0.0274124
7 30 0.0259058
7 31 0.0231309
7 32 0.0170621
7 33 0.00959255
7 34 0.000461717
7 35 -0.00846091
7 36 -0.0157998
7 37 -0.0206468
7 38 -0.0224232
7 39 -0.0233187
7 40 -0.0214414
7 41 -0.0198713
7 42 -0.017782
7 43 -0.0179655
7 44 -0.0180934
7 45 -0.0199378
7 46 -0.0204489
7 47 -0.0210279
7 48 -0.0196366
7 49 -0.0169151
7 50 -0.0121157
7 51 -0.00761309
7 52 -0.0033206
7 53 -2.42551e-05
7 54 0.00146857
7 55 0.000777399
7 56 -0.00096355
7 57 -0.00276873
7 58 -0.00462814
7 59 -0.00523023
7 60 -0.00420794
7 61 -0.00190312
7 62 0.000299749
7 63 0.00251193
7 64 0.00357312
7 65 0.00256523
7 66 -0.000410862
7 67 -0.00424015
7 68 -0.00851863
7 69 -0.0129441
7 70 -0.0156111
7 71 -0.0168213
7 72 -0.0164521
7 73 -0.016084
7 74 -0.0148112
7 75 -0.0152838
7 76 -0.0160974
7 77 -0.0193321
7 78 -0.022303
7 79 -0.0258441
7 80 -0.0265918
7 81 -0.0267876
7 82 -0.0234941
7 83 -0.0180051
7 84 -0.0100688
7 85 -0.00205493
7 86 0.00550482
7 87 0.0118211
7 88 0.0161032
7 89 0.0196024
7 90 0.0204069
7 91 0.0213123
7 92 0.0205158
7 93 0.0205348
7 94 0.0201463
7 95 0.0194738
7 96 0.0169124
7 97 0.012084
7 98 0.00542946
7 99 -0.00362351
7 100 -0.0113933
7 101 -0.0190962
7 102 -0.0235664
7 103 -0.0251707
7 104 -0.0239238
7 105 -0.0190495
7 106 -0.0126966
7 107 -0.00422915
7 108 0.00379809
7 109 0.0111232
7 110 0.016195
7 111 0.0179432
7 112 0.0169219
7 113 0.0121692
7 114 0.00571851
7 115 -0.00190153
7 116 -0.00915752
7 117 -0.0140581
7 118 -0.0164744
7 119 0

8 0 0
8 1 -0.0167423
8 2 -0.0153791
8 3 -0.0108712
8 4 -0.00395039
8 5 0.00392973
8 6 0.0109551
8 7 0.0160897
8 8 0.0180606
8 9 0.016461
8 10 0.0119266
8 11 0.00468402
8 12 -0.00358458
8 13 -0.0116231
8 14 -0.0185464
8 15 -0.0226033
8 16 -0.0237634
8 17 -0.0215815
8 18 -0.0162125
8 19 -0.009148
8 20 -0.00139835
8 21 0.00555551
8 22 0.0104171
8 23 0.0134255
8 24 0.0152139
8 25 0.0163357
8 26 0.017975
8 27 0.0192804
8 28 0.0199245
8 29 0.0194183
8 30 0.0170946
8 31 0.0134406
8 32 0.00789662
8 33 0.000499129
8 34 -0.00759833
8 35 -0.0146615
8 36 -0.0204059
8 37 -0.0233167
8 38 -0.023705
8 39 -0.02222
8 40 -0.0190483
8 41 -0.0151477
8 42 -0.0121165
8 43 -0.0104296
8 44 -0.00960142
8 45 -0.00988284
8 46 -0.0101445
8 47 -0.0100186
8 48 -0.00867009
8 49 -0.00599423
8 50 -0.00179438
8 51 0.0021873
8 52 0.00591615
8 53 0.0087387
8 54 0.0100215
8 55 0.0090088
8 56 0.00743527
8 57 0.00561192
8 58 0.00394598
8 59 0.00304469
8 60 0.00422283
8 61 0.00617496
8 62 0.00829229
8 63 0.0101854
8 64 0.0115304
8 65 0.0106141
8 66 0.00816965
8 67 0.00484767
8 68 0.00127354
8 69 -0.00251601
8 70 -0.00480553
8 71 -0.00581713
8 72 -0.00567006
8 73 -0.00526413
8 74 -0.00495441
8 75 -0.00598063
8 76 -0.00803358
8 77 -0.0117498
8 78 -0.0165328
8 79 -0.020954
8 80 -0.0238615
8 81 -0.025217
8 82 -0.0241145
8 83 -0.0203187
8 84 -0.0150651
8 85 -0.00859872
8 86 -0.00242403
8 87 0.00246712
8 88 0.00612697
8 89 0.00934548
8 90 0.0115076
8 91 0.013464
8 92 0.0153476
8 93 0.0174855
8 94 0.0202337
8 95 0.0221504
8 96 0.0222275
8 97 0.0193975
8 98 0.0132088
8 99 0.00460085
8 100 -0.00479259
8 101 -0.013937
8 102 -0.020847
8 103 -0.0248526
8 104 -0.0257285
8 105 -0.0227746
8 106 -0.0171617
8 107 -0.0093405
8 108 -0.0004337
8 109 0.00770855
8 110 0.0142964
8 111 0.0179326
8 112 0.01798
8 113 0.0148697
8 114 0.00874143
8 115 0.00111928
8 116 -0.0065169
8 117 -0.0130104
8 118 -0.0164825
8 119 0

9 0 0
9 1 -0.0159234
9 2 -0.0132556
9 3 -0.00715698
9 4 -0.000197026
9 5 0.00723467
9 6 0.0131412
9 7 0.0160593
9 8 0.016461
9 9 0.0127135
9 10 0.00693449
9 11 -0.000846181
9 12 -0.00930281
9 13 -0.0160376
9 14 -0.0215858
9 15 -0.0230506
9 16 -0.0215055
9 17 -0.0165514
9 18 -0.00863883
9 19 -0.000360211
9 20 0.00798544
9 21 0.0137036
9 22 0.0169202
9 23 0.0171946
9 24 0.0160962
9 25 0.0140807
9 26 0.0123218
9 27 0.0110274
9 28 0.0090062
9 29 0.00764734
9 30 0.00486562
9 31 0.00201581
9 32 -0.00222414
9 33 -0.00734498
9 34 -0.0129278
9 35 -0.0172542
9 36 -0.019893
9 37 -0.0205182
9 38 -0.0184843
9 39 -0.0154787
9 40 -0.0103948
9 41 -0.00549584
9 42 -0.00118653
9 43 0.00096531
9 44 0.00286322
9 45 0.00294685
9 46 0.00293071
9 47 0.00270897
9 48 0.00373283
9 49 0.00545455
9 50 0.00843588
9 51 0.0111861
9 52 0.0137358
9 53 0.0156438
9 54 0.0161606
9 55 0.0149122
9 56 0.0131396
9 57 0.0115098
9 58 0.0097327
9 59 0.00890725
9 60 0.00976199
9 61 0.0115932
9 62 0.0132698
9 63 0.0151632
9 64 0.0165159
9 65 0.0162248
9 66 0.0145128
9 67 0.0123208
9 68 0.00987889
9 69 0.00739206
9 70 0.00608548
9 71 0.00565891
9 72 0.00635599
9 73 0.00698195
9 74 0.00733311
9 75 0.00590154
9 76 0.00398773
9 77 -0.000209615
9 78 -0.00525626
9 79 -0.0108031
9 80 -0.0145069
9 81 -0.0177229
9 82 -0.0183989
9 83 -0.0176154
9 84 -0.015036
9 85 -0.0116466
9 86 -0.00829692
9 87 -0.0059488
9 88 -0.00425752
9 89 -0.00226139
9 90 -0.000794777
9 91 0.00219983
9 92 0.00521713
9 93 0.00979783
9 94 0.014875
9 95 0.0198694
9 96 0.0229783
9 97 0.0231689
9 98 0.0196692
9 99 0.0124898
9 100 0.0039802
9 101 -0.00597243
9 102 -0.0138813
9 103 -0.020014
9 104 -0.0230325
9 105 -0.0222859
9 106 -0.0192459
9 107 -0.0129327
9 108 -0.00581182
9 109 0.00194337
9 110 0.00879993
9 111 0.0133604
9 112 0.015592
9 113 0.0142924
9 114 0.0105173
9 115 0.00447516
9 116 -0.00246701
9 117 -0.00879002
9 118 -0.0135749
9 119 0

10 0 0
10 1 -0.0126924
10 2 -0.00899142
10 3 -0.0030877
10 4 0.00309491
10 5 0.00905501
10 6 0.0126969
10 7 0.0137802
10 8 0.0119266
10 9 0.00693449
10 10 0.000556425
10 11 -0.00715258
10 12 -0.0139841
10 13 -0.019123
10 14 -0.0217179
10 15 -0.0205436
10 16 -0.0163223
10 17 -0.00886828
10 18 8.81923e-05
10 19 0.00929059
10 20 0.0164625
10 21 0.0206831
10 22 0.0211512
10 23 0.0182628
10 24 0.014127
10 25 0.00867735
10 26 0.00430318
10 27 0.000108497
10 28 -0.00318885
10 29 -0.00559518
10 30 -0.00747036
10 31 -0.00895893
10 32 -0.0109106
10 33 -0.0130388
10 34 -0.0155225
10 35 -0.0160329
10 36 -0.0158154
10 37 -0.0135248
10 38 -0.0100322
10 39 -0.00505787
10 40 0.000538933
10 41 0.00634093
10 42 0.0105969
10 43 0.0131896
10 44 0.0150657
10 45 0.0153895
10 46 0.0149972
10 47 0.014216
10 48 0.0145166
10 49 0.0148821
10 50 0.0163772
10 51 0.0173637
10 52 0.0187456
10 53 0.0191446
10 54 0.019137
10 55 0.0172906
10 56 0.0158207
10 57 0.0139221
10 58 0.0126352
10 59 0.0114669
10 60 0.0124102
10 61 0.0134862
10 62 0.0151933
10 63 0.0165136
10 64 0.0182538
10 65 0.0182223
10 66 0.0178601
10 67 0.0166004
10 68 0.0158522
10 69 0.0146845
10 70 0.0148054
10 71 0.0150572
10 72 0.0165843
10 73 0.0177247
10 74 0.0183516
10 75 0.0173137
10 76 0.0157266
10 77 0.0122011
10 78 0.00720507
10 79 0.0019541
10 80 -0.00274195
10 81 -0.00656577
10 82 -0.00941605
10 83 -0.0108324
10 84 -0.0118658
10 85 -0.0113894
10 86 -0.0116092
10 87 -0.0120522
10 88 -0.0131187
10 89 -0.0132566
10 90 -0.0126806
10 91 -0.010114
10 92 -0.00607655
10 93 -0.000526415
10 94 0.00690863
10 95 0.0140273
10 96 0.0205809
10 97 0.0238624
10 98 0.0235075
10 99 0.0191427
10 100 0.0120416
10 101 0.00336982
10 102 -0.00513994
10 103 -0.0120558
10 104 -0.0172294
10 105 -0.019063
10 106 -0.0187645
10 107 -0.0155747
10 108 -0.010489
10 109 -0.00466265
10 110 0.00179805
10 111 0.00670744
10 112 0.0103079
10 113 0.0113492
10 114 0.00984287
10 115 0.00654455
10 116 0.0013779
10 117 -0.003714
10 118 -0.00834607
10 119 0

11 0 0
11 1 -0.00708559
11 2 -0.00293943
11 3 0.00202702
11 4 0.00648513
11 5 0.0093915
11 6 0.010249
11 7 0.0085151
11 8 0.00468402
11 9 -0.000846181
11 10 -0.00715258
11 11 -0.0128926
11 12 -0.0176009
11 13 -0.0196871
11 14 -0.0189184
11 15 -0.0152849
11 16 -0.00821345
11 17 0.000194709
11 18 0.00957234
11 19 0.0178473
11 20 0.0228654
11 21 0.0245973
11 22 0.0218399
11 23 0.0162703
11 24 0.0088828
11 25 0.00142849
11 26 -0.00532099
11 27 -0.0108471
11 28 -0.0145778
11 29 -0.0168716
11 30 -0.01711
11 31 -0.016803
11 32 -0.0154494
11 33 -0.0147592
11 34 -0.0135252
11 35 -0.0110392
11 36 -0.00765902
11 37 -0.00367721
11 38 0.000865408
11 39 0.00645557
11 40 0.011763
11 41 0.0171378
11 42 0.0204005
11 43 0.0227015
11 44 0.023635
11 45 0.0239219
11 46 0.022477
11 47 0.0213064
11 48 0.0202157
11 49 0.0195937
11 50 0.0189291
11 51 0.018655
11 52 0.0182639
11 53 0.0177211
11 54 0.0166514
11 55 0.0150025
11 56 0.0133925
11 57 0.0119288
11 58 0.010692
11 59 0.00989842
11 60 0.0102686
11 61 0.0110789
11 62 0.0121594
11 63 0.013379
11 64 0.0147292
11 65 0.0154953
11 66 0.0158826
11 67 0.0161242
11 68 0.0164598
11 69 0.0172113
11 70 0.0181914
11 71 0.0196887
11 72 0.0215762
11 73 0.0238034
11 74 0.0245978
11 75 0.0248076
11 76 0.0238556
11 77 0.0219641
11 78 0.0179678
11 79 0.0139766
11 80 0.00941363
11 81 0.0057164
11 82 0.00195395
11 83 -0.00150651
11 84 -0.00495926
11 85 -0.00751452
11 86 -0.0104416
11 87 -0.0143115
11 88 -0.0177214
11 89 -0.0206232
11 90 -0.0213664
11 91 -0.0203354
11 92 -0.0165579
11 93 -0.0108379
11 94 -0.00285199
11 95 0.00598432
11 96 0.0145092
11 97 0.0209716
11 98 0.0235633
11 99 0.0230201
11 100 0.0184525
11 101 0.0120591
11 102 0.00476764
11 103 -0.00263321
11 104 -0.0085283
11 105 -0.0130343
11 106 -0.0154879
11 107 -0.0158874
11 108 -0.0143241
11 109 -0.0111991
11 110 -0.00687575
11 111 -0.00207502
11 112 0.00228806
11 113 0.00587358
11 114 0.00765027
11 115 0.00756402
11 116 0.00580493
11 117 0.00239131
11 118 -0.00140895
11 119 0

12 0 0
12 1 -0.000365087
12 2 0.00344127
12 3 0.00694205
12 4 0.00837545
12 5 0.00831164
12 6 0.00578832
12 7 0.00158174
12 8 -0.00358458
12 9 -0.00930281
12 10 -0.0139841
12 11 -0.0176009
12 12 -0.0188187
12 13 -0.0178118
12 14 -0.0140687
12 15 -0.00788963
12 16 1.77713e-06
12 17 0.00921991
12 18 0.0173065
12 19 0.0239117
12 20 0.0263357
12 21 0.0248373
12 22 0.0195921
12 23 0.0112619
12 24 0.00273545
12 25 -0.00623193
12 26 -0.013394
12 27 -0.0191767
12 28 -0.0225455
12 29 -0.0235229
12 30 -0.0219889
12 31 -0.0190997
12 32 -0.0157853
12 33 -0.011628
12 34 -0.00790803
12 35 -0.00282763
12 36 0.00196644
12 37 0.00696971
12 38 0.0113031
12 39 0.0160899
12 40 0.0200741
12 41 0.0234994
12 42 0.0254536
12 43 0.0260921
12 44 0.0262807
12 45 0.025422
12 46 0.0237198
12 47 0.0213861
12 48 0.0198666
12 49 0.0176442
12 50 0.0158579
12 51 0.0138409
12 52 0.0126599
12 53 0.0107574
12 54 0.00954471
12 55 0.00782065
12 56 0.00690845
12 57 0.00553909
12 58 0.005074
12 59 0.00428349
12 60 0.00456423
12 61 0.00452359
12 62 0.00539294
12 63 0.00581894
12 64 0.00707802
12 65 0.00785412
12 66 0.00937528
12 67 0.0102243
12 68 0.0120237
12 69 0.0136674
12 70 0.0159461
12 71 0.0176207
12 72 0.020409
12 73 0.0226726
12 74 0.0244856
12 75 0.0253291
12 76 0.0261627
12 77 0.02567
12 78 0.0240988
12 79 0.021796
12 80 0.0189012
12 81 0.016064
12 82 0.0124444
12 83 0.00841153
12 84 0.00357256
12 85 -0.000655835
12 86 -0.00619754
12 87 -0.0115512
12 88 -0.0174734
12 89 -0.0222977
12 90 -0.0253204
12 91 -0.0255536
12 92 -0.0233717
12 93 -0.0187174
12 94 -0.0113274
12 95 -0.00290084
12 96 0.0069729
12 97 0.0149981
12 98 0.0209292
12 99 0.0232564
12 100 0.022124
12 101 0.0185994
12 102 0.0130714
12 103 0.00712168
12 104 0.000617839
12 105 -0.00508422
12 106 -0.0104245
12 107 -0.0141983
12 108 -0.0164067
12 109 -0.0168173
12 110 -0.014663
12 111 -0.0114165
12 112 -0.00621847
12 113 -0.00107519
12 114 0.00366656
12 115 0.00743374
12 116 0.00855938
12 117 0.0084208
12 118 0.00574791
12 119 0

13 0 0
13 1 0.00617951
13 2 0.00918055
13 3 0.0100011
13 4 0.00883956
13 5 0.00530172
13 6 0.000127585
13 7 -0.00563918
13 8 -0.0116231
13 9 -0.0160376
13 10 -0.019123
13 11 -0.0196871
13 12 -0.0178118
13 13 -0.0140479
13 14 -0.00754137
13 15 -0.000483229
13 16 0.0081021
13 17 0.0160058
13 18 0.0221241
13 19 0.0261891
13 20 0.0255342
13 21 0.0219153
13 22 0.0145609
13 23 0.00575674
13 24 -0.00339513
13 25 -0.0115266
13 26 -0.018041
13 27 -0.0227844
13 28 -0.0244947
13 29 -0.0243792
13 30 -0.0208089
13 31 -0.0166324
13 32 -0.011038
13 33 -0.00567192
13 34 -0.000104717
13 35 0.00573226
13 36 0.0110951
13 37 0.0153839
13 38 0.018222
13 39 0.0213669
13 40 0.0227182
13 41 0.0238937
13 42 0.0232825
13 43 0.0227996
13 44 0.0212779
13 45 0.0202395
13 46 0.0176579
13 47 0.0155321
13 48 0.0131329
13 49 0.0107037
13 50 0.00752415
13 51 0.00507777
13 52 0.00283992
13 53 0.000722468
13 54 -0.000861813
13 55 -0.00168926
13 56 -0.00216221
13 57 -0.00265352
13 58 -0.00266966
13 59 -0.00284213
13 60 -0.0031128
13 61 -0.00356218
13 62 -0.00350789
13 63 -0.00353613
13 64 -0.00314551
13 65 -0.00209474
13 66 -0.000396622
13 67 0.0013097
13 68 0.00340661
13 69 0.00613446
13 70 0.00837865
13 71 0.010533
13 72 0.0127708
13 73 0.0154801
13 74 0.0170731
13 75 0.0192634
13 76 0.0208497
13 77 0.0227719
13 78 0.0232365
13 79 0.0237804
13 80 0.0225979
13 81 0.0219333
13 82 0.0194658
13 83 0.0159745
13 84 0.0111569
13 85 0.00640353
13 86 0.000591011
13 87 -0.00591688
13 88 -0.0123476
13 89 -0.018763
13 90 -0.022619
13 91 -0.0250867
13 92 -0.0244355
13 93 -0.0219757
13 94 -0.0165971
13 95 -0.00949793
13 96 -0.000574963
13 97 0.00812572
13 98 0.0151849
13 99 0.0205165
13 100 0.0219784
13 101 0.0219231
13 102 0.01898
13 103 0.014664
13 104 0.00923931
13 105 0.0024959
13 106 -0.00407659
13 107 -0.01087
13 108 -0.0161223
13 109 -0.0197807
13 110 -0.0207027
13 111 -0.0188263
13 112 -0.0145561
13 113 -0.00810932
13 114 -0.0012577
13 115 0.00541359
13 116 0.0101977
13 117 0.0124949
13 118 0.0120748
13 119 0

14 0 0
14 1 0.0121324
14 2 0.0135759
14 3 0.0123886
14 4 0.00782719
14 5 0.00139635
14 6 -0.00600773
14 7 -0.0132669
14 8 -0.0185464
14 9 -0.0215858
14 10 -0.0217179
14 11 -0.0189184
14 12 -0.0140687
14 13 -0.00754137
14 14 -2.37388e-05
14 15 0.00743647
14 16 0.0145813
14 17 0.02039
14 18 0.023691
14 19 0.0243377
14 20 0.0213069
14 21 0.0152394
14 22 0.00754681
14 23 -0.000937995
14 24 -0.00838181
14 25 -0.0143133
14 26 -0.0187091
14 27 -0.0209163
14 28 -0.0210197
14 29 -0.0187658
14 30 -0.0142662
14 31 -0.00887447
14 32 -0.00310966
14 33 0.00294118
14 34 0.00858001
14 35 0.0136999
14 36 0.0179952
14 37 0.0202474
14 38 0.0209969
14 39 0.0208849
14 40 0.0195481
14 41 0.0172414
14 42 0.0146925
14 43 0.0121455
14 44 0.00992655
14 45 0.00810549
14 46 0.00594141
14 47 0.0038302
14 48 0.00181096
14 49 -0.000824293
14 50 -0.0041718
14 51 -0.0069331
14 52 -0.00931357
14 53 -0.0114766
14 54 -0.0127323
14 55 -0.0125827
14 56 -0.0121716
14 57 -0.0116985
14 58 -0.0110146
14 59 -0.0105972
14 60 -0.0112671
14 61 -0.0122162
14 62 -0.0129751
14 63 -0.0137075
14 64 -0.0142153
14 65 -0.0133677
14 66 -0.0116558
14 67 -0.00977469
14 68 -0.00754492
14 69 -0.00475006
14 70 -0.00266367
14 71 -0.00115411
14 72 0.000517426
14 73 0.00237612
14 74 0.00405462
14 75 0.00638277
14 76 0.00930164
14 77 0.0125802
14 78 0.0159462
14 79 0.0187394
14 80 0.0206154
14 81 0.0219344
14 82 0.0218958
14 83 0.0198515
14 84 0.0168103
14 85 0.0128704
14 86 0.00793778
14 87 0.00247014
14 88 -0.00354625
14 89 -0.00973636
14 90 -0.0146606
14 91 -0.0181095
14 92 -0.0200381
14 93 -0.0199553
14 94 -0.0180813
14 95 -0.0138419
14 96 -0.0073138
14 97 0.000128453
14 98 0.00781315
14 99 0.0142619
14 100 0.0186136
14 101 0.0211978
14 102 0.0215467
14 103 0.0198281
14 104 0.0163208
14 105 0.010539
14 106 0.00309385
14 107 -0.00509162
14 108 -0.013502
14 109 -0.0201093
14 110 -0.0240819
14 111 -0.0247568
14 112 -0.0212137
14 113 -0.0149949
14 114 -0.00641768
14 115 0.00263556
14 116 0.0100544
14 117 0.0154054
14 118 0.0166344
14 119 0

15 0 0
15 1 0.0154953
15 2 0.0154024
15 3 0.0113766
15 4 0.00482657
15 5 -0.00341756
15 6 -0.0118053
15 7 -0.0182947
15 8 -0.0226033
15 9 -0.0230506
15 10 -0.0205436
15 11 -0.0152849
15 12 -0.00788963
15 13 -0.000483229
15 14 0.00743647
15 15 0.0136873
15 16 0.0185224
15 17 0.0214562
15 18 0.0213638
15 19 0.0192025
15 20 0.0139198
15 21 0.00729924
15 22 3.20695e-05
15 23 -0.00633396
15 24 -0.0108817
15 25 -0.0136505
15 26 -0.0147386
15 27 -0.0145411
15 28 -0.0125145
15 29 -0.00943624
15 30 -0.00441309
15 31 0.000513443
15 32 0.00540571
15 33 0.0103137
15 34 0.0147372
15 35 0.0181806
15 36 0.0201085
15 37 0.020045
15 38 0.0178658
15 39 0.0149695
15 40 0.0104576
15 41 0.00562975
15 42 0.00097199
15 43 -0.00246829
15 44 -0.0052565
15 45 -0.00672711
15 46 -0.0081303
15 47 -0.00912789
15 48 -0.010339
15 49 -0.0122848
15 50 -0.0152098
15 51 -0.0176547
15 52 -0.0197246
15 53 -0.0215163
15 54 -0.0220295
15 55 -0.0208575
15 56 -0.0192667
15 57 -0.0178511
15 58 -0.0162432
15 59 -0.0154318
15 60 -0.0162167
15 61 -0.017821
15 62 -0.0192515
15 63 -0.0209254
15 64 -0.0222157
15 65 -0.0219317
15 66 -0.0204162
15 67 -0.0187672
15 68 -0.01679
15 69 -0.0144923
15 70 -0.013198
15 71 -0.0127781
15 72 -0.0125399
15 73 -0.0119659
15 74 -0.0111969
15 75 -0.00905299
15 76 -0.00600312
15 77 -0.00150692
15 78 0.0035362
15 79 0.00866461
15 80 0.0126108
15 81 0.0163394
15 82 0.0182967
15 83 0.0186998
15 84 0.0176395
15 85 0.0157593
15 86 0.0129702
15 87 0.00989992
15 88 0.00585338
15 89 0.000936262
15 90 -0.00327314
15 91 -0.00744648
15 92 -0.0108168
15 93 -0.0136895
15 94 -0.0150708
15 95 -0.0147233
15 96 -0.0115168
15 97 -0.00647302
15 98 -4.26015e-05
15 99 0.00671263
15 100 0.0123652
15 101 0.0175196
15 102 0.0203743
15 103 0.0217603
15 104 0.0204885
15 105 0.0163027
15 106 0.00987116
15 107 0.000966791
15 108 -0.0082896
15 109 -0.0170394
15 110 -0.0233538
15 111 -0.0261603
15 112 -0.0248214
15 113 -0.0194449
15 114 -0.0112453
15 115 -0.00133351
15 116 0.00775459
15 117 0.0148943
15 118 0.0183446
15 119 0

16 0 0
16 1 0.0170151
16 2 0.0149381
16 3 0.0092286
16 4 0.00100129
16 5 -0.00839486
16 6 -0.0162998
16 7 -0.0220193
16 8 -0.0237634
16 9 -0.0215055
16 10 -0.0163223
16 11 -0.00821345
16 12 1.77713e-06
16 13 0.0081021
16 14 0.0145813
16 15 0.0185224
16 16 0.0204713
16 17 0.0194084
16 18 0.0163545
16 19 0.0108215
16 20 0.00448656
16 21 -0.0023659
16 22 -0.00775589
16 23 -0.0106547
16 24 -0.0118551
16 25 -0.0101249
16 26 -0.00826458
16 27 -0.00501026
16 28 -0.00172555
16 29 0.00215487
16 30 0.00612075
16 31 0.00945242
16 32 0.0126498
16 33 0.0150528
16 34 0.0176158
16 35 0.0181197
16 36 0.0180664
16 37 0.0149607
16 38 0.0106996
16 39 0.00483859
16 40 -0.00156747
16 41 -0.00859495
16 42 -0.0142377
16 43 -0.0180168
16 44 -0.020432
16 45 -0.0209025
16 46 -0.0209376
16 47 -0.0200526
16 48 -0.0201609
16 49 -0.0206023
16 50 -0.0229457
16 51 -0.024317
16 52 -0.0262592
16 53 -0.0269365
16 54 -0.0270712
16 55 -0.0243958
16 56 -0.0221816
16 57 -0.0192618
16 58 -0.0173613
16 59 -0.0156668
16 60 -0.0170474
16 61 -0.0186537
16 62 -0.0213066
16 63 -0.0233119
16 64 -0.0258409
16 65 -0.0256524
16 66 -0.0250313
16 67 -0.0232619
16 68 -0.0222333
16 69 -0.020349
16 70 -0.0206004
16 71 -0.021259
16 72 -0.0231931
16 73 -0.0241758
16 74 -0.0250133
16 75 -0.0236933
16 76 -0.0212406
16 77 -0.0164655
16 78 -0.0103993
16 79 -0.00423784
16 80 0.00148164
16 81 0.00648483
16 82 0.0106296
16 83 0.012548
16 84 0.0143022
16 85 0.0144332
16 86 0.0150247
16 87 0.0145414
16 88 0.0139186
16 89 0.0115391
16 90 0.00881646
16 91 0.00498847
16 92 0.000441897
16 93 -0.00429995
16 94 -0.00961989
16 95 -0.0126102
16 96 -0.0140889
16 97 -0.0121101
16 98 -0.00802919
16 99 -0.00215205
16 100 0.0042695
16 101 0.010642
16 102 0.016439
16 103 0.0201335
16 104 0.022328
16 105 0.020609
16 106 0.0161727
16 107 0.00862431
16 108 -0.00121067
16 109 -0.010635
16 110 -0.0193062
16 111 -0.0242709
16 112 -0.0253072
16 113 -0.0220399
16 114 -0.0147164
16 115 -0.00555071
16 116 0.0043946
16 117 0.0124557
16 118 0.0173295
16 119 0

17 0 0
17 1 0.0156766
17 2 0.0122099
17 3 0.00497611
17 4 -0.00367411
17 5 -0.0124403
17 6 -0.019195
17 7 -0.0222427
17 8 -0.0215815
17 9 -0.0165514
17 10 -0.00886828
17 11 0.000194709
17 12 0.00921991
17 13 0.0160058
17 14 0.02039
17 15 0.0214562
17 16 0.0194084
17 17 0.0151028
17 18 0.00864308
17 19 0.00129643
17 20 -0.00581675
17 21 -0.0115868
17 22 -0.0144993
17 23 -0.0140608
17 24 -0.0107936
17 25 -0.00563092
17 26 -0.000215972
17 27 0.00473967
17 28 0.00901569
17 29 0.0121895
17 30 0.0145128
17 31 0.0156894
17 32 0.015699
17 33 0.0157349
17 34 0.0156532
17 35 0.0142696
17 36 0.0114502
17 37 0.00700799
17 38 0.00100074
17 39 -0.00603116
17 40 -0.0137188
17 41 -0.0213123
17 42 -0.0269373
17 43 -0.0300883
17 44 -0.0311533
17 45 -0.030285
17 46 -0.0279737
17 47 -0.0253828
17 48 -0.0234621
17 49 -0.0228787
17 50 -0.0236167
17 51 -0.0246672
17 52 -0.0255996
17 53 -0.0260339
17 54 -0.0249752
17 55 -0.0219592
17 56 -0.0184058
17 57 -0.015046
17 58 -0.0121159
17 59 -0.0105942
17 60 -0.0115825
17 61 -0.0139899
17 62 -0.0168539
17 63 -0.0199471
17 64 -0.0225638
17 65 -0.0232929
17 66 -0.0226356
17 67 -0.0215951
17 68 -0.0206002
17 69 -0.0200844
17 70 -0.0211116
17 71 -0.023687
17 72 -0.0271918
17 73 -0.0306387
17 74 -0.0328873
17 75 -0.0333694
17 76 -0.0319085
17 77 -0.0279928
17 78 -0.0220439
17 79 -0.015779
17 80 -0.00981309
17 81 -0.00436489
17 82 0.000167243
17 83 0.00380313
17 84 0.00680213
17 85 0.00923275
17 86 0.0121987
17 87 0.0156025
17 88 0.0179795
17 89 0.0189825
17 90 0.0185119
17 91 0.0159656
17 92 0.0114431
17 93 0.0050171
17 94 -0.00259121
17 95 -0.00954883
17 96 -0.0144532
17 97 -0.0162546
17 98 -0.014711
17 99 -0.0106927
17 100 -0.00469924
17 101 0.00247709
17 102 0.00961632
17 103 0.0163427
17 104 0.020992
17 105 0.0226251
17 106 0.020972
17 107 0.0153666
17 108 0.00722686
17 109 -0.00233848
17 110 -0.0116058
17 111 -0.0184783
17 112 -0.022054
17 113 -0.021346
17 114 -0.0167448
17 115 -0.00924453
17 116 -0.000392042
17 117 0.00777296
17 118 0.0136658
17 119 0

18 0 0
18 1 0.0122322
18 2 0.00756936
18 3 -0.000327915
18 4 -0.00796532
18 5 -0.0153875
18 6 -0.019448
18 7 -0.0195951
18 8 -0.0162125
18 9 -0.00863883
18 10 8.81923e-05
18 11 0.00957234
18 12 0.0173065
18 13 0.0221241
18 14 0.023691
18 15 0.0213638
18 16 0.0163545
18 17 0.00864308
18 18 0.000252411
18 19 -0.00860041
18 20 -0.0154365
18 21 -0.019458
18 22 -0.0197119
18 23 -0.0153078
18 24 -0.00888531
18 25 -0.000314832
18 26 0.0069749
18 27 0.0130956
18 28 0.017103
18 29 0.0188702
18 30 0.0187275
18 31 0.0168127
18 32 0.0143806
18 33 0.0115217
18 34 0.00975358
18 35 0.00656565
18 36 0.00310363
18 37 -0.00201073
18 38 -0.00789114
18 39 -0.0149299
18 40 -0.0220384
18 41 -0.028868
18 42 -0.0334419
18 43 -0.034899
18 44 -0.0343028
18 45 -0.0312628
18 46 -0.0269975
18 47 -0.0221066
18 48 -0.0189265
18 49 -0.016735
18 50 -0.0167564
18 51 -0.0169624
18 52 -0.0179226
18 53 -0.017599
18 54 -0.016447
18 55 -0.0127553
18 56 -0.00900324
18 57 -0.00474331
18 58 -0.00181025
18 59 0.000108815
18 60 -0.00119362
18 61 -0.00351563
18 62 -0.00716736
18 63 -0.0103312
18 64 -0.013453
18 65 -0.0140783
18 66 -0.0139331
18 67 -0.012583
18 68 -0.0121159
18 69 -0.0119583
18 70 -0.0142442
18 71 -0.0176883
18 72 -0.0231909
18 73 -0.028257
18 74 -0.0325441
18 75 -0.0345337
18 76 -0.0349439
18 77 -0.0322403
18 78 -0.0276545
18 79 -0.0225306
18 80 -0.0175884
18 81 -0.0131978
18 82 -0.00929007
18 83 -0.00610744
18 84 -0.00250276
18 85 0.000719757
18 86 0.00596757
18 87 0.0115402
18 88 0.0173998
18 89 0.0214898
18 90 0.0239073
18 91 0.0230575
18 92 0.0194948
18 93 0.0128936
18 94 0.00369578
18 95 -0.00527582
18 96 -0.013681
18 97 -0.018282
18 98 -0.0198379
18 99 -0.017651
18 100 -0.0128099
18 101 -0.00599368
18 102 0.00198335
18 103 0.00986959
18 104 0.0171053
18 105 0.0213832
18 106 0.0232235
18 107 0.0206404
18 108 0.0150771
18 109 0.0072272
18 110 -0.00211984
18 111 -0.00960427
18 112 -0.0157839
18 113 -0.0177901
18 114 -0.0163282
18 115 -0.0121009
18 116 -0.00489778
18 117 0.00164632
18 118 0.00792229
18 119 0

19 0 0
19 1 0.00791778
19 2 0.00229087
19 3 -0.00493994
19 4 -0.0117159
19 5 -0.0165327
19 6 -0.0179168
19 7 -0.015327
19 8 -0.009148
19 9 -0.000360211
19 10 0.00929059
19 11 0.0178473
19 12 0.0239117
19 13 0.0261891
19 14 0.0243377
19 15 0.0192025
19 16 0.0108215
19 17 0.00129643
19 18 -0.00860041
19 19 -0.0176134
19 20 -0.0232759
19 21 -0.0255819
19 22 -0.0226157
19 23 -0.0155281
19 24 -0.00586781
19 25 0.00441118
19 26 0.0129996
19 27 0.0190084
19 28 0.0217996
19 29 0.0218222
19 30 0.0185835
19 31 0.014225
19 32 0.0088441
19 33 0.00457103
19 34 0.00137502
19 35 -0.00185374
19 36 -0.00533263
19 37 -0.00929965
19 38 -0.0137896
19 39 -0.0193789
19 40 -0.024656
19 41 -0.0298727
19 42 -0.0322541
19 43 -0.032072
19 44 -0.029119
19 45 -0.0246084
19 46 -0.0180257
19 47 -0.0119923
19 48 -0.00729512
19 49 -0.00469869
19 50 -0.00371844
19 51 -0.00424381
19 52 -0.00495763
19 53 -0.00498531
19 54 -0.00351492
19 55 -0.000288048
19 56 0.00384474
19 57 0.00801956
19 58 0.0112628
19 59 0.0128076
19 60 0.0117992
19 61 0.00911071
19 62 0.00548274
19 63 0.00194719
19 64 -0.000708518
19 65 -0.00153973
19 66 -0.000937352
19 67 0.000411843
19 68 0.00144159
19 69 0.000984704
19 70 -0.00131545
19 71 -0.00577681
19 72 -0.0119153
19 73 -0.0187709
19 74 -0.0239942
19 75 -0.0279315
19 76 -0.0295659
19 77 -0.0289566
19 78 -0.0258678
19 79 -0.0229685
19 80 -0.0198081
19 81 -0.0177696
19 82 -0.0158192
19 83 -0.0140213
19 84 -0.011495
19 85 -0.00830105
19 86 -0.00269035
19 87 0.00489087
19 88 0.0126866
19 89 0.0199798
19 90 0.0245244
19 91 0.0262175
19 92 0.0240037
19 93 0.0182235
19 94 0.00888193
19 95 -0.00143321
19 96 -0.0114796
19 97 -0.0188376
19 98 -0.0223351
19 99 -0.0228308
19 100 -0.0194357
19 101 -0.0139428
19 102 -0.00638236
19 103 0.00234452
19 104 0.0108335
19 105 0.0181018
19 106 0.0227144
19 107 0.023897
19 108 0.0213652
19 109 0.0158392
19 110 0.00805592
19 111 -0.000110849
19 112 -0.00742947
19 113 -0.0125695
19 114 -0.0145186
19 115 -0.0135002
19 116 -0.00960742
19 117 -0.00425103
19 118 0.00136099
19 119 0

20 0 0
20 1 0.00243991
20 2 -0.0031458
20 3 -0.00974742
20 4 -0.0138579
20 5 -0.0158889
20 6 -0.0142827
20 7 -0.00876408
20 8 -0.00139835
20 9 0.00798544
20 10 0.0164625
20 11 0.0228654
20 12 0.0263357
20 13 0.0255342
20 14 0.0213069
20 15 0.0139198
20 16 0.00448656
20 17 -0.00581675
20 18 -0.0154365
20 19 -0.0232759
20 20 -0.0275843
20 21 -0.0271751
20 22 -0.0222228
20 23 -0.0129463
20 24 -0.00203266
20 25 0.00867569
20 26 0.016941
20 27 0.0215616
20 28 0.0226847
20 29 0.0198215
20 30 0.0142076
20 31 0.00734053
20 32 0.000561348
20 33 -0.00478693
20 34 -0.00775269
20 35 -0.00985341
20 36 -0.0117554
20 37 -0.0132517
20 38 -0.0152312
20 39 -0.0178991
20 40 -0.0208903
20 41 -0.0233034
20 42 -0.023731
20 43 -0.021333
20 44 -0.0169774
20 45 -0.0108505
20 46 -0.003316
20 47 0.00365927
20 48 0.00853384
20 49 0.0113371
20 50 0.0121607
20 51 0.0111906
20 52 0.0097947
20 53 0.00926307
20 54 0.0102347
20 55 0.0127961
20 56 0.0165794
20 57 0.0205106
20 58 0.023554
20 59 0.0247771
20 60 0.0238583
20 61 0.0211369
20 62 0.0175611
20 63 0.0141831
20 64 0.0120865
20 65 0.0116485
20 66 0.0127833
20 67 0.0148458
20 68 0.0165342
20 69 0.0164489
20 70 0.0143778
20 71 0.010164
20 72 0.00373946
20 73 -0.00345287
20 74 -0.00948677
20 75 -0.0141142
20 76 -0.0171694
20 77 -0.0178789
20 78 -0.017053
20 79 -0.0161151
20 80 -0.0158613
20 81 -0.016536
20 82 -0.017756
20 83 -0.0183522
20 84 -0.0183341
20 85 -0.0166506
20 86 -0.0116719
20 87 -0.00401735
20 88 0.00488738
20 89 0.0137532
20 90 0.0207674
20 91 0.0242962
20 92 0.0243682
20 93 0.0200671
20 94 0.0122018
20 95 0.00223171
20 96 -0.00802762
20 97 -0.0162315
20 98 -0.0216507
20 99 -0.0235953
20 100 -0.0224695
20 101 -0.0186974
20 102 -0.0128456
20 103 -0.00510968
20 104 0.00325215
20 105 0.0114829
20 106 0.0186383
20 107 0.0226291
20 108 0.0241096
20 109 0.0216797
20 110 0.0162686
20 111 0.00946945
20 112 0.00112122
20 113 -0.00557422
20 114 -0.0108441
20 115 -0.0134719
20 116 -0.0125821
20 117 -0.0101738
20 118 -0.00528589
