0 0 0
0 1 0
0 2 0
0 3 0
0 4 0
0 5 0
0 6 0
0 7 0
0 8 0
0 9 0
0 10 0
0 11 0
0 12 0
0 13 0
0 14 0
0 15 0
0 16 0
0 17 0
0 18 0
0 19 0
0 20 0
0 21 0
0 22 0
0 23 0
0 24 0
0 25 0
0 26 0
0 27 0
0 28 0
0 29 0
0 30 0
0 31 0
0 32 0
0 33 0
0 34 0
0 35 0
0 36 0
0 37 0
0 38 0
0 39 0
0 40 0
0 41 0
0 42 0
0 43 0
0 44 0
0 45 0
0 46 0
0 47 0
0 48 0
0 49 0
0 50 0
0 51 0
0 52 0
0 53 0
0 54 0
0 55 0
0 56 0
0 57 0
0 58 0
0 59 0
0 60 0
0 61 0
0 62 0
0 63 0
0 64 0
0 65 0
0 66 0
0 67 0
0 68 0
0 69 0
0 70 0
0 71 0
0 72 0
0 73 0
0 74 0
0 75 0
0 76 0
0 77 0
0 78 0
0 79 0
0 80 0
0 81 0
0 82 0
0 83 0
0 84 0
0 85 0
0 86 0
0 87 0
0 88 0
0 89 0
0 90 0
0 91 0
0 92 0
0 93 0
0 94 0
0 95 0
0 96 0
0 97 0
0 98 0
0 99 0
0 100 0
0 101 0
0 102 0
0 103 0
0 104 0
0 105 0
0 106 0
0 107 0
0 108 0
0 109 0
0 110 0
0 111 0
0 112 0
0 113 0
0 114 0
0 115 0
0 116 0
0 117 0
0 118 0
0 119 0

1 0 0
1 1 0.0174663
1 2 0.0153939
1 3 0.010223
1 4 0.00259735
1 5 -0.00445772
1 6 -0.0113397
1 7 -0.0163998
1 8 -0.0178236
1 9 -0.0174119
1 10 -0.013616
1 11 -0.00715959
1 12 -0.00068145
1 13 0.0069581
1 14 0.0130533
1 15 0.0167405
1 16 0.0192875
1 17 0.0182421
1 18 0.015151
1 19 0.0107456
1 20 0.00488575
1 21 -0.000933778
1 22 -0.00698364
1 23 -0.0113282
1 24 -0.0148696
1 25 -0.0177081
1 26 -0.0185294
1 27 -0.0187238
1 28 -0.0178209
1 29 -0.0167852
1 30 -0.014429
1 31 -0.0110523
1 32 -0.00750863
1 33 -0.00297262
1 34 0.0020339
1 35 0.00835342
1 36 0.0139871
1 37 0.0190879
1 38 0.023005
1 39 0.0261038
1 40 0.0280324
1 41 0.0279875
1 42 0.0265951
1 43 0.0238634
1 44 0.0217137
1 45 0.0197471
1 46 0.018957
1 47 0.0179042
1 48 0.0170985
1 49 0.0154613
1 50 0.0138051
1 51 0.0116573
1 52 0.00976218
1 53 0.00783291
1 54 0.00627556
1 55 0.00488392
1 56 0.00380998
1 57 0.00296517
1 58 0.00236631
1 59 0.00202639
1 60 0.00189853
1 61 0.00204545
1 62 0.0024142
1 63 0.00306176
1 64 0.00398308
1 65 0.00515933
1 66 0.0066532
1 67 0.00824826
1 68 0.0100473
1 69 0.0115391
1 70 0.0129917
1 71 0.0138394
1 72 0.014972
1 73 0.0160863
1 74 0.0185032
1 75 0.0213195
1 76 0.0249524
1 77 0.0273686
1 78 0.0287713
1 79 0.0281594
1 80 0.0267498
1 81 0.0242725
1 82 0.0208938
1 83 0.0165406
1 84 0.0115116
1 85 0.00726101
1 86 0.00305119
1 87 -0.000633744
1 88 -0.00504627
1 89 -0.00869843
1 90 -0.0121324
1 91 -0.0154708
1 92 -0.0184626
1 93 -0.0207745
1 94 -0.0208605
1 95 -0.0202131
1 96 -0.0174565
1 97 -0.0127926
1 98 -0.00667539
1 99 0.000350729
1 100 0.00680022
1 101 0.0135507
1 102 0.0178969
1 103 0.0197918
1 104 0.0199082
1 105 0.0164969
1 106 0.0114345
1 107 0.00458873
1 108 -0.00305224
1 109 -0.0094795
1 110 -0.0150758
1 111 -0.0176083
1 112 -0.0174759
1 113 -0.0151107
1 114 -0.00899505
1 115 -0.00243767
1 116 0.00434531
1 117 0.0118387
1 118 0.015701
1 119 0

2 0 0
2 1 0.0153939
2 2 0.0121394
2 3 0.00545421
2 4 -0.000956085
2 5 -0.00784754
2 6 -0.0141051
2 7 -0.0160268
2 8 -0.0162312
2 9 -0.0136529
2 10 -0.00755391
2 11 -0.00234475
2 12 0.00406176
2 13 0.0103256
2 14 0.0138712
2 15 0.0169517
2 16 0.0167406
2 17 0.014908
2 18 0.0113764
2 19 0.00477051
2 20 -0.000300592
2 21 -0.0069944
2 22 -0.0126649
2 23 -0.0156713
2 24 -0.0184695
2 25 -0.0179245
2 26 -0.017544
2 27 -0.0145227
2 28 -0.0110508
2 29 -0.00858302
2 30 -0.00428845
2 31 -0.00161773
2 32 0.0028928
2 33 0.00540664
2 34 0.00908238
2 35 0.0131253
2 36 0.0166023
2 37 0.0205097
2 38 0.0216455
2 39 0.0240134
2 40 0.0234696
2 41 0.0235424
2 42 0.0203624
2 43 0.0172612
2 44 0.0132308
2 45 0.0102174
2 46 0.00841589
2 47 0.0067205
2 48 0.00624135
2 49 0.00426792
2 50 0.00357384
2 51 0.000914735
2 52 0.000133737
2 53 -0.00251536
2 54 -0.00289336
2 55 -0.00510322
2 56 -0.00497428
2 57 -0.00670652
2 58 -0.00614411
2 59 -0.00745694
2 60 -0.00650795
2 61 -0.00742821
2 62 -0.00607436
2 63 -0.00657251
2 64 -0.00474814
2 65 -0.00476978
2 66 -0.0024827
2 67 -0.00214484
2 68 0.000234744
2 69 0.000444948
2 70 0.00230813
2 71 0.0022943
2 72 0.00415098
2 73 0.00552636
2 74 0.00906184
2 75 0.0128659
2 76 0.0168828
2 77 0.0202231
2 78 0.021391
2 79 0.0226845
2 80 0.0216933
2 81 0.0220186
2 82 0.0193545
2 83 0.0179397
2 84 0.0147595
2 85 0.0132556
2 86 0.0111084
2 87 0.00800299
2 88 0.00522047
2 89 0.000610013
2 90 -0.00246747
2 91 -0.00837472
2 92 -0.0127511
2 93 -0.0169243
2 94 -0.0198745
2 95 -0.0204061
2 96 -0.0205014
2 97 -0.0159994
2 98 -0.0114959
2 99 -0.00529606
2 100 0.00206528
2 101 0.00765063
2 102 0.0133593
2 103 0.0156166
2 104 0.0168249
2 105 0.0158916
2 106 0.0114423
2 107 0.00790726
2 108 0.00215209
2 109 -0.00408581
2 110 -0.00838169
2 111 -0.013223
2 112 -0.0150513
2 113 -0.0141225
2 114 -0.011961
2 115 -0.00607627
2 116 0.000515711
2 117 0.00610648
2 118 0.011857
2 119 0

3 0 0
3 1 0.010223
3 2 0.00545421
3 3 -0.000122152
3 4 -0.005513
3 5 -0.00979721
3 6 -0.0119092
3 7 -0.0119373
3 8 -0.0102618
3 9 -0.00682134
3 10 -0.00272185
3 11 0.00236018
3 12 0.00741642
3 13 0.0107912
3 14 0.01398
3 15 0.0144444
3 16 0.012116
3 17 0.00932479
3 18 0.00334428
3 19 -0.00276388
3 20 -0.0081761
3 21 -0.0135727
3 22 -0.0162025
3 23 -0.0180293
3 24 -0.0164677
3 25 -0.0136095
3 26 -0.0104474
3 27 -0.00484292
3 28 -0.00075489
3 29 0.00394455
3 30 0.00661142
3 31 0.00918138
3 32 0.0115301
3 33 0.0118053
3 34 0.0131436
3 35 0.0130396
3 36 0.0150217
3 37 0.0152343
3 38 0.0156393
3 39 0.0150719
3 40 0.0139859
3 41 0.0129025
3 42 0.00944863
3 43 0.00631081
3 44 0.00106861
3 45 -0.00171281
3 46 -0.00508297
3 47 -0.00555317
3 48 -0.0069542
3 49 -0.00684268
3 50 -0.00808399
3 51 -0.00861085
3 52 -0.00995447
3 53 -0.0107699
3 54 -0.0117414
3 55 -0.0124153
3 56 -0.0128841
3 57 -0.0133508
3 58 -0.0134455
3 59 -0.0137435
3 60 -0.013591
3 61 -0.013702
3 62 -0.0133481
3 63 -0.0131729
3 64 -0.0126027
3 65 -0.0120345
3 66 -0.0113323
3 67 -0.0105077
3 68 -0.0101169
3 69 -0.0094851
3 70 -0.00976378
3 71 -0.00899021
3 72 -0.0087198
3 73 -0.00586485
3 74 -0.00330605
3 75 0.00171387
3 76 0.004639
3 77 0.00835454
3 78 0.00931062
3 79 0.0112648
3 80 0.0119275
3 81 0.0129517
3 82 0.0132505
3 83 0.0129805
3 84 0.0141884
3 85 0.0143835
3 86 0.0157957
3 87 0.0143557
3 88 0.0136512
3 89 0.0110912
3 90 0.0075678
3 91 0.00294541
3 92 -0.00316513
3 93 -0.00729147
3 94 -0.0126826
3 95 -0.0157627
3 96 -0.0175099
3 97 -0.0172097
3 98 -0.0144271
3 99 -0.0115375
3 100 -0.00559721
3 101 -0.000357506
3 102 0.00436626
3 103 0.00926763
3 104 0.0113573
3 105 0.012476
3 106 0.0114909
3 107 0.00887983
3 108 0.00573422
3 109 0.00122946
3 110 -0.00225415
3 111 -0.00552637
3 112 -0.00882935
3 113 -0.00983501
3 114 -0.00990452
3 115 -0.00871066
3 116 -0.00486226
3 117 -0.000198435
3 118 0.00436456
3 119 0

4 0 0
4 1 0.00259735
4 2 -0.000956085
4 3 -0.005513
4 4 -0.00858916
4 5 -0.00863538
4 6 -0.00822214
4 7 -0.00637871
4 8 -0.00254199
4 9 0.000453785
4 10 0.00365745
4 11 0.00761694
4 12 0.00951347
4 13 0.0105215
4 14 0.0104756
4 15 0.00773381
4 16 0.0043634
4 17 -0.000339855
4 18 -0.00547008
4 19 -0.00982966
4 20 -0.0142193
4 21 -0.0157118
4 22 -0.0163127
4 23 -0.0152989
4 24 -0.0110601
4 25 -0.00685385
4 26 -0.000837708
4 27 0.00458224
4 28 0.0101246
4 29 0.0148259
4 30 0.0165377
4 31 0.0183959
4 32 0.0176191
4 33 0.0167849
4 34 0.0140228
4 35 0.0113974
4 36 0.00974614
4 37 0.0074013
4 38 0.00613285
4 39 0.00303328
4 40 0.00168895
4 41 -0.0012018
4 42 -0.00337063
4 43 -0.00745008
4 44 -0.0114429
4 45 -0.0151719
4 46 -0.0178099
4 47 -0.0184263
4 48 -0.0188234
4 49 -0.0176616
4 50 -0.0178481
4 51 -0.0168168
4 52 -0.0175782
4 53 -0.0168125
4 54 -0.0177254
4 55 -0.0168931
4 56 -0.017698
4 57 -0.016778
4 58 -0.0175294
4 59 -0.0166283
4 60 -0.0174161
4 61 -0.0165706
4 62 -0.0173988
4 63 -0.0165516
4 64 -0.0173644
4 65 -0.0164859
4 66 -0.0173653
4 67 -0.0167308
4 68 -0.0180748
4 69 -0.0181108
4 70 -0.0198408
4 71 -0.0197479
4 72 -0.0199756
4 73 -0.0176897
4 74 -0.0150271
4 75 -0.0113827
4 76 -0.00842578
4 77 -0.00653984
4 78 -0.00453396
4 79 -0.00334084
4 80 -0.00051242
4 81 0.000811582
4 82 0.00382372
4 83 0.00584261
4 84 0.010143
4 85 0.0137347
4 86 0.0168939
4 87 0.0190996
4 88 0.0194662
4 89 0.0197166
4 90 0.0163416
4 91 0.0127572
4 92 0.00740804
4 93 0.00228401
4 94 -0.00285375
4 95 -0.00830715
4 96 -0.0108532
4 97 -0.0135312
4 98 -0.0141763
4 99 -0.0134261
4 100 -0.0117571
4 101 -0.00833993
4 102 -0.00550643
4 103 -0.0011633
4 104 0.00275115
4 105 0.00522935
4 106 0.00827008
4 107 0.00906233
4 108 0.00842197
4 109 0.00774929
4 110 0.00517768
4 111 0.00205343
4 112 -0.00075909
4 113 -0.00420846
4 114 -0.00697535
4 115 -0.00832585
4 116 -0.00867205
4 117 -0.00668925
4 118 -0.00278062
4 119 0

5 0 0
5 1 -0.00445772
5 2 -0.00784754
5 3 -0.00979721
5 4 -0.00863538
5 5 -0.00667085
5 6 -0.0033805
5 7 0.0010628
5 8 0.00449235
5 9 0.00820136
5 10 0.010766
5 11 0.0107132
5 12 0.0101267
5 13 0.00754371
5 14 0.00344421
5 15 -0.000258496
5 16 -0.00521816
5 17 -0.00946636
5 18 -0.0122486
5 19 -0.0151686
5 20 -0.0161359
5 21 -0.0154349
5 22 -0.0134548
5 23 -0.00963363
5 24 -0.00479046
5 25 0.00182743
5 26 0.00825381
5 27 0.0140337
5 28 0.0197078
5 29 0.0231323
5 30 0.0246651
5 31 0.0235496
5 32 0.0210215
5 33 0.0172124
5 34 0.0116064
5 35 0.00624291
5 36 0.000967409
5 37 -0.00268636
5 38 -0.00631523
5 39 -0.00938062
5 40 -0.0119438
5 41 -0.0140537
5 42 -0.0156863
5 43 -0.0184061
5 44 -0.0210731
5 45 -0.0243012
5 46 -0.0257624
5 47 -0.0263753
5 48 -0.0250422
5 49 -0.0235354
5 50 -0.0214869
5 51 -0.0200656
5 52 -0.0187609
5 53 -0.0179159
5 54 -0.0171749
5 55 -0.0165417
5 56 -0.0160377
5 57 -0.0155065
5 58 -0.0152246
5 59 -0.0148924
5 60 -0.0148856
5 61 -0.0148152
5 62 -0.0150559
5 63 -0.0152302
5 64 -0.0156622
5 65 -0.0161399
5 66 -0.0169222
5 67 -0.0180875
5 68 -0.0196405
5 69 -0.0217453
5 70 -0.0236309
5 71 -0.0252958
5 72 -0.0253392
5 73 -0.0245528
5 74 -0.0222409
5 75 -0.0206118
5 76 -0.0189773
5 77 -0.0186681
5 78 -0.0176359
5 79 -0.016456
5 80 -0.0142134
5 81 -0.011636
5 82 -0.0082772
5 83 -0.00322728
5 84 0.00259931
5 85 0.00921771
5 86 0.0143666
5 87 0.019196
5 88 0.0224706
5 89 0.0239928
5 90 0.023231
5 91 0.0203174
5 92 0.0170252
5 93 0.0119992
5 94 0.00666045
5 95 0.0014072
5 96 -0.00333226
5 97 -0.00722549
5 98 -0.0111282
5 99 -0.0130596
5 100 -0.014191
5 101 -0.014846
5 102 -0.0132906
5 103 -0.0110276
5 104 -0.00750084
5 105 -0.00288709
5 106 0.00162437
5 107 0.00664318
5 108 0.010218
5 109 0.0121476
5 110 0.0126105
5 111 0.0100638
5 112 0.00688189
5 113 0.00265182
5 114 -0.00332126
5 115 -0.00689343
5 116 -0.00971869
5 117 -0.0120691
5 118 -0.00955011
5 119 0

6 0 0
6 1 -0.0113397
6 2 -0.0141051
6 3 -0.0119092
6 4 -0.00822214
6 5 -0.0033805
6 6 0.00357521
6 7 0.00830858
6 8 0.0118674
6 9 0.0145808
6 10 0.0134866
6 11 0.0114902
6 12 0.0080244
6 13 0.00223026
6 14 -0.00273429
6 15 -0.00806297
6 16 -0.0127103
6 17 -0.0157981
6 18 -0.0178268
6 19 -0.0173372
6 20 -0.0161501
6 21 -0.012873
6 22 -0.00772483
6 23 -0.0026808
6 24 0.00389525
6 25 0.0103606
6 26 0.0167011
6 27 0.0216711
6 28 0.0250901
6 29 0.0274329
6 30 0.0265094
6 31 0.0236858
6 32 0.0186123
6 33 0.0127393
6 34 0.00568055
6 35 -0.00188431
6 36 -0.00819426
6 37 -0.0133652
6 38 -0.0166111
6 39 -0.0196478
6 40 -0.0212379
6 41 -0.0223784
6 42 -0.0224978
6 43 -0.0231392
6 44 -0.024292
6 45 -0.0257974
6 46 -0.026821
6 47 -0.0263474
6 48 -0.0248058
6 49 -0.0219819
6 50 -0.0193876
6 51 -0.016566
6 52 -0.0147787
6 53 -0.0128953
6 54 -0.011952
6 55 -0.0106555
6 56 -0.0101339
6 57 -0.00916887
6 58 -0.00896698
6 59 -0.00834363
6 60 -0.00850138
6 61 -0.00824394
6 62 -0.00875745
6 63 -0.00884626
6 64 -0.00973566
6 65 -0.0103021
6 66 -0.0118714
6 67 -0.0133836
6 68 -0.0160556
6 69 -0.0185424
6 70 -0.0214738
6 71 -0.0231568
6 72 -0.0240936
6 73 -0.0235436
6 74 -0.0229321
6 75 -0.0226423
6 76 -0.0233307
6 77 -0.0244554
6 78 -0.0249636
6 79 -0.0248803
6 80 -0.0235324
6 81 -0.021793
6 82 -0.0179163
6 83 -0.0127044
6 84 -0.00553206
6 85 0.00133159
6 86 0.00812162
6 87 0.0143406
6 88 0.0194754
6 89 0.0230352
6 90 0.0239822
6 91 0.0242807
6 92 0.022666
6 93 0.0199868
6 94 0.0157934
6 95 0.0111595
6 96 0.00636685
6 97 5.71869e-05
6 98 -0.00531263
6 99 -0.0106779
6 100 -0.0151333
6 101 -0.0181824
6 102 -0.0196062
6 103 -0.0180361
6 104 -0.0155888
6 105 -0.0104535
6 106 -0.00368975
6 107 0.00217121
6 108 0.00896192
6 109 0.0137111
6 110 0.0159781
6 111 0.016878
6 112 0.0138218
6 113 0.00892738
6 114 0.00304252
6 115 -0.00453287
6 116 -0.0104209
6 117 -0.0142545
6 118 -0.0158585
6 119 0

7 0 0
7 1 -0.0163998
7 2 -0.0160268
7 3 -0.0119373
7 4 -0.00637871
7 5 0.0010628
7 6 0.00830858
7 7 0.0134707
7 8 0.0173892
7 9 0.01772
7 10 0.0150754
7 11 0.0107908
7 12 0.00388059
7 13 -0.00298765
7 14 -0.00989746
7 15 -0.0156991
7 16 -0.0183675
7 17 -0.020269
7 18 -0.0188311
7 19 -0.0152205
7 20 -0.0114202
7 21 -0.00547158
7 22 1.54293e-05
7 23 0.00596412
7 24 0.0111203
7 25 0.0156641
7 26 0.0204762
7 27 0.0225841
7 28 0.0244789
7 29 0.0243023
7 30 0.0226205
7 31 0.0187174
7 32 0.0125856
7 33 0.00662058
7 34 -0.00115522
7 35 -0.00805567
7 36 -0.0152035
7 37 -0.0196748
7 38 -0.0226912
7 39 -0.0243232
7 40 -0.0246935
7 41 -0.0246047
7 42 -0.0228142
7 43 -0.0220208
7 44 -0.0207899
7 45 -0.0215268
7 46 -0.0211235
7 47 -0.0209885
7 48 -0.0186049
7 49 -0.0160979
7 50 -0.0124841
7 51 -0.00966556
7 52 -0.00695526
7 53 -0.00514231
7 54 -0.00364522
7 55 -0.00256306
7 56 -0.00174867
7 57 -0.00101943
7 58 -0.000621495
7 59 -0.000192335
7 60 -0.000162898
7 61 -6.85533e-05
7 62 -0.000371634
7 63 -0.000660705
7 64 -0.00135659
7 65 -0.00230995
7 66 -0.00380133
7 67 -0.00599098
7 68 -0.00860041
7 69 -0.0117964
7 70 -0.0142771
7 71 -0.016469
7 72 -0.0168449
7 73 -0.0174399
7 74 -0.0172873
7 75 -0.0192505
7 76 -0.0210068
7 77 -0.0241626
7 78 -0.0255485
7 79 -0.0271136
7 80 -0.0269589
7 81 -0.0261436
7 82 -0.0230621
7 83 -0.0178111
7 84 -0.0118635
7 85 -0.00495234
7 86 0.000866229
7 87 0.00778118
7 88 0.0126559
7 89 0.016909
7 90 0.0193295
7 91 0.0212029
7 92 0.0224378
7 93 0.0213582
7 94 0.0204964
7 95 0.0176607
7 96 0.0142321
7 97 0.00876655
7 98 0.00237404
7 99 -0.00377695
7 100 -0.0115329
7 101 -0.0170492
7 102 -0.0211925
7 103 -0.023067
7 104 -0.0213594
7 105 -0.0174353
7 106 -0.0100883
7 107 -0.00229145
7 108 0.00580718
7 109 0.0137033
7 110 0.0177681
7 111 0.0198845
7 112 0.0186323
7 113 0.0132351
7 114 0.00714032
7 115 -0.000926566
7 116 -0.00909902
7 117 -0.0142674
7 118 -0.0178403
7 119 0

8 0 0
8 1 -0.0178236
8 2 -0.0162312
8 3 -0.0102618
8 4 -0.00254199
8 5 0.00449235
8 6 0.0118674
8 7 0.0173892
8 8 0.0188383
8 9 0.0180401
8 10 0.0142105
8 11 0.0065935
8 12 -0.00117376
8 13 -0.00889204
8 14 -0.0160014
8 15 -0.0195038
8 16 -0.0208531
8 17 -0.0193418
8 18 -0.015119
8 19 -0.0100079
8 20 -0.00332082
8 21 0.00213607
8 22 0.00774899
8 23 0.0128285
8 24 0.0152904
8 25 0.0182902
8 26 0.0193358
8 27 0.0198494
8 28 0.0189389
8 29 0.0166465
8 30 0.0145751
8 31 0.00934702
8 32 0.00433223
8 33 -0.00225796
8 34 -0.0081076
8 35 -0.0140661
8 36 -0.0197656
8 37 -0.0225797
8 38 -0.0245192
8 39 -0.0231878
8 40 -0.022481
8 41 -0.0193836
8 42 -0.0168093
8 43 -0.0131797
8 44 -0.0109328
8 45 -0.0097481
8 46 -0.00912561
8 47 -0.00888512
8 48 -0.00689228
8 49 -0.00504393
8 50 -0.00137415
8 51 0.000746452
8 52 0.00392032
8 53 0.004818
8 54 0.00682608
8 55 0.00674809
8 56 0.00811808
8 57 0.00765184
8 58 0.0087626
8 59 0.00812035
8 60 0.00906263
8 61 0.00826797
8 62 0.00904769
8 63 0.00802876
8 64 0.00846583
8 65 0.00684361
8 66 0.00637648
8 67 0.00359452
8 68 0.00198366
8 69 -0.0013541
8 70 -0.00264002
8 71 -0.00446652
8 72 -0.00417139
8 73 -0.00492806
8 74 -0.00575153
8 75 -0.00856475
8 76 -0.0122208
8 77 -0.0158665
8 78 -0.0196161
8 79 -0.0218476
8 80 -0.0246205
8 81 -0.0244362
8 82 -0.0237842
8 83 -0.019693
8 84 -0.0161575
8 85 -0.0113348
8 86 -0.00654747
8 87 -0.00163288
8 88 0.00345634
8 89 0.00651063
8 90 0.0109447
8 91 0.0138971
8 92 0.017355
8 93 0.0192314
8 94 0.0204169
8 95 0.0212479
8 96 0.0186412
8 97 0.0154955
8 98 0.00984608
8 99 0.00302399
8 100 -0.00454203
8 101 -0.0125321
8 102 -0.0179253
8 103 -0.0224373
8 104 -0.0234048
8 105 -0.0203918
8 106 -0.0156378
8 107 -0.00739376
8 108 0.00181228
8 109 0.00968885
8 110 0.0164213
8 111 0.0199011
8 112 0.0194999
8 113 0.016142
8 114 0.00996852
8 115 0.00211557
8 116 -0.00549375
8 117 -0.0123644
8 118 -0.0173094
8 119 0

9 0 0
9 1 -0.0174119
9 2 -0.0136529
9 3 -0.00682134
9 4 0.000453785
9 5 0.00820136
9 6 0.0145808
9 7 0.01772
9 8 0.0180401
9 9 0.0147316
9 10 0.0085066
9 11 0.00112023
9 12 -0.00694554
9 13 -0.0136555
9 14 -0.0180438
9 15 -0.020131
9 16 -0.0185205
9 17 -0.014513
9 18 -0.00923846
9 19 -0.00201321
9 20 0.00475787
9 21 0.0102347
9 22 0.0148594
9 23 0.0172936
9 24 0.0180165
9 25 0.0168061
9 26 0.0148277
9 27 0.0124292
9 28 0.00855886
9 29 0.00532718
9 30 0.00181543
9 31 -0.00181167
9 32 -0.00597965
9 33 -0.0103575
9 34 -0.0135157
9 35 -0.0170422
9 36 -0.0192821
9 37 -0.0207144
9 38 -0.0195598
9 39 -0.0169097
9 40 -0.0134367
9 41 -0.00923082
9 42 -0.00514698
9 43 -0.000421492
9 44 0.00263028
9 45 0.00492928
9 46 0.00497604
9 47 0.00528255
9 48 0.00531259
9 49 0.00683789
9 50 0.00851893
9 51 0.0107364
9 52 0.0123109
9 53 0.0134985
9 54 0.0140465
9 55 0.0142229
9 56 0.0142602
9 57 0.0141148
9 58 0.0141462
9 59 0.0140331
9 60 0.0141966
9 61 0.0142016
9 62 0.0144557
9 63 0.0144837
9 64 0.0145175
9 65 0.0141031
9 66 0.0132627
9 67 0.0119222
9 68 0.0102052
9 69 0.00887587
9 70 0.00798316
9 71 0.00841266
9 72 0.00879135
9 73 0.00925883
9 74 0.00754419
9 75 0.00494951
9 76 0.000485844
9 77 -0.00337528
9 78 -0.00788721
9 79 -0.011597
9 80 -0.0152971
9 81 -0.0173606
9 82 -0.0177042
9 83 -0.0171267
9 84 -0.015788
9 85 -0.0148337
9 86 -0.0124503
9 87 -0.0103955
9 88 -0.00784065
9 89 -0.00536499
9 90 -0.00172683
9 91 0.00310658
9 92 0.00750065
9 93 0.0125876
9 94 0.016942
9 95 0.0203259
9 96 0.021248
9 97 0.0196761
9 98 0.0164437
9 99 0.0100878
9 100 0.00259738
9 101 -0.00489284
9 102 -0.0122207
9 103 -0.0175633
9 104 -0.0203996
9 105 -0.0201027
9 106 -0.0168473
9 107 -0.0114124
9 108 -0.00379776
9 109 0.00394183
9 110 0.0106012
9 111 0.0159222
9 112 0.0174214
9 113 0.0158852
9 114 0.0123985
9 115 0.00532274
9 116 -0.00206378
9 117 -0.00802897
9 118 -0.0143651
9 119 0

10 0 0
10 1 -0.013616
10 2 -0.00755391
10 3 -0.00272185
10 4 0.00365745
10 5 0.010766
10 6 0.0134866
10 7 0.0150754
10 8 0.0142105
10 9 0.0085066
10 10 0.00261325
10 11 -0.00463795
10 12 -0.0121592
10 13 -0.016133
10 14 -0.0188148
10 15 -0.0180504
10 16 -0.0135044
10 17 -0.00773275
10 18 0.00010125
10 19 0.00751499
10 20 0.0140624
10 21 0.018632
10 22 0.0197469
10 23 0.0194565
10 24 0.0160943
10 25 0.011014
10 26 0.00582966
10 27 0.000387226
10 28 -0.00414745
10 29 -0.00830833
10 30 -0.0106054
10 31 -0.0121132
10 32 -0.0135848
10 33 -0.0144362
10 34 -0.0148978
10 35 -0.0145536
10 36 -0.0144246
10 37 -0.0133772
10 38 -0.0109248
10 39 -0.00695893
10 40 -0.0022695
10 41 0.00232727
10 42 0.00703361
10 43 0.0113808
10 44 0.0150227
10 45 0.0168562
10 46 0.0169594
10 47 0.0158704
10 48 0.0147977
10 49 0.0144562
10 50 0.0149361
10 51 0.0158821
10 52 0.016692
10 53 0.0171509
10 54 0.0170743
10 55 0.0167316
10 56 0.0161706
10 57 0.0157009
10 58 0.0152835
10 59 0.0151167
10 60 0.0150774
10 61 0.0152998
10 62 0.0156001
10 63 0.0160272
10 64 0.0162864
10 65 0.0163445
10 66 0.0159391
10 67 0.0152834
10 68 0.0145769
10 69 0.014474
10 70 0.0152755
10 71 0.0169718
10 72 0.0187408
10 73 0.0194762
10 74 0.0184833
10 75 0.0157766
10 76 0.0122906
10 77 0.00839433
10 78 0.00445426
10 79 0.000145455
10 80 -0.00365231
10 81 -0.00645969
10 82 -0.00810212
10 83 -0.0094909
10 84 -0.0113439
10 85 -0.0129281
10 86 -0.01438
10 87 -0.0152623
10 88 -0.0163286
10 89 -0.0159546
10 90 -0.0136944
10 91 -0.00991462
10 92 -0.00459914
10 93 0.00144862
10 94 0.00878658
10 95 0.0146382
10 96 0.0189252
10 97 0.0213996
10 98 0.0205539
10 99 0.0174004
10 100 0.0112874
10 101 0.0045423
10 102 -0.00285872
10 103 -0.0102729
10 104 -0.0143492
10 105 -0.0172081
10 106 -0.017014
10 107 -0.0133425
10 108 -0.00907746
10 109 -0.00232105
10 110 0.00408722
10 111 0.00854168
10 112 0.0125815
10 113 0.0130447
10 114 0.0110603
10 115 0.00796167
10 116 0.0021115
10 117 -0.00333433
10 118 -0.00768552
10 119 0

11 0 0
11 1 -0.00715959
11 2 -0.00234475
11 3 0.00236018
11 4 0.00761694
11 5 0.0107132
11 6 0.0114902
11 7 0.0107908
11 8 0.0065935
11 9 0.00112023
11 10 -0.00463795
11 11 -0.010972
11 12 -0.0150313
11 13 -0.0170588
11 14 -0.0159971
11 15 -0.0118911
11 16 -0.00646722
11 17 0.00174278
11 18 0.00924064
11 19 0.0155323
11 20 0.0210917
11 21 0.0224837
11 22 0.0216322
11 23 0.0177234
11 24 0.0116493
11 25 0.00437715
11 26 -0.00397466
11 27 -0.0100781
11 28 -0.0158556
11 29 -0.0193213
11 30 -0.0206833
11 31 -0.0202402
11 32 -0.0182451
11 33 -0.0166535
11 34 -0.0133268
11 35 -0.0105897
11 36 -0.00722077
11 37 -0.00458681
11 38 -0.000932995
11 39 0.00375858
11 40 0.00857019
11 41 0.0136137
11 42 0.0173971
11 43 0.0216628
11 44 0.0241311
11 45 0.0260172
11 46 0.0248942
11 47 0.0231161
11 48 0.0200372
11 49 0.0182217
11 50 0.0167856
11 51 0.016576
11 52 0.0162792
11 53 0.016056
11 54 0.015376
11 55 0.0144776
11 56 0.0135282
11 57 0.0125765
11 58 0.0119911
11 59 0.0115205
11 60 0.0115659
11 61 0.0117082
11 62 0.0122906
11 63 0.0128191
11 64 0.0134502
11 65 0.0137835
11 66 0.0139017
11 67 0.0139977
11 68 0.0143383
11 69 0.0158111
11 70 0.0180676
11 71 0.0215206
11 72 0.0240977
11 73 0.0260101
11 74 0.0252614
11 75 0.0240059
11 76 0.0210842
11 77 0.0188144
11 78 0.015049
11 79 0.0117498
11 80 0.0078777
11 81 0.00525441
11 82 0.00256502
11 83 -0.000816464
11 84 -0.00475341
11 85 -0.00955624
11 86 -0.0134267
11 87 -0.0183373
11 88 -0.0216394
11 89 -0.0239168
11 90 -0.0230517
11 91 -0.0202691
11 92 -0.0156137
11 93 -0.00809456
11 94 -0.000491422
11 95 0.0076911
11 96 0.0138746
11 97 0.0190472
11 98 0.0214584
11 99 0.0202855
11 100 0.018062
11 101 0.0126962
11 102 0.0065456
11 103 0.000114449
11 104 -0.00608052
11 105 -0.0103915
11 106 -0.0138532
11 107 -0.0139126
11 108 -0.0122008
11 109 -0.00965862
11 110 -0.00432159
11 111 0.000290641
11 112 0.00443573
11 113 0.00832197
11 114 0.00906063
11 115 0.00870099
11 116 0.0068668
11 117 0.00261321
11 118 -0.0011018
11 119 0

12 0 0
12 1 -0.00068145
12 2 0.00406176
12 3 0.00741642
12 4 0.00951347
12 5 0.0101267
12 6 0.0080244
12 7 0.00388059
12 8 -0.00117376
12 9 -0.00694554
12 10 -0.0121592
12 11 -0.0150313
12 12 -0.0161926
12 13 -0.014878
12 14 -0.0103231
12 15 -0.00488359
12 16 0.00220944
12 17 0.0101178
12 18 0.0163751
12 19 0.0215614
12 20 0.0240136
12 21 0.0237858
12 22 0.0201812
12 23 0.0134981
12 24 0.006051
12 25 -0.0036296
12 26 -0.0124591
12 27 -0.0196242
12 28 -0.0246679
12 29 -0.0267306
12 30 -0.026896
12 31 -0.0232226
12 32 -0.0189717
12 33 -0.0136331
12 34 -0.00835384
12 35 -0.00313926
12 36 0.00187683
12 37 0.0050846
12 38 0.00899188
12 39 0.0121765
12 40 0.0166532
12 41 0.0196799
12 42 0.0227694
12 43 0.024794
12 44 0.0265074
12 45 0.0269736
12 46 0.0253421
12 47 0.022434
12 48 0.0180726
12 49 0.014893
12 50 0.0118464
12 51 0.0109129
12 52 0.00952911
12 53 0.009412
12 54 0.00798696
12 55 0.0075229
12 56 0.00583502
12 57 0.00539966
12 58 0.00406986
12 59 0.00420101
12 60 0.00356179
12 61 0.00437908
12 62 0.00432169
12 63 0.00551246
12 64 0.00551457
12 65 0.00650016
12 66 0.0062185
12 67 0.00729594
12 68 0.00795241
12 69 0.0109381
12 70 0.0140499
12 71 0.0187343
12 72 0.0218923
12 73 0.0243608
12 74 0.0245661
12 75 0.0242645
12 76 0.0233853
12 77 0.0221912
12 78 0.0207194
12 79 0.0183044
12 80 0.0168346
12 81 0.014599
12 82 0.0127957
12 83 0.00837526
12 84 0.00361634
12 85 -0.00269915
12 86 -0.00913833
12 87 -0.0161386
12 88 -0.0226907
12 89 -0.0263497
12 90 -0.028388
12 91 -0.0269707
12 92 -0.0236557
12 93 -0.0168446
12 94 -0.00883693
12 95 -0.000927893
12 96 0.00752914
12 97 0.014008
12 98 0.0189514
12 99 0.0208653
12 100 0.0210042
12 101 0.0190999
12 102 0.0143401
12 103 0.00956706
12 104 0.00360104
12 105 -0.00267575
12 106 -0.00769056
12 107 -0.0120142
12 108 -0.0143658
12 109 -0.0145614
12 110 -0.0126966
12 111 -0.00889305
12 112 -0.00389265
12 113 0.00148547
12 114 0.00592284
12 115 0.00900234
12 116 0.00996506
12 117 0.008665
12 118 0.00607591
12 119 0

13 0 0
13 1 0.0069581
13 2 0.0103256
13 3 0.0107912
13 4 0.0105215
13 5 0.00754371
13 6 0.00223026
13 7 -0.00298765
13 8 -0.00889204
13 9 -0.0136555
13 10 -0.016133
13 11 -0.0170588
13 12 -0.014878
13 13 -0.0105946
13 14 -0.0048771
13 15 0.00270142
13 16 0.00976398
13 17 0.0164193
13 18 0.0219246
13 19 0.0240659
13 20 0.0242029
13 21 0.0213632
13 22 0.0150721
13 23 0.00727404
13 24 -0.00191175
13 25 -0.010976
13 26 -0.0193808
13 27 -0.0255412
13 28 -0.0281064
13 29 -0.0286494
13 30 -0.0258602
13 31 -0.0206356
13 32 -0.013757
13 33 -0.00664209
13 34 -0.000556412
13 35 0.00557342
13 36 0.00985814
13 37 0.0130832
13 38 0.0146273
13 39 0.0162392
13 40 0.017969
13 41 0.0192245
13 42 0.0202845
13 43 0.0204047
13 44 0.0209734
13 45 0.0201557
13 46 0.0186673
13 47 0.014819
13 48 0.0106263
13 49 0.00601194
13 50 0.0029485
13 51 0.000819585
13 52 -4.71197e-05
13 53 -0.000685644
13 54 -0.00122219
13 55 -0.00195945
13 56 -0.00284345
13 57 -0.00360938
13 58 -0.00431938
13 59 -0.00460153
13 60 -0.00474941
13 61 -0.0044511
13 62 -0.00415101
13 63 -0.00367389
13 64 -0.00344628
13 65 -0.0033092
13 66 -0.00320772
13 67 -0.00270341
13 68 -0.00108249
13 69 0.00172024
13 70 0.00596447
13 71 0.0100984
13 72 0.0138763
13 73 0.0156313
13 74 0.0168698
13 75 0.0170087
13 76 0.0179618
13 77 0.0181071
13 78 0.0186096
13 79 0.0185168
13 80 0.0191355
13 81 0.0194132
13 82 0.0183603
13 83 0.0156283
13 84 0.0108159
13 85 0.00539398
13 86 -0.00206502
13 87 -0.00980481
13 88 -0.0174262
13 89 -0.0229528
13 90 -0.0264298
13 91 -0.0281164
13 92 -0.0262774
13 93 -0.0222244
13 94 -0.0160224
13 95 -0.00905316
13 96 -0.00125929
13 97 0.00677972
13 98 0.0128376
13 99 0.018101
13 100 0.0214381
13 101 0.0220675
13 102 0.0208722
13 103 0.0171689
13 104 0.0119464
13 105 0.00533133
13 106 -0.00197875
13 107 -0.00828066
13 108 -0.0141412
13 109 -0.0174836
13 110 -0.0177793
13 111 -0.0166157
13 112 -0.0116022
13 113 -0.00500123
13 114 0.000620832
13 115 0.00764456
13 116 0.0120439
13 117 0.0125584
13 118 0.0131473
13 119 0

14 0 0
14 1 0.0130533
14 2 0.0138712
14 3 0.01398
14 4 0.0104756
14 5 0.00344421
14 6 -0.00273429
14 7 -0.00989746
14 8 -0.0160014
14 9 -0.0180438
14 10 -0.0188148
14 11 -0.0159971
14 12 -0.0103231
14 13 -0.0048771
14 14 0.0029425
14 15 0.0100875
14 16 0.0152801
14 17 0.0200285
14 18 0.0218288
14 19 0.0217181
14 20 0.0190205
14 21 0.0141586
14 22 0.00816944
14 23 -8.26726e-05
14 24 -0.00756121
14 25 -0.0148529
14 26 -0.0212571
14 27 -0.0249263
14 28 -0.0262144
14 29 -0.0242756
14 30 -0.020635
14 31 -0.0142929
14 32 -0.00662453
14 33 0.000665062
14 34 0.00706383
14 35 0.0119085
14 36 0.0157157
14 37 0.0170489
14 38 0.0168768
14 39 0.0157076
14 40 0.014857
14 41 0.0139823
14 42 0.012872
14 43 0.0116764
14 44 0.01056
14 45 0.00953247
14 46 0.00753738
14 47 0.00434929
14 48 -0.000118163
14 49 -0.00447997
14 50 -0.00808334
14 51 -0.0100559
14 52 -0.010979
14 53 -0.0110255
14 54 -0.0111162
14 55 -0.0111717
14 56 -0.0116048
14 57 -0.0119412
14 58 -0.0124018
14 59 -0.0125251
14 60 -0.0126364
14 61 -0.0124235
14 62 -0.0123561
14 63 -0.0122285
14 64 -0.0125165
14 65 -0.0128209
14 66 -0.013213
14 67 -0.0127791
14 68 -0.0113267
14 69 -0.00826651
14 70 -0.00444102
14 71 -0.00046935
14 72 0.00229537
14 73 0.0040129
14 74 0.0049188
14 75 0.00619859
14 76 0.00778751
14 77 0.0097184
14 78 0.0116639
14 79 0.0140944
14 80 0.0170156
14 81 0.0193779
14 82 0.0202156
14 83 0.0187049
14 84 0.0158787
14 85 0.0110531
14 86 0.00483473
14 87 -0.0028815
14 88 -0.0098686
14 89 -0.0156697
14 90 -0.0203277
14 91 -0.0229201
14 92 -0.0235793
14 93 -0.0213976
14 94 -0.0185229
14 95 -0.0137843
14 96 -0.00774826
14 97 -0.00167301
14 98 0.00506973
14 99 0.0109274
14 100 0.0167341
14 101 0.0202688
14 102 0.021872
14 103 0.0221223
14 104 0.018114
14 105 0.0127938
14 106 0.00573318
14 107 -0.00315348
14 108 -0.010683
14 109 -0.0176601
14 110 -0.0213912
14 111 -0.0212054
14 112 -0.0185974
14 113 -0.0116722
14 114 -0.00331781
14 115 0.00468812
14 116 0.0126152
14 117 0.0167367
14 118 0.0172147
14 119 0

15 0 0
15 1 0.0167405
15 2 0.0169517
15 3 0.0144444
15 4 0.00773381
15 5 -0.000258496
15 6 -0.00806297
15 7 -0.0156991
15 8 -0.0195038
15 9 -0.020131
15 10 -0.0180504
15 11 -0.0118911
15 12 -0.00488359
15 13 0.00270142
15 14 0.0100875
15 15 0.0151976
15 16 0.0188278
15 17 0.0194068
15 18 0.0184251
15 19 0.0156197
15 20 0.0101603
15 21 0.00535774
15 22 -0.000783106
15 23 -0.00696483
15 24 -0.0121038
15 25 -0.0166147
15 26 -0.0189987
15 27 -0.0206221
15 28 -0.0189362
15 29 -0.0155462
15 30 -0.0107452
15 31 -0.00417202
15 32 0.00256352
15 33 0.00953193
15 34 0.0138259
15 35 0.0171693
15 36 0.0181565
15 37 0.0173734
15 38 0.0143261
15 39 0.0101237
15 40 0.00657328
15 41 0.00309883
15 42 0.000726253
15 43 -0.00209913
15 44 -0.00342154
15 45 -0.00496705
15 46 -0.00582136
15 47 -0.00833505
15 48 -0.011298
15 49 -0.0151484
15 50 -0.017875
15 51 -0.0195451
15 52 -0.0196233
15 53 -0.0189633
15 54 -0.0180086
15 55 -0.0171987
15 56 -0.0167973
15 57 -0.0165232
15 58 -0.0165615
15 59 -0.0164246
15 60 -0.0165001
15 61 -0.0163953
15 62 -0.0166785
15 63 -0.0170725
15 64 -0.0180266
15 65 -0.0190933
15 66 -0.0200891
15 67 -0.0202915
15 68 -0.0191827
15 69 -0.0169282
15 70 -0.0138506
15 71 -0.0115253
15 72 -0.00990264
15 73 -0.00975077
15 74 -0.0090165
15 75 -0.00827057
15 76 -0.00587544
15 77 -0.00368667
15 78 8.5882e-05
15 79 0.0041235
15 80 0.00961456
15 81 0.0139882
15 82 0.0170359
15 83 0.0181166
15 84 0.0175444
15 85 0.015576
15 86 0.0109334
15 87 0.00592816
15 88 6.83331e-05
15 89 -0.00457458
15 90 -0.00965656
15 91 -0.0133841
15 92 -0.0156046
15 93 -0.017195
15 94 -0.0171348
15 95 -0.0164432
15 96 -0.0131215
15 97 -0.00955545
15 98 -0.00449398
15 99 0.0023714
15 100 0.00852678
15 101 0.0149804
15 102 0.0195445
15 103 0.022421
15 104 0.0221383
15 105 0.018075
15 106 0.0123987
15 107 0.00326108
15 108 -0.006265
15 109 -0.0142448
15 110 -0.0212304
15 111 -0.0234836
15 112 -0.0217903
15 113 -0.0167473
15 114 -0.00756252
15 115 0.00189761
15 116 0.0105844
15 117 0.0176463
15 118 0.0198642
15 119 0

16 0 0
16 1 0.0192875
16 2 0.0167406
16 3 0.012116
16 4 0.0043634
16 5 -0.00521816
16 6 -0.0127103
16 7 -0.0183675
16 8 -0.0208531
16 9 -0.0185205
16 10 -0.0135044
16 11 -0.00646722
16 12 0.00220944
16 13 0.00976398
16 14 0.0152801
16 15 0.0188278
16 16 0.0189396
16 17 0.0163707
16 18 0.0122022
16 19 0.00621389
16 20 9.07715e-05
16 21 -0.00549983
16 22 -0.00988792
16 23 -0.01307
16 24 -0.0152116
16 25 -0.0148114
16 26 -0.0138002
16 27 -0.0117106
16 28 -0.00807538
16 29 -0.00366005
16 30 0.00163216
16 31 0.00628572
16 32 0.0116911
16 33 0.0157309
16 34 0.0180116
16 35 0.0182701
16 36 0.0164964
16 37 0.0134289
16 38 0.00769038
16 39 0.00174326
16 40 -0.00450089
16 41 -0.00877338
16 42 -0.0125061
16 43 -0.0149544
16 44 -0.0165446
16 45 -0.0170088
16 46 -0.0167957
16 47 -0.0174359
16 48 -0.0186446
16 49 -0.0211423
16 50 -0.0226546
16 51 -0.0238014
16 52 -0.0227933
16 53 -0.0216584
16 54 -0.0193411
16 55 -0.018067
16 56 -0.0163779
16 57 -0.0159792
16 58 -0.0150741
16 59 -0.0152228
16 60 -0.0147244
16 61 -0.0152897
16 62 -0.0153916
16 63 -0.0168197
16 64 -0.0179133
16 65 -0.0201283
16 66 -0.0212652
16 67 -0.0224193
16 68 -0.0215204
16 69 -0.0204875
16 70 -0.0185257
16 71 -0.0181795
16 72 -0.0183541
16 73 -0.0197789
16 74 -0.0203123
16 75 -0.020112
16 76 -0.018634
16 77 -0.0161294
16 78 -0.0124815
16 79 -0.00682399
16 80 -0.000791373
16 81 0.0054888
16 82 0.00963344
16 83 0.0133287
16 84 0.0151606
16 85 0.0159157
16 86 0.0145769
16 87 0.0123827
16 88 0.0101623
16 89 0.00683147
16 90 0.00340964
16 91 -0.000793231
16 92 -0.0042925
16 93 -0.00865488
16 94 -0.0128774
16 95 -0.0155392
16 96 -0.0170851
16 97 -0.0164303
16 98 -0.0137856
16 99 -0.0080932
16 100 -0.0009111
16 101 0.00657135
16 102 0.0144383
16 103 0.0198953
16 104 0.0223339
16 105 0.0216799
16 106 0.0168762
16 107 0.00913286
16 108 7.97167e-05
16 109 -0.00939919
16 110 -0.0172153
16 111 -0.0215574
16 112 -0.0222688
16 113 -0.0186295
16 114 -0.011249
16 115 -0.00225262
16 116 0.00735492
16 117 0.0151781
16 118 0.0193266
16 119 0

17 0 0
17 1 0.0182421
17 2 0.014908
17 3 0.00932479
17 4 -0.000339855
17 5 -0.00946636
17 6 -0.0157981
17 7 -0.020269
17 8 -0.0193418
17 9 -0.014513
17 10 -0.00773275
17 11 0.00174278
17 12 0.0101178
17 13 0.0164193
17 14 0.0200285
17 15 0.0194068
17 16 0.0163707
17 17 0.0100029
17 18 0.00224151
17 19 -0.00449179
17 20 -0.0112154
17 21 -0.0152508
17 22 -0.0167182
17 23 -0.0164764
17 24 -0.0139109
17 25 -0.0102146
17 26 -0.00545538
17 27 -0.00122966
17 28 0.00301603
17 29 0.00765618
17 30 0.0111836
17 31 0.0142164
17 32 0.0164722
17 33 0.0181797
17 34 0.0181067
17 35 0.0159003
17 36 0.0124232
17 37 0.00730664
17 38 0.000957933
17 39 -0.00652175
17 40 -0.0132412
17 41 -0.0183757
17 42 -0.021811
17 43 -0.0238321
17 44 -0.0246876
17 45 -0.0239506
17 46 -0.0225043
17 47 -0.0209656
17 48 -0.0206548
17 49 -0.0211571
17 50 -0.0220398
17 51 -0.0220346
17 52 -0.0209425
17 53 -0.0187672
17 54 -0.0162244
17 55 -0.0138173
17 56 -0.0119154
17 57 -0.0106065
17 58 -0.00976062
17 59 -0.00933883
17 60 -0.00920998
17 61 -0.00952519
17 62 -0.0103111
17 63 -0.0117538
17 64 -0.0137238
17 65 -0.0159463
17 66 -0.0178502
17 67 -0.0188504
17 68 -0.0188538
17 69 -0.0182111
17 70 -0.0180916
17 71 -0.019066
17 72 -0.0214625
17 73 -0.0240278
17 74 -0.0261042
17 75 -0.0267336
17 76 -0.026384
17 77 -0.0245367
17 78 -0.021045
17 79 -0.0155766
17 80 -0.00915294
17 81 -0.00318559
17 82 0.00208044
17 83 0.00648298
17 84 0.0104442
17 85 0.012842
17 86 0.0143268
17 87 0.0153399
17 88 0.0159823
17 89 0.0156358
17 90 0.01359
17 91 0.0110662
17 92 0.00688727
17 93 0.00120731
17 94 -0.00539684
17 95 -0.0117469
17 96 -0.0166468
17 97 -0.0203619
17 98 -0.0203351
17 99 -0.0172362
17 100 -0.0116546
17 101 -0.00319646
17 102 0.00551592
17 103 0.0137998
17 104 0.0194405
17 105 0.0218008
17 106 0.0208503
17 107 0.0148486
17 108 0.0072293
17 109 -0.00166796
17 110 -0.0112149
17 111 -0.0167615
17 112 -0.0200967
17 113 -0.0196447
17 114 -0.0133191
17 115 -0.00625868
17 116 0.00268496
17 117 0.012311
17 118 0.0162969
17 119 0

18 0 0
18 1 0.015151
18 2 0.0113764
18 3 0.00334428
18 4 -0.00547008
18 5 -0.0122486
18 6 -0.0178268
18 7 -0.0188311
18 8 -0.015119
18 9 -0.00923846
18 10 0.00010125
18 11 0.00924064
18 12 0.0163751
18 13 0.0219246
18 14 0.0218288
18 15 0.0184251
18 16 0.0122022
18 17 0.00224151
18 18 -0.00667731
18 19 -0.0148674
18 20 -0.0206873
18 21 -0.0228933
18 22 -0.0220912
18 23 -0.0172936
18 24 -0.0116721
18 25 -0.00427323
18 26 0.00316166
18 27 0.00878556
18 28 0.0137674
18 29 0.0167467
18 30 0.0189734
18 31 0.0188652
18 32 0.0181701
18 33 0.016974
18 34 0.0143062
18 35 0.0105422
18 36 0.00510988
18 37 -0.000281856
18 38 -0.00709674
18 39 -0.0138834
18 40 -0.0204295
18 41 -0.0247403
18 42 -0.0270797
18 43 -0.0276983
18 44 -0.0268228
18 45 -0.024691
18 46 -0.0211723
18 47 -0.0179021
18 48 -0.0152293
18 49 -0.0143684
18 50 -0.0138223
18 51 -0.013548
18 52 -0.0118675
18 53 -0.00972919
18 54 -0.00660303
18 55 -0.00406144
18 56 -0.00154326
18 57 -0.000149475
18 58 0.00111521
18 59 0.00141892
18 60 0.00173551
18 61 0.00109305
18 62 0.000307717
18 63 -0.00160262
18 64 -0.00357061
18 65 -0.00614508
18 66 -0.00779825
18 67 -0.00906603
18 68 -0.00903928
18 69 -0.00944184
18 70 -0.0103218
18 71 -0.0132852
18 72 -0.0170461
18 73 -0.0214481
18 74 -0.0246533
18 75 -0.0270784
18 76 -0.0281018
18 77 -0.0278643
18 78 -0.0255338
18 79 -0.0212463
18 80 -0.016286
18 81 -0.011195
18 82 -0.00678638
18 83 -0.00170039
18 84 0.00258806
18 85 0.00693448
18 86 0.0104545
18 87 0.0148255
18 88 0.0186491
18 89 0.0210248
18 90 0.0219588
18 91 0.0205183
18 92 0.0173378
18 93 0.0103717
18 94 0.0024666
18 95 -0.0064257
18 96 -0.0151289
18 97 -0.0214561
18 98 -0.0251299
18 99 -0.0240564
18 100 -0.0204463
18 101 -0.0127948
18 102 -0.00281915
18 103 0.00603213
18 104 0.014909
18 105 0.0200854
18 106 0.021499
18 107 0.0194773
18 108 0.0132147
18 109 0.00588981
18 110 -0.00294137
18 111 -0.0107298
18 112 -0.0149199
18 113 -0.0171026
18 114 -0.014752
18 115 -0.00901869
18 116 -0.00261851
18 117 0.00530344
18 118 0.0114292
18 119 0

19 0 0
19 1 0.0107456
19 2 0.00477051
19 3 -0.00276388
19 4 -0.00982966
19 5 -0.0151686
19 6 -0.0173372
19 7 -0.0152205
19 8 -0.0100079
19 9 -0.00201321
19 10 0.00751499
19 11 0.0155323
19 12 0.0215614
19 13 0.0240659
19 14 0.0217181
19 15 0.0156197
19 16 0.00621389
19 17 -0.00449179
19 18 -0.0148674
19 19 -0.0228127
19 20 -0.026893
19 21 -0.0276442
19 22 -0.0232566
19 23 -0.0158352
19 24 -0.00713285
19 25 0.00247343
19 26 0.0107176
19 27 0.0173436
19 28 0.0205372
19 29 0.0218706
19 30 0.0211426
19 31 0.0181445
19 32 0.0147521
19 33 0.0107252
19 34 0.00721241
19 35 0.00230015
19 36 -0.00247735
19 37 -0.0074352
19 38 -0.0123178
19 39 -0.017292
19 40 -0.022013
19 41 -0.0244737
19 42 -0.0253353
19 43 -0.0237704
19 44 -0.0216499
19 45 -0.0176105
19 46 -0.0132184
19 47 -0.00804203
19 48 -0.00440129
19 49 -0.0019938
19 50 -0.00126949
19 51 -0.000641555
19 52 0.000391912
19 53 0.00239143
19 54 0.00498977
19 55 0.00759056
19 56 0.00990123
19 57 0.0114466
19 58 0.0125691
19 59 0.0129561
19 60 0.0130887
19 61 0.0124753
19 62 0.0114919
19 63 0.00970627
19 64 0.00772776
19 65 0.00567179
19 66 0.00433795
19 67 0.00382248
19 68 0.00383056
19 69 0.0035004
19 70 0.00155508
19 71 -0.00197466
19 72 -0.00707456
19 73 -0.0118344
19 74 -0.0164237
19 75 -0.0195609
19 76 -0.0224831
19 77 -0.0233305
19 78 -0.0230223
19 79 -0.0205015
19 80 -0.0181298
19 81 -0.0154174
19 82 -0.0127705
19 83 -0.00934067
19 84 -0.00543295
19 85 -0.00162031
19 86 0.0036161
19 87 0.00939628
19 88 0.0160375
19 89 0.0208531
19 90 0.0246079
19 91 0.0258044
19 92 0.0234966
19 93 0.0179217
19 94 0.00932692
19 95 -0.000133635
19 96 -0.0110001
19 97 -0.0199167
19 98 -0.0255854
19 99 -0.0279547
19 100 -0.0258091
19 101 -0.0200189
19 102 -0.010913
19 103 -0.00111829
19 104 0.00841748
19 105 0.0163656
19 106 0.0201924
19 107 0.0210576
19 108 0.0183864
19 109 0.0122975
19 110 0.00521792
19 111 -0.00221983
19 112 -0.00875298
19 113 -0.012764
19 114 -0.0139047
19 115 -0.0122173
19 116 -0.00777975
19 117 -0.00178986
19 118 0.00386976
19 119 0

20 0 0
20 1 0.00488575
20 2 -0.000300592
20 3 -0.0081761
20 4 -0.0142193
20 5 -0.0161359
20 6 -0.0161501
20 7 -0.0114202
20 8 -0.00332082
20 9 0.00475787
20 10 0.0140624
20 11 0.0210917
20 12 0.0240136
20 13 0.0242029
20 14 0.0190205
20 15 0.0101603
20 16 9.07715e-05
20 17 -0.0112154
20 18 -0.0206873
20 19 -0.026893
20 20 -0.0290406
20 21 -0.0266222
20 22 -0.0205102
20 23 -0.0110769
20 24 -0.00107143
20 25 0.00822317
20 26 0.0163759
20 27 0.0211611
20 28 0.0225241
20 29 0.0209901
20 30 0.0175194
20 31 0.0125886
20 32 0.00684055
20 33 0.00210766
20 34 -0.00196135
20 35 -0.00560025
20 36 -0.0090293
20 37 -0.0117895
20 38 -0.0138685
20 39 -0.0161919
20 40 -0.0180131
20 41 -0.0188192
20 42 -0.0174668
20 43 -0.0147358
20 44 -0.0108809
20 45 -0.00626897
20 46 -0.000894267
20 47 0.00471491
20 48 0.00920711
20 49 0.0120309
20 50 0.0128346
20 51 0.0130237
20 52 0.0131372
20 53 0.0143497
20 54 0.0160037
20 55 0.0182483
20 56 0.0199851
20 57 0.0215417
20 58 0.0222524
20 59 0.0227697
20 60 0.0225365
20 61 0.0221253
20 62 0.0209062
20 63 0.0195512
20 64 0.0177532
20 65 0.0166124
20 66 0.0159798
20 67 0.0165213
20 68 0.0170154
20 69 0.0169548
20 70 0.0148093
20 71 0.0110061
20 72 0.00587246
20 73 0.000895009
20 74 -0.00371391
20 75 -0.00776303
20 76 -0.0112338
20 77 -0.013639
20 78 -0.0144571
20 79 -0.014624
20 80 -0.014663
20 81 -0.0152167
20 82 -0.0150105
20 83 -0.014104
20 84 -0.0123081
20 85 -0.00955337
20 86 -0.00496909
20 87 0.00168681
20 88 0.00875164
20 89 0.0156326
20 90 0.0212755
20 91 0.0248345
20 92 0.0246787
20 93 0.020722
20 94 0.0143232
20 95 0.00522938
20 96 -0.00500667
20 97 -0.0146141
20 98 -0.0219981
20 99 -0.0262016
20 100 -0.0271344
20 101 -0.023419
20 102 -0.0169098
20 103 -0.00864452
20 104 0.00145722
20 105 0.00993554
20 106 0.0165818
20 107 0.0207927
20 108 0.0208384
20 109 0.0184324
20 110 0.013016
20 111 0.00564352
20 112 -0.0012917
20 113 -0.00821136
20 114 -0.0126733
20 115 -0.0137894
20 116 -0.0128096
20 117 -0.00844148
20 118 -0.00270919
