0 0 0
0 1 0
0 2 0
0 3 0
0 4 0
0 5 0
0 6 0
0 7 0
0 8 0
0 9 0
0 10 0
0 11 0
0 12 0
0 13 0
0 14 0
0 15 0
0 16 0
0 17 0
0 18 0
0 19 0
0 20 0
0 21 0
0 22 0
0 23 0
0 24 0
0 25 0
0 26 0
0 27 0
0 28 0
0 29 0
0 30 0
0 31 0
0 32 0
0 33 0
0 34 0
0 35 0
0 36 0
0 37 0
0 38 0
0 39 0
0 40 0
0 41 0
0 42 0
0 43 0
0 44 0
0 45 0
0 46 0
0 47 0
0 48 0
0 49 0
0 50 0
0 51 0
0 52 0
0 53 0
0 54 0
0 55 0
0 56 0
0 57 0
0 58 0
0 59 0
0 60 0
0 61 0
0 62 0
0 63 0
0 64 0
0 65 0
0 66 0
0 67 0
0 68 0
0 69 0
0 70 0
0 71 0
0 72 0
0 73 0
0 74 0
0 75 0
0 76 0
0 77 0
0 78 0
0 79 0
0 80 0
0 81 0
0 82 0
0 83 0
0 84 0
0 85 0
0 86 0
0 87 0
0 88 0
0 89 0
0 90 0
0 91 0
0 92 0
0 93 0
0 94 0
0 95 0
0 96 0
0 97 0
0 98 0
0 99 0
0 100 0
0 101 0
0 102 0
0 103 0
0 104 0
0 105 0
0 106 0
0 107 0
0 108 0
0 109 0
0 110 0
0 111 0
0 112 0
0 113 0
0 114 0
0 115 0
0 116 0
0 117 0
0 118 0
0 119 0

1 0 0
1 1 0.0192412
1 2 0.0139386
1 3 0.00929431
1 4 0.00291203
1 5 -0.00623735
1 6 -0.012554
1 7 -0.0171547
1 8 -0.0205018
1 9 -0.0180135
1 10 -0.0134378
1 11 -0.00849373
1 12 -0.000116429
1 13 0.00692201
1 14 0.0122333
1 15 0.0176718
1 16 0.0194511
1 17 0.0193196
1 18 0.0166464
1 19 0.0107997
1 20 0.00564197
1 21 -0.00144226
1 22 -0.0082132
1 23 -0.0125979
1 24 -0.0165755
1 25 -0.0178033
1 26 -0.0191115
1 27 -0.0190999
1 28 -0.0171462
1 29 -0.0156627
1 30 -0.0126398
1 31 -0.0107382
1 32 -0.00731366
1 33 -0.00277235
1 34 0.0024476
1 35 0.00903516
1 36 0.0139178
1 37 0.0190916
1 38 0.0218516
1 39 0.024386
1 40 0.0254781
1 41 0.0259052
1 42 0.0260399
1 43 0.0249672
1 44 0.0244069
1 45 0.0223354
1 46 0.0212283
1 47 0.0186629
1 48 0.0172081
1 49 0.0145935
1 50 0.0130105
1 51 0.0106618
1 52 0.00914352
1 53 0.00724132
1 54 0.00593571
1 55 0.00455794
1 56 0.00356916
1 57 0.00272915
1 58 0.00212876
1 59 0.0018062
1 60 0.00164621
1 61 0.0018062
1 62 0.00212876
1 63 0.00272915
1 64 0.00356916
1 65 0.00455794
1 66 0.00593572
1 67 0.00724136
1 68 0.00914366
1 69 0.0106622
1 70 0.0130119
1 71 0.0145974
1 72 0.0172184
1 73 0.0186879
1 74 0.0212843
1 75 0.0224501
1 76 0.0246182
1 77 0.0253111
1 78 0.0265175
1 79 0.0264282
1 80 0.0258164
1 81 0.0241752
1 82 0.0207338
1 83 0.0170026
1 84 0.0113801
1 85 0.00716212
1 86 0.00242425
1 87 -0.000552693
1 88 -0.00375722
1 89 -0.00753263
1 90 -0.0109637
1 91 -0.0154087
1 92 -0.0176013
1 93 -0.0202004
1 94 -0.0214051
1 95 -0.0210447
1 96 -0.0192563
1 97 -0.0135437
1 98 -0.00783195
1 99 -0.000484311
1 100 0.00750279
1 101 0.0137713
1 102 0.0194484
1 103 0.0207586
1 104 0.019935
1 105 0.0175295
1 106 0.010706
1 107 0.00423471
1 108 -0.00252221
1 109 -0.010341
1 110 -0.0150787
1 111 -0.0186368
1 112 -0.0197026
1 113 -0.015674
1 114 -0.0105372
1 115 -0.00393621
1 116 0.00462373
1 117 0.010613
1 118 0.0147881
1 119 0

2 0 0
2 1 0.0139386
2 2 0.0099932
2 3 0.00567142
2 4 -0.00196991
2 5 -0.00944806
2 6 -0.0138375
2 7 -0.0175057
2 8 -0.0178333
2 9 -0.0137385
2 10 -0.00919078
2 11 -0.00292173
2 12 0.00443587
2 13 0.0102008
2 14 0.015703
2 15 0.0182296
2 16 0.0176868
2 17 0.0160552
2 18 0.0104164
2 19 0.00391766
2 20 -0.00192765
2 21 -0.00846337
2 22 -0.012873
2 23 -0.0165795
2 24 -0.0179122
2 25 -0.0169379
2 26 -0.0163227
2 27 -0.0138281
2 28 -0.0114251
2 29 -0.00788726
2 30 -0.00417821
2 31 -0.00166788
2 32 0.00176859
2 33 0.00453969
2 34 0.00912556
2 35 0.0134307
2 36 0.01762
2 37 0.0209519
2 38 0.0223311
2 39 0.0233095
2 40 0.0222011
2 41 0.0214711
2 42 0.0192182
2 43 0.0175272
2 44 0.0149804
2 45 0.0127328
2 46 0.0103097
2 47 0.00781348
2 48 0.00574085
2 49 0.0032692
2 50 0.00165427
2 51 -0.000594125
2 52 -0.00173067
2 53 -0.00364428
2 54 -0.00432997
2 55 -0.00586635
2 56 -0.00614391
2 57 -0.0073021
2 58 -0.00720823
2 59 -0.00800353
2 60 -0.00755832
2 61 -0.00800353
2 62 -0.00720823
2 63 -0.0073021
2 64 -0.00614391
2 65 -0.00586634
2 66 -0.00432994
2 67 -0.0036442
2 68 -0.00173038
2 69 -0.000593232
2 70 0.00165687
2 71 0.00327623
2 72 0.0057585
2 73 0.00785435
2 74 0.0103963
2 75 0.012899
2 76 0.0152649
2 77 0.0179499
2 78 0.019734
2 79 0.0219131
2 80 0.0222558
2 81 0.0225952
2 82 0.0206287
2 83 0.018519
2 84 0.0153505
2 85 0.0125632
2 86 0.0104721
2 87 0.00773367
2 88 0.00531211
2 89 0.000667311
2 90 -0.00349439
2 91 -0.00821666
2 92 -0.0122788
2 93 -0.0155803
2 94 -0.0192403
2 95 -0.0199889
2 96 -0.0195327
2 97 -0.0164974
2 98 -0.0119904
2 99 -0.00701345
2 100 0.000596563
2 101 0.00691466
2 102 0.0123521
2 103 0.0166525
2 104 0.0176608
2 105 0.0172539
2 106 0.0133298
2 107 0.00760785
2 108 0.00258967
2 109 -0.00454016
2 110 -0.0102609
2 111 -0.0131408
2 112 -0.0162192
2 113 -0.0159221
2 114 -0.011871
2 115 -0.00730514
2 116 -0.000611275
2 117 0.00631191
2 118 0.00991942
2 119 0

3 0 0
3 1 0.00929431
3 2 0.00567142
3 3 -0.000265898
3 4 -0.00711503
3 5 -0.0112217
3 6 -0.0132756
3 7 -0.0135334
3 8 -0.0104512
3 9 -0.00700832
3 10 -0.00292227
3 11 0.00322765
3 12 0.00749204
3 13 0.0114634
3 14 0.0151336
3 15 0.0142533
3 16 0.0123853
3 17 0.00892688
3 18 0.00256722
3 19 -0.00297201
3 20 -0.00924146
3 21 -0.0136182
3 22 -0.0159747
3 23 -0.0181897
3 24 -0.016456
3 25 -0.0137865
3 26 -0.0096841
3 27 -0.00490732
3 28 -0.00125338
3 29 0.00401206
3 30 0.00726191
3 31 0.0102471
3 32 0.0115259
3 33 0.0118415
3 34 0.0132477
3 35 0.0137053
3 36 0.0156596
3 37 0.0156126
3 38 0.0157313
3 39 0.014138
3 40 0.012047
3 41 0.00976418
3 42 0.0066791
3 43 0.00463517
3 44 0.00147631
3 45 -0.000100417
3 46 -0.00291855
3 47 -0.00410445
3 48 -0.00639619
3 49 -0.00729212
3 50 -0.00899779
3 51 -0.00967998
3 52 -0.0108343
3 53 -0.0113591
3 54 -0.0120528
3 55 -0.0124588
3 56 -0.0128004
3 57 -0.0131081
3 58 -0.0131973
3 59 -0.013406
3 60 -0.0133209
3 61 -0.013406
3 62 -0.0131973
3 63 -0.0131081
3 64 -0.0128004
3 65 -0.0124588
3 66 -0.0120527
3 67 -0.0113589
3 68 -0.0108338
3 69 -0.00967828
3 70 -0.00899304
3 71 -0.00727987
3 72 -0.00636695
3 73 -0.00404036
3 74 -0.00279059
3 75 0.000129145
3 76 0.0018385
3 77 0.00511797
3 78 0.00717265
3 79 0.0100161
3 80 0.0116896
3 81 0.0128537
3 82 0.0135482
3 83 0.0131626
3 84 0.0141028
3 85 0.0141345
3 86 0.015837
3 87 0.0154733
3 88 0.0144735
3 89 0.0114917
3 90 0.00710881
3 91 0.00324088
3 92 -0.00260732
3 93 -0.00733865
3 94 -0.0127942
3 95 -0.0160235
3 96 -0.0168261
3 97 -0.0173195
3 98 -0.01468
3 99 -0.0115875
3 100 -0.0063689
3 101 -0.000592766
3 102 0.00339628
3 103 0.00879514
3 104 0.0117086
3 105 0.0123791
3 106 0.0124412
3 107 0.00939007
3 108 0.00614767
3 109 0.00221243
3 110 -0.00274695
3 111 -0.0054979
3 112 -0.00878976
3 113 -0.0117434
3 114 -0.0111451
3 115 -0.00987156
3 116 -0.00671122
3 117 -0.000255199
3 118 0.00472347
3 119 0

4 0 0
4 1 0.00291203
4 2 -0.00196991
4 3 -0.00711503
4 4 -0.00967541
4 5 -0.00976909
4 6 -0.00931134
4 7 -0.00669327
4 8 -0.0027117
4 9 0.000123213
4 10 0.0042756
4 11 0.00851096
4 12 0.0100039
4 13 0.0112637
4 14 0.0107114
4 15 0.00746506
4 16 0.003917
4 17 -0.00110622
4 18 -0.00579512
4 19 -0.0101306
4 20 -0.014641
4 21 -0.0159836
4 22 -0.0163215
4 23 -0.015123
4 24 -0.0115014
4 25 -0.00690014
4 26 -0.000152732
4 27 0.00542928
4 28 0.0104738
4 29 0.0148822
4 30 0.0175237
4 31 0.019341
4 32 0.0180448
4 33 0.0160997
4 34 0.0131684
4 35 0.0108366
4 36 0.00920704
4 37 0.00716015
4 38 0.0055293
4 39 0.00246257
4 40 -8.20135e-05
4 41 -0.00362222
4 42 -0.00628944
4 43 -0.00916259
4 44 -0.0112984
4 45 -0.0131067
4 46 -0.014627
4 47 -0.0154879
4 48 -0.0165073
4 49 -0.0166666
4 50 -0.0173161
4 51 -0.0170179
4 52 -0.017423
4 53 -0.0168775
4 54 -0.0171555
4 55 -0.0165259
4 56 -0.0167775
4 57 -0.0161755
4 58 -0.0164768
4 59 -0.0159659
4 60 -0.0163644
4 61 -0.0159659
4 62 -0.0164768
4 63 -0.0161754
4 64 -0.0167774
4 65 -0.0165259
4 66 -0.0171554
4 67 -0.0168771
4 68 -0.0174219
4 69 -0.0170147
4 70 -0.0173078
4 71 -0.0166462
4 72 -0.0164608
4 73 -0.0153915
4 74 -0.0144463
4 75 -0.0128053
4 76 -0.0108649
4 77 -0.00865842
4 78 -0.0059029
4 79 -0.00368056
4 80 -0.000951088
4 81 0.000626656
4 82 0.0030855
4 83 0.0050883
4 84 0.00873708
4 85 0.0126334
4 86 0.0166371
4 87 0.0195795
4 88 0.0200012
4 89 0.0195116
4 90 0.0167292
4 91 0.0136857
4 92 0.00852047
4 93 0.00252429
4 94 -0.00288236
4 95 -0.00791876
4 96 -0.0107315
4 97 -0.0136901
4 98 -0.0145765
4 99 -0.0134538
4 100 -0.0119568
4 101 -0.00882428
4 102 -0.00601847
4 103 -0.00190168
4 104 0.00243191
4 105 0.00490799
4 106 0.00826168
4 107 0.00992543
4 108 0.00925036
4 109 0.00847073
4 110 0.00570893
4 111 0.00212018
4 112 -0.00104886
4 113 -0.00474231
4 114 -0.0076373
4 115 -0.00955783
4 116 -0.0101268
4 117 -0.00788045
4 118 -0.00375677
4 119 0

5 0 0
5 1 -0.00623735
5 2 -0.00944806
5 3 -0.0112217
5 4 -0.00976909
5 5 -0.00664637
5 6 -0.00374374
5 7 0.000768399
5 8 0.00502422
5 9 0.00784791
5 10 0.0109764
5 11 0.0119315
5 12 0.0105677
5 13 0.008267
5 14 0.00379123
5 15 -0.000741512
5 16 -0.00558562
5 17 -0.0107539
5 18 -0.0133305
5 19 -0.0157142
5 20 -0.0168995
5 21 -0.0154058
5 22 -0.0130451
5 23 -0.00856939
5 24 -0.00380191
5 25 0.00211494
5 26 0.0092438
5 27 0.014828
5 28 0.0197519
5 29 0.0223609
5 30 0.023909
5 31 0.0236542
5 32 0.0207106
5 33 0.0164041
5 34 0.01043
5 35 0.00552202
5 36 0.0009205
5 37 -0.00245833
5 38 -0.0056721
5 39 -0.00894484
5 40 -0.0120095
5 41 -0.0153794
5 42 -0.0178324
5 43 -0.0203449
5 44 -0.0215985
5 45 -0.0228535
5 46 -0.0230043
5 47 -0.0232021
5 48 -0.0226364
5 49 -0.0221342
5 50 -0.021216
5 51 -0.0203413
5 52 -0.0193471
5 53 -0.018363
5 54 -0.017488
5 55 -0.01659
5 56 -0.0159608
5 57 -0.0152821
5 58 -0.0149708
5 59 -0.0145931
5 60 -0.0146292
5 61 -0.0145931
5 62 -0.0149708
5 63 -0.0152821
5 64 -0.0159608
5 65 -0.0165899
5 66 -0.0174878
5 67 -0.0183623
5 68 -0.0193451
5 69 -0.0203357
5 70 -0.021202
5 71 -0.0221014
5 72 -0.0225657
5 73 -0.0230636
5 74 -0.0227609
5 75 -0.0224787
5 76 -0.0211153
5 77 -0.0198801
5 78 -0.0176552
5 79 -0.0158589
5 80 -0.013432
5 81 -0.0112109
5 82 -0.00806113
5 83 -0.00375928
5 84 0.00175464
5 85 0.00851151
5 86 0.0142616
5 87 0.0192267
5 88 0.0215292
5 89 0.0229272
5 90 0.022607
5 91 0.0206594
5 92 0.0172187
5 93 0.0118769
5 94 0.00743085
5 95 0.00240429
5 96 -0.00217946
5 97 -0.00668776
5 98 -0.0107976
5 99 -0.0126921
5 100 -0.0149755
5 101 -0.0156265
5 102 -0.014395
5 103 -0.0122386
5 104 -0.00790013
5 105 -0.00352947
5 106 0.00200726
5 107 0.007725
5 108 0.0106109
5 109 0.0129978
5 110 0.013232
5 111 0.0101471
5 112 0.00691665
5 113 0.00229735
5 114 -0.0032941
5 115 -0.00720759
5 116 -0.0108238
5 117 -0.0131493
5 118 -0.0115893
5 119 0

6 0 0
6 1 -0.012554
6 2 -0.0138375
6 3 -0.0132756
6 4 -0.00931134
6 5 -0.00374374
6 6 0.00211122
6 7 0.00863801
6 8 0.0131671
6 9 0.0152662
6 10 0.0153544
6 11 0.0121933
6 12 0.00789317
6 13 0.00240844
6 14 -0.0042826
6 15 -0.00895482
6 16 -0.0134211
6 17 -0.0170449
6 18 -0.0175092
6 19 -0.0173705
6 20 -0.0154895
6 21 -0.0120887
6 22 -0.00780495
6 23 -0.00157141
6 24 0.0039013
6 25 0.0100202
6 26 0.0165145
6 27 0.0215792
6 28 0.0255991
6 29 0.0265714
6 30 0.0262333
6 31 0.0239168
6 32 0.0191885
6 33 0.0129079
6 34 0.0047571
6 35 -0.00239658
6 36 -0.00878327
6 37 -0.0132109
6 38 -0.0165188
6 39 -0.0192846
6 40 -0.0213067
6 41 -0.0234773
6 42 -0.0245957
6 43 -0.0256929
6 44 -0.0256106
6 45 -0.0253708
6 46 -0.0243015
6 47 -0.0230652
6 48 -0.0214952
6 49 -0.019748
6 50 -0.0180835
6 51 -0.0162143
6 52 -0.014716
6 53 -0.0129893
6 54 -0.0118094
6 55 -0.0103893
6 56 -0.00961071
6 57 -0.00858857
6 58 -0.00825183
6 59 -0.00767185
6 60 -0.00779323
6 61 -0.00767185
6 62 -0.00825182
6 63 -0.00858856
6 64 -0.00961067
6 65 -0.0103892
6 66 -0.011809
6 67 -0.0129881
6 68 -0.0147124
6 69 -0.016205
6 70 -0.0180609
6 71 -0.0196973
6 72 -0.0213918
6 73 -0.0228744
6 74 -0.0239892
6 75 -0.0249317
6 76 -0.0251176
6 77 -0.0253484
6 78 -0.0247353
6 79 -0.0244568
6 80 -0.0232435
6 81 -0.0217573
6 82 -0.0184874
6 83 -0.0134277
6 84 -0.00663709
6 85 0.0013979
6 86 0.00839545
6 87 0.0147471
6 88 0.0189491
6 89 0.0225268
6 90 0.0244666
6 91 0.0242846
6 92 0.022684
6 93 0.0191116
6 94 0.0159617
6 95 0.0114372
6 96 0.00606453
6 97 0.000728586
6 98 -0.00512685
6 99 -0.00965952
6 100 -0.0147246
6 101 -0.0183726
6 102 -0.0192055
6 103 -0.0192687
6 104 -0.0163509
6 105 -0.0113887
6 106 -0.00516923
6 107 0.00251324
6 108 0.00882256
6 109 0.0144965
6 110 0.018131
6 111 0.0173693
6 112 0.0148865
6 113 0.00963153
6 114 0.00153606
6 115 -0.0051839
6 116 -0.0111838
6 117 -0.0157731
6 118 -0.015881
6 119 0

7 0 0
7 1 -0.0171547
7 2 -0.0175057
7 3 -0.0135334
7 4 -0.00669327
7 5 0.000768399
7 6 0.00863801
7 7 0.0146878
7 8 0.0177204
7 9 0.019018
7 10 0.0163066
7 11 0.01035
7 12 0.00434349
7 13 -0.00372959
7 14 -0.0114132
7 15 -0.0158342
7 16 -0.0194357
7 17 -0.0201888
7 18 -0.0184364
7 19 -0.0154969
7 20 -0.010265
7 21 -0.0057648
7 22 -0.000191309
7 23 0.00629014
7 24 0.0109891
7 25 0.0161877
7 26 0.0199267
7 27 0.0232872
7 28 0.0253288
7 29 0.024156
7 30 0.0223636
7 31 0.0179594
7 32 0.0129218
7 33 0.00597235
7 34 -0.00227472
7 35 -0.00952052
7 36 -0.0163097
7 37 -0.0198023
7 38 -0.0225854
7 39 -0.0232689
7 40 -0.0239133
7 41 -0.024026
7 42 -0.0236414
7 43 -0.0233943
7 44 -0.0219139
7 45 -0.0210119
7 46 -0.0186753
7 47 -0.0172642
7 48 -0.0146217
7 49 -0.0130166
7 50 -0.0105233
7 51 -0.00896821
7 52 -0.00687739
7 53 -0.00552423
7 54 -0.00393962
7 55 -0.00287956
7 56 -0.00181845
7 57 -0.00110745
7 58 -0.000545614
7 59 -0.000222754
7 60 -0.000122203
7 61 -0.000222753
7 62 -0.000545608
7 63 -0.00110743
7 64 -0.00181837
7 65 -0.0028793
7 66 -0.00393883
7 67 -0.00552197
7 68 -0.00687129
7 69 -0.00895294
7 70 -0.0104879
7 71 -0.0129415
7 72 -0.0144766
7 73 -0.0170128
7 74 -0.0182945
7 75 -0.0205313
7 76 -0.0214699
7 77 -0.0232639
7 78 -0.0241933
7 79 -0.0255292
7 80 -0.0262342
7 81 -0.0256459
7 82 -0.0237788
7 83 -0.0187657
7 84 -0.0130593
7 85 -0.0054399
7 86 0.000686145
7 87 0.00671294
7 88 0.0118474
7 89 0.0161128
7 90 0.0201236
7 91 0.0213109
7 92 0.0223896
7 93 0.0217671
7 94 0.0207048
7 95 0.0184139
7 96 0.0134658
7 97 0.00895916
7 98 0.00264383
7 99 -0.00407856
7 100 -0.0107596
7 101 -0.0173327
7 102 -0.0206426
7 103 -0.0230508
7 104 -0.0225299
7 105 -0.0175055
7 106 -0.0114059
7 107 -0.00298043
7 108 0.00620641
7 109 0.0135423
7 110 0.0191591
7 111 0.0207409
7 112 0.0190017
7 113 0.0149276
7 114 0.00713598
7 115 -0.00148987
7 116 -0.00910325
7 117 -0.0160156
7 118 -0.0193874
7 119 0

8 0 0
8 1 -0.0205018
8 2 -0.0178333
8 3 -0.0104512
8 4 -0.0027117
8 5 0.00502422
8 6 0.0131671
8 7 0.0177204
8 8 0.0194141
8 9 0.0193146
8 10 0.014092
8 11 0.00666044
8 12 -0.00095001
8 13 -0.00997151
8 14 -0.0162976
8 15 -0.0200033
8 16 -0.0214544
8 17 -0.0189311
8 18 -0.0157255
8 19 -0.00993145
8 20 -0.00282705
8 21 0.00214381
8 22 0.00834413
8 23 0.0128671
8 24 0.0162906
8 25 0.018825
8 26 0.0186603
8 27 0.0197405
8 28 0.0184829
8 29 0.0163164
8 30 0.0130635
8 31 0.00800128
8 32 0.00406829
8 33 -0.00239473
8 34 -0.00801764
8 35 -0.0145673
8 36 -0.0193915
8 37 -0.0217502
8 38 -0.0229465
8 39 -0.0212714
8 40 -0.020589
8 41 -0.0179685
8 42 -0.0169874
8 43 -0.0145961
8 44 -0.0131376
8 45 -0.0109309
8 46 -0.00882397
8 47 -0.00689415
8 48 -0.0044315
8 49 -0.00296787
8 50 -0.000507052
8 51 0.000420961
8 52 0.0026558
8 53 0.00308767
8 54 0.00499819
8 55 0.00501091
8 56 0.00657652
8 57 0.00623987
8 58 0.00747742
8 59 0.00683524
8 60 0.00776927
8 61 0.00683524
8 62 0.00747743
8 63 0.00623991
8 64 0.00657667
8 65 0.00501138
8 66 0.0049996
8 67 0.00309156
8 68 0.00266584
8 69 0.000444987
8 70 -0.000453995
8 71 -0.00286072
8 72 -0.00423593
8 73 -0.00657764
8 74 -0.00838496
8 75 -0.0104476
8 76 -0.0128176
8 77 -0.0147761
8 78 -0.0180162
8 79 -0.0199479
8 80 -0.0230779
8 81 -0.0232134
8 82 -0.0230852
8 83 -0.0194725
8 84 -0.0154212
8 85 -0.0107454
8 86 -0.00606478
8 87 -0.00268489
8 88 0.00242091
8 89 0.00583249
8 90 0.0103661
8 91 0.0131164
8 92 0.0159585
8 93 0.0194285
8 94 0.0205769
8 95 0.0215359
8 96 0.0189662
8 97 0.0157491
8 98 0.0108871
8 99 0.00277716
8 100 -0.00438436
8 101 -0.0123345
8 102 -0.018393
8 103 -0.0221181
8 104 -0.0241309
8 105 -0.0207822
8 106 -0.0155691
8 107 -0.00840236
8 108 0.00179034
8 109 0.00993469
8 110 0.0165415
8 111 0.0209238
8 112 0.0200868
8 113 0.0166007
8 114 0.0109136
8 115 0.00268531
8 116 -0.00537289
8 117 -0.0128575
8 118 -0.019013
8 119 0

9 0 0
9 1 -0.0180135
9 2 -0.0137385
9 3 -0.00700832
9 4 0.000123213
9 5 0.00784791
9 6 0.0152662
9 7 0.019018
9 8 0.0193146
9 9 0.0159043
9 10 0.00863076
9 11 0.000528535
9 12 -0.00787921
9 13 -0.0146861
9 14 -0.0182843
9 15 -0.0203567
9 16 -0.0184016
9 17 -0.013886
9 18 -0.00908863
9 19 -0.00157082
9 20 0.00505717
9 21 0.0105402
9 22 0.0150324
9 23 0.0166891
9 24 0.0182112
9 25 0.0165919
9 26 0.0138609
9 27 0.0115398
9 28 0.00801535
9 29 0.00562684
9 30 0.00116462
9 31 -0.00235275
9 32 -0.00579537
9 33 -0.00954428
9 34 -0.0125158
9 35 -0.0169496
9 36 -0.0188214
9 37 -0.0203138
9 38 -0.0185054
9 39 -0.0158472
9 40 -0.0122555
9 41 -0.00835649
9 42 -0.00559542
9 43 -0.00211953
9 44 -0.000397844
9 45 0.00262548
9 46 0.00383751
9 47 0.00640457
9 48 0.0073033
9 49 0.00925419
9 50 0.00987515
9 51 0.0111615
9 52 0.0115652
9 53 0.0122805
9 54 0.0125502
9 55 0.0128494
9 56 0.0130557
9 57 0.0130922
9 58 0.0132753
9 59 0.0131718
9 60 0.0133342
9 61 0.0131718
9 62 0.0132753
9 63 0.0130923
9 64 0.013056
9 65 0.0128502
9 66 0.0125526
9 67 0.012287
9 68 0.0115811
9 69 0.011198
9 70 0.00995199
9 71 0.00940144
9 72 0.0075563
9 73 0.00678461
9 74 0.00431244
9 75 0.00305689
9 76 -0.000286767
9 77 -0.0026933
9 78 -0.00711666
9 79 -0.0106868
9 80 -0.0146326
9 81 -0.0170307
9 82 -0.0174381
9 83 -0.016991
9 84 -0.0146192
9 85 -0.0138567
9 86 -0.0117123
9 87 -0.0106797
9 88 -0.00779905
9 89 -0.00477778
9 90 -0.00188245
9 91 0.00244726
9 92 0.00632255
9 93 0.0124418
9 94 0.0165443
9 95 0.0195268
9 96 0.0210308
9 97 0.019506
9 98 0.0167837
9 99 0.0100102
9 100 0.00280838
9 101 -0.00429098
9 102 -0.0121412
9 103 -0.016984
9 104 -0.020127
9 105 -0.0202004
9 106 -0.0170472
9 107 -0.0123853
9 108 -0.00451981
9 109 0.0034555
9 110 0.01039
9 111 0.0170227
9 112 0.01906
9 113 0.0169088
9 114 0.0127893
9 115 0.00544642
9 116 -0.00256307
9 117 -0.00868553
9 118 -0.0139955
9 119 0

10 0 0
10 1 -0.0134378
10 2 -0.00919078
10 3 -0.00292227
10 4 0.0042756
10 5 0.0109764
10 6 0.0153544
10 7 0.0163066
10 8 0.014092
10 9 0.00863076
10 10 0.00180579
10 11 -0.0052229
10 12 -0.0123141
10 13 -0.0164145
10 14 -0.0180537
10 15 -0.017879
10 16 -0.0133916
10 17 -0.00713244
10 18 -4.18854e-05
10 19 0.00771319
10 20 0.0137799
10 21 0.0186243
10 22 0.019913
10 23 0.0186024
10 24 0.0161348
10 25 0.0108638
10 26 0.00545234
10 27 -0.000323012
10 28 -0.00465914
10 29 -0.00766432
10 30 -0.0109252
10 31 -0.0125124
10 32 -0.0140083
10 33 -0.0138371
10 34 -0.0140145
10 35 -0.0143264
10 36 -0.0140667
10 37 -0.0132638
10 38 -0.0099496
10 39 -0.00620432
10 40 -0.000906012
10 41 0.00329112
10 42 0.00744529
10 43 0.0102342
10 44 0.0124995
10 45 0.0141465
10 46 0.0151367
10 47 0.0161688
10 48 0.0163378
10 49 0.0169405
10 50 0.0165329
10 51 0.0168081
10 52 0.0160517
10 53 0.0161379
10 54 0.0152519
10 55 0.0152962
10 56 0.0144516
10 57 0.0145757
10 58 0.0138818
10 59 0.0141687
10 60 0.0136772
10 61 0.0141687
10 62 0.0138819
10 63 0.0145759
10 64 0.0144521
10 65 0.0152977
10 66 0.0152559
10 67 0.0161482
10 68 0.0160761
10 69 0.0168616
10 70 0.0166403
10 71 0.0171355
10 72 0.0166518
10 73 0.0166023
10 74 0.0156118
10 75 0.0144584
10 76 0.0123163
10 77 0.00921102
10 78 0.00547734
10 79 0.000807058
10 80 -0.00286372
10 81 -0.00637463
10 82 -0.00768431
10 83 -0.00924367
10 84 -0.0101369
10 85 -0.0122859
10 86 -0.0143238
10 87 -0.01559
10 88 -0.0162372
10 89 -0.015157
10 90 -0.0140951
10 91 -0.0103513
10 92 -0.00521859
10 93 0.00158821
10 94 0.00847514
10 95 0.0138248
10 96 0.0190041
10 97 0.0210032
10 98 0.0204994
10 99 0.0170094
10 100 0.0111963
10 101 0.00490167
10 102 -0.00322757
10 103 -0.00970677
10 104 -0.0139153
10 105 -0.0168162
10 106 -0.0163597
10 107 -0.0136574
10 108 -0.0088741
10 109 -0.00287749
10 110 0.00276253
10 111 0.00877109
10 112 0.0128359
10 113 0.0138316
10 114 0.012827
10 115 0.00851306
10 116 0.00230812
10 117 -0.00349326
10 118 -0.00885067
10 119 0

11 0 0
11 1 -0.00849373
11 2 -0.00292173
11 3 0.00322765
11 4 0.00851096
11 5 0.0119315
11 6 0.0121933
11 7 0.01035
11 8 0.00666044
11 9 0.000528535
11 10 -0.0052229
11 11 -0.0103429
11 12 -0.0152342
11 13 -0.0165576
11 14 -0.0153433
11 15 -0.0123404
11 16 -0.00586236
11 17 0.0016431
11 18 0.0093538
11 19 0.0161068
11 20 0.020505
11 21 0.0232056
11 22 0.0216754
11 23 0.0171371
11 24 0.0112303
11 25 0.003432
11 26 -0.00417035
11 27 -0.0115855
11 28 -0.0166438
11 29 -0.0191718
11 30 -0.0205534
11 31 -0.0199329
11 32 -0.0184794
11 33 -0.0152533
11 34 -0.0118811
11 35 -0.00902028
11 36 -0.00641458
11 37 -0.00405725
11 38 -0.000250395
11 39 0.00403696
11 40 0.00922534
11 41 0.0136998
11 42 0.0174076
11 43 0.0198833
11 44 0.0211922
11 45 0.0218667
11 46 0.021648
11 47 0.0213749
11 48 0.0204173
11 49 0.019664
11 50 0.0183706
11 51 0.0173848
11 52 0.01602
11 53 0.0150099
11 54 0.0137823
11 55 0.0129246
11 56 0.0119795
11 57 0.0114016
11 58 0.0108229
11 59 0.0106036
11 60 0.0104256
11 61 0.0106036
11 62 0.010823
11 63 0.0114019
11 64 0.0119804
11 65 0.012927
11 66 0.0137887
11 67 0.0150258
11 68 0.0160562
11 69 0.0174607
11 70 0.0185156
11 71 0.0199126
11 72 0.0207903
11 73 0.0218416
11 74 0.0220745
11 75 0.0219835
11 76 0.0206407
11 77 0.0183971
11 78 0.0151048
11 79 0.0113123
11 80 0.00797979
11 81 0.00502234
11 82 0.00304362
11 83 0.000218892
11 84 -0.0031964
11 85 -0.00817681
11 86 -0.0131364
11 87 -0.0174151
11 88 -0.0208801
11 89 -0.0227376
11 90 -0.0235216
11 91 -0.0209145
11 92 -0.0159439
11 93 -0.00898087
11 94 -0.00117077
11 95 0.00625071
11 96 0.0139311
11 97 0.0187639
11 98 0.0209802
11 99 0.0207476
11 100 0.0178039
11 101 0.0133729
11 102 0.00649202
11 103 3.27028e-05
11 104 -0.00527312
11 105 -0.0105665
11 106 -0.0130769
11 107 -0.0135487
11 108 -0.0124505
11 109 -0.0089839
11 110 -0.00494253
11 111 -0.000255541
11 112 0.00434528
11 113 0.00759535
11 114 0.00996809
11 115 0.010009
11 116 0.00751433
11 117 0.00364104
11 118 -0.00166772
11 119 0

12 0 0
12 1 -0.000116429
12 2 0.00443587
12 3 0.00749204
12 4 0.0100039
12 5 0.0105677
12 6 0.00789317
12 7 0.00434349
12 8 -0.00095001
12 9 -0.00787921
12 10 -0.0123141
12 11 -0.0152342
12 12 -0.0165531
12 13 -0.0139612
12 14 -0.00997019
12 15 -0.00413055
12 16 0.00323875
12 17 0.00995071
12 18 0.0171333
12 19 0.021526
12 20 0.0233753
12 21 0.0238168
12 22 0.0193707
12 23 0.0129821
12 24 0.00469054
12 25 -0.00441359
12 26 -0.0121737
12 27 -0.0202981
12 28 -0.0245203
12 29 -0.0262902
12 30 -0.0255467
12 31 -0.0223665
12 32 -0.0189757
12 33 -0.0128337
12 34 -0.00764368
12 35 -0.00214056
12 36 0.00163345
12 37 0.0045384
12 38 0.00817649
12 39 0.0113221
12 40 0.0161714
12 41 0.0192383
12 42 0.0227522
12 43 0.0237614
12 44 0.0245195
12 45 0.0236872
12 46 0.0225013
12 47 0.0209745
12 48 0.0188718
12 49 0.017312
12 50 0.0148703
12 51 0.0135245
12 52 0.0110871
12 53 0.010076
12 54 0.00788127
12 55 0.00728353
12 56 0.00548088
12 57 0.00534297
12 58 0.00400742
12 59 0.00435369
12 60 0.00351197
12 61 0.00435374
12 62 0.00400758
12 63 0.00534347
12 64 0.00548233
12 65 0.00728748
12 66 0.00789134
12 67 0.0100999
12 68 0.0111392
12 69 0.0136288
12 70 0.0150596
12 71 0.0176172
12 72 0.019295
12 73 0.021443
12 74 0.0228197
12 75 0.0235336
12 76 0.0235496
12 77 0.0218503
12 78 0.0202869
12 79 0.0172222
12 80 0.015873
12 81 0.0134687
12 82 0.0121938
12 83 0.00860592
12 84 0.00382537
12 85 -0.00246896
12 86 -0.00961067
12 87 -0.0152489
12 88 -0.0215305
12 89 -0.0252066
12 90 -0.0279484
12 91 -0.0267706
12 92 -0.0226294
12 93 -0.0173251
12 94 -0.00942114
12 95 -0.00189852
12 96 0.00687466
12 97 0.0135249
12 98 0.0175367
12 99 0.0208786
12 100 0.0206677
12 101 0.0189787
12 102 0.0150749
12 103 0.00967361
12 104 0.00475482
12 105 -0.00192243
12 106 -0.00721065
12 107 -0.0109632
12 108 -0.0148194
12 109 -0.015033
12 110 -0.0128312
12 111 -0.00965384
12 112 -0.0039884
12 113 0.0017912
12 114 0.00620192
12 115 0.0092833
12 116 0.0101098
12 117 0.00909918
12 118 0.0065053
12 119 0

13 0 0
13 1 0.00692201
13 2 0.0102008
13 3 0.0114634
13 4 0.0112637
13 5 0.008267
13 6 0.00240844
13 7 -0.00372959
13 8 -0.00997151
13 9 -0.0146861
13 10 -0.0164145
13 11 -0.0165576
13 12 -0.0139612
13 13 -0.00956159
13 14 -0.00418874
13 15 0.00353207
13 16 0.0100916
13 17 0.0162389
13 18 0.0221884
13 19 0.0237858
13 20 0.0237903
13 21 0.0207925
13 22 0.0144467
13 23 0.00705139
13 24 -0.00306351
13 25 -0.0111714
13 26 -0.0187643
13 27 -0.0252801
13 28 -0.0277683
13 29 -0.0285563
13 30 -0.0245628
13 31 -0.020127
13 32 -0.0140436
13 33 -0.00686448
13 34 -0.000629973
13 35 0.00622795
13 36 0.00930748
13 37 0.012531
13 38 0.0134368
13 39 0.0154705
13 40 0.0174169
13 41 0.019065
13 42 0.0208388
13 43 0.0202744
13 44 0.0202616
13 45 0.0175513
13 46 0.0162596
13 47 0.012822
13 48 0.0111561
13 49 0.00795859
13 50 0.00631974
13 51 0.00371245
13 52 0.00223052
13 53 0.000295413
13 54 -0.000955382
13 55 -0.00223698
13 56 -0.00319889
13 57 -0.00389255
13 58 -0.00452041
13 59 -0.00470632
13 60 -0.00495552
13 61 -0.00470624
13 62 -0.00452013
13 63 -0.00389171
13 64 -0.00319654
13 65 -0.00223077
13 66 -0.00094016
13 67 0.000330049
13 68 0.00230311
13 69 0.00385124
13 70 0.00655838
13 71 0.00831894
13 72 0.0116122
13 73 0.0132502
13 74 0.0164039
13 75 0.017061
13 76 0.0188576
13 77 0.0180317
13 78 0.0184296
13 79 0.0176853
13 80 0.0182079
13 81 0.0186437
13 82 0.0177821
13 83 0.01597
13 84 0.0103125
13 85 0.00488333
13 86 -0.00306745
13 87 -0.00943401
13 88 -0.0167192
13 89 -0.022798
13 90 -0.0260639
13 91 -0.0276605
13 92 -0.0249243
13 93 -0.0222098
13 94 -0.0163414
13 95 -0.00911487
13 96 -0.00178665
13 97 0.00630314
13 98 0.0117651
13 99 0.0177629
13 100 0.0211958
13 101 0.0215587
13 102 0.0212406
13 103 0.0174214
13 104 0.012408
13 105 0.00600293
13 106 -0.00129071
13 107 -0.00700245
13 108 -0.0132756
13 109 -0.0174074
13 110 -0.0180368
13 111 -0.0174253
13 112 -0.0130087
13 113 -0.00574978
13 114 0.00108084
13 115 0.00792291
13 116 0.0128149
13 117 0.013852
13 118 0.0126081
13 119 0

14 0 0
14 1 0.0122333
14 2 0.015703
14 3 0.0151336
14 4 0.0107114
14 5 0.00379123
14 6 -0.0042826
14 7 -0.0114132
14 8 -0.0162976
14 9 -0.0182843
14 10 -0.0180537
14 11 -0.0153433
14 12 -0.00997019
14 13 -0.00418874
14 14 0.00294319
14 15 0.0106811
14 16 0.0158381
14 17 0.0201612
14 18 0.0224205
14 19 0.0215961
14 20 0.018937
14 21 0.013381
14 22 0.00738642
14 23 -0.000184462
14 24 -0.00865402
14 25 -0.0149651
14 26 -0.0209628
14 27 -0.0242505
14 28 -0.0258788
14 29 -0.0244347
14 30 -0.0193291
14 31 -0.013763
14 32 -0.00626013
14 33 9.5902e-05
14 34 0.00709774
14 35 0.0124081
14 36 0.0153418
14 37 0.0165463
14 38 0.01518
14 39 0.0148231
14 40 0.013415
14 41 0.0137078
14 42 0.0126642
14 43 0.0119379
14 44 0.00988898
14 45 0.0074724
14 46 0.0048638
14 47 0.00179663
14 48 -0.00039192
14 49 -0.0032405
14 50 -0.0046668
14 51 -0.00703276
14 52 -0.00777937
14 53 -0.0096632
14 54 -0.00989621
14 55 -0.0113637
14 56 -0.0112239
14 57 -0.0123547
14 58 -0.0119398
14 59 -0.0128045
14 60 -0.0121642
14 61 -0.0128044
14 62 -0.0119394
14 63 -0.0123534
14 64 -0.0112202
14 65 -0.0113543
14 66 -0.00987385
14 67 -0.00961428
14 68 -0.00768114
14 69 -0.00685374
14 70 -0.00437594
14 71 -0.00283218
14 72 7.057e-05
14 73 0.00213332
14 74 0.00476764
14 75 0.00659821
14 76 0.00807779
14 77 0.0095086
14 78 0.0105532
14 79 0.0131851
14 80 0.0153233
14 81 0.0187666
14 82 0.0194256
14 83 0.0190349
14 84 0.0151518
14 85 0.0102789
14 86 0.00439542
14 87 -0.00256673
14 88 -0.00896788
14 89 -0.0159998
14 90 -0.0196906
14 91 -0.0222632
14 92 -0.0224296
14 93 -0.0212831
14 94 -0.0188712
14 95 -0.0135091
14 96 -0.0085845
14 97 -0.00226098
14 98 0.00417016
14 99 0.010547
14 100 0.0166354
14 101 0.0199468
14 102 0.0226981
14 103 0.0225736
14 104 0.0187817
14 105 0.0134193
14 106 0.00566026
14 107 -0.00258508
14 108 -0.0103996
14 109 -0.0170094
14 110 -0.0205908
14 111 -0.0216751
14 112 -0.0191202
14 113 -0.0128989
14 114 -0.00485431
14 115 0.00476325
14 116 0.0132317
14 117 0.0178654
14 118 0.0185714
14 119 0

15 0 0
15 1 0.0176718
15 2 0.0182296
15 3 0.0142533
15 4 0.00746506
15 5 -0.000741512
15 6 -0.00895482
15 7 -0.0158342
15 8 -0.0200033
15 9 -0.0203567
15 10 -0.017879
15 11 -0.0123404
15 12 -0.00413055
15 13 0.00353207
15 14 0.0106811
15 15 0.0166313
15 16 0.0191204
15 17 0.0196002
15 18 0.0181189
15 19 0.0146953
15 20 0.00997282
15 21 0.00402985
15 22 -0.00116865
15 23 -0.00656786
15 24 -0.0119717
15 25 -0.0157831
15 26 -0.0183678
15 27 -0.0190162
15 28 -0.0185346
15 29 -0.0157514
15 30 -0.0104898
15 31 -0.00430908
15 32 0.00227066
15 33 0.00779151
15 34 0.012909
15 35 0.0163985
15 36 0.0176994
15 37 0.0164215
15 38 0.0130336
15 39 0.00934535
15 40 0.00584304
15 41 0.00354148
15 42 0.00145394
15 43 -0.000303688
15 44 -0.00255426
15 45 -0.00491345
15 46 -0.00745193
15 47 -0.00980525
15 48 -0.011816
15 49 -0.0134999
15 50 -0.0146764
15 51 -0.0156417
15 52 -0.0161497
15 53 -0.0166145
15 54 -0.0167141
15 55 -0.0169015
15 56 -0.0168039
15 57 -0.0168819
15 58 -0.0167324
15 59 -0.0168086
15 60 -0.0166876
15 61 -0.0168084
15 62 -0.0167317
15 63 -0.0168797
15 64 -0.0167982
15 65 -0.0168875
15 66 -0.0166821
15 67 -0.0165473
15 68 -0.0160206
15 69 -0.0154177
15 70 -0.014334
15 71 -0.0130576
15 72 -0.0113823
15 73 -0.00961673
15 74 -0.00784814
15 75 -0.00619136
15 76 -0.00470023
15 77 -0.00273436
15 78 -0.000119938
15 79 0.00402358
15 80 0.00877718
15 81 0.0137165
15 82 0.0167765
15 83 0.017767
15 84 0.0164326
15 85 0.0137383
15 86 0.0100932
15 87 0.00508937
15 88 -0.00031019
15 89 -0.00582952
15 90 -0.00960939
15 91 -0.0125765
15 92 -0.0148617
15 93 -0.0162944
15 94 -0.0166102
15 95 -0.015056
15 96 -0.013218
15 97 -0.0097915
15 98 -0.00464132
15 99 0.00151085
15 100 0.00815289
15 101 0.0139682
15 102 0.0196269
15 103 0.0227968
15 104 0.0223896
15 105 0.0195979
15 106 0.0129961
15 107 0.00388526
15 108 -0.00567676
15 109 -0.0146457
15 110 -0.021044
15 111 -0.0239835
15 112 -0.0223204
15 113 -0.0165762
15 114 -0.00861634
15 115 0.00126293
15 116 0.0106231
15 117 0.017322
15 118 0.021027
15 119 0

16 0 0
16 1 0.0194511
16 2 0.0176868
16 3 0.0123853
16 4 0.003917
16 5 -0.00558562
16 6 -0.0134211
16 7 -0.0194357
16 8 -0.0214544
16 9 -0.0184016
16 10 -0.0133916
16 11 -0.00586236
16 12 0.00323875
16 13 0.0100916
16 14 0.0158381
16 15 0.0191204
16 16 0.0187538
16 17 0.0166137
16 18 0.0115179
16 19 0.00592576
16 20 0.000155658
16 21 -0.00631228
16 22 -0.00970497
16 23 -0.0125352
16 24 -0.0142373
16 25 -0.0140981
16 26 -0.0134666
16 27 -0.0103693
16 28 -0.00795846
16 29 -0.00414109
16 30 0.000980351
16 31 0.00592323
16 32 0.0114215
16 33 0.0142231
16 34 0.0170477
16 35 0.0175583
16 36 0.0164837
16 37 0.0130612
16 38 0.0070125
16 39 0.00134677
16 40 -0.00488479
16 41 -0.0083022
16 42 -0.0117412
16 43 -0.0132208
16 44 -0.0153063
16 45 -0.0166992
16 46 -0.0182388
16 47 -0.0195616
16 48 -0.0201497
16 49 -0.0209171
16 50 -0.0204623
16 51 -0.0206891
16 52 -0.0195597
16 53 -0.0195258
16 54 -0.0181444
16 55 -0.0181107
16 56 -0.0167812
16 57 -0.0169274
16 58 -0.0158322
16 59 -0.0162676
16 60 -0.0154949
16 61 -0.0162673
16 62 -0.015831
16 63 -0.0169241
16 64 -0.0167727
16 65 -0.0180904
16 66 -0.0180999
16 67 -0.019436
16 68 -0.0193946
16 69 -0.0204175
16 70 -0.0200737
16 71 -0.020462
16 72 -0.0197875
16 73 -0.019579
16 74 -0.0189806
16 75 -0.0183669
16 76 -0.0176713
16 77 -0.0154436
16 78 -0.0125695
16 79 -0.00675989
16 80 -0.00112419
16 81 0.0057612
16 82 0.0099221
16 83 0.0132071
16 84 0.0143434
16 85 0.0146
16 86 0.014219
16 87 0.0115558
16 88 0.00918492
16 89 0.00536189
16 90 0.00305456
16 91 -0.00033478
16 92 -0.00440645
16 93 -0.00800101
16 94 -0.012106
16 95 -0.0142148
16 96 -0.0166953
16 97 -0.0165224
16 98 -0.0131749
16 99 -0.00851055
16 100 -0.00105527
16 101 0.00637874
16 102 0.0141801
16 103 0.0201902
16 104 0.0220035
16 105 0.0220188
16 106 0.0175056
16 107 0.0093061
16 108 0.000817544
16 109 -0.00882606
16 110 -0.0169935
16 111 -0.0215944
16 112 -0.0228482
16 113 -0.0195338
16 114 -0.0122753
16 115 -0.00258468
16 116 0.00741357
16 117 0.0151777
16 118 0.0199797
16 119 0

17 0 0
17 1 0.0193196
17 2 0.0160552
17 3 0.00892688
17 4 -0.00110622
17 5 -0.0107539
17 6 -0.0170449
17 7 -0.0201888
17 8 -0.0189311
17 9 -0.013886
17 10 -0.00713244
17 11 0.0016431
17 12 0.00995071
17 13 0.0162389
17 14 0.0201612
17 15 0.0196002
17 16 0.0166137
17 17 0.010544
17 18 0.00188084
17 19 -0.00465632
17 20 -0.0112341
17 21 -0.0156292
17 22 -0.0163831
17 23 -0.0160235
17 24 -0.012645
17 25 -0.00976685
17 26 -0.00548939
17 27 -0.000284211
17 28 0.0029585
17 29 0.00740557
17 30 0.0101028
17 31 0.0140964
17 32 0.0166595
17 33 0.0172726
17 34 0.017583
17 35 0.0150046
17 36 0.0129087
17 37 0.00695676
17 38 0.000770056
17 39 -0.00708252
17 40 -0.013701
17 41 -0.0182242
17 42 -0.0216493
17 43 -0.0222834
17 44 -0.0238206
17 45 -0.0230673
17 46 -0.0241014
17 47 -0.0229021
17 48 -0.0232407
17 49 -0.0215618
17 50 -0.0210266
17 51 -0.0190865
17 52 -0.0179758
17 53 -0.0161645
17 54 -0.014889
17 55 -0.0134903
17 56 -0.0123636
17 57 -0.0115131
17 58 -0.0107404
17 59 -0.0104734
17 60 -0.0101831
17 61 -0.0104728
17 62 -0.0107385
17 63 -0.011508
17 64 -0.0123512
17 65 -0.0134618
17 66 -0.0148288
17 67 -0.0160476
17 68 -0.0177706
17 69 -0.0187671
17 70 -0.0206021
17 71 -0.0211223
17 72 -0.0229978
17 73 -0.0231791
17 74 -0.0252133
17 75 -0.0250738
17 76 -0.0262532
17 77 -0.024086
17 78 -0.0215779
17 79 -0.0156658
17 80 -0.00939659
17 81 -0.00300396
17 82 0.00261971
17 83 0.0059685
17 84 0.0101388
17 85 0.0119363
17 86 0.0148097
17 87 0.0147526
17 88 0.01501
17 89 0.0146481
17 90 0.0131859
17 91 0.0114483
17 92 0.00612723
17 93 0.00163908
17 94 -0.00465891
17 95 -0.0108156
17 96 -0.0160478
17 97 -0.0202796
17 98 -0.0195872
17 99 -0.0174915
17 100 -0.0117642
17 101 -0.00299432
17 102 0.00546773
17 103 0.0142256
17 104 0.0196137
17 105 0.0220193
17 106 0.0208615
17 107 0.0145098
17 108 0.00700935
17 109 -0.00175703
17 110 -0.0107715
17 111 -0.0162876
17 112 -0.019436
17 113 -0.0195206
17 114 -0.0148181
17 115 -0.00718727
17 116 0.00197628
17 117 0.0112953
17 118 0.0178046
17 119 0

18 0 0
18 1 0.0166464
18 2 0.0104164
18 3 0.00256722
18 4 -0.00579512
18 5 -0.0133305
18 6 -0.0175092
18 7 -0.0184364
18 8 -0.0157255
18 9 -0.00908863
18 10 -4.18854e-05
18 11 0.0093538
18 12 0.0171333
18 13 0.0221884
18 14 0.0224205
18 15 0.0181189
18 16 0.0115179
18 17 0.00188084
18 18 -0.00787761
18 19 -0.0151593
18 20 -0.0204616
18 21 -0.0219736
18 22 -0.0207483
18 23 -0.0162496
18 24 -0.00971384
18 25 -0.00385794
18 26 0.00310533
18 27 0.00868128
18 28 0.0132294
18 29 0.0159652
18 30 0.0168979
18 31 0.0183771
18 32 0.0177018
18 33 0.0167216
18 34 0.013589
18 35 0.0100888
18 36 0.00603804
18 37 0.000221655
18 38 -0.00588783
18 39 -0.0137688
18 40 -0.0194455
18 41 -0.0243869
18 42 -0.0258739
18 43 -0.026308
18 44 -0.0250762
18 45 -0.0235482
18 46 -0.0219893
18 47 -0.0199246
18 48 -0.0184414
18 49 -0.0159247
18 50 -0.0143688
18 51 -0.0115776
18 52 -0.0101048
18 53 -0.0074237
18 54 -0.00628485
18 55 -0.00401295
18 56 -0.00336594
18 57 -0.00164902
18 58 -0.00156448
18 59 -0.000450218
18 60 -0.000957861
18 61 -0.000449279
18 62 -0.00156163
18 63 -0.00164165
18 64 -0.00334834
18 65 -0.00397396
18 66 -0.00620527
18 67 -0.00727547
18 68 -0.00985658
18 69 -0.0112135
18 70 -0.0139248
18 71 -0.0155353
18 72 -0.0183673
18 73 -0.0205049
18 74 -0.0234701
18 75 -0.0258069
18 76 -0.0274008
18 77 -0.0274957
18 78 -0.02482
18 79 -0.0209509
18 80 -0.0149296
18 81 -0.0103588
18 82 -0.00520755
18 83 -0.00174199
18 84 0.00288319
18 85 0.0070466
18 86 0.0109302
18 87 0.0145012
18 88 0.0168657
18 89 0.0200759
18 90 0.0207041
18 91 0.0198874
18 92 0.0158479
18 93 0.0100733
18 94 0.00323619
18 95 -0.00587019
18 96 -0.0137094
18 97 -0.0202946
18 98 -0.0234351
18 99 -0.0233869
18 100 -0.0202339
18 101 -0.0124858
18 102 -0.00378867
18 103 0.00544189
18 104 0.0141732
18 105 0.0197423
18 106 0.0218801
18 107 0.0196496
18 108 0.0140157
18 109 0.00592389
18 110 -0.00329995
18 111 -0.0105427
18 112 -0.0152723
18 113 -0.0168265
18 114 -0.0145046
18 115 -0.00981512
18 116 -0.00317788
18 117 0.00440409
18 118 0.010922
18 119 0

19 0 0
19 1 0.0107997
19 2 0.00391766
19 3 -0.00297201
19 4 -0.0101306
19 5 -0.0157142
19 6 -0.0173705
19 7 -0.0154969
19 8 -0.00993145
19 9 -0.00157082
19 10 0.00771319
19 11 0.0161068
19 12 0.021526
19 13 0.0237858
19 14 0.0215961
19 15 0.0146953
19 16 0.00592576
19 17 -0.00465632
19 18 -0.0151593
19 19 -0.0224535
19 20 -0.0265365
19 21 -0.0263882
19 22 -0.0226113
19 23 -0.0155092
19 24 -0.00605715
19 25 0.00254968
19 26 0.0105144
19 27 0.0167736
19 28 0.0205235
19 29 0.0215945
19 30 0.0200377
19 31 0.0180144
19 32 0.0149838
19 33 0.0113196
19 34 0.00683054
19 35 0.00214468
19 36 -0.00201054
19 37 -0.00668142
19 38 -0.0115693
19 39 -0.0172075
19 40 -0.0217749
19 41 -0.0246657
19 42 -0.0250147
19 43 -0.0232892
19 44 -0.0203956
19 45 -0.0168512
19 46 -0.0136079
19 47 -0.0102865
19 48 -0.00752942
19 49 -0.00459914
19 50 -0.00216127
19 51 0.000449842
19 52 0.00255364
19 53 0.00471113
19 54 0.00634349
19 55 0.00793388
19 56 0.00902936
19 57 0.0100396
19 58 0.0106034
19 59 0.0110684
19 60 0.0111195
19 61 0.0110698
19 62 0.0106076
19 63 0.0100501
19 64 0.00905375
19 65 0.0079861
19 66 0.00644619
19 67 0.00489456
19 68 0.00284578
19 69 0.000851179
19 70 -0.00171958
19 71 -0.00429908
19 72 -0.00767151
19 73 -0.0111988
19 74 -0.0154272
19 75 -0.0192441
19 76 -0.0224281
19 77 -0.0237044
19 78 -0.022976
19 79 -0.0205692
19 80 -0.0173927
19 81 -0.0147216
19 82 -0.0120546
19 83 -0.00940403
19 84 -0.00533373
19 85 -0.000779364
19 86 0.00435662
19 87 0.00957778
19 88 0.0151302
19 89 0.0207681
19 90 0.024227
19 91 0.0251147
19 92 0.0225068
19 93 0.0175495
19 94 0.00979381
19 95 -0.00036812
19 96 -0.0102754
19 97 -0.0189768
19 98 -0.0245829
19 99 -0.0271509
19 100 -0.0254435
19 101 -0.0190732
19 102 -0.0110779
19 103 -0.001482
19 104 0.00811072
19 105 0.0153497
19 106 0.0198312
19 107 0.0206346
19 108 0.0183519
19 109 0.0129058
19 110 0.00535867
19 111 -0.00175807
19 112 -0.00860214
19 113 -0.0132115
19 114 -0.0138749
19 115 -0.0124134
19 116 -0.00825846
19 117 -0.00217858
19 118 0.00322759
19 119 0

20 0 0
20 1 0.00564197
20 2 -0.00192765
20 3 -0.00924146
20 4 -0.014641
20 5 -0.0168995
20 6 -0.0154895
20 7 -0.010265
20 8 -0.00282705
20 9 0.00505717
20 10 0.0137799
20 11 0.020505
20 12 0.0233753
20 13 0.0237903
20 14 0.018937
20 15 0.00997282
20 16 0.000155658
20 17 -0.0112341
20 18 -0.0204616
20 19 -0.0265365
20 20 -0.0288181
20 21 -0.0255317
20 22 -0.0203116
20 23 -0.0112372
20 24 -0.00064263
20 25 0.00799112
20 26 0.0160324
20 27 0.0201764
20 28 0.0226292
20 29 0.0213713
20 30 0.0171033
20 31 0.0130223
20 32 0.0074123
20 33 0.00349514
20 34 -0.00179481
20 35 -0.00555601
20 36 -0.00854196
20 37 -0.0111933
20 38 -0.01294
20 39 -0.0164063
20 40 -0.0178578
20 41 -0.0195751
20 42 -0.0175729
20 43 -0.0149506
20 44 -0.0101183
20 45 -0.00557037
20 46 -0.00113638
20 47 0.0029238
20 48 0.00583352
20 49 0.00913074
20 50 0.01091
20 51 0.0136974
20 52 0.0147058
20 53 0.0170213
20 54 0.0174072
20 55 0.0192439
20 56 0.01913
20 57 0.0205466
20 58 0.0200546
20 59 0.0211339
20 60 0.0203428
20 61 0.021136
20 62 0.0200607
20 63 0.0205613
20 64 0.0191631
20 65 0.0193123
20 66 0.0175367
20 67 0.0172428
20 68 0.0150403
20 69 0.0141244
20 70 0.0113225
20 71 0.00930004
20 72 0.00543386
20 73 0.00166987
20 74 -0.00323488
20 75 -0.00795624
20 76 -0.0116813
20 77 -0.014488
20 78 -0.014627
20 79 -0.0150901
20 80 -0.0139326
20 81 -0.015005
20 82 -0.0144913
20 83 -0.0144361
20 84 -0.01186
20 85 -0.00829869
20 86 -0.00399104
20 87 0.00241364
20 88 0.00862361
20 89 0.0166289
20 90 0.0213309
20 91 0.0242972
20 92 0.0239466
20 93 0.0202561
20 94 0.0143755
20 95 0.00433157
20 96 -0.00473857
20 97 -0.013912
20 98 -0.0214553
20 99 -0.0254342
20 100 -0.0267679
20 101 -0.022747
20 102 -0.0168176
20 103 -0.00873091
20 104 0.00163023
20 105 0.00956254
20 106 0.0162033
20 107 0.020306
20 108 0.0202356
20 109 0.0177964
20 110 0.0126656
20 111 0.00610022
20 112 -0.000725581
20 113 -0.00723705
20 114 -0.0117881
20 115 -0.0144268
20 116 -0.0137551
20 117 -0.00931199
20 118 -0.00379077
20 119 0

21 0 0
