0 0 0
0 1 0
0 2 0
0 3 0
0 4 0
0 5 0
0 6 0
0 7 0
0 8 0
0 9 0
0 10 0
0 11 0
0 12 0
0 13 0
0 14 0
0 15 0
0 16 0
0 17 0
0 18 0
0 19 0
0 20 0
0 21 0
0 22 0
0 23 0
0 24 0
0 25 0
0 26 0
0 27 0
0 28 0
0 29 0
0 30 0
0 31 0
0 32 0
0 33 0
0 34 0
0 35 0
0 36 0
0 37 0
0 38 0
0 39 0
0 40 0
0 41 0
0 42 0
0 43 0
0 44 0
0 45 0
0 46 0
0 47 0
0 48 0
0 49 0
0 50 0
0 51 0
0 52 0
0 53 0
0 54 0
0 55 0
0 56 0
0 57 0
0 58 0
0 59 0
0 60 0
0 61 0
0 62 0
0 63 0
0 64 0
0 65 0
0 66 0
0 67 0
0 68 0
0 69 0
0 70 0
0 71 0
0 72 0
0 73 0
0 74 0
0 75 0
0 76 0
0 77 0
0 78 0
0 79 0
0 80 0
0 81 0
0 82 0
0 83 0
0 84 0
0 85 0
0 86 0
0 87 0
0 88 0
0 89 0
0 90 0
0 91 0
0 92 0
0 93 0
0 94 0
0 95 0
0 96 0
0 97 0
0 98 0
0 99 0
0 100 0
0 101 0
0 102 0
0 103 0
0 104 0
0 105 0
0 106 0
0 107 0
0 108 0
0 109 0
0 110 0
0 111 0
0 112 0
0 113 0
0 114 0
0 115 0
0 116 0
0 117 0
0 118 0
0 119 0

1 0 0
1 1 0.0177581
1 2 0.0153213
1 3 0.0102072
1 4 0.00328708
1 5 -0.00468133
1 6 -0.0112999
1 7 -0.0161724
1 8 -0.0184216
1 9 -0.0170827
1 10 -0.0136532
1 11 -0.0075188
1 12 -0.00021212
1 13 0.00654752
1 14 0.0131706
1 15 0.0170539
1 16 0.0189334
1 17 0.0186665
1 18 0.0150943
1 19 0.0107571
1 20 0.00491028
1 21 -0.00133255
1 22 -0.00694527
1 23 -0.0117793
1 24 -0.0150408
1 25 -0.0177828
1 26 -0.018475
1 27 -0.0185546
1 28 -0.0180781
1 29 -0.0163964
1 30 -0.0142014
1 31 -0.0110559
1 32 -0.00771481
1 33 -0.00271782
1 34 0.00258205
1 35 0.00817328
1 36 0.0137682
1 37 0.0191792
1 38 0.023726
1 39 0.0262694
1 40 0.0277281
1 41 0.0276647
1 42 0.026783
1 43 0.0243309
1 44 0.0219213
1 45 0.0197109
1 46 0.0184762
1 47 0.0172574
1 48 0.0162526
1 49 0.0152853
1 50 0.0145785
1 51 0.0135699
1 52 0.0117201
1 53 0.00900644
1 54 0.00588188
1 55 0.00336672
1 56 0.0017519
1 57 0.00125813
1 58 0.00109874
1 59 0.00107746
1 60 0.000631754
1 61 0.000333015
1 62 0.000357288
1 63 0.00153204
1 64 0.00358745
1 65 0.00631039
1 66 0.00860057
1 67 0.0101257
1 68 0.0107946
1 69 0.0113143
1 70 0.0120979
1 71 0.0131337
1 72 0.0144175
1 73 0.0159902
1 74 0.0186136
1 75 0.0217403
1 76 0.0250298
1 77 0.0270263
1 78 0.0283626
1 79 0.0283371
1 80 0.027398
1 81 0.024392
1 82 0.0206574
1 83 0.0163701
1 84 0.0121108
1 85 0.00747411
1 86 0.00295741
1 87 -0.000723337
1 88 -0.00467941
1 89 -0.00836681
1 90 -0.0122858
1 91 -0.0152271
1 92 -0.0184127
1 93 -0.0206237
1 94 -0.0211725
1 95 -0.0204518
1 96 -0.017602
1 97 -0.013255
1 98 -0.00667312
1 99 -2.57043e-05
1 100 0.00697617
1 101 0.0136505
1 102 0.0177415
1 103 0.0203231
1 104 0.0197719
1 105 0.0166673
1 106 0.0114879
1 107 0.0043121
1 108 -0.00275228
1 109 -0.00979906
1 110 -0.0149291
1 111 -0.0176153
1 112 -0.0180237
1 113 -0.0146294
1 114 -0.00937936
1 115 -0.002445
1 116 0.00545082
1 117 0.011357
1 118 0.0158331
1 119 0

2 0 0
2 1 0.0153213
2 2 0.010871
2 3 0.00577598
2 4 -0.00111958
2 5 -0.00801102
2 6 -0.0124808
2 7 -0.0160146
2 8 -0.0163151
2 9 -0.0133622
2 10 -0.00926076
2 11 -0.00254385
2 12 0.00396177
2 13 0.00982498
2 14 0.0153962
2 15 0.017124
2 16 0.0173869
2 17 0.0155185
2 18 0.0105531
2 19 0.00514723
2 20 -0.00151627
2 21 -0.00739719
2 22 -0.0127441
2 23 -0.0165496
2 24 -0.0177788
2 25 -0.0186331
2 26 -0.0167568
2 27 -0.0142652
2 28 -0.0113659
2 29 -0.00789154
2 30 -0.0046188
2 31 -0.000669381
2 32 0.00202503
2 33 0.00591061
2 34 0.00961314
2 35 0.0133115
2 36 0.0167609
2 37 0.0198284
2 38 0.0228921
2 39 0.0237168
2 40 0.0238625
2 41 0.022229
2 42 0.0204359
2 43 0.0169371
2 44 0.0133247
2 45 0.00988759
2 46 0.00758761
2 47 0.00605657
2 48 0.00460596
2 49 0.00377005
2 50 0.0029275
2 51 0.00278277
2 52 0.00153159
2 53 -2.88762e-05
2 54 -0.00301995
2 55 -0.00528015
2 56 -0.00755187
2 57 -0.00814838
2 58 -0.00886058
2 59 -0.00864243
2 60 -0.0092079
2 61 -0.00884486
2 62 -0.00860765
2 63 -0.00669526
2 64 -0.00481899
2 65 -0.00219357
2 66 -0.00104604
2 67 -0.000144314
2 68 -0.000429438
2 69 0.000126174
2 70 0.000552783
2 71 0.00185025
2 72 0.00306371
2 73 0.00543391
2 74 0.00875378
2 75 0.0127494
2 76 0.0164693
2 77 0.0190171
2 78 0.0213477
2 79 0.0223178
2 80 0.0227425
2 81 0.0210437
2 82 0.0197038
2 83 0.0176466
2 84 0.0158392
2 85 0.0132548
2 86 0.0108451
2 87 0.00867618
2 88 0.00507866
2 89 0.00147269
2 90 -0.00327731
2 91 -0.00752176
2 92 -0.0127899
2 93 -0.0169815
2 94 -0.0194499
2 95 -0.0211038
2 96 -0.0197524
2 97 -0.0169006
2 98 -0.011592
2 99 -0.0056407
2 100 0.00105389
2 101 0.00809223
2 102 0.0123963
2 103 0.0163494
2 104 0.0176319
2 105 0.0159067
2 106 0.012991
2 107 0.00748642
2 108 0.00183766
2 109 -0.00425191
2 110 -0.0100285
2 111 -0.0130969
2 112 -0.0149453
2 113 -0.0140893
2 114 -0.0104986
2 115 -0.0059671
2 116 0.000162823
2 117 0.00624837
2 118 0.0109485
2 119 0

3 0 0
3 1 0.0102072
3 2 0.00577598
3 3 0.00105513
3 4 -0.00472259
3 5 -0.00963702
3 6 -0.0119972
3 7 -0.0130938
3 8 -0.0110719
3 9 -0.00720884
3 10 -0.00287135
3 11 0.00330162
3 12 0.00803106
3 13 0.0115401
3 14 0.0143177
3 15 0.0139804
3 16 0.0121435
3 17 0.00822978
3 18 0.00303262
3 19 -0.00262596
3 20 -0.00863917
3 21 -0.0127852
3 22 -0.0165296
3 23 -0.0176127
3 24 -0.0163843
3 25 -0.0143142
3 26 -0.00991694
3 27 -0.00544628
3 28 -0.000367958
3 29 0.00341846
3 30 0.00698025
3 31 0.00989594
3 32 0.0109812
3 33 0.0124125
3 34 0.0129848
3 35 0.0142395
3 36 0.014271
3 37 0.0150666
3 38 0.0155817
3 39 0.0153079
3 40 0.0140555
3 41 0.0115906
3 42 0.0093294
3 43 0.00545051
3 44 0.00183705
3 45 -0.00244816
3 46 -0.00463113
3 47 -0.00661485
3 48 -0.0071895
3 49 -0.00812425
3 50 -0.00786998
3 51 -0.00767342
3 52 -0.00723559
3 53 -0.00802492
3 54 -0.0096668
3 55 -0.0119793
3 56 -0.0139655
3 57 -0.0152355
3 58 -0.0158504
3 59 -0.0160025
3 60 -0.016005
3 61 -0.0155257
3 62 -0.0144563
3 63 -0.0126127
3 64 -0.0105712
3 65 -0.00910083
3 66 -0.00866915
3 67 -0.00932242
3 68 -0.00996289
3 69 -0.0104806
3 70 -0.010048
3 71 -0.00977287
3 72 -0.00828317
3 73 -0.0064021
3 74 -0.00249174
3 75 0.000877856
3 76 0.00464895
3 77 0.00681376
3 78 0.00959274
3 79 0.0110094
3 80 0.0121247
3 81 0.0121521
3 82 0.0127071
3 83 0.0136743
3 84 0.0140762
3 85 0.0149225
3 86 0.0150613
3 87 0.0155726
3 88 0.0136544
3 89 0.0113629
3 90 0.00760671
3 91 0.00279219
3 92 -0.00272547
3 93 -0.0084043
3 94 -0.0123503
3 95 -0.0163152
3 96 -0.017435
3 97 -0.0168479
3 98 -0.0146466
3 99 -0.0105747
3 100 -0.00598035
3 101 -0.000337161
3 102 0.00408253
3 103 0.00848025
3 104 0.01132
3 105 0.0117299
3 106 0.0119871
3 107 0.00961377
3 108 0.00610143
3 109 0.00242342
3 110 -0.00237692
3 111 -0.00617678
3 112 -0.0093736
3 113 -0.0110788
3 114 -0.010291
3 115 -0.00810886
3 116 -0.0039952
3 117 0.000759781
3 118 0.00485769
3 119 0

4 0 0
4 1 0.00328708
4 2 -0.00111958
4 3 -0.00472259
4 4 -0.00817259
4 5 -0.0092757
4 6 -0.00850611
4 7 -0.00676917
4 8 -0.00292251
4 9 0.000711582
4 10 0.00425262
4 11 0.00775755
4 12 0.00958531
4 13 0.0106781
4 14 0.00983727
4 15 0.00777376
4 16 0.00447762
4 17 -0.000512445
4 18 -0.0047812
4 19 -0.00998582
4 20 -0.0138841
4 21 -0.0158347
4 22 -0.0171185
4 23 -0.0152277
4 24 -0.0120964
4 25 -0.00690893
4 26 -0.00117501
4 27 0.00488271
4 28 0.0110184
4 29 0.0145639
4 30 0.0178525
4 31 0.0186516
4 32 0.0183494
4 33 0.01631
4 34 0.0139759
4 35 0.0118917
4 36 0.00880028
4 37 0.00698413
4 38 0.00472633
4 39 0.00363471
4 40 0.00084423
4 41 -0.00147451
4 42 -0.00456986
4 43 -0.00754338
4 44 -0.0112573
4 45 -0.0149243
4 46 -0.0172249
4 47 -0.0186532
4 48 -0.0185114
4 49 -0.0186688
4 50 -0.0173185
4 51 -0.0163504
4 52 -0.0142109
4 53 -0.013944
4 54 -0.0138465
4 55 -0.0159443
4 56 -0.017218
4 57 -0.0192495
4 58 -0.0195001
4 59 -0.0202698
4 60 -0.0193886
4 61 -0.0190303
4 62 -0.0169185
4 63 -0.0155815
4 64 -0.0134661
4 65 -0.0135913
4 66 -0.0139313
4 67 -0.0162413
4 68 -0.017395
4 69 -0.0191087
4 70 -0.0192588
4 71 -0.0199907
4 72 -0.01898
4 73 -0.0174907
4 74 -0.0143095
4 75 -0.0115545
4 76 -0.00905616
4 77 -0.00690074
4 78 -0.00493311
4 79 -0.00280053
4 80 -0.00179976
4 81 0.000399838
4 82 0.00252086
4 83 0.00642221
4 84 0.00930841
4 85 0.013383
4 86 0.0167446
4 87 0.0194235
4 88 0.0203476
4 89 0.0193851
4 90 0.0176236
4 91 0.0128714
4 92 0.00805206
4 93 0.00207822
4 94 -0.00317386
4 95 -0.00819309
4 96 -0.0119522
4 97 -0.0134452
4 98 -0.0148003
4 99 -0.0134197
4 100 -0.0114308
4 101 -0.00852872
4 102 -0.00467065
4 103 -0.0012342
4 104 0.00266684
4 105 0.00522985
4 106 0.00773015
4 107 0.00899922
4 108 0.00852842
4 109 0.00814149
4 110 0.00549058
4 111 0.00228764
4 112 -0.000825376
4 113 -0.00487178
4 114 -0.00718847
4 115 -0.00861177
4 116 -0.00865738
4 117 -0.00592719
4 118 -0.00270314
4 119 0

5 0 0
5 1 -0.00468133
5 2 -0.00801102
5 3 -0.00963702
5 4 -0.0092757
5 5 -0.00654197
5 6 -0.00318114
5 7 0.000916446
5 8 0.00506583
5 9 0.00799237
5 10 0.010447
5 11 0.0107627
5 12 0.00968127
5 13 0.00775494
5 14 0.00371986
5 15 -5.93427e-05
5 16 -0.0046922
5 17 -0.00935816
5 18 -0.0123886
5 19 -0.0155266
5 20 -0.0164953
5 21 -0.0158969
5 22 -0.0137477
5 23 -0.00976748
5 24 -0.00471859
5 25 0.00211631
5 26 0.00823568
5 27 0.0147294
5 28 0.0201064
5 29 0.0232845
5 30 0.0246911
5 31 0.0236493
5 32 0.0212376
5 33 0.0162847
5 34 0.0113154
5 35 0.00598243
5 36 0.0010265
5 37 -0.00348259
5 38 -0.00696181
5 39 -0.00917586
5 40 -0.0117332
5 41 -0.0138418
5 42 -0.0163816
5 43 -0.0181977
5 44 -0.0209906
5 45 -0.0233159
5 46 -0.025407
5 47 -0.0256578
5 48 -0.0251594
5 49 -0.0237113
5 50 -0.021954
5 51 -0.019422
5 52 -0.0166756
5 53 -0.0144906
5 54 -0.0136352
5 55 -0.0143686
5 56 -0.0158655
5 57 -0.017587
5 58 -0.0185614
5 59 -0.0189314
5 60 -0.0182165
5 61 -0.0169195
5 62 -0.0148644
5 63 -0.0131033
5 64 -0.0120854
5 65 -0.0127793
5 66 -0.0147765
5 67 -0.0175189
5 68 -0.0200192
5 69 -0.0219917
5 70 -0.0236317
5 71 -0.0246207
5 72 -0.0248476
5 73 -0.0235502
5 74 -0.0220212
5 75 -0.0202926
5 76 -0.0195612
5 77 -0.0182304
5 78 -0.017366
5 79 -0.0159255
5 80 -0.0148652
5 81 -0.0120812
5 82 -0.00827739
5 83 -0.00324851
5 84 0.00222236
5 85 0.0082656
5 86 0.0144909
5 87 0.0189466
5 88 0.0223944
5 89 0.0236128
5 90 0.0235109
5 91 0.0206365
5 92 0.0169305
5 93 0.012379
5 94 0.0068291
5 95 0.00178247
5 96 -0.00331869
5 97 -0.00723902
5 98 -0.0112485
5 99 -0.0134709
5 100 -0.014561
5 101 -0.0151303
5 102 -0.0132898
5 103 -0.0110193
5 104 -0.00717916
5 105 -0.00259558
5 106 0.0019151
5 107 0.00671382
5 108 0.00989257
5 109 0.0121033
5 110 0.0121535
5 111 0.0102359
5 112 0.00734612
5 113 0.00227352
5 114 -0.00258623
5 115 -0.00706657
5 116 -0.0108731
5 117 -0.0113039
5 118 -0.00991132
5 119 0

6 0 0
6 1 -0.0112999
6 2 -0.0124808
6 3 -0.0119972
6 4 -0.00850611
6 5 -0.00318114
6 6 0.00212993
6 7 0.0080605
6 8 0.0123031
6 9 0.0142254
6 10 0.0145941
6 11 0.0118625
6 12 0.00798916
6 13 0.00284681
6 14 -0.00359049
6 15 -0.00825455
6 16 -0.0129354
6 17 -0.0164577
6 18 -0.0175241
6 19 -0.017669
6 20 -0.015666
6 21 -0.0125087
6 22 -0.00771669
6 23 -0.00214746
6 24 0.00367534
6 25 0.0106785
6 26 0.0162515
6 27 0.0214779
6 28 0.0253546
6 29 0.026974
6 30 0.0264078
6 31 0.0232915
6 32 0.0189797
6 33 0.0121919
6 34 0.00510944
6 35 -0.00184366
6 36 -0.00805266
6 37 -0.0133053
6 38 -0.0173531
6 39 -0.0192519
6 40 -0.0207935
6 41 -0.0216025
6 42 -0.0226776
6 43 -0.0230065
6 44 -0.023912
6 45 -0.0249504
6 46 -0.0259043
6 47 -0.0257171
6 48 -0.0242928
6 49 -0.0222628
6 50 -0.0195764
6 51 -0.016647
6 52 -0.0130229
6 53 -0.0101115
6 54 -0.00811248
6 55 -0.00828944
6 56 -0.00943894
6 57 -0.011517
6 58 -0.012714
6 59 -0.0133257
6 60 -0.0122603
6 61 -0.0106168
6 62 -0.00809589
6 63 -0.00653011
6 64 -0.00594398
6 65 -0.00759356
6 66 -0.0101652
6 67 -0.0135635
6 68 -0.0162776
6 69 -0.0189402
6 70 -0.0209545
6 71 -0.022649
6 72 -0.0231088
6 73 -0.0228036
6 74 -0.0224095
6 75 -0.0225713
6 76 -0.0233028
6 77 -0.0236615
6 78 -0.0242872
6 79 -0.0243576
6 80 -0.0240878
6 81 -0.0214905
6 82 -0.0177062
6 83 -0.0123407
6 84 -0.00618206
6 85 0.00109556
6 86 0.00831936
6 87 0.0141059
6 88 0.0192457
6 89 0.0224507
6 90 0.0242726
6 91 0.0236563
6 92 0.0223542
6 93 0.0197682
6 94 0.0156045
6 95 0.0114491
6 96 0.00612933
6 97 0.000779081
6 98 -0.00514497
6 99 -0.0102657
6 100 -0.0146978
6 101 -0.0184881
6 102 -0.0191363
6 103 -0.018778
6 104 -0.0160568
6 105 -0.0106104
6 106 -0.00453165
6 107 0.00269736
6 108 0.00901394
6 109 0.0140868
6 110 0.0171352
6 111 0.0166432
6 112 0.014007
6 113 0.00870657
6 114 0.00181974
6 115 -0.00461529
6 116 -0.010504
6 117 -0.0141582
6 118 -0.0147758
6 119 0

7 0 0
7 1 -0.0161724
7 2 -0.0160146
7 3 -0.0130938
7 4 -0.00676917
7 5 0.000916446
7 6 0.0080605
7 7 0.0145817
7 8 0.0177067
7 9 0.0179247
7 10 0.015708
7 11 0.00984283
7 12 0.00354138
7 13 -0.00336365
7 14 -0.0104916
7 15 -0.0151444
7 16 -0.0185298
7 17 -0.0194355
7 18 -0.0182758
7 19 -0.01547
7 20 -0.0108898
7 21 -0.00620801
7 22 5.59976e-05
7 23 0.00548558
7 24 0.0106447
7 25 0.0161482
7 26 0.0197749
7 27 0.0231007
7 28 0.0244758
7 29 0.0248313
7 30 0.0225529
7 31 0.0183321
7 32 0.0132806
7 33 0.0058853
7 34 -0.00133632
7 35 -0.00900335
7 36 -0.0146554
7 37 -0.0199232
7 38 -0.0231615
7 39 -0.024416
7 40 -0.0243838
7 41 -0.023442
7 42 -0.0230098
7 43 -0.0214553
7 44 -0.0209989
7 45 -0.0201785
7 46 -0.0207043
7 47 -0.0196701
7 48 -0.0184502
7 49 -0.015622
7 50 -0.0130905
7 51 -0.00960771
7 52 -0.00621506
7 53 -0.00259199
7 54 -0.000333102
7 55 0.000263277
7 56 -0.000995529
7 57 -0.00308548
7 58 -0.00485666
7 59 -0.0054435
7 60 -0.0043993
7 61 -0.0021977
7 62 0.000378407
7 63 0.00203981
7 64 0.00195242
7 65 5.54245e-05
7 66 -0.00306119
7 67 -0.00616496
7 68 -0.00919991
7 69 -0.0115713
7 70 -0.014105
7 71 -0.0153704
7 72 -0.0163966
7 73 -0.0162084
7 74 -0.0174597
7 75 -0.018618
7 76 -0.021171
7 77 -0.0226918
7 78 -0.0252329
7 79 -0.0266737
7 80 -0.0274694
7 81 -0.0257701
7 82 -0.0226039
7 83 -0.0182999
7 84 -0.01215
7 85 -0.00566217
7 86 0.00151813
7 87 0.00689379
7 88 0.0126916
7 89 0.0166689
7 90 0.0195784
7 91 0.0212488
7 92 0.0219797
7 93 0.0221259
7 94 0.0199925
7 95 0.0180214
7 96 0.0138679
7 97 0.00853609
7 98 0.0024453
7 99 -0.00453883
7 100 -0.0109185
7 101 -0.0171707
7 102 -0.0206976
7 103 -0.0225122
7 104 -0.0215165
7 105 -0.0166907
7 106 -0.0109047
7 107 -0.00277413
7 108 0.00577738
7 109 0.0127202
7 110 0.018248
7 111 0.0201888
7 112 0.0189312
7 113 0.0144529
7 114 0.00692595
7 115 -0.00132933
7 116 -0.00941865
7 117 -0.0154828
7 118 -0.0179224
7 119 0

8 0 0
8 1 -0.0184216
8 2 -0.0163151
8 3 -0.0110719
8 4 -0.00292251
8 5 0.00506583
8 6 0.0123031
8 7 0.0177067
8 8 0.0189476
8 9 0.0178676
8 10 0.0136727
8 11 0.00654983
8 12 -0.00103021
8 13 -0.00907965
8 14 -0.0152953
8 15 -0.0196291
8 16 -0.0211308
8 17 -0.0190867
8 18 -0.0159213
8 19 -0.0097785
8 20 -0.00359607
8 21 0.00227914
8 22 0.00873085
8 23 0.0125961
8 24 0.0163087
8 25 0.0181463
8 26 0.019337
8 27 0.0193745
8 28 0.0179109
8 29 0.016914
8 30 0.0130047
8 31 0.00922577
8 32 0.00375174
8 33 -0.00189916
8 34 -0.00825144
8 35 -0.0144498
8 36 -0.0183863
8 37 -0.0222818
8 38 -0.0232741
8 39 -0.0236757
8 40 -0.0209263
8 41 -0.018787
8 42 -0.0157497
8 43 -0.0133619
8 44 -0.0109235
8 45 -0.00935027
8 46 -0.00903342
8 47 -0.00816896
8 48 -0.00737344
8 49 -0.00473466
8 50 -0.00288718
8 51 0.000514208
8 52 0.00287458
8 53 0.00674053
8 54 0.00834515
8 55 0.00973024
8 56 0.00773106
8 57 0.00609269
8 58 0.00318527
8 59 0.00314036
8 60 0.0034835
8 61 0.00668928
8 62 0.00864903
8 63 0.0109744
8 64 0.00994481
8 65 0.00871844
8 66 0.00523207
8 67 0.00331308
8 68 0.000275262
8 69 -0.00108161
8 70 -0.00345003
8 71 -0.00375821
8 72 -0.00455913
8 73 -0.00449446
8 74 -0.00634525
8 75 -0.00866238
8 76 -0.0117866
8 77 -0.0151491
8 78 -0.0185266
8 79 -0.0222127
8 80 -0.0234541
8 81 -0.0240598
8 82 -0.0219363
8 83 -0.0200759
8 84 -0.0153487
8 85 -0.0110434
8 86 -0.00608699
8 87 -0.00182706
8 88 0.00239045
8 89 0.00677597
8 90 0.00943885
8 91 0.0135048
8 92 0.0161403
8 93 0.0191661
8 94 0.0204833
8 95 0.0209749
8 96 0.0198845
8 97 0.0154862
8 98 0.0107762
8 99 0.00314724
8 100 -0.00467645
8 101 -0.012217
8 102 -0.0189186
8 103 -0.0224094
8 104 -0.0235808
8 105 -0.020473
8 106 -0.0150881
8 107 -0.00742683
8 108 0.00201938
8 109 0.00940625
8 110 0.0160692
8 111 0.0198477
8 112 0.0193873
8 113 0.0166654
8 114 0.0103275
8 115 0.00230237
8 116 -0.00555609
8 117 -0.0130782
8 118 -0.0175651
8 119 0

9 0 0
9 1 -0.0170827
9 2 -0.0133622
9 3 -0.00720884
9 4 0.000711582
9 5 0.00799237
9 6 0.0142254
9 7 0.0179247
9 8 0.0178676
9 9 0.0150598
9 10 0.00886654
9 11 0.00118077
9 12 -0.00662196
9 13 -0.0139815
9 14 -0.0184164
9 15 -0.020519
9 16 -0.0190516
9 17 -0.0146118
9 18 -0.00910498
9 19 -0.00143246
9 20 0.00534397
9 21 0.0109787
9 22 0.0154028
9 23 0.0174257
9 24 0.0178582
9 25 0.016209
9 26 0.0143038
9 27 0.0111078
9 28 0.0077678
9 29 0.00496149
9 30 0.0014433
9 31 -0.00193533
9 32 -0.00584139
9 33 -0.00913617
9 34 -0.0132075
9 35 -0.0165096
9 36 -0.0186184
9 37 -0.0194607
9 38 -0.0189263
9 39 -0.017057
9 40 -0.0130521
9 41 -0.00889464
9 42 -0.00450687
9 43 -0.00109969
9 44 0.00232098
9 45 0.00418834
9 46 0.0050759
9 47 0.00488913
9 48 0.005317
9 49 0.00628273
9 50 0.00785097
9 51 0.00955794
9 52 0.0115847
9 53 0.0138827
9 54 0.0156692
9 55 0.0161863
9 56 0.0147322
9 57 0.0122254
9 58 0.00965697
9 59 0.00877364
9 60 0.00970358
9 61 0.0123399
9 62 0.0149138
9 63 0.0164992
9 64 0.0161089
9 65 0.0145557
9 66 0.0124768
9 67 0.010814
9 68 0.00943646
9 69 0.00836922
9 70 0.00783545
9 71 0.00801287
9 72 0.00868574
9 73 0.00841772
9 74 0.00698948
9 75 0.00404432
9 76 0.000874713
9 77 -0.00339809
9 78 -0.00770531
9 79 -0.0121847
9 80 -0.0147542
9 81 -0.0165031
9 82 -0.0169685
9 83 -0.0167648
9 84 -0.0152376
9 85 -0.0134032
9 86 -0.0119579
9 87 -0.009938
9 88 -0.00787334
9 89 -0.00504887
9 90 -0.00235644
9 91 0.00211505
9 92 0.00683458
9 93 0.0116668
9 94 0.0163606
9 95 0.0197014
9 96 0.0213464
9 97 0.0199177
9 98 0.0169695
9 99 0.0108976
9 100 0.0032157
9 101 -0.0043839
9 102 -0.0122071
9 103 -0.0177042
9 104 -0.0209147
9 105 -0.0206048
9 106 -0.0172074
9 107 -0.0115449
9 108 -0.00357199
9 109 0.00398825
9 110 0.0111726
9 111 0.0160139
9 112 0.017181
9 113 0.0162981
9 114 0.0117153
9 115 0.0052994
9 116 -0.00138157
9 117 -0.00893821
9 118 -0.0139891
9 119 0

10 0 0
10 1 -0.0136532
10 2 -0.00926076
10 3 -0.00287135
10 4 0.00425262
10 5 0.010447
10 6 0.0145941
10 7 0.015708
10 8 0.0136727
10 9 0.00886654
10 10 0.00195743
10 11 -0.00523629
10 12 -0.0120813
10 13 -0.016853
10 14 -0.0183539
10 15 -0.0177063
10 16 -0.0135375
10 17 -0.00692057
10 18 0.000193613
10 19 0.00790137
10 20 0.0141023
10 21 0.0182031
10 22 0.0198058
10 23 0.0189317
10 24 0.0158084
10 25 0.0106978
10 26 0.00567401
10 27 0.000196951
10 28 -0.00461833
10 29 -0.00796167
10 30 -0.0104214
10 31 -0.012085
10 32 -0.0134446
10 33 -0.0137639
10 34 -0.0144231
10 35 -0.0147922
10 36 -0.0143243
10 37 -0.0128416
10 38 -0.0104838
10 39 -0.00735523
10 40 -0.00258423
10 41 0.00249941
10 42 0.00743084
10 43 0.0112214
10 44 0.014502
10 45 0.0164165
10 46 0.016844
10 47 0.0159267
10 48 0.0149148
10 49 0.0145664
10 50 0.0147424
10 51 0.0153091
10 52 0.0160261
10 53 0.0172723
10 54 0.0182569
10 55 0.0184943
10 56 0.0169556
10 57 0.0144546
10 58 0.0117814
10 59 0.0107877
10 60 0.0115777
10 61 0.014062
10 62 0.0163908
10 63 0.0178041
10 64 0.017474
10 65 0.0164809
10 66 0.0152714
10 67 0.0147187
10 68 0.0143667
10 69 0.0145774
10 70 0.0153535
10 71 0.0169984
10 72 0.0185588
10 73 0.0189807
10 74 0.0178685
10 75 0.0155399
10 76 0.0125744
10 77 0.00848127
10 78 0.00402259
10 79 -0.000326863
10 80 -0.00331062
10 81 -0.0059822
10 82 -0.00806187
10 83 -0.00978044
10 84 -0.0108733
10 85 -0.012324
10 86 -0.0141812
10 87 -0.0153204
10 88 -0.0160344
10 89 -0.0156416
10 90 -0.0140422
10 91 -0.00995695
10 92 -0.00468073
10 93 0.00150261
10 94 0.00848278
10 95 0.0144634
10 96 0.0189129
10 97 0.0208485
10 98 0.0205684
10 99 0.0170858
10 100 0.0113924
10 101 0.00479767
10 102 -0.00303063
10 103 -0.00947623
10 104 -0.0141564
10 105 -0.0169348
10 106 -0.0167053
10 107 -0.013891
10 108 -0.00891094
10 109 -0.00302079
10 110 0.00334041
10 111 0.00889132
10 112 0.0122438
10 113 0.0135991
10 114 0.0119493
10 115 0.00791207
10 116 0.00254432
10 117 -0.00369199
10 118 -0.00876919
10 119 0

11 0 0
11 1 -0.0075188
11 2 -0.00254385
11 3 0.00330162
11 4 0.00775755
11 5 0.0107627
11 6 0.0118625
11 7 0.00984283
11 8 0.00654983
11 9 0.00118077
11 10 -0.00523629
11 11 -0.00999399
11 12 -0.0149573
11 13 -0.0170932
11 14 -0.0156258
11 15 -0.0128002
11 16 -0.0062299
11 17 0.00127548
11 18 0.00908113
11 19 0.0164169
11 20 0.0208567
11 21 0.0234882
11 22 0.0216504
11 23 0.0179304
11 24 0.0117339
11 25 0.00326158
11 26 -0.00374675
11 27 -0.0113943
11 28 -0.0163373
11 29 -0.019864
11 30 -0.0206463
11 31 -0.0197527
11 32 -0.0185789
11 33 -0.0150662
11 34 -0.0128997
11 35 -0.00957573
11 36 -0.00738268
11 37 -0.0036275
11 38 -0.000270428
11 39 0.00343079
11 40 0.00825183
11 41 0.0128383
11 42 0.0179928
11 43 0.0206973
11 44 0.0238906
11 45 0.0243933
11 46 0.0247917
11 47 0.0221495
11 48 0.0203073
11 49 0.0177712
11 50 0.0170014
11 51 0.0158317
11 52 0.01566
11 53 0.0154335
11 54 0.0158067
11 55 0.0155084
11 56 0.0141697
11 57 0.0118078
11 58 0.00937346
11 59 0.00832849
11 60 0.00894859
11 61 0.0110094
11 62 0.0129318
11 63 0.0139881
11 64 0.0138762
11 65 0.0133614
11 66 0.0132673
11 67 0.0134996
11 68 0.0145206
11 69 0.0156186
11 70 0.0182792
11 71 0.0207657
11 72 0.0239087
11 73 0.0244706
11 74 0.0249127
11 75 0.0229086
11 76 0.0215692
11 77 0.0176301
11 78 0.0146501
11 79 0.0107584
11 80 0.00852677
11 81 0.00545286
11 82 0.00247689
11 83 -0.00036695
11 84 -0.00418869
11 85 -0.00801188
11 86 -0.0136378
11 87 -0.0172315
11 88 -0.0215955
11 89 -0.0234476
11 90 -0.0236786
11 91 -0.0208462
11 92 -0.0155702
11 93 -0.00938307
11 94 -0.000410422
11 95 0.00686764
11 96 0.0141621
11 97 0.0191346
11 98 0.0214983
11 99 0.0214105
11 100 0.0177551
11 101 0.0133923
11 102 0.00629067
11 103 -0.000270872
11 104 -0.00583515
11 105 -0.011399
11 106 -0.0132989
11 107 -0.0138304
11 108 -0.0124083
11 109 -0.00868069
11 110 -0.0047167
11 111 0.000254196
11 112 0.00436019
11 113 0.00732047
11 114 0.00934188
11 115 0.00893316
11 116 0.00703656
11 117 0.00364194
11 118 -0.00120573
11 119 0

12 0 0
12 1 -0.00021212
12 2 0.00396177
12 3 0.00803106
12 4 0.00958531
12 5 0.00968127
12 6 0.00798916
12 7 0.00354138
12 8 -0.00103021
12 9 -0.00662196
12 10 -0.0120813
12 11 -0.0149573
12 12 -0.0164867
12 13 -0.01498
12 14 -0.0108587
12 15 -0.00496108
12 16 0.00273376
12 17 0.010082
12 18 0.0171897
12 19 0.0219149
12 20 0.0243476
12 21 0.0239566
12 22 0.0193514
12 23 0.0134733
12 24 0.00492081
12 25 -0.00422982
12 26 -0.0127457
12 27 -0.0199389
12 28 -0.0243785
12 29 -0.026995
12 30 -0.0254501
12 31 -0.0227723
12 32 -0.0182343
12 33 -0.0129291
12 34 -0.00759471
12 35 -0.00261964
12 36 0.000917704
12 37 0.00533028
12 38 0.00834288
12 39 0.0119999
12 40 0.0148551
12 41 0.018961
12 42 0.0221091
12 43 0.0245302
12 44 0.0257697
12 45 0.0259214
12 46 0.0250035
12 47 0.0219417
12 48 0.0187266
12 49 0.0150166
12 50 0.0130976
12 51 0.0108272
12 52 0.0100106
12 53 0.00859249
12 54 0.00876257
12 55 0.0078413
12 56 0.0073841
12 57 0.00505446
12 58 0.00373414
12 59 0.00224796
12 60 0.00323859
12 61 0.00407246
12 62 0.00591266
12 63 0.00590657
12 64 0.00637405
12 65 0.00578921
12 66 0.00684483
12 67 0.00734218
12 68 0.00943044
12 69 0.0111991
12 70 0.0150272
12 71 0.0183569
12 72 0.0219671
12 73 0.0233634
12 74 0.0242876
12 75 0.0239554
12 76 0.0231337
12 77 0.0212988
12 78 0.0191352
12 79 0.0178314
12 80 0.0160535
12 81 0.0144835
12 82 0.0112868
12 83 0.0085822
12 84 0.00352419
12 85 -0.00212425
12 86 -0.00919923
12 87 -0.0155496
12 88 -0.0215124
12 89 -0.0262568
12 90 -0.0275558
12 91 -0.0269146
12 92 -0.0228625
12 93 -0.0173165
12 94 -0.00917365
12 95 -0.00116178
12 96 0.00646919
12 97 0.0138412
12 98 0.0182387
12 99 0.0211065
12 100 0.0211028
12 101 0.0192549
12 102 0.0152694
12 103 0.00967769
12 104 0.00394494
12 105 -0.00281401
12 106 -0.00790325
12 107 -0.0121812
12 108 -0.0149302
12 109 -0.0142383
12 110 -0.0126111
12 111 -0.00886891
12 112 -0.00361719
12 113 0.00113349
12 114 0.00589882
12 115 0.00890008
12 116 0.00981227
12 117 0.0091091
12 118 0.00615724
12 119 0

13 0 0
13 1 0.00654752
13 2 0.00982498
13 3 0.0115401
13 4 0.0106781
13 5 0.00775494
13 6 0.00284681
13 7 -0.00336365
13 8 -0.00907965
13 9 -0.0139815
13 10 -0.016853
13 11 -0.0170932
13 12 -0.01498
13 13 -0.0104113
13 14 -0.0041441
13 15 0.00325899
13 16 0.0102035
13 17 0.0165714
13 18 0.0217226
13 19 0.0237075
13 20 0.023711
13 21 0.0206584
13 22 0.0146662
13 23 0.00711425
13 24 -0.00182436
13 25 -0.0106896
13 26 -0.0190076
13 27 -0.0245958
13 28 -0.027972
13 29 -0.0285149
13 30 -0.025453
13 31 -0.0205113
13 32 -0.0139463
13 33 -0.00730877
13 34 -0.00022335
13 35 0.0051253
13 36 0.00918484
13 37 0.012298
13 38 0.014559
13 39 0.0161773
13 40 0.017089
13 41 0.0188808
13 42 0.020148
13 43 0.0212345
13 44 0.0208517
13 45 0.0203368
13 46 0.0183677
13 47 0.0154295
13 48 0.0111562
13 49 0.00728547
13 50 0.00413436
13 51 0.00193563
13 52 0.000184452
13 53 -0.00110964
13 54 -0.0017085
13 55 -0.00200845
13 56 -0.0022799
13 57 -0.00321631
13 58 -0.00413365
13 59 -0.00484645
13 60 -0.0045555
13 61 -0.00407752
13 62 -0.00356128
13 63 -0.00376019
13 64 -0.00388391
13 65 -0.0037839
13 66 -0.00289881
13 67 -0.00164226
13 68 0.000214872
13 69 0.00295123
13 70 0.00664142
13 71 0.0107042
13 72 0.0137522
13 73 0.0158783
13 74 0.016933
13 75 0.0180059
13 76 0.0179873
13 77 0.0180422
13 78 0.0178283
13 79 0.0188069
13 80 0.0190655
13 81 0.0189457
13 82 0.0175662
13 83 0.0152995
13 84 0.0109227
13 85 0.00450451
13 86 -0.00253647
13 87 -0.0102354
13 88 -0.0172749
13 89 -0.0234381
13 90 -0.0264195
13 91 -0.027413
13 92 -0.0257916
13 93 -0.0215258
13 94 -0.0155581
13 95 -0.00841947
13 96 -0.00120098
13 97 0.00651201
13 98 0.0125037
13 99 0.0173832
13 100 0.0208147
13 101 0.0215453
13 102 0.0206127
13 103 0.0175078
13 104 0.0125039
13 105 0.00578986
13 106 -0.00126814
13 107 -0.00804946
13 108 -0.0142351
13 109 -0.0176023
13 110 -0.018617
13 111 -0.0167868
13 112 -0.0117355
13 113 -0.00555297
13 114 0.00145991
13 115 0.00778508
13 116 0.0118485
13 117 0.0137748
13 118 0.0126891
13 119 0

14 0 0
14 1 0.0131706
14 2 0.0153962
14 3 0.0143177
14 4 0.00983727
14 5 0.00371986
14 6 -0.00359049
14 7 -0.0104916
14 8 -0.0152953
14 9 -0.0184164
14 10 -0.0183539
14 11 -0.0156258
14 12 -0.0108587
14 13 -0.0041441
14 14 0.002506
14 15 0.00986347
14 16 0.0157571
14 17 0.0195107
14 18 0.022349
14 19 0.021418
14 20 0.0189964
14 21 0.0145319
14 22 0.00750893
14 23 0.000334021
14 24 -0.00789527
14 25 -0.0148566
14 26 -0.0212133
14 27 -0.0249009
14 28 -0.025743
14 29 -0.0248762
14 30 -0.0200276
14 31 -0.0141064
14 32 -0.00649841
14 33 0.000445693
14 34 0.00725052
14 35 0.0124424
14 36 0.014922
14 37 0.0166245
14 38 0.0162836
14 39 0.0159419
14 40 0.013903
14 41 0.0133056
14 42 0.0124067
14 43 0.0119959
14 44 0.0106558
14 45 0.00919373
14 46 0.00738048
14 47 0.00429505
14 48 0.000700353
14 49 -0.00363443
14 50 -0.00636129
14 51 -0.00902879
14 52 -0.0101616
14 53 -0.0118846
14 54 -0.0118886
14 55 -0.012256
14 56 -0.0111785
14 57 -0.0113661
14 58 -0.01077
14 59 -0.0114315
14 60 -0.0109997
14 61 -0.0118357
14 62 -0.0119111
14 63 -0.0132856
14 64 -0.0132461
14 65 -0.0136348
14 66 -0.0123126
14 67 -0.0116858
14 68 -0.0094624
14 69 -0.00733338
14 70 -0.00340563
14 71 -0.000420106
14 72 0.00243285
14 73 0.00377893
14 74 0.00536463
14 75 0.00659985
14 76 0.00767145
14 77 0.00907152
14 78 0.010967
14 79 0.0142867
14 80 0.0164808
14 81 0.0188475
14 82 0.0192071
14 83 0.0191176
14 84 0.0155977
14 85 0.0107725
14 86 0.00440224
14 87 -0.00264953
14 88 -0.0096321
14 89 -0.016167
14 90 -0.0197823
14 91 -0.0228786
14 92 -0.0229987
14 93 -0.0215725
14 94 -0.0182159
14 95 -0.013582
14 96 -0.00823359
14 97 -0.00122084
14 98 0.00449544
14 99 0.0110684
14 100 0.0165319
14 101 0.0200611
14 102 0.022472
14 103 0.0215419
14 104 0.0185731
14 105 0.0127646
14 106 0.00536479
14 107 -0.00268486
14 108 -0.011275
14 109 -0.0171194
14 110 -0.020954
14 111 -0.0216172
14 112 -0.0179629
14 113 -0.0122821
14 114 -0.00397627
14 115 0.00488593
14 116 0.0120389
14 117 0.0172397
14 118 0.0181906
14 119 0

15 0 0
15 1 0.0170539
15 2 0.017124
15 3 0.0139804
15 4 0.00777376
15 5 -5.93427e-05
15 6 -0.00825455
15 7 -0.0151444
15 8 -0.0196291
15 9 -0.020519
15 10 -0.0177063
15 11 -0.0128002
15 12 -0.00496108
15 13 0.00325899
15 14 0.00986347
15 15 0.0161437
15 16 0.0190512
15 17 0.0197155
15 18 0.0185265
15 19 0.0145194
15 20 0.0102517
15 21 0.0044756
15 22 -0.00115407
15 23 -0.00698827
15 24 -0.012198
15 25 -0.0156235
15 26 -0.0190944
15 27 -0.019305
15 28 -0.0184527
15 29 -0.015415
15 30 -0.0105006
15 31 -0.00445519
15 32 0.00271133
15 33 0.00805945
15 34 0.0138296
15 35 0.0165093
15 36 0.0176486
15 37 0.0160745
15 38 0.0136869
15 39 0.0103827
15 40 0.00605024
15 41 0.00307563
15 42 0.000208903
15 43 -0.000814255
15 44 -0.00313663
15 45 -0.00395564
15 46 -0.00598604
15 47 -0.00725902
15 48 -0.0105743
15 49 -0.0132602
15 50 -0.0161975
15 51 -0.0175459
15 52 -0.0188217
15 53 -0.0193716
15 54 -0.0195527
15 55 -0.0187076
15 56 -0.0171328
15 57 -0.0154824
15 58 -0.014163
15 59 -0.0138007
15 60 -0.0140984
15 61 -0.0154053
15 62 -0.0170018
15 63 -0.018679
15 64 -0.0195414
15 65 -0.0196356
15 66 -0.0192284
15 67 -0.0184423
15 68 -0.0174009
15 69 -0.0151716
15 70 -0.0129635
15 71 -0.0105113
15 72 -0.00983914
15 73 -0.00866914
15 74 -0.00845183
15 75 -0.00672502
15 76 -0.00610315
15 77 -0.00323671
15 78 -0.000211351
15 79 0.00501236
15 80 0.00904517
15 81 0.0133112
15 82 0.0163703
15 83 0.0178142
15 84 0.0171719
15 85 0.0139509
15 86 0.0106246
15 87 0.00492858
15 88 2.02778e-05
15 89 -0.00542286
15 90 -0.00909178
15 91 -0.0126982
15 92 -0.0152773
15 93 -0.0159477
15 94 -0.0168135
15 95 -0.015408
15 96 -0.0134759
15 97 -0.0094556
15 98 -0.00475121
15 99 0.00116003
15 100 0.00836885
15 101 0.0140922
15 102 0.0198945
15 103 0.0225641
15 104 0.0222202
15 105 0.0193355
15 106 0.0121964
15 107 0.00343279
15 108 -0.00617057
15 109 -0.0149351
15 110 -0.0212402
15 111 -0.0238782
15 112 -0.021674
15 113 -0.0162318
15 114 -0.00767292
15 115 0.00204406
15 116 0.0104304
15 117 0.0171751
15 118 0.0200114
15 119 0

16 0 0
16 1 0.0189334
16 2 0.0173869
16 3 0.0121435
16 4 0.00447762
16 5 -0.0046922
16 6 -0.0129354
16 7 -0.0185298
16 8 -0.0211308
16 9 -0.0190516
16 10 -0.0135375
16 11 -0.0062299
16 12 0.00273376
16 13 0.0102035
16 14 0.0157571
16 15 0.0190512
16 16 0.0185431
16 17 0.0158865
16 18 0.0111986
16 19 0.00570309
16 20 -0.000172036
16 21 -0.00549431
16 22 -0.00910992
16 23 -0.0126377
16 24 -0.0138592
16 25 -0.0141124
16 26 -0.0135245
16 27 -0.0112925
16 28 -0.00844241
16 29 -0.00409472
16 30 1.78392e-05
16 31 0.00573473
16 32 0.0106898
16 33 0.014682
16 34 0.017577
16 35 0.0182245
16 36 0.0170728
16 37 0.012818
16 38 0.00843728
16 39 0.0024042
16 40 -0.00309265
16 41 -0.00855224
16 42 -0.0118277
16 43 -0.0139951
16 44 -0.0154522
16 45 -0.0162033
16 46 -0.0167581
16 47 -0.0168088
16 48 -0.0183356
16 49 -0.0197156
16 50 -0.021792
16 51 -0.0221831
16 52 -0.0230179
16 53 -0.0225647
16 54 -0.0226232
16 55 -0.0206502
16 56 -0.0186235
16 57 -0.015162
16 58 -0.0132693
16 59 -0.0117658
16 60 -0.0129311
16 61 -0.0145087
16 62 -0.0176747
16 63 -0.0194733
16 64 -0.0212681
16 65 -0.0211338
16 66 -0.0216118
16 67 -0.0209185
16 68 -0.0208434
16 69 -0.019178
16 70 -0.0184744
16 71 -0.0176409
16 72 -0.0186372
16 73 -0.0189967
16 74 -0.0195634
16 75 -0.0190728
16 76 -0.0182404
16 77 -0.0157003
16 78 -0.0111821
16 79 -0.00583553
16 80 0.000139177
16 81 0.00526375
16 82 0.0107273
16 83 0.0136105
16 84 0.0154551
16 85 0.0149935
16 86 0.0141964
16 87 0.011661
16 88 0.00865832
16 89 0.00596594
16 90 0.00244764
16 91 -0.0008512
16 92 -0.00500574
16 93 -0.00816921
16 94 -0.0121466
16 95 -0.0148899
16 96 -0.0159689
16 97 -0.0159488
16 98 -0.0130273
16 99 -0.00824047
16 100 -0.00125638
16 101 0.00603132
16 102 0.0135627
16 103 0.0195974
16 104 0.0219052
16 105 0.0217809
16 106 0.0173105
16 107 0.00963249
16 108 0.000650875
16 109 -0.00932031
16 110 -0.0172465
16 111 -0.0218709
16 112 -0.0226199
16 113 -0.0188058
16 114 -0.0114556
16 115 -0.00201896
16 116 0.00765892
16 117 0.0154391
16 118 0.0196749
16 119 0

17 0 0
17 1 0.0186665
17 2 0.0155185
17 3 0.00822978
17 4 -0.000512445
17 5 -0.00935816
17 6 -0.0164577
17 7 -0.0194355
17 8 -0.0190867
17 9 -0.0146118
17 10 -0.00692057
17 11 0.00127548
17 12 0.010082
17 13 0.0165714
17 14 0.0195107
17 15 0.0197155
17 16 0.0158865
17 17 0.0098507
17 18 0.00249542
17 19 -0.00493977
17 20 -0.0109512
17 21 -0.0152392
17 22 -0.0163522
17 23 -0.0161001
17 24 -0.0137082
17 25 -0.00958005
17 26 -0.00571286
17 27 -0.00108244
17 28 0.00311942
17 29 0.00727436
17 30 0.0104593
17 31 0.0136145
17 32 0.016444
17 33 0.0174408
17 34 0.0176702
17 35 0.0159109
17 36 0.0127041
17 37 0.00698278
17 38 0.000708858
17 39 -0.00595991
17 40 -0.0125639
17 41 -0.0180845
17 42 -0.0219154
17 43 -0.0232876
17 44 -0.0239591
17 45 -0.023226
17 46 -0.022286
17 47 -0.0204886
17 48 -0.0199654
17 49 -0.0199016
17 50 -0.0206393
17 51 -0.0205664
17 52 -0.02043
17 53 -0.0197969
17 54 -0.0189967
17 55 -0.0169505
17 56 -0.0137388
17 57 -0.00971971
17 58 -0.00641896
17 59 -0.00492588
17 60 -0.00587738
17 61 -0.00866435
17 62 -0.0121609
17 63 -0.0149367
17 64 -0.0165371
17 65 -0.0170445
17 66 -0.0173877
17 67 -0.0174602
17 68 -0.0175035
17 69 -0.0170293
17 70 -0.0174394
17 71 -0.018639
17 72 -0.0212527
17 73 -0.0233073
17 74 -0.025341
17 75 -0.0261272
17 76 -0.026404
17 77 -0.0241064
17 78 -0.0202431
17 79 -0.0148053
17 80 -0.00926633
17 81 -0.00326117
17 82 0.00246701
17 83 0.00672306
17 84 0.010053
17 85 0.012237
17 86 0.0142903
17 87 0.0147012
17 88 0.0152399
17 89 0.0150153
17 90 0.0136974
17 91 0.0108471
17 92 0.00661225
17 93 0.00156879
17 94 -0.00532275
17 95 -0.0112827
17 96 -0.0165159
17 97 -0.019921
17 98 -0.0202372
17 99 -0.0173928
17 100 -0.0111827
17 101 -0.00355715
17 102 0.00566389
17 103 0.0136741
17 104 0.0191072
17 105 0.0221181
17 106 0.020136
17 107 0.0149474
17 108 0.00732618
17 109 -0.00212196
17 110 -0.0103971
17 111 -0.0168886
17 112 -0.0199194
17 113 -0.0186645
17 114 -0.0140118
17 115 -0.00621634
17 116 0.00271982
17 117 0.0108245
17 118 0.0167338
17 119 0

18 0 0
18 1 0.0150943
18 2 0.0105531
18 3 0.00303262
18 4 -0.0047812
18 5 -0.0123886
18 6 -0.0175241
18 7 -0.0182758
18 8 -0.0159213
18 9 -0.00910498
18 10 0.000193613
18 11 0.00908113
18 12 0.0171897
18 13 0.0217226
18 14 0.022349
18 15 0.0185265
18 16 0.0111986
18 17 0.00249542
18 18 -0.00759179
18 19 -0.0152285
18 20 -0.0207736
18 21 -0.0230515
18 22 -0.020795
18 23 -0.0172244
18 24 -0.0105287
18 25 -0.00357479
18 26 0.00323381
18 27 0.0090925
18 28 0.0131541
18 29 0.0167168
18 30 0.0172056
18 31 0.0181351
18 32 0.0174678
18 33 0.0161589
18 34 0.0136894
18 35 0.0101426
18 36 0.00618003
18 37 -0.000447094
18 38 -0.00636098
18 39 -0.0133974
18 40 -0.0186455
18 41 -0.0240757
18 42 -0.0265131
18 43 -0.027204
18 44 -0.0259256
18 45 -0.0237013
18 46 -0.0209266
18 47 -0.0172517
18 48 -0.0150183
18 49 -0.0131529
18 50 -0.0132948
18 51 -0.012293
18 52 -0.0123572
18 53 -0.0109258
18 54 -0.0105296
18 55 -0.0076527
18 56 -0.00468971
18 57 0.000620438
18 58 0.00389194
18 59 0.00635413
18 60 0.00449912
18 61 0.00182775
18 62 -0.00288181
18 63 -0.00526401
18 64 -0.00758076
18 65 -0.0074448
18 66 -0.00842762
18 67 -0.00794086
18 68 -0.0087235
18 69 -0.00836862
18 70 -0.0104036
18 71 -0.0127639
18 72 -0.017165
18 73 -0.0205354
18 74 -0.0241512
18 75 -0.0265627
18 76 -0.027879
18 77 -0.0270402
18 78 -0.023925
18 79 -0.0204566
18 80 -0.015437
18 81 -0.0109699
18 82 -0.00525685
18 83 -0.00175657
18 84 0.00269292
18 85 0.00624353
18 86 0.0104679
18 87 0.0138931
18 88 0.0172057
18 89 0.0205514
18 90 0.0209914
18 91 0.0204366
18 92 0.016467
18 93 0.0110359
18 94 0.00267312
18 95 -0.00603266
18 96 -0.0139282
18 97 -0.0212615
18 98 -0.024199
18 99 -0.0244485
18 100 -0.0202314
18 101 -0.0129048
18 102 -0.00389856
18 103 0.006138
18 104 0.014128
18 105 0.0202388
18 106 0.0216799
18 107 0.0193579
18 108 0.0143319
18 109 0.00546923
18 110 -0.00296006
18 111 -0.0102822
18 112 -0.015727
18 113 -0.0166569
18 114 -0.0144756
18 115 -0.00927196
18 116 -0.00197816
18 117 0.00502988
18 118 0.0108977
18 119 0

19 0 0
19 1 0.0107571
19 2 0.00514723
19 3 -0.00262596
19 4 -0.00998582
19 5 -0.0155266
19 6 -0.017669
19 7 -0.01547
19 8 -0.0097785
19 9 -0.00143246
19 10 0.00790137
19 11 0.0164169
19 12 0.0219149
19 13 0.0237075
19 14 0.021418
19 15 0.0145194
19 16 0.00570309
19 17 -0.00493977
19 18 -0.0152285
19 19 -0.0220899
19 20 -0.026637
19 21 -0.0264282
19 22 -0.0223785
19 23 -0.0154609
19 24 -0.00658145
19 25 0.00207588
19 26 0.010647
19 27 0.0160075
19 28 0.0199175
19 29 0.0211338
19 30 0.019832
19 31 0.0177577
19 32 0.0143609
19 33 0.0113822
19 34 0.00676832
19 35 0.00328648
19 36 -0.00129379
19 37 -0.00623059
19 38 -0.0116516
19 39 -0.0166729
19 40 -0.0204618
19 41 -0.0241554
19 42 -0.0250195
19 43 -0.0245996
19 44 -0.0211437
19 45 -0.0179427
19 46 -0.0129472
19 47 -0.00872965
19 48 -0.00426985
19 49 -0.00221056
19 50 -0.00095935
19 51 -0.000803328
19 52 -0.000270933
19 53 0.000163358
19 54 0.0010865
19 55 0.00311376
19 56 0.00670479
19 57 0.0115888
19 58 0.0157176
19 59 0.0177105
19 60 0.016228
19 61 0.0126489
19 62 0.008265
19 63 0.00528799
19 64 0.00376403
19 65 0.00351953
19 66 0.00357163
19 67 0.00373573
19 68 0.00397966
19 69 0.0033291
19 70 0.00145717
19 71 -0.00268617
19 72 -0.0070994
19 73 -0.0123051
19 74 -0.0162556
19 75 -0.0206786
19 76 -0.0224901
19 77 -0.023449
19 78 -0.021688
19 79 -0.0203971
19 80 -0.0174697
19 81 -0.014647
19 82 -0.0113095
19 83 -0.00849121
19 84 -0.0053431
19 85 -0.000631617
19 86 0.00383498
19 87 0.00977294
19 88 0.0151055
19 89 0.020956
19 90 0.0238681
19 91 0.0248258
19 92 0.0228335
19 93 0.0170285
19 94 0.00920821
19 95 -0.000872947
19 96 -0.0103855
19 97 -0.0195054
19 98 -0.0249388
19 99 -0.0267959
19 100 -0.0254512
19 101 -0.0192032
19 102 -0.0111562
19 103 -0.0015681
19 104 0.00776638
19 105 0.0151599
19 106 0.0199527
19 107 0.0208576
19 108 0.0186308
19 109 0.0130405
19 110 0.0058737
19 111 -0.00156979
19 112 -0.00875065
19 113 -0.0129903
19 114 -0.014312
19 115 -0.0125759
19 116 -0.00767548
19 117 -0.00177353
19 118 0.00415115
19 119 0

20 0 0
20 1 0.00491028
20 2 -0.00151627
20 3 -0.00863917
20 4 -0.0138841
20 5 -0.0164953
20 6 -0.015666
20 7 -0.0108898
20 8 -0.00359607
20 9 0.00534397
20 10 0.0141023
20 11 0.0208567
20 12 0.0243476
20 13 0.023711
20 14 0.0189964
20 15 0.0102517
20 16 -0.000172036
20 17 -0.0109512
20 18 -0.0207736
20 19 -0.026637
20 20 -0.0289245
20 21 -0.026821
20 22 -0.0201982
20 23 -0.0111999
20 24 -0.0010646
20 25 0.00842743
20 26 0.0164181
20 27 0.0209548
20 28 0.0223311
20 29 0.0212029
20 30 0.0171978
20 31 0.0121321
20 32 0.00679357
20 33 0.00207788
20 34 -0.00241381
20 35 -0.00582287
20 36 -0.00843024
20 37 -0.0112338
20 38 -0.0138834
20 39 -0.0161276
20 40 -0.0173459
20 41 -0.018281
20 42 -0.0176378
20 43 -0.0151736
20 44 -0.0107595
20 45 -0.00574288
20 46 -0.000335519
20 47 0.00506919
20 48 0.00969836
20 49 0.0125852
20 50 0.013437
20 51 0.0133244
20 52 0.0128359
20 53 0.0127128
20 54 0.0128791
20 55 0.0144552
20 56 0.0175588
20 57 0.0222116
20 58 0.0262205
20 59 0.028109
20 60 0.026499
20 61 0.0227887
20 62 0.0184627
20 63 0.0157444
20 64 0.0146
20 65 0.0149532
20 66 0.0156392
20 67 0.0167901
20 68 0.0175704
20 69 0.0174675
20 70 0.0152504
20 71 0.0113115
20 72 0.00638544
20 73 0.00137074
20 74 -0.00362571
20 75 -0.00824327
20 76 -0.01142
20 77 -0.0131245
20 78 -0.0137874
20 79 -0.0145571
20 80 -0.0146636
20 81 -0.0146336
20 82 -0.014391
20 83 -0.0142876
20 84 -0.0127264
20 85 -0.00954902
20 86 -0.00494534
20 87 0.00125484
20 88 0.00854604
20 89 0.0158682
20 90 0.0211813
20 91 0.0246517
20 92 0.0246834
20 93 0.020963
20 94 0.0141369
20 95 0.00516374
20 96 -0.00489897
20 97 -0.0148855
20 98 -0.0218884
20 99 -0.0261983
20 100 -0.0268809
20 101 -0.0232651
20 102 -0.0169712
20 103 -0.00829247
20 104 0.00114763
20 105 0.00990061
20 106 0.0165225
20 107 0.0204055
20 108 0.0212168
20 109 0.0182091
20 110 0.0130736
20 111 0.00611584
20 112 -0.00153223
20 113 -0.0075942
20 114 -0.0122791
20 115 -0.0140321
20 116 -0.0126108
20 117 -0.00917384
20 118 -0.00347807
20 119 0

21 0 0
