0 0 0
0 1 0
0 2 0
0 3 0
0 4 0
0 5 0
0 6 0
0 7 0
0 8 0
0 9 0
0 10 0
0 11 0
0 12 0
0 13 0
0 14 0
0 15 0
0 16 0
0 17 0
0 18 0
0 19 0
0 20 0
0 21 0
0 22 0
0 23 0
0 24 0
0 25 0
0 26 0
0 27 0
0 28 0
0 29 0
0 30 0
0 31 0
0 32 0
0 33 0
0 34 0
0 35 0
0 36 0
0 37 0
0 38 0
0 39 0
0 40 0
0 41 0
0 42 0
0 43 0
0 44 0
0 45 0
0 46 0
0 47 0
0 48 0
0 49 0
0 50 0
0 51 0
0 52 0
0 53 0
0 54 0
0 55 0
0 56 0
0 57 0
0 58 0
0 59 0
0 60 0
0 61 0
0 62 0
0 63 0
0 64 0
0 65 0
0 66 0
0 67 0
0 68 0
0 69 0
0 70 0
0 71 0
0 72 0
0 73 0
0 74 0
0 75 0
0 76 0
0 77 0
0 78 0
0 79 0
0 80 0
0 81 0
0 82 0
0 83 0
0 84 0
0 85 0
0 86 0
0 87 0
0 88 0
0 89 0
0 90 0
0 91 0
0 92 0
0 93 0
0 94 0
0 95 0
0 96 0
0 97 0
0 98 0
0 99 0
0 100 0
0 101 0
0 102 0
0 103 0
0 104 0
0 105 0
0 106 0
0 107 0
0 108 0
0 109 0
0 110 0
0 111 0
0 112 0
0 113 0
0 114 0
0 115 0
0 116 0
0 117 0
0 118 0
0 119 0

1 0 0
1 1 0.0223457
1 2 0.0202691
1 3 0.0150779
1 4 0.0069788
1 5 -0.00128625
1 6 -0.00894549
1 7 -0.013876
1 8 -0.0155365
1 9 -0.014358
1 10 -0.0101564
1 11 -0.004728
1 12 0.00194896
1 13 0.00803841
1 14 0.0128158
1 15 0.0154335
1 16 0.0154174
1 17 0.0137254
1 18 0.0101761
1 19 0.00588309
1 20 0.000394092
1 21 -0.00507679
1 22 -0.010507
1 23 -0.0151415
1 24 -0.0191516
1 25 -0.0226231
1 26 -0.0244839
1 27 -0.025378
1 28 -0.0240788
1 29 -0.0221058
1 30 -0.0184988
1 31 -0.0139358
1 32 -0.00851004
1 33 -0.00294756
1 34 0.00268029
1 35 0.00824504
1 36 0.0132899
1 37 0.017981
1 38 0.0214195
1 39 0.0249313
1 40 0.0270275
1 41 0.028427
1 42 0.0284722
1 43 0.0281893
1 44 0.0264724
1 45 0.0246357
1 46 0.0221978
1 47 0.0202343
1 48 0.0182366
1 49 0.0167492
1 50 0.0156045
1 51 0.0148704
1 52 0.0137841
1 53 0.012647
1 54 0.0113652
1 55 0.009482
1 56 0.00754696
1 57 0.00599014
1 58 0.00473299
1 59 0.00391812
1 60 0.00429535
1 61 0.00510695
1 62 0.00624203
1 63 0.00773358
1 64 0.00922545
1 65 0.0100861
1 66 0.0108909
1 67 0.0116166
1 68 0.0121258
1 69 0.0130319
1 70 0.0144714
1 71 0.0164363
1 72 0.0186142
1 73 0.0213221
1 74 0.0237198
1 75 0.026098
1 76 0.0273417
1 77 0.0283925
1 78 0.028335
1 79 0.027722
1 80 0.0257995
1 81 0.0240487
1 82 0.0209179
1 83 0.017429
1 84 0.0129906
1 85 0.00833205
1 86 0.0030087
1 87 -0.00250011
1 88 -0.0080615
1 89 -0.0131
1 90 -0.0173625
1 91 -0.0213642
1 92 -0.0236489
1 93 -0.0251758
1 94 -0.0248969
1 95 -0.0239153
1 96 -0.0213523
1 97 -0.0173976
1 98 -0.0119282
1 99 -0.00554716
1 100 0.00104795
1 101 0.00775048
1 102 0.0132331
1 103 0.0174078
1 104 0.0183589
1 105 0.0167137
1 106 0.0121034
1 107 0.00571204
1 108 -0.0012975
1 109 -0.0084928
1 110 -0.0136199
1 111 -0.0166958
1 112 -0.0158775
1 113 -0.0118341
1 114 -0.0053153
1 115 0.00279802
1 116 0.00996914
1 117 0.0161842
1 118 0.0195081
1 119 0

2 0 0
2 1 0.0202691
2 2 0.0163109
2 3 0.00932759
2 4 0.00122504
2 5 -0.00675467
2 6 -0.0126969
2 7 -0.01553
2 8 -0.0154315
2 9 -0.0123742
2 10 -0.00761823
2 11 -0.00165476
2 12 0.00445367
2 13 0.00965154
2 14 0.0130183
2 15 0.0138365
2 16 0.0126566
2 17 0.00944177
2 18 0.00557689
2 19 0.000351589
2 20 -0.00516365
2 21 -0.0103408
2 22 -0.0152313
2 23 -0.0182062
2 24 -0.0208737
2 25 -0.0217435
2 26 -0.0210827
2 27 -0.0187254
2 28 -0.0151504
2 29 -0.010868
2 30 -0.00610619
2 31 -0.00118484
2 32 0.00385548
2 33 0.00747822
2 34 0.0113523
2 35 0.0142631
2 36 0.0173325
2 37 0.0195935
2 38 0.0219406
2 39 0.023902
2 40 0.0252129
2 41 0.0252376
2 42 0.0244947
2 43 0.0228193
2 44 0.0194668
2 45 0.0161274
2 46 0.012556
2 47 0.00968251
2 48 0.00706521
2 49 0.00607723
2 50 0.00530669
2 51 0.00554063
2 52 0.00500246
2 53 0.00471972
2 54 0.00321928
2 55 0.00145359
2 56 -0.0012973
2 57 -0.00309502
2 58 -0.00513527
2 59 -0.00570496
2 60 -0.00548539
2 61 -0.00380063
2 62 -0.00235834
2 63 2.40795e-05
2 64 0.00142226
2 65 0.00254384
2 66 0.00245129
2 67 0.00262017
2 68 0.00202559
2 69 0.00248028
2 70 0.00316883
2 71 0.00559524
2 72 0.00830354
2 73 0.0119055
2 74 0.0153086
2 75 0.0190207
2 76 0.0210881
2 77 0.02261
2 78 0.0233781
2 79 0.0232941
2 80 0.0225273
2 81 0.0217703
2 82 0.0209882
2 83 0.0196321
2 84 0.0182174
2 85 0.0157829
2 86 0.0132727
2 87 0.00891143
2 88 0.00426996
2 89 -0.000999231
2 90 -0.00617218
2 91 -0.0115957
2 92 -0.0160427
2 93 -0.0195866
2 94 -0.0215732
2 95 -0.0220031
2 96 -0.0217644
2 97 -0.0190465
2 98 -0.0153924
2 99 -0.0101214
2 100 -0.00438184
2 101 0.00147483
2 102 0.00726889
2 103 0.0119255
2 104 0.0147089
2 105 0.0146442
2 106 0.0122389
2 107 0.00744816
2 108 0.00174603
2 109 -0.00458854
2 110 -0.0103985
2 111 -0.014295
2 112 -0.0158706
2 113 -0.0138662
2 114 -0.00926957
2 115 -0.00276016
2 116 0.00440146
2 117 0.0105756
2 118 0.0153927
2 119 0

3 0 0
3 1 0.0150779
3 2 0.00932759
3 3 0.00263322
3 4 -0.0053772
3 5 -0.0109449
3 6 -0.0145529
3 7 -0.0149651
3 8 -0.0123436
3 9 -0.0087197
3 10 -0.00328746
3 11 0.00160018
3 12 0.00639851
3 13 0.00973655
3 14 0.0108261
3 15 0.00993638
3 16 0.00709861
3 17 0.00350442
3 18 -0.000898125
3 19 -0.00529604
3 20 -0.0102466
3 21 -0.0137974
3 22 -0.0165639
3 23 -0.0177482
3 24 -0.0175499
3 25 -0.0164391
3 26 -0.0126887
3 27 -0.00811755
3 28 -0.00219204
3 29 0.00323782
3 30 0.00856375
3 31 0.0128354
3 32 0.0157988
3 33 0.0169709
3 34 0.0174457
3 35 0.0174947
3 36 0.0169274
3 37 0.0168862
3 38 0.0165684
3 39 0.0172919
3 40 0.0171793
3 41 0.0164273
3 42 0.0144381
3 43 0.0120959
3 44 0.00768476
3 45 0.00339929
3 46 -0.00080721
3 47 -0.00407906
3 48 -0.00641962
3 49 -0.00687246
3 50 -0.00651987
3 51 -0.00542516
3 52 -0.00449968
3 53 -0.00418588
3 54 -0.00497715
3 55 -0.00687863
3 56 -0.00940901
3 57 -0.011866
3 58 -0.0137753
3 59 -0.0146585
3 60 -0.0139331
3 61 -0.0121985
3 62 -0.00990955
3 63 -0.00759752
3 64 -0.00589903
3 65 -0.00539159
3 66 -0.00596118
3 67 -0.00724765
3 68 -0.00865609
3 69 -0.00944039
3 70 -0.00934395
3 71 -0.00747173
3 72 -0.00455494
3 73 -0.00078269
3 74 0.00322768
3 75 0.00734949
3 76 0.0096077
3 77 0.0115949
3 78 0.0125808
3 79 0.0131244
3 80 0.0130594
3 81 0.0143394
3 82 0.0154954
3 83 0.017539
3 84 0.0189577
3 85 0.0202765
3 86 0.0206472
3 87 0.0193955
3 88 0.0163086
3 89 0.012068
3 90 0.00698339
3 91 0.000991731
3 92 -0.00441032
3 93 -0.00963662
3 94 -0.0127241
3 95 -0.015561
3 96 -0.0169662
3 97 -0.0171639
3 98 -0.0158595
3 99 -0.0129806
3 100 -0.00946243
3 101 -0.00516198
3 102 -0.000525939
3 103 0.00446167
3 104 0.00795819
3 105 0.0103502
3 106 0.00989869
3 107 0.00802198
3 108 0.00465688
3 109 -0.000314272
3 110 -0.00485293
3 111 -0.0101292
3 112 -0.0128552
3 113 -0.0136991
3 114 -0.0119001
3 115 -0.00727107
3 116 -0.00245035
3 117 0.00378439
3 118 0.00845751
3 119 0

4 0 0
4 1 0.0069788
4 2 0.00122504
4 3 -0.0053772
4 4 -0.0104517
4 5 -0.0135279
4 6 -0.0135908
4 7 -0.0107444
4 8 -0.00677595
4 9 -0.00174836
4 10 0.00228082
4 11 0.00573691
4 12 0.00778418
4 13 0.00788485
4 14 0.0064916
4 15 0.00289493
4 16 -0.000565609
4 17 -0.00463381
4 18 -0.00766601
4 19 -0.0107357
4 20 -0.0134156
4 21 -0.0143914
4 22 -0.0149145
4 23 -0.013004
4 24 -0.0109671
4 25 -0.00688887
4 26 -0.00148244
4 27 0.00507582
4 28 0.0115096
4 29 0.0171404
4 30 0.0216703
4 31 0.0239992
4 32 0.024762
4 33 0.0220682
4 34 0.0193248
4 35 0.0151649
4 36 0.011712
4 37 0.0083562
4 38 0.0066688
4 39 0.00550184
4 40 0.00476112
4 41 0.00339242
4 42 0.00149323
4 43 -0.00117386
4 44 -0.00580548
4 45 -0.00993757
4 46 -0.0140266
4 47 -0.016787
4 48 -0.0187428
4 49 -0.0176602
4 50 -0.0163609
4 51 -0.0135639
4 52 -0.0116966
4 53 -0.00980192
4 54 -0.0103854
4 55 -0.0113313
4 56 -0.0141651
4 57 -0.0161924
4 58 -0.0186153
4 59 -0.0188463
4 60 -0.0185244
4 61 -0.0160233
4 62 -0.0139288
4 63 -0.0110642
4 64 -0.0101144
4 65 -0.00958175
4 66 -0.0115785
4 67 -0.0136108
4 68 -0.0166587
4 69 -0.0182619
4 70 -0.0197781
4 71 -0.018272
4 72 -0.0161383
4 73 -0.0126183
4 74 -0.00927183
4 75 -0.00525268
4 76 -0.00343175
4 77 -0.00205238
4 78 -0.00141645
4 79 -0.000913481
4 80 -0.000128322
4 81 0.00181128
4 82 0.00538927
4 83 0.00974176
4 84 0.0149077
4 85 0.0192111
4 86 0.0236869
4 87 0.0249269
4 88 0.0248629
4 89 0.0223035
4 90 0.0188257
4 91 0.0136835
4 92 0.00839681
4 93 0.00300788
4 94 -0.00133933
4 95 -0.00487254
4 96 -0.00877258
4 97 -0.0108947
4 98 -0.0130577
4 99 -0.0131898
4 100 -0.0131309
4 101 -0.011818
4 102 -0.00914147
4 103 -0.00539184
4 104 -0.000678488
4 105 0.00298132
4 106 0.0060811
4 107 0.00712018
4 108 0.00715197
4 109 0.00521927
4 110 0.00166277
4 111 -0.00267398
4 112 -0.00741758
4 113 -0.0103313
4 114 -0.0116705
4 115 -0.010589
4 116 -0.00784245
4 117 -0.00415713
4 118 0.000319642
4 119 0

5 0 0
5 1 -0.00128625
5 2 -0.00675467
5 3 -0.0109449
5 4 -0.0135279
5 5 -0.0128829
5 6 -0.00957752
5 7 -0.00451892
5 8 0.0011654
5 9 0.00544924
5 10 0.0082673
5 11 0.0089983
5 12 0.00781675
5 13 0.0050232
5 14 0.000562815
5 15 -0.00436431
5 16 -0.0086973
5 17 -0.0118572
5 18 -0.013563
5 19 -0.0143332
5 20 -0.0143275
5 21 -0.0127953
5 22 -0.0103064
5 23 -0.00683269
5 24 -0.00257816
5 25 0.00238837
5 26 0.00889617
5 27 0.0157728
5 28 0.0220276
5 29 0.0270197
5 30 0.0299813
5 31 0.0304676
5 32 0.028014
5 33 0.0228072
5 34 0.016473
5 35 0.00977294
5 36 0.00328765
5 37 -0.00172528
5 38 -0.00496362
5 39 -0.00662313
5 40 -0.00751205
5 41 -0.00855953
5 42 -0.00995154
5 43 -0.0121599
5 44 -0.0158278
5 45 -0.0196547
5 46 -0.0227496
5 47 -0.0250275
5 48 -0.0255762
5 49 -0.0238019
5 50 -0.0208507
5 51 -0.0173035
5 52 -0.0137447
5 53 -0.0113535
5 54 -0.0108185
5 55 -0.0117115
5 56 -0.0137581
5 57 -0.0162155
5 58 -0.0180744
5 59 -0.0186047
5 60 -0.0177695
5 61 -0.0156141
5 62 -0.0128766
5 63 -0.010577
5 64 -0.00946677
5 65 -0.00983443
5 66 -0.012119
5 67 -0.0156488
5 68 -0.0192579
5 69 -0.0223795
5 70 -0.0244464
5 71 -0.0243263
5 72 -0.0226228
5 73 -0.0202511
5 74 -0.0172951
5 75 -0.0146288
5 76 -0.0135326
5 77 -0.0133182
5 78 -0.0134681
5 79 -0.0137201
5 80 -0.0130744
5 81 -0.0106222
5 82 -0.00608651
5 83 0.000334753
5 84 0.00744456
5 85 0.0147366
5 86 0.0214452
5 87 0.0259499
5 88 0.0279539
5 89 0.0278317
5 90 0.0257999
5 91 0.0224456
5 92 0.0181102
5 93 0.0135621
5 94 0.00971783
5 95 0.0055709
5 96 0.00113094
5 97 -0.00343778
5 98 -0.00791335
5 99 -0.0115772
5 100 -0.0146502
5 101 -0.0166629
5 102 -0.0165161
5 103 -0.0141326
5 104 -0.00981567
5 105 -0.00438443
5 106 0.000667782
5 107 0.0053564
5 108 0.00860446
5 109 0.00982232
5 110 0.00884072
5 111 0.00506019
5 112 0.000260485
5 113 -0.00489352
5 114 -0.00886731
5 115 -0.0109181
5 116 -0.0115055
5 117 -0.00997806
5 118 -0.00744172
5 119 0

6 0 0
6 1 -0.00894549
6 2 -0.0126969
6 3 -0.0145529
6 4 -0.0135908
6 5 -0.00957752
6 6 -0.00335474
6 7 0.00374789
6 8 0.00956072
6 9 0.0130804
6 10 0.0133598
6 11 0.0110578
6 12 0.00653201
6 13 0.000302665
6 14 -0.00615737
6 15 -0.0124417
6 16 -0.0162836
6 17 -0.0179695
6 18 -0.0175073
6 19 -0.0153878
6 20 -0.0126851
6 21 -0.0085327
6 22 -0.00411398
6 23 0.000703739
6 24 0.00551042
6 25 0.0108055
6 26 0.0167254
6 27 0.0226847
6 28 0.027627
6 29 0.0308964
6 30 0.0321935
6 31 0.0304265
6 32 0.0258145
6 33 0.0182902
6 34 0.00994404
6 35 0.00131499
6 36 -0.0064239
6 37 -0.0122581
6 38 -0.0155567
6 39 -0.0170237
6 40 -0.0171854
6 41 -0.0169656
6 42 -0.0171812
6 43 -0.0182127
6 44 -0.0205849
6 45 -0.0231018
6 46 -0.0252568
6 47 -0.0264321
6 48 -0.0260595
6 49 -0.0232277
6 50 -0.0194673
6 51 -0.0149937
6 52 -0.0107369
6 53 -0.00758724
6 54 -0.00669318
6 55 -0.00706179
6 56 -0.00890462
6 57 -0.0111658
6 58 -0.0129906
6 59 -0.0132729
6 60 -0.0125591
6 61 -0.0103082
6 62 -0.00762916
6 63 -0.00538696
6 64 -0.00464102
6 65 -0.00519495
6 66 -0.00805064
6 67 -0.0120775
6 68 -0.0164047
6 69 -0.0201175
6 70 -0.0230348
6 71 -0.0236295
6 72 -0.0228647
6 73 -0.0212859
6 74 -0.0195801
6 75 -0.0181873
6 76 -0.0183846
6 77 -0.0195187
6 78 -0.0212936
6 79 -0.0226904
6 80 -0.0228626
6 81 -0.021013
6 82 -0.0165019
6 83 -0.00965263
6 84 -0.00153143
6 85 0.00696459
6 86 0.0152478
6 87 0.0213754
6 88 0.0253565
6 89 0.0268918
6 90 0.0270023
6 91 0.0256247
6 92 0.0233511
6 93 0.0206388
6 94 0.0180617
6 95 0.0148278
6 96 0.0105272
6 97 0.00514519
6 98 -0.00124825
6 99 -0.0073823
6 100 -0.0138691
6 101 -0.0189358
6 102 -0.02191
6 103 -0.021711
6 104 -0.0180529
6 105 -0.0123261
6 106 -0.0051139
6 107 0.00214646
6 108 0.00871561
6 109 0.0132
6 110 0.0147696
6 111 0.0128375
6 112 0.00823551
6 113 0.00222439
6 114 -0.00391422
6 115 -0.00869758
6 116 -0.0122256
6 117 -0.0135692
6 118 -0.0130898
6 119 0

7 0 0
7 1 -0.013876
7 2 -0.01553
7 3 -0.0149651
7 4 -0.0107444
7 5 -0.00451892
7 6 0.00374789
7 7 0.0113198
7 8 0.0164164
7 9 0.0182949
7 10 0.0158129
7 11 0.0108564
7 12 0.003238
7 13 -0.00499665
7 14 -0.0129253
7 15 -0.019025
7 16 -0.0216684
7 17 -0.0213882
7 18 -0.0180187
7 19 -0.0135884
7 20 -0.0079222
7 21 -0.00232835
7 22 0.00320832
7 23 0.00787575
7 24 0.0118633
7 25 0.0160639
7 26 0.0199739
7 27 0.0242185
7 28 0.0266753
7 29 0.0283605
7 30 0.0275578
7 31 0.0244473
7 32 0.0184278
7 33 0.0103234
7 34 0.00132784
7 35 -0.00750504
7 36 -0.0149047
7 37 -0.020282
7 38 -0.0222236
7 39 -0.0227409
7 40 -0.021241
7 41 -0.0196265
7 42 -0.0178109
7 43 -0.0177171
7 44 -0.0182165
7 45 -0.0197253
7 46 -0.0205344
7 47 -0.021097
7 48 -0.0198085
7 49 -0.0167957
7 50 -0.0125
7 51 -0.00800452
7 52 -0.00345963
7 53 -0.000330757
7 54 0.000786175
7 55 0.000491276
7 56 -0.00109861
7 57 -0.00335979
7 58 -0.00501409
7 59 -0.00527013
7 60 -0.00459492
7 61 -0.00250939
7 62 0.000161671
7 63 0.00219525
7 64 0.00288568
7 65 0.00221262
7 66 -0.000557609
7 67 -0.00469336
7 68 -0.00891536
7 69 -0.0129022
7 70 -0.015805
7 71 -0.0169828
7 72 -0.0165776
7 73 -0.015978
7 74 -0.0150053
7 75 -0.0151547
7 76 -0.0162445
7 77 -0.0192177
7 78 -0.0222841
7 79 -0.0254068
7 80 -0.0266462
7 81 -0.0265735
7 82 -0.0229173
7 83 -0.0172109
7 84 -0.0095506
7 85 -0.00149725
7 86 0.00655666
7 87 0.0129573
7 88 0.0175568
7 89 0.0203782
7 90 0.0217117
7 91 0.0226948
7 92 0.0223563
7 93 0.022415
7 94 0.0217588
7 95 0.0208462
7 96 0.0178791
7 97 0.0130815
7 98 0.00630764
7 99 -0.0016679
7 100 -0.010042
7 101 -0.0181241
7 102 -0.0235543
7 103 -0.0259798
7 104 -0.0237349
7 105 -0.0185939
7 106 -0.0107285
7 107 -0.00184035
7 108 0.0066589
7 109 0.0140294
7 110 0.0176116
7 111 0.0181041
7 112 0.0144413
7 113 0.00860826
7 114 0.00194164
7 115 -0.00491274
7 116 -0.00991733
7 117 -0.0140003
7 118 -0.015458
7 119 0

8 0 0
8 1 -0.0155365
8 2 -0.0154315
8 3 -0.0123436
8 4 -0.00677595
8 5 0.0011654
8 6 0.00956072
8 7 0.0164164
8 8 0.0201853
8 9 0.0195422
8 10 0.0151079
8 11 0.00761699
8 12 -0.00146801
8 13 -0.0106789
8 14 -0.0183228
8 15 -0.0229141
8 16 -0.0236466
8 17 -0.020393
8 18 -0.0150985
8 19 -0.00801758
8 20 -0.00112621
8 21 0.00513716
8 22 0.0104742
8 23 0.0133372
8 24 0.0156809
8 25 0.016973
8 26 0.0183313
8 27 0.0194163
8 28 0.0198975
8 29 0.0195166
8 30 0.0178108
8 31 0.0140937
8 32 0.00788967
8 33 0.000864616
8 34 -0.00723894
8 35 -0.0142166
8 36 -0.0202216
8 37 -0.0232452
8 38 -0.0238104
8 39 -0.0221544
8 40 -0.0191401
8 41 -0.0153793
8 42 -0.0124102
8 43 -0.0107581
8 44 -0.00986226
8 45 -0.0102639
8 46 -0.0105276
8 47 -0.0106099
8 48 -0.00900276
8 49 -0.00644444
8 50 -0.00243199
8 51 0.00134898
8 52 0.00559005
8 53 0.00796124
8 54 0.00906151
8 55 0.00834837
8 56 0.00709706
8 57 0.00454349
8 58 0.00328979
8 59 0.00269711
8 60 0.00356756
8 61 0.00510799
8 62 0.00795607
8 63 0.00952564
8 64 0.0105712
8 65 0.00983208
8 66 0.00783943
8 67 0.00399313
8 68 0.000621799
8 69 -0.00300221
8 70 -0.00516835
8 71 -0.00647295
8 72 -0.00610544
8 73 -0.00574583
8 74 -0.00529458
8 75 -0.00645
8 76 -0.00843525
8 77 -0.0121596
8 78 -0.0167575
8 79 -0.0210912
8 80 -0.0241137
8 81 -0.0253479
8 82 -0.0240719
8 83 -0.0200411
8 84 -0.0148189
8 85 -0.00832781
8 86 -0.00249389
8 87 0.00312499
8 88 0.00684005
8 89 0.00954679
8 90 0.0115259
8 91 0.0137597
8 92 0.0157623
8 93 0.0182585
8 94 0.0207221
8 95 0.0220776
8 96 0.0222222
8 97 0.0188056
8 98 0.0133101
8 99 0.00537344
8 100 -0.00395098
8 101 -0.013193
8 102 -0.0210675
8 103 -0.0255373
8 104 -0.0258383
8 105 -0.021987
8 106 -0.0152332
8 107 -0.00624191
8 108 0.00295081
8 109 0.011311
8 110 0.0171124
8 111 0.0189224
8 112 0.0174272
8 113 0.0125721
8 114 0.00636579
8 115 -0.000171332
8 116 -0.00645747
8 117 -0.0111331
8 118 -0.0145011
8 119 0

9 0 0
9 1 -0.014358
9 2 -0.0123742
9 3 -0.0087197
9 4 -0.00174836
9 5 0.00544924
9 6 0.0130804
9 7 0.0182949
9 8 0.0195422
9 9 0.0174046
9 10 0.0107568
9 11 0.00258354
9 12 -0.00703814
9 13 -0.0156294
9 14 -0.0216958
9 15 -0.0241273
9 16 -0.0218903
9 17 -0.0164243
9 18 -0.00843213
9 19 -0.000399564
9 20 0.00752269
9 21 0.0130024
9 22 0.0164712
9 23 0.0171059
9 24 0.0159318
9 25 0.0145928
9 26 0.0122654
9 27 0.0108458
9 28 0.00860126
9 29 0.00711134
9 30 0.0046699
9 31 0.00136032
9 32 -0.00328185
9 33 -0.0083545
9 34 -0.0136768
9 35 -0.0183604
9 36 -0.0210975
9 37 -0.0219915
9 38 -0.0196358
9 39 -0.0164959
9 40 -0.0115525
9 41 -0.00667077
9 42 -0.00207244
9 43 0.000230911
9 44 0.0021647
9 45 0.00237227
9 46 0.00249963
9 47 0.0024199
9 48 0.00354978
9 49 0.00539035
9 50 0.00824529
9 51 0.0111064
9 52 0.0139504
9 53 0.0156602
9 54 0.0159098
9 55 0.0151889
9 56 0.0135397
9 57 0.0113829
9 58 0.00985724
9 59 0.00956034
9 60 0.00990311
9 61 0.0114986
9 62 0.0137199
9 63 0.0155051
9 64 0.0163494
9 65 0.01634
9 66 0.0148465
9 67 0.0123742
9 68 0.00984146
9 69 0.00749416
9 70 0.00608578
9 71 0.00556496
9 72 0.00612961
9 73 0.00662196
9 74 0.00684493
9 75 0.0053849
9 76 0.00329422
9 77 -0.00118783
9 78 -0.0062696
9 79 -0.0116758
9 80 -0.0155943
9 81 -0.019138
9 82 -0.019644
9 83 -0.0187781
9 84 -0.0159361
9 85 -0.0128383
9 86 -0.0095914
9 87 -0.00689312
9 88 -0.00471861
9 89 -0.00313689
9 90 -0.00141698
9 91 0.00171527
9 92 0.00505728
9 93 0.0101371
9 94 0.0147361
9 95 0.0197946
9 96 0.0226211
9 97 0.0226372
9 98 0.0192326
9 99 0.0126281
9 100 0.00400495
9 101 -0.00588899
9 102 -0.0147155
9 103 -0.0215398
9 104 -0.0237578
9 105 -0.0226994
9 106 -0.0175244
9 107 -0.0103484
9 108 -0.00219615
9 109 0.00636932
9 110 0.0121503
9 111 0.016189
9 112 0.0159441
9 113 0.013381
9 114 0.00911304
9 115 0.00333718
9 116 -0.00141668
9 117 -0.00689254
9 118 -0.0104784
9 119 0

10 0 0
10 1 -0.0101564
10 2 -0.00761823
10 3 -0.00328746
10 4 0.00228082
10 5 0.0082673
10 6 0.0133598
10 7 0.0158129
10 8 0.0151079
10 9 0.0107568
10 10 0.00397427
10 11 -0.0042145
10 12 -0.0123178
10 13 -0.0186678
10 14 -0.0221209
10 15 -0.0211233
10 16 -0.0165149
10 17 -0.00861947
10 18 4.32118e-05
10 19 0.0085173
10 20 0.0154312
10 21 0.0191279
10 22 0.0201185
10 23 0.0172172
10 24 0.0131325
10 25 0.00803941
10 26 0.00312933
10 27 -0.00107484
10 28 -0.00436102
10 29 -0.00642838
10 30 -0.00812622
10 31 -0.00987248
10 32 -0.0123027
10 33 -0.0138909
10 34 -0.0160519
10 35 -0.0168981
10 36 -0.0168244
10 37 -0.0145418
10 38 -0.0107078
10 39 -0.00571658
10 40 -0.000160344
10 41 0.00558789
10 42 0.0100813
10 43 0.0127841
10 44 0.0148197
10 45 0.0150559
10 46 0.0147696
10 47 0.0141989
10 48 0.0145973
10 49 0.0149001
10 50 0.0163589
10 51 0.0174667
10 52 0.0190204
10 53 0.0192149
10 54 0.019012
10 55 0.0175784
10 56 0.0161752
10 57 0.01383
10 58 0.0127509
10 59 0.0120291
10 60 0.0125376
10 61 0.0134181
10 62 0.0155827
10 63 0.0168491
10 64 0.0181863
10 65 0.018364
10 66 0.0182137
10 67 0.0167977
10 68 0.0159319
10 69 0.014818
10 70 0.015
10 71 0.0151737
10 72 0.0164818
10 73 0.0175373
10 74 0.0182357
10 75 0.0170588
10 76 0.0153391
10 77 0.0115914
10 78 0.00662434
10 79 0.00141757
10 80 -0.00331464
10 81 -0.00749561
10 82 -0.0103412
10 83 -0.0116548
10 84 -0.0123293
10 85 -0.0122417
10 86 -0.0129485
10 87 -0.0129925
10 88 -0.0137293
10 89 -0.0141132
10 90 -0.0138149
10 91 -0.0112868
10 92 -0.00723243
10 93 -0.00111044
10 94 0.00588555
10 95 0.0130447
10 96 0.0194409
10 97 0.0222967
10 98 0.0222672
10 99 0.0181817
10 100 0.0116805
10 101 0.00318316
10 102 -0.00575057
10 103 -0.0132901
10 104 -0.0181191
10 105 -0.0192895
10 106 -0.0175476
10 107 -0.013054
10 108 -0.00738873
10 109 -0.000876581
10 110 0.00482873
10 111 0.00889094
10 112 0.010832
10 113 0.0103601
10 114 0.00871548
10 115 0.00587565
10 116 0.00275733
10 117 -0.000794998
10 118 -0.00445989
10 119 0

11 0 0
11 1 -0.004728
11 2 -0.00165476
11 3 0.00160018
11 4 0.00573691
11 5 0.0089983
11 6 0.0110578
11 7 0.0108564
11 8 0.00761699
11 9 0.00258354
11 10 -0.0042145
11 11 -0.0109017
11 12 -0.0166173
11 13 -0.0202724
11 14 -0.0201795
11 15 -0.0163929
11 16 -0.00914467
11 17 -3.47884e-05
11 18 0.00897378
11 19 0.0166561
11 20 0.0218436
11 21 0.0232246
11 22 0.0209548
11 23 0.0153521
11 24 0.00807013
11 25 0.000817554
11 26 -0.00629232
11 27 -0.011884
11 28 -0.0156581
11 29 -0.0174567
11 30 -0.0177714
11 31 -0.0175892
11 32 -0.016864
11 33 -0.0154127
11 34 -0.0137992
11 35 -0.0117421
11 36 -0.00860613
11 37 -0.00447612
11 38 0.000659963
11 39 0.00595545
11 40 0.011401
11 41 0.016626
11 42 0.0204122
11 43 0.0225345
11 44 0.0238637
11 45 0.0238363
11 46 0.0227454
11 47 0.0216529
11 48 0.0207433
11 49 0.0198614
11 50 0.019407
11 51 0.019181
11 52 0.018839
11 53 0.0181271
11 54 0.0169929
11 55 0.0155765
11 56 0.0139398
11 57 0.0122432
11 58 0.0110889
11 59 0.0106247
11 60 0.0106702
11 61 0.0114158
11 62 0.0127212
11 63 0.013999
11 64 0.015096
11 65 0.0159721
11 66 0.0164954
11 67 0.0167472
11 68 0.0169903
11 69 0.0176029
11 70 0.0187896
11 71 0.0201842
11 72 0.021937
11 73 0.0238864
11 74 0.0249446
11 75 0.0248185
11 76 0.0240136
11 77 0.0216241
11 78 0.0177796
11 79 0.0136232
11 80 0.00940223
11 81 0.00502025
11 82 0.00120478
11 83 -0.00216284
11 84 -0.00505757
11 85 -0.00817579
11 86 -0.0117341
11 87 -0.0151387
11 88 -0.0183393
11 89 -0.0212439
11 90 -0.0224845
11 91 -0.0213595
11 92 -0.0176147
11 93 -0.0113621
11 94 -0.00373124
11 95 0.00521323
11 96 0.0136436
11 97 0.0197473
11 98 0.0226573
11 99 0.0218911
11 100 0.0179707
11 101 0.01172
11 102 0.00376378
11 103 -0.00409477
11 104 -0.0102388
11 105 -0.0142395
11 106 -0.0152902
11 107 -0.0146003
11 108 -0.0121112
11 109 -0.0083029
11 110 -0.00430921
11 111 -4.19113e-05
11 112 0.00292681
11 113 0.00514597
11 114 0.00642578
11 115 0.00679958
11 116 0.00673925
11 117 0.00508835
11 118 0.00263198
11 119 0

12 0 0
12 1 0.00194896
12 2 0.00445367
12 3 0.00639851
12 4 0.00778418
12 5 0.00781675
12 6 0.00653201
12 7 0.003238
12 8 -0.00146801
12 9 -0.00703814
12 10 -0.0123178
12 11 -0.0166173
12 12 -0.019213
12 13 -0.0190192
12 14 -0.015985
12 15 -0.00922509
12 16 -0.00075314
12 17 0.00848762
12 18 0.0166752
12 19 0.0222975
12 20 0.0253792
12 21 0.0240185
12 22 0.0191734
12 23 0.0112614
12 24 0.00233561
12 25 -0.00627169
12 26 -0.0138674
12 27 -0.0195263
12 28 -0.0227521
12 29 -0.023214
12 30 -0.022048
12 31 -0.0195357
12 32 -0.0162271
12 33 -0.0117668
12 34 -0.00753448
12 35 -0.00307766
12 36 0.00165432
12 37 0.00660582
12 38 0.0115178
12 39 0.0160333
12 40 0.020003
12 41 0.0233544
12 42 0.0255564
12 43 0.0262909
12 44 0.0264853
12 45 0.0255303
12 46 0.0238359
12 47 0.0219349
12 48 0.0201346
12 49 0.0178673
12 50 0.01609
12 51 0.0143743
12 52 0.0127496
12 53 0.0109926
12 54 0.00960418
12 55 0.00807181
12 56 0.00684062
12 57 0.00565536
12 58 0.004978
12 59 0.00445878
12 60 0.00446586
12 61 0.00463529
12 62 0.0053182
12 63 0.00606274
12 64 0.00712665
12 65 0.00808274
12 66 0.00945136
12 67 0.0107572
12 68 0.0122409
12 69 0.0139029
12 70 0.0162
12 71 0.0182019
12 72 0.0205147
12 73 0.0228393
12 74 0.0246862
12 75 0.025614
12 76 0.0262707
12 77 0.0256331
12 78 0.0240437
12 79 0.0218535
12 80 0.0191422
12 81 0.0157934
12 82 0.0121664
12 83 0.00820093
12 84 0.00398325
12 85 -0.000835067
12 86 -0.00660338
12 87 -0.0121072
12 88 -0.0174968
12 89 -0.022143
12 90 -0.0254814
12 91 -0.0259979
12 92 -0.0237686
12 93 -0.0186783
12 94 -0.0115949
12 95 -0.00257695
12 96 0.00675662
12 97 0.014703
12 98 0.020227
12 99 0.0221625
12 100 0.0217285
12 101 0.0180899
12 102 0.012433
12 103 0.00552487
12 104 -0.00139149
12 105 -0.00695636
12 106 -0.0112101
12 107 -0.0139493
12 108 -0.0153508
12 109 -0.0149506
12 110 -0.0132503
12 111 -0.00997414
12 112 -0.00627125
12 113 -0.00214456
12 114 0.0022295
12 115 0.00592848
12 116 0.00938943
12 117 0.0105272
12 118 0.00970128
12 119 0

13 0 0
13 1 0.00803841
13 2 0.00965154
13 3 0.00973655
13 4 0.00788485
13 5 0.0050232
13 6 0.000302665
13 7 -0.00499665
13 8 -0.0106789
13 9 -0.0156294
13 10 -0.0186678
13 11 -0.0202724
13 12 -0.0190192
13 13 -0.0158905
13 14 -0.00967608
13 15 -0.00142826
13 16 0.00745416
13 17 0.0160049
13 18 0.0217604
13 19 0.0254384
13 20 0.0252984
13 21 0.0219388
13 22 0.015052
13 23 0.00630677
13 24 -0.0027738
13 25 -0.0111494
13 26 -0.0176703
13 27 -0.0227054
13 28 -0.0239642
13 29 -0.0234304
13 30 -0.0202234
13 31 -0.0162262
13 32 -0.0109583
13 33 -0.0050746
13 34 0.000705327
13 35 0.00610595
13 36 0.0109409
13 37 0.0155891
13 38 0.0185222
13 39 0.0212653
13 40 0.0224592
13 41 0.0236371
13 42 0.0229888
13 43 0.0223743
13 44 0.0209406
13 45 0.0196245
13 46 0.0170429
13 47 0.0150969
13 48 0.01259
13 49 0.00983401
13 50 0.00691753
13 51 0.00449848
13 52 0.00188965
13 53 -0.000223424
13 54 -0.00163613
13 55 -0.0027531
13 56 -0.0033882
13 57 -0.00365815
13 58 -0.00378698
13 59 -0.00415088
13 60 -0.00423624
13 61 -0.0045757
13 62 -0.00475298
13 63 -0.00461915
13 64 -0.00395417
13 65 -0.00307288
13 66 -0.00139984
13 67 0.000681136
13 68 0.00272456
13 69 0.00519364
13 70 0.0077344
13 71 0.00999964
13 72 0.0120268
13 73 0.0147357
13 74 0.0165807
13 75 0.0186749
13 76 0.0203803
13 77 0.0223202
13 78 0.0227916
13 79 0.0234595
13 80 0.022716
13 81 0.0219104
13 82 0.0191475
13 83 0.0161345
13 84 0.011831
13 85 0.00683026
13 86 0.00056586
13 87 -0.00560936
13 88 -0.0118378
13 89 -0.0178189
13 90 -0.0221323
13 91 -0.0249099
13 92 -0.0240563
13 93 -0.021409
13 94 -0.0158719
13 95 -0.00869445
13 96 0.000166866
13 97 0.00843567
13 98 0.0153697
13 99 0.0200664
13 100 0.0221438
13 101 0.0222099
13 102 0.0187816
13 103 0.0139496
13 104 0.0072776
13 105 0.000834742
13 106 -0.00541521
13 107 -0.0113946
13 108 -0.0160141
13 109 -0.0195789
13 110 -0.0202144
13 111 -0.0189638
13 112 -0.0152033
13 113 -0.00979588
13 114 -0.00344675
13 115 0.00387081
13 116 0.00993823
13 117 0.0145247
13 118 0.0155379
13 119 0

14 0 0
14 1 0.0128158
14 2 0.0130183
14 3 0.0108261
14 4 0.0064916
14 5 0.000562815
14 6 -0.00615737
14 7 -0.0129253
14 8 -0.0183228
14 9 -0.0216958
14 10 -0.0221209
14 11 -0.0201795
14 12 -0.015985
14 13 -0.00967608
14 14 -0.00216441
14 15 0.00670996
14 16 0.0145518
14 17 0.02062
14 18 0.0241499
14 19 0.0243813
14 20 0.022272
14 21 0.0168836
14 22 0.00934727
14 23 0.00107775
14 24 -0.00681629
14 25 -0.0131622
14 26 -0.017746
14 27 -0.0203144
14 28 -0.0202247
14 29 -0.0179003
14 30 -0.0142244
14 31 -0.00921905
14 32 -0.00350558
14 33 0.00271966
14 34 0.00839539
14 35 0.0131105
14 36 0.0170485
14 37 0.0195681
14 38 0.0204099
14 39 0.0200908
14 40 0.0186273
14 41 0.0163663
14 42 0.0139088
14 43 0.0113827
14 44 0.00917343
14 45 0.00721039
14 46 0.00520097
14 47 0.00332798
14 48 0.00117081
14 49 -0.00173628
14 50 -0.00463864
14 51 -0.00737485
14 52 -0.0102053
14 53 -0.0122865
14 54 -0.0131719
14 55 -0.0135552
14 56 -0.0133015
14 57 -0.0124286
14 58 -0.0118897
14 59 -0.011937
14 60 -0.0121428
14 61 -0.0129472
14 62 -0.0141069
14 63 -0.0146818
14 64 -0.0146578
14 65 -0.0141803
14 66 -0.0125511
14 67 -0.01022
14 68 -0.00801501
14 69 -0.00566638
14 70 -0.00330585
14 71 -0.00166148
14 72 -0.000223301
14 73 0.00147417
14 74 0.00330197
14 75 0.00560853
14 76 0.00851496
14 77 0.0116829
14 78 0.0150095
14 79 0.0179005
14 80 0.0199831
14 81 0.0211702
14 82 0.0208507
14 83 0.0191136
14 84 0.0164469
14 85 0.0124126
14 86 0.00725997
14 87 0.00178749
14 88 -0.00389252
14 89 -0.0092977
14 90 -0.0143239
14 91 -0.0179626
14 92 -0.0195145
14 93 -0.0191698
14 94 -0.0168003
14 95 -0.0119511
14 96 -0.00550383
14 97 0.00200614
14 98 0.00915589
14 99 0.0149031
14 100 0.0197854
14 101 0.0222512
14 102 0.0223893
14 103 0.0198592
14 104 0.0148881
14 105 0.00881069
14 106 0.00152307
14 107 -0.00630492
14 108 -0.0139885
14 109 -0.0204328
14 110 -0.024341
14 111 -0.024886
14 112 -0.022344
14 113 -0.0167607
14 114 -0.00892319
14 115 -1.42846e-05
14 116 0.00909443
14 117 0.0158093
14 118 0.0191149
14 119 0

15 0 0
15 1 0.0154335
15 2 0.0138365
15 3 0.00993638
15 4 0.00289493
15 5 -0.00436431
15 6 -0.0124417
15 7 -0.019025
15 8 -0.0229141
15 9 -0.0241273
15 10 -0.0211233
15 11 -0.0163929
15 12 -0.00922509
15 13 -0.00142826
15 14 0.00670996
15 15 0.0144886
15 16 0.0198013
15 17 0.0228001
15 18 0.0222567
15 19 0.0197632
15 20 0.0147989
15 21 0.00873557
15 22 0.00160498
15 23 -0.00478869
15 24 -0.00962885
15 25 -0.0131357
15 26 -0.014279
15 27 -0.0145873
15 28 -0.0120238
15 29 -0.00899518
15 30 -0.00464079
15 31 -6.30414e-05
15 32 0.00500759
15 33 0.0100082
15 34 0.0142591
15 35 0.0174801
15 36 0.0191459
15 37 0.0195236
15 38 0.0170243
15 39 0.0140756
15 40 0.0093762
15 41 0.0048315
15 42 -0.000104983
15 43 -0.00339016
15 44 -0.00626645
15 45 -0.00762586
15 46 -0.00913633
15 47 -0.00981056
15 48 -0.0111836
15 49 -0.0132398
15 50 -0.0158093
15 51 -0.0181649
15 52 -0.0207511
15 53 -0.0223448
15 54 -0.0224348
15 55 -0.0219122
15 56 -0.0205088
15 57 -0.0185382
15 58 -0.0171316
15 59 -0.0169458
15 60 -0.0170985
15 61 -0.0185022
15 62 -0.0204743
15 63 -0.0219696
15 64 -0.022591
15 65 -0.022748
15 66 -0.0214048
15 67 -0.0192673
15 68 -0.0173484
15 69 -0.0154439
15 70 -0.0140038
15 71 -0.0134687
15 72 -0.0135162
15 73 -0.0128878
15 74 -0.012194
15 75 -0.0100159
15 76 -0.00709263
15 77 -0.00236482
15 78 0.00240847
15 79 0.00769346
15 80 0.0116813
15 81 0.0157245
15 82 0.0171984
15 83 0.0178895
15 84 0.0169747
15 85 0.0153235
15 86 0.0123343
15 87 0.00916195
15 88 0.00534109
15 89 0.00116948
15 90 -0.00310334
15 91 -0.00775821
15 92 -0.0106916
15 93 -0.0134884
15 94 -0.0141209
15 95 -0.0134913
15 96 -0.0101437
15 97 -0.00526616
15 98 0.000810094
15 99 0.00719951
15 100 0.0134271
15 101 0.0190072
15 102 0.0220283
15 103 0.0230192
15 104 0.0203356
15 105 0.0161165
15 106 0.00922562
15 107 0.000829716
15 108 -0.00818024
15 109 -0.0173693
15 110 -0.023378
15 111 -0.0270104
15 112 -0.0260338
15 113 -0.0217054
15 114 -0.0143754
15 115 -0.00425991
15 116 0.00555156
15 117 0.0148109
15 118 0.0197675
15 119 0

16 0 0
16 1 0.0154174
16 2 0.0126566
16 3 0.00709861
16 4 -0.000565609
16 5 -0.0086973
16 6 -0.0162836
16 7 -0.0216684
16 8 -0.0236466
16 9 -0.0218903
16 10 -0.0165149
16 11 -0.00914467
16 12 -0.00075314
16 13 0.00745416
16 14 0.0145518
16 15 0.0198013
16 16 0.0219382
16 17 0.0208546
16 18 0.0171525
16 19 0.0115944
16 20 0.00537796
16 21 -0.000912451
16 22 -0.0064781
16 23 -0.00978955
16 24 -0.0111582
16 25 -0.0104757
16 26 -0.00844374
16 27 -0.0056865
16 28 -0.00192253
16 29 0.00168914
16 30 0.00504691
16 31 0.00843053
16 32 0.0116775
16 33 0.0144374
16 34 0.0165784
16 35 0.0173425
16 36 0.0169813
16 37 0.0146105
16 38 0.00999748
16 39 0.00429323
16 40 -0.00219973
16 41 -0.00891174
16 42 -0.0145222
16 43 -0.0183462
16 44 -0.0205754
16 45 -0.0210976
16 46 -0.0208016
16 47 -0.0200094
16 48 -0.0198315
16 49 -0.020693
16 50 -0.0222654
16 51 -0.0239377
16 52 -0.0259724
16 53 -0.0268184
16 54 -0.026129
16 55 -0.0245112
16 56 -0.0221461
16 57 -0.0189828
16 58 -0.0169671
16 59 -0.0162962
16 60 -0.0166488
16 61 -0.0183637
16 62 -0.021257
16 63 -0.0234059
16 64 -0.0248724
16 65 -0.0255036
16 66 -0.0247021
16 67 -0.0228444
16 68 -0.021489
16 69 -0.0203961
16 70 -0.0201791
16 71 -0.0211688
16 72 -0.0229311
16 73 -0.0243217
16 74 -0.0249926
16 75 -0.0239704
16 76 -0.0213241
16 77 -0.016723
16 78 -0.0108036
16 79 -0.00470997
16 80 0.00101192
16 81 0.00622936
16 82 0.0097452
16 83 0.0118896
16 84 0.0133869
16 85 0.0139482
16 86 0.0140475
16 87 0.0136237
16 88 0.0126778
16 89 0.0110835
16 90 0.00828583
16 91 0.00414442
16 92 -0.000199665
16 93 -0.00505711
16 94 -0.00943427
16 95 -0.012367
16 96 -0.0132584
16 97 -0.0113276
16 98 -0.00738984
16 99 -0.00180826
16 100 0.00507555
16 101 0.0121235
16 102 0.0181154
16 103 0.0219384
16 104 0.0226941
16 105 0.0207918
16 106 0.015954
16 107 0.00846408
16 108 -0.000749437
16 109 -0.0106176
16 110 -0.0187869
16 111 -0.0241153
16 112 -0.0255787
16 113 -0.023036
16 114 -0.017013
16 115 -0.00805455
16 116 0.00204719
16 117 0.0114625
16 118 0.0177622
16 119 0

17 0 0
17 1 0.0137254
17 2 0.00944177
17 3 0.00350442
17 4 -0.00463381
17 5 -0.0118572
17 6 -0.0179695
17 7 -0.0213882
17 8 -0.020393
17 9 -0.0164243
17 10 -0.00861947
17 11 -3.47884e-05
17 12 0.00848762
17 13 0.0160049
17 14 0.02062
17 15 0.0228001
17 16 0.0208546
17 17 0.015813
17 18 0.00878892
17 19 0.00104989
17 20 -0.00592205
17 21 -0.0112625
17 22 -0.0141413
17 23 -0.0139242
17 24 -0.0108139
17 25 -0.00642264
17 26 -0.000985718
17 27 0.00410368
17 28 0.00870265
17 29 0.0119635
17 30 0.013722
17 31 0.0149104
17 32 0.0154813
17 33 0.0157098
17 34 0.0151649
17 35 0.0138745
17 36 0.0114322
17 37 0.00726952
17 38 0.000983933
17 39 -0.00597958
17 40 -0.013512
17 41 -0.0209834
17 42 -0.0266325
17 43 -0.0297906
17 44 -0.0308114
17 45 -0.0298331
17 46 -0.0274695
17 47 -0.0248073
17 48 -0.0228587
17 49 -0.0223526
17 50 -0.022757
17 51 -0.023778
17 52 -0.0250874
17 53 -0.0253865
17 54 -0.0239327
17 55 -0.0215687
17 56 -0.0182384
17 57 -0.0143606
17 58 -0.0116665
17 59 -0.0107737
17 60 -0.0111337
17 61 -0.0133064
17 62 -0.016688
17 63 -0.01956
17 64 -0.0215228
17 65 -0.0226494
17 66 -0.0221232
17 67 -0.020709
17 68 -0.0197359
17 69 -0.0195579
17 70 -0.0204953
17 71 -0.0231036
17 72 -0.0266608
17 73 -0.0301657
17 74 -0.0324975
17 75 -0.0330294
17 76 -0.0315265
17 77 -0.0275911
17 78 -0.0217228
17 79 -0.0156156
17 80 -0.00967476
17 81 -0.0039484
17 82 0.00034081
17 83 0.00360121
17 84 0.00652504
17 85 0.00942107
17 86 0.0121804
17 87 0.0150237
17 88 0.0173319
17 89 0.018897
17 90 0.0182363
17 91 0.0153615
17 92 0.0105705
17 93 0.00411622
17 94 -0.0028511
17 95 -0.00966713
17 96 -0.0144297
17 97 -0.0163132
17 98 -0.0151751
17 99 -0.0113651
17 100 -0.00481471
17 101 0.00286953
17 102 0.0109704
17 103 0.0175659
17 104 0.0213047
17 105 0.0228447
17 106 0.0205119
17 107 0.0156698
17 108 0.00785739
17 109 -0.00159507
17 110 -0.0101964
17 111 -0.0175121
17 112 -0.0210147
17 113 -0.0213873
17 114 -0.0179504
17 115 -0.0111074
17 116 -0.00262655
17 117 0.00671075
17 118 0.0134327
17 119 0

18 0 0
18 1 0.0101761
18 2 0.00557689
18 3 -0.000898125
18 4 -0.00766601
18 5 -0.013563
18 6 -0.0175073
18 7 -0.0180187
18 8 -0.0150985
18 9 -0.00843213
18 10 4.32118e-05
18 11 0.00897378
18 12 0.0166752
18 13 0.0217604
18 14 0.0241499
18 15 0.0222567
18 16 0.0171525
18 17 0.00878892
18 18 -0.000492813
18 19 -0.00912853
18 20 -0.0161015
18 21 -0.019595
18 22 -0.0198997
18 23 -0.0156218
18 24 -0.00911975
18 25 -0.00105596
18 26 0.00650713
18 27 0.0128185
18 28 0.0172711
18 29 0.0189293
18 30 0.0186172
18 31 0.01686
18 32 0.0150078
18 33 0.0121164
18 34 0.00982097
18 35 0.00676591
18 36 0.00358073
18 37 -0.0013035
18 38 -0.00755001
18 39 -0.0146595
18 40 -0.0217451
18 41 -0.0283676
18 42 -0.0330668
18 43 -0.034715
18 44 -0.0340991
18 45 -0.030853
18 46 -0.0266324
18 47 -0.0218496
18 48 -0.0185336
18 49 -0.016328
18 50 -0.0161542
18 51 -0.0163734
18 52 -0.017516
18 53 -0.0171251
18 54 -0.0156787
18 55 -0.0125187
18 56 -0.00894144
18 57 -0.00434148
18 58 -0.0015845
18 59 -0.000182388
18 60 -0.000968007
18 61 -0.00311382
18 62 -0.00710599
18 63 -0.0100952
18 64 -0.0126855
18 65 -0.0136069
18 66 -0.013528
18 67 -0.0120003
18 68 -0.0115166
18 69 -0.0115643
18 70 -0.0138564
18 71 -0.0174537
18 72 -0.022834
18 73 -0.027881
18 74 -0.0323516
18 75 -0.0343937
18 76 -0.0345812
18 77 -0.0317875
18 78 -0.0273699
18 79 -0.0222978
18 80 -0.0172437
18 81 -0.0124967
18 82 -0.00878592
18 83 -0.00585698
18 84 -0.00237312
18 85 0.00144178
18 86 0.00670128
18 87 0.0117972
18 88 0.0174414
18 89 0.0218167
18 90 0.0242571
18 91 0.0230395
18 92 0.0191979
18 93 0.0123028
18 94 0.00357124
18 95 -0.00562592
18 96 -0.0138491
18 97 -0.0186452
18 98 -0.0206116
18 99 -0.0185387
18 100 -0.0138135
18 101 -0.00617005
18 102 0.00247564
18 103 0.0106627
18 104 0.017328
18 105 0.0212283
18 106 0.0226703
18 107 0.0204658
18 108 0.0154129
18 109 0.00770208
18 110 -0.00073352
18 111 -0.00845327
18 112 -0.0142128
18 113 -0.0169344
18 114 -0.0167304
18 115 -0.0128674
18 116 -0.00668942
18 117 0.00101091
18 118 0.00787933
18 119 0

19 0 0
19 1 0.00588309
19 2 0.000351589
19 3 -0.00529604
19 4 -0.0107357
19 5 -0.0143332
19 6 -0.0153878
19 7 -0.0135884
19 8 -0.00801758
19 9 -0.000399564
19 10 0.0085173
19 11 0.0166561
19 12 0.0222975
19 13 0.0254384
19 14 0.0243813
19 15 0.0197632
19 16 0.0115944
19 17 0.00104989
19 18 -0.00912853
19 19 -0.0179813
19 20 -0.0235453
19 21 -0.0252043
19 22 -0.0223613
19 23 -0.0154034
19 24 -0.00583009
19 25 0.00398362
19 26 0.0126213
19 27 0.0191396
19 28 0.0220276
19 29 0.021865
19 30 0.0184693
19 31 0.0141494
19 32 0.00947822
19 33 0.00505242
19 34 0.00132327
19 35 -0.00178783
19 36 -0.00476101
19 37 -0.00873857
19 38 -0.0135531
19 39 -0.0190869
19 40 -0.0242838
19 41 -0.0294112
19 42 -0.0319171
19 43 -0.0317511
19 44 -0.0288987
19 45 -0.0241756
19 46 -0.0176835
19 47 -0.0116825
19 48 -0.00693067
19 49 -0.00420112
19 50 -0.0032333
19 51 -0.00367349
19 52 -0.00447041
19 53 -0.00445506
19 54 -0.00290933
19 55 4.59585e-05
19 56 0.00398971
19 57 0.00832884
19 58 0.0114081
19 59 0.0126677
19 60 0.0119424
19 61 0.00941235
19 62 0.00562171
19 63 0.00226629
19 64 -0.000112251
19 65 -0.00103087
19 66 -0.000461868
19 67 0.000955584
19 68 0.00191365
19 69 0.0014525
19 70 -0.000964332
19 71 -0.00549706
19 72 -0.0115856
19 73 -0.0183642
19 74 -0.0237841
19 75 -0.0276268
19 76 -0.0292347
19 77 -0.0284936
19 78 -0.0254926
19 79 -0.0226483
19 80 -0.0195533
19 81 -0.0171458
19 82 -0.0152066
19 83 -0.0138568
19 84 -0.0114781
19 85 -0.00769558
19 86 -0.00196249
19 87 0.00494096
19 88 0.0126788
19 89 0.0201201
19 90 0.0248521
19 91 0.0263941
19 92 0.0236912
19 93 0.0177675
19 94 0.00890718
19 95 -0.00142325
19 96 -0.0113381
19 97 -0.0185985
19 98 -0.0227455
19 99 -0.0232616
19 100 -0.0200438
19 101 -0.0141379
19 102 -0.00552067
19 103 0.00312184
19 104 0.0111655
19 105 0.0176446
19 106 0.0214933
19 107 0.0229942
19 108 0.0207886
19 109 0.0158129
19 110 0.00881527
19 111 0.000984091
19 112 -0.00589757
19 113 -0.0114441
19 114 -0.0142827
19 115 -0.0141508
19 116 -0.0109286
19 117 -0.00515515
19 118 0.00110121
19 119 0

20 0 0
20 1 0.000394092
20 2 -0.00516365
20 3 -0.0102466
20 4 -0.0134156
20 5 -0.0143275
20 6 -0.0126851
20 7 -0.0079222
20 8 -0.00112621
20 9 0.00752269
20 10 0.0154312
20 11 0.0218436
20 12 0.0253792
20 13 0.0252984
20 14 0.022272
20 15 0.0147989
20 16 0.00537796
20 17 -0.00592205
20 18 -0.0161015
20 19 -0.0235453
20 20 -0.0279388
20 21 -0.027082
20 22 -0.0222709
20 23 -0.0128128
20 24 -0.0019623
20 25 0.00870218
20 26 0.0169507
20 27 0.0220658
20 28 0.0231001
20 29 0.0200382
20 30 0.0144695
20 31 0.00744022
20 32 0.00146704
20 33 -0.00439257
20 34 -0.00775528
20 35 -0.0101071
20 36 -0.0112967
20 37 -0.0130963
20 38 -0.0152734
20 39 -0.0182118
20 40 -0.0210127
20 41 -0.0233462
20 42 -0.0239707
20 43 -0.0216399
20 44 -0.0174399
20 45 -0.0108477
20 46 -0.00363158
20 47 0.00340286
20 48 0.00816986
20 49 0.0115508
20 50 0.0119195
20 51 0.0113211
20 52 0.00975439
20 53 0.00958221
20 54 0.0101355
20 55 0.0129958
20 56 0.01633
20 57 0.0205619
20 58 0.0231695
20 59 0.0246663
20 60 0.0234796
20 61 0.0211968
20 62 0.0173286
20 63 0.0144002
20 64 0.0120132
20 65 0.0119942
20 66 0.0127744
20 67 0.0150121
20 68 0.016324
20 69 0.0167066
20 70 0.0140363
20 71 0.00995703
20 72 0.00342718
20 73 -0.00340057
20 74 -0.00997688
20 75 -0.0143796
20 76 -0.0174776
20 77 -0.0178982
20 78 -0.0172887
20 79 -0.0164323
20 80 -0.0160539
20 81 -0.0164193
20 82 -0.0174621
20 83 -0.0186772
20 84 -0.0184792
20 85 -0.0163492
20 86 -0.0108468
20 87 -0.00401384
20 88 0.00515532
20 89 0.0138906
20 90 0.0212729
20 91 0.0247607
20 92 0.0245319
20 93 0.0201226
20 94 0.0124492
20 95 0.00245199
20 96 -0.00797646
20 97 -0.0160782
20 98 -0.0220571
20 99 -0.0238769
20 100 -0.0233102
20 101 -0.018901
20 102 -0.0121754
20 103 -0.00428056
20 104 0.00420061
20 105 0.011452
20 106 0.0180473
20 107 0.0221841
20 108 0.0237346
20 109 0.0217472
20 110 0.0169296
20 111 0.0100216
20 112 0.00219733
20 113 -0.00518447
20 114 -0.0114851
20 115 -0.0147114
20 116 -0.0150374
20 117 -0.0115933
20 118 -0.00597073
20 119 0

21 0 0
