0 0 0
0 1 0
0 2 0
0 3 0
0 4 0
0 5 0
0 6 0
0 7 0
0 8 0
0 9 0
0 10 0
0 11 0
0 12 0
0 13 0
0 14 0
0 15 0
0 16 0
0 17 0
0 18 0
0 19 0
0 20 0
0 21 0
0 22 0
0 23 0
0 24 0
0 25 0
0 26 0
0 27 0
0 28 0
0 29 0
0 30 0
0 31 0
0 32 0
0 33 0
0 34 0
0 35 0
0 36 0
0 37 0
0 38 0
0 39 0
0 40 0
0 41 0
0 42 0
0 43 0
0 44 0
0 45 0
0 46 0
0 47 0
0 48 0
0 49 0
0 50 0
0 51 0
0 52 0
0 53 0
0 54 0
0 55 0
0 56 0
0 57 0
0 58 0
0 59 0
0 60 0
0 61 0
0 62 0
0 63 0
0 64 0
0 65 0
0 66 0
0 67 0
0 68 0
0 69 0
0 70 0
0 71 0
0 72 0
0 73 0
0 74 0
0 75 0
0 76 0
0 77 0
0 78 0
0 79 0
0 80 0
0 81 0
0 82 0
0 83 0
0 84 0
0 85 0
0 86 0
0 87 0
0 88 0
0 89 0
0 90 0
0 91 0
0 92 0
0 93 0
0 94 0
0 95 0
0 96 0
0 97 0
0 98 0
0 99 0
0 100 0
0 101 0
0 102 0
0 103 0
0 104 0
0 105 0
0 106 0
0 107 0
0 108 0
0 109 0
0 110 0
0 111 0
0 112 0
0 113 0
0 114 0
0 115 0
0 116 0
0 117 0
0 118 0
0 119 0

1 0 0
1 1 0.0225607
1 2 0.0202955
1 3 0.0143966
1 4 0.00666668
1 5 -0.00186654
1 6 -0.00904141
1 7 -0.0141271
1 8 -0.0158508
1 9 -0.0142659
1 10 -0.0102173
1 11 -0.00425832
1 12 0.00204412
1 13 0.00802807
1 14 0.0122201
1 15 0.0146712
1 16 0.0151686
1 17 0.0136323
1 18 0.0104143
1 19 0.00608004
1 20 0.00123221
1 21 -0.00416451
1 22 -0.00955373
1 23 -0.0146544
1 24 -0.0189258
1 25 -0.0224324
1 26 -0.0242871
1 27 -0.0248114
1 28 -0.0238344
1 29 -0.0214477
1 30 -0.0176766
1 31 -0.0129436
1 32 -0.00781949
1 33 -0.00223932
1 34 0.00303437
1 35 0.00823767
1 36 0.0131201
1 37 0.0177918
1 38 0.0216789
1 39 0.0250248
1 40 0.0272755
1 41 0.0285694
1 42 0.0285744
1 43 0.0278168
1 44 0.0260347
1 45 0.0238415
1 46 0.0215831
1 47 0.0193714
1 48 0.0174982
1 49 0.0162229
1 50 0.0150998
1 51 0.0142361
1 52 0.0134433
1 53 0.0121864
1 54 0.0107737
1 55 0.00902672
1 56 0.00703128
1 57 0.00530401
1 58 0.00409746
1 59 0.00338938
1 60 0.00365108
1 61 0.0044102
1 62 0.00569912
1 63 0.00725641
1 64 0.0085903
1 65 0.009601
1 66 0.0105089
1 67 0.0109856
1 68 0.0116223
1 69 0.0125736
1 70 0.0137941
1 71 0.015675
1 72 0.0180257
1 73 0.0204976
1 74 0.0230828
1 75 0.0254133
1 76 0.0270229
1 77 0.0281551
1 78 0.0283681
1 79 0.0278504
1 80 0.026366
1 81 0.0242147
1 82 0.0210187
1 83 0.0172656
1 84 0.0128827
1 85 0.00822867
1 86 0.00302048
1 87 -0.00202567
1 88 -0.00730843
1 89 -0.0123077
1 90 -0.0167965
1 91 -0.020454
1 92 -0.02318
1 93 -0.0247666
1 94 -0.0248169
1 95 -0.0237012
1 96 -0.0209746
1 97 -0.0167174
1 98 -0.0110711
1 99 -0.00480447
1 100 0.00201151
1 101 0.00838048
1 102 0.0137252
1 103 0.0170092
1 104 0.0180173
1 105 0.0162955
1 106 0.0117361
1 107 0.00559203
1 108 -0.00166079
1 109 -0.00836374
1 110 -0.0138675
1 111 -0.0164341
1 112 -0.0156992
1 113 -0.0120428
1 114 -0.00573129
1 115 0.00183028
1 116 0.00986183
1 117 0.0160932
1 118 0.0198764
1 119 0

2 0 0
2 1 0.0202955
2 2 0.0160596
2 3 0.00887739
2 4 0.000942707
2 5 -0.00695754
2 6 -0.0128298
2 7 -0.0160019
2 8 -0.0157071
2 9 -0.012374
2 10 -0.00734865
2 11 -0.000988948
2 12 0.0050322
2 13 0.0100309
2 14 0.0127958
2 15 0.0137513
2 16 0.012877
2 17 0.0100285
2 18 0.0058735
2 19 0.000906168
2 20 -0.00407699
2 21 -0.00940219
2 22 -0.0140299
2 23 -0.0179486
2 24 -0.0206662
2 25 -0.0219548
2 26 -0.0212542
2 27 -0.0189786
2 28 -0.0155174
2 29 -0.0109609
2 30 -0.00588776
2 31 -0.000686888
2 32 0.00375015
2 33 0.00809655
2 34 0.0111511
2 35 0.014003
2 36 0.0167072
2 37 0.01924
2 38 0.0216244
2 39 0.0238717
2 40 0.0251332
2 41 0.0255207
2 42 0.0246014
2 43 0.0223364
2 44 0.0193013
2 45 0.0154959
2 46 0.0120043
2 47 0.00885336
2 48 0.00669459
2 49 0.00547568
2 50 0.00520687
2 51 0.005002
2 52 0.00504759
2 53 0.00424238
2 54 0.00310289
2 55 0.000976438
2 56 -0.00138947
2 57 -0.00372504
2 58 -0.00533593
2 59 -0.00638023
2 60 -0.00569176
2 61 -0.00443974
2 62 -0.00246753
2 63 -0.000471252
2 64 0.00128403
2 65 0.00205079
2 66 0.00249686
2 67 0.00210245
2 68 0.00199443
2 69 0.00196698
2 70 0.0029406
2 71 0.00486112
2 72 0.00784118
2 73 0.0111817
2 74 0.0149886
2 75 0.0181551
2 76 0.0208905
2 77 0.0225562
2 78 0.0233495
2 79 0.0234568
2 80 0.022785
2 81 0.0218308
2 82 0.0206687
2 83 0.0191218
2 84 0.01749
2 85 0.0156664
2 86 0.0126133
2 87 0.00923648
2 88 0.00456904
2 89 -0.000681583
2 90 -0.00628891
2 91 -0.0114411
2 92 -0.0161831
2 93 -0.0197723
2 94 -0.0219035
2 95 -0.0224408
2 96 -0.0213991
2 97 -0.0186418
2 98 -0.01426
2 99 -0.00928571
2 100 -0.00340629
2 101 0.00250034
2 102 0.00811495
2 103 0.0121154
2 104 0.0145544
2 105 0.0147376
2 106 0.0123303
2 107 0.00797285
2 108 0.00196815
2 109 -0.00423004
2 110 -0.0103296
2 111 -0.0142615
2 112 -0.0155383
2 113 -0.0139784
2 114 -0.00966871
2 115 -0.00354219
2 116 0.00400619
2 117 0.0106008
2 118 0.015623
2 119 0

3 0 0
3 1 0.0143966
3 2 0.00887739
3 3 0.00151028
3 4 -0.00504734
3 5 -0.0111193
3 6 -0.0142145
3 7 -0.014904
3 8 -0.0121504
3 9 -0.00745632
3 10 -0.0022147
3 11 0.00348599
3 12 0.00772411
3 13 0.0105892
3 14 0.0106808
3 15 0.00958738
3 16 0.00696483
3 17 0.00327798
3 18 -0.00117401
3 19 -0.00539417
3 20 -0.00936991
3 21 -0.0130516
3 22 -0.0156551
3 23 -0.0175297
3 24 -0.0175755
3 25 -0.0167102
3 26 -0.0128552
3 27 -0.00841805
3 28 -0.00266879
3 29 0.00319895
3 30 0.00865247
3 31 0.0130966
3 32 0.0158002
3 33 0.0174304
3 34 0.0172616
3 35 0.0167624
3 36 0.0160573
3 37 0.0161556
3 38 0.0159744
3 39 0.0170874
3 40 0.016965
3 41 0.0166769
3 42 0.0147194
3 43 0.0118437
3 44 0.00746077
3 45 0.00319658
3 46 -0.00123673
3 47 -0.00447482
3 48 -0.00656358
3 49 -0.00697487
3 50 -0.00655615
3 51 -0.00533471
3 52 -0.00422162
3 53 -0.00406298
3 54 -0.00476855
3 55 -0.00665957
3 56 -0.00934078
3 57 -0.0118448
3 58 -0.0136655
3 59 -0.0146665
3 60 -0.0138252
3 61 -0.0121811
3 62 -0.00984637
3 63 -0.00738263
3 64 -0.00568885
3 65 -0.0052536
3 66 -0.00564196
3 67 -0.00707862
3 68 -0.00856421
3 69 -0.00937065
3 70 -0.00928566
3 71 -0.00768665
3 72 -0.00487163
3 73 -0.00101346
3 74 0.00283529
3 75 0.00680187
3 76 0.00961931
3 77 0.0117145
3 78 0.0125626
3 79 0.0133934
3 80 0.0131434
3 81 0.0141299
3 82 0.0148045
3 83 0.0164307
3 84 0.0180715
3 85 0.0199403
3 86 0.0201634
3 87 0.0195717
3 88 0.0166497
3 89 0.0124325
3 90 0.0068333
3 91 0.000998201
3 92 -0.00452775
3 93 -0.00999122
3 94 -0.0133507
3 95 -0.0160386
3 96 -0.0168375
3 97 -0.0166153
3 98 -0.0147409
3 99 -0.0124862
3 100 -0.00910029
3 101 -0.00502854
3 102 -0.000283415
3 103 0.00389564
3 104 0.00747617
3 105 0.0101661
3 106 0.0104537
3 107 0.00933068
3 108 0.00560759
3 109 0.00132937
3 110 -0.00435897
3 111 -0.00906422
3 112 -0.012021
3 113 -0.0131636
3 114 -0.0113845
3 115 -0.00815331
3 116 -0.00224784
3 117 0.00323264
3 118 0.00849694
3 119 0

4 0 0
4 1 0.00666668
4 2 0.000942707
4 3 -0.00504734
4 4 -0.00950192
4 5 -0.0123951
4 6 -0.0127281
4 7 -0.0106043
4 8 -0.0061891
4 9 -0.00103005
4 10 0.00347393
4 11 0.00706193
4 12 0.00893582
4 13 0.00861468
4 14 0.00618579
4 15 0.00295724
4 16 -0.000746877
4 17 -0.00457342
4 18 -0.00824874
4 19 -0.0108395
4 20 -0.0127175
4 21 -0.013945
4 22 -0.0139458
4 23 -0.0130569
4 24 -0.0109005
4 25 -0.00739834
4 26 -0.00183674
4 27 0.00443993
4 28 0.0110048
4 29 0.01709
4 30 0.0218934
4 31 0.0245293
4 32 0.0247656
4 33 0.0231505
4 34 0.0193415
4 35 0.0150424
4 36 0.0112254
4 37 0.00810949
4 38 0.00623526
4 39 0.00571896
4 40 0.00499645
4 41 0.00421073
4 42 0.00228073
4 43 -0.00103826
4 44 -0.00522147
4 45 -0.00987931
4 46 -0.0141586
4 47 -0.0171404
4 48 -0.0185478
4 49 -0.0180224
4 50 -0.0160615
4 51 -0.0136232
4 52 -0.0112838
4 53 -0.0100056
4 54 -0.00998504
4 55 -0.0114814
4 56 -0.0139548
4 57 -0.0164566
4 58 -0.0184172
4 59 -0.0193486
4 60 -0.0183385
4 61 -0.0163091
4 62 -0.0137529
4 63 -0.0112536
4 64 -0.00975653
4 65 -0.00982051
4 66 -0.0111755
4 67 -0.0136548
4 68 -0.0162839
4 69 -0.0185378
4 70 -0.0194473
4 71 -0.0185817
4 72 -0.0162596
4 73 -0.0127922
4 74 -0.00897245
4 75 -0.0056206
4 76 -0.00294095
4 77 -0.00146118
4 78 -0.000860428
4 79 -0.000227508
4 80 0.000246544
4 81 0.00199705
4 82 0.0050578
4 83 0.00909944
4 84 0.0142181
4 85 0.0196107
4 86 0.0234333
4 87 0.0257738
4 88 0.0256003
4 89 0.0230459
4 90 0.0187362
4 91 0.0136013
4 92 0.00802662
4 93 0.00243464
4 94 -0.00205827
4 95 -0.00578988
4 96 -0.00861514
4 97 -0.0107684
4 98 -0.0119449
4 99 -0.0128963
4 100 -0.0129955
4 101 -0.0116208
4 102 -0.00897287
4 103 -0.00558118
4 104 -0.00149027
4 105 0.0029004
4 106 0.00634178
4 107 0.0083105
4 108 0.00818804
4 109 0.00642681
4 110 0.00251085
4 111 -0.00197816
4 112 -0.00611633
4 113 -0.00928908
4 114 -0.0106284
4 115 -0.0103143
4 116 -0.00740527
4 117 -0.00373741
4 118 0.00050036
4 119 0

5 0 0
5 1 -0.00186654
5 2 -0.00695754
5 3 -0.0111193
5 4 -0.0123951
5 5 -0.0120568
5 6 -0.00890699
5 7 -0.00434496
5 8 0.00155085
5 9 0.0066182
5 10 0.0095025
5 11 0.0106275
5 12 0.0090267
5 13 0.00552197
5 14 8.04688e-05
5 15 -0.00492574
5 16 -0.00935786
5 17 -0.0125971
5 18 -0.0145424
5 19 -0.0146238
5 20 -0.0136628
5 21 -0.0119168
5 22 -0.00912321
5 23 -0.00604657
5 24 -0.00184024
5 25 0.00269979
5 26 0.00947971
5 27 0.0158357
5 28 0.022368
5 29 0.0276478
5 30 0.0308133
5 31 0.0313375
5 32 0.0287833
5 33 0.0239733
5 34 0.0168807
5 35 0.00949307
5 36 0.00266442
5 37 -0.00227549
5 38 -0.00595501
5 39 -0.00683002
5 40 -0.0078344
5 41 -0.00819131
5 42 -0.00972447
5 43 -0.0122389
5 44 -0.0161524
5 45 -0.0198639
5 46 -0.0237
5 47 -0.0258162
5 48 -0.0262803
5 49 -0.024632
5 50 -0.0216598
5 51 -0.0177608
5 52 -0.0142196
5 53 -0.011935
5 54 -0.0111972
5 55 -0.0122172
5 56 -0.0144458
5 57 -0.0168145
5 58 -0.0186248
5 59 -0.0194413
5 60 -0.0183274
5 61 -0.0162372
5 62 -0.0135848
5 63 -0.0111245
5 64 -0.00986388
5 65 -0.0104481
5 66 -0.0125684
5 67 -0.0160778
5 68 -0.0199527
5 69 -0.0231078
5 70 -0.0250004
5 71 -0.0250805
5 72 -0.0236132
5 73 -0.0207414
5 74 -0.0180161
5 75 -0.0152466
5 76 -0.0137018
5 77 -0.0131227
5 78 -0.0135363
5 79 -0.013388
5 80 -0.0134469
5 81 -0.0108577
5 82 -0.00697686
5 83 -0.00075417
5 84 0.00671592
5 85 0.0150177
5 86 0.0217555
5 87 0.0270368
5 88 0.0292185
5 89 0.0290754
5 90 0.026503
5 91 0.0228398
5 92 0.0186957
5 93 0.0136354
5 94 0.00977391
5 95 0.00555924
5 96 0.00183667
5 97 -0.00241715
5 98 -0.00641281
5 99 -0.0109451
5 100 -0.0147258
5 101 -0.0169544
5 102 -0.016866
5 103 -0.0149712
5 104 -0.0109668
5 105 -0.00497334
5 106 0.000983926
5 107 0.00660746
5 108 0.00978855
5 109 0.0113307
5 110 0.00948082
5 111 0.00584777
5 112 0.00118349
5 113 -0.00392571
5 114 -0.00781323
5 115 -0.0109109
5 116 -0.0109646
5 117 -0.00997159
5 118 -0.00718041
5 119 0

6 0 0
6 1 -0.00904141
6 2 -0.0128298
6 3 -0.0142145
6 4 -0.0127281
6 5 -0.00890699
6 6 -0.00344803
6 7 0.00294658
6 8 0.00910391
6 9 0.0130351
6 10 0.0139714
6 11 0.011898
6 12 0.00748162
6 13 0.000857692
6 14 -0.00630751
6 15 -0.0123189
6 16 -0.0164213
6 17 -0.0181669
6 18 -0.0178775
6 19 -0.0150901
6 20 -0.0114588
6 21 -0.00700571
6 22 -0.00231568
6 23 0.00231475
6 24 0.0068721
6 25 0.011711
6 26 0.0175122
6 27 0.0229652
6 28 0.0279331
6 29 0.0313968
6 30 0.0326933
6 31 0.0308263
6 32 0.0262967
6 33 0.0190499
6 34 0.0100804
6 35 0.000715294
6 36 -0.00727697
6 37 -0.0134382
6 38 -0.0169716
6 39 -0.0178872
6 40 -0.0178142
6 41 -0.0171817
6 42 -0.0172688
6 43 -0.0186135
6 44 -0.0210952
6 45 -0.0238405
6 46 -0.0265658
6 47 -0.0276814
6 48 -0.0272219
6 49 -0.0245771
6 50 -0.0206344
6 51 -0.0158612
6 52 -0.0116881
6 53 -0.00855212
6 54 -0.00741802
6 55 -0.00787479
6 56 -0.00989125
6 57 -0.0119938
6 58 -0.0138703
6 59 -0.0143737
6 60 -0.0134476
6 61 -0.0111539
6 62 -0.00863913
6 63 -0.00622688
6 64 -0.00538549
6 65 -0.00616425
6 66 -0.00897148
6 67 -0.0128737
6 68 -0.0174489
6 69 -0.0213184
6 70 -0.0240545
6 71 -0.0248216
6 72 -0.0242596
6 73 -0.0223162
6 74 -0.0205453
6 75 -0.0191137
6 76 -0.0188551
6 77 -0.0198074
6 78 -0.0215711
6 79 -0.0229123
6 80 -0.0236295
6 81 -0.021945
6 82 -0.0177461
6 83 -0.0112437
6 84 -0.00262337
6 85 0.00675779
6 86 0.0153272
6 87 0.0219711
6 88 0.0263126
6 89 0.0278672
6 90 0.0275393
6 91 0.0259598
6 92 0.0238539
6 93 0.0209311
6 94 0.0183897
6 95 0.0153651
6 96 0.0116787
6 97 0.00678198
6 98 0.000804433
6 99 -0.00611308
6 100 -0.0132932
6 101 -0.0185623
6 102 -0.0215934
6 103 -0.0216267
6 104 -0.0185977
6 105 -0.0123916
6 106 -0.00456703
6 107 0.00323449
6 108 0.00974596
6 109 0.0138875
6 110 0.0147486
6 111 0.0124752
6 112 0.00809808
6 113 0.00232198
6 114 -0.00361252
6 115 -0.0088819
6 116 -0.0120818
6 117 -0.0133838
6 118 -0.0127288
6 119 0

7 0 0
7 1 -0.0141271
7 2 -0.0160019
7 3 -0.014904
7 4 -0.0106043
7 5 -0.00434496
7 6 0.00294658
7 7 0.0101019
7 8 0.0157437
7 9 0.0181252
7 10 0.0166101
7 11 0.0118466
7 12 0.00459336
7 13 -0.00405875
7 14 -0.0123729
7 15 -0.0184078
7 16 -0.0214527
7 17 -0.0213111
7 18 -0.0183282
7 19 -0.0130439
7 20 -0.00697824
7 21 -0.00082078
7 22 0.00487854
7 23 0.00952591
7 24 0.0133582
7 25 0.0168019
7 26 0.0206606
7 27 0.0239946
7 28 0.0268338
7 29 0.0284029
7 30 0.0278013
7 31 0.0246329
7 32 0.0188908
7 33 0.0108908
7 34 0.00143923
7 35 -0.00796437
7 36 -0.0158551
7 37 -0.0213067
7 38 -0.0239229
7 39 -0.0235191
7 40 -0.0219284
7 41 -0.0197148
7 42 -0.0181394
7 43 -0.0179618
7 44 -0.0189802
7 45 -0.0204419
7 46 -0.0220825
7 47 -0.022419
7 48 -0.0212075
7 49 -0.0182938
7 50 -0.01397
7 51 -0.00902742
7 52 -0.00462105
7 53 -0.00141229
7 54 -6.29485e-05
7 55 -0.000496898
7 56 -0.00217441
7 57 -0.00425909
7 58 -0.00595569
7 59 -0.00649304
7 60 -0.00554287
7 61 -0.00343414
7 62 -0.000929219
7 63 0.00116659
7 64 0.00203413
7 65 0.0011113
7 66 -0.00165917
7 67 -0.00566073
7 68 -0.010226
7 69 -0.0142797
7 70 -0.0170408
7 71 -0.018311
7 72 -0.0182294
7 73 -0.0170803
7 74 -0.0162521
7 75 -0.0159808
7 76 -0.0169238
7 77 -0.0193351
7 78 -0.0225424
7 79 -0.0254812
7 80 -0.0277217
7 81 -0.0273903
7 82 -0.0244206
7 83 -0.0187036
7 84 -0.0107689
7 85 -0.00176076
7 86 0.00666235
7 87 0.0135644
7 88 0.0183127
7 89 0.0210399
7 90 0.022109
7 91 0.0225235
7 92 0.0227062
7 93 0.0223687
7 94 0.0221785
7 95 0.0212558
7 96 0.0190016
7 97 0.0145993
7 98 0.00812598
7 99 -0.000303982
7 100 -0.00954594
7 101 -0.0176102
7 102 -0.0231773
7 103 -0.0254685
7 104 -0.0238376
7 105 -0.018129
7 106 -0.00971597
7 107 -0.000357998
7 108 0.00818435
7 109 0.0147379
7 110 0.0178243
7 111 0.0173562
7 112 0.0138596
7 113 0.00820144
7 114 0.00150091
7 115 -0.00526724
7 116 -0.0105251
7 117 -0.0140595
7 118 -0.0153288
7 119 0

8 0 0
8 1 -0.0158508
8 2 -0.0157071
8 3 -0.0121504
8 4 -0.0061891
8 5 0.00155085
8 6 0.00910391
8 7 0.0157437
8 8 0.0198506
8 9 0.0199159
8 10 0.0162223
8 11 0.00899475
8 12 0.000188557
8 13 -0.0094733
8 14 -0.0174237
8 15 -0.0223695
8 16 -0.0235648
8 17 -0.0209164
8 18 -0.0154924
8 19 -0.00787489
8 20 -0.000509363
8 21 0.00651527
8 22 0.0116799
8 23 0.0151059
8 24 0.0167577
8 25 0.0176371
8 26 0.0184868
8 27 0.0190014
8 28 0.0194996
8 29 0.0191426
8 30 0.0174993
8 31 0.0136766
8 32 0.00845135
8 33 0.000912372
8 34 -0.00699612
8 35 -0.0149479
8 36 -0.0210463
8 37 -0.0246853
8 38 -0.0252611
8 39 -0.0231552
8 40 -0.0195444
8 41 -0.0156374
8 42 -0.0124626
8 43 -0.0106713
8 44 -0.0105389
8 45 -0.0108484
8 46 -0.0117898
8 47 -0.0115753
8 48 -0.0103348
8 49 -0.0074316
8 50 -0.00375611
8 51 0.000864976
8 52 0.00458009
8 53 0.00756434
8 54 0.00841366
8 55 0.00810517
8 56 0.00623992
8 57 0.00433749
8 58 0.00254613
8 59 0.00233057
8 60 0.00281607
8 61 0.00488417
8 62 0.00708071
8 63 0.00926186
8 64 0.00992
8 65 0.00945605
8 66 0.00689436
8 67 0.00363212
8 68 -0.000537037
8 69 -0.00378192
8 70 -0.00635056
8 71 -0.00735562
8 72 -0.00751653
8 73 -0.00661496
8 74 -0.00649117
8 75 -0.00677083
8 76 -0.00879728
8 77 -0.0121793
8 78 -0.0166421
8 79 -0.0211527
8 80 -0.0249313
8 81 -0.0265054
8 82 -0.0255084
8 83 -0.021801
8 84 -0.0158444
8 85 -0.00906453
8 86 -0.00208895
8 87 0.00311554
8 88 0.00724005
8 89 0.00965621
8 90 0.011512
8 91 0.0131851
8 92 0.0156141
8 93 0.0179422
8 94 0.02072
8 95 0.0226755
8 96 0.0229452
8 97 0.0204772
8 98 0.0147436
8 99 0.0065585
8 100 -0.00373711
8 101 -0.0132558
8 102 -0.0211144
8 103 -0.0254037
8 104 -0.0258196
8 105 -0.0216355
8 106 -0.0139186
8 107 -0.00468704
8 108 0.00478926
8 109 0.012429
8 110 0.0175483
8 111 0.0188054
8 112 0.017022
8 113 0.0126359
8 114 0.00649202
8 115 -0.000129388
8 116 -0.00648126
8 117 -0.0112154
8 118 -0.014348
8 119 0

9 0 0
9 1 -0.0142659
9 2 -0.012374
9 3 -0.00745632
9 4 -0.00103005
9 5 0.0066182
9 6 0.0130351
9 7 0.0181252
9 8 0.0199159
9 9 0.0178394
9 10 0.0123655
9 11 0.00396414
9 12 -0.00511477
9 13 -0.0141258
9 14 -0.02032
9 15 -0.0231006
9 16 -0.0217406
9 17 -0.0167155
9 18 -0.00903553
9 19 -0.000373443
9 20 0.00747934
9 21 0.0136835
9 22 0.0172138
9 23 0.0181786
9 24 0.0165787
9 25 0.0144214
9 26 0.0115128
9 27 0.00933447
9 28 0.00744132
9 29 0.00585661
9 30 0.00377844
9 31 0.000770678
9 32 -0.00302189
9 33 -0.00817621
9 34 -0.0134421
9 35 -0.0184309
9 36 -0.0216231
9 37 -0.0228116
9 38 -0.0208021
9 39 -0.0169968
9 40 -0.0115873
9 41 -0.00644249
9 42 -0.00188941
9 43 0.00064796
9 44 0.00200825
9 45 0.00199627
9 46 0.00157025
9 47 0.00153326
9 48 0.00250445
9 49 0.00433555
9 50 0.00735694
9 51 0.0105748
9 52 0.0132779
9 53 0.0152449
9 54 0.0156122
9 55 0.0147413
9 56 0.0130999
9 57 0.0110783
9 58 0.0093958
9 59 0.00897445
9 60 0.00943006
9 61 0.0111649
9 62 0.0132522
9 63 0.0150156
9 64 0.0160376
9 65 0.0159162
9 66 0.0142316
9 67 0.0119245
9 68 0.00911017
9 69 0.00657666
9 70 0.00516452
9 71 0.00464141
9 72 0.0050055
9 73 0.00581175
9 74 0.00615387
9 75 0.00528866
9 76 0.00324832
9 77 -0.000751036
9 78 -0.00565608
9 79 -0.011279
9 80 -0.0160712
9 81 -0.0197598
9 82 -0.0207489
9 83 -0.0198253
9 84 -0.0167985
9 85 -0.0131521
9 86 -0.00923129
9 87 -0.00668232
9 88 -0.00469227
9 89 -0.00351869
9 90 -0.00205818
9 91 0.000319751
9 92 0.00400542
9 93 0.00904528
9 94 0.014293
9 95 0.0196557
9 96 0.0229402
9 97 0.023373
9 98 0.0199091
9 99 0.0132432
9 100 0.00377155
9 101 -0.00612756
9 102 -0.0150724
9 103 -0.0211531
9 104 -0.023622
9 105 -0.0218962
9 106 -0.0160774
9 107 -0.00854568
9 108 0.000179783
9 109 0.00759631
9 110 0.013498
9 111 0.0162139
9 112 0.0160679
9 113 0.0138206
9 114 0.00936195
9 115 0.00436662
9 116 -0.00148201
9 117 -0.0062052
9 118 -0.0101511
9 119 0

10 0 0
10 1 -0.0102173
10 2 -0.00734865
10 3 -0.0022147
10 4 0.00347393
10 5 0.0095025
10 6 0.0139714
10 7 0.0166101
10 8 0.0162223
10 9 0.0123655
10 10 0.00618286
10 11 -0.00203842
10 12 -0.0100552
10 13 -0.0170078
10 14 -0.0206258
10 15 -0.0206201
10 16 -0.0168854
10 17 -0.00973534
10 18 -0.000904834
10 19 0.00814647
10 20 0.0150672
10 21 0.0197281
10 22 0.0206836
10 23 0.0184563
10 24 0.0137
10 25 0.00795538
10 26 0.00217489
10 27 -0.00263212
10 28 -0.00587272
10 29 -0.00803574
10 30 -0.00950237
10 31 -0.0110023
10 32 -0.0121229
10 33 -0.0143668
10 34 -0.0159183
10 35 -0.0173353
10 36 -0.017519
10 37 -0.0157842
10 38 -0.0119622
10 39 -0.00670711
10 40 -0.000446929
10 41 0.0053132
10 42 0.00998605
10 43 0.0130861
10 44 0.0142346
10 45 0.0145364
10 46 0.0137657
10 47 0.0133811
10 48 0.0133626
10 49 0.0141504
10 50 0.0153042
10 51 0.0171956
10 52 0.0183329
10 53 0.0192467
10 54 0.0186517
10 55 0.0175975
10 56 0.0156868
10 57 0.0138212
10 58 0.0121994
10 59 0.0120099
10 60 0.0119778
10 61 0.0133917
10 62 0.0150776
10 63 0.016854
10 64 0.0178344
10 65 0.0184379
10 66 0.0176195
10 67 0.0166839
10 68 0.0150733
10 69 0.0142938
10 70 0.0139092
10 71 0.0144054
10 72 0.0152791
10 73 0.0166907
10 74 0.0171342
10 75 0.017031
10 76 0.0150965
10 77 0.0117649
10 78 0.00705241
10 79 0.0014756
10 80 -0.0039422
10 81 -0.00853524
10 82 -0.0117177
10 83 -0.0130711
10 84 -0.0132794
10 85 -0.0131984
10 86 -0.0126223
10 87 -0.0134424
10 88 -0.014196
10 89 -0.0150682
10 90 -0.0148265
10 91 -0.0129837
10 92 -0.00855263
10 93 -0.00230142
10 94 0.00538943
10 95 0.0132115
10 96 0.0197458
10 97 0.0232518
10 98 0.0226595
10 99 0.0186456
10 100 0.0110605
10 101 0.00222464
10 102 -0.00677352
10 103 -0.0136462
10 104 -0.018
10 105 -0.0186934
10 106 -0.0158674
10 107 -0.0109832
10 108 -0.00470582
10 109 0.00115527
10 110 0.00662276
10 111 0.00989388
10 112 0.0114194
10 113 0.0113522
10 114 0.00974099
10 115 0.00724836
10 116 0.00342135
10 117 -0.000208951
10 118 -0.00403079
10 119 0

11 0 0
11 1 -0.00425832
11 2 -0.000988948
11 3 0.00348599
11 4 0.00706193
11 5 0.0106275
11 6 0.011898
11 7 0.0118466
11 8 0.00899475
11 9 0.00396414
11 10 -0.00203842
11 11 -0.00896717
11 12 -0.0144501
11 13 -0.018349
11 14 -0.018346
11 15 -0.0153577
11 16 -0.0092053
11 17 -0.000803564
11 18 0.00841778
11 19 0.0163356
11 20 0.021528
11 21 0.0235192
11 22 0.0215018
11 23 0.0163552
11 24 0.00846475
11 25 0.000608484
11 26 -0.0076984
11 27 -0.0135583
11 28 -0.0175551
11 29 -0.0193245
11 30 -0.0195905
11 31 -0.0188512
11 32 -0.017179
11 33 -0.0158637
11 34 -0.0138816
11 35 -0.011938
11 36 -0.00915552
11 37 -0.00576118
11 38 -0.000450539
11 39 0.00477337
11 40 0.0109844
11 41 0.0159991
11 42 0.0202319
11 43 0.0223572
11 44 0.0234395
11 45 0.0228356
11 46 0.0217716
11 47 0.020422
11 48 0.0194939
11 49 0.0186603
11 50 0.018605
11 51 0.0184792
11 52 0.0181233
11 53 0.0177384
11 54 0.0165623
11 55 0.0150314
11 56 0.0134645
11 57 0.0117474
11 58 0.0103659
11 59 0.0100282
11 60 0.00993452
11 61 0.0109055
11 62 0.0122177
11 63 0.0134475
11 64 0.0146595
11 65 0.015639
11 66 0.0158586
11 67 0.0162151
11 68 0.0163619
11 69 0.0166167
11 70 0.0176377
11 71 0.0189511
11 72 0.0207036
11 73 0.0224913
11 74 0.0239906
11 75 0.0242865
11 76 0.0237611
11 77 0.0214381
11 78 0.0181559
11 79 0.0133791
11 80 0.00890889
11 81 0.00374266
11 82 -2.24652e-06
11 83 -0.0034148
11 84 -0.0060438
11 85 -0.00905153
11 86 -0.0117274
11 87 -0.0156845
11 88 -0.019189
11 89 -0.0224134
11 90 -0.023903
11 91 -0.0231395
11 92 -0.0195487
11 93 -0.0126797
11 94 -0.00454271
11 95 0.00523517
11 96 0.0138638
11 97 0.0203497
11 98 0.0229093
11 99 0.022164
11 100 0.0175962
11 101 0.010871
11 102 0.00295318
11 103 -0.00407517
11 104 -0.00971725
11 105 -0.0131658
11 106 -0.0134625
11 107 -0.0124344
11 108 -0.00932512
11 109 -0.00631131
11 110 -0.00221178
11 111 0.000994805
11 112 0.00359923
11 113 0.00611603
11 114 0.00743037
11 115 0.00859653
11 116 0.0074907
11 117 0.00617163
11 118 0.00327996
11 119 0

12 0 0
12 1 0.00204412
12 2 0.0050322
12 3 0.00772411
12 4 0.00893582
12 5 0.0090267
12 6 0.00748162
12 7 0.00459336
12 8 0.000188557
12 9 -0.00511477
12 10 -0.0100552
12 11 -0.0144501
12 12 -0.0170528
12 13 -0.0172262
12 14 -0.0141203
12 15 -0.00847648
12 16 -0.00101712
12 17 0.0077765
12 18 0.0161276
12 19 0.022326
12 20 0.0251479
12 21 0.024478
12 22 0.020035
12 23 0.012407
12 24 0.00316419
12 25 -0.00623941
12 26 -0.0148899
12 27 -0.0210641
12 28 -0.0243873
12 29 -0.0250748
12 30 -0.0236864
12 31 -0.0206548
12 32 -0.0164133
12 33 -0.0122684
12 34 -0.00764516
12 35 -0.00323627
12 36 0.000794526
12 37 0.00524037
12 38 0.00997661
12 39 0.014451
12 40 0.018934
12 41 0.0223876
12 42 0.0246632
12 43 0.0256578
12 44 0.0253492
12 45 0.0241905
12 46 0.022351
12 47 0.0203904
12 48 0.0184442
12 49 0.0164809
12 50 0.014794
12 51 0.0133134
12 52 0.0116818
12 53 0.0103266
12 54 0.00868224
12 55 0.00718902
12 56 0.00593063
12 57 0.00466179
12 58 0.00377253
12 59 0.00357394
12 60 0.0032529
12 61 0.0036293
12 62 0.00439695
12 63 0.00518017
12 64 0.00623027
12 65 0.00748577
12 66 0.00850665
12 67 0.00987989
12 68 0.0111608
12 69 0.0127264
12 70 0.0146246
12 71 0.0166191
12 72 0.0187668
12 73 0.0210731
12 74 0.0230461
12 75 0.0246526
12 76 0.0253712
12 77 0.0251462
12 78 0.0237555
12 79 0.0211297
12 80 0.0180423
12 81 0.0142756
12 82 0.0104614
12 83 0.00694205
12 84 0.00288741
12 85 -0.00173453
12 86 -0.00660284
12 87 -0.0125882
12 88 -0.0183895
12 89 -0.0234211
12 90 -0.0268266
12 91 -0.0277722
12 92 -0.0254723
12 93 -0.0198591
12 94 -0.0119164
12 95 -0.00231519
12 96 0.00753048
12 97 0.0155493
12 98 0.0206891
12 99 0.0227971
12 100 0.0214676
12 101 0.0173727
12 102 0.0114605
12 103 0.00530716
12 104 -0.000819759
12 105 -0.00594005
12 106 -0.00941301
12 107 -0.0116684
12 108 -0.0126255
12 109 -0.012626
12 110 -0.0109879
12 111 -0.0086211
12 112 -0.00542817
12 113 -0.00122876
12 114 0.00336817
12 115 0.00765671
12 116 0.0102026
12 117 0.0112912
12 118 0.0101278
12 119 0

13 0 0
13 1 0.00802807
13 2 0.0100309
13 3 0.0105892
13 4 0.00861468
13 5 0.00552197
13 6 0.000857692
13 7 -0.00405875
13 8 -0.0094733
13 9 -0.0141258
13 10 -0.0170078
13 11 -0.018349
13 12 -0.0172262
13 13 -0.0138704
13 14 -0.00761807
13 15 -0.00024853
13 16 0.0078462
13 17 0.0157127
13 18 0.0222587
13 19 0.0257802
13 20 0.0258414
13 21 0.0226645
13 22 0.0161982
13 23 0.00764976
13 24 -0.00205651
13 25 -0.0108386
13 26 -0.0189546
13 27 -0.0238454
13 28 -0.0260377
13 29 -0.0252913
13 30 -0.022346
13 31 -0.0176226
13 32 -0.0116256
13 33 -0.00573193
13 34 0.000402596
13 35 0.00569004
13 36 0.0101311
13 37 0.0136807
13 38 0.0171667
13 39 0.0191913
13 40 0.0213285
13 41 0.0221448
13 42 0.0223793
13 43 0.0215316
13 44 0.0203425
13 45 0.018242
13 46 0.016189
13 47 0.0137593
13 48 0.0113943
13 49 0.00872895
13 50 0.00631201
13 51 0.00373516
13 52 0.00134214
13 53 -0.000524625
13 54 -0.00215072
13 55 -0.00326489
13 56 -0.00382722
13 57 -0.00434227
13 58 -0.00464577
13 59 -0.00463896
13 60 -0.00510683
13 61 -0.00525816
13 62 -0.00521396
13 63 -0.00509844
13 64 -0.00445499
13 65 -0.00325002
13 66 -0.00183453
13 67 0.000175182
13 68 0.00231798
13 69 0.00437461
13 70 0.00661949
13 71 0.00869627
13 72 0.0108838
13 73 0.0130353
13 74 0.0155314
13 75 0.017692
13 76 0.0199147
13 77 0.0215005
13 78 0.0225759
13 79 0.0222927
13 80 0.0218618
13 81 0.0197987
13 82 0.0176489
13 83 0.0146455
13 84 0.0108595
13 85 0.00578478
13 86 0.000311139
13 87 -0.00655457
13 88 -0.013181
13 89 -0.0193597
13 90 -0.0240147
13 91 -0.026541
13 92 -0.0262974
13 93 -0.0224619
13 94 -0.0165825
13 95 -0.00812145
13 96 0.000974973
13 97 0.00964742
13 98 0.0162584
13 99 0.0209836
13 100 0.0227565
13 101 0.0218272
13 102 0.0185696
13 103 0.0140805
13 104 0.00850205
13 105 0.0022263
13 106 -0.00343925
13 107 -0.00912348
13 108 -0.0136252
13 109 -0.0173163
13 110 -0.0184356
13 111 -0.0177351
13 112 -0.0148934
13 113 -0.00946538
13 114 -0.00270306
13 115 0.00489171
13 116 0.0105653
13 117 0.0147432
13 118 0.0156249
13 119 0

14 0 0
14 1 0.0122201
14 2 0.0127958
14 3 0.0106808
14 4 0.00618579
14 5 8.04688e-05
14 6 -0.00630751
14 7 -0.0123729
14 8 -0.0174237
14 9 -0.02032
14 10 -0.0206258
14 11 -0.018346
14 12 -0.0141203
14 13 -0.00761807
14 14 0.000203156
14 15 0.00814352
14 16 0.0151519
14 17 0.0208243
14 18 0.0244831
14 19 0.0247372
14 20 0.0222919
14 21 0.0170293
14 22 0.0100983
14 23 0.00182989
14 24 -0.00611478
14 25 -0.0130561
14 26 -0.0187036
14 27 -0.0215628
14 28 -0.0218476
14 29 -0.0196081
14 30 -0.0156274
14 31 -0.00984862
14 32 -0.00359792
14 33 0.00291396
14 34 0.00870945
14 35 0.0137033
14 36 0.0167964
14 37 0.0187636
14 38 0.019459
14 39 0.0187942
14 40 0.0175456
14 41 0.0156425
14 42 0.0133727
14 43 0.0109477
14 44 0.00883321
14 45 0.00649538
14 46 0.0045703
14 47 0.00236525
14 48 0.000190128
14 49 -0.00261745
14 50 -0.00514535
14 51 -0.0081507
14 52 -0.0106298
14 53 -0.0126599
14 54 -0.0136882
14 55 -0.0142709
14 56 -0.0136976
14 57 -0.0133449
14 58 -0.0127329
14 59 -0.0127032
14 60 -0.0129982
14 61 -0.0138822
14 62 -0.0145245
14 63 -0.0154041
14 64 -0.0151565
14 65 -0.0144876
14 66 -0.0128581
14 67 -0.0108256
14 68 -0.00833334
14 69 -0.00639813
14 70 -0.00424992
14 71 -0.00277781
14 72 -0.00120253
14 73 0.000255164
14 74 0.00249377
14 75 0.00490661
14 76 0.00814096
14 77 0.0115089
14 78 0.0147655
14 79 0.0172973
14 80 0.0193262
14 81 0.0199885
14 82 0.0197855
14 83 0.0187322
14 84 0.0161389
14 85 0.0124938
14 86 0.00759227
14 87 0.0018598
14 88 -0.00454971
14 89 -0.0104016
14 90 -0.0156935
14 91 -0.0194188
14 92 -0.0212763
14 93 -0.0201887
14 94 -0.0171897
14 95 -0.0117575
14 96 -0.00473846
14 97 0.00254846
14 98 0.00957954
14 99 0.0155075
14 100 0.0200989
14 101 0.0220597
14 102 0.0220844
14 103 0.0200924
14 104 0.0161906
14 105 0.0103985
14 106 0.00353752
14 107 -0.00395154
14 108 -0.0116354
14 109 -0.0181459
14 110 -0.0224894
14 111 -0.023868
14 112 -0.0222627
14 113 -0.0170404
14 114 -0.00893543
14 115 0.000321142
14 116 0.00888664
14 117 0.0153506
14 118 0.0185915
14 119 0

15 0 0
15 1 0.0146712
15 2 0.0137513
15 3 0.00958738
15 4 0.00295724
15 5 -0.00492574
15 6 -0.0123189
15 7 -0.0184078
15 8 -0.0223695
15 9 -0.0231006
15 10 -0.0206201
15 11 -0.0153577
15 12 -0.00847648
15 13 -0.00024853
15 14 0.00814352
15 15 0.0150341
15 16 0.019928
15 17 0.0224176
15 18 0.0225436
15 19 0.0197503
15 20 0.0149577
15 21 0.00895583
15 22 0.00244967
15 23 -0.00372129
15 24 -0.00874392
15 25 -0.0123578
15 26 -0.0147029
15 27 -0.0147921
15 28 -0.0131283
15 29 -0.00980882
15 30 -0.00543189
15 31 -0.000160632
15 32 0.00538391
15 33 0.0105939
15 34 0.0151546
15 35 0.0183772
15 36 0.0195403
15 37 0.0189677
15 38 0.0168097
15 39 0.0128865
15 40 0.00871941
15 41 0.00416828
15 42 -7.76918e-05
15 43 -0.00348005
15 44 -0.00602353
15 45 -0.00802817
15 46 -0.00910839
15 47 -0.010321
15 48 -0.0117112
15 49 -0.0136024
15 50 -0.0159773
15 51 -0.0186555
15 52 -0.0208902
15 53 -0.0224417
15 54 -0.0228617
15 55 -0.0221781
15 56 -0.0207379
15 57 -0.0192151
15 58 -0.0178278
15 59 -0.0172196
15 60 -0.0178147
15 61 -0.0191984
15 62 -0.0207466
15 63 -0.0222392
15 64 -0.0230318
15 65 -0.0227688
15 66 -0.0214698
15 67 -0.0195768
15 68 -0.0173965
15 69 -0.015661
15 70 -0.0145987
15 71 -0.0141474
15 72 -0.0139442
15 73 -0.0137677
15 74 -0.012462
15 75 -0.0102701
15 76 -0.00689054
15 77 -0.00239685
15 78 0.00253046
15 79 0.00712732
15 80 0.0116205
15 81 0.0146736
15 82 0.0167797
15 83 0.017828
15 84 0.0174348
15 85 0.0157987
15 86 0.013252
15 87 0.00957626
15 88 0.00529239
15 89 0.000724279
15 90 -0.00396786
15 91 -0.00832192
15 92 -0.0119238
15 93 -0.0137547
15 94 -0.0141821
15 95 -0.0125685
15 96 -0.00908534
15 97 -0.00420257
15 98 0.00146418
15 99 0.00780724
15 100 0.0138857
15 101 0.018543
15 102 0.0215866
15 103 0.022516
15 104 0.0211097
15 105 0.0167856
15 106 0.0102971
15 107 0.00206534
15 108 -0.00716712
15 109 -0.0158423
15 110 -0.022548
15 111 -0.0261448
15 112 -0.0261464
15 113 -0.0218947
15 114 -0.013892
15 115 -0.00389543
15 116 0.0060369
15 117 0.0142491
15 118 0.0191492
15 119 0

16 0 0
16 1 0.0151686
16 2 0.012877
16 3 0.00696483
16 4 -0.000746877
16 5 -0.00935786
16 6 -0.0164213
16 7 -0.0214527
16 8 -0.0235648
16 9 -0.0217406
16 10 -0.0168854
16 11 -0.0092053
16 12 -0.00101712
16 13 0.0078462
16 14 0.0151519
16 15 0.019928
16 16 0.021719
16 17 0.0203757
16 18 0.0170818
16 19 0.0111352
16 20 0.00514814
16 21 -0.0010894
16 22 -0.00575913
16 23 -0.00888151
16 24 -0.00999692
16 25 -0.00949349
16 26 -0.00815657
16 27 -0.00542014
16 28 -0.00218413
16 29 0.00156753
16 30 0.00513087
16 31 0.00923675
16 32 0.0123814
16 33 0.0158829
16 34 0.0178978
16 35 0.0189687
16 36 0.0177766
16 37 0.0147543
16 38 0.00987961
16 39 0.00360537
16 40 -0.00301965
16 41 -0.00929601
16 42 -0.0145482
16 43 -0.0184389
16 44 -0.0202893
16 45 -0.0213486
16 46 -0.0208341
16 47 -0.0206381
16 48 -0.0204142
16 49 -0.0213824
16 50 -0.022544
16 51 -0.0248319
16 52 -0.0262841
16 53 -0.0274483
16 54 -0.0266986
16 55 -0.0253503
16 56 -0.0224803
16 57 -0.019991
16 58 -0.0176437
16 59 -0.0171647
16 60 -0.0173417
16 61 -0.0193973
16 62 -0.0216218
16 63 -0.0242602
16 64 -0.0254333
16 65 -0.0260778
16 66 -0.0249127
16 67 -0.023602
16 68 -0.0216359
16 69 -0.0210336
16 70 -0.0208489
16 71 -0.0221082
16 72 -0.0234458
16 73 -0.0251906
16 74 -0.0251983
16 75 -0.0243331
16 76 -0.0211485
16 77 -0.0166396
16 78 -0.0109563
16 79 -0.00508579
16 80 0.000797171
16 81 0.00558811
16 82 0.00956939
16 83 0.0125108
16 84 0.0142523
16 85 0.0153586
16 86 0.0151942
16 87 0.0149758
16 88 0.0133357
16 89 0.0114248
16 90 0.00818676
16 91 0.00424535
16 92 -0.00063659
16 93 -0.00479985
16 94 -0.00886491
16 95 -0.0112013
16 96 -0.011884
16 97 -0.0104714
16 98 -0.00685034
16 99 -0.00168044
16 100 0.00529912
16 101 0.0114861
16 102 0.0173686
16 103 0.0210989
16 104 0.0227127
16 105 0.0209141
16 106 0.0160529
16 107 0.0087947
16 108 -0.000614753
16 109 -0.0099902
16 110 -0.0184687
16 111 -0.0239174
16 112 -0.0260758
16 113 -0.0237129
16 114 -0.0171573
16 115 -0.00797357
16 116 0.00219662
16 117 0.0110829
16 118 0.0173837
16 119 0

17 0 0
17 1 0.0136323
17 2 0.0100285
17 3 0.00327798
17 4 -0.00457342
17 5 -0.0125971
17 6 -0.0181669
17 7 -0.0213111
17 8 -0.0209164
17 9 -0.0167155
17 10 -0.00973534
17 11 -0.000803564
17 12 0.0077765
17 13 0.0157127
17 14 0.0208243
17 15 0.0224176
17 16 0.0203757
17 17 0.0153142
17 18 0.00840817
17 19 0.000574082
17 20 -0.00625039
17 21 -0.0112683
17 22 -0.0135104
17 23 -0.0129718
17 24 -0.00976221
17 25 -0.00548181
17 26 -0.000576125
17 27 0.0041872
17 28 0.00832631
17 29 0.0114
17 30 0.0135905
17 31 0.0151167
17 32 0.0158851
17 33 0.0165226
17 34 0.0162746
17 35 0.0150941
17 36 0.0119688
17 37 0.00732732
17 38 0.000789554
17 39 -0.00678532
17 40 -0.0144198
17 41 -0.0211316
17 42 -0.0265642
17 43 -0.0293981
17 44 -0.0303252
17 45 -0.0294354
17 46 -0.0270598
17 47 -0.0247159
17 48 -0.0230153
17 49 -0.0221949
17 50 -0.0227873
17 51 -0.0240269
17 52 -0.0249439
17 53 -0.0253262
17 54 -0.0240645
17 55 -0.0214309
17 56 -0.0180461
17 57 -0.0145441
17 58 -0.0116603
17 59 -0.0105543
17 60 -0.0111375
17 61 -0.0135077
17 62 -0.0165055
17 63 -0.0194178
17 64 -0.0216073
17 65 -0.0224992
17 66 -0.021826
17 67 -0.0207794
17 68 -0.0195841
17 69 -0.0193107
17 70 -0.0206998
17 71 -0.0232742
17 72 -0.0266702
17 73 -0.0302639
17 74 -0.0323624
17 75 -0.0326858
17 76 -0.0310848
17 77 -0.0270627
17 78 -0.0219083
17 79 -0.0160172
17 80 -0.0100169
17 81 -0.00456202
17 82 -3.26963e-05
17 83 0.00409811
17 84 0.00735677
17 85 0.0104499
17 86 0.0130736
17 87 0.0157914
17 88 0.0176766
17 89 0.0186542
17 90 0.0179085
17 91 0.0150653
17 92 0.0102036
17 93 0.00417361
17 94 -0.00229905
17 95 -0.00852666
17 96 -0.0130778
17 97 -0.0153936
17 98 -0.0147796
17 99 -0.0112595
17 100 -0.00491465
17 101 0.00239639
17 102 0.0100828
17 103 0.0166124
17 104 0.021242
17 105 0.0226253
17 106 0.0203493
17 107 0.0152472
17 108 0.00713887
17 109 -0.00182977
17 110 -0.0108998
17 111 -0.0178842
17 112 -0.0219566
17 113 -0.0222266
17 114 -0.0180243
17 115 -0.0110295
17 116 -0.00200476
17 117 0.00648721
17 118 0.0132711
17 119 0

18 0 0
18 1 0.0104143
18 2 0.0058735
18 3 -0.00117401
18 4 -0.00824874
18 5 -0.0145424
18 6 -0.0178775
18 7 -0.0183282
18 8 -0.0154924
18 9 -0.00903553
18 10 -0.000904834
18 11 0.00841778
18 12 0.0161276
18 13 0.0222587
18 14 0.0244831
18 15 0.0225436
18 16 0.0170818
18 17 0.00840817
18 18 -0.000845319
18 19 -0.010379
18 20 -0.0168567
18 21 -0.0205701
18 22 -0.0201238
18 23 -0.015885
18 24 -0.0090733
18 25 -0.00113821
18 26 0.00617475
18 27 0.0123827
18 28 0.0162352
18 29 0.0179887
18 30 0.0177058
18 31 0.0167183
18 32 0.0143409
18 33 0.0128297
18 34 0.0104921
18 35 0.00795479
18 36 0.00420926
18 37 -0.000911703
18 38 -0.00750021
18 39 -0.0149352
18 40 -0.0221783
18 41 -0.0282892
18 42 -0.0323458
18 43 -0.0339103
18 44 -0.0326255
18 45 -0.029874
18 46 -0.0252486
18 47 -0.0212553
18 48 -0.0177294
18 49 -0.0159376
18 50 -0.0153386
18 51 -0.0162618
18 52 -0.0165705
18 53 -0.0168268
18 54 -0.0148946
18 55 -0.0120833
18 56 -0.00788023
18 57 -0.00392006
18 58 -0.000530912
18 59 0.000332305
18 60 7.26358e-05
18 61 -0.00270941
18 62 -0.00606102
18 63 -0.00965137
18 64 -0.0118593
18 65 -0.0132119
18 66 -0.0124343
18 67 -0.011713
18 68 -0.0105345
18 69 -0.0111127
18 70 -0.0131231
18 71 -0.0171601
18 72 -0.0218487
18 73 -0.0273866
18 74 -0.0310991
18 75 -0.0335585
18 76 -0.0332871
18 77 -0.0309947
18 78 -0.0269401
18 79 -0.0222465
18 80 -0.0172222
18 81 -0.0127907
18 82 -0.00876029
18 83 -0.00517626
18 84 -0.00152476
18 85 0.00264933
18 86 0.00685049
18 87 0.0124026
18 88 0.017139
18 89 0.0213639
18 90 0.0232767
18 91 0.0224304
18 92 0.0180541
18 93 0.0116363
18 94 0.00312774
18 95 -0.00546725
18 96 -0.0134744
18 97 -0.0188359
18 98 -0.0209534
18 99 -0.019677
18 100 -0.0142089
18 101 -0.00712201
18 102 0.0017824
18 103 0.00997933
18 104 0.0173709
18 105 0.0217272
18 106 0.0226319
18 107 0.0204389
18 108 0.0148532
18 109 0.00747369
18 110 -0.00125467
18 111 -0.00895812
18 112 -0.015054
18 113 -0.017999
18 114 -0.0172869
18 115 -0.0132168
18 116 -0.00658804
18 117 0.000743847
18 118 0.00761013
18 119 0

19 0 0
19 1 0.00608004
19 2 0.000906168
19 3 -0.00539417
19 4 -0.0108395
19 5 -0.0146238
19 6 -0.0150901
19 7 -0.0130439
19 8 -0.00787489
19 9 -0.000373443
19 10 0.00814647
19 11 0.0163356
19 12 0.022326
19 13 0.0257802
19 14 0.0247372
19 15 0.0197503
19 16 0.0111352
19 17 0.000574082
19 18 -0.010379
19 19 -0.0196961
19 20 -0.025303
19 21 -0.02681
19 22 -0.0235458
19 23 -0.0162678
19 24 -0.00625509
19 25 0.00365388
19 26 0.0125413
19 27 0.0184666
19 28 0.0213172
19 29 0.02062
19 30 0.0179031
19 31 0.0138069
19 32 0.00908868
19 33 0.00543308
19 34 0.00201237
19 35 -0.000891418
19 36 -0.0042902
19 37 -0.00824917
19 38 -0.0137256
19 39 -0.0194035
19 40 -0.0251734
19 41 -0.0293106
19 42 -0.0318011
19 43 -0.0310667
19 44 -0.0282181
19 45 -0.0231771
19 46 -0.0170461
19 47 -0.0112507
19 48 -0.00685775
19 49 -0.00398591
19 50 -0.003386
19 51 -0.0038463
19 52 -0.00439269
19 53 -0.00451569
19 54 -0.00283852
19 55 0.000303117
19 56 0.00428829
19 57 0.00859957
19 58 0.0119258
19 59 0.0130364
19 60 0.0124546
19 61 0.00966418
19 62 0.00592696
19 63 0.00253023
19 64 3.78614e-05
19 65 -0.000998181
19 66 -0.00019568
19 67 0.000940341
19 68 0.00194642
19 69 0.00168096
19 70 -0.000977808
19 71 -0.00542486
19 72 -0.0113657
19 73 -0.0178594
19 74 -0.0233115
19 75 -0.026862
19 76 -0.0285735
19 77 -0.0276843
19 78 -0.0257256
19 79 -0.0227598
19 80 -0.0200806
19 81 -0.0173999
19 82 -0.0155537
19 83 -0.0133266
19 84 -0.0107088
19 85 -0.0066588
19 86 -0.00167879
19 87 0.00538096
19 88 0.0125813
19 89 0.0193328
19 90 0.0241997
19 91 0.0255308
19 92 0.0230625
19 93 0.0169556
19 94 0.00850338
19 95 -0.00173342
19 96 -0.0114839
19 97 -0.019408
19 98 -0.0239224
19 99 -0.0249237
19 100 -0.0214792
19 101 -0.0152399
19 102 -0.00692552
19 103 0.0021648
19 104 0.010869
19 105 0.017868
19 106 0.0215756
19 107 0.0227603
19 108 0.0204213
19 109 0.0156477
19 110 0.0085963
19 111 0.00103717
19 112 -0.00594762
19 113 -0.0115548
19 114 -0.0140676
19 115 -0.0137892
19 116 -0.0101877
19 117 -0.00502794
19 118 0.000998653
19 119 0

20 0 0
20 1 0.00123221
20 2 -0.00407699
20 3 -0.00936991
20 4 -0.0127175
20 5 -0.0136628
20 6 -0.0114588
20 7 -0.00697824
20 8 -0.000509363
20 9 0.00747934
20 10 0.0150672
20 11 0.021528
20 12 0.0251479
20 13 0.0258414
20 14 0.0222919
20 15 0.0149577
20 16 0.00514814
20 17 -0.00625039
20 18 -0.0168567
20 19 -0.025303
20 20 -0.0291605
20 21 -0.0286127
20 22 -0.0232645
20 23 -0.0138471
20 24 -0.00259068
20 25 0.00815593
20 26 0.0164978
20 27 0.0213547
20 28 0.0218615
20 29 0.0187159
20 30 0.0131661
20 31 0.00667717
20 32 2.9553e-05
20 33 -0.00457179
20 34 -0.00792023
20 35 -0.00987096
20 36 -0.01126
20 37 -0.013058
20 38 -0.0157674
20 39 -0.0190228
20 40 -0.0220634
20 41 -0.0240074
20 42 -0.0240469
20 43 -0.0215517
20 44 -0.0167303
20 45 -0.0105098
20 46 -0.00312234
20 47 0.00323794
20 48 0.00820599
20 49 0.011056
20 50 0.0116539
20 51 0.0106255
20 52 0.00968216
20 53 0.0089065
20 54 0.0101222
20 55 0.0127461
20 56 0.0165064
20 57 0.0204775
20 58 0.0236587
20 59 0.0245589
20 60 0.0239603
20 61 0.0211046
20 62 0.017505
20 63 0.0141812
20 64 0.0120712
20 65 0.0114455
20 66 0.0128764
20 67 0.0145026
20 68 0.016211
20 69 0.0162329
20 70 0.0139403
20 71 0.00943805
20 72 0.00351486
20 73 -0.00349995
20 74 -0.00938474
20 75 -0.0141129
20 76 -0.0168837
20 77 -0.0178399
20 78 -0.0176401
20 79 -0.0171719
20 80 -0.0168739
20 81 -0.0172296
20 82 -0.0180447
20 83 -0.018777
20 84 -0.0182773
20 85 -0.0158795
20 86 -0.0114838
20 87 -0.00414711
20 88 0.00422906
20 89 0.012809
20 90 0.0198395
20 91 0.0237124
20 92 0.0232721
20 93 0.0191541
20 94 0.0116359
20 95 0.0020555
20 96 -0.00823148
20 97 -0.0168778
20 98 -0.0229354
20 99 -0.0257234
20 100 -0.0243004
20 101 -0.0200113
20 102 -0.0130821
20 103 -0.00499535
20 104 0.0040257
20 105 0.0120303
20 106 0.0180563
20 107 0.0220291
20 108 0.0231357
20 109 0.0214185
20 110 0.0166166
20 111 0.0101926
20 112 0.00268619
20 113 -0.00470934
20 114 -0.0105635
20 115 -0.0137218
20 116 -0.013538
20 117 -0.0106807
