0 0 0
0 1 0
0 2 0
0 3 0
0 4 0
0 5 0
0 6 0
0 7 0
0 8 0
0 9 0
0 10 0
0 11 0
0 12 0
0 13 0
0 14 0
0 15 0
0 16 0
0 17 0
0 18 0
0 19 0
0 20 0
0 21 0
0 22 0
0 23 0
0 24 0
0 25 0
0 26 0
0 27 0
0 28 0
0 29 0
0 30 0
0 31 0
0 32 0
0 33 0
0 34 0
0 35 0
0 36 0
0 37 0
0 38 0
0 39 0
0 40 0
0 41 0
0 42 0
0 43 0
0 44 0
0 45 0
0 46 0
0 47 0
0 48 0
0 49 0
0 50 0
0 51 0
0 52 0
0 53 0
0 54 0
0 55 0
0 56 0
0 57 0
0 58 0
0 59 0
0 60 0
0 61 0
0 62 0
0 63 0
0 64 0
0 65 0
0 66 0
0 67 0
0 68 0
0 69 0
0 70 0
0 71 0
0 72 0
0 73 0
0 74 0
0 75 0
0 76 0
0 77 0
0 78 0
0 79 0
0 80 0
0 81 0
0 82 0
0 83 0
0 84 0
0 85 0
0 86 0
0 87 0
0 88 0
0 89 0
0 90 0
0 91 0
0 92 0
0 93 0
0 94 0
0 95 0
0 96 0
0 97 0
0 98 0
0 99 0
0 100 0
0 101 0
0 102 0
0 103 0
0 104 0
0 105 0
0 106 0
0 107 0
0 108 0
0 109 0
0 110 0
0 111 0
0 112 0
0 113 0
0 114 0
0 115 0
0 116 0
0 117 0
0 118 0
0 119 0

1 0 0
1 1 0.0228359
1 2 0.0203341
1 3 0.0144039
1 4 0.00667782
1 5 -0.00197717
1 6 -0.00923798
1 7 -0.0141768
1 8 -0.0158735
1 9 -0.0143688
1 10 -0.010362
1 11 -0.00435287
1 12 0.00223408
1 13 0.00818937
1 14 0.0124154
1 15 0.0148668
1 16 0.0152923
1 17 0.0140289
1 18 0.010788
1 19 0.00637769
1 20 0.00138318
1 21 -0.00429273
1 22 -0.00969377
1 23 -0.0149899
1 24 -0.0190727
1 25 -0.022312
1 26 -0.0244309
1 27 -0.024986
1 28 -0.024118
1 29 -0.0218434
1 30 -0.0184443
1 31 -0.0138057
1 32 -0.00857911
1 33 -0.0030353
1 34 0.00251231
1 35 0.0080536
1 36 0.0129724
1 37 0.0175603
1 38 0.0214717
1 39 0.0246467
1 40 0.0268995
1 41 0.0280831
1 42 0.0284018
1 43 0.0277102
1 44 0.0261166
1 45 0.0241812
1 46 0.0219349
1 47 0.019495
1 48 0.0177342
1 49 0.0162653
1 50 0.0150298
1 51 0.0142256
1 52 0.0133769
1 53 0.0121052
1 54 0.0108051
1 55 0.00901491
1 56 0.00705587
1 57 0.00548845
1 58 0.00424867
1 59 0.00347805
1 60 0.00380834
1 61 0.00461002
1 62 0.00574275
1 63 0.00727585
1 64 0.00865131
1 65 0.00955788
1 66 0.0104634
1 67 0.0109887
1 68 0.0115245
1 69 0.0125664
1 70 0.0139364
1 71 0.015714
1 72 0.0183139
1 73 0.0208786
1 74 0.023324
1 75 0.0256169
1 76 0.0272313
1 77 0.0280241
1 78 0.0281688
1 79 0.0273784
1 80 0.0258133
1 81 0.0235211
1 82 0.0205535
1 83 0.0170718
1 84 0.0127552
1 85 0.0080242
1 86 0.00284903
1 87 -0.00260131
1 88 -0.00809202
1 89 -0.0129908
1 90 -0.0174357
1 91 -0.0209819
1 92 -0.0236155
1 93 -0.0248284
1 94 -0.0250146
1 95 -0.0239089
1 96 -0.021007
1 97 -0.0168798
1 98 -0.0112361
1 99 -0.00489282
1 100 0.00215366
1 101 0.00879787
1 102 0.0140163
1 103 0.0172607
1 104 0.0182058
1 105 0.0164343
1 106 0.0120448
1 107 0.00570586
1 108 -0.00162076
1 109 -0.00828372
1 110 -0.0138853
1 111 -0.0165501
1 112 -0.0160793
1 113 -0.0122684
1 114 -0.0057471
1 115 0.00159524
1 116 0.00958168
1 117 0.0159438
1 118 0.0202387
1 119 0

2 0 0
2 1 0.0203341
2 2 0.0160327
2 3 0.00903913
2 4 0.000869827
2 5 -0.00704209
2 6 -0.0129553
2 7 -0.0157518
2 8 -0.0154733
2 9 -0.0123588
2 10 -0.0072454
2 11 -0.000871631
2 12 0.00550231
2 13 0.0102645
2 14 0.013098
2 15 0.0137975
2 16 0.0127111
2 17 0.00995472
2 18 0.00554461
2 19 0.000674742
2 20 -0.00464604
2 21 -0.0100228
2 22 -0.0149429
2 23 -0.0189609
2 24 -0.0212802
2 25 -0.0222717
2 26 -0.0216955
2 27 -0.0191821
2 28 -0.0155105
2 29 -0.011038
2 30 -0.00601527
2 31 -0.00107714
2 32 0.00372232
2 33 0.00770357
2 34 0.0113242
2 35 0.0146756
2 36 0.0173083
2 37 0.0198669
2 38 0.0223137
2 39 0.024065
2 40 0.0252782
2 41 0.0256353
2 42 0.0246442
2 43 0.0225868
2 44 0.0194519
2 45 0.0159533
2 46 0.0123406
2 47 0.0091185
2 48 0.00687605
2 49 0.0055646
2 50 0.00483997
2 51 0.00500008
2 52 0.00485188
2 53 0.00403474
2 54 0.00285153
2 55 0.000908075
2 56 -0.00172069
2 57 -0.00380479
2 58 -0.00552612
2 59 -0.00641999
2 60 -0.00588043
2 61 -0.004517
2 62 -0.00279452
2 63 -0.000536276
2 64 0.00103256
2 65 0.00183262
2 66 0.00226889
2 67 0.00203761
2 68 0.00151672
2 69 0.00190495
2 70 0.00292751
2 71 0.00494348
2 72 0.00802776
2 73 0.0116164
2 74 0.0152288
2 75 0.0186484
2 76 0.0211738
2 77 0.0228517
2 78 0.0233876
2 79 0.0233011
2 80 0.0228588
2 81 0.0219099
2 82 0.0209391
2 83 0.0199592
2 84 0.0181828
2 85 0.0160032
2 86 0.0131653
2 87 0.00913864
2 88 0.00445837
2 89 -0.000885663
2 90 -0.00633614
2 91 -0.0116643
2 92 -0.0164695
2 93 -0.0198948
2 94 -0.0220802
2 95 -0.0230253
2 96 -0.0219446
2 97 -0.0193053
2 98 -0.0151832
2 99 -0.00996675
2 100 -0.00404798
2 101 0.00234058
2 102 0.00773167
2 103 0.0118522
2 104 0.0143591
2 105 0.0146942
2 106 0.012675
2 107 0.00815392
2 108 0.00221675
2 109 -0.00409238
2 110 -0.00994382
2 111 -0.0140365
2 112 -0.0155862
2 113 -0.0139562
2 114 -0.00960111
2 115 -0.00348165
2 116 0.00362482
2 117 0.0104132
2 118 0.0158667
2 119 0

3 0 0
3 1 0.0144039
3 2 0.00903913
3 3 0.00190963
3 4 -0.00480761
3 5 -0.0110432
3 6 -0.0140387
3 7 -0.01424
3 8 -0.0118002
3 9 -0.00747596
3 10 -0.00234928
3 11 0.00316428
3 12 0.00763182
3 13 0.0101047
3 14 0.0102138
3 15 0.00913912
3 16 0.00621459
3 17 0.00291297
3 18 -0.00149777
3 19 -0.00579248
3 20 -0.00930407
3 21 -0.0136246
3 22 -0.0161306
3 23 -0.0180972
3 24 -0.0179514
3 25 -0.0161931
3 26 -0.0132185
3 27 -0.00815589
3 28 -0.00258518
3 29 0.00302889
3 30 0.00822826
3 31 0.0126945
3 32 0.0152795
3 33 0.0168326
3 34 0.0170903
3 35 0.0170087
3 36 0.0164683
3 37 0.016406
3 38 0.0167732
3 39 0.0169029
3 40 0.0170313
3 41 0.0162688
3 42 0.014543
3 43 0.0116277
3 44 0.00779392
3 45 0.00329142
3 46 -0.000753854
3 47 -0.00442295
3 48 -0.0063216
3 49 -0.00686352
3 50 -0.00643628
3 51 -0.00533489
3 52 -0.00416376
3 53 -0.00404159
3 54 -0.00469889
3 55 -0.00668066
3 56 -0.00933019
3 57 -0.0116393
3 58 -0.0136053
3 59 -0.0146846
3 60 -0.0137622
3 61 -0.0119559
3 62 -0.00982794
3 63 -0.00736693
3 64 -0.00561489
3 65 -0.00519683
3 66 -0.00561451
3 67 -0.0070881
3 68 -0.00855448
3 69 -0.00934369
3 70 -0.00921796
3 71 -0.00771234
3 72 -0.00446108
3 73 -0.000778784
3 74 0.00339158
3 75 0.00698924
3 76 0.00978122
3 77 0.0115223
3 78 0.0125113
3 79 0.0127762
3 80 0.0133428
3 81 0.0138308
3 82 0.0150995
3 83 0.0169401
3 84 0.0186358
3 85 0.0199567
3 86 0.0201407
3 87 0.0190785
3 88 0.0160119
3 89 0.0118064
3 90 0.00668823
3 91 0.00106423
3 92 -0.00489862
3 93 -0.00929585
3 94 -0.0133939
3 95 -0.0160436
3 96 -0.0170557
3 97 -0.0170811
3 98 -0.0150069
3 99 -0.0129644
3 100 -0.00933604
3 101 -0.00507859
3 102 -0.000882139
3 103 0.00319906
3 104 0.00673368
3 105 0.00931332
3 106 0.0102553
3 107 0.00880475
3 108 0.00526857
3 109 0.00112324
3 110 -0.00434695
3 111 -0.00856969
3 112 -0.011997
3 113 -0.0128985
3 114 -0.0109056
3 115 -0.00788978
3 116 -0.00213313
3 117 0.00307954
3 118 0.00880588
3 119 0

4 0 0
4 1 0.00667782
4 2 0.000869827
4 3 -0.00480761
4 4 -0.0101608
4 5 -0.0130676
4 6 -0.0134328
4 7 -0.0107662
4 8 -0.00636675
4 9 -0.00170602
4 10 0.00324779
4 11 0.00682505
4 12 0.0091383
4 13 0.00865046
4 14 0.0062402
4 15 0.00297265
4 16 -0.00111898
4 17 -0.00483607
4 18 -0.00864315
4 19 -0.0110912
4 20 -0.0129264
4 21 -0.0143168
4 22 -0.0147745
4 23 -0.0139265
4 24 -0.0113984
4 25 -0.00760204
4 26 -0.00229483
4 27 0.00427246
4 28 0.0110815
4 29 0.0168208
4 30 0.0215645
4 31 0.0240062
4 32 0.0243524
4 33 0.0224199
4 34 0.0193026
4 35 0.0157042
4 36 0.011769
4 37 0.00890326
4 38 0.00717143
4 39 0.00581547
4 40 0.00498027
4 41 0.00410316
4 42 0.0017564
4 43 -0.00131238
4 44 -0.00542474
4 45 -0.00993203
4 46 -0.014088
4 47 -0.017041
4 48 -0.0185232
4 49 -0.0180616
4 50 -0.0163983
4 51 -0.0136798
4 52 -0.0114593
4 53 -0.0102645
4 54 -0.0102254
4 55 -0.0116258
4 56 -0.014328
4 57 -0.016671
4 58 -0.0186744
4 59 -0.0195254
4 60 -0.0185886
4 61 -0.01651
4 62 -0.0141069
4 63 -0.0113766
4 64 -0.00997929
4 65 -0.0100754
4 66 -0.0113752
4 67 -0.0137754
4 68 -0.0167373
4 69 -0.0187346
4 70 -0.0196041
4 71 -0.0186242
4 72 -0.0162447
4 73 -0.0127391
4 74 -0.00892904
4 75 -0.00554161
4 76 -0.00319149
4 77 -0.00150422
4 78 -0.0011977
4 79 -0.000753491
4 80 0.000400497
4 81 0.00224316
4 82 0.00549801
4 83 0.0102414
4 84 0.0149625
4 85 0.0196474
4 86 0.023399
4 87 0.0252059
4 88 0.0249687
4 89 0.0224749
4 90 0.018697
4 91 0.0134509
4 92 0.00777786
4 93 0.00254664
4 94 -0.00199858
4 95 -0.00616992
4 96 -0.00917718
4 97 -0.0114031
4 98 -0.0126539
4 99 -0.0135481
4 100 -0.0134615
4 101 -0.0117695
4 102 -0.00950783
4 103 -0.00590167
4 104 -0.00189887
4 105 0.00285268
4 106 0.0066108
4 107 0.00830948
4 108 0.00817968
4 109 0.00589261
4 110 0.00247893
4 111 -0.00222901
4 112 -0.00667619
4 113 -0.00988917
4 114 -0.0112861
4 115 -0.0105607
4 116 -0.00820921
4 117 -0.00409404
4 118 0.000647165
4 119 0

5 0 0
5 1 -0.00197717
5 2 -0.00704209
5 3 -0.0110432
5 4 -0.0130676
5 5 -0.0128929
5 6 -0.00965925
5 7 -0.00451412
5 8 0.00111115
5 9 0.00578238
5 10 0.00893416
5 11 0.0100485
5 12 0.00885937
5 13 0.00513378
5 14 -0.000117572
5 15 -0.00505851
5 16 -0.00979393
5 17 -0.0128328
5 18 -0.014763
5 19 -0.0148104
5 20 -0.0134095
5 21 -0.0121903
5 22 -0.00960561
5 23 -0.00653686
5 24 -0.00221335
5 25 0.00302746
5 26 0.00896972
5 27 0.0158991
5 28 0.0222636
5 29 0.0270647
5 30 0.0301071
5 31 0.0304643
5 32 0.027663
5 33 0.0227279
5 34 0.0161409
5 35 0.00934196
5 36 0.00284822
5 37 -0.00200008
5 38 -0.00504925
5 39 -0.00703725
5 40 -0.00798086
5 41 -0.00871491
5 42 -0.0103645
5 43 -0.0128065
5 44 -0.0160839
5 45 -0.0200256
5 46 -0.0233438
5 47 -0.0255261
5 48 -0.0258586
5 49 -0.0242033
5 50 -0.0211565
5 51 -0.0173991
5 52 -0.0138231
5 53 -0.0115486
5 54 -0.0108052
5 55 -0.0118445
5 56 -0.0140476
5 57 -0.0163087
5 58 -0.018222
5 59 -0.0190438
5 60 -0.0179129
5 61 -0.0156976
5 62 -0.0131535
5 63 -0.0106905
5 64 -0.00943223
5 65 -0.0100004
5 66 -0.0121675
5 67 -0.0157062
5 68 -0.0195257
5 69 -0.0227352
5 70 -0.0246841
5 71 -0.0247751
5 72 -0.023169
5 73 -0.0205742
5 74 -0.0175055
5 75 -0.0152385
5 76 -0.013911
5 77 -0.0134602
5 78 -0.0139262
5 79 -0.0141602
5 80 -0.0131893
5 81 -0.0109786
5 82 -0.00661014
5 83 -0.000240555
5 84 0.00697435
5 85 0.0144757
5 86 0.0209461
5 87 0.0258086
5 88 0.0280121
5 89 0.0278794
5 90 0.02609
5 91 0.0226742
5 92 0.0181891
5 93 0.014132
5 94 0.00976508
5 95 0.00549547
5 96 0.00140457
5 97 -0.0029395
5 98 -0.00669926
5 99 -0.0112569
5 100 -0.0147631
5 101 -0.0167674
5 102 -0.0172038
5 103 -0.0153114
5 104 -0.011384
5 105 -0.00542329
5 106 0.00099389
5 107 0.00612269
5 108 0.0092977
5 109 0.0104612
5 110 0.00892851
5 111 0.00555065
5 112 0.000443932
5 113 -0.00458907
5 114 -0.00843152
5 115 -0.0112723
5 116 -0.0115694
5 117 -0.0104753
5 118 -0.00714931
5 119 0

6 0 0
6 1 -0.00923798
6 2 -0.0129553
6 3 -0.0140387
6 4 -0.0134328
6 5 -0.00965925
6 6 -0.0040626
6 7 0.00274532
6 8 0.00882875
6 9 0.0122094
6 10 0.0135318
6 11 0.0114588
6 12 0.0072018
6 13 0.000565437
6 14 -0.00670015
6 15 -0.0126055
6 16 -0.0171046
6 17 -0.0188705
6 18 -0.0185063
6 19 -0.0156882
6 20 -0.0117363
6 21 -0.00764195
6 22 -0.00339618
6 23 0.00123241
6 24 0.00606419
6 25 0.0112183
6 26 0.0169662
6 27 0.0227995
6 28 0.0280544
6 29 0.0312417
6 30 0.0325079
6 31 0.030636
6 32 0.0257871
6 33 0.018513
6 34 0.0100172
6 35 0.0013715
6 36 -0.00643444
6 37 -0.0120938
6 38 -0.0154246
6 39 -0.0170632
6 40 -0.0172968
6 41 -0.0168812
6 42 -0.0174839
6 43 -0.0186824
6 44 -0.0208016
6 45 -0.023577
6 46 -0.0259803
6 47 -0.0269821
6 48 -0.0265581
6 49 -0.0240027
6 50 -0.0200223
6 51 -0.0153789
6 52 -0.0112402
6 53 -0.00822799
6 54 -0.00703437
6 55 -0.00759592
6 56 -0.00957605
6 57 -0.0117182
6 58 -0.0135179
6 59 -0.0140798
6 60 -0.0130893
6 61 -0.0108667
6 62 -0.00830954
6 63 -0.00593419
6 64 -0.00499783
6 65 -0.00585721
6 66 -0.00857718
6 67 -0.0124947
6 68 -0.0169917
6 69 -0.0209373
6 70 -0.0235754
6 71 -0.0242393
6 72 -0.0236411
6 73 -0.0218379
6 74 -0.0198612
6 75 -0.0187516
6 76 -0.0187639
6 77 -0.0195466
6 78 -0.0214955
6 79 -0.0228591
6 80 -0.0228383
6 81 -0.0209934
6 82 -0.0166405
6 83 -0.00974695
6 84 -0.00159548
6 85 0.00706631
6 86 0.0151231
6 87 0.0215711
6 88 0.0256949
6 89 0.0273939
6 90 0.027577
6 91 0.0259506
6 92 0.0236301
6 93 0.0209719
6 94 0.018256
6 95 0.0148786
6 96 0.0107931
6 97 0.00584406
6 98 6.32929e-05
6 99 -0.00692349
6 100 -0.0137378
6 101 -0.0190426
6 102 -0.022393
6 103 -0.022346
6 104 -0.0194504
6 105 -0.0128493
6 106 -0.00487641
6 107 0.00281519
6 108 0.0092446
6 109 0.0129608
6 110 0.0143775
6 111 0.012159
6 112 0.00766782
6 113 0.00179041
6 114 -0.00418424
6 115 -0.00901527
6 116 -0.0126542
6 117 -0.0137464
6 118 -0.0128152
6 119 0

7 0 0
7 1 -0.0141768
7 2 -0.0157518
7 3 -0.01424
7 4 -0.0107662
7 5 -0.00451412
7 6 0.00274532
7 7 0.0100922
7 8 0.0153826
7 9 0.0171014
7 10 0.01573
7 11 0.0108396
7 12 0.00368193
7 13 -0.00503395
7 14 -0.0131876
7 15 -0.0192402
7 16 -0.0223757
7 17 -0.0223096
7 18 -0.0191926
7 19 -0.0135676
7 20 -0.00736692
7 21 -0.0011908
7 22 0.0039554
7 23 0.00874193
7 24 0.0127666
7 25 0.0164358
7 26 0.020414
7 27 0.0241647
7 28 0.027305
7 29 0.0286333
7 30 0.0282139
7 31 0.0247106
7 32 0.01869
7 33 0.010513
7 34 0.00144238
7 35 -0.00735219
7 36 -0.0148316
7 37 -0.0198996
7 38 -0.022358
7 39 -0.0226852
7 40 -0.0215912
7 41 -0.0194927
7 42 -0.0184559
7 43 -0.0180868
7 44 -0.0187748
7 45 -0.0202408
7 46 -0.0216793
7 47 -0.0216817
7 48 -0.0206344
7 49 -0.0177044
7 50 -0.0133946
7 51 -0.00855886
7 52 -0.00426507
7 53 -0.00108434
7 54 0.000193186
7 55 -0.000178592
7 56 -0.00186255
7 57 -0.00401057
7 58 -0.00566057
7 59 -0.00609589
7 60 -0.00523899
7 61 -0.00317108
7 62 -0.000595542
7 63 0.0015024
7 64 0.00230217
7 65 0.00142185
7 66 -0.00135366
7 67 -0.00530184
7 68 -0.00980511
7 69 -0.0138846
7 70 -0.0166365
7 71 -0.0176626
7 72 -0.0177469
7 73 -0.0166097
7 74 -0.0156163
7 75 -0.0156584
7 76 -0.0169816
7 77 -0.0192295
7 78 -0.0227767
7 79 -0.0255002
7 80 -0.0269821
7 81 -0.0263356
7 82 -0.0231045
7 83 -0.0171843
7 84 -0.00972663
7 85 -0.00138027
7 86 0.00658056
7 87 0.0132683
7 88 0.0181459
7 89 0.0208497
7 90 0.0224646
7 91 0.0228195
7 92 0.0228672
7 93 0.0225761
7 94 0.0224006
7 95 0.0210918
7 96 0.0183816
7 97 0.014017
7 98 0.00748318
7 99 -0.00077494
7 100 -0.0100194
7 101 -0.0181532
7 102 -0.0241403
7 103 -0.0265378
7 104 -0.0250568
7 105 -0.019168
7 106 -0.010686
7 107 -0.00146345
7 108 0.00711043
7 109 0.0132821
7 110 0.0171469
7 111 0.0168822
7 112 0.013642
7 113 0.00802907
7 114 0.00125595
7 115 -0.00485283
7 116 -0.0106376
7 117 -0.0139356
7 118 -0.0152718
7 119 0

8 0 0
8 1 -0.0158735
8 2 -0.0154733
8 3 -0.0118002
8 4 -0.00636675
8 5 0.00111115
8 6 0.00882875
8 7 0.0153826
8 8 0.0191731
8 9 0.0187086
8 10 0.014989
8 11 0.00777567
8 12 -0.00124203
8 13 -0.0106247
8 14 -0.0186289
8 15 -0.0232184
8 16 -0.0244455
8 17 -0.0217554
8 18 -0.0158195
8 19 -0.00811741
8 20 -0.00017229
8 21 0.00643739
8 22 0.0113171
8 23 0.014703
8 24 0.0163849
8 25 0.0174509
8 26 0.0185226
8 27 0.0193038
8 28 0.0199143
8 29 0.0193751
8 30 0.0175243
8 31 0.0137149
8 32 0.00766606
8 33 0.000405951
8 34 -0.00743642
8 35 -0.0148586
8 36 -0.0204113
8 37 -0.0235245
8 38 -0.0240918
8 39 -0.0223982
8 40 -0.0193284
8 41 -0.0157383
8 42 -0.012851
8 43 -0.0109872
8 44 -0.0102019
8 45 -0.0106261
8 46 -0.0111363
8 47 -0.010795
8 48 -0.00955347
8 49 -0.00677822
8 50 -0.00271131
8 51 0.00136857
8 52 0.0051852
8 53 0.00807805
8 54 0.00904875
8 55 0.00847711
8 56 0.00697354
8 57 0.00484149
8 58 0.00324656
8 59 0.00283594
8 60 0.0035278
8 61 0.00541064
8 62 0.00784305
8 63 0.00966501
8 64 0.0105762
8 65 0.00996804
8 66 0.00745949
8 67 0.00404387
8 68 0.000374198
8 69 -0.00328896
8 70 -0.00568188
8 71 -0.00659182
8 72 -0.00667435
8 73 -0.00602164
8 74 -0.00559684
8 75 -0.00657603
8 76 -0.00884896
8 77 -0.0124101
8 78 -0.0169409
8 79 -0.0212429
8 80 -0.0244277
8 81 -0.0255838
8 82 -0.0243451
8 83 -0.0207173
8 84 -0.0151421
8 85 -0.00889301
8 86 -0.0028288
8 87 0.00262928
8 88 0.00654018
8 89 0.00933156
8 90 0.0115979
8 91 0.0134965
8 92 0.0158057
8 93 0.0182455
8 94 0.0208635
8 95 0.0227621
8 96 0.0226076
8 97 0.0201515
8 98 0.0148453
8 99 0.0064974
8 100 -0.00344705
8 101 -0.0135423
8 102 -0.0216883
8 103 -0.0263317
8 104 -0.027014
8 105 -0.0227184
8 106 -0.0152207
8 107 -0.00594128
8 108 0.00329357
8 109 0.0108416
8 110 0.0163284
8 111 0.0180351
8 112 0.0165371
8 113 0.0121501
8 114 0.00616353
8 115 -0.000123401
8 116 -0.00643351
8 117 -0.0112177
8 118 -0.0143608
8 119 0

9 0 0
9 1 -0.0143688
9 2 -0.0123588
9 3 -0.00747596
9 4 -0.00170602
9 5 0.00578238
9 6 0.0122094
9 7 0.0171014
9 8 0.0187086
9 9 0.0163689
9 10 0.0110246
9 11 0.00286246
9 12 -0.00626802
9 13 -0.0148568
9 14 -0.0207923
9 15 -0.0235257
9 16 -0.021931
9 17 -0.0172346
9 18 -0.00931071
9 19 -0.000318462
9 20 0.00733084
9 21 0.0137351
9 22 0.0165218
9 23 0.0175575
9 24 0.0160406
9 25 0.0136453
9 26 0.0116207
9 27 0.00952125
9 28 0.00796688
9 29 0.00627513
9 30 0.00423562
9 31 0.000741582
9 32 -0.00349279
9 33 -0.00870938
9 34 -0.0137377
9 35 -0.018226
9 36 -0.0208043
9 37 -0.0213977
9 38 -0.0197043
9 39 -0.0160454
9 40 -0.0114228
9 41 -0.00628136
9 42 -0.002275
9 43 0.000544926
9 44 0.00202538
9 45 0.00231971
9 46 0.00197151
9 47 0.00250533
9 48 0.00320471
9 49 0.00507389
9 50 0.00801597
9 51 0.0111231
9 52 0.01371
9 53 0.0156781
9 54 0.0159656
9 55 0.0152547
9 56 0.0136296
9 57 0.0114119
9 58 0.00989107
9 59 0.00963382
9 60 0.00993994
9 61 0.0115163
9 62 0.0138187
9 63 0.0155478
9 64 0.0164195
9 65 0.0163228
9 66 0.0146248
9 67 0.0123436
9 68 0.00963353
9 69 0.00711927
9 70 0.00576211
9 71 0.00558427
9 72 0.00561918
9 73 0.00650244
9 74 0.00671495
9 75 0.00564218
9 76 0.00308744
9 77 -0.000830446
9 78 -0.0061631
9 79 -0.0112174
9 80 -0.015709
9 81 -0.0184837
9 82 -0.0194163
9 83 -0.0185168
9 84 -0.01605
9 85 -0.0129713
9 86 -0.00976485
9 87 -0.00715584
9 88 -0.0049406
9 89 -0.00352899
9 90 -0.00173648
9 91 0.000631764
9 92 0.00448737
9 93 0.00880861
9 94 0.014432
9 95 0.0193652
9 96 0.0222836
9 97 0.022973
9 98 0.019495
9 99 0.0132995
9 100 0.00385234
9 101 -0.00632378
9 102 -0.0152967
9 103 -0.0216389
9 104 -0.0242093
9 105 -0.0223649
9 106 -0.017017
9 107 -0.00943989
9 108 -0.00105837
9 109 0.00597367
9 110 0.0122568
9 111 0.0149495
9 112 0.0153084
9 113 0.0129001
9 114 0.00834722
9 115 0.00400226
9 116 -0.00199913
9 117 -0.00632465
9 118 -0.0104036
9 119 0

10 0 0
10 1 -0.010362
10 2 -0.0072454
10 3 -0.00234928
10 4 0.00324779
10 5 0.00893416
10 6 0.0135318
10 7 0.01573
10 8 0.014989
10 9 0.0110246
10 10 0.00459285
10 11 -0.00343401
10 12 -0.011729
10 13 -0.018104
10 14 -0.0215353
10 15 -0.0211286
10 16 -0.017107
10 17 -0.0100831
10 18 -0.000744497
10 19 0.008227
10 20 0.0154809
10 21 0.019689
10 22 0.0204209
10 23 0.018163
10 24 0.013255
10 25 0.00770244
10 26 0.00252678
10 27 -0.00203799
10 28 -0.00530664
10 29 -0.00750709
10 30 -0.00928285
10 31 -0.0108964
10 32 -0.0130074
10 33 -0.014831
10 34 -0.0165524
10 35 -0.0177008
10 36 -0.0169711
10 37 -0.0147446
10 38 -0.0110194
10 39 -0.00574907
10 40 -5.75721e-05
10 41 0.00529675
10 42 0.00990665
10 43 0.0129556
10 44 0.0147011
10 45 0.0149556
10 46 0.014635
10 47 0.0144043
10 48 0.0144007
10 49 0.0150857
10 50 0.0166506
10 51 0.017872
10 52 0.0191555
10 53 0.0200185
10 54 0.0195069
10 55 0.0182194
10 56 0.0167243
10 57 0.0145662
10 58 0.0131272
10 59 0.012732
10 60 0.0129176
10 61 0.0141601
10 62 0.0161437
10 63 0.0175041
10 64 0.0187029
10 65 0.0191941
10 66 0.0183828
10 67 0.0172482
10 68 0.0162729
10 69 0.0150746
10 70 0.0148708
10 71 0.0154831
10 72 0.0164343
10 73 0.0175793
10 74 0.0182231
10 75 0.0174109
10 76 0.0152846
10 77 0.0115108
10 78 0.00685069
10 79 0.00160427
10 80 -0.00351632
10 81 -0.00750341
10 82 -0.0104078
10 83 -0.0123167
10 84 -0.0127732
10 85 -0.0130923
10 86 -0.013569
10 87 -0.0139336
10 88 -0.0147215
10 89 -0.0151214
10 90 -0.0146198
10 91 -0.0124002
10 92 -0.00804698
10 93 -0.00208272
10 94 0.00532112
10 95 0.0131906
10 96 0.0192733
10 97 0.0229114
10 98 0.0228966
10 99 0.019
10 100 0.0117948
10 101 0.00233039
10 102 -0.0066764
10 103 -0.0140884
10 104 -0.018634
10 105 -0.0195686
10 106 -0.0172597
10 107 -0.0123434
10 108 -0.00645562
10 109 -0.000495689
10 110 0.00494163
10 111 0.00879153
10 112 0.0107847
10 113 0.0107235
10 114 0.00927236
10 115 0.00693624
10 116 0.00355179
10 117 -0.000280254
10 118 -0.00432428
10 119 0

11 0 0
11 1 -0.00435287
11 2 -0.000871631
11 3 0.00316428
11 4 0.00682505
11 5 0.0100485
11 6 0.0114588
11 7 0.0108396
11 8 0.00777567
11 9 0.00286246
11 10 -0.00343401
11 11 -0.0100489
11 12 -0.0159096
11 13 -0.0192191
11 14 -0.0190427
11 15 -0.0159319
11 16 -0.00940933
11 17 -0.00137049
11 18 0.00815843
11 19 0.0161724
11 20 0.0212526
11 21 0.0232837
11 22 0.0209272
11 23 0.0158535
11 24 0.00802666
11 25 7.55879e-05
11 26 -0.00700573
11 27 -0.0127417
11 28 -0.016522
11 29 -0.0181334
11 30 -0.0185569
11 31 -0.0181413
11 32 -0.0171263
11 33 -0.0157413
11 34 -0.013825
11 35 -0.0117825
11 36 -0.00825459
11 37 -0.00426863
11 38 0.000610676
11 39 0.00610156
11 40 0.0116489
11 41 0.0163196
11 42 0.0202059
11 43 0.0223896
11 44 0.0234259
11 45 0.0231289
11 46 0.022201
11 47 0.0211838
11 48 0.0200529
11 49 0.0192489
11 50 0.0190886
11 51 0.018743
11 52 0.0183708
11 53 0.0179559
11 54 0.0166656
11 55 0.0152343
11 56 0.0136789
11 57 0.0117483
11 58 0.0104999
11 59 0.0102606
11 60 0.010078
11 61 0.0109165
11 62 0.0124504
11 63 0.0136476
11 64 0.0147516
11 65 0.0157866
11 66 0.0160022
11 67 0.0162892
11 68 0.0166381
11 69 0.0169641
11 70 0.0180563
11 71 0.0196828
11 72 0.0213411
11 73 0.0231415
11 74 0.0244485
11 75 0.0246327
11 76 0.0237453
11 77 0.0212752
11 78 0.017965
11 79 0.0137265
11 80 0.00929381
11 81 0.00518746
11 82 0.00151159
11 83 -0.00222385
11 84 -0.00507685
11 85 -0.00845295
11 86 -0.0118647
11 87 -0.0154947
11 88 -0.0188215
11 89 -0.0216118
11 90 -0.0230265
11 91 -0.0220863
11 92 -0.0183738
11 93 -0.0124917
11 94 -0.00431113
11 95 0.00509979
11 96 0.0132874
11 97 0.0199044
11 98 0.0226466
11 99 0.022265
11 100 0.0177805
11 101 0.0105363
11 102 0.00281158
11 103 -0.00468219
11 104 -0.0103329
11 105 -0.0139129
11 106 -0.0148161
11 107 -0.0135228
11 108 -0.010825
11 109 -0.00764866
11 110 -0.00366718
11 111 -9.29484e-05
11 112 0.00312529
11 113 0.00549167
11 114 0.00687472
11 115 0.00817427
11 116 0.007553
11 117 0.00612455
11 118 0.00296812
11 119 0

12 0 0
12 1 0.00223408
12 2 0.00550231
12 3 0.00763182
12 4 0.0091383
12 5 0.00885937
12 6 0.0072018
12 7 0.00368193
12 8 -0.00124203
12 9 -0.00626802
12 10 -0.011729
12 11 -0.0159096
12 12 -0.0187486
12 13 -0.0184483
12 14 -0.0148321
12 15 -0.00905614
12 16 -0.00100166
12 17 0.00751445
12 18 0.0161407
12 19 0.0223423
12 20 0.025155
12 21 0.0244395
12 22 0.019932
12 23 0.0124586
12 24 0.00299569
12 25 -0.00616348
12 26 -0.0141174
12 27 -0.0200023
12 28 -0.023452
12 29 -0.024057
12 30 -0.0228498
12 31 -0.0202607
12 32 -0.016761
12 33 -0.0125362
12 34 -0.00812732
12 35 -0.00379932
12 36 0.00132144
12 37 0.00610373
12 38 0.010771
12 39 0.0154483
12 40 0.0194598
12 41 0.0223792
12 42 0.0246628
12 43 0.0255269
12 44 0.0253782
12 45 0.0244022
12 46 0.0228314
12 47 0.0210492
12 48 0.0190979
12 49 0.0172164
12 50 0.0155401
12 51 0.0137607
12 52 0.0121743
12 53 0.0108144
12 54 0.00903217
12 55 0.00758293
12 56 0.00640546
12 57 0.00503601
12 58 0.00415441
12 59 0.0039632
12 60 0.00364695
12 61 0.00402541
12 62 0.00489693
12 63 0.00559297
12 64 0.0065773
12 65 0.00793351
12 66 0.00890655
12 67 0.0101827
12 68 0.0117279
12 69 0.0133006
12 70 0.0152041
12 71 0.0173732
12 72 0.0195507
12 73 0.0217734
12 74 0.0236135
12 75 0.0249111
12 76 0.0253964
12 77 0.0247066
12 78 0.0234921
12 79 0.0212881
12 80 0.0183448
12 81 0.0152636
12 82 0.0117352
12 83 0.00740333
12 84 0.00327321
12 85 -0.00168655
12 86 -0.00719679
12 87 -0.0128512
12 88 -0.0182487
12 89 -0.0229754
12 90 -0.0261671
12 91 -0.0267018
12 92 -0.0243773
12 93 -0.0192744
12 94 -0.0116607
12 95 -0.00210464
12 96 0.00722203
12 97 0.0153504
12 98 0.0207325
12 99 0.0232543
12 100 0.0219233
12 101 0.0174658
12 102 0.0116943
12 103 0.00498531
12 104 -0.00110487
12 105 -0.0068538
12 106 -0.0107995
12 107 -0.0131398
12 108 -0.014344
12 109 -0.0140968
12 110 -0.0127658
12 111 -0.00976273
12 112 -0.00603425
12 113 -0.00169887
12 114 0.00295076
12 115 0.00737069
12 116 0.0106366
12 117 0.0115177
12 118 0.0100584
12 119 0

13 0 0
13 1 0.00818937
13 2 0.0102645
13 3 0.0101047
13 4 0.00865046
13 5 0.00513378
13 6 0.000565437
13 7 -0.00503395
13 8 -0.0106247
13 9 -0.0148568
13 10 -0.018104
13 11 -0.0192191
13 12 -0.0184483
13 13 -0.0145576
13 14 -0.00819192
13 15 -0.000567068
13 16 0.00774103
13 17 0.0154174
13 18 0.0220625
13 19 0.0254626
13 20 0.0256628
13 21 0.0223232
13 22 0.0160925
13 23 0.00749848
13 24 -0.00225816
13 25 -0.0109682
13 26 -0.0181658
13 27 -0.0229206
13 28 -0.0251564
13 29 -0.0242388
13 30 -0.02167
13 31 -0.0171712
13 32 -0.0118989
13 33 -0.0058793
13 34 5.71818e-05
13 35 0.00530245
13 36 0.0105773
13 37 0.014734
13 38 0.0180159
13 39 0.0205044
13 40 0.0222734
13 41 0.0223956
13 42 0.0225071
13 43 0.0214985
13 44 0.0202054
13 45 0.0184334
13 46 0.0166851
13 47 0.0143093
13 48 0.0120225
13 49 0.00943659
13 50 0.00692613
13 51 0.00410803
13 52 0.00173254
13 53 -0.000232624
13 54 -0.0019358
13 55 -0.0030817
13 56 -0.00362728
13 57 -0.004162
13 58 -0.00442655
13 59 -0.0044886
13 60 -0.00487871
13 61 -0.00506363
13 62 -0.00500053
13 63 -0.00491511
13 64 -0.00426698
13 65 -0.00303127
13 66 -0.00157296
13 67 0.000361178
13 68 0.00271745
13 69 0.00488719
13 70 0.00715645
13 71 0.00932234
13 72 0.0116705
13 73 0.0136692
13 74 0.0158669
13 75 0.0179273
13 76 0.0199464
13 77 0.0211908
13 78 0.0226812
13 79 0.0227661
13 80 0.0223055
13 81 0.021048
13 82 0.0188906
13 83 0.0152408
13 84 0.0113083
13 85 0.0058975
13 86 -0.000198457
13 87 -0.00664249
13 88 -0.0130808
13 89 -0.018705
13 90 -0.0233287
13 91 -0.0254482
13 92 -0.0251318
13 93 -0.0219712
13 94 -0.0164087
13 95 -0.00813868
13 96 0.000614503
13 97 0.00916123
13 98 0.0161843
13 99 0.0210053
13 100 0.0229112
13 101 0.0215772
13 102 0.0185904
13 103 0.0138253
13 104 0.00831683
13 105 0.00171346
13 106 -0.00449088
13 107 -0.0100195
13 108 -0.0148816
13 109 -0.0181614
13 110 -0.0198887
13 111 -0.0186356
13 112 -0.0153598
13 113 -0.0099959
13 114 -0.00304403
13 115 0.0042708
13 116 0.0110156
13 117 0.0147501
13 118 0.0154325
13 119 0

14 0 0
14 1 0.0124154
14 2 0.013098
14 3 0.0102138
14 4 0.0062402
14 5 -0.000117572
14 6 -0.00670015
14 7 -0.0131876
14 8 -0.0186289
14 9 -0.0207923
14 10 -0.0215353
14 11 -0.0190427
14 12 -0.0148321
14 13 -0.00819192
14 14 0.000281836
14 15 0.00790934
14 16 0.0154331
14 17 0.0206914
14 18 0.0241011
14 19 0.0244867
14 20 0.0216556
14 21 0.0167737
14 22 0.00988176
14 23 0.00173055
14 24 -0.00641444
14 25 -0.0131536
14 26 -0.018249
14 27 -0.0207138
14 28 -0.0211221
14 29 -0.0187369
14 30 -0.0147841
14 31 -0.00976319
14 32 -0.00367558
14 33 0.00247018
14 34 0.00829291
14 35 0.0131639
14 36 0.0172851
14 37 0.0195358
14 38 0.0203653
14 39 0.0199288
14 40 0.0184006
14 41 0.0158603
14 42 0.0134814
14 43 0.0108564
14 44 0.00835736
14 45 0.0065257
14 46 0.0047086
14 47 0.00278157
14 48 0.000719105
14 49 -0.00180609
14 50 -0.0048858
14 51 -0.00769871
14 52 -0.0103635
14 53 -0.0124074
14 54 -0.0137647
14 55 -0.0139799
14 56 -0.0137244
14 57 -0.0131539
14 58 -0.0127179
14 59 -0.0124312
14 60 -0.0129722
14 61 -0.0136737
14 62 -0.0145334
14 63 -0.0151091
14 64 -0.0152576
14 65 -0.0143053
14 66 -0.0127208
14 67 -0.0105501
14 68 -0.00827991
14 69 -0.00574486
14 70 -0.00378313
14 71 -0.00221939
14 72 -0.000750411
14 73 0.000774828
14 74 0.00244124
14 75 0.00506379
14 76 0.00803259
14 77 0.0111524
14 78 0.0147172
14 79 0.017704
14 80 0.0198639
14 81 0.0210926
14 82 0.0210188
14 83 0.0191326
14 84 0.0163331
14 85 0.0122026
14 86 0.00721959
14 87 0.00141885
14 88 -0.00416973
14 89 -0.00991723
14 90 -0.0150198
14 91 -0.0184452
14 92 -0.0202764
14 93 -0.0197532
14 94 -0.0170306
14 95 -0.0118603
14 96 -0.00517794
14 97 0.002154
14 98 0.00902174
14 99 0.0155777
14 100 0.0197321
14 101 0.0218715
14 102 0.0221479
14 103 0.0199624
14 104 0.0164838
14 105 0.00999601
14 106 0.00300195
14 107 -0.0046989
14 108 -0.0124275
14 109 -0.0187124
14 110 -0.023593
14 111 -0.0245542
14 112 -0.0226932
14 113 -0.0173739
14 114 -0.00943568
14 115 -0.000196711
14 116 0.00913147
14 117 0.0154105
14 118 0.0184479
14 119 0

15 0 0
15 1 0.0148668
15 2 0.0137975
15 3 0.00913912
15 4 0.00297265
15 5 -0.00505851
15 6 -0.0126055
15 7 -0.0192402
15 8 -0.0232184
15 9 -0.0235257
15 10 -0.0211286
15 11 -0.0159319
15 12 -0.00905614
15 13 -0.000567068
15 14 0.00790934
15 15 0.0151088
15 16 0.0199767
15 17 0.0225815
15 18 0.0224514
15 19 0.0195563
15 20 0.0148946
15 21 0.00876394
15 22 0.00268964
15 23 -0.0037793
15 24 -0.00893011
15 25 -0.0124784
15 26 -0.0142909
15 27 -0.0142862
15 28 -0.0126924
15 29 -0.0093088
15 30 -0.00531634
15 31 -0.000268939
15 32 0.00491741
15 33 0.0101339
15 34 0.0145101
15 35 0.0177843
15 36 0.0195259
15 37 0.0195409
15 38 0.0174693
15 39 0.0140967
15 40 0.00970883
15 41 0.00441076
15 42 -1.8999e-06
15 43 -0.00372609
15 44 -0.00650348
15 45 -0.00801517
15 46 -0.00881139
15 47 -0.0100362
15 48 -0.0111056
15 49 -0.0129577
15 50 -0.0154991
15 51 -0.0182484
15 52 -0.0205744
15 53 -0.0222732
15 54 -0.0226618
15 55 -0.0221357
15 56 -0.0207182
15 57 -0.0189865
15 58 -0.0176538
15 59 -0.0172734
15 60 -0.0176317
15 61 -0.0189556
15 62 -0.0207164
15 63 -0.0222024
15 64 -0.0228712
15 65 -0.0226882
15 66 -0.0212998
15 67 -0.0193629
15 68 -0.0171242
15 69 -0.0151717
15 70 -0.0140195
15 71 -0.0136997
15 72 -0.0132831
15 73 -0.0132769
15 74 -0.0125088
15 75 -0.0103482
15 76 -0.00704022
15 77 -0.00278598
15 78 0.00272725
15 79 0.00769641
15 80 0.0121537
15 81 0.0156934
15 82 0.0176532
15 83 0.0181262
15 84 0.0173739
15 85 0.0154199
15 86 0.0125035
15 87 0.00902444
15 88 0.00498039
15 89 0.000930264
15 90 -0.0036913
15 91 -0.00767423
15 92 -0.0111978
15 93 -0.0134197
15 94 -0.0142335
15 95 -0.0127806
15 96 -0.00924944
15 97 -0.00456991
15 98 0.00154267
15 99 0.00783102
15 100 0.0138781
15 101 0.0184655
15 102 0.021623
15 103 0.0227005
15 104 0.0213061
15 105 0.0166905
15 106 0.00983748
15 107 0.00153477
15 108 -0.00779317
15 109 -0.0162229
15 110 -0.0235074
15 111 -0.0267596
15 112 -0.0265082
15 113 -0.0222138
15 114 -0.0140936
15 115 -0.00441692
15 116 0.00646801
15 117 0.014284
15 118 0.0189126
15 119 0

16 0 0
16 1 0.0152923
16 2 0.0127111
16 3 0.00621459
16 4 -0.00111898
16 5 -0.00979393
16 6 -0.0171046
16 7 -0.0223757
16 8 -0.0244455
16 9 -0.021931
16 10 -0.017107
16 11 -0.00940933
16 12 -0.00100166
16 13 0.00774103
16 14 0.0154331
16 15 0.0199767
16 16 0.0219271
16 17 0.0205331
16 18 0.0166676
16 19 0.011001
16 20 0.00460728
16 21 -0.00112335
16 22 -0.00560694
16 23 -0.00897351
16 24 -0.0101012
16 25 -0.00962005
16 26 -0.00788857
16 27 -0.00492234
16 28 -0.00176103
16 29 0.00214788
16 30 0.00562592
16 31 0.00908428
16 32 0.0125602
16 33 0.0154246
16 34 0.0174732
16 35 0.0185611
16 36 0.0177895
16 37 0.0151353
16 38 0.010531
16 39 0.00448317
16 40 -0.00229504
16 41 -0.00922639
16 42 -0.0147808
16 43 -0.0189039
16 44 -0.0213351
16 45 -0.0217289
16 46 -0.0211479
16 47 -0.0207486
16 48 -0.0202759
16 49 -0.0210533
16 50 -0.022882
16 51 -0.024744
16 52 -0.0264332
16 53 -0.0276565
16 54 -0.0271058
16 55 -0.0254407
16 56 -0.0229945
16 57 -0.0202165
16 58 -0.0180564
16 59 -0.0173545
16 60 -0.0177427
16 61 -0.0196055
16 62 -0.0221202
16 63 -0.0243536
16 64 -0.0258768
16 65 -0.0263738
16 66 -0.0252071
16 67 -0.0237021
16 68 -0.0221715
16 69 -0.0208341
16 70 -0.0207169
16 71 -0.0220192
16 72 -0.0234039
16 73 -0.0251048
16 74 -0.025916
16 75 -0.0247256
16 76 -0.0217853
16 77 -0.0172828
16 78 -0.0111383
16 79 -0.00480842
16 80 0.00128002
16 81 0.00644338
16 82 0.0102966
16 83 0.0128335
16 84 0.014113
16 85 0.0148036
16 86 0.014954
16 87 0.0143741
16 88 0.0134726
16 89 0.0117587
16 90 0.00859836
16 91 0.00491293
16 92 0.000137902
16 93 -0.0044884
16 94 -0.00867979
16 95 -0.0114793
16 96 -0.0119643
16 97 -0.0105918
16 98 -0.00715069
16 99 -0.00158104
16 100 0.00475757
16 101 0.0112991
16 102 0.0172344
16 103 0.0212034
16 104 0.0231616
16 105 0.0209688
16 106 0.0160782
16 107 0.00859876
16 108 -0.000744341
16 109 -0.0100359
16 110 -0.0190352
16 111 -0.0244507
16 112 -0.0265635
16 113 -0.0242067
16 114 -0.017751
16 115 -0.00873569
16 116 0.00208821
16 117 0.0108858
16 118 0.0170906
16 119 0

17 0 0
17 1 0.0140289
17 2 0.00995472
17 3 0.00291297
17 4 -0.00483607
17 5 -0.0128328
17 6 -0.0188705
17 7 -0.0223096
17 8 -0.0217554
17 9 -0.0172346
17 10 -0.0100831
17 11 -0.00137049
17 12 0.00751445
17 13 0.0154174
17 14 0.0206914
17 15 0.0225815
17 16 0.0205331
17 17 0.0158313
17 18 0.00852346
17 19 0.000709887
17 20 -0.00615535
17 21 -0.011079
17 22 -0.0129721
17 23 -0.0128707
17 24 -0.00976017
17 25 -0.00546207
17 26 -0.000436574
17 27 0.00430966
17 28 0.0084281
17 29 0.0115829
17 30 0.0135113
17 31 0.0148445
17 32 0.0157195
17 33 0.0160005
17 34 0.015538
17 35 0.0145186
17 36 0.0116221
17 37 0.00746695
17 38 0.00128763
17 39 -0.00585686
17 40 -0.0136841
17 41 -0.0209923
17 42 -0.0266107
17 43 -0.0298187
17 44 -0.031019
17 45 -0.0295695
17 46 -0.0270831
17 47 -0.0247217
17 48 -0.0225701
17 49 -0.0218053
17 50 -0.0225888
17 51 -0.0236574
17 52 -0.0247363
17 53 -0.0252506
17 54 -0.0238949
17 55 -0.0214567
17 56 -0.0181424
17 57 -0.0143798
17 58 -0.0116051
17 59 -0.010727
17 60 -0.0110723
17 61 -0.0133288
17 62 -0.0165918
17 63 -0.0194543
17 64 -0.0214843
17 65 -0.0225225
17 66 -0.0217699
17 67 -0.0205993
17 68 -0.0195634
17 69 -0.0190224
17 70 -0.0201998
17 71 -0.0230296
17 72 -0.0262647
17 73 -0.0299125
17 74 -0.0326945
17 75 -0.0330671
17 76 -0.0314977
17 77 -0.0276124
17 78 -0.0219001
17 79 -0.0155139
17 80 -0.00939652
17 81 -0.00378058
17 82 0.000494222
17 83 0.00423468
17 84 0.00689959
17 85 0.00978363
17 86 0.0125244
17 87 0.015138
17 88 0.0172837
17 89 0.018634
17 90 0.0178998
17 91 0.015289
17 92 0.0105962
17 93 0.00444236
17 94 -0.00234836
17 95 -0.0088069
17 96 -0.0129648
17 97 -0.0153527
17 98 -0.0144691
17 99 -0.0109526
17 100 -0.00485885
17 101 0.00259669
17 102 0.0101578
17 103 0.0170171
17 104 0.0215809
17 105 0.0227313
17 106 0.0202721
17 107 0.0148684
17 108 0.00686883
17 109 -0.00212917
17 110 -0.0115832
17 111 -0.0186558
17 112 -0.0227205
17 113 -0.0228573
17 114 -0.0186041
17 115 -0.0116781
17 116 -0.00206947
17 117 0.00647901
17 118 0.0132094
17 119 0

18 0 0
18 1 0.010788
18 2 0.00554461
18 3 -0.00149777
18 4 -0.00864315
18 5 -0.014763
18 6 -0.0185063
18 7 -0.0191926
18 8 -0.0158195
18 9 -0.00931071
18 10 -0.000744497
18 11 0.00815843
18 12 0.0161407
18 13 0.0220625
18 14 0.0241011
18 15 0.0224514
18 16 0.0166676
18 17 0.00852346
18 18 -0.00129611
18 19 -0.0105871
18 20 -0.0171936
18 21 -0.0205058
18 22 -0.0196336
18 23 -0.0158981
18 24 -0.0088636
18 25 -0.00120292
18 26 0.00640972
18 27 0.0124607
18 28 0.0164881
18 29 0.0184963
18 30 0.0179885
18 31 0.0168038
18 32 0.0148592
18 33 0.0127172
18 34 0.0102272
18 35 0.00797571
18 36 0.00395115
18 37 -0.000673173
18 38 -0.00697877
18 39 -0.0141017
18 40 -0.0213851
18 41 -0.0279228
18 42 -0.0324042
18 43 -0.0342921
18 44 -0.0335124
18 45 -0.0303107
18 46 -0.0255878
18 47 -0.0214937
18 48 -0.017595
18 49 -0.0158346
18 50 -0.0154703
18 51 -0.0161251
18 52 -0.0166479
18 53 -0.017077
18 54 -0.0150689
18 55 -0.0123226
18 56 -0.00830991
18 57 -0.00420456
18 58 -0.000823105
18 59 2.03081e-05
18 60 -0.000210806
18 61 -0.00298277
18 62 -0.00648653
18 63 -0.00991176
18 64 -0.0120939
18 65 -0.0135801
18 66 -0.0126816
18 67 -0.0117843
18 68 -0.0108531
18 69 -0.0111165
18 70 -0.0129307
18 71 -0.0171586
18 72 -0.0217874
18 73 -0.0274149
18 74 -0.0317404
18 75 -0.0340608
18 76 -0.0338664
18 77 -0.0314421
18 78 -0.0269297
18 79 -0.0218386
18 80 -0.0165665
18 81 -0.011938
18 82 -0.0082731
18 83 -0.00462803
18 84 -0.00174536
18 85 0.00225132
18 86 0.00689586
18 87 0.0121743
18 88 0.0171804
18 89 0.0218358
18 90 0.0235364
18 91 0.0227719
18 92 0.0186456
18 93 0.0119099
18 94 0.00338859
18 95 -0.00575221
18 96 -0.0131551
18 97 -0.0187432
18 98 -0.0208307
18 99 -0.0197125
18 100 -0.0146682
18 101 -0.00741041
18 102 0.00124033
18 103 0.0100114
18 104 0.0172305
18 105 0.0217914
18 106 0.0225299
18 107 0.020263
18 108 0.0148467
18 109 0.00741414
18 110 -0.00144898
18 111 -0.00957704
18 112 -0.0155965
18 113 -0.0185666
18 114 -0.0176769
18 115 -0.0137532
18 116 -0.00678856
18 117 0.000708809
18 118 0.00750664
18 119 0

19 0 0
19 1 0.00637769
19 2 0.000674742
19 3 -0.00579248
19 4 -0.0110912
19 5 -0.0148104
19 6 -0.0156882
19 7 -0.0135676
19 8 -0.00811741
19 9 -0.000318462
19 10 0.008227
19 11 0.0161724
19 12 0.0223423
19 13 0.0254626
19 14 0.0244867
19 15 0.0195563
19 16 0.011001
19 17 0.000709887
19 18 -0.0105871
19 19 -0.0200072
19 20 -0.0256572
19 21 -0.0268766
19 22 -0.0232006
19 23 -0.0162572
19 24 -0.00635387
19 25 0.00368188
19 26 0.0122242
19 27 0.0182559
19 28 0.0211725
19 29 0.0208202
19 30 0.0179464
19 31 0.0138148
19 32 0.00945644
19 33 0.00526906
19 34 0.00164831
19 35 -0.00109921
19 36 -0.00448842
19 37 -0.00827317
19 38 -0.0130775
19 39 -0.0185565
19 40 -0.0242438
19 41 -0.0288131
19 42 -0.031389
19 43 -0.0311911
19 44 -0.0285524
19 45 -0.0232788
19 46 -0.0170341
19 47 -0.0111821
19 48 -0.00625243
19 49 -0.00343555
19 50 -0.00291242
19 51 -0.00321243
19 52 -0.00389657
19 53 -0.0041564
19 54 -0.00250714
19 55 0.000493789
19 56 0.00444439
19 57 0.00890736
19 58 0.0121562
19 59 0.0132297
19 60 0.0126918
19 61 0.00998374
19 62 0.00608026
19 63 0.00269989
19 64 0.000296877
19 65 -0.00075335
19 66 0.000122625
19 67 0.00138921
19 68 0.0022496
19 69 0.00218582
19 70 -0.000266063
19 71 -0.00503094
19 72 -0.0109113
19 73 -0.0174993
19 74 -0.0234092
19 75 -0.0270911
19 76 -0.0286781
19 77 -0.0279065
19 78 -0.0254298
19 79 -0.0221083
19 80 -0.019061
19 81 -0.0166305
19 82 -0.0148973
19 83 -0.0130246
19 84 -0.0110228
19 85 -0.00715888
19 86 -0.00168064
19 87 0.00511146
19 88 0.0125626
19 89 0.0195323
19 90 0.0241928
19 91 0.0255503
19 92 0.0230898
19 93 0.017192
19 94 0.00830538
19 95 -0.00206451
19 96 -0.0114234
19 97 -0.0193788
19 98 -0.0239721
19 99 -0.0250454
19 100 -0.0219131
19 101 -0.0154995
19 102 -0.00728342
19 103 0.00206053
19 104 0.0108444
19 105 0.0176855
19 106 0.0216178
19 107 0.022578
19 108 0.0205378
19 109 0.0159122
19 110 0.00864705
19 111 0.000821088
19 112 -0.00652296
19 113 -0.011964
19 114 -0.0144686
19 115 -0.0143348
19 116 -0.0105544
19 117 -0.00521432
19 118 0.00106197
19 119 0

20 0 0
20 1 0.00138318
20 2 -0.00464604
20 3 -0.00930407
20 4 -0.0129264
20 5 -0.0134095
20 6 -0.0117363
20 7 -0.00736692
20 8 -0.00017229
20 9 0.00733084
20 10 0.0154809
20 11 0.0212526
20 12 0.025155
20 13 0.0256628
20 14 0.0216556
20 15 0.0148946
20 16 0.00460728
20 17 -0.00615535
20 18 -0.0171936
20 19 -0.0256572
20 20 -0.0294555
20 21 -0.0285817
20 22 -0.0228413
20 23 -0.0138634
20 24 -0.00252563
20 25 0.00796385
20 26 0.0164478
20 27 0.0209925
20 28 0.0219731
20 29 0.0190321
20 30 0.0132391
20 31 0.00682641
20 32 0.000555913
20 33 -0.00452206
20 34 -0.00812589
20 35 -0.00983446
20 36 -0.0117875
20 37 -0.0131975
20 38 -0.0154523
20 39 -0.0182537
20 40 -0.0212063
20 41 -0.0232846
20 42 -0.0238552
20 43 -0.0218076
20 44 -0.0173202
20 45 -0.0108812
20 46 -0.00336028
20 47 0.00321998
20 48 0.00850904
20 49 0.0112751
20 50 0.0119966
20 51 0.0110689
20 52 0.00988189
20 53 0.00897521
20 54 0.0103201
20 55 0.012693
20 56 0.0164256
20 57 0.0204573
20 58 0.0236954
20 59 0.0245079
20 60 0.0240048
20 61 0.0210929
20 62 0.0174225
20 63 0.0140974
20 64 0.0121962
20 65 0.0113839
20 66 0.0129024
20 67 0.0147496
20 68 0.0164071
20 69 0.0164096
20 70 0.0143916
20 71 0.00973839
20 72 0.00373092
20 73 -0.00348619
20 74 -0.00980262
20 75 -0.0146155
20 76 -0.0172821
20 77 -0.0179172
20 78 -0.0173788
20 79 -0.0165568
20 80 -0.0161092
20 81 -0.0165749
20 82 -0.0177969
20 83 -0.0183607
20 84 -0.0186186
20 85 -0.0162403
20 86 -0.0114259
20 87 -0.00419073
20 88 0.00421984
20 89 0.0132724
20 90 0.0200693
20 91 0.0236811
20 92 0.023488
20 93 0.019145
20 94 0.0115484
20 95 0.00168172
20 96 -0.00794703
20 97 -0.0167569
20 98 -0.0227477
20 99 -0.0259975
20 100 -0.0246953
20 101 -0.0203537
20 102 -0.0137193
20 103 -0.00495899
20 104 0.00351794
20 105 0.0120127
20 106 0.0178202
20 107 0.0217782
20 108 0.0232378
20 109 0.0214317
20 110 0.0170472
20 111 0.00993666
20 112 0.00252942
20 113 -0.00474943
20 114 -0.0104025
20 115 -0.0136111
20 116 -0.0137738
20 117 -0.0105932
