0 0 0
0 1 0
0 2 0
0 3 0
0 4 0
0 5 0
0 6 0
0 7 0
0 8 0
0 9 0
0 10 0
0 11 0
0 12 0
0 13 0
0 14 0
0 15 0
0 16 0
0 17 0
0 18 0
0 19 0
0 20 0
0 21 0
0 22 0
0 23 0
0 24 0
0 25 0
0 26 0
0 27 0
0 28 0
0 29 0
0 30 0
0 31 0
0 32 0
0 33 0
0 34 0
0 35 0
0 36 0
0 37 0
0 38 0
0 39 0
0 40 0
0 41 0
0 42 0
0 43 0
0 44 0
0 45 0
0 46 0
0 47 0
0 48 0
0 49 0
0 50 0
0 51 0
0 52 0
0 53 0
0 54 0
0 55 0
0 56 0
0 57 0
0 58 0
0 59 0
0 60 0
0 61 0
0 62 0
0 63 0
0 64 0
0 65 0
0 66 0
0 67 0
0 68 0
0 69 0
0 70 0
0 71 0
0 72 0
0 73 0
0 74 0
0 75 0
0 76 0
0 77 0
0 78 0
0 79 0
0 80 0
0 81 0
0 82 0
0 83 0
0 84 0
0 85 0
0 86 0
0 87 0
0 88 0
0 89 0
0 90 0
0 91 0
0 92 0
0 93 0
0 94 0
0 95 0
0 96 0
0 97 0
0 98 0
0 99 0
0 100 0
0 101 0

1 0 0
1 1 0
1 2 -0.129328
1 3 -0.128057
1 4 -0.125733
1 5 -0.122401
1 6 -0.118124
1 7 -0.112963
1 8 -0.107009
1 9 -0.100344
1 10 -0.0930783
1 11 -0.0853361
1 12 -0.0772397
1 13 -0.0689073
1 14 -0.0604841
1 15 -0.0520959
1 16 -0.0438906
1 17 -0.0359918
1 18 -0.0285261
1 19 -0.0216078
1 20 -0.0153534
1 21 -0.00986105
1 22 -0.00522571
1 23 -0.0015146
1 24 0.00121795
1 25 0.00292571
1 26 0.0035907
1 27 0.00320282
1 28 0.0017681
1 29 -0.000695657
1 30 -0.00413873
1 31 -0.00850657
1 32 -0.0137166
1 33 -0.0196895
1 34 -0.0263157
1 35 -0.0334871
1 36 -0.0410911
1 37 -0.0489949
1 38 -0.057067
1 39 -0.065178
1 40 -0.073194
1 41 -0.0809748
1 42 -0.0883926
1 43 -0.0953352
1 44 -0.101683
1 45 -0.107338
1 46 -0.112195
1 47 -0.116171
1 48 -0.119203
1 49 -0.121252
1 50 -0.122273
1 51 -0.122271
1 52 -0.121208
1 53 -0.119124
1 54 -0.116048
1 55 -0.11203
1 56 -0.107135
1 57 -0.101461
1 58 -0.0950936
1 59 -0.0881278
1 60 -0.0806759
1 61 -0.0728717
1 62 -0.0648428
1 63 -0.0567233
1 64 -0.0486424
1 65 -0.0407268
1 66 -0.0331133
1 67 -0.0259332
1 68 -0.019309
1 69 -0.013347
1 70 -0.00814451
1 71 -0.00379626
1 72 -0.000365386
1 73 0.00207836
1 74 0.00349961
1 75 0.00387205
1 76 0.00319118
1 77 0.00146629
1 78 -0.00128838
1 79 -0.00502921
1 80 -0.00968798
1 81 -0.0151997
1 82 -0.0214839
1 83 -0.0284266
1 84 -0.0359197
1 85 -0.0438425
1 86 -0.0520732
1 87 -0.0604798
1 88 -0.0689274
1 89 -0.0772748
1 90 -0.0853947
1 91 -0.0931551
1 92 -0.100437
1 93 -0.107114
1 94 -0.113085
1 95 -0.118255
1 96 -0.122538
1 97 -0.125862
1 98 -0.128184
1 99 -0.129469
1 100 0
1 101 0

2 0 0
2 1 -0.129328
2 2 -1.03965
2 3 -1.02935
2 4 -1.01067
2 5 -0.983903
2 6 -0.949512
2 7 -0.90805
2 8 -0.860158
2 9 -0.806597
2 10 -0.748221
2 11 -0.68598
2 12 -0.620869
2 13 -0.553917
2 14 -0.486204
2 15 -0.418815
2 16 -0.352844
2 17 -0.289339
2 18 -0.229306
2 19 -0.173704
2 20 -0.123433
2 21 -0.0792981
2 22 -0.0420103
2 23 -0.012158
2 24 0.00981277
2 25 0.0235645
2 26 0.0289047
2 27 0.0257617
2 28 0.0141936
2 29 -0.00560196
2 30 -0.0332845
2 31 -0.0683775
2 32 -0.11027
2 33 -0.158258
2 34 -0.211524
2 35 -0.269188
2 36 -0.330302
2 37 -0.393836
2 38 -0.458736
2 39 -0.523933
2 40 -0.588338
2 41 -0.650882
2 42 -0.71055
2 43 -0.766368
2 44 -0.817407
2 45 -0.862827
2 46 -0.901845
2 47 -0.933817
2 48 -0.958232
2 49 -0.974697
2 50 -0.98294
2 51 -0.982812
2 52 -0.974294
2 53 -0.957531
2 54 -0.932808
2 55 -0.900533
2 56 -0.861245
2 57 -0.815623
2 58 -0.764396
2 59 -0.708389
2 60 -0.648522
2 61 -0.585795
2 62 -0.521248
2 63 -0.455948
2 64 -0.39096
2 65 -0.327344
2 66 -0.266171
2 67 -0.208472
2 68 -0.155212
2 69 -0.107282
2 70 -0.0654751
2 71 -0.0304969
2 72 -0.00294065
2 73 0.0167218
2 74 0.0281584
2 75 0.0311758
2 76 0.0256996
2 77 0.011783
2 78 -0.0103685
2 79 -0.0404228
2 80 -0.0778995
2 81 -0.122224
2 82 -0.172699
2 83 -0.228502
2 84 -0.288739
2 85 -0.35245
2 86 -0.418615
2 87 -0.486179
2 88 -0.554064
2 89 -0.621179
2 90 -0.686452
2 91 -0.748841
2 92 -0.807344
2 93 -0.861018
2 94 -0.90901
2 95 -0.950564
2 96 -0.984996
2 97 -1.01176
2 98 -1.03044
2 99 -1.04077
2 100 -0.129469
2 101 0

3 0 0
3 1 -0.128057
3 2 -1.02935
3 3 -1.01899
3 4 -1.00034
3 5 -0.973669
3 6 -0.939359
3 7 -0.89801
3 8 -0.850184
3 9 -0.796751
3 10 -0.738529
3 11 -0.676416
3 12 -0.611412
3 13 -0.544639
3 14 -0.47707
3 15 -0.409872
3 16 -0.344029
3 17 -0.28064
3 18 -0.220714
3 19 -0.165244
3 20 -0.115091
3 21 -0.0710718
3 22 -0.0338365
3 23 -0.00402303
3 24 0.017901
3 25 0.0316414
3 26 0.0369398
3 27 0.0337443
3 28 0.0221274
3 29 0.00235214
3 30 -0.0253108
3 31 -0.0603386
3 32 -0.102191
3 33 -0.150083
3 34 -0.203278
3 35 -0.260871
3 36 -0.321871
3 37 -0.385308
3 38 -0.450118
3 39 -0.515203
3 40 -0.579473
3 41 -0.641923
3 42 -0.701541
3 43 -0.757281
3 44 -0.808251
3 45 -0.853548
3 46 -0.892471
3 47 -0.924406
3 48 -0.948824
3 49 -0.965267
3 50 -0.973521
3 51 -0.97327
3 52 -0.964788
3 53 -0.948041
3 54 -0.923378
3 55 -0.891193
3 56 -0.852042
3 57 -0.80648
3 58 -0.755292
3 59 -0.699361
3 60 -0.639632
3 61 -0.57702
3 62 -0.512563
3 63 -0.447323
3 64 -0.382398
3 65 -0.318906
3 66 -0.257868
3 67 -0.200284
3 68 -0.147091
3 69 -0.099215
3 70 -0.0574759
3 71 -0.022512
3 72 0.00499272
3 73 0.024667
3 74 0.0361257
3 75 0.0391914
3 76 0.0337394
3 77 0.0198121
3 78 -0.00230142
3 79 -0.0322695
3 80 -0.0696913
3 81 -0.113933
3 82 -0.164246
3 83 -0.219913
3 84 -0.280029
3 85 -0.34363
3 86 -0.409658
3 87 -0.477062
3 88 -0.544773
3 89 -0.611758
3 90 -0.676901
3 91 -0.739163
3 92 -0.797494
3 93 -0.85106
3 94 -0.898944
3 95 -0.940393
3 96 -0.974748
3 97 -1.00149
3 98 -1.02015
3 99 -1.03045
3 100 -0.128186
3 101 0

4 0 0
4 1 -0.125733
4 2 -1.01067
4 3 -1.00034
4 4 -0.981795
4 5 -0.955261
4 6 -0.921065
4 7 -0.879787
4 8 -0.832053
4 9 -0.778768
4 10 -0.720693
4 11 -0.658738
4 12 -0.593857
4 13 -0.527201
4 14 -0.459795
4 15 -0.392759
4 16 -0.327061
4 17 -0.263826
4 18 -0.204053
4 19 -0.148717
4 20 -0.0986717
4 21 -0.0547536
4 22 -0.0176837
4 23 0.012038
4 24 0.0338961
4 25 0.0475578
4 26 0.0528368
4 27 0.0496036
4 28 0.0379563
4 29 0.0181547
4 30 -0.00944462
4 31 -0.044471
4 32 -0.0862054
4 33 -0.134067
4 34 -0.187205
4 35 -0.244767
4 36 -0.30571
4 37 -0.369018
4 38 -0.433752
4 39 -0.498731
4 40 -0.562906
4 41 -0.625335
4 42 -0.684871
4 43 -0.740503
4 44 -0.791381
4 45 -0.836618
4 46 -0.875496
4 47 -0.907446
4 48 -0.931814
4 49 -0.9482
4 50 -0.9564
4 51 -0.956166
4 52 -0.947686
4 53 -0.931003
4 54 -0.906352
4 55 -0.874255
4 56 -0.835163
4 57 -0.789662
4 58 -0.738492
4 59 -0.68266
4 60 -0.623047
4 61 -0.560528
4 62 -0.496184
4 63 -0.431035
4 64 -0.366206
4 65 -0.302769
4 66 -0.241812
4 67 -0.184285
4 68 -0.131144
4 69 -0.0833656
4 70 -0.0416381
4 71 -0.00674737
4 72 0.0207882
4 73 0.040473
4 74 0.0519728
4 75 0.0550292
4 76 0.0496054
4 77 0.0357538
4 78 0.0137299
4 79 -0.0161264
4 80 -0.0534617
4 81 -0.0975899
4 82 -0.147756
4 83 -0.203278
4 84 -0.263217
4 85 -0.326652
4 86 -0.392542
4 87 -0.459831
4 88 -0.527391
4 89 -0.594211
4 90 -0.659181
4 91 -0.721262
4 92 -0.779457
4 93 -0.832952
4 94 -0.880721
4 95 -0.922069
4 96 -0.956302
4 97 -0.982927
4 98 -1.00154
4 99 -1.01175
4 100 -0.125858
4 101 0

5 0 0
5 1 -0.122401
5 2 -0.983903
5 3 -0.973669
5 4 -0.955261
5 5 -0.928822
5 6 -0.894693
5 7 -0.853517
5 8 -0.805997
5 9 -0.752825
5 10 -0.694921
5 11 -0.633087
5 12 -0.568368
5 13 -0.501845
5 14 -0.43457
5 15 -0.367699
5 16 -0.302217
5 17 -0.239182
5 18 -0.179612
5 19 -0.124458
5 20 -0.0745605
5 21 -0.0308091
5 22 0.00612733
5 23 0.0357345
5 24 0.0574926
5 25 0.0710578
5 26 0.0762782
5 27 0.0730258
5 28 0.0614017
5 29 0.0415466
5 30 0.0139163
5 31 -0.0210807
5 32 -0.0628106
5 33 -0.110605
5 34 -0.163696
5 35 -0.221191
5 36 -0.28205
5 37 -0.345326
5 38 -0.409986
5 39 -0.474932
5 40 -0.53906
5 41 -0.601404
5 42 -0.660887
5 43 -0.716404
5 44 -0.767222
5 45 -0.812408
5 46 -0.851225
5 47 -0.883143
5 48 -0.907469
5 49 -0.923805
5 50 -0.931995
5 51 -0.931804
5 52 -0.923368
5 53 -0.90669
5 54 -0.882063
5 55 -0.84997
5 56 -0.810956
5 57 -0.765508
5 58 -0.714433
5 59 -0.6587
5 60 -0.599132
5 61 -0.53668
5 62 -0.472426
5 63 -0.407379
5 64 -0.342623
5 65 -0.279256
5 66 -0.218344
5 67 -0.160866
5 68 -0.107807
5 69 -0.0600544
5 70 -0.0183398
5 71 0.0165379
5 72 0.0441063
5 73 0.0638302
5 74 0.0753506
5 75 0.0784057
5 76 0.0730375
5 77 0.0592743
5 78 0.0374029
5 79 0.0076662
5 80 -0.0295194
5 81 -0.0734627
5 82 -0.123491
5 83 -0.178869
5 84 -0.238635
5 85 -0.301856
5 86 -0.367579
5 87 -0.434695
5 88 -0.502103
5 89 -0.568766
5 90 -0.633532
5 91 -0.695434
5 92 -0.753509
5 93 -0.806807
5 94 -0.854491
5 95 -0.895693
5 96 -0.92983
5 97 -0.956371
5 98 -0.974873
5 99 -0.984996
5 100 -0.122527
5 101 0

6 0 0
6 1 -0.118124
6 2 -0.949512
6 3 -0.939359
6 4 -0.921065
6 5 -0.894693
6 6 -0.860703
6 7 -0.819671
6 8 -0.772331
6 9 -0.719368
6 10 -0.66159
6 11 -0.599891
6 12 -0.535349
6 13 -0.469042
6 14 -0.402034
6 15 -0.335345
6 16 -0.270069
6 17 -0.207219
6 18 -0.147833
6 19 -0.092809
6 20 -0.0431126
6 21 0.000476277
6 22 0.0372784
6 23 0.0667717
6 24 0.088431
6 25 0.101875
6 26 0.106979
6 27 0.10366
6 28 0.0919654
6 29 0.0720788
6 30 0.0444177
6 31 0.00942261
6 32 -0.0323228
6 33 -0.0801667
6 34 -0.133171
6 35 -0.190575
6 36 -0.251458
6 37 -0.31468
6 38 -0.379305
6 39 -0.44419
6 40 -0.508227
6 41 -0.570462
6 42 -0.629865
6 43 -0.685366
6 44 -0.736125
6 45 -0.781262
6 46 -0.820026
6 47 -0.851894
6 48 -0.876169
6 49 -0.892498
6 50 -0.900686
6 51 -0.900531
6 52 -0.89209
6 53 -0.875475
6 54 -0.850881
6 55 -0.818798
6 56 -0.779799
6 57 -0.734427
6 58 -0.683439
6 59 -0.627774
6 60 -0.568267
6 61 -0.505876
6 62 -0.441714
6 63 -0.376752
6 64 -0.312078
6 65 -0.248782
6 66 -0.18794
6 67 -0.13051
6 68 -0.0774374
6 69 -0.0296468
6 70 0.0120721
6 71 0.0469585
6 72 0.0745191
6 73 0.0942753
6 74 0.105878
6 75 0.109028
6 76 0.103756
6 77 0.0901383
6 78 0.0683576
6 79 0.0387411
6 80 0.001723
6 81 -0.0420257
6 82 -0.0918842
6 83 -0.147109
6 84 -0.206739
6 85 -0.269772
6 86 -0.335266
6 87 -0.402107
6 88 -0.469336
6 89 -0.535821
6 90 -0.600383
6 91 -0.662095
6 92 -0.720048
6 93 -0.773164
6 94 -0.820625
6 95 -0.861703
6 96 -0.895722
6 97 -0.9221
6 98 -0.940555
6 99 -0.950606
6 100 -0.118251
6 101 0

7 0 0
7 1 -0.112963
7 2 -0.90805
7 3 -0.89801
7 4 -0.879787
7 5 -0.853517
7 6 -0.819671
7 7 -0.778835
7 8 -0.73165
7 9 -0.678854
7 10 -0.621278
7 11 -0.559789
7 12 -0.495475
7 13 -0.429437
7 14 -0.362616
7 15 -0.296119
7 16 -0.231026
7 17 -0.168388
7 18 -0.109175
7 19 -0.0543462
7 20 -0.00483975
7 21 0.0385725
7 22 0.075251
7 23 0.104593
7 24 0.126083
7 25 0.139403
7 26 0.144382
7 27 0.140972
7 28 0.129187
7 29 0.109256
7 30 0.0815486
7 31 0.0465277
7 32 0.00472441
7 33 -0.0430667
7 34 -0.0960594
7 35 -0.153447
7 36 -0.214249
7 37 -0.277482
7 38 -0.342013
7 39 -0.406822
7 40 -0.470825
7 41 -0.532999
7 42 -0.592357
7 43 -0.647834
7 44 -0.698534
7 45 -0.743611
7 46 -0.78231
7 47 -0.814114
7 48 -0.838384
7 49 -0.854708
7 50 -0.862896
7 51 -0.862766
7 52 -0.854291
7 53 -0.837697
7 54 -0.813188
7 55 -0.781116
7 56 -0.742169
7 57 -0.696884
7 58 -0.645973
7 59 -0.59039
7 60 -0.530878
7 61 -0.468546
7 62 -0.404488
7 63 -0.339593
7 64 -0.274936
7 65 -0.211722
7 66 -0.150928
7 67 -0.0935214
7 68 -0.0404887
7 69 0.00729269
7 70 0.0489928
7 71 0.0839739
7 72 0.111606
7 73 0.13139
7 74 0.143046
7 75 0.146338
7 76 0.141191
7 77 0.127735
7 78 0.106107
7 79 0.0765935
7 80 0.0397384
7 81 -0.00385004
7 82 -0.0535324
7 83 -0.108527
7 84 -0.167933
7 85 -0.23077
7 86 -0.296051
7 87 -0.362704
7 88 -0.429662
7 89 -0.49592
7 90 -0.560279
7 91 -0.621837
7 92 -0.679583
7 93 -0.732482
7 94 -0.779743
7 95 -0.820639
7 96 -0.854559
7 97 -0.880894
7 98 -0.899196
7 99 -0.909128
7 100 -0.113088
7 101 0

8 0 0
8 1 -0.107009
8 2 -0.860158
8 3 -0.850184
8 4 -0.832053
8 5 -0.805997
8 6 -0.772331
8 7 -0.73165
8 8 -0.684609
8 9 -0.631963
8 10 -0.574609
8 11 -0.513362
8 12 -0.449316
8 13 -0.38348
8 14 -0.316892
8 15 -0.250605
8 16 -0.185709
8 17 -0.12331
8 18 -0.0643336
8 19 -0.00973414
8 20 0.0395487
8 21 0.0827995
8 22 0.119302
8 23 0.148447
8 24 0.169755
8 25 0.18294
8 26 0.187778
8 27 0.184262
8 28 0.172428
8 29 0.152449
8 30 0.124694
8 31 0.089632
8 32 0.0477907
8 33 5.05123e-06
8 34 -0.053029
8 35 -0.110381
8 36 -0.171135
8 37 -0.234299
8 38 -0.298814
8 39 -0.363602
8 40 -0.427593
8 41 -0.489747
8 42 -0.549048
8 43 -0.60448
8 44 -0.655098
8 45 -0.700148
8 46 -0.738819
8 47 -0.770566
8 48 -0.794779
8 49 -0.811093
8 50 -0.819302
8 51 -0.819158
8 52 -0.810695
8 53 -0.794136
8 54 -0.769679
8 55 -0.73768
8 56 -0.698776
8 57 -0.653563
8 58 -0.60271
8 59 -0.547172
8 60 -0.487698
8 61 -0.425413
8 62 -0.361411
8 63 -0.296535
8 64 -0.231903
8 65 -0.16872
8 66 -0.107971
8 67 -0.0505967
8 68 0.00244282
8 69 0.0502083
8 70 0.0918783
8 71 0.126941
8 72 0.154651
8 73 0.174502
8 74 0.186231
8 75 0.189631
8 76 0.184626
8 77 0.171355
8 78 0.149887
8 79 0.120544
8 80 0.0838626
8 81 0.0404503
8 82 -0.0090252
8 83 -0.0638039
8 84 -0.122952
8 85 -0.185508
8 86 -0.250559
8 87 -0.316968
8 88 -0.383706
8 89 -0.449715
8 90 -0.513899
8 91 -0.57524
8 92 -0.632744
8 93 -0.685415
8 94 -0.732502
8 95 -0.773257
8 96 -0.807008
8 97 -0.833243
8 98 -0.851423
8 99 -0.861217
8 100 -0.107124
8 101 0

9 0 0
9 1 -0.100344
9 2 -0.806597
9 3 -0.796751
9 4 -0.778768
9 5 -0.752825
9 6 -0.719368
9 7 -0.678854
9 8 -0.631963
9 9 -0.579539
9 10 -0.52239
9 11 -0.461406
9 12 -0.397566
9 13 -0.331968
9 14 -0.26564
9 15 -0.199558
9 16 -0.134915
9 17 -0.0727643
9 18 -0.0140258
9 19 0.0403179
9 20 0.0893626
9 21 0.132364
9 22 0.168698
9 23 0.197657
9 24 0.218798
9 25 0.231837
9 26 0.236547
9 27 0.232891
9 28 0.220908
9 29 0.200881
9 30 0.173078
9 31 0.137985
9 32 0.0961422
9 33 0.0482518
9 34 -0.00478657
9 35 -0.062144
9 36 -0.12287
9 37 -0.186025
9 38 -0.250526
9 39 -0.315235
9 40 -0.379195
9 41 -0.4413
9 42 -0.500533
9 43 -0.555898
9 44 -0.606485
9 45 -0.651533
9 46 -0.690214
9 47 -0.721895
9 48 -0.746083
9 49 -0.762439
9 50 -0.770648
9 51 -0.770513
9 52 -0.762036
9 53 -0.745488
9 54 -0.721056
9 55 -0.689112
9 56 -0.650294
9 57 -0.6051
9 58 -0.554268
9 59 -0.498807
9 60 -0.439401
9 61 -0.377139
9 62 -0.313146
9 63 -0.2483
9 64 -0.183762
9 65 -0.120612
9 66 -0.0598792
9 67 -0.00249508
9 68 0.0505699
9 69 0.0983683
9 70 0.140095
9 71 0.175165
9 72 0.202914
9 73 0.222835
9 74 0.234726
9 75 0.238267
9 76 0.233372
9 77 0.220241
9 78 0.198952
9 79 0.169822
9 80 0.133363
9 81 0.0901977
9 82 0.040976
9 83 -0.0135717
9 84 -0.0724736
9 85 -0.13479
9 86 -0.199579
9 87 -0.265761
9 88 -0.332256
9 89 -0.398014
9 90 -0.461949
9 91 -0.523019
9 92 -0.580254
9 93 -0.632776
9 94 -0.679731
9 95 -0.720271
9 96 -0.753818
9 97 -0.779865
9 98 -0.797942
9 99 -0.807651
9 100 -0.100462
9 101 0

10 0 0
10 1 -0.0930783
10 2 -0.748221
10 3 -0.738529
10 4 -0.720693
10 5 -0.694921
10 6 -0.66159
10 7 -0.621278
10 8 -0.574609
10 9 -0.52239
10 10 -0.465401
10 11 -0.40466
10 12 -0.3411
10 13 -0.275744
10 14 -0.209694
10 15 -0.143892
10 16 -0.0794742
10 17 -0.0175966
10 18 0.0408842
10 19 0.0949896
10 20 0.143791
10 21 0.18658
10 22 0.222656
10 23 0.251373
10 24 0.272329
10 25 0.285246
10 26 0.289813
10 27 0.286029
10 28 0.273938
10 29 0.253818
10 30 0.225865
10 31 0.190741
10 32 0.148878
10 33 0.100967
10 34 0.0479186
10 35 -0.00944215
10 36 -0.070204
10 37 -0.133325
10 38 -0.197821
10 39 -0.262535
10 40 -0.326422
10 41 -0.388509
10 42 -0.447698
10 43 -0.503008
10 44 -0.553589
10 45 -0.598631
10 46 -0.637311
10 47 -0.668995
10 48 -0.69315
10 49 -0.709469
10 50 -0.717683
10 51 -0.717509
10 52 -0.709101
10 53 -0.692574
10 54 -0.668153
10 55 -0.63625
10 56 -0.597448
10 57 -0.552261
10 58 -0.501504
10 59 -0.446111
10 60 -0.38681
10 61 -0.324598
10 62 -0.260544
10 63 -0.195736
10 64 -0.131259
10 65 -0.0681058
10 66 -0.00735829
10 67 0.049981
10 68 0.103079
10 69 0.150943
10 70 0.192717
10 71 0.227873
10 72 0.255637
10 73 0.275699
10 74 0.28769
10 75 0.291346
10 76 0.286609
10 77 0.273644
10 78 0.252549
10 79 0.223666
10 80 0.18744
10 81 0.144536
10 82 0.0955466
10 83 0.0412397
10 84 -0.0173536
10 85 -0.0794271
10 86 -0.143954
10 87 -0.209823
10 88 -0.276078
10 89 -0.341554
10 90 -0.405215
10 91 -0.46607
10 92 -0.523062
10 93 -0.575406
10 94 -0.622176
10 95 -0.662551
10 96 -0.695862
10 97 -0.721726
10 98 -0.73966
10 99 -0.749274
10 100 -0.0932021
10 101 0

11 0 0
11 1 -0.0853361
11 2 -0.68598
11 3 -0.676416
11 4 -0.658738
11 5 -0.633087
11 6 -0.599891
11 7 -0.559789
11 8 -0.513362
11 9 -0.461406
11 10 -0.40466
11 11 -0.344213
11 12 -0.280895
11 13 -0.215825
11 14 -0.149996
11 15 -0.0844732
11 16 -0.0203483
11 17 0.0412705
11 18 0.0994988
11 19 0.153351
11 20 0.201966
11 21 0.244514
11 22 0.280359
11 23 0.30883
11 24 0.329568
11 25 0.342285
11 26 0.346696
11 27 0.342759
11 28 0.330547
11 29 0.310322
11 30 0.282279
11 31 0.247052
11 32 0.205154
11 33 0.157245
11 34 0.104211
11 35 0.0468377
11 36 -0.0139596
11 37 -0.0771186
11 38 -0.141627
11 39 -0.206327
11 40 -0.270185
11 41 -0.332187
11 42 -0.391375
11 43 -0.446659
11 44 -0.497206
11 45 -0.542203
11 46 -0.580837
11 47 -0.612504
11 48 -0.636709
11 49 -0.652969
11 50 -0.661149
11 51 -0.660971
11 52 -0.652622
11 53 -0.636108
11 54 -0.611738
11 55 -0.579854
11 56 -0.541103
11 57 -0.496
11 58 -0.445279
11 59 -0.389913
11 60 -0.330654
11 61 -0.268494
11 62 -0.204493
11 63 -0.139699
11 64 -0.0752449
11 65 -0.012058
11 66 0.0486996
11 67 0.106078
11 68 0.159132
11 69 0.207017
11 70 0.248864
11 71 0.284075
11 72 0.311962
11 73 0.332119
11 74 0.344263
11 75 0.348017
11 76 0.343468
11 77 0.330706
11 78 0.309849
11 79 0.281206
11 80 0.245239
11 81 0.202584
11 82 0.153837
11 83 0.0998073
11 84 0.0414728
11 85 -0.0203594
11 86 -0.0846136
11 87 -0.150219
11 88 -0.216161
11 89 -0.281385
11 90 -0.344748
11 91 -0.405303
11 92 -0.462027
11 93 -0.514128
11 94 -0.560677
11 95 -0.600891
11 96 -0.634031
11 97 -0.659716
11 98 -0.677508
11 99 -0.687028
11 100 -0.0854609
11 101 0

12 0 0
12 1 -0.0772397
12 2 -0.620869
12 3 -0.611412
12 4 -0.593857
12 5 -0.568368
12 6 -0.535349
12 7 -0.495475
12 8 -0.449316
12 9 -0.397566
12 10 -0.3411
12 11 -0.280895
12 12 -0.217888
12 13 -0.153012
12 14 -0.0874619
12 15 -0.0222587
12 16 0.041544
12 17 0.102888
12 18 0.160833
12 19 0.21443
12 20 0.26277
12 21 0.3051
12 22 0.340681
12 23 0.368969
12 24 0.389501
12 25 0.401991
12 26 0.406228
12 27 0.402158
12 28 0.389767
12 29 0.369418
12 30 0.341278
12 31 0.305956
12 32 0.263979
12 33 0.216097
12 34 0.162967
12 35 0.105551
12 36 0.0447846
12 37 -0.0182946
12 38 -0.0827707
12 39 -0.14749
12 40 -0.211356
12 41 -0.273312
12 42 -0.332417
12 43 -0.387685
12 44 -0.438237
12 45 -0.483175
12 46 -0.521738
12 47 -0.553397
12 48 -0.577568
12 49 -0.593844
12 50 -0.602066
12 51 -0.601946
12 52 -0.593608
12 53 -0.577082
12 54 -0.552718
12 55 -0.520881
12 56 -0.482146
12 57 -0.4371
12 58 -0.386454
12 59 -0.331112
12 60 -0.27188
12 61 -0.209753
12 62 -0.145858
12 63 -0.0811096
12 64 -0.0166662
12 65 0.0464774
12 66 0.107266
12 67 0.164666
12 68 0.217739
12 69 0.26567
12 70 0.307564
12 71 0.342894
12 72 0.370866
12 73 0.391162
12 74 0.403409
12 75 0.407406
12 76 0.403039
12 77 0.390462
12 78 0.369798
12 79 0.341391
12 80 0.305682
12 81 0.263274
12 82 0.214767
12 83 0.161013
12 84 0.102968
12 85 0.041478
12 86 -0.0224472
12 87 -0.0877237
12 88 -0.153402
12 89 -0.218324
12 90 -0.281448
12 91 -0.341738
12 92 -0.398224
12 93 -0.450051
12 94 -0.496346
12 95 -0.536343
12 96 -0.569325
12 97 -0.594834
12 98 -0.612462
12 99 -0.621906
12 100 -0.0773654
12 101 0

13 0 0
13 1 -0.0689073
13 2 -0.553917
13 3 -0.544639
13 4 -0.527201
13 5 -0.501845
13 6 -0.469042
13 7 -0.429437
13 8 -0.38348
13 9 -0.331968
13 10 -0.275744
13 11 -0.215825
13 12 -0.153012
13 13 -0.0884657
13 14 -0.0231773
13 15 0.0416943
13 16 0.105204
13 17 0.166289
13 18 0.223974
13 19 0.277267
13 20 0.32529
13 21 0.367339
13 22 0.402723
13 23 0.430808
13 24 0.451121
13 25 0.463391
13 26 0.467443
13 27 0.463217
13 28 0.450685
13 29 0.43018
13 30 0.401974
13 31 0.366558
13 32 0.324547
13 33 0.276601
13 34 0.22341
13 35 0.165924
13 36 0.105155
13 37 0.0420989
13 38 -0.0222967
13 39 -0.0870133
13 40 -0.150829
13 41 -0.21273
13 42 -0.2718
13 43 -0.327034
13 44 -0.377579
13 45 -0.422522
13 46 -0.46111
13 47 -0.492746
13 48 -0.516926
13 49 -0.533188
13 50 -0.541427
13 51 -0.541319
13 52 -0.533005
13 53 -0.516466
13 54 -0.492125
13 55 -0.460302
13 56 -0.421587
13 57 -0.376592
13 58 -0.325982
13 59 -0.270659
13 60 -0.211457
13 61 -0.149417
13 62 -0.0855786
13 63 -0.0208918
13 64 0.0435348
13 65 0.106652
13 66 0.167454
13 67 0.224946
13 68 0.278048
13 69 0.325988
13 70 0.36799
13 71 0.403378
13 72 0.431459
13 73 0.451834
13 74 0.464238
13 75 0.46842
13 76 0.464312
13 77 0.451901
13 78 0.431458
13 79 0.403275
13 80 0.367789
13 81 0.325642
13 82 0.277436
13 83 0.224036
13 84 0.166279
13 85 0.105119
13 86 0.0415024
13 87 -0.0235302
13 88 -0.0888781
13 89 -0.153567
13 90 -0.216358
13 91 -0.276365
13 92 -0.332629
13 93 -0.384214
13 94 -0.430236
13 95 -0.470025
13 96 -0.502809
13 97 -0.528139
13 98 -0.545597
13 99 -0.554947
13 100 -0.0690388
13 101 0

14 0 0
14 1 -0.0604841
14 2 -0.486204
14 3 -0.47707
14 4 -0.459795
14 5 -0.43457
14 6 -0.402034
14 7 -0.362616
14 8 -0.316892
14 9 -0.26564
14 10 -0.209694
14 11 -0.149996
14 12 -0.0874619
14 13 -0.0231773
14 14 0.0417788
14 15 0.106352
14 16 0.169554
14 17 0.230363
14 18 0.287778
14 19 0.340782
14 20 0.388487
14 21 0.430257
14 22 0.465376
14 23 0.493262
14 24 0.513429
14 25 0.525534
14 26 0.529387
14 27 0.524971
14 28 0.51231
14 29 0.491661
14 30 0.463355
14 31 0.427865
14 32 0.385785
14 33 0.337761
14 34 0.284529
14 35 0.227038
14 36 0.166213
14 37 0.103142
14 38 0.0387281
14 39 -0.0259377
14 40 -0.0897127
14 41 -0.151642
14 42 -0.210712
14 43 -0.265912
14 44 -0.316401
14 45 -0.36133
14 46 -0.399933
14 47 -0.431604
14 48 -0.455755
14 49 -0.472044
14 50 -0.480233
14 51 -0.480144
14 52 -0.471822
14 53 -0.455357
14 54 -0.431037
14 55 -0.399252
14 56 -0.360544
14 57 -0.31554
14 58 -0.264964
14 59 -0.209688
14 60 -0.150549
14 61 -0.0885594
14 62 -0.0247064
14 63 0.0399823
14 64 0.104391
14 65 0.167536
14 66 0.228328
14 67 0.285816
14 68 0.33895
14 69 0.386962
14 70 0.429055
14 71 0.464521
14 72 0.492733
14 73 0.513224
14 74 0.525767
14 75 0.530143
14 76 0.526206
14 77 0.514
14 78 0.493778
14 79 0.465835
14 80 0.430578
14 81 0.388706
14 82 0.340823
14 83 0.287757
14 84 0.230289
14 85 0.169392
14 86 0.106077
14 87 0.0413636
14 88 -0.023669
14 89 -0.0880275
14 90 -0.150511
14 91 -0.210264
14 92 -0.266307
14 93 -0.317623
14 94 -0.363411
14 95 -0.402957
14 96 -0.43557
14 97 -0.460656
14 98 -0.477984
14 99 -0.487215
14 100 -0.0606153
14 101 0

15 0 0
15 1 -0.0520959
15 2 -0.418815
15 3 -0.409872
15 4 -0.392759
15 5 -0.367699
15 6 -0.335345
15 7 -0.296119
15 8 -0.250605
15 9 -0.199558
15 10 -0.143892
15 11 -0.0844732
15 12 -0.0222587
15 13 0.0416943
15 14 0.106352
15 15 0.170639
15 16 0.233538
15 17 0.294074
15 18 0.351146
15 19 0.403864
15 20 0.451329
15 21 0.492868
15 22 0.527751
15 23 0.555413
15 24 0.575402
15 25 0.587299
15 26 0.590914
15 27 0.58631
15 28 0.573521
15 29 0.552729
15 30 0.524331
15 31 0.488713
15 32 0.446558
15 33 0.398486
15 34 0.345221
15 35 0.287719
15 36 0.226923
15 37 0.163793
15 38 0.0993884
15 39 0.0347901
15 40 -0.0290011
15 41 -0.0909542
15 42 -0.150041
15 43 -0.205201
15 44 -0.255672
15 45 -0.300553
15 46 -0.33914
15 47 -0.370802
15 48 -0.394954
15 49 -0.41127
15 50 -0.419457
15 51 -0.419378
15 52 -0.411045
15 53 -0.394589
15 54 -0.370347
15 55 -0.338615
15 56 -0.299916
15 57 -0.254935
15 58 -0.204378
15 59 -0.149133
15 60 -0.0900536
15 61 -0.0280415
15 62 0.0358007
15 63 0.100446
15 64 0.164837
15 65 0.228007
15 66 0.288809
15 67 0.346275
15 68 0.399424
15 69 0.447479
15 70 0.489645
15 71 0.52518
15 72 0.553573
15 73 0.574222
15 74 0.58695
15 75 0.591511
15 76 0.587784
15 77 0.575769
15 78 0.555746
15 79 0.528027
15 80 0.493046
15 81 0.451427
15 82 0.403795
15 83 0.351057
15 84 0.293864
15 85 0.233302
15 86 0.170275
15 87 0.10586
15 88 0.041213
15 89 -0.0227649
15 90 -0.0849855
15 91 -0.144462
15 92 -0.200251
15 93 -0.251346
15 94 -0.296925
15 95 -0.336216
15 96 -0.368642
15 97 -0.393586
15 98 -0.410735
15 99 -0.419791
15 100 -0.052224
15 101 0

16 0 0
16 1 -0.0438906
16 2 -0.352844
16 3 -0.344029
16 4 -0.327061
16 5 -0.302217
16 6 -0.270069
16 7 -0.231026
16 8 -0.185709
16 9 -0.134915
16 10 -0.0794742
16 11 -0.0203483
16 12 0.041544
16 13 0.105204
16 14 0.169554
16 15 0.233538
16 16 0.296165
16 17 0.35638
16 18 0.413143
16 19 0.465555
16 20 0.512793
16 21 0.554137
16 22 0.588753
16 23 0.616168
16 24 0.635916
16 25 0.647614
16 26 0.651046
16 27 0.646226
16 28 0.633286
16 29 0.612375
16 30 0.583857
16 31 0.548139
16 32 0.505925
16 33 0.457766
16 34 0.404484
16 35 0.34697
16 36 0.286175
16 37 0.223023
16 38 0.158617
16 39 0.0940248
16 40 0.030277
16 41 -0.0316609
16 42 -0.0906681
16 43 -0.145821
16 44 -0.19629
16 45 -0.241169
16 46 -0.279716
16 47 -0.311322
16 48 -0.335466
16 49 -0.351762
16 50 -0.359968
16 51 -0.359867
16 52 -0.351548
16 53 -0.335143
16 54 -0.31093
16 55 -0.279261
16 56 -0.24061
16 57 -0.195703
16 58 -0.145209
16 59 -0.0899871
16 60 -0.030943
16 61 0.0310106
16 62 0.094841
16 63 0.159446
16 64 0.223829
16 65 0.286997
16 66 0.34782
16 67 0.405282
16 68 0.458506
16 69 0.506622
16 70 0.548848
16 71 0.584447
16 72 0.612979
16 73 0.633825
16 74 0.646704
16 75 0.651417
16 76 0.647883
16 77 0.636108
16 78 0.616303
16 79 0.588834
16 80 0.554119
16 81 0.512756
16 82 0.465405
16 83 0.412909
16 84 0.356068
16 85 0.29586
16 86 0.233153
16 87 0.169063
16 88 0.104709
16 89 0.0410154
16 90 -0.0209125
16 91 -0.0801038
16 92 -0.135575
16 93 -0.186434
16 94 -0.231783
16 95 -0.270878
16 96 -0.303147
16 97 -0.327911
16 98 -0.344878
16 99 -0.353758
16 100 -0.0440066
16 101 0

17 0 0
17 1 -0.0359918
17 2 -0.289339
17 3 -0.28064
17 4 -0.263826
17 5 -0.239182
17 6 -0.207219
17 7 -0.168388
17 8 -0.12331
17 9 -0.0727643
17 10 -0.0175966
17 11 0.0412705
17 12 0.102888
17 13 0.166289
17 14 0.230363
17 15 0.294074
17 16 0.35638
17 17 0.416318
17 18 0.472783
17 19 0.524928
17 20 0.571894
17 21 0.612928
17 22 0.647289
17 23 0.674452
17 24 0.693977
17 25 0.70549
17 26 0.708744
17 27 0.703741
17 28 0.690595
17 29 0.669586
17 30 0.64099
17 31 0.605266
17 32 0.562925
17 33 0.514697
17 34 0.461383
17 35 0.403858
17 36 0.343022
17 37 0.279892
17 38 0.215514
17 39 0.150927
17 40 0.0871829
17 41 0.0253273
17 42 -0.0336505
17 43 -0.0888218
17 44 -0.139282
17 45 -0.184101
17 46 -0.222609
17 47 -0.254165
17 48 -0.278293
17 49 -0.294625
17 50 -0.30284
17 51 -0.302775
17 52 -0.294462
17 53 -0.278062
17 54 -0.253898
17 55 -0.222233
17 56 -0.183636
17 57 -0.138796
17 58 -0.0883924
17 59 -0.033191
17 60 0.0258341
17 61 0.0877185
17 62 0.151507
17 63 0.216114
17 64 0.280485
17 65 0.34363
17 66 0.404447
17 67 0.461931
17 68 0.515169
17 69 0.563372
17 70 0.605663
17 71 0.64136
17 72 0.66998
17 73 0.691002
17 74 0.703998
17 75 0.708866
17 76 0.705514
17 77 0.693969
17 78 0.674418
17 79 0.647207
17 80 0.612782
17 81 0.5717
17 82 0.524634
17 83 0.472467
17 84 0.415886
17 85 0.355977
17 86 0.293636
17 87 0.229859
17 88 0.165756
17 89 0.10234
17 90 0.0406733
17 91 -0.0182238
17 92 -0.0734014
17 93 -0.123962
17 94 -0.169074
17 95 -0.207978
17 96 -0.240044
17 97 -0.264641
17 98 -0.281448
17 99 -0.290181
17 100 -0.0360971
17 101 0

18 0 0
18 1 -0.0285261
18 2 -0.229306
18 3 -0.220714
18 4 -0.204053
18 5 -0.179612
18 6 -0.147833
18 7 -0.109175
18 8 -0.0643336
18 9 -0.0140258
18 10 0.0408842
18 11 0.0994988
18 12 0.160833
18 13 0.223974
18 14 0.287778
18 15 0.351146
18 16 0.413143
18 17 0.472783
18 18 0.529028
18 19 0.580898
18 20 0.62757
18 21 0.668303
18 22 0.702389
18 23 0.729332
18 24 0.748623
18 25 0.759945
18 26 0.763075
18 27 0.75792
18 28 0.744654
18 29 0.723543
18 30 0.694848
18 31 0.659042
18 32 0.616605
18 33 0.568279
18 34 0.514963
18 35 0.457405
18 36 0.396546
18 37 0.333471
18 38 0.26916
18 39 0.204558
18 40 0.140808
18 41 0.0789895
18 42 0.0200333
18 43 -0.0351152
18 44 -0.0855117
18 45 -0.130327
18 46 -0.168857
18 47 -0.200442
18 48 -0.224587
18 49 -0.240846
18 50 -0.249018
18 51 -0.248989
18 52 -0.240706
18 53 -0.224361
18 54 -0.20022
18 55 -0.168591
18 56 -0.129993
18 57 -0.0851708
18 58 -0.0348444
18 59 0.0203154
18 60 0.0793195
18 61 0.141163
18 62 0.204928
18 63 0.269525
18 64 0.333864
18 65 0.396957
18 66 0.457755
18 67 0.515217
18 68 0.568499
18 69 0.616769
18 70 0.659191
18 71 0.694989
18 72 0.723659
18 73 0.744781
18 74 0.757907
18 75 0.762928
18 76 0.759789
18 77 0.748453
18 78 0.729128
18 79 0.702184
18 80 0.668016
18 81 0.627192
18 82 0.580451
18 83 0.528556
18 84 0.472293
18 85 0.412671
18 86 0.350664
18 87 0.287251
18 88 0.223439
18 89 0.160335
18 90 0.0989445
18 91 0.0402616
18 92 -0.0146692
18 93 -0.0649542
18 94 -0.109843
18 95 -0.148519
18 96 -0.180361
18 97 -0.204767
18 98 -0.221449
18 99 -0.230078
18 100 -0.0286229
18 101 0

19 0 0
19 1 -0.0216078
19 2 -0.173704
19 3 -0.165244
19 4 -0.148717
19 5 -0.124458
19 6 -0.092809
19 7 -0.0543462
19 8 -0.00973414
19 9 0.0403179
19 10 0.0949896
19 11 0.153351
19 12 0.21443
19 13 0.277267
19 14 0.340782
19 15 0.403864
19 16 0.465555
19 17 0.524928
19 18 0.580898
19 19 0.632517
19 20 0.678946
19 21 0.71939
19 22 0.753234
19 23 0.779958
19 24 0.799006
19 25 0.810143
19 26 0.813142
19 27 0.807854
19 28 0.79448
19 29 0.773246
19 30 0.744409
19 31 0.708481
19 32 0.665945
19 33 0.61763
19 34 0.564262
19 35 0.506715
19 36 0.445848
19 37 0.382749
19 38 0.318482
19 39 0.253948
19 40 0.190255
19 41 0.128446
19 42 0.0694933
19 43 0.0143929
19 44 -0.0359501
19 45 -0.0807403
19 46 -0.119297
19 47 -0.150903
19 48 -0.175044
19 49 -0.191278
19 50 -0.199416
19 51 -0.199443
19 52 -0.191211
19 53 -0.174864
19 54 -0.150714
19 55 -0.119092
19 56 -0.0805497
19 57 -0.0357483
19 58 0.0145289
19 59 0.0696353
19 60 0.128601
19 61 0.190389
19 62 0.254086
19 63 0.318649
19 64 0.382958
19 65 0.446
19 66 0.506814
19 67 0.564303
19 68 0.617579
19 69 0.665896
19 70 0.708381
19 71 0.744296
19 72 0.773042
19 73 0.79432
19 74 0.807597
19 75 0.812788
19 76 0.809818
19 77 0.79868
19 78 0.779578
19 79 0.752868
19 80 0.718972
19 81 0.678384
19 82 0.631914
19 83 0.580323
19 84 0.524354
19 85 0.465028
19 86 0.403312
19 87 0.340193
19 88 0.276721
19 89 0.213958
19 90 0.15287
19 91 0.0944385
19 92 0.039737
19 93 -0.0103495
19 94 -0.0550084
19 95 -0.0934813
19 96 -0.125089
19 97 -0.149357
19 98 -0.165896
19 99 -0.174395
19 100 -0.0216952
19 101 0

20 0 0
20 1 -0.0153534
20 2 -0.123433
20 3 -0.115091
20 4 -0.0986717
20 5 -0.0745605
20 6 -0.0431126
20 7 -0.00483975
20 8 0.0395487
20 9 0.0893626
20 10 0.143791
20 11 0.201966
20 12 0.26277
20 13 0.32529
20 14 0.388487
20 15 0.451329
20 16 0.512793
20 17 0.571894
20 18 0.62757
20 19 0.678946
20 20 0.725138
20 21 0.76536
20 22 0.798953
20 23 0.82545
20 24 0.844276
20 25 0.855236
20 26 0.858053
20 27 0.852652
20 28 0.839138
20 29 0.817779
20 30 0.78878
20 31 0.752778
20 32 0.710209
20 33 0.661896
20 34 0.608508
20 35 0.550988
20 36 0.490143
20 37 0.427037
20 38 0.362752
20 39 0.298287
20 40 0.234656
20 41 0.172884
20 42 0.113989
20 43 0.0589311
20 44 0.008666
20 45 -0.0361017
20 46 -0.0746329
20 47 -0.106215
20 48 -0.130348
20 49 -0.146587
20 50 -0.154747
20 51 -0.154804
20 52 -0.146614
20 53 -0.130279
20 54 -0.106115
20 55 -0.074548
20 56 -0.0360739
20 57 0.00868728
20 58 0.0589686
20 59 0.114016
20 60 0.172875
20 61 0.234572
20 62 0.298241
20 63 0.362767
20 64 0.427025
20 65 0.490027
20 66 0.550829
20 67 0.608328
20 68 0.661592
20 69 0.709954
20 70 0.752453
20 71 0.788446
20 72 0.817321
20 73 0.838757
20 74 0.852187
20 75 0.857494
20 76 0.854657
20 77 0.843758
20 78 0.82485
20 79 0.798402
20 80 0.764739
20 81 0.724419
20 82 0.678216
20 83 0.626913
20 84 0.571261
20 85 0.512217
20 86 0.450767
20 87 0.387936
20 88 0.324731
20 89 0.262302
20 90 0.201467
20 91 0.143293
20 92 0.0888468
20 93 0.0390085
20 94 -0.00540919
20 95 -0.0436614
20 96 -0.0751006
20 97 -0.0991928
20 98 -0.115632
20 99 -0.124036
20 100 -0.0154329
20 101 0

21 0 0
21 1 -0.00986105
21 2 -0.0792981
21 3 -0.0710718
21 4 -0.0547536
21 5 -0.0308091
21 6 0.000476277
21 7 0.0385725
21 8 0.0827995
21 9 0.132364
21 10 0.18658
21 11 0.244514
21 12 0.3051
21 13 0.367339
21 14 0.430257
21 15 0.492868
21 16 0.554137
21 17 0.612928
21 18 0.668303
21 19 0.71939
21 20 0.76536
21 21 0.805356
21 22 0.838751
21 23 0.864991
21 24 0.883649
21 25 0.894411
21 26 0.897052
21 27 0.891543
21 28 0.877951
21 29 0.856469
21 30 0.827386
21 31 0.791313
21 32 0.748774
21 33 0.700408
21 34 0.647005
21 35 0.589464
21 36 0.528646
21 37 0.465609
21 38 0.401355
21 39 0.336937
21 40 0.273345
21 41 0.211609
21 42 0.152786
21 43 0.0977618
21 44 0.0475378
21 45 0.00280511
21 46 -0.0356358
21 47 -0.0671511
21 48 -0.0912929
21 49 -0.107539
21 50 -0.115728
21 51 -0.115771
21 52 -0.107608
21 53 -0.0912699
21 54 -0.0671396
21 55 -0.0356591
21 56 0.00272033
21 57 0.0473894
21 58 0.0976454
21 59 0.152633
21 60 0.211426
21 61 0.273063
21 62 0.336679
21 63 0.401141
21 64 0.465326
21 65 0.528334
21 66 0.589095
21 67 0.64659
21 68 0.699914
21 69 0.74824
21 70 0.790773
21 71 0.826819
21 72 0.855792
21 73 0.877298
21 74 0.890844
21 75 0.896307
21 76 0.893647
21 77 0.882909
21 78 0.864233
21 79 0.83797
21 80 0.804569
21 81 0.764528
21 82 0.718603
21 83 0.667541
21 84 0.612227
21 85 0.553476
21 86 0.492301
21 87 0.429706
21 88 0.366786
21 89 0.304592
21 90 0.244016
21 91 0.186126
21 92 0.131916
21 93 0.0822862
21 94 0.0381444
21 95 5.96784e-05
21 96 -0.0312259
21 97 -0.0551934
21 98 -0.0714831
21 99 -0.0798038
21 100 -0.00993236
21 101 0

22 0 0
22 1 -0.00522571
22 2 -0.0420103
22 3 -0.0338365
22 4 -0.0176837
22 5 0.00612733
22 6 0.0372784
22 7 0.075251
22 8 0.119302
22 9 0.168698
22 10 0.222656
22 11 0.280359
22 12 0.340681
22 13 0.402723
22 14 0.465376
22 15 0.527751
22 16 0.588753
22 17 0.647289
22 18 0.702389
22 19 0.753234
22 20 0.798953
22 21 0.838751
22 22 0.871916
22 23 0.897984
22 24 0.916475
22 25 0.927074
22 26 0.92955
22 27 0.923897
22 28 0.910236
22 29 0.888659
22 30 0.85953
22 31 0.823432
22 32 0.780869
22 33 0.732473
22 34 0.679049
22 35 0.621504
22 36 0.560768
22 37 0.497793
22 38 0.433583
22 39 0.369196
22 40 0.305636
22 41 0.24396
22 42 0.185204
22 43 0.130225
22 44 0.0800419
22 45 0.0353959
22 46 -0.00296516
22 47 -0.0344092
22 48 -0.0585441
22 49 -0.0748398
22 50 -0.0830508
22 51 -0.0831011
22 52 -0.0749383
22 53 -0.0586187
22 54 -0.034527
22 55 -0.00309029
22 56 0.0352359
22 57 0.0798331
22 58 0.129993
22 59 0.184907
22 60 0.243618
22 61 0.305167
22 62 0.368699
22 63 0.43309
22 64 0.49725
22 65 0.560212
22 66 0.620922
22 67 0.678409
22 68 0.731783
22 69 0.780122
22 70 0.822648
22 71 0.858705
22 72 0.887756
22 73 0.909315
22 74 0.922989
22 75 0.928634
22 76 0.926138
22 77 0.915519
22 78 0.897001
22 79 0.870976
22 80 0.837793
22 81 0.798033
22 82 0.752358
22 83 0.701575
22 84 0.646502
22 85 0.588047
22 86 0.527145
22 87 0.464833
22 88 0.402131
22 89 0.340189
22 90 0.279896
22 91 0.222332
22 92 0.168323
22 93 0.118873
22 94 0.0748924
22 95 0.0370013
22 96 0.00584246
22 97 -0.0179934
22 98 -0.0341957
22 99 -0.0423976
22 100 -0.00527522
22 101 0

23 0 0
23 1 -0.0015146
23 2 -0.012158
23 3 -0.00402303
23 4 0.012038
23 5 0.0357345
23 6 0.0667717
23 7 0.104593
23 8 0.148447
23 9 0.197657
23 10 0.251373
23 11 0.30883
23 12 0.368969
23 13 0.430808
23 14 0.493262
23 15 0.555413
23 16 0.616168
23 17 0.674452
23 18 0.729332
23 19 0.779958
23 20 0.82545
23 21 0.864991
23 22 0.897984
23 23 0.923877
23 24 0.942241
23 25 0.95267
23 26 0.955008
23 27 0.949225
23 28 0.935452
23 29 0.913799
23 30 0.884658
23 31 0.84851
23 32 0.8059
23 33 0.757497
23 34 0.704135
23 35 0.646653
23 36 0.585984
23 37 0.523043
23 38 0.458834
23 39 0.394491
23 40 0.33099
23 41 0.269445
23 42 0.210727
23 43 0.155818
23 44 0.105706
23 45 0.0611315
23 46 0.0228337
23 47 -0.00859071
23 48 -0.0326662
23 49 -0.0489595
23 50 -0.0571377
23 51 -0.0572224
23 52 -0.0490777
23 53 -0.0328467
23 54 -0.0088138
23 55 0.0225697
23 56 0.0608907
23 57 0.105452
23 58 0.155516
23 59 0.210316
23 60 0.268889
23 61 0.33037
23 62 0.393788
23 63 0.458146
23 64 0.522267
23 65 0.585178
23 66 0.645811
23 67 0.703249
23 68 0.756627
23 69 0.804976
23 70 0.847506
23 71 0.883557
23 72 0.912672
23 73 0.934282
23 74 0.948117
23 75 0.95389
23 76 0.951525
23 77 0.941048
23 78 0.922707
23 79 0.896873
23 80 0.86391
23 81 0.824406
23 82 0.779028
23 83 0.728494
23 84 0.673649
23 85 0.615405
23 86 0.55476
23 87 0.492689
23 88 0.430244
23 89 0.368478
23 90 0.308438
23 91 0.251149
23 92 0.197353
23 93 0.148106
23 94 0.104318
23 95 0.0666119
23 96 0.035589
23 97 0.0118303
23 98 -0.0042738
23 99 -0.0124159
23 100 -0.00154683
23 101 0

24 0 0
24 1 0.00121795
24 2 0.00981277
24 3 0.017901
24 4 0.0338961
24 5 0.0574926
24 6 0.088431
24 7 0.126083
24 8 0.169755
24 9 0.218798
24 10 0.272329
24 11 0.329568
24 12 0.389501
24 13 0.451121
24 14 0.513429
24 15 0.575402
24 16 0.635916
24 17 0.693977
24 18 0.748623
24 19 0.799006
24 20 0.844276
24 21 0.883649
24 22 0.916475
24 23 0.942241
24 24 0.960419
24 25 0.97072
24 26 0.972945
24 27 0.966997
24 28 0.953133
24 29 0.931424
24 30 0.902283
24 31 0.866119
24 32 0.823489
24 33 0.775135
24 34 0.721821
24 35 0.664365
24 36 0.603746
24 37 0.540858
24 38 0.476742
24 39 0.412455
24 40 0.349055
24 41 0.287607
24 42 0.228977
24 43 0.17416
24 44 0.124117
24 45 0.0796191
24 46 0.0413539
24 47 0.00995784
24 48 -0.0140361
24 49 -0.0303245
24 50 -0.0384977
24 51 -0.0385245
24 52 -0.0303902
24 53 -0.0142484
24 54 0.00969466
24 55 0.0409857
24 56 0.079271
24 57 0.123787
24 58 0.173731
24 59 0.228395
24 60 0.286903
24 61 0.348322
24 62 0.411655
24 63 0.475865
24 64 0.539887
24 65 0.602702
24 66 0.66329
24 67 0.720702
24 68 0.774016
24 69 0.822329
24 70 0.864895
24 71 0.900982
24 72 0.930119
24 73 0.951802
24 74 0.965729
24 75 0.971615
24 76 0.969405
24 77 0.959076
24 78 0.940865
24 79 0.915196
24 80 0.882433
24 81 0.843168
24 82 0.798024
24 83 0.747735
24 84 0.693114
24 85 0.635111
24 86 0.57467
24 87 0.512844
24 88 0.450649
24 89 0.389086
24 90 0.32925
24 91 0.272125
24 92 0.218543
24 93 0.169524
24 94 0.125894
24 95 0.0883649
24 96 0.0574834
24 97 0.0338412
24 98 0.0178243
24 99 0.00968947
24 100 0.00119823
24 101 0

25 0 0
25 1 0.00292571
25 2 0.0235645
25 3 0.0316414
25 4 0.0475578
25 5 0.0710578
25 6 0.101875
25 7 0.139403
25 8 0.18294
25 9 0.231837
25 10 0.285246
25 11 0.342285
25 12 0.401991
25 13 0.463391
25 14 0.525534
25 15 0.587299
25 16 0.647614
25 17 0.70549
25 18 0.759945
25 19 0.810143
25 20 0.855236
25 21 0.894411
25 22 0.927074
25 23 0.95267
25 24 0.97072
25 25 0.980891
25 26 0.983032
25 27 0.977022
25 28 0.963058
25 29 0.941362
25 30 0.912177
25 31 0.875986
25 32 0.833372
25 33 0.785064
25 34 0.731813
25 35 0.674407
25 36 0.613834
25 37 0.551005
25 38 0.486971
25 39 0.42281
25 40 0.359517
25 41 0.29816
25 42 0.239624
25 43 0.184935
25 44 0.134975
25 45 0.0905814
25 46 0.052373
25 47 0.0210376
25 48 -0.00295232
25 49 -0.0192718
25 50 -0.0274625
25 51 -0.02746
25 52 -0.0193196
25 53 -0.00319082
25 54 0.0206983
25 55 0.0519365
25 56 0.0901066
25 57 0.134533
25 58 0.18436
25 59 0.238949
25 60 0.297345
25 61 0.358671
25 62 0.42186
25 63 0.485915
25 64 0.549832
25 65 0.612575
25 66 0.673107
25 67 0.730454
25 68 0.783701
25 69 0.832007
25 70 0.874591
25 71 0.910701
25 72 0.939845
25 73 0.961584
25 74 0.975567
25 75 0.981526
25 76 0.979418
25 77 0.969244
25 78 0.951189
25 79 0.925653
25 80 0.893074
25 81 0.854028
25 82 0.809093
25 83 0.758962
25 84 0.704536
25 85 0.64676
25 86 0.586588
25 87 0.52499
25 88 0.463013
25 89 0.401636
25 90 0.341989
25 91 0.285047
25 92 0.2317
25 93 0.182823
25 94 0.139302
25 95 0.101904
25 96 0.071155
25 97 0.0476351
25 98 0.0317282
25 99 0.0236001
25 100 0.00292463
25 101 0

26 0 0
26 1 0.0035907
26 2 0.0289047
26 3 0.0369398
26 4 0.0528368
26 5 0.0762782
26 6 0.106979
26 7 0.144382
26 8 0.187778
26 9 0.236547
26 10 0.289813
26 11 0.346696
26 12 0.406228
26 13 0.467443
26 14 0.529387
26 15 0.590914
26 16 0.651046
26 17 0.708744
26 18 0.763075
26 19 0.813142
26 20 0.858053
26 21 0.897052
26 22 0.92955
26 23 0.955008
26 24 0.972945
26 25 0.983032
26 26 0.985138
26 27 0.979063
26 28 0.965094
26 29 0.943323
26 30 0.914158
26 31 0.877973
26 32 0.835413
26 33 0.787141
26 34 0.733974
26 35 0.676603
26 36 0.616101
26 37 0.553378
26 38 0.489455
26 39 0.425357
26 40 0.362193
26 41 0.30094
26 42 0.242511
26 43 0.187962
26 44 0.138109
26 45 0.0937871
26 46 0.0556572
26 47 0.0243667
26 48 0.000425563
26 49 -0.0159046
26 50 -0.0240593
26 51 -0.0240468
26 52 -0.0159261
26 53 0.000149384
26 54 0.0239858
26 55 0.0551401
