0 0 0
0 1 0
0 2 0
0 3 0
0 4 0
0 5 0
0 6 0
0 7 0
0 8 0
0 9 0
0 10 0
0 11 0
0 12 0
0 13 0
0 14 0
0 15 0
0 16 0
0 17 0
0 18 0
0 19 0
0 20 0
0 21 0
0 22 0
0 23 0
0 24 0
0 25 0
0 26 0
0 27 0
0 28 0
0 29 0
0 30 0
0 31 0
0 32 0
0 33 0
0 34 0
0 35 0
0 36 0
0 37 0
0 38 0
0 39 0
0 40 0
0 41 0
0 42 0
0 43 0
0 44 0
0 45 0
0 46 0
0 47 0
0 48 0
0 49 0
0 50 0
0 51 0
0 52 0
0 53 0
0 54 0
0 55 0
0 56 0
0 57 0
0 58 0
0 59 0
0 60 0
0 61 0
0 62 0
0 63 0
0 64 0
0 65 0
0 66 0
0 67 0
0 68 0
0 69 0
0 70 0
0 71 0
0 72 0
0 73 0
0 74 0
0 75 0
0 76 0
0 77 0
0 78 0
0 79 0
0 80 0
0 81 0
0 82 0
0 83 0
0 84 0
0 85 0
0 86 0
0 87 0
0 88 0
0 89 0
0 90 0
0 91 0
0 92 0
0 93 0
0 94 0
0 95 0
0 96 0
0 97 0
0 98 0
0 99 0
0 100 0
0 101 0

1 0 0
1 1 0
1 2 -0.0938777
1 3 -0.0928644
1 4 -0.0910408
1 5 -0.0885028
1 6 -0.0852448
1 7 -0.0813455
1 8 -0.0768097
1 9 -0.071791
1 10 -0.0663396
1 11 -0.0605419
1 12 -0.05448
1 13 -0.048274
1 14 -0.0419913
1 15 -0.0357339
1 16 -0.0295547
1 17 -0.0236217
1 18 -0.0179956
1 19 -0.0127509
1 20 -0.00798441
1 21 -0.00376479
1 22 -0.000179767
1 23 0.00277525
1 24 0.00502287
1 25 0.00651555
1 26 0.00728109
1 27 0.00727278
1 28 0.00648973
1 29 0.00498763
1 30 0.00281657
1 31 4.42205e-05
1 32 -0.00333841
1 33 -0.00723837
1 34 -0.0116296
1 35 -0.0163728
1 36 -0.0214531
1 37 -0.0267608
1 38 -0.0322381
1 39 -0.0377085
1 40 -0.0431143
1 41 -0.0483422
1 42 -0.0533396
1 43 -0.0580014
1 44 -0.0623002
1 45 -0.0661811
1 46 -0.0695526
1 47 -0.0722736
1 48 -0.074378
1 49 -0.0757585
1 50 -0.0764319
1 51 -0.0763823
1 52 -0.0756265
1 53 -0.0741106
1 54 -0.0719395
1 55 -0.069073
1 56 -0.065593
1 57 -0.0615766
1 58 -0.0571257
1 59 -0.0523107
1 60 -0.0472031
1 61 -0.0418593
1 62 -0.0363649
1 63 -0.0308009
1 64 -0.0253118
1 65 -0.0199074
1 66 -0.0147652
1 67 -0.00994745
1 68 -0.00558292
1 69 -0.0016363
1 70 0.00178336
1 71 0.00459507
1 72 0.00675291
1 73 0.00822885
1 74 0.00892317
1 75 0.00884287
1 76 0.00804966
1 77 0.00648296
1 78 0.00416117
1 79 0.00115071
1 80 -0.00255268
1 81 -0.00685329
1 82 -0.0117038
1 83 -0.0170184
1 84 -0.0227434
1 85 -0.0288008
1 86 -0.0350724
1 87 -0.04145
1 88 -0.0477849
1 89 -0.0540651
1 90 -0.0601833
1 91 -0.06604
1 92 -0.0715389
1 93 -0.0766199
1 94 -0.0811795
1 95 -0.0851632
1 96 -0.0884217
1 97 -0.0909894
1 98 -0.0927734
1 99 -0.0937628
1 100 0
1 101 0

2 0 0
2 1 -0.0938777
2 2 -0.754075
2 3 -0.745801
2 4 -0.731333
2 5 -0.710925
2 6 -0.684837
2 7 -0.653369
2 8 -0.61711
2 9 -0.576694
2 10 -0.53287
2 11 -0.486279
2 12 -0.437622
2 13 -0.387726
2 14 -0.337254
2 15 -0.286964
2 16 -0.237551
2 17 -0.189797
2 18 -0.144495
2 19 -0.102355
2 20 -0.0641251
2 21 -0.0303154
2 22 -0.00138165
2 23 0.0223115
2 24 0.0403068
2 25 0.0523906
2 26 0.0584055
2 27 0.0582906
2 28 0.0521594
2 29 0.0402131
2 30 0.0227976
2 31 0.000378369
2 32 -0.0267241
2 33 -0.0581087
2 34 -0.0932473
2 35 -0.13153
2 36 -0.172322
2 37 -0.215011
2 38 -0.258795
2 39 -0.302835
2 40 -0.34626
2 41 -0.388343
2 42 -0.428479
2 43 -0.466034
2 44 -0.500555
2 45 -0.531533
2 46 -0.558379
2 47 -0.580466
2 48 -0.597329
2 49 -0.608649
2 50 -0.61409
2 51 -0.613688
2 52 -0.607386
2 53 -0.595346
2 54 -0.577662
2 55 -0.554692
2 56 -0.526821
2 57 -0.494672
2 58 -0.458943
2 59 -0.420226
2 60 -0.379119
2 61 -0.336171
2 62 -0.292013
2 63 -0.247425
2 64 -0.203166
2 65 -0.159952
2 66 -0.118598
2 67 -0.0799913
2 68 -0.044637
2 69 -0.0130027
2 70 0.0143837
2 71 0.0370083
2 72 0.0543485
2 73 0.0660201
2 74 0.0716663
2 75 0.0712108
2 76 0.064642
2 77 0.0520102
2 78 0.0334276
2 79 0.00916916
2 80 -0.0204561
2 81 -0.0549842
2 82 -0.0939326
2 83 -0.13677
2 84 -0.182875
2 85 -0.231416
2 86 -0.281663
2 87 -0.332754
2 88 -0.383835
2 89 -0.434293
2 90 -0.483389
2 91 -0.530385
2 92 -0.574679
2 93 -0.615553
2 94 -0.652252
2 95 -0.684048
2 96 -0.710379
2 97 -0.730837
2 98 -0.745146
2 99 -0.75319
2 100 -0.0937628
2 101 0

3 0 0
3 1 -0.0928644
3 2 -0.745801
3 3 -0.737465
3 4 -0.723279
3 5 -0.702955
3 6 -0.677028
3 7 -0.645595
3 8 -0.609702
3 9 -0.569377
3 10 -0.525649
3 11 -0.479152
3 12 -0.430714
3 13 -0.380896
3 14 -0.330646
3 15 -0.280539
3 16 -0.231554
3 17 -0.18386
3 18 -0.138593
3 19 -0.0965956
3 20 -0.0585348
3 21 -0.0249318
3 22 0.00401629
3 23 0.0275278
3 24 0.0454222
3 25 0.0574427
3 26 0.0632196
3 27 0.0630541
3 28 0.0570968
3 29 0.0453097
3 30 0.028016
3 31 0.00546131
3 32 -0.0215737
3 33 -0.0530331
3 34 -0.0880166
3 35 -0.126492
3 36 -0.167217
3 37 -0.209889
3 38 -0.253349
3 39 -0.297327
3 40 -0.340623
3 41 -0.382828
3 42 -0.422906
3 43 -0.460523
3 44 -0.494932
3 45 -0.525651
3 46 -0.552122
3 47 -0.57444
3 48 -0.591345
3 49 -0.602846
3 50 -0.608334
3 51 -0.607973
3 52 -0.601464
3 53 -0.589452
3 54 -0.571558
3 55 -0.548696
3 56 -0.52097
3 57 -0.489088
3 58 -0.453435
3 59 -0.414742
3 60 -0.373572
3 61 -0.33073
3 62 -0.286691
3 63 -0.242321
3 64 -0.197961
3 65 -0.155062
3 66 -0.113764
3 67 -0.0752433
3 68 -0.0395392
3 69 -0.00799219
3 70 0.0193087
3 71 0.0419094
3 72 0.059205
3 73 0.0706555
3 74 0.0764148
3 75 0.0761818
3 76 0.0695223
3 77 0.0569009
3 78 0.0384703
3 79 0.0142393
3 80 -0.0151032
3 81 -0.0494815
3 82 -0.0883373
3 83 -0.131205
3 84 -0.177228
3 85 -0.225482
3 86 -0.275314
3 87 -0.325992
3 88 -0.377186
3 89 -0.427471
3 90 -0.476338
3 91 -0.523193
3 92 -0.567498
3 93 -0.608271
3 94 -0.644876
3 95 -0.676289
3 96 -0.702568
3 97 -0.722702
3 98 -0.736905
3 99 -0.745026
3 100 -0.092752
3 101 0

4 0 0
4 1 -0.0910408
4 2 -0.731333
4 3 -0.723279
4 4 -0.709188
4 5 -0.688877
4 6 -0.662938
4 7 -0.632005
4 8 -0.596316
4 9 -0.556413
4 10 -0.512694
4 11 -0.466347
4 12 -0.417916
4 13 -0.368527
4 14 -0.31842
4 15 -0.268554
4 16 -0.219794
4 17 -0.172555
4 18 -0.127597
4 19 -0.085576
4 20 -0.0477425
4 21 -0.0141139
4 22 0.0147241
4 23 0.0381178
4 24 0.0556119
4 25 0.0675456
4 26 0.0731804
4 27 0.0729412
4 28 0.0667554
4 29 0.0550389
4 30 0.0379511
4 31 0.0154783
4 32 -0.0116789
4 33 -0.0432047
4 34 -0.0782708
4 35 -0.1167
4 36 -0.15748
4 37 -0.199958
4 38 -0.243472
4 39 -0.287345
4 40 -0.330696
4 41 -0.37266
4 42 -0.412735
4 43 -0.45037
4 44 -0.485033
4 45 -0.515595
4 46 -0.542128
4 47 -0.564095
4 48 -0.580986
4 49 -0.592348
4 50 -0.5978
4 51 -0.597506
4 52 -0.591081
4 53 -0.579184
4 54 -0.561502
4 55 -0.538502
4 56 -0.51107
4 57 -0.479235
4 58 -0.443598
4 59 -0.404771
4 60 -0.363671
4 61 -0.320942
4 62 -0.277067
4 63 -0.232666
4 64 -0.188431
4 65 -0.145517
4 66 -0.10446
4 67 -0.0657654
4 68 -0.0299163
4 69 0.00176765
4 70 0.028856
4 71 0.0512992
4 72 0.0685763
4 73 0.0800781
4 74 0.0859238
4 75 0.0858664
4 76 0.0792856
4 77 0.0670475
4 78 0.0486566
4 79 0.0246369
4 80 -0.00467441
4 81 -0.0389254
4 82 -0.0777603
4 83 -0.120226
4 84 -0.165946
4 85 -0.213971
4 86 -0.263555
4 87 -0.313948
4 88 -0.364848
4 89 -0.415049
4 90 -0.463629
4 91 -0.510519
4 92 -0.554567
4 93 -0.595238
4 94 -0.631344
4 95 -0.662628
4 96 -0.688487
4 97 -0.708567
4 98 -0.722702
4 99 -0.730734
4 100 -0.0909616
4 101 0

5 0 0
5 1 -0.0885028
5 2 -0.710925
5 3 -0.702955
5 4 -0.688877
5 5 -0.668544
5 6 -0.642976
5 7 -0.612285
5 8 -0.576821
5 9 -0.537104
5 10 -0.493979
5 11 -0.447881
5 12 -0.39976
5 13 -0.350705
5 14 -0.30091
5 15 -0.251126
5 16 -0.202641
5 17 -0.155802
5 18 -0.111108
5 19 -0.0696643
5 20 -0.0319255
5 21 0.0014685
5 22 0.0299999
5 23 0.0529935
5 24 0.0704442
5 25 0.0822032
5 26 0.0879128
5 27 0.0874096
5 28 0.0811865
5 29 0.069466
5 30 0.052282
5 31 0.0297819
5 32 0.00260013
5 33 -0.0290095
5 34 -0.0640278
5 35 -0.102478
5 36 -0.143442
5 37 -0.185881
5 38 -0.229059
5 39 -0.273015
5 40 -0.316379
5 41 -0.358218
5 42 -0.398186
5 43 -0.435937
5 44 -0.470637
5 45 -0.501288
5 46 -0.527802
5 47 -0.549794
5 48 -0.566341
5 49 -0.577798
5 50 -0.583376
5 51 -0.582714
5 52 -0.576344
5 53 -0.564757
5 54 -0.547078
5 55 -0.52421
5 56 -0.496741
5 57 -0.464945
5 58 -0.429413
5 59 -0.390664
5 60 -0.34965
5 61 -0.306816
5 62 -0.262906
5 63 -0.218841
5 64 -0.174745
5 65 -0.131852
5 66 -0.0906921
5 67 -0.051941
5 68 -0.0161098
5 69 0.0155457
5 70 0.0427165
5 71 0.0651377
5 72 0.0824673
5 73 0.0940594
5 74 0.0999426
5 75 0.0999301
5 76 0.093643
5 77 0.081356
5 78 0.0633295
5 79 0.0394424
5 80 0.0103518
5 81 -0.0237538
5 82 -0.06212
5 83 -0.104298
5 84 -0.149388
5 85 -0.197043
5 86 -0.246471
5 87 -0.296717
5 88 -0.347186
5 89 -0.396964
5 90 -0.445498
5 91 -0.492036
5 92 -0.53582
5 93 -0.575971
5 94 -0.611712
5 95 -0.642689
5 96 -0.668518
5 97 -0.688478
5 98 -0.702624
5 99 -0.71058
5 100 -0.0884511
5 101 0

6 0 0
6 1 -0.0852448
6 2 -0.684837
6 3 -0.677028
6 4 -0.662938
6 5 -0.642976
6 6 -0.617686
6 7 -0.58733
6 8 -0.551893
6 9 -0.512643
6 10 -0.469932
6 11 -0.424159
6 12 -0.376442
6 13 -0.327485
6 14 -0.278221
6 15 -0.228836
6 16 -0.180351
6 17 -0.133794
6 18 -0.0893923
6 19 -0.0483837
6 20 -0.01101
6 21 0.0222514
6 22 0.0501173
6 23 0.0728264
6 24 0.0899755
6 25 0.101354
6 26 0.106972
6 27 0.106124
6 28 0.0999842
6 29 0.0881995
6 30 0.0707855
6 31 0.0482578
6 32 0.0209405
6 33 -0.0105545
6 34 -0.0459484
6 35 -0.0842685
6 36 -0.125257
6 37 -0.167744
6 38 -0.211027
6 39 -0.254781
6 40 -0.298057
6 41 -0.339855
6 42 -0.379915
6 43 -0.41752
6 44 -0.452341
6 45 -0.483043
6 46 -0.509514
6 47 -0.531488
6 48 -0.548061
6 49 -0.559424
6 50 -0.564867
6 51 -0.564262
6 52 -0.558082
6 53 -0.546296
6 54 -0.528708
6 55 -0.505984
6 56 -0.478615
6 57 -0.447022
6 58 -0.411633
6 59 -0.372894
6 60 -0.331815
6 61 -0.288914
6 62 -0.245103
6 63 -0.200982
6 64 -0.156994
6 65 -0.114053
6 66 -0.0730876
6 67 -0.0340947
6 68 0.00152886
6 69 0.0333431
6 70 0.0606121
6 71 0.0831948
6 72 0.100505
6 73 0.112012
6 74 0.118179
6 75 0.11834
6 76 0.112492
6 77 0.100276
6 78 0.0823627
6 79 0.0591005
6 80 0.030248
6 81 -0.00329558
6 82 -0.0412478
6 83 -0.0830339
6 84 -0.127772
6 85 -0.175296
6 86 -0.22442
6 87 -0.274378
6 88 -0.324425
6 89 -0.373676
6 90 -0.422085
6 91 -0.468332
6 92 -0.511773
6 93 -0.551662
6 94 -0.586918
6 95 -0.617797
6 96 -0.643126
6 97 -0.662709
6 98 -0.676924
6 99 -0.684868
6 100 -0.085258
6 101 0

7 0 0
7 1 -0.0813455
7 2 -0.653369
7 3 -0.645595
7 4 -0.632005
7 5 -0.612285
7 6 -0.58733
7 7 -0.557174
7 8 -0.522064
7 9 -0.483109
7 10 -0.440724
7 11 -0.395374
7 12 -0.348055
7 13 -0.299459
7 14 -0.250201
7 15 -0.201424
7 16 -0.153495
7 17 -0.107162
7 18 -0.0631177
7 19 -0.0225421
7 20 0.0142175
7 21 0.0468145
7 22 0.0744836
7 23 0.096837
7 24 0.113538
7 25 0.124762
7 26 0.130211
7 27 0.129606
7 28 0.122986
7 29 0.11085
7 30 0.0934001
7 31 0.0707242
7 32 0.0432866
7 33 0.0114264
7 34 -0.0239003
7 35 -0.0622901
7 36 -0.103028
7 37 -0.145591
7 38 -0.188924
7 39 -0.232795
7 40 -0.276005
7 41 -0.318111
7 42 -0.358077
7 43 -0.395806
7 44 -0.430333
7 45 -0.460974
7 46 -0.487455
7 47 -0.509245
7 48 -0.525882
7 49 -0.537155
7 50 -0.542535
7 51 -0.542145
7 52 -0.535854
7 53 -0.524196
7 54 -0.506682
7 55 -0.483988
7 56 -0.456823
7 57 -0.425353
7 58 -0.39002
7 59 -0.351502
7 60 -0.310299
7 61 -0.26763
7 62 -0.223682
7 63 -0.179396
7 64 -0.135292
7 65 -0.0925753
7 66 -0.0515327
7 67 -0.0129117
7 68 0.0228895
7 69 0.054886
7 70 0.0824252
7 71 0.105095
7 72 0.122562
7 73 0.134305
7 74 0.140415
7 75 0.140834
7 76 0.135091
7 77 0.123449
7 78 0.105718
7 79 0.0824797
7 80 0.0543653
7 81 0.0215176
7 82 -0.0159082
7 83 -0.0574671
7 84 -0.101913
7 85 -0.148828
7 86 -0.197358
7 87 -0.246909
7 88 -0.296575
7 89 -0.345712
7 90 -0.393841
7 91 -0.439798
7 92 -0.482648
7 93 -0.522012
7 94 -0.557097
7 95 -0.587607
7 96 -0.612611
7 97 -0.631926
7 98 -0.646028
7 99 -0.653864
7 100 -0.0814062
7 101 0

8 0 0
8 1 -0.0768097
8 2 -0.61711
8 3 -0.609702
8 4 -0.596316
8 5 -0.576821
8 6 -0.551893
8 7 -0.522064
8 8 -0.487514
8 9 -0.448988
8 10 -0.407024
8 11 -0.362243
8 12 -0.315252
8 13 -0.266969
8 14 -0.218086
8 15 -0.169651
8 16 -0.122186
8 17 -0.0762498
8 18 -0.0328744
8 19 0.00702248
8 20 0.0434497
8 21 0.0757014
8 22 0.103121
8 23 0.125028
8 24 0.141288
8 25 0.152167
8 26 0.157268
8 27 0.156432
8 28 0.149667
8 29 0.137356
8 30 0.119551
8 31 0.096592
8 32 0.0691008
8 33 0.03737
8 34 0.00174607
8 35 -0.0368558
8 36 -0.0777689
8 37 -0.120493
8 38 -0.163746
8 39 -0.207309
8 40 -0.25067
8 41 -0.292757
8 42 -0.333029
8 43 -0.370655
8 44 -0.405043
8 45 -0.435775
8 46 -0.462062
8 47 -0.48386
8 48 -0.50044
8 49 -0.511585
8 50 -0.516885
8 51 -0.516577
8 52 -0.510393
8 53 -0.498823
8 54 -0.481518
8 55 -0.459099
8 56 -0.431824
8 57 -0.400348
8 58 -0.365108
8 59 -0.326772
8 60 -0.285787
8 61 -0.242876
8 62 -0.198901
8 63 -0.154649
8 64 -0.110675
8 65 -0.0679066
8 66 -0.0268191
8 67 0.0119697
8 68 0.0478271
8 69 0.0799337
8 70 0.107649
8 71 0.1305
8 72 0.147965
8 73 0.16003
8 74 0.166511
8 75 0.167155
8 76 0.16149
8 77 0.150119
8 78 0.133118
8 79 0.11045
8 80 0.0825906
8 81 0.0499874
8 82 0.0130359
8 83 -0.0278932
8 84 -0.0718371
8 85 -0.11815
8 86 -0.166059
8 87 -0.215188
8 88 -0.264647
8 89 -0.313588
8 90 -0.361095
8 91 -0.40641
8 92 -0.448901
8 93 -0.48776
8 94 -0.522407
8 95 -0.552593
8 96 -0.577322
8 97 -0.596773
8 98 -0.610641
8 99 -0.618096
8 100 -0.076933
8 101 0

9 0 0
9 1 -0.071791
9 2 -0.576694
9 3 -0.569377
9 4 -0.556413
9 5 -0.537104
9 6 -0.512643
9 7 -0.483109
9 8 -0.448988
9 9 -0.410783
9 10 -0.369197
9 11 -0.324644
9 12 -0.278335
9 13 -0.230656
9 14 -0.182276
9 15 -0.134199
9 16 -0.0871409
9 17 -0.0417552
9 18 0.00100959
9 19 0.0405649
9 20 0.0764276
9 21 0.108034
9 22 0.134926
9 23 0.156555
9 24 0.172633
9 25 0.183086
9 26 0.187598
9 27 0.186461
9 28 0.179673
9 29 0.166886
9 30 0.148896
9 31 0.125815
9 32 0.0981762
9 33 0.0660301
9 34 0.0303254
9 35 -0.00834238
9 36 -0.0492257
9 37 -0.0920939
9 38 -0.135475
9 39 -0.179336
9 40 -0.22259
9 41 -0.264734
9 42 -0.304867
9 43 -0.342579
9 44 -0.376991
9 45 -0.407531
9 46 -0.433886
9 47 -0.455537
9 48 -0.471949
9 49 -0.483182
9 50 -0.488554
9 51 -0.488531
9 52 -0.48233
9 53 -0.470688
9 54 -0.453404
9 55 -0.431061
9 56 -0.404037
9 57 -0.372657
9 58 -0.337496
9 59 -0.299311
9 60 -0.258266
9 61 -0.215393
9 62 -0.171355
9 63 -0.127073
9 64 -0.0830312
9 65 -0.0403158
9 66 0.000919419
9 67 0.0397265
9 68 0.0758318
9 69 0.108039
9 70 0.135904
9 71 0.158955
9 72 0.176787
9 73 0.188808
9 74 0.195593
9 75 0.196475
9 76 0.191287
9 77 0.180493
9 78 0.163764
9 79 0.141595
9 80 0.114282
9 81 0.0820414
9 82 0.0456148
9 83 0.00534153
9 84 -0.0379192
9 85 -0.083819
9 86 -0.13143
9 87 -0.179885
9 88 -0.22886
9 89 -0.277184
9 90 -0.324269
9 91 -0.369158
9 92 -0.411138
9 93 -0.449581
9 94 -0.483868
9 95 -0.513397
9 96 -0.538256
9 97 -0.557509
9 98 -0.571029
9 99 -0.578213
9 100 -0.0719528
9 101 0

10 0 0
10 1 -0.0663396
10 2 -0.53287
10 3 -0.525649
10 4 -0.512694
10 5 -0.493979
10 6 -0.469932
10 7 -0.440724
10 8 -0.407024
10 9 -0.369197
10 10 -0.328036
10 11 -0.284032
10 12 -0.238093
10 13 -0.190982
10 14 -0.142962
10 15 -0.0954702
10 16 -0.0491284
10 17 -0.00427579
10 18 0.0379983
10 19 0.0772267
10 20 0.112626
10 21 0.143541
10 22 0.169907
10 23 0.190957
10 24 0.206527
10 25 0.216793
10 26 0.22089
10 27 0.219306
10 28 0.212256
10 29 0.19928
10 30 0.180987
10 31 0.157593
10 32 0.129464
10 33 0.0972499
10 34 0.061594
10 35 0.022858
10 36 -0.0182635
10 37 -0.0611396
10 38 -0.104818
10 39 -0.148837
10 40 -0.192227
10 41 -0.234202
10 42 -0.274252
10 43 -0.31193
10 44 -0.346218
10 45 -0.376958
10 46 -0.403392
10 47 -0.424861
10 48 -0.441418
10 49 -0.452559
10 50 -0.458267
10 51 -0.458111
10 52 -0.451895
10 53 -0.440168
10 54 -0.423125
10 55 -0.400748
10 56 -0.373885
10 57 -0.342542
10 58 -0.307412
10 59 -0.26934
10 60 -0.228368
10 61 -0.185565
10 62 -0.141521
10 63 -0.0971862
10 64 -0.0531664
10 65 -0.0100561
10 66 0.0312675
10 67 0.0700455
10 68 0.106128
10 69 0.138532
10 70 0.166547
10 71 0.189923
10 72 0.208092
10 73 0.220537
10 74 0.227542
10 75 0.228539
10 76 0.223621
10 77 0.213401
10 78 0.197425
10 79 0.175851
10 80 0.148973
10 81 0.117222
10 82 0.0813464
10 83 0.0416894
10 84 -0.00114591
10 85 -0.0463774
10 86 -0.0935336
10 87 -0.141613
10 88 -0.189734
10 89 -0.237645
10 90 -0.284062
10 91 -0.328386
10 92 -0.37015
10 93 -0.408113
10 94 -0.441945
10 95 -0.471214
10 96 -0.495602
10 97 -0.514477
10 98 -0.527627
10 99 -0.534944
10 100 -0.0665922
10 101 0

11 0 0
11 1 -0.0605419
11 2 -0.486279
11 3 -0.479152
11 4 -0.466347
11 5 -0.447881
11 6 -0.424159
11 7 -0.395374
11 8 -0.362243
11 9 -0.324644
11 10 -0.284032
11 11 -0.240696
11 12 -0.195262
11 13 -0.148659
11 14 -0.10132
11 15 -0.0542849
11 16 -0.00858007
11 17 0.0355035
11 18 0.0774271
11 19 0.115928
11 20 0.150884
11 21 0.181331
11 22 0.206962
11 23 0.227687
11 24 0.243019
11 25 0.252528
11 26 0.256488
11 27 0.254494
11 28 0.246687
11 29 0.233504
11 30 0.214952
11 31 0.191354
11 32 0.163158
11 33 0.130795
11 34 0.0948732
11 35 0.0559628
11 36 0.0146882
11 37 -0.0284024
11 38 -0.0720868
11 39 -0.116144
11 40 -0.159483
11 41 -0.201369
11 42 -0.241587
11 43 -0.279218
11 44 -0.31365
11 45 -0.344298
11 46 -0.370855
11 47 -0.392447
11 48 -0.408812
11 49 -0.419996
11 50 -0.425635
11 51 -0.425421
11 52 -0.419401
11 53 -0.407674
11 54 -0.390636
11 55 -0.368581
11 56 -0.341661
11 57 -0.310387
11 58 -0.275373
11 59 -0.237061
11 60 -0.196435
11 61 -0.153661
11 62 -0.109656
11 63 -0.0653679
11 64 -0.0211325
11 65 0.0219314
11 66 0.0632999
11 67 0.102313
11 68 0.138556
11 69 0.171116
11 70 0.199395
11 71 0.222778
11 72 0.241153
11 73 0.254284
11 74 0.261291
11 75 0.262715
11 76 0.258605
11 77 0.248593
11 78 0.23307
11 79 0.211926
11 80 0.18568
11 81 0.154647
11 82 0.119306
11 83 0.0801723
11 84 0.0381217
11 85 -0.00667492
11 86 -0.0531968
11 87 -0.100648
11 88 -0.14836
11 89 -0.195596
11 90 -0.241258
11 91 -0.284908
11 92 -0.326064
11 93 -0.363512
11 94 -0.397145
11 95 -0.426141
11 96 -0.450197
11 97 -0.468708
11 98 -0.481719
11 99 -0.488899
11 100 -0.0608648
11 101 0

12 0 0
12 1 -0.05448
12 2 -0.437622
12 3 -0.430714
12 4 -0.417916
12 5 -0.39976
12 6 -0.376442
12 7 -0.348055
12 8 -0.315252
12 9 -0.278335
12 10 -0.238093
12 11 -0.195262
12 12 -0.150219
12 13 -0.104089
12 14 -0.0573815
12 15 -0.0112436
12 16 0.033878
12 17 0.0773715
12 18 0.118468
12 19 0.156354
12 20 0.190821
12 21 0.22087
12 22 0.246136
12 23 0.266102
12 24 0.280749
12 25 0.290017
12 26 0.293574
12 27 0.290972
12 28 0.282885
12 29 0.269238
12 30 0.250301
12 31 0.226459
12 32 0.19803
12 33 0.165699
12 34 0.129621
12 35 0.0904415
12 36 0.0489511
12 37 0.00590102
12 38 -0.0379153
12 39 -0.0819218
12 40 -0.125302
12 41 -0.167504
12 42 -0.207736
12 43 -0.245278
12 44 -0.279533
12 45 -0.310245
12 46 -0.336778
12 47 -0.358645
12 48 -0.375186
12 49 -0.386171
12 50 -0.39171
12 51 -0.391382
12 52 -0.385572
12 53 -0.373996
12 54 -0.35717
12 55 -0.335018
12 56 -0.307926
12 57 -0.276625
12 58 -0.241788
12 59 -0.203887
12 60 -0.163201
12 61 -0.120601
12 62 -0.0765004
12 63 -0.0319852
12 64 0.0121334
12 65 0.0553462
12 66 0.0967812
12 67 0.135965
12 68 0.17232
12 69 0.205046
12 70 0.233372
12 71 0.257024
12 72 0.275683
12 73 0.289014
12 74 0.296873
12 75 0.29866
12 76 0.294835
12 77 0.285232
12 78 0.27031
12 79 0.249871
12 80 0.224084
12 81 0.193684
12 82 0.15903
12 83 0.120466
12 84 0.0790029
12 85 0.034961
12 86 -0.0108002
12 87 -0.0576239
12 88 -0.10457
12 89 -0.15124
12 90 -0.196437
12 91 -0.239773
12 92 -0.280323
12 93 -0.317338
12 94 -0.350281
12 95 -0.378831
12 96 -0.402618
12 97 -0.420854
12 98 -0.433735
12 99 -0.440882
12 100 -0.0548975
12 101 0

13 0 0
13 1 -0.048274
13 2 -0.387726
13 3 -0.380896
13 4 -0.368527
13 5 -0.350705
13 6 -0.327485
13 7 -0.299459
13 8 -0.266969
13 9 -0.230656
13 10 -0.190982
13 11 -0.148659
13 12 -0.104089
13 13 -0.0586554
13 14 -0.0125434
13 15 0.033136
13 16 0.0777571
13 17 0.12052
13 18 0.16087
13 19 0.198277
13 20 0.231852
13 21 0.261354
13 22 0.285891
13 23 0.305408
13 24 0.319713
13 25 0.328419
13 26 0.331435
13 27 0.328499
13 28 0.320008
13 29 0.306109
13 30 0.286873
13 31 0.262887
13 32 0.234176
13 33 0.201358
13 34 0.165096
13 35 0.125797
13 36 0.0842497
13 37 0.0412858
13 38 -0.00278268
13 39 -0.0468747
13 40 -0.090332
13 41 -0.132753
13 42 -0.17293
13 43 -0.210427
13 44 -0.244801
13 45 -0.275513
13 46 -0.30208
13 47 -0.32374
13 48 -0.340449
13 49 -0.351604
13 50 -0.357017
13 51 -0.357048
13 52 -0.351051
13 53 -0.339332
13 54 -0.322584
13 55 -0.300511
13 56 -0.273553
13 57 -0.242383
13 58 -0.207648
13 59 -0.169769
13 60 -0.129069
13 61 -0.0864843
13 62 -0.0424274
13 63 0.00216606
13 64 0.0464249
13 65 0.0896952
13 66 0.131096
13 67 0.170428
13 68 0.206884
13 69 0.23971
13 70 0.268457
13 71 0.29251
13 72 0.311234
13 73 0.324943
13 74 0.333143
13 75 0.335408
13 76 0.332115
13 77 0.323086
13 78 0.308447
13 79 0.288616
13 80 0.263608
13 81 0.233878
13 82 0.199743
13 83 0.16213
13 84 0.121337
13 85 0.0777486
13 86 0.032572
13 87 -0.0135063
13 88 -0.0599108
13 89 -0.105798
13 90 -0.150431
13 91 -0.193436
13 92 -0.233229
13 93 -0.269821
13 94 -0.302313
13 95 -0.330484
13 96 -0.353756
13 97 -0.371931
13 98 -0.384704
13 99 -0.391556
13 100 -0.0487473
13 101 0

14 0 0
14 1 -0.0419913
14 2 -0.337254
14 3 -0.330646
14 4 -0.31842
14 5 -0.30091
14 6 -0.278221
14 7 -0.250201
14 8 -0.218086
14 9 -0.182276
14 10 -0.142962
14 11 -0.10132
14 12 -0.0573815
14 13 -0.0125434
14 14 0.0329871
14 15 0.077921
14 16 0.121845
14 17 0.164029
14 18 0.203835
14 19 0.240647
14 20 0.273411
14 21 0.302243
14 22 0.326463
14 23 0.34558
14 24 0.358967
14 25 0.367072
14 26 0.369325
14 27 0.366161
14 28 0.357302
14 29 0.343205
14 30 0.323703
14 31 0.299346
14 32 0.270342
14 33 0.237349
14 34 0.200876
14 35 0.161303
14 36 0.119738
14 37 0.076616
14 38 0.0325487
14 39 -0.0114195
14 40 -0.054797
14 41 -0.0972973
14 42 -0.137651
14 43 -0.175259
14 44 -0.209872
14 45 -0.240739
14 46 -0.267077
14 47 -0.288726
14 48 -0.305401
14 49 -0.316776
14 50 -0.322404
14 51 -0.322517
14 52 -0.316241
14 53 -0.304635
14 54 -0.287576
14 55 -0.265746
14 56 -0.238995
14 57 -0.207889
14 58 -0.173194
14 59 -0.135246
14 60 -0.0944711
14 61 -0.051818
14 62 -0.00788352
14 63 0.0365071
14 64 0.0807353
14 65 0.124079
14 66 0.165936
14 67 0.205232
14 68 0.241565
14 69 0.274462
14 70 0.303499
14 71 0.327975
14 72 0.346979
14 73 0.361121
14 74 0.369559
14 75 0.372396
14 76 0.369378
14 77 0.361186
14 78 0.34733
14 79 0.328055
14 80 0.303485
14 81 0.274375
14 82 0.241027
14 83 0.204025
14 84 0.163719
14 85 0.121135
14 86 0.0766524
14 87 0.0310767
14 88 -0.0145481
14 89 -0.0598371
14 90 -0.103734
14 91 -0.146046
14 92 -0.185313
14 93 -0.221569
14 94 -0.253878
14 95 -0.281538
14 96 -0.304575
14 97 -0.322513
14 98 -0.334985
14 99 -0.341662
14 100 -0.0425342
14 101 0

15 0 0
15 1 -0.0357339
15 2 -0.286964
15 3 -0.280539
15 4 -0.268554
15 5 -0.251126
15 6 -0.228836
15 7 -0.201424
15 8 -0.169651
15 9 -0.134199
15 10 -0.0954702
15 11 -0.0542849
15 12 -0.0112436
15 13 0.033136
15 14 0.077921
15 15 0.122396
15 16 0.165787
15 17 0.207266
15 18 0.246408
15 19 0.282478
15 20 0.314679
15 21 0.342799
15 22 0.366569
15 23 0.385033
15 24 0.398031
15 25 0.405431
15 26 0.407165
15 27 0.403608
15 28 0.394503
15 29 0.379745
15 30 0.359795
15 31 0.335174
15 32 0.306114
15 33 0.272789
15 34 0.236357
15 35 0.196845
15 36 0.155281
15 37 0.112047
15 38 0.0678283
15 39 0.0236879
15 40 -0.0197439
15 41 -0.0623611
15 42 -0.102943
15 43 -0.140715
15 44 -0.175319
15 45 -0.206186
15 46 -0.232499
15 47 -0.254157
15 48 -0.270786
15 49 -0.28214
15 50 -0.287792
15 51 -0.288017
15 52 -0.281954
15 53 -0.270282
15 54 -0.253211
15 55 -0.231319
15 56 -0.204689
15 57 -0.173929
15 58 -0.139063
15 59 -0.100981
15 60 -0.0603415
15 61 -0.0176108
15 62 0.0263509
15 63 0.0706925
15 64 0.114913
15 65 0.158376
15 66 0.200392
15 67 0.239694
15 68 0.276069
15 69 0.308906
15 70 0.33813
15 71 0.362752
15 72 0.382193
15 73 0.396695
15 74 0.405817
15 75 0.409091
15 76 0.40669
15 77 0.398799
15 78 0.385501
15 79 0.366874
15 80 0.342978
15 81 0.314475
15 82 0.28197
15 83 0.24555
15 84 0.206025
15 85 0.164025
15 86 0.120228
15 87 0.0753568
15 88 0.0302515
15 89 -0.0143029
15 90 -0.0576781
15 91 -0.0991104
15 92 -0.13779
15 93 -0.173559
15 94 -0.205409
15 95 -0.232673
15 96 -0.255621
15 97 -0.273174
15 98 -0.285345
15 99 -0.291843
15 100 -0.0363346
15 101 0

16 0 0
16 1 -0.0295547
16 2 -0.237551
16 3 -0.231554
16 4 -0.219794
16 5 -0.202641
16 6 -0.180351
16 7 -0.153495
16 8 -0.122186
16 9 -0.0871409
16 10 -0.0491284
16 11 -0.00858007
16 12 0.033878
16 13 0.0777571
16 14 0.121845
16 15 0.165787
16 16 0.208979
16 17 0.249696
16 18 0.288184
16 19 0.323369
16 20 0.355088
16 21 0.382788
16 22 0.405493
16 23 0.423533
16 24 0.435901
16 25 0.442507
16 26 0.44403
16 27 0.439935
16 28 0.430557
16 29 0.415327
16 30 0.394929
16 31 0.370032
16 32 0.340777
16 33 0.307425
16 34 0.270626
16 35 0.231366
16 36 0.189565
16 37 0.146085
16 38 0.102004
16 39 0.0577353
16 40 0.0140298
16 41 -0.0287172
16 42 -0.0693182
16 43 -0.107141
16 44 -0.141733
16 45 -0.172733
16 46 -0.199091
16 47 -0.220918
16 48 -0.237474
16 49 -0.248693
16 50 -0.254616
16 51 -0.254496
16 52 -0.24887
16 53 -0.237132
16 54 -0.2202
16 55 -0.198349
16 56 -0.171537
16 57 -0.140735
16 58 -0.105971
16 59 -0.0680355
16 60 -0.0274339
16 61 0.0153108
16 62 0.0594322
16 63 0.103759
16 64 0.148044
16 65 0.191533
16 66 0.233368
16 67 0.273085
16 68 0.309453
16 69 0.34252
16 70 0.371913
16 71 0.396509
16 72 0.416389
16 73 0.431405
16 74 0.441028
16 75 0.444607
16 76 0.442853
16 77 0.435209
16 78 0.422626
16 79 0.404901
16 80 0.381481
16 81 0.353834
16 82 0.321925
16 83 0.286207
16 84 0.247467
16 85 0.205962
16 86 0.162927
16 87 0.118575
16 88 0.0741359
16 89 0.030162
16 90 -0.0126247
16 91 -0.0532314
16 92 -0.0914746
16 93 -0.126621
16 94 -0.157893
16 95 -0.184992
16 96 -0.207518
16 97 -0.224877
16 98 -0.236548
16 99 -0.242835
16 100 -0.0302331
16 101 0

17 0 0
17 1 -0.0236217
17 2 -0.189797
17 3 -0.18386
17 4 -0.172555
17 5 -0.155802
17 6 -0.133794
17 7 -0.107162
17 8 -0.0762498
17 9 -0.0417552
17 10 -0.00427579
17 11 0.0355035
17 12 0.0773715
17 13 0.12052
17 14 0.164029
17 15 0.207266
17 16 0.249696
17 17 0.290087
17 18 0.327846
17 19 0.362679
17 20 0.393867
17 21 0.420767
17 22 0.442929
17 23 0.460005
17 24 0.47161
17 25 0.477973
17 26 0.478786
17 27 0.474463
17 28 0.46451
17 29 0.44891
17 30 0.428489
17 31 0.40338
17 32 0.373799
17 33 0.340263
17 34 0.303497
17 35 0.263893
17 36 0.221878
17 37 0.178387
17 38 0.134282
17 39 0.0899964
17 40 0.0461445
17 41 0.00362923
17 42 -0.037094
17 43 -0.0750101
17 44 -0.109676
17 45 -0.140696
17 46 -0.16712
17 47 -0.188747
17 48 -0.205435
17 49 -0.216884
17 50 -0.222875
17 51 -0.222843
17 52 -0.216812
17 53 -0.205368
17 54 -0.188451
17 55 -0.166546
17 56 -0.139988
17 57 -0.109116
17 58 -0.0742857
17 59 -0.0363784
17 60 0.00401306
17 61 0.0467276
17 62 0.0906168
17 63 0.134995
17 64 0.179248
17 65 0.222868
17 66 0.264914
17 67 0.304423
17 68 0.341072
17 69 0.374475
17 70 0.403934
17 71 0.428753
17 72 0.448883
17 73 0.464204
17 74 0.474057
17 75 0.478121
17 76 0.476723
17 77 0.470154
17 78 0.458162
17 79 0.440927
17 80 0.418352
17 81 0.391262
17 82 0.359946
17 83 0.32486
17 84 0.286659
17 85 0.246092
17 86 0.203722
17 87 0.160103
17 88 0.11628
17 89 0.0728792
17 90 0.0308719
17 91 -0.00924337
17 92 -0.0466563
17 93 -0.0811652
17 94 -0.112119
17 95 -0.138871
17 96 -0.161068
17 97 -0.178034
17 98 -0.18943
17 99 -0.195389
17 100 -0.0243113
17 101 0

18 0 0
18 1 -0.0179956
18 2 -0.144495
18 3 -0.138593
18 4 -0.127597
18 5 -0.111108
18 6 -0.0893923
18 7 -0.0631177
18 8 -0.0328744
18 9 0.00100959
18 10 0.0379983
18 11 0.0774271
18 12 0.118468
18 13 0.16087
18 14 0.203835
18 15 0.246408
18 16 0.288184
18 17 0.327846
18 18 0.365127
18 19 0.399292
18 20 0.429941
18 21 0.45631
18 22 0.47757
18 23 0.494136
18 24 0.505397
18 25 0.511196
18 26 0.511453
18 27 0.506522
18 28 0.496162
18 29 0.480295
18 30 0.459655
18 31 0.434407
18 32 0.404441
18 33 0.370718
18 34 0.333838
18 35 0.294142
18 36 0.252181
18 37 0.208738
18 38 0.164287
18 39 0.119836
18 40 0.0762052
18 41 0.0335831
18 42 -0.0071265
18 43 -0.0451445
18 44 -0.0798904
18 45 -0.110801
18 46 -0.13709
18 47 -0.158601
18 48 -0.175179
18 49 -0.186564
18 50 -0.192372
18 51 -0.192643
18 52 -0.186811
18 53 -0.175364
18 54 -0.158603
18 55 -0.136803
18 56 -0.110331
18 57 -0.0796963
18 58 -0.0449508
18 59 -0.00695705
18 60 0.0334196
18 61 0.075747
18 62 0.119637
18 63 0.16406
18 64 0.208419
18 65 0.252061
18 66 0.293947
18 67 0.333649
18 68 0.370412
18 69 0.403922
18 70 0.433511
18 71 0.458626
18 72 0.47903
18 73 0.494531
18 74 0.504747
18 75 0.509398
18 76 0.508739
18 77 0.50272
18 78 0.491193
18 79 0.474593
18 80 0.452801
18 81 0.426312
18 82 0.3954
18 83 0.361024
18 84 0.323758
18 85 0.283792
18 86 0.242015
18 87 0.199065
18 88 0.155979
18 89 0.11345
18 90 0.0719669
18 91 0.032399
18 92 -0.00442938
18 93 -0.0382597
18 94 -0.0686536
18 95 -0.0947907
18 96 -0.116449
18 97 -0.133202
18 98 -0.144495
18 99 -0.150323
18 100 -0.0187121
18 101 0

19 0 0
19 1 -0.0127509
19 2 -0.102355
19 3 -0.0965956
19 4 -0.085576
19 5 -0.0696643
19 6 -0.0483837
19 7 -0.0225421
19 8 0.00702248
19 9 0.0405649
19 10 0.0772267
19 11 0.115928
19 12 0.156354
19 13 0.198277
19 14 0.240647
19 15 0.282478
19 16 0.323369
19 17 0.362679
19 18 0.399292
19 19 0.432723
19 20 0.462853
19 21 0.488491
19 22 0.509431
19 23 0.525258
19 24 0.535936
19 25 0.541452
19 26 0.541321
19 27 0.535773
19 28 0.525067
19 29 0.509095
19 30 0.488096
19 31 0.462308
19 32 0.432231
19 33 0.398484
19 34 0.361376
19 35 0.321426
19 36 0.279547
19 37 0.23583
19 38 0.191598
19 39 0.147111
19 40 0.103298
19 41 0.0607109
19 42 0.0201185
19 43 -0.0177804
19 44 -0.0523028
19 45 -0.0832876
19 46 -0.10946
19 47 -0.131001
19 48 -0.147602
19 49 -0.158768
19 50 -0.164393
19 51 -0.164584
19 52 -0.158962
19 53 -0.147927
19 54 -0.13139
19 55 -0.109731
19 56 -0.0831842
19 57 -0.0524732
19 58 -0.0179846
19 59 0.0195952
19 60 0.059903
19 61 0.102208
19 62 0.145998
19 63 0.190293
19 64 0.234746
19 65 0.278073
19 66 0.320225
19 67 0.360049
19 68 0.396951
19 69 0.430525
19 70 0.460387
19 71 0.485657
19 72 0.50619
19 73 0.522163
19 74 0.532759
19 75 0.537902
19 76 0.537806
19 77 0.532233
19 78 0.521319
19 79 0.505206
19 80 0.484041
19 81 0.458214
19 82 0.428172
19 83 0.3942
19 84 0.357348
19 85 0.318365
19 86 0.277395
19 87 0.235152
19 88 0.192851
19 89 0.15075
19 90 0.109949
19 91 0.0709783
19 92 0.0345253
19 93 0.00142885
19 94 -0.0284914
19 95 -0.0540721
19 96 -0.0750825
19 97 -0.0915803
19 98 -0.102568
19 99 -0.10836
19 100 -0.0135036
19 101 0

20 0 0
20 1 -0.00798441
20 2 -0.0641251
20 3 -0.0585348
20 4 -0.0477425
20 5 -0.0319255
20 6 -0.01101
20 7 0.0142175
20 8 0.0434497
20 9 0.0764276
20 10 0.112626
20 11 0.150884
20 12 0.190821
20 13 0.231852
20 14 0.273411
20 15 0.314679
20 16 0.355088
20 17 0.393867
20 18 0.429941
20 19 0.462853
20 20 0.49201
20 21 0.517017
20 22 0.537175
20 23 0.552835
20 24 0.563189
20 25 0.568128
20 26 0.567682
20 27 0.562012
20 28 0.55075
20 29 0.534443
20 30 0.513265
20 31 0.487369
20 32 0.457272
20 33 0.423229
20 34 0.3856
20 35 0.345541
20 36 0.303384
20 37 0.259652
20 38 0.215326
20 39 0.17101
20 40 0.127333
20 41 0.0848582
20 42 0.0442639
20 43 0.00656973
20 44 -0.0279463
20 45 -0.0587333
20 46 -0.0849444
20 47 -0.106365
20 48 -0.122844
20 49 -0.133953
20 50 -0.139338
20 51 -0.139583
20 52 -0.134257
20 53 -0.123263
20 54 -0.106842
20 55 -0.0853936
20 56 -0.0590228
20 57 -0.0286074
20 58 0.00561139
20 59 0.0432218
20 60 0.0834638
20 61 0.125612
20 62 0.169116
20 63 0.213344
20 64 0.257594
20 65 0.300955
20 66 0.343049
20 67 0.383327
20 68 0.420359
20 69 0.454133
20 70 0.484085
20 71 0.509528
20 72 0.530438
20 73 0.546645
20 74 0.557351
20 75 0.563016
20 76 0.563653
20 77 0.558655
20 78 0.547812
20 79 0.532151
20 80 0.511616
20 81 0.48672
20 82 0.457164
20 83 0.423912
20 84 0.387713
20 85 0.349194
20 86 0.308881
20 87 0.267661
20 88 0.225891
20 89 0.184409
20 90 0.144392
20 91 0.106062
20 92 0.0703526
20 93 0.0375531
20 94 0.00823867
20 95 -0.0170813
20 96 -0.0378264
20 97 -0.0539139
20 98 -0.0647693
20 99 -0.0701873
20 100 -0.00871674
20 101 0

21 0 0
21 1 -0.00376479
21 2 -0.0303154
21 3 -0.0249318
21 4 -0.0141139
21 5 0.0014685
21 6 0.0222514
21 7 0.0468145
21 8 0.0757014
21 9 0.108034
21 10 0.143541
21 11 0.181331
21 12 0.22087
21 13 0.261354
21 14 0.302243
21 15 0.342799
21 16 0.382788
21 17 0.420767
21 18 0.45631
21 19 0.488491
21 20 0.517017
21 21 0.541396
21 22 0.561023
21 23 0.576132
21 24 0.586188
21 25 0.590846
21 26 0.590181
21 27 0.584098
21 28 0.572687
21 29 0.556092
21 30 0.534488
21 31 0.508302
21 32 0.47785
21 33 0.444125
21 34 0.406271
21 35 0.366111
21 36 0.323598
21 37 0.280014
21 38 0.23561
21 39 0.191503
21 40 0.147694
21 41 0.105532
21 42 0.0650632
21 43 0.0275248
21 44 -0.00676181
21 45 -0.037384
21 46 -0.0634632
21 47 -0.0847169
21 48 -0.101256
21 49 -0.112261
21 50 -0.11784
21 51 -0.117791
21 52 -0.112638
21 53 -0.101582
21 54 -0.0855973
21 55 -0.0643024
21 56 -0.0382288
21 57 -0.00807352
21 58 0.0260416
21 59 0.0635076
21 60 0.103491
21 61 0.145664
21 62 0.188839
21 63 0.232925
21 64 0.276856
21 65 0.320488
21 66 0.362507
21 67 0.403032
21 68 0.439854
21 69 0.473741
21 70 0.503765
21 71 0.529487
21 72 0.550765
21 73 0.567331
21 74 0.578556
21 75 0.584343
21 76 0.585171
21 77 0.580385
21 78 0.570329
21 79 0.55539
21 80 0.535272
21 81 0.510825
21 82 0.48186
21 83 0.449426
21 84 0.414001
21 85 0.375905
21 86 0.336548
21 87 0.295942
21 88 0.254924
21 89 0.214138
21 90 0.174715
21 91 0.13692
21 92 0.101667
21 93 0.0693934
21 94 0.0407125
21 95 0.0158017
21 96 -0.00431684
21 97 -0.0203512
21 98 -0.0308561
21 99 -0.0363225
21 100 -0.00452799
21 101 0

22 0 0
22 1 -0.000179767
22 2 -0.00138165
22 3 0.00401629
22 4 0.0147241
22 5 0.0299999
22 6 0.0501173
22 7 0.0744836
22 8 0.103121
22 9 0.134926
22 10 0.169907
22 11 0.206962
22 12 0.246136
22 13 0.285891
22 14 0.326463
22 15 0.366569
22 16 0.405493
22 17 0.442929
22 18 0.47757
22 19 0.509431
22 20 0.537175
22 21 0.561023
22 22 0.580237
22 23 0.595322
22 24 0.605001
22 25 0.609542
22 26 0.608287
22 27 0.602024
22 28 0.590208
22 29 0.573288
22 30 0.551603
22 31 0.525228
22 32 0.494679
22 33 0.460534
22 34 0.422894
22 35 0.382595
22 36 0.340335
22 37 0.296545
22 38 0.252329
22 39 0.208027
22 40 0.164383
22 41 0.122365
22 42 0.0821182
22 43 0.0444747
22 44 0.0103813
22 45 -0.0198419
22 46 -0.0457345
22 47 -0.0668619
22 48 -0.0828986
22 49 -0.0939321
22 50 -0.099445
22 51 -0.0997816
22 52 -0.0943093
22 53 -0.083834
22 54 -0.0678062
22 55 -0.0468086
22 56 -0.0211562
22 57 0.00867634
22 58 0.0426454
22 59 0.079971
22 60 0.120009
22 61 0.161749
22 62 0.20492
22 63 0.248773
22 64 0.292787
22 65 0.33614
22 66 0.378174
22 67 0.418176
22 68 0.455371
22 69 0.489511
22 70 0.519562
22 71 0.545372
22 72 0.566902
22 73 0.583774
22 74 0.595242
22 75 0.60163
22 76 0.602512
22 77 0.598303
22 78 0.58838
22 79 0.573851
22 80 0.554109
22 81 0.530216
22 82 0.502077
22 83 0.470431
22 84 0.435396
22 85 0.398377
22 86 0.35931
22 87 0.319519
22 88 0.279287
22 89 0.239012
22 90 0.200364
22 91 0.163021
22 92 0.128419
22 93 0.0967797
22 94 0.0686471
22 95 0.0438629
22 96 0.0239548
22 97 0.0085051
22 98 -0.00171301
22 99 -0.00729016
22 100 -0.000933383
22 101 0

23 0 0
23 1 0.00277525
23 2 0.0223115
23 3 0.0275278
23 4 0.0381178
23 5 0.0529935
23 6 0.0728264
23 7 0.096837
23 8 0.125028
23 9 0.156555
23 10 0.190957
23 11 0.227687
23 12 0.266102
23 13 0.305408
23 14 0.34558
23 15 0.385033
23 16 0.423533
23 17 0.460005
23 18 0.494136
23 19 0.525258
23 20 0.552835
23 21 0.576132
23 22 0.595322
23 23 0.609671
23 24 0.618967
23 25 0.623226
23 26 0.621692
23 27 0.615058
23 28 0.603295
23 29 0.586164
23 30 0.564207
23 31 0.537888
23 32 0.507021
23 33 0.472861
23 34 0.434909
23 35 0.394606
23 36 0.352192
23 37 0.308525
23 38 0.264155
23 39 0.220181
23 40 0.17664
23 41 0.134992
23 42 0.0949774
23 43 0.0577347
23 44 0.0236665
23 45 -0.00651764
23 46 -0.032128
23 47 -0.0531
23 48 -0.0692608
23 49 -0.0798002
23 50 -0.0855234
23 51 -0.0856026
23 52 -0.0806616
23 53 -0.0700766
23 54 -0.0544499
23 55 -0.0335843
23 56 -0.00798145
23 57 0.0217596
23 58 0.0552493
23 59 0.0922434
23 60 0.131899
23 61 0.173615
23 62 0.216284
23 63 0.260266
23 64 0.304059
23 65 0.347339
23 66 0.389042
23 67 0.429181
23 68 0.466627
23 69 0.500951
23 70 0.53088
23 71 0.557002
23 72 0.578707
23 73 0.59562
23 74 0.607708
23 75 0.614341
23 76 0.615293
23 77 0.611219
23 78 0.602072
23 79 0.587823
23 80 0.568606
23 81 0.544938
23 82 0.517489
23 83 0.4864
23 84 0.452144
23 85 0.415752
23 86 0.377666
23 87 0.338066
23 88 0.298679
23 89 0.259122
23 90 0.220835
23 91 0.184126
23 92 0.149847
23 93 0.118756
23 94 0.0909001
23 95 0.0666996
23 96 0.04711
23 97 0.0319546
23 98 0.0220584
23 99 0.0166137
23 100 0.00204531
23 101 0

24 0 0
24 1 0.00502287
24 2 0.0403068
24 3 0.0454222
24 4 0.0556119
24 5 0.0704442
24 6 0.0899755
24 7 0.113538
24 8 0.141288
24 9 0.172633
24 10 0.206527
24 11 0.243019
24 12 0.280749
24 13 0.319713
24 14 0.358967
24 15 0.398031
24 16 0.435901
24 17 0.47161
24 18 0.505397
24 19 0.535936
24 20 0.563189
24 21 0.586188
24 22 0.605001
24 23 0.618967
24 24 0.628058
24 25 0.631983
24 26 0.630525
24 27 0.623495
24 28 0.611533
24 29 0.594151
24 30 0.571992
24 31 0.545485
24 32 0.514764
24 33 0.480338
24 34 0.442389
24 35 0.402004
24 36 0.359591
24 37 0.31612
24 38 0.271926
24 39 0.22778
24 40 0.18456
24 41 0.142997
24 42 0.103435
24 43 0.0662619
24 44 0.0325162
24 45 0.00255854
24 46 -0.0226808
24 47 -0.0434322
24 48 -0.0590877
24 49 -0.0698598
24 50 -0.0756001
24 51 -0.0757237
24 52 -0.0707889
24 53 -0.0602909
24 54 -0.044916
24 55 -0.0244802
24 56 0.000907014
24 57 0.0303038
24 58 0.0635901
24 59 0.10014
24 60 0.139647
24 61 0.180936
24 62 0.223588
24 63 0.2672
24 64 0.310914
24 65 0.353959
24 66 0.395527
24 67 0.435695
24 68 0.473214
24 69 0.507339
24 70 0.537608
24 71 0.563943
24 72 0.585868
24 73 0.602927
24 74 0.615296
24 75 0.622017
24 76 0.623439
24 77 0.61945
24 78 0.610655
24 79 0.596884
24 80 0.578037
24 81 0.554775
24 82 0.527786
24 83 0.497035
24 84 0.463669
24 85 0.427733
24 86 0.390282
24 87 0.351493
24 88 0.312569
24 89 0.273877
24 90 0.235824
24 91 0.199784
24 92 0.165901
24 93 0.135242
24 94 0.10771
24 95 0.0841895
24 96 0.0649343
24 97 0.0499149
24 98 0.040053
24 99 0.034931
24 100 0.00434134
24 101 0

25 0 0
25 1 0.00651555
25 2 0.0523906
25 3 0.0574427
25 4 0.0675456
25 5 0.0822032
25 6 0.101354
25 7 0.124762
25 8 0.152167
25 9 0.183086
25 10 0.216793
25 11 0.252528
25 12 0.290017
25 13 0.328419
25 14 0.367072
25 15 0.405431
25 16 0.442507
25 17 0.477973
25 18 0.511196
25 19 0.541452
25 20 0.568128
25 21 0.590846
25 22 0.609542
25 23 0.623226
25 24 0.631983
25 25 0.63577
25 26 0.634026
25 27 0.626863
25 28 0.614477
25 29 0.596944
25 30 0.574852
25 31 0.548267
25 32 0.517343
25 33 0.482918
25 34 0.445279
25 35 0.404761
25 36 0.362354
25 37 0.319153
25 38 0.275085
25 39 0.231158
25 40 0.188083
25 41 0.146826
25 42 0.107406
25 43 0.070488
25 44 0.036956
25 45 0.00740458
25 46 -0.0175939
25 47 -0.0380986
25 48 -0.0536672
25 49 -0.0641837
25 50 -0.0698934
25 51 -0.0700915
25 52 -0.0649954
25 53 -0.0548573
25 54 -0.0397123
25 55 -0.0195316
25 56 0.00535192
25 57 0.0344819
25 58 0.0674799
25 59 0.10381
25 60 0.142915
25 61 0.184088
25 62 0.226357
25 63 0.269643
25 64 0.313146
25 65 0.356165
25 66 0.397676
25 67 0.43756
25 68 0.475029
25 69 0.509136
25 70 0.539405
25 71 0.565901
25 72 0.587999
25 73 0.605301
25 74 0.617686
25 75 0.624663
25 76 0.62637
25 77 0.6229
25 78 0.614233
25 79 0.60049
25 80 0.582265
25 81 0.559585
25 82 0.532935
25 83 0.502712
25 84 0.4696
25 85 0.43443
25 86 0.397474
25 87 0.359468
25 88 0.321046
25 89 0.283003
25 90 0.245804
25 91 0.209898
25 92 0.176681
25 93 0.146339
25 94 0.119159
25 95 0.0960699
25 96 0.0771351
25 97 0.062273
25 98 0.0522862
25 99 0.0473714
25 100 0.0059041
25 101 0

26 0 0
26 1 0.00728109
26 2 0.0584055
26 3 0.0632196
26 4 0.0731804
26 5 0.0879128
26 6 0.106972
26 7 0.130211
26 8 0.157268
26 9 0.187598
26 10 0.22089
26 11 0.256488
26 12 0.293574
26 13 0.331435
26 14 0.369325
26 15 0.407165
26 16 0.44403
26 17 0.478786
26 18 0.511453
26 19 0.541321
26 20 0.567682
26 21 0.590181
26 22 0.608287
26 23 0.621692
26 24 0.630525
26 25 0.634026
26 26 0.632098
26 27 0.624832
26 28 0.612358
26 29 0.595054
26 30 0.572822
26 31 0.546111
26 32 0.515325
26 33 0.480773
26 34 0.44323
26 35 0.403013
26 36 0.360835
26 37 0.317635
26 38 0.273744
26 39 0.229983
26 40 0.187239
26 41 0.146226
26 42 0.10712
26 43 0.0705265
26 44 0.037334
26 45 0.00810041
