0 0 0
0 1 0
0 2 0
0 3 0
0 4 0
0 5 0
0 6 0
0 7 0
0 8 0
0 9 0
0 10 0
0 11 0
0 12 0
0 13 0
0 14 0
0 15 0
0 16 0
0 17 0
0 18 0
0 19 0
0 20 0
0 21 0
0 22 0
0 23 0
0 24 0
0 25 0
0 26 0
0 27 0
0 28 0
0 29 0
0 30 0
0 31 0
0 32 0
0 33 0
0 34 0
0 35 0
0 36 0
0 37 0
0 38 0
0 39 0
0 40 0
0 41 0
0 42 0
0 43 0
0 44 0
0 45 0
0 46 0
0 47 0
0 48 0
0 49 0
0 50 0
0 51 0
0 52 0
0 53 0
0 54 0
0 55 0
0 56 0
0 57 0
0 58 0
0 59 0
0 60 0
0 61 0
0 62 0
0 63 0
0 64 0
0 65 0
0 66 0
0 67 0
0 68 0
0 69 0
0 70 0
0 71 0
0 72 0
0 73 0
0 74 0
0 75 0
0 76 0
0 77 0
0 78 0
0 79 0
0 80 0
0 81 0
0 82 0
0 83 0
0 84 0
0 85 0
0 86 0
0 87 0
0 88 0
0 89 0
0 90 0
0 91 0
0 92 0
0 93 0
0 94 0
0 95 0
0 96 0
0 97 0
0 98 0
0 99 0
0 100 0
0 101 0

1 0 0
1 1 0
1 2 -0.127953
1 3 -0.126674
1 4 -0.124383
1 5 -0.121122
1 6 -0.116916
1 7 -0.111818
1 8 -0.105902
1 9 -0.0992639
1 10 -0.0920254
1 11 -0.0842308
1 12 -0.0760714
1 13 -0.067768
1 14 -0.0593794
1 15 -0.0511363
1 16 -0.0431032
1 17 -0.0353622
1 18 -0.0280212
1 19 -0.0212746
1 20 -0.0151653
1 21 -0.00983558
1 22 -0.0052549
1 23 -0.00153759
1 24 0.00121844
1 25 0.00297738
1 26 0.00368887
1 27 0.00338358
1 28 0.00205133
1 29 -0.000295639
1 30 -0.0036637
1 31 -0.0078925
1 32 -0.0129322
1 33 -0.0187492
1 34 -0.0252079
1 35 -0.0322176
1 36 -0.0396884
1 37 -0.04746
1 38 -0.0554254
1 39 -0.0634085
1 40 -0.0712604
1 41 -0.0788898
1 42 -0.0861384
1 43 -0.0928979
1 44 -0.0990731
1 45 -0.1046
1 46 -0.109348
1 47 -0.113281
1 48 -0.116334
1 49 -0.118444
1 50 -0.119479
1 51 -0.11949
1 52 -0.118398
1 53 -0.116275
1 54 -0.113137
1 55 -0.10917
1 56 -0.104393
1 57 -0.0989226
1 58 -0.0927365
1 59 -0.0859024
1 60 -0.0785715
1 61 -0.0708991
1 62 -0.063
1 63 -0.0550267
1 64 -0.0470745
1 65 -0.0392695
1 66 -0.0317976
1 67 -0.0247565
1 68 -0.01827
1 69 -0.0124402
1 70 -0.00733764
1 71 -0.00307857
1 72 0.000220314
1 73 0.00257368
1 74 0.00389766
1 75 0.00418911
1 76 0.00344603
1 77 0.00166202
1 78 -0.00116913
1 79 -0.00494595
1 80 -0.00957233
1 81 -0.0150279
1 82 -0.0212134
1 83 -0.0280505
1 84 -0.0353749
1 85 -0.0431565
1 86 -0.0512381
1 87 -0.0595362
1 88 -0.0678945
1 89 -0.0762416
1 90 -0.0843892
1 91 -0.0922058
1 92 -0.0995321
1 93 -0.106213
1 94 -0.112203
1 95 -0.117371
1 96 -0.121613
1 97 -0.124947
1 98 -0.127278
1 99 -0.12857
1 100 0
1 101 0

2 0 0
2 1 -0.127953
2 2 -1.02844
2 3 -1.01821
2 4 -0.999876
2 5 -0.973588
2 6 -0.9398
2 7 -0.898798
2 8 -0.851242
2 9 -0.797882
2 10 -0.739418
2 11 -0.676861
2 12 -0.611613
2 13 -0.544851
2 14 -0.477713
2 15 -0.411231
2 16 -0.346499
2 17 -0.284254
2 18 -0.225402
2 19 -0.170905
2 20 -0.121828
2 21 -0.0786736
2 22 -0.042005
2 23 -0.0122837
2 24 0.00986192
2 25 0.0239593
2 26 0.0298011
2 27 0.0273264
2 28 0.0165822
2 29 -0.00235219
2 30 -0.0291579
2 31 -0.0632483
2 32 -0.103952
2 33 -0.150656
2 34 -0.202691
2 35 -0.259171
2 36 -0.319183
2 37 -0.381618
2 38 -0.445447
2 39 -0.509538
2 40 -0.572728
2 41 -0.634002
2 42 -0.692299
2 43 -0.746672
2 44 -0.796306
2 45 -0.840614
2 46 -0.878862
2 47 -0.910509
2 48 -0.93503
2 49 -0.951799
2 50 -0.960307
2 51 -0.960303
2 52 -0.951504
2 53 -0.934336
2 54 -0.909457
2 55 -0.87757
2 56 -0.839305
2 57 -0.795076
2 58 -0.745239
2 59 -0.690382
2 60 -0.631484
2 61 -0.569789
2 62 -0.506351
2 63 -0.442205
2 64 -0.378325
2 65 -0.315788
2 66 -0.255704
2 67 -0.199089
2 68 -0.146914
2 69 -0.099886
2 70 -0.0588815
2 71 -0.0246265
2 72 0.0021036
2 73 0.0208349
2 74 0.0314317
2 75 0.0337126
2 76 0.0277032
2 77 0.0133487
2 78 -0.00922364
2 79 -0.0394358
2 80 -0.0767713
2 81 -0.120631
2 82 -0.170523
2 83 -0.225375
2 84 -0.284465
2 85 -0.34698
2 86 -0.412037
2 87 -0.478683
2 88 -0.546014
2 89 -0.612903
2 90 -0.678298
2 91 -0.741017
2 92 -0.799927
2 93 -0.853892
2 94 -0.90193
2 95 -0.943318
2 96 -0.977567
2 97 -1.00424
2 98 -1.02301
2 99 -1.03343
2 100 -0.12857
2 101 0

3 0 0
3 1 -0.126674
3 2 -1.01821
3 3 -1.00814
3 4 -0.989875
3 5 -0.963599
3 6 -0.929782
3 7 -0.888856
3 8 -0.841351
3 9 -0.787946
3 10 -0.729315
3 11 -0.667071
3 12 -0.60241
3 13 -0.53594
3 14 -0.469224
3 15 -0.40272
3 16 -0.337833
3 17 -0.275627
3 18 -0.216888
3 19 -0.16229
3 20 -0.113184
3 21 -0.0698911
3 22 -0.0333794
3 23 -0.00398478
3 24 0.0180102
3 25 0.0319979
3 26 0.0379164
3 27 0.0354665
3 28 0.0247283
3 29 0.00573799
3 30 -0.0208673
3 31 -0.0550693
3 32 -0.096039
3 33 -0.142812
3 34 -0.194984
3 35 -0.251551
3 36 -0.311297
3 37 -0.373537
3 38 -0.436957
3 39 -0.500714
3 40 -0.563827
3 41 -0.624976
3 42 -0.683226
3 43 -0.737512
3 44 -0.78718
3 45 -0.831371
3 46 -0.86966
3 47 -0.90134
3 48 -0.925805
3 49 -0.942446
3 50 -0.951108
3 51 -0.950956
3 52 -0.942205
3 53 -0.925066
3 54 -0.900484
3 55 -0.868669
3 56 -0.83051
3 57 -0.785989
3 58 -0.735989
3 59 -0.681276
3 60 -0.622658
3 61 -0.561035
3 62 -0.497691
3 63 -0.433599
3 64 -0.369961
3 65 -0.307849
3 66 -0.247927
3 67 -0.191468
3 68 -0.139237
3 69 -0.0920278
3 70 -0.0508619
3 71 -0.0165565
3 72 0.0103742
3 73 0.0290315
3 74 0.0395142
3 75 0.0417447
3 76 0.0357163
3 77 0.021421
3 78 -0.000784676
3 79 -0.0307793
3 80 -0.0681407
3 81 -0.112088
3 82 -0.161899
3 83 -0.216647
3 84 -0.275841
3 85 -0.338286
3 86 -0.403344
3 87 -0.469923
3 88 -0.537183
3 89 -0.603705
3 90 -0.668752
3 91 -0.731174
3 92 -0.789991
3 93 -0.844056
3 94 -0.891966
3 95 -0.933234
3 96 -0.967521
3 97 -0.99403
3 98 -1.01271
3 99 -1.02312
3 100 -0.127293
3 101 0

4 0 0
4 1 -0.124383
4 2 -0.999876
4 3 -0.989875
4 4 -0.971534
4 5 -0.945383
4 6 -0.911722
4 7 -0.870747
4 8 -0.82339
4 9 -0.769927
4 10 -0.711707
4 11 -0.649762
4 12 -0.584993
4 13 -0.518772
4 14 -0.452085
4 15 -0.386137
4 16 -0.321152
4 17 -0.25885
4 18 -0.20005
4 19 -0.145641
4 20 -0.096457
4 21 -0.0535794
4 22 -0.017156
4 23 0.0120938
4 24 0.0340534
4 25 0.0480404
4 26 0.0536139
4 27 0.0513355
4 28 0.0403328
4 29 0.0214719
4 30 -0.00502548
4 31 -0.0393179
4 32 -0.0804066
4 33 -0.127153
4 34 -0.179255
4 35 -0.235859
4 36 -0.295712
4 37 -0.357523
4 38 -0.42064
4 39 -0.484497
4 40 -0.547468
4 41 -0.608479
4 42 -0.666784
4 43 -0.721066
4 44 -0.770868
4 45 -0.814901
4 46 -0.852914
4 47 -0.884775
4 48 -0.909156
4 49 -0.925845
4 50 -0.934287
4 51 -0.934167
4 52 -0.925377
4 53 -0.908708
4 54 -0.883985
4 55 -0.852325
4 56 -0.813898
4 57 -0.76943
4 58 -0.719678
4 59 -0.664853
4 60 -0.606294
4 61 -0.544952
4 62 -0.481796
4 63 -0.417683
4 64 -0.354039
4 65 -0.29211
4 66 -0.232461
4 67 -0.175821
4 68 -0.123388
4 69 -0.0761877
4 70 -0.0352237
4 71 -0.00113388
4 72 0.0258518
4 73 0.0446665
4 74 0.0550866
4 75 0.0577392
4 76 0.0513969
4 77 0.0374485
4 78 0.0156758
4 79 -0.0144449
4 80 -0.0516568
4 81 -0.0955686
4 82 -0.145156
4 83 -0.19991
4 84 -0.259108
4 85 -0.321663
4 86 -0.386236
4 87 -0.452927
4 88 -0.519778
4 89 -0.586362
4 90 -0.651422
4 91 -0.713454
4 92 -0.772118
4 93 -0.825991
4 94 -0.873946
4 95 -0.915186
4 96 -0.949407
4 97 -0.975799
4 98 -0.994156
4 99 -1.00455
4 100 -0.124991
4 101 0

5 0 0
5 1 -0.121122
5 2 -0.973588
5 3 -0.963599
5 4 -0.945383
5 5 -0.919168
5 6 -0.885602
5 7 -0.844683
5 8 -0.797317
5 9 -0.744188
5 10 -0.685964
5 11 -0.624312
5 12 -0.559947
5 13 -0.49381
5 14 -0.427415
5 15 -0.361253
5 16 -0.296377
5 17 -0.234286
5 18 -0.175886
5 19 -0.121769
5 20 -0.0725781
5 21 -0.0293288
5 22 0.0067656
5 23 0.0360267
5 24 0.0576598
5 25 0.0713598
5 26 0.0772127
5 27 0.0744449
5 28 0.0634631
5 29 0.0444359
5 30 0.0179272
5 31 -0.0161999
5 32 -0.0572116
5 33 -0.103903
5 34 -0.156064
5 35 -0.212608
5 36 -0.272225
5 37 -0.334349
5 38 -0.397708
5 39 -0.461063
5 40 -0.523982
5 41 -0.585117
5 42 -0.643194
5 43 -0.69769
5 44 -0.747427
5 45 -0.791368
5 46 -0.829681
5 47 -0.861498
5 48 -0.885605
5 49 -0.902097
5 50 -0.910712
5 51 -0.910304
5 52 -0.901922
5 53 -0.885324
5 54 -0.860914
5 55 -0.829022
5 56 -0.790591
5 57 -0.745843
5 58 -0.695857
5 59 -0.641765
5 60 -0.583207
5 61 -0.52172
5 62 -0.458743
5 63 -0.394816
5 64 -0.331223
5 65 -0.268998
5 66 -0.208937
5 67 -0.152341
5 68 -0.100171
5 69 -0.0531525
5 70 -0.0124688
5 71 0.0216819
5 72 0.0484715
5 73 0.0674196
5 74 0.0784505
5 75 0.0807736
5 76 0.0751129
5 77 0.0611874
5 78 0.0394039
5 79 0.00989751
5 80 -0.0276264
5 81 -0.0715236
5 82 -0.120919
5 83 -0.175663
5 84 -0.234696
5 85 -0.296806
5 86 -0.361648
5 87 -0.42795
5 88 -0.494842
5 89 -0.561099
5 90 -0.625764
5 91 -0.687855
5 92 -0.746095
5 93 -0.799943
5 94 -0.847921
5 95 -0.889135
5 96 -0.9233
5 97 -0.949664
5 98 -0.968082
5 99 -0.978001
5 100 -0.121651
5 101 0

6 0 0
6 1 -0.116916
6 2 -0.9398
6 3 -0.929782
6 4 -0.911722
6 5 -0.885602
6 6 -0.851969
6 7 -0.811059
6 8 -0.763393
6 9 -0.710342
6 10 -0.652586
6 11 -0.591158
6 12 -0.527098
6 13 -0.461219
6 14 -0.39488
6 15 -0.329212
6 16 -0.264533
6 17 -0.202358
6 18 -0.143916
6 19 -0.0900395
6 20 -0.0409162
6 21 0.00215747
6 22 0.0380665
6 23 0.0671309
6 24 0.0885834
6 25 0.102052
6 26 0.107625
6 27 0.104874
6 28 0.0937675
6 29 0.07455
6 30 0.0477624
6 31 0.0136627
6 32 -0.0273476
6 33 -0.0740683
6 34 -0.125976
6 35 -0.182383
6 36 -0.241991
6 37 -0.304244
6 38 -0.36759
6 39 -0.431129
6 40 -0.493961
6 41 -0.55481
6 42 -0.61329
6 43 -0.667664
6 44 -0.71766
6 45 -0.762105
6 46 -0.800348
6 47 -0.83197
6 48 -0.856147
6 49 -0.872506
6 50 -0.880557
6 51 -0.880208
6 52 -0.872074
6 53 -0.856
6 54 -0.831752
6 55 -0.799924
6 56 -0.761238
6 57 -0.716347
6 58 -0.666168
6 59 -0.611486
6 60 -0.553192
6 61 -0.491723
6 62 -0.428849
6 63 -0.365028
6 64 -0.301324
6 65 -0.238854
6 66 -0.178657
6 67 -0.122425
6 68 -0.0703868
6 69 -0.0235427
6 70 0.0171821
6 71 0.0514647
6 72 0.0783567
6 73 0.0975617
6 74 0.1088
6 75 0.111478
6 76 0.10569
6 77 0.0919085
6 78 0.0704704
6 79 0.0410053
6 80 0.00372202
6 81 -0.0398034
6 82 -0.0890129
6 83 -0.143612
6 84 -0.202495
6 85 -0.264789
6 86 -0.329441
6 87 -0.395595
6 88 -0.461939
6 89 -0.528051
6 90 -0.592706
6 91 -0.654326
6 92 -0.712402
6 93 -0.766186
6 94 -0.814265
6 95 -0.855631
6 96 -0.889622
6 97 -0.915752
6 98 -0.933848
6 99 -0.943998
6 100 -0.117459
6 101 0

7 0 0
7 1 -0.111818
7 2 -0.898798
7 3 -0.888856
7 4 -0.870747
7 5 -0.844683
7 6 -0.811059
7 7 -0.770115
7 8 -0.722429
7 9 -0.669732
7 10 -0.612391
7 11 -0.551269
7 12 -0.487494
7 13 -0.421804
7 14 -0.355911
7 15 -0.290259
7 16 -0.226047
7 17 -0.163415
7 18 -0.105093
7 19 -0.0513009
7 20 -0.00254252
7 21 0.0405781
7 22 0.0763741
7 23 0.104924
7 24 0.126074
7 25 0.139517
7 26 0.144637
7 27 0.141983
7 28 0.130626
7 29 0.111497
7 30 0.0845648
7 31 0.0500283
7 32 0.00926361
7 33 -0.0378486
7 34 -0.0896101
7 35 -0.145794
7 36 -0.205423
7 37 -0.267658
7 38 -0.331494
7 39 -0.394767
7 40 -0.457783
7 41 -0.518733
7 42 -0.576913
7 43 -0.631598
7 44 -0.681856
7 45 -0.726278
7 46 -0.764859
7 47 -0.79643
7 48 -0.820557
7 49 -0.836642
7 50 -0.844785
7 51 -0.844484
7 52 -0.836362
7 53 -0.820244
7 54 -0.79621
7 55 -0.764457
7 56 -0.725801
7 57 -0.680649
7 58 -0.630429
7 59 -0.575506
7 60 -0.517032
7 61 -0.455461
7 62 -0.392708
7 63 -0.328481
7 64 -0.265032
7 65 -0.202601
7 66 -0.142459
7 67 -0.08622
7 68 -0.0339863
7 69 0.0127908
7 70 0.0541426
7 71 0.0879749
7 72 0.114729
7 73 0.134266
7 74 0.145517
7 75 0.148653
7 76 0.142988
7 77 0.12949
7 78 0.107791
7 79 0.078743
7 80 0.0420578
7 81 -0.00111827
7 82 -0.0502867
7 83 -0.104701
7 84 -0.163623
7 85 -0.225677
7 86 -0.290562
7 87 -0.356035
7 88 -0.422446
7 89 -0.488334
7 90 -0.552682
7 91 -0.614279
7 92 -0.672057
7 93 -0.725382
7 94 -0.772928
7 95 -0.814293
7 96 -0.84857
7 97 -0.874733
7 98 -0.892831
7 99 -0.902804
7 100 -0.112321
7 101 0

8 0 0
8 1 -0.105902
8 2 -0.851242
8 3 -0.841351
8 4 -0.82339
8 5 -0.797317
8 6 -0.763393
8 7 -0.722429
8 8 -0.675417
8 9 -0.622904
8 10 -0.566013
8 11 -0.505773
8 12 -0.442159
8 13 -0.376637
8 14 -0.311045
8 15 -0.245498
8 16 -0.181246
8 17 -0.119168
8 18 -0.060934
8 19 -0.00711907
8 20 0.0412829
8 21 0.0841471
8 22 0.120053
8 23 0.148482
8 24 0.169434
8 25 0.182884
8 26 0.188156
8 27 0.184671
8 28 0.17339
8 29 0.154367
8 30 0.127145
8 31 0.0926577
8 32 0.051581
8 33 0.00447805
8 34 -0.0472002
8 35 -0.103483
8 36 -0.163342
8 37 -0.225372
8 38 -0.288953
8 39 -0.352766
8 40 -0.415931
8 41 -0.47709
8 42 -0.535284
8 43 -0.589896
8 44 -0.640107
8 45 -0.685083
8 46 -0.724166
8 47 -0.755783
8 48 -0.780018
8 49 -0.796091
8 50 -0.804038
8 51 -0.804225
8 52 -0.796062
8 53 -0.779677
8 54 -0.755671
8 55 -0.723604
8 56 -0.684663
8 57 -0.639606
8 58 -0.588982
8 59 -0.533954
8 60 -0.475431
8 61 -0.413888
8 62 -0.350572
8 63 -0.286315
8 64 -0.222859
8 65 -0.160508
8 66 -0.100439
8 67 -0.0440545
8 68 0.0084554
8 69 0.0553211
8 70 0.096054
8 71 0.130458
8 72 0.157479
8 73 0.176766
8 74 0.188244
8 75 0.191446
8 76 0.186292
8 77 0.172818
8 78 0.151294
8 79 0.122099
8 80 0.0857266
8 81 0.0429205
8 82 -0.00617011
8 83 -0.0604032
8 84 -0.119134
8 85 -0.181254
8 86 -0.245672
8 87 -0.310905
8 88 -0.377268
8 89 -0.442944
8 90 -0.506882
8 91 -0.568085
8 92 -0.625285
8 93 -0.678077
8 94 -0.725468
8 95 -0.766485
8 96 -0.80074
8 97 -0.827142
8 98 -0.845161
8 99 -0.854971
8 100 -0.106368
8 101 0

9 0 0
9 1 -0.0992639
9 2 -0.797882
9 3 -0.787946
9 4 -0.769927
9 5 -0.744188
9 6 -0.710342
9 7 -0.669732
9 8 -0.622904
9 9 -0.570732
9 10 -0.514298
9 11 -0.454029
9 12 -0.391068
9 13 -0.326005
9 14 -0.260641
9 15 -0.195181
9 16 -0.13144
9 17 -0.0694348
9 18 -0.0112951
9 19 0.0421948
9 20 0.0904489
9 21 0.133319
9 22 0.169199
9 23 0.197643
9 24 0.218247
9 25 0.231562
9 26 0.236403
9 27 0.232765
9 28 0.221136
9 29 0.201772
9 30 0.174822
9 31 0.140546
9 32 0.0997158
9 33 0.0523263
9 34 0.000259371
9 35 -0.056122
9 36 -0.115989
9 37 -0.178242
9 38 -0.2419
9 39 -0.305636
9 40 -0.36875
9 41 -0.429906
9 42 -0.488248
9 43 -0.543098
9 44 -0.593961
9 45 -0.639202
9 46 -0.67838
9 47 -0.71023
9 48 -0.734404
9 49 -0.750357
9 50 -0.758759
9 51 -0.758751
9 52 -0.750643
9 53 -0.734054
9 54 -0.709895
9 55 -0.677828
9 56 -0.638917
9 57 -0.593438
9 58 -0.542581
9 59 -0.487147
9 60 -0.428525
9 61 -0.366959
9 62 -0.303627
9 63 -0.23933
9 64 -0.175752
9 65 -0.113382
9 66 -0.0532467
9 67 0.00322524
9 68 0.055738
9 69 0.102674
9 70 0.143881
9 71 0.177853
9 72 0.204836
9 73 0.224534
9 74 0.236205
9 75 0.239734
9 76 0.234716
9 77 0.221508
9 78 0.199928
9 79 0.171087
9 80 0.134932
9 81 0.0922094
9 82 0.0432714
9 83 -0.0107039
9 84 -0.0692991
9 85 -0.131158
9 86 -0.195433
9 87 -0.260422
9 88 -0.326652
9 89 -0.391848
9 90 -0.455351
9 91 -0.516162
9 92 -0.573185
9 93 -0.625426
9 94 -0.672486
9 95 -0.713376
9 96 -0.747231
9 97 -0.773535
9 98 -0.791616
9 99 -0.801274
9 100 -0.0996758
9 101 0

10 0 0
10 1 -0.0920254
10 2 -0.739418
10 3 -0.729315
10 4 -0.711707
10 5 -0.685964
10 6 -0.652586
10 7 -0.612391
10 8 -0.566013
10 9 -0.514298
10 10 -0.457926
10 11 -0.397902
10 12 -0.335167
10 13 -0.27073
10 14 -0.205145
10 15 -0.140225
10 16 -0.0766952
10 17 -0.0150003
10 18 0.0429642
10 19 0.096446
10 20 0.144505
10 21 0.186988
10 22 0.222669
10 23 0.250943
10 24 0.271754
10 25 0.284486
10 26 0.289114
10 27 0.285235
10 28 0.273486
10 29 0.253878
10 30 0.226894
10 31 0.19259
10 32 0.151511
10 33 0.104293
10 34 0.0519654
10 35 -0.00444985
10 36 -0.0646709
10 37 -0.126981
10 38 -0.190322
10 39 -0.254477
10 40 -0.317693
10 41 -0.378878
10 42 -0.43763
10 43 -0.492761
10 44 -0.543662
10 45 -0.58917
10 46 -0.628072
10 47 -0.659883
10 48 -0.684358
10 49 -0.700659
10 50 -0.709133
10 51 -0.70947
10 52 -0.700841
10 53 -0.68389
10 54 -0.659739
10 55 -0.627779
10 56 -0.588769
10 57 -0.543373
10 58 -0.492409
10 59 -0.436575
10 60 -0.377501
10 61 -0.316026
10 62 -0.252598
10 63 -0.188369
10 64 -0.124464
10 65 -0.0621917
10 66 -0.00221077
10 67 0.0545906
10 68 0.107006
10 69 0.154514
10 70 0.19565
10 71 0.229816
10 72 0.257013
10 73 0.276617
10 74 0.288554
10 75 0.292105
10 76 0.287579
10 77 0.274598
10 78 0.253487
10 79 0.224373
10 80 0.18823
10 81 0.145819
10 82 0.097276
10 83 0.0436904
10 84 -0.0147037
10 85 -0.0762467
10 86 -0.13986
10 87 -0.205037
10 88 -0.270826
10 89 -0.336159
10 90 -0.399341
10 91 -0.45969
10 92 -0.516469
10 93 -0.568528
10 94 -0.615065
10 95 -0.655576
10 96 -0.689074
10 97 -0.714868
10 98 -0.732716
10 99 -0.742511
10 100 -0.0923904
10 101 0

11 0 0
11 1 -0.0842308
11 2 -0.676861
11 3 -0.667071
11 4 -0.649762
11 5 -0.624312
11 6 -0.591158
11 7 -0.551269
11 8 -0.505773
11 9 -0.454029
11 10 -0.397902
11 11 -0.338295
11 12 -0.275726
11 13 -0.21179
11 14 -0.146448
11 15 -0.0818852
11 16 -0.0180024
11 17 0.042855
11 18 0.100995
11 19 0.154244
11 20 0.202358
11 21 0.244136
11 22 0.279542
11 23 0.307402
11 24 0.327743
11 25 0.340384
11 26 0.345161
11 27 0.341053
11 28 0.329356
11 29 0.309693
11 30 0.282229
11 31 0.248093
11 32 0.206488
11 33 0.159585
11 34 0.107161
11 35 0.0504707
11 36 -0.00962188
11 37 -0.0721062
11 38 -0.135679
11 39 -0.19989
11 40 -0.262898
11 41 -0.324713
11 42 -0.38364
11 43 -0.438978
11 44 -0.489848
11 45 -0.535319
11 46 -0.574298
11 47 -0.606363
11 48 -0.630758
11 49 -0.647568
11 50 -0.6561
11 51 -0.656071
11 52 -0.647425
11 53 -0.630466
11 54 -0.605893
11 55 -0.574136
11 56 -0.535043
11 57 -0.489734
11 58 -0.438591
11 59 -0.382843
11 60 -0.323343
11 61 -0.261757
11 62 -0.197791
11 63 -0.134059
11 64 -0.0701468
11 65 -0.00743078
11 66 0.0523994
11 67 0.109281
11 68 0.161679
11 69 0.209472
11 70 0.250516
11 71 0.28533
11 72 0.31253
11 73 0.332349
11 74 0.344308
11 75 0.347755
11 76 0.343401
11 77 0.330493
11 78 0.309923
11 79 0.281059
11 80 0.245201
11 81 0.202916
11 82 0.155119
11 83 0.10151
11 84 0.0436026
11 85 -0.0178842
11 86 -0.0808707
11 87 -0.146247
11 88 -0.211617
11 89 -0.276713
11 90 -0.339418
11 91 -0.399573
11 92 -0.45639
11 93 -0.507867
11 94 -0.554105
11 95 -0.594054
11 96 -0.62691
11 97 -0.652472
11 98 -0.670345
11 99 -0.679701
11 100 -0.0845425
11 101 0

12 0 0
12 1 -0.0760714
12 2 -0.611613
12 3 -0.60241
12 4 -0.584993
12 5 -0.559947
12 6 -0.527098
12 7 -0.487494
12 8 -0.442159
12 9 -0.391068
12 10 -0.335167
12 11 -0.275726
12 12 -0.213825
12 13 -0.149822
12 14 -0.0845326
12 15 -0.02003
12 16 0.043144
12 17 0.104334
12 18 0.1617
12 19 0.214773
12 20 0.262284
12 21 0.304213
12 22 0.33873
12 23 0.366422
12 24 0.3866
12 25 0.398774
12 26 0.403269
12 27 0.399226
12 28 0.387506
12 29 0.367693
12 30 0.340643
12 31 0.306023
12 32 0.264319
12 33 0.217128
12 34 0.164435
12 35 0.107608
12 36 0.04752
12 37 -0.0149303
12 38 -0.0786669
12 39 -0.142799
12 40 -0.205907
12 41 -0.267647
12 42 -0.326741
12 43 -0.382116
12 44 -0.433279
12 45 -0.478697
12 46 -0.518035
12 47 -0.550589
12 48 -0.574877
12 49 -0.591414
12 50 -0.599773
12 51 -0.599529
12 52 -0.590998
12 53 -0.574402
12 54 -0.549908
12 55 -0.517932
12 56 -0.478628
12 57 -0.432794
12 58 -0.381903
12 59 -0.326146
12 60 -0.266646
12 61 -0.204666
12 62 -0.141029
12 63 -0.077338
12 64 -0.0132357
12 65 0.0494414
12 66 0.109419
12 67 0.166464
12 68 0.21876
12 69 0.266469
12 70 0.308198
12 71 0.342913
12 72 0.370475
12 73 0.390242
12 74 0.402238
12 75 0.405831
12 76 0.401507
12 77 0.388909
12 78 0.368576
12 79 0.340419
12 80 0.30486
12 81 0.263315
12 82 0.215431
12 83 0.162553
12 84 0.104531
12 85 0.0437462
12 86 -0.019379
12 87 -0.0844023
12 88 -0.149573
12 89 -0.21428
12 90 -0.276917
12 91 -0.33659
12 92 -0.393053
12 93 -0.444486
12 94 -0.490093
12 95 -0.529595
12 96 -0.56209
12 97 -0.58748
12 98 -0.604884
12 99 -0.61416
12 100 -0.0763965
12 101 0

13 0 0
13 1 -0.067768
13 2 -0.544851
13 3 -0.53594
13 4 -0.518772
13 5 -0.49381
13 6 -0.461219
13 7 -0.421804
13 8 -0.376637
13 9 -0.326005
13 10 -0.27073
13 11 -0.21179
13 12 -0.149822
13 13 -0.0858517
13 14 -0.0206857
13 15 0.0438007
13 16 0.10636
13 17 0.167513
13 18 0.224435
13 19 0.276993
13 20 0.324278
13 21 0.36539
13 22 0.400018
13 23 0.427162
13 24 0.447054
13 25 0.459239
13 26 0.463262
13 27 0.459374
13 28 0.447095
13 29 0.427473
13 30 0.400011
13 31 0.365083
13 32 0.323668
13 33 0.276139
13 34 0.223415
13 35 0.166543
13 36 0.106269
13 37 0.0438533
13 38 -0.0199724
13 39 -0.0840822
13 40 -0.14742
13 41 -0.209265
13 42 -0.268471
13 43 -0.323933
13 44 -0.375142
13 45 -0.420679
13 46 -0.45995
13 47 -0.491952
13 48 -0.516822
13 49 -0.533479
13 50 -0.541617
13 51 -0.54132
13 52 -0.532871
13 53 -0.516532
13 54 -0.491834
13 55 -0.459595
13 56 -0.42045
13 57 -0.374699
13 58 -0.323729
13 59 -0.267554
13 60 -0.208379
13 61 -0.146467
13 62 -0.0826575
13 63 -0.0187459
13 64 0.0451758
13 65 0.107898
13 66 0.167939
13 67 0.225147
13 68 0.277833
13 69 0.325407
13 70 0.367254
13 71 0.401899
13 72 0.42951
13 73 0.449647
13 74 0.461562
13 75 0.465715
13 76 0.461435
13 77 0.449258
13 78 0.429098
13 79 0.401216
13 80 0.366453
13 81 0.325043
13 82 0.277674
13 83 0.225063
13 84 0.167626
13 85 0.107267
13 86 0.0441173
13 87 -0.0205907
13 88 -0.0856264
13 89 -0.150025
13 90 -0.212557
13 91 -0.271809
13 92 -0.327729
13 93 -0.378866
13 94 -0.42428
13 95 -0.463493
13 96 -0.495716
13 97 -0.520734
13 98 -0.537864
13 99 -0.547086
13 100 -0.0680587
13 101 0

14 0 0
14 1 -0.0593794
14 2 -0.477713
14 3 -0.469224
14 4 -0.452085
14 5 -0.427415
14 6 -0.39488
14 7 -0.355911
14 8 -0.311045
14 9 -0.260641
14 10 -0.205145
14 11 -0.146448
14 12 -0.0845326
14 13 -0.0206857
14 14 0.0441557
14 15 0.108296
14 16 0.171287
14 17 0.23193
14 18 0.288542
14 19 0.340289
14 20 0.387169
14 21 0.428212
14 22 0.462268
14 23 0.489178
14 24 0.508566
14 25 0.520385
14 26 0.524416
14 27 0.519817
14 28 0.507367
14 29 0.487291
14 30 0.459769
14 31 0.424888
14 32 0.38311
14 33 0.335764
14 34 0.283209
14 35 0.226303
14 36 0.165966
14 37 0.103549
14 38 0.0395284
14 39 -0.0247563
14 40 -0.0882311
14 41 -0.150262
14 42 -0.209489
14 43 -0.265182
14 44 -0.316059
14 45 -0.361592
14 46 -0.40097
14 47 -0.433206
14 48 -0.45745
14 49 -0.473569
14 50 -0.48222
14 51 -0.48202
14 52 -0.473775
14 53 -0.456835
14 54 -0.432651
14 55 -0.4007
14 56 -0.36125
14 57 -0.315561
14 58 -0.264459
14 59 -0.208918
14 60 -0.149412
14 61 -0.0873402
14 62 -0.0234511
14 63 0.0406805
14 64 0.104511
14 65 0.167013
14 66 0.22714
14 67 0.284506
14 68 0.337186
14 69 0.384833
14 70 0.42648
14 71 0.46156
14 72 0.489235
14 73 0.50932
14 74 0.521634
14 75 0.525894
14 76 0.522459
14 77 0.510643
14 78 0.490912
14 79 0.463281
14 80 0.429035
14 81 0.388221
14 82 0.341096
14 83 0.288822
14 84 0.232132
14 85 0.171877
14 86 0.108806
14 87 0.0441934
14 88 -0.0206592
14 89 -0.0849451
14 90 -0.147064
14 91 -0.206458
14 92 -0.26176
14 93 -0.31276
14 94 -0.357953
14 95 -0.396964
14 96 -0.428905
14 97 -0.453647
14 98 -0.470587
14 99 -0.479467
14 100 -0.0596362
14 101 0

15 0 0
15 1 -0.0511363
15 2 -0.411231
15 3 -0.40272
15 4 -0.386137
15 5 -0.361253
15 6 -0.329212
15 7 -0.290259
15 8 -0.245498
15 9 -0.195181
15 10 -0.140225
15 11 -0.0818852
15 12 -0.02003
15 13 0.0438007
15 14 0.108296
15 15 0.171988
15 16 0.234817
15 17 0.294931
15 18 0.351166
15 19 0.402776
15 20 0.449118
15 21 0.489342
15 22 0.523522
15 23 0.550236
15 24 0.569687
15 25 0.581096
15 26 0.584756
15 27 0.579832
15 28 0.567141
15 29 0.546861
15 30 0.518996
15 31 0.484186
15 32 0.442607
15 33 0.39513
15 34 0.342577
15 35 0.28594
15 36 0.225545
15 37 0.163084
15 38 0.098989
15 39 0.034233
15 40 -0.0295609
15 41 -0.0915627
15 42 -0.150732
15 43 -0.206267
15 44 -0.257227
15 45 -0.303116
15 46 -0.342091
15 47 -0.37396
15 48 -0.398377
15 49 -0.414945
15 50 -0.422887
15 51 -0.422912
15 52 -0.414654
15 53 -0.398286
15 54 -0.373756
15 55 -0.34166
15 56 -0.302231
15 57 -0.256921
15 58 -0.205749
15 59 -0.149996
15 60 -0.0907461
15 61 -0.0289632
15 62 0.0352806
15 63 0.0996533
15 64 0.163659
15 65 0.226364
15 66 0.286218
15 67 0.343421
15 68 0.396245
15 69 0.444054
15 70 0.48561
15 71 0.520778
15 72 0.548423
15 73 0.568632
15 74 0.581536
15 75 0.585976
15 76 0.582532
15 77 0.57106
15 78 0.551843
15 79 0.524304
15 80 0.4905
15 81 0.450156
15 82 0.403474
15 83 0.351544
15 84 0.295257
15 85 0.234989
15 86 0.172351
15 87 0.107862
15 88 0.0434573
15 89 -0.0201896
15 90 -0.0821647
15 91 -0.141197
15 92 -0.196205
15 93 -0.246974
15 94 -0.292277
15 95 -0.330904
15 96 -0.362477
15 97 -0.386785
15 98 -0.403721
15 99 -0.412511
15 100 -0.0512996
15 101 0

16 0 0
16 1 -0.0431032
16 2 -0.346499
16 3 -0.337833
16 4 -0.321152
16 5 -0.296377
16 6 -0.264533
16 7 -0.226047
16 8 -0.181246
16 9 -0.13144
16 10 -0.0766952
16 11 -0.0180024
16 12 0.043144
16 13 0.10636
16 14 0.171287
16 15 0.234817
16 16 0.296912
16 17 0.356652
16 18 0.412086
16 19 0.463049
16 20 0.509506
16 21 0.549736
16 22 0.583026
16 23 0.609845
16 24 0.629044
16 25 0.639835
16 26 0.643367
16 27 0.638416
16 28 0.625795
16 29 0.605136
16 30 0.577037
16 31 0.542335
16 32 0.500358
16 33 0.45276
16 34 0.400284
16 35 0.343743
16 36 0.283523
16 37 0.220981
16 38 0.15702
16 39 0.0922235
16 40 0.0281032
16 41 -0.0338445
16 42 -0.0932248
16 43 -0.148798
16 44 -0.199696
16 45 -0.245283
16 46 -0.284355
16 47 -0.316038
16 48 -0.340337
16 49 -0.356193
16 50 -0.364717
16 51 -0.364594
16 52 -0.356311
16 53 -0.339459
16 54 -0.315782
16 55 -0.283965
16 56 -0.244803
16 57 -0.199294
16 58 -0.148219
16 59 -0.0926703
16 60 -0.033329
16 61 0.0288759
16 62 0.0928276
16 63 0.157272
16 64 0.221266
16 65 0.283764
16 66 0.343835
16 67 0.400973
16 68 0.453649
16 69 0.501367
16 70 0.543257
16 71 0.578839
16 72 0.606313
16 73 0.626889
16 74 0.640005
16 75 0.644112
16 76 0.641027
16 77 0.629891
16 78 0.611138
16 79 0.584241
16 80 0.550443
16 81 0.510358
16 82 0.464146
16 83 0.41249
16 84 0.356511
16 85 0.297082
16 86 0.234636
16 87 0.170583
16 88 0.106488
16 89 0.0428188
16 90 -0.0187767
16 91 -0.0774227
16 92 -0.132214
16 93 -0.182581
16 94 -0.227371
16 95 -0.265618
16 96 -0.297078
16 97 -0.321545
16 98 -0.338311
16 99 -0.347164
16 100 -0.0432038
16 101 0

17 0 0
17 1 -0.0353622
17 2 -0.284254
17 3 -0.275627
17 4 -0.25885
17 5 -0.234286
17 6 -0.202358
17 7 -0.163415
17 8 -0.119168
17 9 -0.0694348
17 10 -0.0150003
17 11 0.042855
17 12 0.104334
17 13 0.167513
17 14 0.23193
17 15 0.294931
17 16 0.356652
17 17 0.41555
17 18 0.471047
17 19 0.522231
17 20 0.568084
17 21 0.607239
17 22 0.64043
17 23 0.666592
17 24 0.685513
17 25 0.696512
17 26 0.69976
17 27 0.69479
17 28 0.681886
17 29 0.660973
17 30 0.632453
17 31 0.597584
17 32 0.555835
17 33 0.508157
17 34 0.455474
17 35 0.398572
17 36 0.338102
17 37 0.27592
17 38 0.212002
17 39 0.147064
17 40 0.0833489
17 41 0.0212342
17 42 -0.0379272
17 43 -0.0933072
17 44 -0.144081
17 45 -0.189657
17 46 -0.228167
17 47 -0.259562
17 48 -0.283438
17 49 -0.299893
17 50 -0.307803
17 51 -0.30782
17 52 -0.299518
17 53 -0.283433
17 54 -0.259198
17 55 -0.227783
17 56 -0.188864
17 57 -0.143793
17 58 -0.09291
17 59 -0.0373252
17 60 0.0217127
17 61 0.0833735
17 62 0.147703
17 63 0.21175
17 64 0.275851
17 65 0.338801
17 66 0.398675
17 67 0.455866
17 68 0.508775
17 69 0.556625
17 70 0.598334
17 71 0.633848
17 72 0.661825
17 73 0.682575
17 74 0.695813
17 75 0.700504
17 76 0.696933
17 77 0.686067
17 78 0.667827
17 79 0.641136
17 80 0.608167
17 81 0.568571
17 82 0.522756
17 83 0.471604
17 84 0.41594
17 85 0.356226
17 86 0.294548
17 87 0.230956
17 88 0.167432
17 89 0.104035
17 90 0.0428405
17 91 -0.015608
17 92 -0.0700748
17 93 -0.120059
17 94 -0.164784
17 95 -0.203047
17 96 -0.234447
17 97 -0.258927
17 98 -0.275743
17 99 -0.284283
17 100 -0.0353572
17 101 0

18 0 0
18 1 -0.0280212
18 2 -0.225402
18 3 -0.216888
18 4 -0.20005
18 5 -0.175886
18 6 -0.143916
18 7 -0.105093
18 8 -0.060934
18 9 -0.0112951
18 10 0.0429642
18 11 0.100995
18 12 0.1617
18 13 0.224435
18 14 0.288542
18 15 0.351166
18 16 0.412086
18 17 0.471047
18 18 0.525897
18 19 0.576671
18 20 0.622347
18 21 0.661671
18 22 0.694233
18 23 0.720142
18 24 0.738618
18 25 0.749539
18 26 0.752597
18 27 0.747492
18 28 0.734335
18 29 0.7134
18 30 0.684887
18 31 0.649657
18 32 0.607764
18 33 0.559972
18 34 0.50756
18 35 0.45046
18 36 0.390012
18 37 0.327859
18 38 0.264
18 39 0.19929
18 40 0.135576
18 41 0.0734736
18 42 0.014248
18 43 -0.0410227
18 44 -0.0916272
18 45 -0.136429
18 46 -0.175164
18 47 -0.206435
18 48 -0.230069
18 49 -0.246018
18 50 -0.254437
18 51 -0.254475
18 52 -0.246099
18 53 -0.229718
18 54 -0.206112
18 55 -0.174967
18 56 -0.136408
18 57 -0.091129
18 58 -0.0405993
18 59 0.0147928
18 60 0.0737705
18 61 0.135585
18 62 0.199392
18 63 0.263674
18 64 0.327775
18 65 0.390516
18 66 0.450544
18 67 0.507609
18 68 0.560518
18 69 0.608024
18 70 0.650193
18 71 0.68594
18 72 0.714192
18 73 0.734933
18 74 0.747941
18 75 0.752795
18 76 0.749729
18 77 0.739366
18 78 0.720942
18 79 0.694782
18 80 0.661906
18 81 0.622666
18 82 0.576979
18 83 0.526261
18 84 0.47104
18 85 0.412178
18 86 0.350571
18 87 0.287686
18 88 0.224338
18 89 0.161391
18 90 0.100658
18 91 0.0427348
18 92 -0.011529
18 93 -0.0613332
18 94 -0.106174
18 95 -0.144537
18 96 -0.175696
18 97 -0.200034
18 98 -0.216507
18 99 -0.224807
18 100 -0.0279638
18 101 0

19 0 0
19 1 -0.0212746
19 2 -0.170905
19 3 -0.16229
19 4 -0.145641
19 5 -0.121769
19 6 -0.0900395
19 7 -0.0513009
19 8 -0.00711907
19 9 0.0421948
19 10 0.096446
19 11 0.154244
19 12 0.214773
19 13 0.276993
19 14 0.340289
19 15 0.402776
19 16 0.463049
19 17 0.522231
19 18 0.576671
19 19 0.626922
19 20 0.672275
19 21 0.71111
19 22 0.743755
19 23 0.769461
19 24 0.787615
19 25 0.798384
19 26 0.80119
19 27 0.796129
19 28 0.782665
19 29 0.76171
19 30 0.733217
19 31 0.69758
19 32 0.65565
19 33 0.607681
19 34 0.555397
19 35 0.498479
19 36 0.438254
19 37 0.376063
19 38 0.311917
19 39 0.247489
19 40 0.183741
19 41 0.121701
19 42 0.0627782
19 43 0.0075283
19 44 -0.0431369
19 45 -0.0877103
19 46 -0.12605
19 47 -0.156939
19 48 -0.18082
19 49 -0.197164
19 50 -0.205192
19 51 -0.20483
19 52 -0.196726
19 53 -0.181069
19 54 -0.15723
19 55 -0.126055
19 56 -0.0878197
19 57 -0.0427093
19 58 0.00788697
19 59 0.0635969
19 60 0.121982
19 61 0.18349
19 62 0.247147
19 63 0.311491
19 64 0.375793
19 65 0.438548
19 66 0.498485
19 67 0.555328
19 68 0.608181
19 69 0.655572
19 70 0.698115
19 71 0.733803
19 72 0.762146
19 73 0.783075
19 74 0.796108
19 75 0.80137
19 76 0.798486
19 77 0.78823
19 78 0.769748
19 79 0.744039
19 80 0.711403
19 81 0.672022
19 82 0.626886
19 83 0.576514
19 84 0.521721
19 85 0.463632
19 86 0.402037
19 87 0.339672
19 88 0.276787
19 89 0.214517
19 90 0.154121
19 91 0.0964651
19 92 0.0424623
19 93 -0.00740689
19 94 -0.052039
19 95 -0.0902861
19 96 -0.121444
19 97 -0.145447
19 98 -0.161692
19 99 -0.169957
19 100 -0.021129
19 101 0

20 0 0
20 1 -0.0151653
20 2 -0.121828
20 3 -0.113184
20 4 -0.096457
20 5 -0.0725781
20 6 -0.0409162
20 7 -0.00254252
20 8 0.0412829
20 9 0.0904489
20 10 0.144505
20 11 0.202358
20 12 0.262284
20 13 0.324278
20 14 0.387169
20 15 0.449118
20 16 0.509506
20 17 0.568084
20 18 0.622347
20 19 0.672275
20 20 0.71718
20 21 0.756091
20 22 0.788206
20 23 0.813813
20 24 0.831744
20 25 0.84222
20 26 0.844949
20 27 0.839605
20 28 0.826035
20 29 0.805126
20 30 0.77673
20 31 0.740931
20 32 0.698752
20 33 0.650955
20 34 0.598284
20 35 0.541297
20 36 0.481095
20 37 0.418886
20 38 0.355021
20 39 0.29057
20 40 0.226974
20 41 0.165178
20 42 0.106337
20 43 0.0513781
20 44 0.00135198
20 45 -0.0431839
20 46 -0.0815292
20 47 -0.112813
20 48 -0.136124
20 49 -0.152243
20 50 -0.160094
20 51 -0.160225
20 52 -0.151967
20 53 -0.136445
20 54 -0.112789
20 55 -0.0818434
20 56 -0.0434529
20 57 0.00149332
20 58 0.0518844
20 59 0.106806
20 60 0.165343
20 61 0.226777
20 62 0.290089
20 63 0.35432
20 64 0.41849
20 65 0.481206
20 66 0.541321
20 67 0.598411
20 68 0.651225
20 69 0.698762
20 70 0.740942
20 71 0.776869
20 72 0.805524
20 73 0.826413
20 74 0.839318
20 75 0.84456
20 76 0.842009
20 77 0.831855
20 78 0.813617
20 79 0.788256
20 80 0.755815
20 81 0.717022
20 82 0.671984
20 83 0.622025
20 84 0.567499
20 85 0.509569
20 86 0.448667
20 87 0.386501
20 88 0.324168
20 89 0.262397
20 90 0.202242
20 91 0.144982
20 92 0.0911962
20 93 0.0416329
20 94 -0.00294285
20 95 -0.0411189
20 96 -0.0722649
20 97 -0.0963805
20 98 -0.112182
20 99 -0.120493
20 100 -0.0150049
20 101 0

21 0 0
21 1 -0.00983558
21 2 -0.0786736
21 3 -0.0698911
21 4 -0.0535794
21 5 -0.0293288
21 6 0.00215747
21 7 0.0405781
21 8 0.0841471
21 9 0.133319
21 10 0.186988
21 11 0.244136
21 12 0.304213
21 13 0.36539
21 14 0.428212
21 15 0.489342
21 16 0.549736
21 17 0.607239
21 18 0.661671
21 19 0.71111
21 20 0.756091
21 21 0.794288
21 22 0.82677
21 23 0.852197
21 24 0.870456
21 25 0.880724
21 26 0.883762
21 27 0.877933
21 28 0.864302
21 29 0.843291
21 30 0.814262
21 31 0.778679
21 32 0.736282
21 33 0.688411
21 34 0.635341
21 35 0.578404
21 36 0.518337
21 37 0.456304
21 38 0.392446
21 39 0.328034
21 40 0.264768
21 41 0.202819
21 42 0.144397
21 43 0.089706
21 44 0.0400589
21 45 -0.00452349
21 46 -0.0425095
21 47 -0.0736425
21 48 -0.0971972
21 49 -0.113722
21 50 -0.12147
21 51 -0.121414
21 52 -0.113597
21 53 -0.0981157
21 54 -0.0741716
21 55 -0.043207
21 56 -0.00474826
21 57 0.0397014
21 58 0.09005
21 59 0.144613
21 60 0.20328
21 61 0.264453
21 62 0.328127
21 63 0.391674
21 64 0.455581
21 65 0.518399
21 66 0.57827
21 67 0.635525
21 68 0.688303
21 69 0.73646
21 70 0.778345
21 71 0.814545
21 72 0.843194
21 73 0.864461
21 74 0.87766
21 75 0.882648
21 76 0.880464
21 77 0.869777
21 78 0.85182
21 79 0.826168
21 80 0.794235
21 81 0.755384
21 82 0.711123
21 83 0.660825
21 84 0.606916
21 85 0.549024
21 86 0.489192
21 87 0.427276
21 88 0.36589
21 89 0.304178
21 90 0.244526
21 91 0.187531
21 92 0.134053
21 93 0.0849068
21 94 0.0404659
21 95 0.00230327
21 96 -0.0289292
21 97 -0.0527198
21 98 -0.0689193
21 99 -0.0773164
21 100 -0.0096355
21 101 0

22 0 0
22 1 -0.0052549
22 2 -0.042005
22 3 -0.0333794
22 4 -0.017156
22 5 0.0067656
22 6 0.0380665
22 7 0.0763741
22 8 0.120053
22 9 0.169199
22 10 0.222669
22 11 0.279542
22 12 0.33873
22 13 0.400018
22 14 0.462268
22 15 0.523522
22 16 0.583026
22 17 0.64043
22 18 0.694233
22 19 0.743755
22 20 0.788206
22 21 0.82677
22 22 0.858785
22 23 0.884527
22 24 0.902633
22 25 0.912863
22 26 0.915321
22 27 0.90973
22 28 0.896214
22 29 0.874864
22 30 0.845832
22 31 0.810279
22 32 0.767947
22 33 0.719414
22 34 0.666171
22 35 0.609372
22 36 0.549062
22 37 0.486838
22 38 0.423474
22 39 0.359352
22 40 0.296318
22 41 0.235075
22 42 0.176697
22 43 0.121879
22 44 0.0722218
22 45 0.0281242
22 46 -0.00957069
22 47 -0.0406703
22 48 -0.0645923
22 49 -0.0808082
22 50 -0.088706
22 51 -0.0891442
22 52 -0.0810148
22 53 -0.0651717
22 54 -0.041812
22 55 -0.0108208
22 56 0.0277129
22 57 0.0721352
22 58 0.121991
22 59 0.176579
22 60 0.23506
22 61 0.29623
22 62 0.359373
22 63 0.422854
22 64 0.48649
22 65 0.548931
22 66 0.609101
22 67 0.666362
22 68 0.719276
22 69 0.767535
22 70 0.809949
22 71 0.845763
22 72 0.874406
22 73 0.895946
22 74 0.909315
22 75 0.914483
22 76 0.911866
22 77 0.901673
22 78 0.883631
22 79 0.858114
22 80 0.825951
22 81 0.787826
22 82 0.743349
22 83 0.693718
22 84 0.639773
22 85 0.582522
22 86 0.522836
22 87 0.461729
22 88 0.400214
22 89 0.33924
22 90 0.279848
22 91 0.223355
22 92 0.170069
22 93 0.121097
22 94 0.0768489
22 95 0.0387929
22 96 0.00755716
22 97 -0.0162344
22 98 -0.0322067
22 99 -0.0406074
22 100 -0.00507693
22 101 0

23 0 0
23 1 -0.00153759
23 2 -0.0122837
23 3 -0.00398478
23 4 0.0120938
23 5 0.0360267
23 6 0.0671309
23 7 0.104924
23 8 0.148482
23 9 0.197643
23 10 0.250943
23 11 0.307402
23 12 0.366422
23 13 0.427162
23 14 0.489178
23 15 0.550236
23 16 0.609845
23 17 0.666592
23 18 0.720142
23 19 0.769461
23 20 0.813813
23 21 0.852197
23 22 0.884527
23 23 0.909815
23 24 0.927738
23 25 0.937816
23 26 0.940287
23 27 0.934474
23 28 0.920979
23 29 0.899484
23 30 0.870293
23 31 0.834545
23 32 0.792297
23 33 0.743878
23 34 0.690707
23 35 0.633935
23 36 0.573679
23 37 0.511114
23 38 0.447801
23 39 0.384139
23 40 0.321253
23 41 0.260034
23 42 0.20192
23 43 0.147515
23 44 0.0976063
23 45 0.053712
23 46 0.0164066
23 47 -0.0144938
23 48 -0.0385851
23 49 -0.0548869
23 50 -0.0628979
23 51 -0.0631127
23 52 -0.0552978
23 53 -0.0395283
23 54 -0.0160313
23 55 0.0150787
23 56 0.0533809
23 57 0.0976036
23 58 0.147281
23 59 0.201999
23 60 0.259966
23 61 0.320621
23 62 0.383843
23 63 0.447216
23 64 0.510838
23 65 0.573446
23 66 0.633654
23 67 0.690808
23 68 0.743547
23 69 0.791793
23 70 0.834274
23 71 0.870017
23 72 0.898735
23 73 0.920348
23 74 0.933839
23 75 0.938898
23 76 0.936749
23 77 0.926697
23 78 0.90891
23 79 0.883177
23 80 0.851087
23 81 0.812948
23 82 0.769073
23 83 0.719854
23 84 0.66607
23 85 0.608787
23 86 0.549771
23 87 0.48867
23 88 0.427492
23 89 0.366837
23 90 0.307935
23 91 0.251575
23 92 0.198455
23 93 0.149929
23 94 0.106015
23 95 0.0679975
23 96 0.0370911
23 97 0.0133727
23 98 -0.00270659
23 99 -0.0108766
23 100 -0.00135685
23 101 0

24 0 0
24 1 0.00121844
24 2 0.00986192
24 3 0.0180102
24 4 0.0340534
24 5 0.0576598
24 6 0.0885834
24 7 0.126074
24 8 0.169434
24 9 0.218247
24 10 0.271754
24 11 0.327743
24 12 0.3866
24 13 0.447054
24 14 0.508566
24 15 0.569687
24 16 0.629044
24 17 0.685513
24 18 0.738618
24 19 0.787615
24 20 0.831744
24 21 0.870456
24 22 0.902633
24 23 0.927738
24 24 0.945446
24 25 0.955382
24 26 0.957616
24 27 0.951659
24 28 0.937893
24 29 0.916334
24 30 0.887383
24 31 0.851682
24 32 0.809207
24 33 0.761094
24 34 0.708122
24 35 0.651309
24 36 0.591018
24 37 0.528764
24 38 0.46554
24 39 0.401855
24 40 0.339295
24 41 0.278153
24 42 0.22025
24 43 0.165601
24 44 0.115954
24 45 0.0725602
24 46 0.0349783
24 47 0.00400197
24 48 -0.0197221
24 49 -0.0354249
24 50 -0.0442418
24 51 -0.0445279
24 52 -0.0368741
24 53 -0.0203105
24 54 0.00260343
24 55 0.0336151
24 56 0.0718978
24 57 0.116164
24 58 0.165559
24 59 0.219786
24 60 0.278067
24 61 0.338529
24 62 0.401428
24 63 0.464736
24 64 0.528341
24 65 0.590661
24 66 0.650786
24 67 0.707961
24 68 0.760648
24 69 0.808768
24 70 0.850961
24 71 0.886857
24 72 0.91569
24 73 0.937051
24 74 0.950607
24 75 0.956061
24 76 0.954044
24 77 0.944055
24 78 0.926472
24 79 0.900962
24 80 0.868868
24 81 0.830938
24 82 0.787164
24 83 0.738152
24 84 0.684732
24 85 0.628028
24 86 0.569086
24 87 0.508629
24 88 0.447298
24 89 0.386798
24 90 0.328323
24 91 0.272088
24 92 0.219628
24 93 0.171082
24 94 0.127728
24 95 0.0900969
24 96 0.059048
24 97 0.0353563
24 98 0.0194043
24 99 0.011349
24 100 0.00140802
24 101 0

25 0 0
25 1 0.00297738
25 2 0.0239593
25 3 0.0319979
25 4 0.0480404
25 5 0.0713598
25 6 0.102052
25 7 0.139517
25 8 0.182884
25 9 0.231562
25 10 0.284486
25 11 0.340384
25 12 0.398774
25 13 0.459239
25 14 0.520385
25 15 0.581096
25 16 0.639835
25 17 0.696512
25 18 0.749539
25 19 0.798384
25 20 0.84222
25 21 0.880724
25 22 0.912863
25 23 0.937816
25 24 0.955382
25 25 0.965404
25 26 0.967318
25 27 0.961531
25 28 0.947314
25 29 0.925695
25 30 0.897064
25 31 0.861287
25 32 0.819116
25 33 0.77098
25 34 0.718022
25 35 0.661219
25 36 0.601227
25 37 0.539171
25 38 0.475855
25 39 0.412446
25 40 0.349727
25 41 0.288866
25 42 0.231135
25 43 0.176984
25 44 0.127257
25 45 0.0836562
25 46 0.0461666
25 47 0.0155699
25 48 -0.00811267
25 49 -0.0241377
25 50 -0.0325595
25 51 -0.0328117
25 52 -0.0251562
25 53 -0.00942828
25 54 0.0141337
25 55 0.0452783
25 56 0.083129
25 57 0.127264
25 58 0.176454
25 59 0.23073
25 60 0.288433
25 61 0.348986
25 62 0.411671
25 63 0.475242
25 64 0.538588
25 65 0.600704
25 66 0.66062
25 67 0.717697
25 68 0.77052
25 69 0.818346
25 70 0.860532
25 71 0.895852
25 72 0.924785
25 73 0.946391
25 74 0.959963
25 75 0.965942
25 76 0.963509
25 77 0.95357
25 78 0.936014
25 79 0.910997
25 80 0.879003
25 81 0.841145
25 82 0.797599
25 83 0.748926
25 84 0.695729
25 85 0.639281
25 86 0.580334
25 87 0.520223
25 88 0.459387
25 89 0.399337
25 90 0.340898
25 91 0.285248
25 92 0.232894
25 93 0.18466
25 94 0.141545
25 95 0.104153
25 96 0.0730892
25 97 0.0493642
25 98 0.0335877
25 99 0.0255941
25 100 0.0031838
25 101 0

26 0 0
26 1 0.00368887
26 2 0.0298011
26 3 0.0379164
26 4 0.0536139
26 5 0.0772127
26 6 0.107625
26 7 0.144637
26 8 0.188156
26 9 0.236403
26 10 0.289114
26 11 0.345161
26 12 0.403269
26 13 0.463262
26 14 0.524416
26 15 0.584756
26 16 0.643367
26 17 0.69976
26 18 0.752597
26 19 0.80119
26 20 0.844949
26 21 0.883762
26 22 0.915321
26 23 0.940287
26 24 0.957616
26 25 0.967318
26 26 0.969406
26 27 0.963035
26 28 0.948871
26 29 0.927298
26 30 0.898663
26 31 0.862971
26 32 0.820705
26 33 0.773024
26 34 0.720036
26 35 0.663417
26 36 0.603933
26 37 0.541713
26 38 0.478596
26 39 0.41523
26 40 0.352716
26 41 0.29187
26 42 0.234057
26 43 0.180375
26 44 0.131174
26 45 0.0875032
26 46 0.0500237
26 47 0.0191763
26 48 -0.00406092
26 49 -0.020156
26 50 -0.0287461
26 51 -0.0286496
26 52 -0.0211825
26 53 -0.00550482
26 54 0.0181291
26 55 0.0491232
26 56 0.086767
