0 0 0
0 1 0
0 2 0
0 3 0
0 4 0
0 5 0
0 6 0
0 7 0
0 8 0
0 9 0
0 10 0
0 11 0
0 12 0
0 13 0
0 14 0
0 15 0
0 16 0
0 17 0
0 18 0
0 19 0
0 20 0
0 21 0
0 22 0
0 23 0
0 24 0
0 25 0
0 26 0
0 27 0
0 28 0
0 29 0
0 30 0
0 31 0
0 32 0
0 33 0
0 34 0
0 35 0
0 36 0
0 37 0
0 38 0
0 39 0
0 40 0
0 41 0
0 42 0
0 43 0
0 44 0
0 45 0
0 46 0
0 47 0
0 48 0
0 49 0
0 50 0
0 51 0
0 52 0
0 53 0
0 54 0
0 55 0
0 56 0
0 57 0
0 58 0
0 59 0
0 60 0
0 61 0
0 62 0
0 63 0
0 64 0
0 65 0
0 66 0
0 67 0
0 68 0
0 69 0
0 70 0
0 71 0
0 72 0
0 73 0
0 74 0
0 75 0
0 76 0
0 77 0
0 78 0
0 79 0
0 80 0
0 81 0
0 82 0
0 83 0
0 84 0
0 85 0
0 86 0
0 87 0
0 88 0
0 89 0
0 90 0
0 91 0
0 92 0
0 93 0
0 94 0
0 95 0
0 96 0
0 97 0
0 98 0
0 99 0
0 100 0
0 101 0

1 0 0
1 1 0
1 2 -0.0306163
1 3 -0.0307533
1 4 -0.0304932
1 5 -0.0296708
1 6 -0.0285474
1 7 -0.0274288
1 8 -0.0262031
1 9 -0.024748
1 10 -0.023051
1 11 -0.0212049
1 12 -0.019157
1 13 -0.0168495
1 14 -0.0146535
1 15 -0.0125467
1 16 -0.0104643
1 17 -0.0081807
1 18 -0.00591566
1 19 -0.00370335
1 20 -0.00145074
1 21 0.000502078
1 22 0.00232578
1 23 0.00405256
1 24 0.0056968
1 25 0.00699421
1 26 0.00796158
1 27 0.008574
1 28 0.00857028
1 29 0.00796643
1 30 0.00703476
1 31 0.00561684
1 32 0.00403499
1 33 0.00236253
1 34 0.000431907
1 35 -0.00154107
1 36 -0.00364544
1 37 -0.00578534
1 38 -0.0078477
1 39 -0.00981756
1 40 -0.011687
1 41 -0.013337
1 42 -0.0149568
1 43 -0.0165419
1 44 -0.0182333
1 45 -0.0196811
1 46 -0.0208762
1 47 -0.0217668
1 48 -0.0224218
1 49 -0.0229733
1 50 -0.0234711
1 51 -0.0234533
1 52 -0.0231273
1 53 -0.022487
1 54 -0.0216898
1 55 -0.0208584
1 56 -0.0199007
1 57 -0.0185044
1 58 -0.016897
1 59 -0.0151503
1 60 -0.0135711
1 61 -0.0120112
1 62 -0.0103873
1 63 -0.00850742
1 64 -0.00640809
1 65 -0.00426596
1 66 -0.00220093
1 67 -9.47047e-05
1 68 0.00170536
1 69 0.00330088
1 70 0.00472495
1 71 0.0059728
1 72 0.00727502
1 73 0.00817924
1 74 0.00839837
1 75 0.00814607
1 76 0.0074149
1 77 0.00610613
1 78 0.00444743
1 79 0.00261451
1 80 0.000759307
1 81 -0.00135379
1 82 -0.00351276
1 83 -0.00586257
1 84 -0.00827635
1 85 -0.0106141
1 86 -0.0130162
1 87 -0.0154169
1 88 -0.0177367
1 89 -0.0197949
1 90 -0.0217804
1 91 -0.0237133
1 92 -0.0254767
1 93 -0.0270539
1 94 -0.0284628
1 95 -0.0296121
1 96 -0.0305043
1 97 -0.0311628
1 98 -0.03163
1 99 -0.0318456
1 100 0
1 101 0

2 0 0
2 1 -0.0306163
2 2 -0.247151
2 3 -0.247345
2 4 -0.244544
2 5 -0.238193
2 6 -0.22925
2 7 -0.220111
2 8 -0.209802
2 9 -0.19802
2 10 -0.184472
2 11 -0.169585
2 12 -0.153312
2 13 -0.135432
2 14 -0.118015
2 15 -0.101143
2 16 -0.0840324
2 17 -0.0659517
2 18 -0.0477957
2 19 -0.0298743
2 20 -0.0122117
2 21 0.00411493
2 22 0.0186121
2 23 0.032696
2 24 0.0454636
2 25 0.055999
2 26 0.0638439
2 27 0.0680166
2 28 0.0681834
2 29 0.0636837
2 30 0.0559382
2 31 0.0447324
2 32 0.0319579
2 33 0.0186908
2 34 0.00396609
2 35 -0.0123492
2 36 -0.0288589
2 37 -0.0460103
2 38 -0.0627224
2 39 -0.0788638
2 40 -0.0940196
2 41 -0.107616
2 42 -0.120308
2 43 -0.133163
2 44 -0.146109
2 45 -0.158102
2 46 -0.167805
2 47 -0.174878
2 48 -0.180265
2 49 -0.184648
2 50 -0.187758
2 51 -0.188258
2 52 -0.185735
2 53 -0.180745
2 54 -0.174618
2 55 -0.167688
2 56 -0.159331
2 57 -0.148628
2 58 -0.135816
2 59 -0.122392
2 60 -0.109418
2 61 -0.0965389
2 62 -0.0829887
2 63 -0.0677559
2 64 -0.0509954
2 65 -0.0341969
2 66 -0.0170889
2 67 -0.00106021
2 68 0.013214
2 69 0.0262083
2 70 0.0378053
2 71 0.0481146
2 72 0.0580367
2 73 0.064744
2 74 0.0672031
2 75 0.0650185
2 76 0.0590364
2 77 0.0489352
2 78 0.0356966
2 79 0.0212806
2 80 0.00568751
2 81 -0.0110919
2 82 -0.0287297
2 83 -0.047526
2 84 -0.0667666
2 85 -0.0857323
2 86 -0.10486
2 87 -0.123726
2 88 -0.14201
2 89 -0.158473
2 90 -0.174558
2 91 -0.189859
2 92 -0.203961
2 93 -0.216858
2 94 -0.228021
2 95 -0.237699
2 96 -0.24489
2 97 -0.250742
2 98 -0.25455
2 99 -0.256472
2 100 -0.0318456
2 101 0

3 0 0
3 1 -0.0307533
3 2 -0.247345
3 3 -0.245598
3 4 -0.241259
3 5 -0.234383
3 6 -0.225576
3 7 -0.215749
3 8 -0.204791
3 9 -0.192479
3 10 -0.179033
3 11 -0.164613
3 12 -0.14937
3 13 -0.133258
3 14 -0.116633
3 15 -0.0998857
3 16 -0.0824476
3 17 -0.064913
3 18 -0.0474233
3 19 -0.0300274
3 20 -0.0127844
3 21 0.00421106
3 22 0.0196774
3 23 0.0339918
3 24 0.0465793
3 25 0.0566243
3 26 0.0635656
3 27 0.0667084
3 28 0.0665392
3 29 0.0627182
3 30 0.0546314
3 31 0.0438935
3 32 0.0318105
3 33 0.0192279
3 34 0.00536075
3 35 -0.0102118
3 36 -0.0261037
3 37 -0.042755
3 38 -0.0602396
3 39 -0.0770509
3 40 -0.0927808
3 41 -0.106953
3 42 -0.119175
3 43 -0.131313
3 44 -0.143693
3 45 -0.155397
3 46 -0.165183
3 47 -0.172696
3 48 -0.178303
3 49 -0.18269
3 50 -0.185416
3 51 -0.185964
3 52 -0.183481
3 53 -0.178639
3 54 -0.172301
3 55 -0.165105
3 56 -0.156608
3 57 -0.146323
3 58 -0.13449
3 59 -0.121942
3 60 -0.108442
3 61 -0.0947587
3 62 -0.0802662
3 63 -0.0642671
3 64 -0.0479968
3 65 -0.0317306
3 66 -0.0151528
3 67 5.98154e-05
3 68 0.0137682
3 69 0.0263607
3 70 0.0378532
3 71 0.0484024
3 72 0.056968
3 73 0.0632232
3 74 0.0662005
3 75 0.064791
3 76 0.0593504
3 77 0.0498993
3 78 0.0371106
3 79 0.0221981
3 80 0.00557068
3 81 -0.0115767
3 82 -0.0294891
3 83 -0.0479014
3 84 -0.0665079
3 85 -0.0851549
3 86 -0.103362
3 87 -0.121264
3 88 -0.138303
3 89 -0.154489
3 90 -0.170182
3 91 -0.18487
3 92 -0.198572
3 93 -0.211251
3 94 -0.222864
3 95 -0.233309
3 96 -0.241871
3 97 -0.248684
3 98 -0.253093
3 99 -0.25547
3 100 -0.031801
3 101 0

4 0 0
4 1 -0.0304932
4 2 -0.244544
4 3 -0.241259
4 4 -0.236552
4 5 -0.22949
4 6 -0.222001
4 7 -0.211206
4 8 -0.200045
4 9 -0.186947
4 10 -0.173326
4 11 -0.159103
4 12 -0.143945
4 13 -0.129007
4 14 -0.112571
4 15 -0.0955334
4 16 -0.0782525
4 17 -0.0614999
4 18 -0.0448442
4 19 -0.0285243
4 20 -0.0109919
4 21 0.00558227
4 22 0.0230014
4 23 0.0370655
4 24 0.0496498
4 25 0.0595519
4 26 0.0646676
4 27 0.0674436
4 28 0.0654657
4 29 0.0617592
4 30 0.0539438
4 31 0.0445769
4 32 0.0335063
4 33 0.0212416
4 34 0.00737679
4 35 -0.00565636
4 36 -0.0229698
4 37 -0.0402499
4 38 -0.0577517
4 39 -0.0743697
4 40 -0.0895124
4 41 -0.10319
4 42 -0.117107
4 43 -0.130022
4 44 -0.142377
4 45 -0.153102
4 46 -0.162061
4 47 -0.169668
4 48 -0.17552
4 49 -0.180329
4 50 -0.183279
4 51 -0.183218
4 52 -0.18036
4 53 -0.175737
4 54 -0.169561
4 55 -0.163024
4 56 -0.154978
4 57 -0.144616
4 58 -0.132283
4 59 -0.11861
4 60 -0.105639
4 61 -0.0923711
4 62 -0.0777072
4 63 -0.0617439
4 64 -0.0447355
4 65 -0.0269312
4 66 -0.0125237
4 67 0.00280237
4 68 0.0164279
4 69 0.0283772
4 70 0.0388484
4 71 0.0489031
4 72 0.0563072
4 73 0.0633375
4 74 0.0658378
4 75 0.0662389
4 76 0.0609555
4 77 0.0524737
4 78 0.0407132
4 79 0.0247658
4 80 0.00799105
4 81 -0.0101764
4 82 -0.0280215
4 83 -0.0458412
4 84 -0.0634076
4 85 -0.0811835
4 86 -0.098523
4 87 -0.116232
4 88 -0.132364
4 89 -0.149645
4 90 -0.164936
4 91 -0.179772
4 92 -0.193317
4 93 -0.205521
4 94 -0.218232
4 95 -0.22802
4 96 -0.238145
4 97 -0.244435
4 98 -0.249386
4 99 -0.251571
4 100 -0.0312951
4 101 0

5 0 0
5 1 -0.0296708
5 2 -0.238193
5 3 -0.234383
5 4 -0.22949
5 5 -0.223944
5 6 -0.216528
5 7 -0.206318
5 8 -0.194514
5 9 -0.181802
5 10 -0.168739
5 11 -0.154467
5 12 -0.139328
5 13 -0.124395
5 14 -0.10748
5 15 -0.090187
5 16 -0.0722378
5 17 -0.055927
5 18 -0.0395512
5 19 -0.0227809
5 20 -0.00679992
5 21 0.0107463
5 22 0.0266511
5 23 0.0412316
5 24 0.053282
5 25 0.0632555
5 26 0.0692722
5 27 0.0703
5 28 0.0689125
5 29 0.0652202
5 30 0.0566696
5 31 0.0472947
5 32 0.0366946
5 33 0.0250434
5 34 0.0126727
5 35 -0.00279142
5 36 -0.0182349
5 37 -0.0346171
5 38 -0.0524869
5 39 -0.0697195
5 40 -0.0856978
5 41 -0.100963
5 42 -0.11372
5 43 -0.126712
5 44 -0.138879
5 45 -0.150933
5 46 -0.160681
5 47 -0.168008
5 48 -0.173283
5 49 -0.176991
5 50 -0.178185
5 51 -0.179471
5 52 -0.177823
5 53 -0.174261
5 54 -0.168746
5 55 -0.161176
5 56 -0.151372
5 57 -0.140993
5 58 -0.129082
5 59 -0.117081
5 60 -0.102787
5 61 -0.088348
5 62 -0.0728604
5 63 -0.0563764
5 64 -0.0402744
5 65 -0.0240069
5 66 -0.00683497
5 67 0.00726909
5 68 0.0205326
5 69 0.0323905
5 70 0.0432909
5 71 0.0536494
5 72 0.0601366
5 73 0.0652138
5 74 0.069031
5 75 0.068203
5 76 0.0634394
5 77 0.0560061
5 78 0.0450396
5 79 0.0310675
5 80 0.0133685
5 81 -0.00405811
5 82 -0.022763
5 83 -0.0404511
5 84 -0.0575501
5 85 -0.0753891
5 86 -0.0928082
5 87 -0.110464
5 88 -0.127496
5 89 -0.144763
5 90 -0.160651
5 91 -0.174774
5 92 -0.188099
5 93 -0.200835
5 94 -0.212532
5 95 -0.223024
5 96 -0.231458
5 97 -0.238223
5 98 -0.242383
5 99 -0.244447
5 100 -0.0304283
5 101 0

6 0 0
6 1 -0.0285474
6 2 -0.22925
6 3 -0.225576
6 4 -0.222001
6 5 -0.216528
6 6 -0.210946
6 7 -0.19993
6 8 -0.188795
6 9 -0.17611
6 10 -0.163109
6 11 -0.148527
6 12 -0.132113
6 13 -0.116891
6 14 -0.0998985
6 15 -0.082393
6 16 -0.0651807
6 17 -0.0492101
6 18 -0.0329418
6 19 -0.0169847
6 20 -0.00017599
6 21 0.0153564
6 22 0.0329145
6 23 0.0460994
6 24 0.0583411
6 25 0.0684839
6 26 0.0728873
6 27 0.0748185
6 28 0.0714632
6 29 0.0678338
6 30 0.059992
6 31 0.0521473
6 32 0.0425502
6 33 0.0308443
6 34 0.0174665
6 35 0.00559766
6 36 -0.012231
6 37 -0.0295593
6 38 -0.047062
6 39 -0.0635296
6 40 -0.078619
6 41 -0.0930493
6 42 -0.108709
6 43 -0.123027
6 44 -0.136057
6 45 -0.146878
6 46 -0.155705
6 47 -0.163113
6 48 -0.168399
6 49 -0.172249
6 50 -0.174234
6 51 -0.174318
6 52 -0.172607
6 53 -0.169595
6 54 -0.164315
6 55 -0.157522
6 56 -0.148381
6 57 -0.13708
6 58 -0.124199
6 59 -0.110019
6 60 -0.0966422
6 61 -0.0829181
6 62 -0.0677036
6 63 -0.0515302
6 64 -0.0342097
6 65 -0.0153084
6 66 -0.0012177
6 67 0.0141014
6 68 0.0276599
6 69 0.0388607
6 70 0.0484326
6 71 0.057835
6 72 0.063091
6 73 0.0693026
6 74 0.0714133
6 75 0.0724707
6 76 0.0673371
6 77 0.0604941
6 78 0.0511192
6 79 0.0362884
6 80 0.0202269
6 81 0.00205385
6 82 -0.0159517
6 83 -0.033347
6 84 -0.0500983
6 85 -0.067643
6 86 -0.0848841
6 87 -0.103033
6 88 -0.119566
6 89 -0.138427
6 90 -0.153903
6 91 -0.168757
6 92 -0.182631
6 93 -0.194987
6 94 -0.207489
6 95 -0.215392
6 96 -0.224366
6 97 -0.228926
6 98 -0.233733
6 99 -0.235545
6 100 -0.0292056
6 101 0

7 0 0
7 1 -0.0274288
7 2 -0.220111
7 3 -0.215749
7 4 -0.211206
7 5 -0.206318
7 6 -0.19993
7 7 -0.189782
7 8 -0.178413
7 9 -0.166716
7 10 -0.154277
7 11 -0.139637
7 12 -0.123582
7 13 -0.109021
7 14 -0.0926262
7 15 -0.0759755
7 16 -0.0582446
7 17 -0.0421552
7 18 -0.0254497
7 19 -0.0082555
7 20 0.00686924
7 21 0.0236637
7 22 0.0388125
7 23 0.0524732
7 24 0.0631788
7 25 0.0723078
7 26 0.0775506
7 27 0.0778657
7 28 0.0759811
7 29 0.072679
7 30 0.064926
7 31 0.0571515
7 32 0.0480706
7 33 0.0371257
7 34 0.0259406
7 35 0.0115501
7 36 -0.00353589
7 37 -0.0201249
7 38 -0.0381855
7 39 -0.0559289
7 40 -0.0721629
7 41 -0.0882965
7 42 -0.102266
7 43 -0.116384
7 44 -0.128472
7 45 -0.140485
7 46 -0.150164
7 47 -0.15778
7 48 -0.163164
7 49 -0.166657
7 50 -0.166991
7 51 -0.168317
7 52 -0.167087
7 53 -0.164466
7 54 -0.159389
7 55 -0.151492
7 56 -0.140754
7 57 -0.130177
7 58 -0.118051
7 59 -0.106079
7 60 -0.0912998
7 61 -0.0759881
7 62 -0.0591508
7 63 -0.0420176
7 64 -0.0252903
7 65 -0.00866395
7 66 0.0082858
7 67 0.0216564
7 68 0.0345449
7 69 0.0453847
7 70 0.0551364
7 71 0.0640331
7 72 0.0684121
7 73 0.0721828
7 74 0.0759532
7 75 0.0758018
7 76 0.0720067
7 77 0.066156
7 78 0.0567551
7 79 0.0440761
7 80 0.0272302
7 81 0.0108559
7 82 -0.00774957
7 83 -0.0252721
7 84 -0.042787
7 85 -0.061324
7 86 -0.0787253
7 87 -0.0956641
7 88 -0.111606
7 89 -0.128791
7 90 -0.144488
7 91 -0.158845
7 92 -0.172682
7 93 -0.185627
7 94 -0.196332
7 95 -0.205017
7 96 -0.212293
7 97 -0.218441
7 98 -0.223268
7 99 -0.226086
7 100 -0.0281531
7 101 0

8 0 0
8 1 -0.0262031
8 2 -0.209802
8 3 -0.204791
8 4 -0.200045
8 5 -0.194514
8 6 -0.188795
8 7 -0.178413
8 8 -0.167485
8 9 -0.15567
8 10 -0.142831
8 11 -0.128022
8 12 -0.112065
8 13 -0.0981487
8 14 -0.083174
8 15 -0.0669208
8 16 -0.0500899
8 17 -0.0337029
8 18 -0.0166561
8 19 0.000196388
8 20 0.0163976
8 21 0.0315752
8 22 0.0476643
8 23 0.0596503
8 24 0.0696977
8 25 0.0778668
8 26 0.0816241
8 27 0.0824463
8 28 0.0794328
8 29 0.0758335
8 30 0.0689392
8 31 0.0623234
8 32 0.0542521
8 33 0.0439042
8 34 0.0324287
8 35 0.0210455
8 36 0.00464043
8 37 -0.0125634
8 38 -0.0304888
8 39 -0.0479239
8 40 -0.0644072
8 41 -0.0802978
8 42 -0.0962979
8 43 -0.110531
8 44 -0.122733
8 45 -0.133243
8 46 -0.142552
8 47 -0.150718
8 48 -0.15697
8 49 -0.160881
8 50 -0.162221
8 51 -0.162169
8 52 -0.160603
8 53 -0.157618
8 54 -0.1523
8 55 -0.144631
8 56 -0.134917
8 57 -0.124154
8 58 -0.112296
8 59 -0.0989335
8 60 -0.0845053
8 61 -0.0686244
8 62 -0.0514896
8 63 -0.0341301
8 64 -0.0164419
8 65 0.00181127
8 66 0.0160425
8 67 0.0297512
8 68 0.0419118
8 69 0.0517931
8 70 0.0603585
8 71 0.068378
8 72 0.0724811
8 73 0.0772314
8 74 0.08016
8 75 0.0816456
8 76 0.0780793
8 77 0.0724905
8 78 0.064024
8 79 0.0505822
8 80 0.0356014
8 81 0.0190518
8 82 0.0016941
8 83 -0.0158796
8 84 -0.0339573
8 85 -0.0527737
8 86 -0.069953
8 87 -0.0856874
8 88 -0.0999395
8 89 -0.116671
8 90 -0.131922
8 91 -0.147088
8 92 -0.161415
8 93 -0.173857
8 94 -0.18478
8 95 -0.192242
8 96 -0.200798
8 97 -0.206546
8 98 -0.212308
8 99 -0.215263
8 100 -0.0267779
8 101 0

9 0 0
9 1 -0.024748
9 2 -0.19802
9 3 -0.192479
9 4 -0.186947
9 5 -0.181802
9 6 -0.17611
9 7 -0.166716
9 8 -0.15567
9 9 -0.143745
9 10 -0.130399
9 11 -0.1155
9 12 -0.0999708
9 13 -0.0864413
9 14 -0.0719336
9 15 -0.0564436
9 16 -0.0398273
9 17 -0.0235885
9 18 -0.00640427
9 19 0.0111797
9 20 0.026547
9 21 0.0418775
9 22 0.0557434
9 23 0.067434
9 24 0.0763101
9 25 0.0839006
9 26 0.0884109
9 27 0.0888753
9 28 0.0862461
9 29 0.0818339
9 30 0.0749202
9 31 0.0679822
9 32 0.0599269
9 33 0.0498059
9 34 0.0395431
9 35 0.0273601
9 36 0.0129844
9 37 -0.00346998
9 38 -0.0209256
9 39 -0.0390635
9 40 -0.0563784
9 41 -0.0737283
9 42 -0.0899435
9 43 -0.104713
9 44 -0.116086
9 45 -0.126715
9 46 -0.135982
9 47 -0.144304
9 48 -0.150987
9 49 -0.155218
9 50 -0.155899
9 51 -0.156196
9 52 -0.154421
9 53 -0.15142
9 54 -0.146288
9 55 -0.138493
9 56 -0.128346
9 57 -0.118281
9 58 -0.106349
9 59 -0.0932361
9 60 -0.0775429
9 61 -0.060353
9 62 -0.0419549
9 63 -0.024495
9 64 -0.00729358
9 65 0.00920176
9 66 0.0242627
9 67 0.0366182
9 68 0.0482595
9 69 0.0579552
9 70 0.0669476
9 71 0.075003
9 72 0.0800547
9 73 0.0842805
9 74 0.0877755
9 75 0.0880286
9 76 0.0845799
9 77 0.0789444
9 78 0.0703825
9 79 0.0589386
9 80 0.0446376
9 81 0.0298077
9 82 0.0126813
9 83 -0.0046066
9 84 -0.0229395
9 85 -0.0419018
9 86 -0.0589175
9 87 -0.0738077
9 88 -0.0878389
9 89 -0.103704
9 90 -0.119266
9 91 -0.134592
9 92 -0.148892
9 93 -0.161412
9 94 -0.171326
9 95 -0.179616
9 96 -0.187733
9 97 -0.194384
9 98 -0.199487
9 99 -0.202208
9 100 -0.0251878
9 101 0

10 0 0
10 1 -0.023051
10 2 -0.184472
10 3 -0.179033
10 4 -0.173326
10 5 -0.168739
10 6 -0.163109
10 7 -0.154277
10 8 -0.142831
10 9 -0.130399
10 10 -0.116761
10 11 -0.102076
10 12 -0.0871952
10 13 -0.0733348
10 14 -0.0590617
10 15 -0.0437147
10 16 -0.0279213
10 17 -0.0118642
10 18 0.00515884
10 19 0.022599
10 20 0.0376346
10 21 0.0516629
10 22 0.0639589
10 23 0.0743729
10 24 0.0826658
10 25 0.0897572
10 26 0.0950149
10 27 0.096119
10 28 0.094436
10 29 0.0897337
10 30 0.0828462
10 31 0.0752583
10 32 0.0666529
10 33 0.0561803
10 34 0.0458009
10 35 0.0340703
10 36 0.0210885
10 37 0.0060234
10 38 -0.0107569
10 39 -0.0283618
10 40 -0.0465314
10 41 -0.0649182
10 42 -0.0818501
10 43 -0.096833
10 44 -0.109116
10 45 -0.119505
10 46 -0.129063
10 47 -0.137425
10 48 -0.143774
10 49 -0.147224
10 50 -0.148125
10 51 -0.147981
10 52 -0.147089
10 53 -0.144783
10 54 -0.139881
10 55 -0.131701
10 56 -0.121539
10 57 -0.110502
10 58 -0.0987034
10 59 -0.085262
10 60 -0.0686045
10 61 -0.0500564
10 62 -0.0315205
10 63 -0.0140829
10 64 0.00199523
10 65 0.0172415
10 66 0.0316206
10 67 0.0438363
10 68 0.0553566
10 69 0.0655188
10 70 0.0752223
10 71 0.0836994
10 72 0.08934
10 73 0.0928693
10 74 0.0955963
10 75 0.0945876
10 76 0.0907399
10 77 0.0846459
10 78 0.0768275
10 79 0.0669349
10 80 0.0546513
10 81 0.0407412
10 82 0.0244111
10 83 0.00737119
10 84 -0.010568
10 85 -0.028703
10 86 -0.0454485
10 87 -0.0601643
10 88 -0.0749218
10 89 -0.0904869
10 90 -0.105993
10 91 -0.120844
10 92 -0.134899
10 93 -0.1474
10 94 -0.157391
10 95 -0.166323
10 96 -0.174341
10 97 -0.181017
10 98 -0.185296
10 99 -0.187602
10 100 -0.0233542
10 101 0

11 0 0
11 1 -0.0212049
11 2 -0.169585
11 3 -0.164613
11 4 -0.159103
11 5 -0.154467
11 6 -0.148527
11 7 -0.139637
11 8 -0.128022
11 9 -0.1155
11 10 -0.102076
11 11 -0.0881904
11 12 -0.0740695
11 13 -0.0597266
11 14 -0.0456347
11 15 -0.0300491
11 16 -0.0150971
11 17 0.000780122
11 18 0.0173122
11 19 0.0335137
11 20 0.0485656
11 21 0.060935
11 22 0.0728097
11 23 0.0820383
11 24 0.0895897
11 25 0.0958879
11 26 0.100604
11 27 0.103142
11 28 0.102185
11 29 0.0976694
11 30 0.0923527
11 31 0.0849344
11 32 0.0756208
11 33 0.0648641
11 34 0.0538729
11 35 0.0433392
11 36 0.0296191
11 37 0.0143046
11 38 -0.00101249
11 39 -0.0175074
11 40 -0.0347547
11 41 -0.0521522
11 42 -0.0710993
11 43 -0.087301
11 44 -0.100329
11 45 -0.111166
11 46 -0.120883
11 47 -0.128768
11 48 -0.135025
11 49 -0.137849
11 50 -0.138751
11 51 -0.138494
11 52 -0.138327
11 53 -0.136397
11 54 -0.132172
11 55 -0.123805
11 56 -0.113024
11 57 -0.101232
11 58 -0.0884352
11 59 -0.0732406
11 60 -0.0575054
11 61 -0.0393702
11 62 -0.0211848
11 63 -0.00456666
11 64 0.0120298
11 65 0.0279052
11 66 0.0406925
11 67 0.0530773
11 68 0.0645088
11 69 0.0753653
11 70 0.0852036
11 71 0.0928077
11 72 0.098799
11 73 0.101917
11 74 0.102767
11 75 0.101648
11 76 0.0975262
11 77 0.091514
11 78 0.0843882
11 79 0.0750724
11 80 0.0647378
11 81 0.0509606
11 82 0.0359016
11 83 0.0193089
11 84 0.00216539
11 85 -0.0146045
11 86 -0.031029
11 87 -0.0459255
11 88 -0.0616697
11 89 -0.0772485
11 90 -0.0919324
11 91 -0.105886
11 92 -0.119116
11 93 -0.131383
11 94 -0.142024
11 95 -0.15126
11 96 -0.159505
11 97 -0.165723
11 98 -0.169971
11 99 -0.17229
11 100 -0.0214536
11 101 0

12 0 0
12 1 -0.019157
12 2 -0.153312
12 3 -0.14937
12 4 -0.143945
12 5 -0.139328
12 6 -0.132113
12 7 -0.123582
12 8 -0.112065
12 9 -0.0999708
12 10 -0.0871952
12 11 -0.0740695
12 12 -0.0610871
12 13 -0.0473241
12 14 -0.0329634
12 15 -0.0176981
12 16 -0.00203674
12 17 0.0139302
12 18 0.0298267
12 19 0.0457957
12 20 0.0591547
12 21 0.072324
12 22 0.0821722
12 23 0.091562
12 24 0.0981317
12 25 0.102761
12 26 0.107888
12 27 0.11027
12 28 0.111464
12 29 0.108241
12 30 0.103319
12 31 0.0959264
12 32 0.0869076
12 33 0.0757692
12 34 0.0646243
12 35 0.0507633
12 36 0.0389274
12 37 0.025104
12 38 0.00976775
12 39 -0.00630075
12 40 -0.0234931
12 41 -0.0424254
12 42 -0.0596745
12 43 -0.0758163
12 44 -0.0898499
12 45 -0.101114
12 46 -0.111286
12 47 -0.12013
12 48 -0.126098
12 49 -0.129059
12 50 -0.130152
12 51 -0.129714
12 52 -0.129541
12 53 -0.128067
12 54 -0.12307
12 55 -0.114228
12 56 -0.103035
12 57 -0.0901939
12 58 -0.0776495
12 59 -0.0641613
12 60 -0.0468196
12 61 -0.0281437
12 62 -0.00976236
12 63 0.00754456
12 64 0.022697
12 65 0.0363952
12 66 0.0518285
12 67 0.0638832
12 68 0.0754665
12 69 0.0861934
12 70 0.0966138
12 71 0.10456
12 72 0.110091
12 73 0.111036
12 74 0.111726
12 75 0.109118
12 76 0.106291
12 77 0.100656
12 78 0.0936041
12 79 0.0860962
12 80 0.0751724
12 81 0.0626916
12 82 0.0475965
12 83 0.0317867
12 84 0.0151753
12 85 -0.00119365
12 86 -0.0172643
12 87 -0.0324464
12 88 -0.0487155
12 89 -0.063358
12 90 -0.0778009
12 91 -0.0905517
12 92 -0.103111
12 93 -0.115326
12 94 -0.125415
12 95 -0.135829
12 96 -0.142776
12 97 -0.149599
12 98 -0.153254
12 99 -0.156006
12 100 -0.0194848
12 101 0

13 0 0
13 1 -0.0168495
13 2 -0.135432
13 3 -0.133258
13 4 -0.129007
13 5 -0.124395
13 6 -0.116891
13 7 -0.109021
13 8 -0.0981487
13 9 -0.0864413
13 10 -0.0733348
13 11 -0.0597266
13 12 -0.0473241
13 13 -0.0325416
13 14 -0.0187543
13 15 -0.00208602
13 16 0.0127766
13 17 0.0287496
13 18 0.0437834
13 19 0.0567519
13 20 0.0707264
13 21 0.0812462
13 22 0.0926218
13 23 0.101146
13 24 0.108337
13 25 0.113022
13 26 0.116715
13 27 0.119724
13 28 0.120296
13 29 0.11637
13 30 0.113716
13 31 0.107464
13 32 0.0981363
13 33 0.0872387
13 34 0.0742421
13 35 0.0624981
13 36 0.047839
13 37 0.0334944
13 38 0.0199202
13 39 0.00528058
13 40 -0.0121047
13 41 -0.0297303
13 42 -0.0502636
13 43 -0.0660848
13 44 -0.0794603
13 45 -0.0895391
13 46 -0.0999308
13 47 -0.108885
13 48 -0.117146
13 49 -0.120809
13 50 -0.123095
13 51 -0.121605
13 52 -0.120829
13 53 -0.117181
13 54 -0.112102
13 55 -0.103152
13 56 -0.0931459
13 57 -0.0810568
13 58 -0.0687397
13 59 -0.0519162
13 60 -0.0355409
13 61 -0.0162526
13 62 0.00136442
13 63 0.0173333
13 64 0.0329862
13 65 0.0489293
13 66 0.0614171
13 67 0.0749118
13 68 0.0861402
13 69 0.0977533
13 70 0.107478
13 71 0.114168
13 72 0.120634
13 73 0.122424
13 74 0.121399
13 75 0.119801
13 76 0.116261
13 77 0.110461
13 78 0.104082
13 79 0.0951012
13 80 0.0863166
13 81 0.0727749
13 82 0.0604691
13 83 0.0455678
13 84 0.0302342
13 85 0.0150424
13 86 -0.00162518
13 87 -0.016966
13 88 -0.0337909
13 89 -0.0484255
13 90 -0.0632488
13 91 -0.0767285
13 92 -0.0893944
13 93 -0.100841
13 94 -0.110783
13 95 -0.119867
13 96 -0.12682
13 97 -0.132277
13 98 -0.13599
13 99 -0.138458
13 100 -0.0172208
13 101 0

14 0 0
14 1 -0.0146535
14 2 -0.118015
14 3 -0.116633
14 4 -0.112571
14 5 -0.10748
14 6 -0.0998985
14 7 -0.0926262
14 8 -0.083174
14 9 -0.0719336
14 10 -0.0590617
14 11 -0.0456347
14 12 -0.0329634
14 13 -0.0187543
14 14 -0.0035207
14 15 0.0119297
14 16 0.0276334
14 17 0.0432952
14 18 0.0576816
14 19 0.070878
14 20 0.0822704
14 21 0.093519
14 22 0.102013
14 23 0.111006
14 24 0.118299
14 25 0.122611
14 26 0.126509
14 27 0.128861
14 28 0.130063
14 29 0.127776
14 30 0.124806
14 31 0.118742
14 32 0.109462
14 33 0.0973979
14 34 0.084229
14 35 0.0693858
14 36 0.0578561
14 37 0.045859
14 38 0.0317778
14 39 0.0162064
14 40 -0.00136318
14 41 -0.0214962
14 42 -0.0394455
14 43 -0.0548811
14 44 -0.068215
14 45 -0.078395
14 46 -0.0883898
14 47 -0.0990531
14 48 -0.107071
14 49 -0.112197
14 50 -0.114716
14 51 -0.113245
14 52 -0.111141
14 53 -0.107703
14 54 -0.100929
14 55 -0.0924298
14 56 -0.0825038
14 57 -0.0704439
14 58 -0.0583776
14 59 -0.0437684
14 60 -0.0245558
14 61 -0.00465147
14 62 0.0143095
14 63 0.0310595
14 64 0.0441686
14 65 0.0561972
14 66 0.0710184
14 67 0.0842381
14 68 0.0970648
14 69 0.109093
14 70 0.119478
14 71 0.126782
14 72 0.132115
14 73 0.132682
14 74 0.131854
14 75 0.129181
14 76 0.126404
14 77 0.12068
14 78 0.114182
14 79 0.107532
14 80 0.0975497
14 81 0.0861777
14 82 0.0733338
14 83 0.0595687
14 84 0.0447819
14 85 0.0296778
14 86 0.0137312
14 87 -0.00242637
14 88 -0.0185444
14 89 -0.0326555
14 90 -0.0477654
14 91 -0.0617627
14 92 -0.0744437
14 93 -0.085211
14 94 -0.0938293
14 95 -0.102798
14 96 -0.108747
14 97 -0.114766
14 98 -0.118268
14 99 -0.12094
14 100 -0.0150721
14 101 0

15 0 0
15 1 -0.0125467
15 2 -0.101143
15 3 -0.0998857
15 4 -0.0955334
15 5 -0.090187
15 6 -0.082393
15 7 -0.0759755
15 8 -0.0669208
15 9 -0.0564436
15 10 -0.0437147
15 11 -0.0300491
15 12 -0.0176981
15 13 -0.00208602
15 14 0.0119297
15 15 0.0275653
15 16 0.0412848
15 17 0.0564684
15 18 0.0708238
15 19 0.0823974
15 20 0.0948739
15 21 0.103656
15 22 0.11305
15 23 0.121067
15 24 0.128978
15 25 0.133478
15 26 0.136085
15 27 0.138295
15 28 0.139433
15 29 0.137013
15 30 0.135573
15 31 0.129851
15 32 0.120037
15 33 0.108712
15 34 0.0949463
15 35 0.082257
15 36 0.0682087
15 37 0.0550619
15 38 0.0413755
15 39 0.026776
15 40 0.00948548
15 41 -0.00812757
15 42 -0.0273682
15 43 -0.0422813
15 44 -0.0563592
15 45 -0.067131
15 46 -0.0783366
15 47 -0.0883556
15 48 -0.096786
15 49 -0.100693
15 50 -0.103579
15 51 -0.102116
15 52 -0.101348
15 53 -0.0974159
15 54 -0.0911579
15 55 -0.0815782
15 56 -0.0712173
15 57 -0.058468
15 58 -0.0465414
15 59 -0.0301621
15 60 -0.0129805
15 61 0.00689018
15 62 0.0251122
15 63 0.0415166
15 64 0.0554427
15 65 0.0692535
15 66 0.0811392
15 67 0.0949449
15 68 0.107504
15 69 0.121006
15 70 0.13135
15 71 0.137566
15 72 0.142707
15 73 0.143268
15 74 0.141665
15 75 0.140302
15 76 0.137326
15 77 0.131711
15 78 0.125852
15 79 0.117875
15 80 0.10973
15 81 0.0970632
15 82 0.0859245
15 83 0.0718722
15 84 0.0579566
15 85 0.0443837
15 86 0.0288328
15 87 0.0137594
15 88 -0.0022837
15 89 -0.0156401
15 90 -0.0309168
15 91 -0.0453134
15 92 -0.0578114
15 93 -0.0678762
15 94 -0.0762673
15 95 -0.0845003
15 96 -0.0908423
15 97 -0.0964433
15 98 -0.100589
15 99 -0.103608
15 100 -0.0129225
15 101 0

16 0 0
16 1 -0.0104643
16 2 -0.0840324
16 3 -0.0824476
16 4 -0.0782525
16 5 -0.0722378
16 6 -0.0651807
16 7 -0.0582446
16 8 -0.0500899
16 9 -0.0398273
16 10 -0.0279213
16 11 -0.0150971
16 12 -0.00203674
16 13 0.0127766
16 14 0.0276334
16 15 0.0412848
16 16 0.0545862
16 17 0.0685021
16 18 0.0824063
16 19 0.0946483
16 20 0.106256
16 21 0.116335
16 22 0.124852
16 23 0.133181
16 24 0.140681
16 25 0.145035
16 26 0.147103
16 27 0.14945
16 28 0.150288
16 29 0.148769
16 30 0.146112
16 31 0.140433
16 32 0.131275
16 33 0.120438
16 34 0.10728
16 35 0.0926575
16 36 0.0784765
16 37 0.0648419
16 38 0.0504537
16 39 0.0359972
16 40 0.0206858
16 41 0.00303887
16 42 -0.0146123
16 43 -0.0304455
16 44 -0.0452578
16 45 -0.0575247
16 46 -0.0683659
16 47 -0.0787798
16 48 -0.0861117
16 49 -0.0905714
16 50 -0.0929231
16 51 -0.09247
16 52 -0.0912977
16 53 -0.088292
16 54 -0.0814703
16 55 -0.0723531
16 56 -0.0607356
16 57 -0.0472621
16 58 -0.0339564
16 59 -0.0185382
16 60 -0.000853104
16 61 0.0170733
16 62 0.0351057
16 63 0.0519536
16 64 0.0660474
16 65 0.0791975
16 66 0.0926197
16 67 0.105815
16 68 0.118842
16 69 0.132252
16 70 0.143003
16 71 0.150033
16 72 0.154275
16 73 0.154661
16 74 0.15292
16 75 0.151945
16 76 0.149678
16 77 0.144783
16 78 0.138423
16 79 0.130895
16 80 0.121144
16 81 0.109833
16 82 0.0978649
16 83 0.084261
16 84 0.0707051
16 85 0.0575925
16 86 0.043802
16 87 0.0286801
16 88 0.0139956
16 89 0.000409394
16 90 -0.0141233
16 91 -0.028248
16 92 -0.0402045
16 93 -0.0499854
16 94 -0.0589349
16 95 -0.067141
16 96 -0.0733416
16 97 -0.078224
16 98 -0.0824083
16 99 -0.085515
16 100 -0.0106897
16 101 0

17 0 0
17 1 -0.0081807
17 2 -0.0659517
17 3 -0.064913
17 4 -0.0614999
17 5 -0.055927
17 6 -0.0492101
17 7 -0.0421552
17 8 -0.0337029
17 9 -0.0235885
17 10 -0.0118642
17 11 0.000780122
17 12 0.0139302
17 13 0.0287496
17 14 0.0432952
17 15 0.0564684
17 16 0.0685021
17 17 0.0811006
17 18 0.09389
17 19 0.10555
17 20 0.117276
17 21 0.127783
17 22 0.136605
17 23 0.144542
17 24 0.151973
17 25 0.156512
17 26 0.158992
17 27 0.161155
17 28 0.16143
17 29 0.159325
17 30 0.155937
17 31 0.150609
17 32 0.142614
17 33 0.131888
17 34 0.117919
17 35 0.102093
17 36 0.0869075
17 37 0.0735085
17 38 0.0599263
17 39 0.0464673
17 40 0.0315909
17 41 0.0140394
17 42 -0.00354924
17 43 -0.0198471
17 44 -0.035362
17 45 -0.0472362
17 46 -0.0577914
17 47 -0.0682085
17 48 -0.0756054
17 49 -0.0806521
17 50 -0.083833
17 51 -0.0830863
17 52 -0.0814708
17 53 -0.0781571
17 54 -0.0710818
17 55 -0.0623078
17 56 -0.0513196
17 57 -0.0371098
17 58 -0.0228048
17 59 -0.00671555
17 60 0.0112642
17 61 0.0286161
17 62 0.0452421
17 63 0.0609062
17 64 0.0743664
17 65 0.0880678
17 66 0.102441
17 67 0.116831
17 68 0.130576
17 69 0.143447
17 70 0.153758
17 71 0.161044
17 72 0.165526
17 73 0.16644
17 74 0.164901
17 75 0.163656
17 76 0.161404
17 77 0.156716
17 78 0.15052
17 79 0.142397
17 80 0.132434
17 81 0.121492
17 82 0.11022
17 83 0.0971721
17 84 0.0842419
17 85 0.0719993
17 86 0.058874
17 87 0.0444562
17 88 0.0302105
17 89 0.0167418
17 90 0.0025093
17 91 -0.0110496
17 92 -0.0224919
17 93 -0.0327013
17 94 -0.0426904
17 95 -0.0511922
17 96 -0.0567377
17 97 -0.0603061
17 98 -0.0638071
17 99 -0.0666866
17 100 -0.00832503
17 101 0

18 0 0
18 1 -0.00591566
18 2 -0.0477957
18 3 -0.0474233
18 4 -0.0448442
18 5 -0.0395512
18 6 -0.0329418
18 7 -0.0254497
18 8 -0.0166561
18 9 -0.00640427
18 10 0.00515884
18 11 0.0173122
18 12 0.0298267
18 13 0.0437834
18 14 0.0576816
18 15 0.0708238
18 16 0.0824063
18 17 0.09389
18 18 0.105625
18 19 0.116212
18 20 0.128078
18 21 0.13829
18 22 0.147195
18 23 0.154852
18 24 0.161919
18 25 0.167664
18 26 0.170348
18 27 0.17185
18 28 0.170755
18 29 0.168144
18 30 0.165593
18 31 0.161165
18 32 0.152839
18 33 0.142178
18 34 0.127454
18 35 0.111249
18 36 0.0952274
18 37 0.0815247
18 38 0.069255
18 39 0.0561915
18 40 0.0413601
18 41 0.0247772
18 42 0.0066535
18 43 -0.00954955
18 44 -0.0235539
18 45 -0.0367217
18 46 -0.0479327
18 47 -0.057567
18 48 -0.0657102
18 49 -0.0707489
18 50 -0.0728218
18 51 -0.0737447
18 52 -0.0722645
18 53 -0.0679169
18 54 -0.0612888
18 55 -0.0518738
18 56 -0.0397676
18 57 -0.0270202
18 58 -0.0121976
18 59 0.00514398
18 60 0.0224974
18 61 0.0394119
18 62 0.0550303
18 63 0.0688387
18 64 0.082379
18 65 0.0967116
18 66 0.11156
18 67 0.127134
18 68 0.141587
18 69 0.155109
18 70 0.164234
18 71 0.170069
18 72 0.174831
18 73 0.177333
18 74 0.176628
18 75 0.175189
18 76 0.171511
18 77 0.167074
18 78 0.160953
18 79 0.152928
18 80 0.143585
18 81 0.133067
18 82 0.122653
18 83 0.110041
18 84 0.0976968
18 85 0.0857785
18 86 0.0728269
18 87 0.0589457
18 88 0.0455586
18 89 0.0327495
18 90 0.0196137
18 91 0.00691518
18 92 -0.00397451
18 93 -0.0145936
18 94 -0.0256432
18 95 -0.034351
18 96 -0.0396419
18 97 -0.0421443
18 98 -0.045349
18 99 -0.0482275
18 100 -0.00603647
18 101 0

19 0 0
19 1 -0.00370335
19 2 -0.0298743
19 3 -0.0300274
19 4 -0.0285243
19 5 -0.0227809
19 6 -0.0169847
19 7 -0.0082555
19 8 0.000196388
19 9 0.0111797
19 10 0.022599
19 11 0.0335137
19 12 0.0457957
19 13 0.0567519
19 14 0.070878
19 15 0.0823974
19 16 0.0946483
19 17 0.10555
19 18 0.116212
19 19 0.12812
19 20 0.138644
19 21 0.150162
19 22 0.15801
19 23 0.165796
19 24 0.172615
19 25 0.177711
19 26 0.179782
19 27 0.180388
19 28 0.178594
19 29 0.178054
19 30 0.174809
19 31 0.170577
19 32 0.163224
19 33 0.150703
19 34 0.135848
19 35 0.11884
19 36 0.104687
19 37 0.0912167
19 38 0.0771389
19 39 0.0627417
19 40 0.0489842
19 41 0.0321084
19 42 0.0176427
19 43 0.00128505
19 44 -0.0138836
19 45 -0.0268962
19 46 -0.0373516
19 47 -0.0485405
19 48 -0.0554387
19 49 -0.0621249
19 50 -0.0653662
19 51 -0.0656706
19 52 -0.0626731
19 53 -0.0592399
19 54 -0.0507098
19 55 -0.0419751
19 56 -0.0301997
19 57 -0.0161807
19 58 -0.000672155
19 59 0.0137026
19 60 0.0315046
19 61 0.046807
19 62 0.062948
19 63 0.0780166
19 64 0.091308
19 65 0.103866
19 66 0.119902
19 67 0.135897
19 68 0.15281
19 69 0.165209
19 70 0.173881
19 71 0.179653
19 72 0.182586
19 73 0.185975
19 74 0.18673
19 75 0.18543
19 76 0.18216
19 77 0.177512
19 78 0.171474
19 79 0.164947
19 80 0.154819
19 81 0.146096
19 82 0.133907
19 83 0.122108
19 84 0.109676
19 85 0.097638
19 86 0.0857473
19 87 0.0715212
19 88 0.0602851
19 89 0.0479651
19 90 0.0367657
19 91 0.024738
19 92 0.0138618
19 93 0.00313491
19 94 -0.00854486
19 95 -0.0169172
19 96 -0.0222158
19 97 -0.0243474
19 98 -0.0274138
19 99 -0.0301339
19 100 -0.00377818
19 101 0

20 0 0
20 1 -0.00145074
20 2 -0.0122117
20 3 -0.0127844
20 4 -0.0109919
20 5 -0.00679992
20 6 -0.00017599
20 7 0.00686924
20 8 0.0163976
20 9 0.026547
20 10 0.0376346
20 11 0.0485656
20 12 0.0591547
20 13 0.0707264
20 14 0.0822704
20 15 0.0948739
20 16 0.106256
20 17 0.117276
20 18 0.128078
20 19 0.138644
20 20 0.149485
20 21 0.159273
20 22 0.167804
20 23 0.175993
20 24 0.182066
20 25 0.186633
20 26 0.18866
20 27 0.188207
20 28 0.18782
20 29 0.185983
20 30 0.18334
20 31 0.177186
20 32 0.168175
20 33 0.158059
20 34 0.145238
20 35 0.129734
20 36 0.113996
20 37 0.097777
20 38 0.0835581
20 39 0.0685717
20 40 0.053448
20 41 0.0398287
20 42 0.0250819
20 43 0.010278
20 44 -0.00251743
20 45 -0.0171735
20 46 -0.0300883
20 47 -0.0395808
20 48 -0.0487182
20 49 -0.0543614
20 50 -0.0562731
20 51 -0.0584002
20 52 -0.0565447
20 53 -0.050543
20 54 -0.0433376
20 55 -0.0320241
20 56 -0.0187311
20 57 -0.00698929
20 58 0.00738435
20 59 0.0225932
20 60 0.0370912
20 61 0.0531458
20 62 0.0689249
20 63 0.0837826
20 64 0.0999034
20 65 0.11466
20 66 0.129493
20 67 0.143922
20 68 0.158336
20 69 0.172412
20 70 0.182305
20 71 0.18738
20 72 0.191551
20 73 0.194211
20 74 0.196062
20 75 0.194549
20 76 0.19113
20 77 0.187034
20 78 0.180965
20 79 0.17414
20 80 0.166369
20 81 0.157075
20 82 0.146485
20 83 0.134008
20 84 0.121905
20 85 0.110395
20 86 0.0973961
20 87 0.0847738
20 88 0.0724046
20 89 0.0620285
20 90 0.0511236
20 91 0.0402726
20 92 0.0297938
20 93 0.018881
20 94 0.00906632
20 95 0.000767529
20 96 -0.00345861
20 97 -0.00655807
20 98 -0.00939134
20 99 -0.0121499
20 100 -0.00157083
20 101 0

21 0 0
21 1 0.000502078
21 2 0.00411493
21 3 0.00421106
21 4 0.00558227
21 5 0.0107463
21 6 0.0153564
21 7 0.0236637
21 8 0.0315752
21 9 0.0418775
21 10 0.0516629
21 11 0.060935
21 12 0.072324
21 13 0.0812462
21 14 0.093519
21 15 0.103656
21 16 0.116335
21 17 0.127783
21 18 0.13829
21 19 0.150162
21 20 0.159273
21 21 0.169941
21 22 0.178234
21 23 0.18609
21 24 0.190272
21 25 0.192554
21 26 0.193877
21 27 0.195462
21 28 0.194798
21 29 0.194298
21 30 0.188903
21 31 0.182526
21 32 0.175211
21 33 0.16386
21 34 0.150525
21 35 0.134857
21 36 0.120525
21 37 0.104609
21 38 0.0889527
21 39 0.0733536
21 40 0.0592617
21 41 0.0437938
21 42 0.031085
21 43 0.0156095
21 44 0.00221858
21 45 -0.0105892
21 46 -0.0211263
21 47 -0.0324522
21 48 -0.0406492
21 49 -0.0490873
21 50 -0.0527546
21 51 -0.0535017
21 52 -0.0488888
21 53 -0.0435104
21 54 -0.0340841
21 55 -0.0250091
21 56 -0.0136047
21 57 -0.00125274
21 58 0.0141253
21 59 0.0275473
21 60 0.043789
21 61 0.0579981
21 62 0.0736447
21 63 0.0895103
21 64 0.105829
21 65 0.1197
21 66 0.135328
21 67 0.150161
21 68 0.165823
21 69 0.177643
21 70 0.187741
21 71 0.195207
21 72 0.198556
21 73 0.2015
21 74 0.201494
21 75 0.200048
21 76 0.198543
21 77 0.196335
21 78 0.191073
21 79 0.185127
21 80 0.176315
21 81 0.16897
21 82 0.156775
21 83 0.145442
21 84 0.132718
21 85 0.120259
21 86 0.108796
21 87 0.0950724
21 88 0.0848039
21 89 0.0735907
21 90 0.0647339
21 91 0.054542
21 92 0.044289
21 93 0.0347667
21 94 0.0253765
21 95 0.0191782
21 96 0.0140658
21 97 0.0109381
21 98 0.0073602
21 99 0.00478908
21 100 0.000584587
21 101 0

22 0 0
22 1 0.00232578
22 2 0.0186121
22 3 0.0196774
22 4 0.0230014
22 5 0.0266511
22 6 0.0329145
22 7 0.0388125
22 8 0.0476643
22 9 0.0557434
22 10 0.0639589
22 11 0.0728097
22 12 0.0821722
22 13 0.0926218
22 14 0.102013
22 15 0.11305
22 16 0.124852
22 17 0.136605
22 18 0.147195
22 19 0.15801
22 20 0.167804
22 21 0.178234
22 22 0.186962
22 23 0.194299
22 24 0.196746
22 25 0.197928
22 26 0.200525
22 27 0.200466
22 28 0.200093
22 29 0.196664
22 30 0.192859
22 31 0.18642
22 32 0.178742
22 33 0.168507
22 34 0.155556
22 35 0.139531
22 36 0.124796
22 37 0.108291
22 38 0.0935762
22 39 0.0774633
22 40 0.0611625
22 41 0.0478072
22 42 0.0343211
22 43 0.0198495
22 44 0.00757515
22 45 -0.0063071
22 46 -0.018833
22 47 -0.0275739
22 48 -0.0365328
22 49 -0.0426513
22 50 -0.0452266
22 51 -0.0472788
22 52 -0.0449653
22 53 -0.0385127
22 54 -0.0313519
22 55 -0.02009
22 56 -0.00767974
22 57 0.0036065
22 58 0.0180259
22 59 0.0323989
22 60 0.0461267
22 61 0.0620096
22 62 0.0773252
22 63 0.0923019
22 64 0.109472
22 65 0.124701
22 66 0.140794
22 67 0.155377
22 68 0.169243
22 69 0.18142
22 70 0.191325
22 71 0.197665
22 72 0.203887
22 73 0.206736
22 74 0.207918
22 75 0.204836
22 76 0.204227
22 77 0.203787
22 78 0.199761
22 79 0.193318
22 80 0.185054
22 81 0.176335
22 82 0.166084
22 83 0.154758
22 84 0.142406
22 85 0.130024
22 86 0.117349
22 87 0.106097
22 88 0.0940377
22 89 0.084985
22 90 0.0757835
22 91 0.0674955
22 92 0.0585993
22 93 0.0494374
22 94 0.0429289
22 95 0.036116
22 96 0.0324325
22 97 0.0271177
22 98 0.0236313
22 99 0.0205757
22 100 0.00246287
22 101 0

23 0 0
23 1 0.00405256
23 2 0.032696
23 3 0.0339918
23 4 0.0370655
23 5 0.0412316
23 6 0.0460994
23 7 0.0524732
23 8 0.0596503
23 9 0.067434
23 10 0.0743729
23 11 0.0820383
23 12 0.091562
23 13 0.101146
23 14 0.111006
23 15 0.121067
23 16 0.133181
23 17 0.144542
23 18 0.154852
23 19 0.165796
23 20 0.175993
23 21 0.18609
23 22 0.194299
23 23 0.20049
23 24 0.202959
23 25 0.204029
23 26 0.205139
23 27 0.203514
23 28 0.200078
23 29 0.197199
23 30 0.193403
23 31 0.187811
23 32 0.180109
23 33 0.169582
23 34 0.155824
23 35 0.140874
23 36 0.126553
23 37 0.110132
23 38 0.0936454
23 39 0.0775077
23 40 0.0616238
23 41 0.0477317
23 42 0.0348904
23 43 0.0206549
23 44 0.00737704
23 45 -0.00587446
23 46 -0.0173738
23 47 -0.0262006
23 48 -0.0336473
23 49 -0.039423
23 50 -0.042376
23 51 -0.04406
23 52 -0.0419482
23 53 -0.0367598
23 54 -0.0292024
23 55 -0.0188581
23 56 -0.00704091
23 57 0.00512542
23 58 0.0193163
23 59 0.0328427
23 60 0.0468442
23 61 0.061681
23 62 0.0766838
23 63 0.0933208
23 64 0.110996
23 65 0.126254
23 66 0.14158
23 67 0.156497
23 68 0.170236
23 69 0.182125
23 70 0.191433
23 71 0.198054
23 72 0.203677
23 73 0.209267
23 74 0.21151
23 75 0.209776
23 76 0.209175
23 77 0.209154
23 78 0.206289
23 79 0.200675
23 80 0.192406
23 81 0.183622
23 82 0.173614
23 83 0.163583
23 84 0.151732
23 85 0.138705
23 86 0.126856
23 87 0.11521
23 88 0.104304
23 89 0.0943153
23 90 0.0859946
23 91 0.0781642
23 92 0.0696824
23 93 0.0619799
23 94 0.0554802
23 95 0.050376
23 96 0.046004
23 97 0.0415527
23 98 0.0380809
23 99 0.0357191
23 100 0.00445176
23 101 0

24 0 0
24 1 0.0056968
24 2 0.0454636
24 3 0.0465793
24 4 0.0496498
24 5 0.053282
24 6 0.0583411
24 7 0.0631788
24 8 0.0696977
24 9 0.0763101
24 10 0.0826658
24 11 0.0895897
24 12 0.0981317
24 13 0.108337
24 14 0.118299
24 15 0.128978
24 16 0.140681
24 17 0.151973
24 18 0.161919
24 19 0.172615
24 20 0.182066
24 21 0.190272
24 22 0.196746
24 23 0.202959
24 24 0.20678
24 25 0.207642
24 26 0.207096
24 27 0.203459
24 28 0.19994
24 29 0.196859
24 30 0.193051
24 31 0.186259
24 32 0.178604
24 33 0.167952
24 34 0.154518
24 35 0.140281
24 36 0.12628
24 37 0.109745
24 38 0.0932782
24 39 0.0766541
24 40 0.060463
24 41 0.0464452
24 42 0.0330086
24 43 0.018739
24 44 0.00569225
24 45 -0.00610515
24 46 -0.0164936
24 47 -0.0247787
24 48 -0.032273
24 49 -0.0383506
24 50 -0.0420679
24 51 -0.0427647
24 52 -0.0401285
24 53 -0.034659
24 54 -0.0274848
24 55 -0.0181504
24 56 -0.00784362
24 57 0.00399239
24 58 0.0179749
24 59 0.0318569
24 60 0.0456032
24 61 0.0604817
24 62 0.0757626
24 63 0.0925704
24 64 0.110675
24 65 0.126059
24 66 0.140646
24 67 0.154961
24 68 0.168285
24 69 0.180128
24 70 0.190883
24 71 0.197853
24 72 0.203424
24 73 0.208495
24 74 0.212374
24 75 0.212332
24 76 0.212182
24 77 0.210812
24 78 0.207966
24 79 0.203821
24 80 0.197622
24 81 0.189684
24 82 0.180556
24 83 0.171199
24 84 0.159564
24 85 0.146622
24 86 0.134238
24 87 0.123023
24 88 0.111499
24 89 0.102095
24 90 0.0938535
24 91 0.0867575
24 92 0.0792301
24 93 0.0721484
24 94 0.0670882
24 95 0.0620969
24 96 0.0584939
24 97 0.0539431
24 98 0.05118
24 99 0.0495199
24 100 0.00615118
24 101 0

25 0 0
25 1 0.00699421
25 2 0.055999
25 3 0.0566243
25 4 0.0595519
25 5 0.0632555
25 6 0.0684839
25 7 0.0723078
25 8 0.0778668
25 9 0.0839006
25 10 0.0897572
25 11 0.0958879
25 12 0.102761
25 13 0.113022
25 14 0.122611
25 15 0.133478
25 16 0.145035
25 17 0.156512
25 18 0.167664
25 19 0.177711
25 20 0.186633
25 21 0.192554
25 22 0.197928
25 23 0.204029
25 24 0.207642
25 25 0.20723
25 26 0.205606
25 27 0.202167
25 28 0.199819
25 29 0.196477
25 30 0.191467
25 31 0.184196
25 32 0.175424
25 33 0.165353
25 34 0.151362
25 35 0.136699
25 36 0.122829
25 37 0.107912
25 38 0.0921424
25 39 0.0761405
25 40 0.0581348
25 41 0.0428731
25 42 0.0289194
25 43 0.0159845
25 44 0.00384455
25 45 -0.0073949
25 46 -0.0179549
25 47 -0.0256323
25 48 -0.0331697
25 49 -0.0381238
25 50 -0.041101
25 51 -0.0420885
25 52 -0.0402336
25 53 -0.0345693
25 54 -0.0279455
25 55 -0.0184961
25 56 -0.00880296
25 57 0.00190982
25 58 0.0142818
25 59 0.0282727
25 60 0.043013
25 61 0.0595798
25 62 0.0743588
25 63 0.0906206
25 64 0.107318
25 65 0.1227
25 66 0.137686
25 67 0.152351
25 68 0.164778
25 69 0.177786
25 70 0.189216
25 71 0.197597
25 72 0.20294
25 73 0.206378
25 74 0.209698
25 75 0.211309
25 76 0.212598
25 77 0.21133
25 78 0.208095
25 79 0.205082
25 80 0.201399
25 81 0.194435
25 82 0.186273
25 83 0.175721
25 84 0.163966
25 85 0.150969
25 86 0.138893
25 87 0.128182
25 88 0.116691
25 89 0.10819
25 90 0.100499
25 91 0.0940369
25 92 0.0869069
25 93 0.0803888
25 94 0.0759517
25 95 0.0714461
25 96 0.067822
