0 0 0
0 1 0
0 2 0
0 3 0
0 4 0
0 5 0
0 6 0
0 7 0
0 8 0
0 9 0
0 10 0
0 11 0
0 12 0
0 13 0
0 14 0
0 15 0
0 16 0
0 17 0
0 18 0
0 19 0
0 20 0
0 21 0
0 22 0
0 23 0
0 24 0
0 25 0
0 26 0
0 27 0
0 28 0
0 29 0
0 30 0
0 31 0
0 32 0
0 33 0
0 34 0
0 35 0
0 36 0
0 37 0
0 38 0
0 39 0
0 40 0
0 41 0
0 42 0
0 43 0
0 44 0
0 45 0
0 46 0
0 47 0
0 48 0
0 49 0
0 50 0
0 51 0
0 52 0
0 53 0
0 54 0
0 55 0
0 56 0
0 57 0
0 58 0
0 59 0
0 60 0
0 61 0
0 62 0
0 63 0
0 64 0
0 65 0
0 66 0
0 67 0
0 68 0
0 69 0
0 70 0
0 71 0
0 72 0
0 73 0
0 74 0
0 75 0
0 76 0
0 77 0
0 78 0
0 79 0
0 80 0
0 81 0
0 82 0
0 83 0
0 84 0
0 85 0
0 86 0
0 87 0
0 88 0
0 89 0
0 90 0
0 91 0
0 92 0
0 93 0
0 94 0
0 95 0
0 96 0
0 97 0
0 98 0
0 99 0
0 100 0
0 101 0

1 0 0
1 1 0
1 2 -0.0125771
1 3 -0.0124742
1 4 -0.0121495
1 5 -0.0114126
1 6 -0.0108308
1 7 -0.0101922
1 8 -0.00948714
1 9 -0.00854601
1 10 -0.0077486
1 11 -0.00712002
1 12 -0.00646758
1 13 -0.00567241
1 14 -0.00522663
1 15 -0.00458059
1 16 -0.00404774
1 17 -0.0036233
1 18 -0.00335173
1 19 -0.00318952
1 20 -0.0030282
1 21 -0.00329595
1 22 -0.00374651
1 23 -0.00423562
1 24 -0.00463189
1 25 -0.0048212
1 26 -0.0047829
1 27 -0.00477131
1 28 -0.00493196
1 29 -0.00527223
1 30 -0.00582417
1 31 -0.00645405
1 32 -0.00699547
1 33 -0.00760316
1 34 -0.00808467
1 35 -0.00863454
1 36 -0.00927008
1 37 -0.0102087
1 38 -0.0112687
1 39 -0.0122629
1 40 -0.0132206
1 41 -0.0143545
1 42 -0.015333
1 43 -0.0163346
1 44 -0.0169365
1 45 -0.017373
1 46 -0.0177445
1 47 -0.0180634
1 48 -0.0181089
1 49 -0.0181519
1 50 -0.0181935
1 51 -0.0182232
1 52 -0.0184187
1 53 -0.0184355
1 54 -0.0181764
1 55 -0.0179759
1 56 -0.0176058
1 57 -0.0172554
1 58 -0.0166413
1 59 -0.0158149
1 60 -0.0148176
1 61 -0.0140241
1 62 -0.0131184
1 63 -0.012245
1 64 -0.011388
1 65 -0.0105379
1 66 -0.00976278
1 67 -0.00920457
1 68 -0.00871025
1 69 -0.00836312
1 70 -0.00785672
1 71 -0.00728619
1 72 -0.00667007
1 73 -0.00620928
1 74 -0.00596377
1 75 -0.00571481
1 76 -0.0055516
1 77 -0.0055085
1 78 -0.00515241
1 79 -0.00471605
1 80 -0.00427481
1 81 -0.00400634
1 82 -0.00382529
1 83 -0.00404903
1 84 -0.00455085
1 85 -0.00503742
1 86 -0.00560594
1 87 -0.00630865
1 88 -0.00726186
1 89 -0.00789772
1 90 -0.00869274
1 91 -0.00948371
1 92 -0.0101366
1 93 -0.0106001
1 94 -0.011175
1 95 -0.0116473
1 96 -0.0122722
1 97 -0.012877
1 98 -0.0134494
1 99 -0.0135586
1 100 0
1 101 0

2 0 0
2 1 -0.0125771
2 2 -0.101231
2 3 -0.0999893
2 4 -0.097125
2 5 -0.0925481
2 6 -0.0872063
2 7 -0.0819863
2 8 -0.0760688
2 9 -0.0693682
2 10 -0.0630821
2 11 -0.0575374
2 12 -0.0519449
2 13 -0.0463789
2 14 -0.0415719
2 15 -0.0371907
2 16 -0.0328416
2 17 -0.0293339
2 18 -0.0271236
2 19 -0.0257935
2 20 -0.0253235
2 21 -0.0264082
2 22 -0.0295123
2 23 -0.0332712
2 24 -0.0360351
2 25 -0.0374776
2 26 -0.0378458
2 27 -0.0380592
2 28 -0.0393914
2 29 -0.0422724
2 30 -0.0465591
2 31 -0.0513359
2 32 -0.0562263
2 33 -0.0610328
2 34 -0.0652107
2 35 -0.0694223
2 36 -0.0748615
2 37 -0.0820719
2 38 -0.0904094
2 39 -0.098761
2 40 -0.10678
2 41 -0.115045
2 42 -0.123393
2 43 -0.130517
2 44 -0.135747
2 45 -0.13954
2 46 -0.142506
2 47 -0.144649
2 48 -0.145631
2 49 -0.145963
2 50 -0.14629
2 51 -0.147022
2 52 -0.147767
2 53 -0.147721
2 54 -0.146285
2 55 -0.144041
2 56 -0.141516
2 57 -0.138295
2 58 -0.13336
2 59 -0.126762
2 60 -0.119618
2 61 -0.11262
2 62 -0.105779
2 63 -0.0987558
2 64 -0.0915217
2 65 -0.0847288
2 66 -0.0787352
2 67 -0.0739105
2 68 -0.0702712
2 69 -0.0669634
2 70 -0.0628077
2 71 -0.0579022
2 72 -0.0532619
2 73 -0.0496547
2 74 -0.0472357
2 75 -0.0454129
2 76 -0.0442043
2 77 -0.0430026
2 78 -0.0407344
2 79 -0.037515
2 80 -0.0342973
2 81 -0.0321771
2 82 -0.031711
2 83 -0.0331207
2 84 -0.0364579
2 85 -0.0406526
2 86 -0.0453548
2 87 -0.0513008
2 88 -0.0578615
2 89 -0.0640915
2 90 -0.0702323
2 91 -0.0763397
2 92 -0.0814903
2 93 -0.0855237
2 94 -0.0896249
2 95 -0.0940275
2 96 -0.0986289
2 97 -0.103684
2 98 -0.107527
2 99 -0.10899
2 100 -0.0135586
2 101 0

3 0 0
3 1 -0.0124742
3 2 -0.0999893
3 3 -0.0977872
3 4 -0.0950608
3 5 -0.0920565
3 6 -0.0864504
3 7 -0.0801836
3 8 -0.0741483
3 9 -0.0693353
3 10 -0.0637165
3 11 -0.0573711
3 12 -0.0512245
3 13 -0.0461758
3 14 -0.040684
3 15 -0.0366615
3 16 -0.0327824
3 17 -0.0293148
3 18 -0.0267453
3 19 -0.0257135
3 20 -0.0259147
3 21 -0.0260081
3 22 -0.0275542
3 23 -0.0299816
3 24 -0.0321435
3 25 -0.0336817
3 26 -0.035217
3 27 -0.036629
3 28 -0.0380914
3 29 -0.0408602
3 30 -0.0445905
3 31 -0.0492143
3 32 -0.0545733
3 33 -0.0590644
3 34 -0.0632863
3 35 -0.0673416
3 36 -0.0732804
3 37 -0.0804824
3 38 -0.0889119
3 39 -0.0974509
3 40 -0.105607
3 41 -0.112896
3 42 -0.120313
3 43 -0.126242
3 44 -0.131491
3 45 -0.135746
3 46 -0.139016
3 47 -0.141105
3 48 -0.142842
3 49 -0.143515
3 50 -0.144099
3 51 -0.144725
3 52 -0.144673
3 53 -0.14415
3 54 -0.143082
3 55 -0.140482
3 56 -0.137888
3 57 -0.134321
3 58 -0.129763
3 59 -0.124037
3 60 -0.117891
3 61 -0.111018
3 62 -0.104654
3 63 -0.0975767
3 64 -0.0900516
3 65 -0.0826193
3 66 -0.0765877
3 67 -0.0717235
3 68 -0.0685075
3 69 -0.0649211
3 70 -0.0607007
3 71 -0.0557269
3 72 -0.0512628
3 73 -0.0477106
3 74 -0.0448928
3 75 -0.0432476
3 76 -0.0416435
3 77 -0.0393929
3 78 -0.0375934
3 79 -0.0352022
3 80 -0.033201
3 81 -0.0319732
3 82 -0.0322252
3 83 -0.0332292
3 84 -0.0357659
3 85 -0.0403379
3 86 -0.0452596
3 87 -0.050664
3 88 -0.0565339
3 89 -0.0637511
3 90 -0.0698243
3 91 -0.0753001
3 92 -0.0797801
3 93 -0.0839135
3 94 -0.087666
3 95 -0.0928173
3 96 -0.0975059
3 97 -0.101779
3 98 -0.105006
3 99 -0.107633
3 100 -0.0134483
3 101 0

4 0 0
4 1 -0.0121495
4 2 -0.097125
4 3 -0.0950608
4 4 -0.0920704
4 5 -0.0889273
4 6 -0.0834908
4 7 -0.0769723
4 8 -0.0717176
4 9 -0.0673955
4 10 -0.062407
4 11 -0.0559542
4 12 -0.0496228
4 13 -0.0445339
4 14 -0.0383599
4 15 -0.0337687
4 16 -0.0300785
4 17 -0.02727
4 18 -0.0263703
4 19 -0.0257902
4 20 -0.0257369
4 21 -0.0257771
4 22 -0.0263447
4 23 -0.0270542
4 24 -0.0283929
4 25 -0.0299196
4 26 -0.0324895
4 27 -0.0339997
4 28 -0.0367049
4 29 -0.0397647
4 30 -0.0426655
4 31 -0.046969
4 32 -0.0524119
4 33 -0.0561769
4 34 -0.0605415
4 35 -0.0661054
4 36 -0.0717783
4 37 -0.0794614
4 38 -0.0872604
4 39 -0.0951199
4 40 -0.102828
4 41 -0.109372
4 42 -0.115475
4 43 -0.120469
4 44 -0.125782
4 45 -0.130253
4 46 -0.133657
4 47 -0.136161
4 48 -0.138539
4 49 -0.140044
4 50 -0.140565
4 51 -0.141181
4 52 -0.140086
4 53 -0.139173
4 54 -0.138006
4 55 -0.13525
4 56 -0.132381
4 57 -0.128706
4 58 -0.124965
4 59 -0.120227
4 60 -0.114863
4 61 -0.108501
4 62 -0.102051
4 63 -0.0955444
4 64 -0.0883249
4 65 -0.0811564
4 66 -0.0744951
4 67 -0.0700688
4 68 -0.0657691
4 69 -0.0615864
4 70 -0.0580973
4 71 -0.0531597
4 72 -0.049254
4 73 -0.0460732
4 74 -0.0425129
4 75 -0.0401494
4 76 -0.0389167
4 77 -0.0361225
4 78 -0.0345165
4 79 -0.0331313
4 80 -0.0322281
4 81 -0.0312049
4 82 -0.0315636
4 83 -0.0329707
4 84 -0.0346552
4 85 -0.0373344
4 86 -0.0421946
4 87 -0.0481177
4 88 -0.0545282
4 89 -0.0622414
4 90 -0.0680601
4 91 -0.0726619
4 92 -0.0769685
4 93 -0.0807755
4 94 -0.0846971
4 95 -0.0892722
4 96 -0.0943204
4 97 -0.0985191
4 98 -0.101559
4 99 -0.10467
4 100 -0.0130795
4 101 0

5 0 0
5 1 -0.0114126
5 2 -0.0925481
5 3 -0.0920565
5 4 -0.0889273
5 5 -0.0861026
5 6 -0.0803444
5 7 -0.0754521
5 8 -0.0694152
5 9 -0.064032
5 10 -0.0579689
5 11 -0.052752
5 12 -0.0478791
5 13 -0.0438103
5 14 -0.0360931
5 15 -0.0318148
5 16 -0.0280561
5 17 -0.0251853
5 18 -0.0232544
5 19 -0.022474
5 20 -0.0235977
5 21 -0.0230801
5 22 -0.0233462
5 23 -0.0240011
5 24 -0.0254876
5 25 -0.0269853
5 26 -0.0294115
5 27 -0.0318224
5 28 -0.0339489
5 29 -0.0371933
5 30 -0.0402728
5 31 -0.0439555
5 32 -0.0485165
5 33 -0.0519239
5 34 -0.0571094
5 35 -0.0629155
5 36 -0.0705947
5 37 -0.0777794
5 38 -0.0848823
5 39 -0.091445
5 40 -0.0981913
5 41 -0.102902
5 42 -0.108912
5 43 -0.11311
5 44 -0.118846
5 45 -0.123282
5 46 -0.127098
5 47 -0.129494
5 48 -0.132986
5 49 -0.135003
5 50 -0.136183
5 51 -0.13654
5 52 -0.13476
5 53 -0.132625
5 54 -0.131228
5 55 -0.127805
5 56 -0.12554
5 57 -0.121755
5 58 -0.118838
5 59 -0.114636
5 60 -0.110306
5 61 -0.103501
5 62 -0.0980754
5 63 -0.0919928
5 64 -0.0858973
5 65 -0.0788976
5 66 -0.0724979
5 67 -0.0661139
5 68 -0.0615732
5 69 -0.0569232
5 70 -0.0536769
5 71 -0.0502214
5 72 -0.0469753
5 73 -0.0436265
5 74 -0.0393708
5 75 -0.037104
5 76 -0.035199
5 77 -0.0320672
5 78 -0.0311944
5 79 -0.0293614
5 80 -0.0286827
5 81 -0.0280603
5 82 -0.029629
5 83 -0.0307042
5 84 -0.0314137
5 85 -0.0348537
5 86 -0.0400806
5 87 -0.0466639
5 88 -0.0521182
5 89 -0.0598764
5 90 -0.0643883
5 91 -0.0683938
5 92 -0.0725763
5 93 -0.0783514
5 94 -0.0819772
5 95 -0.0867648
5 96 -0.0909345
5 97 -0.0957378
5 98 -0.097652
5 99 -0.0992457
5 100 -0.012328
5 101 0

6 0 0
6 1 -0.0108308
6 2 -0.0872063
6 3 -0.0864504
6 4 -0.0834908
6 5 -0.0803444
6 6 -0.0771666
6 7 -0.0724592
6 8 -0.066631
6 9 -0.0603335
6 10 -0.0541202
6 11 -0.048601
6 12 -0.0435578
6 13 -0.0390386
6 14 -0.0328529
6 15 -0.0279862
6 16 -0.0248324
6 17 -0.0225343
6 18 -0.0208745
6 19 -0.0194474
6 20 -0.0193618
6 21 -0.0191677
6 22 -0.0188666
6 23 -0.0188307
6 24 -0.0203726
6 25 -0.0221621
6 26 -0.0248824
6 27 -0.0266972
6 28 -0.0290788
6 29 -0.0314175
6 30 -0.0344165
6 31 -0.0382497
6 32 -0.0434881
6 33 -0.0484127
6 34 -0.0542896
6 35 -0.0613562
6 36 -0.0676596
6 37 -0.0740294
6 38 -0.0800818
6 39 -0.0862882
6 40 -0.0924599
6 41 -0.0974519
6 42 -0.10217
6 43 -0.10628
6 44 -0.111397
6 45 -0.115966
6 46 -0.120026
6 47 -0.123653
6 48 -0.127163
6 49 -0.129537
6 50 -0.13016
6 51 -0.130205
6 52 -0.128485
6 53 -0.126641
6 54 -0.124765
6 55 -0.121859
6 56 -0.118525
6 57 -0.114498
6 58 -0.111449
6 59 -0.108238
6 60 -0.104584
6 61 -0.0990504
6 62 -0.0929221
6 63 -0.0871766
6 64 -0.0813902
6 65 -0.0756073
6 66 -0.0693846
6 67 -0.0635464
6 68 -0.0574005
6 69 -0.05181
6 70 -0.0474286
6 71 -0.0430137
6 72 -0.0401135
6 73 -0.0370172
6 74 -0.034169
6 75 -0.0320017
6 76 -0.0304145
6 77 -0.0276581
6 78 -0.0260163
6 79 -0.0245891
6 80 -0.0239236
6 81 -0.0238975
6 82 -0.0256536
6 83 -0.0273508
6 84 -0.0283632
6 85 -0.0306075
6 86 -0.036244
6 87 -0.0428739
6 88 -0.0482094
6 89 -0.0536462
6 90 -0.0582123
6 91 -0.0633078
6 92 -0.0689592
6 93 -0.0742027
6 94 -0.0782771
6 95 -0.0820382
6 96 -0.0865744
6 97 -0.0896311
6 98 -0.0913681
6 99 -0.0934283
6 100 -0.0115898
6 101 0

7 0 0
7 1 -0.0101922
7 2 -0.0819863
7 3 -0.0801836
7 4 -0.0769723
7 5 -0.0754521
7 6 -0.0724592
7 7 -0.0678961
7 8 -0.0621108
7 9 -0.0560049
7 10 -0.0500132
7 11 -0.0438168
7 12 -0.0384214
7 13 -0.0343337
7 14 -0.0279231
7 15 -0.0231103
7 16 -0.0199397
7 17 -0.0181513
7 18 -0.0161484
7 19 -0.013992
7 20 -0.0142487
7 21 -0.0138464
7 22 -0.0130077
7 23 -0.0130342
7 24 -0.0140639
7 25 -0.0158205
7 26 -0.018559
7 27 -0.0211379
7 28 -0.0230919
7 29 -0.0254996
7 30 -0.0285186
7 31 -0.0322331
7 32 -0.0375821
7 33 -0.0436409
7 34 -0.0507391
7 35 -0.057884
7 36 -0.0639141
7 37 -0.069315
7 38 -0.0745518
7 39 -0.0803522
7 40 -0.0859342
7 41 -0.0902486
7 42 -0.0950366
7 43 -0.0992656
7 44 -0.104691
7 45 -0.109373
7 46 -0.113581
7 47 -0.117295
7 48 -0.121059
7 49 -0.123639
7 50 -0.12453
7 51 -0.124815
7 52 -0.122944
7 53 -0.120723
7 54 -0.118488
7 55 -0.115207
7 56 -0.111966
7 57 -0.107563
7 58 -0.103977
7 59 -0.100507
7 60 -0.0973517
7 61 -0.0923724
7 62 -0.0868999
7 63 -0.0815551
7 64 -0.0763683
7 65 -0.0714266
7 66 -0.0656346
7 67 -0.0590999
7 68 -0.052222
7 69 -0.0454467
7 70 -0.0400045
7 71 -0.0355668
7 72 -0.0328424
7 73 -0.0303801
7 74 -0.0278016
7 75 -0.0261069
7 76 -0.0236795
7 77 -0.0206536
7 78 -0.0192384
7 79 -0.0181598
7 80 -0.0179171
7 81 -0.0184054
7 82 -0.0201572
7 83 -0.0213508
7 84 -0.0228481
7 85 -0.0258792
7 86 -0.0308216
7 87 -0.0372077
7 88 -0.0421707
7 89 -0.0477443
7 90 -0.0524904
7 91 -0.0580946
7 92 -0.0640332
7 93 -0.0688052
7 94 -0.072758
7 95 -0.0770772
7 96 -0.0804651
7 97 -0.0827525
7 98 -0.0841282
7 99 -0.0872545
7 100 -0.0109422
7 101 0

8 0 0
8 1 -0.00948714
8 2 -0.0760688
8 3 -0.0741483
8 4 -0.0717176
8 5 -0.0694152
8 6 -0.066631
8 7 -0.0621108
8 8 -0.0569531
8 9 -0.0514449
8 10 -0.0450319
8 11 -0.0388946
8 12 -0.0329747
8 13 -0.0279819
8 14 -0.0220134
8 15 -0.0168255
8 16 -0.0136285
8 17 -0.0115451
8 18 -0.00948057
8 19 -0.00806668
8 20 -0.00780373
8 21 -0.00671522
8 22 -0.00608556
8 23 -0.00588862
8 24 -0.00685085
8 25 -0.00775247
8 26 -0.0106738
8 27 -0.0132197
8 28 -0.0160147
8 29 -0.0183759
8 30 -0.0222677
8 31 -0.0253547
8 32 -0.0307208
8 33 -0.0374523
8 34 -0.0441942
8 35 -0.0522646
8 36 -0.0588767
8 37 -0.0640522
8 38 -0.0691896
8 39 -0.0743464
8 40 -0.0790086
8 41 -0.083435
8 42 -0.0886275
8 43 -0.0933401
8 44 -0.0990341
8 45 -0.103456
8 46 -0.107356
8 47 -0.111066
8 48 -0.114107
8 49 -0.117072
8 50 -0.117998
8 51 -0.118436
8 52 -0.116859
8 53 -0.114969
8 54 -0.112421
8 55 -0.109605
8 56 -0.106039
8 57 -0.101451
8 58 -0.0975068
8 59 -0.0932802
8 60 -0.0899082
8 61 -0.0851081
8 62 -0.0796787
8 63 -0.0753259
8 64 -0.0706515
8 65 -0.0659686
8 66 -0.0599172
8 67 -0.052252
8 68 -0.0441285
8 69 -0.0375465
8 70 -0.0319044
8 71 -0.0272315
8 72 -0.0254296
8 73 -0.0221619
8 74 -0.0201637
8 75 -0.0176986
8 76 -0.0149639
8 77 -0.0119637
8 78 -0.0109709
8 79 -0.0106908
8 80 -0.0108747
8 81 -0.011225
8 82 -0.0128875
8 83 -0.014004
8 84 -0.0158366
8 85 -0.0193991
8 86 -0.0241792
8 87 -0.0292983
8 88 -0.0343935
8 89 -0.0410037
8 90 -0.0474727
8 91 -0.0529557
8 92 -0.0576584
8 93 -0.0623761
8 94 -0.0671071
8 95 -0.0709188
8 96 -0.0737994
8 97 -0.0752121
8 98 -0.0773699
8 99 -0.0807048
8 100 -0.0101475
8 101 0

9 0 0
9 1 -0.00854601
9 2 -0.0693682
9 3 -0.0693353
9 4 -0.0673955
9 5 -0.064032
9 6 -0.0603335
9 7 -0.0560049
9 8 -0.0514449
9 9 -0.0458152
9 10 -0.0402814
9 11 -0.0338138
9 12 -0.0271256
9 13 -0.0212421
9 14 -0.0159262
9 15 -0.0105635
9 16 -0.00662431
9 17 -0.00414251
9 18 -0.00203445
9 19 6.62777e-05
9 20 0.000987007
9 21 0.00117845
9 22 0.00239002
9 23 0.00315878
9 24 0.00197633
9 25 0.000423903
9 26 -0.00151713
9 27 -0.00412775
9 28 -0.00634456
9 29 -0.00958988
9 30 -0.0136739
9 31 -0.0177031
9 32 -0.0226804
9 33 -0.0287328
9 34 -0.0361504
9 35 -0.0450131
9 36 -0.0515361
9 37 -0.0573541
9 38 -0.062871
9 39 -0.0672731
9 40 -0.0721357
9 41 -0.077555
9 42 -0.0821101
9 43 -0.0878164
9 44 -0.0934099
9 45 -0.0972065
9 46 -0.101126
9 47 -0.104402
9 48 -0.106286
9 49 -0.109175
9 50 -0.110416
9 51 -0.110187
9 52 -0.109734
9 53 -0.10843
9 54 -0.10609
9 55 -0.104228
9 56 -0.100355
9 57 -0.0954432
9 58 -0.0913155
9 59 -0.0864232
9 60 -0.081876
9 61 -0.0778904
9 62 -0.0719725
9 63 -0.0669955
9 64 -0.0630982
9 65 -0.0578169
9 66 -0.0511271
9 67 -0.0435786
9 68 -0.0346413
9 69 -0.027755
9 70 -0.022609
9 71 -0.0184758
9 72 -0.0154344
9 73 -0.0122224
9 74 -0.00951152
9 75 -0.00754166
9 76 -0.00485199
9 77 -0.00285476
9 78 -0.0015012
9 79 -0.000947246
9 80 -0.00203632
9 81 -0.00293596
9 82 -0.00309366
9 83 -0.00491115
9 84 -0.00855318
9 85 -0.0126347
9 86 -0.0168414
9 87 -0.0214355
9 88 -0.0271685
9 89 -0.0340245
9 90 -0.0413253
9 91 -0.0466829
9 92 -0.0508761
9 93 -0.0554758
9 94 -0.0610077
9 95 -0.06525
9 96 -0.0682115
9 97 -0.0695648
9 98 -0.0711957
9 99 -0.0730634
9 100 -0.00911606
9 101 0

10 0 0
10 1 -0.0077486
10 2 -0.0630821
10 3 -0.0637165
10 4 -0.062407
10 5 -0.0579689
10 6 -0.0541202
10 7 -0.0500132
10 8 -0.0450319
10 9 -0.0402814
10 10 -0.0347841
10 11 -0.0287768
10 12 -0.0206728
10 13 -0.0128734
10 14 -0.00777965
10 15 -0.00276868
10 16 0.00196288
10 17 0.00520849
10 18 0.00772808
10 19 0.00914591
10 20 0.0102309
10 21 0.0117312
10 22 0.0130885
10 23 0.0133682
10 24 0.01212
10 25 0.0110478
10 26 0.00884961
10 27 0.00689143
10 28 0.00405052
10 29 0.00112566
10 30 -0.0044634
10 31 -0.00826311
10 32 -0.0135261
10 33 -0.0208206
10 34 -0.02775
10 35 -0.0364841
10 36 -0.0436931
10 37 -0.048956
10 38 -0.0542086
10 39 -0.0595367
10 40 -0.0645836
10 41 -0.0703665
10 42 -0.0763204
10 43 -0.0812842
10 44 -0.0865618
10 45 -0.0907144
10 46 -0.0947739
10 47 -0.0981096
10 48 -0.100014
10 49 -0.102328
10 50 -0.103128
10 51 -0.103016
10 52 -0.102497
10 53 -0.10209
10 54 -0.100619
10 55 -0.0981827
10 56 -0.0940118
10 57 -0.0888223
10 58 -0.0840263
10 59 -0.0785921
10 60 -0.0744299
10 61 -0.0695257
10 62 -0.0633952
10 63 -0.0581643
10 64 -0.0527451
10 65 -0.0477762
10 66 -0.0417414
10 67 -0.033841
10 68 -0.0252556
10 69 -0.0186457
10 70 -0.012328
10 71 -0.00729212
10 72 -0.00454982
10 73 0.000217386
10 74 0.00232515
10 75 0.00482053
10 76 0.00679861
10 77 0.00815343
10 78 0.00899237
10 79 0.00970255
10 80 0.00965462
10 81 0.00865057
10 82 0.00702669
10 83 0.00489054
10 84 0.00118443
10 85 -0.00326022
10 86 -0.00767584
10 87 -0.0131568
10 88 -0.0189653
10 89 -0.0256107
10 90 -0.0337745
10 91 -0.0401203
10 92 -0.0441717
10 93 -0.0484689
10 94 -0.0535722
10 95 -0.0586669
10 96 -0.0624716
10 97 -0.0637702
10 98 -0.0647982
10 99 -0.0655708
10 100 -0.00815139
10 101 0

11 0 0
11 1 -0.00712002
11 2 -0.0575374
11 3 -0.0573711
11 4 -0.0559542
11 5 -0.052752
11 6 -0.048601
11 7 -0.0438168
11 8 -0.0388946
11 9 -0.0338138
11 10 -0.0287768
11 11 -0.0215902
11 12 -0.0136531
11 13 -0.00552821
11 14 0.00161429
11 15 0.00789107
11 16 0.0122102
11 17 0.0144329
11 18 0.0169593
11 19 0.019749
11 20 0.0210492
11 21 0.0222277
11 22 0.0239621
11 23 0.0242865
11 24 0.0241618
11 25 0.0235713
11 26 0.0211216
11 27 0.0177848
11 28 0.0145861
11 29 0.0101927
11 30 0.00511583
11 31 0.00122914
11 32 -0.00367488
11 33 -0.0106645
11 34 -0.0181162
11 35 -0.0267262
11 36 -0.0333659
11 37 -0.0388371
11 38 -0.0442341
11 39 -0.0500434
11 40 -0.0557662
11 41 -0.0623505
11 42 -0.0689719
11 43 -0.0744422
11 44 -0.0794103
11 45 -0.0838102
11 46 -0.0877089
11 47 -0.0907175
11 48 -0.0928352
11 49 -0.0950969
11 50 -0.0963763
11 51 -0.0965117
11 52 -0.0955496
11 53 -0.0947887
11 54 -0.0933405
11 55 -0.0906325
11 56 -0.0867692
11 57 -0.0819645
11 58 -0.0764275
11 59 -0.0704315
11 60 -0.0653146
11 61 -0.0599315
11 62 -0.0533015
11 63 -0.0469158
11 64 -0.0408898
11 65 -0.0360124
11 66 -0.0303341
11 67 -0.0233789
11 68 -0.0152558
11 69 -0.00813864
11 70 -0.00153402
11 71 0.00357283
11 72 0.00717799
11 73 0.0113727
11 74 0.0149645
11 75 0.0176768
11 76 0.020511
11 77 0.0214256
11 78 0.0211615
11 79 0.021535
11 80 0.0218635
11 81 0.0202148
11 82 0.0181287
11 83 0.015551
11 84 0.0111434
11 85 0.00710705
11 86 0.00349103
11 87 -0.00246297
11 88 -0.0100545
11 89 -0.0178137
11 90 -0.0257157
11 91 -0.032229
11 92 -0.0379147
11 93 -0.0416888
11 94 -0.0460454
11 95 -0.0510791
11 96 -0.0555191
11 97 -0.0573992
11 98 -0.0579333
11 99 -0.0590766
11 100 -0.00740017
11 101 0

12 0 0
12 1 -0.00646758
12 2 -0.0519449
12 3 -0.0512245
12 4 -0.0496228
12 5 -0.0478791
12 6 -0.0435578
12 7 -0.0384214
12 8 -0.0329747
12 9 -0.0271256
12 10 -0.0206728
12 11 -0.0136531
12 12 -0.0058935
12 13 0.00182399
12 14 0.0110258
12 15 0.0173593
12 16 0.0215055
12 17 0.0237871
12 18 0.0262846
12 19 0.0307619
12 20 0.0331551
12 21 0.0346925
12 22 0.0351277
12 23 0.0363563
12 24 0.0373131
12 25 0.0374338
12 26 0.0332618
12 27 0.0303448
12 28 0.0252896
12 29 0.0206559
12 30 0.0154178
12 31 0.011957
12 32 0.00610386
12 33 0.000171811
12 34 -0.00641028
12 35 -0.0152641
12 36 -0.0212658
12 37 -0.0279686
12 38 -0.0345287
12 39 -0.0408455
12 40 -0.04699
12 41 -0.0535798
12 42 -0.061622
12 43 -0.0667528
12 44 -0.0723097
12 45 -0.0757805
12 46 -0.0792918
12 47 -0.0820555
12 48 -0.0841123
12 49 -0.0872059
12 50 -0.0883976
12 51 -0.0895801
12 52 -0.0875437
12 53 -0.0865034
12 54 -0.0845996
12 55 -0.0814334
12 56 -0.0788669
12 57 -0.0743739
12 58 -0.0693931
12 59 -0.0618108
12 60 -0.0562228
12 61 -0.049942
12 62 -0.0425835
12 63 -0.0358356
12 64 -0.0287475
12 65 -0.0234123
12 66 -0.0171311
12 67 -0.0110624
12 68 -0.00330369
12 69 0.00330248
12 70 0.00877815
12 71 0.0157937
12 72 0.0191487
12 73 0.0238566
12 74 0.0279389
12 75 0.032189
12 76 0.0343536
12 77 0.036254
12 78 0.0350838
12 79 0.0346798
12 80 0.0340795
12 81 0.0330429
12 82 0.0298046
12 83 0.0260594
12 84 0.0213767
12 85 0.0177975
12 86 0.0140826
12 87 0.00733333
12 88 -0.000312046
12 89 -0.00925285
12 90 -0.0167497
12 91 -0.0233784
12 92 -0.0299698
12 93 -0.0349814
12 94 -0.03981
12 95 -0.0443213
12 96 -0.0480536
12 97 -0.0505768
12 98 -0.0511263
12 99 -0.0531151
12 100 -0.00669639
12 101 0

13 0 0
13 1 -0.00567241
13 2 -0.0463789
13 3 -0.0461758
13 4 -0.0445339
13 5 -0.0438103
13 6 -0.0390386
13 7 -0.0343337
13 8 -0.0279819
13 9 -0.0212421
13 10 -0.0128734
13 11 -0.00552821
13 12 0.00182399
13 13 0.00902422
13 14 0.018509
13 15 0.0242713
13 16 0.0287822
13 17 0.0331035
13 18 0.0382438
13 19 0.0428564
13 20 0.0449023
13 21 0.0472549
13 22 0.0479271
13 23 0.0489427
13 24 0.0493099
13 25 0.0486027
13 26 0.0452939
13 27 0.0412524
13 28 0.0379136
13 29 0.0320378
13 30 0.0263964
13 31 0.0217294
13 32 0.0161551
13 33 0.0113935
13 34 0.0048983
13 35 -0.00238401
13 36 -0.010159
13 37 -0.0170902
13 38 -0.0248997
13 39 -0.0311765
13 40 -0.0373153
13 41 -0.0434824
13 42 -0.0515231
13 43 -0.0570344
13 44 -0.0623084
13 45 -0.0657411
13 46 -0.0694565
13 47 -0.0721549
13 48 -0.075523
13 49 -0.0786568
13 50 -0.081014
13 51 -0.0815337
13 52 -0.0795508
13 53 -0.0768795
13 54 -0.0743856
13 55 -0.0707096
13 56 -0.0685338
13 57 -0.0644855
13 58 -0.0592272
13 59 -0.0516716
13 60 -0.0457718
13 61 -0.0390936
13 62 -0.0324234
13 63 -0.0246895
13 64 -0.0178422
13 65 -0.0108142
13 66 -0.00446099
13 67 0.00313986
13 68 0.0095086
13 69 0.0151971
13 70 0.0202228
13 71 0.0260943
13 72 0.0314445
13 73 0.0366561
13 74 0.0422262
13 75 0.0451575
13 76 0.047635
13 77 0.0499509
13 78 0.0491862
13 79 0.0494498
13 80 0.0479298
13 81 0.0456342
13 82 0.0413409
13 83 0.0374741
13 84 0.0332906
13 85 0.0272423
13 86 0.0215104
13 87 0.0152189
13 88 0.00866951
13 89 -0.000497558
13 90 -0.00786549
13 91 -0.0149815
13 92 -0.0215156
13 93 -0.0296411
13 94 -0.0349763
13 95 -0.0395922
13 96 -0.0419744
13 97 -0.0446788
13 98 -0.0453293
13 99 -0.0468456
13 100 -0.00586382
13 101 0

14 0 0
14 1 -0.00522663
14 2 -0.0415719
14 3 -0.040684
14 4 -0.0383599
14 5 -0.0360931
14 6 -0.0328529
14 7 -0.0279231
14 8 -0.0220134
14 9 -0.0159262
14 10 -0.00777965
14 11 0.00161429
14 12 0.0110258
14 13 0.018509
14 14 0.0261156
14 15 0.0331122
14 16 0.0389116
14 17 0.0437988
14 18 0.0478259
14 19 0.051955
14 20 0.0550373
14 21 0.0577442
14 22 0.0594027
14 23 0.0605013
14 24 0.0599753
14 25 0.0588983
14 26 0.0559243
14 27 0.053148
14 28 0.0483857
14 29 0.0437336
14 30 0.0377326
14 31 0.0325755
14 32 0.027227
14 33 0.0218312
14 34 0.015474
14 35 0.00776635
14 36 0.00122773
14 37 -0.00589289
14 38 -0.0134481
14 39 -0.0208568
14 40 -0.0279691
14 41 -0.0347903
14 42 -0.0420242
14 43 -0.0470604
14 44 -0.0516981
14 45 -0.0552725
14 46 -0.0594846
14 47 -0.0633996
14 48 -0.0668851
14 49 -0.0700745
14 50 -0.0717356
14 51 -0.0718352
14 52 -0.0699265
14 53 -0.0676897
14 54 -0.0649946
14 55 -0.061589
14 56 -0.0584153
14 57 -0.0536476
14 58 -0.048145
14 59 -0.0412158
14 60 -0.035739
14 61 -0.0295547
14 62 -0.0219631
14 63 -0.013589
14 64 -0.00545602
14 65 0.00139932
14 66 0.00851798
14 67 0.0149267
14 68 0.021344
14 69 0.0270438
14 70 0.0322479
14 71 0.0383817
14 72 0.0435783
14 73 0.0497425
14 74 0.054207
14 75 0.0578559
14 76 0.0594139
14 77 0.0611865
14 78 0.0620553
14 79 0.0621026
14 80 0.0599679
14 81 0.0569636
14 82 0.0527156
14 83 0.0485345
14 84 0.043852
14 85 0.0387382
14 86 0.0321431
14 87 0.0248918
14 88 0.0177541
14 89 0.00939863
14 90 0.00119574
14 91 -0.00731768
14 92 -0.0159661
14 93 -0.0233315
14 94 -0.0283259
14 95 -0.0317489
14 96 -0.0347415
14 97 -0.0373345
14 98 -0.0390429
14 99 -0.0414976
14 100 -0.00523728
14 101 0

15 0 0
15 1 -0.00458059
15 2 -0.0371907
15 3 -0.0366615
15 4 -0.0337687
15 5 -0.0318148
15 6 -0.0279862
15 7 -0.0231103
15 8 -0.0168255
15 9 -0.0105635
15 10 -0.00276868
15 11 0.00789107
15 12 0.0173593
15 13 0.0242713
15 14 0.0331122
15 15 0.0402566
15 16 0.0474371
15 17 0.0536713
15 18 0.0581457
15 19 0.0624564
15 20 0.064936
15 21 0.0683451
15 22 0.0700917
15 23 0.0691447
15 24 0.0693261
15 25 0.068875
15 26 0.0663462
15 27 0.0632566
15 28 0.058966
15 29 0.0543617
15 30 0.0496742
15 31 0.0453209
15 32 0.0402754
15 33 0.0342017
15 34 0.0271982
15 35 0.0201999
15 36 0.0130742
15 37 0.0063736
15 38 -0.000555433
15 39 -0.00952567
15 40 -0.01697
15 41 -0.0229665
15 42 -0.0308349
15 43 -0.0354069
15 44 -0.0402326
15 45 -0.0452913
15 46 -0.0488798
15 47 -0.0523512
15 48 -0.0569816
15 49 -0.0598171
15 50 -0.0614782
15 51 -0.0625445
15 52 -0.0592824
15 53 -0.0566611
15 54 -0.0545633
15 55 -0.0501828
15 56 -0.0471747
15 57 -0.0424717
15 58 -0.0356859
15 59 -0.0292662
15 60 -0.0243153
15 61 -0.0169741
15 62 -0.00992935
15 63 -0.00157114
15 64 0.00816362
15 65 0.0151634
15 66 0.0223269
15 67 0.0293119
15 68 0.0344675
15 69 0.0402496
15 70 0.0457775
15 71 0.0510241
15 72 0.055486
15 73 0.0604747
15 74 0.0656165
15 75 0.0691082
15 76 0.0713363
15 77 0.0737515
15 78 0.07395
15 79 0.0727994
15 80 0.0718134
15 81 0.0692285
15 82 0.0644914
15 83 0.0598653
15 84 0.054142
15 85 0.0482219
15 86 0.0410027
15 87 0.0327359
15 88 0.0258789
15 89 0.0165225
15 90 0.00851071
15 91 9.09617e-05
15 92 -0.0101735
15 93 -0.0178473
15 94 -0.0225491
15 95 -0.0265972
15 96 -0.0299055
15 97 -0.0335146
15 98 -0.0340645
15 99 -0.0355814
15 100 -0.0044974
15 101 0

16 0 0
16 1 -0.00404774
16 2 -0.0328416
16 3 -0.0327824
16 4 -0.0300785
16 5 -0.0280561
16 6 -0.0248324
16 7 -0.0199397
16 8 -0.0136285
16 9 -0.00662431
16 10 0.00196288
16 11 0.0122102
16 12 0.0215055
16 13 0.0287822
16 14 0.0389116
16 15 0.0474371
16 16 0.0546134
16 17 0.0612578
16 18 0.0664807
16 19 0.071547
16 20 0.0739635
16 21 0.0764863
16 22 0.0779076
16 23 0.078752
16 24 0.0788908
16 25 0.0791956
16 26 0.0763715
16 27 0.0735124
16 28 0.0694828
16 29 0.066284
16 30 0.0623284
16 31 0.0581455
16 32 0.0525214
16 33 0.0466584
16 34 0.0398986
16 35 0.0322538
16 36 0.0261186
16 37 0.0193103
16 38 0.0122234
16 39 0.00417953
16 40 -0.0037725
16 41 -0.010383
16 42 -0.0178026
16 43 -0.0236939
16 44 -0.0302108
16 45 -0.0348918
16 46 -0.0384463
16 47 -0.041628
16 48 -0.0452801
16 49 -0.0495692
16 50 -0.0516334
16 51 -0.0524983
16 52 -0.0491959
16 53 -0.045946
16 54 -0.0426344
16 55 -0.039071
16 56 -0.0356583
16 57 -0.0300235
16 58 -0.023985
16 59 -0.0169346
16 60 -0.0108197
16 61 -0.00355176
16 62 0.00428645
16 63 0.0125101
16 64 0.0213463
16 65 0.0290778
16 66 0.0369936
16 67 0.0429928
16 68 0.0483471
16 69 0.0536954
16 70 0.0586502
16 71 0.0645527
16 72 0.068572
16 73 0.0728615
16 74 0.0766451
16 75 0.0802326
16 76 0.0827624
16 77 0.0855993
16 78 0.0850029
16 79 0.0834181
16 80 0.0811236
16 81 0.0794773
16 82 0.0756247
16 83 0.0697862
16 84 0.0623709
16 85 0.0560005
16 86 0.0489085
16 87 0.0405649
16 88 0.0320245
16 89 0.0217477
16 90 0.0135578
16 91 0.00530707
16 92 -0.00469406
16 93 -0.0131502
16 94 -0.0186316
16 95 -0.0226693
16 96 -0.0268205
16 97 -0.029685
16 98 -0.0296234
16 99 -0.0304847
16 100 -0.00378376
16 101 0

17 0 0
17 1 -0.0036233
17 2 -0.0293339
17 3 -0.0293148
17 4 -0.02727
17 5 -0.0251853
17 6 -0.0225343
17 7 -0.0181513
17 8 -0.0115451
17 9 -0.00414251
17 10 0.00520849
17 11 0.0144329
17 12 0.0237871
17 13 0.0331035
17 14 0.0437988
17 15 0.0536713
17 16 0.0612578
17 17 0.0681154
17 18 0.0741168
17 19 0.0783285
17 20 0.0804813
17 21 0.0820687
17 22 0.0844126
17 23 0.0875931
17 24 0.0882987
17 25 0.0880839
17 26 0.0867615
17 27 0.0838739
17 28 0.0814639
17 29 0.0782568
17 30 0.0744869
17 31 0.0696291
17 32 0.0641767
17 33 0.0587928
17 34 0.0518398
17 35 0.044597
17 36 0.038476
17 37 0.0323443
17 38 0.0251608
17 39 0.0184992
17 40 0.0104912
17 41 0.00299076
17 42 -0.00355432
17 43 -0.0114471
17 44 -0.0192377
17 45 -0.0241716
17 46 -0.0286484
17 47 -0.0318975
17 48 -0.035151
17 49 -0.0398834
17 50 -0.04286
17 51 -0.0421191
17 52 -0.0399378
17 53 -0.0357776
17 54 -0.0315493
17 55 -0.0284194
17 56 -0.023644
17 57 -0.0168427
17 58 -0.0107879
17 59 -0.00346527
17 60 0.00386562
17 61 0.0106452
17 62 0.0187129
17 63 0.0270593
17 64 0.0340008
17 65 0.0424583
17 66 0.0499407
17 67 0.0561527
17 68 0.0619924
17 69 0.0672022
17 70 0.0723277
17 71 0.0775276
17 72 0.0822102
17 73 0.085764
17 74 0.0889328
17 75 0.0912254
17 76 0.0933392
17 77 0.0947084
17 78 0.094227
17 79 0.0927393
17 80 0.0893374
17 81 0.0872501
17 82 0.0842096
17 83 0.0779872
17 84 0.070992
17 85 0.0638949
17 86 0.0559487
17 87 0.0468118
17 88 0.0362739
17 89 0.0256114
17 90 0.0162735
17 91 0.00770401
17 92 -0.000423696
17 93 -0.00963328
17 94 -0.0155792
17 95 -0.0202439
17 96 -0.0240306
17 97 -0.0257099
17 98 -0.0260446
17 99 -0.0265707
17 100 -0.00327646
17 101 0

18 0 0
18 1 -0.00335173
18 2 -0.0271236
18 3 -0.0267453
18 4 -0.0263703
18 5 -0.0232544
18 6 -0.0208745
18 7 -0.0161484
18 8 -0.00948057
18 9 -0.00203445
18 10 0.00772808
18 11 0.0169593
18 12 0.0262846
18 13 0.0382438
18 14 0.0478259
18 15 0.0581457
18 16 0.0664807
18 17 0.0741168
18 18 0.0809723
18 19 0.0835933
18 20 0.0860863
18 21 0.0880334
18 22 0.0912191
18 23 0.094402
18 24 0.0969779
18 25 0.0971585
18 26 0.0973471
18 27 0.0944251
18 28 0.0926631
18 29 0.0894883
18 30 0.0857215
18 31 0.0814563
18 32 0.0775888
18 33 0.0713872
18 34 0.0647013
18 35 0.0583213
18 36 0.0508499
18 37 0.0456131
18 38 0.0385841
18 39 0.0310877
18 40 0.0237674
18 41 0.0158292
18 42 0.00954809
18 43 0.000814491
18 44 -0.00689174
18 45 -0.0140072
18 46 -0.0185401
18 47 -0.0222171
18 48 -0.0261241
18 49 -0.0296715
18 50 -0.0329121
18 51 -0.0314401
18 52 -0.0296206
18 53 -0.0253291
18 54 -0.0214848
18 55 -0.0181646
18 56 -0.011788
18 57 -0.00489052
18 58 0.00341806
18 59 0.0102131
18 60 0.0177844
18 61 0.0247856
18 62 0.0325606
18 63 0.0407081
18 64 0.04802
18 65 0.0562447
18 66 0.0626581
18 67 0.0701536
18 68 0.0762065
18 69 0.0812715
18 70 0.0873865
18 71 0.0906271
18 72 0.0943964
18 73 0.0976321
18 74 0.100323
18 75 0.102122
18 76 0.104206
18 77 0.103467
18 78 0.103017
18 79 0.100171
18 80 0.0977419
18 81 0.0943802
18 82 0.0902328
18 83 0.084616
18 84 0.0792623
18 85 0.0717613
18 86 0.0617657
18 87 0.0516684
18 88 0.0405773
18 89 0.0303687
18 90 0.0188867
18 91 0.010027
18 92 0.00275647
18 93 -0.0065111
18 94 -0.0133312
18 95 -0.0179744
18 96 -0.0216044
18 97 -0.0226206
18 98 -0.0240505
18 99 -0.0238617
18 100 -0.00292779
18 101 0

19 0 0
19 1 -0.00318952
19 2 -0.0257935
19 3 -0.0257135
19 4 -0.0257902
19 5 -0.022474
19 6 -0.0194474
19 7 -0.013992
19 8 -0.00806668
19 9 6.62777e-05
19 10 0.00914591
19 11 0.019749
19 12 0.0307619
19 13 0.0428564
19 14 0.051955
19 15 0.0624564
19 16 0.071547
19 17 0.0783285
19 18 0.0835933
19 19 0.0881966
19 20 0.0922752
19 21 0.0940962
19 22 0.0974244
19 23 0.101224
19 24 0.104831
19 25 0.106078
19 26 0.105896
19 27 0.103808
19 28 0.100438
19 29 0.0987209
19 30 0.096448
19 31 0.0935524
19 32 0.0902889
19 33 0.0844988
19 34 0.0783853
19 35 0.0713353
19 36 0.0656504
19 37 0.0589263
19 38 0.0517467
19 39 0.0433566
19 40 0.0352398
19 41 0.0267818
19 42 0.0202458
19 43 0.0115671
19 44 0.00353288
19 45 -0.00359734
19 46 -0.00812329
19 47 -0.0121054
19 48 -0.0151964
19 49 -0.0191486
19 50 -0.0214122
19 51 -0.02071
19 52 -0.018328
19 53 -0.0148911
19 54 -0.01096
19 55 -0.00787713
19 56 -0.00132682
19 57 0.00621454
19 58 0.0147686
19 59 0.022374
19 60 0.0304848
19 61 0.0376039
19 62 0.0465301
19 63 0.0548151
19 64 0.0631202
19 65 0.0702546
19 66 0.0772535
19 67 0.0830642
19 68 0.0899088
19 69 0.0954992
19 70 0.100455
19 71 0.103484
19 72 0.105385
19 73 0.107319
19 74 0.108823
19 75 0.111858
19 76 0.113622
19 77 0.112287
19 78 0.111521
19 79 0.107995
19 80 0.104561
19 81 0.100373
19 82 0.0961432
19 83 0.0904783
19 84 0.0840364
19 85 0.0773689
19 86 0.0678244
19 87 0.0568191
19 88 0.0455366
19 89 0.0353173
19 90 0.0229649
19 91 0.0132052
19 92 0.00413276
19 93 -0.00400161
19 94 -0.0120198
19 95 -0.01614
19 96 -0.01961
19 97 -0.0213118
19 98 -0.0227352
19 99 -0.022164
19 100 -0.0027184
19 101 0

20 0 0
20 1 -0.0030282
20 2 -0.0253235
20 3 -0.0259147
20 4 -0.0257369
20 5 -0.0235977
20 6 -0.0193618
20 7 -0.0142487
20 8 -0.00780373
20 9 0.000987007
20 10 0.0102309
20 11 0.0210492
20 12 0.0331551
20 13 0.0449023
20 14 0.0550373
20 15 0.064936
20 16 0.0739635
20 17 0.0804813
20 18 0.0860863
20 19 0.0922752
20 20 0.0981054
20 21 0.101217
20 22 0.103973
20 23 0.107678
20 24 0.110916
20 25 0.112754
20 26 0.113478
20 27 0.111467
20 28 0.110017
20 29 0.107399
20 30 0.105804
20 31 0.103189
20 32 0.0996204
20 33 0.0954323
20 34 0.0896383
20 35 0.083776
20 36 0.0782091
20 37 0.0713013
20 38 0.0633041
20 39 0.0553843
20 40 0.0469404
20 41 0.0387896
20 42 0.0319057
20 43 0.0230254
20 44 0.0145371
20 45 0.00779299
20 46 0.00274844
20 47 -0.00108273
20 48 -0.00487029
20 49 -0.00926554
20 50 -0.0120389
20 51 -0.0112442
20 52 -0.00848607
20 53 -0.00403984
20 54 0.000387776
20 55 0.00424735
20 56 0.010361
20 57 0.0183389
20 58 0.0266946
20 59 0.034892
20 60 0.0433685
20 61 0.0506735
20 62 0.0591578
20 63 0.0679112
20 64 0.0753543
20 65 0.0828983
20 66 0.0894333
20 67 0.0954362
20 68 0.101948
20 69 0.107466
20 70 0.111158
20 71 0.113617
20 72 0.115673
20 73 0.116678
20 74 0.119174
20 75 0.120495
20 76 0.121502
20 77 0.120091
20 78 0.118138
20 79 0.11572
20 80 0.111289
20 81 0.106519
20 82 0.102088
20 83 0.0953485
20 84 0.0880149
20 85 0.0794816
20 86 0.0698091
20 87 0.0595949
20 88 0.0488271
20 89 0.0381345
20 90 0.026347
20 91 0.0152921
20 92 0.00592389
20 93 -0.00342212
20 94 -0.011584
20 95 -0.0167742
20 96 -0.0200355
20 97 -0.0220827
20 98 -0.0226735
20 99 -0.021011
20 100 -0.00249898
20 101 0

21 0 0
21 1 -0.00329595
21 2 -0.0264082
21 3 -0.0260081
21 4 -0.0257771
21 5 -0.0230801
21 6 -0.0191677
21 7 -0.0138464
21 8 -0.00671522
21 9 0.00117845
21 10 0.0117312
21 11 0.0222277
21 12 0.0346925
21 13 0.0472549
21 14 0.0577442
21 15 0.0683451
21 16 0.0764863
21 17 0.0820687
21 18 0.0880334
21 19 0.0940962
21 20 0.101217
21 21 0.106401
21 22 0.109531
21 23 0.113919
21 24 0.116406
21 25 0.118609
21 26 0.119711
21 27 0.118431
21 28 0.117371
21 29 0.114982
21 30 0.112446
21 31 0.110043
21 32 0.107211
21 33 0.103234
21 34 0.0985625
21 35 0.093852
21 36 0.0879539
21 37 0.0822091
21 38 0.0739919
21 39 0.0656664
21 40 0.0567553
21 41 0.0479496
21 42 0.0407529
21 43 0.032593
21 44 0.0247276
21 45 0.0182152
21 46 0.0130231
21 47 0.00889347
21 48 0.00499319
21 49 0.00124337
21 50 -0.00123879
21 51 0.000152457
21 52 0.00242165
21 53 0.00655261
21 54 0.0105219
21 55 0.0143712
21 56 0.0207766
21 57 0.0287177
21 58 0.0371126
21 59 0.0453017
21 60 0.0534027
21 61 0.0612446
21 62 0.0701157
21 63 0.0792714
21 64 0.0867932
21 65 0.0941906
21 66 0.0992923
21 67 0.105441
21 68 0.111305
21 69 0.115753
21 70 0.119384
21 71 0.121357
21 72 0.123551
21 73 0.125743
21 74 0.127368
21 75 0.128306
21 76 0.128667
21 77 0.12667
21 78 0.123788
21 79 0.121408
21 80 0.116194
21 81 0.110835
21 82 0.105243
21 83 0.0985657
21 84 0.0912471
21 85 0.0819233
21 86 0.0728972
21 87 0.0636618
21 88 0.0520192
21 89 0.0405598
21 90 0.0286761
21 91 0.016772
21 92 0.00708933
21 93 -0.00335555
21 94 -0.0104519
21 95 -0.015846
21 96 -0.0198359
21 97 -0.021542
21 98 -0.0228723
21 99 -0.0219964
21 100 -0.00263718
21 101 0

22 0 0
22 1 -0.00374651
22 2 -0.0295123
22 3 -0.0275542
22 4 -0.0263447
22 5 -0.0233462
22 6 -0.0188666
22 7 -0.0130077
22 8 -0.00608556
22 9 0.00239002
22 10 0.0130885
22 11 0.0239621
22 12 0.0351277
22 13 0.0479271
22 14 0.0594027
22 15 0.0700917
22 16 0.0779076
22 17 0.0844126
22 18 0.0912191
22 19 0.0974244
22 20 0.103973
22 21 0.109531
22 22 0.114568
22 23 0.118699
22 24 0.121662
22 25 0.122767
22 26 0.123851
22 27 0.123327
22 28 0.122641
22 29 0.119985
22 30 0.118314
22 31 0.116435
22 32 0.114586
22 33 0.110751
22 34 0.106246
22 35 0.102306
22 36 0.0965196
22 37 0.0906913
22 38 0.0825912
22 39 0.0737929
22 40 0.0650895
22 41 0.0566655
22 42 0.0497644
22 43 0.0414397
22 44 0.0340994
22 45 0.0269873
22 46 0.0222368
22 47 0.01871
22 48 0.0153599
22 49 0.0126252
22 50 0.0103041
22 51 0.0116032
22 52 0.0137331
22 53 0.0174902
22 54 0.0208566
22 55 0.0241821
22 56 0.0300283
22 57 0.0370752
22 58 0.0462882
22 59 0.0544947
22 60 0.0630487
22 61 0.070862
22 62 0.0791399
22 63 0.0883985
22 64 0.0965099
22 65 0.103876
22 66 0.108856
22 67 0.114494
22 68 0.119223
22 69 0.123131
22 70 0.126559
22 71 0.127806
22 72 0.130262
22 73 0.131834
22 74 0.13343
22 75 0.133789
22 76 0.13418
22 77 0.132375
22 78 0.129571
22 79 0.12578
22 80 0.121016
22 81 0.114552
22 82 0.108447
22 83 0.10216
22 84 0.0941792
22 85 0.0841204
22 86 0.0747815
22 87 0.0661653
22 88 0.0543859
22 89 0.042099
22 90 0.0301966
22 91 0.0190802
22 92 0.00808462
22 93 -0.0026412
22 94 -0.0101673
22 95 -0.0159245
22 96 -0.0201947
22 97 -0.0226144
22 98 -0.0244854
22 99 -0.024591
22 100 -0.0030171
22 101 0

23 0 0
23 1 -0.00423562
23 2 -0.0332712
23 3 -0.0299816
23 4 -0.0270542
23 5 -0.0240011
23 6 -0.0188307
23 7 -0.0130342
23 8 -0.00588862
23 9 0.00315878
23 10 0.0133682
23 11 0.0242865
23 12 0.0363563
23 13 0.0489427
23 14 0.0605013
23 15 0.0691447
23 16 0.078752
23 17 0.0875931
23 18 0.094402
23 19 0.101224
23 20 0.107678
23 21 0.113919
23 22 0.118699
23 23 0.122894
23 24 0.126555
23 25 0.127015
23 26 0.127087
23 27 0.128822
23 28 0.127602
23 29 0.125871
23 30 0.124936
23 31 0.123246
23 32 0.120765
23 33 0.117351
23 34 0.113289
23 35 0.108233
23 36 0.102338
23 37 0.096045
23 38 0.0888697
23 39 0.0808157
23 40 0.0732927
23 41 0.0659352
23 42 0.057395
23 43 0.05034
23 44 0.0424752
23 45 0.0353961
23 46 0.0309561
23 47 0.0277592
23 48 0.0246292
23 49 0.022914
23 50 0.0217252
23 51 0.0216042
23 52 0.0244053
23 53 0.027399
23 54 0.0299186
23 55 0.0342059
23 56 0.0390398
23 57 0.0456252
23 58 0.0543552
23 59 0.0634029
23 60 0.0710789
23 61 0.0797709
23 62 0.0874878
23 63 0.0952875
23 64 0.10378
23 65 0.110495
23 66 0.116005
23 67 0.121488
23 68 0.126532
23 69 0.130356
23 70 0.132804
23 71 0.135333
23 72 0.137638
23 73 0.138512
23 74 0.138939
23 75 0.139385
23 76 0.138289
23 77 0.137527
23 78 0.134812
23 79 0.129554
23 80 0.125074
23 81 0.119849
23 82 0.112658
23 83 0.105564
23 84 0.0968344
23 85 0.0869176
23 86 0.0763018
23 87 0.0658638
23 88 0.0565195
23 89 0.0442046
23 90 0.031845
23 91 0.0199615
23 92 0.00831276
23 93 -0.00142815
23 94 -0.0102186
23 95 -0.0170112
23 96 -0.0211653
23 97 -0.0248853
23 98 -0.0267455
23 99 -0.0280715
23 100 -0.00353774
23 101 0

24 0 0
24 1 -0.00463189
24 2 -0.0360351
24 3 -0.0321435
24 4 -0.0283929
24 5 -0.0254876
24 6 -0.0203726
24 7 -0.0140639
24 8 -0.00685085
24 9 0.00197633
24 10 0.01212
24 11 0.0241618
24 12 0.0373131
24 13 0.0493099
24 14 0.0599753
24 15 0.0693261
24 16 0.0788908
24 17 0.0882987
24 18 0.0969779
24 19 0.104831
24 20 0.110916
24 21 0.116406
24 22 0.121662
24 23 0.126555
24 24 0.128855
24 25 0.130377
24 26 0.132159
24 27 0.133516
24 28 0.133451
24 29 0.131993
24 30 0.130561
24 31 0.12885
24 32 0.127053
24 33 0.12428
24 34 0.119482
24 35 0.113936
24 36 0.107984
24 37 0.101187
24 38 0.0946688
24 39 0.0882577
24 40 0.0805204
24 41 0.0725313
24 42 0.0653223
24 43 0.0574561
24 44 0.0500774
24 45 0.0443418
24 46 0.0387705
24 47 0.0353493
24 48 0.0341618
24 49 0.0323179
24 50 0.031798
24 51 0.0326854
24 52 0.0334901
24 53 0.0357644
24 54 0.0392226
24 55 0.0422784
24 56 0.0473258
24 57 0.0543514
24 58 0.0617636
24 59 0.0707931
24 60 0.0796021
24 61 0.0867804
24 62 0.0947141
24 63 0.102981
24 64 0.11027
24 65 0.117051
24 66 0.122867
24 67 0.127821
24 68 0.132872
24 69 0.137448
24 70 0.139852
24 71 0.141313
24 72 0.143742
24 73 0.144886
24 74 0.145178
24 75 0.144672
24 76 0.143287
24 77 0.140922
24 78 0.136937
24 79 0.133219
24 80 0.128153
24 81 0.122483
24 82 0.11607
24 83 0.108781
24 84 0.0995242
24 85 0.0883019
24 86 0.077293
24 87 0.0670748
24 88 0.0565437
24 89 0.0448632
24 90 0.032304
24 91 0.0191596
24 92 0.00731673
24 93 -0.00253299
24 94 -0.0110046
24 95 -0.0181267
24 96 -0.0231321
24 97 -0.0269513
24 98 -0.0296647
24 99 -0.0313889
24 100 -0.00394271
24 101 0

25 0 0
25 1 -0.0048212
25 2 -0.0374776
25 3 -0.0336817
25 4 -0.0299196
25 5 -0.0269853
25 6 -0.0221621
25 7 -0.0158205
25 8 -0.00775247
25 9 0.000423903
25 10 0.0110478
25 11 0.0235713
25 12 0.0374338
25 13 0.0486027
25 14 0.0588983
25 15 0.068875
25 16 0.0791956
25 17 0.0880839
25 18 0.0971585
25 19 0.106078
25 20 0.112754
25 21 0.118609
25 22 0.122767
25 23 0.127015
25 24 0.130377
25 25 0.132889
25 26 0.135604
25 27 0.137689
25 28 0.137733
