0 0 0
0 1 0
0 2 0
0 3 0
0 4 0
0 5 0
0 6 0
0 7 0
0 8 0
0 9 0
0 10 0
0 11 0
0 12 0
0 13 0
0 14 0
0 15 0
0 16 0
0 17 0
0 18 0
0 19 0
0 20 0
0 21 0
0 22 0
0 23 0
0 24 0
0 25 0
0 26 0
0 27 0
0 28 0
0 29 0
0 30 0
0 31 0
0 32 0
0 33 0
0 34 0
0 35 0
0 36 0
0 37 0
0 38 0
0 39 0
0 40 0
0 41 0
0 42 0
0 43 0
0 44 0
0 45 0
0 46 0
0 47 0
0 48 0
0 49 0
0 50 0
0 51 0
0 52 0
0 53 0
0 54 0
0 55 0
0 56 0
0 57 0
0 58 0
0 59 0
0 60 0
0 61 0
0 62 0
0 63 0
0 64 0
0 65 0
0 66 0
0 67 0
0 68 0
0 69 0
0 70 0
0 71 0
0 72 0
0 73 0
0 74 0
0 75 0
0 76 0
0 77 0
0 78 0
0 79 0
0 80 0
0 81 0
0 82 0
0 83 0
0 84 0
0 85 0
0 86 0
0 87 0
0 88 0
0 89 0
0 90 0
0 91 0
0 92 0
0 93 0
0 94 0
0 95 0
0 96 0
0 97 0
0 98 0
0 99 0
0 100 0
0 101 0

1 0 0
1 1 0
1 2 -0.0369545
1 3 -0.0367395
1 4 -0.0360619
1 5 -0.0351327
1 6 -0.0338819
1 7 -0.03255
1 8 -0.0311098
1 9 -0.0293028
1 10 -0.0272258
1 11 -0.0250679
1 12 -0.0227124
1 13 -0.0201169
1 14 -0.0174388
1 15 -0.0148574
1 16 -0.0123238
1 17 -0.00988339
1 18 -0.00757926
1 19 -0.00548701
1 20 -0.00358057
1 21 -0.00184324
1 22 -0.000451054
1 23 0.000702101
1 24 0.00157269
1 25 0.0021497
1 26 0.00262952
1 27 0.00295509
1 28 0.00310944
1 29 0.00294716
1 30 0.00245568
1 31 0.00165947
1 32 0.00065077
1 33 -0.000547759
1 34 -0.00192605
1 35 -0.00343976
1 36 -0.00490431
1 37 -0.00650562
1 38 -0.00808478
1 39 -0.00982081
1 40 -0.0115911
1 41 -0.0133691
1 42 -0.0151613
1 43 -0.0167912
1 44 -0.0181536
1 45 -0.0192285
1 46 -0.0201327
1 47 -0.0208093
1 48 -0.0213132
1 49 -0.0217066
1 50 -0.0218994
1 51 -0.0218561
1 52 -0.0214802
1 53 -0.0209068
1 54 -0.0201062
1 55 -0.0192862
1 56 -0.0184374
1 57 -0.017352
1 58 -0.0159319
1 59 -0.0141329
1 60 -0.0122107
1 61 -0.0102576
1 62 -0.00842137
1 63 -0.00664646
1 64 -0.00483611
1 65 -0.0031664
1 66 -0.00150118
1 67 -0.000104409
1 68 0.00116754
1 69 0.00227259
1 70 0.00320175
1 71 0.00393892
1 72 0.00437821
1 73 0.00443574
1 74 0.00430975
1 75 0.00400081
1 76 0.00351486
1 77 0.00281994
1 78 0.00191103
1 79 0.00070806
1 80 -0.000810069
1 81 -0.00257936
1 82 -0.00463498
1 83 -0.00687265
1 84 -0.00920921
1 85 -0.0116052
1 86 -0.0140965
1 87 -0.0167148
1 88 -0.019178
1 89 -0.0215495
1 90 -0.0238842
1 91 -0.0260977
1 92 -0.0280329
1 93 -0.0297528
1 94 -0.0312413
1 95 -0.0324485
1 96 -0.0335223
1 97 -0.0345384
1 98 -0.0352347
1 99 -0.0356026
1 100 0
1 101 0

2 0 0
2 1 -0.0369545
2 2 -0.296998
2 3 -0.294698
2 4 -0.289469
2 5 -0.281793
2 6 -0.272148
2 7 -0.261437
2 8 -0.249384
2 9 -0.235041
2 10 -0.218929
2 11 -0.201214
2 12 -0.182073
2 13 -0.161382
2 14 -0.14024
2 15 -0.119447
2 16 -0.0990185
2 17 -0.0794147
2 18 -0.0608343
2 19 -0.0439143
2 20 -0.0287156
2 21 -0.015037
2 22 -0.00361369
2 23 0.00577194
2 24 0.0126455
2 25 0.0175395
2 26 0.0212689
2 27 0.023839
2 28 0.0248472
2 29 0.0235414
2 30 0.0194741
2 31 0.0132283
2 32 0.00541773
2 33 -0.00399715
2 34 -0.0150968
2 35 -0.0271815
2 36 -0.0395326
2 37 -0.0522412
2 38 -0.0650589
2 39 -0.0786524
2 40 -0.0928867
2 41 -0.107442
2 42 -0.121805
2 43 -0.13473
2 44 -0.145462
2 45 -0.154129
2 46 -0.161334
2 47 -0.167055
2 48 -0.171396
2 49 -0.174313
2 50 -0.175693
2 51 -0.175083
2 52 -0.172355
2 53 -0.167848
2 54 -0.161847
2 55 -0.155017
2 56 -0.14755
2 57 -0.138597
2 58 -0.127339
2 59 -0.113589
2 60 -0.0983596
2 61 -0.0826746
2 62 -0.067483
2 63 -0.0529151
2 64 -0.0387596
2 65 -0.025309
2 66 -0.0122843
2 67 -0.000550979
2 68 0.00977184
2 69 0.0186966
2 70 0.0259034
2 71 0.0313939
2 72 0.0347948
2 73 0.03576
2 74 0.0347643
2 75 0.0323021
2 76 0.0283731
2 77 0.0228054
2 78 0.0152906
2 79 0.00556125
2 80 -0.00677452
2 81 -0.0209542
2 82 -0.037107
2 83 -0.0547657
2 84 -0.0736163
2 85 -0.0933111
2 86 -0.113362
2 87 -0.133899
2 88 -0.153884
2 89 -0.173137
2 90 -0.19192
2 91 -0.209392
2 92 -0.225174
2 93 -0.238828
2 94 -0.250612
2 95 -0.260571
2 96 -0.269333
2 97 -0.277047
2 98 -0.282682
2 99 -0.285918
2 100 -0.0356026
2 101 0

3 0 0
3 1 -0.0367395
3 2 -0.294698
3 3 -0.291234
3 4 -0.285886
3 5 -0.277496
3 6 -0.268245
3 7 -0.257356
3 8 -0.244743
3 9 -0.231
3 10 -0.215771
3 11 -0.197829
3 12 -0.178425
3 13 -0.158295
3 14 -0.137696
3 15 -0.116836
3 16 -0.0964595
3 17 -0.0768292
3 18 -0.0585115
3 19 -0.0419608
3 20 -0.0271873
3 21 -0.0141281
3 22 -0.00230023
3 23 0.00705769
3 24 0.0139154
3 25 0.0192911
3 26 0.0229114
3 27 0.0254556
3 28 0.0262052
3 29 0.0247054
3 30 0.0208118
3 31 0.0152758
3 32 0.00795377
3 33 -0.00132198
3 34 -0.0125564
3 35 -0.0247677
3 36 -0.0380536
3 37 -0.0507618
3 38 -0.0638419
3 39 -0.0772093
3 40 -0.0915574
3 41 -0.106264
3 42 -0.120424
3 43 -0.132801
3 44 -0.143316
3 45 -0.152283
3 46 -0.159329
3 47 -0.165334
3 48 -0.170047
3 49 -0.172785
3 50 -0.174154
3 51 -0.173164
3 52 -0.170734
3 53 -0.166372
3 54 -0.160946
3 55 -0.153801
3 56 -0.145244
3 57 -0.135804
3 58 -0.124866
3 59 -0.112285
3 60 -0.0978155
3 61 -0.0821438
3 62 -0.0662679
3 63 -0.0510996
3 64 -0.0369599
3 65 -0.023311
3 66 -0.0108313
3 67 0.00165554
3 68 0.0122374
3 69 0.0211567
3 70 0.0279547
3 71 0.0325553
3 72 0.0355456
3 73 0.0370772
3 74 0.0362469
3 75 0.033893
3 76 0.0300055
3 77 0.024354
3 78 0.0162909
3 79 0.00612519
3 80 -0.00593305
3 81 -0.0199852
3 82 -0.0353718
3 83 -0.0521125
3 84 -0.0706392
3 85 -0.0906558
3 86 -0.110972
3 87 -0.130853
3 88 -0.151015
3 89 -0.170513
3 90 -0.188898
3 91 -0.205957
3 92 -0.221873
3 93 -0.23507
3 94 -0.246303
3 95 -0.256895
3 96 -0.266371
3 97 -0.27342
3 98 -0.279365
3 99 -0.283433
3 100 -0.0353595
3 101 0

4 0 0
4 1 -0.0360619
4 2 -0.289469
4 3 -0.285886
4 4 -0.28026
4 5 -0.271555
4 6 -0.262597
4 7 -0.251651
4 8 -0.239027
4 9 -0.225181
4 10 -0.210109
4 11 -0.193173
4 12 -0.17309
4 13 -0.152752
4 14 -0.132905
4 15 -0.112499
4 16 -0.0918592
4 17 -0.071739
4 18 -0.054445
4 19 -0.0387259
4 20 -0.0238611
4 21 -0.0112947
4 22 0.00039536
4 23 0.00955779
4 24 0.0165939
4 25 0.0224902
4 26 0.0262502
4 27 0.0288772
4 28 0.0292635
4 29 0.0274821
4 30 0.02448
4 31 0.0189152
4 32 0.0110823
4 33 0.00158114
4 34 -0.00895355
4 35 -0.0211182
4 36 -0.03415
4 37 -0.0470809
4 38 -0.0616057
4 39 -0.0755934
4 40 -0.0896679
4 41 -0.104042
4 42 -0.116974
4 43 -0.129396
4 44 -0.140655
4 45 -0.150037
4 46 -0.156839
4 47 -0.162226
4 48 -0.16663
4 49 -0.169853
4 50 -0.171569
4 51 -0.171027
4 52 -0.168317
4 53 -0.163421
4 54 -0.157979
4 55 -0.151029
4 56 -0.14279
4 57 -0.133336
4 58 -0.121808
4 59 -0.109449
4 60 -0.0951922
4 61 -0.0802572
4 62 -0.0644238
4 63 -0.0489995
4 64 -0.034393
4 65 -0.0197476
4 66 -0.00744532
4 67 0.00449194
4 68 0.0154149
4 69 0.0239369
4 70 0.0308665
4 71 0.0359739
4 72 0.039009
4 73 0.0399542
4 74 0.039514
4 75 0.0371002
4 76 0.0325683
4 77 0.026794
4 78 0.0186339
4 79 0.00825571
4 80 -0.0035604
4 81 -0.0174939
4 82 -0.0321086
4 83 -0.0484754
4 84 -0.0664811
4 85 -0.0855034
4 86 -0.106375
4 87 -0.126398
4 88 -0.145812
4 89 -0.165806
4 90 -0.184621
4 91 -0.201418
4 92 -0.215967
4 93 -0.229229
4 94 -0.241335
4 95 -0.252014
4 96 -0.261252
4 97 -0.268394
4 98 -0.274727
4 99 -0.278118
4 100 -0.0346287
4 101 0

5 0 0
5 1 -0.0351327
5 2 -0.281793
5 3 -0.277496
5 4 -0.271555
5 5 -0.264845
5 6 -0.254665
5 7 -0.243592
5 8 -0.231365
5 9 -0.218854
5 10 -0.203492
5 11 -0.185668
5 12 -0.166637
5 13 -0.147198
5 14 -0.127196
5 15 -0.105912
5 16 -0.0853158
5 17 -0.0668529
5 18 -0.0494041
5 19 -0.0336912
5 20 -0.0198928
5 21 -0.00705782
5 22 0.00353022
5 23 0.0126042
5 24 0.020531
5 25 0.0266445
5 26 0.0318945
5 27 0.0336109
5 28 0.0335647
5 29 0.0330993
5 30 0.029374
5 31 0.0231734
5 32 0.0157544
5 33 0.00574151
5 34 -0.00468041
5 35 -0.0157507
5 36 -0.0280445
5 37 -0.0425789
5 38 -0.0566725
5 39 -0.0711934
5 40 -0.0851555
5 41 -0.0990034
5 42 -0.111297
5 43 -0.125009
5 44 -0.136612
5 45 -0.145684
5 46 -0.153487
5 47 -0.158797
5 48 -0.162448
5 49 -0.166628
5 50 -0.167428
5 51 -0.167656
5 52 -0.164955
5 53 -0.160814
5 54 -0.154237
5 55 -0.14791
5 56 -0.139503
5 57 -0.12877
5 58 -0.117264
5 59 -0.104726
5 60 -0.089602
5 61 -0.0753759
5 62 -0.0600411
5 63 -0.0442027
5 64 -0.0296895
5 65 -0.0164019
5 66 -0.00234568
5 67 0.0085672
5 68 0.0187524
5 69 0.027659
5 70 0.0352559
5 71 0.0405656
5 72 0.043892
5 73 0.0455706
5 74 0.0440908
5 75 0.0409347
5 76 0.0367494
5 77 0.0294865
5 78 0.0211406
5 79 0.0112145
5 80 -0.0010073
5 81 -0.0134123
5 82 -0.0275003
5 83 -0.0437639
5 84 -0.0610985
5 85 -0.0809426
5 86 -0.100077
5 87 -0.119341
5 88 -0.140395
5 89 -0.160516
5 90 -0.178187
5 91 -0.194481
5 92 -0.208767
5 93 -0.222525
5 94 -0.234811
5 95 -0.245284
5 96 -0.254093
5 97 -0.262326
5 98 -0.267168
5 99 -0.27044
5 100 -0.0336781
5 101 0

6 0 0
6 1 -0.0338819
6 2 -0.272148
6 3 -0.268245
6 4 -0.262597
6 5 -0.254665
6 6 -0.245423
6 7 -0.233899
6 8 -0.221633
6 9 -0.2089
6 10 -0.194031
6 11 -0.177502
6 12 -0.158605
6 13 -0.139078
6 14 -0.119383
6 15 -0.0987618
6 16 -0.0782853
6 17 -0.059356
6 18 -0.0429234
6 19 -0.027628
6 20 -0.0130085
6 21 -0.000917285
6 22 0.0101553
6 23 0.0188762
6 24 0.0267947
6 25 0.0339614
6 26 0.0387745
6 27 0.0407836
6 28 0.0403985
6 29 0.0384435
6 30 0.0351263
6 31 0.0293269
6 32 0.0215145
6 33 0.0123839
6 34 0.00168525
6 35 -0.0102367
6 36 -0.0223968
6 37 -0.0358398
6 38 -0.0503813
6 39 -0.0640832
6 40 -0.0778581
6 41 -0.0916148
6 42 -0.104623
6 43 -0.117876
6 44 -0.130039
6 45 -0.139887
6 46 -0.14781
6 47 -0.154295
6 48 -0.158644
6 49 -0.161576
6 50 -0.16276
6 51 -0.162777
6 52 -0.161136
6 53 -0.15697
6 54 -0.150755
6 55 -0.143366
6 56 -0.133974
6 57 -0.122905
6 58 -0.110328
6 59 -0.0968225
6 60 -0.0828136
6 61 -0.0684071
6 62 -0.0530364
6 63 -0.0379403
6 64 -0.024321
6 65 -0.0107448
6 66 0.0019524
6 67 0.0133337
6 68 0.0242193
6 69 0.0333852
6 70 0.0405808
6 71 0.0459608
6 72 0.0494885
6 73 0.0509283
6 74 0.0508497
6 75 0.048332
6 76 0.0424863
6 77 0.0350472
6 78 0.0265754
6 79 0.0162591
6 80 0.00513976
6 81 -0.00769895
6 82 -0.0210508
6 83 -0.0372193
6 84 -0.0553247
6 85 -0.0735049
6 86 -0.0929228
6 87 -0.113143
6 88 -0.133057
6 89 -0.152052
6 90 -0.169664
6 91 -0.185786
6 92 -0.199788
6 93 -0.2133
6 94 -0.22587
6 95 -0.237173
6 96 -0.24653
6 97 -0.252959
6 98 -0.258224
6 99 -0.261359
6 100 -0.0325258
6 101 0

7 0 0
7 1 -0.03255
7 2 -0.261437
7 3 -0.257356
7 4 -0.251651
7 5 -0.243592
7 6 -0.233899
7 7 -0.222614
7 8 -0.211132
7 9 -0.197849
7 10 -0.181467
7 11 -0.165771
7 12 -0.148566
7 13 -0.129593
7 14 -0.109792
7 15 -0.0898904
7 16 -0.0708185
7 17 -0.0510914
7 18 -0.0334979
7 19 -0.0184452
7 20 -0.00440818
7 21 0.00780894
7 22 0.0188118
7 23 0.0275021
7 24 0.0359297
7 25 0.043219
7 26 0.0465083
7 27 0.0489098
7 28 0.0492977
7 29 0.0457789
7 30 0.0423907
7 31 0.0366578
7 32 0.0285068
7 33 0.0200529
7 34 0.010421
7 35 -0.00164866
7 36 -0.0144027
7 37 -0.0275582
7 38 -0.0419493
7 39 -0.055651
7 40 -0.069278
7 41 -0.0830931
7 42 -0.096427
7 43 -0.109679
7 44 -0.121183
7 45 -0.13166
7 46 -0.140539
7 47 -0.148258
7 48 -0.153239
7 49 -0.156307
7 50 -0.157258
7 51 -0.157152
7 52 -0.155909
7 53 -0.151834
7 54 -0.145264
7 55 -0.136934
7 56 -0.126524
7 57 -0.11503
7 58 -0.102078
7 59 -0.0889647
7 60 -0.0747174
7 61 -0.0601876
7 62 -0.0447619
7 63 -0.030004
7 64 -0.0165442
7 65 -0.0032502
7 66 0.00869578
7 67 0.0205461
7 68 0.031366
7 69 0.0397936
7 70 0.0468497
7 71 0.0525703
7 72 0.0565488
7 73 0.058106
7 74 0.0591678
7 75 0.0556858
7 76 0.0488539
7 77 0.0430032
7 78 0.0348099
7 79 0.0245232
7 80 0.0141363
7 81 0.000717174
7 82 -0.0135815
7 83 -0.029306
7 84 -0.0473635
7 85 -0.0658591
7 86 -0.0852486
7 87 -0.104333
7 88 -0.122941
7 89 -0.142
7 90 -0.159766
7 91 -0.174935
7 92 -0.18897
7 93 -0.203285
7 94 -0.215695
7 95 -0.226841
7 96 -0.235957
7 97 -0.242861
7 98 -0.248558
7 99 -0.251286
7 100 -0.0312603
7 101 0

8 0 0
8 1 -0.0311098
8 2 -0.249384
8 3 -0.244743
8 4 -0.239027
8 5 -0.231365
8 6 -0.221633
8 7 -0.211132
8 8 -0.197831
8 9 -0.185696
8 10 -0.170627
8 11 -0.15438
8 12 -0.135928
8 13 -0.118175
8 14 -0.0993851
8 15 -0.0792719
8 16 -0.0594263
8 17 -0.0403953
8 18 -0.023736
8 19 -0.00799678
8 20 0.00645375
8 21 0.0176317
8 22 0.0290151
8 23 0.0376737
8 24 0.0462757
8 25 0.0524251
8 26 0.0576145
8 27 0.0589561
8 28 0.0586636
8 29 0.055678
8 30 0.0516534
8 31 0.0460061
8 32 0.0378709
8 33 0.0302957
8 34 0.0197853
8 35 0.00919766
8 36 -0.00300204
8 37 -0.0171423
8 38 -0.03146
8 39 -0.0460611
8 40 -0.060462
8 41 -0.0737805
8 42 -0.087731
8 43 -0.0995774
8 44 -0.111583
8 45 -0.122708
8 46 -0.131667
8 47 -0.140633
8 48 -0.146366
8 49 -0.150387
8 50 -0.151926
8 51 -0.151924
8 52 -0.149025
8 53 -0.145086
8 54 -0.13742
8 55 -0.129095
8 56 -0.118107
8 57 -0.10652
8 58 -0.0943756
8 59 -0.0796714
8 60 -0.0661823
8 61 -0.0507144
8 62 -0.0353673
8 63 -0.0207587
8 64 -0.00660458
8 65 0.00665238
8 66 0.0185328
8 67 0.0296596
8 68 0.0391999
8 69 0.0485203
8 70 0.0553138
8 71 0.0607315
8 72 0.0651415
8 73 0.0672263
8 74 0.0672061
8 75 0.0642984
8 76 0.0589378
8 77 0.0511682
8 78 0.0440285
8 79 0.0342656
8 80 0.0242077
8 81 0.0102051
8 82 -0.0037788
8 83 -0.0203449
8 84 -0.0382878
8 85 -0.0556306
8 86 -0.0745856
8 87 -0.093771
8 88 -0.113266
8 89 -0.131083
8 90 -0.147418
8 91 -0.164782
8 92 -0.178722
8 93 -0.19239
8 94 -0.203331
8 95 -0.215549
8 96 -0.225132
8 97 -0.231781
8 98 -0.237124
8 99 -0.239924
8 100 -0.0298966
8 101 0

9 0 0
9 1 -0.0293028
9 2 -0.235041
9 3 -0.231
9 4 -0.225181
9 5 -0.218854
9 6 -0.2089
9 7 -0.197849
9 8 -0.185696
9 9 -0.171581
9 10 -0.156171
9 11 -0.140301
9 12 -0.123257
9 13 -0.105298
9 14 -0.0864715
9 15 -0.0668729
9 16 -0.0473313
9 17 -0.0290211
9 18 -0.0111946
9 19 0.00471839
9 20 0.0186267
9 21 0.0310991
9 22 0.0410368
9 23 0.0503827
9 24 0.058892
9 25 0.0645635
9 26 0.0685336
9 27 0.0699266
9 28 0.069046
9 29 0.0669095
9 30 0.0633348
9 31 0.0574901
9 32 0.0506125
9 33 0.0416251
9 34 0.0316474
9 35 0.0203412
9 36 0.00778544
9 37 -0.00671573
9 38 -0.0213389
9 39 -0.0357587
9 40 -0.0503679
9 41 -0.0641204
9 42 -0.0766131
9 43 -0.0901683
9 44 -0.102363
9 45 -0.1134
9 46 -0.124392
9 47 -0.132288
9 48 -0.137899
9 49 -0.143032
9 50 -0.14443
9 51 -0.144095
9 52 -0.141459
9 53 -0.137386
9 54 -0.130441
9 55 -0.121566
9 56 -0.11051
9 57 -0.0974479
9 58 -0.0843349
9 59 -0.0707731
9 60 -0.0556376
9 61 -0.0414449
9 62 -0.0270714
9 63 -0.0116255
9 64 0.00262028
9 65 0.0163302
9 66 0.0297445
9 67 0.0400335
9 68 0.0501495
9 69 0.0589389
9 70 0.0656448
9 71 0.0708383
9 72 0.0748097
9 73 0.0766829
9 74 0.0766029
9 75 0.0738629
9 76 0.0694995
9 77 0.0631123
9 78 0.0555986
9 79 0.046546
9 80 0.035348
9 81 0.0226477
9 82 0.00738982
9 83 -0.00938229
9 84 -0.0265429
9 85 -0.0448215
9 86 -0.0632182
9 87 -0.0822875
9 88 -0.100848
9 89 -0.118712
9 90 -0.135618
9 91 -0.15188
9 92 -0.166613
9 93 -0.180088
9 94 -0.192566
9 95 -0.203174
9 96 -0.211715
9 97 -0.2199
9 98 -0.22446
9 99 -0.226614
9 100 -0.0282045
9 101 0

10 0 0
10 1 -0.0272258
10 2 -0.218929
10 3 -0.215771
10 4 -0.210109
10 5 -0.203492
10 6 -0.194031
10 7 -0.181467
10 8 -0.170627
10 9 -0.156171
10 10 -0.141018
10 11 -0.126029
10 12 -0.108973
10 13 -0.0909555
10 14 -0.0725385
10 15 -0.0519002
10 16 -0.0335333
10 17 -0.0158609
10 18 0.00166835
10 19 0.0180568
10 20 0.0325909
10 21 0.0452214
10 22 0.0550326
10 23 0.0647638
10 24 0.0722935
10 25 0.0783342
10 26 0.0813161
10 27 0.0826725
10 28 0.0810039
10 29 0.0795587
10 30 0.0760969
10 31 0.0699858
10 32 0.0633486
10 33 0.0539429
10 34 0.0437755
10 35 0.0320184
10 36 0.0193428
10 37 0.00446282
10 38 -0.0104008
10 39 -0.025053
10 40 -0.039953
10 41 -0.0539274
10 42 -0.0661393
10 43 -0.0803649
10 44 -0.0925483
10 45 -0.103505
10 46 -0.115157
10 47 -0.122098
10 48 -0.128082
10 49 -0.133261
10 50 -0.135142
10 51 -0.134032
10 52 -0.131982
10 53 -0.127471
10 54 -0.121539
10 55 -0.112617
10 56 -0.101998
10 57 -0.0883604
10 58 -0.0745906
10 59 -0.0615077
10 60 -0.0457532
10 61 -0.0321627
10 62 -0.0178486
10 63 -0.00203375
10 64 0.0123058
10 65 0.0262394
10 66 0.0405326
10 67 0.0511851
10 68 0.0613906
10 69 0.0703157
10 70 0.0771884
10 71 0.0820643
10 72 0.0858887
10 73 0.0873753
10 74 0.0868676
10 75 0.0858307
10 76 0.0813416
10 77 0.0762612
10 78 0.0684695
10 79 0.0595959
10 80 0.0484114
10 81 0.035571
10 82 0.0202611
10 83 0.0035226
10 84 -0.0146194
10 85 -0.031871
10 86 -0.0499507
10 87 -0.0693617
10 88 -0.0881696
10 89 -0.105395
10 90 -0.122172
10 91 -0.137959
10 92 -0.152771
10 93 -0.16536
10 94 -0.178422
10 95 -0.188383
10 96 -0.197796
10 97 -0.205418
10 98 -0.209719
10 99 -0.211671
10 100 -0.0263194
10 101 0

11 0 0
11 1 -0.0250679
11 2 -0.201214
11 3 -0.197829
11 4 -0.193173
11 5 -0.185668
11 6 -0.177502
11 7 -0.165771
11 8 -0.15438
11 9 -0.140301
11 10 -0.126029
11 11 -0.110912
11 12 -0.0944717
11 13 -0.0761678
11 14 -0.057186
11 15 -0.0377722
11 16 -0.0189968
11 17 -0.00107263
11 18 0.0161667
11 19 0.0321671
11 20 0.0468108
11 21 0.0585329
11 22 0.0692169
11 23 0.0788734
11 24 0.0860872
11 25 0.0918928
11 26 0.0943053
11 27 0.0951086
11 28 0.0938269
11 29 0.0918587
11 30 0.0881857
11 31 0.0821935
11 32 0.0757668
11 33 0.0671392
11 34 0.0563939
11 35 0.0447223
11 36 0.0306378
11 37 0.016824
11 38 0.000688236
11 39 -0.0138383
11 40 -0.0292118
11 41 -0.0431696
11 42 -0.0570028
11 43 -0.0709266
11 44 -0.0834348
11 45 -0.0952114
11 46 -0.105684
11 47 -0.113386
11 48 -0.119914
11 49 -0.123494
11 50 -0.126173
11 51 -0.124754
11 52 -0.123159
11 53 -0.118217
11 54 -0.113417
11 55 -0.104188
11 56 -0.0932854
11 57 -0.0801929
11 58 -0.065575
11 59 -0.0517993
11 60 -0.0371144
11 61 -0.0226845
11 62 -0.0081274
11 63 0.00789897
11 64 0.0219874
11 65 0.0374284
11 66 0.0505588
11 67 0.0630306
11 68 0.0728416
11 69 0.0816767
11 70 0.0882397
11 71 0.0928036
11 72 0.0964852
11 73 0.0980111
11 74 0.0983219
11 75 0.0972367
11 76 0.0935803
11 77 0.0883607
11 78 0.0813261
11 79 0.0725271
11 80 0.0611599
11 81 0.0483691
11 82 0.0337676
11 83 0.017161
11 84 -0.000771325
11 85 -0.0183089
11 86 -0.0368178
11 87 -0.0563109
11 88 -0.0744298
11 89 -0.0912436
11 90 -0.108489
11 91 -0.123686
11 92 -0.138435
11 93 -0.150962
11 94 -0.163498
11 95 -0.173291
11 96 -0.182026
11 97 -0.188334
11 98 -0.193143
11 99 -0.195074
11 100 -0.0242414
11 101 0

12 0 0
12 1 -0.0227124
12 2 -0.182073
12 3 -0.178425
12 4 -0.17309
12 5 -0.166637
12 6 -0.158605
12 7 -0.148566
12 8 -0.135928
12 9 -0.123257
12 10 -0.108973
12 11 -0.0944717
12 12 -0.0775472
12 13 -0.0604517
12 14 -0.0421598
12 15 -0.0226417
12 16 -0.00409156
12 17 0.0139273
12 18 0.0309271
12 19 0.0472277
12 20 0.0623266
12 21 0.073903
12 22 0.0849837
12 23 0.093668
12 24 0.10087
12 25 0.105579
12 26 0.108688
12 27 0.107836
12 28 0.106812
12 29 0.104707
12 30 0.100668
12 31 0.0945768
12 32 0.0870908
12 33 0.0789228
12 34 0.0675585
12 35 0.0563182
12 36 0.0427818
12 37 0.0278764
12 38 0.0121778
12 39 -0.00376504
12 40 -0.0194949
12 41 -0.0336489
12 42 -0.0481135
12 43 -0.0614149
12 44 -0.0736885
12 45 -0.0853799
12 46 -0.095308
12 47 -0.104217
12 48 -0.110631
12 49 -0.115044
12 50 -0.117026
12 51 -0.116657
12 52 -0.113961
12 53 -0.109681
12 54 -0.103034
12 55 -0.0948112
12 56 -0.0839917
12 57 -0.0714268
12 58 -0.0577059
12 59 -0.042941
12 60 -0.0287628
12 61 -0.0140068
12 62 0.0010598
12 63 0.0168121
12 64 0.0320674
12 65 0.0470032
12 66 0.0606648
12 67 0.0732284
12 68 0.0826197
12 69 0.0920864
12 70 0.0992009
12 71 0.104132
12 72 0.107834
12 73 0.109166
12 74 0.109291
12 75 0.108754
12 76 0.106968
12 77 0.101707
12 78 0.0957716
12 79 0.0865461
12 80 0.0756365
12 81 0.0620017
12 82 0.0478176
12 83 0.030802
12 84 0.0131495
12 85 -0.00404568
12 86 -0.0230444
12 87 -0.0418002
12 88 -0.0601374
12 89 -0.0770531
12 90 -0.0925277
12 91 -0.10823
12 92 -0.121532
12 93 -0.134736
12 94 -0.14573
12 95 -0.156187
12 96 -0.1644
12 97 -0.170485
12 98 -0.174675
12 99 -0.176827
12 100 -0.0220005
12 101 0

13 0 0
13 1 -0.0201169
13 2 -0.161382
13 3 -0.158295
13 4 -0.152752
13 5 -0.147198
13 6 -0.139078
13 7 -0.129593
13 8 -0.118175
13 9 -0.105298
13 10 -0.0909555
13 11 -0.0761678
13 12 -0.0604517
13 13 -0.0435344
13 14 -0.0255936
13 15 -0.00663709
13 16 0.0116445
13 17 0.0288324
13 18 0.0463245
13 19 0.0626924
13 20 0.0773575
13 21 0.0903254
13 22 0.0999899
13 23 0.108353
13 24 0.115451
13 25 0.119321
13 26 0.121795
13 27 0.121134
13 28 0.119266
13 29 0.117215
13 30 0.112808
13 31 0.106612
13 32 0.0993607
13 33 0.0898116
13 34 0.0793316
13 35 0.0669786
13 36 0.0527347
13 37 0.0377661
13 38 0.0223951
13 39 0.00617834
13 40 -0.00939175
13 41 -0.024596
13 42 -0.0385673
13 43 -0.0521326
13 44 -0.0636989
13 45 -0.0748712
13 46 -0.0857406
13 47 -0.095001
13 48 -0.101613
13 49 -0.10642
13 50 -0.107487
13 51 -0.107812
13 52 -0.105053
13 53 -0.101047
13 54 -0.0939472
13 55 -0.0853031
13 56 -0.0745662
13 57 -0.0621549
13 58 -0.0483732
13 59 -0.0348642
13 60 -0.0201669
13 61 -0.00561512
13 62 0.00918333
13 63 0.0248541
13 64 0.0405321
13 65 0.0554758
13 66 0.0702693
13 67 0.0825189
13 68 0.0932455
13 69 0.102104
13 70 0.109524
13 71 0.114987
13 72 0.118039
13 73 0.120114
13 74 0.120912
13 75 0.120769
13 76 0.119974
13 77 0.115388
13 78 0.109134
13 79 0.100344
13 80 0.0887421
13 81 0.0766077
13 82 0.0616322
13 83 0.044871
13 84 0.0282818
13 85 0.0100963
13 86 -0.00814696
13 87 -0.0265123
13 88 -0.0445115
13 89 -0.0612045
13 90 -0.0765074
13 91 -0.0911439
13 92 -0.104656
13 93 -0.117412
13 94 -0.128447
13 95 -0.13759
13 96 -0.144939
13 97 -0.151452
13 98 -0.155001
13 99 -0.157764
13 100 -0.0196724
13 101 0

14 0 0
14 1 -0.0174388
14 2 -0.14024
14 3 -0.137696
14 4 -0.132905
14 5 -0.127196
14 6 -0.119383
14 7 -0.109792
14 8 -0.0993851
14 9 -0.0864715
14 10 -0.0725385
14 11 -0.057186
14 12 -0.0421598
14 13 -0.0255936
14 14 -0.00784988
14 15 0.0104369
14 16 0.0283319
14 17 0.0448379
14 18 0.0617673
14 19 0.0775247
14 20 0.092511
14 21 0.105221
14 22 0.114621
14 23 0.122331
14 24 0.128558
14 25 0.132694
14 26 0.134367
14 27 0.134674
14 28 0.132994
14 29 0.129992
14 30 0.125637
14 31 0.118713
14 32 0.110897
14 33 0.101239
14 34 0.0905964
14 35 0.0771738
14 36 0.0624738
14 37 0.0476363
14 38 0.0317128
14 39 0.0157466
14 40 -0.000251635
14 41 -0.015906
14 42 -0.0301137
14 43 -0.0427633
14 44 -0.0544219
14 45 -0.0659775
14 46 -0.0764143
14 47 -0.0858637
14 48 -0.0931068
14 49 -0.0970234
14 50 -0.0987058
14 51 -0.0985072
14 52 -0.0961399
14 53 -0.0916406
14 54 -0.0852737
14 55 -0.0763574
14 56 -0.0653893
14 57 -0.0536459
14 58 -0.0405116
14 59 -0.0269856
14 60 -0.0126431
14 61 0.00228801
14 62 0.0172306
14 63 0.0324173
14 64 0.0480577
14 65 0.0640166
14 66 0.0787066
14 67 0.0918658
14 68 0.103371
14 69 0.11243
14 70 0.120205
14 71 0.125545
14 72 0.129278
14 73 0.131475
14 74 0.13311
14 75 0.133339
14 76 0.131633
14 77 0.127792
14 78 0.121507
14 79 0.112824
14 80 0.102188
14 81 0.0903326
14 82 0.0756422
14 83 0.0594261
14 84 0.0428759
14 85 0.0249113
14 86 0.00764384
14 87 -0.010479
14 88 -0.0280844
14 89 -0.0440167
14 90 -0.0590695
14 91 -0.0730459
14 92 -0.0876344
14 93 -0.0994316
14 94 -0.109761
14 95 -0.11856
14 96 -0.12587
14 97 -0.131566
14 98 -0.135407
14 99 -0.138305
14 100 -0.017233
14 101 0

15 0 0
15 1 -0.0148574
15 2 -0.119447
15 3 -0.116836
15 4 -0.112499
15 5 -0.105912
15 6 -0.0987618
15 7 -0.0898904
15 8 -0.0792719
15 9 -0.0668729
15 10 -0.0519002
15 11 -0.0377722
15 12 -0.0226417
15 13 -0.00663709
15 14 0.0104369
15 15 0.02752
15 16 0.0434362
15 17 0.0610002
15 18 0.0764735
15 19 0.0918876
15 20 0.107248
15 21 0.118769
15 22 0.128437
15 23 0.135454
15 24 0.141475
15 25 0.145446
15 26 0.146688
15 27 0.147506
15 28 0.146797
15 29 0.143768
15 30 0.139512
15 31 0.132193
15 32 0.122643
15 33 0.112437
15 34 0.10069
15 35 0.0866202
15 36 0.0716091
15 37 0.0567076
15 38 0.0402679
15 39 0.0236405
15 40 0.00767967
15 41 -0.00762825
15 42 -0.0217868
15 43 -0.0338199
15 44 -0.0459545
15 45 -0.0584059
15 46 -0.0679696
15 47 -0.0770332
15 48 -0.0839984
15 49 -0.0874736
15 50 -0.089398
15 51 -0.0894149
15 52 -0.0868835
15 53 -0.0825007
15 54 -0.0768924
15 55 -0.0681786
15 56 -0.0573007
15 57 -0.0460913
15 58 -0.0329266
15 59 -0.0194265
15 60 -0.00572624
15 61 0.00927755
15 62 0.0241939
15 63 0.0390254
15 64 0.055118
15 65 0.0717592
15 66 0.0864382
15 67 0.100591
15 68 0.112709
15 69 0.122436
15 70 0.131235
15 71 0.137753
15 72 0.14184
15 73 0.143501
15 74 0.144733
15 75 0.144937
15 76 0.142219
15 77 0.138836
15 78 0.133516
15 79 0.124891
15 80 0.115717
15 81 0.102939
15 82 0.0889364
15 83 0.0734384
15 84 0.0562891
15 85 0.0399411
15 86 0.0225343
15 87 0.00629515
15 88 -0.0100814
15 89 -0.0261559
15 90 -0.0404808
15 91 -0.0544248
15 92 -0.0679583
15 93 -0.0805859
15 94 -0.0902725
15 95 -0.0991102
15 96 -0.10631
15 97 -0.111676
15 98 -0.116415
15 99 -0.118545
15 100 -0.0147137
15 101 0

16 0 0
16 1 -0.0123238
16 2 -0.0990185
16 3 -0.0964595
16 4 -0.0918592
16 5 -0.0853158
16 6 -0.0782853
16 7 -0.0708185
16 8 -0.0594263
16 9 -0.0473313
16 10 -0.0335333
16 11 -0.0189968
16 12 -0.00409156
16 13 0.0116445
16 14 0.0283319
16 15 0.0434362
16 16 0.0601474
16 17 0.0761016
16 18 0.0912137
16 19 0.106309
16 20 0.121171
16 21 0.132119
16 22 0.141446
16 23 0.148396
16 24 0.154673
16 25 0.158033
16 26 0.160124
16 27 0.159955
16 28 0.159679
16 29 0.15678
16 30 0.152243
16 31 0.144828
16 32 0.13468
16 33 0.12378
16 34 0.10982
16 35 0.0954922
16 36 0.0799802
16 37 0.0647104
16 38 0.047939
16 39 0.0310148
16 40 0.0150553
16 41 0.000418278
16 42 -0.0137349
16 43 -0.0254041
16 44 -0.03768
16 45 -0.0503419
16 46 -0.0593677
16 47 -0.0685529
16 48 -0.0747717
16 49 -0.0779746
16 50 -0.0795043
16 51 -0.0795204
16 52 -0.0771925
16 53 -0.0738573
16 54 -0.0683261
16 55 -0.0606743
16 56 -0.0496434
16 57 -0.0381017
16 58 -0.0255569
16 59 -0.0121935
16 60 0.00048975
16 61 0.0153075
16 62 0.030399
16 63 0.0456455
16 64 0.0620798
16 65 0.0786132
16 66 0.093359
16 67 0.108865
16 68 0.12117
16 69 0.132348
16 70 0.14184
16 71 0.148987
16 72 0.153317
16 73 0.154905
16 74 0.156513
16 75 0.156249
16 76 0.154813
16 77 0.149844
16 78 0.144595
16 79 0.136869
16 80 0.127664
16 81 0.115441
16 82 0.102152
16 83 0.0869123
16 84 0.0709314
16 85 0.0540074
16 86 0.037884
16 87 0.0220475
16 88 0.0067623
16 89 -0.00822735
16 90 -0.0224166
16 91 -0.0366782
16 92 -0.0497764
16 93 -0.0621382
16 94 -0.0714817
16 95 -0.0808254
16 96 -0.087177
16 97 -0.0919377
16 98 -0.0965962
16 99 -0.099206
16 100 -0.0123562
16 101 0

17 0 0
17 1 -0.00988339
17 2 -0.0794147
17 3 -0.0768292
17 4 -0.071739
17 5 -0.0668529
17 6 -0.059356
17 7 -0.0510914
17 8 -0.0403953
17 9 -0.0290211
17 10 -0.0158609
17 11 -0.00107263
17 12 0.0139273
17 13 0.0288324
17 14 0.0448379
17 15 0.0610002
17 16 0.0761016
17 17 0.0902861
17 18 0.105039
17 19 0.120341
17 20 0.133999
17 21 0.145948
17 22 0.154886
17 23 0.162425
17 24 0.168632
17 25 0.171288
17 26 0.173204
17 27 0.172622
17 28 0.171475
17 29 0.169689
17 30 0.16352
17 31 0.155357
17 32 0.146309
17 33 0.133801
17 34 0.119436
17 35 0.104531
17 36 0.0887391
17 37 0.0718894
17 38 0.0551048
17 39 0.038192
17 40 0.0226577
17 41 0.00788674
17 42 -0.0048293
17 43 -0.0176179
17 44 -0.0296659
17 45 -0.0408464
17 46 -0.0513661
17 47 -0.0598171
17 48 -0.0660016
17 49 -0.0700503
17 50 -0.0703443
17 51 -0.0708077
17 52 -0.0687219
17 53 -0.0658476
17 54 -0.0602891
17 55 -0.052589
17 56 -0.0422549
17 57 -0.0301045
17 58 -0.0178967
17 59 -0.00589344
17 60 0.007527
17 61 0.0211965
17 62 0.0361457
17 63 0.0527915
17 64 0.069181
17 65 0.0845673
17 66 0.101327
17 67 0.116354
17 68 0.129758
17 69 0.141227
17 70 0.151127
17 71 0.158562
17 72 0.163275
17 73 0.166793
17 74 0.167713
17 75 0.167769
17 76 0.167169
17 77 0.162207
17 78 0.156351
17 79 0.149151
17 80 0.139418
17 81 0.128037
17 82 0.114234
17 83 0.0999578
17 84 0.0851757
17 85 0.0685535
17 86 0.0533534
17 87 0.0386598
17 88 0.0228263
17 89 0.00801015
17 90 -0.00545883
17 91 -0.0200504
17 92 -0.0330753
17 93 -0.0437887
17 94 -0.0534646
17 95 -0.0622767
17 96 -0.0684023
17 97 -0.0741144
17 98 -0.0773704
17 99 -0.0807823
17 100 -0.0101589
17 101 0

18 0 0
18 1 -0.00757926
18 2 -0.0608343
18 3 -0.0585115
18 4 -0.054445
18 5 -0.0494041
18 6 -0.0429234
18 7 -0.0334979
18 8 -0.023736
18 9 -0.0111946
18 10 0.00166835
18 11 0.0161667
18 12 0.0309271
18 13 0.0463245
18 14 0.0617673
18 15 0.0764735
18 16 0.0912137
18 17 0.105039
18 18 0.119549
18 19 0.133896
18 20 0.147668
18 21 0.159301
18 22 0.16825
18 23 0.17646
18 24 0.181954
18 25 0.184975
18 26 0.185215
18 27 0.185482
18 28 0.183698
18 29 0.18015
18 30 0.174284
18 31 0.165386
18 32 0.155603
18 33 0.142497
18 34 0.128723
18 35 0.113183
18 36 0.0968667
18 37 0.0802985
18 38 0.0620594
18 39 0.0454407
18 40 0.0300508
18 41 0.0153694
18 42 0.00249221
18 43 -0.0104487
18 44 -0.0223726
18 45 -0.0342418
18 46 -0.0442676
18 47 -0.0527441
18 48 -0.0595369
18 49 -0.0627581
18 50 -0.0640887
18 51 -0.0642497
18 52 -0.0630683
18 53 -0.0589195
18 54 -0.053872
18 55 -0.0457974
18 56 -0.0358775
18 57 -0.0245035
18 58 -0.0111378
18 59 0.000631
18 60 0.0139645
18 61 0.0274098
18 62 0.0423747
18 63 0.0591481
18 64 0.075835
18 65 0.0922939
18 66 0.107932
18 67 0.123405
18 68 0.137368
18 69 0.148846
18 70 0.159365
18 71 0.167536
18 72 0.173349
18 73 0.176477
18 74 0.178748
18 75 0.179403
18 76 0.177824
18 77 0.174694
18 78 0.1687
18 79 0.161333
18 80 0.15177
18 81 0.140542
18 82 0.126557
18 83 0.113006
18 84 0.0991331
18 85 0.0834315
18 86 0.0685286
18 87 0.0532765
18 88 0.0393212
18 89 0.0246955
18 90 0.00963912
18 91 -0.00370052
18 92 -0.0169162
18 93 -0.0271297
18 94 -0.0374727
18 95 -0.0453523
18 96 -0.0519025
18 97 -0.0574379
18 98 -0.0614303
18 99 -0.0634999
18 100 -0.00788311
18 101 0

19 0 0
19 1 -0.00548701
19 2 -0.0439143
19 3 -0.0419608
19 4 -0.0387259
19 5 -0.0336912
19 6 -0.027628
19 7 -0.0184452
19 8 -0.00799678
19 9 0.00471839
19 10 0.0180568
19 11 0.0321671
19 12 0.0472277
19 13 0.0626924
19 14 0.0775247
19 15 0.0918876
19 16 0.106309
19 17 0.120341
19 18 0.133896
19 19 0.14781
19 20 0.160972
19 21 0.171341
19 22 0.179966
19 23 0.188108
19 24 0.193455
19 25 0.196468
19 26 0.197439
19 27 0.196996
19 28 0.1939
19 29 0.189971
19 30 0.183103
19 31 0.173797
19 32 0.163799
19 33 0.15077
19 34 0.136253
19 35 0.121038
19 36 0.104136
19 37 0.0877116
19 38 0.0692949
19 39 0.0531582
19 40 0.0371365
19 41 0.0220382
19 42 0.00849141
19 43 -0.00416771
19 44 -0.0165015
19 45 -0.0285106
19 46 -0.0384317
19 47 -0.0469077
19 48 -0.0540619
19 49 -0.0568223
19 50 -0.0583947
19 51 -0.0587049
19 52 -0.0578342
19 53 -0.053436
19 54 -0.0487001
19 55 -0.0402808
19 56 -0.0305048
19 57 -0.019078
19 58 -0.00579691
19 59 0.0063545
19 60 0.0195099
19 61 0.0333741
19 62 0.0482666
19 63 0.065476
19 64 0.0820273
19 65 0.0991085
19 66 0.11416
19 67 0.129581
19 68 0.143318
19 69 0.155727
19 70 0.166663
19 71 0.175121
19 72 0.181457
19 73 0.18574
19 74 0.188149
19 75 0.189513
19 76 0.188467
19 77 0.184676
19 78 0.179084
19 79 0.171979
19 80 0.162578
19 81 0.152436
19 82 0.140057
19 83 0.126835
19 84 0.113012
19 85 0.0982243
19 86 0.0828943
19 87 0.0682176
19 88 0.0541257
19 89 0.0400395
19 90 0.0253048
19 91 0.0113946
19 92 -0.0017858
19 93 -0.0126418
19 94 -0.0227443
19 95 -0.0304706
19 96 -0.0369835
19 97 -0.0426964
19 98 -0.0464413
19 99 -0.0480059
19 100 -0.00594683
19 101 0

20 0 0
20 1 -0.00358057
20 2 -0.0287156
20 3 -0.0271873
20 4 -0.0238611
20 5 -0.0198928
20 6 -0.0130085
20 7 -0.00440818
20 8 0.00645375
20 9 0.0186267
20 10 0.0325909
20 11 0.0468108
20 12 0.0623266
20 13 0.0773575
20 14 0.092511
20 15 0.107248
20 16 0.121171
20 17 0.133999
20 18 0.147668
20 19 0.160972
20 20 0.173413
20 21 0.183303
20 22 0.191301
20 23 0.198265
20 24 0.204252
20 25 0.20695
20 26 0.208709
20 27 0.206561
20 28 0.203079
20 29 0.198682
20 30 0.190692
20 31 0.180627
20 32 0.169889
20 33 0.157115
20 34 0.141426
20 35 0.126989
20 36 0.110325
20 37 0.0925062
20 38 0.0754831
20 39 0.0589479
20 40 0.0416221
20 41 0.026742
20 42 0.0129588
20 43 0.000379846
20 44 -0.0112821
20 45 -0.0224795
20 46 -0.0326593
20 47 -0.0417469
20 48 -0.0482762
20 49 -0.0525357
20 50 -0.0537213
20 51 -0.0538323
20 52 -0.0526875
20 53 -0.0492713
20 54 -0.0428587
20 55 -0.0356176
20 56 -0.0256085
20 57 -0.0137567
20 58 -0.00247662
20 59 0.00969688
20 60 0.0231267
20 61 0.0376501
20 62 0.052628
20 63 0.0701894
20 64 0.0870225
20 65 0.103065
20 66 0.119012
20 67 0.134184
20 68 0.147012
20 69 0.160669
20 70 0.172113
20 71 0.181353
20 72 0.1891
20 73 0.194249
20 74 0.196831
20 75 0.198248
20 76 0.198159
20 77 0.193852
20 78 0.189001
20 79 0.181819
20 80 0.173576
20 81 0.16394
20 82 0.152675
20 83 0.13984
20 84 0.126288
20 85 0.111419
20 86 0.0972028
20 87 0.0829062
20 88 0.067786
20 89 0.0533458
20 90 0.0397922
20 91 0.0248652
20 92 0.0119905
20 93 0.000869849
20 94 -0.00833213
20 95 -0.0168323
20 96 -0.0237557
20 97 -0.0295372
20 98 -0.0322843
20 99 -0.0342582
20 100 -0.00428971
20 101 0

21 0 0
21 1 -0.00184324
21 2 -0.015037
21 3 -0.0141281
21 4 -0.0112947
21 5 -0.00705782
21 6 -0.000917285
21 7 0.00780894
21 8 0.0176317
21 9 0.0310991
21 10 0.0452214
21 11 0.0585329
21 12 0.073903
21 13 0.0903254
21 14 0.105221
21 15 0.118769
21 16 0.132119
21 17 0.145948
21 18 0.159301
21 19 0.171341
21 20 0.183303
21 21 0.192794
21 22 0.200102
21 23 0.207309
21 24 0.213286
21 25 0.216439
21 26 0.216731
21 27 0.215414
21 28 0.211563
21 29 0.205465
21 30 0.197463
21 31 0.187201
21 32 0.17578
21 33 0.162085
21 34 0.146827
21 35 0.130573
21 36 0.113581
21 37 0.0969574
21 38 0.0789627
21 39 0.0628045
21 40 0.046061
21 41 0.0303872
21 42 0.0169243
21 43 0.00445333
21 44 -0.00742283
21 45 -0.019049
21 46 -0.0289759
21 47 -0.0373367
21 48 -0.0446438
21 49 -0.0485638
21 50 -0.0505096
21 51 -0.0507344
21 52 -0.0496958
21 53 -0.0454834
21 54 -0.0402317
21 55 -0.0319015
21 56 -0.0220287
21 57 -0.0107588
21 58 0.00138255
21 59 0.0129024
21 60 0.0263577
21 61 0.0409912
21 62 0.0562192
21 63 0.0732218
21 64 0.0895563
21 65 0.106457
21 66 0.121894
21 67 0.137291
21 68 0.151589
21 69 0.164447
21 70 0.176201
21 71 0.186719
21 72 0.195099
21 73 0.200641
21 74 0.205133
21 75 0.206789
21 76 0.205057
21 77 0.201922
21 78 0.197162
21 79 0.190159
21 80 0.182154
21 81 0.173325
21 82 0.162498
21 83 0.150149
21 84 0.136797
21 85 0.122734
21 86 0.10807
21 87 0.0934862
21 88 0.079953
21 89 0.065862
21 90 0.0507471
21 91 0.0364991
21 92 0.023445
21 93 0.0126944
21 94 0.00268439
21 95 -0.00556682
21 96 -0.0118406
21 97 -0.0170498
21 98 -0.0203459
21 99 -0.0218318
21 100 -0.00271627
21 101 0

22 0 0
22 1 -0.000451054
22 2 -0.00361369
22 3 -0.00230023
22 4 0.00039536
22 5 0.00353022
22 6 0.0101553
22 7 0.0188118
22 8 0.0290151
22 9 0.0410368
22 10 0.0550326
22 11 0.0692169
22 12 0.0849837
22 13 0.0999899
22 14 0.114621
22 15 0.128437
22 16 0.141446
22 17 0.154886
22 18 0.16825
22 19 0.179966
22 20 0.191301
22 21 0.200102
22 22 0.207925
22 23 0.214786
22 24 0.220713
22 25 0.22407
22 26 0.225334
22 27 0.222531
22 28 0.218627
22 29 0.212226
22 30 0.202946
22 31 0.192062
22 32 0.179731
22 33 0.165879
22 34 0.149558
22 35 0.133925
22 36 0.117424
22 37 0.100189
22 38 0.0833096
22 39 0.0663269
22 40 0.0490691
22 41 0.0337157
22 42 0.0192232
22 43 0.00639841
22 44 -0.00567338
22 45 -0.0169957
22 46 -0.0263952
22 47 -0.0346665
22 48 -0.0412355
22 49 -0.0459582
22 50 -0.047938
22 51 -0.0484901
22 52 -0.0467571
22 53 -0.0432469
22 54 -0.0371527
22 55 -0.0298926
22 56 -0.0202559
22 57 -0.00890093
22 58 0.00262945
22 59 0.0152061
22 60 0.028846
22 61 0.0441403
22 62 0.0595838
22 63 0.0763363
22 64 0.0927736
22 65 0.108454
22 66 0.124323
22 67 0.13988
22 68 0.153626
22 69 0.167646
22 70 0.179835
22 71 0.190572
22 72 0.200093
22 73 0.206773
22 74 0.210935
22 75 0.212527
22 76 0.212083
22 77 0.208641
22 78 0.204072
22 79 0.197161
22 80 0.189822
22 81 0.180638
22 82 0.17059
22 83 0.158058
22 84 0.144574
22 85 0.131153
22 86 0.11753
22 87 0.103234
22 88 0.0888474
22 89 0.0752663
22 90 0.0619761
22 91 0.0469374
22 92 0.0334859
22 93 0.0224491
22 94 0.0137412
22 95 0.00485085
22 96 -0.00210736
22 97 -0.00711349
22 98 -0.00977173
22 99 -0.0111215
22 100 -0.00138858
22 101 0

23 0 0
23 1 0.000702101
23 2 0.00577194
23 3 0.00705769
23 4 0.00955779
23 5 0.0126042
23 6 0.0188762
23 7 0.0275021
23 8 0.0376737
23 9 0.0503827
23 10 0.0647638
23 11 0.0788734
23 12 0.093668
23 13 0.108353
23 14 0.122331
23 15 0.135454
23 16 0.148396
23 17 0.162425
23 18 0.17646
23 19 0.188108
23 20 0.198265
23 21 0.207309
23 22 0.214786
23 23 0.221884
23 24 0.227516
23 25 0.230372
23 26 0.231009
23 27 0.228218
23 28 0.222956
23 29 0.215876
23 30 0.206688
23 31 0.195577
23 32 0.183347
23 33 0.16856
23 34 0.152482
23 35 0.136041
23 36 0.1194
23 37 0.1026
23 38 0.0857482
23 39 0.0684741
23 40 0.0517597
23 41 0.035544
23 42 0.0206315
23 43 0.00677598
23 44 -0.00570213
23 45 -0.0171354
23 46 -0.0261089
23 47 -0.0337828
23 48 -0.0398297
23 49 -0.0439992
23 50 -0.0455806
23 51 -0.0465006
23 52 -0.0448595
23 53 -0.0419718
23 54 -0.0367862
23 55 -0.0295138
23 56 -0.019996
23 57 -0.00889962
23 58 0.003787
23 59 0.0166503
23 60 0.0306847
23 61 0.0454293
23 62 0.0610851
23 63 0.0775455
23 64 0.0941887
23 65 0.110156
23 66 0.126346
23 67 0.141667
23 68 0.156005
23 69 0.169678
23 70 0.182336
23 71 0.193035
23 72 0.202535
23 73 0.210076
23 74 0.215167
23 75 0.21722
23 76 0.216985
23 77 0.214561
23 78 0.210318
23 79 0.203739
23 80 0.195723
23 81 0.187658
23 82 0.177736
23 83 0.16535
23 84 0.151925
23 85 0.13773
23 86 0.124247
23 87 0.110646
23 88 0.0969636
23 89 0.0838351
23 90 0.0707943
23 91 0.0565085
23 92 0.0428117
23 93 0.0310249
23 94 0.0211473
23 95 0.0130942
23 96 0.00688171
23 97 0.00180458
23 98 -0.000964611
23 99 -0.00252417
23 100 -0.000327363
23 101 0

24 0 0
24 1 0.00157269
24 2 0.0126455
24 3 0.0139154
24 4 0.0165939
24 5 0.020531
24 6 0.0267947
24 7 0.0359297
24 8 0.0462757
24 9 0.058892
24 10 0.0722935
24 11 0.0860872
24 12 0.10087
24 13 0.115451
24 14 0.128558
24 15 0.141475
24 16 0.154673
24 17 0.168632
24 18 0.181954
24 19 0.193455
24 20 0.204252
24 21 0.213286
24 22 0.220713
24 23 0.227516
24 24 0.231852
24 25 0.234963
24 26 0.235181
24 27 0.232197
24 28 0.226205
24 29 0.218764
24 30 0.209494
24 31 0.197263
24 32 0.184097
24 33 0.169424
24 34 0.153317
24 35 0.136434
24 36 0.120187
24 37 0.103609
24 38 0.0865836
24 39 0.0692863
24 40 0.0523512
24 41 0.0356591
24 42 0.020455
24 43 0.00654944
24 44 -0.00553592
24 45 -0.0162179
24 46 -0.0251601
24 47 -0.0324621
24 48 -0.038725
24 49 -0.0424972
24 50 -0.0443954
24 51 -0.0447756
24 52 -0.0432255
24 53 -0.0400332
24 54 -0.0354351
24 55 -0.0281769
24 56 -0.0194876
24 57 -0.00906371
24 58 0.00356869
24 59 0.0165546
24 60 0.0306397
24 61 0.0455685
24 62 0.0617027
24 63 0.0780135
24 64 0.0942431
24 65 0.110235
24 66 0.126206
24 67 0.141113
24 68 0.155799
24 69 0.170268
24 70 0.183388
24 71 0.194458
24 72 0.204685
24 73 0.212311
24 74 0.217815
24 75 0.220987
24 76 0.220557
24 77 0.219026
24 78 0.214919
24 79 0.208791
24 80 0.201252
24 81 0.192939
24 82 0.18285
24 83 0.170422
24 84 0.156855
24 85 0.143571
24 86 0.130424
24 87 0.116742
24 88 0.103723
24 89 0.0910787
24 90 0.0778678
24 91 0.0644908
24 92 0.0513424
24 93 0.0398445
24 94 0.0291135
24 95 0.0202075
24 96 0.013492
24 97 0.00899295
24 98 0.00580494
24 99 0.0042094
24 100 0.000532072
24 101 0

25 0 0
25 1 0.0021497
25 2 0.0175395
25 3 0.0192911
25 4 0.0224902
25 5 0.0266445
25 6 0.0339614
25 7 0.043219
25 8 0.0524251
25 9 0.0645635
25 10 0.0783342
25 11 0.0918928
25 12 0.105579
25 13 0.119321
25 14 0.132694
25 15 0.145446
25 16 0.158033
25 17 0.171288
25 18 0.184975
25 19 0.196468
25 20 0.20695
25 21 0.216439
25 22 0.22407
25 23 0.230372
25 24 0.234963
25 25 0.236837
25 26 0.235913
25 27 0.232755
25 28 0.226892
25 29 0.219804
25 30 0.209572
25 31 0.196776
25 32 0.183994
25 33 0.168715
25 34 0.152947
25 35 0.136182
25 36 0.118945
25 37 0.102833
25 38 0.0857676
25 39 0.0690164
25 40 0.0516702
25 41 0.0348666
25 42 0.0196732
25 43 0.00486807
25 44 -0.00682821
25 45 -0.017137
25 46 -0.0262679
25 47 -0.0328307
25 48 -0.0381853
25 49 -0.0421983
25 50 -0.0440238
25 51 -0.0440125
25 52 -0.0428402
25 53 -0.0395918
25 54 -0.0351435
25 55 -0.0283543
25 56 -0.0202423
25 57 -0.0102162
25 58 0.00218093
25 59 0.0148368
25 60 0.0298156
25 61 0.0447184
25 62 0.0606326
25 63 0.0776917
25 64 0.0929762
25 65 0.108953
25 66 0.124803
25 67 0.139884
25 68 0.154687
25 69 0.168967
25 70 0.182347
25 71 0.193784
25 72 0.203963
25 73 0.21235
25 74 0.218037
25 75 0.22102
25 76 0.221966
25 77 0.220814
25 78 0.217514
25 79 0.211972
25 80 0.204233
25 81 0.195672
25 82 0.184977
25 83 0.172828
25 84 0.160244
25 85 0.146535
25 86 0.133781
