0 0 0
0 1 0
0 2 0
0 3 0
0 4 0
0 5 0
0 6 0
0 7 0
0 8 0
0 9 0
0 10 0
0 11 0
0 12 0
0 13 0
0 14 0
0 15 0
0 16 0
0 17 0
0 18 0
0 19 0
0 20 0
0 21 0
0 22 0
0 23 0
0 24 0
0 25 0
0 26 0
0 27 0
0 28 0
0 29 0
0 30 0
0 31 0
0 32 0
0 33 0
0 34 0
0 35 0
0 36 0
0 37 0
0 38 0
0 39 0
0 40 0
0 41 0
0 42 0
0 43 0
0 44 0
0 45 0
0 46 0
0 47 0
0 48 0
0 49 0
0 50 0
0 51 0
0 52 0
0 53 0
0 54 0
0 55 0
0 56 0
0 57 0
0 58 0
0 59 0
0 60 0
0 61 0
0 62 0
0 63 0
0 64 0
0 65 0
0 66 0
0 67 0
0 68 0
0 69 0
0 70 0
0 71 0
0 72 0
0 73 0
0 74 0
0 75 0
0 76 0
0 77 0
0 78 0
0 79 0
0 80 0
0 81 0
0 82 0
0 83 0
0 84 0
0 85 0
0 86 0
0 87 0
0 88 0
0 89 0
0 90 0
0 91 0
0 92 0
0 93 0
0 94 0
0 95 0
0 96 0
0 97 0
0 98 0
0 99 0
0 100 0
0 101 0

1 0 0
1 1 0
1 2 -0.110624
1 3 -0.109443
1 4 -0.107338
1 5 -0.104389
1 6 -0.100604
1 7 -0.0960591
1 8 -0.0908096
1 9 -0.0849347
1 10 -0.0785473
1 11 -0.0717404
1 12 -0.0646072
1 13 -0.0572731
1 14 -0.049849
1 15 -0.0424316
1 16 -0.0351705
1 17 -0.0281468
1 18 -0.0214967
1 19 -0.015301
1 20 -0.00966892
1 21 -0.00466644
1 22 -0.00039498
1 23 0.00311878
1 24 0.00578146
1 25 0.00760304
1 26 0.00855599
1 27 0.00859808
1 28 0.00775421
1 29 0.00605495
1 30 0.00354217
1 31 0.000259833
1 32 -0.00375303
1 33 -0.00842363
1 34 -0.0136446
1 35 -0.0193198
1 36 -0.0253583
1 37 -0.0316778
1 38 -0.0381567
1 39 -0.0446616
1 40 -0.0510906
1 41 -0.0573497
1 42 -0.063314
1 43 -0.0689028
1 44 -0.0740118
1 45 -0.0785574
1 46 -0.08246
1 47 -0.0856522
1 48 -0.0880743
1 49 -0.0896871
1 50 -0.0904639
1 51 -0.0903829
1 52 -0.0894756
1 53 -0.0877325
1 54 -0.0852001
1 55 -0.0818821
1 56 -0.0778406
1 57 -0.073181
1 58 -0.0679496
1 59 -0.0622566
1 60 -0.0561896
1 61 -0.0498504
1 62 -0.0433379
1 63 -0.0367622
1 64 -0.0302252
1 65 -0.0238673
1 66 -0.0177924
1 67 -0.0120738
1 68 -0.00683265
1 69 -0.00217286
1 70 0.00183748
1 71 0.00511963
1 72 0.00762068
1 73 0.00929652
1 74 0.0100879
1 75 0.00998132
1 76 0.00899484
1 77 0.00710046
1 78 0.0043438
1 79 0.000777948
1 80 -0.00360036
1 81 -0.0086587
1 82 -0.0143619
1 83 -0.0206404
1 84 -0.0273842
1 85 -0.0344621
1 86 -0.0418088
1 87 -0.0492849
1 88 -0.0568063
1 89 -0.0642176
1 90 -0.0714183
1 91 -0.0782939
1 92 -0.0847374
1 93 -0.090655
1 94 -0.0959537
1 95 -0.100539
1 96 -0.104329
1 97 -0.107307
1 98 -0.109389
1 99 -0.110582
1 100 0
1 101 0

2 0 0
2 1 -0.110624
2 2 -0.888692
2 3 -0.879176
2 4 -0.86242
2 5 -0.838652
2 6 -0.808261
2 7 -0.771682
2 8 -0.729462
2 9 -0.682312
2 10 -0.630973
2 11 -0.576256
2 12 -0.519005
2 13 -0.460089
2 14 -0.400419
2 15 -0.340927
2 16 -0.282539
2 17 -0.226178
2 18 -0.172716
2 19 -0.122955
2 20 -0.077655
2 21 -0.0375104
2 22 -0.00311391
2 23 0.0250087
2 24 0.0464987
2 25 0.0610973
2 26 0.0686521
2 27 0.0690615
2 28 0.0623651
2 29 0.0487658
2 30 0.0285439
2 31 0.00208181
2 32 -0.0301417
2 33 -0.0675607
2 34 -0.109473
2 35 -0.155137
2 36 -0.20374
2 37 -0.254476
2 38 -0.306432
2 39 -0.358692
2 40 -0.410381
2 41 -0.460634
2 42 -0.508605
2 43 -0.553497
2 44 -0.594552
2 45 -0.631071
2 46 -0.662406
2 47 -0.68803
2 48 -0.707476
2 49 -0.720426
2 50 -0.726686
2 51 -0.726139
2 52 -0.718799
2 53 -0.704792
2 54 -0.684305
2 55 -0.657671
2 56 -0.625313
2 57 -0.587813
2 58 -0.545844
2 59 -0.5001
2 60 -0.451348
2 61 -0.400402
2 62 -0.348077
2 63 -0.295248
2 64 -0.242824
2 65 -0.19172
2 66 -0.142798
2 67 -0.0969068
2 68 -0.0548386
2 69 -0.0173746
2 70 0.0148356
2 71 0.0412274
2 72 0.0613082
2 73 0.0746798
2 74 0.0810364
2 75 0.0802062
2 76 0.0721762
2 77 0.0570211
2 78 0.0349321
2 79 0.0061718
2 80 -0.0288367
2 81 -0.0695733
2 82 -0.11545
2 83 -0.165826
2 84 -0.219933
2 85 -0.276897
2 86 -0.335862
2 87 -0.39597
2 88 -0.456271
2 89 -0.515814
2 90 -0.573673
2 91 -0.628927
2 92 -0.680727
2 93 -0.728286
2 94 -0.770822
2 95 -0.807668
2 96 -0.838235
2 97 -0.862069
2 98 -0.878861
2 99 -0.888375
2 100 -0.110582
2 101 0

3 0 0
3 1 -0.109443
3 2 -0.879176
3 3 -0.869695
3 4 -0.853148
3 5 -0.829419
3 6 -0.799134
3 7 -0.76259
3 8 -0.720464
3 9 -0.673523
3 10 -0.62233
3 11 -0.567768
3 12 -0.510772
3 13 -0.452069
3 14 -0.392575
3 15 -0.333395
3 16 -0.275175
3 17 -0.219098
3 18 -0.165802
3 19 -0.116258
3 20 -0.0710801
3 21 -0.0311454
3 22 0.00316779
3 23 0.0310643
3 24 0.0525352
3 25 0.0670195
3 26 0.0744011
3 27 0.0748362
3 28 0.0682221
3 29 0.0546659
3 30 0.0344045
3 31 0.00785131
3 32 -0.0243364
3 33 -0.0616008
3 34 -0.103438
3 35 -0.149121
3 36 -0.197753
3 37 -0.248367
3 38 -0.300134
3 39 -0.35231
3 40 -0.403952
3 41 -0.454078
3 42 -0.502026
3 43 -0.546837
3 44 -0.587842
3 45 -0.624263
3 46 -0.655511
3 47 -0.681041
3 48 -0.700422
3 49 -0.713356
3 50 -0.719635
3 51 -0.719212
3 52 -0.711844
3 53 -0.697839
3 54 -0.677247
3 55 -0.65069
3 56 -0.618536
3 57 -0.581071
3 58 -0.539263
3 59 -0.493612
3 60 -0.444961
3 61 -0.394073
3 62 -0.341833
3 63 -0.289102
3 64 -0.236864
3 65 -0.185822
3 66 -0.136861
3 67 -0.0910801
3 68 -0.0491145
3 69 -0.0116482
3 70 0.0205492
3 71 0.0469384
3 72 0.0669841
3 73 0.0802548
3 74 0.0866352
3 75 0.0858829
3 76 0.0778066
3 77 0.0628121
3 78 0.040899
3 79 0.0122047
3 80 -0.0224668
3 81 -0.0631431
3 82 -0.108908
3 83 -0.159018
3 84 -0.212821
3 85 -0.269686
3 86 -0.328393
3 87 -0.388321
3 88 -0.448275
3 89 -0.507614
3 90 -0.565271
3 91 -0.620365
3 92 -0.672032
3 93 -0.719438
3 94 -0.761796
3 95 -0.798521
3 96 -0.829106
3 97 -0.852786
3 98 -0.869567
3 99 -0.878944
3 100 -0.109397
3 101 0

4 0 0
4 1 -0.107338
4 2 -0.86242
4 3 -0.853148
4 4 -0.836597
4 5 -0.812975
4 6 -0.782746
4 7 -0.746373
4 8 -0.704555
4 9 -0.657742
4 10 -0.606864
4 11 -0.552548
4 12 -0.495695
4 13 -0.437299
4 14 -0.378096
4 15 -0.319199
4 16 -0.261304
4 17 -0.205548
4 18 -0.15253
4 19 -0.103176
4 20 -0.0581671
4 21 -0.0184193
4 22 0.0155892
4 23 0.0433333
4 24 0.0645756
4 25 0.0789453
4 26 0.0862199
4 27 0.0865349
4 28 0.0797983
4 29 0.0661686
4 30 0.0458493
4 31 0.0193682
4 32 -0.0128609
4 33 -0.0501781
4 34 -0.0920197
4 35 -0.13764
4 36 -0.186317
4 37 -0.236853
4 38 -0.288588
4 39 -0.340756
4 40 -0.392283
4 41 -0.442362
4 42 -0.490232
4 43 -0.534987
4 44 -0.575897
4 45 -0.612303
4 46 -0.643415
4 47 -0.668945
4 48 -0.688286
4 49 -0.701348
4 50 -0.707496
4 51 -0.707124
4 52 -0.699709
4 53 -0.68582
4 54 -0.665263
4 55 -0.638757
4 56 -0.60659
4 57 -0.569309
4 58 -0.527589
4 59 -0.482006
4 60 -0.433457
4 61 -0.382598
4 62 -0.330377
4 63 -0.277741
4 64 -0.225525
4 65 -0.174544
4 66 -0.125711
4 67 -0.0799298
4 68 -0.037968
4 69 -0.000499741
4 70 0.0317113
4 71 0.0581155
4 72 0.0781067
4 73 0.0915422
4 74 0.0980163
4 75 0.09744
4 76 0.0895683
4 77 0.0746397
4 78 0.0528222
4 79 0.0244589
4 80 -0.0100135
4 81 -0.0505173
4 82 -0.0961018
4 83 -0.145967
4 84 -0.199424
4 85 -0.255947
4 86 -0.314383
4 87 -0.374032
4 88 -0.433775
4 89 -0.492885
4 90 -0.550209
4 91 -0.604987
4 92 -0.656453
4 93 -0.703577
4 94 -0.745777
4 95 -0.782305
4 96 -0.812709
4 97 -0.836361
4 98 -0.852983
4 99 -0.86235
4 100 -0.107338
4 101 0

5 0 0
5 1 -0.104389
5 2 -0.838652
5 3 -0.829419
5 4 -0.812975
5 5 -0.789535
5 6 -0.759497
5 7 -0.723381
5 8 -0.681844
5 9 -0.635386
5 10 -0.584775
5 11 -0.530739
5 12 -0.474185
5 13 -0.416047
5 14 -0.357204
5 15 -0.298567
5 16 -0.241091
5 17 -0.185582
5 18 -0.132921
5 19 -0.0838784
5 20 -0.0391893
5 21 0.00024027
5 22 0.0339942
5 23 0.0615044
5 24 0.0825261
5 25 0.0966129
5 26 0.103622
5 27 0.103746
5 28 0.0969015
5 29 0.0831677
5 30 0.0627742
5 31 0.0361898
5 32 0.00389779
5 33 -0.0335822
5 34 -0.0753614
5 35 -0.120926
5 36 -0.169589
5 37 -0.220101
5 38 -0.27181
5 39 -0.323973
5 40 -0.375481
5 41 -0.425667
5 42 -0.473483
5 43 -0.518068
5 44 -0.558795
5 45 -0.595149
5 46 -0.626328
5 47 -0.651805
5 48 -0.671176
5 49 -0.684143
5 50 -0.69035
5 51 -0.689898
5 52 -0.682581
5 53 -0.668655
5 54 -0.648259
5 55 -0.621778
5 56 -0.589722
5 57 -0.552635
5 58 -0.5109
5 59 -0.465407
5 60 -0.416839
5 61 -0.366092
5 62 -0.313919
5 63 -0.261341
5 64 -0.209124
5 65 -0.15814
5 66 -0.109413
5 67 -0.0636318
5 68 -0.0216743
5 69 0.0157143
5 70 0.0479953
5 71 0.0745145
5 72 0.0947465
5 73 0.108275
5 74 0.114837
5 75 0.114403
5 76 0.106842
5 77 0.0922025
5 78 0.0706587
5 79 0.0425188
5 80 0.00823111
5 81 -0.031901
5 82 -0.0770773
5 83 -0.126626
5 84 -0.179858
5 85 -0.235939
5 86 -0.294115
5 87 -0.353395
5 88 -0.412789
5 89 -0.471574
5 90 -0.528667
5 91 -0.583177
5 92 -0.634277
5 93 -0.68109
5 94 -0.723015
5 95 -0.759285
5 96 -0.789392
5 97 -0.812878
5 98 -0.82944
5 99 -0.838838
5 100 -0.104423
5 101 0

6 0 0
6 1 -0.100604
6 2 -0.808261
6 3 -0.799134
6 4 -0.782746
6 5 -0.759497
6 6 -0.729652
6 7 -0.693856
6 8 -0.652685
6 9 -0.606446
6 10 -0.556157
6 11 -0.50252
6 12 -0.446339
6 13 -0.388595
6 14 -0.330158
6 15 -0.271935
6 16 -0.214795
6 17 -0.159665
6 18 -0.107348
6 19 -0.0588117
6 20 -0.0146599
6 21 0.0243779
6 22 0.057823
6 23 0.0851218
6 24 0.105842
6 25 0.119716
6 26 0.126556
6 27 0.126358
6 28 0.119308
6 29 0.105415
6 30 0.0848669
6 31 0.0581758
6 32 0.0257433
6 33 -0.0118518
6 34 -0.0537142
6 35 -0.0992599
6 36 -0.147916
6 37 -0.198493
6 38 -0.250281
6 39 -0.302395
6 40 -0.3539
6 41 -0.404058
6 42 -0.451889
6 43 -0.496469
6 44 -0.537206
6 45 -0.573457
6 46 -0.604595
6 47 -0.630028
6 48 -0.649341
6 49 -0.66228
6 50 -0.668435
6 51 -0.66796
6 52 -0.660671
6 53 -0.646846
6 54 -0.62655
6 55 -0.600175
6 56 -0.56825
6 57 -0.531274
6 58 -0.489687
6 59 -0.444134
6 60 -0.395607
6 61 -0.344872
6 62 -0.292753
6 63 -0.240145
6 64 -0.187937
6 65 -0.137006
6 66 -0.0882865
6 67 -0.0425013
6 68 -0.000457496
6 69 0.0370222
6 70 0.0693286
6 71 0.0959653
6 72 0.116393
6 73 0.130153
6 74 0.136899
6 75 0.136675
6 76 0.129413
6 77 0.115083
6 78 0.0938594
6 79 0.0660005
6 80 0.031979
6 81 -0.00770472
6 82 -0.0523786
6 83 -0.101515
6 84 -0.154379
6 85 -0.210187
6 86 -0.267827
6 87 -0.326667
6 88 -0.385763
6 89 -0.444097
6 90 -0.500699
6 91 -0.554875
6 92 -0.605671
6 93 -0.6521
6 94 -0.693756
6 95 -0.729728
6 96 -0.759585
6 97 -0.782951
6 98 -0.799409
6 99 -0.808715
6 100 -0.100673
6 101 0

7 0 0
7 1 -0.0960591
7 2 -0.771682
7 3 -0.76259
7 4 -0.746373
7 5 -0.723381
7 6 -0.693856
7 7 -0.658314
7 8 -0.617439
7 9 -0.571659
7 10 -0.521618
7 11 -0.468485
7 12 -0.4128
7 13 -0.355423
7 14 -0.297494
7 15 -0.239735
7 16 -0.18304
7 17 -0.128348
7 18 -0.0764312
7 19 -0.0283988
7 20 0.0152455
7 21 0.0537936
7 22 0.0868955
7 23 0.113799
7 24 0.134148
7 25 0.147764
7 26 0.154319
7 27 0.153889
7 28 0.146487
7 29 0.132366
7 30 0.11168
7 31 0.0848223
7 32 0.0522431
7 33 0.0144861
7 34 -0.0274707
7 35 -0.0730782
7 36 -0.121718
7 37 -0.172319
7 38 -0.224161
7 39 -0.276333
7 40 -0.327851
7 41 -0.377975
7 42 -0.425767
7 43 -0.470478
7 44 -0.511288
7 45 -0.547462
7 46 -0.578492
7 47 -0.603886
7 48 -0.623247
7 49 -0.636152
7 50 -0.64233
7 51 -0.641839
7 52 -0.634646
7 53 -0.620764
7 54 -0.600595
7 55 -0.574329
7 56 -0.542492
7 57 -0.505591
7 58 -0.463931
7 59 -0.418407
7 60 -0.369901
7 61 -0.319233
7 62 -0.267182
7 63 -0.214615
7 64 -0.162401
7 65 -0.111455
7 66 -0.062747
7 67 -0.0168843
7 68 0.0252268
7 69 0.0628356
7 70 0.0953212
7 71 0.122071
7 72 0.142718
7 73 0.156688
7 74 0.163662
7 75 0.163764
7 76 0.156833
7 77 0.142951
7 78 0.122026
7 79 0.0945185
7 80 0.0608968
7 81 0.0216603
7 82 -0.0225462
7 83 -0.0712768
7 84 -0.123558
7 85 -0.178795
7 86 -0.235992
7 87 -0.29444
7 88 -0.353146
7 89 -0.410917
7 90 -0.466979
7 91 -0.520774
7 92 -0.571077
7 93 -0.617191
7 94 -0.658479
7 95 -0.694238
7 96 -0.723853
7 97 -0.74703
7 98 -0.763318
7 99 -0.772409
7 100 -0.0961457
7 101 0

8 0 0
8 1 -0.0908096
8 2 -0.729462
8 3 -0.720464
8 4 -0.704555
8 5 -0.681844
8 6 -0.652685
8 7 -0.617439
8 8 -0.576839
8 9 -0.531468
8 10 -0.481882
8 11 -0.429146
8 12 -0.373986
8 13 -0.31717
8 14 -0.259856
8 15 -0.202568
8 16 -0.146357
8 17 -0.0921329
8 18 -0.0407085
8 19 0.00688263
8 20 0.0500656
8 21 0.0881886
8 22 0.12072
8 23 0.147111
8 24 0.167085
8 25 0.180234
8 26 0.186435
8 27 0.185709
8 28 0.178039
8 29 0.163647
8 30 0.14265
8 31 0.115507
8 32 0.0827745
8 33 0.0449708
8 34 0.00294753
8 35 -0.0428555
8 36 -0.0914901
8 37 -0.142123
8 38 -0.193999
8 39 -0.24624
8 40 -0.297848
8 41 -0.347906
8 42 -0.395666
8 43 -0.440401
8 44 -0.481329
8 45 -0.517527
8 46 -0.548649
8 47 -0.573954
8 48 -0.593315
8 49 -0.606138
8 50 -0.612436
8 51 -0.611934
8 52 -0.604837
8 53 -0.590951
8 54 -0.570801
8 55 -0.544639
8 56 -0.512889
8 57 -0.475904
8 58 -0.434336
8 59 -0.388816
8 60 -0.340359
8 61 -0.289714
8 62 -0.237594
8 63 -0.185054
8 64 -0.132887
8 65 -0.0819352
8 66 -0.0331575
8 67 0.0126483
8 68 0.0548568
8 69 0.0926061
8 70 0.125295
8 71 0.152384
8 72 0.173309
8 73 0.187471
8 74 0.194721
8 75 0.195181
8 76 0.188682
8 77 0.175134
8 78 0.154718
8 79 0.127696
8 80 0.0945519
8 81 0.0558732
8 82 0.0120922
8 83 -0.0361172
8 84 -0.087892
8 85 -0.142687
8 86 -0.199418
8 87 -0.257279
8 88 -0.315383
8 89 -0.372555
8 90 -0.428204
8 91 -0.481405
8 92 -0.531184
8 93 -0.576956
8 94 -0.617933
8 95 -0.653349
8 96 -0.682758
8 97 -0.705609
8 98 -0.72166
8 99 -0.730529
8 100 -0.0909248
8 101 0

9 0 0
9 1 -0.0849347
9 2 -0.682312
9 3 -0.673523
9 4 -0.657742
9 5 -0.635386
9 6 -0.606446
9 7 -0.571659
9 8 -0.531468
9 9 -0.486428
9 10 -0.437413
9 11 -0.38516
9 12 -0.330451
9 13 -0.274175
9 14 -0.217304
9 15 -0.160729
9 16 -0.105169
9 17 -0.0516068
9 18 -0.000793629
9 19 0.0462631
9 20 0.088937
9 21 0.126652
9 22 0.158608
9 23 0.184525
9 24 0.204046
9 25 0.216773
9 26 0.222612
9 27 0.221472
9 28 0.21352
9 29 0.198758
9 30 0.177479
9 31 0.15007
9 32 0.117071
9 33 0.0792069
9 34 0.037001
9 35 -0.00895462
9 36 -0.0576111
9 37 -0.108282
9 38 -0.160263
9 39 -0.212659
9 40 -0.264395
9 41 -0.314468
9 42 -0.362216
9 43 -0.406909
9 44 -0.447827
9 45 -0.484131
9 46 -0.515255
9 47 -0.540615
9 48 -0.559928
9 49 -0.572905
9 50 -0.579126
9 51 -0.578678
9 52 -0.571562
9 53 -0.557804
9 54 -0.537724
9 55 -0.511554
9 56 -0.479678
9 57 -0.442726
9 58 -0.401262
9 59 -0.355894
9 60 -0.307515
9 61 -0.256801
9 62 -0.204613
9 63 -0.152038
9 64 -0.0998829
9 65 -0.048873
9 66 -5.18281e-05
9 67 0.0458192
9 68 0.0881992
9 69 0.126173
9 70 0.159094
9 71 0.186337
9 72 0.207465
9 73 0.221993
9 74 0.229691
9 75 0.230575
9 76 0.224414
9 77 0.211212
9 78 0.191311
9 79 0.164829
9 80 0.132205
9 81 0.0941193
9 82 0.0508538
9 83 0.0032422
9 84 -0.0479787
9 85 -0.102188
9 86 -0.15823
9 87 -0.21541
9 88 -0.272792
9 89 -0.329536
9 90 -0.384665
9 91 -0.437343
9 92 -0.486689
9 93 -0.531981
9 94 -0.572531
9 95 -0.60756
9 96 -0.636568
9 97 -0.659264
9 98 -0.674967
9 99 -0.683776
9 100 -0.0851159
9 101 0

10 0 0
10 1 -0.0785473
10 2 -0.630973
10 3 -0.62233
10 4 -0.606864
10 5 -0.584775
10 6 -0.556157
10 7 -0.521618
10 8 -0.481882
10 9 -0.437413
10 10 -0.388926
10 11 -0.337185
10 12 -0.283016
10 13 -0.227253
10 14 -0.170968
10 15 -0.115113
10 16 -0.0602069
10 17 -0.00732014
10 18 0.0427654
10 19 0.0892488
10 20 0.131316
10 21 0.168497
10 22 0.199919
10 23 0.225363
10 24 0.244399
10 25 0.256715
10 26 0.262072
10 27 0.26044
10 28 0.252073
10 29 0.237059
10 30 0.215469
10 31 0.187762
10 32 0.154572
10 33 0.116531
10 34 0.0740774
10 35 0.0280415
10 36 -0.0207202
10 37 -0.0716189
10 38 -0.123649
10 39 -0.176029
10 40 -0.227872
10 41 -0.278131
10 42 -0.325919
10 43 -0.370655
10 44 -0.411566
10 45 -0.447888
10 46 -0.478985
10 47 -0.504412
10 48 -0.523695
10 49 -0.536684
10 50 -0.543021
10 51 -0.542607
10 52 -0.535447
10 53 -0.521781
10 54 -0.501802
10 55 -0.475675
10 56 -0.44384
10 57 -0.406909
10 58 -0.365463
10 59 -0.320133
10 60 -0.271676
10 61 -0.220988
10 62 -0.168798
10 63 -0.116217
10 64 -0.0640072
10 65 -0.0129626
10 66 0.036054
10 67 0.082177
10 68 0.124641
10 69 0.162741
10 70 0.19586
10 71 0.223338
10 72 0.244729
10 73 0.259677
10 74 0.267795
10 75 0.269031
10 76 0.263323
10 77 0.250697
10 78 0.231237
10 79 0.205307
10 80 0.173323
10 81 0.135756
10 82 0.0929809
10 83 0.0461354
10 84 -0.00433175
10 85 -0.0578983
10 86 -0.113221
10 87 -0.169739
10 88 -0.226551
10 89 -0.28262
10 90 -0.337231
10 91 -0.389351
10 92 -0.438204
10 93 -0.48296
10 94 -0.522975
10 95 -0.557647
10 96 -0.586289
10 97 -0.608621
10 98 -0.624202
10 99 -0.632849
10 100 -0.0787771
10 101 0

11 0 0
11 1 -0.0717404
11 2 -0.576256
11 3 -0.567768
11 4 -0.552548
11 5 -0.530739
11 6 -0.50252
11 7 -0.468485
11 8 -0.429146
11 9 -0.38516
11 10 -0.337185
11 11 -0.285897
11 12 -0.232445
11 13 -0.17742
11 14 -0.121847
11 15 -0.0665728
11 16 -0.0123456
11 17 0.0399462
11 18 0.0893653
11 19 0.135237
11 20 0.176567
11 21 0.213081
11 22 0.243797
11 23 0.268778
11 24 0.287364
11 25 0.299221
11 26 0.304094
11 27 0.301972
11 28 0.293108
11 29 0.27766
11 30 0.255804
11 31 0.227881
11 32 0.194512
11 33 0.156252
11 34 0.113509
11 35 0.0672411
11 36 0.0183055
11 37 -0.0327144
11 38 -0.084856
11 39 -0.137172
11 40 -0.188991
11 41 -0.239349
11 42 -0.287317
11 43 -0.332119
11 44 -0.373053
11 45 -0.40936
11 46 -0.44054
11 47 -0.465931
11 48 -0.48532
11 49 -0.498306
11 50 -0.504668
11 51 -0.504319
11 52 -0.497253
11 53 -0.483572
11 54 -0.463623
11 55 -0.437511
11 56 -0.405768
11 57 -0.36888
11 58 -0.327462
11 59 -0.282151
11 60 -0.233672
11 61 -0.182934
11 62 -0.130784
11 63 -0.0781473
11 64 -0.0259051
11 65 0.0252625
11 66 0.0743576
11 67 0.120694
11 68 0.163365
11 69 0.201571
11 70 0.234889
11 71 0.262664
11 72 0.28443
11 73 0.299788
11 74 0.308329
11 75 0.309987
11 76 0.304771
11 77 0.292633
11 78 0.273688
11 79 0.248353
11 80 0.216989
11 81 0.180199
11 82 0.138141
11 83 0.0920326
11 84 0.0421476
11 85 -0.0106973
11 86 -0.0654832
11 87 -0.121289
11 88 -0.177336
11 89 -0.23267
11 90 -0.286719
11 91 -0.338185
11 92 -0.386407
11 93 -0.430663
11 94 -0.470231
11 95 -0.504425
11 96 -0.532693
11 97 -0.554683
11 98 -0.569993
11 99 -0.578516
11 100 -0.0720208
11 101 0

12 0 0
12 1 -0.0646072
12 2 -0.519005
12 3 -0.510772
12 4 -0.495695
12 5 -0.474185
12 6 -0.446339
12 7 -0.4128
12 8 -0.373986
12 9 -0.330451
12 10 -0.283016
12 11 -0.232445
12 12 -0.179618
12 13 -0.12529
12 14 -0.070329
12 15 -0.0156863
12 16 0.0377738
12 17 0.0893818
12 18 0.13816
12 19 0.183192
12 20 0.223943
12 21 0.25973
12 22 0.289936
12 23 0.314294
12 24 0.332279
12 25 0.343502
12 26 0.347935
12 27 0.345447
12 28 0.33609
12 29 0.320188
12 30 0.29795
12 31 0.269812
12 32 0.236181
12 33 0.197605
12 34 0.154664
12 35 0.108161
12 36 0.0590258
12 37 0.00791551
12 38 -0.0443584
12 39 -0.0968143
12 40 -0.14862
12 41 -0.199013
12 42 -0.247047
12 43 -0.291926
12 44 -0.332794
12 45 -0.369083
12 46 -0.400285
12 47 -0.425808
12 48 -0.445261
12 49 -0.458394
12 50 -0.464743
12 51 -0.4644
12 52 -0.457497
12 53 -0.443765
12 54 -0.423705
12 55 -0.397702
12 56 -0.366
12 57 -0.329161
12 58 -0.287763
12 59 -0.242528
12 60 -0.194118
12 61 -0.143409
12 62 -0.0912265
12 63 -0.0385434
12 64 0.0138529
12 65 0.0650689
12 66 0.11427
12 67 0.160765
12 68 0.203687
12 69 0.242177
12 70 0.275706
12 71 0.303745
12 72 0.32586
12 73 0.341617
12 74 0.350569
12 75 0.352828
12 76 0.348137
12 77 0.336505
12 78 0.318228
12 79 0.293466
12 80 0.262743
12 81 0.22662
12 82 0.185383
12 83 0.139872
12 84 0.0907469
12 85 0.0386288
12 86 -0.0153917
12 87 -0.0704994
12 88 -0.125831
12 89 -0.180521
12 90 -0.23378
12 91 -0.284606
12 92 -0.332192
12 93 -0.37589
12 94 -0.414996
12 95 -0.448753
12 96 -0.47661
12 97 -0.498307
12 98 -0.513325
12 99 -0.521615
12 100 -0.0649348
12 101 0

13 0 0
13 1 -0.0572731
13 2 -0.460089
13 3 -0.452069
13 4 -0.437299
13 5 -0.416047
13 6 -0.388595
13 7 -0.355423
13 8 -0.31717
13 9 -0.274175
13 10 -0.227253
13 11 -0.17742
13 12 -0.12529
13 13 -0.0715114
13 14 -0.0172899
13 15 0.0365837
13 16 0.0893392
13 17 0.140133
13 18 0.188125
13 19 0.232477
13 20 0.272509
13 21 0.307657
13 22 0.337322
13 23 0.360915
13 24 0.37816
13 25 0.388839
13 26 0.392733
13 27 0.389851
13 28 0.38019
13 29 0.363873
13 30 0.341251
13 31 0.312711
13 32 0.278769
13 33 0.239926
13 34 0.196746
13 35 0.150141
13 36 0.100865
13 37 0.0494826
13 38 -0.00284495
13 39 -0.0553621
13 40 -0.1073
13 41 -0.157708
13 42 -0.205764
13 43 -0.250678
13 44 -0.291651
13 45 -0.328017
13 46 -0.359249
13 47 -0.384799
13 48 -0.404309
13 49 -0.417397
13 50 -0.423775
13 51 -0.423592
13 52 -0.416656
13 53 -0.40297
13 54 -0.382927
13 55 -0.357005
13 56 -0.325342
13 57 -0.288463
13 58 -0.247108
13 59 -0.201881
13 60 -0.153587
13 61 -0.102953
13 62 -0.0507775
13 63 0.00203707
13 64 0.0545732
13 65 0.10585
13 66 0.155181
13 67 0.201766
13 68 0.244874
13 69 0.283657
13 70 0.317481
13 71 0.345838
13 72 0.368341
13 73 0.384444
13 74 0.393858
13 75 0.396532
13 76 0.392345
13 77 0.381373
13 78 0.363728
13 79 0.339728
13 80 0.309791
13 81 0.274337
13 82 0.233809
13 83 0.188986
13 84 0.140629
13 85 0.089336
13 86 0.0361018
13 87 -0.0182362
13 88 -0.072858
13 89 -0.126715
13 90 -0.179216
13 91 -0.229436
13 92 -0.276437
13 93 -0.319609
13 94 -0.358151
13 95 -0.39136
13 96 -0.418846
13 97 -0.440161
13 98 -0.454988
13 99 -0.463049
13 100 -0.0576434
13 101 0

14 0 0
14 1 -0.049849
14 2 -0.400419
14 3 -0.392575
14 4 -0.378096
14 5 -0.357204
14 6 -0.330158
14 7 -0.297494
14 8 -0.259856
14 9 -0.217304
14 10 -0.170968
14 11 -0.121847
14 12 -0.070329
14 13 -0.0172899
14 14 0.0361285
14 15 0.0893634
14 16 0.141414
14 17 0.191387
14 18 0.2386
14 19 0.282241
14 20 0.321564
14 21 0.355914
14 22 0.384943
14 23 0.407811
14 24 0.42447
14 25 0.434645
14 26 0.438007
14 27 0.434618
14 28 0.424414
14 29 0.407706
14 30 0.384718
14 31 0.355772
14 32 0.321582
14 33 0.282472
14 34 0.239118
14 35 0.192386
14 36 0.142842
14 37 0.0912465
14 38 0.0388184
14 39 -0.0137794
14 40 -0.065759
14 41 -0.116199
14 42 -0.164253
14 43 -0.209207
14 44 -0.250264
14 45 -0.286718
14 46 -0.317921
14 47 -0.343594
14 48 -0.363073
14 49 -0.376232
14 50 -0.382603
14 51 -0.38253
14 52 -0.375543
14 53 -0.361942
14 54 -0.341986
14 55 -0.316117
14 56 -0.284445
14 57 -0.247683
14 58 -0.206313
14 59 -0.16105
14 60 -0.112831
14 61 -0.0622205
14 62 -0.0100656
14 63 0.0426866
14 64 0.0953446
14 65 0.14676
14 66 0.196239
14 67 0.242993
14 68 0.286256
14 69 0.325299
14 70 0.359507
14 71 0.38814
14 72 0.410911
14 73 0.42749
14 74 0.437376
14 75 0.440594
14 76 0.436956
14 77 0.426514
14 78 0.409571
14 79 0.386345
14 80 0.357157
14 81 0.322376
14 82 0.28265
14 83 0.238523
14 84 0.190946
14 85 0.14055
14 86 0.0881362
14 87 0.0345431
14 88 -0.0192921
14 89 -0.0724491
14 90 -0.124173
14 91 -0.173706
14 92 -0.220131
14 93 -0.262705
14 94 -0.300693
14 95 -0.333264
14 96 -0.360352
14 97 -0.381321
14 98 -0.395871
14 99 -0.403701
14 100 -0.0502557
14 101 0

15 0 0
15 1 -0.0424316
15 2 -0.340927
15 3 -0.333395
15 4 -0.319199
15 5 -0.298567
15 6 -0.271935
15 7 -0.239735
15 8 -0.202568
15 9 -0.160729
15 10 -0.115113
15 11 -0.0665728
15 12 -0.0156863
15 13 0.0365837
15 14 0.0893634
15 15 0.141794
15 16 0.193195
15 17 0.242359
15 18 0.288841
15 19 0.331694
15 20 0.370422
15 21 0.403943
15 22 0.432277
15 23 0.454407
15 24 0.470524
15 25 0.480132
15 26 0.482883
15 27 0.478915
15 28 0.468201
15 29 0.45102
15 30 0.4276
15 31 0.398403
15 32 0.363897
15 33 0.324601
15 34 0.28107
15 35 0.234029
15 36 0.184354
15 37 0.132704
15 38 0.0801451
15 39 0.0273768
15 40 -0.0246729
15 41 -0.0752177
15 42 -0.123438
15 43 -0.168253
15 44 -0.209261
15 45 -0.245738
15 46 -0.277027
15 47 -0.302663
15 48 -0.322219
15 49 -0.335417
15 50 -0.341846
15 51 -0.341723
15 52 -0.33486
15 53 -0.321425
15 54 -0.301449
15 55 -0.275584
15 56 -0.24399
15 57 -0.207272
15 58 -0.166139
15 59 -0.120861
15 60 -0.0725534
15 61 -0.0218959
15 62 0.0302562
15 63 0.0830357
15 64 0.135624
15 65 0.187158
15 66 0.236891
15 67 0.283716
15 68 0.327171
15 69 0.36642
15 70 0.400846
15 71 0.429952
15 72 0.453066
15 73 0.469967
15 74 0.480409
15 75 0.484281
15 76 0.481196
15 77 0.471426
15 78 0.455211
15 79 0.432617
15 80 0.404189
15 81 0.370032
15 82 0.331159
15 83 0.287823
15 84 0.241059
15 85 0.191373
15 86 0.139953
15 87 0.087136
15 88 0.0340496
15 89 -0.0185051
15 90 -0.0694578
15 91 -0.11829
15 92 -0.163987
15 93 -0.205866
15 94 -0.243276
15 95 -0.275451
15 96 -0.302178
15 97 -0.322788
15 98 -0.33703
15 99 -0.344499
15 100 -0.0428721
15 101 0

16 0 0
16 1 -0.0351705
16 2 -0.282539
16 3 -0.275175
16 4 -0.261304
16 5 -0.241091
16 6 -0.214795
16 7 -0.18304
16 8 -0.146357
16 9 -0.105169
16 10 -0.0602069
16 11 -0.0123456
16 12 0.0377738
16 13 0.0893392
16 14 0.141414
16 15 0.193195
16 16 0.243777
16 17 0.292177
16 18 0.337836
16 19 0.379968
16 20 0.41785
16 21 0.450682
16 22 0.478252
16 23 0.499796
16 24 0.515222
16 25 0.524244
16 26 0.526447
16 27 0.521995
16 28 0.510733
16 29 0.493146
16 30 0.469352
16 31 0.439807
16 32 0.405047
16 33 0.365434
16 34 0.321671
16 35 0.274499
16 36 0.224661
16 37 0.172951
16 38 0.120206
16 39 0.0673119
16 40 0.0152012
16 41 -0.0354399
16 42 -0.0835979
16 43 -0.128456
16 44 -0.169425
16 45 -0.205862
16 46 -0.237152
16 47 -0.262866
16 48 -0.282473
16 49 -0.29572
16 50 -0.302211
16 51 -0.302106
16 52 -0.295311
16 53 -0.281907
16 54 -0.26206
16 55 -0.236126
16 56 -0.204596
16 57 -0.168042
16 58 -0.126935
16 59 -0.0818536
16 60 -0.0335464
16 61 0.0171123
16 62 0.069353
16 63 0.122168
16 64 0.174797
16 65 0.226402
16 66 0.276178
16 67 0.323233
16 68 0.36681
16 69 0.406235
16 70 0.440991
16 71 0.470438
16 72 0.493936
16 73 0.511351
16 74 0.522335
16 75 0.526658
16 76 0.524129
16 77 0.515043
16 78 0.499366
16 79 0.477508
16 80 0.449825
16 81 0.416535
16 82 0.378408
16 83 0.335958
16 84 0.290038
16 85 0.24125
16 86 0.190505
16 87 0.138506
16 88 0.0862217
16 89 0.0345247
16 90 -0.015724
16 91 -0.0638761
16 92 -0.108883
16 93 -0.150112
16 94 -0.186958
16 95 -0.21868
16 96 -0.244955
16 97 -0.265209
16 98 -0.279151
16 99 -0.286404
16 100 -0.0356414
16 101 0

17 0 0
17 1 -0.0281468
17 2 -0.226178
17 3 -0.219098
17 4 -0.205548
17 5 -0.185582
17 6 -0.159665
17 7 -0.128348
17 8 -0.0921329
17 9 -0.0516068
17 10 -0.00732014
17 11 0.0399462
17 12 0.0893818
17 13 0.140133
17 14 0.191387
17 15 0.242359
17 16 0.292177
17 17 0.340031
17 18 0.384852
17 19 0.426232
17 20 0.463293
17 21 0.495435
17 22 0.522193
17 23 0.543133
17 24 0.557923
17 25 0.566304
17 26 0.567874
17 27 0.562911
17 28 0.551235
17 29 0.533127
17 30 0.509013
17 31 0.479141
17 32 0.444036
17 33 0.404233
17 34 0.360293
17 35 0.312974
17 36 0.262947
17 37 0.211167
17 38 0.158349
17 39 0.105424
17 40 0.0533418
17 41 0.00278026
17 42 -0.0454725
17 43 -0.0903702
17 44 -0.131346
17 45 -0.167787
17 46 -0.199052
17 47 -0.224745
17 48 -0.2444
17 49 -0.25761
17 50 -0.264192
17 51 -0.264101
17 52 -0.2574
17 53 -0.244105
17 54 -0.224269
17 55 -0.198467
17 56 -0.167061
17 57 -0.130516
17 58 -0.0894265
17 59 -0.0444069
17 60 0.0037432
17 61 0.0543365
17 62 0.10653
17 63 0.159419
17 64 0.21201
17 65 0.263662
17 66 0.313492
17 67 0.360711
17 68 0.40449
17 69 0.444072
17 70 0.479029
17 71 0.508803
17 72 0.532754
17 73 0.550568
17 74 0.562018
17 75 0.566876
17 76 0.564971
17 77 0.556554
17 78 0.541555
17 79 0.520393
17 80 0.493435
17 81 0.460989
17 82 0.423663
17 83 0.382202
17 84 0.337006
17 85 0.289065
17 86 0.239065
17 87 0.187912
17 88 0.136453
17 89 0.0855978
17 90 0.0360769
17 91 -0.0113169
17 92 -0.05567
17 93 -0.0963926
17 94 -0.132673
17 95 -0.163922
17 96 -0.189716
17 97 -0.209584
17 98 -0.223279
17 99 -0.230302
17 100 -0.0286563
17 101 0

18 0 0
18 1 -0.0214967
18 2 -0.172716
18 3 -0.165802
18 4 -0.15253
18 5 -0.132921
18 6 -0.107348
18 7 -0.0764312
18 8 -0.0407085
18 9 -0.000793629
18 10 0.0427654
18 11 0.0893653
18 12 0.13816
18 13 0.188125
18 14 0.2386
18 15 0.288841
18 16 0.337836
18 17 0.384852
18 18 0.428937
18 19 0.469512
18 20 0.505954
18 21 0.537386
18 22 0.563538
18 23 0.58372
18 24 0.597767
18 25 0.605477
18 26 0.606546
18 27 0.601097
18 28 0.588886
18 29 0.570434
18 30 0.545972
18 31 0.515851
18 32 0.480422
18 33 0.440245
18 34 0.396133
18 35 0.348722
18 36 0.29864
18 37 0.246828
18 38 0.194141
18 39 0.141269
18 40 0.0891585
18 41 0.0385416
18 42 -0.00965765
18 43 -0.0546087
18 44 -0.095648
18 45 -0.132085
18 46 -0.163298
18 47 -0.189027
18 48 -0.208645
18 49 -0.22191
18 50 -0.228462
18 51 -0.228448
18 52 -0.22171
18 53 -0.208502
18 54 -0.188787
18 55 -0.163111
18 56 -0.131864
18 57 -0.0954165
18 58 -0.0542629
18 59 -0.00925291
18 60 0.0387813
18 61 0.0892778
18 62 0.141383
18 63 0.194071
18 64 0.24669
18 65 0.298271
18 66 0.348191
18 67 0.395516
18 68 0.439451
18 69 0.479269
18 70 0.514481
18 71 0.544544
18 72 0.568774
18 73 0.587045
18 74 0.598891
18 75 0.604275
18 76 0.603093
18 77 0.595411
18 78 0.581068
18 79 0.560615
18 80 0.534396
18 81 0.502645
18 82 0.46611
18 83 0.425375
18 84 0.381108
18 85 0.334027
18 86 0.284867
18 87 0.234515
18 88 0.183904
18 89 0.13382
18 90 0.0850793
18 91 0.038358
18 92 -0.0052663
18 93 -0.0452564
18 94 -0.0810055
18 95 -0.111759
18 96 -0.1372
18 97 -0.156729
18 98 -0.170173
18 99 -0.177034
18 100 -0.0220295
18 101 0

19 0 0
19 1 -0.015301
19 2 -0.122955
19 3 -0.116258
19 4 -0.103176
19 5 -0.0838784
19 6 -0.0588117
19 7 -0.0283988
19 8 0.00688263
19 9 0.0462631
19 10 0.0892488
19 11 0.135237
19 12 0.183192
19 13 0.232477
19 14 0.282241
19 15 0.331694
19 16 0.379968
19 17 0.426232
19 18 0.469512
19 19 0.509368
19 20 0.545059
19 21 0.575995
19 22 0.601343
19 23 0.620814
19 24 0.634095
19 25 0.641269
19 26 0.64177
19 27 0.635758
19 28 0.623116
19 29 0.604196
19 30 0.579476
19 31 0.549122
19 32 0.513507
19 33 0.473127
19 34 0.428804
19 35 0.381301
19 36 0.331124
19 37 0.2793
19 38 0.226721
19 39 0.173914
19 40 0.121758
19 41 0.0712035
19 42 0.0230403
19 43 -0.0217926
19 44 -0.0628319
19 45 -0.0992705
19 46 -0.130444
19 47 -0.156112
19 48 -0.175764
19 49 -0.189042
19 50 -0.195669
19 51 -0.195663
19 52 -0.18898
19 53 -0.175868
19 54 -0.156243
19 55 -0.13059
19 56 -0.0993942
19 57 -0.063116
19 58 -0.0221845
19 59 0.0227153
19 60 0.0706645
19 61 0.121058
19 62 0.17307
19 63 0.225754
19 64 0.278249
19 65 0.329846
19 66 0.379748
19 67 0.427074
19 68 0.471075
19 69 0.511073
19 70 0.54656
19 71 0.576819
19 72 0.60144
19 73 0.620104
19 74 0.632462
19 75 0.638412
19 76 0.637767
19 77 0.630647
19 78 0.617007
19 79 0.597329
19 80 0.571879
19 81 0.54099
19 82 0.50513
19 83 0.465281
19 84 0.421754
19 85 0.37541
19 86 0.32707
19 87 0.277623
19 88 0.227772
19 89 0.178496
19 90 0.130414
19 91 0.0845259
19 92 0.0415154
19 93 0.00213756
19 94 -0.0330239
19 95 -0.063423
19 96 -0.0884322
19 97 -0.107597
19 98 -0.120692
19 99 -0.127374
19 100 -0.0158506
19 101 0

20 0 0
20 1 -0.00966892
20 2 -0.077655
20 3 -0.0710801
20 4 -0.0581671
20 5 -0.0391893
20 6 -0.0146599
20 7 0.0152455
20 8 0.0500656
20 9 0.088937
20 10 0.131316
20 11 0.176567
20 12 0.223943
20 13 0.272509
20 14 0.321564
20 15 0.370422
20 16 0.41785
20 17 0.463293
20 18 0.505954
20 19 0.545059
20 20 0.580086
20 21 0.610165
20 22 0.634877
20 23 0.653642
20 24 0.66637
20 25 0.672876
20 26 0.672838
20 27 0.666383
20 28 0.653347
20 29 0.634134
20 30 0.609117
20 31 0.578537
20 32 0.542643
20 33 0.502168
20 34 0.457841
20 35 0.410215
20 36 0.359956
20 37 0.308218
20 38 0.255574
20 39 0.202823
20 40 0.150717
20 41 0.100262
20 42 0.0522689
20 43 0.00752624
20 44 -0.0334474
20 45 -0.0699347
20 46 -0.10117
20 47 -0.126697
20 48 -0.146274
20 49 -0.159678
20 50 -0.166305
20 51 -0.166353
20 52 -0.159739
20 53 -0.146609
20 54 -0.127056
20 55 -0.101592
20 56 -0.0705157
20 57 -0.0343394
20 58 0.00647138
20 59 0.0512854
20 60 0.0990189
20 61 0.149232
20 62 0.201076
20 63 0.253621
20 64 0.30606
20 65 0.357722
20 66 0.407675
20 67 0.455043
20 68 0.499066
20 69 0.539224
20 70 0.574778
20 71 0.605327
20 72 0.630269
20 73 0.64922
20 74 0.661955
20 75 0.668412
20 76 0.668273
20 77 0.661757
20 78 0.648924
20 79 0.629939
20 80 0.605165
20 81 0.575014
20 82 0.540009
20 83 0.500822
20 84 0.458272
20 85 0.412793
20 86 0.365167
20 87 0.316488
20 88 0.267417
20 89 0.21878
20 90 0.171511
20 91 0.126233
20 92 0.0839694
20 93 0.0452286
20 94 0.0105736
20 95 -0.0192698
20 96 -0.0438998
20 97 -0.0627095
20 98 -0.0755696
20 99 -0.0820837
20 100 -0.0102149
20 101 0

21 0 0
21 1 -0.00466644
21 2 -0.0375104
21 3 -0.0311454
21 4 -0.0184193
21 5 0.00024027
21 6 0.0243779
21 7 0.0537936
21 8 0.0881886
21 9 0.126652
21 10 0.168497
21 11 0.213081
21 12 0.25973
21 13 0.307657
21 14 0.355914
21 15 0.403943
21 16 0.450682
21 17 0.495435
21 18 0.537386
21 19 0.575995
21 20 0.610165
21 21 0.639598
21 22 0.663521
21 23 0.681696
21 24 0.693805
21 25 0.699775
21 26 0.699255
21 27 0.69231
21 28 0.678963
21 29 0.659454
21 30 0.634165
21 31 0.603418
21 32 0.567417
21 33 0.526924
21 34 0.482437
21 35 0.434669
21 36 0.384454
21 37 0.332754
21 38 0.28019
21 39 0.227561
21 40 0.175578
21 41 0.125261
21 42 0.0773918
21 43 0.0327314
21 44 -0.00816226
21 45 -0.0445289
21 46 -0.0757634
21 47 -0.101212
21 48 -0.120707
21 49 -0.134
21 50 -0.140603
21 51 -0.140711
21 52 -0.134258
21 53 -0.121318
21 54 -0.101922
21 55 -0.076502
21 56 -0.0455107
21 57 -0.00948001
21 58 0.0310818
21 59 0.0757075
21 60 0.123235
21 61 0.173224
21 62 0.224993
21 63 0.277464
21 64 0.329757
21 65 0.381263
21 66 0.43116
21 67 0.478629
21 68 0.522713
21 69 0.562886
21 70 0.59862
21 71 0.62933
21 72 0.654449
21 73 0.673727
21 74 0.686865
21 75 0.693811
21 76 0.694253
21 77 0.688246
21 78 0.676029
21 79 0.657678
21 80 0.63356
21 81 0.604305
21 82 0.570077
21 83 0.531734
21 84 0.489747
21 85 0.445092
21 86 0.398301
21 87 0.350482
21 88 0.302128
21 89 0.254323
21 90 0.207746
21 91 0.163279
21 92 0.121553
21 93 0.0832622
21 94 0.0491217
21 95 0.0197113
21 96 -0.0044092
21 97 -0.0229817
21 98 -0.0355517
21 99 -0.0418681
21 100 -0.00520647
21 101 0

22 0 0
22 1 -0.00039498
22 2 -0.00311391
22 3 0.00316779
22 4 0.0155892
22 5 0.0339942
22 6 0.057823
22 7 0.0868955
22 8 0.12072
22 9 0.158608
22 10 0.199919
22 11 0.243797
22 12 0.289936
22 13 0.337322
22 14 0.384943
22 15 0.432277
22 16 0.478252
22 17 0.522193
22 18 0.563538
22 19 0.601343
22 20 0.634877
22 21 0.663521
22 22 0.686943
22 23 0.704531
22 24 0.716158
22 25 0.721557
22 26 0.720664
22 27 0.713415
22 28 0.699753
22 29 0.679939
22 30 0.654345
22 31 0.623327
22 32 0.587236
22 33 0.54662
22 34 0.502116
22 35 0.454407
22 36 0.40427
22 37 0.35266
22 38 0.300143
22 39 0.247706
22 40 0.195871
22 41 0.145656
22 42 0.0979767
22 43 0.0534579
22 44 0.0128368
22 45 -0.0233852
22 46 -0.0544919
22 47 -0.0800212
22 48 -0.0995072
22 49 -0.112857
22 50 -0.119422
22 51 -0.119626
22 52 -0.113152
22 53 -0.100331
22 54 -0.0809698
22 55 -0.0556466
22 56 -0.0248148
22 57 0.0109568
22 58 0.0513613
22 59 0.0957372
22 60 0.143074
22 61 0.19285
22 62 0.244275
22 63 0.296545
22 64 0.348758
22 65 0.400118
22 66 0.449917
22 67 0.497421
22 68 0.541537
22 69 0.581711
22 70 0.617608
22 71 0.648516
22 72 0.673868
22 73 0.693472
22 74 0.706966
22 75 0.71421
22 76 0.715107
22 77 0.709616
22 78 0.697896
22 79 0.680167
22 80 0.656831
22 81 0.628259
22 82 0.594877
22 83 0.55719
22 84 0.516074
22 85 0.472164
22 86 0.426275
22 87 0.379158
22 88 0.331518
22 89 0.284309
22 90 0.238432
22 91 0.194539
22 92 0.153566
22 93 0.115879
22 94 0.0821703
22 95 0.0532073
22 96 0.0294182
22 97 0.01125
22 98 -0.00113535
22 99 -0.00734059
22 100 -0.000911271
22 101 0

23 0 0
23 1 0.00311878
23 2 0.0250087
23 3 0.0310643
23 4 0.0433333
23 5 0.0615044
23 6 0.0851218
23 7 0.113799
23 8 0.147111
23 9 0.184525
23 10 0.225363
23 11 0.268778
23 12 0.314294
23 13 0.360915
23 14 0.407811
23 15 0.454407
23 16 0.499796
23 17 0.543133
23 18 0.58372
23 19 0.620814
23 20 0.653642
23 21 0.681696
23 22 0.704531
23 23 0.721612
23 24 0.732828
23 25 0.737735
23 26 0.73641
23 27 0.728874
23 28 0.714972
23 29 0.694978
23 30 0.669231
23 31 0.638054
23 32 0.601833
23 33 0.561238
23 34 0.516761
23 35 0.469105
23 36 0.419152
23 37 0.367455
23 38 0.315093
23 39 0.262833
23 40 0.21116
23 41 0.161185
23 42 0.113665
23 43 0.0693359
23 44 0.0288249
23 45 -0.00709642
23 46 -0.0380403
23 47 -0.0633866
23 48 -0.0829596
23 49 -0.0963025
23 50 -0.103005
23 51 -0.103174
23 52 -0.0967514
23 53 -0.0838869
23 54 -0.0646116
23 55 -0.0395005
23 56 -0.00901489
23 57 0.0265914
23 58 0.0666443
23 59 0.110811
23 60 0.157958
23 61 0.207522
23 62 0.258699
23 63 0.310784
23 64 0.362871
23 65 0.414067
23 66 0.463786
23 67 0.511163
23 68 0.555308
23 69 0.595525
23 70 0.631456
23 71 0.662433
23 72 0.687927
23 73 0.707737
23 74 0.721487
23 75 0.72909
23 76 0.730372
23 77 0.725331
23 78 0.71421
23 79 0.69707
23 80 0.674374
23 81 0.646468
23 82 0.613727
23 83 0.576853
23 84 0.536416
23 85 0.493219
23 86 0.448212
23 87 0.401934
23 88 0.355055
23 89 0.308513
23 90 0.263306
23 91 0.220069
23 92 0.179606
23 93 0.142354
23 94 0.109076
23 95 0.0805291
23 96 0.0570857
23 97 0.0391915
23 98 0.0271007
23 99 0.0210072
23 100 0.00261586
23 101 0

24 0 0
24 1 0.00578146
24 2 0.0464987
24 3 0.0525352
24 4 0.0645756
24 5 0.0825261
24 6 0.105842
24 7 0.134148
24 8 0.167085
24 9 0.204046
24 10 0.244399
24 11 0.287364
24 12 0.332279
24 13 0.37816
24 14 0.42447
24 15 0.470524
24 16 0.515222
24 17 0.557923
24 18 0.597767
24 19 0.634095
24 20 0.66637
24 21 0.693805
24 22 0.716158
24 23 0.732828
24 24 0.743666
24 25 0.748167
24 26 0.74646
24 27 0.738613
24 28 0.724464
24 29 0.704372
24 30 0.678502
24 31 0.647194
24 32 0.610891
24 33 0.570285
24 34 0.525952
24 35 0.478456
24 36 0.428604
24 37 0.377117
24 38 0.324881
24 39 0.272874
24 40 0.221445
24 41 0.171636
24 42 0.12441
24 43 0.0803423
24 44 0.0399899
24 45 0.00413037
24 46 -0.0266208
24 47 -0.0518456
24 48 -0.0712734
24 49 -0.0845563
24 50 -0.0912987
24 51 -0.0915344
24 52 -0.0852571
24 53 -0.0723389
24 54 -0.053223
24 55 -0.0283554
24 56 0.00192672
24 57 0.0372832
24 58 0.0771838
24 59 0.121008
24 60 0.167951
24 61 0.217259
24 62 0.268175
24 63 0.319978
24 64 0.371788
24 65 0.422785
24 66 0.472224
24 67 0.519414
24 68 0.563522
24 69 0.603769
24 70 0.639673
24 71 0.670754
24 72 0.696389
24 73 0.716403
24 74 0.730446
24 75 0.738334
24 76 0.739941
24 77 0.735389
24 78 0.724776
24 79 0.708086
24 80 0.685948
24 81 0.658616
24 82 0.626624
24 83 0.590453
24 84 0.550792
24 85 0.508392
24 86 0.464032
24 87 0.418435
24 88 0.372321
24 89 0.326495
24 90 0.281921
24 91 0.239254
24 92 0.199304
24 93 0.16254
24 94 0.129753
24 95 0.101596
24 96 0.07839
24 97 0.0607696
24 98 0.048888
24 99 0.0427933
24 100 0.00531449
24 101 0

25 0 0
25 1 0.00760304
25 2 0.0610973
25 3 0.0670195
25 4 0.0789453
25 5 0.0966129
25 6 0.119716
25 7 0.147764
25 8 0.180234
25 9 0.216773
25 10 0.256715
25 11 0.299221
25 12 0.343502
25 13 0.388839
25 14 0.434645
25 15 0.480132
25 16 0.524244
25 17 0.566304
25 18 0.605477
25 19 0.641269
25 20 0.672876
25 21 0.699775
25 22 0.721557
25 23 0.737735
25 24 0.748167
25 25 0.752448
25 26 0.75054
25 27 0.74243
25 28 0.728124
25 29 0.707846
25 30 0.681961
25 31 0.650581
25 32 0.614353
25 33 0.573817
25 34 0.529544
25 35 0.482262
25 36 0.432598
25 37 0.381349
25 38 0.329479
25 39 0.277628
25 40 0.226407
25 41 0.176803
25 42 0.129774
25 43 0.0859979
25 44 0.0458973
25 45 0.0102229
25 46 -0.0203322
25 47 -0.0453687
25 48 -0.064687
25 49 -0.0777377
25 50 -0.0845128
25 51 -0.084756
25 52 -0.0786186
25 53 -0.0659159
25 54 -0.0470493
25 55 -0.0223523
25 56 0.00771581
25 57 0.0428988
25 58 0.0825085
25 59 0.125974
25 60 0.172658
25 61 0.221696
25 62 0.27237
25 63 0.323897
25 64 0.375343
25 65 0.426101
25 66 0.475259
25 67 0.522243
25 68 0.566204
25 69 0.606385
25 70 0.642411
25 71 0.673493
25 72 0.699207
25 73 0.719245
25 74 0.733516
25 75 0.741588
25 76 0.743481
25 77 0.73934
25 78 0.729113
25 79 0.712928
25 80 0.691319
25 81 0.66473
25 82 0.633424
25 83 0.597964
25 84 0.558935
25 85 0.51716
25 86 0.473468
25 87 0.428482
25 88 0.383044
25 89 0.337984
25 90 0.293878
25 91 0.251748
25 92 0.212297
25 93 0.176079
25 94 0.143759
25 95 0.115906
25 96 0.0929726
25 97 0.0754893
25 98 0.063767
25 99 0.0577932
25 100 0.0071841
25 101 0

26 0 0
26 1 0.00855599
26 2 0.0686521
26 3 0.0744011
26 4 0.0862199
26 5 0.103622
26 6 0.126556
26 7 0.154319
26 8 0.186435
26 9 0.222612
26 10 0.262072
26 11 0.304094
26 12 0.347935
26 13 0.392733
26 14 0.438007
26 15 0.482883
26 16 0.526447
26 17 0.567874
26 18 0.606546
26 19 0.64177
26 20 0.672838
26 21 0.699255
26 22 0.720664
26 23 0.73641
26 24 0.74646
26 25 0.75054
26 26 0.748412
26 27 0.740103
26 28 0.72563
26 29 0.705384
26 30 0.679434
26 31 0.64815
26 32 0.6121
26 33 0.57164
26 34 0.527456
26 35 0.480367
26 36 0.430984
26 37 0.38005
26 38 0.328431
26 39 0.276878
26 40 0.225934
26 41 0.176604
26 42 0.129791
26 43 0.0863052
26 44 0.0465091
26 45 0.0111259
26 46 -0.0191342
26 47 -0.0441289
26 48 -0.0632351
26 49 -0.0761968
26 50 -0.0828576
26 51 -0.0832172
