0 0 0
0 1 0
0 2 0
0 3 0
0 4 0
0 5 0
0 6 0
0 7 0
0 8 0
0 9 0
0 10 0
0 11 0
0 12 0
0 13 0
0 14 0
0 15 0
0 16 0
0 17 0
0 18 0
0 19 0
0 20 0
0 21 0
0 22 0
0 23 0
0 24 0
0 25 0
0 26 0
0 27 0
0 28 0
0 29 0
0 30 0
0 31 0
0 32 0
0 33 0
0 34 0
0 35 0
0 36 0
0 37 0
0 38 0
0 39 0
0 40 0
0 41 0
0 42 0
0 43 0
0 44 0
0 45 0
0 46 0
0 47 0
0 48 0
0 49 0
0 50 0
0 51 0
0 52 0
0 53 0
0 54 0
0 55 0
0 56 0
0 57 0
0 58 0
0 59 0
0 60 0
0 61 0
0 62 0
0 63 0
0 64 0
0 65 0
0 66 0
0 67 0
0 68 0
0 69 0
0 70 0
0 71 0
0 72 0
0 73 0
0 74 0
0 75 0
0 76 0
0 77 0
0 78 0
0 79 0
0 80 0
0 81 0
0 82 0
0 83 0
0 84 0
0 85 0
0 86 0
0 87 0
0 88 0
0 89 0
0 90 0
0 91 0
0 92 0
0 93 0
0 94 0
0 95 0
0 96 0
0 97 0
0 98 0
0 99 0
0 100 0
0 101 0

1 0 0
1 1 0
1 2 -0.130323
1 3 -0.129039
1 4 -0.126715
1 5 -0.123375
1 6 -0.119069
1 7 -0.113874
1 8 -0.107871
1 9 -0.101158
1 10 -0.0938371
1 11 -0.0860367
1 12 -0.0778716
1 13 -0.0694755
1 14 -0.0609884
1 15 -0.0525377
1 16 -0.0442566
1 17 -0.0362895
1 18 -0.0287616
1 19 -0.0217993
1 20 -0.0155122
1 21 -0.00999913
1 22 -0.00534924
1 23 -0.00163042
1 24 0.00110286
1 25 0.00279711
1 26 0.00343615
1 27 0.00301995
1 28 0.00155143
1 29 -0.000951685
1 30 -0.00444418
1 31 -0.00886952
1 32 -0.0141468
1 33 -0.0201865
1 34 -0.0268869
1 35 -0.0341312
1 36 -0.0418224
1 37 -0.0498143
1 38 -0.0579768
1 39 -0.0661786
1 40 -0.0742879
1 41 -0.0821668
1 42 -0.0896729
1 43 -0.0966936
1 44 -0.10312
1 45 -0.108837
1 46 -0.113749
1 47 -0.117772
1 48 -0.120846
1 49 -0.122917
1 50 -0.123942
1 51 -0.123929
1 52 -0.122851
1 53 -0.120744
1 54 -0.117635
1 55 -0.113577
1 56 -0.108632
1 57 -0.102878
1 58 -0.0964239
1 59 -0.089374
1 60 -0.0818409
1 61 -0.0739455
1 62 -0.0658151
1 63 -0.0575895
1 64 -0.0494083
1 65 -0.0414147
1 66 -0.0337327
1 67 -0.0264757
1 68 -0.0197751
1 69 -0.0137351
1 70 -0.00847276
1 71 -0.00406128
1 72 -0.000572459
1 73 0.00190428
1 74 0.00334146
1 75 0.00373889
1 76 0.00307227
1 77 0.00134705
1 78 -0.00141251
1 79 -0.00516973
1 80 -0.00985181
1 81 -0.0153991
1 82 -0.0217149
1 83 -0.0286945
1 84 -0.0362399
1 85 -0.0442263
1 86 -0.0525278
1 87 -0.0610148
1 88 -0.0695345
1 89 -0.077951
1 90 -0.0861326
1 91 -0.0939585
1 92 -0.101298
1 93 -0.10803
1 94 -0.114049
1 95 -0.119264
1 96 -0.123577
1 97 -0.126933
1 98 -0.129279
1 99 -0.130558
1 100 0
1 101 0

2 0 0
2 1 -0.130323
2 2 -1.04765
2 3 -1.03732
2 4 -1.01859
2 5 -0.991714
2 6 -0.957121
2 7 -0.915373
2 8 -0.867128
2 9 -0.813162
2 10 -0.754334
2 11 -0.691611
2 12 -0.625976
2 13 -0.55849
2 14 -0.490238
2 15 -0.422306
2 16 -0.355778
2 17 -0.291736
2 18 -0.231235
2 19 -0.175256
2 20 -0.124699
2 21 -0.0803744
2 22 -0.0429741
2 23 -0.0130778
2 24 0.00885775
2 25 0.0225117
2 26 0.0276834
2 27 0.024308
2 28 0.0124632
2 29 -0.00765837
2 30 -0.0357285
2 31 -0.0712767
2 32 -0.113683
2 33 -0.162228
2 34 -0.216087
2 35 -0.274386
2 36 -0.336163
2 37 -0.400399
2 38 -0.466027
2 39 -0.531974
2 40 -0.597157
2 41 -0.660472
2 42 -0.720852
2 43 -0.777306
2 44 -0.828921
2 45 -0.874851
2 46 -0.914324
2 47 -0.946677
2 48 -0.971381
2 49 -0.988025
2 50 -0.996328
2 51 -0.996165
2 52 -0.987537
2 53 -0.97058
2 54 -0.945579
2 55 -0.912939
2 56 -0.873191
2 57 -0.826985
2 58 -0.775103
2 59 -0.718415
2 60 -0.657838
2 61 -0.594353
2 62 -0.52902
2 63 -0.46293
2 64 -0.39719
2 65 -0.332898
2 66 -0.271086
2 67 -0.212773
2 68 -0.15891
2 69 -0.110407
2 70 -0.0680786
2 71 -0.0326332
2 72 -0.00467963
2 73 0.0152849
2 74 0.0269455
2 75 0.0301258
2 76 0.0247504
2 77 0.0108702
2 78 -0.0113284
2 79 -0.0415119
2 80 -0.0791915
2 81 -0.123769
2 82 -0.174541
2 83 -0.230698
2 84 -0.291366
2 85 -0.355576
2 86 -0.422307
2 87 -0.490463
2 88 -0.558927
2 89 -0.6266
2 90 -0.692399
2 91 -0.755296
2 92 -0.814277
2 93 -0.868404
2 94 -0.916792
2 95 -0.958672
2 96 -0.99337
2 97 -1.02035
2 98 -1.03918
2 99 -1.04955
2 100 -0.130558
2 101 0

3 0 0
3 1 -0.129039
3 2 -1.03732
3 3 -1.02701
3 4 -1.00824
3 5 -0.981389
3 6 -0.94689
3 7 -0.905234
3 8 -0.857115
3 9 -0.803247
3 10 -0.744571
3 11 -0.68195
3 12 -0.616452
3 13 -0.549114
3 14 -0.480977
3 15 -0.413178
3 16 -0.34684
3 17 -0.282952
3 18 -0.222593
3 19 -0.166722
3 20 -0.116258
3 21 -0.0720063
3 22 -0.0346701
3 23 -0.00484399
3 24 0.0170151
3 25 0.0306678
3 26 0.0358374
3 27 0.0324141
3 28 0.0205121
3 29 0.000379639
3 30 -0.0276557
3 31 -0.0631148
3 32 -0.105446
3 33 -0.153908
3 34 -0.20769
3 35 -0.265972
3 36 -0.327608
3 37 -0.391725
3 38 -0.457263
3 39 -0.52313
3 40 -0.588199
3 41 -0.651402
3 42 -0.711739
3 43 -0.768123
3 44 -0.819602
3 45 -0.865415
3 46 -0.904799
3 47 -0.93712
3 48 -0.96178
3 49 -0.978399
3 50 -0.986756
3 51 -0.986543
3 52 -0.977957
3 53 -0.961008
3 54 -0.93604
3 55 -0.903435
3 56 -0.863761
3 57 -0.817692
3 58 -0.765896
3 59 -0.709271
3 60 -0.648754
3 61 -0.585358
3 62 -0.52016
3 63 -0.454221
3 64 -0.388619
3 65 -0.324375
3 66 -0.262586
3 67 -0.204381
3 68 -0.150614
3 69 -0.102236
3 70 -0.059949
3 71 -0.0245753
3 72 0.00325723
3 73 0.023276
3 74 0.0350681
3 75 0.038271
3 76 0.0329135
3 77 0.019055
3 78 -0.00311431
3 79 -0.0332046
3 80 -0.0708433
3 81 -0.115315
3 82 -0.165981
3 83 -0.222075
3 84 -0.282629
3 85 -0.34672
3 86 -0.413295
3 87 -0.481214
3 88 -0.549508
3 89 -0.617054
3 90 -0.682756
3 91 -0.745509
3 92 -0.804355
3 93 -0.858368
3 94 -0.906665
3 95 -0.948414
3 96 -0.983076
3 97 -1.01
3 98 -1.02876
3 99 -1.03921
3 100 -0.129282
3 101 0

4 0 0
4 1 -0.126715
4 2 -1.01859
4 3 -1.00824
4 4 -0.989533
4 5 -0.962776
4 6 -0.9284
4 7 -0.886872
4 8 -0.838804
4 9 -0.785098
4 10 -0.726508
4 11 -0.663993
4 12 -0.598615
4 13 -0.53146
4 14 -0.463444
4 15 -0.395867
4 16 -0.329665
4 17 -0.265966
4 18 -0.205782
4 19 -0.150041
4 20 -0.0997041
4 21 -0.0556332
4 22 -0.0184045
4 23 0.0113726
4 24 0.0331931
4 25 0.046741
4 26 0.0518628
4 27 0.0484128
4 28 0.036509
4 29 0.0163793
4 30 -0.0116257
4 31 -0.0471093
4 32 -0.0893601
4 33 -0.137808
4 34 -0.191533
4 35 -0.249722
4 36 -0.311233
4 37 -0.375281
4 38 -0.440778
4 39 -0.506499
4 40 -0.571438
4 41 -0.634515
4 42 -0.694755
4 43 -0.751083
4 44 -0.802489
4 45 -0.848234
4 46 -0.887519
4 47 -0.919789
4 48 -0.944395
4 49 -0.961024
4 50 -0.969356
4 51 -0.969173
4 52 -0.960556
4 53 -0.943644
4 54 -0.918709
4 55 -0.886195
4 56 -0.846605
4 57 -0.800628
4 58 -0.748942
4 59 -0.692349
4 60 -0.631874
4 61 -0.568609
4 62 -0.503535
4 63 -0.437725
4 64 -0.372215
4 65 -0.30808
4 66 -0.246398
4 67 -0.18826
4 68 -0.134517
4 69 -0.0862241
4 70 -0.0439421
4 71 -0.00864361
4 72 0.0191518
4 73 0.0391855
4 74 0.0509976
4 75 0.0542504
4 76 0.0489536
4 77 0.035139
4 78 0.0130753
4 79 -0.0168883
4 80 -0.0543726
4 81 -0.0987268
4 82 -0.149302
4 83 -0.205272
4 84 -0.2657
4 85 -0.329627
4 86 -0.395988
4 87 -0.463739
4 88 -0.531797
4 89 -0.599235
4 90 -0.66478
4 91 -0.727482
4 92 -0.786211
4 93 -0.840134
4 94 -0.888248
4 95 -0.929906
4 96 -0.964484
4 97 -0.991309
4 98 -1.00999
4 99 -1.02044
4 100 -0.126951
4 101 0

5 0 0
5 1 -0.123375
5 2 -0.991714
5 3 -0.981389
5 4 -0.962776
5 5 -0.936157
5 6 -0.901917
5 7 -0.860449
5 8 -0.812477
5 9 -0.758841
5 10 -0.700409
5 11 -0.638071
5 12 -0.572866
5 13 -0.505855
5 14 -0.438065
5 15 -0.370676
5 16 -0.304611
5 17 -0.241112
5 18 -0.181116
5 19 -0.125548
5 20 -0.0754193
5 21 -0.0314847
5 22 0.0056337
5 23 0.0353644
5 24 0.0570817
5 25 0.0705323
5 26 0.0755715
5 27 0.0721319
5 28 0.0602146
5 29 0.0401047
5 30 0.0120457
5 31 -0.0234226
5 32 -0.0656527
5 33 -0.114041
5 34 -0.167708
5 35 -0.225782
5 36 -0.287227
5 37 -0.351276
5 38 -0.416738
5 39 -0.482385
5 40 -0.547295
5 41 -0.610237
5 42 -0.670324
5 43 -0.726568
5 44 -0.77797
5 45 -0.823637
5 46 -0.862815
5 47 -0.895019
5 48 -0.919606
5 49 -0.936214
5 50 -0.944566
5 51 -0.944411
5 52 -0.935787
5 53 -0.918876
5 54 -0.893987
5 55 -0.861528
5 56 -0.821974
5 57 -0.776082
5 58 -0.724484
5 59 -0.667998
5 60 -0.607648
5 61 -0.544453
5 62 -0.479488
5 63 -0.413704
5 64 -0.348248
5 65 -0.284195
5 66 -0.222601
5 67 -0.16452
5 68 -0.11084
5 69 -0.0625584
5 70 -0.0203539
5 71 0.0149371
5 72 0.0427475
5 73 0.0628125
5 74 0.0746139
5 75 0.0778887
5 76 0.0726785
5 77 0.0589689
5 78 0.0369615
5 79 0.00711231
5 80 -0.0302583
5 81 -0.0744517
5 82 -0.124866
5 83 -0.180648
5 84 -0.240871
5 85 -0.304629
5 86 -0.37076
5 87 -0.438341
5 88 -0.506258
5 89 -0.573429
5 90 -0.638793
5 91 -0.701339
5 92 -0.759993
5 93 -0.813785
5 94 -0.861849
5 95 -0.903383
5 96 -0.937816
5 97 -0.964499
5 98 -0.98314
5 99 -0.993521
5 100 -0.123601
5 101 0

6 0 0
6 1 -0.119069
6 2 -0.957121
6 3 -0.94689
6 4 -0.9284
6 5 -0.901917
6 6 -0.867739
6 7 -0.82639
6 8 -0.778539
6 9 -0.725046
6 10 -0.666841
6 11 -0.604639
6 12 -0.539622
6 13 -0.472779
6 14 -0.405243
6 15 -0.337991
6 16 -0.272111
6 17 -0.208787
6 18 -0.149002
6 19 -0.093658
6 20 -0.0436542
6 21 0.000142371
6 22 0.0371265
6 23 0.0667437
6 24 0.0883482
6 25 0.101674
6 26 0.106683
6 27 0.103156
6 28 0.0911798
6 29 0.0710384
6 30 0.0429288
6 31 0.00743647
6 32 -0.0348414
6 33 -0.0831395
6 34 -0.136776
6 35 -0.194785
6 36 -0.256229
6 37 -0.320232
6 38 -0.385616
6 39 -0.451215
6 40 -0.516053
6 41 -0.578924
6 42 -0.638859
6 43 -0.694979
6 44 -0.746316
6 45 -0.79192
6 46 -0.831045
6 47 -0.863179
6 48 -0.887767
6 49 -0.904328
6 50 -0.912613
6 51 -0.912492
6 52 -0.903958
6 53 -0.887108
6 54 -0.862252
6 55 -0.829839
6 56 -0.790296
6 57 -0.744404
6 58 -0.692907
6 59 -0.636615
6 60 -0.576373
6 61 -0.51326
6 62 -0.448367
6 63 -0.382637
6 64 -0.317284
6 65 -0.253281
6 66 -0.191813
6 67 -0.133754
6 68 -0.0800804
6 69 -0.0317626
6 70 0.0103586
6 71 0.0456914
6 72 0.0736113
6 73 0.0936946
6 74 0.10554
6 75 0.108885
6 76 0.103726
6 77 0.0901027
6 78 0.0682454
6 79 0.0385027
6 80 0.0012468
6 81 -0.0427954
6 82 -0.0929506
6 83 -0.148575
6 84 -0.208592
6 85 -0.272068
6 86 -0.338025
6 87 -0.405478
6 88 -0.473286
6 89 -0.540181
6 90 -0.605368
6 91 -0.667711
6 92 -0.726201
6 93 -0.779844
6 94 -0.827783
6 95 -0.869209
6 96 -0.903479
6 97 -0.930064
6 98 -0.948603
6 99 -0.958878
6 100 -0.119287
6 101 0

7 0 0
7 1 -0.113874
7 2 -0.915373
7 3 -0.905234
7 4 -0.886872
7 5 -0.860449
7 6 -0.82639
7 7 -0.785159
7 8 -0.737484
7 9 -0.684206
7 10 -0.626162
7 11 -0.564187
7 12 -0.499311
7 13 -0.432706
7 14 -0.36538
7 15 -0.29832
7 16 -0.232697
7 17 -0.169598
7 18 -0.110028
7 19 -0.0548804
7 20 -0.00500644
7 21 0.0386678
7 22 0.0755111
7 23 0.104958
7 24 0.126485
7 25 0.139734
7 26 0.144542
7 27 0.140916
7 28 0.128857
7 29 0.10864
7 30 0.0804848
7 31 0.0449552
7 32 0.00271561
7 33 -0.045586
7 34 -0.0992379
7 35 -0.157252
7 36 -0.21867
7 37 -0.282591
7 38 -0.347861
7 39 -0.413375
7 40 -0.478138
7 41 -0.541013
7 42 -0.600901
7 43 -0.656892
7 44 -0.708133
7 45 -0.753658
7 46 -0.792745
7 47 -0.824855
7 48 -0.849445
7 49 -0.865954
7 50 -0.874186
7 51 -0.874103
7 52 -0.865596
7 53 -0.848786
7 54 -0.823971
7 55 -0.791548
7 56 -0.75209
7 57 -0.706254
7 58 -0.654893
7 59 -0.598692
7 60 -0.538562
7 61 -0.475541
7 62 -0.410662
7 63 -0.34497
7 64 -0.279657
7 65 -0.215811
7 66 -0.154362
7 67 -0.0963483
7 68 -0.042666
7 69 0.00565558
7 70 0.0477444
7 71 0.0831336
7 72 0.11112
7 73 0.131216
7 74 0.143113
7 75 0.146652
7 76 0.141619
7 77 0.128112
7 78 0.106398
7 79 0.0767443
7 80 0.0396857
7 81 -0.00417408
7 82 -0.0542234
7 83 -0.109646
7 84 -0.169457
7 85 -0.232669
7 86 -0.29841
7 87 -0.365658
7 88 -0.433188
7 89 -0.499934
7 90 -0.564905
7 91 -0.627089
7 92 -0.685348
7 93 -0.73873
7 94 -0.786459
7 95 -0.827723
7 96 -0.861985
7 97 -0.888506
7 98 -0.906939
7 99 -0.917061
7 100 -0.11408
7 101 0

8 0 0
8 1 -0.107871
8 2 -0.867128
8 3 -0.857115
8 4 -0.838804
8 5 -0.812477
8 6 -0.778539
8 7 -0.737484
8 8 -0.690031
8 9 -0.636927
8 10 -0.579078
8 11 -0.517337
8 12 -0.452708
8 13 -0.386338
8 14 -0.319255
8 15 -0.25238
8 16 -0.187037
8 17 -0.12415
8 18 -0.0647506
8 19 -0.0097603
8 20 0.039886
8 21 0.0833949
8 22 0.120067
8 23 0.149294
8 24 0.170722
8 25 0.183896
8 26 0.188542
8 27 0.184765
8 28 0.172635
8 29 0.152383
8 30 0.124193
8 31 0.0886483
8 32 0.0463175
8 33 -0.00197586
8 34 -0.0556298
8 35 -0.11365
8 36 -0.175057
8 37 -0.238894
8 38 -0.304112
8 39 -0.369557
8 40 -0.434221
8 41 -0.497087
8 42 -0.556962
8 43 -0.612911
8 44 -0.664092
8 45 -0.709578
8 46 -0.748627
8 47 -0.780626
8 48 -0.805208
8 49 -0.821702
8 50 -0.829942
8 51 -0.829844
8 52 -0.821341
8 53 -0.804528
8 54 -0.779748
8 55 -0.747405
8 56 -0.708044
8 57 -0.66231
8 58 -0.610996
8 59 -0.554832
8 60 -0.494779
8 61 -0.43183
8 62 -0.366991
8 63 -0.301334
8 64 -0.236134
8 65 -0.172309
8 66 -0.110856
8 67 -0.0528437
8 68 0.000774225
8 69 0.0491134
8 70 0.0912104
8 71 0.126653
8 72 0.154718
8 73 0.17491
8 74 0.186901
8 75 0.190495
8 76 0.185542
8 77 0.172199
8 78 0.15067
8 79 0.121189
8 80 0.0843304
8 81 0.0406553
8 82 -0.00922506
8 83 -0.0644345
8 84 -0.124019
8 85 -0.187028
8 86 -0.252569
8 87 -0.319527
8 88 -0.386859
8 89 -0.453342
8 90 -0.518091
8 91 -0.580008
8 92 -0.637997
8 93 -0.691181
8 94 -0.738736
8 95 -0.779818
8 96 -0.813923
8 97 -0.840371
8 98 -0.858689
8 99 -0.868758
8 100 -0.108078
8 101 0

9 0 0
9 1 -0.101158
9 2 -0.813162
9 3 -0.803247
9 4 -0.785098
9 5 -0.758841
9 6 -0.725046
9 7 -0.684206
9 8 -0.636927
9 9 -0.584071
9 10 -0.526457
9 11 -0.464923
9 12 -0.400567
9 13 -0.334459
9 14 -0.267592
9 15 -0.200994
9 16 -0.135847
9 17 -0.0731588
9 18 -0.0139023
9 19 0.0408553
9 20 0.0902945
9 21 0.133528
9 22 0.169991
9 23 0.199066
9 24 0.220328
9 25 0.233368
9 26 0.237934
9 27 0.234018
9 28 0.221822
9 29 0.20148
9 30 0.173245
9 31 0.137627
9 32 0.0952649
9 33 0.0469013
9 34 -0.00671217
9 35 -0.0646269
9 36 -0.126057
9 37 -0.1899
9 38 -0.255076
9 39 -0.32047
9 40 -0.385071
9 41 -0.447834
9 42 -0.50764
9 43 -0.563608
9 44 -0.614734
9 45 -0.6602
9 46 -0.699235
9 47 -0.731157
9 48 -0.755596
9 49 -0.772156
9 50 -0.78041
9 51 -0.780321
9 52 -0.771818
9 53 -0.755047
9 54 -0.730294
9 55 -0.698016
9 56 -0.658715
9 57 -0.613055
9 58 -0.561712
9 59 -0.505638
9 60 -0.44569
9 61 -0.382829
9 62 -0.318074
9 63 -0.252466
9 64 -0.187271
9 65 -0.123488
9 66 -0.0620591
9 67 -0.00404966
9 68 0.0495082
9 69 0.0978179
9 70 0.140006
9 71 0.175508
9 72 0.203657
9 73 0.223926
9 74 0.236035
9 75 0.239684
9 76 0.234823
9 77 0.221665
9 78 0.200343
9 79 0.171049
9 80 0.134452
9 81 0.0909897
9 82 0.0413178
9 83 -0.0136743
9 84 -0.0729838
9 85 -0.135809
9 86 -0.201164
9 87 -0.26792
9 88 -0.334974
9 89 -0.401256
9 90 -0.465739
9 91 -0.527361
9 92 -0.585121
9 93 -0.638079
9 94 -0.685426
9 95 -0.726418
9 96 -0.760296
9 97 -0.786478
9 98 -0.804768
9 99 -0.814717
9 100 -0.101352
9 101 0

10 0 0
10 1 -0.0938371
10 2 -0.754334
10 3 -0.744571
10 4 -0.726508
10 5 -0.700409
10 6 -0.666841
10 7 -0.626162
10 8 -0.579078
10 9 -0.526457
10 10 -0.469038
10 11 -0.407727
10 12 -0.343625
10 13 -0.277812
10 14 -0.211188
10 15 -0.144842
10 16 -0.079917
10 17 -0.0174333
10 18 0.0415922
10 19 0.0960803
10 20 0.145193
10 21 0.188208
10 22 0.224537
10 23 0.253492
10 24 0.274573
10 25 0.287421
10 26 0.291838
10 27 0.28786
10 28 0.275554
10 29 0.255097
10 30 0.226827
10 31 0.191184
10 32 0.148746
10 33 0.100316
10 34 0.0467158
10 35 -0.0112098
10 36 -0.0726678
10 37 -0.136492
10 38 -0.201627
10 39 -0.266988
10 40 -0.331543
10 41 -0.394211
10 42 -0.453931
10 43 -0.509846
10 44 -0.560932
10 45 -0.60643
10 46 -0.645466
10 47 -0.677335
10 48 -0.701701
10 49 -0.718209
10 50 -0.726467
10 51 -0.726378
10 52 -0.717898
10 53 -0.701179
10 54 -0.676433
10 55 -0.644217
10 56 -0.605015
10 57 -0.559373
10 58 -0.50807
10 59 -0.452095
10 60 -0.392209
10 61 -0.329402
10 62 -0.264724
10 63 -0.199217
10 64 -0.134035
10 65 -0.0702509
10 66 -0.00885306
10 67 0.049185
10 68 0.102744
10 69 0.151072
10 70 0.193365
10 71 0.228887
10 72 0.257038
10 73 0.277415
10 74 0.289665
10 75 0.293489
10 76 0.288811
10 77 0.275793
10 78 0.254562
10 79 0.225453
10 80 0.189068
10 81 0.145858
10 82 0.0964641
10 83 0.0417516
10 84 -0.0173338
10 85 -0.0799333
10 86 -0.145052
10 87 -0.211534
10 88 -0.278304
10 89 -0.344326
10 90 -0.408555
10 91 -0.469953
10 92 -0.527434
10 93 -0.580182
10 94 -0.62736
10 95 -0.668177
10 96 -0.701855
10 97 -0.727836
10 98 -0.745965
10 99 -0.755803
10 100 -0.0940235
10 101 0

11 0 0
11 1 -0.0860367
11 2 -0.691611
11 3 -0.68195
11 4 -0.663993
11 5 -0.638071
11 6 -0.604639
11 7 -0.564187
11 8 -0.517337
11 9 -0.464923
11 10 -0.407727
11 11 -0.346723
11 12 -0.282962
11 13 -0.217309
11 14 -0.150955
11 15 -0.0848877
11 16 -0.0202349
11 17 0.0419556
11 18 0.100779
11 19 0.155054
11 20 0.203973
11 21 0.246784
11 22 0.282904
11 23 0.311659
11 24 0.33248
11 25 0.345115
11 26 0.349415
11 27 0.345344
11 28 0.33292
11 29 0.312331
11 30 0.283953
11 31 0.248291
11 32 0.205868
11 33 0.157356
11 34 0.103687
11 35 0.0457325
11 36 -0.0157191
11 37 -0.0795159
11 38 -0.144606
11 39 -0.209971
11 40 -0.27448
11 41 -0.337075
11 42 -0.396735
11 43 -0.452549
11 44 -0.503585
11 45 -0.549081
11 46 -0.588097
11 47 -0.619988
11 48 -0.644284
11 49 -0.660778
11 50 -0.668961
11 51 -0.668893
11 52 -0.660446
11 53 -0.64377
11 54 -0.61906
11 55 -0.586948
11 56 -0.547733
11 57 -0.502203
11 58 -0.450966
11 59 -0.395032
11 60 -0.335214
11 61 -0.272443
11 62 -0.207843
11 63 -0.142401
11 64 -0.0772294
11 65 -0.0135066
11 66 0.0478552
11 67 0.105926
11 68 0.159546
11 69 0.207905
11 70 0.250317
11 71 0.285913
11 72 0.314094
11 73 0.334548
11 74 0.346944
11 75 0.350928
11 76 0.346431
11 77 0.333594
11 78 0.312516
11 79 0.283681
11 80 0.247479
11 81 0.204438
11 82 0.155367
11 83 0.100907
11 84 0.0420511
11 85 -0.0203428
11 86 -0.0851706
11 87 -0.151301
11 88 -0.217816
11 89 -0.283537
11 90 -0.347519
11 91 -0.40864
11 92 -0.465909
11 93 -0.51842
11 94 -0.565322
11 95 -0.605966
11 96 -0.639465
11 97 -0.665305
11 98 -0.683272
11 99 -0.692975
11 100 -0.086208
11 101 0

12 0 0
12 1 -0.0778716
12 2 -0.625976
12 3 -0.616452
12 4 -0.598615
12 5 -0.572866
12 6 -0.539622
12 7 -0.499311
12 8 -0.452708
12 9 -0.400567
12 10 -0.343625
12 11 -0.282962
12 12 -0.219306
12 13 -0.153911
12 14 -0.0878386
12 15 -0.0221165
12 16 0.0422643
12 17 0.104171
12 18 0.162783
12 19 0.21686
12 20 0.265546
12 21 0.308147
12 22 0.344003
12 23 0.37248
12 24 0.39309
12 25 0.405572
12 26 0.409731
12 27 0.405553
12 28 0.393057
12 29 0.372303
12 30 0.343858
12 31 0.308042
12 32 0.265566
12 33 0.217002
12 34 0.163357
12 35 0.105399
12 36 0.0439545
12 37 -0.0198207
12 38 -0.0848979
12 39 -0.150249
12 40 -0.21469
12 41 -0.277261
12 42 -0.336927
12 43 -0.392666
12 44 -0.443631
12 45 -0.489077
12 46 -0.528078
12 47 -0.559977
12 48 -0.584337
12 49 -0.600695
12 50 -0.60886
12 51 -0.608819
12 52 -0.600344
12 53 -0.583708
12 54 -0.559113
12 55 -0.527019
12 56 -0.487933
12 57 -0.442395
12 58 -0.391239
12 59 -0.335338
12 60 -0.275525
12 61 -0.212844
12 62 -0.148296
12 63 -0.0829452
12 64 -0.0178007
12 65 0.0459501
12 66 0.107297
12 67 0.165342
12 68 0.218989
12 69 0.267366
12 70 0.309917
12 71 0.345591
12 72 0.373965
12 73 0.394529
12 74 0.406977
12 75 0.411051
12 76 0.406731
12 77 0.394029
12 78 0.373212
12 79 0.344676
12 80 0.308667
12 81 0.265824
12 82 0.216987
12 83 0.162845
12 84 0.104231
12 85 0.0420806
12 86 -0.0223935
12 87 -0.0882345
12 88 -0.15443
12 89 -0.219945
12 90 -0.28361
12 91 -0.344522
12 92 -0.401515
12 93 -0.453777
12 94 -0.500434
12 95 -0.540833
12 96 -0.574164
12 97 -0.599896
12 98 -0.617662
12 99 -0.627241
12 100 -0.0780335
12 101 0

13 0 0
13 1 -0.0694755
13 2 -0.55849
13 3 -0.549114
13 4 -0.53146
13 5 -0.505855
13 6 -0.472779
13 7 -0.432706
13 8 -0.386338
13 9 -0.334459
13 10 -0.277812
13 11 -0.217309
13 12 -0.153911
13 13 -0.0886691
13 14 -0.0229076
13 15 0.0425214
13 16 0.106565
13 17 0.168174
13 18 0.226492
13 19 0.28033
13 20 0.328791
13 21 0.371146
13 22 0.406798
13 23 0.435094
13 24 0.45552
13 25 0.467838
13 26 0.4718
13 27 0.467378
13 28 0.454679
13 29 0.43391
13 30 0.40537
13 31 0.369552
13 32 0.32698
13 33 0.278384
13 34 0.22471
13 35 0.166777
13 36 0.105405
13 37 0.0416352
13 38 -0.0234945
13 39 -0.0888622
13 40 -0.15327
13 41 -0.215768
13 42 -0.27543
13 43 -0.331231
13 44 -0.382116
13 45 -0.427473
13 46 -0.466407
13 47 -0.498333
13 48 -0.522685
13 49 -0.539091
13 50 -0.547281
13 51 -0.547231
13 52 -0.538761
13 53 -0.522123
13 54 -0.497533
13 55 -0.465482
13 56 -0.42638
13 57 -0.380988
13 58 -0.329896
13 59 -0.27405
13 60 -0.214254
13 61 -0.151577
13 62 -0.0870777
13 63 -0.021763
13 64 0.0433425
13 65 0.107106
13 66 0.168457
13 67 0.226482
13 68 0.28017
13 69 0.328585
13 70 0.371097
13 71 0.406918
13 72 0.43534
13 73 0.456058
13 74 0.468654
13 75 0.472899
13 76 0.468766
13 77 0.456247
13 78 0.435658
13 79 0.407369
13 80 0.371578
13 81 0.328928
13 82 0.280342
13 83 0.226458
13 84 0.168123
13 85 0.106405
13 86 0.0422163
13 87 -0.0233647
13 88 -0.0892911
13 89 -0.154494
13 90 -0.217964
13 91 -0.278598
13 92 -0.335358
13 93 -0.387332
13 94 -0.433765
13 95 -0.473951
13 96 -0.507112
13 97 -0.532634
13 98 -0.550251
13 99 -0.559674
13 100 -0.0696242
13 101 0

14 0 0
14 1 -0.0609884
14 2 -0.490238
14 3 -0.480977
14 4 -0.463444
14 5 -0.438065
14 6 -0.405243
14 7 -0.36538
14 8 -0.319255
14 9 -0.267592
14 10 -0.211188
14 11 -0.150955
14 12 -0.0878386
14 13 -0.0229076
14 14 0.0426554
14 15 0.107844
14 16 0.171663
14 17 0.232966
14 18 0.290944
14 19 0.344511
14 20 0.392662
14 21 0.434842
14 22 0.470255
14 23 0.498329
14 24 0.518547
14 25 0.530721
14 26 0.534512
14 27 0.529917
14 28 0.517099
14 29 0.496207
14 30 0.467589
14 31 0.431703
14 32 0.389077
14 33 0.340447
14 34 0.286705
14 35 0.228737
14 36 0.167359
14 37 0.103653
14 38 0.0385782
14 39 -0.0267706
14 40 -0.0911745
14 41 -0.153634
14 42 -0.213315
14 43 -0.269108
14 44 -0.320044
14 45 -0.365329
14 46 -0.404228
14 47 -0.436115
14 48 -0.460503
14 49 -0.476931
14 50 -0.485154
14 51 -0.485107
14 52 -0.476598
14 53 -0.459971
14 54 -0.43546
14 55 -0.403384
14 56 -0.364348
14 57 -0.318978
14 58 -0.267946
14 59 -0.212089
14 60 -0.152333
14 61 -0.089657
14 62 -0.0251711
14 63 0.0400717
14 64 0.105062
14 65 0.168807
14 66 0.230136
14 67 0.288239
14 68 0.342002
14 69 0.390511
14 70 0.433055
14 71 0.468822
14 72 0.497409
14 73 0.518269
14 74 0.530974
14 75 0.535392
14 76 0.531443
14 77 0.519162
14 78 0.498719
14 79 0.470646
14 80 0.435068
14 81 0.392744
14 82 0.344439
14 83 0.290824
14 84 0.232825
14 85 0.171392
14 86 0.107549
14 87 0.0421836
14 88 -0.0235533
14 89 -0.0884579
14 90 -0.151628
14 91 -0.211928
14 92 -0.268416
14 93 -0.32016
14 94 -0.366351
14 95 -0.406303
14 96 -0.439155
14 97 -0.464453
14 98 -0.481956
14 99 -0.491344
14 100 -0.0611349
14 101 0

15 0 0
15 1 -0.0525377
15 2 -0.422306
15 3 -0.413178
15 4 -0.395867
15 5 -0.370676
15 6 -0.337991
15 7 -0.29832
15 8 -0.25238
15 9 -0.200994
15 10 -0.144842
15 11 -0.0848877
15 12 -0.0221165
15 13 0.0425214
15 14 0.107844
15 15 0.17288
15 16 0.236388
15 17 0.297433
15 18 0.355035
15 19 0.408349
15 20 0.456295
15 21 0.498156
15 22 0.533361
15 23 0.561214
15 24 0.581243
15 25 0.593224
15 26 0.59685
15 27 0.592185
15 28 0.579249
15 29 0.558152
15 30 0.529326
15 31 0.493382
15 32 0.450753
15 33 0.402139
15 34 0.348342
15 35 0.290294
15 36 0.22889
15 37 0.165143
15 38 0.100137
15 39 0.0348242
15 40 -0.0295412
15 41 -0.0919916
15 42 -0.151636
15 43 -0.207403
15 44 -0.258265
15 45 -0.30351
15 46 -0.34239
15 47 -0.37423
15 48 -0.398605
15 49 -0.415035
15 50 -0.423297
15 51 -0.423217
15 52 -0.414762
15 53 -0.398168
15 54 -0.373704
15 55 -0.341681
15 56 -0.302646
15 57 -0.257323
15 58 -0.206367
15 59 -0.150547
15 60 -0.0908859
15 61 -0.0283061
15 62 0.0361369
15 63 0.101382
15 64 0.166436
15 65 0.230148
15 66 0.291523
15 67 0.34956
15 68 0.40336
15 69 0.451943
15 70 0.494509
15 71 0.530456
15 72 0.559112
15 73 0.580097
15 74 0.592924
15 75 0.5975
15 76 0.593796
15 77 0.581676
15 78 0.561448
15 79 0.533579
15 80 0.498332
15 81 0.456243
15 82 0.408168
15 83 0.354897
15 84 0.297127
15 85 0.23606
15 86 0.17241
15 87 0.107319
15 88 0.0419231
15 89 -0.0226817
15 90 -0.0854966
15 91 -0.145551
15 92 -0.20176
15 93 -0.253212
15 94 -0.299188
15 95 -0.338931
15 96 -0.371667
15 97 -0.396783
15 98 -0.414142
15 99 -0.42331
15 100 -0.0526642
15 101 0

16 0 0
16 1 -0.0442566
16 2 -0.355778
16 3 -0.34684
16 4 -0.329665
16 5 -0.304611
16 6 -0.272111
16 7 -0.232697
16 8 -0.187037
16 9 -0.135847
16 10 -0.079917
16 11 -0.0202349
16 12 0.0422643
16 13 0.106565
16 14 0.171663
16 15 0.236388
16 16 0.299643
16 17 0.360379
16 18 0.417683
16 19 0.470733
16 20 0.518409
16 21 0.56004
16 22 0.594985
16 23 0.622619
16 24 0.642465
16 25 0.654271
16 26 0.65774
16 27 0.652916
16 28 0.639849
16 29 0.618622
16 30 0.589771
16 31 0.553762
16 32 0.511074
16 33 0.462371
16 34 0.408567
16 35 0.350422
16 36 0.288979
16 37 0.225267
16 38 0.160281
16 39 0.0949985
16 40 0.0305966
16 41 -0.0317616
16 42 -0.0913689
16 43 -0.147057
16 44 -0.197918
16 45 -0.243185
16 46 -0.282011
16 47 -0.313779
16 48 -0.338176
16 49 -0.354596
16 50 -0.36281
16 51 -0.362754
16 52 -0.354363
16 53 -0.337765
16 54 -0.313406
16 55 -0.281421
16 56 -0.242458
16 57 -0.197145
16 58 -0.146195
16 59 -0.0904523
16 60 -0.0308719
16 61 0.0316676
16 62 0.0960124
16 63 0.161255
16 64 0.226324
16 65 0.290038
16 66 0.351468
16 67 0.409549
16 68 0.463372
16 69 0.511986
16 70 0.554614
16 71 0.590579
16 72 0.619404
16 73 0.640474
16 74 0.653453
16 75 0.658173
16 76 0.654579
16 77 0.642696
16 78 0.622697
16 79 0.595048
16 80 0.560054
16 81 0.518299
16 82 0.470495
16 83 0.41749
16 84 0.360029
16 85 0.299194
16 86 0.235864
16 87 0.171079
16 88 0.106042
16 89 0.0417579
16 90 -0.0208318
16 91 -0.0806682
16 92 -0.136565
16 93 -0.187763
16 94 -0.233464
16 95 -0.272954
16 96 -0.305469
16 97 -0.330495
16 98 -0.347707
16 99 -0.35667
16 100 -0.0443693
16 101 0

17 0 0
17 1 -0.0362895
17 2 -0.291736
17 3 -0.282952
17 4 -0.265966
17 5 -0.241112
17 6 -0.208787
17 7 -0.169598
17 8 -0.12415
17 9 -0.0731588
17 10 -0.0174333
17 11 0.0419556
17 12 0.104171
17 13 0.168174
17 14 0.232966
17 15 0.297433
17 16 0.360379
17 17 0.420854
17 18 0.477842
17 19 0.530582
17 20 0.578048
17 21 0.619437
17 22 0.654213
17 23 0.681622
17 24 0.701268
17 25 0.712845
17 26 0.716108
17 27 0.711128
17 28 0.697941
17 29 0.676643
17 30 0.647729
17 31 0.611642
17 32 0.568901
17 33 0.5202
17 34 0.466326
17 35 0.408184
17 36 0.346722
17 37 0.28297
17 38 0.21804
17 39 0.152792
17 40 0.0884145
17 41 0.0260678
17 42 -0.0335146
17 43 -0.0891971
17 44 -0.139991
17 45 -0.185192
17 46 -0.223993
17 47 -0.255796
17 48 -0.280244
17 49 -0.296695
17 50 -0.304889
17 51 -0.304791
17 52 -0.29645
17 53 -0.279934
17 54 -0.255556
17 55 -0.223595
17 56 -0.184622
17 57 -0.139317
17 58 -0.0884279
17 59 -0.032766
17 60 0.0267541
17 61 0.089249
17 62 0.153539
17 63 0.218758
17 64 0.283861
17 65 0.347573
17 66 0.408984
17 67 0.467074
17 68 0.52086
17 69 0.569488
17 70 0.612185
17 71 0.648306
17 72 0.677172
17 73 0.698334
17 74 0.711485
17 75 0.716365
17 76 0.712936
17 77 0.701241
17 78 0.681505
17 79 0.654055
17 80 0.619369
17 81 0.577821
17 82 0.530316
17 83 0.477649
17 84 0.420497
17 85 0.359958
17 86 0.29688
17 87 0.232393
17 88 0.167641
17 89 0.103631
17 90 0.0413665
17 91 -0.0182195
17 92 -0.0738359
17 93 -0.124754
17 94 -0.170293
17 95 -0.209549
17 96 -0.241861
17 97 -0.266698
17 98 -0.283722
17 99 -0.292516
17 100 -0.0363859
17 101 0

18 0 0
18 1 -0.0287616
18 2 -0.231235
18 3 -0.222593
18 4 -0.205782
18 5 -0.181116
18 6 -0.149002
18 7 -0.110028
18 8 -0.0647506
18 9 -0.0139023
18 10 0.0415922
18 11 0.100779
18 12 0.162783
18 13 0.226492
18 14 0.290944
18 15 0.355035
18 16 0.417683
18 17 0.477842
18 18 0.534613
18 19 0.587122
18 20 0.634317
18 21 0.675508
18 22 0.709984
18 23 0.737147
18 24 0.756618
18 25 0.768013
18 26 0.771168
18 27 0.766038
18 28 0.752729
18 29 0.731381
18 30 0.702359
18 31 0.666151
18 32 0.623327
18 33 0.574543
18 34 0.52066
18 35 0.46254
18 36 0.401113
18 37 0.337351
18 38 0.27239
18 39 0.207223
18 40 0.142852
18 41 0.0805121
18 42 0.0209403
18 43 -0.0347258
18 44 -0.0855024
18 45 -0.13066
18 46 -0.169433
18 47 -0.201187
18 48 -0.225621
18 49 -0.24207
18 50 -0.250263
18 51 -0.2502
18 52 -0.241887
18 53 -0.225395
18 54 -0.20106
18 55 -0.169131
18 56 -0.130249
18 57 -0.084975
18 58 -0.0341388
18 59 0.0214771
18 60 0.0810027
18 61 0.143478
18 62 0.207748
18 63 0.272978
18 64 0.338024
18 65 0.401666
18 66 0.463046
18 67 0.521141
18 68 0.574951
18 69 0.623647
18 70 0.666467
18 71 0.702653
18 72 0.731572
18 73 0.75284
18 74 0.766169
18 75 0.771208
18 76 0.767924
18 77 0.756431
18 78 0.736898
18 79 0.70965
18 80 0.675204
18 81 0.633992
18 82 0.586766
18 83 0.534384
18 84 0.477529
18 85 0.41723
18 86 0.354504
18 87 0.290355
18 88 0.22589
18 89 0.162187
18 90 0.100188
18 91 0.0408478
18 92 -0.0145482
18 93 -0.0652804
18 94 -0.110599
18 95 -0.149675
18 96 -0.181759
18 97 -0.206367
18 98 -0.223235
18 99 -0.231891
18 100 -0.0288445
18 101 0

19 0 0
19 1 -0.0217993
19 2 -0.175256
19 3 -0.166722
19 4 -0.150041
19 5 -0.125548
19 6 -0.093658
19 7 -0.0548804
19 8 -0.0097603
19 9 0.0408553
19 10 0.0960803
19 11 0.155054
19 12 0.21686
19 13 0.28033
19 14 0.344511
19 15 0.408349
19 16 0.470733
19 17 0.530582
19 18 0.587122
19 19 0.639288
19 20 0.68625
19 21 0.727223
19 22 0.761511
19 23 0.788483
19 24 0.807754
19 25 0.818952
19 26 0.821966
19 27 0.816669
19 28 0.803194
19 29 0.781737
19 30 0.7526
19 31 0.71634
19 32 0.673442
19 33 0.624649
19 34 0.570713
19 35 0.512641
19 36 0.451215
19 37 0.387449
19 38 0.322486
19 39 0.25736
19 40 0.193051
19 41 0.130692
19 42 0.071227
19 43 0.0155993
19 44 -0.0351121
19 45 -0.0802884
19 46 -0.119073
19 47 -0.150889
19 48 -0.175204
19 49 -0.191634
19 50 -0.199814
19 51 -0.199875
19 52 -0.191569
19 53 -0.175159
19 54 -0.150743
19 55 -0.118909
19 56 -0.0800078
19 57 -0.0348474
19 58 0.0159794
19 59 0.0715587
19 60 0.131092
19 61 0.193438
19 62 0.257699
19 63 0.32289
19 64 0.387862
19 65 0.451485
19 66 0.512811
19 67 0.570962
19 68 0.624769
19 69 0.673512
19 70 0.716386
19 71 0.752681
19 72 0.781656
19 73 0.803062
19 74 0.816544
19 75 0.821754
19 76 0.818679
19 77 0.807414
19 78 0.78811
19 79 0.761028
19 80 0.726761
19 81 0.685811
19 82 0.638908
19 83 0.586747
19 84 0.530219
19 85 0.470202
19 86 0.407788
19 87 0.34393
19 88 0.279712
19 89 0.216246
19 90 0.154496
19 91 0.0954451
19 92 0.0402684
19 93 -0.0102343
19 94 -0.0553274
19 95 -0.0942424
19 96 -0.126097
19 97 -0.150528
19 98 -0.167244
19 99 -0.175777
19 100 -0.0218639
19 101 0

20 0 0
20 1 -0.0155122
20 2 -0.124699
20 3 -0.116258
20 4 -0.0997041
20 5 -0.0754193
20 6 -0.0436542
20 7 -0.00500644
20 8 0.039886
20 9 0.0902945
20 10 0.145193
20 11 0.203973
20 12 0.265546
20 13 0.328791
20 14 0.392662
20 15 0.456295
20 16 0.518409
20 17 0.578048
20 18 0.634317
20 19 0.68625
20 20 0.732947
20 21 0.773722
20 22 0.807791
20 23 0.834579
20 24 0.853645
20 25 0.864682
20 26 0.867564
20 27 0.862181
20 28 0.84858
20 29 0.826957
20 30 0.797691
20 31 0.761386
20 32 0.71842
20 33 0.669614
20 34 0.615703
20 35 0.557621
20 36 0.496192
20 37 0.432463
20 38 0.367542
20 39 0.302428
20 40 0.238157
20 41 0.175813
20 42 0.116379
20 43 0.0608387
20 44 0.0101593
20 45 -0.0349978
20 46 -0.0738016
20 47 -0.105584
20 48 -0.129879
20 49 -0.146236
20 50 -0.154467
20 51 -0.15451
20 52 -0.146278
20 53 -0.129873
20 54 -0.105527
20 55 -0.0737057
20 56 -0.0349109
20 57 0.0102574
20 58 0.0610102
20 59 0.116566
20 60 0.176064
20 61 0.238362
20 62 0.302587
20 63 0.367743
20 64 0.432643
20 65 0.496228
20 66 0.557537
20 67 0.615648
20 68 0.669458
20 69 0.718246
20 70 0.761165
20 71 0.797527
20 72 0.826618
20 73 0.848157
20 74 0.861753
20 75 0.86711
20 76 0.864222
20 77 0.853134
20 78 0.834024
20 79 0.807201
20 80 0.773151
20 81 0.73245
20 82 0.685772
20 83 0.633806
20 84 0.577527
20 85 0.517844
20 86 0.455686
20 87 0.392189
20 88 0.328215
20 89 0.264995
20 90 0.203463
20 91 0.144698
20 92 0.0897379
20 93 0.0395471
20 94 -0.00538249
20 95 -0.0441021
20 96 -0.0758191
20 97 -0.100099
20 98 -0.116635
20 99 -0.125074
20 100 -0.0155591
20 101 0

21 0 0
21 1 -0.00999913
21 2 -0.0803744
21 3 -0.0720063
21 4 -0.0556332
21 5 -0.0314847
21 6 0.000142371
21 7 0.0386678
21 8 0.0833949
21 9 0.133528
21 10 0.188208
21 11 0.246784
21 12 0.308147
21 13 0.371146
21 14 0.434842
21 15 0.498156
21 16 0.56004
21 17 0.619437
21 18 0.675508
21 19 0.727223
21 20 0.773722
21 21 0.814204
21 22 0.848027
21 23 0.874619
21 24 0.893563
21 25 0.904463
21 26 0.907211
21 27 0.901696
21 28 0.887975
21 29 0.866223
21 30 0.836865
21 31 0.800528
21 32 0.757523
21 33 0.708706
21 34 0.654827
21 35 0.596713
21 36 0.535329
21 37 0.471675
21 38 0.40677
21 39 0.341652
21 40 0.277413
21 41 0.215151
21 42 0.155776
21 43 0.100267
21 44 0.0496485
21 45 0.00449526
21 46 -0.0342666
21 47 -0.0660068
21 48 -0.0902629
21 49 -0.106688
21 50 -0.114903
21 51 -0.114992
21 52 -0.106708
21 53 -0.090328
21 54 -0.0660144
21 55 -0.0343132
21 56 0.00445001
21 57 0.0494969
21 58 0.100266
21 59 0.155771
21 60 0.215195
21 61 0.277489
21 62 0.341647
21 63 0.406688
21 64 0.471526
21 65 0.535103
21 66 0.596411
21 67 0.654522
21 68 0.708366
21 69 0.757135
21 70 0.80005
21 71 0.836427
21 72 0.865597
21 73 0.887268
21 74 0.901006
21 75 0.906521
21 76 0.903769
21 77 0.892803
21 78 0.873911
21 79 0.847343
21 80 0.813554
21 81 0.77315
21 82 0.726716
21 83 0.674938
21 84 0.618864
21 85 0.559431
21 86 0.497572
21 87 0.434289
21 88 0.370672
21 89 0.307666
21 90 0.246324
21 91 0.18778
21 92 0.133109
21 93 0.0830881
21 94 0.0383888
21 95 -0.000154921
21 96 -0.0317406
21 97 -0.0558625
21 98 -0.072279
21 99 -0.0805911
21 100 -0.0100235
21 101 0

22 0 0
22 1 -0.00534924
22 2 -0.0429741
22 3 -0.0346701
22 4 -0.0184045
22 5 0.0056337
22 6 0.0371265
22 7 0.0755111
22 8 0.120067
22 9 0.169991
22 10 0.224537
22 11 0.282904
22 12 0.344003
22 13 0.406798
22 14 0.470255
22 15 0.533361
22 16 0.594985
22 17 0.654213
22 18 0.709984
22 19 0.761511
22 20 0.807791
22 21 0.848027
22 22 0.881719
22 23 0.908176
22 24 0.926936
22 25 0.937684
22 26 0.940238
22 27 0.934574
22 28 0.920753
22 29 0.898961
22 30 0.86956
22 31 0.833137
22 32 0.790118
22 33 0.741296
22 34 0.68742
22 35 0.629286
22 36 0.567911
22 37 0.504312
22 38 0.439499
22 39 0.374478
22 40 0.310261
22 41 0.248014
22 42 0.188684
22 43 0.133273
22 44 0.0826725
22 45 0.0375758
22 46 -0.00114281
22 47 -0.0328526
22 48 -0.0570934
22 49 -0.07346
22 50 -0.0817672
22 51 -0.0818547
22 52 -0.0735975
22 53 -0.0572053
22 54 -0.0329767
22 55 -0.00129296
22 56 0.0373841
22 57 0.0824475
22 58 0.133115
22 59 0.188541
22 60 0.247827
22 61 0.31007
22 62 0.374163
22 63 0.439137
22 64 0.503963
22 65 0.56753
22 66 0.62882
22 67 0.686844
22 68 0.740669
22 69 0.789446
22 70 0.832419
22 71 0.868884
22 72 0.898106
22 73 0.919853
22 74 0.933616
22 75 0.93929
22 76 0.936777
22 77 0.925978
22 78 0.907291
22 79 0.880921
22 80 0.84738
22 81 0.807128
22 82 0.760864
22 83 0.709367
22 84 0.65354
22 85 0.594404
22 86 0.532761
22 87 0.469736
22 88 0.406338
22 89 0.343596
22 90 0.282503
22 91 0.224177
22 92 0.169677
22 93 0.119824
22 94 0.0753079
22 95 0.0369816
22 96 0.00551238
22 97 -0.0184981
22 98 -0.0348241
22 99 -0.0430414
22 100 -0.00535043
22 101 0

23 0 0
23 1 -0.00163042
23 2 -0.0130778
23 3 -0.00484399
23 4 0.0113726
23 5 0.0353644
23 6 0.0667437
23 7 0.104958
23 8 0.149294
23 9 0.199066
23 10 0.253492
23 11 0.311659
23 12 0.37248
23 13 0.435094
23 14 0.498329
23 15 0.561214
23 16 0.622619
23 17 0.681622
23 18 0.737147
23 19 0.788483
23 20 0.834579
23 21 0.874619
23 22 0.908176
23 23 0.934427
23 24 0.953023
23 25 0.963661
23 26 0.966099
23 27 0.960298
23 28 0.946386
23 29 0.924587
23 30 0.895118
23 31 0.858663
23 32 0.815637
23 33 0.766885
23 34 0.713014
23 35 0.654846
23 36 0.593481
23 37 0.529895
23 38 0.465181
23 39 0.400238
23 40 0.336076
23 41 0.273869
23 42 0.214636
23 43 0.159306
23 44 0.108779
23 45 0.0637373
23 46 0.0250149
23 47 -0.0067106
23 48 -0.0309456
23 49 -0.0472653
23 50 -0.0556148
23 51 -0.0557208
23 52 -0.0474541
23 53 -0.0310997
23 54 -0.00693056
23 55 0.0247408
23 56 0.0634275
23 57 0.108405
23 58 0.159002
23 59 0.214284
23 60 0.273487
23 61 0.335671
23 62 0.399685
23 63 0.464626
23 64 0.529363
23 65 0.592819
23 66 0.654136
23 67 0.712143
23 68 0.765957
23 69 0.814771
23 70 0.857699
23 71 0.894193
23 72 0.923491
23 73 0.94531
23 74 0.959177
23 75 0.964945
23 76 0.96255
23 77 0.951919
23 78 0.933392
23 79 0.907211
23 80 0.873851
23 81 0.83379
23 82 0.78774
23 83 0.736525
23 84 0.68092
23 85 0.621973
23 86 0.560605
23 87 0.497864
23 88 0.434622
23 89 0.372137
23 90 0.311314
23 91 0.253214
23 92 0.198887
23 93 0.149199
23 94 0.104861
23 95 0.0667187
23 96 0.0353791
23 97 0.011417
23 98 -0.00485493
23 99 -0.0129902
23 100 -0.00161031
23 101 0

24 0 0
24 1 0.00110286
24 2 0.00885775
24 3 0.0170151
24 4 0.0331931
24 5 0.0570817
24 6 0.0883482
24 7 0.126485
24 8 0.170722
24 9 0.220328
24 10 0.274573
24 11 0.33248
24 12 0.39309
24 13 0.45552
24 14 0.518547
24 15 0.581243
24 16 0.642465
24 17 0.701268
24 18 0.756618
24 19 0.807754
24 20 0.853645
24 21 0.893563
24 22 0.926936
24 23 0.953023
24 24 0.97147
24 25 0.981968
24 26 0.984355
24 27 0.978494
24 28 0.964469
24 29 0.942599
24 30 0.91311
24 31 0.876658
24 32 0.833649
24 33 0.784936
24 34 0.731127
24 35 0.672962
24 36 0.611607
24 37 0.548118
24 38 0.483445
24 39 0.418574
24 40 0.354498
24 41 0.292359
24 42 0.233143
24 43 0.177896
24 44 0.127456
24 45 0.0824986
24 46 0.0438531
24 47 0.012113
24 48 -0.0121442
24 49 -0.0284922
24 50 -0.0367975
24 51 -0.0369094
24 52 -0.0286762
24 53 -0.0123171
24 54 0.0118124
24 55 0.0434478
24 56 0.082101
24 57 0.126968
24 58 0.177463
24 59 0.23269
24 60 0.291779
24 61 0.353859
24 62 0.417805
24 63 0.482707
24 64 0.547376
24 65 0.610777
24 66 0.671986
24 67 0.729942
24 68 0.783728
24 69 0.832505
24 70 0.875431
24 71 0.911935
24 72 0.941271
24 73 0.963202
24 74 0.977164
24 75 0.983026
24 76 0.98076
24 77 0.970256
24 78 0.951867
24 79 0.925818
24 80 0.89259
24 81 0.852714
24 82 0.80692
24 83 0.755953
24 84 0.700583
24 85 0.641833
24 86 0.580651
24 87 0.518077
24 88 0.45507
24 89 0.392838
24 90 0.332257
24 91 0.274375
24 92 0.220277
24 93 0.170721
24 94 0.126527
24 95 0.088556
24 96 0.0572062
24 97 0.0332864
24 98 0.0171881
24 99 0.00910985
24 100 0.0011385
24 101 0

25 0 0
25 1 0.00279711
25 2 0.0225117
25 3 0.0306678
25 4 0.046741
25 5 0.0705323
25 6 0.101674
25 7 0.139734
25 8 0.183896
25 9 0.233368
25 10 0.287421
25 11 0.345115
25 12 0.405572
25 13 0.467838
25 14 0.530721
25 15 0.593224
25 16 0.654271
25 17 0.712845
25 18 0.768013
25 19 0.818952
25 20 0.864682
25 21 0.904463
25 22 0.937684
25 23 0.963661
25 24 0.981968
25 25 0.99235
25 26 0.994667
25 27 0.988803
25 28 0.974728
25 29 0.952799
25 30 0.923329
25 31 0.886857
25 32 0.843845
25 33 0.795053
25 34 0.741287
25 35 0.683221
25 36 0.621932
25 37 0.55853
25 38 0.493981
25 39 0.42921
25 40 0.365243
25 41 0.303164
25 42 0.243956
25 43 0.188726
25 44 0.138384
25 45 0.093529
25 46 0.0549814
25 47 0.0233005
25 48 -0.000963527
25 49 -0.0172838
25 50 -0.0256011
25 51 -0.0256679
25 52 -0.0174795
25 53 -0.00115905
25 54 0.0229206
25 55 0.0544411
25 56 0.0929701
25 57 0.137741
25 58 0.18821
25 59 0.243383
25 60 0.302374
25 61 0.364345
25 62 0.428181
25 63 0.493001
25 64 0.557643
25 65 0.620938
25 66 0.682016
25 67 0.739883
25 68 0.79367
25 69 0.842434
25 70 0.885383
25 71 0.921929
25 72 0.951318
25 73 0.97321
25 74 0.987194
25 75 0.993135
25 76 0.990959
25 77 0.980634
25 78 0.96239
25 79 0.936479
25 80 0.903331
25 81 0.863621
25 82 0.818057
25 83 0.767328
25 84 0.712178
25 85 0.653629
25 86 0.592654
25 87 0.530266
25 88 0.467461
25 89 0.405382
25 90 0.345015
25 91 0.287372
25 92 0.233425
25 93 0.183967
25 94 0.139937
25 95 0.102042
25 96 0.0708105
25 97 0.0470468
25 98 0.0310259
25 99 0.0229096
25 100 0.00284731
25 101 0

26 0 0
26 1 0.00343615
26 2 0.0276834
26 3 0.0358374
26 4 0.0518628
26 5 0.0755715
26 6 0.106683
26 7 0.144542
26 8 0.188542
26 9 0.237934
26 10 0.291838
26 11 0.349415
26 12 0.409731
26 13 0.4718
26 14 0.534512
26 15 0.59685
26 16 0.65774
26 17 0.716108
26 18 0.771168
26 19 0.821966
26 20 0.867564
26 21 0.907211
26 22 0.940238
26 23 0.966099
26 24 0.984355
26 25 0.994667
26 26 0.996953
26 27 0.990995
26 28 0.976901
26 29 0.954932
26 30 0.925455
26 31 0.888945
26 32 0.845948
26 33 0.797199
26 34 0.743502
26 35 0.68553
26 36 0.624283
26 37 0.560964
26 38 0.496519
26 39 0.431799
26 40 0.36796
26 41 0.306033
26 42 0.246941
26 43 0.191772
26 44 0.141471
26 45 0.0966995
26 46 0.0581816
26 47 0.0265722
26 48 0.00237809
26 49 -0.0139434
26 50 -0.0222262
26 51 -0.0222653
26 52 -0.0141075
26 53 0.00217854
26 54 0.0262253
26 55 0.0576075
