0 0 0
0 1 0
0 2 0
0 3 0
0 4 0
0 5 0
0 6 0
0 7 0
0 8 0
0 9 0
0 10 0
0 11 0
0 12 0
0 13 0
0 14 0
0 15 0
0 16 0
0 17 0
0 18 0
0 19 0
0 20 0
0 21 0
0 22 0
0 23 0
0 24 0
0 25 0
0 26 0
0 27 0
0 28 0
0 29 0
0 30 0
0 31 0
0 32 0
0 33 0
0 34 0
0 35 0
0 36 0
0 37 0
0 38 0
0 39 0
0 40 0
0 41 0
0 42 0
0 43 0
0 44 0
0 45 0
0 46 0
0 47 0
0 48 0
0 49 0
0 50 0
0 51 0
0 52 0
0 53 0
0 54 0
0 55 0
0 56 0
0 57 0
0 58 0
0 59 0
0 60 0
0 61 0
0 62 0
0 63 0
0 64 0
0 65 0
0 66 0
0 67 0
0 68 0
0 69 0
0 70 0
0 71 0
0 72 0
0 73 0
0 74 0
0 75 0
0 76 0
0 77 0
0 78 0
0 79 0
0 80 0
0 81 0
0 82 0
0 83 0
0 84 0
0 85 0
0 86 0
0 87 0
0 88 0
0 89 0
0 90 0
0 91 0
0 92 0
0 93 0
0 94 0
0 95 0
0 96 0
0 97 0
0 98 0
0 99 0
0 100 0
0 101 0

1 0 0
1 1 0
1 2 -0.00674633
1 3 -0.00676648
1 4 -0.00670919
1 5 -0.00659475
1 6 -0.00645251
1 7 -0.00626613
1 8 -0.00614614
1 9 -0.00596849
1 10 -0.00573554
1 11 -0.00547751
1 12 -0.0051242
1 13 -0.00481557
1 14 -0.00451261
1 15 -0.00423316
1 16 -0.00401947
1 17 -0.00381458
1 18 -0.00371084
1 19 -0.0036327
1 20 -0.00354621
1 21 -0.00349893
1 22 -0.00353795
1 23 -0.00358539
1 24 -0.00366378
1 25 -0.00382066
1 26 -0.00400145
1 27 -0.00420998
1 28 -0.00450523
1 29 -0.00495635
1 30 -0.00552115
1 31 -0.00616605
1 32 -0.00687107
1 33 -0.00763219
1 34 -0.00843368
1 35 -0.00927188
1 36 -0.0102149
1 37 -0.0111039
1 38 -0.0118707
1 39 -0.0126275
1 40 -0.0133713
1 41 -0.0139862
1 42 -0.0146055
1 43 -0.015196
1 44 -0.0157106
1 45 -0.016221
1 46 -0.0166735
1 47 -0.0169944
1 48 -0.0172573
1 49 -0.0174724
1 50 -0.0175429
1 51 -0.0175864
1 52 -0.0175469
1 53 -0.0174416
1 54 -0.0172453
1 55 -0.0169195
1 56 -0.0165089
1 57 -0.016089
1 58 -0.01564
1 59 -0.0151952
1 60 -0.0147354
1 61 -0.014179
1 62 -0.0135713
1 63 -0.0128962
1 64 -0.0121704
1 65 -0.0113896
1 66 -0.0105817
1 67 -0.00969212
1 68 -0.00886488
1 69 -0.00820157
1 70 -0.0075501
1 71 -0.0069128
1 72 -0.00636828
1 73 -0.00587129
1 74 -0.00552575
1 75 -0.00530799
1 76 -0.00508933
1 77 -0.00490915
1 78 -0.00470244
1 79 -0.00456417
1 80 -0.00458279
1 81 -0.0045985
1 82 -0.00460914
1 83 -0.00460479
1 84 -0.00459593
1 85 -0.00462084
1 86 -0.00470105
1 87 -0.00478208
1 88 -0.00498001
1 89 -0.00520956
1 90 -0.00536567
1 91 -0.00557143
1 92 -0.00573663
1 93 -0.00593815
1 94 -0.00612659
1 95 -0.00620454
1 96 -0.00638366
1 97 -0.0065544
1 98 -0.00662351
1 99 -0.00662071
1 100 0
1 101 0

2 0 0
2 1 -0.00674633
2 2 -0.0546844
2 3 -0.054754
2 4 -0.0543717
2 5 -0.0535353
2 6 -0.0522532
2 7 -0.0509898
2 8 -0.0495927
2 9 -0.0480618
2 10 -0.0463256
2 11 -0.044108
2 12 -0.0415228
2 13 -0.0388926
2 14 -0.0364325
2 15 -0.0342322
2 16 -0.0324262
2 17 -0.0309611
2 18 -0.0298974
2 19 -0.0291548
2 20 -0.0285794
2 21 -0.028325
2 22 -0.0284958
2 23 -0.028911
2 24 -0.0294959
2 25 -0.0305917
2 26 -0.0321487
2 27 -0.033962
2 28 -0.0363995
2 29 -0.0398281
2 30 -0.0442715
2 31 -0.0493837
2 32 -0.0551382
2 33 -0.0614801
2 34 -0.0680628
2 35 -0.0748718
2 36 -0.0819908
2 37 -0.0889466
2 38 -0.095547
2 39 -0.101798
2 40 -0.107549
2 41 -0.11273
2 42 -0.117568
2 43 -0.122163
2 44 -0.126604
2 45 -0.130599
2 46 -0.13409
2 47 -0.136922
2 48 -0.139029
2 49 -0.140613
2 50 -0.141399
2 51 -0.141495
2 52 -0.14134
2 53 -0.140613
2 54 -0.138812
2 55 -0.1362
2 56 -0.13303
2 57 -0.129545
2 58 -0.126025
2 59 -0.122388
2 60 -0.118465
2 61 -0.114056
2 62 -0.109204
2 63 -0.103792
2 64 -0.0978624
2 65 -0.091522
2 66 -0.0848525
2 67 -0.0780729
2 68 -0.0716611
2 69 -0.0657819
2 70 -0.0604915
2 71 -0.055613
2 72 -0.0512057
2 73 -0.0475068
2 74 -0.0446625
2 75 -0.0425471
2 76 -0.0408239
2 77 -0.0392515
2 78 -0.0379307
2 79 -0.0371397
2 80 -0.0369221
2 81 -0.0369305
2 82 -0.0369145
2 83 -0.0369279
2 84 -0.037106
2 85 -0.0374804
2 86 -0.037999
2 87 -0.0388282
2 88 -0.0400852
2 89 -0.041661
2 90 -0.0433432
2 91 -0.0449578
2 92 -0.0465877
2 93 -0.0480966
2 94 -0.0494246
2 95 -0.0506742
2 96 -0.051801
2 97 -0.0529281
2 98 -0.0535951
2 99 -0.0536654
2 100 -0.00662071
2 101 0

3 0 0
3 1 -0.00676648
3 2 -0.054754
3 3 -0.0546674
3 4 -0.0543151
3 5 -0.0533681
3 6 -0.0522561
3 7 -0.0511756
3 8 -0.0493924
3 9 -0.0476924
3 10 -0.0459856
3 11 -0.043675
3 12 -0.041327
3 13 -0.0385474
3 14 -0.036034
3 15 -0.0338986
3 16 -0.0318692
3 17 -0.0304989
3 18 -0.0291437
3 19 -0.0282513
3 20 -0.0278358
3 21 -0.0276891
3 22 -0.0276378
3 23 -0.0279741
3 24 -0.0285825
3 25 -0.0293705
3 26 -0.0308761
3 27 -0.0329811
3 28 -0.0355087
3 29 -0.038672
3 30 -0.0429304
3 31 -0.0479466
3 32 -0.0537757
3 33 -0.0602394
3 34 -0.0669311
3 35 -0.0737585
3 36 -0.0800981
3 37 -0.0868298
3 38 -0.0938535
3 39 -0.100217
3 40 -0.105887
3 41 -0.11128
3 42 -0.115977
3 43 -0.120457
3 44 -0.125068
3 45 -0.129012
3 46 -0.132339
3 47 -0.135457
3 48 -0.137799
3 49 -0.139272
3 50 -0.140313
3 51 -0.140378
3 52 -0.140116
3 53 -0.139318
3 54 -0.137315
3 55 -0.134683
3 56 -0.13169
3 57 -0.128115
3 58 -0.124539
3 59 -0.12073
3 60 -0.11657
3 61 -0.112176
3 62 -0.107291
3 63 -0.101924
3 64 -0.0959863
3 65 -0.0896227
3 66 -0.0828719
3 67 -0.0767747
3 68 -0.070664
3 69 -0.0643477
3 70 -0.0589692
3 71 -0.0543261
3 72 -0.0500455
3 73 -0.0466669
3 74 -0.0437893
3 75 -0.0411798
3 76 -0.0393081
3 77 -0.0377804
3 78 -0.0371426
3 79 -0.0367142
3 80 -0.0360602
3 81 -0.0358982
3 82 -0.0357261
3 83 -0.0358974
3 84 -0.0364206
3 85 -0.0370916
3 86 -0.0376132
3 87 -0.0385974
3 88 -0.0394516
3 89 -0.0407185
3 90 -0.0428935
3 91 -0.0447385
3 92 -0.0467054
3 93 -0.0480834
3 94 -0.0491932
3 95 -0.0508521
3 96 -0.0518278
3 97 -0.0524884
3 98 -0.0532702
3 99 -0.0536179
3 100 -0.0066264
3 101 0

4 0 0
4 1 -0.00670919
4 2 -0.0543717
4 3 -0.0543151
4 4 -0.0537651
4 5 -0.053063
4 6 -0.0522521
4 7 -0.0504861
4 8 -0.0490595
4 9 -0.0476172
4 10 -0.0451428
4 11 -0.0427109
4 12 -0.0402715
4 13 -0.0372466
4 14 -0.0350018
4 15 -0.0325969
4 16 -0.0310191
4 17 -0.0291914
4 18 -0.0278519
4 19 -0.0265132
4 20 -0.0261013
4 21 -0.0263712
4 22 -0.0258706
4 23 -0.0260365
4 24 -0.0266489
4 25 -0.0276539
4 26 -0.028433
4 27 -0.0303918
4 28 -0.0333258
4 29 -0.036673
4 30 -0.0401055
4 31 -0.0454337
4 32 -0.051062
4 33 -0.0570806
4 34 -0.0633797
4 35 -0.0703224
4 36 -0.0771898
4 37 -0.0835467
4 38 -0.0905272
4 39 -0.0967035
4 40 -0.102752
4 41 -0.108202
4 42 -0.113309
4 43 -0.117687
4 44 -0.122133
4 45 -0.126038
4 46 -0.129397
4 47 -0.132523
4 48 -0.135172
4 49 -0.137042
4 50 -0.138436
4 51 -0.138941
4 52 -0.138111
4 53 -0.136176
4 54 -0.13432
4 55 -0.131909
4 56 -0.128852
4 57 -0.125607
4 58 -0.121757
4 59 -0.117606
4 60 -0.113586
4 61 -0.109007
4 62 -0.103916
4 63 -0.0981234
4 64 -0.0922706
4 65 -0.0856408
4 66 -0.0795923
4 67 -0.0734128
4 68 -0.0673157
4 69 -0.0617888
4 70 -0.0563721
4 71 -0.0514015
4 72 -0.0467813
4 73 -0.0440415
4 74 -0.041318
4 75 -0.0386147
4 76 -0.0370267
4 77 -0.036218
4 78 -0.0349653
4 79 -0.0347672
4 80 -0.034343
4 81 -0.0341518
4 82 -0.0341552
4 83 -0.034356
4 84 -0.0348542
4 85 -0.0352114
4 86 -0.0363323
4 87 -0.0370639
4 88 -0.0384431
4 89 -0.0399297
4 90 -0.041965
4 91 -0.0443279
4 92 -0.0461309
4 93 -0.0473775
4 94 -0.0490192
4 95 -0.0503944
4 96 -0.0513667
4 97 -0.0520075
4 98 -0.0524553
4 99 -0.0529025
4 100 -0.0065452
4 101 0

5 0 0
5 1 -0.00659475
5 2 -0.0535353
5 3 -0.0533681
5 4 -0.053063
5 5 -0.0528309
5 6 -0.0516469
5 7 -0.0504728
5 8 -0.0489076
5 9 -0.0470313
5 10 -0.0444201
5 11 -0.0415467
5 12 -0.0390196
5 13 -0.036204
5 14 -0.0333783
5 15 -0.0311891
5 16 -0.0289307
5 17 -0.0271582
5 18 -0.0255157
5 19 -0.0243317
5 20 -0.0237367
5 21 -0.0237186
5 22 -0.0235838
5 23 -0.0237218
5 24 -0.0239454
5 25 -0.0242223
5 26 -0.0250099
5 27 -0.0268138
5 28 -0.0295539
5 29 -0.0330656
5 30 -0.0370441
5 31 -0.0417898
5 32 -0.0471069
5 33 -0.0527712
5 34 -0.0589475
5 35 -0.0658297
5 36 -0.0724608
5 37 -0.0790877
5 38 -0.0860586
5 39 -0.0924989
5 40 -0.0982214
5 41 -0.104232
5 42 -0.109265
5 43 -0.113731
5 44 -0.118349
5 45 -0.122126
5 46 -0.125541
5 47 -0.128947
5 48 -0.131523
5 49 -0.13337
5 50 -0.134972
5 51 -0.135259
5 52 -0.134393
5 53 -0.132603
5 54 -0.130397
5 55 -0.127958
5 56 -0.125091
5 57 -0.121634
5 58 -0.117942
5 59 -0.113722
5 60 -0.10909
5 61 -0.104473
5 62 -0.0992041
5 63 -0.0934429
5 64 -0.0873681
5 65 -0.0810797
5 66 -0.0746094
5 67 -0.0688414
5 68 -0.0631606
5 69 -0.0573761
5 70 -0.0521897
5 71 -0.0474074
5 72 -0.0430361
5 73 -0.0399298
5 74 -0.0370978
5 75 -0.0349538
5 76 -0.0339057
5 77 -0.032995
5 78 -0.0322134
5 79 -0.0321018
5 80 -0.0316376
5 81 -0.0313433
5 82 -0.0316143
5 83 -0.0321295
5 84 -0.0324063
5 85 -0.0327123
5 86 -0.033694
5 87 -0.0356403
5 88 -0.0372056
5 89 -0.0392401
5 90 -0.0415854
5 91 -0.0435185
5 92 -0.0452823
5 93 -0.0468967
5 94 -0.048594
5 95 -0.0501872
5 96 -0.0504204
5 97 -0.050851
5 98 -0.0514276
5 99 -0.0515189
5 100 -0.00635819
5 101 0

6 0 0
6 1 -0.00645251
6 2 -0.0522532
6 3 -0.0522561
6 4 -0.0522521
6 5 -0.0516469
6 6 -0.0507653
6 7 -0.0494271
6 8 -0.0480118
6 9 -0.0455043
6 10 -0.0424998
6 11 -0.0400604
6 12 -0.037042
6 13 -0.0343729
6 14 -0.0310855
6 15 -0.0288126
6 16 -0.0262758
6 17 -0.0242915
6 18 -0.0225685
6 19 -0.0212686
6 20 -0.0205934
6 21 -0.0201529
6 22 -0.0201367
6 23 -0.0198898
6 24 -0.0199971
6 25 -0.0199978
6 26 -0.0206561
6 27 -0.0223179
6 28 -0.0251457
6 29 -0.0285926
6 30 -0.0327473
6 31 -0.0374273
6 32 -0.0426473
6 33 -0.0475833
6 34 -0.0536285
6 35 -0.0599929
6 36 -0.0662709
6 37 -0.0734411
6 38 -0.0800445
6 39 -0.0867125
6 40 -0.0924211
6 41 -0.0986972
6 42 -0.103884
6 43 -0.1089
6 44 -0.113254
6 45 -0.117261
6 46 -0.120976
6 47 -0.124283
6 48 -0.126943
6 49 -0.128621
6 50 -0.129662
6 51 -0.12995
6 52 -0.12927
6 53 -0.127821
6 54 -0.125798
6 55 -0.123184
6 56 -0.120254
6 57 -0.116726
6 58 -0.112882
6 59 -0.1086
6 60 -0.10351
6 61 -0.0986409
6 62 -0.0929878
6 63 -0.0873905
6 64 -0.0811148
6 65 -0.075043
6 66 -0.0684996
6 67 -0.0629263
6 68 -0.0575769
6 69 -0.0520149
6 70 -0.046954
6 71 -0.0423565
6 72 -0.0385138
6 73 -0.0349958
6 74 -0.0322214
6 75 -0.0302151
6 76 -0.0291856
6 77 -0.0284017
6 78 -0.0280791
6 79 -0.0279386
6 80 -0.0279848
6 81 -0.0277952
6 82 -0.0280128
6 83 -0.0286716
6 84 -0.0293928
6 85 -0.0299614
6 86 -0.0312738
6 87 -0.0335221
6 88 -0.0351751
6 89 -0.037537
6 90 -0.0396541
6 91 -0.0420277
6 92 -0.0436928
6 93 -0.0456782
6 94 -0.0476145
6 95 -0.0485354
6 96 -0.0491461
6 97 -0.0495383
6 98 -0.0501801
6 99 -0.0498195
6 100 -0.00610593
6 101 0

7 0 0
7 1 -0.00626613
7 2 -0.0509898
7 3 -0.0511756
7 4 -0.0504861
7 5 -0.0504728
7 6 -0.0494271
7 7 -0.0478976
7 8 -0.0460762
7 9 -0.0433532
7 10 -0.0402941
7 11 -0.0376894
7 12 -0.0349004
7 13 -0.0320476
7 14 -0.0288245
7 15 -0.0264332
7 16 -0.0236398
7 17 -0.0210339
7 18 -0.0192772
7 19 -0.0177329
7 20 -0.0166538
7 21 -0.0164205
7 22 -0.0156101
7 23 -0.0149339
7 24 -0.0149661
7 25 -0.0152487
7 26 -0.0157855
7 27 -0.0174209
7 28 -0.0201989
7 29 -0.0231661
7 30 -0.0265691
7 31 -0.0315512
7 32 -0.0367675
7 33 -0.0418827
7 34 -0.0475548
7 35 -0.0536467
7 36 -0.0602641
7 37 -0.066742
7 38 -0.0732541
7 39 -0.0799027
7 40 -0.0858413
7 41 -0.0921898
7 42 -0.0977135
7 43 -0.102704
7 44 -0.107273
7 45 -0.111266
7 46 -0.115252
7 47 -0.118517
7 48 -0.12102
7 49 -0.122412
7 50 -0.123335
7 51 -0.123715
7 52 -0.12341
7 53 -0.121848
7 54 -0.120104
7 55 -0.11742
7 56 -0.114179
7 57 -0.110573
7 58 -0.106671
7 59 -0.102329
7 60 -0.0972565
7 61 -0.0919049
7 62 -0.0860559
7 63 -0.0802885
7 64 -0.0743477
7 65 -0.068283
7 66 -0.0623081
7 67 -0.0563685
7 68 -0.0507587
7 69 -0.0454811
7 70 -0.0404333
7 71 -0.0360692
7 72 -0.0321299
7 73 -0.0293645
7 74 -0.0267876
7 75 -0.0246712
7 76 -0.0237872
7 77 -0.0232633
7 78 -0.0228869
7 79 -0.0232174
7 80 -0.0235075
7 81 -0.0236358
7 82 -0.0237813
7 83 -0.0244963
7 84 -0.0258156
7 85 -0.0270176
7 86 -0.0287053
7 87 -0.0308607
7 88 -0.0326511
7 89 -0.0349951
7 90 -0.0371235
7 91 -0.0397643
7 92 -0.0419049
7 93 -0.0439517
7 94 -0.0457395
7 95 -0.0467435
7 96 -0.0472088
7 97 -0.0482243
7 98 -0.0485216
7 99 -0.0480383
7 100 -0.00590006
7 101 0

8 0 0
8 1 -0.00614614
8 2 -0.0495927
8 3 -0.0493924
8 4 -0.0490595
8 5 -0.0489076
8 6 -0.0480118
8 7 -0.0460762
8 8 -0.0436502
8 9 -0.0405715
8 10 -0.0376578
8 11 -0.0353017
8 12 -0.0319669
8 13 -0.0292998
8 14 -0.0259479
8 15 -0.0230699
8 16 -0.0203042
8 17 -0.0176806
8 18 -0.0152485
8 19 -0.0135872
8 20 -0.0120784
8 21 -0.0106474
8 22 -0.0100334
8 23 -0.00925522
8 24 -0.00886951
8 25 -0.00898376
8 26 -0.00963932
8 27 -0.0110531
8 28 -0.0136272
8 29 -0.0162178
8 30 -0.0197375
8 31 -0.0245714
8 32 -0.0295184
8 33 -0.0345057
8 34 -0.0401664
8 35 -0.0459886
8 36 -0.0523481
8 37 -0.058817
8 38 -0.0651667
8 39 -0.0722539
8 40 -0.0782723
8 41 -0.0847996
8 42 -0.0903384
8 43 -0.0956539
8 44 -0.100279
8 45 -0.104296
8 46 -0.108174
8 47 -0.111042
8 48 -0.113262
8 49 -0.114925
8 50 -0.115674
8 51 -0.116279
8 52 -0.115996
8 53 -0.114584
8 54 -0.112584
8 55 -0.110119
8 56 -0.107128
8 57 -0.103557
8 58 -0.0995923
8 59 -0.0951316
8 60 -0.0899545
8 61 -0.0844401
8 62 -0.0779822
8 63 -0.0722105
8 64 -0.0657577
8 65 -0.0596355
8 66 -0.0539175
8 67 -0.0482844
8 68 -0.0430377
8 69 -0.0379131
8 70 -0.0326954
8 71 -0.0284679
8 72 -0.024958
8 73 -0.0217417
8 74 -0.0196201
8 75 -0.0179659
8 76 -0.0171453
8 77 -0.0167562
8 78 -0.0167723
8 79 -0.0171264
8 80 -0.0176317
8 81 -0.0179736
8 82 -0.018784
8 83 -0.0199068
8 84 -0.0213267
8 85 -0.0228596
8 86 -0.0249512
8 87 -0.0276409
8 88 -0.0297788
8 89 -0.0322222
8 90 -0.0342692
8 91 -0.0369102
8 92 -0.0390619
8 93 -0.041581
8 94 -0.0436046
8 95 -0.0449728
8 96 -0.0459412
8 97 -0.0465231
8 98 -0.0468176
8 99 -0.0462925
8 100 -0.00568257
8 101 0

9 0 0
9 1 -0.00596849
9 2 -0.0480618
9 3 -0.0476924
9 4 -0.0476172
9 5 -0.0470313
9 6 -0.0455043
9 7 -0.0433532
9 8 -0.0405715
9 9 -0.0375997
9 10 -0.035039
9 11 -0.0322935
9 12 -0.0292855
9 13 -0.0258256
9 14 -0.0225434
9 15 -0.0196535
9 16 -0.0166435
9 17 -0.0139972
9 18 -0.0109324
9 19 -0.00869466
9 20 -0.00664082
9 21 -0.00461021
9 22 -0.00342277
9 23 -0.00271842
9 24 -0.00208292
9 25 -0.00232178
9 26 -0.00288637
9 27 -0.00426418
9 28 -0.0062207
9 29 -0.0087754
9 30 -0.0124462
9 31 -0.0170496
9 32 -0.0214723
9 33 -0.0261984
9 34 -0.0314627
9 35 -0.0376948
9 36 -0.0437503
9 37 -0.049878
9 38 -0.0562233
9 39 -0.063048
9 40 -0.0694566
9 41 -0.075669
9 42 -0.0812896
9 43 -0.0867078
9 44 -0.0917042
9 45 -0.0957559
9 46 -0.0993633
9 47 -0.102159
9 48 -0.104559
9 49 -0.106037
9 50 -0.107346
9 51 -0.10765
9 52 -0.10749
9 53 -0.105952
9 54 -0.10395
9 55 -0.101382
9 56 -0.0985351
9 57 -0.0949357
9 58 -0.0907427
9 59 -0.0859553
9 60 -0.0808434
9 61 -0.0753085
9 62 -0.069042
9 63 -0.0628828
9 64 -0.0564891
9 65 -0.0505904
9 66 -0.0446973
9 67 -0.0393807
9 68 -0.03425
9 69 -0.0291357
9 70 -0.0242457
9 71 -0.0203709
9 72 -0.0167156
9 73 -0.0136403
9 74 -0.0114669
9 75 -0.0103913
9 76 -0.00990965
9 77 -0.00967666
9 78 -0.00949292
9 79 -0.00992571
9 80 -0.010635
9 81 -0.0119321
9 82 -0.0136267
9 83 -0.0153655
9 84 -0.0167406
9 85 -0.0185058
9 86 -0.020547
9 87 -0.0236617
9 88 -0.0263471
9 89 -0.0287392
9 90 -0.0313944
9 91 -0.0334951
9 92 -0.0360368
9 93 -0.038403
9 94 -0.04065
9 95 -0.0427972
9 96 -0.0438918
9 97 -0.0445083
9 98 -0.0449349
9 99 -0.0446227
9 100 -0.00549785
9 101 0

10 0 0
10 1 -0.00573554
10 2 -0.0463256
10 3 -0.0459856
10 4 -0.0451428
10 5 -0.0444201
10 6 -0.0424998
10 7 -0.0402941
10 8 -0.0376578
10 9 -0.035039
10 10 -0.0320096
10 11 -0.0293243
10 12 -0.0260676
10 13 -0.0224743
10 14 -0.0189072
10 15 -0.0154337
10 16 -0.0126167
10 17 -0.00931367
10 18 -0.00582082
10 19 -0.00311216
10 20 -0.000689852
10 21 0.00165178
10 22 0.00300293
10 23 0.00426523
10 24 0.00505784
10 25 0.00515279
10 26 0.00465935
10 27 0.00381826
10 28 0.00174046
10 29 -0.000536615
10 30 -0.00372542
10 31 -0.00850897
10 32 -0.0130315
10 33 -0.0173301
10 34 -0.0223405
10 35 -0.0284381
10 36 -0.034501
10 37 -0.0405792
10 38 -0.0468939
10 39 -0.0534242
10 40 -0.0597594
10 41 -0.0656702
10 42 -0.0716282
10 43 -0.0774024
10 44 -0.0820987
10 45 -0.0861889
10 46 -0.0896012
10 47 -0.0921556
10 48 -0.0941531
10 49 -0.0959265
10 50 -0.0968966
10 51 -0.097393
10 52 -0.0968351
10 53 -0.0956471
10 54 -0.0939802
10 55 -0.0919028
10 56 -0.0890899
10 57 -0.0856054
10 58 -0.0810607
10 59 -0.0761178
10 60 -0.070889
10 61 -0.0651405
10 62 -0.0591685
10 63 -0.0531683
10 64 -0.0468696
10 65 -0.0408341
10 66 -0.0350858
10 67 -0.0295238
10 68 -0.0243402
10 69 -0.0197662
10 70 -0.0151307
10 71 -0.011084
10 72 -0.00761682
10 73 -0.00485647
10 74 -0.00298094
10 75 -0.00165747
10 76 -0.00149929
10 77 -0.00165435
10 78 -0.00176094
10 79 -0.00226827
10 80 -0.00376355
10 81 -0.00530783
10 82 -0.00742303
10 83 -0.00948626
10 84 -0.0114142
10 85 -0.0135612
10 86 -0.0163235
10 87 -0.0191594
10 88 -0.022415
10 89 -0.0252999
10 90 -0.0276754
10 91 -0.0305452
10 92 -0.0330795
10 93 -0.0353512
10 94 -0.0371976
10 95 -0.0396955
10 96 -0.0412559
10 97 -0.0422947
10 98 -0.0426043
10 99 -0.0428689
10 100 -0.00531691
10 101 0

11 0 0
11 1 -0.00547751
11 2 -0.044108
11 3 -0.043675
11 4 -0.0427109
11 5 -0.0415467
11 6 -0.0400604
11 7 -0.0376894
11 8 -0.0353017
11 9 -0.0322935
11 10 -0.0293243
11 11 -0.0261199
11 12 -0.0228296
11 13 -0.0189403
11 14 -0.0147574
11 15 -0.0113393
11 16 -0.00757947
11 17 -0.00435671
11 18 -0.000445676
11 19 0.00281315
11 20 0.00599968
11 21 0.00865166
11 22 0.0102748
11 23 0.0115484
11 24 0.0128401
11 25 0.0133001
11 26 0.0129248
11 27 0.011428
11 28 0.0101748
11 29 0.00818306
11 30 0.00526826
11 31 0.000985764
11 32 -0.00355106
11 33 -0.00816115
11 34 -0.0133197
11 35 -0.0189635
11 36 -0.0241301
11 37 -0.0302081
11 38 -0.0363443
11 39 -0.0428117
11 40 -0.0491203
11 41 -0.0551168
11 42 -0.0609955
11 43 -0.0667674
11 44 -0.071741
11 45 -0.0755073
11 46 -0.0788524
11 47 -0.0812306
11 48 -0.0836403
11 49 -0.0849935
11 50 -0.0860414
11 51 -0.0866149
11 52 -0.0860967
11 53 -0.0850727
11 54 -0.0838016
11 55 -0.0810972
11 56 -0.0781925
11 57 -0.0747832
11 58 -0.070693
11 59 -0.0654046
11 60 -0.0599445
11 61 -0.0542849
11 62 -0.0480092
11 63 -0.04206
11 64 -0.0361047
11 65 -0.0304046
11 66 -0.0245123
11 67 -0.0195848
11 68 -0.0144084
11 69 -0.0095177
11 70 -0.00483658
11 71 -0.00110226
11 72 0.00177951
11 73 0.00422292
11 74 0.00621234
11 75 0.00721937
11 76 0.00782545
11 77 0.00714588
11 78 0.00647199
11 79 0.00541963
11 80 0.0038017
11 81 0.00198506
11 82 -0.000324796
11 83 -0.00329626
11 84 -0.00550912
11 85 -0.00859929
11 86 -0.0113255
11 87 -0.014696
11 88 -0.0181902
11 89 -0.0213036
11 90 -0.0244072
11 91 -0.0273354
11 92 -0.0301252
11 93 -0.0323786
11 94 -0.0346853
11 95 -0.0367136
11 96 -0.0387948
11 97 -0.0397049
11 98 -0.0401295
11 99 -0.040729
11 100 -0.00506318
11 101 0

12 0 0
12 1 -0.0051242
12 2 -0.0415228
12 3 -0.041327
12 4 -0.0402715
12 5 -0.0390196
12 6 -0.037042
12 7 -0.0349004
12 8 -0.0319669
12 9 -0.0292855
12 10 -0.0260676
12 11 -0.0228296
12 12 -0.0197827
12 13 -0.0155104
12 14 -0.0110151
12 15 -0.00675633
12 16 -0.00264228
12 17 0.00110663
12 18 0.00510711
12 19 0.00896723
12 20 0.0127269
12 21 0.0157487
12 22 0.0176878
12 23 0.0193679
12 24 0.0205471
12 25 0.0211453
12 26 0.020966
12 27 0.0199443
12 28 0.0190817
12 29 0.0174178
12 30 0.0145381
12 31 0.0108538
12 32 0.00630408
12 33 0.00192823
12 34 -0.00304467
12 35 -0.00859936
12 36 -0.0134965
12 37 -0.019482
12 38 -0.0257219
12 39 -0.0316667
12 40 -0.0379776
12 41 -0.043872
12 42 -0.0494297
12 43 -0.055055
12 44 -0.0598579
12 45 -0.0638247
12 46 -0.0669354
12 47 -0.0699311
12 48 -0.0721977
12 49 -0.0736479
12 50 -0.0749825
12 51 -0.0754034
12 52 -0.0747631
12 53 -0.0737762
12 54 -0.0721365
12 55 -0.0695933
12 56 -0.0663891
12 57 -0.0629506
12 58 -0.0586092
12 59 -0.0535847
12 60 -0.0482301
12 61 -0.0427776
12 62 -0.0367532
12 63 -0.03045
12 64 -0.0248316
12 65 -0.0192134
12 66 -0.0133835
12 67 -0.00876905
12 68 -0.00380088
12 69 0.00135872
12 70 0.00564046
12 71 0.00949236
12 72 0.0120744
12 73 0.013908
12 74 0.0156605
12 75 0.0165202
12 76 0.0166827
12 77 0.0159546
12 78 0.014997
12 79 0.0137618
12 80 0.0114125
12 81 0.0091569
12 82 0.00646437
12 83 0.0034417
12 84 0.000746053
12 85 -0.00292767
12 86 -0.00653074
12 87 -0.0101057
12 88 -0.0138425
12 89 -0.0173385
12 90 -0.0210484
12 91 -0.0239668
12 92 -0.0264705
12 93 -0.029187
12 94 -0.0314111
12 95 -0.0338772
12 96 -0.0357001
12 97 -0.0372555
12 98 -0.0378589
12 99 -0.0381812
12 100 -0.00471061
12 101 0

13 0 0
13 1 -0.00481557
13 2 -0.0388926
13 3 -0.0385474
13 4 -0.0372466
13 5 -0.036204
13 6 -0.0343729
13 7 -0.0320476
13 8 -0.0292998
13 9 -0.0258256
13 10 -0.0224743
13 11 -0.0189403
13 12 -0.0155104
13 13 -0.0114449
13 14 -0.00633643
13 15 -0.00152268
13 16 0.00327972
13 17 0.00721242
13 18 0.0114291
13 19 0.0156276
13 20 0.0198161
13 21 0.0230981
13 22 0.0252037
13 23 0.0267669
13 24 0.0285398
13 25 0.029618
13 26 0.0297186
13 27 0.0289156
13 28 0.0282712
13 29 0.0268211
13 30 0.024522
13 31 0.0209574
13 32 0.0169214
13 33 0.0126991
13 34 0.0078708
13 35 0.00240708
13 36 -0.00247232
13 37 -0.00796121
13 38 -0.0136954
13 39 -0.0196211
13 40 -0.0260351
13 41 -0.0318965
13 42 -0.0377664
13 43 -0.0432573
13 44 -0.0480532
13 45 -0.0519444
13 46 -0.0555413
13 47 -0.0578807
13 48 -0.0600005
13 49 -0.0616407
13 50 -0.0625382
13 51 -0.0634001
13 52 -0.0626693
13 53 -0.0616456
13 54 -0.0599451
13 55 -0.0573973
13 56 -0.0547334
13 57 -0.0508052
13 58 -0.0464007
13 59 -0.0413856
13 60 -0.0361789
13 61 -0.0302772
13 62 -0.0242305
13 63 -0.0181485
13 64 -0.0125424
13 65 -0.00709267
13 66 -0.00172326
13 67 0.00293582
13 68 0.0080849
13 69 0.012494
13 70 0.0166306
13 71 0.0200422
13 72 0.0224324
13 73 0.0241601
13 74 0.0254491
13 75 0.0259966
13 76 0.0260822
13 77 0.0249707
13 78 0.0238571
13 79 0.022272
13 80 0.0199891
13 81 0.0172652
13 82 0.014032
13 83 0.0104036
13 84 0.00730943
13 85 0.00325497
13 86 -0.000760368
13 87 -0.00503673
13 88 -0.00919761
13 89 -0.0130741
13 90 -0.0166588
13 91 -0.0197827
13 92 -0.0226154
13 93 -0.0255367
13 94 -0.0287569
13 95 -0.0311327
13 96 -0.0329544
13 97 -0.034558
13 98 -0.0351836
13 99 -0.0354919
13 100 -0.00438745
13 101 0

14 0 0
14 1 -0.00451261
14 2 -0.0364325
14 3 -0.036034
14 4 -0.0350018
14 5 -0.0333783
14 6 -0.0310855
14 7 -0.0288245
14 8 -0.0259479
14 9 -0.0225434
14 10 -0.0189072
14 11 -0.0147574
14 12 -0.0110151
14 13 -0.00633643
14 14 -0.00199456
14 15 0.00362375
14 16 0.00878845
14 17 0.0135513
14 18 0.0180754
14 19 0.0225011
14 20 0.0267822
14 21 0.030096
14 22 0.0327007
14 23 0.0349505
14 24 0.0370686
14 25 0.0377055
14 26 0.0380968
14 27 0.0377326
14 28 0.0373767
14 29 0.0359485
14 30 0.034086
14 31 0.0309988
14 32 0.0278305
14 33 0.0234869
14 34 0.0190087
14 35 0.0140769
14 36 0.0090414
14 37 0.00406635
14 38 -0.00177576
14 39 -0.00742362
14 40 -0.0141256
14 41 -0.0193177
14 42 -0.0253174
14 43 -0.0305654
14 44 -0.0358397
14 45 -0.039791
14 46 -0.0434013
14 47 -0.0459587
14 48 -0.0477005
14 49 -0.049117
14 50 -0.0499553
14 51 -0.0505889
14 52 -0.050086
14 53 -0.0491285
14 54 -0.0473945
14 55 -0.0450967
14 56 -0.0421682
14 57 -0.0380149
14 58 -0.0335089
14 59 -0.0280117
14 60 -0.0230594
14 61 -0.0171965
14 62 -0.011812
14 63 -0.00570245
14 64 -0.000285159
14 65 0.00510415
14 66 0.0100998
14 67 0.0150491
14 68 0.0196877
14 69 0.0237939
14 70 0.0278944
14 71 0.0304732
14 72 0.0324419
14 73 0.0340264
14 74 0.0355056
14 75 0.0358416
14 76 0.0354268
14 77 0.0340377
14 78 0.0329019
14 79 0.0309788
14 80 0.0284116
14 81 0.0250304
14 82 0.0216129
14 83 0.0175965
14 84 0.0136593
14 85 0.00951546
14 86 0.00505374
14 87 0.000277975
14 88 -0.0044923
14 89 -0.00794941
14 90 -0.0122626
14 91 -0.0155476
14 92 -0.0189118
14 93 -0.0220474
14 94 -0.0252587
14 95 -0.028027
14 96 -0.0300534
14 97 -0.0319972
14 98 -0.0327131
14 99 -0.0330592
14 100 -0.00408487
14 101 0

15 0 0
15 1 -0.00423316
15 2 -0.0342322
15 3 -0.0338986
15 4 -0.0325969
15 5 -0.0311891
15 6 -0.0288126
15 7 -0.0264332
15 8 -0.0230699
15 9 -0.0196535
15 10 -0.0154337
15 11 -0.0113393
15 12 -0.00675633
15 13 -0.00152268
15 14 0.00362375
15 15 0.00950295
15 16 0.0146782
15 17 0.0199145
15 18 0.0249123
15 19 0.029668
15 20 0.0339028
15 21 0.0376009
15 22 0.0409856
15 23 0.0435219
15 24 0.0454121
15 25 0.0465436
15 26 0.0471259
15 27 0.0471312
15 28 0.0463152
15 29 0.045512
15 30 0.0439971
15 31 0.0413984
15 32 0.0385344
15 33 0.0351903
15 34 0.031023
15 35 0.0263205
15 36 0.0211426
15 37 0.0157853
15 38 0.00985487
15 39 0.0038947
15 40 -0.00193097
15 41 -0.00711887
15 42 -0.0128002
15 43 -0.0182755
15 44 -0.0227934
15 45 -0.0273723
15 46 -0.0310805
15 47 -0.0334353
15 48 -0.0353521
15 49 -0.0370013
15 50 -0.0374547
15 51 -0.0376779
15 52 -0.0373901
15 53 -0.0364106
15 54 -0.0347276
15 55 -0.0324257
15 56 -0.029417
15 57 -0.0253509
15 58 -0.0200859
15 59 -0.0150532
15 60 -0.00984512
15 61 -0.00438449
15 62 0.000892138
15 63 0.00628426
15 64 0.0119087
15 65 0.0179743
15 66 0.0227812
15 67 0.0277873
15 68 0.032074
15 69 0.0353671
15 70 0.0388048
15 71 0.0414151
15 72 0.0431887
15 73 0.0445053
15 74 0.045391
15 75 0.0459465
15 76 0.0454882
15 77 0.0439775
15 78 0.0421734
15 79 0.0399186
15 80 0.036793
15 81 0.0330536
15 82 0.0292084
15 83 0.0255219
15 84 0.0212121
15 85 0.0162383
15 86 0.0106873
15 87 0.00557263
15 88 0.000676746
15 89 -0.00345627
15 90 -0.0078352
15 91 -0.0122431
15 92 -0.015711
15 93 -0.0193777
15 94 -0.0225136
15 95 -0.0253882
15 96 -0.0274843
15 97 -0.029659
15 98 -0.030563
15 99 -0.0309725
15 100 -0.00382461
15 101 0

16 0 0
16 1 -0.00401947
16 2 -0.0324262
16 3 -0.0318692
16 4 -0.0310191
16 5 -0.0289307
16 6 -0.0262758
16 7 -0.0236398
16 8 -0.0203042
16 9 -0.0166435
16 10 -0.0126167
16 11 -0.00757947
16 12 -0.00264228
16 13 0.00327972
16 14 0.00878845
16 15 0.0146782
16 16 0.0205523
16 17 0.025798
16 18 0.0310135
16 19 0.0361153
16 20 0.0405703
16 21 0.0449181
16 22 0.0487236
16 23 0.0518439
16 24 0.0540439
16 25 0.0554798
16 26 0.0560137
16 27 0.0554081
16 28 0.0555136
16 29 0.0546215
16 30 0.0538121
16 31 0.0522766
16 32 0.0496579
16 33 0.0464963
16 34 0.0423827
16 35 0.0373269
16 36 0.0327741
16 37 0.0273571
16 38 0.021305
16 39 0.0157729
16 40 0.00968221
16 41 0.00442122
16 42 -0.000887709
16 43 -0.00590682
16 44 -0.0108267
16 45 -0.0150223
16 46 -0.0183941
16 47 -0.0208248
16 48 -0.0225459
16 49 -0.0238662
16 50 -0.0249284
16 51 -0.0254014
16 52 -0.0244268
16 53 -0.0235353
16 54 -0.0217739
16 55 -0.0193159
16 56 -0.0164041
16 57 -0.0123332
16 58 -0.00779624
16 59 -0.00263322
16 60 0.00260264
16 61 0.00791084
16 62 0.0130154
16 63 0.0188241
16 64 0.0243042
16 65 0.0297479
16 66 0.0352152
16 67 0.0393911
16 68 0.0436595
16 69 0.0476913
16 70 0.0503966
16 71 0.0523429
16 72 0.0537239
16 73 0.0544934
16 74 0.0554668
16 75 0.0554446
16 76 0.0551461
16 77 0.05377
16 78 0.0513189
16 79 0.0482598
16 80 0.0450364
16 81 0.0413673
16 82 0.0367075
16 83 0.0319101
16 84 0.0274437
16 85 0.0222362
16 86 0.0167055
16 87 0.0110154
16 88 0.00559328
16 89 0.00126597
16 90 -0.00416645
16 91 -0.00874546
16 92 -0.012707
16 93 -0.0163534
16 94 -0.0197949
16 95 -0.0228335
16 96 -0.0251169
16 97 -0.0271169
16 98 -0.0288133
16 99 -0.029259
16 100 -0.00360504
16 101 0

17 0 0
17 1 -0.00381458
17 2 -0.0309611
17 3 -0.0304989
17 4 -0.0291914
17 5 -0.0271582
17 6 -0.0242915
17 7 -0.0210339
17 8 -0.0176806
17 9 -0.0139972
17 10 -0.00931367
17 11 -0.00435671
17 12 0.00110663
17 13 0.00721242
17 14 0.0135513
17 15 0.0199145
17 16 0.025798
17 17 0.031329
17 18 0.0372547
17 19 0.0424043
17 20 0.0472954
17 21 0.0518094
17 22 0.0562435
17 23 0.0597005
17 24 0.0622717
17 25 0.0637635
17 26 0.0648199
17 27 0.065351
17 28 0.0647712
17 29 0.0644701
17 30 0.0638731
17 31 0.0622234
17 32 0.0600441
17 33 0.0572574
17 34 0.0538375
17 35 0.0493812
17 36 0.0442874
17 37 0.0386974
17 38 0.0329209
17 39 0.0271575
17 40 0.0212846
17 41 0.0156568
17 42 0.0105764
17 43 0.00568844
17 44 0.00109931
17 45 -0.00316726
17 46 -0.00627028
17 47 -0.00831423
17 48 -0.00995397
17 49 -0.0110594
17 50 -0.012138
17 51 -0.012815
17 52 -0.0118113
17 53 -0.0102826
17 54 -0.00925628
17 55 -0.00703558
17 56 -0.00392436
17 57 -0.00036549
17 58 0.00458697
17 59 0.00979487
17 60 0.0146634
17 61 0.0196316
17 62 0.0253481
17 63 0.0310485
17 64 0.036598
17 65 0.0423819
17 66 0.0473708
17 67 0.0517671
17 68 0.0557919
17 69 0.058836
17 70 0.0614713
17 71 0.0632355
17 72 0.0644763
17 73 0.0653027
17 74 0.0654467
17 75 0.0653216
17 76 0.0644273
17 77 0.0627741
17 78 0.0603154
17 79 0.0567431
17 80 0.052989
17 81 0.0489067
17 82 0.0443154
17 83 0.0387812
17 84 0.0336757
17 85 0.0280616
17 86 0.0218729
17 87 0.0158387
17 88 0.0101909
17 89 0.00500237
17 90 -0.000180107
17 91 -0.0054479
17 92 -0.00973608
17 93 -0.0137096
17 94 -0.0174443
17 95 -0.0206457
17 96 -0.0232468
17 97 -0.025609
17 98 -0.0272886
17 99 -0.0278588
17 100 -0.00343856
17 101 0

18 0 0
18 1 -0.00371084
18 2 -0.0298974
18 3 -0.0291437
18 4 -0.0278519
18 5 -0.0255157
18 6 -0.0225685
18 7 -0.0192772
18 8 -0.0152485
18 9 -0.0109324
18 10 -0.00582082
18 11 -0.000445676
18 12 0.00510711
18 13 0.0114291
18 14 0.0180754
18 15 0.0249123
18 16 0.0310135
18 17 0.0372547
18 18 0.0433074
18 19 0.0489092
18 20 0.0540611
18 21 0.0590192
18 22 0.0634179
18 23 0.067242
18 24 0.0699365
18 25 0.0720326
18 26 0.0732947
18 27 0.0740656
18 28 0.074359
18 29 0.074207
18 30 0.0736432
18 31 0.0726171
18 32 0.0706069
18 33 0.0681174
18 34 0.0647811
18 35 0.0602297
18 36 0.0555775
18 37 0.0502789
18 38 0.0444201
18 39 0.0388555
18 40 0.0330073
18 41 0.0274516
18 42 0.0224067
18 43 0.0174044
18 44 0.0128527
18 45 0.00882499
18 46 0.00601678
18 47 0.00353813
18 48 0.00169332
18 49 0.000477655
18 50 -0.000580133
18 51 -0.000731644
18 52 -8.34523e-05
18 53 0.00104534
18 54 0.00267149
18 55 0.00515273
18 56 0.00842874
18 57 0.0121778
18 58 0.0169374
18 59 0.0219819
18 60 0.0272834
18 61 0.0324403
18 62 0.037702
18 63 0.0432649
18 64 0.0485326
18 65 0.0541881
18 66 0.0593867
18 67 0.0635294
18 68 0.0674494
18 69 0.0708454
18 70 0.0730339
18 71 0.0742036
18 72 0.0751289
18 73 0.0757279
18 74 0.0755204
18 75 0.074554
18 76 0.0732878
18 77 0.071675
18 78 0.068755
18 79 0.0651462
18 80 0.0609564
18 81 0.0568035
18 82 0.0513466
18 83 0.0453516
18 84 0.0397132
18 85 0.0338081
18 86 0.0274501
18 87 0.0211586
18 88 0.0148953
18 89 0.00935756
18 90 0.00360243
18 91 -0.00179992
18 92 -0.00671636
18 93 -0.0113862
18 94 -0.0155453
18 95 -0.0193119
18 96 -0.0219315
18 97 -0.02403
18 98 -0.0260672
18 99 -0.02686
18 100 -0.00332501
18 101 0

19 0 0
19 1 -0.0036327
19 2 -0.0291548
19 3 -0.0282513
19 4 -0.0265132
19 5 -0.0243317
19 6 -0.0212686
19 7 -0.0177329
19 8 -0.0135872
19 9 -0.00869466
19 10 -0.00311216
19 11 0.00281315
19 12 0.00896723
19 13 0.0156276
19 14 0.0225011
19 15 0.029668
19 16 0.0361153
19 17 0.0424043
19 18 0.0489092
19 19 0.0548719
19 20 0.0607449
19 21 0.0660844
19 22 0.0709666
19 23 0.0748568
19 24 0.077792
19 25 0.079848
19 26 0.0816638
19 27 0.0827808
19 28 0.0831034
19 29 0.0833268
19 30 0.0832045
19 31 0.0822031
19 32 0.0808426
19 33 0.0784039
19 34 0.0749746
19 35 0.0711204
19 36 0.0661713
19 37 0.0607049
19 38 0.0552757
19 39 0.0499185
19 40 0.0442302
19 41 0.0384701
19 42 0.0333573
19 43 0.0282438
19 44 0.0240214
19 45 0.0205392
19 46 0.0177228
19 47 0.0150445
19 48 0.012643
19 49 0.0112278
19 50 0.0102525
19 51 0.0101725
19 52 0.0109221
19 53 0.0125315
19 54 0.0142358
19 55 0.0169154
19 56 0.0203653
19 57 0.023977
19 58 0.0285347
19 59 0.0335498
19 60 0.0388797
19 61 0.0441779
19 62 0.0496781
19 63 0.0548203
19 64 0.0600802
19 65 0.0658564
19 66 0.0709947
19 67 0.0752502
19 68 0.0784863
19 69 0.0814163
19 70 0.0837878
19 71 0.0847607
19 72 0.0852912
19 73 0.0855699
19 74 0.0850789
19 75 0.0838364
19 76 0.0824733
19 77 0.0801809
19 78 0.0771651
19 79 0.0734786
19 80 0.0690904
19 81 0.0639901
19 82 0.0584634
19 83 0.052036
19 84 0.0455571
19 85 0.0391673
19 86 0.032611
19 87 0.0260054
19 88 0.019467
19 89 0.0132959
19 90 0.00677859
19 91 0.000595854
19 92 -0.00475304
19 93 -0.00957266
19 94 -0.013991
19 95 -0.0178151
19 96 -0.0208917
19 97 -0.0235002
19 98 -0.0251635
19 99 -0.0260728
19 100 -0.00324191
19 101 0

20 0 0
20 1 -0.00354621
20 2 -0.0285794
20 3 -0.0278358
20 4 -0.0261013
20 5 -0.0237367
20 6 -0.0205934
20 7 -0.0166538
20 8 -0.0120784
20 9 -0.00664082
20 10 -0.000689852
20 11 0.00599968
20 12 0.0127269
20 13 0.0198161
20 14 0.0267822
20 15 0.0339028
20 16 0.0405703
20 17 0.0472954
20 18 0.0540611
20 19 0.0607449
20 20 0.0673662
20 21 0.0731522
20 22 0.0782932
20 23 0.0822003
20 24 0.0853871
20 25 0.0878891
20 26 0.0898968
20 27 0.090939
20 28 0.0914722
20 29 0.0917361
20 30 0.0921222
20 31 0.0913933
20 32 0.0894516
20 33 0.0874734
20 34 0.0845116
20 35 0.080481
20 36 0.0759292
20 37 0.0711056
20 38 0.0658087
20 39 0.0607538
20 40 0.0548086
20 41 0.0492941
20 42 0.0438346
20 43 0.0390045
20 44 0.0349543
20 45 0.031297
20 46 0.0280457
20 47 0.0253914
20 48 0.023098
20 49 0.0215714
20 50 0.0205722
20 51 0.0206011
20 52 0.0212417
20 53 0.0227673
20 54 0.0251792
20 55 0.0281773
20 56 0.0314044
20 57 0.0353849
20 58 0.0398144
20 59 0.0444181
20 60 0.0497548
20 61 0.0556466
20 62 0.0609728
20 63 0.0663344
20 64 0.0714004
20 65 0.0768087
20 66 0.081521
20 67 0.0855062
20 68 0.0887786
20 69 0.0915103
20 70 0.0932619
20 71 0.0945925
20 72 0.095011
20 73 0.0945943
20 74 0.0941064
20 75 0.0932544
20 76 0.0915829
20 77 0.0886704
20 78 0.0854461
20 79 0.0814981
20 80 0.0769393
20 81 0.0716401
20 82 0.0651899
20 83 0.0578662
20 84 0.0510591
20 85 0.043978
20 86 0.0371596
20 87 0.0306733
20 88 0.0235432
20 89 0.016845
20 90 0.00974324
20 91 0.00282603
20 92 -0.00287539
20 93 -0.00769095
20 94 -0.0128171
20 95 -0.0172125
20 96 -0.0206726
20 97 -0.0232004
20 98 -0.0247755
20 99 -0.0255665
20 100 -0.00317521
20 101 0

21 0 0
21 1 -0.00349893
21 2 -0.028325
21 3 -0.0276891
21 4 -0.0263712
21 5 -0.0237186
21 6 -0.0201529
21 7 -0.0164205
21 8 -0.0106474
21 9 -0.00461021
21 10 0.00165178
21 11 0.00865166
21 12 0.0157487
21 13 0.0230981
21 14 0.030096
21 15 0.0376009
21 16 0.0449181
21 17 0.0518094
21 18 0.0590192
21 19 0.0660844
21 20 0.0731522
21 21 0.0796736
21 22 0.0848413
21 23 0.0893138
21 24 0.0930234
21 25 0.0957431
21 26 0.0976652
21 27 0.0990127
21 28 0.0998635
21 29 0.100262
21 30 0.0999731
21 31 0.0993501
21 32 0.0978267
21 33 0.0958461
21 34 0.0931424
21 35 0.0892672
21 36 0.0851718
21 37 0.0800806
21 38 0.0751812
21 39 0.0700243
21 40 0.0641
21 41 0.0586699
21 42 0.0537432
21 43 0.0489502
21 44 0.044756
21 45 0.0406994
21 46 0.0375686
21 47 0.0347862
21 48 0.0327451
21 49 0.0313926
21 50 0.030264
21 51 0.030542
21 52 0.0310418
21 53 0.0325852
21 54 0.0352054
21 55 0.038104
21 56 0.0416779
21 57 0.0454074
21 58 0.04976
21 59 0.0546405
21 60 0.0599753
21 61 0.0655527
21 62 0.0710017
21 63 0.0764003
21 64 0.0817689
21 65 0.086666
21 66 0.0914245
21 67 0.0949206
21 68 0.0980156
21 69 0.100792
21 70 0.102544
21 71 0.103452
21 72 0.103529
21 73 0.103543
21 74 0.10338
21 75 0.10216
21 76 0.100291
21 77 0.0974797
21 78 0.093486
21 79 0.089113
21 80 0.0839038
21 81 0.0781805
21 82 0.0714852
21 83 0.0638379
21 84 0.0560963
21 85 0.0486149
21 86 0.0413349
21 87 0.0338367
21 88 0.0266891
21 89 0.019827
21 90 0.0120635
21 91 0.00506618
21 92 -0.000993269
21 93 -0.00664113
21 94 -0.0120888
21 95 -0.0174358
21 96 -0.0208132
21 97 -0.0233878
21 98 -0.0248359
21 99 -0.0254099
21 100 -0.00314986
21 101 0

22 0 0
22 1 -0.00353795
22 2 -0.0284958
22 3 -0.0276378
22 4 -0.0258706
22 5 -0.0235838
22 6 -0.0201367
22 7 -0.0156101
22 8 -0.0100334
22 9 -0.00342277
22 10 0.00300293
22 11 0.0102748
22 12 0.0176878
22 13 0.0252037
22 14 0.0327007
22 15 0.0409856
22 16 0.0487236
22 17 0.0562435
22 18 0.0634179
22 19 0.0709666
22 20 0.0782932
22 21 0.0848413
22 22 0.0908734
22 23 0.0958926
22 24 0.100094
22 25 0.10263
22 26 0.105146
22 27 0.10673
22 28 0.107366
22 29 0.107776
22 30 0.107908
22 31 0.106846
22 32 0.105812
22 33 0.103896
22 34 0.101104
22 35 0.0974654
22 36 0.0931269
22 37 0.0884208
22 38 0.0835697
22 39 0.0784682
22 40 0.072658
22 41 0.0674959
22 42 0.0623525
22 43 0.0576593
22 44 0.0531448
22 45 0.0491926
22 46 0.0459288
22 47 0.0432842
22 48 0.0414824
22 49 0.040034
22 50 0.039143
22 51 0.0389116
22 52 0.0398406
22 53 0.0418079
22 54 0.044118
22 55 0.0469371
22 56 0.0505863
22 57 0.0542965
22 58 0.0586677
22 59 0.0639729
22 60 0.0690537
22 61 0.0748125
22 62 0.0803423
22 63 0.0855339
22 64 0.0909292
22 65 0.0959743
22 66 0.100178
22 67 0.103755
22 68 0.106781
22 69 0.109213
22 70 0.111132
22 71 0.111804
22 72 0.111893
22 73 0.111943
22 74 0.11193
22 75 0.110804
22 76 0.10856
22 77 0.104924
22 78 0.101
22 79 0.0958264
22 80 0.0900556
22 81 0.0836869
22 82 0.0770067
22 83 0.06933
22 84 0.0609426
22 85 0.0527693
22 86 0.0445921
22 87 0.0368058
22 88 0.0290051
22 89 0.0215409
22 90 0.0136801
22 91 0.00654331
22 92 -4.39455e-05
22 93 -0.00604445
22 94 -0.0124478
22 95 -0.017422
22 96 -0.020928
22 97 -0.0235833
22 98 -0.0249416
22 99 -0.0257575
22 100 -0.00319916
22 101 0

23 0 0
23 1 -0.00358539
23 2 -0.028911
23 3 -0.0279741
23 4 -0.0260365
23 5 -0.0237218
23 6 -0.0198898
23 7 -0.0149339
23 8 -0.00925522
23 9 -0.00271842
23 10 0.00426523
23 11 0.0115484
23 12 0.0193679
23 13 0.0267669
23 14 0.0349505
23 15 0.0435219
23 16 0.0518439
23 17 0.0597005
23 18 0.067242
23 19 0.0748568
23 20 0.0822003
23 21 0.0893138
23 22 0.0958926
23 23 0.1015
23 24 0.105841
23 25 0.109026
23 26 0.111478
23 27 0.113332
23 28 0.114218
23 29 0.11488
23 30 0.115082
23 31 0.114412
23 32 0.113234
23 33 0.111678
23 34 0.108377
23 35 0.104629
23 36 0.0999711
23 37 0.0950737
23 38 0.0905908
23 39 0.0854423
23 40 0.0802291
23 41 0.0748751
23 42 0.0699196
23 43 0.0648088
23 44 0.0605921
23 45 0.0569302
23 46 0.0536742
23 47 0.0513661
23 48 0.0492637
23 49 0.047752
23 50 0.0468494
23 51 0.0467564
23 52 0.0478048
23 53 0.0499988
23 54 0.0521539
23 55 0.0549305
23 56 0.0582177
23 57 0.0620769
23 58 0.0669462
23 59 0.0719133
23 60 0.0772221
23 61 0.0825432
23 62 0.0883063
23 63 0.0934604
23 64 0.0986762
23 65 0.10374
23 66 0.107818
23 67 0.111698
23 68 0.11478
23 69 0.11738
23 70 0.119023
23 71 0.119776
23 72 0.119899
23 73 0.120055
23 74 0.119735
23 75 0.118201
23 76 0.115391
23 77 0.111575
23 78 0.107063
23 79 0.101706
23 80 0.0951756
23 81 0.0883682
23 82 0.0811394
23 83 0.0734887
23 84 0.0650795
23 85 0.0562291
23 86 0.0475242
23 87 0.0393346
23 88 0.0310261
23 89 0.0225789
23 90 0.0149416
23 91 0.00718222
23 92 0.00068046
23 93 -0.00594727
23 94 -0.0126967
23 95 -0.0174566
23 96 -0.0210227
23 97 -0.0239891
23 98 -0.0254843
23 99 -0.0264737
23 100 -0.00330103
23 101 0

24 0 0
24 1 -0.00366378
24 2 -0.0294959
24 3 -0.0285825
24 4 -0.0266489
24 5 -0.0239454
24 6 -0.0199971
24 7 -0.0149661
24 8 -0.00886951
24 9 -0.00208292
24 10 0.00505784
24 11 0.0128401
24 12 0.0205471
24 13 0.0285398
24 14 0.0370686
24 15 0.0454121
24 16 0.0540439
24 17 0.0622717
24 18 0.0699365
24 19 0.077792
24 20 0.0853871
24 21 0.0930234
24 22 0.100094
24 23 0.105841
24 24 0.11066
24 25 0.114416
24 26 0.117077
24 27 0.118802
24 28 0.120259
24 29 0.121059
24 30 0.121417
24 31 0.120951
24 32 0.119418
24 33 0.11783
24 34 0.114826
24 35 0.110533
24 36 0.106146
24 37 0.101229
24 38 0.0961268
24 39 0.0912442
24 40 0.0862398
24 41 0.0810949
24 42 0.0762678
24 43 0.0712836
24 44 0.0669585
24 45 0.063299
24 46 0.0600771
24 47 0.0576097
24 48 0.0554367
24 49 0.0542401
24 50 0.0534161
24 51 0.0534875
24 52 0.0544193
24 53 0.0561844
24 54 0.0585478
24 55 0.0615802
24 56 0.0647219
24 57 0.0690362
24 58 0.0736753
24 59 0.0783904
24 60 0.0838963
24 61 0.0893603
24 62 0.0948797
24 63 0.100311
24 64 0.105368
24 65 0.110296
24 66 0.114895
24 67 0.118366
24 68 0.1217
24 69 0.124529
24 70 0.125735
24 71 0.126764
24 72 0.127211
24 73 0.126955
24 74 0.126322
24 75 0.12443
24 76 0.121486
24 77 0.11718
24 78 0.112109
24 79 0.106068
24 80 0.0993598
24 81 0.0923533
24 82 0.0843736
24 83 0.0764473
24 84 0.068066
24 85 0.0587662
24 86 0.0497952
24 87 0.0413526
24 88 0.0327147
24 89 0.0241057
24 90 0.0158208
24 91 0.00790429
24 92 0.00066018
24 93 -0.0064392
24 94 -0.0131406
24 95 -0.0181829
24 96 -0.0216359
24 97 -0.0243614
24 98 -0.0264748
24 99 -0.027598
24 100 -0.00342977
24 101 0

25 0 0
25 1 -0.00382066
25 2 -0.0305917
25 3 -0.0293705
25 4 -0.0276539
25 5 -0.0242223
25 6 -0.0199978
25 7 -0.0152487
25 8 -0.00898376
25 9 -0.00232178
25 10 0.00515279
25 11 0.0133001
25 12 0.0211453
25 13 0.029618
25 14 0.0377055
