0 0 0
0 1 0
0 2 0
0 3 0
0 4 0
0 5 0
0 6 0
0 7 0
0 8 0
0 9 0
0 10 0
0 11 0
0 12 0
0 13 0
0 14 0
0 15 0
0 16 0
0 17 0
0 18 0
0 19 0
0 20 0
0 21 0
0 22 0
0 23 0
0 24 0
0 25 0
0 26 0
0 27 0
0 28 0
0 29 0
0 30 0
0 31 0
0 32 0
0 33 0
0 34 0
0 35 0
0 36 0
0 37 0
0 38 0
0 39 0
0 40 0
0 41 0
0 42 0
0 43 0
0 44 0
0 45 0
0 46 0
0 47 0
0 48 0
0 49 0
0 50 0
0 51 0
0 52 0
0 53 0
0 54 0
0 55 0
0 56 0
0 57 0
0 58 0
0 59 0
0 60 0
0 61 0
0 62 0
0 63 0
0 64 0
0 65 0
0 66 0
0 67 0
0 68 0
0 69 0
0 70 0
0 71 0
0 72 0
0 73 0
0 74 0
0 75 0
0 76 0
0 77 0
0 78 0
0 79 0
0 80 0
0 81 0
0 82 0
0 83 0
0 84 0
0 85 0
0 86 0
0 87 0
0 88 0
0 89 0
0 90 0
0 91 0
0 92 0
0 93 0
0 94 0
0 95 0
0 96 0
0 97 0
0 98 0
0 99 0
0 100 0
0 101 0

1 0 0
1 1 0
1 2 0.0978802
1 3 0.0968217
1 4 0.094796
1 5 0.092186
1 6 0.0886699
1 7 0.0846095
1 8 0.0798322
1 9 0.0745499
1 10 0.0688865
1 11 0.0630573
1 12 0.0568246
1 13 0.0505263
1 14 0.0440026
1 15 0.0376466
1 16 0.031324
1 17 0.0253498
1 18 0.0197537
1 19 0.0145789
1 20 0.00987857
1 21 0.00575282
1 22 0.00219254
1 23 -0.000702147
1 24 -0.00282893
1 25 -0.0043022
1 26 -0.00481318
1 27 -0.00461139
1 28 -0.00376638
1 29 -0.00201412
1 30 0.000174142
1 31 0.00327882
1 32 0.00703558
1 33 0.0113257
1 34 0.0161335
1 35 0.0214784
1 36 0.0269133
1 37 0.0327119
1 38 0.0385771
1 39 0.0443896
1 40 0.050199
1 41 0.0559416
1 42 0.0613627
1 43 0.066467
1 44 0.0711399
1 45 0.0753388
1 46 0.0788338
1 47 0.0817461
1 48 0.0839695
1 49 0.0853929
1 50 0.0861714
1 51 0.0861584
1 52 0.0852829
1 53 0.0835137
1 54 0.0811813
1 55 0.0781453
1 56 0.0744307
1 57 0.0703403
1 58 0.0655651
1 59 0.0603983
1 60 0.0548707
1 61 0.0489805
1 62 0.0430303
1 63 0.0371294
1 64 0.0312301
1 65 0.0255445
1 66 0.0199878
1 67 0.0148766
1 68 0.0100505
1 69 0.00579125
1 70 0.00208391
1 71 -0.000881237
1 72 -0.00326708
1 73 -0.00473213
1 74 -0.00569026
1 75 -0.00585404
1 76 -0.00505913
1 77 -0.00372405
1 78 -0.00164591
1 79 0.00117784
1 80 0.00458185
1 81 0.0087022
1 82 0.0133676
1 83 0.0185831
1 84 0.0243669
1 85 0.0305492
1 86 0.0368311
1 87 0.0433246
1 88 0.0497973
1 89 0.0561905
1 90 0.0623449
1 91 0.0682998
1 92 0.0736933
1 93 0.078986
1 94 0.0837773
1 95 0.0879682
1 96 0.0913298
1 97 0.094241
1 98 0.0961328
1 99 0.097178
1 100 0
1 101 0

2 0 0
2 1 0.0978802
2 2 0.786376
2 3 0.777602
2 4 0.761929
2 5 0.740387
2 6 0.712869
2 7 0.679609
2 8 0.641618
2 9 0.599295
2 10 0.553968
2 11 0.506481
2 12 0.456838
2 13 0.405631
2 14 0.353727
2 15 0.302208
2 16 0.251983
2 17 0.203842
2 18 0.15858
2 19 0.116945
2 20 0.0794708
2 21 0.0462344
2 22 0.0175226
2 23 -0.0055929
2 24 -0.0229744
2 25 -0.0342452
2 26 -0.0388763
2 27 -0.0374328
2 28 -0.0300622
2 29 -0.0168402
2 30 0.00183879
2 31 0.0263167
2 32 0.0563166
2 33 0.0910676
2 34 0.12994
2 35 0.172115
2 36 0.216552
2 37 0.262767
2 38 0.309811
2 39 0.356758
2 40 0.403547
2 41 0.449429
2 42 0.49312
2 43 0.53415
2 44 0.571677
2 45 0.605055
2 46 0.63359
2 47 0.656787
2 48 0.674539
2 49 0.686363
2 50 0.692396
2 51 0.692286
2 52 0.685112
2 53 0.671377
2 54 0.65217
2 55 0.627682
2 56 0.598386
2 57 0.564738
2 58 0.526896
2 59 0.485362
2 60 0.440661
2 61 0.393766
2 62 0.346006
2 63 0.298353
2 64 0.251144
2 65 0.205137
2 66 0.160861
2 67 0.119122
2 68 0.0808033
2 69 0.0464154
2 70 0.0167904
2 71 -0.0073261
2 72 -0.025854
2 73 -0.0384697
2 74 -0.0455459
2 75 -0.0466734
2 76 -0.0413229
2 77 -0.0302657
2 78 -0.0132912
2 79 0.00930316
2 80 0.0369471
2 81 0.069968
2 82 0.107568
2 83 0.149602
2 84 0.19588
2 85 0.245064
2 86 0.29606
2 87 0.347985
2 88 0.400089
2 89 0.451438
2 90 0.501011
2 91 0.548475
2 92 0.593135
2 93 0.634817
2 94 0.673194
2 95 0.706529
2 96 0.734463
2 97 0.756619
2 98 0.771991
2 99 0.780741
2 100 0.097178
2 101 0

3 0 0
3 1 0.0968217
3 2 0.777602
3 3 0.768413
3 4 0.753786
3 5 0.731704
3 6 0.705034
3 7 0.671461
3 8 0.633894
3 9 0.592141
3 10 0.547297
3 11 0.49917
3 12 0.450103
3 13 0.398391
3 14 0.34716
3 15 0.295449
3 16 0.246166
3 17 0.197848
3 18 0.1522
3 19 0.110395
3 20 0.0731189
3 21 0.0398838
3 22 0.0117015
3 23 -0.0112398
3 24 -0.0287453
3 25 -0.0392239
3 26 -0.0446925
3 27 -0.0434298
3 28 -0.0352326
3 29 -0.0229033
3 30 -0.00285401
3 31 0.0210342
3 32 0.0504025
3 33 0.0854237
3 34 0.12447
3 35 0.165551
3 36 0.211002
3 37 0.256762
3 38 0.303552
3 39 0.351025
3 40 0.397927
3 41 0.44338
3 42 0.487386
3 43 0.528319
3 44 0.565764
3 45 0.598601
3 46 0.627569
3 47 0.650659
3 48 0.668165
3 49 0.680714
3 50 0.686742
3 51 0.686404
3 52 0.679095
3 53 0.665922
3 54 0.64578
3 55 0.621298
3 56 0.592761
3 57 0.558158
3 58 0.521159
3 59 0.479616
3 60 0.434471
3 61 0.388205
3 62 0.340665
3 63 0.292776
3 64 0.245881
3 65 0.199414
3 66 0.155515
3 67 0.113006
3 68 0.0751767
3 69 0.0408483
3 70 0.0115495
3 71 -0.0127262
3 72 -0.0303609
3 73 -0.0440628
3 74 -0.0505196
3 75 -0.0514918
3 76 -0.047732
3 77 -0.036297
3 78 -0.0190456
3 79 0.00316124
3 80 0.031348
3 81 0.0639984
3 82 0.101784
3 83 0.144051
3 84 0.189829
3 85 0.238301
3 86 0.28977
3 87 0.341202
3 88 0.393159
3 89 0.444374
3 90 0.494125
3 91 0.540883
3 92 0.586856
3 93 0.627629
3 94 0.665307
3 95 0.698273
3 96 0.726891
3 97 0.747339
3 98 0.76306
3 99 0.772096
3 100 0.0961463
3 101 0

4 0 0
4 1 0.094796
4 2 0.761929
4 3 0.753786
4 4 0.738686
4 5 0.717051
4 6 0.690122
4 7 0.658035
4 8 0.620002
4 9 0.578084
4 10 0.533468
4 11 0.486022
4 12 0.43646
4 13 0.385556
4 14 0.334304
4 15 0.283484
4 16 0.233475
4 17 0.185374
4 18 0.139632
4 19 0.0973694
4 20 0.0599082
4 21 0.0271395
4 22 -0.000695062
4 23 -0.0239366
4 24 -0.0405952
4 25 -0.0509866
4 26 -0.0558003
4 27 -0.0542669
4 28 -0.0467579
4 29 -0.0329084
4 30 -0.0137501
4 31 0.0106488
4 32 0.0400028
4 33 0.0739445
4 34 0.112591
4 35 0.154347
4 36 0.198885
4 37 0.24496
4 38 0.291849
4 39 0.33935
4 40 0.386402
4 41 0.432224
4 42 0.476636
4 43 0.517466
4 44 0.555005
4 45 0.588165
4 46 0.616456
4 47 0.640211
4 48 0.65811
4 49 0.670144
4 50 0.676408
4 51 0.675596
4 52 0.668821
4 53 0.655318
4 54 0.635949
4 55 0.611132
4 56 0.581538
4 57 0.548085
4 58 0.510113
4 59 0.468225
4 60 0.423765
4 61 0.376911
4 62 0.32928
4 63 0.281402
4 64 0.234447
4 65 0.188185
4 66 0.143843
4 67 0.102272
4 68 0.0640862
4 69 0.030388
4 70 0.00161296
4 71 -0.0224884
4 72 -0.041226
4 73 -0.0544396
4 74 -0.0615777
4 75 -0.0628132
4 76 -0.0590395
4 77 -0.0483308
4 78 -0.0315798
4 79 -0.00906501
4 80 0.0193054
4 81 0.0517042
4 82 0.0896568
4 83 0.131871
4 84 0.177538
4 85 0.226261
4 86 0.276572
4 87 0.328438
4 88 0.380318
4 89 0.430953
4 90 0.480759
4 91 0.527981
4 92 0.572631
4 93 0.614549
4 94 0.651566
4 95 0.6843
4 96 0.711692
4 97 0.733087
4 98 0.748427
4 99 0.756853
4 100 0.0941683
4 101 0

5 0 0
5 1 0.092186
5 2 0.740387
5 3 0.731704
5 4 0.717051
5 5 0.69643
5 6 0.668816
5 7 0.636721
5 8 0.599218
5 9 0.558682
5 10 0.513808
5 11 0.466322
5 12 0.416824
5 13 0.366638
5 14 0.31514
5 15 0.26455
5 16 0.213904
5 17 0.166447
5 18 0.121197
5 19 0.0796438
5 20 0.0415826
5 21 0.00870437
5 22 -0.0190713
5 23 -0.0415967
5 24 -0.0579361
5 25 -0.0681692
5 26 -0.0725166
5 27 -0.0707803
5 28 -0.0631884
5 29 -0.0485976
5 30 -0.0296272
5 31 -0.00484302
5 32 0.024713
5 33 0.0586623
5 34 0.0964447
5 35 0.138636
5 36 0.182433
5 37 0.228483
5 38 0.275522
5 39 0.32287
5 40 0.36984
5 41 0.415962
5 42 0.460356
5 43 0.501593
5 44 0.53907
5 45 0.572498
5 46 0.600963
5 47 0.624934
5 48 0.642959
5 49 0.654718
5 50 0.660487
5 51 0.65955
5 52 0.653267
5 53 0.64012
5 54 0.621116
5 55 0.596082
5 56 0.565876
5 57 0.532342
5 58 0.493851
5 59 0.452157
5 60 0.407922
5 61 0.360997
5 62 0.313227
5 63 0.265567
5 64 0.218606
5 65 0.172584
5 66 0.127968
5 67 0.0871631
5 68 0.0487432
5 69 0.0156206
5 70 -0.0132227
5 71 -0.0376441
5 72 -0.0571147
5 73 -0.0700744
5 74 -0.0779663
5 75 -0.0797405
5 76 -0.0757413
5 77 -0.0657419
5 78 -0.0494359
5 79 -0.0264659
5 80 0.00130359
5 81 0.0341413
5 82 0.072082
5 83 0.114406
5 84 0.159192
5 85 0.20746
5 86 0.257356
5 87 0.309545
5 88 0.361242
5 89 0.412233
5 90 0.46142
5 91 0.508708
5 92 0.552716
5 93 0.594808
5 94 0.631124
5 95 0.663611
5 96 0.690311
5 97 0.712171
5 98 0.727295
5 99 0.735509
5 100 0.0915269
5 101 0

6 0 0
6 1 0.0886699
6 2 0.712869
6 3 0.705034
6 4 0.690122
6 5 0.668816
6 6 0.642145
6 7 0.609969
6 8 0.573311
6 9 0.532815
6 10 0.488779
6 11 0.442126
6 12 0.391669
6 13 0.341547
6 14 0.290312
6 15 0.239774
6 16 0.189759
6 17 0.141899
6 18 0.0977957
6 19 0.0558643
6 20 0.0188968
6 21 -0.0144958
6 22 -0.0422553
6 23 -0.0645014
6 24 -0.0802377
6 25 -0.0909433
6 26 -0.0942912
6 27 -0.0925519
6 28 -0.0839862
6 29 -0.0695951
6 30 -0.0498542
6 31 -0.0247979
6 32 0.00452543
6 33 0.0382638
6 34 0.076216
6 35 0.117922
6 36 0.162005
6 37 0.206781
6 38 0.254357
6 39 0.30138
6 40 0.349016
6 41 0.39462
6 42 0.438752
6 43 0.4804
6 44 0.51817
6 45 0.552211
6 46 0.580579
6 47 0.604561
6 48 0.622207
6 49 0.634229
6 50 0.639185
6 51 0.63932
6 52 0.632101
6 53 0.619789
6 54 0.600561
6 55 0.576274
6 56 0.545848
6 57 0.512124
6 58 0.472743
6 59 0.430526
6 60 0.386876
6 61 0.340087
6 62 0.293206
6 63 0.24484
6 64 0.198255
6 65 0.151823
6 66 0.108423
6 67 0.0670921
6 68 0.029424
6 69 -0.00403172
6 70 -0.0333915
6 71 -0.0575437
6 72 -0.0770573
6 73 -0.0909621
6 74 -0.099006
6 75 -0.101886
6 76 -0.0974847
6 77 -0.0878493
6 78 -0.0714043
6 79 -0.0493217
6 80 -0.0213492
6 81 0.011744
6 82 0.0495737
6 83 0.0904368
6 84 0.135899
6 85 0.183509
6 86 0.233643
6 87 0.285102
6 88 0.336439
6 89 0.387941
6 90 0.436671
6 91 0.484569
6 92 0.528318
6 93 0.568624
6 94 0.605003
6 95 0.636937
6 96 0.664288
6 97 0.684908
6 98 0.699922
6 99 0.7086
6 100 0.0882169
6 101 0

7 0 0
7 1 0.0846095
7 2 0.679609
7 3 0.671461
7 4 0.658035
7 5 0.636721
7 6 0.609969
7 7 0.578343
7 8 0.542611
7 9 0.502868
7 10 0.458808
7 11 0.410698
7 12 0.361539
7 13 0.310864
7 14 0.260368
7 15 0.210062
7 16 0.160943
7 17 0.113395
7 18 0.0688676
7 19 0.0279454
7 20 -0.00996078
7 21 -0.0430092
7 22 -0.070233
7 23 -0.0919443
7 24 -0.108006
7 25 -0.117616
7 26 -0.121483
7 27 -0.118623
7 28 -0.109899
7 29 -0.0960384
7 30 -0.0750496
7 31 -0.0501728
7 32 -0.0205453
7 33 0.0132762
7 34 0.0512224
7 35 0.0922461
7 36 0.136698
7 37 0.182005
7 38 0.228695
7 39 0.276432
7 40 0.323228
7 41 0.368731
7 42 0.41304
7 43 0.454868
7 44 0.493196
7 45 0.526893
7 46 0.556017
7 47 0.579571
7 48 0.597264
7 49 0.608989
7 50 0.614064
7 51 0.613146
7 52 0.607069
7 53 0.59494
7 54 0.576066
7 55 0.551459
7 56 0.521962
7 57 0.486596
7 58 0.447609
7 59 0.405706
7 60 0.361324
7 61 0.315449
7 62 0.268089
7 63 0.220174
7 64 0.17325
7 65 0.127655
7 66 0.0839134
7 67 0.0426341
7 68 0.0053764
7 69 -0.0285456
7 70 -0.0582091
7 71 -0.0835358
7 72 -0.102137
7 73 -0.1168
7 74 -0.125209
7 75 -0.127238
7 76 -0.124034
7 77 -0.11426
7 78 -0.0985842
7 79 -0.0768746
7 80 -0.048903
7 81 -0.016139
7 82 0.0212896
7 83 0.0629538
7 84 0.107647
7 85 0.155438
7 86 0.205093
7 87 0.255435
7 88 0.306555
7 89 0.357294
7 90 0.407117
7 91 0.453859
7 92 0.498346
7 93 0.538678
7 94 0.574413
7 95 0.605735
7 96 0.632374
7 97 0.652518
7 98 0.667836
7 99 0.675887
7 100 0.0841172
7 101 0

8 0 0
8 1 0.0798322
8 2 0.641618
8 3 0.633894
8 4 0.620002
8 5 0.599218
8 6 0.573311
8 7 0.542611
8 8 0.506959
8 9 0.467245
8 10 0.423309
8 11 0.375779
8 12 0.326518
8 13 0.276128
8 14 0.225923
8 15 0.175933
8 16 0.127052
8 17 0.0798933
8 18 0.035797
8 19 -0.00488714
8 20 -0.042286
8 21 -0.0747731
8 22 -0.10249
8 23 -0.124444
8 24 -0.140254
8 25 -0.149512
8 26 -0.153138
8 27 -0.149874
8 28 -0.140656
8 29 -0.126323
8 30 -0.105875
8 31 -0.0801988
8 32 -0.0504095
8 33 -0.0162458
8 34 0.0216994
8 35 0.0632641
8 36 0.107163
8 37 0.152209
8 38 0.1989
8 39 0.24667
8 40 0.29337
8 41 0.339433
8 42 0.384296
8 43 0.425959
8 44 0.464581
8 45 0.49815
8 46 0.526584
8 47 0.550645
8 48 0.568635
8 49 0.580339
8 50 0.585579
8 51 0.584554
8 52 0.578092
8 53 0.566069
8 54 0.547476
8 55 0.523163
8 56 0.493458
8 57 0.458478
8 58 0.419505
8 59 0.376895
8 60 0.332344
8 61 0.286328
8 62 0.238545
8 63 0.190987
8 64 0.144481
8 65 0.0990196
8 66 0.0555561
8 67 0.014334
8 68 -0.0238975
8 69 -0.0579395
8 70 -0.0879231
8 71 -0.112989
8 72 -0.132322
8 73 -0.146943
8 74 -0.155889
8 75 -0.158291
8 76 -0.155456
8 77 -0.145593
8 78 -0.129722
8 79 -0.108008
8 80 -0.0802533
8 81 -0.0475651
8 82 -0.0109803
8 83 0.0304778
8 84 0.0750103
8 85 0.122178
8 86 0.171735
8 87 0.221896
8 88 0.27225
8 89 0.322471
8 90 0.372207
8 91 0.419242
8 92 0.463492
8 93 0.503478
8 94 0.538669
8 95 0.570201
8 96 0.595761
8 97 0.615506
8 98 0.630624
8 99 0.63838
8 100 0.0794409
8 101 0

9 0 0
9 1 0.0745499
9 2 0.599295
9 3 0.592141
9 4 0.578084
9 5 0.558682
9 6 0.532815
9 7 0.502868
9 8 0.467245
9 9 0.428317
9 10 0.383642
9 11 0.336515
9 12 0.2869
9 13 0.237268
9 14 0.186741
9 15 0.137447
9 16 0.0882527
9 17 0.0425186
9 18 -0.00164891
9 19 -0.0418877
9 20 -0.0787621
9 21 -0.110855
9 22 -0.138175
9 23 -0.159857
9 24 -0.175328
9 25 -0.184497
9 26 -0.188002
9 27 -0.184792
9 28 -0.176104
9 29 -0.160857
9 30 -0.141112
9 31 -0.114546
9 32 -0.0840851
9 33 -0.0496752
9 34 -0.011873
9 35 0.030486
9 36 0.0736619
9 37 0.119548
9 38 0.166551
9 39 0.214321
9 40 0.260962
9 41 0.30714
9 42 0.351588
9 43 0.393432
9 44 0.432074
9 45 0.466157
9 46 0.494493
9 47 0.51831
9 48 0.536712
9 49 0.548482
9 50 0.554477
9 51 0.553357
9 52 0.546901
9 53 0.533787
9 54 0.515537
9 55 0.491128
9 56 0.461197
9 57 0.426846
9 58 0.387308
9 59 0.344881
9 60 0.300638
9 61 0.254582
9 62 0.206983
9 63 0.159531
9 64 0.112412
9 65 0.067215
9 66 0.0228739
9 67 -0.0178743
9 68 -0.0570593
9 69 -0.0911147
9 70 -0.12173
9 71 -0.147025
9 72 -0.167291
9 73 -0.181138
9 74 -0.190027
9 75 -0.192364
9 76 -0.18911
9 77 -0.179738
9 78 -0.16465
9 79 -0.142759
9 80 -0.115759
9 81 -0.0835861
9 82 -0.0468215
9 83 -0.0057375
9 84 0.0376207
9 85 0.084805
9 86 0.133225
9 87 0.183666
9 88 0.233747
9 89 0.284177
9 90 0.333295
9 91 0.381016
9 92 0.424241
9 93 0.464877
9 94 0.499399
9 95 0.530614
9 96 0.555223
9 97 0.575608
9 98 0.589254
9 99 0.596815
9 100 0.0742738
9 101 0

10 0 0
10 1 0.0688865
10 2 0.553968
10 3 0.547297
10 4 0.533468
10 5 0.513808
10 6 0.488779
10 7 0.458808
10 8 0.423309
10 9 0.383642
10 10 0.339917
10 11 0.292781
10 12 0.243902
10 13 0.194813
10 14 0.144886
10 15 0.0952528
10 16 0.0467982
10 17 0.000796367
10 18 -0.042618
10 19 -0.0830063
10 20 -0.118936
10 21 -0.15099
10 22 -0.177389
10 23 -0.198892
10 24 -0.213422
10 25 -0.222697
10 26 -0.225696
10 27 -0.222783
10 28 -0.213906
10 29 -0.199001
10 30 -0.178016
10 31 -0.151673
10 32 -0.120994
10 33 -0.0863987
10 34 -0.0480995
10 35 -0.00679052
10 36 0.0371543
10 37 0.0829706
10 38 0.130434
10 39 0.178513
10 40 0.22557
10 41 0.271424
10 42 0.315812
10 43 0.35783
10 44 0.396873
10 45 0.431359
10 46 0.460025
10 47 0.484066
10 48 0.501953
10 49 0.51471
10 50 0.520611
10 51 0.520098
10 52 0.512999
10 53 0.500221
10 54 0.481
10 55 0.456902
10 56 0.426765
10 57 0.391973
10 58 0.352493
10 59 0.309883
10 60 0.265384
10 61 0.219444
10 62 0.172128
10 63 0.124019
10 64 0.0767853
10 65 0.0309165
10 66 -0.0126994
10 67 -0.0539694
10 68 -0.0924362
10 69 -0.127186
10 70 -0.157868
10 71 -0.183883
10 72 -0.204086
10 73 -0.218765
10 74 -0.227113
10 75 -0.229217
10 76 -0.225832
10 77 -0.217135
10 78 -0.202279
10 79 -0.181796
10 80 -0.154856
10 81 -0.123279
10 82 -0.0863908
10 83 -0.0461077
10 84 -0.00267638
10 85 0.0434818
10 86 0.0919164
10 87 0.141933
10 88 0.192041
10 89 0.241873
10 90 0.29089
10 91 0.337503
10 92 0.381127
10 93 0.42148
10 94 0.45634
10 95 0.48658
10 96 0.511605
10 97 0.531649
10 98 0.545346
10 99 0.552192
10 100 0.068669
10 101 0

11 0 0
11 1 0.0630573
11 2 0.506481
11 3 0.49917
11 4 0.486022
11 5 0.466322
11 6 0.442126
11 7 0.410698
11 8 0.375779
11 9 0.336515
11 10 0.292781
11 11 0.245986
11 12 0.19859
11 13 0.149053
11 14 0.0999111
11 15 0.0497808
11 16 0.00216729
11 17 -0.0435448
11 18 -0.0869212
11 19 -0.126367
11 20 -0.161853
11 21 -0.193706
11 22 -0.219806
11 23 -0.239574
11 24 -0.254414
11 25 -0.263032
11 26 -0.266449
11 27 -0.263682
11 28 -0.254173
11 29 -0.239762
11 30 -0.218112
11 31 -0.191851
11 32 -0.160937
11 33 -0.125637
11 34 -0.0868978
11 35 -0.0456256
11 36 -0.000888173
11 37 0.0446686
11 38 0.0919582
11 39 0.140113
11 40 0.187577
11 41 0.233895
11 42 0.278299
11 43 0.320527
11 44 0.359222
11 45 0.393447
11 46 0.423152
11 47 0.446878
11 48 0.465533
11 49 0.478305
11 50 0.484213
11 51 0.483804
11 52 0.476653
11 53 0.463636
11 54 0.444484
11 55 0.419657
11 56 0.390046
11 57 0.354276
11 58 0.315286
11 59 0.273195
11 60 0.228246
11 61 0.182442
11 62 0.134786
11 63 0.0867137
11 64 0.0392713
11 65 -0.00688597
11 66 -0.0502296
11 67 -0.092314
11 68 -0.130837
11 69 -0.165922
11 70 -0.196942
11 71 -0.22313
11 72 -0.243281
11 73 -0.25885
11 74 -0.266952
11 75 -0.268975
11 76 -0.266029
11 77 -0.256943
11 78 -0.242499
11 79 -0.22271
11 80 -0.196842
11 81 -0.165704
11 82 -0.129353
11 83 -0.088785
11 84 -0.0460182
11 85 -0.000673632
11 86 0.0480364
11 87 0.0973272
11 88 0.147452
11 89 0.196632
11 90 0.245214
11 91 0.29152
11 92 0.335642
11 93 0.374373
11 94 0.409421
11 95 0.439546
11 96 0.466049
11 97 0.485043
11 98 0.498169
11 99 0.505318
11 100 0.0628886
11 101 0

12 0 0
12 1 0.0568246
12 2 0.456838
12 3 0.450103
12 4 0.43646
12 5 0.416824
12 6 0.391669
12 7 0.361539
12 8 0.326518
12 9 0.2869
12 10 0.243902
12 11 0.19859
12 12 0.151239
12 13 0.101946
12 14 0.0520911
12 15 0.002874
12 16 -0.0444848
12 17 -0.089758
12 18 -0.132109
12 19 -0.171553
12 20 -0.20717
12 21 -0.23796
12 22 -0.262998
12 23 -0.282846
12 24 -0.297419
12 25 -0.306261
12 26 -0.308796
12 27 -0.305773
12 28 -0.29633
12 29 -0.28108
12 30 -0.260208
12 31 -0.233439
12 32 -0.201668
12 33 -0.166654
12 34 -0.127816
12 35 -0.0858341
12 36 -0.0412711
12 37 0.00444216
12 38 0.0521788
12 39 0.100306
12 40 0.148139
12 41 0.195115
12 42 0.240201
12 43 0.281704
12 44 0.320347
12 45 0.354421
12 46 0.383722
12 47 0.408189
12 48 0.427189
12 49 0.439847
12 50 0.44601
12 51 0.44571
12 52 0.438296
12 53 0.425107
12 54 0.406231
12 55 0.38117
12 56 0.350973
12 57 0.315974
12 58 0.276957
12 59 0.234696
12 60 0.190609
12 61 0.143891
12 62 0.0960252
12 63 0.0479063
12 64 0.000285305
12 65 -0.0464293
12 66 -0.0901668
12 67 -0.132028
12 68 -0.170979
12 69 -0.20612
12 70 -0.23664
12 71 -0.263314
12 72 -0.284595
12 73 -0.29949
12 74 -0.308331
12 75 -0.310962
12 76 -0.307698
12 77 -0.299612
12 78 -0.285604
12 79 -0.265442
12 80 -0.239638
12 81 -0.209384
12 82 -0.173801
12 83 -0.133914
12 84 -0.0909476
12 85 -0.0457904
12 86 0.00191026
12 87 0.0512174
12 88 0.100734
12 89 0.149932
12 90 0.198576
12 91 0.244295
12 92 0.286751
12 93 0.326045
12 94 0.361013
12 95 0.391215
12 96 0.416567
12 97 0.436445
12 98 0.44965
12 99 0.456398
12 100 0.0567697
12 101 0

13 0 0
13 1 0.0505263
13 2 0.405631
13 3 0.398391
13 4 0.385556
13 5 0.366638
13 6 0.341547
13 7 0.310864
13 8 0.276128
13 9 0.237268
13 10 0.194813
13 11 0.149053
13 12 0.101946
13 13 0.0528583
13 14 0.0038712
13 15 -0.0452373
13 16 -0.0927598
13 17 -0.137311
13 18 -0.179131
13 19 -0.217752
13 20 -0.252835
13 21 -0.28363
13 22 -0.307834
13 23 -0.327134
13 24 -0.341487
13 25 -0.350183
13 26 -0.352366
13 27 -0.348716
13 28 -0.338962
13 29 -0.32345
13 30 -0.302678
13 31 -0.275897
13 32 -0.243773
13 33 -0.208156
13 34 -0.168974
13 35 -0.126849
13 36 -0.0825095
13 37 -0.0362518
13 38 0.0118326
13 39 0.0604023
13 40 0.10845
13 41 0.155226
13 42 0.200187
13 43 0.242062
13 44 0.280693
13 45 0.31544
13 46 0.344608
13 47 0.369018
13 48 0.38758
13 49 0.399812
13 50 0.406293
13 51 0.406024
13 52 0.399037
13 53 0.385793
13 54 0.367031
13 55 0.342341
13 56 0.311877
13 57 0.277402
13 58 0.238026
13 59 0.195703
13 60 0.151469
13 61 0.104674
13 62 0.0567969
13 63 0.00830396
13 64 -0.0397322
13 65 -0.0865077
13 66 -0.130514
13 67 -0.172132
13 68 -0.211139
13 69 -0.246456
13 70 -0.27793
13 71 -0.304831
13 72 -0.326117
13 73 -0.341362
13 74 -0.350285
13 75 -0.353499
13 76 -0.350909
13 77 -0.343105
13 78 -0.329422
13 79 -0.309558
13 80 -0.284161
13 81 -0.254123
13 82 -0.218818
13 83 -0.179738
13 84 -0.137457
13 85 -0.0922405
13 86 -0.0449309
13 87 0.00352992
13 88 0.0530162
13 89 0.101646
13 90 0.149828
13 91 0.195139
13 92 0.238113
13 93 0.277387
13 94 0.311961
13 95 0.341762
13 96 0.366919
13 97 0.385721
13 98 0.398564
13 99 0.405978
13 100 0.0505784
13 101 0

14 0 0
14 1 0.0440026
14 2 0.353727
14 3 0.34716
14 4 0.334304
14 5 0.31514
14 6 0.290312
14 7 0.260368
14 8 0.225923
14 9 0.186741
14 10 0.144886
14 11 0.0999111
14 12 0.0520911
14 13 0.0038712
14 14 -0.0455645
14 15 -0.0943501
14 16 -0.14116
14 17 -0.185719
14 18 -0.226619
14 19 -0.264721
14 20 -0.298949
14 21 -0.328641
14 22 -0.352916
14 23 -0.372192
14 24 -0.38595
14 25 -0.394835
14 26 -0.3964
14 27 -0.392561
14 28 -0.3826
14 29 -0.366502
14 30 -0.345576
14 31 -0.318564
14 32 -0.286519
14 33 -0.250658
14 34 -0.210844
14 35 -0.168308
14 36 -0.123734
14 37 -0.0776568
14 38 -0.0289362
14 39 0.0196894
14 40 0.0685031
14 41 0.11565
14 42 0.160924
14 43 0.202884
14 44 0.240986
14 45 0.275573
14 46 0.304959
14 47 0.329357
14 48 0.347959
14 49 0.360525
14 50 0.366633
14 51 0.366812
14 52 0.35943
14 53 0.346574
14 54 0.327784
14 55 0.3032
14 56 0.27283
14 57 0.238697
14 58 0.199245
14 59 0.156764
14 60 0.112508
14 61 0.0650142
14 62 0.0172673
14 63 -0.0316408
14 64 -0.079815
14 65 -0.126839
14 66 -0.170853
14 67 -0.213128
14 68 -0.252407
14 69 -0.288099
14 70 -0.31942
14 71 -0.345945
14 72 -0.368012
14 73 -0.383686
14 74 -0.393542
14 75 -0.397727
14 76 -0.394876
14 77 -0.387325
14 78 -0.373318
14 79 -0.353464
14 80 -0.328717
14 81 -0.299069
14 82 -0.264527
14 83 -0.226485
14 84 -0.184198
14 85 -0.139202
14 86 -0.0923554
14 87 -0.0443277
14 88 0.00442589
14 89 0.0533937
14 90 0.10067
14 91 0.146343
14 92 0.188733
14 93 0.227519
14 94 0.262476
14 95 0.291735
14 96 0.316418
14 97 0.334975
14 98 0.347856
14 99 0.354843
14 100 0.0441765
14 101 0

15 0 0
15 1 0.0376466
15 2 0.302208
15 3 0.295449
15 4 0.283484
15 5 0.26455
15 6 0.239774
15 7 0.210062
15 8 0.175933
15 9 0.137447
15 10 0.0952528
15 11 0.0497808
15 12 0.002874
15 13 -0.0452373
15 14 -0.0943501
15 15 -0.14272
15 16 -0.188867
15 17 -0.233026
15 18 -0.273359
15 19 -0.310799
15 20 -0.344609
15 21 -0.374008
15 22 -0.398213
15 23 -0.417008
15 24 -0.430098
15 25 -0.438196
15 26 -0.440356
15 27 -0.43627
15 28 -0.426125
15 29 -0.410563
15 30 -0.388038
15 31 -0.361003
15 32 -0.329131
15 33 -0.292545
15 34 -0.252771
15 35 -0.210537
15 36 -0.165089
15 37 -0.117582
15 38 -0.0692346
15 39 -0.0198397
15 40 0.0288525
15 41 0.0757733
15 42 0.121292
15 43 0.163336
15 44 0.201565
15 45 0.235759
15 46 0.265933
15 47 0.2908
15 48 0.309061
15 49 0.321815
15 50 0.327751
15 51 0.327271
15 52 0.320646
15 53 0.30834
15 54 0.289073
15 55 0.264697
15 56 0.234599
15 57 0.199151
15 58 0.160682
15 59 0.118426
15 60 0.0731004
15 61 0.0261075
15 62 -0.0219755
15 63 -0.071105
15 64 -0.119652
15 65 -0.166223
15 66 -0.211258
15 67 -0.254102
15 68 -0.293432
15 69 -0.329241
15 70 -0.360811
15 71 -0.387935
15 72 -0.409862
15 73 -0.426732
15 74 -0.436604
15 75 -0.440592
15 76 -0.438694
15 77 -0.430612
15 78 -0.41649
15 79 -0.397642
15 80 -0.373307
15 81 -0.343902
15 82 -0.309719
15 83 -0.271582
15 84 -0.229859
15 85 -0.186185
15 86 -0.139755
15 87 -0.0918568
15 88 -0.0435443
15 89 0.00480267
15 90 0.0521013
15 91 0.0973364
15 92 0.140319
15 93 0.178757
15 94 0.212756
15 95 0.242249
15 96 0.266638
15 97 0.284775
15 98 0.297538
15 99 0.303977
15 100 0.0378229
15 101 0

16 0 0
16 1 0.031324
16 2 0.251983
16 3 0.246166
16 4 0.233475
16 5 0.213904
16 6 0.189759
16 7 0.160943
16 8 0.127052
16 9 0.0882527
16 10 0.0467982
16 11 0.00216729
16 12 -0.0444848
16 13 -0.0927598
16 14 -0.14116
16 15 -0.188867
16 16 -0.235397
16 17 -0.278311
16 18 -0.318879
16 19 -0.355923
16 20 -0.389021
16 21 -0.418184
16 22 -0.441868
16 23 -0.461199
16 24 -0.473814
16 25 -0.481493
16 26 -0.483308
16 27 -0.478697
16 28 -0.46894
16 29 -0.452767
16 30 -0.43061
16 31 -0.402648
16 32 -0.370653
16 33 -0.334036
16 34 -0.293696
16 35 -0.250987
16 36 -0.205138
16 37 -0.157278
16 38 -0.107959
16 39 -0.0588218
16 40 -0.0103307
16 41 0.0363313
16 42 0.0816051
16 43 0.123465
16 44 0.162139
16 45 0.197003
16 46 0.227057
16 47 0.252303
16 48 0.270768
16 49 0.282837
16 50 0.288886
16 51 0.288133
16 52 0.282147
16 53 0.269645
16 54 0.250849
16 55 0.226686
16 56 0.195913
16 57 0.160922
16 58 0.121993
16 59 0.0794586
16 60 0.0343712
16 61 -0.0128408
16 62 -0.060362
16 63 -0.10954
16 64 -0.157747
16 65 -0.205288
16 66 -0.250627
16 67 -0.293548
16 68 -0.333599
16 69 -0.369534
16 70 -0.401464
16 71 -0.428558
16 72 -0.451413
16 73 -0.468548
16 74 -0.479015
16 75 -0.483037
16 76 -0.481383
16 77 -0.473217
16 78 -0.459087
16 79 -0.44072
16 80 -0.415929
16 81 -0.386907
16 82 -0.353601
16 83 -0.315933
16 84 -0.274829
16 85 -0.230999
16 86 -0.185623
16 87 -0.137769
16 88 -0.0894506
16 89 -0.0418803
16 90 0.00533629
16 91 0.0503832
16 92 0.0924556
16 93 0.130216
16 94 0.163958
16 95 0.192946
16 96 0.21692
16 97 0.235368
16 98 0.248651
16 99 0.254604
16 100 0.0316187
16 101 0

17 0 0
17 1 0.0253498
17 2 0.203842
17 3 0.197848
17 4 0.185374
17 5 0.166447
17 6 0.141899
17 7 0.113395
17 8 0.0798933
17 9 0.0425186
17 10 0.000796367
17 11 -0.0435448
17 12 -0.089758
17 13 -0.137311
17 14 -0.185719
17 15 -0.233026
17 16 -0.278311
17 17 -0.321381
17 18 -0.361521
17 19 -0.39848
17 20 -0.431773
17 21 -0.460166
17 22 -0.483501
17 23 -0.501993
17 24 -0.51527
17 25 -0.522574
17 26 -0.524479
17 27 -0.519599
17 28 -0.509068
17 29 -0.493214
17 30 -0.470895
17 31 -0.443036
17 32 -0.410709
17 33 -0.373459
17 34 -0.332974
17 35 -0.289685
17 36 -0.243519
17 37 -0.19476
17 38 -0.145552
17 39 -0.0957458
17 40 -0.0476634
17 41 -0.00115809
17 42 0.0433783
17 43 0.0849635
17 44 0.123584
17 45 0.158212
17 46 0.188686
17 47 0.213761
17 48 0.232393
17 49 0.244468
17 50 0.250535
17 51 0.249925
17 52 0.243791
17 53 0.231367
17 54 0.212581
17 55 0.188017
17 56 0.157914
17 57 0.122481
17 58 0.084291
17 59 0.0422902
17 60 -0.00270606
17 61 -0.0488309
17 62 -0.0966714
17 63 -0.145314
17 64 -0.194529
17 65 -0.242225
17 66 -0.288421
17 67 -0.331615
17 68 -0.371746
17 69 -0.408134
17 70 -0.440557
17 71 -0.468239
17 72 -0.490957
17 73 -0.508196
17 74 -0.518859
17 75 -0.523097
17 76 -0.521721
17 77 -0.513509
17 78 -0.499926
17 79 -0.481064
17 80 -0.456834
17 81 -0.427921
17 82 -0.394836
17 83 -0.357604
17 84 -0.317024
17 85 -0.273898
17 86 -0.228399
17 87 -0.181044
17 88 -0.133166
17 89 -0.0856355
17 90 -0.0393545
17 91 0.00516498
17 92 0.0466623
17 93 0.0843237
17 94 0.116945
17 95 0.145943
17 96 0.169571
17 97 0.188374
17 98 0.201065
17 99 0.207203
17 100 0.0257673
17 101 0

18 0 0
18 1 0.0197537
18 2 0.15858
18 3 0.1522
18 4 0.139632
18 5 0.121197
18 6 0.0977957
18 7 0.0688676
18 8 0.035797
18 9 -0.00164891
18 10 -0.042618
18 11 -0.0869212
18 12 -0.132109
18 13 -0.179131
18 14 -0.226619
18 15 -0.273359
18 16 -0.318879
18 17 -0.361521
18 18 -0.401978
18 19 -0.438378
18 20 -0.471137
18 21 -0.499904
18 22 -0.523352
18 23 -0.541954
18 24 -0.554754
18 25 -0.561681
18 26 -0.56304
18 27 -0.557694
18 28 -0.547235
18 29 -0.531062
18 30 -0.509102
18 31 -0.48103
18 32 -0.448416
18 33 -0.411067
18 34 -0.370124
18 35 -0.326563
18 36 -0.280322
18 37 -0.231818
18 38 -0.182027
18 39 -0.132215
18 40 -0.0836693
18 41 -0.0372082
18 42 0.0070269
18 43 0.0485086
18 44 0.0868041
18 45 0.121593
18 46 0.151823
18 47 0.176811
18 48 0.19545
18 49 0.208109
18 50 0.214675
18 51 0.214045
18 52 0.207684
18 53 0.194781
18 54 0.175721
18 55 0.1515
18 56 0.121507
18 57 0.0869627
18 58 0.0485252
18 59 0.00660587
18 60 -0.0383455
18 61 -0.0845202
18 62 -0.131736
18 63 -0.180779
18 64 -0.229853
18 65 -0.277991
18 66 -0.324267
18 67 -0.367834
18 68 -0.408433
18 69 -0.445092
18 70 -0.477842
18 71 -0.505456
18 72 -0.528236
18 73 -0.545331
18 74 -0.55651
18 75 -0.56106
18 76 -0.559699
18 77 -0.551804
18 78 -0.538331
18 79 -0.519564
18 80 -0.495192
18 81 -0.466415
18 82 -0.433292
18 83 -0.396489
18 84 -0.356957
18 85 -0.313664
18 86 -0.268219
18 87 -0.221022
18 88 -0.173864
18 89 -0.127467
18 90 -0.0817785
18 91 -0.0379756
18 92 0.00376902
18 93 0.0405466
18 94 0.0733176
18 95 0.101536
18 96 0.125316
18 97 0.143237
18 98 0.155875
18 99 0.162821
18 100 0.0202983
18 101 0

19 0 0
19 1 0.0145789
19 2 0.116945
19 3 0.110395
19 4 0.0973694
19 5 0.0796438
19 6 0.0558643
19 7 0.0279454
19 8 -0.00488714
19 9 -0.0418877
19 10 -0.0830063
19 11 -0.126367
19 12 -0.171553
19 13 -0.217752
19 14 -0.264721
19 15 -0.310799
19 16 -0.355923
19 17 -0.39848
19 18 -0.438378
19 19 -0.474529
19 20 -0.507251
19 21 -0.535896
19 22 -0.558886
19 23 -0.577342
19 24 -0.590135
19 25 -0.596905
19 26 -0.597669
19 27 -0.592796
19 28 -0.582382
19 29 -0.565679
19 30 -0.543799
19 31 -0.515255
19 32 -0.482238
19 33 -0.445554
19 34 -0.405092
19 35 -0.360973
19 36 -0.31472
19 37 -0.26579
19 38 -0.215735
19 39 -0.165835
19 40 -0.117326
19 41 -0.0705171
19 42 -0.0259379
19 43 0.0151592
19 44 0.0529379
19 45 0.0873909
19 46 0.117369
19 47 0.142503
19 48 0.161337
19 49 0.17404
19 50 0.180785
19 51 0.17995
19 52 0.173672
19 53 0.160893
19 54 0.141984
19 55 0.117381
19 56 0.0874719
19 57 0.0537716
19 58 0.0157805
19 59 -0.0259125
19 60 -0.0705045
19 61 -0.116988
19 62 -0.164603
19 63 -0.21338
19 64 -0.262621
19 65 -0.310978
19 66 -0.357641
19 67 -0.401292
19 68 -0.442291
19 69 -0.478759
19 70 -0.511234
19 71 -0.539351
19 72 -0.562625
19 73 -0.579519
19 74 -0.590734
19 75 -0.595366
19 76 -0.593444
19 77 -0.586065
19 78 -0.573364
19 79 -0.554309
19 80 -0.529802
19 81 -0.501337
19 82 -0.468363
19 83 -0.431949
19 84 -0.392697
19 85 -0.349882
19 86 -0.305024
19 87 -0.258553
19 88 -0.211704
19 89 -0.165593
19 90 -0.120482
19 91 -0.0770914
19 92 -0.0371163
19 93 0.000465519
19 94 0.033047
19 95 0.0607439
19 96 0.0830526
19 97 0.102143
19 98 0.115045
19 99 0.121834
19 100 0.0151781
19 101 0

20 0 0
20 1 0.00987857
20 2 0.0794708
20 3 0.0731189
20 4 0.0599082
20 5 0.0415826
20 6 0.0188968
20 7 -0.00996078
20 8 -0.042286
20 9 -0.0787621
20 10 -0.118936
20 11 -0.161853
20 12 -0.20717
20 13 -0.252835
20 14 -0.298949
20 15 -0.344609
20 16 -0.389021
20 17 -0.431773
20 18 -0.471137
20 19 -0.507251
20 20 -0.539368
20 21 -0.567271
20 22 -0.590549
20 23 -0.608196
20 24 -0.620813
20 25 -0.628167
20 26 -0.629019
20 27 -0.624115
20 28 -0.613311
20 29 -0.59647
20 30 -0.573601
20 31 -0.545384
20 32 -0.512835
20 33 -0.476282
20 34 -0.436009
20 35 -0.392043
20 36 -0.345343
20 37 -0.29661
20 38 -0.246082
20 39 -0.196634
20 40 -0.147632
20 41 -0.100502
20 42 -0.0565261
20 43 -0.0152161
20 44 0.0224032
20 45 0.0567065
20 46 0.0873102
20 47 0.111733
20 48 0.131028
20 49 0.143459
20 50 0.149652
20 51 0.149801
20 52 0.142941
20 53 0.130442
20 54 0.112205
20 55 0.0870137
20 56 0.0573599
20 57 0.0236397
20 58 -0.014109
20 59 -0.0555932
20 60 -0.0997517
20 61 -0.146038
20 62 -0.193782
20 63 -0.243153
20 64 -0.292461
20 65 -0.340861
20 66 -0.387221
20 67 -0.431394
20 68 -0.471877
20 69 -0.508575
20 70 -0.54136
20 71 -0.56923
20 72 -0.592415
20 73 -0.609573
20 74 -0.620783
20 75 -0.625758
20 76 -0.623746
20 77 -0.616427
20 78 -0.603265
20 79 -0.584816
20 80 -0.561145
20 81 -0.532222
20 82 -0.499908
20 83 -0.464229
20 84 -0.424529
20 85 -0.382363
20 86 -0.337987
20 87 -0.292452
20 88 -0.246104
20 89 -0.199935
20 90 -0.156031
20 91 -0.112835
20 92 -0.072695
20 93 -0.0369755
20 94 -0.00422243
20 95 0.0233212
20 96 0.047149
20 97 0.0651109
20 98 0.0772569
20 99 0.0848636
20 100 0.0106719
20 101 0

21 0 0
21 1 0.00575282
21 2 0.0462344
21 3 0.0398838
21 4 0.0271395
21 5 0.00870437
21 6 -0.0144958
21 7 -0.0430092
21 8 -0.0747731
21 9 -0.110855
21 10 -0.15099
21 11 -0.193706
21 12 -0.23796
21 13 -0.28363
21 14 -0.328641
21 15 -0.374008
21 16 -0.418184
21 17 -0.460166
21 18 -0.499904
21 19 -0.535896
21 20 -0.567271
21 21 -0.595403
21 22 -0.618034
21 23 -0.635779
21 24 -0.649137
21 25 -0.655924
21 26 -0.656352
21 27 -0.651238
21 28 -0.639818
21 29 -0.622919
21 30 -0.599911
21 31 -0.571829
21 32 -0.539043
21 33 -0.502595
21 34 -0.462269
21 35 -0.418553
21 36 -0.371555
21 37 -0.323541
21 38 -0.273307
21 39 -0.223404
21 40 -0.174937
21 41 -0.127594
21 42 -0.0831538
21 43 -0.0422191
21 44 -0.00398591
21 45 0.0307147
21 46 0.0609122
21 47 0.0857968
21 48 0.104907
21 49 0.117456
21 50 0.123704
21 51 0.124058
21 52 0.117123
21 53 0.10481
21 54 0.0862259
21 55 0.0611659
21 56 0.0315274
21 57 -0.00236498
21 58 -0.0403275
21 59 -0.0818599
21 60 -0.125894
21 61 -0.172119
21 62 -0.220186
21 63 -0.269051
21 64 -0.318312
21 65 -0.366979
21 66 -0.412443
21 67 -0.456847
21 68 -0.497821
21 69 -0.534214
21 70 -0.566675
21 71 -0.59544
21 72 -0.617862
21 73 -0.63535
21 74 -0.646991
21 75 -0.652012
21 76 -0.650913
21 77 -0.643418
21 78 -0.630125
21 79 -0.611639
21 80 -0.587846
21 81 -0.56
21 82 -0.527606
21 83 -0.491891
21 84 -0.45284
21 85 -0.410762
21 86 -0.366772
21 87 -0.32186
21 88 -0.275787
21 89 -0.230557
21 90 -0.186961
21 91 -0.144936
21 92 -0.105087
21 93 -0.0692412
21 94 -0.0365578
21 95 -0.00902006
21 96 0.014602
21 97 0.0327411
21 98 0.045171
21 99 0.0519701
21 100 0.00649597
21 101 0

22 0 0
22 1 0.00219254
22 2 0.0175226
22 3 0.0117015
22 4 -0.000695062
22 5 -0.0190713
22 6 -0.0422553
22 7 -0.070233
22 8 -0.10249
22 9 -0.138175
22 10 -0.177389
22 11 -0.219806
22 12 -0.262998
22 13 -0.307834
22 14 -0.352916
22 15 -0.398213
22 16 -0.441868
22 17 -0.483501
22 18 -0.523352
22 19 -0.558886
22 20 -0.590549
22 21 -0.618034
22 22 -0.641473
22 23 -0.658825
22 24 -0.672097
22 25 -0.678329
22 26 -0.679002
22 27 -0.673202
22 28 -0.662057
22 29 -0.644622
22 30 -0.621432
22 31 -0.593282
22 32 -0.56046
22 33 -0.523632
22 34 -0.483685
22 35 -0.44003
22 36 -0.393554
22 37 -0.344833
22 38 -0.295514
22 39 -0.245327
22 40 -0.197057
22 41 -0.14996
22 42 -0.105828
22 43 -0.0643415
22 44 -0.025696
22 45 0.00883488
22 46 0.0394714
22 47 0.0638458
22 48 0.083138
22 49 0.0953242
22 50 0.102036
22 51 0.102172
22 52 0.0959333
22 53 0.0829583
22 54 0.0648209
22 55 0.0393757
22 56 0.0102247
22 57 -0.0241976
22 58 -0.0620653
22 59 -0.103247
22 60 -0.14752
22 61 -0.193307
22 62 -0.241532
22 63 -0.289607
22 64 -0.339769
22 65 -0.387601
22 66 -0.433561
22 67 -0.477524
22 68 -0.518241
22 69 -0.554667
22 70 -0.5876
22 71 -0.61619
22 72 -0.639052
22 73 -0.65638
22 74 -0.668278
22 75 -0.673289
22 76 -0.672739
22 77 -0.665585
22 78 -0.652878
22 79 -0.633843
22 80 -0.61053
22 81 -0.582439
22 82 -0.549983
22 83 -0.513988
22 84 -0.475778
22 85 -0.43405
22 86 -0.390512
22 87 -0.345621
22 88 -0.29998
22 89 -0.255803
22 90 -0.212726
22 91 -0.17165
22 92 -0.131881
22 93 -0.0959056
22 94 -0.0636996
22 95 -0.0355842
22 96 -0.0126969
22 97 0.00541246
22 98 0.0171443
22 99 0.0237629
22 100 0.00299741
22 101 0

23 0 0
23 1 -0.000702147
23 2 -0.0055929
23 3 -0.0112398
23 4 -0.0239366
23 5 -0.0415967
23 6 -0.0645014
23 7 -0.0919443
23 8 -0.124444
23 9 -0.159857
23 10 -0.198892
23 11 -0.239574
23 12 -0.282846
23 13 -0.327134
23 14 -0.372192
23 15 -0.417008
23 16 -0.461199
23 17 -0.501993
23 18 -0.541954
23 19 -0.577342
23 20 -0.608196
23 21 -0.635779
23 22 -0.658825
23 23 -0.677032
23 24 -0.689272
23 25 -0.695779
23 26 -0.696142
23 27 -0.690237
23 28 -0.679427
23 29 -0.661998
23 30 -0.63922
23 31 -0.610469
23 32 -0.577495
23 33 -0.540337
23 34 -0.500153
23 35 -0.455961
23 36 -0.409677
23 37 -0.361291
23 38 -0.312215
23 39 -0.262522
23 40 -0.21427
23 41 -0.16695
23 42 -0.122216
23 43 -0.0811044
23 44 -0.0426296
23 45 -0.00779294
23 46 0.0216172
23 47 0.0466633
23 48 0.0656593
23 49 0.0777961
23 50 0.0847589
23 51 0.0846256
23 52 0.0783341
23 53 0.0655338
23 54 0.0473434
23 55 0.0228941
23 56 -0.0068702
23 57 -0.0401738
23 58 -0.0783285
23 59 -0.119856
23 60 -0.163673
23 61 -0.209812
23 62 -0.25783
23 63 -0.305913
23 64 -0.354998
23 65 -0.403255
23 66 -0.449481
23 67 -0.493062
23 68 -0.534669
23 69 -0.570827
23 70 -0.603778
23 71 -0.632244
23 72 -0.655488
23 73 -0.672991
23 74 -0.684966
23 75 -0.689909
23 76 -0.689144
23 77 -0.682344
23 78 -0.669848
23 79 -0.651457
23 80 -0.627358
23 81 -0.599658
23 82 -0.567887
23 83 -0.53199
23 84 -0.493945
23 85 -0.452272
23 86 -0.409322
23 87 -0.364532
23 88 -0.319591
23 89 -0.275428
23 90 -0.232753
23 91 -0.191627
23 92 -0.153883
23 93 -0.117644
23 94 -0.0855818
23 95 -0.0577584
23 96 -0.0357104
23 97 -0.0172714
23 98 -0.00532577
23 99 0.000850094
23 100 0.00012397
23 101 0

24 0 0
24 1 -0.00282893
24 2 -0.0229744
24 3 -0.0287453
24 4 -0.0405952
24 5 -0.0579361
24 6 -0.0802377
24 7 -0.108006
24 8 -0.140254
24 9 -0.175328
24 10 -0.213422
24 11 -0.254414
24 12 -0.297419
24 13 -0.341487
24 14 -0.38595
24 15 -0.430098
24 16 -0.473814
24 17 -0.51527
24 18 -0.554754
24 19 -0.590135
24 20 -0.620813
24 21 -0.649137
24 22 -0.672097
24 23 -0.689272
24 24 -0.701193
24 25 -0.707687
24 26 -0.707892
24 27 -0.702551
24 28 -0.691382
24 29 -0.674437
24 30 -0.65095
24 31 -0.622018
24 32 -0.589582
24 33 -0.551944
24 34 -0.511274
24 35 -0.467591
24 36 -0.420727
24 37 -0.372709
24 38 -0.323399
24 39 -0.274014
24 40 -0.225374
24 41 -0.178481
24 42 -0.134241
24 43 -0.0927487
24 44 -0.0547559
24 45 -0.0203326
24 46 0.0100438
24 47 0.0345472
24 48 0.0529276
24 49 0.0653855
24 50 0.0716255
24 51 0.0718275
24 52 0.0655139
24 53 0.0538016
24 54 0.0352623
24 55 0.0109122
24 56 -0.0185304
24 57 -0.0524496
24 58 -0.0898871
24 59 -0.130956
24 60 -0.174791
24 61 -0.220463
24 62 -0.268073
24 63 -0.316924
24 64 -0.365997
24 65 -0.414398
24 66 -0.460239
24 67 -0.504268
24 68 -0.54505
24 69 -0.581735
24 70 -0.615256
24 71 -0.643325
24 72 -0.66648
24 73 -0.684233
24 74 -0.69568
24 75 -0.701057
24 76 -0.700258
24 77 -0.693839
24 78 -0.681725
24 79 -0.663952
24 80 -0.640099
24 81 -0.612178
24 82 -0.580021
24 83 -0.544361
24 84 -0.506051
24 85 -0.465284
24 86 -0.422505
24 87 -0.37823
24 88 -0.33382
24 89 -0.289944
24 90 -0.247843
24 91 -0.20685
24 92 -0.168157
24 93 -0.133392
24 94 -0.101696
24 95 -0.0740624
24 96 -0.0514324
24 97 -0.0337824
24 98 -0.0224362
24 99 -0.0166307
24 100 -0.0020343
24 101 0

25 0 0
25 1 -0.0043022
25 2 -0.0342452
25 3 -0.0392239
25 4 -0.0509866
25 5 -0.0681692
25 6 -0.0909433
25 7 -0.117616
25 8 -0.149512
25 9 -0.184497
25 10 -0.222697
25 11 -0.263032
25 12 -0.306261
25 13 -0.350183
25 14 -0.394835
25 15 -0.438196
25 16 -0.481493
25 17 -0.522574
25 18 -0.561681
25 19 -0.596905
25 20 -0.628167
25 21 -0.655924
25 22 -0.678329
25 23 -0.695779
25 24 -0.707687
25 25 -0.713478
25 26 -0.713902
25 27 -0.708923
25 28 -0.6986
25 29 -0.681339
25 30 -0.658002
25 31 -0.628719
25 32 -0.595728
25 33 -0.55818
25 34 -0.51724
25 35 -0.472968
25 36 -0.426469
25 37 -0.377882
25 38 -0.329128
25 39 -0.279538
25 40 -0.23109
25 41 -0.184202
25 42 -0.139555
25 43 -0.0987047
25 44 -0.06116
25 45 -0.02725
25 46 0.00254666
25 47 0.0271618
25 48 0.0453778
25 49 0.0575589
25 50 0.0642208
25 51 0.0636857
25 52 0.0578906
25 53 0.0459952
25 54 0.0280619
25 55 0.00390484
25 56 -0.0254421
25 57 -0.0587141
25 58 -0.0957036
25 59 -0.136514
25 60 -0.17987
25 61 -0.225485
25 62 -0.273084
25 63 -0.321592
25 64 -0.37101
25 65 -0.419091
25 66 -0.465817
25 67 -0.509758
25 68 -0.550842
25 69 -0.587574
25 70 -0.620894
25 71 -0.649273
25 72 -0.672588
25 73 -0.689678
25 74 -0.701334
25 75 -0.706759
25 76 -0.705992
25 77 -0.699418
25 78 -0.688127
25 79 -0.67017
25 80 -0.646161
25 81 -0.618723
25 82 -0.587003
25 83 -0.551458
25 84 -0.513511
25 85 -0.472767
25 86 -0.43061
25 87 -0.386525
25 88 -0.342321
25 89 -0.298476
25 90 -0.256378
25 91 -0.215607
25 92 -0.178204
25 93 -0.142819
25 94 -0.111595
25 95 -0.0840504
25 96 -0.0622032
25 97 -0.0441049
25 98 -0.0328546
25 99 -0.0281775
25 100 -0.00359194
25 101 0

26 0 0
26 1 -0.00481318
26 2 -0.0388763
26 3 -0.0446925
26 4 -0.0558003
26 5 -0.0725166
26 6 -0.0942912
26 7 -0.121483
26 8 -0.153138
26 9 -0.188002
26 10 -0.225696
26 11 -0.266449
26 12 -0.308796
26 13 -0.352366
26 14 -0.3964
26 15 -0.440356
26 16 -0.483308
26 17 -0.524479
26 18 -0.56304
26 19 -0.597669
26 20 -0.629019
26 21 -0.656352
26 22 -0.679002
26 23 -0.696142
26 24 -0.707892
26 25 -0.713902
26 26 -0.714294
26 27 -0.709078
26 28 -0.698735
26 29 -0.682083
26 30 -0.65828
26 31 -0.629408
26 32 -0.596326
26 33 -0.558093
26 34 -0.5168
26 35 -0.472923
26 36 -0.426172
26 37 -0.37804
26 38 -0.32903
26 39 -0.279615
26 40 -0.231291
26 41 -0.184589
26 42 -0.140297
26 43 -0.098828
26 44 -0.0616475
26 45 -0.0281815
