0 0 0
0 1 0
0 2 0
0 3 0
0 4 0
0 5 0
0 6 0
0 7 0
0 8 0
0 9 0
0 10 0
0 11 0
0 12 0
0 13 0
0 14 0
0 15 0
0 16 0
0 17 0
0 18 0
0 19 0
0 20 0
0 21 0
0 22 0
0 23 0
0 24 0
0 25 0
0 26 0
0 27 0
0 28 0
0 29 0
0 30 0
0 31 0
0 32 0
0 33 0
0 34 0
0 35 0
0 36 0
0 37 0
0 38 0
0 39 0
0 40 0
0 41 0
0 42 0
0 43 0
0 44 0
0 45 0
0 46 0
0 47 0
0 48 0
0 49 0
0 50 0
0 51 0
0 52 0
0 53 0
0 54 0
0 55 0
0 56 0
0 57 0
0 58 0
0 59 0
0 60 0
0 61 0
0 62 0
0 63 0
0 64 0
0 65 0
0 66 0
0 67 0
0 68 0
0 69 0
0 70 0
0 71 0
0 72 0
0 73 0
0 74 0
0 75 0
0 76 0
0 77 0
0 78 0
0 79 0
0 80 0
0 81 0
0 82 0
0 83 0
0 84 0
0 85 0
0 86 0
0 87 0
0 88 0
0 89 0
0 90 0
0 91 0
0 92 0
0 93 0
0 94 0
0 95 0
0 96 0
0 97 0
0 98 0
0 99 0
0 100 0
0 101 0

1 0 0
1 1 0
1 2 -0.132598
1 3 -0.131283
1 4 -0.128915
1 5 -0.125525
1 6 -0.121153
1 7 -0.115876
1 8 -0.109772
1 9 -0.102942
1 10 -0.0955008
1 11 -0.087566
1 12 -0.0792484
1 13 -0.0707006
1 14 -0.0620575
1 15 -0.0534677
1 16 -0.0450457
1 17 -0.0369414
1 18 -0.029278
1 19 -0.0221773
1 20 -0.0157706
1 21 -0.0101475
1 22 -0.00538568
1 23 -0.00157529
1 24 0.00122127
1 25 0.00296875
1 26 0.0036274
1 27 0.00322152
1 28 0.0017265
1 29 -0.000834285
1 30 -0.00436647
1 31 -0.00883916
1 32 -0.0141927
1 33 -0.0202955
1 34 -0.0270923
1 35 -0.0344628
1 36 -0.0422712
1 37 -0.0503846
1 38 -0.0586715
1 39 -0.0669848
1 40 -0.0751986
1 41 -0.0831933
1 42 -0.0908122
1 43 -0.0979282
1 44 -0.104447
1 45 -0.110238
1 46 -0.115217
1 47 -0.119297
1 48 -0.12242
1 49 -0.124529
1 50 -0.125588
1 51 -0.125575
1 52 -0.124473
1 53 -0.122312
1 54 -0.119158
1 55 -0.115041
1 56 -0.110022
1 57 -0.104185
1 58 -0.0976444
1 59 -0.0904909
1 60 -0.082854
1 61 -0.0748567
1 62 -0.0666174
1 63 -0.0582825
1 64 -0.0499868
1 65 -0.0418657
1 66 -0.0340618
1 67 -0.0266944
1 68 -0.0199039
1 69 -0.0137809
1 70 -0.00844456
1 71 -0.00398028
1 72 -0.000463626
1 73 0.00204997
1 74 0.00352894
1 75 0.00392266
1 76 0.00320606
1 77 0.00142586
1 78 -0.00140353
1 79 -0.0052405
1 80 -0.0100358
1 81 -0.0157055
1 82 -0.0221507
1 83 -0.0292678
1 84 -0.0369532
1 85 -0.0450906
1 86 -0.0535335
1 87 -0.0621702
1 88 -0.0708401
1 89 -0.0794105
1 90 -0.0877394
1 91 -0.0956983
1 92 -0.103159
1 93 -0.110004
1 94 -0.116123
1 95 -0.121419
1 96 -0.125792
1 97 -0.129201
1 98 -0.131587
1 99 -0.132906
1 100 0
1 101 0

2 0 0
2 1 -0.132598
2 2 -1.06591
2 3 -1.05538
2 4 -1.03633
2 5 -1.00903
2 6 -0.973882
2 7 -0.931433
2 8 -0.882359
2 9 -0.82746
2 10 -0.767644
2 11 -0.70384
2 12 -0.637055
2 13 -0.568377
2 14 -0.498919
2 15 -0.429791
2 16 -0.362087
2 17 -0.296902
2 18 -0.235295
2 19 -0.178248
2 20 -0.126718
2 21 -0.0814902
2 22 -0.0432563
2 23 -0.0126493
2 24 0.00983324
2 25 0.0238612
2 26 0.0292182
2 27 0.0258537
2 28 0.0138372
2 29 -0.0065907
2 30 -0.0350531
2 31 -0.0710645
2 32 -0.114018
2 33 -0.163194
2 34 -0.217828
2 35 -0.277008
2 36 -0.339748
2 37 -0.404966
2 38 -0.471572
2 39 -0.538463
2 40 -0.604539
2 41 -0.668706
2 42 -0.729922
2 43 -0.787175
2 44 -0.839515
2 45 -0.886089
2 46 -0.926118
2 47 -0.958949
2 48 -0.984051
2 49 -1.001
2 50 -1.00949
2 51 -1.00933
2 52 -1.00051
2 53 -0.983226
2 54 -0.957807
2 55 -0.924665
2 56 -0.88432
2 57 -0.837459
2 58 -0.784855
2 59 -0.727396
2 60 -0.666022
2 61 -0.6017
2 62 -0.535491
2 63 -0.468481
2 64 -0.401772
2 65 -0.336497
2 66 -0.27376
2 67 -0.214577
2 68 -0.159965
2 69 -0.1108
2 70 -0.067899
2 71 -0.0319933
2 72 -0.00367872
2 73 0.0165594
2 74 0.0283608
2 75 0.0314923
2 76 0.0258502
2 77 0.0115347
2 78 -0.011235
2 79 -0.0421084
2 80 -0.0806292
2 81 -0.126171
2 82 -0.177989
2 83 -0.235247
2 84 -0.297067
2 85 -0.362456
2 86 -0.430384
2 87 -0.499767
2 88 -0.569459
2 89 -0.63832
2 90 -0.705264
2 91 -0.769229
2 92 -0.829211
2 93 -0.884249
2 94 -0.933455
2 95 -0.976014
2 96 -1.01126
2 97 -1.03866
2 98 -1.0578
2 99 -1.06838
2 100 -0.132906
2 101 0

3 0 0
3 1 -0.131283
3 2 -1.05538
3 3 -1.04493
3 4 -1.0259
3 5 -0.998583
3 6 -0.963502
3 7 -0.921096
3 8 -0.872113
3 9 -0.817324
3 10 -0.757615
3 11 -0.693931
3 12 -0.627391
3 13 -0.558907
3 14 -0.489627
3 15 -0.42055
3 16 -0.352985
3 17 -0.287896
3 18 -0.226392
3 19 -0.169507
3 20 -0.118043
3 21 -0.0728816
3 22 -0.0348084
3 23 -0.00431183
3 24 0.0181294
3 25 0.0320836
3 26 0.0374704
3 27 0.0339835
3 28 0.0219723
3 29 0.00172733
3 30 -0.0267642
3 31 -0.0627968
3 32 -0.105636
3 33 -0.154887
3 34 -0.209441
3 35 -0.268461
3 36 -0.331033
3 37 -0.396128
3 38 -0.462624
3 39 -0.529488
3 40 -0.595512
3 41 -0.659487
3 42 -0.720571
3 43 -0.777763
3 44 -0.82996
3 45 -0.876485
3 46 -0.916459
3 47 -0.949287
3 48 -0.974348
3 49 -0.991257
3 50 -0.999679
3 51 -0.999468
3 52 -0.990722
3 53 -0.973574
3 54 -0.94812
3 55 -0.914969
3 56 -0.87469
3 57 -0.827963
3 58 -0.775438
3 59 -0.718119
3 60 -0.656854
3 61 -0.592603
3 62 -0.526522
3 63 -0.459614
3 64 -0.39299
3 65 -0.327837
3 66 -0.265187
3 67 -0.206156
3 68 -0.151593
3 69 -0.10255
3 70 -0.0597014
3 71 -0.0238008
3 72 0.00453567
3 73 0.0247907
3 74 0.0365048
3 75 0.0396158
3 76 0.0341427
3 77 0.0198765
3 78 -0.00285248
3 79 -0.0336857
3 80 -0.0720775
3 81 -0.117469
3 82 -0.169183
3 83 -0.226395
3 84 -0.288126
3 85 -0.353364
3 86 -0.421222
3 87 -0.490405
3 88 -0.559944
3 89 -0.628606
3 90 -0.695379
3 91 -0.759208
3 92 -0.819087
3 93 -0.874036
3 94 -0.923157
3 95 -0.965632
3 96 -1.00091
3 97 -1.02824
3 98 -1.04727
3 99 -1.05778
3 100 -0.131584
3 101 0

4 0 0
4 1 -0.128915
4 2 -1.03633
4 3 -1.0259
4 4 -1.00692
4 5 -0.979698
4 6 -0.944654
4 7 -0.902335
4 8 -0.853506
4 9 -0.798832
4 10 -0.739329
4 11 -0.675689
4 12 -0.609311
4 13 -0.540913
4 14 -0.471756
4 15 -0.402816
4 16 -0.335516
4 17 -0.270626
4 18 -0.209259
4 19 -0.152573
4 20 -0.101165
4 21 -0.0561625
4 22 -0.0181683
4 23 0.0122107
4 24 0.0345616
4 25 0.0484829
4 26 0.0537023
4 27 0.0502305
4 28 0.0381387
4 29 0.0178494
4 30 -0.0105622
4 31 -0.0464952
4 32 -0.089339
4 33 -0.138508
4 34 -0.193044
4 35 -0.251912
4 36 -0.314405
4 37 -0.379404
4 38 -0.44584
4 39 -0.512564
4 40 -0.578439
4 41 -0.642383
4 42 -0.703375
4 43 -0.760445
4 44 -0.812625
4 45 -0.859043
4 46 -0.899014
4 47 -0.931762
4 48 -0.956801
4 49 -0.973643
4 50 -0.982105
4 51 -0.981843
4 52 -0.973162
4 53 -0.956001
4 54 -0.930643
4 55 -0.897431
4 56 -0.857288
4 57 -0.810566
4 58 -0.758191
4 59 -0.700978
4 60 -0.639745
4 61 -0.57566
4 62 -0.509673
4 63 -0.442839
4 64 -0.376378
4 65 -0.311273
4 66 -0.248691
4 67 -0.189759
4 68 -0.135333
4 69 -0.086296
4 70 -0.0435028
4 71 -0.00762469
4 72 0.0206955
4 73 0.0409668
4 74 0.0527079
4 75 0.0559208
4 76 0.0504259
4 77 0.0362418
4 78 0.0136519
4 79 -0.0171434
4 80 -0.0553916
4 81 -0.100682
4 82 -0.152161
4 83 -0.209248
4 84 -0.270849
4 85 -0.3359
4 86 -0.403622
4 87 -0.472511
4 88 -0.541921
4 89 -0.610462
4 90 -0.67723
4 91 -0.740898
4 92 -0.800654
4 93 -0.855389
4 94 -0.9044
4 95 -0.946768
4 96 -0.981904
4 97 -1.00919
4 98 -1.02814
4 99 -1.03864
4 100 -0.129207
4 101 0

5 0 0
5 1 -0.125525
5 2 -1.00903
5 3 -0.998583
5 4 -0.979698
5 5 -0.952545
5 6 -0.917544
5 7 -0.875303
5 8 -0.826611
5 9 -0.772143
5 10 -0.712762
5 11 -0.649391
5 12 -0.583154
5 13 -0.514964
5 14 -0.445914
5 15 -0.377248
5 16 -0.310096
5 17 -0.245371
5 18 -0.18422
5 19 -0.127648
5 20 -0.0764089
5 21 -0.0315077
5 22 0.00633983
5 23 0.0365817
5 24 0.0588169
5 25 0.072603
5 26 0.0777707
5 27 0.0743354
5 28 0.062265
5 29 0.0418674
5 30 0.0134939
5 31 -0.0224442
5 32 -0.0652738
5 33 -0.114386
5 34 -0.168846
5 35 -0.227733
5 36 -0.290178
5 37 -0.355176
5 38 -0.421494
5 39 -0.488038
5 40 -0.553719
5 41 -0.617616
5 42 -0.678519
5 43 -0.735601
5 44 -0.787805
5 45 -0.834166
5 46 -0.873984
5 47 -0.906687
5 48 -0.931667
5 49 -0.948481
5 50 -0.956959
5 51 -0.956812
5 52 -0.948098
5 53 -0.930918
5 54 -0.905574
5 55 -0.872523
5 56 -0.832362
5 57 -0.785695
5 58 -0.733373
5 59 -0.676233
5 60 -0.615045
5 61 -0.551128
5 62 -0.485236
5 63 -0.418465
5 64 -0.352127
5 65 -0.287141
5 66 -0.224576
5 67 -0.165679
5 68 -0.111313
5 69 -0.062347
5 70 -0.0195383
5 71 0.0163145
5 72 0.0446847
5 73 0.0649543
5 74 0.0767414
5 75 0.0800041
5 76 0.0745207
5 77 0.0604703
5 78 0.0380085
5 79 0.00732408
5 80 -0.0307943
5 81 -0.0759321
5 82 -0.127313
5 83 -0.1842
5 84 -0.245665
5 85 -0.310573
5 86 -0.378028
5 87 -0.446751
5 88 -0.515878
5 89 -0.584337
5 90 -0.650867
5 91 -0.714365
5 92 -0.773865
5 93 -0.828433
5 94 -0.877297
5 95 -0.919613
5 96 -0.95468
5 97 -0.981883
5 98 -1.00082
5 99 -1.01121
5 100 -0.12579
5 101 0

6 0 0
6 1 -0.121153
6 2 -0.973882
6 3 -0.963502
6 4 -0.944654
6 5 -0.917544
6 6 -0.882589
6 7 -0.840568
6 8 -0.792091
6 9 -0.737782
6 10 -0.678474
6 11 -0.615233
6 12 -0.549255
6 13 -0.481234
6 14 -0.412566
6 15 -0.344221
6 16 -0.277129
6 17 -0.212575
6 18 -0.151697
6 19 -0.0953069
6 20 -0.0442385
6 21 0.000504436
6 22 0.0382447
6 23 0.0683732
6 24 0.0904509
6 25 0.1041
6 26 0.109286
6 27 0.105829
6 28 0.093719
6 29 0.0732699
6 30 0.0448035
6 31 0.0089138
6 32 -0.0338864
6 33 -0.0829545
6 34 -0.137371
6 35 -0.196294
6 36 -0.258723
6 37 -0.323603
6 38 -0.389863
6 39 -0.456353
6 40 -0.522026
6 41 -0.585798
6 42 -0.646588
6 43 -0.703578
6 44 -0.755733
6 45 -0.802023
6 46 -0.841831
6 47 -0.874481
6 48 -0.8994
6 49 -0.91619
6 50 -0.924562
6 51 -0.92452
6 52 -0.915811
6 53 -0.898598
6 54 -0.873361
6 55 -0.840418
6 56 -0.800276
6 57 -0.753636
6 58 -0.70145
6 59 -0.644383
6 60 -0.583282
6 61 -0.519424
6 62 -0.453641
6 63 -0.386895
6 64 -0.320589
6 65 -0.255742
6 66 -0.193232
6 67 -0.134362
6 68 -0.080023
6 69 -0.0310295
6 70 0.0117717
6 71 0.0475965
6 72 0.0759127
6 73 0.0962517
6 74 0.108107
6 75 0.111378
6 76 0.106004
6 77 0.0920338
6 78 0.0697185
6 79 0.0391929
6 80 0.00121752
6 81 -0.0438036
6 82 -0.0950461
6 83 -0.15167
6 84 -0.212865
6 85 -0.277594
6 86 -0.344822
6 87 -0.413342
6 88 -0.482322
6 89 -0.55046
6 90 -0.616803
6 91 -0.680048
6 92 -0.739375
6 93 -0.793814
6 94 -0.842421
6 95 -0.88465
6 96 -0.919615
6 97 -0.946734
6 98 -0.9656
6 99 -0.975935
6 100 -0.121405
6 101 0

7 0 0
7 1 -0.115876
7 2 -0.931433
7 3 -0.921096
7 4 -0.902335
7 5 -0.875303
7 6 -0.840568
7 7 -0.79873
7 8 -0.750407
7 9 -0.696325
7 10 -0.637173
7 11 -0.574149
7 12 -0.508278
7 13 -0.440494
7 14 -0.372095
7 15 -0.303963
7 16 -0.237008
7 17 -0.172747
7 18 -0.112091
7 19 -0.0559945
7 20 -0.00519903
7 21 0.0393615
7 22 0.0770086
7 23 0.10707
7 24 0.12905
7 25 0.142586
7 26 0.147658
7 27 0.144074
7 28 0.131919
7 29 0.111386
7 30 0.0829107
7 31 0.0470085
7 32 0.00423917
7 33 -0.0448429
7 34 -0.0992354
7 35 -0.158134
7 36 -0.220467
7 37 -0.285226
7 38 -0.351333
7 39 -0.417858
7 40 -0.48353
7 41 -0.547326
7 42 -0.608028
7 43 -0.664958
7 44 -0.717044
7 45 -0.763304
7 46 -0.803105
7 47 -0.835687
7 48 -0.860586
7 49 -0.877308
7 50 -0.885714
7 51 -0.885581
7 52 -0.876988
7 53 -0.859795
7 54 -0.834639
7 55 -0.801712
7 56 -0.761641
7 57 -0.715099
7 58 -0.662936
7 59 -0.605875
7 60 -0.544801
7 61 -0.481014
7 62 -0.415222
7 63 -0.34858
7 64 -0.282318
7 65 -0.217581
7 66 -0.155185
7 67 -0.0963637
7 68 -0.042011
7 69 0.00696266
7 70 0.0497488
7 71 0.0856297
7 72 0.113972
7 73 0.134304
7 74 0.146317
7 75 0.149674
7 76 0.144394
7 77 0.130494
7 78 0.108308
7 79 0.077976
7 80 0.0400578
7 81 -0.00477835
7 82 -0.0557629
7 83 -0.112162
7 84 -0.173002
7 85 -0.237534
7 86 -0.304482
7 87 -0.372904
7 88 -0.441671
7 89 -0.509569
7 90 -0.575616
7 91 -0.638639
7 92 -0.69775
7 93 -0.752055
7 94 -0.800484
7 95 -0.8425
7 96 -0.877314
7 97 -0.904246
7 98 -0.923065
7 99 -0.933354
7 100 -0.116111
7 101 0

8 0 0
8 1 -0.109772
8 2 -0.882359
8 3 -0.872113
8 4 -0.853506
8 5 -0.826611
8 6 -0.792091
8 7 -0.750407
8 8 -0.70214
8 9 -0.648212
8 10 -0.589336
8 11 -0.526634
8 12 -0.461033
8 13 -0.393424
8 14 -0.325211
8 15 -0.257245
8 16 -0.190567
8 17 -0.126569
8 18 -0.0661996
8 19 -0.0103308
8 20 0.0402375
8 21 0.0845645
8 22 0.122006
8 23 0.151936
8 24 0.173809
8 25 0.187235
8 26 0.192137
8 27 0.188386
8 28 0.176232
8 29 0.155723
8 30 0.127206
8 31 0.0912846
8 32 0.048475
8 33 -0.000593307
8 34 -0.0550716
8 35 -0.113936
8 36 -0.176252
8 37 -0.240945
8 38 -0.306953
8 39 -0.373407
8 40 -0.439007
8 41 -0.502794
8 42 -0.563508
8 43 -0.620355
8 44 -0.67238
8 45 -0.718567
8 46 -0.758345
8 47 -0.790847
8 48 -0.815651
8 49 -0.832453
8 50 -0.840793
8 51 -0.84073
8 52 -0.832116
8 53 -0.815036
8 54 -0.789857
8 55 -0.756947
8 56 -0.717016
8 57 -0.670593
8 58 -0.618376
8 59 -0.561328
8 60 -0.500385
8 61 -0.436559
8 62 -0.370835
8 63 -0.304368
8 64 -0.238145
8 65 -0.173445
8 66 -0.111163
8 67 -0.0523928
8 68 0.00197639
8 69 0.0510595
8 70 0.0938594
8 71 0.129765
8 72 0.158153
8 73 0.178528
8 74 0.190632
8 75 0.194111
8 76 0.188939
8 77 0.175109
8 78 0.153046
8 79 0.122918
8 80 0.0852302
8 81 0.0406379
8 82 -0.0101005
8 83 -0.0662059
8 84 -0.126844
8 85 -0.191122
8 86 -0.257847
8 87 -0.326015
8 88 -0.394514
8 89 -0.462076
8 90 -0.52793
8 91 -0.590738
8 92 -0.649652
8 93 -0.703802
8 94 -0.751994
8 95 -0.793891
8 96 -0.828571
8 97 -0.855322
8 98 -0.874028
8 99 -0.884131
8 100 -0.109977
8 101 0

9 0 0
9 1 -0.102942
9 2 -0.82746
9 3 -0.817324
9 4 -0.798832
9 5 -0.772143
9 6 -0.737782
9 7 -0.696325
9 8 -0.648212
9 9 -0.594468
9 10 -0.535869
9 11 -0.47333
9 12 -0.407865
9 13 -0.340611
9 14 -0.272651
9 15 -0.20499
9 16 -0.138613
9 17 -0.074893
9 18 -0.0146559
9 19 0.0410663
9 20 0.091374
9 21 0.13548
9 22 0.172707
9 23 0.202344
9 24 0.224037
9 25 0.237393
9 26 0.242193
9 27 0.23838
9 28 0.226124
9 29 0.205478
9 30 0.176956
9 31 0.14092
9 32 0.0980382
9 33 0.0490229
9 34 -0.00542741
9 35 -0.0643519
9 36 -0.126569
9 37 -0.191266
9 38 -0.257276
9 39 -0.32365
9 40 -0.389237
9 41 -0.452987
9 42 -0.513662
9 43 -0.570443
9 44 -0.622407
9 45 -0.668608
9 46 -0.708309
9 47 -0.740828
9 48 -0.765604
9 49 -0.782388
9 50 -0.790727
9 51 -0.790552
9 52 -0.781947
9 53 -0.764968
9 54 -0.739823
9 55 -0.70699
9 56 -0.667143
9 57 -0.620746
9 58 -0.568504
9 59 -0.511548
9 60 -0.450687
9 61 -0.386897
9 62 -0.321228
9 63 -0.254852
9 64 -0.188708
9 65 -0.123975
9 66 -0.0617266
9 67 -0.00299766
9 68 0.0514723
9 69 0.100554
9 70 0.14335
9 71 0.179311
9 72 0.207818
9 73 0.228248
9 74 0.24044
9 75 0.244038
9 76 0.239012
9 77 0.225332
9 78 0.20343
9 79 0.173513
9 80 0.136121
9 81 0.0918174
9 82 0.0412581
9 83 -0.0146998
9 84 -0.0751257
9 85 -0.139198
9 86 -0.205582
9 87 -0.27342
9 88 -0.341574
9 89 -0.408949
9 90 -0.474548
9 91 -0.53721
9 92 -0.59596
9 93 -0.649827
9 94 -0.697849
9 95 -0.739506
9 96 -0.773891
9 97 -0.800482
9 98 -0.819039
9 99 -0.829091
9 100 -0.103137
9 101 0

10 0 0
10 1 -0.0955008
10 2 -0.767644
10 3 -0.757615
10 4 -0.739329
10 5 -0.712762
10 6 -0.678474
10 7 -0.637173
10 8 -0.589336
10 9 -0.535869
10 10 -0.477446
10 11 -0.415215
10 12 -0.349923
10 13 -0.282962
10 14 -0.215253
10 15 -0.147879
10 16 -0.0818717
10 17 -0.0184124
10 18 0.0415828
10 19 0.0971438
10 20 0.147247
10 21 0.191121
10 22 0.228115
10 23 0.257636
10 24 0.279073
10 25 0.292275
10 26 0.296965
10 27 0.293017
10 28 0.280597
10 29 0.259826
10 30 0.231238
10 31 0.195147
10 32 0.152237
10 33 0.103207
10 34 0.0487655
10 35 -0.0100891
10 36 -0.072367
10 37 -0.137065
10 38 -0.20306
10 39 -0.269412
10 40 -0.334886
10 41 -0.398606
10 42 -0.459328
10 43 -0.516048
10 44 -0.568004
10 45 -0.614175
10 46 -0.653867
10 47 -0.686334
10 48 -0.711094
10 49 -0.727892
10 50 -0.736171
10 51 -0.736062
10 52 -0.727362
10 53 -0.710489
10 54 -0.685392
10 55 -0.652614
10 56 -0.612706
10 57 -0.566288
10 58 -0.514175
10 59 -0.457376
10 60 -0.396671
10 61 -0.332807
10 62 -0.267084
10 63 -0.200738
10 64 -0.134626
10 65 -0.0698914
10 66 -0.00765496
10 67 0.0511162
10 68 0.105513
10 69 0.154564
10 70 0.197406
10 71 0.233373
10 72 0.261948
10 73 0.282517
10 74 0.294861
10 75 0.298646
10 76 0.29375
10 77 0.28034
10 78 0.25858
10 79 0.228924
10 80 0.191765
10 81 0.147619
10 82 0.0972052
10 83 0.0415276
10 84 -0.0186123
10 85 -0.0823245
10 86 -0.14839
10 87 -0.215953
10 88 -0.283891
10 89 -0.351158
10 90 -0.416405
10 91 -0.478787
10 92 -0.537188
10 93 -0.590821
10 94 -0.638652
10 95 -0.680126
10 96 -0.71429
10 97 -0.740706
10 98 -0.759134
10 99 -0.769132
10 100 -0.0956833
10 101 0

11 0 0
11 1 -0.087566
11 2 -0.70384
11 3 -0.693931
11 4 -0.675689
11 5 -0.649391
11 6 -0.615233
11 7 -0.574149
11 8 -0.526634
11 9 -0.47333
11 10 -0.415215
11 11 -0.353074
11 12 -0.288155
11 13 -0.22143
11 14 -0.154044
11 15 -0.0868699
11 16 -0.0211762
11 17 0.0419641
11 18 0.1017
11 19 0.156954
11 20 0.206825
11 21 0.250425
11 22 0.287246
11 23 0.316466
11 24 0.337739
11 25 0.350744
11 26 0.355243
11 27 0.351227
11 28 0.338585
11 29 0.317861
11 30 0.289275
11 31 0.253158
11 32 0.210079
11 33 0.160974
11 34 0.106609
11 35 0.0477632
11 36 -0.0145494
11 37 -0.0792888
11 38 -0.145309
11 39 -0.211572
11 40 -0.277062
11 41 -0.340667
11 42 -0.401341
11 43 -0.458049
11 44 -0.509891
11 45 -0.556035
11 46 -0.595626
11 47 -0.628208
11 48 -0.653013
11 49 -0.669702
11 50 -0.678117
11 51 -0.677934
11 52 -0.669271
11 53 -0.652296
11 54 -0.627259
11 55 -0.594518
11 56 -0.554659
11 57 -0.508338
11 58 -0.456319
11 59 -0.399576
11 60 -0.338793
11 61 -0.275006
11 62 -0.209434
11 63 -0.143142
11 64 -0.0770446
11 65 -0.0122631
11 66 0.049977
11 67 0.108833
11 68 0.163247
11 69 0.212238
11 70 0.255117
11 71 0.291137
11 72 0.319671
11 73 0.34041
11 74 0.352835
11 75 0.356828
11 76 0.352081
11 77 0.338831
11 78 0.317391
11 79 0.287895
11 80 0.251051
11 81 0.207096
11 82 0.156966
11 83 0.101575
11 84 0.0417558
11 85 -0.0215556
11 86 -0.0874018
11 87 -0.154624
11 88 -0.222323
11 89 -0.289187
11 90 -0.354254
11 91 -0.416409
11 92 -0.474606
11 93 -0.527931
11 94 -0.575583
11 95 -0.616737
11 96 -0.650716
11 97 -0.677021
11 98 -0.69525
11 99 -0.705173
11 100 -0.087733
11 101 0

12 0 0
12 1 -0.0792484
12 2 -0.637055
12 3 -0.627391
12 4 -0.609311
12 5 -0.583154
12 6 -0.549255
12 7 -0.508278
12 8 -0.461033
12 9 -0.407865
12 10 -0.349923
12 11 -0.288155
12 12 -0.223564
12 13 -0.157084
12 14 -0.0899667
12 15 -0.0230925
12 16 0.0422742
12 17 0.105164
12 18 0.164627
12 19 0.219608
12 20 0.269182
12 21 0.312503
12 22 0.349032
12 23 0.378126
12 24 0.399229
12 25 0.412028
12 26 0.416413
12 27 0.412252
12 28 0.399516
12 29 0.378658
12 30 0.349908
12 31 0.313737
12 32 0.270605
12 33 0.221396
12 34 0.166965
12 35 0.108189
12 36 0.0458678
12 37 -0.0187328
12 38 -0.0847339
12 39 -0.151083
12 40 -0.216587
12 41 -0.280138
12 42 -0.340744
12 43 -0.39742
12 44 -0.449236
12 45 -0.495313
12 46 -0.534853
12 47 -0.567395
12 48 -0.592266
12 49 -0.608923
12 50 -0.617318
12 51 -0.617169
12 52 -0.608499
12 53 -0.59151
12 54 -0.566557
12 55 -0.533856
12 56 -0.494014
12 57 -0.447791
12 58 -0.395928
12 59 -0.339197
12 60 -0.278366
12 61 -0.214553
12 62 -0.149053
12 63 -0.0827893
12 64 -0.0167793
12 65 0.0479397
12 66 0.110193
12 67 0.169077
12 68 0.223475
12 69 0.272545
12 70 0.315512
12 71 0.351638
12 72 0.380282
12 73 0.401069
12 74 0.413644
12 75 0.417754
12 76 0.413189
12 77 0.40021
12 78 0.378951
12 79 0.349666
12 80 0.313006
12 81 0.269399
12 82 0.219596
12 83 0.164485
12 84 0.104993
12 85 0.0419965
12 86 -0.0236216
12 87 -0.0905619
12 88 -0.15795
12 89 -0.224451
12 90 -0.289189
12 91 -0.351035
12 92 -0.409017
12 93 -0.462143
12 94 -0.509697
12 95 -0.550577
12 96 -0.584308
12 97 -0.610449
12 98 -0.628459
12 99 -0.638225
12 100 -0.0794044
12 101 0

13 0 0
13 1 -0.0707006
13 2 -0.568377
13 3 -0.558907
13 4 -0.540913
13 5 -0.514964
13 6 -0.481234
13 7 -0.440494
13 8 -0.393424
13 9 -0.340611
13 10 -0.282962
13 11 -0.22143
13 12 -0.157084
13 13 -0.0908377
13 14 -0.0240699
13 15 0.0424466
13 16 0.107553
13 17 0.170157
13 18 0.229316
13 19 0.284012
13 20 0.333397
13 21 0.376515
13 22 0.412833
13 23 0.4416
13 24 0.462503
13 25 0.475122
13 26 0.479357
13 27 0.475068
13 28 0.462252
13 29 0.441246
13 30 0.412321
13 31 0.375981
13 32 0.332811
13 33 0.283564
13 34 0.229135
13 35 0.170246
13 36 0.107946
13 37 0.0433282
13 38 -0.0226382
13 39 -0.0889244
13 40 -0.154437
13 41 -0.2179
13 42 -0.278417
13 43 -0.335102
13 44 -0.386894
13 45 -0.432972
13 46 -0.472477
13 47 -0.50502
13 48 -0.529906
13 49 -0.546556
13 50 -0.554994
13 51 -0.554814
13 52 -0.546215
13 53 -0.529261
13 54 -0.504275
13 55 -0.471588
13 56 -0.431786
13 57 -0.385581
13 58 -0.333788
13 59 -0.27708
13 60 -0.216267
13 61 -0.152584
13 62 -0.0871076
13 63 -0.020852
13 64 0.0450921
13 65 0.109741
13 66 0.172068
13 67 0.231008
13 68 0.285433
13 69 0.334512
13 70 0.377558
13 71 0.413757
13 72 0.442609
13 73 0.463591
13 74 0.476228
13 75 0.480459
13 76 0.476166
13 77 0.463389
13 78 0.44241
13 79 0.413356
13 80 0.376949
13 81 0.333602
13 82 0.284106
13 83 0.229218
13 84 0.169976
13 85 0.107245
13 86 0.0419164
13 87 -0.0247318
13 88 -0.0917015
13 89 -0.157823
13 90 -0.222317
13 91 -0.283972
13 92 -0.341638
13 93 -0.394456
13 94 -0.44165
13 95 -0.482329
13 96 -0.515992
13 97 -0.542063
13 98 -0.559879
13 99 -0.569368
13 100 -0.0708262
13 101 0

14 0 0
14 1 -0.0620575
14 2 -0.498919
14 3 -0.489627
14 4 -0.471756
14 5 -0.445914
14 6 -0.412566
14 7 -0.372095
14 8 -0.325211
14 9 -0.272651
14 10 -0.215253
14 11 -0.154044
14 12 -0.0899667
14 13 -0.0240699
14 14 0.0425129
14 15 0.10882
14 16 0.173664
14 17 0.235885
14 18 0.294764
14 19 0.349162
14 20 0.398244
14 21 0.441124
14 22 0.477177
14 23 0.505748
14 24 0.526457
14 25 0.538909
14 26 0.542932
14 27 0.538455
14 28 0.525553
14 29 0.504426
14 30 0.47535
14 31 0.438861
14 32 0.395682
14 33 0.346405
14 34 0.291845
14 35 0.232912
14 36 0.170563
14 37 0.105953
14 38 0.0400076
14 39 -0.0262218
14 40 -0.0916148
14 41 -0.15512
14 42 -0.215632
14 43 -0.272207
14 44 -0.323939
14 45 -0.369989
14 46 -0.4095
14 47 -0.441956
14 48 -0.466793
14 49 -0.483471
14 50 -0.49181
14 51 -0.491683
14 52 -0.483157
14 53 -0.466246
14 54 -0.441293
14 55 -0.408696
14 56 -0.368909
14 57 -0.32275
14 58 -0.271009
14 59 -0.214395
14 60 -0.153689
14 61 -0.0900678
14 62 -0.0245886
14 63 0.0416785
14 64 0.107552
14 65 0.172187
14 66 0.234557
14 67 0.293484
14 68 0.347903
14 69 0.397095
14 70 0.440212
14 71 0.476528
14 72 0.505571
14 73 0.526713
14 74 0.539516
14 75 0.543879
14 76 0.539781
14 77 0.527209
14 78 0.50639
14 79 0.477652
14 80 0.441485
14 81 0.398421
14 82 0.349236
14 83 0.294647
14 84 0.235796
14 85 0.173322
14 86 0.108293
14 87 0.0419089
14 88 -0.0247922
14 89 -0.090723
14 90 -0.154855
14 91 -0.216149
14 92 -0.273492
14 93 -0.326044
14 94 -0.372967
14 95 -0.413506
14 96 -0.44698
14 97 -0.472768
14 98 -0.490439
14 99 -0.499743
14 100 -0.0621612
14 101 0

15 0 0
15 1 -0.0534677
15 2 -0.429791
15 3 -0.42055
15 4 -0.402816
15 5 -0.377248
15 6 -0.344221
15 7 -0.303963
15 8 -0.257245
15 9 -0.20499
15 10 -0.147879
15 11 -0.0868699
15 12 -0.0230925
15 13 0.0424466
15 14 0.10882
15 15 0.174814
15 16 0.239302
15 17 0.301301
15 18 0.359912
15 19 0.414058
15 20 0.462842
15 21 0.505429
15 22 0.541233
15 23 0.569532
15 24 0.590044
15 25 0.602258
15 26 0.605964
15 27 0.601342
15 28 0.58843
15 29 0.567056
15 30 0.537922
15 31 0.501374
15 32 0.458009
15 33 0.408686
15 34 0.354115
15 35 0.295173
15 36 0.232937
15 37 0.168222
15 38 0.102271
15 39 0.0360853
15 40 -0.0292107
15 41 -0.0927272
15 42 -0.153187
15 43 -0.209649
15 44 -0.261322
15 45 -0.307368
15 46 -0.34692
15 47 -0.37934
15 48 -0.404204
15 49 -0.420851
15 50 -0.429244
15 51 -0.429121
15 52 -0.420595
15 53 -0.40369
15 54 -0.37875
15 55 -0.346125
15 56 -0.306478
15 57 -0.260334
15 58 -0.208612
15 59 -0.151995
15 60 -0.0914206
15 61 -0.0279285
15 62 0.0376082
15 63 0.103767
15 64 0.169605
15 65 0.234202
15 66 0.296596
15 67 0.355475
15 68 0.409968
15 69 0.459231
15 70 0.502442
15 71 0.538867
15 72 0.568069
15 73 0.589292
15 74 0.602252
15 75 0.606781
15 76 0.602905
15 77 0.590572
15 78 0.570037
15 79 0.541626
15 80 0.505773
15 81 0.46298
15 82 0.414055
15 83 0.359727
15 84 0.3011
15 85 0.238985
15 86 0.174316
15 87 0.10824
15 88 0.0419239
15 89 -0.0237305
15 90 -0.0875968
15 91 -0.148536
15 92 -0.205607
15 93 -0.257951
15 94 -0.304695
15 95 -0.344961
15 96 -0.378144
15 97 -0.40367
15 98 -0.42122
15 99 -0.430467
15 100 -0.0535522
15 101 0

16 0 0
16 1 -0.0450457
16 2 -0.362087
16 3 -0.352985
16 4 -0.335516
16 5 -0.310096
16 6 -0.277129
16 7 -0.237008
16 8 -0.190567
16 9 -0.138613
16 10 -0.0818717
16 11 -0.0211762
16 12 0.0422742
16 13 0.107553
16 14 0.173664
16 15 0.239302
16 16 0.303457
16 17 0.365205
16 18 0.423509
16 19 0.477351
16 20 0.525844
16 21 0.568224
16 22 0.603814
16 23 0.631904
16 24 0.6522
16 25 0.664159
16 26 0.667653
16 27 0.662856
16 28 0.649685
16 29 0.628214
16 30 0.598959
16 31 0.562329
16 32 0.518921
16 33 0.469495
16 34 0.414891
16 35 0.355962
16 36 0.293705
16 37 0.229035
16 38 0.16305
16 39 0.0969047
16 40 0.0316814
16 41 -0.0316868
16 42 -0.0921345
16 43 -0.14861
16 44 -0.200212
16 45 -0.246238
16 46 -0.285798
16 47 -0.318144
16 48 -0.34291
16 49 -0.359582
16 50 -0.368021
16 51 -0.367967
16 52 -0.359391
16 53 -0.342469
16 54 -0.317604
16 55 -0.285117
16 56 -0.245471
16 57 -0.199401
16 58 -0.147661
16 59 -0.0910659
16 60 -0.0305887
16 61 0.0328691
16 62 0.0982357
16 63 0.164335
16 64 0.230186
16 65 0.294792
16 66 0.357081
16 67 0.416001
16 68 0.470591
16 69 0.519928
16 70 0.563143
16 71 0.59964
16 72 0.628975
16 73 0.650375
16 74 0.663484
16 75 0.668266
16 76 0.664621
16 77 0.65253
16 78 0.632257
16 79 0.604115
16 80 0.568523
16 81 0.525945
16 82 0.47728
16 83 0.423328
16 84 0.365008
16 85 0.303174
16 86 0.238871
16 87 0.173167
16 88 0.107132
16 89 0.041775
16 90 -0.0217885
16 91 -0.0823757
16 92 -0.139106
16 93 -0.191193
16 94 -0.237653
16 95 -0.277674
16 96 -0.310728
16 97 -0.336095
16 98 -0.353474
16 99 -0.362611
16 100 -0.0451132
16 101 0

17 0 0
17 1 -0.0369414
17 2 -0.296902
17 3 -0.287896
17 4 -0.270626
17 5 -0.245371
17 6 -0.212575
17 7 -0.172747
17 8 -0.126569
17 9 -0.074893
17 10 -0.0184124
17 11 0.0419641
17 12 0.105164
17 13 0.170157
17 14 0.235885
17 15 0.301301
17 16 0.365205
17 17 0.426712
17 18 0.484829
17 19 0.538286
17 20 0.586413
17 21 0.628439
17 22 0.663795
17 23 0.691836
17 24 0.711938
17 25 0.723697
17 26 0.727062
17 27 0.722088
17 28 0.708634
17 29 0.687012
17 30 0.657613
17 31 0.620953
17 32 0.577441
17 33 0.527926
17 34 0.473278
17 35 0.414315
17 36 0.352013
17 37 0.287457
17 38 0.221478
17 39 0.155304
17 40 0.0901083
17 41 0.0267744
17 42 -0.0336119
17 43 -0.0900267
17 44 -0.141614
17 45 -0.187566
17 46 -0.227
17 47 -0.259353
17 48 -0.284128
17 49 -0.30083
17 50 -0.309194
17 51 -0.309131
17 52 -0.300498
17 53 -0.283682
17 54 -0.258956
17 55 -0.226533
17 56 -0.186865
17 57 -0.140894
17 58 -0.0892693
17 59 -0.032711
17 60 0.0277307
17 61 0.0911206
17 62 0.156423
17 63 0.222557
17 64 0.288436
17 65 0.352936
17 66 0.415151
17 67 0.47413
17 68 0.528802
17 69 0.578171
17 70 0.621436
17 71 0.658142
17 72 0.687478
17 73 0.709038
17 74 0.722441
17 75 0.727446
17 76 0.724064
17 77 0.712166
17 78 0.691967
17 79 0.664096
17 80 0.628715
17 81 0.586413
17 82 0.538122
17 83 0.484514
17 84 0.426527
17 85 0.364967
17 86 0.300966
17 87 0.235585
17 88 0.169783
17 89 0.104771
17 90 0.0415182
17 91 -0.0188492
17 92 -0.0753195
17 93 -0.127077
17 94 -0.173227
17 95 -0.213071
17 96 -0.245864
17 97 -0.271029
17 98 -0.288275
17 99 -0.297234
17 100 -0.0369765
17 101 0

18 0 0
18 1 -0.029278
18 2 -0.235295
18 3 -0.226392
18 4 -0.209259
18 5 -0.18422
18 6 -0.151697
18 7 -0.112091
18 8 -0.0661996
18 9 -0.0146559
18 10 0.0415828
18 11 0.1017
18 12 0.164627
18 13 0.229316
18 14 0.294764
18 15 0.359912
18 16 0.423509
18 17 0.484829
18 18 0.542641
18 19 0.595808
18 20 0.643593
18 21 0.685302
18 22 0.720433
18 23 0.748234
18 24 0.768119
18 25 0.779702
18 26 0.782877
18 27 0.777765
18 28 0.764215
18 29 0.742406
18 30 0.712894
18 31 0.676112
18 32 0.632567
18 33 0.582989
18 34 0.528272
18 35 0.469367
18 36 0.407068
18 37 0.34247
18 38 0.27655
18 39 0.21035
18 40 0.145203
18 41 0.0819384
18 42 0.0215193
18 43 -0.0348473
18 44 -0.0864186
18 45 -0.132253
18 46 -0.171659
18 47 -0.20394
18 48 -0.228775
18 49 -0.245464
18 50 -0.253787
18 51 -0.253697
18 52 -0.245108
18 53 -0.228355
18 54 -0.203683
18 55 -0.171233
18 56 -0.131688
18 57 -0.0857642
18 58 -0.0342701
18 59 0.0222329
18 60 0.0826522
18 61 0.14598
18 62 0.211264
18 63 0.277389
18 64 0.343229
18 65 0.407735
18 66 0.469888
18 67 0.52888
18 68 0.583585
18 69 0.632997
18 70 0.67642
18 71 0.713198
18 72 0.742624
18 73 0.764279
18 74 0.777884
18 75 0.783071
18 76 0.779897
18 77 0.768264
18 78 0.748306
18 79 0.720581
18 80 0.685497
18 81 0.643544
18 82 0.595564
18 83 0.54226
18 84 0.484514
18 85 0.423346
18 86 0.359644
18 87 0.294519
18 88 0.229018
18 89 0.164358
18 90 0.101377
18 91 0.0412857
18 92 -0.0149834
18 93 -0.0665038
18 94 -0.112438
18 95 -0.151952
18 96 -0.184558
18 97 -0.209528
18 98 -0.226533
18 99 -0.235417
18 100 -0.0292924
18 101 0

19 0 0
19 1 -0.0221773
19 2 -0.178248
19 3 -0.169507
19 4 -0.152573
19 5 -0.127648
19 6 -0.0953069
19 7 -0.0559945
19 8 -0.0103308
19 9 0.0410663
19 10 0.0971438
19 11 0.156954
19 12 0.219608
19 13 0.284012
19 14 0.349162
19 15 0.414058
19 16 0.477351
19 17 0.538286
19 18 0.595808
19 19 0.648736
19 20 0.696277
19 21 0.737805
19 22 0.772602
19 23 0.80013
19 24 0.819734
19 25 0.831143
19 26 0.8342
19 27 0.828913
19 28 0.815208
19 29 0.793318
19 30 0.763711
19 31 0.726859
19 32 0.683282
19 33 0.633686
19 34 0.578911
19 35 0.520004
19 36 0.457693
19 37 0.39318
19 38 0.327249
19 39 0.261126
19 40 0.196038
19 41 0.132725
19 42 0.0722921
19 43 0.0160116
19 44 -0.0354872
19 45 -0.0812727
19 46 -0.120617
19 47 -0.152825
19 48 -0.177532
19 49 -0.194225
19 50 -0.20251
19 51 -0.202559
19 52 -0.193992
19 53 -0.177323
19 54 -0.152579
19 55 -0.120208
19 56 -0.0807619
19 57 -0.0349493
19 58 0.0164949
19 59 0.0729185
19 60 0.133214
19 61 0.196521
19 62 0.261762
19 63 0.327845
19 64 0.39363
19 65 0.458173
19 66 0.520331
19 67 0.579296
19 68 0.633967
19 69 0.68343
19 70 0.726918
19 71 0.763815
19 72 0.793315
19 73 0.815084
19 74 0.828773
19 75 0.834096
19 76 0.83115
19 77 0.819799
19 78 0.800083
19 79 0.772634
19 80 0.737827
19 81 0.696239
19 82 0.64848
19 83 0.595407
19 84 0.537999
19 85 0.477201
19 86 0.413813
19 87 0.34896
19 88 0.28378
19 89 0.219421
19 90 0.15677
19 91 0.0969174
19 92 0.0408815
19 93 -0.0103867
19 94 -0.0560691
19 95 -0.0954008
19 96 -0.127841
19 97 -0.152613
19 98 -0.169435
19 99 -0.178171
19 100 -0.0221672
19 101 0

20 0 0
20 1 -0.0157706
20 2 -0.126718
20 3 -0.118043
20 4 -0.101165
20 5 -0.0764089
20 6 -0.0442385
20 7 -0.00519903
20 8 0.0402375
20 9 0.091374
20 10 0.147247
20 11 0.206825
20 12 0.269182
20 13 0.333397
20 14 0.398244
20 15 0.462842
20 16 0.525844
20 17 0.586413
20 18 0.643593
20 19 0.696277
20 20 0.743677
20 21 0.784991
20 22 0.819524
20 23 0.846772
20 24 0.866166
20 25 0.877398
20 26 0.880236
20 27 0.874788
20 28 0.860954
20 29 0.839022
20 30 0.809273
20 31 0.772378
20 32 0.728741
20 33 0.679165
20 34 0.624392
20 35 0.56539
20 36 0.503092
20 37 0.438589
20 38 0.372822
20 39 0.306775
20 40 0.241628
20 41 0.17834
20 42 0.118029
20 43 0.0618361
20 44 0.010455
20 45 -0.0352311
20 46 -0.0745767
20 47 -0.106753
20 48 -0.131447
20 49 -0.148099
20 50 -0.156432
20 51 -0.156469
20 52 -0.147957
20 53 -0.131282
20 54 -0.106542
20 55 -0.0742259
20 56 -0.0349424
20 57 0.0108549
20 58 0.0622243
20 59 0.118489
20 60 0.178673
20 61 0.241898
20 62 0.307122
20 63 0.373117
20 64 0.438832
20 65 0.503382
20 66 0.565582
20 67 0.624509
20 68 0.679171
20 69 0.728593
20 70 0.772131
20 71 0.809168
20 72 0.838744
20 73 0.860621
20 74 0.874416
20 75 0.879962
20 76 0.877206
20 77 0.866047
20 78 0.846635
20 79 0.819427
20 80 0.78485
20 81 0.743561
20 82 0.69612
20 83 0.643245
20 84 0.586124
20 85 0.525719
20 86 0.462605
20 87 0.398099
20 88 0.333167
20 89 0.269112
20 90 0.206719
20 91 0.147176
20 92 0.091416
20 93 0.0403229
20 94 -0.00510249
20 95 -0.0442159
20 96 -0.076384
20 97 -0.10101
20 98 -0.117741
20 99 -0.126439
20 100 -0.0157408
20 101 0

21 0 0
21 1 -0.0101475
21 2 -0.0814902
21 3 -0.0728816
21 4 -0.0561625
21 5 -0.0315077
21 6 0.000504436
21 7 0.0393615
21 8 0.0845645
21 9 0.13548
21 10 0.191121
21 11 0.250425
21 12 0.312503
21 13 0.376515
21 14 0.441124
21 15 0.505429
21 16 0.568224
21 17 0.628439
21 18 0.685302
21 19 0.737805
21 20 0.784991
21 21 0.826091
21 22 0.860414
21 23 0.887431
21 24 0.906585
21 25 0.917635
21 26 0.920353
21 27 0.914731
21 28 0.900783
21 29 0.878737
21 30 0.848856
21 31 0.811834
21 32 0.7682
21 33 0.718643
21 34 0.663873
21 35 0.604922
21 36 0.54261
21 37 0.478178
21 38 0.412472
21 39 0.346446
21 40 0.281302
21 41 0.218166
21 42 0.157984
21 43 0.101791
21 44 0.0504697
21 45 0.00477797
21 46 -0.0345279
21 47 -0.0666227
21 48 -0.0912369
21 49 -0.107897
21 50 -0.116193
21 51 -0.116238
21 52 -0.107718
21 53 -0.0910585
21 54 -0.0664061
21 55 -0.034255
21 56 0.00498017
21 57 0.050717
21 58 0.102037
21 59 0.158145
21 60 0.218215
21 61 0.281393
21 62 0.346488
21 63 0.412422
21 64 0.47818
21 65 0.542688
21 66 0.60486
21 67 0.663805
21 68 0.718321
21 69 0.767782
21 70 0.811383
21 71 0.848473
21 72 0.878258
21 73 0.900293
21 74 0.914223
21 75 0.919937
21 76 0.917305
21 77 0.906303
21 78 0.887141
21 79 0.860155
21 80 0.825767
21 81 0.784757
21 82 0.737565
21 83 0.685081
21 84 0.628297
21 85 0.568029
21 86 0.505243
21 87 0.440966
21 88 0.37636
21 89 0.312548
21 90 0.250395
21 91 0.191131
21 92 0.135636
21 93 0.0848074
21 94 0.0395683
21 95 0.000705768
21 96 -0.0312524
21 97 -0.0557672
21 98 -0.0724321
21 99 -0.0810062
21 100 -0.0100861
21 101 0

22 0 0
22 1 -0.00538568
22 2 -0.0432563
22 3 -0.0348084
22 4 -0.0181683
22 5 0.00633983
22 6 0.0382447
22 7 0.0770086
22 8 0.122006
22 9 0.172707
22 10 0.228115
22 11 0.287246
22 12 0.349032
22 13 0.412833
22 14 0.477177
22 15 0.541233
22 16 0.603814
22 17 0.663795
22 18 0.720433
22 19 0.772602
22 20 0.819524
22 21 0.860414
22 22 0.894551
22 23 0.921286
22 24 0.940291
22 25 0.951202
22 26 0.953773
22 27 0.948027
22 28 0.933906
22 29 0.911713
22 30 0.881802
22 31 0.844765
22 32 0.800995
22 33 0.751531
22 34 0.696836
22 35 0.637862
22 36 0.575627
22 37 0.511233
22 38 0.445481
22 39 0.37947
22 40 0.314374
22 41 0.25137
22 42 0.191369
22 43 0.1352
22 44 0.0839325
22 45 0.0383537
22 46 -0.000855071
22 47 -0.0329952
22 48 -0.0575523
22 49 -0.0741582
22 50 -0.0825755
22 51 -0.0825027
22 52 -0.0740784
22 53 -0.0573988
22 54 -0.0327745
22 55 -0.00069151
22 56 0.0384244
22 57 0.0840596
22 58 0.135252
22 59 0.191238
22 60 0.251321
22 61 0.3144
22 62 0.379345
22 63 0.445189
22 64 0.510879
22 65 0.575371
22 66 0.637541
22 67 0.696417
22 68 0.750996
22 69 0.800527
22 70 0.844035
22 71 0.881164
22 72 0.911032
22 73 0.933164
22 74 0.947273
22 75 0.95315
22 76 0.950681
22 77 0.939804
22 78 0.920929
22 79 0.894184
22 80 0.860053
22 81 0.819225
22 82 0.772343
22 83 0.720112
22 84 0.663603
22 85 0.603615
22 86 0.54103
22 87 0.477136
22 88 0.412759
22 89 0.349259
22 90 0.2873
22 91 0.22828
22 92 0.172995
22 93 0.122382
22 94 0.0772992
22 95 0.0385765
22 96 0.00679505
22 97 -0.017633
22 98 -0.0341802
22 99 -0.0425673
22 100 -0.0052962
22 101 0

23 0 0
23 1 -0.00157529
23 2 -0.0126493
23 3 -0.00431183
23 4 0.0122107
23 5 0.0365817
23 6 0.0683732
23 7 0.10707
23 8 0.151936
23 9 0.202344
23 10 0.257636
23 11 0.316466
23 12 0.378126
23 13 0.4416
23 14 0.505748
23 15 0.569532
23 16 0.631904
23 17 0.691836
23 18 0.748234
23 19 0.80013
23 20 0.846772
23 21 0.887431
23 22 0.921286
23 23 0.947887
23 24 0.96676
23 25 0.977417
23 26 0.979866
23 27 0.973954
23 28 0.959774
23 29 0.937459
23 30 0.907575
23 31 0.870421
23 32 0.826716
23 33 0.777226
23 34 0.722594
23 35 0.663624
23 36 0.601456
23 37 0.537105
23 38 0.471449
23 39 0.405473
23 40 0.340513
23 41 0.277545
23 42 0.217612
23 43 0.161581
23 44 0.110294
23 45 0.0647555
23 46 0.0256314
23 47 -0.00645892
23 48 -0.0309919
23 49 -0.0475154
23 50 -0.0557932
23 51 -0.0557829
23 52 -0.0474246
23 53 -0.030893
23 54 -0.00632416
23 55 0.0257366
23 56 0.0647636
23 57 0.110303
23 58 0.161404
23 59 0.217327
23 60 0.277332
23 61 0.340325
23 62 0.405258
23 63 0.470986
23 64 0.536569
23 65 0.600951
23 66 0.663067
23 67 0.721797
23 68 0.776401
23 69 0.825971
23 70 0.869618
23 71 0.906682
23 72 0.936601
23 73 0.95878
23 74 0.973088
23 75 0.979076
23 76 0.976726
23 77 0.96604
23 78 0.94736
23 79 0.92091
23 80 0.886936
23 81 0.846398
23 82 0.799789
23 83 0.747775
23 84 0.69148
23 85 0.631729
23 86 0.569506
23 87 0.50578
23 88 0.441674
23 89 0.378308
23 90 0.316668
23 91 0.257816
23 92 0.20284
23 93 0.152401
23 94 0.107456
23 95 0.06888
23 96 0.0372453
23 97 0.0129558
23 98 -0.00346432
23 99 -0.0117601
23 100 -0.00146349
23 101 0

24 0 0
24 1 0.00122127
24 2 0.00983324
24 3 0.0181294
24 4 0.0345616
24 5 0.0588169
24 6 0.0904509
24 7 0.12905
24 8 0.173809
24 9 0.224037
24 10 0.279073
24 11 0.337739
24 12 0.399229
24 13 0.462503
24 14 0.526457
24 15 0.590044
24 16 0.6522
24 17 0.711938
24 18 0.768119
24 19 0.819734
24 20 0.866166
24 21 0.906585
24 22 0.940291
24 23 0.96676
24 24 0.985315
24 25 0.995858
24 26 0.998229
24 27 0.992199
24 28 0.977931
24 29 0.955719
24 30 0.925776
24 31 0.888556
24 32 0.844851
24 33 0.795399
24 34 0.740732
24 35 0.681847
24 36 0.619693
24 37 0.555305
24 38 0.489734
24 39 0.423858
24 40 0.359048
24 41 0.296238
24 42 0.236353
24 43 0.180417
24 44 0.129221
24 45 0.0836565
24 46 0.0446532
24 47 0.0126293
24 48 -0.0119045
24 49 -0.0284942
24 50 -0.0367233
24 51 -0.0367508
24 52 -0.0283771
24 53 -0.0118355
24 54 0.0127109
24 55 0.0446203
24 56 0.0835933
24 57 0.129049
24 58 0.180084
24 59 0.235927
24 60 0.295783
24 61 0.358641
24 62 0.423449
24 63 0.489104
24 64 0.554648
24 65 0.618949
24 66 0.681021
24 67 0.739762
24 68 0.794289
24 69 0.843848
24 70 0.887544
24 71 0.92463
24 72 0.954492
24 73 0.976806
24 74 0.991197
24 75 0.997263
24 76 0.994997
24 77 0.984538
24 78 0.966037
24 79 0.939708
24 80 0.90597
24 81 0.865681
24 82 0.819372
24 83 0.767636
24 84 0.711559
24 85 0.652043
24 86 0.590049
24 87 0.526615
24 88 0.462669
24 89 0.399527
24 90 0.338119
24 91 0.279394
24 92 0.224528
24 93 0.174347
24 94 0.129635
24 95 0.0911809
24 96 0.0596646
24 97 0.0354713
24 98 0.0191682
24 99 0.0109242
24 100 0.00135779
24 101 0

25 0 0
25 1 0.00296875
25 2 0.0238612
25 3 0.0320836
25 4 0.0484829
25 5 0.072603
25 6 0.1041
25 7 0.142586
25 8 0.187235
25 9 0.237393
25 10 0.292275
25 11 0.350744
25 12 0.412028
25 13 0.475122
25 14 0.538909
25 15 0.602258
25 16 0.664159
25 17 0.723697
25 18 0.779702
25 19 0.831143
25 20 0.877398
25 21 0.917635
25 22 0.951202
25 23 0.977417
25 24 0.995858
25 25 1.00627
25 26 1.00855
25 27 1.00251
25 28 0.988136
25 29 0.965855
25 30 0.935969
25 31 0.898828
25 32 0.855147
25 33 0.805591
25 34 0.750955
25 35 0.692066
25 36 0.630004
25 37 0.565668
25 38 0.500155
25 39 0.434484
25 40 0.369734
25 41 0.307034
25 42 0.247235
25 43 0.191403
25 44 0.14032
25 45 0.0948172
25 46 0.0558996
25 47 0.0239445
25 48 -0.000517917
25 49 -0.017108
25 50 -0.0254532
25 51 -0.0254117
25 52 -0.0170689
25 53 -0.000572584
25 54 0.0239511
25 55 0.055808
25 56 0.0947071
25 57 0.14004
25 58 0.190964
25 59 0.246659
25 60 0.306353
25 61 0.369093
25 62 0.43385
25 63 0.49942
25 64 0.564768
25 65 0.62903
25 66 0.69105
25 67 0.749767
25 68 0.80435
25 69 0.853836
25 70 0.897528
25 71 0.934624
25 72 0.964471
25 73 0.986784
25 74 1.00127
25 75 1.00742
25 76 1.00527
25 77 0.994953
25 78 0.976585
25 79 0.950377
25 80 0.916868
25 81 0.876819
25 82 0.830755
25 83 0.77921
25 84 0.723379
25 85 0.664089
25 86 0.602301
25 87 0.539063
25 88 0.475398
25 89 0.412483
25 90 0.351211
25 91 0.292631
25 92 0.237987
25 93 0.187955
25 94 0.143343
25 95 0.105043
25 96 0.0735898
25 97 0.049548
25 98 0.0333946
25 99 0.0251543
25 100 0.0031222
25 101 0

26 0 0
26 1 0.0036274
26 2 0.0292182
26 3 0.0374704
26 4 0.0537023
26 5 0.0777707
26 6 0.109286
26 7 0.147658
26 8 0.192137
26 9 0.242193
26 10 0.296965
26 11 0.355243
26 12 0.416413
26 13 0.479357
26 14 0.542932
26 15 0.605964
26 16 0.667653
26 17 0.727062
26 18 0.782877
26 19 0.8342
26 20 0.880236
26 21 0.920353
26 22 0.953773
26 23 0.979866
26 24 0.998229
26 25 1.00855
26 26 1.01072
26 27 1.0046
26 28 0.990213
26 29 0.967922
26 30 0.937975
26 31 0.900834
26 32 0.857218
26 33 0.807728
26 34 0.753168
26 35 0.694358
26 36 0.632326
26 37 0.568068
26 38 0.502662
26 39 0.437045
26 40 0.372394
26 41 0.309825
26 42 0.25008
26 43 0.194366
26 44 0.143419
26 45 0.0980858
26 46 0.0591222
26 47 0.0272257
26 48 0.00285183
26 49 -0.0137113
26 50 -0.0220386
26 51 -0.0220497
26 52 -0.0136553
26 53 0.00272808
26 54 0.0271606
26 55 0.0589529
26 56 0.0977809
26 57 0.143086
