0 0 0
0 1 0
0 2 0
0 3 0
0 4 0
0 5 0
0 6 0
0 7 0
0 8 0
0 9 0
0 10 0
0 11 0
0 12 0
0 13 0
0 14 0
0 15 0
0 16 0
0 17 0
0 18 0
0 19 0
0 20 0
0 21 0
0 22 0
0 23 0
0 24 0
0 25 0
0 26 0
0 27 0
0 28 0
0 29 0
0 30 0
0 31 0
0 32 0
0 33 0
0 34 0
0 35 0
0 36 0
0 37 0
0 38 0
0 39 0
0 40 0
0 41 0
0 42 0
0 43 0
0 44 0
0 45 0
0 46 0
0 47 0
0 48 0
0 49 0
0 50 0
0 51 0
0 52 0
0 53 0
0 54 0
0 55 0
0 56 0
0 57 0
0 58 0
0 59 0
0 60 0
0 61 0
0 62 0
0 63 0
0 64 0
0 65 0
0 66 0
0 67 0
0 68 0
0 69 0
0 70 0
0 71 0
0 72 0
0 73 0
0 74 0
0 75 0
0 76 0
0 77 0
0 78 0
0 79 0
0 80 0
0 81 0
0 82 0
0 83 0
0 84 0
0 85 0
0 86 0
0 87 0
0 88 0
0 89 0
0 90 0
0 91 0
0 92 0
0 93 0
0 94 0
0 95 0
0 96 0
0 97 0
0 98 0
0 99 0
0 100 0
0 101 0

1 0 0
1 1 0
1 2 0.0727747
1 3 0.072263
1 4 0.0711575
1 5 0.0694803
1 6 0.0672277
1 7 0.0644545
1 8 0.0612195
1 9 0.0576538
1 10 0.0537941
1 11 0.049563
1 12 0.0451844
1 13 0.0408106
1 14 0.0363911
1 15 0.032043
1 16 0.0277476
1 17 0.0235496
1 18 0.0195151
1 19 0.0157287
1 20 0.0123707
1 21 0.00943108
1 22 0.0069703
1 23 0.00504175
1 24 0.00366095
1 25 0.00297827
1 26 0.0028553
1 27 0.00332445
1 28 0.004284
1 29 0.00592299
1 30 0.00816205
1 31 0.0108507
1 32 0.014032
1 33 0.0177536
1 34 0.0217827
1 35 0.0261354
1 36 0.0306521
1 37 0.0352319
1 38 0.0400737
1 39 0.0449102
1 40 0.0497306
1 41 0.0545216
1 42 0.0590621
1 43 0.063274
1 44 0.0671768
1 45 0.0706165
1 46 0.0735692
1 47 0.0759566
1 48 0.0777501
1 49 0.0790121
1 50 0.0796622
1 51 0.0796515
1 52 0.0790132
1 53 0.0776655
1 54 0.0757697
1 55 0.0733789
1 56 0.0704125
1 57 0.0670029
1 58 0.0632047
1 59 0.059033
1 60 0.0545724
1 61 0.0498787
1 62 0.0450094
1 63 0.0401288
1 64 0.0353874
1 65 0.0306526
1 66 0.0261508
1 67 0.0218421
1 68 0.017774
1 69 0.0141361
1 70 0.0109115
1 71 0.00827186
1 72 0.00614725
1 73 0.00453093
1 74 0.00350736
1 75 0.00309718
1 76 0.00323707
1 77 0.00405363
1 78 0.00532982
1 79 0.00720932
1 80 0.00966533
1 81 0.0125607
1 82 0.0159389
1 83 0.0196647
1 84 0.0236703
1 85 0.0278755
1 86 0.0321787
1 87 0.0366449
1 88 0.0411122
1 89 0.0455396
1 90 0.0499029
1 91 0.0540595
1 92 0.0580031
1 93 0.0615742
1 94 0.0646928
1 95 0.0674456
1 96 0.0696517
1 97 0.0713064
1 98 0.0724053
1 99 0.0729306
1 100 0
1 101 0

2 0 0
2 1 0.0727747
2 2 0.585521
2 3 0.580958
2 4 0.572027
2 5 0.558508
2 6 0.540354
2 7 0.51821
2 8 0.492491
2 9 0.463633
2 10 0.432285
2 11 0.398555
2 12 0.363611
2 13 0.328191
2 14 0.292692
2 15 0.257525
2 16 0.222933
2 17 0.18928
2 18 0.156812
2 19 0.126682
2 20 0.0995157
2 21 0.0758253
2 22 0.0560294
2 23 0.0405761
2 24 0.0298529
2 25 0.0239376
2 26 0.0229609
2 27 0.0264918
2 28 0.034683
2 29 0.0477207
2 30 0.0655485
2 31 0.0874441
2 32 0.11324
2 33 0.142712
2 34 0.175203
2 35 0.210037
2 36 0.246216
2 37 0.283617
2 38 0.322061
2 39 0.361049
2 40 0.400067
2 41 0.438144
2 42 0.474628
2 43 0.508678
2 44 0.539983
2 45 0.567742
2 46 0.591391
2 47 0.610689
2 48 0.625362
2 49 0.635371
2 50 0.640508
2 51 0.640368
2 52 0.635067
2 53 0.624573
2 54 0.609369
2 55 0.589852
2 56 0.56619
2 57 0.538707
2 58 0.508026
2 59 0.474424
2 60 0.438552
2 61 0.400849
2 62 0.362045
2 63 0.322893
2 64 0.284282
2 65 0.246636
2 66 0.21022
2 67 0.17552
2 68 0.143091
2 69 0.113786
2 70 0.0881201
2 71 0.0665182
2 72 0.0492678
2 73 0.0364643
2 74 0.0283547
2 75 0.0248686
2 76 0.0262833
2 77 0.0323327
2 78 0.0429556
2 79 0.0580974
2 80 0.077703
2 81 0.101237
2 82 0.128189
2 83 0.158053
2 84 0.19012
2 85 0.224046
2 86 0.258928
2 87 0.294536
2 88 0.330463
2 89 0.366236
2 90 0.401247
2 91 0.434737
2 92 0.466343
2 93 0.495002
2 94 0.520285
2 95 0.542102
2 96 0.559928
2 97 0.573324
2 98 0.582178
2 99 0.586694
2 100 0.0729306
2 101 0

3 0 0
3 1 0.072263
3 2 0.580958
3 3 0.575718
3 4 0.566623
3 5 0.552844
3 6 0.534761
3 7 0.51271
3 8 0.487246
3 9 0.458359
3 10 0.426502
3 11 0.39325
3 12 0.358561
3 13 0.322886
3 14 0.287459
3 15 0.252099
3 16 0.217392
3 17 0.18367
3 18 0.151459
3 19 0.121662
3 20 0.0943449
3 21 0.0705351
3 22 0.050864
3 23 0.0354711
3 24 0.0250071
3 25 0.018717
3 26 0.0175988
3 27 0.0209148
3 28 0.0296988
3 29 0.042628
3 30 0.060243
3 31 0.0825272
3 32 0.108591
3 33 0.137479
3 34 0.169886
3 35 0.20426
3 36 0.240512
3 37 0.278385
3 38 0.31624
3 39 0.355193
3 40 0.394122
3 41 0.431795
3 42 0.46798
3 43 0.502347
3 44 0.533601
3 45 0.561434
3 46 0.585098
3 47 0.604506
3 48 0.619523
3 49 0.629439
3 50 0.634234
3 51 0.634069
3 52 0.628563
3 53 0.618617
3 54 0.603505
3 55 0.583638
3 56 0.560133
3 57 0.532533
3 58 0.501494
3 59 0.467833
3 60 0.43189
3 61 0.394529
3 62 0.35634
3 63 0.317519
3 64 0.278558
3 65 0.241338
3 66 0.204742
3 67 0.169956
3 68 0.13798
3 69 0.108745
3 70 0.083468
3 71 0.0614193
3 72 0.0438927
3 73 0.0311226
3 74 0.023027
3 75 0.0194363
3 76 0.0210227
3 77 0.0266438
3 78 0.0376839
3 79 0.0529298
3 80 0.0724694
3 81 0.096211
3 82 0.123014
3 83 0.15269
3 84 0.184763
3 85 0.218604
3 86 0.253679
3 87 0.28892
3 88 0.32482
3 89 0.360771
3 90 0.395722
3 91 0.429514
3 92 0.460774
3 93 0.489433
3 94 0.515103
3 95 0.536583
3 96 0.554473
3 97 0.567968
3 98 0.577067
3 99 0.582037
3 100 0.0723884
3 101 0

4 0 0
4 1 0.0711575
4 2 0.572027
4 3 0.566623
4 4 0.556734
4 5 0.542719
4 6 0.524825
4 7 0.502837
4 8 0.477007
4 9 0.44846
4 10 0.416927
4 11 0.383768
4 12 0.349099
4 13 0.313302
4 14 0.277758
4 15 0.24215
4 16 0.206909
4 17 0.173451
4 18 0.141683
4 19 0.111147
4 20 0.0840116
4 21 0.0601948
4 22 0.0404415
4 23 0.0254764
4 24 0.0143613
4 25 0.00809346
4 26 0.00676103
4 27 0.0101423
4 28 0.0187997
4 29 0.0322292
4 30 0.049749
4 31 0.0719156
4 32 0.0979271
4 33 0.126924
4 34 0.158777
4 35 0.193249
4 36 0.229842
4 37 0.267431
4 38 0.305681
4 39 0.344165
4 40 0.382496
4 41 0.420079
4 42 0.456275
4 43 0.49084
4 44 0.522192
4 45 0.549754
4 46 0.573537
4 47 0.593185
4 48 0.608238
4 49 0.618319
4 50 0.622997
4 51 0.622807
4 52 0.617464
4 53 0.607392
4 54 0.592205
4 55 0.572395
4 56 0.548608
4 57 0.521114
4 58 0.490054
4 59 0.456249
4 60 0.420001
4 61 0.382819
4 62 0.344977
4 63 0.306456
4 64 0.268136
4 65 0.230343
4 66 0.193878
4 67 0.159323
4 68 0.127202
4 69 0.0981585
4 70 0.0727899
4 71 0.0510377
4 72 0.0332822
4 73 0.0202926
4 74 0.0118237
4 75 0.00830025
4 76 0.0100231
4 77 0.0161836
4 78 0.02682
4 79 0.0426588
4 80 0.0623507
4 81 0.0857231
4 82 0.112679
4 83 0.142444
4 84 0.174788
4 85 0.208427
4 86 0.243271
4 87 0.278895
4 88 0.315001
4 89 0.350841
4 90 0.386065
4 91 0.419815
4 92 0.451144
4 93 0.479767
4 94 0.504881
4 95 0.526961
4 96 0.544613
4 97 0.558432
4 98 0.568122
4 99 0.573111
4 100 0.071253
4 101 0

5 0 0
5 1 0.0694803
5 2 0.558508
5 3 0.552844
5 4 0.542719
5 5 0.52879
5 6 0.510922
5 7 0.488867
5 8 0.463156
5 9 0.434062
5 10 0.402786
5 11 0.370207
5 12 0.335443
5 13 0.299541
5 14 0.263895
5 15 0.227996
5 16 0.193113
5 17 0.159409
5 18 0.126944
5 19 0.0967971
5 20 0.0690931
5 21 0.0460277
5 22 0.0259639
5 23 0.0109017
5 24 -0.000306782
5 25 -0.0064425
5 26 -0.00852252
5 27 -0.00447785
5 28 0.00356079
5 29 0.0174417
5 30 0.0343531
5 31 0.0566492
5 32 0.0822872
5 33 0.11135
5 34 0.143249
5 35 0.177317
5 36 0.213371
5 37 0.251586
5 38 0.289892
5 39 0.328409
5 40 0.366701
5 41 0.403445
5 42 0.439895
5 43 0.473969
5 44 0.504948
5 45 0.532843
5 46 0.556671
5 47 0.576432
5 48 0.591955
5 49 0.601834
5 50 0.606949
5 51 0.606619
5 52 0.601281
5 53 0.590806
5 54 0.575637
5 55 0.555908
5 56 0.531861
5 57 0.504384
5 58 0.47328
5 59 0.439449
5 60 0.403734
5 61 0.366504
5 62 0.32888
5 63 0.290675
5 64 0.252141
5 65 0.214263
5 66 0.177838
5 67 0.143553
5 68 0.111834
5 69 0.0828142
5 70 0.0570403
5 71 0.0359884
5 72 0.0179521
5 73 0.00561623
5 74 -0.00368229
5 75 -0.00674822
5 76 -0.00515262
5 77 0.0014646
5 78 0.0122729
5 79 0.02823
5 80 0.0471462
5 81 0.0711468
5 82 0.0978336
5 83 0.128285
5 84 0.160361
5 85 0.194195
5 86 0.229431
5 87 0.264715
5 88 0.301018
5 89 0.336926
5 90 0.371994
5 91 0.405711
5 92 0.436807
5 93 0.465319
5 94 0.491098
5 95 0.512873
5 96 0.530701
5 97 0.544827
5 98 0.554471
5 99 0.559689
5 100 0.0695973
5 101 0

6 0 0
6 1 0.0672277
6 2 0.540354
6 3 0.534761
6 4 0.524825
6 5 0.510922
6 6 0.492573
6 7 0.470604
6 8 0.444829
6 9 0.415669
6 10 0.384731
6 11 0.351894
6 12 0.317293
6 13 0.281776
6 14 0.245513
6 15 0.209708
6 16 0.174938
6 17 0.140636
6 18 0.108609
6 19 0.0784064
6 20 0.0504094
6 21 0.0270183
6 22 0.00702522
6 23 -0.0090751
6 24 -0.0197146
6 25 -0.0264956
6 26 -0.0288946
6 27 -0.0254374
6 28 -0.0166498
6 29 -0.00328715
6 30 0.0144937
6 31 0.0359449
6 32 0.0614337
6 33 0.0906774
6 34 0.122628
6 35 0.156673
6 36 0.192659
6 37 0.230808
6 38 0.269343
6 39 0.307738
6 40 0.345577
6 41 0.382236
6 42 0.418364
6 43 0.452245
6 44 0.483099
6 45 0.5111
6 46 0.534944
6 47 0.554823
6 48 0.57018
6 49 0.580201
6 50 0.585317
6 51 0.584919
6 52 0.579617
6 53 0.568838
6 54 0.553902
6 55 0.53441
6 56 0.510156
6 57 0.482576
6 58 0.451482
6 59 0.417828
6 60 0.382744
6 61 0.345631
6 62 0.307762
6 63 0.269914
6 64 0.231476
6 65 0.193419
6 66 0.156842
6 67 0.122636
6 68 0.0911863
6 69 0.0623816
6 70 0.0366722
6 71 0.0151753
6 72 -0.00218012
6 73 -0.0155209
6 74 -0.0240751
6 75 -0.0273947
6 76 -0.0255537
6 77 -0.019076
6 78 -0.00717228
6 79 0.00856025
6 80 0.0283513
6 81 0.0526236
6 82 0.079398
6 83 0.109466
6 84 0.141828
6 85 0.175612
6 86 0.210817
6 87 0.24644
6 88 0.282753
6 89 0.31849
6 90 0.353599
6 91 0.387444
6 92 0.418233
6 93 0.446661
6 94 0.472671
6 95 0.494806
6 96 0.512691
6 97 0.526946
6 98 0.536354
6 99 0.541995
6 100 0.0674244
6 101 0

7 0 0
7 1 0.0644545
7 2 0.51821
7 3 0.51271
7 4 0.502837
7 5 0.488867
7 6 0.470604
7 7 0.448501
7 8 0.42293
7 9 0.394305
7 10 0.363124
7 11 0.330123
7 12 0.295335
7 13 0.259769
7 14 0.223366
7 15 0.187371
7 16 0.152345
7 17 0.118041
7 18 0.0855161
7 19 0.0550722
7 20 0.0278038
7 21 0.00349743
7 22 -0.0166844
7 23 -0.0324628
7 24 -0.0437052
7 25 -0.0509633
7 26 -0.0530917
7 27 -0.0497252
7 28 -0.0408696
7 29 -0.0276241
7 30 -0.00997032
7 31 0.0112793
7 32 0.0366373
7 33 0.0654127
7 34 0.0975651
7 35 0.13132
7 36 0.167552
7 37 0.205263
7 38 0.244059
7 39 0.282381
7 40 0.319936
7 41 0.356926
7 42 0.392234
7 43 0.425807
7 44 0.45626
7 45 0.484009
7 46 0.508208
7 47 0.528169
7 48 0.543355
7 49 0.553535
7 50 0.558564
7 51 0.558588
7 52 0.553059
7 53 0.542444
7 54 0.52725
7 55 0.507418
7 56 0.483292
7 57 0.455942
7 58 0.42524
7 59 0.392301
7 60 0.357059
7 61 0.320216
7 62 0.282211
7 63 0.244091
7 64 0.205996
7 65 0.167794
7 66 0.131564
7 67 0.0973912
7 68 0.0662096
7 69 0.0373701
7 70 0.0120467
7 71 -0.00955626
7 72 -0.0267499
7 73 -0.0400598
7 74 -0.0483678
7 75 -0.0521028
7 76 -0.0504423
7 77 -0.0432402
7 78 -0.0311062
7 79 -0.0150242
7 80 0.00513033
7 81 0.0289464
7 82 0.0564437
7 83 0.0862953
7 84 0.118797
7 85 0.152925
7 86 0.188247
7 87 0.224457
7 88 0.260862
7 89 0.296796
7 90 0.331514
7 91 0.364963
7 92 0.396114
7 93 0.4248
7 94 0.450548
7 95 0.472673
7 96 0.490936
7 97 0.505026
7 98 0.514449
7 99 0.520194
7 100 0.0647107
7 101 0

8 0 0
8 1 0.0612195
8 2 0.492491
8 3 0.487246
8 4 0.477007
8 5 0.463156
8 6 0.444829
8 7 0.42293
8 8 0.397322
8 9 0.369014
8 10 0.337813
8 11 0.304565
8 12 0.27026
8 13 0.234377
8 14 0.197968
8 15 0.16156
8 16 0.125709
8 17 0.0917333
8 18 0.0586607
8 19 0.028151
8 20 0.00110638
8 21 -0.0235498
8 22 -0.0441539
8 23 -0.0599093
8 24 -0.0716852
8 25 -0.0789803
8 26 -0.0805441
8 27 -0.0773103
8 28 -0.068964
8 29 -0.0557838
8 30 -0.0382318
8 31 -0.016955
8 32 0.00809406
8 33 0.0368526
8 34 0.0681329
8 35 0.102154
8 36 0.137837
8 37 0.175392
8 38 0.2141
8 39 0.252669
8 40 0.290207
8 41 0.326974
8 42 0.361959
8 43 0.394942
8 44 0.425514
8 45 0.453013
8 46 0.477109
8 47 0.49706
8 48 0.512128
8 49 0.522601
8 50 0.527775
8 51 0.527704
8 52 0.5222
8 53 0.511607
8 54 0.496149
8 55 0.47617
8 56 0.452232
8 57 0.425055
8 58 0.395038
8 59 0.36224
8 60 0.327353
8 61 0.290609
8 62 0.252287
8 63 0.21392
8 64 0.175756
8 65 0.138304
8 66 0.101872
8 67 0.0685059
8 68 0.0372947
8 69 0.00867491
8 70 -0.0165742
8 71 -0.0380027
8 72 -0.0554174
8 73 -0.0684182
8 74 -0.0762831
8 75 -0.0800513
8 76 -0.0785901
8 77 -0.0711963
8 78 -0.0588398
8 79 -0.0422678
8 80 -0.0221136
8 81 0.00140716
8 82 0.0291711
8 83 0.0595571
8 84 0.0921337
8 85 0.126927
8 86 0.162418
8 87 0.199078
8 88 0.235548
8 89 0.271208
8 90 0.305957
8 91 0.338821
8 92 0.370319
8 93 0.399207
8 94 0.424515
8 95 0.446839
8 96 0.465137
8 97 0.479318
8 98 0.489123
8 99 0.494689
8 100 0.0615103
8 101 0

9 0 0
9 1 0.0576538
9 2 0.463633
9 3 0.458359
9 4 0.44846
9 5 0.434062
9 6 0.415669
9 7 0.394305
9 8 0.369014
9 9 0.340368
9 10 0.309436
9 11 0.27615
9 12 0.241595
9 13 0.205981
9 14 0.169126
9 15 0.132595
9 16 0.0963235
9 17 0.061566
9 18 0.0288937
9 19 -0.00144226
9 20 -0.0291648
9 21 -0.0543589
9 22 -0.0749262
9 23 -0.0913658
9 24 -0.102787
9 25 -0.11024
9 26 -0.111623
9 27 -0.109296
9 28 -0.10041
9 29 -0.0879871
9 30 -0.0700599
9 31 -0.0490371
9 32 -0.023683
9 33 0.0046769
9 34 0.0358239
9 35 0.0692564
9 36 0.104994
9 37 0.14213
9 38 0.180578
9 39 0.218794
9 40 0.256264
9 41 0.2932
9 42 0.327797
9 43 0.360626
9 44 0.391409
9 45 0.418748
9 46 0.44278
9 47 0.462141
9 48 0.477138
9 49 0.487705
9 50 0.49266
9 51 0.492653
9 52 0.48719
9 53 0.476522
9 54 0.461409
9 55 0.441433
9 56 0.417972
9 57 0.390811
9 58 0.361044
9 59 0.328237
9 60 0.293443
9 61 0.257044
9 62 0.218754
9 63 0.180159
9 64 0.142262
9 65 0.105209
9 66 0.069367
9 67 0.03562
9 68 0.00485307
9 69 -0.0234588
9 70 -0.0486733
9 71 -0.0706771
9 72 -0.0871271
9 73 -0.100703
9 74 -0.108028
9 75 -0.111897
9 76 -0.109908
9 77 -0.102935
9 78 -0.0900645
9 79 -0.0735408
9 80 -0.0526177
9 81 -0.0288038
9 82 -0.00108696
9 83 0.0292129
9 84 0.0623592
9 85 0.0974234
9 86 0.133252
9 87 0.170338
9 88 0.20656
9 89 0.242405
9 90 0.277351
9 91 0.310461
9 92 0.341727
9 93 0.370301
9 94 0.39576
9 95 0.417899
9 96 0.436021
9 97 0.450347
9 98 0.460406
9 99 0.465988
9 100 0.0579559
9 101 0

10 0 0
10 1 0.0537941
10 2 0.432285
10 3 0.426502
10 4 0.416927
10 5 0.402786
10 6 0.384731
10 7 0.363124
10 8 0.337813
10 9 0.309436
10 10 0.278188
10 11 0.245272
10 12 0.210199
10 13 0.174413
10 14 0.137523
10 15 0.100438
10 16 0.0643297
10 17 0.0287839
10 18 -0.00442597
10 19 -0.0350525
10 20 -0.0634046
10 21 -0.0879391
10 22 -0.108591
10 23 -0.125172
10 24 -0.13639
10 25 -0.143199
10 26 -0.145744
10 27 -0.143051
10 28 -0.135212
10 29 -0.12242
10 30 -0.10525
10 31 -0.0838132
10 32 -0.0587972
10 33 -0.030842
10 34 3.54736e-05
10 35 0.0328966
10 36 0.0684188
10 37 0.105936
10 38 0.143611
10 39 0.181969
10 40 0.220047
10 41 0.25659
10 42 0.29107
10 43 0.323543
10 44 0.353694
10 45 0.381378
10 46 0.405191
10 47 0.424784
10 48 0.439423
10 49 0.44938
10 50 0.454505
10 51 0.454339
10 52 0.449064
10 53 0.439056
10 54 0.423838
10 55 0.404162
10 56 0.380542
10 57 0.353875
10 58 0.323721
10 59 0.291158
10 60 0.256653
10 61 0.220169
10 62 0.182122
10 63 0.143587
10 64 0.105314
10 65 0.0688501
10 66 0.0335007
10 67 -0.000422993
10 68 -0.0307989
10 69 -0.0587426
10 70 -0.0843804
10 71 -0.105718
10 72 -0.122525
10 73 -0.134862
10 74 -0.142777
10 75 -0.145703
10 76 -0.143596
10 77 -0.136446
10 78 -0.123939
10 79 -0.107689
10 80 -0.0872944
10 81 -0.0625428
10 82 -0.0348899
10 83 -0.00395131
10 84 0.0294144
10 85 0.0645227
10 86 0.101466
10 87 0.138386
10 88 0.175161
10 89 0.211333
10 90 0.245862
10 91 0.279323
10 92 0.31026
10 93 0.339139
10 94 0.364699
10 95 0.386368
10 96 0.404625
10 97 0.418845
10 98 0.428851
10 99 0.434424
10 100 0.054046
10 101 0

11 0 0
11 1 0.049563
11 2 0.398555
11 3 0.39325
11 4 0.383768
11 5 0.370207
11 6 0.351894
11 7 0.330123
11 8 0.304565
11 9 0.27615
11 10 0.245272
11 11 0.21189
11 12 0.176873
11 13 0.140701
11 14 0.103612
11 15 0.066135
11 16 0.0288995
11 17 -0.00639507
11 18 -0.0400984
11 19 -0.0710936
11 20 -0.0995183
11 21 -0.124073
11 22 -0.145142
11 23 -0.161633
11 24 -0.173222
11 25 -0.179923
11 26 -0.182156
11 27 -0.180061
11 28 -0.172473
11 29 -0.159986
11 30 -0.142858
11 31 -0.121957
11 32 -0.0974546
11 33 -0.0692625
11 34 -0.0389456
11 35 -0.00563471
11 36 0.0300685
11 37 0.0667737
11 38 0.104594
11 39 0.142819
11 40 0.18077
11 41 0.217245
11 42 0.251978
11 43 0.284375
11 44 0.31439
11 45 0.341603
11 46 0.36533
11 47 0.384604
11 48 0.398931
11 49 0.408891
11 50 0.413901
11 51 0.414079
11 52 0.408915
11 53 0.398749
11 54 0.383923
11 55 0.364394
11 56 0.34086
11 57 0.314126
11 58 0.284349
11 59 0.25176
11 60 0.217228
11 61 0.18069
11 62 0.142547
11 63 0.104153
11 64 0.0666746
11 65 0.029913
11 66 -0.00529234
11 67 -0.0386068
11 68 -0.0696894
11 69 -0.0974322
11 70 -0.122648
11 71 -0.143951
11 72 -0.160321
11 73 -0.172472
11 74 -0.179907
11 75 -0.182752
11 76 -0.180261
11 77 -0.173003
11 78 -0.161358
11 79 -0.144743
11 80 -0.123914
11 81 -0.0989789
11 82 -0.070763
11 83 -0.0394097
11 84 -0.00606096
11 85 0.0296993
11 86 0.0663878
11 87 0.104147
11 88 0.141315
11 89 0.177468
11 90 0.212947
11 91 0.246296
11 92 0.27729
11 93 0.305859
11 94 0.331266
11 95 0.353681
11 96 0.37161
11 97 0.385698
11 98 0.395484
11 99 0.400536
11 100 0.0497769
11 101 0

12 0 0
12 1 0.0451844
12 2 0.363611
12 3 0.358561
12 4 0.349099
12 5 0.335443
12 6 0.317293
12 7 0.295335
12 8 0.27026
12 9 0.241595
12 10 0.210199
12 11 0.176873
12 12 0.141613
12 13 0.104803
12 14 0.067486
12 15 0.0299596
12 16 -0.00770569
12 17 -0.0435854
12 18 -0.0772617
12 19 -0.108669
12 20 -0.136892
12 21 -0.161957
12 22 -0.183014
12 23 -0.199273
12 24 -0.211586
12 25 -0.218704
12 26 -0.221081
12 27 -0.218981
12 28 -0.211732
12 29 -0.199743
12 30 -0.183273
12 31 -0.162393
12 32 -0.137597
12 33 -0.109982
12 34 -0.0795918
12 35 -0.0462782
12 36 -0.0106105
12 37 0.0261097
12 38 0.0639338
12 39 0.102158
12 40 0.139694
12 41 0.17629
12 42 0.211254
12 43 0.243824
12 44 0.273412
12 45 0.300276
12 46 0.323921
12 47 0.34279
12 48 0.357243
12 49 0.366753
12 50 0.371445
12 51 0.372042
12 52 0.366787
12 53 0.356728
12 54 0.342578
12 55 0.323273
12 56 0.299836
12 57 0.272945
12 58 0.243128
12 59 0.210704
12 60 0.175887
12 61 0.139561
12 62 0.101726
12 63 0.0632475
12 64 0.0257505
12 65 -0.0109079
12 66 -0.0460937
12 67 -0.0791959
12 68 -0.110259
12 69 -0.138456
12 70 -0.162946
12 71 -0.184016
12 72 -0.200467
12 73 -0.21205
12 74 -0.219257
12 75 -0.221787
12 76 -0.21935
12 77 -0.211888
12 78 -0.199855
12 79 -0.182835
12 80 -0.161812
12 81 -0.136767
12 82 -0.107877
12 83 -0.0766167
12 84 -0.0429178
12 85 -0.00725067
12 86 0.0296609
12 87 0.0678799
12 88 0.105431
12 89 0.142006
12 90 0.177702
12 91 0.211456
12 92 0.242569
12 93 0.271122
12 94 0.296814
12 95 0.318778
12 96 0.337075
12 97 0.35112
12 98 0.360464
12 99 0.365138
12 100 0.0453688
12 101 0

13 0 0
13 1 0.0408106
13 2 0.328191
13 3 0.322886
13 4 0.313302
13 5 0.299541
13 6 0.281776
13 7 0.259769
13 8 0.234377
13 9 0.205981
13 10 0.174413
13 11 0.140701
13 12 0.104803
13 13 0.06836
13 14 0.0306331
13 15 -0.00829857
13 16 -0.0457866
13 17 -0.0820761
13 18 -0.116086
13 19 -0.147543
13 20 -0.175889
13 21 -0.200679
13 22 -0.222357
13 23 -0.238946
13 24 -0.251255
13 25 -0.258601
13 26 -0.261893
13 27 -0.259553
13 28 -0.252848
13 29 -0.241187
13 30 -0.225201
13 31 -0.204386
13 32 -0.179784
13 33 -0.152315
13 34 -0.121955
13 35 -0.0882422
13 36 -0.0527044
13 37 -0.0158572
13 38 0.0219474
13 39 0.0599803
13 40 0.0978631
13 41 0.134268
13 42 0.169084
13 43 0.201806
13 44 0.231314
13 45 0.258105
13 46 0.281216
13 47 0.300721
13 48 0.314564
13 49 0.32386
13 50 0.329049
13 51 0.328924
13 52 0.323896
13 53 0.31417
13 54 0.299928
13 55 0.281304
13 56 0.257621
13 57 0.2309
13 58 0.200684
13 59 0.168279
13 60 0.133533
13 61 0.0971009
13 62 0.0594841
13 63 0.0213842
13 64 -0.0162583
13 65 -0.0532031
13 66 -0.0884087
13 67 -0.121956
13 68 -0.152991
13 69 -0.180496
13 70 -0.205132
13 71 -0.225908
13 72 -0.242471
13 73 -0.25341
13 74 -0.260123
13 75 -0.262275
13 76 -0.260076
13 77 -0.252368
13 78 -0.239836
13 79 -0.222169
13 80 -0.20104
13 81 -0.175349
13 82 -0.146893
13 83 -0.115294
13 84 -0.0815496
13 85 -0.0458023
13 86 -0.00765267
13 87 0.0302523
13 88 0.0684391
13 89 0.105845
13 90 0.141299
13 91 0.175085
13 92 0.206587
13 93 0.235509
13 94 0.260823
13 95 0.283069
13 96 0.301798
13 97 0.315308
13 98 0.324596
13 99 0.329394
13 100 0.04094
13 101 0

14 0 0
14 1 0.0363911
14 2 0.292692
14 3 0.287459
14 4 0.277758
14 5 0.263895
14 6 0.245513
14 7 0.223366
14 8 0.197968
14 9 0.169126
14 10 0.137523
14 11 0.103612
14 12 0.067486
14 13 0.0306331
14 14 -0.00778269
14 15 -0.0466064
14 16 -0.0843953
14 17 -0.121251
14 18 -0.155521
14 19 -0.186894
14 20 -0.215815
14 21 -0.240806
14 22 -0.262327
14 23 -0.279569
14 24 -0.291992
14 25 -0.299841
14 26 -0.303135
14 27 -0.301085
14 28 -0.29441
14 29 -0.28339
14 30 -0.267928
14 31 -0.2475
14 32 -0.223263
14 33 -0.195978
14 34 -0.164895
14 35 -0.131228
14 36 -0.0955439
14 37 -0.0585839
14 38 -0.0209117
14 39 0.0171561
14 40 0.0548473
14 41 0.0911682
14 42 0.12613
14 43 0.158909
14 44 0.188697
14 45 0.215652
14 46 0.238597
14 47 0.257722
14 48 0.27175
14 49 0.280916
14 50 0.28601
14 51 0.286221
14 52 0.281
14 53 0.271225
14 54 0.257034
14 55 0.238293
14 56 0.214934
14 57 0.188164
14 58 0.157919
14 59 0.12525
14 60 0.0903802
14 61 0.0537489
14 62 0.0163731
14 63 -0.0216076
14 64 -0.0593988
14 65 -0.0962425
14 66 -0.131639
14 67 -0.165522
14 68 -0.196398
14 69 -0.224232
14 70 -0.248427
14 71 -0.268601
14 72 -0.284659
14 73 -0.295657
14 74 -0.302056
14 75 -0.303909
14 76 -0.301373
14 77 -0.293573
14 78 -0.280537
14 79 -0.262832
14 80 -0.240979
14 81 -0.215087
14 82 -0.186546
14 83 -0.154887
14 84 -0.12076
14 85 -0.0845413
14 86 -0.0463206
14 87 -0.00784063
14 88 0.0305388
14 89 0.0683871
14 90 0.104084
14 91 0.138015
14 92 0.16944
14 93 0.19835
14 94 0.224486
14 95 0.247063
14 96 0.265667
14 97 0.279626
14 98 0.288957
14 99 0.293895
14 100 0.0365363
14 101 0

15 0 0
15 1 0.032043
15 2 0.257525
15 3 0.252099
15 4 0.24215
15 5 0.227996
15 6 0.209708
15 7 0.187371
15 8 0.16156
15 9 0.132595
15 10 0.100438
15 11 0.066135
15 12 0.0299596
15 13 -0.00829857
15 14 -0.0466064
15 15 -0.0847325
15 16 -0.123142
15 17 -0.159752
15 18 -0.194403
15 19 -0.226296
15 20 -0.255336
15 21 -0.280997
15 22 -0.302623
15 23 -0.319624
15 24 -0.332971
15 25 -0.340874
15 26 -0.344242
15 27 -0.342591
15 28 -0.336407
15 29 -0.325203
15 30 -0.310366
15 31 -0.290145
15 32 -0.266474
15 33 -0.239161
15 34 -0.208285
15 35 -0.174451
15 36 -0.138791
15 37 -0.10174
15 38 -0.0639975
15 39 -0.0259428
15 40 0.011641
15 41 0.0479067
15 42 0.0828421
15 43 0.115951
15 44 0.146006
15 45 0.172975
15 46 0.195972
15 47 0.214617
15 48 0.229225
15 49 0.238612
15 50 0.243476
15 51 0.243818
15 52 0.238263
15 53 0.228285
15 54 0.21436
15 55 0.195397
15 56 0.172395
15 57 0.145489
15 58 0.114924
15 59 0.0819523
15 60 0.0467205
15 61 0.0105125
15 62 -0.0268876
15 63 -0.0651905
15 64 -0.102803
15 65 -0.139572
15 66 -0.17539
15 67 -0.208745
15 68 -0.239771
15 69 -0.267539
15 70 -0.291221
15 71 -0.310827
15 72 -0.327005
15 73 -0.337698
15 74 -0.344335
15 75 -0.345663
15 76 -0.3426
15 77 -0.334275
15 78 -0.321226
15 79 -0.303045
15 80 -0.28121
15 81 -0.255196
15 82 -0.225947
15 83 -0.193925
15 84 -0.159685
15 85 -0.123077
15 86 -0.0851593
15 87 -0.0460705
15 88 -0.00750204
15 89 0.0297581
15 90 0.0661345
15 91 0.10069
15 92 0.132491
15 93 0.161735
15 94 0.188337
15 95 0.210801
15 96 0.229489
15 97 0.244055
15 98 0.253805
15 99 0.25881
15 100 0.0321731
15 101 0

16 0 0
16 1 0.0277476
16 2 0.222933
16 3 0.217392
16 4 0.206909
16 5 0.193113
16 6 0.174938
16 7 0.152345
16 8 0.125709
16 9 0.0963235
16 10 0.0643297
16 11 0.0288995
16 12 -0.00770569
16 13 -0.0457866
16 14 -0.0843953
16 15 -0.123142
16 16 -0.161358
16 17 -0.197561
16 18 -0.232434
16 19 -0.264527
16 20 -0.29403
16 21 -0.320228
16 22 -0.342456
16 23 -0.360134
16 24 -0.372985
16 25 -0.381229
16 26 -0.38483
16 27 -0.384207
16 28 -0.378109
16 29 -0.367482
16 30 -0.35214
16 31 -0.332567
16 32 -0.308826
16 33 -0.281434
16 34 -0.251251
16 35 -0.217181
16 36 -0.181524
16 37 -0.144584
16 38 -0.106794
16 39 -0.0690433
16 40 -0.0308577
16 41 0.00544208
16 42 0.04023
16 43 0.07313
16 44 0.104006
16 45 0.131086
16 46 0.153982
16 47 0.17354
16 48 0.187718
16 49 0.197319
16 50 0.202228
16 51 0.201477
16 52 0.196729
16 53 0.187072
16 54 0.172569
16 55 0.153724
16 56 0.13024
16 57 0.103256
16 58 0.0726299
16 59 0.0389893
16 60 0.00391991
16 61 -0.0326069
16 62 -0.069916
16 63 -0.108109
16 64 -0.145822
16 65 -0.18276
16 66 -0.218298
16 67 -0.251776
16 68 -0.282463
16 69 -0.30942
16 70 -0.333443
16 71 -0.353372
16 72 -0.369026
16 73 -0.380109
16 74 -0.385743
16 75 -0.387176
16 76 -0.383171
16 77 -0.374535
16 78 -0.361389
16 79 -0.343327
16 80 -0.320523
16 81 -0.293964
16 82 -0.264608
16 83 -0.232205
16 84 -0.19782
16 85 -0.161113
16 86 -0.123178
16 87 -0.0842561
16 88 -0.0455262
16 89 -0.00803911
16 90 0.0288446
16 91 0.0634031
16 92 0.0962592
16 93 0.12644
16 94 0.152485
16 95 0.175661
16 96 0.194398
16 97 0.20894
16 98 0.219123
16 99 0.224311
16 100 0.0278892
16 101 0

17 0 0
17 1 0.0235496
17 2 0.18928
17 3 0.18367
17 4 0.173451
17 5 0.159409
17 6 0.140636
17 7 0.118041
17 8 0.0917333
17 9 0.061566
17 10 0.0287839
17 11 -0.00639507
17 12 -0.0435854
17 13 -0.0820761
17 14 -0.121251
17 15 -0.159752
17 16 -0.197561
17 17 -0.234267
17 18 -0.269144
17 19 -0.301432
17 20 -0.331668
17 21 -0.357964
17 22 -0.379919
17 23 -0.39825
17 24 -0.411122
17 25 -0.419929
17 26 -0.423725
17 27 -0.423223
17 28 -0.417409
17 29 -0.407399
17 30 -0.39255
17 31 -0.373231
17 32 -0.349646
17 33 -0.323103
17 34 -0.292276
17 35 -0.258433
17 36 -0.222962
17 37 -0.185911
17 38 -0.148187
17 39 -0.110161
17 40 -0.0721691
17 41 -0.0358067
17 42 -0.00105488
17 43 0.032455
17 44 0.0633122
17 45 0.0904051
17 46 0.113373
17 47 0.132778
17 48 0.14742
17 49 0.157224
17 50 0.161863
17 51 0.161407
17 52 0.15651
17 53 0.147026
17 54 0.132446
17 55 0.113087
17 56 0.0895477
17 57 0.0622273
17 58 0.0314856
17 59 -0.00215951
17 60 -0.0376587
17 61 -0.0741397
17 62 -0.111394
17 63 -0.149515
17 64 -0.187679
17 65 -0.224172
17 66 -0.259393
17 67 -0.293091
17 68 -0.323615
17 69 -0.351015
17 70 -0.374362
17 71 -0.393763
17 72 -0.408813
17 73 -0.419909
17 74 -0.425271
17 75 -0.425808
17 76 -0.421597
17 77 -0.413242
17 78 -0.399202
17 79 -0.381309
17 80 -0.358516
17 81 -0.331788
17 82 -0.301944
17 83 -0.269055
17 84 -0.234474
17 85 -0.197771
17 86 -0.159677
17 87 -0.121085
17 88 -0.0825529
17 89 -0.0441919
17 90 -0.00717392
17 91 0.0283293
17 92 0.0615247
17 93 0.0916552
17 94 0.118537
17 95 0.141378
17 96 0.160331
17 97 0.175242
17 98 0.185306
17 99 0.190557
17 100 0.0237118
17 101 0

18 0 0
18 1 0.0195151
18 2 0.156812
18 3 0.151459
18 4 0.141683
18 5 0.126944
18 6 0.108609
18 7 0.0855161
18 8 0.0586607
18 9 0.0288937
18 10 -0.00442597
18 11 -0.0400984
18 12 -0.0772617
18 13 -0.116086
18 14 -0.155521
18 15 -0.194403
18 16 -0.232434
18 17 -0.269144
18 18 -0.303951
18 19 -0.336713
18 20 -0.366747
18 21 -0.393468
18 22 -0.415861
18 23 -0.434098
18 24 -0.447917
18 25 -0.456748
18 26 -0.460761
18 27 -0.460468
18 28 -0.455389
18 29 -0.445384
18 30 -0.43058
18 31 -0.411412
18 32 -0.388283
18 33 -0.361923
18 34 -0.33124
18 35 -0.297494
18 36 -0.261585
18 37 -0.224783
18 38 -0.18702
18 39 -0.14877
18 40 -0.110979
18 41 -0.0745675
18 42 -0.0396234
18 43 -0.00609988
18 44 0.024789
18 45 0.0519155
18 46 0.0751908
18 47 0.0944793
18 48 0.109291
18 49 0.118952
18 50 0.123569
18 51 0.123397
18 52 0.118455
18 53 0.108848
18 54 0.094262
18 55 0.0746356
18 56 0.0509451
18 57 0.0233968
18 58 -0.00735992
18 59 -0.0409214
18 60 -0.076749
18 61 -0.113301
18 62 -0.150378
18 63 -0.188526
18 64 -0.226381
18 65 -0.263142
18 66 -0.298407
18 67 -0.331925
18 68 -0.362406
18 69 -0.389846
18 70 -0.412879
18 71 -0.431921
18 72 -0.447187
18 73 -0.457632
18 74 -0.462661
18 75 -0.462723
18 76 -0.458287
18 77 -0.449655
18 78 -0.435772
18 79 -0.417256
18 80 -0.394377
18 81 -0.367506
18 82 -0.337324
18 83 -0.304401
18 84 -0.26916
18 85 -0.232505
18 86 -0.194529
18 87 -0.155816
18 88 -0.116924
18 89 -0.0782376
18 90 -0.0409373
18 91 -0.00509636
18 92 0.028382
18 93 0.0590203
18 94 0.0859925
18 95 0.108857
18 96 0.128328
18 97 0.142739
18 98 0.152978
18 99 0.158256
18 100 0.0196737
18 101 0

19 0 0
19 1 0.0157287
19 2 0.126682
19 3 0.121662
19 4 0.111147
19 5 0.0967971
19 6 0.0784064
19 7 0.0550722
19 8 0.028151
19 9 -0.00144226
19 10 -0.0350525
19 11 -0.0710936
19 12 -0.108669
19 13 -0.147543
19 14 -0.186894
19 15 -0.226296
19 16 -0.264527
19 17 -0.301432
19 18 -0.336713
19 19 -0.369327
19 20 -0.39939
19 21 -0.426017
19 22 -0.449714
19 23 -0.468003
19 24 -0.482584
19 25 -0.491227
19 26 -0.495804
19 27 -0.495666
19 28 -0.491633
19 29 -0.480836
19 30 -0.466778
19 31 -0.447298
19 32 -0.424128
19 33 -0.397465
19 34 -0.367015
19 35 -0.333325
19 36 -0.297515
19 37 -0.260388
19 38 -0.222455
19 39 -0.184225
19 40 -0.146412
19 41 -0.110047
19 42 -0.0748579
19 43 -0.0416389
19 44 -0.0112402
19 45 0.016206
19 46 0.040036
19 47 0.0593919
19 48 0.0746011
19 49 0.0842232
19 50 0.0889838
19 51 0.0889304
19 52 0.0836295
19 53 0.073731
19 54 0.0589802
19 55 0.039284
19 56 0.0153127
19 57 -0.0125242
19 58 -0.0434412
19 59 -0.0768911
19 60 -0.112624
19 61 -0.149083
19 62 -0.186064
19 63 -0.224122
19 64 -0.261865
19 65 -0.29888
19 66 -0.334501
19 67 -0.367725
19 68 -0.398146
19 69 -0.425574
19 70 -0.449124
19 71 -0.468112
19 72 -0.483841
19 73 -0.493093
19 74 -0.498294
19 75 -0.497485
19 76 -0.493053
19 77 -0.483648
19 78 -0.469991
19 79 -0.450565
19 80 -0.427851
19 81 -0.400547
19 82 -0.370357
19 83 -0.336857
19 84 -0.301524
19 85 -0.264745
19 86 -0.226632
19 87 -0.187785
19 88 -0.148392
19 89 -0.109817
19 90 -0.0722044
19 91 -0.0361372
19 92 -0.00237608
19 93 0.0286104
19 94 0.0555778
19 95 0.0787165
19 96 0.0976905
19 97 0.112544
19 98 0.122462
19 99 0.128135
19 100 0.0159738
19 101 0

20 0 0
20 1 0.0123707
20 2 0.0995157
20 3 0.0943449
20 4 0.0840116
20 5 0.0690931
20 6 0.0504094
20 7 0.0278038
20 8 0.00110638
20 9 -0.0291648
20 10 -0.0634046
20 11 -0.0995183
20 12 -0.136892
20 13 -0.175889
20 14 -0.215815
20 15 -0.255336
20 16 -0.29403
20 17 -0.331668
20 18 -0.366747
20 19 -0.39939
20 20 -0.429516
20 21 -0.456321
20 22 -0.479879
20 23 -0.499017
20 24 -0.5137
20 25 -0.522851
20 26 -0.528123
20 27 -0.528143
20 28 -0.523776
20 29 -0.513671
20 30 -0.499423
20 31 -0.480537
20 32 -0.457168
20 33 -0.429999
20 34 -0.399074
20 35 -0.365712
20 36 -0.329935
20 37 -0.292596
20 38 -0.254564
20 39 -0.216473
20 40 -0.178903
20 41 -0.14225
20 42 -0.106897
20 43 -0.0732556
20 44 -0.0427015
20 45 -0.0155187
20 46 0.0084221
20 47 0.0278499
20 48 0.0428033
20 49 0.0530147
20 50 0.0581669
20 51 0.0582985
20 52 0.0524476
20 53 0.0422102
20 54 0.0272734
20 55 0.00770132
20 56 -0.0162735
20 57 -0.0445905
20 58 -0.0757565
20 59 -0.109103
20 60 -0.144679
20 61 -0.181434
20 62 -0.218812
20 63 -0.256622
20 64 -0.294147
20 65 -0.330939
20 66 -0.366702
20 67 -0.40054
20 68 -0.431138
20 69 -0.458993
20 70 -0.482469
20 71 -0.501421
20 72 -0.51608
20 73 -0.525694
20 74 -0.530775
20 75 -0.529661
20 76 -0.5248
20 77 -0.514749
20 78 -0.500451
20 79 -0.481299
20 80 -0.458244
20 81 -0.430863
20 82 -0.400289
20 83 -0.367224
20 84 -0.331716
20 85 -0.294412
20 86 -0.255769
20 87 -0.216499
20 88 -0.177205
20 89 -0.138345
20 90 -0.100429
20 91 -0.0639795
20 92 -0.0304257
20 93 0.000570701
20 94 0.0279575
20 95 0.050767
20 96 0.0700738
20 97 0.0850545
20 98 0.0954867
20 99 0.10095
20 100 0.0125647
20 101 0

21 0 0
21 1 0.00943108
21 2 0.0758253
21 3 0.0705351
21 4 0.0601948
21 5 0.0460277
21 6 0.0270183
21 7 0.00349743
21 8 -0.0235498
21 9 -0.0543589
21 10 -0.0879391
21 11 -0.124073
21 12 -0.161957
21 13 -0.200679
21 14 -0.240806
21 15 -0.280997
21 16 -0.320228
21 17 -0.357964
21 18 -0.393468
21 19 -0.426017
21 20 -0.456321
21 21 -0.483314
21 22 -0.507229
21 23 -0.526705
21 24 -0.541482
21 25 -0.551621
21 26 -0.557134
21 27 -0.557448
21 28 -0.552787
21 29 -0.54289
21 30 -0.528294
21 31 -0.509533
21 32 -0.486428
21 33 -0.458926
21 34 -0.427718
21 35 -0.393743
21 36 -0.358247
21 37 -0.320964
21 38 -0.283039
21 39 -0.244999
21 40 -0.20703
21 41 -0.16978
21 42 -0.134077
21 43 -0.10063
21 44 -0.0701366
21 45 -0.0430802
21 46 -0.0189846
21 47 0.000830457
21 48 0.0152798
21 49 0.0250146
21 50 0.030522
21 51 0.0304461
21 52 0.0252622
21 53 0.0149032
21 54 -0.000155619
21 55 -0.019864
21 56 -0.0440319
21 57 -0.0722781
21 58 -0.10309
21 59 -0.136527
21 60 -0.17251
21 61 -0.209772
21 62 -0.247447
21 63 -0.285036
21 64 -0.322548
21 65 -0.359398
21 66 -0.395416
21 67 -0.429499
21 68 -0.460571
21 69 -0.48815
21 70 -0.511989
21 71 -0.530825
21 72 -0.545226
21 73 -0.555193
21 74 -0.559485
21 75 -0.558291
21 76 -0.55276
21 77 -0.542728
21 78 -0.528149
21 79 -0.508753
21 80 -0.485374
21 81 -0.457873
21 82 -0.427291
21 83 -0.393751
21 84 -0.358152
21 85 -0.320485
21 86 -0.281522
21 87 -0.241853
21 88 -0.20212
21 89 -0.162927
21 90 -0.12506
21 91 -0.0890379
21 92 -0.0552865
21 93 -0.0241621
21 94 0.00335721
21 95 0.0268805
21 96 0.0462844
21 97 0.0614436
21 98 0.0717693
21 99 0.0773343
21 100 0.00962773
21 101 0

22 0 0
22 1 0.0069703
22 2 0.0560294
22 3 0.050864
22 4 0.0404415
22 5 0.0259639
22 6 0.00702522
22 7 -0.0166844
22 8 -0.0441539
22 9 -0.0749262
22 10 -0.108591
22 11 -0.145142
22 12 -0.183014
22 13 -0.222357
22 14 -0.262327
22 15 -0.302623
22 16 -0.342456
22 17 -0.379919
22 18 -0.415861
22 19 -0.449714
22 20 -0.479879
22 21 -0.507229
22 22 -0.531102
22 23 -0.550448
22 24 -0.566174
22 25 -0.576992
22 26 -0.582235
22 27 -0.582384
22 28 -0.577692
22 29 -0.568032
22 30 -0.55323
22 31 -0.534209
22 32 -0.511065
22 33 -0.483342
22 34 -0.451913
22 35 -0.418289
22 36 -0.382487
22 37 -0.345654
22 38 -0.307562
22 39 -0.268928
22 40 -0.230701
22 41 -0.193168
22 42 -0.15733
22 43 -0.123817
22 44 -0.093378
22 45 -0.0663973
22 46 -0.0423599
22 47 -0.0230277
22 48 -0.00828385
22 49 0.00171352
22 50 0.00688647
22 51 0.00735677
22 52 0.00166794
22 53 -0.00884873
22 54 -0.0236701
22 55 -0.0434995
22 56 -0.0675668
22 57 -0.0955936
22 58 -0.126456
22 59 -0.159851
22 60 -0.195978
22 61 -0.233407
22 62 -0.271564
22 63 -0.309846
22 64 -0.347212
22 65 -0.384238
22 66 -0.420023
22 67 -0.453814
22 68 -0.485363
22 69 -0.513573
22 70 -0.536944
22 71 -0.555909
22 72 -0.570284
22 73 -0.580131
22 74 -0.58442
22 75 -0.583434
22 76 -0.577544
22 77 -0.566865
22 78 -0.552311
22 79 -0.532716
22 80 -0.509157
22 81 -0.481762
22 82 -0.45006
22 83 -0.416425
22 84 -0.380403
22 85 -0.342364
22 86 -0.303738
22 87 -0.263516
22 88 -0.223407
22 89 -0.184223
22 90 -0.14605
22 91 -0.10989
22 92 -0.0756875
22 93 -0.0447489
22 94 -0.017313
22 95 0.00648404
22 96 0.0260378
22 97 0.0414231
22 98 0.0521516
22 99 0.0576149
22 100 0.00716816
22 101 0

23 0 0
23 1 0.00504175
23 2 0.0405761
23 3 0.0354711
23 4 0.0254764
23 5 0.0109017
23 6 -0.0090751
23 7 -0.0324628
23 8 -0.0599093
23 9 -0.0913658
23 10 -0.125172
23 11 -0.161633
23 12 -0.199273
23 13 -0.238946
23 14 -0.279569
23 15 -0.319624
23 16 -0.360134
23 17 -0.39825
23 18 -0.434098
23 19 -0.468003
23 20 -0.499017
23 21 -0.526705
23 22 -0.550448
23 23 -0.571432
23 24 -0.586359
23 25 -0.597728
23 26 -0.60284
23 27 -0.603795
23 28 -0.598193
23 29 -0.589496
23 30 -0.574026
23 31 -0.554756
23 32 -0.531008
23 33 -0.503391
23 34 -0.471409
23 35 -0.437649
23 36 -0.402249
23 37 -0.365317
23 38 -0.32741
23 39 -0.2885
23 40 -0.250077
23 41 -0.211875
23 42 -0.176177
23 43 -0.142351
23 44 -0.111591
23 45 -0.0847616
23 46 -0.0613008
23 47 -0.0418324
23 48 -0.0274577
23 49 -0.0172465
23 50 -0.0120213
23 51 -0.0119545
23 52 -0.0174354
23 53 -0.0275798
23 54 -0.0426099
23 55 -0.0625163
23 56 -0.086101
23 57 -0.114048
23 58 -0.14498
23 59 -0.178692
23 60 -0.214949
23 61 -0.252482
23 62 -0.291073
23 63 -0.329388
23 64 -0.367813
23 65 -0.404372
23 66 -0.439983
23 67 -0.473966
23 68 -0.505244
23 69 -0.533812
23 70 -0.557528
23 71 -0.577042
23 72 -0.590713
23 73 -0.601651
23 74 -0.604972
23 75 -0.603976
23 76 -0.597838
23 77 -0.588141
23 78 -0.572236
23 79 -0.552833
23 80 -0.528393
23 81 -0.50046
23 82 -0.468576
23 83 -0.435019
23 84 -0.398564
23 85 -0.359884
23 86 -0.32106
23 87 -0.280437
23 88 -0.240404
23 89 -0.200925
23 90 -0.162249
23 91 -0.125903
23 92 -0.0918369
23 93 -0.061246
23 94 -0.033392
23 95 -0.00914987
23 96 0.0101276
23 97 0.0258974
23 98 0.0368907
23 99 0.0422348
23 100 0.00523307
23 101 0

24 0 0
24 1 0.00366095
24 2 0.0298529
24 3 0.0250071
24 4 0.0143613
24 5 -0.000306782
24 6 -0.0197146
24 7 -0.0437052
24 8 -0.0716852
24 9 -0.102787
24 10 -0.13639
24 11 -0.173222
24 12 -0.211586
24 13 -0.251255
24 14 -0.291992
24 15 -0.332971
24 16 -0.372985
24 17 -0.411122
24 18 -0.447917
24 19 -0.482584
24 20 -0.5137
24 21 -0.541482
24 22 -0.566174
24 23 -0.586359
24 24 -0.602239
24 25 -0.612964
24 26 -0.618763
24 27 -0.618958
24 28 -0.614557
24 29 -0.605028
24 30 -0.589871
24 31 -0.57043
24 32 -0.546486
24 33 -0.518278
24 34 -0.487069
24 35 -0.453073
24 36 -0.417341
24 37 -0.380579
24 38 -0.341927
24 39 -0.302834
24 40 -0.263851
24 41 -0.225957
24 42 -0.189821
24 43 -0.156056
24 44 -0.125095
24 45 -0.097846
24 46 -0.074782
24 47 -0.0557445
24 48 -0.0407796
24 49 -0.0302659
24 50 -0.0253908
24 51 -0.0256859
24 52 -0.030835
24 53 -0.0410825
24 54 -0.0560853
24 55 -0.0756447
24 56 -0.0996479
24 57 -0.127201
24 58 -0.158243
24 59 -0.19258
24 60 -0.228891
24 61 -0.266493
24 62 -0.305347
24 63 -0.344548
24 64 -0.382717
24 65 -0.420221
24 66 -0.455678
24 67 -0.489179
24 68 -0.520938
24 69 -0.549388
24 70 -0.573318
24 71 -0.592604
24 72 -0.60708
24 73 -0.616632
24 74 -0.620696
24 75 -0.61957
24 76 -0.613754
24 77 -0.60288
24 78 -0.588148
24 79 -0.568107
24 80 -0.543524
24 81 -0.515059
24 82 -0.483304
24 83 -0.44896
24 84 -0.412031
24 85 -0.373038
24 86 -0.333553
24 87 -0.293058
24 88 -0.252136
24 89 -0.212566
24 90 -0.17406
24 91 -0.137528
24 92 -0.103551
24 93 -0.0726515
24 94 -0.0447061
24 95 -0.0207484
24 96 -0.000973575
24 97 0.0148027
24 98 0.0255701
24 99 0.0313505
24 100 0.00393017
24 101 0

25 0 0
25 1 0.00297827
25 2 0.0239376
25 3 0.018717
25 4 0.00809346
25 5 -0.0064425
25 6 -0.0264956
25 7 -0.0509633
25 8 -0.0789803
25 9 -0.11024
25 10 -0.143199
25 11 -0.179923
25 12 -0.218704
25 13 -0.258601
25 14 -0.299841
25 15 -0.340874
25 16 -0.381229
25 17 -0.419929
25 18 -0.456748
25 19 -0.491227
25 20 -0.522851
25 21 -0.551621
25 22 -0.576992
25 23 -0.597728
25 24 -0.612964
25 25 -0.623841
25 26 -0.629759
25 27 -0.629855
25 28 -0.625102
25 29 -0.615592
25 30 -0.600099
25 31 -0.580562
25 32 -0.556454
25 33 -0.528483
25 34 -0.497229
25 35 -0.462596
25 36 -0.427235
25 37 -0.389818
25 38 -0.351319
25 39 -0.312236
25 40 -0.273105
25 41 -0.23523
25 42 -0.198588
25 43 -0.164511
25 44 -0.133262
25 45 -0.105396
25 46 -0.0824137
25 47 -0.0628954
25 48 -0.0482159
25 49 -0.0377777
25 50 -0.0328258
25 51 -0.0337675
25 52 -0.0383187
25 53 -0.0481928
25 54 -0.0639096
25 55 -0.0835935
25 56 -0.107723
25 57 -0.134999
25 58 -0.166461
25 59 -0.201277
25 60 -0.237717
25 61 -0.275882
25 62 -0.31478
25 63 -0.353719
25 64 -0.392539
25 65 -0.430001
25 66 -0.465836
25 67 -0.499287
25 68 -0.53088
25 69 -0.559007
25 70 -0.583394
25 71 -0.603322
25 72 -0.617869
25 73 -0.627479
25 74 -0.631351
25 75 -0.630545
25 76 -0.625143
25 77 -0.614689
25 78 -0.598754
25 79 -0.578155
25 80 -0.55326
25 81 -0.524433
25 82 -0.492335
25 83 -0.457784
25 84 -0.420929
25 85 -0.381879
25 86 -0.341649
25 87 -0.300414
25 88 -0.259188
25 89 -0.219368
25 90 -0.1811
25 91 -0.144784
25 92 -0.110814
25 93 -0.0799258
25 94 -0.0517514
25 95 -0.0271943
25 96 -0.00725809
25 97 0.0084443
25 98 0.019319
25 99 0.0252191
25 100 0.00315449
25 101 0

26 0 0
26 1 0.0028553
26 2 0.0229609
26 3 0.0175988
26 4 0.00676103
26 5 -0.00852252
26 6 -0.0288946
26 7 -0.0530917
26 8 -0.0805441
26 9 -0.111623
26 10 -0.145744
26 11 -0.182156
26 12 -0.221081
26 13 -0.261893
26 14 -0.303135
26 15 -0.344242
26 16 -0.38483
26 17 -0.423725
26 18 -0.460761
26 19 -0.495804
26 20 -0.528123
26 21 -0.557134
26 22 -0.582235
26 23 -0.60284
26 24 -0.618763
26 25 -0.629759
26 26 -0.63521
26 27 -0.634839
26 28 -0.630152
26 29 -0.620258
26 30 -0.604901
26 31 -0.585066
26 32 -0.560868
26 33 -0.532341
26 34 -0.501046
26 35 -0.467452
26 36 -0.431822
26 37 -0.39419
26 38 -0.354995
26 39 -0.315003
26 40 -0.276182
26 41 -0.238296
26 42 -0.201496
26 43 -0.167235
26 44 -0.136042
26 45 -0.10761
26 46 -0.0841798
