0 0 0
0 1 0
0 2 0
0 3 0
0 4 0
0 5 0
0 6 0
0 7 0
0 8 0
0 9 0
0 10 0
0 11 0
0 12 0
0 13 0
0 14 0
0 15 0
0 16 0
0 17 0
0 18 0
0 19 0
0 20 0
0 21 0
0 22 0
0 23 0
0 24 0
0 25 0
0 26 0
0 27 0
0 28 0
0 29 0
0 30 0
0 31 0
0 32 0
0 33 0
0 34 0
0 35 0
0 36 0
0 37 0
0 38 0
0 39 0
0 40 0
0 41 0
0 42 0
0 43 0
0 44 0
0 45 0
0 46 0
0 47 0
0 48 0
0 49 0
0 50 0
0 51 0
0 52 0
0 53 0
0 54 0
0 55 0
0 56 0
0 57 0
0 58 0
0 59 0
0 60 0
0 61 0
0 62 0
0 63 0
0 64 0
0 65 0
0 66 0
0 67 0
0 68 0
0 69 0
0 70 0
0 71 0
0 72 0
0 73 0
0 74 0
0 75 0
0 76 0
0 77 0
0 78 0
0 79 0
0 80 0
0 81 0
0 82 0
0 83 0
0 84 0
0 85 0
0 86 0
0 87 0
0 88 0
0 89 0
0 90 0
0 91 0
0 92 0
0 93 0
0 94 0
0 95 0
0 96 0
0 97 0
0 98 0
0 99 0
0 100 0
0 101 0

1 0 0
1 1 0
1 2 0.149168
1 3 0.147619
1 4 0.14489
1 5 0.140995
1 6 0.136005
1 7 0.129996
1 8 0.123059
1 9 0.115302
1 10 0.106845
1 11 0.0978154
1 12 0.0883579
1 13 0.0786154
1 14 0.0687505
1 15 0.058906
1 16 0.0492543
1 17 0.0399376
1 18 0.0311169
1 19 0.0229559
1 20 0.0155583
1 21 0.00904257
1 22 0.00349808
1 23 -0.00098094
1 24 -0.00432745
1 25 -0.00650319
1 26 -0.00748437
1 27 -0.00723829
1 28 -0.00581427
1 29 -0.00320759
1 30 0.000532649
1 31 0.00535045
1 32 0.0111403
1 33 0.017814
1 34 0.0252449
1 35 0.0333016
1 36 0.0418319
1 37 0.0507068
1 38 0.0598128
1 39 0.068961
1 40 0.0780083
1 41 0.0867962
1 42 0.0951697
1 43 0.103026
1 44 0.110196
1 45 0.116571
1 46 0.122061
1 47 0.126563
1 48 0.13001
1 49 0.132298
1 50 0.133408
1 51 0.133368
1 52 0.132133
1 53 0.129736
1 54 0.126222
1 55 0.121624
1 56 0.116055
1 57 0.109598
1 58 0.102346
1 59 0.0944212
1 60 0.0859356
1 61 0.0770732
1 62 0.0679732
1 63 0.0587805
1 64 0.049673
1 65 0.0407538
1 66 0.0321783
1 67 0.0241022
1 68 0.0166704
1 69 0.0100086
1 70 0.00420727
1 71 -0.000593403
1 72 -0.00431755
1 73 -0.0068869
1 74 -0.00829405
1 75 -0.00850545
1 76 -0.00750936
1 77 -0.00528762
1 78 -0.00188832
1 79 0.00263422
1 80 0.00822241
1 81 0.0147965
1 82 0.0222273
1 83 0.0304428
1 84 0.0393165
1 85 0.0486744
1 86 0.0583856
1 87 0.0682934
1 88 0.0782258
1 89 0.0880214
1 90 0.0975299
1 91 0.106617
1 92 0.115135
1 93 0.122941
1 94 0.129932
1 95 0.135966
1 96 0.140971
1 97 0.144882
1 98 0.147628
1 99 0.149163
1 100 0
1 101 0

2 0 0
2 1 0.149168
2 2 1.19874
2 3 1.18642
2 4 1.16446
2 5 1.1332
2 6 1.09308
2 7 1.04476
2 8 0.988981
2 9 0.926625
2 10 0.858637
2 11 0.786071
2 12 0.710037
2 13 0.631764
2 14 0.552471
2 15 0.473401
2 16 0.395834
2 17 0.321028
2 18 0.250216
2 19 0.184552
2 20 0.125066
2 21 0.0726971
2 22 0.0281905
2 23 -0.00779636
2 24 -0.0347199
2 25 -0.052238
2 26 -0.0601223
2 27 -0.0582709
2 28 -0.04677
2 29 -0.0258031
2 30 0.00429084
2 31 0.0429534
2 32 0.0894898
2 33 0.143069
2 34 0.202768
2 35 0.26747
2 36 0.336064
2 37 0.40748
2 38 0.480554
2 39 0.554079
2 40 0.626784
2 41 0.697429
2 42 0.76482
2 43 0.827872
2 44 0.885522
2 45 0.936828
2 46 0.980957
2 47 1.01713
2 48 1.04469
2 49 1.06313
2 50 1.07218
2 51 1.07175
2 52 1.06185
2 53 1.0426
2 54 1.01431
2 55 0.977436
2 56 0.932652
2 57 0.880691
2 58 0.822376
2 59 0.758658
2 60 0.690601
2 61 0.619376
2 62 0.546206
2 63 0.472348
2 64 0.398996
2 65 0.327319
2 66 0.25846
2 67 0.193603
2 68 0.133879
2 69 0.0802928
2 70 0.0338036
2 71 -0.00475429
2 72 -0.0346718
2 73 -0.055435
2 74 -0.0667363
2 75 -0.0683799
2 76 -0.0602758
2 77 -0.0424594
2 78 -0.0151685
2 79 0.0211975
2 80 0.0661159
2 81 0.118886
2 82 0.178725
2 83 0.244789
2 84 0.316021
2 85 0.391241
2 86 0.469246
2 87 0.548795
2 88 0.628591
2 89 0.707354
2 90 0.783845
2 91 0.856889
2 92 0.925309
2 93 0.988055
2 94 1.04417
2 95 1.09274
2 96 1.13301
2 97 1.1644
2 98 1.18641
2 99 1.19872
2 100 0.149163
2 101 0

3 0 0
3 1 0.147619
3 2 1.18642
3 3 1.17431
3 4 1.15245
3 5 1.12132
3 6 1.08132
3 7 1.03306
3 8 0.977367
3 9 0.915147
3 10 0.847345
3 11 0.774927
3 12 0.699058
3 13 0.621005
3 14 0.541889
3 15 0.463069
3 16 0.385729
3 17 0.311237
3 18 0.240719
3 19 0.175156
3 20 0.115806
3 21 0.06358
3 22 0.0192669
3 23 -0.0165755
3 24 -0.043455
3 25 -0.0609475
3 26 -0.0687757
3 27 -0.0670396
3 28 -0.0554679
3 29 -0.0344514
3 30 -0.00434815
3 31 0.0342232
3 32 0.0807015
3 33 0.13415
3 34 0.193706
3 35 0.258265
3 36 0.326823
3 37 0.398237
3 38 0.471094
3 39 0.544479
3 40 0.61707
3 41 0.687617
3 42 0.755005
3 43 0.817857
3 44 0.87545
3 45 0.926783
3 46 0.970844
3 47 1.00695
3 48 1.03433
3 49 1.05281
3 50 1.06202
3 51 1.06151
3 52 1.05162
3 53 1.03239
3 54 1.00409
3 55 0.967368
3 56 0.9226
3 57 0.870642
3 58 0.812376
3 59 0.748735
3 60 0.680945
3 61 0.609872
3 62 0.53681
3 63 0.463037
3 64 0.389606
3 65 0.318031
3 66 0.249353
3 67 0.184687
3 68 0.125062
3 69 0.0715067
3 70 0.0252334
3 71 -0.013243
3 72 -0.043155
3 73 -0.0640493
3 74 -0.0753855
3 75 -0.0770222
3 76 -0.0688562
3 77 -0.0511437
3 78 -0.0239745
3 79 0.0122965
3 80 0.057074
3 81 0.10966
3 82 0.169476
3 83 0.235402
3 84 0.306353
3 85 0.381353
3 86 0.459064
3 87 0.538291
3 88 0.617853
3 89 0.696478
3 90 0.772895
3 91 0.845744
3 92 0.913942
3 93 0.976535
3 94 1.03242
3 95 1.08096
3 96 1.12119
3 97 1.15243
3 98 1.1743
3 99 1.18649
3 100 0.147633
3 101 0

4 0 0
4 1 0.14489
4 2 1.16446
4 3 1.15245
4 4 1.13059
4 5 1.09955
4 6 1.05976
4 7 1.01182
4 8 0.956318
4 9 0.894351
4 10 0.826526
4 11 0.754397
4 12 0.67868
4 13 0.600881
4 14 0.521948
4 15 0.443525
4 16 0.366422
4 17 0.292127
4 18 0.221801
4 19 0.15665
4 20 0.097604
4 21 0.0454984
4 22 0.00140365
4 23 -0.0343311
4 24 -0.0610677
4 25 -0.0784433
4 26 -0.0861951
4 27 -0.0843326
4 28 -0.0726081
4 29 -0.0516278
4 30 -0.0215465
4 31 0.0170036
4 32 0.0635573
4 33 0.117063
4 34 0.176372
4 35 0.240911
4 36 0.309484
4 37 0.380914
4 38 0.453763
4 39 0.527099
4 40 0.599501
4 41 0.669819
4 42 0.737095
4 43 0.799856
4 44 0.857535
4 45 0.908672
4 46 0.952683
4 47 0.988629
4 48 1.01593
4 49 1.03448
4 50 1.04367
4 51 1.04331
4 52 1.03337
4 53 1.01414
4 54 0.985896
4 55 0.949172
4 56 0.90453
4 57 0.852604
4 58 0.794652
4 59 0.731009
4 60 0.663357
4 61 0.592386
4 62 0.519513
4 63 0.445866
4 64 0.372386
4 65 0.300803
4 66 0.2322
4 67 0.167651
4 68 0.108127
4 69 0.0546561
4 70 0.00821129
4 71 -0.030234
4 72 -0.0601274
4 73 -0.0811297
4 74 -0.0925074
4 75 -0.0942468
4 76 -0.0862312
4 77 -0.0686144
4 78 -0.0415389
4 79 -0.00548254
4 80 0.0391756
4 81 0.0916329
4 82 0.151266
4 83 0.216845
4 84 0.287363
4 85 0.362145
4 86 0.439639
4 87 0.518671
4 88 0.597883
4 89 0.676296
4 90 0.752373
4 91 0.825136
4 92 0.893139
4 93 0.955641
4 94 1.01116
4 95 1.05947
4 96 1.0995
4 97 1.13069
4 98 1.15245
4 99 1.1647
4 100 0.144935
4 101 0

5 0 0
5 1 0.140995
5 2 1.1332
5 3 1.12132
5 4 1.09955
5 5 1.06859
5 6 1.02892
5 7 0.981176
5 8 0.926035
5 9 0.864177
5 10 0.796712
5 11 0.724739
5 12 0.649432
5 13 0.571823
5 14 0.493171
5 15 0.414953
5 16 0.338321
5 17 0.264252
5 18 0.194217
5 19 0.12939
5 20 0.0706191
5 21 0.0187764
5 22 -0.0251919
5 23 -0.0607239
5 24 -0.0871974
5 25 -0.104362
5 26 -0.111979
5 27 -0.109893
5 28 -0.0981008
5 29 -0.0769521
5 30 -0.0468323
5 31 -0.00820583
5 32 0.0383204
5 33 0.0918982
5 34 0.151236
5 35 0.215683
5 36 0.284214
5 37 0.355504
5 38 0.428467
5 39 0.501816
5 40 0.57401
5 41 0.644289
5 42 0.711438
5 43 0.774199
5 44 0.831712
5 45 0.882859
5 46 0.926713
5 47 0.962618
5 48 0.989902
5 49 1.00834
5 50 1.01742
5 51 1.01699
5 52 1.00724
5 53 0.988171
5 54 0.959997
5 55 0.923355
5 56 0.878718
5 57 0.826963
5 58 0.768958
5 59 0.705617
5 60 0.638025
5 61 0.567193
5 62 0.49431
5 63 0.42072
5 64 0.347406
5 65 0.275785
5 66 0.207251
5 67 0.142738
5 68 0.083201
5 69 0.0297823
5 70 -0.0167349
5 71 -0.0552391
5 72 -0.0852223
5 73 -0.106329
5 74 -0.117863
5 75 -0.119711
5 76 -0.111911
5 77 -0.0944128
5 78 -0.0675842
5 79 -0.0317466
5 80 0.012677
5 81 0.0649076
5 82 0.124301
5 83 0.189538
5 84 0.259768
5 85 0.334206
5 86 0.411452
5 87 0.490095
5 88 0.569093
5 89 0.64717
5 90 0.72293
5 91 0.795254
5 92 0.863162
5 93 0.925393
5 94 0.98077
5 95 1.02878
5 96 1.06871
5 97 1.09971
5 98 1.12143
5 99 1.13362
5 100 0.14107
5 101 0

6 0 0
6 1 0.136005
6 2 1.09308
6 3 1.08132
6 4 1.05976
6 5 1.02892
6 6 0.989434
6 7 0.941932
6 8 0.887005
6 9 0.825387
6 10 0.758165
6 11 0.686488
6 12 0.611532
6 13 0.534181
6 14 0.455903
6 15 0.378014
6 16 0.301807
6 17 0.228177
6 18 0.158528
6 19 0.0939633
6 20 0.0354797
6 21 -0.0159781
6 22 -0.0596238
6 23 -0.0948539
6 24 -0.121177
6 25 -0.138161
6 26 -0.145538
6 27 -0.143188
6 28 -0.131275
6 29 -0.109939
6 30 -0.0797288
6 31 -0.0410039
6 32 0.00547109
6 33 0.0589569
6 34 0.118481
6 35 0.182913
6 36 0.251441
6 37 0.322599
6 38 0.395446
6 39 0.468714
6 40 0.540931
6 41 0.611185
6 42 0.678259
6 43 0.741085
6 44 0.798416
6 45 0.849477
6 46 0.893322
6 47 0.929268
6 48 0.956624
6 49 0.975015
6 50 0.984099
6 51 0.983544
6 52 0.973864
6 53 0.954859
6 54 0.926731
6 55 0.890114
6 56 0.845564
6 57 0.793883
6 58 0.735868
6 59 0.672734
6 60 0.605104
6 61 0.534373
6 62 0.461554
6 63 0.387994
6 64 0.314879
6 65 0.243388
6 66 0.174814
6 67 0.110171
6 68 0.0507476
6 69 -0.00267823
6 70 -0.0491736
6 71 -0.0878093
6 72 -0.117929
6 73 -0.139047
6 74 -0.150863
6 75 -0.152877
6 76 -0.14523
6 77 -0.128103
6 78 -0.101435
6 79 -0.0657038
6 80 -0.0216862
6 81 0.0301631
6 82 0.0891483
6 83 0.154056
6 84 0.22401
6 85 0.298038
6 86 0.374892
6 87 0.453183
6 88 0.531848
6 89 0.609491
6 90 0.684921
6 91 0.75693
6 92 0.824562
6 93 0.886525
6 94 0.941687
6 95 0.98946
6 96 1.0293
6 97 1.06014
6 98 1.08167
6 99 1.09369
6 100 0.136097
6 101 0

7 0 0
7 1 0.129996
7 2 1.04476
7 3 1.03306
7 4 1.01182
7 5 0.981176
7 6 0.941932
7 7 0.894736
7 8 0.839982
7 9 0.778601
7 10 0.711735
7 11 0.640368
7 12 0.565667
7 13 0.488762
7 14 0.410914
7 15 0.333323
7 16 0.25751
7 17 0.184387
7 18 0.115088
7 19 0.0510362
7 20 -0.00697395
7 21 -0.0580369
7 22 -0.101368
7 23 -0.136373
7 24 -0.1624
7 25 -0.179189
7 26 -0.186248
7 27 -0.183608
7 28 -0.171501
7 29 -0.150028
7 30 -0.119717
7 31 -0.0809064
7 32 -0.0343419
7 33 0.0190695
7 34 0.0785577
7 35 0.143144
7 36 0.211795
7 37 0.282821
7 38 0.355656
7 39 0.428869
7 40 0.501043
7 41 0.571216
7 42 0.638258
7 43 0.701057
7 44 0.758355
7 45 0.809365
7 46 0.853259
7 47 0.8891
7 48 0.916505
7 49 0.934957
7 50 0.944041
7 51 0.943715
7 52 0.933852
7 53 0.914752
7 54 0.886704
7 55 0.850106
7 56 0.805761
7 57 0.754094
7 58 0.696157
7 59 0.632962
7 60 0.565342
7 61 0.494728
7 62 0.422006
7 63 0.348427
7 64 0.27554
7 65 0.204074
7 66 0.13543
7 67 0.0707225
7 68 0.0112781
7 69 -0.0420191
7 70 -0.0884793
7 71 -0.127283
7 72 -0.157584
7 73 -0.178835
7 74 -0.190804
7 75 -0.193158
7 76 -0.185825
7 77 -0.168953
7 78 -0.142516
7 79 -0.107107
7 80 -0.0633814
7 81 -0.0118398
7 82 0.0466478
7 83 0.111043
7 84 0.180568
7 85 0.254143
7 86 0.330603
7 87 0.408607
7 88 0.486778
7 89 0.564036
7 90 0.639031
7 91 0.710789
7 92 0.77818
7 93 0.83976
7 94 0.894685
7 95 0.94221
7 96 0.98172
7 97 1.01241
7 98 1.03381
7 99 1.04557
7 100 0.130095
7 101 0

8 0 0
8 1 0.123059
8 2 0.988981
8 3 0.977367
8 4 0.956318
8 5 0.926035
8 6 0.887005
8 7 0.839982
8 8 0.78555
8 9 0.724387
8 10 0.657857
8 11 0.586863
8 12 0.512583
8 13 0.4361
8 14 0.35878
8 15 0.28164
8 16 0.206191
8 17 0.133523
8 18 0.0647631
8 19 0.00110073
8 20 -0.0564615
8 21 -0.107003
8 22 -0.15001
8 23 -0.184692
8 24 -0.210361
8 25 -0.226683
8 26 -0.233494
8 27 -0.23065
8 28 -0.21839
8 29 -0.19669
8 30 -0.166034
8 31 -0.127049
8 32 -0.0805412
8 33 -0.0270434
8 34 0.0325687
8 35 0.0971084
8 36 0.165703
8 37 0.236856
8 38 0.309702
8 39 0.383003
8 40 0.455169
8 41 0.525279
8 42 0.592197
8 43 0.654995
8 44 0.7122
8 45 0.763198
8 46 0.807031
8 47 0.842831
8 48 0.87018
8 49 0.888625
8 50 0.897855
8 51 0.897592
8 52 0.887719
8 53 0.868599
8 54 0.840621
8 55 0.804061
8 56 0.759711
8 57 0.708254
8 58 0.650265
8 59 0.5872
8 60 0.519729
8 61 0.449199
8 62 0.376501
8 63 0.302981
8 64 0.229976
8 65 0.15856
8 66 0.0899386
8 67 0.0251194
8 68 -0.0343686
8 69 -0.0877119
8 70 -0.134264
8 71 -0.173112
8 72 -0.203503
8 73 -0.225042
8 74 -0.237386
8 75 -0.239922
8 76 -0.23285
8 77 -0.216277
8 78 -0.190347
8 79 -0.155344
8 80 -0.111978
8 81 -0.0608464
8 82 -0.00286907
8 83 0.0611137
8 84 0.130216
8 85 0.20333
8 86 0.279386
8 87 0.356877
8 88 0.4346
8 89 0.511337
8 90 0.585971
8 91 0.657288
8 92 0.724269
8 93 0.785536
8 94 0.840303
8 95 0.887554
8 96 0.926644
8 97 0.957103
8 98 0.978403
8 99 0.990036
8 100 0.12319
8 101 0

9 0 0
9 1 0.115302
9 2 0.926625
9 3 0.915147
9 4 0.894351
9 5 0.864177
9 6 0.825387
9 7 0.778601
9 8 0.724387
9 9 0.663595
9 10 0.597425
9 11 0.526951
9 12 0.453147
9 13 0.377101
9 14 0.300236
9 15 0.223737
9 16 0.148803
9 17 0.0765987
9 18 0.00831111
9 19 -0.054969
9 20 -0.112073
9 21 -0.162153
9 22 -0.20473
9 23 -0.238981
9 24 -0.264118
9 25 -0.280157
9 26 -0.286639
9 27 -0.283543
9 28 -0.270866
9 29 -0.248888
9 30 -0.218064
9 31 -0.178894
9 32 -0.132169
9 33 -0.0786004
9 34 -0.0188591
9 35 0.0456307
9 36 0.114162
9 37 0.185429
9 38 0.258252
9 39 0.331511
9 40 0.403685
9 41 0.473758
9 42 0.540801
9 43 0.603421
9 44 0.660632
9 45 0.711648
9 46 0.755397
9 47 0.79119
9 48 0.818507
9 49 0.836942
9 50 0.846232
9 51 0.845835
9 52 0.836074
9 53 0.81703
9 54 0.789069
9 55 0.752662
9 56 0.708427
9 57 0.656995
9 58 0.599121
9 59 0.536015
9 60 0.468656
9 61 0.398118
9 62 0.325558
9 63 0.252147
9 64 0.179021
9 65 0.107589
9 66 0.0389313
9 67 -0.0258228
9 68 -0.0853313
9 69 -0.138839
9 70 -0.185471
9 71 -0.224561
9 72 -0.255183
9 73 -0.277022
9 74 -0.289573
9 75 -0.29251
9 76 -0.285678
9 77 -0.26948
9 78 -0.243961
9 79 -0.209481
9 80 -0.166598
9 81 -0.115948
9 82 -0.058332
9 83 0.00526123
9 84 0.0737829
9 85 0.146363
9 86 0.221844
9 87 0.298802
9 88 0.376
9 89 0.452293
9 90 0.526522
9 91 0.597333
9 92 0.663748
9 93 0.724704
9 94 0.779265
9 95 0.826315
9 96 0.865099
9 97 0.895326
9 98 0.916577
9 99 0.927949
9 100 0.115455
9 101 0

10 0 0
10 1 0.106845
10 2 0.858637
10 3 0.847345
10 4 0.826526
10 5 0.796712
10 6 0.758165
10 7 0.711735
10 8 0.657857
10 9 0.597425
10 10 0.531709
10 11 0.461613
10 12 0.38815
10 13 0.312714
10 14 0.236316
10 15 0.160451
10 16 0.0861243
10 17 0.0144346
10 18 -0.0534288
10 19 -0.116097
10 20 -0.172675
10 21 -0.222296
10 22 -0.264401
10 23 -0.298183
10 24 -0.322995
10 25 -0.338624
10 26 -0.344633
10 27 -0.341107
10 28 -0.328003
10 29 -0.305868
10 30 -0.274898
10 31 -0.235714
10 32 -0.188796
10 33 -0.134989
10 34 -0.0752896
10 35 -0.0106782
10 36 0.0580076
10 37 0.129294
10 38 0.202105
10 39 0.275347
10 40 0.347579
10 41 0.417739
10 42 0.484805
10 43 0.547365
10 44 0.604529
10 45 0.655499
10 46 0.699171
10 47 0.734938
10 48 0.762355
10 49 0.780667
10 50 0.789845
10 51 0.789539
10 52 0.77994
10 53 0.760883
10 54 0.733136
10 55 0.696783
10 56 0.652446
10 57 0.601218
10 58 0.543587
10 59 0.48038
10 60 0.413009
10 61 0.342453
10 62 0.269961
10 63 0.196574
10 64 0.12345
10 65 0.0518827
10 66 -0.0167286
10 67 -0.0814764
10 68 -0.141115
10 69 -0.194785
10 70 -0.24166
10 71 -0.28077
10 72 -0.31156
10 73 -0.333687
10 74 -0.346407
10 75 -0.349797
10 76 -0.343491
10 77 -0.327671
10 78 -0.302616
10 79 -0.268562
10 80 -0.226048
10 81 -0.175972
10 82 -0.119035
10 83 -0.0558358
10 84 0.0122662
10 85 0.0842691
10 86 0.159096
10 87 0.23546
10 88 0.312062
10 89 0.387887
10 90 0.461559
10 91 0.531935
10 92 0.59791
10 93 0.65849
10 94 0.712649
10 95 0.759553
10 96 0.79805
10 97 0.828011
10 98 0.848951
10 99 0.860283
10 100 0.107047
10 101 0

11 0 0
11 1 0.0978154
11 2 0.786071
11 3 0.774927
11 4 0.754397
11 5 0.724739
11 6 0.686488
11 7 0.640368
11 8 0.586863
11 9 0.526951
11 10 0.461613
11 11 0.391845
11 12 0.318927
11 13 0.243984
11 14 0.168194
11 15 0.092876
11 16 0.0191738
11 17 -0.0518889
11 18 -0.119172
11 19 -0.181318
11 20 -0.237336
11 21 -0.286469
11 22 -0.327968
11 23 -0.361208
11 24 -0.385503
11 25 -0.400847
11 26 -0.406502
11 27 -0.402457
11 28 -0.389184
11 29 -0.3668
11 30 -0.335749
11 31 -0.296273
11 32 -0.249069
11 33 -0.195058
11 34 -0.13531
11 35 -0.07058
11 36 -0.00184233
11 37 0.0695384
11 38 0.142401
11 39 0.215563
11 40 0.287787
11 41 0.358052
11 42 0.425144
11 43 0.487577
11 44 0.544785
11 45 0.595807
11 46 0.639443
11 47 0.675234
11 48 0.702545
11 49 0.720874
11 50 0.730105
11 51 0.729845
11 52 0.72031
11 53 0.701381
11 54 0.67353
11 55 0.637379
11 56 0.593181
11 57 0.541774
11 58 0.4841
11 59 0.421037
11 60 0.353775
11 61 0.283259
11 62 0.210696
11 63 0.137412
11 64 0.0643106
11 65 -0.00729169
11 66 -0.07603
11 67 -0.140755
11 68 -0.20055
11 69 -0.254444
11 70 -0.301389
11 71 -0.340767
11 72 -0.371951
11 73 -0.394171
11 74 -0.407158
11 75 -0.410829
11 76 -0.404938
11 77 -0.389527
11 78 -0.364916
11 79 -0.331398
11 80 -0.289486
11 81 -0.240114
11 82 -0.183672
11 83 -0.121127
11 84 -0.0536131
11 85 0.0179409
11 86 0.0921146
11 87 0.167807
11 88 0.24383
11 89 0.319135
11 90 0.392325
11 91 0.46217
11 92 0.527866
11 93 0.588073
11 94 0.641776
11 95 0.688252
11 96 0.726485
11 97 0.756131
11 98 0.776871
11 99 0.788017
11 100 0.0980539
11 101 0

12 0 0
12 1 0.0883579
12 2 0.710037
12 3 0.699058
12 4 0.67868
12 5 0.649432
12 6 0.611532
12 7 0.565667
12 8 0.512583
12 9 0.453147
12 10 0.38815
12 11 0.318927
12 12 0.246433
12 13 0.172186
12 14 0.0969461
12 15 0.0220825
12 16 -0.0510736
12 17 -0.121309
12 18 -0.187916
12 19 -0.249449
12 20 -0.304968
12 21 -0.353503
12 22 -0.39452
12 23 -0.427246
12 24 -0.451155
12 25 -0.465992
12 26 -0.471188
12 27 -0.466916
12 28 -0.453324
12 29 -0.43062
12 30 -0.399064
12 31 -0.359469
12 32 -0.312085
12 33 -0.257829
12 34 -0.197984
12 35 -0.133111
12 36 -0.0642995
12 37 0.00713797
12 38 0.0800134
12 39 0.153189
12 40 0.225497
12 41 0.295633
12 42 0.362622
12 43 0.425172
12 44 0.482439
12 45 0.533278
12 46 0.576896
12 47 0.61273
12 48 0.640138
12 49 0.658555
12 50 0.667787
12 51 0.667592
12 52 0.658037
12 53 0.639089
12 54 0.6113
12 55 0.575141
12 56 0.531002
12 57 0.479633
12 58 0.422065
12 59 0.359069
12 60 0.291926
12 61 0.221504
12 62 0.149067
12 63 0.0756438
12 64 0.00253676
12 65 -0.0690747
12 66 -0.137892
12 67 -0.202689
12 68 -0.262617
12 69 -0.316634
12 70 -0.363846
12 71 -0.403491
12 72 -0.434883
12 73 -0.457594
12 74 -0.470986
12 75 -0.474916
12 76 -0.46927
12 77 -0.454331
12 78 -0.430194
12 79 -0.397162
12 80 -0.35592
12 81 -0.307013
12 82 -0.251165
12 83 -0.189261
12 84 -0.122506
12 85 -0.0516268
12 86 0.0219681
12 87 0.0970986
12 88 0.172493
12 89 0.247215
12 90 0.319752
12 91 0.389159
12 92 0.454422
12 93 0.514285
12 94 0.567461
12 95 0.613539
12 96 0.651478
12 97 0.681012
12 98 0.701358
12 99 0.712303
12 100 0.0886337
12 101 0

13 0 0
13 1 0.0786154
13 2 0.631764
13 3 0.621005
13 4 0.600881
13 5 0.571823
13 6 0.534181
13 7 0.488762
13 8 0.4361
13 9 0.377101
13 10 0.312714
13 11 0.243984
13 12 0.172186
13 13 0.0984814
13 14 0.0239066
13 15 -0.0504286
13 16 -0.122918
13 17 -0.192687
13 18 -0.258603
13 19 -0.319441
13 20 -0.374464
13 21 -0.422463
13 22 -0.463028
13 23 -0.495298
13 24 -0.518607
13 25 -0.532891
13 26 -0.537708
13 27 -0.532922
13 28 -0.519108
13 29 -0.495929
13 30 -0.464189
13 31 -0.424175
13 32 -0.376714
13 33 -0.322283
13 34 -0.262186
13 35 -0.197133
13 36 -0.128173
13 37 -0.0568198
13 38 0.0159977
13 39 0.0891336
13 40 0.1614
13 41 0.231652
13 42 0.298579
13 43 0.361226
13 44 0.418354
13 45 0.469148
13 46 0.512726
13 47 0.548629
13 48 0.576171
13 49 0.594661
13 50 0.603842
13 51 0.603726
13 52 0.594113
13 53 0.575202
13 54 0.5473
13 55 0.51114
13 56 0.46724
13 57 0.416003
13 58 0.358498
13 59 0.295672
13 60 0.228318
13 61 0.158042
13 62 0.0856748
13 63 0.0123808
13 64 -0.0606494
13 65 -0.132352
13 66 -0.201212
13 67 -0.266072
13 68 -0.326196
13 69 -0.38043
13 70 -0.42791
13 71 -0.467804
13 72 -0.499677
13 73 -0.522481
13 74 -0.536299
13 75 -0.540586
13 76 -0.535521
13 77 -0.521046
13 78 -0.49732
13 79 -0.464845
13 80 -0.424239
13 81 -0.375797
13 82 -0.320387
13 83 -0.259206
13 84 -0.193108
13 85 -0.122918
13 86 -0.0498935
13 87 0.0245465
13 88 0.0992167
13 89 0.173347
13 90 0.24536
13 91 0.314215
13 92 0.378909
13 93 0.438081
13 94 0.490847
13 95 0.536428
13 96 0.574189
13 97 0.603505
13 98 0.623744
13 99 0.634381
13 100 0.0789222
13 101 0

14 0 0
14 1 0.0687505
14 2 0.552471
14 3 0.541889
14 4 0.521948
14 5 0.493171
14 6 0.455903
14 7 0.410914
14 8 0.35878
14 9 0.300236
14 10 0.236316
14 11 0.168194
14 12 0.0969461
14 13 0.0239066
14 14 -0.0501897
14 15 -0.123835
14 16 -0.195799
14 17 -0.264904
14 18 -0.330073
14 19 -0.390299
14 20 -0.444661
14 21 -0.492116
14 22 -0.532057
14 23 -0.563866
14 24 -0.586765
14 25 -0.600482
14 26 -0.604801
14 27 -0.599768
14 28 -0.585362
14 29 -0.561849
14 30 -0.529632
14 31 -0.48952
14 32 -0.441854
14 33 -0.387272
14 34 -0.327061
14 35 -0.261834
14 36 -0.192779
14 37 -0.121265
14 38 -0.0483829
14 39 0.0247782
14 40 0.0969766
14 41 0.16708
14 42 0.234001
14 43 0.29659
14 44 0.35372
14 45 0.404471
14 46 0.447954
14 47 0.48397
14 48 0.51153
14 49 0.529947
14 50 0.539326
14 51 0.539102
14 52 0.529584
14 53 0.510629
14 54 0.482784
14 55 0.446731
14 56 0.402832
14 57 0.351797
14 58 0.294355
14 59 0.231581
14 60 0.164461
14 61 0.0941889
14 62 0.0218586
14 63 -0.0513988
14 64 -0.12452
14 65 -0.196115
14 66 -0.264972
14 67 -0.330024
14 68 -0.390352
14 69 -0.444806
14 70 -0.492555
14 71 -0.532675
14 72 -0.564598
14 73 -0.588056
14 74 -0.60225
14 75 -0.607028
14 76 -0.602338
14 77 -0.588331
14 78 -0.565122
14 79 -0.533152
14 80 -0.493021
14 81 -0.445211
14 82 -0.390526
14 83 -0.330008
14 84 -0.264567
14 85 -0.195058
14 86 -0.122782
14 87 -0.0490404
14 88 0.0250194
14 89 0.0986532
14 90 0.170222
14 91 0.238362
14 92 0.302276
14 93 0.361037
14 94 0.413295
14 95 0.458519
14 96 0.495891
14 97 0.524813
14 98 0.544793
14 99 0.555434
14 100 0.0691248
14 101 0

15 0 0
15 1 0.058906
15 2 0.473401
15 3 0.463069
15 4 0.443525
15 5 0.414953
15 6 0.378014
15 7 0.333323
15 8 0.28164
15 9 0.223737
15 10 0.160451
15 11 0.092876
15 12 0.0220825
15 13 -0.0504286
15 14 -0.123835
15 15 -0.196893
15 16 -0.268094
15 17 -0.336693
15 18 -0.401336
15 19 -0.460783
15 20 -0.514525
15 21 -0.561299
15 22 -0.600587
15 23 -0.631803
15 24 -0.654113
15 25 -0.667511
15 26 -0.671417
15 27 -0.666049
15 28 -0.651245
15 29 -0.627396
15 30 -0.594785
15 31 -0.554287
15 32 -0.506184
15 33 -0.451511
15 34 -0.391149
15 35 -0.326029
15 36 -0.256769
15 37 -0.185237
15 38 -0.112269
15 39 -0.0391354
15 40 0.0329671
15 41 0.103104
15 42 0.170014
15 43 0.232565
15 44 0.289623
15 45 0.34036
15 46 0.383945
15 47 0.419848
15 48 0.447375
15 49 0.465784
15 50 0.475108
15 51 0.475008
15 52 0.46545
15 53 0.446634
15 54 0.418987
15 55 0.382956
15 56 0.339174
15 57 0.28815
15 58 0.230712
15 59 0.168078
15 60 0.101009
15 61 0.0308347
15 62 -0.041411
15 63 -0.11467
15 64 -0.187771
15 65 -0.259423
15 66 -0.328205
15 67 -0.39348
15 68 -0.453812
15 69 -0.508429
15 70 -0.556362
15 71 -0.596977
15 72 -0.629249
15 73 -0.653058
15 74 -0.667599
15 75 -0.672853
15 76 -0.6686
15 77 -0.655045
15 78 -0.632224
15 79 -0.600946
15 80 -0.561492
15 81 -0.514205
15 82 -0.460235
15 83 -0.400404
15 84 -0.33569
15 85 -0.266931
15 86 -0.195259
15 87 -0.122183
15 88 -0.0486999
15 89 0.0243368
15 90 0.0952314
15 91 0.162773
15 92 0.226064
15 93 0.284321
15 94 0.336231
15 95 0.381004
15 96 0.418092
15 97 0.446609
15 98 0.46628
15 99 0.476684
15 100 0.0593172
15 101 0

16 0 0
16 1 0.0492543
16 2 0.395834
16 3 0.385729
16 4 0.366422
16 5 0.338321
16 6 0.301807
16 7 0.25751
16 8 0.206191
16 9 0.148803
16 10 0.0861243
16 11 0.0191738
16 12 -0.0510736
16 13 -0.122918
16 14 -0.195799
16 15 -0.268094
16 16 -0.338847
16 17 -0.406706
16 18 -0.470594
16 19 -0.529492
16 20 -0.582615
16 21 -0.628789
16 22 -0.667533
16 23 -0.698138
16 24 -0.719984
16 25 -0.7329
16 26 -0.736375
16 27 -0.730558
16 28 -0.715315
16 29 -0.691162
16 30 -0.658304
16 31 -0.617391
16 32 -0.569161
16 33 -0.514284
16 34 -0.453729
16 35 -0.388411
16 36 -0.319251
16 37 -0.247566
16 38 -0.174508
16 39 -0.101392
16 40 -0.0292049
16 41 0.0409284
16 42 0.107849
16 43 0.170182
16 44 0.227236
16 45 0.277962
16 46 0.321533
16 47 0.357396
16 48 0.384786
16 49 0.403235
16 50 0.412581
16 51 0.412343
16 52 0.402895
16 53 0.384327
16 54 0.356758
16 55 0.320809
16 56 0.277093
16 57 0.22615
16 58 0.16894
16 59 0.106319
16 60 0.0394449
16 61 -0.0307615
16 62 -0.102982
16 63 -0.176274
16 64 -0.249405
16 65 -0.321006
16 66 -0.389863
16 67 -0.45524
16 68 -0.515852
16 69 -0.570651
16 70 -0.618871
16 71 -0.659551
16 72 -0.692127
16 73 -0.716313
16 74 -0.731234
16 75 -0.736868
16 76 -0.733042
16 77 -0.720056
16 78 -0.69793
16 79 -0.667137
16 80 -0.628214
16 81 -0.581511
16 82 -0.528167
16 83 -0.469101
16 84 -0.405043
16 85 -0.336874
16 86 -0.266031
16 87 -0.19352
16 88 -0.12066
16 89 -0.048336
16 90 0.021756
16 91 0.0887916
16 92 0.151549
16 93 0.209305
16 94 0.260693
16 95 0.305107
16 96 0.341711
16 97 0.369873
16 98 0.389259
16 99 0.399385
16 100 0.0496937
16 101 0

17 0 0
17 1 0.0399376
17 2 0.321028
17 3 0.311237
17 4 0.292127
17 5 0.264252
17 6 0.228177
17 7 0.184387
17 8 0.133523
17 9 0.0765987
17 10 0.0144346
17 11 -0.0518889
17 12 -0.121309
17 13 -0.192687
17 14 -0.264904
17 15 -0.336693
17 16 -0.406706
17 17 -0.47394
17 18 -0.537195
17 19 -0.59545
17 20 -0.647979
17 21 -0.693603
17 22 -0.731742
17 23 -0.761782
17 24 -0.783145
17 25 -0.795549
17 26 -0.798533
17 27 -0.792169
17 28 -0.776636
17 29 -0.752066
17 30 -0.719034
17 31 -0.677824
17 32 -0.629336
17 33 -0.574344
17 34 -0.513438
17 35 -0.447967
17 36 -0.378758
17 37 -0.30714
17 38 -0.234102
17 39 -0.160995
17 40 -0.0888419
17 41 -0.01866
17 42 0.0482095
17 43 0.110488
17 44 0.167355
17 45 0.218065
17 46 0.261708
17 47 0.297525
17 48 0.324774
17 49 0.343283
17 50 0.352621
17 51 0.352341
17 52 0.343044
17 53 0.324582
17 54 0.297021
17 55 0.261198
17 56 0.217563
17 57 0.166774
17 58 0.109715
17 59 0.047246
17 60 -0.0196739
17 61 -0.0898443
17 62 -0.16202
17 63 -0.235186
17 64 -0.308183
17 65 -0.379758
17 66 -0.448718
17 67 -0.514263
17 68 -0.574956
17 69 -0.629998
17 70 -0.67843
17 71 -0.719387
17 72 -0.752365
17 73 -0.776697
17 74 -0.792063
17 75 -0.798064
17 76 -0.794716
17 77 -0.782348
17 78 -0.760849
17 79 -0.730596
17 80 -0.69221
17 81 -0.646186
17 82 -0.593463
17 83 -0.535071
17 84 -0.471707
17 85 -0.404241
17 86 -0.334058
17 87 -0.26224
17 88 -0.189891
17 89 -0.118302
17 90 -0.0488102
17 91 0.0175615
17 92 0.0797492
17 93 0.136914
17 94 0.187826
17 95 0.23174
17 96 0.267961
17 97 0.295806
17 98 0.314992
17 99 0.324802
17 100 0.0404042
17 101 0

18 0 0
18 1 0.0311169
18 2 0.250216
18 3 0.240719
18 4 0.221801
18 5 0.194217
18 6 0.158528
18 7 0.115088
18 8 0.0647631
18 9 0.00831111
18 10 -0.0534288
18 11 -0.119172
18 12 -0.187916
18 13 -0.258603
18 14 -0.330073
18 15 -0.401336
18 16 -0.470594
18 17 -0.537195
18 18 -0.599999
18 19 -0.657652
18 20 -0.709559
18 21 -0.754651
18 22 -0.792189
18 23 -0.821598
18 24 -0.842412
18 25 -0.854261
18 26 -0.856766
18 27 -0.849993
18 28 -0.834212
18 29 -0.809305
18 30 -0.775928
18 31 -0.734588
18 32 -0.685828
18 33 -0.63065
18 34 -0.56967
18 35 -0.50409
18 36 -0.434766
18 37 -0.363109
18 38 -0.290148
18 39 -0.216987
18 40 -0.144821
18 41 -0.0746494
18 42 -0.00787807
18 43 0.0544311
18 44 0.111186
18 45 0.161654
18 46 0.2053
18 47 0.240974
18 48 0.268259
18 49 0.286805
18 50 0.2961
18 51 0.296082
18 52 0.286668
18 53 0.268251
18 54 0.240904
18 55 0.205097
18 56 0.161563
18 57 0.110903
18 58 0.0540505
18 59 -0.00832486
18 60 -0.0752059
18 61 -0.145193
18 62 -0.21733
18 63 -0.29044
18 64 -0.363429
18 65 -0.434982
18 66 -0.504133
18 67 -0.569828
18 68 -0.630429
18 69 -0.685485
18 70 -0.734141
18 71 -0.775567
18 72 -0.808726
18 73 -0.833324
18 74 -0.84911
18 75 -0.855493
18 76 -0.852692
18 77 -0.84079
18 78 -0.819857
18 79 -0.790298
18 80 -0.752505
18 81 -0.7071
18 82 -0.655087
18 83 -0.597237
18 84 -0.534449
18 85 -0.467669
18 86 -0.398075
18 87 -0.327066
18 88 -0.255373
18 89 -0.184462
18 90 -0.115611
18 91 -0.0498484
18 92 0.0117726
18 93 0.06831
18 94 0.118777
18 95 0.162287
18 96 0.198097
18 97 0.225665
18 98 0.244465
18 99 0.254197
18 100 0.0316319
18 101 0

19 0 0
19 1 0.0229559
19 2 0.184552
19 3 0.175156
19 4 0.15665
19 5 0.12939
19 6 0.0939633
19 7 0.0510362
19 8 0.00110073
19 9 -0.054969
19 10 -0.116097
19 11 -0.181318
19 12 -0.249449
19 13 -0.319441
19 14 -0.390299
19 15 -0.460783
19 16 -0.529492
19 17 -0.59545
19 18 -0.657652
19 19 -0.714808
19 20 -0.766068
19 21 -0.810607
19 22 -0.847574
19 23 -0.876501
19 24 -0.896879
19 25 -0.908278
19 26 -0.910258
19 27 -0.903145
19 28 -0.886922
19 29 -0.861752
19 30 -0.828149
19 31 -0.786557
19 32 -0.737538
19 33 -0.682235
19 34 -0.62108
19 35 -0.555449
19 36 -0.486217
19 37 -0.414684
19 38 -0.341628
19 39 -0.268387
19 40 -0.19622
19 41 -0.126188
19 42 -0.0594752
19 43 0.00279965
19 44 0.0595365
19 45 0.109984
19 46 0.153372
19 47 0.188946
19 48 0.216248
19 49 0.234752
19 50 0.244173
19 51 0.244038
19 52 0.234921
19 53 0.216501
19 54 0.189266
19 55 0.153639
19 56 0.11008
19 57 0.0595025
19 58 0.00277666
19 59 -0.0594441
19 60 -0.126132
19 61 -0.195976
19 62 -0.268118
19 63 -0.34123
19 64 -0.414064
19 65 -0.485714
19 66 -0.554795
19 67 -0.620403
19 68 -0.681167
19 69 -0.736513
19 70 -0.785253
19 71 -0.826761
19 72 -0.860269
19 73 -0.885235
19 74 -0.901388
19 75 -0.908403
19 76 -0.905903
19 77 -0.894436
19 78 -0.874026
19 79 -0.844922
19 80 -0.807724
19 81 -0.763075
19 82 -0.71155
19 83 -0.654271
19 84 -0.592229
19 85 -0.526054
19 86 -0.457136
19 87 -0.386747
19 88 -0.315875
19 89 -0.245612
19 90 -0.177373
19 91 -0.112215
19 92 -0.0511156
19 93 0.00482759
19 94 0.0548078
19 95 0.0979662
19 96 0.133317
19 97 0.160392
19 98 0.179071
19 99 0.18867
19 100 0.0234833
19 101 0

20 0 0
20 1 0.0155583
20 2 0.125066
20 3 0.115806
20 4 0.097604
20 5 0.0706191
20 6 0.0354797
20 7 -0.00697395
20 8 -0.0564615
20 9 -0.112073
20 10 -0.172675
20 11 -0.237336
20 12 -0.304968
20 13 -0.374464
20 14 -0.444661
20 15 -0.514525
20 16 -0.582615
20 17 -0.647979
20 18 -0.709559
20 19 -0.766068
20 20 -0.816621
20 21 -0.860536
20 22 -0.897085
20 23 -0.925553
20 24 -0.945394
20 25 -0.956312
20 26 -0.958019
20 27 -0.950475
20 28 -0.933974
20 29 -0.908532
20 30 -0.874679
20 31 -0.832739
20 32 -0.783549
20 33 -0.728065
20 34 -0.666863
20 35 -0.601225
20 36 -0.53207
20 37 -0.460545
20 38 -0.387587
20 39 -0.314388
20 40 -0.242261
20 41 -0.172326
20 42 -0.105767
20 43 -0.0435665
20 44 0.013229
20 45 0.0636804
20 46 0.106997
20 47 0.142508
20 48 0.169704
20 49 0.188186
20 50 0.197592
20 51 0.197566
20 52 0.188488
20 53 0.170126
20 54 0.142969
20 55 0.107548
20 56 0.0641942
20 57 0.0136207
20 58 -0.0431919
20 59 -0.105193
20 60 -0.171633
20 61 -0.241429
20 62 -0.313498
20 63 -0.3865
20 64 -0.459305
20 65 -0.530815
20 66 -0.599804
20 67 -0.665361
20 68 -0.726287
20 69 -0.781808
20 70 -0.830695
20 71 -0.872368
20 72 -0.906187
20 73 -0.931414
20 74 -0.947937
20 75 -0.955295
20 76 -0.953322
20 77 -0.942227
20 78 -0.922259
20 79 -0.893677
20 80 -0.857092
20 81 -0.813105
20 82 -0.762265
20 83 -0.7056
20 84 -0.644159
20 85 -0.578711
20 86 -0.51042
20 87 -0.440706
20 88 -0.370472
20 89 -0.300872
20 90 -0.233191
20 91 -0.168569
20 92 -0.108033
20 93 -0.0526107
20 94 -0.00317099
20 95 0.039573
20 96 0.0745725
20 97 0.101361
20 98 0.119774
20 99 0.129208
20 100 0.016085
20 101 0

21 0 0
21 1 0.00904257
21 2 0.0726971
21 3 0.06358
21 4 0.0454984
21 5 0.0187764
21 6 -0.0159781
21 7 -0.0580369
21 8 -0.107003
21 9 -0.162153
21 10 -0.222296
21 11 -0.286469
21 12 -0.353503
21 13 -0.422463
21 14 -0.492116
21 15 -0.561299
21 16 -0.628789
21 17 -0.693603
21 18 -0.754651
21 19 -0.810607
21 20 -0.860536
21 21 -0.903941
21 22 -0.939911
21 23 -0.967832
21 24 -0.987219
21 25 -0.997707
21 26 -0.999213
21 27 -0.991315
21 28 -0.974452
21 29 -0.948645
21 30 -0.914441
21 31 -0.872498
21 32 -0.823224
21 33 -0.767582
21 34 -0.70651
21 35 -0.640861
21 36 -0.571643
21 37 -0.50006
21 38 -0.427197
21 39 -0.354054
21 40 -0.281967
21 41 -0.212153
21 42 -0.145699
21 43 -0.0836683
21 44 -0.0269195
21 45 0.0234767
21 46 0.0667574
21 47 0.102183
21 48 0.129282
21 49 0.147629
21 50 0.156926
21 51 0.157222
21 52 0.148062
21 53 0.129801
21 54 0.102824
21 55 0.0674991
21 56 0.0243222
21 57 -0.0260644
21 58 -0.0827522
21 59 -0.144694
21 60 -0.210905
21 61 -0.280634
21 62 -0.352494
21 63 -0.425365
21 64 -0.4982
21 65 -0.569656
21 66 -0.638719
21 67 -0.704328
21 68 -0.765213
21 69 -0.820616
21 70 -0.869692
21 71 -0.911517
21 72 -0.945515
21 73 -0.971147
21 74 -0.98793
21 75 -0.995495
21 76 -0.994049
21 77 -0.983334
21 78 -0.963881
21 79 -0.935893
21 80 -0.899786
21 81 -0.856475
21 82 -0.806289
21 83 -0.750226
21 84 -0.68932
21 85 -0.62447
21 86 -0.556864
21 87 -0.487714
21 88 -0.418144
21 89 -0.349194
21 90 -0.282055
21 91 -0.218112
21 92 -0.158114
21 93 -0.103169
21 94 -0.0542346
21 95 -0.011959
21 96 0.0228382
21 97 0.0494782
21 98 0.0675559
21 99 0.0767337
21 100 0.00954551
21 101 0

22 0 0
22 1 0.00349808
22 2 0.0281905
22 3 0.0192669
22 4 0.00140365
22 5 -0.0251919
22 6 -0.0596238
22 7 -0.101368
22 8 -0.15001
22 9 -0.20473
22 10 -0.264401
22 11 -0.327968
22 12 -0.39452
22 13 -0.463028
22 14 -0.532057
22 15 -0.600587
22 16 -0.667533
22 17 -0.731742
22 18 -0.792189
22 19 -0.847574
22 20 -0.897085
22 21 -0.939911
22 22 -0.975426
22 23 -1.00283
22 24 -1.02175
22 25 -1.03179
22 26 -1.03289
22 27 -1.02471
22 28 -1.00759
22 29 -0.98151
22 30 -0.947108
22 31 -0.905021
22 32 -0.85579
22 33 -0.800069
22 34 -0.738981
22 35 -0.67339
22 36 -0.604217
22 37 -0.532694
22 38 -0.459931
22 39 -0.386947
22 40 -0.31497
22 41 -0.245169
22 42 -0.178829
22 43 -0.116895
22 44 -0.0603596
22 45 -0.0100163
22 46 0.0331463
22 47 0.0685224
22 48 0.0956116
22 49 0.113831
22 50 0.123065
22 51 0.123335
22 52 0.114427
22 53 0.0963396
22 54 0.0694675
22 55 0.034174
22 56 -0.00891466
22 57 -0.0590432
22 58 -0.115603
22 59 -0.177321
22 60 -0.243502
22 61 -0.31306
22 62 -0.384714
22 63 -0.457443
22 64 -0.53014
22 65 -0.601521
22 66 -0.67053
22 67 -0.736013
22 68 -0.796978
22 69 -0.852446
22 70 -0.901553
22 71 -0.943489
22 72 -0.977764
22 73 -1.00356
22 74 -1.02053
22 75 -1.0284
22 76 -1.02734
22 77 -1.01726
22 78 -0.998293
22 79 -0.970731
22 80 -0.93527
22 81 -0.892377
22 82 -0.84283
22 83 -0.787359
22 84 -0.727085
22 85 -0.66283
22 86 -0.595894
22 87 -0.527444
22 88 -0.458446
22 89 -0.390034
22 90 -0.323565
22 91 -0.260082
22 92 -0.200566
22 93 -0.146179
22 94 -0.0975887
22 95 -0.0556535
22 96 -0.0211412
22 97 0.00521816
22 98 0.0231027
22 99 0.0320472
22 100 0.00397778
22 101 0

23 0 0
23 1 -0.00098094
23 2 -0.00779636
23 3 -0.0165755
23 4 -0.0343311
23 5 -0.0607239
23 6 -0.0948539
23 7 -0.136373
23 8 -0.184692
23 9 -0.238981
23 10 -0.298183
23 11 -0.361208
23 12 -0.427246
23 13 -0.495298
23 14 -0.563866
23 15 -0.631803
23 16 -0.698138
23 17 -0.761782
23 18 -0.821598
23 19 -0.876501
23 20 -0.925553
23 21 -0.967832
23 22 -1.00283
23 23 -1.02986
23 24 -1.04836
23 25 -1.05797
23 26 -1.05864
23 27 -1.05013
23 28 -1.03279
23 29 -1.00654
23 30 -0.972002
23 31 -0.929887
23 32 -0.880593
23 33 -0.824862
23 34 -0.763789
23 35 -0.698241
23 36 -0.629228
23 37 -0.557759
23 38 -0.485146
23 39 -0.412329
23 40 -0.340546
23 41 -0.271013
23 42 -0.204727
23 43 -0.142934
23 44 -0.0865027
23 45 -0.0362887
23 46 0.00678441
23 47 0.0421443
23 48 0.0692626
23 49 0.0875217
23 50 0.0966631
23 51 0.0969408
23 52 0.0879678
23 53 0.070032
23 54 0.0432856
23 55 0.00808749
23 56 -0.0348585
23 57 -0.0848284
23 58 -0.141034
23 59 -0.202669
23 60 -0.268768
23 61 -0.338167
23 62 -0.409559
23 63 -0.48216
23 64 -0.554673
23 65 -0.625818
23 66 -0.694704
23 67 -0.759995
23 68 -0.820945
23 69 -0.876525
23 70 -0.925718
23 71 -0.9678
23 72 -1.00216
23 73 -1.02819
23 74 -1.04544
23 75 -1.05354
23 76 -1.05285
23 77 -1.04322
23 78 -1.02466
23 79 -0.997684
23 80 -0.962693
23 81 -0.920249
23 82 -0.871263
23 83 -0.816414
23 84 -0.756757
23 85 -0.693185
23 86 -0.626929
23 87 -0.55903
23 88 -0.490574
23 89 -0.422825
23 90 -0.356865
23 91 -0.293851
23 92 -0.234735
23 93 -0.180754
23 94 -0.132624
23 95 -0.0910172
23 96 -0.0568971
23 97 -0.0308091
23 98 -0.0130604
23 99 -0.0041655
23 100 -0.000520259
23 101 0

24 0 0
24 1 -0.00432745
24 2 -0.0347199
24 3 -0.043455
24 4 -0.0610677
24 5 -0.0871974
24 6 -0.121177
24 7 -0.1624
24 8 -0.210361
24 9 -0.264118
24 10 -0.322995
24 11 -0.385503
24 12 -0.451155
24 13 -0.518607
24 14 -0.586765
24 15 -0.654113
24 16 -0.719984
24 17 -0.783145
24 18 -0.842412
24 19 -0.896879
24 20 -0.945394
24 21 -0.987219
24 22 -1.02175
24 23 -1.04836
24 24 -1.06648
24 25 -1.07577
24 26 -1.07609
24 27 -1.06736
24 28 -1.04974
24 29 -1.02357
24 30 -0.988892
24 31 -0.946711
24 32 -0.897278
24 33 -0.841539
24 34 -0.780614
24 35 -0.715115
24 36 -0.64618
24 37 -0.574862
24 38 -0.502301
24 39 -0.429781
24 40 -0.358227
24 41 -0.288843
24 42 -0.22256
24 43 -0.161031
24 44 -0.104795
24 45 -0.0548278
24 46 -0.0118936
24 47 0.0233286
24 48 0.0504257
24 49 0.0687922
24 50 0.0780502
24 51 0.0782877
24 52 0.0692232
24 53 0.0512804
24 54 0.0245836
24 55 -0.0103887
24 56 -0.0530048
24 57 -0.102823
24 58 -0.158744
24 59 -0.220208
24 60 -0.286007
24 61 -0.355214
24 62 -0.42645
24 63 -0.498934
24 64 -0.571209
24 65 -0.642268
24 66 -0.710944
24 67 -0.776146
24 68 -0.837056
24 69 -0.892542
24 70 -0.941751
24 71 -0.984082
24 72 -1.01848
24 73 -1.04455
24 74 -1.06195
24 75 -1.07049
24 76 -1.07013
24 77 -1.06083
24 78 -1.04258
24 79 -1.01612
24 80 -0.981649
24 81 -0.939642
24 82 -0.891121
24 83 -0.836884
24 84 -0.777846
24 85 -0.714959
24 86 -0.649187
24 87 -0.581777
24 88 -0.513977
24 89 -0.446626
24 90 -0.381218
24 91 -0.318596
24 92 -0.260167
24 93 -0.206564
24 94 -0.158812
24 95 -0.117482
24 96 -0.0837354
24 97 -0.0577791
24 98 -0.0402616
24 99 -0.0314126
24 100 -0.00390564
24 101 0

25 0 0
25 1 -0.00650319
25 2 -0.052238
25 3 -0.0609475
25 4 -0.0784433
25 5 -0.104362
25 6 -0.138161
25 7 -0.179189
25 8 -0.226683
25 9 -0.280157
25 10 -0.338624
25 11 -0.400847
25 12 -0.465992
25 13 -0.532891
25 14 -0.600482
25 15 -0.667511
25 16 -0.7329
25 17 -0.795549
25 18 -0.854261
25 19 -0.908278
25 20 -0.956312
25 21 -0.997707
25 22 -1.03179
25 23 -1.05797
25 24 -1.07577
25 25 -1.08472
25 26 -1.08486
25 27 -1.07593
25 28 -1.05825
25 29 -1.03193
25 30 -0.997215
25 31 -0.954946
25 32 -0.905591
25 33 -0.849991
25 34 -0.789215
25 35 -0.72372
25 36 -0.654998
25 37 -0.583745
25 38 -0.511388
25 39 -0.439063
25 40 -0.367801
25 41 -0.298611
25 42 -0.232588
25 43 -0.171166
25 44 -0.115158
25 45 -0.0653267
25 46 -0.0225628
25 47 0.0126229
25 48 0.0396598
25 49 0.0581112
25 50 0.0673677
25 51 0.0676279
25 52 0.0585558
25 53 0.0407334
25 54 0.0140978
25 55 -0.0207923
25 56 -0.0632944
25 57 -0.112898
25 58 -0.168776
25 59 -0.229862
25 60 -0.295377
25 61 -0.364328
25 62 -0.435271
25 63 -0.507395
25 64 -0.579574
25 65 -0.650425
25 66 -0.718987
25 67 -0.784037
25 68 -0.844953
25 69 -0.900272
25 70 -0.949551
25 71 -0.991854
25 72 -1.02622
25 73 -1.0523
25 74 -1.06995
25 75 -1.07874
25 76 -1.07865
25 77 -1.06956
25 78 -1.05178
25 79 -1.02577
25 80 -0.991703
25 81 -0.950256
25 82 -0.902331
25 83 -0.848627
25 84 -0.790008
25 85 -0.727677
25 86 -0.662435
25 87 -0.59557
25 88 -0.528242
25 89 -0.461589
25 90 -0.396557
25 91 -0.334498
25 92 -0.276484
25 93 -0.223185
25 94 -0.175685
25 95 -0.134743
25 96 -0.101164
25 97 -0.0755208
25 98 -0.0581525
25 99 -0.0493423
25 100 -0.00613018
25 101 0

26 0 0
26 1 -0.00748437
26 2 -0.0601223
26 3 -0.0687757
26 4 -0.0861951
26 5 -0.111979
26 6 -0.145538
26 7 -0.186248
26 8 -0.233494
26 9 -0.286639
26 10 -0.344633
26 11 -0.406502
26 12 -0.471188
26 13 -0.537708
26 14 -0.604801
26 15 -0.671417
26 16 -0.736375
26 17 -0.798533
26 18 -0.856766
26 19 -0.910258
26 20 -0.958019
26 21 -0.999213
26 22 -1.03289
26 23 -1.05864
26 24 -1.07609
26 25 -1.08486
26 26 -1.08479
26 27 -1.07569
26 28 -1.0579
26 29 -1.03153
26 30 -0.996782
26 31 -0.954507
26 32 -0.905287
26 33 -0.849881
26 34 -0.789216
26 35 -0.72399
26 36 -0.655306
26 37 -0.584397
26 38 -0.512217
26 39 -0.44014
26 40 -0.369019
26 41 -0.300035
26 42 -0.234395
26 43 -0.173119
26 44 -0.117333
26 45 -0.0676809
26 46 -0.0250948
26 47 0.00999397
26 48 0.0369539
26 49 0.0552228
26 50 0.064517
26 51 0.0647075
26 52 0.0558707
26 53 0.038064
26 54 0.0115014
26 55 -0.0231746
26 56 -0.0654476
26 57 -0.114815
26 58 -0.170505
26 59 -0.231312
26 60 -0.296627
26 61 -0.3652
26 62 -0.435866
26 63 -0.507727
26 64 -0.579617
26 65 -0.650377
26 66 -0.718642
26 67 -0.783565
26 68 -0.844198
26 69 -0.899449
26 70 -0.94857
26 71 -0.990869
