0 0 0
0 1 0
0 2 0
0 3 0
0 4 0
0 5 0
0 6 0
0 7 0
0 8 0
0 9 0
0 10 0
0 11 0
0 12 0
0 13 0
0 14 0
0 15 0
0 16 0
0 17 0
0 18 0
0 19 0
0 20 0
0 21 0
0 22 0
0 23 0
0 24 0
0 25 0
0 26 0
0 27 0
0 28 0
0 29 0
0 30 0
0 31 0
0 32 0
0 33 0
0 34 0
0 35 0
0 36 0
0 37 0
0 38 0
0 39 0
0 40 0
0 41 0
0 42 0
0 43 0
0 44 0
0 45 0
0 46 0
0 47 0
0 48 0
0 49 0
0 50 0
0 51 0
0 52 0
0 53 0
0 54 0
0 55 0
0 56 0
0 57 0
0 58 0
0 59 0
0 60 0
0 61 0
0 62 0
0 63 0
0 64 0
0 65 0
0 66 0
0 67 0
0 68 0
0 69 0
0 70 0
0 71 0
0 72 0
0 73 0
0 74 0
0 75 0
0 76 0
0 77 0
0 78 0
0 79 0
0 80 0
0 81 0
0 82 0
0 83 0
0 84 0
0 85 0
0 86 0
0 87 0
0 88 0
0 89 0
0 90 0
0 91 0
0 92 0
0 93 0
0 94 0
0 95 0
0 96 0
0 97 0
0 98 0
0 99 0
0 100 0
0 101 0

1 0 0
1 1 0
1 2 -0.0900207
1 3 -0.0890639
1 4 -0.0873557
1 5 -0.0848728
1 6 -0.0818146
1 7 -0.0781022
1 8 -0.0738954
1 9 -0.0692009
1 10 -0.0640883
1 11 -0.0585994
1 12 -0.0528006
1 13 -0.0468132
1 14 -0.0407226
1 15 -0.0346486
1 16 -0.028668
1 17 -0.0228944
1 18 -0.017387
1 19 -0.0122666
1 20 -0.00756137
1 21 -0.00335002
1 22 0.000300811
1 23 0.00327328
1 24 0.00553744
1 25 0.00712423
1 26 0.00802287
1 27 0.00824143
1 28 0.00772246
1 29 0.00651554
1 30 0.00466911
1 31 0.00221597
1 32 -0.000869047
1 33 -0.00449881
1 34 -0.00856776
1 35 -0.013007
1 36 -0.017801
1 37 -0.0227747
1 38 -0.0279003
1 39 -0.0330137
1 40 -0.0381115
1 41 -0.0430361
1 42 -0.0477718
1 43 -0.0522045
1 44 -0.0562767
1 45 -0.0599307
1 46 -0.0630572
1 47 -0.0655829
1 48 -0.0675159
1 49 -0.068766
1 50 -0.0693286
1 51 -0.0692457
1 52 -0.0684793
1 53 -0.0670506
1 54 -0.0649855
1 55 -0.0623049
1 56 -0.0590863
1 57 -0.0553933
1 58 -0.0512669
1 59 -0.0467816
1 60 -0.0420024
1 61 -0.036978
1 62 -0.0318269
1 63 -0.0265942
1 64 -0.021484
1 65 -0.016445
1 66 -0.0116683
1 67 -0.00717904
1 68 -0.00309648
1 69 0.00051919
1 70 0.00363087
1 71 0.00609217
1 72 0.00790613
1 73 0.00905137
1 74 0.0095002
1 75 0.00925629
1 76 0.00823306
1 77 0.00655276
1 78 0.00421436
1 79 0.00119049
1 80 -0.00247313
1 81 -0.0067154
1 82 -0.0114629
1 83 -0.0166332
1 84 -0.0221949
1 85 -0.0280662
1 86 -0.0341076
1 87 -0.0402379
1 88 -0.0463449
1 89 -0.0524075
1 90 -0.0582615
1 91 -0.0638152
1 92 -0.0690229
1 93 -0.0737561
1 94 -0.0779704
1 95 -0.0816174
1 96 -0.084708
1 97 -0.0870893
1 98 -0.0888017
1 99 -0.0897433
1 100 0
1 101 0

2 0 0
2 1 -0.0900207
2 2 -0.723128
2 3 -0.715284
2 4 -0.701504
2 5 -0.681924
2 6 -0.65715
2 7 -0.627555
2 8 -0.593612
2 9 -0.555824
2 10 -0.514629
2 11 -0.470542
2 12 -0.424073
2 13 -0.376041
2 14 -0.327161
2 15 -0.278374
2 16 -0.230358
2 17 -0.183919
2 18 -0.139724
2 19 -0.098443
2 20 -0.060573
2 21 -0.0267294
2 22 0.00240966
2 23 0.0262435
2 24 0.0445162
2 25 0.0573058
2 26 0.0645055
2 27 0.0660356
2 28 0.0619894
2 29 0.0524588
2 30 0.0375601
2 31 0.0175674
2 32 -0.00714843
2 33 -0.0361378
2 34 -0.068802
2 35 -0.104644
2 36 -0.142958
2 37 -0.183037
2 38 -0.224127
2 39 -0.265333
2 40 -0.306035
2 41 -0.345623
2 42 -0.383545
2 43 -0.419228
2 44 -0.451961
2 45 -0.481223
2 46 -0.506308
2 47 -0.526743
2 48 -0.542223
2 49 -0.552371
2 50 -0.557066
2 51 -0.556337
2 52 -0.550107
2 53 -0.538539
2 54 -0.521872
2 55 -0.50039
2 56 -0.474534
2 57 -0.444811
2 58 -0.411653
2 59 -0.375659
2 60 -0.337211
2 61 -0.296977
2 62 -0.255605
2 63 -0.21379
2 64 -0.172433
2 65 -0.132175
2 66 -0.0937782
2 67 -0.0578485
2 68 -0.0249437
2 69 0.00420144
2 70 0.029002
2 71 0.0488678
2 72 0.063562
2 73 0.0727831
2 74 0.0763286
2 75 0.0741307
2 76 0.0662128
2 77 0.0527689
2 78 0.0338268
2 79 0.00958362
2 80 -0.0197209
2 81 -0.0537491
2 82 -0.0919706
2 83 -0.133735
2 84 -0.17841
2 85 -0.225435
2 86 -0.273924
2 87 -0.323131
2 88 -0.372332
2 89 -0.420932
2 90 -0.467895
2 91 -0.512524
2 92 -0.554259
2 93 -0.59245
2 94 -0.626387
2 95 -0.655842
2 96 -0.680446
2 97 -0.69965
2 98 -0.713253
2 99 -0.720917
2 100 -0.0897433
2 101 0

3 0 0
3 1 -0.0890639
3 2 -0.715284
3 3 -0.707292
3 4 -0.693381
3 5 -0.674347
3 6 -0.64956
3 7 -0.620378
3 8 -0.58647
3 9 -0.54872
3 10 -0.50752
3 11 -0.463539
3 12 -0.417392
3 13 -0.369589
3 14 -0.321034
3 15 -0.272383
3 16 -0.224637
3 17 -0.178438
3 18 -0.134443
3 19 -0.0931126
3 20 -0.0553675
3 21 -0.0216626
3 22 0.00712932
3 23 0.0308364
3 24 0.0492521
3 25 0.0620163
3 26 0.0691607
3 27 0.0704757
3 28 0.0664619
3 29 0.0570306
3 30 0.0420722
3 31 0.0217294
3 32 -0.00305103
3 33 -0.0318357
3 34 -0.0645025
3 35 -0.100436
3 36 -0.138549
3 37 -0.178712
3 38 -0.219672
3 39 -0.261019
3 40 -0.301365
3 41 -0.340834
3 42 -0.378526
3 43 -0.414077
3 44 -0.446805
3 45 -0.475824
3 46 -0.500877
3 47 -0.521543
3 48 -0.53696
3 49 -0.547289
3 50 -0.552202
3 51 -0.551382
3 52 -0.54508
3 53 -0.533419
3 54 -0.516632
3 55 -0.495238
3 56 -0.469439
3 57 -0.439673
3 58 -0.406681
3 59 -0.370731
3 60 -0.332387
3 61 -0.29241
3 62 -0.251152
3 63 -0.209644
3 64 -0.167951
3 65 -0.127968
3 66 -0.0896149
3 67 -0.0538136
3 68 -0.0208432
3 69 0.00841013
3 70 0.0329547
3 71 0.0530775
3 72 0.067918
3 73 0.0771852
3 74 0.0807658
3 75 0.0783905
3 76 0.0708281
3 77 0.0573903
3 78 0.0383652
3 79 0.0142944
3 80 -0.0147771
3 81 -0.0486426
3 82 -0.0867538
3 83 -0.128547
3 84 -0.1731
3 85 -0.219703
3 86 -0.267894
3 87 -0.316866
3 88 -0.366096
3 89 -0.414284
3 90 -0.461021
3 91 -0.505584
3 92 -0.546998
3 93 -0.585128
3 94 -0.619159
3 95 -0.648631
3 96 -0.672849
3 97 -0.692116
3 98 -0.705456
3 99 -0.713254
3 100 -0.0887948
3 101 0

4 0 0
4 1 -0.0873557
4 2 -0.701504
4 3 -0.693381
4 4 -0.679967
4 5 -0.660499
4 6 -0.63653
4 7 -0.607572
4 8 -0.573878
4 9 -0.536336
4 10 -0.495164
4 11 -0.451532
4 12 -0.405672
4 13 -0.35794
4 14 -0.309448
4 15 -0.261139
4 16 -0.213765
4 17 -0.167952
4 18 -0.124236
4 19 -0.0832775
4 20 -0.0455734
4 21 -0.0123475
4 22 0.0162338
4 23 0.0401689
4 24 0.0586851
4 25 0.0715011
4 26 0.0786862
4 27 0.0802798
4 28 0.0758932
4 29 0.0659828
4 30 0.0507846
4 31 0.0307326
4 32 0.00579808
4 33 -0.0232214
4 34 -0.0560093
4 35 -0.0919338
4 36 -0.130281
4 37 -0.170367
4 38 -0.211278
4 39 -0.252284
4 40 -0.292854
4 41 -0.332537
4 42 -0.370068
4 43 -0.405398
4 44 -0.437935
4 45 -0.466874
4 46 -0.491904
4 47 -0.512451
4 48 -0.528024
4 49 -0.538239
4 50 -0.543106
4 51 -0.542158
4 52 -0.536066
4 53 -0.524449
4 54 -0.507695
4 55 -0.486409
4 56 -0.460887
4 57 -0.431263
4 58 -0.398293
4 59 -0.362358
4 60 -0.32393
4 61 -0.284164
4 62 -0.242926
4 63 -0.201246
4 64 -0.160019
4 65 -0.119813
4 66 -0.0813917
4 67 -0.0452754
4 68 -0.0124616
4 69 0.0166571
4 70 0.0417317
4 71 0.0619
4 72 0.076659
4 73 0.0861298
4 74 0.0897557
4 75 0.0878412
4 76 0.0800819
4 77 0.0667155
4 78 0.0477614
4 79 0.0234639
4 80 -0.00570186
4 81 -0.0394433
4 82 -0.0771399
4 83 -0.118307
4 84 -0.162621
4 85 -0.20918
4 86 -0.256858
4 87 -0.305693
4 88 -0.354519
4 89 -0.402296
4 90 -0.448993
4 91 -0.49346
4 92 -0.534596
4 93 -0.572339
4 94 -0.606222
4 95 -0.63567
4 96 -0.659718
4 97 -0.678334
4 98 -0.692125
4 99 -0.699778
4 100 -0.0871032
4 101 0

5 0 0
5 1 -0.0848728
5 2 -0.681924
5 3 -0.674347
5 4 -0.660499
5 5 -0.641893
5 6 -0.617743
5 7 -0.588811
5 8 -0.555205
5 9 -0.518102
5 10 -0.477395
5 11 -0.43388
5 12 -0.388487
5 13 -0.341219
5 14 -0.293197
5 15 -0.245043
5 16 -0.197897
5 17 -0.152149
5 18 -0.108951
5 19 -0.0682921
5 20 -0.0311794
5 21 0.00199721
5 22 0.0305592
5 23 0.0542339
5 24 0.072764
5 25 0.0855784
5 26 0.0927424
5 27 0.0939303
5 28 0.089555
5 29 0.0796449
5 30 0.0641752
5 31 0.0435393
5 32 0.0188389
5 33 -0.0103538
5 34 -0.0432641
5 35 -0.0794472
5 36 -0.117616
5 37 -0.15795
5 38 -0.198456
5 39 -0.239782
5 40 -0.280377
5 41 -0.320123
5 42 -0.357499
5 43 -0.393094
5 44 -0.425546
5 45 -0.454391
5 46 -0.47923
5 47 -0.499915
5 48 -0.515428
5 49 -0.525741
5 50 -0.5308
5 51 -0.529843
5 52 -0.523576
5 53 -0.512153
5 54 -0.49559
5 55 -0.4742
5 56 -0.448771
5 57 -0.419328
5 58 -0.385945
5 59 -0.35007
5 60 -0.311622
5 61 -0.27178
5 62 -0.230685
5 63 -0.189562
5 64 -0.147781
5 65 -0.107773
5 66 -0.068912
5 67 -0.0327523
5 68 0.000238407
5 69 0.0293576
5 70 0.0544092
5 71 0.07455
5 72 0.0896468
5 73 0.0993873
5 74 0.10312
5 75 0.101157
5 76 0.0938757
5 77 0.0806247
5 78 0.0617476
5 79 0.0374584
5 80 0.00852887
5 81 -0.0249028
5 82 -0.0623859
5 83 -0.103434
5 84 -0.147393
5 85 -0.193344
5 86 -0.241053
5 87 -0.289444
5 88 -0.338044
5 89 -0.385418
5 90 -0.431481
5 91 -0.475494
5 92 -0.5164
5 93 -0.554005
5 94 -0.587708
5 95 -0.616802
5 96 -0.640752
5 97 -0.659768
5 98 -0.67284
5 99 -0.680682
5 100 -0.0847646
5 101 0

6 0 0
6 1 -0.0818146
6 2 -0.65715
6 3 -0.64956
6 4 -0.63653
6 5 -0.617743
6 6 -0.593773
6 7 -0.565177
6 8 -0.531882
6 9 -0.494805
6 10 -0.454396
6 11 -0.411086
6 12 -0.366315
6 13 -0.319048
6 14 -0.271698
6 15 -0.223731
6 16 -0.177221
6 17 -0.131763
6 18 -0.0888947
6 19 -0.0486234
6 20 -0.0116604
6 21 0.0212419
6 22 0.0493522
6 23 0.0727494
6 24 0.0911169
6 25 0.1037
6 26 0.110777
6 27 0.111914
6 28 0.107381
6 29 0.0967039
6 30 0.0810054
6 31 0.0603611
6 32 0.0355555
6 33 0.00618627
6 34 -0.026887
6 35 -0.062834
6 36 -0.101332
6 37 -0.141426
6 38 -0.182506
6 39 -0.223476
6 40 -0.264432
6 41 -0.304126
6 42 -0.341752
6 43 -0.377103
6 44 -0.40949
6 45 -0.4386
6 46 -0.463448
6 47 -0.484199
6 48 -0.499514
6 49 -0.509954
6 50 -0.51465
6 51 -0.514119
6 52 -0.508013
6 53 -0.496694
6 54 -0.480058
6 55 -0.458893
6 56 -0.433125
6 57 -0.403573
6 58 -0.370306
6 59 -0.334415
6 60 -0.296139
6 61 -0.25622
6 62 -0.215185
6 63 -0.173322
6 64 -0.132266
6 65 -0.0914226
6 66 -0.0527426
6 67 -0.016699
6 68 0.0161002
6 69 0.0451555
6 70 0.0707951
6 71 0.0908729
6 72 0.106338
6 73 0.116368
6 74 0.120632
6 75 0.118846
6 76 0.111556
6 77 0.0984975
6 78 0.0799704
6 79 0.0561426
6 80 0.0274072
6 81 -0.00582505
6 82 -0.0431278
6 83 -0.0836866
6 84 -0.127247
6 85 -0.172824
6 86 -0.220452
6 87 -0.268088
6 88 -0.316266
6 89 -0.36298
6 90 -0.409051
6 91 -0.452608
6 92 -0.493559
6 93 -0.530712
6 94 -0.563998
6 95 -0.59294
6 96 -0.616916
6 97 -0.635634
6 98 -0.648945
6 99 -0.656455
6 100 -0.0817137
6 101 0

7 0 0
7 1 -0.0781022
7 2 -0.627555
7 3 -0.620378
7 4 -0.607572
7 5 -0.588811
7 6 -0.565177
7 7 -0.536691
7 8 -0.503573
7 9 -0.466972
7 10 -0.426877
7 11 -0.384011
7 12 -0.339306
7 13 -0.292923
7 14 -0.245655
7 15 -0.198043
7 16 -0.151934
7 17 -0.10692
7 18 -0.0641038
7 19 -0.0245785
7 20 0.0118906
7 21 0.0444327
7 22 0.0723114
7 23 0.0956654
7 24 0.113818
7 25 0.12623
7 26 0.13277
7 27 0.133672
7 28 0.128578
7 29 0.117804
7 30 0.101776
7 31 0.0809329
7 32 0.0558088
7 33 0.0261525
7 34 -0.00697582
7 35 -0.0430892
7 36 -0.0815392
7 37 -0.121628
7 38 -0.162595
7 39 -0.203657
7 40 -0.244578
7 41 -0.28419
7 42 -0.322139
7 43 -0.357655
7 44 -0.390215
7 45 -0.419259
7 46 -0.444174
7 47 -0.464697
7 48 -0.480312
7 49 -0.4906
7 50 -0.495667
7 51 -0.495074
7 52 -0.488896
7 53 -0.477456
7 54 -0.461211
7 55 -0.439951
7 56 -0.414363
7 57 -0.38461
7 58 -0.35116
7 59 -0.315124
7 60 -0.276855
7 61 -0.236885
7 62 -0.195819
7 63 -0.154189
7 64 -0.113062
7 65 -0.0723581
7 66 -0.0334684
7 67 0.00270587
7 68 0.0357032
7 69 0.0649857
7 70 0.0906523
7 71 0.110982
7 72 0.126617
7 73 0.137166
7 74 0.141487
7 75 0.140429
7 76 0.133437
7 77 0.12061
7 78 0.102314
7 79 0.0787129
7 80 0.0502252
7 81 0.0173633
7 82 -0.0194108
7 83 -0.0596526
7 84 -0.102544
7 85 -0.147864
7 86 -0.194921
7 87 -0.24226
7 88 -0.290062
7 89 -0.33669
7 90 -0.382069
7 91 -0.425416
7 92 -0.465848
7 93 -0.50289
7 94 -0.535892
7 95 -0.564546
7 96 -0.588422
7 97 -0.60688
7 98 -0.619981
7 99 -0.627393
7 100 -0.0780967
7 101 0

8 0 0
8 1 -0.0738954
8 2 -0.593612
8 3 -0.58647
8 4 -0.573878
8 5 -0.555205
8 6 -0.531882
8 7 -0.503573
8 8 -0.471178
8 9 -0.435005
8 10 -0.395212
8 11 -0.35269
8 12 -0.308287
8 13 -0.26224
8 14 -0.215314
8 15 -0.168273
8 16 -0.122381
8 17 -0.0778315
8 18 -0.0352394
8 19 0.00398944
8 20 0.0397717
8 21 0.0719787
8 22 0.0993666
8 23 0.122333
8 24 0.140088
8 25 0.151908
8 26 0.158246
8 27 0.158653
8 28 0.153097
8 29 0.142103
8 30 0.125939
8 31 0.104588
8 32 0.0790047
8 33 0.0493974
8 34 0.0162128
8 35 -0.0199665
8 36 -0.0585957
8 37 -0.0986734
8 38 -0.139562
8 39 -0.180749
8 40 -0.221665
8 41 -0.2614
8 42 -0.29961
8 43 -0.335363
8 44 -0.367971
8 45 -0.397009
8 46 -0.421869
8 47 -0.442632
8 48 -0.458142
8 49 -0.468481
8 50 -0.473797
8 51 -0.473152
8 52 -0.46719
8 53 -0.455811
8 54 -0.439458
8 55 -0.418442
8 56 -0.392507
8 57 -0.362705
8 58 -0.329313
8 59 -0.293028
8 60 -0.254657
8 61 -0.214559
8 62 -0.173425
8 63 -0.131809
8 64 -0.0905442
8 65 -0.0499574
8 66 -0.0113099
8 67 0.0250336
8 68 0.0582865
8 69 0.0877183
8 70 0.113353
8 71 0.134319
8 72 0.150387
8 73 0.160839
8 74 0.16581
8 75 0.165106
8 76 0.158779
8 77 0.146352
8 78 0.128145
8 79 0.10523
8 80 0.0771714
8 81 0.0449251
8 82 0.0086634
8 83 -0.0312479
8 84 -0.0738017
8 85 -0.118775
8 86 -0.165294
8 87 -0.212419
8 88 -0.259707
8 89 -0.30601
8 90 -0.35112
8 91 -0.3941
8 92 -0.43402
8 93 -0.470554
8 94 -0.5033
8 95 -0.531439
8 96 -0.55522
8 97 -0.573654
8 98 -0.586555
8 99 -0.593921
8 100 -0.0739494
8 101 0

9 0 0
9 1 -0.0692009
9 2 -0.555824
9 3 -0.54872
9 4 -0.536336
9 5 -0.518102
9 6 -0.494805
9 7 -0.466972
9 8 -0.435005
9 9 -0.399194
9 10 -0.359678
9 11 -0.317594
9 12 -0.273541
9 13 -0.227811
9 14 -0.181265
9 15 -0.134845
9 16 -0.0893355
9 17 -0.0451939
9 18 -0.00300766
9 19 0.0360077
9 20 0.0713672
9 21 0.102875
9 22 0.129686
9 23 0.1521
9 24 0.169254
9 25 0.180634
9 26 0.18657
9 27 0.186776
9 28 0.180929
9 29 0.169754
9 30 0.153165
9 31 0.131407
9 32 0.105507
9 33 0.0755485
9 34 0.0421103
9 35 0.0059924
9 36 -0.0328358
9 37 -0.0730979
9 38 -0.114202
9 39 -0.155658
9 40 -0.19645
9 41 -0.236305
9 42 -0.274906
9 43 -0.310698
9 44 -0.343435
9 45 -0.372485
9 46 -0.397248
9 47 -0.417805
9 48 -0.433466
9 49 -0.443761
9 50 -0.448942
9 51 -0.448628
9 52 -0.442778
9 53 -0.431516
9 54 -0.415293
9 55 -0.394089
9 56 -0.368311
9 57 -0.338512
9 58 -0.305203
9 59 -0.268973
9 60 -0.230377
9 61 -0.19
9 62 -0.148887
9 63 -0.107183
9 64 -0.0656565
9 65 -0.025088
9 66 0.0137197
9 67 0.0502662
9 68 0.0836144
9 69 0.113482
9 70 0.139601
9 71 0.1608
9 72 0.177022
9 73 0.187967
9 74 0.193147
9 75 0.192895
9 76 0.186813
9 77 0.174743
9 78 0.157381
9 79 0.134952
9 80 0.107421
9 81 0.0758753
9 82 0.0399362
9 83 0.000369411
9 84 -0.0417018
9 85 -0.0861427
9 86 -0.132299
9 87 -0.179031
9 88 -0.22582
9 89 -0.27188
9 90 -0.316399
9 91 -0.358811
9 92 -0.398248
9 93 -0.434407
9 94 -0.466851
9 95 -0.494918
9 96 -0.518321
9 97 -0.536588
9 98 -0.549398
9 99 -0.556527
9 100 -0.0692768
9 101 0

10 0 0
10 1 -0.0640883
10 2 -0.514629
10 3 -0.50752
10 4 -0.495164
10 5 -0.477395
10 6 -0.454396
10 7 -0.426877
10 8 -0.395212
10 9 -0.359678
10 10 -0.320613
10 11 -0.278661
10 12 -0.235001
10 13 -0.189665
10 14 -0.143673
10 15 -0.0976244
10 16 -0.0525875
10 17 -0.00906553
10 18 0.0322335
10 19 0.0707567
10 20 0.10565
10 21 0.136593
10 22 0.163082
10 23 0.184612
10 24 0.201281
10 25 0.212269
10 26 0.217773
10 27 0.217224
10 28 0.210948
10 29 0.199571
10 30 0.182708
10 31 0.160473
10 32 0.134358
10 33 0.104177
10 34 0.0703218
10 35 0.0340268
10 36 -0.00491165
10 37 -0.0453472
10 38 -0.0864964
10 39 -0.128083
10 40 -0.169278
10 41 -0.209269
10 42 -0.247818
10 43 -0.284023
10 44 -0.316981
10 45 -0.346002
10 46 -0.370773
10 47 -0.391243
10 48 -0.406925
10 49 -0.417342
10 50 -0.422477
10 51 -0.421829
10 52 -0.416138
10 53 -0.405277
10 54 -0.389155
10 55 -0.367914
10 56 -0.342377
10 57 -0.312608
10 58 -0.279094
10 59 -0.242756
10 60 -0.203892
10 61 -0.163224
10 62 -0.1219
10 63 -0.0802901
10 64 -0.0386483
10 65 0.00190579
10 66 0.0406084
10 67 0.0777181
10 68 0.111556
10 69 0.141558
10 70 0.167661
10 71 0.189278
10 72 0.205995
10 73 0.21721
10 74 0.222991
10 75 0.223005
10 76 0.217489
10 77 0.206156
10 78 0.189355
10 79 0.167374
10 80 0.140828
10 81 0.109523
10 82 0.0739234
10 83 0.0350752
10 84 -0.00636234
10 85 -0.050034
10 86 -0.0955485
10 87 -0.141756
10 88 -0.188359
10 89 -0.233897
10 90 -0.278079
10 91 -0.319939
10 92 -0.359104
10 93 -0.395022
10 94 -0.427112
10 95 -0.454807
10 96 -0.477923
10 97 -0.496075
10 98 -0.508511
10 99 -0.515666
10 100 -0.0642158
10 101 0

11 0 0
11 1 -0.0585994
11 2 -0.470542
11 3 -0.463539
11 4 -0.451532
11 5 -0.43388
11 6 -0.411086
11 7 -0.384011
11 8 -0.35269
11 9 -0.317594
11 10 -0.278661
11 11 -0.237007
11 12 -0.193475
11 13 -0.148687
11 14 -0.103137
11 15 -0.0578773
11 16 -0.0136322
11 17 0.0292524
11 18 0.0698214
11 19 0.107812
11 20 0.142225
11 21 0.17251
11 22 0.198329
11 23 0.219533
11 24 0.235496
11 25 0.245914
11 26 0.250556
11 27 0.249863
11 28 0.24323
11 29 0.231118
11 30 0.213892
11 31 0.191617
11 32 0.165051
11 33 0.134419
11 34 0.100344
11 35 0.0637045
11 36 0.0248295
11 37 -0.0156872
11 38 -0.0573149
11 39 -0.0989077
11 40 -0.140204
11 41 -0.180623
11 42 -0.219321
11 43 -0.255318
11 44 -0.288244
11 45 -0.31762
11 46 -0.34253
11 47 -0.363188
11 48 -0.378969
11 49 -0.389336
11 50 -0.394276
11 51 -0.393736
11 52 -0.388247
11 53 -0.377498
11 54 -0.361271
11 55 -0.340102
11 56 -0.314443
11 57 -0.284719
11 58 -0.25121
11 59 -0.214844
11 60 -0.175757
11 61 -0.134863
11 62 -0.0933819
11 63 -0.0515384
11 64 -0.0101741
11 65 0.0306588
11 66 0.0697863
11 67 0.106713
11 68 0.140676
11 69 0.171167
11 70 0.197944
11 71 0.219607
11 72 0.236558
11 73 0.2484
11 74 0.254509
11 75 0.255289
11 76 0.250156
11 77 0.239529
11 78 0.223297
11 79 0.201974
11 80 0.17581
11 81 0.145167
11 82 0.110404
11 83 0.0723101
11 84 0.0314369
11 85 -0.011445
11 86 -0.0562652
11 87 -0.102089
11 88 -0.147903
11 89 -0.193024
11 90 -0.236843
11 91 -0.278726
11 92 -0.317564
11 93 -0.352999
11 94 -0.384613
11 95 -0.412097
11 96 -0.434777
11 97 -0.452504
11 98 -0.465014
11 99 -0.471889
11 100 -0.0587504
11 101 0

12 0 0
12 1 -0.0528006
12 2 -0.424073
12 3 -0.417392
12 4 -0.405672
12 5 -0.388487
12 6 -0.366315
12 7 -0.339306
12 8 -0.308287
12 9 -0.273541
12 10 -0.235001
12 11 -0.193475
12 12 -0.150424
12 13 -0.106111
12 14 -0.061076
12 15 -0.0163444
12 16 0.027241
12 17 0.0693547
12 18 0.109522
12 19 0.146688
12 20 0.180352
12 21 0.210022
12 22 0.235351
12 23 0.255635
12 24 0.270879
12 25 0.280768
12 26 0.284869
12 27 0.283429
12 28 0.276349
12 29 0.264116
12 30 0.246467
12 31 0.22377
12 32 0.196725
12 33 0.165867
12 34 0.131445
12 35 0.0944388
12 36 0.0556242
12 37 0.0150227
12 38 -0.026831
12 39 -0.0687352
12 40 -0.110264
12 41 -0.150777
12 42 -0.18941
12 43 -0.225553
12 44 -0.258397
12 45 -0.287635
12 46 -0.312828
12 47 -0.33346
12 48 -0.349261
12 49 -0.35984
12 50 -0.364956
12 51 -0.364608
12 52 -0.358928
12 53 -0.348104
12 54 -0.331962
12 55 -0.310838
12 56 -0.285219
12 57 -0.25542
12 58 -0.222087
12 59 -0.185741
12 60 -0.146704
12 61 -0.105636
12 62 -0.0637761
12 63 -0.0219396
12 64 0.0197457
12 65 0.0605547
12 66 0.0997417
12 67 0.136755
12 68 0.171041
12 69 0.201868
12 70 0.22855
12 71 0.251054
12 72 0.268672
12 73 0.280841
12 74 0.287345
12 75 0.288531
12 76 0.284173
12 77 0.274118
12 78 0.258431
12 79 0.237839
12 80 0.212579
12 81 0.182417
12 82 0.148428
12 83 0.111203
12 84 0.0711134
12 85 0.0287918
12 86 -0.0152712
12 87 -0.0606122
12 88 -0.106053
12 89 -0.150504
12 90 -0.193972
12 91 -0.235402
12 92 -0.274016
12 93 -0.30919
12 94 -0.340428
12 95 -0.367363
12 96 -0.389714
12 97 -0.407003
12 98 -0.41904
12 99 -0.425768
12 100 -0.0530151
12 101 0

13 0 0
13 1 -0.0468132
13 2 -0.376041
13 3 -0.369589
13 4 -0.35794
13 5 -0.341219
13 6 -0.319048
13 7 -0.292923
13 8 -0.26224
13 9 -0.227811
13 10 -0.189665
13 11 -0.148687
13 12 -0.106111
13 13 -0.0623605
13 14 -0.0179156
13 15 0.0263474
13 16 0.0692272
13 17 0.110778
13 18 0.150101
13 19 0.18653
13 20 0.219618
13 21 0.248392
13 22 0.272838
13 23 0.292436
13 24 0.307096
13 25 0.316355
13 26 0.319639
13 27 0.317694
13 28 0.310485
13 29 0.297539
13 30 0.27939
13 31 0.25646
13 32 0.228928
13 33 0.197556
13 34 0.162974
13 35 0.125743
13 36 0.0870781
13 37 0.0461087
13 38 0.00429199
13 39 -0.0377653
13 40 -0.0792245
13 41 -0.120147
13 42 -0.158673
13 43 -0.195049
13 44 -0.227949
13 45 -0.257364
13 46 -0.2827
13 47 -0.303112
13 48 -0.318947
13 49 -0.329621
13 50 -0.334943
13 51 -0.334645
13 52 -0.329213
13 53 -0.318072
13 54 -0.302114
13 55 -0.281049
13 56 -0.255586
13 57 -0.225619
13 58 -0.192125
13 59 -0.155801
13 60 -0.116525
13 61 -0.0758272
13 62 -0.0333826
13 63 0.00840973
13 64 0.0500084
13 65 0.0908227
13 66 0.130248
13 67 0.167175
13 68 0.201867
13 69 0.232963
13 70 0.26009
13 71 0.282926
13 72 0.300802
13 73 0.313705
13 74 0.320817
13 75 0.322473
13 76 0.318604
13 77 0.309421
13 78 0.294659
13 79 0.274492
13 80 0.250167
13 81 0.220723
13 82 0.18743
13 83 0.150966
13 84 0.111502
13 85 0.0700215
13 86 0.0267958
13 87 -0.0177843
13 88 -0.0626875
13 89 -0.106957
13 90 -0.149901
13 91 -0.190593
13 92 -0.228581
13 93 -0.263407
13 94 -0.294112
13 95 -0.320877
13 96 -0.342908
13 97 -0.359913
13 98 -0.371688
13 99 -0.378082
13 100 -0.0470598
13 101 0

14 0 0
14 1 -0.0407226
14 2 -0.327161
14 3 -0.321034
14 4 -0.309448
14 5 -0.293197
14 6 -0.271698
14 7 -0.245655
14 8 -0.215314
14 9 -0.181265
14 10 -0.143673
14 11 -0.103137
14 12 -0.061076
14 13 -0.0179156
14 14 0.02602
14 15 0.0694816
14 16 0.1118
14 17 0.152643
14 18 0.191087
14 19 0.226653
14 20 0.25879
14 21 0.286804
14 22 0.310592
14 23 0.32941
14 24 0.343392
14 25 0.351952
14 26 0.354809
14 27 0.352218
14 28 0.344123
14 29 0.330962
14 30 0.312557
14 31 0.289098
14 32 0.261092
14 33 0.229521
14 34 0.194637
14 35 0.157275
14 36 0.118
14 37 0.0770799
14 38 0.0352799
14 39 -0.00692403
14 40 -0.0485979
14 41 -0.0893316
14 42 -0.128148
14 43 -0.16442
14 44 -0.197373
14 45 -0.226633
14 46 -0.25199
14 47 -0.272514
14 48 -0.288384
14 49 -0.29917
14 50 -0.304581
14 51 -0.304615
14 52 -0.298835
14 53 -0.287669
14 54 -0.271691
14 55 -0.250669
14 56 -0.225231
14 57 -0.195446
14 58 -0.162195
14 59 -0.125815
14 60 -0.0867986
14 61 -0.0459073
14 62 -0.00375916
14 63 0.0384163
14 64 0.0804511
14 65 0.121141
14 66 0.160455
14 67 0.197907
14 68 0.232634
14 69 0.264103
14 70 0.291515
14 71 0.31478
14 72 0.333143
14 73 0.346528
14 74 0.354259
14 75 0.356719
14 76 0.353551
14 77 0.344577
14 78 0.330357
14 79 0.311125
14 80 0.287632
14 81 0.259208
14 82 0.226843
14 83 0.191196
14 84 0.152587
14 85 0.111715
14 86 0.0690863
14 87 0.0253337
14 88 -0.0187921
14 89 -0.0624324
14 90 -0.104738
14 91 -0.144853
14 92 -0.182378
14 93 -0.216766
14 94 -0.247442
14 95 -0.273857
14 96 -0.295297
14 97 -0.311975
14 98 -0.323173
14 99 -0.329621
14 100 -0.0410537
14 101 0

15 0 0
15 1 -0.0346486
15 2 -0.278374
15 3 -0.272383
15 4 -0.261139
15 5 -0.245043
15 6 -0.223731
15 7 -0.198043
15 8 -0.168273
15 9 -0.134845
15 10 -0.0976244
15 11 -0.0578773
15 12 -0.0163444
15 13 0.0263474
15 14 0.0694816
15 15 0.112105
15 16 0.153815
15 17 0.193981
15 18 0.231917
15 19 0.266736
15 20 0.29809
15 21 0.32522
15 22 0.348088
15 23 0.366258
15 24 0.379369
15 25 0.387036
15 26 0.389412
15 27 0.386211
15 28 0.377579
15 29 0.363684
15 30 0.344862
15 31 0.321227
15 32 0.2931
15 33 0.261119
15 34 0.226285
15 35 0.188592
15 36 0.148936
15 37 0.107572
15 38 0.0658695
15 39 0.0234935
15 40 -0.0182031
15 41 -0.0588603
15 42 -0.0975277
15 43 -0.133938
15 44 -0.166869
15 45 -0.196387
15 46 -0.221689
15 47 -0.242315
15 48 -0.258302
15 49 -0.268957
15 50 -0.27458
15 51 -0.274571
15 52 -0.268929
15 53 -0.257789
15 54 -0.241899
15 55 -0.220791
15 56 -0.195293
15 57 -0.16562
15 58 -0.132231
15 59 -0.0959511
15 60 -0.056808
15 61 -0.0162257
15 62 0.0258233
15 63 0.0679978
15 64 0.110243
15 65 0.151092
15 66 0.190758
15 67 0.228315
15 68 0.263202
15 69 0.294584
15 70 0.322643
15 71 0.346273
15 72 0.364796
15 73 0.378502
15 74 0.386974
15 75 0.390159
15 76 0.3878
15 77 0.379692
15 78 0.366384
15 79 0.347845
15 80 0.325046
15 81 0.297565
15 82 0.266007
15 83 0.230937
15 84 0.193048
15 85 0.152869
15 86 0.111111
15 87 0.0681397
15 88 0.0249387
15 89 -0.0180382
15 90 -0.0597732
15 91 -0.0993395
15 92 -0.136102
15 93 -0.170097
15 94 -0.20034
15 95 -0.226391
15 96 -0.247763
15 97 -0.264041
15 98 -0.275143
15 99 -0.281149
15 100 -0.0349964
15 101 0

16 0 0
16 1 -0.028668
16 2 -0.230358
16 3 -0.224637
16 4 -0.213765
16 5 -0.197897
16 6 -0.177221
16 7 -0.151934
16 8 -0.122381
16 9 -0.0893355
16 10 -0.0525875
16 11 -0.0136322
16 12 0.027241
16 13 0.0692272
16 14 0.1118
16 15 0.153815
16 16 0.194827
16 17 0.233964
16 18 0.271299
16 19 0.305362
16 20 0.335915
16 21 0.36259
16 22 0.384578
16 23 0.401769
16 24 0.414158
16 25 0.42125
16 26 0.423172
16 27 0.419408
16 28 0.409797
16 29 0.39568
16 30 0.376424
16 31 0.352466
16 32 0.324176
16 33 0.292102
16 34 0.256891
16 35 0.219024
16 36 0.178755
16 37 0.137385
16 38 0.0955142
16 39 0.0527905
16 40 0.0111185
16 41 -0.0293738
16 42 -0.0680356
16 43 -0.10411
16 44 -0.137331
16 45 -0.166744
16 46 -0.191865
16 47 -0.212417
16 48 -0.228565
16 49 -0.239241
16 50 -0.244994
16 51 -0.244837
16 52 -0.239283
16 53 -0.228219
16 54 -0.212314
16 55 -0.191328
16 56 -0.165995
16 57 -0.136354
16 58 -0.103393
16 59 -0.0670508
16 60 -0.028144
16 61 0.0122479
16 62 0.0543427
16 63 0.0966726
16 64 0.139013
16 65 0.180086
16 66 0.219833
16 67 0.257983
16 68 0.293093
16 69 0.32462
16 70 0.352647
16 71 0.376571
16 72 0.395563
16 73 0.410084
16 74 0.418959
16 75 0.422779
16 76 0.421024
16 77 0.413328
16 78 0.400827
16 79 0.383479
16 80 0.361282
16 81 0.334542
16 82 0.303699
16 83 0.269419
16 84 0.23243
16 85 0.192879
16 86 0.151965
16 87 0.109741
16 88 0.0673064
16 89 0.0250365
16 90 -0.0158147
16 91 -0.0548091
16 92 -0.0909835
16 93 -0.124582
16 94 -0.154477
16 95 -0.180119
16 96 -0.200952
16 97 -0.216783
16 98 -0.227626
16 99 -0.233515
16 100 -0.0290785
16 101 0

17 0 0
17 1 -0.0228944
17 2 -0.183919
17 3 -0.178438
17 4 -0.167952
17 5 -0.152149
17 6 -0.131763
17 7 -0.10692
17 8 -0.0778315
17 9 -0.0451939
17 10 -0.00906553
17 11 0.0292524
17 12 0.0693547
17 13 0.110778
17 14 0.152643
17 15 0.193981
17 16 0.233964
17 17 0.272469
17 18 0.308935
17 19 0.34239
17 20 0.372322
17 21 0.398089
17 22 0.419284
17 23 0.435821
17 24 0.447626
17 25 0.453931
17 26 0.455134
17 27 0.450948
17 28 0.44116
17 29 0.426297
17 30 0.406413
17 31 0.382055
17 32 0.353824
17 33 0.321419
17 34 0.285837
17 35 0.247653
17 36 0.207529
17 37 0.166024
17 38 0.123738
17 39 0.0812192
17 40 0.0394919
17 41 -0.00110051
17 42 -0.0399326
17 43 -0.0759333
17 44 -0.108788
17 45 -0.138396
17 46 -0.163571
17 47 -0.184227
17 48 -0.200253
17 49 -0.210967
17 50 -0.216597
17 51 -0.216651
17 52 -0.211181
17 53 -0.200188
17 54 -0.184155
17 55 -0.163242
17 56 -0.138001
17 57 -0.108664
17 58 -0.0756535
17 59 -0.0396012
17 60 -0.000685685
17 61 0.0399239
17 62 0.0817584
17 63 0.124088
17 64 0.166271
17 65 0.207908
17 66 0.247893
17 67 0.28576
17 68 0.321059
17 69 0.352985
17 70 0.38162
17 71 0.405401
17 72 0.42501
17 73 0.440014
17 74 0.449375
17 75 0.453665
17 76 0.452334
17 77 0.445632
17 78 0.434081
17 79 0.417238
17 80 0.39588
17 81 0.369986
17 82 0.340011
17 83 0.306604
17 84 0.270266
17 85 0.23145
17 86 0.191085
17 87 0.149872
17 88 0.108237
17 89 0.0667739
17 90 0.0265677
17 91 -0.0115909
17 92 -0.0474259
17 93 -0.0804434
17 94 -0.109626
17 95 -0.134906
17 96 -0.155542
17 97 -0.171024
17 98 -0.181849
17 99 -0.187492
17 100 -0.0233298
17 101 0

18 0 0
18 1 -0.017387
18 2 -0.139724
18 3 -0.134443
18 4 -0.124236
18 5 -0.108951
18 6 -0.0888947
18 7 -0.0641038
18 8 -0.0352394
18 9 -0.00300766
18 10 0.0322335
18 11 0.0698214
18 12 0.109522
18 13 0.150101
18 14 0.191087
18 15 0.231917
18 16 0.271299
18 17 0.308935
18 18 0.344551
18 19 0.377033
18 20 0.405819
18 21 0.430961
18 22 0.451583
18 23 0.467473
18 24 0.478503
18 25 0.484214
18 26 0.484848
18 27 0.47998
18 28 0.469691
18 29 0.454572
18 30 0.434404
18 31 0.409643
18 32 0.381011
18 33 0.348469
18 34 0.312518
18 35 0.27414
18 36 0.23393
18 37 0.192393
18 38 0.150046
18 39 0.107313
18 40 0.065525
18 41 0.0248679
18 42 -0.0138836
18 43 -0.0498794
18 44 -0.0829219
18 45 -0.112305
18 46 -0.137399
18 47 -0.158007
18 48 -0.173792
18 49 -0.184545
18 50 -0.19025
18 51 -0.190238
18 52 -0.184827
18 53 -0.174019
18 54 -0.158097
18 55 -0.137527
18 56 -0.112436
18 57 -0.0830754
18 58 -0.0501814
18 59 -0.0140864
18 60 0.0245857
18 61 0.0651746
18 62 0.107137
18 63 0.149451
18 64 0.191759
18 65 0.233253
18 66 0.273276
18 67 0.311414
18 68 0.347062
18 69 0.379375
18 70 0.407911
18 71 0.432245
18 72 0.452248
18 73 0.46735
18 74 0.477188
18 75 0.481962
18 76 0.481522
18 77 0.475593
18 78 0.464607
18 79 0.448681
18 80 0.427911
18 81 0.402927
18 82 0.37394
18 83 0.341534
18 84 0.306031
18 85 0.267879
18 86 0.228151
18 87 0.187714
18 88 0.146875
18 89 0.106302
18 90 0.0670207
18 91 0.0293187
18 92 -0.00583482
18 93 -0.0380336
18 94 -0.0671087
18 95 -0.0920135
18 96 -0.112272
18 97 -0.127651
18 98 -0.138052
18 99 -0.143532
18 100 -0.0178744
18 101 0

19 0 0
19 1 -0.0122666
19 2 -0.098443
19 3 -0.0931126
19 4 -0.0832775
19 5 -0.0682921
19 6 -0.0486234
19 7 -0.0245785
19 8 0.00398944
19 9 0.0360077
19 10 0.0707567
19 11 0.107812
19 12 0.146688
19 13 0.18653
19 14 0.226653
19 15 0.266736
19 16 0.305362
19 17 0.34239
19 18 0.377033
19 19 0.408647
19 20 0.436639
19 21 0.460716
19 22 0.480656
19 23 0.495987
19 24 0.506565
19 25 0.511528
19 26 0.511496
19 27 0.506269
19 28 0.495816
19 29 0.480154
19 30 0.459623
19 31 0.434478
19 32 0.405658
19 33 0.372815
19 34 0.336863
19 35 0.298341
19 36 0.258023
19 37 0.216123
19 38 0.17362
19 39 0.131078
19 40 0.0892358
19 41 0.0484113
19 42 0.00979328
19 43 -0.0262513
19 44 -0.0591462
19 45 -0.0886026
19 46 -0.113646
19 47 -0.134078
19 48 -0.149832
19 49 -0.160549
19 50 -0.166227
19 51 -0.166191
19 52 -0.161002
19 53 -0.150275
19 54 -0.13438
19 55 -0.113811
19 56 -0.0889943
19 57 -0.0598335
19 58 -0.0269142
19 59 0.00887746
19 60 0.0474819
19 61 0.0879788
19 62 0.129977
19 63 0.172276
19 64 0.214548
19 65 0.25616
19 66 0.296411
19 67 0.334612
19 68 0.370355
19 69 0.402957
19 70 0.432082
19 71 0.456355
19 72 0.476617
19 73 0.492194
19 74 0.502461
19 75 0.507648
19 76 0.50772
19 77 0.502439
19 78 0.492363
19 79 0.476946
19 80 0.457033
19 81 0.432969
19 82 0.404946
19 83 0.373255
19 84 0.338507
19 85 0.301316
19 86 0.262484
19 87 0.222823
19 88 0.182562
19 89 0.142939
19 90 0.104284
19 91 0.0672702
19 92 0.0327286
19 93 0.00111036
19 94 -0.0272986
19 95 -0.0518258
19 96 -0.0717555
19 97 -0.0868576
19 98 -0.0972006
19 99 -0.102425
19 100 -0.0127488
19 101 0

20 0 0
20 1 -0.00756137
20 2 -0.060573
20 3 -0.0553675
20 4 -0.0455734
20 5 -0.0311794
20 6 -0.0116604
20 7 0.0118906
20 8 0.0397717
20 9 0.0713672
20 10 0.10565
20 11 0.142225
20 12 0.180352
20 13 0.219618
20 14 0.25879
20 15 0.29809
20 16 0.335915
20 17 0.372322
20 18 0.405819
20 19 0.436639
20 20 0.463863
20 21 0.487166
20 22 0.506438
20 23 0.521239
20 24 0.530762
20 25 0.535454
20 26 0.5349
20 27 0.529056
20 28 0.518308
20 29 0.502288
20 30 0.481418
20 31 0.456005
20 32 0.426902
20 33 0.393941
20 34 0.35776
20 35 0.319362
20 36 0.278883
20 37 0.236921
20 38 0.194246
20 39 0.151787
20 40 0.109778
20 41 0.0691553
20 42 0.0306459
20 43 -0.00544493
20 44 -0.03835
20 45 -0.0676218
20 46 -0.0926973
20 47 -0.11314
20 48 -0.128707
20 49 -0.139398
20 50 -0.144831
20 51 -0.145158
20 52 -0.139883
20 53 -0.129346
20 54 -0.113733
20 55 -0.0929451
20 56 -0.0682003
20 57 -0.0393458
20 58 -0.0063973
20 59 0.0291157
20 60 0.0674187
20 61 0.108101
20 62 0.149706
20 63 0.192074
20 64 0.234448
20 65 0.27609
20 66 0.316159
20 67 0.354617
20 68 0.390438
20 69 0.423156
20 70 0.452471
20 71 0.477102
20 72 0.497647
20 73 0.51356
20 74 0.524472
20 75 0.530022
20 76 0.53039
20 77 0.525961
20 78 0.516423
20 79 0.501882
20 80 0.482857
20 81 0.459742
20 82 0.432252
20 83 0.401384
20 84 0.367587
20 85 0.331543
20 86 0.293279
20 87 0.254613
20 88 0.214984
20 89 0.17609
20 90 0.138239
20 91 0.101881
20 92 0.0677067
20 93 0.0368161
20 94 0.00902294
20 95 -0.0149532
20 96 -0.0343741
20 97 -0.0494809
20 98 -0.0595637
20 99 -0.0647394
20 100 -0.00805827
20 101 0

21 0 0
21 1 -0.00335002
21 2 -0.0267294
21 3 -0.0216626
21 4 -0.0123475
21 5 0.00199721
21 6 0.0212419
21 7 0.0444327
21 8 0.0719787
21 9 0.102875
21 10 0.136593
21 11 0.17251
21 12 0.210022
21 13 0.248392
21 14 0.286804
21 15 0.32522
21 16 0.36259
21 17 0.398089
21 18 0.430961
21 19 0.460716
21 20 0.487166
21 21 0.510189
21 22 0.528671
21 23 0.542465
21 24 0.55157
21 25 0.555426
21 26 0.554695
21 27 0.548476
21 28 0.536841
21 29 0.520686
21 30 0.499749
21 31 0.474225
21 32 0.444754
21 33 0.411478
21 34 0.375309
21 35 0.336707
21 36 0.29627
21 37 0.254422
21 38 0.212154
21 39 0.169373
21 40 0.127445
21 41 0.0866665
21 42 0.0483135
21 43 0.012406
21 44 -0.020523
21 45 -0.0497078
21 46 -0.0746048
21 47 -0.095097
21 48 -0.110618
21 49 -0.121172
21 50 -0.126825
21 51 -0.126992
21 52 -0.1218
21 53 -0.11139
21 54 -0.0957427
21 55 -0.0752564
21 56 -0.0504308
21 57 -0.0216084
21 58 0.010794
21 59 0.0464268
21 60 0.0847399
21 61 0.124933
21 62 0.166771
21 63 0.208854
21 64 0.251103
21 65 0.292327
21 66 0.332695
21 67 0.371251
21 68 0.407283
21 69 0.440038
21 70 0.469262
21 71 0.494452
21 72 0.515045
21 73 0.531211
21 74 0.542534
21 75 0.548756
21 76 0.550037
21 77 0.545857
21 78 0.536956
21 79 0.523208
21 80 0.504952
21 81 0.482497
21 82 0.455929
21 83 0.425858
21 84 0.392982
21 85 0.357557
21 86 0.320155
21 87 0.282026
21 88 0.243434
21 89 0.205366
21 90 0.168377
21 91 0.132666
21 92 0.0991061
21 93 0.068592
21 94 0.0414164
21 95 0.0176945
21 96 -0.00140239
21 97 -0.0159703
21 98 -0.0258946
21 99 -0.0308685
21 100 -0.00385641
21 101 0

22 0 0
22 1 0.000300811
22 2 0.00240966
22 3 0.00712932
22 4 0.0162338
22 5 0.0305592
22 6 0.0493522
22 7 0.0723114
22 8 0.0993666
22 9 0.129686
22 10 0.163082
22 11 0.198329
22 12 0.235351
22 13 0.272838
22 14 0.310592
22 15 0.348088
22 16 0.384578
22 17 0.419284
22 18 0.451583
22 19 0.480656
22 20 0.506438
22 21 0.528671
22 22 0.546435
22 23 0.559873
22 24 0.56834
22 25 0.571765
22 26 0.570438
22 27 0.563869
22 28 0.551798
22 29 0.535092
22 30 0.514153
22 31 0.488542
22 32 0.458866
22 33 0.425503
22 34 0.389282
22 35 0.350574
22 36 0.310159
22 37 0.268331
22 38 0.225964
22 39 0.183491
22 40 0.141413
22 41 0.100626
22 42 0.0623587
22 43 0.0268201
22 44 -0.00580648
22 45 -0.0347244
22 46 -0.0596085
22 47 -0.0800495
22 48 -0.0955235
22 49 -0.105892
22 50 -0.111431
22 51 -0.111603
22 52 -0.106667
22 53 -0.0963589
22 54 -0.0808471
22 55 -0.0604453
22 56 -0.0357457
22 57 -0.00720826
22 58 0.0247466
22 59 0.0600889
22 60 0.0982842
22 61 0.138322
22 62 0.179957
22 63 0.222172
22 64 0.264126
22 65 0.305474
22 66 0.345832
22 67 0.384348
22 68 0.420319
22 69 0.453004
22 70 0.482484
22 71 0.507757
22 72 0.528737
22 73 0.545219
22 74 0.55703
22 75 0.563908
22 76 0.565566
22 77 0.561927
22 78 0.553337
22 79 0.540402
22 80 0.522813
22 81 0.501002
22 82 0.475287
22 83 0.445941
22 84 0.413788
22 85 0.379137
22 86 0.342821
22 87 0.305361
22 88 0.26768
22 89 0.230453
22 90 0.19416
22 91 0.159009
22 92 0.126108
22 93 0.095844
22 94 0.0690149
22 95 0.0457743
22 96 0.0268892
22 97 0.0126323
22 98 0.00298479
22 99 -0.00164582
22 100 -0.000189435
22 101 0

23 0 0
23 1 0.00327328
23 2 0.0262435
23 3 0.0308364
23 4 0.0401689
23 5 0.0542339
23 6 0.0727494
23 7 0.0956654
23 8 0.122333
23 9 0.1521
23 10 0.184612
23 11 0.219533
23 12 0.255635
23 13 0.292436
23 14 0.32941
23 15 0.366258
23 16 0.401769
23 17 0.435821
23 18 0.467473
23 19 0.495987
23 20 0.521239
23 21 0.542465
23 22 0.559873
23 23 0.572648
23 24 0.580686
23 25 0.583827
23 26 0.581687
23 27 0.57457
23 28 0.562314
23 29 0.5454
23 30 0.524073
23 31 0.498402
23 32 0.468859
23 33 0.435586
23 34 0.399128
23 35 0.360434
23 36 0.319865
23 37 0.278121
23 38 0.235718
23 39 0.193446
23 40 0.151615
23 41 0.111375
23 42 0.0732707
23 43 0.0378163
23 44 0.00538079
23 45 -0.0232927
23 46 -0.0481891
23 47 -0.0683813
23 48 -0.0838136
23 49 -0.0941657
23 50 -0.0995205
23 51 -0.0998565
23 52 -0.0948633
23 53 -0.0846857
23 54 -0.0694529
23 55 -0.0490269
23 56 -0.0246518
23 57 0.00366297
23 58 0.0354619
23 59 0.0704141
23 60 0.108123
23 61 0.148078
23 62 0.189338
23 63 0.231411
23 64 0.273342
23 65 0.314793
23 66 0.354903
23 67 0.393378
23 68 0.429295
23 69 0.462097
23 70 0.491507
23 71 0.516767
23 72 0.538004
23 73 0.555041
23 74 0.567136
23 75 0.574424
23 76 0.576538
23 77 0.573588
23 78 0.565638
23 79 0.553126
23 80 0.536401
23 81 0.515087
23 82 0.490094
23 83 0.46145
23 84 0.429826
23 85 0.396155
23 86 0.360663
23 87 0.324169
23 88 0.287146
23 89 0.25062
23 90 0.215014
23 91 0.180862
23 92 0.14839
23 93 0.118543
23 94 0.0920929
23 95 0.0693886
23 96 0.0506147
23 97 0.0363639
23 98 0.0269248
23 99 0.0224369
23 100 0.00281328
23 101 0

24 0 0
24 1 0.00553744
24 2 0.0445162
24 3 0.0492521
24 4 0.0586851
24 5 0.072764
24 6 0.0911169
24 7 0.113818
24 8 0.140088
24 9 0.169254
24 10 0.201281
24 11 0.235496
24 12 0.270879
24 13 0.307096
24 14 0.343392
24 15 0.379369
24 16 0.414158
24 17 0.447626
24 18 0.478503
24 19 0.506565
24 20 0.530762
24 21 0.55157
24 22 0.56834
24 23 0.580686
24 24 0.58814
24 25 0.590816
24 26 0.588364
24 27 0.580639
24 28 0.568119
24 29 0.550846
24 30 0.529358
24 31 0.503785
24 32 0.474132
24 33 0.44076
24 34 0.404556
24 35 0.365958
24 36 0.325454
24 37 0.283925
24 38 0.241641
24 39 0.199563
24 40 0.158188
24 41 0.11836
24 42 0.0804517
24 43 0.0451764
24 44 0.0129616
24 45 -0.0155652
24 46 -0.0401781
24 47 -0.0603484
24 48 -0.0756751
24 49 -0.0860289
24 50 -0.0914088
24 51 -0.0917207
24 52 -0.0866424
24 53 -0.0764957
24 54 -0.0613261
24 55 -0.0414223
24 56 -0.0171872
24 57 0.0109878
24 58 0.0424504
24 59 0.0772606
24 60 0.114503
24 61 0.153986
24 62 0.194946
24 63 0.23688
24 64 0.278615
24 65 0.319835
24 66 0.359795
24 67 0.398062
24 68 0.433948
24 69 0.466755
24 70 0.496043
24 71 0.521348
24 72 0.54273
24 73 0.559763
24 74 0.572504
24 75 0.580203
24 76 0.582827
24 77 0.580386
24 78 0.572976
24 79 0.561265
24 80 0.544946
24 81 0.524428
24 82 0.499917
24 83 0.472271
24 84 0.441356
24 85 0.408456
24 86 0.373704
24 87 0.338034
24 88 0.301748
24 89 0.265904
24 90 0.23092
24 91 0.197412
24 92 0.165459
24 93 0.136128
24 94 0.110264
24 95 0.0877432
24 96 0.0691506
24 97 0.055232
24 98 0.0455943
24 99 0.0411035
24 100 0.00512188
24 101 0

25 0 0
25 1 0.00712423
25 2 0.0573058
25 3 0.0620163
25 4 0.0715011
25 5 0.0855784
25 6 0.1037
25 7 0.12623
25 8 0.151908
25 9 0.180634
25 10 0.212269
25 11 0.245914
25 12 0.280768
25 13 0.316355
25 14 0.351952
25 15 0.387036
25 16 0.42125
25 17 0.453931
25 18 0.484214
25 19 0.511528
25 20 0.535454
25 21 0.555426
25 22 0.571765
25 23 0.583827
25 24 0.590816
25 25 0.593041
25 26 0.589957
25 27 0.582199
25 28 0.569578
25 29 0.552153
25 30 0.530459
25 31 0.504638
25 32 0.474962
25 33 0.441661
25 34 0.405512
25 35 0.367158
25 36 0.326884
25 37 0.285671
25 38 0.243426
25 39 0.20176
25 40 0.160687
25 41 0.121415
25 42 0.0836857
25 43 0.0487514
25 44 0.017052
25 45 -0.011317
25 46 -0.0357396
25 47 -0.055702
25 48 -0.0710034
25 49 -0.0813619
25 50 -0.0867933
25 51 -0.087096
25 52 -0.0819957
25 53 -0.0715637
25 54 -0.0567374
25 55 -0.0371306
25 56 -0.0131651
25 57 0.0145068
25 58 0.0458428
25 59 0.0800886
25 60 0.116963
25 61 0.156238
25 62 0.196498
25 63 0.238157
25 64 0.279639
25 65 0.320897
25 66 0.360576
25 67 0.398438
25 68 0.434095
25 69 0.467016
25 70 0.496468
25 71 0.521805
25 72 0.543293
25 73 0.560509
25 74 0.573354
25 75 0.581398
25 76 0.584226
25 77 0.582434
25 78 0.57553
25 79 0.564162
25 80 0.54831
25 81 0.528397
25 82 0.504912
25 83 0.477746
25 84 0.447571
25 85 0.415361
25 86 0.381535
25 87 0.346555
25 88 0.31091
25 89 0.275708
25 90 0.241468
25 91 0.208341
25 92 0.176969
25 93 0.148113
25 94 0.122575
25 95 0.100642
25 96 0.0822449
25 97 0.0682108
25 98 0.0587595
25 99 0.0542539
25 100 0.00676261
25 101 0

26 0 0
26 1 0.00802287
26 2 0.0645055
26 3 0.0691607
26 4 0.0786862
26 5 0.0927424
26 6 0.110777
26 7 0.13277
26 8 0.158246
26 9 0.18657
26 10 0.217773
26 11 0.250556
26 12 0.284869
26 13 0.319639
26 14 0.354809
26 15 0.389412
26 16 0.423172
26 17 0.455134
26 18 0.484848
26 19 0.511496
26 20 0.5349
26 21 0.554695
26 22 0.570438
26 23 0.581687
26 24 0.588364
26 25 0.589957
26 26 0.586554
26 27 0.578911
26 28 0.566211
26 29 0.548602
26 30 0.526932
26 31 0.501084
26 32 0.471162
26 33 0.438014
26 34 0.402117
26 35 0.363946
26 36 0.32414
26 37 0.283069
26 38 0.2414
26 39 0.199943
26 40 0.159402
26 41 0.120159
26 42 0.0829863
26 43 0.0484896
26 44 0.0171428
26 45 -0.0108941
