0 0 0
0 1 0
0 2 0
0 3 0
0 4 0
0 5 0
0 6 0
0 7 0
0 8 0
0 9 0
0 10 0
0 11 0
0 12 0
0 13 0
0 14 0
0 15 0
0 16 0
0 17 0
0 18 0
0 19 0
0 20 0
0 21 0
0 22 0
0 23 0
0 24 0
0 25 0
0 26 0
0 27 0
0 28 0
0 29 0
0 30 0
0 31 0
0 32 0
0 33 0
0 34 0
0 35 0
0 36 0
0 37 0
0 38 0
0 39 0
0 40 0
0 41 0
0 42 0
0 43 0
0 44 0
0 45 0
0 46 0
0 47 0
0 48 0
0 49 0
0 50 0
0 51 0
0 52 0
0 53 0
0 54 0
0 55 0
0 56 0
0 57 0
0 58 0
0 59 0
0 60 0
0 61 0
0 62 0
0 63 0
0 64 0
0 65 0
0 66 0
0 67 0
0 68 0
0 69 0
0 70 0
0 71 0
0 72 0
0 73 0
0 74 0
0 75 0
0 76 0
0 77 0
0 78 0
0 79 0
0 80 0
0 81 0
0 82 0
0 83 0
0 84 0
0 85 0
0 86 0
0 87 0
0 88 0
0 89 0
0 90 0
0 91 0
0 92 0
0 93 0
0 94 0
0 95 0
0 96 0
0 97 0
0 98 0
0 99 0
0 100 0
0 101 0

1 0 0
1 1 0
1 2 0.0749346
1 3 0.0742386
1 4 0.0733946
1 5 0.0714541
1 6 0.0689912
1 7 0.0658209
1 8 0.0621633
1 9 0.0581779
1 10 0.0534332
1 11 0.0485254
1 12 0.0435017
1 13 0.038367
1 14 0.0330497
1 15 0.027881
1 16 0.0224537
1 17 0.0177494
1 18 0.0128646
1 19 0.00825791
1 20 0.00423189
1 21 0.000470705
1 22 -0.00273677
1 23 -0.00531492
1 24 -0.00734879
1 25 -0.00889409
1 26 -0.00994451
1 27 -0.0104323
1 28 -0.0102032
1 29 -0.00974615
1 30 -0.00820251
1 31 -0.00640202
1 32 -0.00401002
1 33 -0.00132632
1 34 0.00202322
1 35 0.0056397
1 36 0.00960771
1 37 0.013773
1 38 0.0178455
1 39 0.0217255
1 40 0.0258247
1 41 0.0290442
1 42 0.0328572
1 43 0.0360583
1 44 0.0389481
1 45 0.0417433
1 46 0.0440764
1 47 0.045929
1 48 0.0474721
1 49 0.0485408
1 50 0.0490285
1 51 0.049083
1 52 0.0484237
1 53 0.0469196
1 54 0.0454445
1 55 0.043367
1 56 0.0407515
1 57 0.0380601
1 58 0.0348776
1 59 0.0313603
1 60 0.0280647
1 61 0.023889
1 62 0.0201423
1 63 0.0160496
1 64 0.0119824
1 65 0.00768535
1 66 0.00385616
1 67 0.000264913
1 68 -0.00300496
1 69 -0.00558912
1 70 -0.00776943
1 71 -0.00971961
1 72 -0.0108233
1 73 -0.0118629
1 74 -0.011784
1 75 -0.0114636
1 76 -0.0104138
1 77 -0.00871801
1 78 -0.00647735
1 79 -0.00347887
1 80 -0.000224641
1 81 0.00343908
1 82 0.00777603
1 83 0.0124149
1 84 0.0172671
1 85 0.0227052
1 86 0.0277346
1 87 0.0330324
1 88 0.0385059
1 89 0.0437939
1 90 0.048841
1 91 0.0536886
1 92 0.0583537
1 93 0.0626652
1 94 0.0661247
1 95 0.0692428
1 96 0.0719095
1 97 0.0737633
1 98 0.0751292
1 99 0.0756838
1 100 0
1 101 0

2 0 0
2 1 0.0749346
2 2 0.602807
2 3 0.598042
2 4 0.588575
2 5 0.573801
2 6 0.553805
2 7 0.528905
2 8 0.499422
2 9 0.466118
2 10 0.429364
2 11 0.389912
2 12 0.349434
2 13 0.307829
2 14 0.26554
2 15 0.22305
2 16 0.181767
2 17 0.14169
2 18 0.103103
2 19 0.0667608
2 20 0.0335139
2 21 0.00375032
2 22 -0.0218712
2 23 -0.0427872
2 24 -0.0593281
2 25 -0.0720626
2 26 -0.0802226
2 27 -0.0839544
2 28 -0.0830778
2 29 -0.0773371
2 30 -0.06693
2 31 -0.0516448
2 32 -0.0325721
2 33 -0.0102439
2 34 0.0160298
2 35 0.0455075
2 36 0.0771016
2 37 0.110003
2 38 0.14309
2 39 0.175336
2 40 0.206131
2 41 0.235243
2 42 0.263168
2 43 0.289387
2 44 0.313372
2 45 0.335141
2 46 0.354046
2 47 0.369518
2 48 0.381352
2 49 0.389566
2 50 0.393904
2 51 0.393778
2 52 0.388362
2 53 0.37833
2 54 0.364941
2 55 0.348168
2 56 0.327977
2 57 0.305133
2 58 0.280034
2 59 0.253154
2 60 0.224246
2 61 0.193138
2 62 0.161196
2 63 0.128682
2 64 0.0953899
2 65 0.0622973
2 66 0.0308181
2 67 0.00195701
2 68 -0.0235753
2 69 -0.0454145
2 70 -0.0632561
2 71 -0.0775362
2 72 -0.0884358
2 73 -0.0945637
2 74 -0.095766
2 75 -0.0922875
2 76 -0.0838303
2 77 -0.0702189
2 78 -0.0515363
2 79 -0.0286757
2 80 -0.00208675
2 81 0.0280274
2 82 0.0622222
2 83 0.0995676
2 84 0.139385
2 85 0.180915
2 86 0.223034
2 87 0.265705
2 88 0.308894
2 89 0.351122
2 90 0.392393
2 91 0.431671
2 92 0.468764
2 93 0.502359
2 94 0.531455
2 95 0.556437
2 96 0.577034
2 97 0.592874
2 98 0.603609
2 99 0.608721
2 100 0.0756838
2 101 0

3 0 0
3 1 0.0742386
3 2 0.598042
3 3 0.593947
3 4 0.581603
3 5 0.567309
3 6 0.546639
3 7 0.522147
3 8 0.492804
3 9 0.458158
3 10 0.423072
3 11 0.384461
3 12 0.343647
3 13 0.301621
3 14 0.2599
3 15 0.21746
3 16 0.178645
3 17 0.136317
3 18 0.0984567
3 19 0.0629349
3 20 0.0286849
3 21 -0.000496134
3 22 -0.0254925
3 23 -0.0465708
3 24 -0.0635266
3 25 -0.0764641
3 26 -0.0846967
3 27 -0.0881782
3 28 -0.0877165
3 29 -0.079807
3 30 -0.0714196
3 31 -0.0555527
3 32 -0.0366924
3 33 -0.0133276
3 34 0.0123621
3 35 0.0423074
3 36 0.0737698
3 37 0.106008
3 38 0.139327
3 39 0.172671
3 40 0.201443
3 41 0.234081
3 42 0.25935
3 43 0.286115
3 44 0.311171
3 45 0.332059
3 46 0.351007
3 47 0.367125
3 48 0.378562
3 49 0.386301
3 50 0.390787
3 51 0.389829
3 52 0.384584
3 53 0.37712
3 54 0.362131
3 55 0.345123
3 56 0.325943
3 57 0.301779
3 58 0.277111
3 59 0.251135
3 60 0.219462
3 61 0.190954
3 62 0.157217
3 63 0.125039
3 64 0.0911743
3 65 0.0595992
3 66 0.0274604
3 67 -0.00153911
3 68 -0.0264173
3 69 -0.049235
3 70 -0.0675362
3 71 -0.0806691
3 72 -0.0934034
3 73 -0.0975556
3 74 -0.100663
3 75 -0.0960521
3 76 -0.0873867
3 77 -0.0735888
3 78 -0.0544772
3 79 -0.0332072
3 80 -0.00654864
3 81 0.0242935
3 82 0.0576312
3 83 0.0951048
3 84 0.135584
3 85 0.174529
3 86 0.218294
3 87 0.261023
3 88 0.302746
3 89 0.344772
3 90 0.386451
3 91 0.426242
3 92 0.462346
3 93 0.494408
3 94 0.525152
3 95 0.550106
3 96 0.569787
3 97 0.586942
3 98 0.597779
3 99 0.604006
3 100 0.0751682
3 101 0

4 0 0
4 1 0.0733946
4 2 0.588575
4 3 0.581603
4 4 0.571703
4 5 0.55633
4 6 0.535378
4 7 0.509373
4 8 0.48007
4 9 0.447912
4 10 0.412506
4 11 0.374546
4 12 0.333379
4 13 0.291648
4 14 0.250144
4 15 0.209151
4 16 0.167732
4 17 0.127721
4 18 0.0888873
4 19 0.0525944
4 20 0.0199688
4 21 -0.00874873
4 22 -0.0342979
4 23 -0.0554603
4 24 -0.0721541
4 25 -0.0841152
4 26 -0.0923473
4 27 -0.0956302
4 28 -0.0938701
4 29 -0.0878816
4 30 -0.0767037
4 31 -0.0621866
4 32 -0.0427864
4 33 -0.0193396
4 34 0.00615296
4 35 0.0350747
4 36 0.0666091
4 37 0.0998567
4 38 0.132665
4 39 0.16533
4 40 0.196789
4 41 0.22651
4 42 0.254658
4 43 0.280998
4 44 0.305268
4 45 0.327123
4 46 0.345459
4 47 0.361205
4 48 0.373662
4 49 0.381805
4 50 0.385242
4 51 0.38425
4 52 0.379888
4 53 0.370977
4 54 0.357484
4 55 0.340189
4 56 0.3199
4 57 0.297517
4 58 0.271903
4 59 0.244017
4 60 0.214594
4 61 0.183951
4 62 0.151572
4 63 0.118187
4 64 0.0847856
4 65 0.052247
4 66 0.0212121
4 67 -0.0069417
4 68 -0.0327976
4 69 -0.054662
4 70 -0.0735903
4 71 -0.0891341
4 72 -0.0988716
4 73 -0.104942
4 74 -0.106638
4 75 -0.103443
4 76 -0.09461
4 77 -0.0812768
4 78 -0.0638375
4 79 -0.0411586
4 80 -0.015177
4 81 0.0149189
4 82 0.0485463
4 83 0.0858459
4 84 0.125394
4 85 0.166789
4 86 0.208499
4 87 0.250561
4 88 0.29301
4 89 0.335803
4 90 0.376284
4 91 0.415101
4 92 0.45139
4 93 0.483971
4 94 0.51213
4 95 0.537545
4 96 0.559517
4 97 0.575398
4 98 0.586658
4 99 0.594496
4 100 0.0740948
4 101 0

5 0 0
5 1 0.0714541
5 2 0.573801
5 3 0.567309
5 4 0.55633
5 5 0.539013
5 6 0.519051
5 7 0.493973
5 8 0.464963
5 9 0.432895
5 10 0.39714
5 11 0.359699
5 12 0.320338
5 13 0.279106
5 14 0.236553
5 15 0.195397
5 16 0.153863
5 17 0.114456
5 18 0.0751166
5 19 0.0388406
5 20 0.00663427
5 21 -0.0218616
5 22 -0.046914
5 23 -0.0677504
5 24 -0.0841032
5 25 -0.0958559
5 26 -0.103067
5 27 -0.105669
5 28 -0.102887
5 29 -0.0966557
5 30 -0.0846279
5 31 -0.0707062
5 32 -0.0507323
5 33 -0.0273212
5 34 -0.00122536
5 35 0.0273696
5 36 0.0586048
5 37 0.0911196
5 38 0.124416
5 39 0.156405
5 40 0.189465
5 41 0.218826
5 42 0.248455
5 43 0.274332
5 44 0.298324
5 45 0.320142
5 46 0.338554
5 47 0.353978
5 48 0.366486
5 49 0.374631
5 50 0.377556
5 51 0.376587
5 52 0.372257
5 53 0.362754
5 54 0.350255
5 55 0.333303
5 56 0.313333
5 57 0.29149
5 58 0.265928
5 59 0.23731
5 60 0.20828
5 61 0.175934
5 62 0.143986
5 63 0.109413
5 64 0.0769827
5 65 0.0441908
5 66 0.0135478
5 67 -0.0147276
5 68 -0.0407667
5 69 -0.0630596
5 70 -0.0818322
5 71 -0.0975986
5 72 -0.106981
5 73 -0.114219
5 74 -0.115833
5 75 -0.11367
5 76 -0.105123
5 77 -0.0925412
5 78 -0.0762089
5 79 -0.0543804
5 80 -0.0283647
5 81 0.00198879
5 82 0.0356266
5 83 0.072487
5 84 0.111675
5 85 0.153963
5 86 0.195594
5 87 0.238044
5 88 0.280189
5 89 0.321923
5 90 0.36235
5 91 0.400244
5 92 0.436132
5 93 0.469047
5 94 0.496924
5 95 0.520942
5 96 0.54271
5 97 0.559693
5 98 0.572175
5 99 0.578964
5 100 0.0720541
5 101 0

6 0 0
6 1 0.0689912
6 2 0.553805
6 3 0.546639
6 4 0.535378
6 5 0.519051
6 6 0.498861
6 7 0.474071
6 8 0.445169
6 9 0.413943
6 10 0.378997
6 11 0.342117
6 12 0.303674
6 13 0.263201
6 14 0.221221
6 15 0.179773
6 16 0.137955
6 17 0.0980564
6 18 0.0589839
6 19 0.0229733
6 20 -0.00972706
6 21 -0.0380384
6 22 -0.0627704
6 23 -0.0828993
6 24 -0.0986867
6 25 -0.109567
6 26 -0.116272
6 27 -0.118114
6 28 -0.114637
6 29 -0.10767
6 30 -0.0954635
6 31 -0.0802524
6 32 -0.0612594
6 33 -0.0379732
6 34 -0.0115048
6 35 0.0172649
6 36 0.0478855
6 37 0.0810649
6 38 0.11329
6 39 0.145974
6 40 0.178875
6 41 0.209982
6 42 0.239838
6 43 0.266698
6 44 0.290104
6 45 0.311877
6 46 0.330511
6 47 0.345895
6 48 0.358239
6 49 0.366088
6 50 0.369555
6 51 0.368268
6 52 0.363437
6 53 0.353634
6 54 0.34131
6 55 0.32518
6 56 0.305693
6 57 0.283996
6 58 0.257808
6 59 0.229506
6 60 0.19934
6 61 0.166751
6 62 0.133391
6 63 0.0998019
6 64 0.066274
6 65 0.0340416
6 66 0.00313141
6 67 -0.0253903
6 68 -0.0511292
6 69 -0.0733043
6 70 -0.092731
6 71 -0.10789
6 72 -0.117903
6 73 -0.125566
6 74 -0.12764
6 75 -0.125316
6 76 -0.118426
6 77 -0.106839
6 78 -0.0909511
6 79 -0.0698443
6 80 -0.0441722
6 81 -0.0133724
6 82 0.0199237
6 83 0.0564312
6 84 0.0958329
6 85 0.138485
6 86 0.1806
6 87 0.223305
6 88 0.264805
6 89 0.305307
6 90 0.345012
6 91 0.382458
6 92 0.416718
6 93 0.448823
6 94 0.476864
6 95 0.501674
6 96 0.522637
6 97 0.538921
6 98 0.551058
6 99 0.558381
6 100 0.0695165
6 101 0

7 0 0
7 1 0.0658209
7 2 0.528905
7 3 0.522147
7 4 0.509373
7 5 0.493973
7 6 0.474071
7 7 0.450086
7 8 0.422176
7 9 0.39044
7 10 0.35641
7 11 0.320289
7 12 0.282469
7 13 0.241675
7 14 0.200959
7 15 0.15934
7 16 0.119325
7 17 0.0781436
7 18 0.0403537
7 19 0.00533115
7 20 -0.0274426
7 21 -0.0554512
7 22 -0.0792222
7 23 -0.0997398
7 24 -0.116075
7 25 -0.126046
7 26 -0.132102
7 27 -0.132853
7 28 -0.129736
7 29 -0.121841
7 30 -0.110338
7 31 -0.0937922
7 32 -0.0750401
7 33 -0.0511263
7 34 -0.0242548
7 35 0.00466242
7 36 0.0350879
7 37 0.0677988
7 38 0.10022
7 39 0.13404
7 40 0.166251
7 41 0.199672
7 42 0.228701
7 43 0.256357
7 44 0.280589
7 45 0.302489
7 46 0.32159
7 47 0.337133
7 48 0.348355
7 49 0.355639
7 50 0.359266
7 51 0.358142
7 52 0.35284
7 53 0.344196
7 54 0.331583
7 55 0.316059
7 56 0.296775
7 57 0.273813
7 58 0.247736
7 59 0.219935
7 60 0.187984
7 61 0.156
7 62 0.120636
7 63 0.0870096
7 64 0.0531633
7 65 0.021838
7 66 -0.00910702
7 67 -0.0380474
7 68 -0.0639913
7 69 -0.0872243
7 70 -0.107226
7 71 -0.12119
7 72 -0.132062
7 73 -0.138924
7 74 -0.142514
7 75 -0.13988
7 76 -0.134895
7 77 -0.123456
7 78 -0.106588
7 79 -0.0865223
7 80 -0.0609924
7 81 -0.030657
7 82 0.00179444
7 83 0.0381421
7 84 0.0785702
7 85 0.11898
7 86 0.161023
7 87 0.202982
7 88 0.244433
7 89 0.283832
7 90 0.322658
7 91 0.360073
7 92 0.393911
7 93 0.424658
7 94 0.453797
7 95 0.477615
7 96 0.496721
7 97 0.513624
7 98 0.526009
7 99 0.532909
7 100 0.0662713
7 101 0

8 0 0
8 1 0.0621633
8 2 0.499422
8 3 0.492804
8 4 0.48007
8 5 0.464963
8 6 0.445169
8 7 0.422176
8 8 0.393277
8 9 0.363503
8 10 0.330868
8 11 0.294612
8 12 0.255409
8 13 0.217072
8 14 0.177426
8 15 0.13551
8 16 0.0936785
8 17 0.0555242
8 18 0.0179849
8 19 -0.0157661
8 20 -0.0479033
8 21 -0.0742054
8 22 -0.099173
8 23 -0.118752
8 24 -0.134408
8 25 -0.146272
8 26 -0.150118
8 27 -0.150916
8 28 -0.147853
8 29 -0.139022
8 30 -0.126163
8 31 -0.110687
8 32 -0.090571
8 33 -0.0672353
8 34 -0.0406489
8 35 -0.0106673
8 36 0.0199114
8 37 0.0530316
8 38 0.0858792
8 39 0.120135
8 40 0.153361
8 41 0.186554
8 42 0.215844
8 43 0.243592
8 44 0.26861
8 45 0.290802
8 46 0.309917
8 47 0.325445
8 48 0.337132
8 49 0.344062
8 50 0.3485
8 51 0.346725
8 52 0.342374
8 53 0.333043
8 54 0.320854
8 55 0.3046
8 56 0.284573
8 57 0.261422
8 58 0.234854
8 59 0.206823
8 60 0.174971
8 61 0.142742
8 62 0.107822
8 63 0.0729629
8 64 0.0388764
8 65 0.00750899
8 66 -0.0242796
8 67 -0.0530221
8 68 -0.0790287
8 69 -0.103541
8 70 -0.122615
8 71 -0.137798
8 72 -0.148949
8 73 -0.155853
8 74 -0.159232
8 75 -0.158787
8 76 -0.15243
8 77 -0.142104
8 78 -0.126251
8 79 -0.104351
8 80 -0.0796409
8 81 -0.0508362
8 82 -0.0193747
8 83 0.017556
8 84 0.054934
8 85 0.0961672
8 86 0.136887
8 87 0.178694
8 88 0.219128
8 89 0.258465
8 90 0.297261
8 91 0.333785
8 92 0.366784
8 93 0.397819
8 94 0.423621
8 95 0.449229
8 96 0.469151
8 97 0.483926
8 98 0.494518
8 99 0.503127
8 100 0.0628019
8 101 0

9 0 0
9 1 0.0581779
9 2 0.466118
9 3 0.458158
9 4 0.447912
9 5 0.432895
9 6 0.413943
9 7 0.39044
9 8 0.363503
9 9 0.333658
9 10 0.300788
9 11 0.265844
9 12 0.228038
9 13 0.188368
9 14 0.149171
9 15 0.109118
9 16 0.0681072
9 17 0.0304854
9 18 -0.00583346
9 19 -0.0395625
9 20 -0.0700394
9 21 -0.0968918
9 22 -0.120028
9 23 -0.139902
9 24 -0.156156
9 25 -0.166777
9 26 -0.171735
9 27 -0.171654
9 28 -0.167535
9 29 -0.15954
9 30 -0.146045
9 31 -0.129789
9 32 -0.109551
9 33 -0.0848629
9 34 -0.056626
9 35 -0.0270232
9 36 0.00444676
9 37 0.0372312
9 38 0.0695636
9 39 0.103762
9 40 0.138994
9 41 0.170192
9 42 0.201097
9 43 0.229074
9 44 0.254971
9 45 0.278155
9 46 0.297133
9 47 0.312279
9 48 0.323675
9 49 0.330471
9 50 0.333394
9 51 0.332461
9 52 0.328493
9 53 0.319708
9 54 0.308396
9 55 0.291869
9 56 0.270911
9 57 0.248091
9 58 0.221612
9 59 0.191556
9 60 0.16075
9 61 0.126942
9 62 0.0925832
9 63 0.0571573
9 64 0.0235235
9 65 -0.00845212
9 66 -0.0390944
9 67 -0.0687762
9 68 -0.0962852
9 69 -0.120226
9 70 -0.14098
9 71 -0.157312
9 72 -0.168167
9 73 -0.176718
9 74 -0.180126
9 75 -0.179071
9 76 -0.173536
9 77 -0.162282
9 78 -0.146062
9 79 -0.125071
9 80 -0.100783
9 81 -0.0733249
9 82 -0.0414256
9 83 -0.00605426
9 84 0.0307167
9 85 0.0703981
9 86 0.109914
9 87 0.150874
9 88 0.191948
9 89 0.230677
9 90 0.268336
9 91 0.303775
9 92 0.336415
9 93 0.366856
9 94 0.394118
9 95 0.417751
9 96 0.436981
9 97 0.45141
9 98 0.462991
9 99 0.469351
9 100 0.0583939
9 101 0

10 0 0
10 1 0.0534332
10 2 0.429364
10 3 0.423072
10 4 0.412506
10 5 0.39714
10 6 0.378997
10 7 0.35641
10 8 0.330868
10 9 0.300788
10 10 0.268343
10 11 0.233184
10 12 0.197031
10 13 0.157998
10 14 0.118277
10 15 0.0783084
10 16 0.0392022
10 17 0.00163853
10 18 -0.0326352
10 19 -0.0652021
10 20 -0.0947887
10 21 -0.12248
10 22 -0.144728
10 23 -0.163625
10 24 -0.179192
10 25 -0.188811
10 26 -0.193582
10 27 -0.192951
10 28 -0.188258
10 29 -0.179328
10 30 -0.166393
10 31 -0.149436
10 32 -0.129487
10 33 -0.104658
10 34 -0.0759392
10 35 -0.045664
10 36 -0.0134849
10 37 0.0187436
10 38 0.0520059
10 39 0.0863523
10 40 0.121319
10 41 0.153631
10 42 0.184021
10 43 0.212724
10 44 0.23949
10 45 0.26251
10 46 0.281544
10 47 0.297047
10 48 0.308246
10 49 0.31542
10 50 0.317768
10 51 0.317425
10 52 0.312749
10 53 0.305231
10 54 0.292993
10 55 0.276192
10 56 0.255488
10 57 0.232002
10 58 0.205756
10 59 0.175458
10 60 0.1437
10 61 0.110503
10 62 0.0761521
10 63 0.0405305
10 64 0.00634094
10 65 -0.0262411
10 66 -0.0573335
10 67 -0.087501
10 68 -0.114732
10 69 -0.138565
10 70 -0.159751
10 71 -0.175934
10 72 -0.188497
10 73 -0.197351
10 74 -0.201026
10 75 -0.199781
10 76 -0.195318
10 77 -0.18471
10 78 -0.169066
10 79 -0.149385
10 80 -0.125113
10 81 -0.097694
10 82 -0.0662097
10 83 -0.0331154
10 84 0.00298407
10 85 0.0404557
10 86 0.0803395
10 87 0.120693
10 88 0.160492
10 89 0.198832
10 90 0.23682
10 91 0.271722
10 92 0.303683
10 93 0.332606
10 94 0.360431
10 95 0.38297
10 96 0.401953
10 97 0.416341
10 98 0.427033
10 99 0.43264
10 100 0.0538489
10 101 0

11 0 0
11 1 0.0485254
11 2 0.389912
11 3 0.384461
11 4 0.374546
11 5 0.359699
11 6 0.342117
11 7 0.320289
11 8 0.294612
11 9 0.265844
11 10 0.233184
11 11 0.198468
11 12 0.163364
11 13 0.126042
11 14 0.086212
11 15 0.0474935
11 16 0.00881805
11 17 -0.0274047
11 18 -0.0612133
11 19 -0.092059
11 20 -0.121032
11 21 -0.148159
11 22 -0.170748
11 23 -0.189209
11 24 -0.203205
11 25 -0.212007
11 26 -0.215474
11 27 -0.214604
11 28 -0.209804
11 29 -0.201064
11 30 -0.188049
11 31 -0.170439
11 32 -0.150087
11 33 -0.125587
11 34 -0.0962376
11 35 -0.0658744
11 36 -0.0330249
11 37 -0.000194809
11 38 0.0338096
11 39 0.0676791
11 40 0.10238
11 41 0.135004
11 42 0.166298
11 43 0.195672
11 44 0.222971
11 45 0.245206
11 46 0.264492
11 47 0.279805
11 48 0.291346
11 49 0.298927
11 50 0.301864
11 51 0.301176
11 52 0.296005
11 53 0.288041
11 54 0.275748
11 55 0.259006
11 56 0.239327
11 57 0.215263
11 58 0.188761
11 59 0.158019
11 60 0.126275
11 61 0.0930188
11 62 0.0591423
11 63 0.0232642
11 64 -0.0117564
11 65 -0.0456016
11 66 -0.0769985
11 67 -0.10749
11 68 -0.134056
11 69 -0.158441
11 70 -0.179741
11 71 -0.19636
11 72 -0.209514
11 73 -0.218688
11 74 -0.222247
11 75 -0.221536
11 76 -0.217745
11 77 -0.20826
11 78 -0.192956
11 79 -0.173835
11 80 -0.150554
11 81 -0.12351
11 82 -0.093049
11 83 -0.060681
11 84 -0.0262551
11 85 0.011033
11 86 0.0491481
11 87 0.0885348
11 88 0.127184
11 89 0.165391
11 90 0.202296
11 91 0.236372
11 92 0.26781
11 93 0.2973
11 94 0.323632
11 95 0.345873
11 96 0.364923
11 97 0.378762
11 98 0.388614
11 99 0.393895
11 100 0.048992
11 101 0

12 0 0
12 1 0.0435017
12 2 0.349434
12 3 0.343647
12 4 0.333379
12 5 0.320338
12 6 0.303674
12 7 0.282469
12 8 0.255409
12 9 0.228038
12 10 0.197031
12 11 0.163364
12 12 0.1281
12 13 0.0917238
12 14 0.0539569
12 15 0.0156223
12 16 -0.0219039
12 17 -0.0567626
12 18 -0.0902856
12 19 -0.119554
12 20 -0.148505
12 21 -0.174581
12 22 -0.198011
12 23 -0.214885
12 24 -0.227465
12 25 -0.235921
12 26 -0.238018
12 27 -0.236624
12 28 -0.231943
12 29 -0.22355
12 30 -0.209445
12 31 -0.192917
12 32 -0.171276
12 33 -0.14603
12 34 -0.117678
12 35 -0.0858802
12 36 -0.0542211
12 37 -0.0201337
12 38 0.013961
12 39 0.048787
12 40 0.0826992
12 41 0.116471
12 42 0.148252
12 43 0.177567
12 44 0.204379
12 45 0.227742
12 46 0.24684
12 47 0.262877
12 48 0.274379
12 49 0.281448
12 50 0.285856
12 51 0.284067
12 52 0.27997
12 53 0.270669
12 54 0.258092
12 55 0.241838
12 56 0.221521
12 57 0.198081
12 58 0.170752
12 59 0.141082
12 60 0.108379
12 61 0.0753747
12 62 0.0404734
12 63 0.00447557
12 64 -0.0308513
12 65 -0.0647037
12 66 -0.0978599
12 67 -0.126924
12 68 -0.154516
12 69 -0.179407
12 70 -0.199777
12 71 -0.217636
12 72 -0.231056
12 73 -0.240476
12 74 -0.243783
12 75 -0.24417
12 76 -0.240071
12 77 -0.231715
12 78 -0.218002
12 79 -0.198843
12 80 -0.17701
12 81 -0.149997
12 82 -0.120801
12 83 -0.088266
12 84 -0.0559067
12 85 -0.0197355
12 86 0.0174193
12 87 0.0553589
12 88 0.0932263
12 89 0.130382
12 90 0.166333
12 91 0.198985
12 92 0.229919
12 93 0.259803
12 94 0.283684
12 95 0.307318
12 96 0.326285
12 97 0.339165
12 98 0.347168
12 99 0.353472
12 100 0.0441298
12 101 0

13 0 0
13 1 0.038367
13 2 0.307829
13 3 0.301621
13 4 0.291648
13 5 0.279106
13 6 0.263201
13 7 0.241675
13 8 0.217072
13 9 0.188368
13 10 0.157998
13 11 0.126042
13 12 0.0917238
13 13 0.0561838
13 14 0.0184244
13 15 -0.017917
13 16 -0.0538879
13 17 -0.0883826
13 18 -0.1198
13 19 -0.148793
13 20 -0.176299
13 21 -0.201805
13 22 -0.223483
13 23 -0.24038
13 24 -0.25185
13 25 -0.259906
13 26 -0.261986
13 27 -0.259136
13 28 -0.254774
13 29 -0.245226
13 30 -0.232038
13 31 -0.213908
13 32 -0.191894
13 33 -0.166399
13 34 -0.137001
13 35 -0.107352
13 36 -0.074127
13 37 -0.0410086
13 38 -0.00519418
13 39 0.029842
13 40 0.064377
13 41 0.0985392
13 42 0.130438
13 43 0.158921
13 44 0.185801
13 45 0.20852
13 46 0.228998
13 47 0.245094
13 48 0.256769
13 49 0.26511
13 50 0.268869
13 51 0.268866
13 52 0.26312
13 53 0.254465
13 54 0.240451
13 55 0.223554
13 56 0.204103
13 57 0.179408
13 58 0.153478
13 59 0.123214
13 60 0.0917106
13 61 0.0579129
13 62 0.0221315
13 63 -0.0142964
13 64 -0.0496348
13 65 -0.0845579
13 66 -0.116525
13 67 -0.147047
13 68 -0.173952
13 69 -0.199584
13 70 -0.220484
13 71 -0.23817
13 72 -0.25301
13 73 -0.261666
13 74 -0.266923
13 75 -0.266678
13 76 -0.263053
13 77 -0.255384
13 78 -0.241613
13 79 -0.224414
13 80 -0.202833
13 81 -0.177126
13 82 -0.147917
13 83 -0.117893
13 84 -0.0867889
13 85 -0.0531006
13 86 -0.0168151
13 87 0.0208422
13 88 0.0567234
13 89 0.0932414
13 90 0.128337
13 91 0.160982
13 92 0.191158
13 93 0.219478
13 94 0.245498
13 95 0.26657
13 96 0.284857
13 97 0.297504
13 98 0.306657
13 99 0.311783
13 100 0.0387869
13 101 0

14 0 0
14 1 0.0330497
14 2 0.26554
14 3 0.2599
14 4 0.250144
14 5 0.236553
14 6 0.221221
14 7 0.200959
14 8 0.177426
14 9 0.149171
14 10 0.118277
14 11 0.086212
14 12 0.0539569
14 13 0.0184244
14 14 -0.0171336
14 15 -0.0530922
14 16 -0.0873109
14 17 -0.120524
14 18 -0.149991
14 19 -0.178732
14 20 -0.204755
14 21 -0.230063
14 22 -0.250001
14 23 -0.266355
14 24 -0.277866
14 25 -0.283339
14 26 -0.285525
14 27 -0.282233
14 28 -0.276079
14 29 -0.26689
14 30 -0.252813
14 31 -0.233894
14 32 -0.212184
14 33 -0.186081
14 34 -0.158041
14 35 -0.128278
14 36 -0.0957398
14 37 -0.0619414
14 38 -0.0257774
14 39 0.0097626
14 40 0.0452378
14 41 0.0794597
14 42 0.111723
14 43 0.140192
14 44 0.166842
14 45 0.190602
14 46 0.210866
14 47 0.227617
14 48 0.239621
14 49 0.248439
14 50 0.25233
14 51 0.252253
14 52 0.24678
14 53 0.237766
14 54 0.223207
14 55 0.206045
14 56 0.185826
14 57 0.161703
14 58 0.135277
14 59 0.105294
14 60 0.0736968
14 61 0.0393053
14 62 0.00309456
14 63 -0.0342436
14 64 -0.0697234
14 65 -0.104548
14 66 -0.136557
14 67 -0.166235
14 68 -0.194117
14 69 -0.218262
14 70 -0.240442
14 71 -0.258552
14 72 -0.272907
14 73 -0.282953
14 74 -0.287997
14 75 -0.288337
14 76 -0.286572
14 77 -0.279407
14 78 -0.26748
14 79 -0.251287
14 80 -0.229886
14 81 -0.204991
14 82 -0.17679
14 83 -0.148914
14 84 -0.118161
14 85 -0.0867231
14 86 -0.0510104
14 87 -0.0156006
14 88 0.0197733
14 89 0.054322
14 90 0.0891857
14 91 0.121848
14 92 0.152076
14 93 0.179302
14 94 0.205386
14 95 0.22555
14 96 0.242645
14 97 0.255473
14 98 0.264399
14 99 0.269078
14 100 0.0335045
14 101 0

15 0 0
15 1 0.027881
15 2 0.22305
15 3 0.21746
15 4 0.209151
15 5 0.195397
15 6 0.179773
15 7 0.15934
15 8 0.13551
15 9 0.109118
15 10 0.0783084
15 11 0.0474935
15 12 0.0156223
15 13 -0.017917
15 14 -0.0530922
15 15 -0.0863413
15 16 -0.120849
15 17 -0.151683
15 18 -0.181605
15 19 -0.208977
15 20 -0.233854
15 21 -0.257031
15 22 -0.2765
15 23 -0.292477
15 24 -0.303007
15 25 -0.307871
15 26 -0.308484
15 27 -0.305367
15 28 -0.2978
15 29 -0.288344
15 30 -0.272957
15 31 -0.253648
15 32 -0.231166
15 33 -0.206429
15 34 -0.177622
15 35 -0.148731
15 36 -0.115683
15 37 -0.0815368
15 38 -0.0456751
15 39 -0.0106707
15 40 0.0261729
15 41 0.0590413
15 42 0.0929864
15 43 0.12183
15 44 0.148758
15 45 0.172368
15 46 0.192359
15 47 0.208318
15 48 0.221504
15 49 0.230976
15 50 0.234602
15 51 0.234525
15 52 0.229073
15 53 0.219099
15 54 0.205446
15 55 0.187933
15 56 0.167779
15 57 0.144326
15 58 0.117753
15 59 0.0862952
15 60 0.0558229
15 61 0.0200657
15 62 -0.0154002
15 63 -0.0529667
15 64 -0.0887593
15 65 -0.124225
15 66 -0.155342
15 67 -0.185688
15 68 -0.212705
15 69 -0.23716
15 70 -0.259436
15 71 -0.278723
15 72 -0.292634
15 73 -0.304185
15 74 -0.308891
15 75 -0.311036
15 76 -0.309618
15 77 -0.303379
15 78 -0.292482
15 79 -0.276571
15 80 -0.256314
15 81 -0.233051
15 82 -0.207083
15 83 -0.179542
15 84 -0.15058
15 85 -0.118124
15 86 -0.0857155
15 87 -0.0512884
15 88 -0.0169458
15 89 0.0170136
15 90 0.0501323
15 91 0.0818437
15 92 0.111054
15 93 0.139318
15 94 0.163805
15 95 0.184421
15 96 0.20191
15 97 0.213259
15 98 0.22177
15 99 0.226775
15 100 0.028216
15 101 0

16 0 0
16 1 0.0224537
16 2 0.181767
16 3 0.178645
16 4 0.167732
16 5 0.153863
16 6 0.137955
16 7 0.119325
16 8 0.0936785
16 9 0.0681072
16 10 0.0392022
16 11 0.00881805
16 12 -0.0219039
16 13 -0.0538879
16 14 -0.0873109
16 15 -0.120849
16 16 -0.1523
16 17 -0.182535
16 18 -0.212037
16 19 -0.237727
16 20 -0.262651
16 21 -0.284021
16 22 -0.302994
16 23 -0.317091
16 24 -0.326642
16 25 -0.331731
16 26 -0.330746
16 27 -0.326726
16 28 -0.319237
16 29 -0.308032
16 30 -0.292412
16 31 -0.273285
16 32 -0.250387
16 33 -0.225452
16 34 -0.19764
16 35 -0.166941
16 36 -0.13549
16 37 -0.10105
16 38 -0.0654507
16 39 -0.0291069
16 40 0.00575653
16 41 0.0411066
16 42 0.0729193
16 43 0.102591
16 44 0.130099
16 45 0.153448
16 46 0.172848
16 47 0.189776
16 48 0.20257
16 49 0.211251
16 50 0.216948
16 51 0.214923
16 52 0.210674
16 53 0.201229
16 54 0.186673
16 55 0.169159
16 56 0.149162
16 57 0.125747
16 58 0.0988873
16 59 0.0695272
16 60 0.0360803
16 61 0.0022391
16 62 -0.0342705
16 63 -0.0711959
16 64 -0.107273
16 65 -0.141171
16 66 -0.174132
16 67 -0.203711
16 68 -0.231072
16 69 -0.256713
16 70 -0.278127
16 71 -0.296879
16 72 -0.312122
16 73 -0.323207
16 74 -0.329224
16 75 -0.332259
16 76 -0.331354
16 77 -0.326078
16 78 -0.316526
16 79 -0.301825
16 80 -0.282659
16 81 -0.260136
16 82 -0.236337
16 83 -0.209475
16 84 -0.182093
16 85 -0.151076
16 86 -0.118393
16 87 -0.0852563
16 88 -0.0529874
16 89 -0.0209064
16 90 0.0124052
16 91 0.0425524
16 92 0.0699176
16 93 0.098459
16 94 0.121757
16 95 0.143981
16 96 0.160599
16 97 0.172402
16 98 0.179745
16 99 0.184935
16 100 0.0231064
16 101 0

17 0 0
17 1 0.0177494
17 2 0.14169
17 3 0.136317
17 4 0.127721
17 5 0.114456
17 6 0.0980564
17 7 0.0781436
17 8 0.0555242
17 9 0.0304854
17 10 0.00163853
17 11 -0.0274047
17 12 -0.0567626
17 13 -0.0883826
17 14 -0.120524
17 15 -0.151683
17 16 -0.182535
17 17 -0.211903
17 18 -0.240068
17 19 -0.265943
17 20 -0.289301
17 21 -0.30929
17 22 -0.3259
17 23 -0.339473
17 24 -0.348236
17 25 -0.352182
17 26 -0.351601
17 27 -0.346695
17 28 -0.338933
17 29 -0.327958
17 30 -0.311694
17 31 -0.291215
17 32 -0.268737
17 33 -0.242997
17 34 -0.213916
17 35 -0.18459
17 36 -0.152452
17 37 -0.118263
17 38 -0.0830332
17 39 -0.0471803
17 40 -0.0116408
17 41 0.021442
17 42 0.0540417
17 43 0.0836678
17 44 0.110847
17 45 0.135003
17 46 0.154537
17 47 0.17054
17 48 0.183383
17 49 0.192467
17 50 0.196829
17 51 0.196593
17 52 0.191789
17 53 0.182123
17 54 0.168589
17 55 0.151282
17 56 0.13051
17 57 0.10771
17 58 0.0812371
17 59 0.0507556
17 60 0.0190087
17 61 -0.0158394
17 62 -0.0516691
17 63 -0.0876791
17 64 -0.123035
17 65 -0.157473
17 66 -0.189126
17 67 -0.219511
17 68 -0.247715
17 69 -0.273353
17 70 -0.296338
17 71 -0.315418
17 72 -0.330088
17 73 -0.341821
17 74 -0.348545
17 75 -0.350863
17 76 -0.351161
17 77 -0.346617
17 78 -0.336969
17 79 -0.323936
17 80 -0.306616
17 81 -0.28616
17 82 -0.263205
17 83 -0.238485
17 84 -0.211466
17 85 -0.181074
17 86 -0.150535
17 87 -0.118641
17 88 -0.0859839
17 89 -0.0548491
17 90 -0.0243699
17 91 0.00463911
17 92 0.031966
17 93 0.0590089
17 94 0.0828184
17 95 0.103119
17 96 0.119622
17 97 0.131817
17 98 0.140793
17 99 0.144041
17 100 0.0178228
17 101 0

18 0 0
18 1 0.0128646
18 2 0.103103
18 3 0.0984567
18 4 0.0888873
18 5 0.0751166
18 6 0.0589839
18 7 0.0403537
18 8 0.0179849
18 9 -0.00583346
18 10 -0.0326352
18 11 -0.0612133
18 12 -0.0902856
18 13 -0.1198
18 14 -0.149991
18 15 -0.181605
18 16 -0.212037
18 17 -0.240068
18 18 -0.266844
18 19 -0.291865
18 20 -0.313497
18 21 -0.331806
18 22 -0.347499
18 23 -0.358986
18 24 -0.367296
18 25 -0.371713
18 26 -0.370645
18 27 -0.365486
18 28 -0.356947
18 29 -0.344369
18 30 -0.327291
18 31 -0.307373
18 32 -0.284871
18 33 -0.258933
18 34 -0.230298
18 35 -0.199717
18 36 -0.167764
18 37 -0.133543
18 38 -0.0987139
18 39 -0.063334
18 40 -0.0287639
18 41 0.00426939
18 42 0.0361563
18 43 0.0657966
18 44 0.0927932
18 45 0.116805
18 46 0.136398
18 47 0.152562
18 48 0.165044
18 49 0.173999
18 50 0.179091
18 51 0.179071
18 52 0.174332
18 53 0.164542
18 54 0.151256
18 55 0.134099
18 56 0.113202
18 57 0.0903333
18 58 0.0635264
18 59 0.0335695
18 60 0.00156059
18 61 -0.0319901
18 62 -0.066548
18 63 -0.101541
18 64 -0.136508
18 65 -0.170918
18 66 -0.204037
18 67 -0.234192
18 68 -0.262408
18 69 -0.288153
18 70 -0.310972
18 71 -0.330454
18 72 -0.346281
18 73 -0.358274
18 74 -0.365261
18 75 -0.36844
18 76 -0.36843
18 77 -0.364768
18 78 -0.356906
18 79 -0.344204
18 80 -0.328529
18 81 -0.310056
18 82 -0.288737
18 83 -0.26535
18 84 -0.239515
18 85 -0.210309
18 86 -0.180007
18 87 -0.149087
18 88 -0.117671
18 89 -0.0879098
18 90 -0.0583474
18 91 -0.0297943
18 92 -0.00307273
18 93 0.0218778
18 94 0.0434275
18 95 0.0642426
18 96 0.0810854
18 97 0.0927018
18 98 0.100366
18 99 0.104547
18 100 0.0131026
18 101 0

19 0 0
19 1 0.00825791
19 2 0.0667608
19 3 0.0629349
19 4 0.0525944
19 5 0.0388406
19 6 0.0229733
19 7 0.00533115
19 8 -0.0157661
19 9 -0.0395625
19 10 -0.0652021
19 11 -0.092059
19 12 -0.119554
19 13 -0.148793
19 14 -0.178732
19 15 -0.208977
19 16 -0.237727
19 17 -0.265943
19 18 -0.291865
19 19 -0.314624
19 20 -0.334438
19 21 -0.351203
19 22 -0.365041
19 23 -0.376362
19 24 -0.384567
19 25 -0.389044
19 26 -0.388403
19 27 -0.382815
19 28 -0.373026
19 29 -0.359532
19 30 -0.343302
19 31 -0.322478
19 32 -0.299426
19 33 -0.272975
19 34 -0.243888
19 35 -0.213244
19 36 -0.181112
19 37 -0.147751
19 38 -0.113162
19 39 -0.078541
19 40 -0.0452182
19 41 -0.0113464
19 42 0.0194052
19 43 0.0493696
19 44 0.0769397
19 45 0.100088
19 46 0.119855
19 47 0.136161
19 48 0.148314
19 49 0.157089
19 50 0.162606
19 51 0.162758
19 52 0.157505
19 53 0.148755
19 54 0.135264
19 55 0.118524
19 56 0.0984742
19 57 0.0743922
19 58 0.0478578
19 59 0.0180672
19 60 -0.0148186
19 61 -0.0469175
19 62 -0.0806133
19 63 -0.114607
19 64 -0.149216
19 65 -0.182976
19 66 -0.216251
19 67 -0.247391
19 68 -0.275177
19 69 -0.301304
19 70 -0.32455
19 71 -0.34379
19 72 -0.360678
19 73 -0.372906
19 74 -0.381251
19 75 -0.384795
19 76 -0.385314
19 77 -0.381172
19 78 -0.372478
19 79 -0.36197
19 80 -0.347639
19 81 -0.330615
19 82 -0.311482
19 83 -0.289703
19 84 -0.26461
19 85 -0.237155
19 86 -0.207638
19 87 -0.177283
19 88 -0.147356
19 89 -0.118572
19 90 -0.0895238
19 91 -0.0616335
19 92 -0.0365648
19 93 -0.0126389
19 94 0.0101699
19 95 0.0290782
19 96 0.0436646
19 97 0.0561846
19 98 0.0645825
19 99 0.0673839
19 100 0.00830718
19 101 0

20 0 0
20 1 0.00423189
20 2 0.0335139
20 3 0.0286849
20 4 0.0199688
20 5 0.00663427
20 6 -0.00972706
20 7 -0.0274426
20 8 -0.0479033
20 9 -0.0700394
20 10 -0.0947887
20 11 -0.121032
20 12 -0.148505
20 13 -0.176299
20 14 -0.204755
20 15 -0.233854
20 16 -0.262651
20 17 -0.289301
20 18 -0.313497
20 19 -0.334438
20 20 -0.35196
20 21 -0.36847
20 22 -0.382751
20 23 -0.392611
20 24 -0.399631
20 25 -0.403831
20 26 -0.403456
20 27 -0.397237
20 28 -0.387287
20 29 -0.374025
20 30 -0.356235
20 31 -0.335848
20 32 -0.31206
20 33 -0.285558
20 34 -0.257377
20 35 -0.226587
20 36 -0.194406
20 37 -0.160433
20 38 -0.126836
20 39 -0.092546
20 40 -0.0588196
20 41 -0.0264013
20 42 0.00518949
20 43 0.0350581
20 44 0.0617878
20 45 0.0852296
20 46 0.105084
20 47 0.121882
20 48 0.134972
20 49 0.14409
20 50 0.149541
20 51 0.149668
20 52 0.144953
20 53 0.135377
20 54 0.122381
20 55 0.105182
20 56 0.0839726
20 57 0.0605888
20 58 0.0337059
20 59 0.00346075
20 60 -0.028487
20 61 -0.0606132
20 62 -0.0932427
20 63 -0.126647
20 64 -0.160878
20 65 -0.194795
20 66 -0.228137
20 67 -0.25878
20 68 -0.287369
20 69 -0.312733
20 70 -0.335631
20 71 -0.356261
20 72 -0.372589
20 73 -0.385242
20 74 -0.393897
20 75 -0.399031
20 76 -0.400065
20 77 -0.396276
20 78 -0.38865
20 79 -0.377382
20 80 -0.364475
20 81 -0.349185
20 82 -0.331101
20 83 -0.311329
20 84 -0.288261
20 85 -0.261216
20 86 -0.232613
20 87 -0.20406
20 88 -0.175745
20 89 -0.147027
20 90 -0.118639
20 91 -0.0916499
20 92 -0.0670509
20 93 -0.0440464
20 94 -0.0233742
20 95 -0.00362475
20 96 0.0121945
20 97 0.0227146
20 98 0.0293086
20 99 0.0335059
20 100 0.00426357
20 101 0

21 0 0
21 1 0.000470705
21 2 0.00375032
21 3 -0.000496134
21 4 -0.00874873
21 5 -0.0218616
21 6 -0.0380384
21 7 -0.0554512
21 8 -0.0742054
21 9 -0.0968918
21 10 -0.12248
21 11 -0.148159
21 12 -0.174581
21 13 -0.201805
21 14 -0.230063
21 15 -0.257031
21 16 -0.284021
21 17 -0.30929
21 18 -0.331806
21 19 -0.351203
21 20 -0.36847
21 21 -0.384832
21 22 -0.397022
21 23 -0.406697
21 24 -0.413165
21 25 -0.416375
21 26 -0.415574
21 27 -0.409291
21 28 -0.398797
21 29 -0.3854
21 30 -0.368057
21 31 -0.347331
21 32 -0.323281
21 33 -0.296727
21 34 -0.26826
21 35 -0.237727
21 36 -0.204882
21 37 -0.171261
21 38 -0.137064
21 39 -0.103748
21 40 -0.0705328
21 41 -0.0386029
21 42 -0.00708596
21 43 0.0226002
21 44 0.0498871
21 45 0.0734829
21 46 0.0938175
21 47 0.111251
21 48 0.124425
21 49 0.133662
21 50 0.1383
21 51 0.138588
21 52 0.133981
21 53 0.125473
21 54 0.11226
21 55 0.094699
21 56 0.0732498
21 57 0.0490418
21 58 0.0223877
21 59 -0.00788572
21 60 -0.0394009
21 61 -0.0714846
21 62 -0.103451
21 63 -0.137086
21 64 -0.170534
21 65 -0.204288
21 66 -0.237281
21 67 -0.268494
21 68 -0.297183
21 69 -0.322719
21 70 -0.345688
21 71 -0.365576
21 72 -0.381995
21 73 -0.395641
21 74 -0.404934
21 75 -0.410652
21 76 -0.412595
21 77 -0.409066
21 78 -0.401301
21 79 -0.392138
21 80 -0.380228
21 81 -0.365621
21 82 -0.348396
21 83 -0.329595
21 84 -0.307758
21 85 -0.283004
21 86 -0.255977
21 87 -0.228001
21 88 -0.201055
21 89 -0.17341
21 90 -0.145847
21 91 -0.118954
21 92 -0.0941178
21 93 -0.071325
21 94 -0.05075
21 95 -0.0333742
21 96 -0.0180724
21 97 -0.00583125
21 98 0.00137617
21 99 0.00319854
21 100 0.000246186
21 101 0

22 0 0
22 1 -0.00273677
22 2 -0.0218712
22 3 -0.0254925
22 4 -0.0342979
22 5 -0.046914
22 6 -0.0627704
22 7 -0.0792222
22 8 -0.099173
22 9 -0.120028
22 10 -0.144728
22 11 -0.170748
22 12 -0.198011
22 13 -0.223483
22 14 -0.250001
22 15 -0.2765
22 16 -0.302994
22 17 -0.3259
22 18 -0.347499
22 19 -0.365041
22 20 -0.382751
22 21 -0.397022
22 22 -0.409938
22 23 -0.418529
22 24 -0.42349
22 25 -0.426273
22 26 -0.423914
22 27 -0.418181
22 28 -0.407819
22 29 -0.394579
22 30 -0.37651
22 31 -0.356923
22 32 -0.332945
22 33 -0.307107
22 34 -0.278964
22 35 -0.247726
22 36 -0.215498
22 37 -0.180131
22 38 -0.147014
22 39 -0.113423
22 40 -0.0807278
22 41 -0.048862
22 42 -0.0177292
22 43 0.012164
22 44 0.0386849
22 45 0.0635996
22 46 0.0848001
22 47 0.102627
22 48 0.116822
22 49 0.125522
22 50 0.130376
22 51 0.129657
22 52 0.126602
22 53 0.117249
22 54 0.104343
22 55 0.0859438
22 56 0.0632365
22 57 0.0395397
22 58 0.0115532
22 59 -0.0176056
22 60 -0.0488086
22 61 -0.0804273
22 62 -0.112846
22 63 -0.145554
22 64 -0.179484
22 65 -0.212322
22 66 -0.246097
22 67 -0.277125
22 68 -0.305479
22 69 -0.331266
22 70 -0.35343
22 71 -0.373563
22 72 -0.389214
22 73 -0.403252
22 74 -0.412683
22 75 -0.41942
22 76 -0.421062
22 77 -0.419278
22 78 -0.412997
22 79 -0.403747
22 80 -0.393292
22 81 -0.379084
22 82 -0.363685
22 83 -0.344487
22 84 -0.325352
22 85 -0.301187
22 86 -0.275529
22 87 -0.248041
22 88 -0.221962
22 89 -0.195439
22 90 -0.168219
22 91 -0.141848
22 92 -0.118379
22 93 -0.0957535
22 94 -0.0777925
22 95 -0.0586147
22 96 -0.0429217
22 97 -0.0315807
22 98 -0.025819
22 99 -0.0222913
22 100 -0.00270974
22 101 0

23 0 0
23 1 -0.00531492
23 2 -0.0427872
23 3 -0.0465708
23 4 -0.0554603
23 5 -0.0677504
23 6 -0.0828993
23 7 -0.0997398
23 8 -0.118752
23 9 -0.139902
23 10 -0.163625
23 11 -0.189209
23 12 -0.214885
23 13 -0.24038
23 14 -0.266355
23 15 -0.292477
23 16 -0.317091
23 17 -0.339473
23 18 -0.358986
23 19 -0.376362
23 20 -0.392611
23 21 -0.406697
23 22 -0.418529
23 23 -0.427329
23 24 -0.431571
23 25 -0.432727
23 26 -0.430486
23 27 -0.424283
23 28 -0.414048
23 29 -0.400445
23 30 -0.383493
23 31 -0.363326
23 32 -0.340598
23 33 -0.314202
23 34 -0.285465
23 35 -0.25506
23 36 -0.222062
23 37 -0.187402
23 38 -0.153534
23 39 -0.120153
23 40 -0.0875434
23 41 -0.0554743
23 42 -0.0249357
23 43 0.00419643
23 44 0.0308375
23 45 0.055902
23 46 0.0778856
23 47 0.0958061
23 48 0.110141
23 49 0.119563
23 50 0.1237
23 51 0.123492
23 52 0.119427
23 53 0.110767
23 54 0.0973225
23 55 0.0788757
23 56 0.0569047
23 57 0.0323735
23 58 0.00460744
23 59 -0.0244905
23 60 -0.054685
23 61 -0.0860398
23 62 -0.118884
23 63 -0.151635
23 64 -0.18502
23 65 -0.218033
23 66 -0.250885
23 67 -0.282572
23 68 -0.311049
23 69 -0.336617
23 70 -0.359621
23 71 -0.378585
23 72 -0.394309
23 73 -0.407891
23 74 -0.418556
23 75 -0.424722
23 76 -0.427331
23 77 -0.426119
23 78 -0.420488
23 79 -0.413091
23 80 -0.402745
23 81 -0.38937
23 82 -0.374416
23 83 -0.357256
23 84 -0.337744
23 85 -0.31593
23 86 -0.291054
23 87 -0.264275
23 88 -0.238052
23 89 -0.212402
23 90 -0.186358
23 91 -0.161271
23 92 -0.138376
23 93 -0.117236
23 94 -0.0976101
23 95 -0.0799212
23 96 -0.065002
23 97 -0.0531509
23 98 -0.0463144
23 99 -0.043428
23 100 -0.00544616
23 101 0

24 0 0
24 1 -0.00734879
24 2 -0.0593281
24 3 -0.0635266
24 4 -0.0721541
24 5 -0.0841032
24 6 -0.0986867
24 7 -0.116075
24 8 -0.134408
24 9 -0.156156
24 10 -0.179192
24 11 -0.203205
24 12 -0.227465
24 13 -0.25185
24 14 -0.277866
24 15 -0.303007
24 16 -0.326642
24 17 -0.348236
24 18 -0.367296
24 19 -0.384567
24 20 -0.399631
24 21 -0.413165
24 22 -0.42349
24 23 -0.431571
24 24 -0.435671
24 25 -0.436567
24 26 -0.434297
24 27 -0.427629
24 28 -0.417577
24 29 -0.40391
24 30 -0.386849
24 31 -0.366775
24 32 -0.344218
24 33 -0.317757
24 34 -0.288995
24 35 -0.258853
24 36 -0.225797
24 37 -0.192361
24 38 -0.157973
24 39 -0.12472
24 40 -0.0919507
24 41 -0.0597583
24 42 -0.029568
24 43 -0.000925787
24 44 0.0259451
24 45 0.0506834
24 46 0.0730133
24 47 0.0909861
24 48 0.104976
24 49 0.114848
24 50 0.118435
24 51 0.118492
24 52 0.113643
24 53 0.105604
24 54 0.0918202
24 55 0.0739313
24 56 0.0530462
24 57 0.0279583
24 58 0.000562087
24 59 -0.0283933
24 60 -0.0584478
24 61 -0.0896234
24 62 -0.122348
24 63 -0.15554
24 64 -0.188134
24 65 -0.22113
24 66 -0.25321
24 67 -0.28449
24 68 -0.312975
24 69 -0.338661
24 70 -0.361695
24 71 -0.380762
24 72 -0.39683
24 73 -0.410353
24 74 -0.421068
24 75 -0.42734
24 76 -0.43015
24 77 -0.429257
24 78 -0.424631
24 79 -0.418749
24 80 -0.409366
24 81 -0.39664
24 82 -0.381817
24 83 -0.365415
24 84 -0.346076
24 85 -0.325409
24 86 -0.301378
24 87 -0.274899
24 88 -0.249533
24 89 -0.224736
24 90 -0.20082
24 91 -0.176771
24 92 -0.154423
24 93 -0.134618
24 94 -0.114424
24 95 -0.0974147
24 96 -0.0824573
24 97 -0.0704302
24 98 -0.0631446
24 99 -0.0604945
24 100 -0.00757645
24 101 0

25 0 0
25 1 -0.00889409
25 2 -0.0720626
25 3 -0.0764641
25 4 -0.0841152
25 5 -0.0958559
25 6 -0.109567
25 7 -0.126046
25 8 -0.146272
25 9 -0.166777
25 10 -0.188811
25 11 -0.212007
25 12 -0.235921
25 13 -0.259906
25 14 -0.283339
25 15 -0.307871
25 16 -0.331731
25 17 -0.352182
25 18 -0.371713
25 19 -0.389044
25 20 -0.403831
25 21 -0.416375
25 22 -0.426273
25 23 -0.432727
25 24 -0.436567
25 25 -0.437541
25 26 -0.434066
25 27 -0.427901
25 28 -0.418288
25 29 -0.405066
25 30 -0.387197
25 31 -0.367422
25 32 -0.344411
25 33 -0.318406
25 34 -0.289979
25 35 -0.25956
25 36 -0.228169
25 37 -0.194755
25 38 -0.161148
25 39 -0.127469
25 40 -0.0943345
25 41 -0.063446
25 42 -0.032521
25 43 -0.00418207
25 44 0.0223294
25 45 0.0478951
25 46 0.0698358
25 47 0.0879602
25 48 0.101849
25 49 0.110946
25 50 0.114934
25 51 0.114203
25 52 0.110525
25 53 0.10159
25 54 0.0886145
25 55 0.0710944
25 56 0.049449
25 57 0.025593
25 58 -0.00183007
25 59 -0.0307125
25 60 -0.0603976
25 61 -0.0922767
25 62 -0.124565
25 63 -0.157498
25 64 -0.189797
25 65 -0.221962
25 66 -0.253413
25 67 -0.283234
25 68 -0.311746
25 69 -0.337299
25 70 -0.36031
25 71 -0.380342
25 72 -0.396636
25 73 -0.410792
25 74 -0.420277
25 75 -0.427053
25 76 -0.429889
25 77 -0.429788
25 78 -0.426815
25 79 -0.420649
25 80 -0.412147
25 81 -0.400619
25 82 -0.385715
25 83 -0.368626
25 84 -0.350753
25 85 -0.329674
25 86 -0.306603
25 87 -0.281721
25 88 -0.256432
25 89 -0.232964
25 90 -0.209494
25 91 -0.187078
25 92 -0.166147
25 93 -0.146149
25 94 -0.127863
25 95 -0.109095
25 96 -0.0938582
25 97 -0.0839917
25 98 -0.0773754
25 99 -0.0731385
25 100 -0.00901096
25 101 0

26 0 0
26 1 -0.00994451
26 2 -0.0802226
26 3 -0.0846967
26 4 -0.0923473
26 5 -0.103067
26 6 -0.116272
26 7 -0.132102
26 8 -0.150118
26 9 -0.171735
26 10 -0.193582
26 11 -0.215474
26 12 -0.238018
26 13 -0.261986
26 14 -0.285525
26 15 -0.308484
26 16 -0.330746
26 17 -0.351601
26 18 -0.370645
26 19 -0.388403
26 20 -0.403456
26 21 -0.415574
26 22 -0.423914
26 23 -0.430486
26 24 -0.434297
26 25 -0.434066
26 26 -0.430612
26 27 -0.424348
26 28 -0.414818
26 29 -0.401428
26 30 -0.384427
26 31 -0.364256
26 32 -0.341963
26 33 -0.316226
26 34 -0.287805
