0 0 0
0 1 0
0 2 0
0 3 0
0 4 0
0 5 0
0 6 0
0 7 0
0 8 0
0 9 0
0 10 0
0 11 0
0 12 0
0 13 0
0 14 0
0 15 0
0 16 0
0 17 0
0 18 0
0 19 0
0 20 0
0 21 0
0 22 0
0 23 0
0 24 0
0 25 0
0 26 0
0 27 0
0 28 0
0 29 0
0 30 0
0 31 0
0 32 0
0 33 0
0 34 0
0 35 0
0 36 0
0 37 0
0 38 0
0 39 0
0 40 0
0 41 0
0 42 0
0 43 0
0 44 0
0 45 0
0 46 0
0 47 0
0 48 0
0 49 0
0 50 0
0 51 0
0 52 0
0 53 0
0 54 0
0 55 0
0 56 0
0 57 0
0 58 0
0 59 0
0 60 0
0 61 0
0 62 0
0 63 0
0 64 0
0 65 0
0 66 0
0 67 0
0 68 0
0 69 0
0 70 0
0 71 0
0 72 0
0 73 0
0 74 0
0 75 0
0 76 0
0 77 0
0 78 0
0 79 0
0 80 0
0 81 0
0 82 0
0 83 0
0 84 0
0 85 0
0 86 0
0 87 0
0 88 0
0 89 0
0 90 0
0 91 0
0 92 0
0 93 0
0 94 0
0 95 0
0 96 0
0 97 0
0 98 0
0 99 0
0 100 0
0 101 0

1 0 0
1 1 0
1 2 0.150968
1 3 0.149418
1 4 0.146652
1 5 0.142689
1 6 0.137609
1 7 0.131504
1 8 0.124451
1 9 0.116575
1 10 0.107993
1 11 0.0988408
1 12 0.0892649
1 13 0.0794066
1 14 0.0694193
1 15 0.0594804
1 16 0.0497382
1 17 0.0403478
1 18 0.0314598
1 19 0.0231988
1 20 0.0156986
1 21 0.00908552
1 22 0.00346466
1 23 -0.00108228
1 24 -0.00450683
1 25 -0.00675388
1 26 -0.00778408
1 27 -0.00758207
1 28 -0.00616243
1 29 -0.00355606
1 30 0.000196259
1 31 0.00503113
1 32 0.0108482
1 33 0.0175323
1 34 0.0249906
1 35 0.0330843
1 36 0.0416735
1 37 0.0506317
1 38 0.0597951
1 39 0.0690081
1 40 0.0781191
1 41 0.0869723
1 42 0.095416
1 43 0.103317
1 44 0.110539
1 45 0.116978
1 46 0.122521
1 47 0.127057
1 48 0.130514
1 49 0.132831
1 50 0.133969
1 51 0.133932
1 52 0.132697
1 53 0.130289
1 54 0.126733
1 55 0.122093
1 56 0.11647
1 57 0.109954
1 58 0.102644
1 59 0.0946679
1 60 0.0861509
1 61 0.0772424
1 62 0.0680838
1 63 0.0588182
1 64 0.0496191
1 65 0.0406428
1 66 0.0320251
1 67 0.0239201
1 68 0.0164581
1 69 0.00976876
1 70 0.00395731
1 71 -0.000875203
1 72 -0.00461773
1 73 -0.0072167
1 74 -0.00862018
1 75 -0.00879349
1 76 -0.00772957
1 77 -0.00544169
1 78 -0.00197119
1 79 0.00263663
1 80 0.00830725
1 81 0.0149794
1 82 0.0225336
1 83 0.0308558
1 84 0.0398231
1 85 0.0492845
1 86 0.0591039
1 87 0.0691039
1 88 0.0791409
1 89 0.0890529
1 90 0.0986678
1 91 0.107862
1 92 0.116494
1 93 0.124417
1 94 0.131487
1 95 0.137611
1 96 0.142708
1 97 0.146702
1 98 0.149501
1 99 0.151044
1 100 0
1 101 0

2 0 0
2 1 0.150968
2 2 1.21325
2 3 1.20078
2 4 1.17848
2 5 1.14667
2 6 1.10589
2 7 1.05681
2 8 1.00016
2 9 0.936861
2 10 0.867888
2 11 0.794321
2 12 0.717324
2 13 0.638099
2 14 0.557893
2 15 0.478007
2 16 0.399717
2 17 0.324252
2 18 0.252787
2 19 0.186415
2 20 0.126192
2 21 0.0730649
2 22 0.0278614
2 23 -0.00876575
2 24 -0.0362791
2 25 -0.0542916
2 26 -0.0625411
2 27 -0.0609029
2 28 -0.0494664
2 29 -0.0284893
2 30 0.00165052
2 31 0.0404291
2 32 0.087118
2 33 0.140881
2 34 0.200791
2 35 0.265831
2 36 0.334903
2 37 0.406859
2 38 0.480476
2 39 0.554529
2 40 0.627763
2 41 0.698928
2 42 0.766832
2 43 0.830338
2 44 0.888418
2 45 0.940114
2 46 0.984558
2 47 1.02098
2 48 1.04876
2 49 1.0674
2 50 1.07663
2 51 1.07626
2 52 1.06631
2 53 1.0469
2 54 1.01836
2 55 0.981185
2 56 0.936031
2 57 0.883663
2 58 0.824941
2 59 0.760813
2 60 0.692353
2 61 0.620705
2 62 0.547061
2 63 0.472652
2 64 0.39874
2 65 0.326567
2 66 0.257328
2 67 0.192185
2 68 0.132222
2 69 0.0784477
2 70 0.0317686
2 71 -0.00697773
2 72 -0.037071
2 73 -0.0579594
2 74 -0.0692313
2 75 -0.0706303
2 76 -0.0621017
2 77 -0.043757
2 78 -0.0158679
2 79 0.0211544
2 80 0.0667838
2 81 0.120368
2 82 0.181091
2 83 0.247988
2 84 0.320033
2 85 0.39609
2 86 0.474948
2 87 0.555343
2 88 0.636014
2 89 0.715657
2 90 0.793005
2 91 0.866891
2 92 0.936177
2 93 0.999755
2 94 1.0566
2 95 1.1059
2 96 1.14689
2 97 1.1789
2 98 1.20136
2 99 1.21387
2 100 0.151044
2 101 0

3 0 0
3 1 0.149418
3 2 1.20078
3 3 1.18835
3 4 1.16605
3 5 1.13439
3 6 1.09376
3 7 1.04479
3 8 0.988336
3 9 0.925191
3 10 0.856403
3 11 0.783007
3 12 0.706156
3 13 0.62714
3 14 0.547242
3 15 0.467573
3 16 0.389495
3 17 0.314247
3 18 0.242965
3 19 0.176828
3 20 0.116829
3 21 0.0638747
3 22 0.0187681
3 23 -0.0178281
3 24 -0.0452199
3 25 -0.0630818
3 26 -0.0711908
3 27 -0.0694818
3 28 -0.0579809
3 29 -0.0369554
3 30 -0.00684214
3 31 0.0318033
3 32 0.0783594
3 33 0.132087
3 34 0.191893
3 35 0.256826
3 36 0.325828
3 37 0.397605
3 38 0.471083
3 39 0.545034
3 40 0.61817
3 41 0.68924
3 42 0.757084
3 43 0.82051
3 44 0.878532
3 45 0.930077
3 46 0.974301
3 47 1.01061
3 48 1.03831
3 49 1.05696
3 50 1.06625
3 51 1.06582
3 52 1.05585
3 53 1.03642
3 54 1.00799
3 55 0.971043
3 56 0.926038
3 57 0.873787
3 58 0.815192
3 59 0.75114
3 60 0.682774
3 61 0.611171
3 62 0.537594
3 63 0.463364
3 64 0.389612
3 65 0.317533
3 66 0.24842
3 67 0.183352
3 68 0.123492
3 69 0.069778
3 70 0.0231937
3 71 -0.0154083
3 72 -0.045493
3 73 -0.0663861
3 74 -0.0776761
3 75 -0.0791475
3 76 -0.0707265
3 77 -0.0525443
3 78 -0.0247789
3 79 0.0120967
3 80 0.0576414
3 81 0.111031
3 82 0.171582
3 83 0.238299
3 84 0.310117
3 85 0.385983
3 86 0.46455
3 87 0.544758
3 88 0.625217
3 89 0.704611
3 90 0.781831
3 91 0.855496
3 92 0.924497
3 93 0.987788
3 94 1.04454
3 95 1.0938
3 96 1.13469
3 97 1.16651
3 98 1.18886
3 99 1.20147
3 100 0.149514
3 101 0

4 0 0
4 1 0.146652
4 2 1.17848
4 3 1.16605
4 4 1.14387
4 5 1.1123
4 6 1.07187
4 7 1.02306
4 8 0.966772
4 9 0.903913
4 10 0.835325
4 11 0.762223
4 12 0.685553
4 13 0.606795
4 14 0.527141
4 15 0.447798
4 16 0.370032
4 17 0.295018
4 18 0.22399
4 19 0.158127
4 20 0.0983909
4 21 0.0456269
4 22 0.000703733
4 23 -0.0356466
4 24 -0.0628823
4 25 -0.0805145
4 26 -0.0885194
4 27 -0.0867276
4 28 -0.0752063
4 29 -0.0541692
4 30 -0.0238867
4 31 0.0147587
4 32 0.0613038
4 33 0.114982
4 34 0.17474
4 35 0.239591
4 36 0.308484
4 37 0.380107
4 38 0.453553
4 39 0.527437
4 40 0.600468
4 41 0.671463
4 42 0.739178
4 43 0.80251
4 44 0.86039
4 45 0.911835
4 46 0.95604
4 47 0.992372
4 48 1.01995
4 49 1.03855
4 50 1.04777
4 51 1.04737
4 52 1.03746
4 53 1.01817
4 54 0.989776
4 55 0.952897
4 56 0.907945
4 57 0.855761
4 58 0.797208
4 59 0.733305
4 60 0.665076
4 61 0.593646
4 62 0.520152
4 63 0.445957
4 64 0.372334
4 65 0.30033
4 66 0.231348
4 67 0.166375
4 68 0.106542
4 69 0.0528675
4 70 0.00635537
4 71 -0.0323365
4 72 -0.0624238
4 73 -0.0833842
4 74 -0.0946917
4 75 -0.0962843
4 76 -0.0880502
4 77 -0.0699718
4 78 -0.0424824
4 79 -0.00574157
4 80 0.0396226
4 81 0.0928056
4 82 0.153023
4 83 0.219444
4 84 0.291058
4 85 0.366595
4 86 0.444963
4 87 0.524915
4 88 0.60497
4 89 0.68406
4 90 0.760965
4 91 0.834452
4 92 0.903206
4 93 0.966387
4 94 1.02299
4 95 1.07205
4 96 1.11274
4 97 1.14441
4 98 1.16667
4 99 1.17926
4 100 0.146752
4 101 0

5 0 0
5 1 0.142689
5 2 1.14667
5 3 1.13439
5 4 1.1123
5 5 1.0809
5 6 1.04061
5 7 0.992046
5 8 0.935977
5 9 0.87333
5 10 0.804951
5 11 0.732124
5 12 0.655852
5 13 0.577397
5 14 0.498039
5 15 0.419024
5 16 0.341702
5 17 0.267
5 18 0.196209
5 19 0.130676
5 20 0.0712044
5 21 0.018813
5 22 -0.02579
5 23 -0.0619186
5 24 -0.0889954
5 25 -0.106547
5 26 -0.114355
5 27 -0.112344
5 28 -0.100676
5 29 -0.079518
5 30 -0.049232
5 31 -0.0104423
5 32 0.0360811
5 33 0.0898603
5 34 0.149501
5 35 0.21433
5 36 0.283198
5 37 0.354834
5 38 0.428131
5 39 0.501834
5 40 0.574761
5 41 0.645759
5 42 0.713424
5 43 0.776654
5 44 0.834462
5 45 0.885842
5 46 0.93
5 47 0.966198
5 48 0.993794
5 49 1.01244
5 50 1.02165
5 51 1.02126
5 52 1.01133
5 53 0.992089
5 54 0.963775
5 55 0.926908
5 56 0.882065
5 57 0.829946
5 58 0.771506
5 59 0.707731
5 60 0.639592
5 61 0.568231
5 62 0.494829
5 63 0.420802
5 64 0.34719
5 65 0.275217
5 66 0.206328
5 67 0.141423
5 68 0.0815415
5 69 0.0279147
5 70 -0.0187088
5 71 -0.057364
5 72 -0.0875487
5 73 -0.108497
5 74 -0.120006
5 75 -0.121792
5 76 -0.11373
5 77 -0.0959135
5 78 -0.0685672
5 79 -0.0320504
5 80 0.0130638
5 81 0.0659502
5 82 0.125856
5 83 0.191997
5 84 0.263221
5 85 0.3384
5 86 0.416378
5 87 0.49593
5 88 0.575575
5 89 0.654418
5 90 0.731154
5 91 0.804309
5 92 0.872767
5 93 0.935698
5 94 0.992084
5 95 1.04101
5 96 1.0815
5 97 1.11306
5 98 1.13516
5 99 1.14755
5 100 0.142798
5 101 0

6 0 0
6 1 0.137609
6 2 1.10589
6 3 1.09376
6 4 1.07187
6 5 1.04061
6 6 1.00057
6 7 0.952142
6 8 0.896321
6 9 0.833913
6 10 0.765766
6 11 0.693243
6 12 0.617457
6 13 0.539436
6 14 0.460434
6 15 0.381811
6 16 0.304863
6 17 0.230633
6 18 0.160255
6 19 0.0950672
6 20 0.03603
6 21 -0.0161129
6 22 -0.0605044
6 23 -0.0962919
6 24 -0.123155
6 25 -0.140439
6 26 -0.148039
6 27 -0.145842
6 28 -0.134011
6 29 -0.112711
6 30 -0.082231
6 31 -0.0433367
6 32 0.00328674
6 33 0.0569473
6 34 0.116688
6 35 0.181452
6 36 0.250309
6 37 0.322018
6 38 0.395295
6 39 0.468944
6 40 0.541755
6 41 0.612607
6 42 0.680186
6 43 0.743474
6 44 0.801222
6 45 0.852609
6 46 0.89669
6 47 0.932811
6 48 0.960335
6 49 0.978958
6 50 0.988115
6 51 0.987759
6 52 0.977867
6 53 0.958685
6 54 0.930381
6 55 0.893661
6 56 0.848976
6 57 0.79696
6 58 0.738468
6 59 0.674755
6 60 0.60674
6 61 0.535518
6 62 0.462224
6 63 0.388253
6 64 0.314603
6 65 0.242691
6 66 0.173841
6 67 0.108908
6 68 0.0490152
6 69 -0.00470744
6 70 -0.051299
6 71 -0.0900936
6 72 -0.120336
6 73 -0.141433
6 74 -0.153109
6 75 -0.155165
6 76 -0.147301
6 77 -0.129611
6 78 -0.102585
6 79 -0.066326
6 80 -0.0216018
6 81 0.0309353
6 82 0.090573
6 83 0.156336
6 84 0.227081
6 85 0.301788
6 86 0.379384
6 87 0.4585
6 88 0.53775
6 89 0.616204
6 90 0.692561
6 91 0.765407
6 92 0.833614
6 93 0.896268
6 94 0.952419
6 95 1.00101
6 96 1.04134
6 97 1.07272
6 98 1.09462
6 99 1.1069
6 100 0.137741
6 101 0

7 0 0
7 1 0.131504
7 2 1.05681
7 3 1.04479
7 4 1.02306
7 5 0.992046
7 6 0.952142
7 7 0.90406
7 8 0.848483
7 9 0.786423
7 10 0.718576
7 11 0.646387
7 12 0.570982
7 13 0.4934
7 14 0.414867
7 15 0.336742
7 16 0.26032
7 17 0.186571
7 18 0.116592
7 19 0.051816
7 20 -0.00688709
7 21 -0.0585971
7 22 -0.102652
7 23 -0.138171
7 24 -0.164581
7 25 -0.181581
7 26 -0.188925
7 27 -0.186482
7 28 -0.174407
7 29 -0.15287
7 30 -0.122329
7 31 -0.0832438
7 32 -0.0366117
7 33 0.0171399
7 34 0.0768626
7 35 0.141722
7 36 0.21048
7 37 0.282215
7 38 0.355509
7 39 0.429151
7 40 0.501974
7 41 0.57269
7 42 0.640224
7 43 0.703424
7 44 0.76113
7 45 0.812385
7 46 0.856519
7 47 0.892532
7 48 0.920089
7 49 0.938752
7 50 0.947909
7 51 0.947581
7 52 0.937618
7 53 0.918524
7 54 0.890353
7 55 0.853555
7 56 0.808979
7 57 0.757055
7 58 0.698736
7 59 0.635086
7 60 0.56719
7 61 0.496043
7 62 0.422776
7 63 0.348784
7 64 0.275174
7 65 0.203281
7 66 0.134407
7 67 0.0695279
7 68 0.0095739
7 69 -0.044192
7 70 -0.0909156
7 71 -0.129677
7 72 -0.160109
7 73 -0.181354
7 74 -0.193291
7 75 -0.195589
7 76 -0.188082
7 77 -0.170752
7 78 -0.143898
7 79 -0.108084
7 80 -0.0637973
7 81 -0.0116519
7 82 0.0475722
7 83 0.112977
7 84 0.183263
7 85 0.257539
7 86 0.334647
7 87 0.413309
7 88 0.492116
7 89 0.570089
7 90 0.645925
7 91 0.71839
7 92 0.786323
7 93 0.848709
7 94 0.904433
7 95 0.952786
7 96 0.992918
7 97 1.02414
7 98 1.04583
7 99 1.05796
7 100 0.131651
7 101 0

8 0 0
8 1 0.124451
8 2 1.00016
8 3 0.988336
8 4 0.966772
8 5 0.935977
8 6 0.896321
8 7 0.848483
8 8 0.793147
8 9 0.731424
8 10 0.664086
8 11 0.592286
8 12 0.51732
8 13 0.440213
8 14 0.362211
8 15 0.284497
8 16 0.208471
8 17 0.135151
8 18 0.0657239
8 19 0.00145942
8 20 -0.0567193
8 21 -0.10802
8 22 -0.151618
8 23 -0.186677
8 24 -0.212664
8 25 -0.229308
8 26 -0.23627
8 27 -0.233571
8 28 -0.221355
8 29 -0.199658
8 30 -0.169004
8 31 -0.129825
8 32 -0.0830691
8 33 -0.0291597
8 34 0.0307052
8 35 0.0957286
8 36 0.164564
8 37 0.236273
8 38 0.309482
8 39 0.383133
8 40 0.455906
8 41 0.526573
8 42 0.594093
8 43 0.657206
8 44 0.7149
8 45 0.76613
8 46 0.810235
8 47 0.846214
8 48 0.873707
8 49 0.892318
8 50 0.901448
8 51 0.901109
8 52 0.891273
8 53 0.87225
8 54 0.844137
8 55 0.80744
8 56 0.762912
8 57 0.711064
8 58 0.652924
8 59 0.589347
8 60 0.521468
8 61 0.450307
8 62 0.377087
8 63 0.303201
8 64 0.229652
8 65 0.157814
8 66 0.0888253
8 67 0.0238011
8 68 -0.0362256
8 69 -0.0900804
8 70 -0.136949
8 71 -0.175785
8 72 -0.206382
8 73 -0.227807
8 74 -0.239959
8 75 -0.242526
8 76 -0.235317
8 77 -0.218381
8 78 -0.191987
8 79 -0.15662
8 80 -0.112744
8 81 -0.0610697
8 82 -0.00233203
8 83 0.0624681
8 84 0.132292
8 85 0.206153
8 86 0.282736
8 87 0.360834
8 88 0.439255
8 89 0.516742
8 90 0.592126
8 91 0.664075
8 92 0.731674
8 93 0.793711
8 94 0.849048
8 95 0.897121
8 96 0.937015
8 97 0.96801
8 98 0.989468
8 99 1.00149
8 100 0.124629
8 101 0

9 0 0
9 1 0.116575
9 2 0.936861
9 3 0.925191
9 4 0.903913
9 5 0.87333
9 6 0.833913
9 7 0.786423
9 8 0.731424
9 9 0.670123
9 10 0.603198
9 11 0.53183
9 12 0.45722
9 13 0.380631
9 14 0.303089
9 15 0.225868
9 16 0.150347
9 17 0.0776406
9 18 0.00880204
9 19 -0.0548709
9 20 -0.112541
9 21 -0.163349
9 22 -0.206574
9 23 -0.241203
9 24 -0.266716
9 25 -0.282957
9 26 -0.289598
9 27 -0.286635
9 28 -0.274045
9 29 -0.252071
9 30 -0.22132
9 31 -0.181964
9 32 -0.135032
9 33 -0.0809583
9 34 -0.0209316
9 35 0.044118
9 36 0.113047
9 37 0.184811
9 38 0.258039
9 39 0.331708
9 40 0.404453
9 41 0.475055
9 42 0.542566
9 43 0.605678
9 44 0.663291
9 45 0.714473
9 46 0.7586
9 47 0.794553
9 48 0.822105
9 49 0.840657
9 50 0.849728
9 51 0.849479
9 52 0.839681
9 53 0.820655
9 54 0.792615
9 55 0.755998
9 56 0.711543
9 57 0.659722
9 58 0.60169
9 59 0.538188
9 60 0.470342
9 61 0.399251
9 62 0.326101
9 63 0.252242
9 64 0.178717
9 65 0.106854
9 66 0.0377564
9 67 -0.0273702
9 68 -0.0874679
9 69 -0.14149
9 70 -0.188526
9 71 -0.227522
9 72 -0.25832
9 73 -0.280057
9 74 -0.292489
9 75 -0.295321
9 76 -0.288436
9 77 -0.271933
9 78 -0.245908
9 79 -0.210958
9 80 -0.167581
9 81 -0.116387
9 82 -0.0582328
9 83 0.00600175
9 84 0.0752263
9 85 0.148526
9 86 0.224475
9 87 0.30202
9 88 0.37997
9 89 0.457082
9 90 0.531979
9 91 0.603491
9 92 0.670592
9 93 0.732246
9 94 0.787237
9 95 0.83501
9 96 0.874598
9 97 0.9053
9 98 0.926592
9 99 0.938373
9 100 0.116767
9 101 0

10 0 0
10 1 0.107993
10 2 0.867888
10 3 0.856403
10 4 0.835325
10 5 0.804951
10 6 0.765766
10 7 0.718576
10 8 0.664086
10 9 0.603198
10 10 0.53679
10 11 0.465861
10 12 0.391754
10 13 0.315681
10 14 0.238673
10 15 0.161993
10 16 0.0870433
10 17 0.0148932
10 18 -0.0532804
10 19 -0.116427
10 20 -0.173609
10 21 -0.223861
10 22 -0.266567
10 23 -0.300776
10 24 -0.325805
10 25 -0.341611
10 26 -0.347875
10 27 -0.344531
10 28 -0.331619
10 29 -0.309444
10 30 -0.278315
10 31 -0.238782
10 32 -0.191709
10 33 -0.137484
10 34 -0.0772987
10 35 -0.0122313
10 36 0.0568486
10 37 0.128681
10 38 0.202014
10 39 0.275781
10 40 0.348472
10 41 0.419037
10 42 0.486465
10 43 0.549483
10 44 0.607141
10 45 0.658376
10 46 0.702361
10 47 0.738371
10 48 0.765894
10 49 0.784395
10 50 0.793504
10 51 0.793248
10 52 0.783513
10 53 0.764491
10 54 0.736546
10 55 0.700107
10 56 0.655666
10 57 0.603913
10 58 0.545822
10 59 0.482359
10 60 0.414653
10 61 0.343726
10 62 0.27069
10 63 0.19679
10 64 0.12311
10 65 0.0511717
10 66 -0.0179285
10 67 -0.083215
10 68 -0.143364
10 69 -0.197543
10 70 -0.244787
10 71 -0.284003
10 72 -0.314986
10 73 -0.337039
10 74 -0.349847
10 75 -0.353089
10 76 -0.346487
10 77 -0.330325
10 78 -0.30478
10 79 -0.270338
10 80 -0.227515
10 81 -0.176881
10 82 -0.119278
10 83 -0.0556734
10 84 0.0130572
10 85 0.0857144
10 86 0.16101
10 87 0.237986
10 88 0.315391
10 89 0.391925
10 90 0.466396
10 91 0.537411
10 92 0.604032
10 93 0.665174
10 94 0.719769
10 95 0.767154
10 96 0.806361
10 97 0.836775
10 98 0.857994
10 99 0.869594
10 100 0.108212
10 101 0

11 0 0
11 1 0.0988408
11 2 0.794321
11 3 0.783007
11 4 0.762223
11 5 0.732124
11 6 0.693243
11 7 0.646387
11 8 0.592286
11 9 0.53183
11 10 0.465861
11 11 0.395501
11 12 0.321971
11 13 0.246438
11 14 0.170039
11 15 0.0939387
11 16 0.0195937
11 17 -0.0519314
11 18 -0.119561
11 19 -0.182217
11 20 -0.238819
11 21 -0.288492
11 22 -0.330615
11 23 -0.364274
11 24 -0.388871
11 25 -0.404201
11 26 -0.410054
11 27 -0.40636
11 28 -0.3931
11 29 -0.370578
11 30 -0.339181
11 31 -0.299331
11 32 -0.252035
11 33 -0.197671
11 34 -0.137314
11 35 -0.0721122
11 36 -0.0029856
11 37 0.0688989
11 38 0.142213
11 39 0.215961
11 40 0.288718
11 41 0.359337
11 42 0.426767
11 43 0.489776
11 44 0.547332
11 45 0.598559
11 46 0.642529
11 47 0.678549
11 48 0.706112
11 49 0.724546
11 50 0.733684
11 51 0.733455
11 52 0.72384
11 53 0.704863
11 54 0.676966
11 55 0.640523
11 56 0.596093
11 57 0.544424
11 58 0.486392
11 59 0.42303
11 60 0.355359
11 61 0.284434
11 62 0.211423
11 63 0.137563
11 64 0.0638875
11 65 -0.00806207
11 66 -0.0772673
11 67 -0.142628
11 68 -0.202888
11 69 -0.257176
11 70 -0.304679
11 71 -0.344238
11 72 -0.375525
11 73 -0.397864
11 74 -0.410914
11 75 -0.414517
11 76 -0.408339
11 77 -0.39269
11 78 -0.36773
11 79 -0.333778
11 80 -0.291517
11 81 -0.241464
11 82 -0.184424
11 83 -0.121368
11 84 -0.0532505
11 85 0.0187019
11 86 0.0934045
11 87 0.169801
11 88 0.246576
11 89 0.322447
11 90 0.396298
11 91 0.466878
11 92 0.533039
11 93 0.593668
11 94 0.647869
11 95 0.694786
11 96 0.733654
11 97 0.763918
11 98 0.784865
11 99 0.796236
11 100 0.0990795
11 101 0

12 0 0
12 1 0.0892649
12 2 0.717324
12 3 0.706156
12 4 0.685553
12 5 0.655852
12 6 0.617457
12 7 0.570982
12 8 0.51732
12 9 0.45722
12 10 0.391754
12 11 0.321971
12 12 0.248979
12 13 0.174017
12 14 0.0982055
12 15 0.0227614
12 16 -0.0509631
12 17 -0.121979
12 18 -0.188944
12 19 -0.250965
12 20 -0.307013
12 21 -0.356051
12 22 -0.397526
12 23 -0.430653
12 24 -0.454804
12 25 -0.469692
12 26 -0.475118
12 27 -0.470905
12 28 -0.457292
12 29 -0.434513
12 30 -0.402752
12 31 -0.362654
12 32 -0.315054
12 33 -0.260581
12 34 -0.200144
12 35 -0.134826
12 36 -0.0655107
12 37 0.00649069
12 38 0.0798413
12 39 0.15358
12 40 0.226368
12 41 0.296972
12 42 0.364427
12 43 0.427389
12 44 0.484865
12 45 0.536103
12 46 0.580071
12 47 0.616147
12 48 0.643712
12 49 0.662146
12 50 0.671306
12 51 0.671168
12 52 0.661532
12 53 0.642584
12 54 0.614719
12 55 0.578298
12 56 0.533858
12 57 0.482348
12 58 0.424413
12 59 0.36111
12 60 0.293509
12 61 0.222538
12 62 0.149612
12 63 0.0757985
12 64 0.00212368
12 65 -0.0699714
12 66 -0.13936
12 67 -0.204847
12 68 -0.265147
12 69 -0.319524
12 70 -0.367192
12 71 -0.407128
12 72 -0.438786
12 73 -0.461417
12 74 -0.474742
12 75 -0.478747
12 76 -0.473014
12 77 -0.457822
12 78 -0.433513
12 79 -0.40009
12 80 -0.358346
12 81 -0.308958
12 82 -0.252571
12 83 -0.190131
12 84 -0.122649
12 85 -0.051428
12 86 0.0226409
12 87 0.0983889
12 88 0.17459
12 89 0.24987
12 90 0.323051
12 91 0.393106
12 92 0.458766
12 93 0.518918
12 94 0.572697
12 95 0.619181
12 96 0.657671
12 97 0.687544
12 98 0.708298
12 99 0.719408
12 100 0.0895166
12 101 0

13 0 0
13 1 0.0794066
13 2 0.638099
13 3 0.62714
13 4 0.606795
13 5 0.577397
13 6 0.539436
13 7 0.4934
13 8 0.440213
13 9 0.380631
13 10 0.315681
13 11 0.246438
13 12 0.174017
13 13 0.0995766
13 14 0.0244165
13 15 -0.0504119
13 16 -0.123557
13 17 -0.19392
13 18 -0.260284
13 19 -0.321609
13 20 -0.377017
13 21 -0.425457
13 22 -0.46631
13 23 -0.498843
13 24 -0.522473
13 25 -0.536898
13 26 -0.541826
13 27 -0.53727
13 28 -0.523213
13 29 -0.500005
13 30 -0.46801
13 31 -0.427691
13 32 -0.379793
13 33 -0.325135
13 34 -0.264569
13 35 -0.199126
13 36 -0.129687
13 37 -0.0575907
13 38 0.0158154
13 39 0.0895612
13 40 0.162365
13 41 0.23299
13 42 0.30043
13 43 0.363455
13 44 0.420861
13 45 0.472044
13 46 0.516038
13 47 0.552154
13 48 0.57974
13 49 0.598218
13 50 0.607422
13 51 0.60723
13 52 0.597635
13 53 0.578682
13 54 0.550829
13 55 0.51447
13 56 0.470121
13 57 0.418706
13 58 0.360832
13 59 0.297601
13 60 0.230054
13 61 0.159155
13 62 0.0861918
13 63 0.01231
13 64 -0.061392
13 65 -0.133481
13 66 -0.20289
13 67 -0.268458
13 68 -0.329009
13 69 -0.383576
13 70 -0.431369
13 71 -0.47162
13 72 -0.50358
13 73 -0.526617
13 74 -0.540323
13 75 -0.54476
13 76 -0.539491
13 77 -0.524819
13 78 -0.501004
13 79 -0.468107
13 80 -0.426984
13 81 -0.37826
13 82 -0.322543
13 83 -0.260827
13 84 -0.194113
13 85 -0.123499
13 86 -0.050081
13 87 0.0250319
13 88 0.100582
13 89 0.175279
13 90 0.247914
13 91 0.31732
13 92 0.382465
13 93 0.442127
13 94 0.495449
13 95 0.541356
13 96 0.579449
13 97 0.609038
13 98 0.629432
13 99 0.640366
13 100 0.0796864
13 101 0

14 0 0
14 1 0.0694193
14 2 0.557893
14 3 0.547242
14 4 0.527141
14 5 0.498039
14 6 0.460434
14 7 0.414867
14 8 0.362211
14 9 0.303089
14 10 0.238673
14 11 0.170039
14 12 0.0982055
14 13 0.0244165
14 14 -0.0501267
14 15 -0.124244
14 16 -0.196757
14 17 -0.266582
14 18 -0.332197
14 19 -0.392836
14 20 -0.447757
14 21 -0.495635
14 22 -0.535843
14 23 -0.567697
14 24 -0.5907
14 25 -0.604641
14 26 -0.60921
14 27 -0.604244
14 28 -0.589728
14 29 -0.566159
14 30 -0.533847
14 31 -0.4933
14 32 -0.445098
14 33 -0.390249
14 34 -0.329492
14 35 -0.263911
14 36 -0.194408
14 37 -0.122295
14 38 -0.0487984
14 39 0.0249487
14 40 0.0977881
14 41 0.168392
14 42 0.235812
14 43 0.298869
14 44 0.356322
14 45 0.407558
14 46 0.451564
14 47 0.487731
14 48 0.515232
14 49 0.533711
14 50 0.542984
14 51 0.542781
14 52 0.533213
14 53 0.51438
14 54 0.486555
14 55 0.45027
14 56 0.405886
14 57 0.35455
14 58 0.296698
14 59 0.233448
14 60 0.165951
14 61 0.0950556
14 62 0.0221277
14 63 -0.0517345
14 64 -0.125341
14 65 -0.197469
14 66 -0.266925
14 67 -0.332631
14 68 -0.393366
14 69 -0.448177
14 70 -0.496146
14 71 -0.536605
14 72 -0.568872
14 73 -0.592387
14 74 -0.606495
14 75 -0.611341
14 76 -0.606565
14 77 -0.592355
14 78 -0.569097
14 79 -0.536925
14 80 -0.496408
14 81 -0.448231
14 82 -0.393187
14 83 -0.332191
14 84 -0.266224
14 85 -0.196306
14 86 -0.123483
14 87 -0.0490159
14 88 0.0258685
14 89 0.0998799
14 90 0.171862
14 91 0.240728
14 92 0.305282
14 93 0.364445
14 94 0.417206
14 95 0.462686
14 96 0.500415
14 97 0.529562
14 98 0.549659
14 99 0.560339
14 100 0.0697252
14 101 0

15 0 0
15 1 0.0594804
15 2 0.478007
15 3 0.467573
15 4 0.447798
15 5 0.419024
15 6 0.381811
15 7 0.336742
15 8 0.284497
15 9 0.225868
15 10 0.161993
15 11 0.0939387
15 12 0.0227614
15 13 -0.0504119
15 14 -0.124244
15 15 -0.197656
15 16 -0.269486
15 17 -0.338668
15 18 -0.403693
15 19 -0.463705
15 20 -0.517951
15 21 -0.565196
15 22 -0.604763
15 23 -0.636047
15 24 -0.65853
15 25 -0.671982
15 26 -0.676025
15 27 -0.670576
15 28 -0.655648
15 29 -0.631701
15 30 -0.599168
15 31 -0.558333
15 32 -0.509962
15 33 -0.454902
15 34 -0.393993
15 35 -0.328233
15 36 -0.258711
15 37 -0.186513
15 38 -0.112873
15 39 -0.0390619
15 40 0.0338047
15 41 0.104451
15 42 0.171825
15 43 0.234873
15 44 0.292352
15 45 0.34349
15 46 0.387495
15 47 0.423591
15 48 0.451158
15 49 0.469675
15 50 0.478926
15 51 0.478758
15 52 0.469211
15 53 0.450426
15 54 0.422707
15 55 0.386409
15 56 0.342188
15 57 0.290816
15 58 0.23308
15 59 0.169987
15 60 0.102485
15 61 0.0316406
15 62 -0.0413112
15 63 -0.115224
15 64 -0.18881
15 65 -0.260934
15 66 -0.330575
15 67 -0.396374
15 68 -0.457219
15 69 -0.512177
15 70 -0.560394
15 71 -0.601066
15 72 -0.633572
15 73 -0.657397
15 74 -0.672019
15 75 -0.677317
15 76 -0.673116
15 77 -0.659478
15 78 -0.636719
15 79 -0.605165
15 80 -0.565296
15 81 -0.517726
15 82 -0.463383
15 83 -0.403137
15 84 -0.337801
15 85 -0.268537
15 86 -0.19642
15 87 -0.122668
15 88 -0.0485693
15 89 0.0247197
15 90 0.0961669
15 91 0.16441
15 92 0.228427
15 93 0.287011
15 94 0.339233
15 95 0.384334
15 96 0.421664
15 97 0.450464
15 98 0.470204
15 99 0.4806
15 100 0.0597988
15 101 0

16 0 0
16 1 0.0497382
16 2 0.399717
16 3 0.389495
16 4 0.370032
16 5 0.341702
16 6 0.304863
16 7 0.26032
16 8 0.208471
16 9 0.150347
16 10 0.0870433
16 11 0.0195937
16 12 -0.0509631
16 13 -0.123557
16 14 -0.196757
16 15 -0.269486
16 16 -0.340603
16 17 -0.409044
16 18 -0.473544
16 19 -0.533003
16 20 -0.586481
16 21 -0.633049
16 22 -0.672023
16 23 -0.702785
16 24 -0.724773
16 25 -0.737653
16 26 -0.741134
16 27 -0.735249
16 28 -0.719959
16 29 -0.695688
16 30 -0.66282
16 31 -0.621726
16 32 -0.573179
16 33 -0.517951
16 34 -0.456888
16 35 -0.39093
16 36 -0.321414
16 37 -0.249118
16 38 -0.175474
16 39 -0.101562
16 40 -0.0286243
16 41 0.0419649
16 42 0.109425
16 43 0.172334
16 44 0.229866
16 45 0.281015
16 46 0.324934
16 47 0.360998
16 48 0.388537
16 49 0.407125
16 50 0.416392
16 51 0.416208
16 52 0.406715
16 53 0.387947
16 54 0.360308
16 55 0.324172
16 56 0.280032
16 57 0.228718
16 58 0.171094
16 59 0.10799
16 60 0.0405522
16 61 -0.0303035
16 62 -0.103219
16 63 -0.177097
16 64 -0.250742
16 65 -0.322891
16 66 -0.392602
16 67 -0.458441
16 68 -0.519368
16 69 -0.574489
16 70 -0.623003
16 71 -0.663895
16 72 -0.696679
16 73 -0.720854
16 74 -0.735959
16 75 -0.741708
16 76 -0.738013
16 77 -0.724916
16 78 -0.702615
16 79 -0.671662
16 80 -0.632423
16 81 -0.585613
16 82 -0.532009
16 83 -0.472381
16 84 -0.407711
16 85 -0.339106
16 86 -0.267748
16 87 -0.194807
16 88 -0.121365
16 89 -0.0486978
16 90 0.0221657
16 91 0.0897732
16 92 0.153152
16 93 0.21129
16 94 0.26296
16 95 0.307626
16 96 0.344477
16 97 0.372859
16 98 0.392289
16 99 0.402447
16 100 0.0500728
16 101 0

17 0 0
17 1 0.0403478
17 2 0.324252
17 3 0.314247
17 4 0.295018
17 5 0.267
17 6 0.230633
17 7 0.186571
17 8 0.135151
17 9 0.0776406
17 10 0.0148932
17 11 -0.0519314
17 12 -0.121979
17 13 -0.19392
17 14 -0.266582
17 15 -0.338668
17 16 -0.409044
17 17 -0.476706
17 18 -0.540498
17 19 -0.599305
17 20 -0.652141
17 21 -0.698041
17 22 -0.736451
17 23 -0.766578
17 24 -0.788048
17 25 -0.800345
17 26 -0.803412
17 27 -0.797064
17 28 -0.781578
17 29 -0.756945
17 30 -0.723745
17 31 -0.682344
17 32 -0.633683
17 33 -0.578135
17 34 -0.516952
17 35 -0.450983
17 36 -0.381407
17 37 -0.309117
17 38 -0.235451
17 39 -0.161534
17 40 -0.08863
17 41 -0.0179011
17 42 0.049497
17 43 0.112386
17 44 0.169909
17 45 0.22104
17 46 0.264929
17 47 0.300987
17 48 0.328639
17 49 0.347209
17 50 0.356407
17 51 0.356279
17 52 0.346839
17 53 0.328119
17 54 0.300499
17 55 0.264464
17 56 0.220444
17 57 0.169204
17 58 0.111683
17 59 0.048631
17 60 -0.0189343
17 61 -0.0897524
17 62 -0.162621
17 63 -0.236378
17 64 -0.310006
17 65 -0.382207
17 66 -0.451863
17 67 -0.517748
17 68 -0.578827
17 69 -0.634057
17 70 -0.682827
17 71 -0.723999
17 72 -0.757113
17 73 -0.78151
17 74 -0.796983
17 75 -0.803124
17 76 -0.799997
17 77 -0.78736
17 78 -0.765697
17 79 -0.735278
17 80 -0.696789
17 81 -0.650645
17 82 -0.597686
17 83 -0.53872
17 84 -0.47484
17 85 -0.407015
17 86 -0.336428
17 87 -0.264216
17 88 -0.191416
17 89 -0.119343
17 90 -0.0492153
17 91 0.017877
17 92 0.0806308
17 93 0.138227
17 94 0.189364
17 95 0.233566
17 96 0.269905
17 97 0.297987
17 98 0.317138
17 99 0.327112
17 100 0.0407021
17 101 0

18 0 0
18 1 0.0314598
18 2 0.252787
18 3 0.242965
18 4 0.22399
18 5 0.196209
18 6 0.160255
18 7 0.116592
18 8 0.0657239
18 9 0.00880204
18 10 -0.0532804
18 11 -0.119561
18 12 -0.188944
18 13 -0.260284
18 14 -0.332197
18 15 -0.403693
18 16 -0.473544
18 17 -0.540498
18 18 -0.603525
18 19 -0.661588
18 20 -0.713809
18 21 -0.759077
18 22 -0.79687
18 23 -0.82645
18 24 -0.847372
18 25 -0.859192
18 26 -0.861784
18 27 -0.855078
18 28 -0.839164
18 29 -0.814302
18 30 -0.780845
18 31 -0.739222
18 32 -0.690243
18 33 -0.634639
18 34 -0.573338
18 35 -0.507291
18 36 -0.437611
18 37 -0.365291
18 38 -0.291549
18 39 -0.217724
18 40 -0.144925
18 41 -0.0742073
18 42 -0.00684861
18 43 0.0560884
18 44 0.113539
18 45 0.164603
18 46 0.208519
18 47 0.244513
18 48 0.272088
18 49 0.290655
18 50 0.299825
18 51 0.299859
18 52 0.290394
18 53 0.271767
18 54 0.244238
18 55 0.208217
18 56 0.164361
18 57 0.113242
18 58 0.0557334
18 59 -0.00727453
18 60 -0.0747761
18 61 -0.145386
18 62 -0.218144
18 63 -0.291861
18 64 -0.365436
18 65 -0.437714
18 66 -0.507391
18 67 -0.573343
18 68 -0.634448
18 69 -0.68987
18 70 -0.738817
18 71 -0.780249
18 72 -0.813543
18 73 -0.838292
18 74 -0.854162
18 75 -0.86071
18 76 -0.857954
18 77 -0.845952
18 78 -0.824881
18 79 -0.795059
18 80 -0.757159
18 81 -0.711665
18 82 -0.659407
18 83 -0.601133
18 84 -0.538011
18 85 -0.470976
18 86 -0.401078
18 87 -0.329553
18 88 -0.25746
18 89 -0.186089
18 90 -0.116606
18 91 -0.0502279
18 92 0.0119443
18 93 0.068956
18 94 0.119628
18 95 0.163327
18 96 0.199368
18 97 0.227065
18 98 0.245908
18 99 0.255736
18 100 0.031828
18 101 0

19 0 0
19 1 0.0231988
19 2 0.186415
19 3 0.176828
19 4 0.158127
19 5 0.130676
19 6 0.0950672
19 7 0.051816
19 8 0.00145942
19 9 -0.0548709
19 10 -0.116427
19 11 -0.182217
19 12 -0.250965
19 13 -0.321609
19 14 -0.392836
19 15 -0.463705
19 16 -0.533003
19 17 -0.599305
19 18 -0.661588
19 19 -0.718998
19 20 -0.770577
19 21 -0.815286
19 22 -0.852464
19 23 -0.881544
19 24 -0.901919
19 25 -0.913276
19 26 -0.915376
19 27 -0.908322
19 28 -0.892067
19 29 -0.866908
19 30 -0.833155
19 31 -0.791408
19 32 -0.742231
19 33 -0.686461
19 34 -0.625035
19 35 -0.558825
19 36 -0.489097
19 37 -0.416813
19 38 -0.343102
19 39 -0.269375
19 40 -0.196603
19 41 -0.125969
19 42 -0.058649
19 43 0.0042982
19 44 0.0616683
19 45 0.112664
19 46 0.156549
19 47 0.192514
19 48 0.220031
19 49 0.238623
19 50 0.247839
19 51 0.247875
19 52 0.238476
19 53 0.219941
19 54 0.192466
19 55 0.156552
19 56 0.112753
19 57 0.0616884
19 58 0.00426433
19 59 -0.0586414
19 60 -0.125943
19 61 -0.196408
19 62 -0.269071
19 63 -0.34279
19 64 -0.416272
19 65 -0.488484
19 66 -0.558207
19 67 -0.624221
19 68 -0.685497
19 69 -0.741045
19 70 -0.790089
19 71 -0.831781
19 72 -0.865339
19 73 -0.890396
19 74 -0.906609
19 75 -0.913523
19 76 -0.911158
19 77 -0.899766
19 78 -0.879227
19 79 -0.850069
19 80 -0.81273
19 81 -0.767881
19 82 -0.716331
19 83 -0.658774
19 84 -0.596275
19 85 -0.529899
19 86 -0.460691
19 87 -0.389825
19 88 -0.318453
19 89 -0.24783
19 90 -0.17902
19 91 -0.113272
19 92 -0.0516556
19 93 0.00477995
19 94 0.0549924
19 95 0.0982284
19 96 0.133873
19 97 0.161271
19 98 0.179806
19 99 0.189425
19 100 0.0235745
19 101 0

20 0 0
20 1 0.0156986
20 2 0.126192
20 3 0.116829
20 4 0.0983909
20 5 0.0712044
20 6 0.03603
20 7 -0.00688709
20 8 -0.0567193
20 9 -0.112541
20 10 -0.173609
20 11 -0.238819
20 12 -0.307013
20 13 -0.377017
20 14 -0.447757
20 15 -0.517951
20 16 -0.586481
20 17 -0.652141
20 18 -0.713809
20 19 -0.770577
20 20 -0.821574
20 21 -0.865656
20 22 -0.902229
20 23 -0.930807
20 24 -0.950711
20 25 -0.961585
20 26 -0.963267
20 27 -0.955862
20 28 -0.939324
20 29 -0.913811
20 30 -0.879805
20 31 -0.837916
20 32 -0.788643
20 33 -0.732733
20 34 -0.671231
20 35 -0.605014
20 36 -0.535147
20 37 -0.462926
20 38 -0.38926
20 39 -0.315513
20 40 -0.242814
20 41 -0.172134
20 42 -0.105013
20 43 -0.0421496
20 44 0.0151626
20 45 0.0660833
20 46 0.109901
20 47 0.145878
20 48 0.173374
20 49 0.191936
20 50 0.201213
20 51 0.201236
20 52 0.191847
20 53 0.173366
20 54 0.146015
20 55 0.110239
20 56 0.0664615
20 57 0.0155165
20 58 -0.0416981
20 59 -0.104373
20 60 -0.171646
20 61 -0.241998
20 62 -0.314677
20 63 -0.388282
20 64 -0.461613
20 65 -0.533799
20 66 -0.603509
20 67 -0.669673
20 68 -0.731067
20 69 -0.786614
20 70 -0.83577
20 71 -0.877735
20 72 -0.911576
20 73 -0.936914
20 74 -0.953366
20 75 -0.960654
20 76 -0.958775
20 77 -0.947792
20 78 -0.927783
20 79 -0.899238
20 80 -0.86251
20 81 -0.81826
20 82 -0.767362
20 83 -0.710541
20 84 -0.648706
20 85 -0.583038
20 86 -0.514552
20 87 -0.444281
20 88 -0.373643
20 89 -0.303614
20 90 -0.23548
20 91 -0.17029
20 92 -0.109237
20 93 -0.0533536
20 94 -0.00365133
20 95 0.0391403
20 96 0.0744011
20 97 0.101397
20 98 0.119777
20 99 0.129217
20 100 0.0160811
20 101 0

21 0 0
21 1 0.00908552
21 2 0.0730649
21 3 0.0638747
21 4 0.0456269
21 5 0.018813
21 6 -0.0161129
21 7 -0.0585971
21 8 -0.10802
21 9 -0.163349
21 10 -0.223861
21 11 -0.288492
21 12 -0.356051
21 13 -0.425457
21 14 -0.495635
21 15 -0.565196
21 16 -0.633049
21 17 -0.698041
21 18 -0.759077
21 19 -0.815286
21 20 -0.865656
21 21 -0.909256
21 22 -0.945234
21 23 -0.973234
21 24 -0.992683
21 25 -1.00312
21 26 -1.0044
21 27 -0.996579
21 28 -0.979702
21 29 -0.953896
21 30 -0.919775
21 31 -0.877728
21 32 -0.82836
21 33 -0.772381
21 34 -0.710942
21 35 -0.644676
21 36 -0.574859
21 37 -0.502568
21 38 -0.429013
21 39 -0.355297
21 40 -0.282659
21 41 -0.212239
21 42 -0.145174
21 43 -0.0824976
21 44 -0.0252156
21 45 0.0256043
21 46 0.0693971
21 47 0.105295
21 48 0.132769
21 49 0.151309
21 50 0.160605
21 51 0.160633
21 52 0.151315
21 53 0.132832
21 54 0.105606
21 55 0.0699773
21 56 0.0263514
21 57 -0.0245219
21 58 -0.081522
21 59 -0.1441
21 60 -0.211125
21 61 -0.28137
21 62 -0.353905
21 63 -0.427373
21 64 -0.500684
21 65 -0.572718
21 66 -0.642464
21 67 -0.708601
21 68 -0.769962
21 69 -0.825552
21 70 -0.874839
21 71 -0.916939
21 72 -0.950996
21 73 -0.976507
21 74 -0.993388
21 75 -1.00107
21 76 -0.999643
21 77 -0.989135
21 78 -0.969629
21 79 -0.941634
21 80 -0.905482
21 81 -0.861849
21 82 -0.8115
21 83 -0.755385
21 84 -0.694304
21 85 -0.62926
21 86 -0.56142
21 87 -0.491925
21 88 -0.421939
21 89 -0.352578
21 90 -0.285018
21 91 -0.220454
21 92 -0.160028
21 93 -0.104647
21 94 -0.0553842
21 95 -0.0129988
21 96 0.0218181
21 97 0.0486016
21 98 0.0667185
21 99 0.076032
21 100 0.00946904
21 101 0

22 0 0
22 1 0.00346466
22 2 0.0278614
22 3 0.0187681
22 4 0.000703733
22 5 -0.02579
22 6 -0.0605044
22 7 -0.102652
22 8 -0.151618
22 9 -0.206574
22 10 -0.266567
22 11 -0.330615
22 12 -0.397526
22 13 -0.46631
22 14 -0.535843
22 15 -0.604763
22 16 -0.672023
22 17 -0.736451
22 18 -0.79687
22 19 -0.852464
22 20 -0.902229
22 21 -0.945234
22 22 -0.980613
22 23 -1.00817
22 24 -1.02723
22 25 -1.03736
22 26 -1.03831
22 27 -1.03012
22 28 -1.01282
22 29 -0.986836
22 30 -0.952607
22 31 -0.910446
22 32 -0.860972
22 33 -0.804992
22 34 -0.743445
22 35 -0.677197
22 36 -0.607505
22 37 -0.535318
22 38 -0.461842
22 39 -0.388204
22 40 -0.315691
22 41 -0.245481
22 42 -0.178541
22 43 -0.116032
22 44 -0.0588536
22 45 -0.00808998
22 46 0.0356164
22 47 0.07155
22 48 0.0988929
22 49 0.117402
22 50 0.126789
22 51 0.126869
22 52 0.117563
22 53 0.0991759
22 54 0.0719999
22 55 0.0364299
22 56 -0.00708948
22 57 -0.0577631
22 58 -0.114657
22 59 -0.177099
22 60 -0.243869
22 61 -0.313854
22 62 -0.386212
22 63 -0.459637
22 64 -0.532857
22 65 -0.604763
22 66 -0.674333
22 67 -0.740374
22 68 -0.801745
22 69 -0.857493
22 70 -0.906847
22 71 -0.948992
22 72 -0.983209
22 73 -1.00899
22 74 -1.02616
22 75 -1.03425
22 76 -1.0332
22 77 -1.02308
22 78 -1.00397
22 79 -0.976477
22 80 -0.940904
22 81 -0.89799
22 82 -0.848285
22 83 -0.792773
22 84 -0.732319
22 85 -0.668008
22 86 -0.600836
22 87 -0.531973
22 88 -0.462705
22 89 -0.393966
22 90 -0.326965
22 91 -0.263112
22 92 -0.203292
22 93 -0.148387
22 94 -0.0995386
22 95 -0.0574937
22 96 -0.022931
22 97 0.00358457
22 98 0.0215148
22 99 0.0306859
22 100 0.00382795
22 101 0

23 0 0
23 1 -0.00108228
23 2 -0.00876575
23 3 -0.0178281
23 4 -0.0356466
23 5 -0.0619186
23 6 -0.0962919
23 7 -0.138171
23 8 -0.186677
23 9 -0.241203
23 10 -0.300776
23 11 -0.364274
23 12 -0.430653
23 13 -0.498843
23 14 -0.567697
23 15 -0.636047
23 16 -0.702785
23 17 -0.766578
23 18 -0.82645
23 19 -0.881544
23 20 -0.930807
23 21 -0.973234
23 22 -1.00817
23 23 -1.03521
23 24 -1.05396
23 25 -1.0637
23 26 -1.06433
23 27 -1.05588
23 28 -1.03837
23 29 -1.01217
23 30 -0.97771
23 31 -0.935465
23 32 -0.885936
23 33 -0.829894
23 34 -0.768321
23 35 -0.702179
23 36 -0.632571
23 37 -0.56057
23 38 -0.487287
23 39 -0.413752
23 40 -0.341356
23 41 -0.271254
23 42 -0.204468
23 43 -0.142114
23 44 -0.0851127
23 45 -0.0344482
23 46 0.00913779
23 47 0.045009
23 48 0.0724177
23 49 0.0908395
23 50 0.100194
23 51 0.100321
23 52 0.0911196
23 53 0.0727869
23 54 0.0457124
23 55 0.0102086
23 56 -0.0332137
23 57 -0.0836845
23 58 -0.140386
23 59 -0.202637
23 60 -0.269198
23 61 -0.33904
23 62 -0.411179
23 63 -0.484416
23 64 -0.557548
23 65 -0.629226
23 66 -0.69859
23 67 -0.764601
23 68 -0.826048
23 69 -0.881847
23 70 -0.931237
23 71 -0.973465
23 72 -1.00786
23 73 -1.03387
23 74 -1.05119
23 75 -1.05961
23 76 -1.05893
23 77 -1.04915
23 78 -1.03054
23 79 -1.00344
23 80 -0.968464
23 81 -0.926117
23 82 -0.876962
23 83 -0.822014
23 84 -0.76225
23 85 -0.698544
23 86 -0.631987
23 87 -0.563739
23 88 -0.495087
23 89 -0.427048
23 90 -0.360694
23 91 -0.297301
23 92 -0.237991
23 93 -0.18361
23 94 -0.135132
23 95 -0.0934924
23 96 -0.0592085
23 97 -0.0329534
23 98 -0.0151477
23 99 -0.00615022
23 100 -0.00076113
23 101 0

24 0 0
24 1 -0.00450683
24 2 -0.0362791
24 3 -0.0452199
24 4 -0.0628823
24 5 -0.0889954
24 6 -0.123155
24 7 -0.164581
24 8 -0.212664
24 9 -0.266716
24 10 -0.325805
24 11 -0.388871
24 12 -0.454804
24 13 -0.522473
24 14 -0.5907
24 15 -0.65853
24 16 -0.724773
24 17 -0.788048
24 18 -0.847372
24 19 -0.901919
24 20 -0.950711
24 21 -0.992683
24 22 -1.02723
24 23 -1.05396
24 24 -1.07222
24 25 -1.08168
24 26 -1.08191
24 27 -1.0732
24 28 -1.05556
24 29 -1.02927
24 30 -0.99461
24 31 -0.952203
24 32 -0.90258
24 33 -0.846644
24 34 -0.785191
24 35 -0.719137
24 36 -0.649584
24 37 -0.577722
24 38 -0.504631
24 39 -0.431355
24 40 -0.359137
24 41 -0.289191
24 42 -0.222568
24 43 -0.16041
24 44 -0.103555
24 45 -0.0530528
24 46 -0.0096506
24 47 0.0260938
24 48 0.0534541
24 49 0.071888
24 50 0.0812361
24 51 0.0813342
24 52 0.0721552
24 53 0.053964
24 54 0.0270518
24 55 -0.00831292
24 56 -0.0515214
24 57 -0.101798
24 58 -0.158338
24 59 -0.220326
24 60 -0.286712
24 61 -0.356389
24 62 -0.428233
24 63 -0.501256
24 64 -0.574096
24 65 -0.645617
24 66 -0.714936
24 67 -0.780875
24 68 -0.842174
24 69 -0.897957
24 70 -0.947408
24 71 -0.989749
24 72 -1.02422
24 73 -1.05043
24 74 -1.06794
24 75 -1.07667
24 76 -1.07626
24 77 -1.06688
24 78 -1.04869
24 79 -1.02215
24 80 -0.987596
24 81 -0.945709
24 82 -0.897088
24 83 -0.842639
24 84 -0.78344
24 85 -0.720279
24 86 -0.654331
24 87 -0.586724
24 88 -0.518609
24 89 -0.451162
24 90 -0.385381
24 91 -0.322547
24 92 -0.263724
24 93 -0.209778
24 94 -0.161752
24 95 -0.120424
24 96 -0.0864198
24 97 -0.0604201
24 98 -0.042803
24 99 -0.03394
24 100 -0.0042215
24 101 0

25 0 0
25 1 -0.00675388
25 2 -0.0542916
25 3 -0.0630818
25 4 -0.0805145
25 5 -0.106547
25 6 -0.140439
25 7 -0.181581
25 8 -0.229308
25 9 -0.282957
25 10 -0.341611
25 11 -0.404201
25 12 -0.469692
25 13 -0.536898
25 14 -0.604641
25 15 -0.671982
25 16 -0.737653
25 17 -0.800345
25 18 -0.859192
25 19 -0.913276
25 20 -0.961585
25 21 -1.00312
25 22 -1.03736
25 23 -1.0637
25 24 -1.08168
25 25 -1.09071
25 26 -1.09071
25 27 -1.08185
25 28 -1.06406
25 29 -1.03763
25 30 -1.00293
25 31 -0.960496
25 32 -0.910894
25 33 -0.855089
25 34 -0.793651
25 35 -0.727757
25 36 -0.658361
25 37 -0.586667
25 38 -0.513755
25 39 -0.440814
25 40 -0.368795
25 41 -0.299073
25 42 -0.232723
25 43 -0.170616
25 44 -0.114078
25 45 -0.0638175
25 46 -0.0205099
25 47 0.0150207
25 48 0.0423912
25 49 0.0608593
25 50 0.0701564
25 51 0.0703028
25 52 0.0611958
25 53 0.0430821
25 54 0.0162658
25 55 -0.0190391
25 56 -0.0619929
25 57 -0.112008
25 58 -0.168362
25 59 -0.230016
25 60 -0.296153
25 61 -0.36559
25 62 -0.437143
25 63 -0.510033
25 64 -0.582584
25 65 -0.653888
25 66 -0.723084
25 67 -0.788868
25 68 -0.849973
25 69 -0.90562
25 70 -0.955058
25 71 -0.997471
25 72 -1.03201
25 73 -1.05832
25 74 -1.076
25 75 -1.08496
25 76 -1.08489
25 77 -1.07583
25 78 -1.058
25 79 -1.03179
25 80 -0.997771
25 81 -0.956261
25 82 -0.908155
25 83 -0.854336
25 84 -0.795623
25 85 -0.733036
25 86 -0.667656
25 87 -0.600659
25 88 -0.53317
25 89 -0.466147
25 90 -0.400867
25 91 -0.338548
25 92 -0.28019
25 93 -0.2267
25 94 -0.178963
25 95 -0.137992
25 96 -0.104216
25 97 -0.0784465
25 98 -0.0610544
25 99 -0.0522797
25 100 -0.00650185
25 101 0

26 0 0
26 1 -0.00778408
26 2 -0.0625411
26 3 -0.0711908
26 4 -0.0885194
26 5 -0.114355
26 6 -0.148039
26 7 -0.188925
26 8 -0.23627
26 9 -0.289598
26 10 -0.347875
26 11 -0.410054
26 12 -0.475118
26 13 -0.541826
26 14 -0.60921
26 15 -0.676025
26 16 -0.741134
26 17 -0.803412
26 18 -0.861784
26 19 -0.915376
26 20 -0.963267
26 21 -1.0044
26 22 -1.03831
26 23 -1.06433
26 24 -1.08191
26 25 -1.09071
26 26 -1.09056
26 27 -1.08155
26 28 -1.06362
26 29 -1.03711
26 30 -1.00236
26 31 -0.960043
26 32 -0.91049
26 33 -0.854709
26 34 -0.793412
26 35 -0.727817
26 36 -0.658726
26 37 -0.587271
26 38 -0.514683
26 39 -0.441879
26 40 -0.37015
26 41 -0.300742
26 42 -0.234631
26 43 -0.172828
26 44 -0.116471
26 45 -0.0663187
26 46 -0.0233085
26 47 0.0120815
26 48 0.0392925
26 49 0.0577158
26 50 0.0671466
26 51 0.0673494
26 52 0.0583068
26 53 0.0401996
26 54 0.0134051
26 55 -0.0216233
26 56 -0.0644034
26 57 -0.114154
26 58 -0.170263
26 59 -0.23166
26 60 -0.297441
26 61 -0.366541
26 62 -0.437837
26 63 -0.510363
26 64 -0.582759
26 65 -0.653823
26 66 -0.722734
26 67 -0.788241
26 68 -0.849069
26 69 -0.904648
26 70 -0.954012
26 71 -0.996434
26 72 -1.03098
