0 0 0
0 1 0
0 2 0
0 3 0
0 4 0
0 5 0
0 6 0
0 7 0
0 8 0
0 9 0
0 10 0
0 11 0
0 12 0
0 13 0
0 14 0
0 15 0
0 16 0
0 17 0
0 18 0
0 19 0
0 20 0
0 21 0
0 22 0
0 23 0
0 24 0
0 25 0
0 26 0
0 27 0
0 28 0
0 29 0
0 30 0
0 31 0
0 32 0
0 33 0
0 34 0
0 35 0
0 36 0
0 37 0
0 38 0
0 39 0
0 40 0
0 41 0
0 42 0
0 43 0
0 44 0
0 45 0
0 46 0
0 47 0
0 48 0
0 49 0
0 50 0
0 51 0
0 52 0
0 53 0
0 54 0
0 55 0
0 56 0
0 57 0
0 58 0
0 59 0
0 60 0
0 61 0
0 62 0
0 63 0
0 64 0
0 65 0
0 66 0
0 67 0
0 68 0
0 69 0
0 70 0
0 71 0
0 72 0
0 73 0
0 74 0
0 75 0
0 76 0
0 77 0
0 78 0
0 79 0
0 80 0
0 81 0
0 82 0
0 83 0
0 84 0
0 85 0
0 86 0
0 87 0
0 88 0
0 89 0
0 90 0
0 91 0
0 92 0
0 93 0
0 94 0
0 95 0
0 96 0
0 97 0
0 98 0
0 99 0
0 100 0
0 101 0

1 0 0
1 1 0
1 2 -0.100671
1 3 -0.099602
1 4 -0.0977092
1 5 -0.0950224
1 6 -0.0915999
1 7 -0.0874754
1 8 -0.0827218
1 9 -0.077411
1 10 -0.0715902
1 11 -0.0653929
1 12 -0.0589089
1 13 -0.0522319
1 14 -0.0454638
1 15 -0.038703
1 16 -0.0320494
1 17 -0.0256109
1 18 -0.019514
1 19 -0.0138049
1 20 -0.00866158
1 21 -0.00404214
1 22 -9.93273e-05
1 23 0.00313993
1 24 0.00561603
1 25 0.0073115
1 26 0.00824312
1 27 0.00832169
1 28 0.00760284
1 29 0.00610683
1 30 0.00387719
1 31 0.000932552
1 32 -0.00266407
1 33 -0.00682242
1 34 -0.0114622
1 35 -0.0165558
1 36 -0.0219754
1 37 -0.0276556
1 38 -0.0334987
1 39 -0.039296
1 40 -0.0450797
1 41 -0.0507084
1 42 -0.0560801
1 43 -0.0610628
1 44 -0.0656587
1 45 -0.0697377
1 46 -0.0732546
1 47 -0.0761619
1 48 -0.078365
1 49 -0.0798443
1 50 -0.0805912
1 51 -0.0805062
1 52 -0.0796683
1 53 -0.0780465
1 54 -0.0756985
1 55 -0.0726518
1 56 -0.0689847
1 57 -0.0647512
1 58 -0.0600578
1 59 -0.0549005
1 60 -0.0494386
1 61 -0.0437468
1 62 -0.0378903
1 63 -0.0319823
1 64 -0.0261443
1 65 -0.0203984
1 66 -0.0149465
1 67 -0.0098376
1 68 -0.00511837
1 69 -0.000915398
1 70 0.00266766
1 71 0.00559536
1 72 0.00782765
1 73 0.00930426
1 74 0.0099831
1 75 0.00983707
1 76 0.00891809
1 77 0.00713556
1 78 0.00457457
1 79 0.00124483
1 80 -0.00282832
1 81 -0.00748492
1 82 -0.0127544
1 83 -0.0185214
1 84 -0.0247148
1 85 -0.0311852
1 86 -0.0378949
1 87 -0.0447402
1 88 -0.0515967
1 89 -0.0583362
1 90 -0.064864
1 91 -0.0710962
1 92 -0.0769382
1 93 -0.0823093
1 94 -0.0871134
1 95 -0.0912764
1 96 -0.0947218
1 97 -0.0973993
1 98 -0.0992801
1 99 -0.100337
1 100 0
1 101 0

2 0 0
2 1 -0.100671
2 2 -0.808732
2 3 -0.800076
2 4 -0.784858
2 5 -0.763341
2 6 -0.735752
2 7 -0.702605
2 8 -0.664419
2 9 -0.621689
2 10 -0.575104
2 11 -0.525326
2 12 -0.473166
2 13 -0.419539
2 14 -0.365166
2 15 -0.310837
2 16 -0.257434
2 17 -0.205747
2 18 -0.156664
2 19 -0.110992
2 20 -0.0693868
2 21 -0.0324648
2 22 -0.000792613
2 23 0.0251947
2 24 0.0451455
2 25 0.0588478
2 26 0.0661532
2 27 0.0668978
2 28 0.0611491
2 29 0.0490979
2 30 0.0310921
2 31 0.00746899
2 32 -0.0212607
2 33 -0.0546128
2 34 -0.0919955
2 35 -0.13286
2 36 -0.176512
2 37 -0.222137
2 38 -0.268873
2 39 -0.315869
2 40 -0.362317
2 41 -0.407428
2 42 -0.450438
2 43 -0.490616
2 44 -0.52737
2 45 -0.560198
2 46 -0.58851
2 47 -0.611756
2 48 -0.629549
2 49 -0.641426
2 50 -0.64718
2 51 -0.646676
2 52 -0.639889
2 53 -0.626914
2 54 -0.608069
2 55 -0.58363
2 56 -0.554158
2 57 -0.520199
2 58 -0.482297
2 59 -0.441094
2 60 -0.397255
2 61 -0.351443
2 62 -0.304425
2 63 -0.256957
2 64 -0.209854
2 65 -0.163928
2 66 -0.119967
2 67 -0.0787759
2 68 -0.0410003
2 69 -0.00739249
2 70 0.0214294
2 71 0.0450068
2 72 0.0629509
2 73 0.0747843
2 74 0.080257
2 75 0.0791788
2 76 0.0714893
2 77 0.0572615
2 78 0.0366394
2 79 0.00990565
2 80 -0.0224897
2 81 -0.0600963
2 82 -0.102363
2 83 -0.148666
2 84 -0.1983
2 85 -0.250485
2 86 -0.304476
2 87 -0.359427
2 88 -0.414427
2 89 -0.46858
2 90 -0.52101
2 91 -0.57105
2 92 -0.618025
2 93 -0.661116
2 94 -0.699689
2 95 -0.733122
2 96 -0.760821
2 97 -0.782386
2 98 -0.797501
2 99 -0.806062
2 100 -0.100337
2 101 0

3 0 0
3 1 -0.099602
3 2 -0.800076
3 3 -0.791414
3 4 -0.776289
3 5 -0.754894
3 6 -0.727273
3 7 -0.694167
3 8 -0.656044
3 9 -0.61341
3 10 -0.567123
3 11 -0.517522
3 12 -0.465518
3 13 -0.412053
3 14 -0.357892
3 15 -0.303814
3 16 -0.250651
3 17 -0.199274
3 18 -0.150327
3 19 -0.104989
3 20 -0.0632746
3 21 -0.0266958
3 22 0.00484766
3 23 0.030671
3 24 0.0505899
3 25 0.0643066
3 26 0.071312
3 27 0.0720839
3 28 0.0663137
3 29 0.0542276
3 30 0.036097
3 31 0.0125436
3 32 -0.0159866
3 33 -0.0492227
3 34 -0.0867041
3 35 -0.127496
3 36 -0.171184
3 37 -0.216692
3 38 -0.26318
3 39 -0.310532
3 40 -0.356893
3 41 -0.401832
3 42 -0.444599
3 43 -0.484878
3 44 -0.521477
3 45 -0.554279
3 46 -0.582566
3 47 -0.605712
3 48 -0.623471
3 49 -0.635306
3 50 -0.640806
3 51 -0.640449
3 52 -0.633652
3 53 -0.62083
3 54 -0.602
3 55 -0.577739
3 56 -0.548304
3 57 -0.514426
3 58 -0.47643
3 59 -0.435529
3 60 -0.391808
3 61 -0.346029
3 62 -0.299092
3 63 -0.251684
3 64 -0.204477
3 65 -0.158811
3 66 -0.114775
3 67 -0.0734698
3 68 -0.0359058
3 69 -0.00253985
3 70 0.02633
3 71 0.0499856
3 72 0.0678934
3 73 0.0797403
3 74 0.0852457
3 75 0.0843076
3 76 0.0764196
3 77 0.0623486
3 78 0.0417772
3 79 0.0152665
3 80 -0.0166347
3 81 -0.0542347
3 82 -0.0962389
3 83 -0.142334
3 84 -0.191641
3 85 -0.243859
3 86 -0.297743
3 87 -0.352427
3 88 -0.407131
3 89 -0.461023
3 90 -0.513249
3 91 -0.563134
3 92 -0.609963
3 93 -0.652894
3 94 -0.691337
3 95 -0.724644
3 96 -0.752297
3 97 -0.773858
3 98 -0.788948
3 99 -0.797557
3 100 -0.0992881
3 101 0

4 0 0
4 1 -0.0977092
4 2 -0.784858
4 3 -0.776289
4 4 -0.761253
4 5 -0.739739
4 6 -0.712462
4 7 -0.679563
4 8 -0.641451
4 9 -0.598808
4 10 -0.552547
4 11 -0.503264
4 12 -0.451542
4 13 -0.398411
4 14 -0.344467
4 15 -0.290758
4 16 -0.23795
4 17 -0.186867
4 18 -0.138371
4 19 -0.0930692
4 20 -0.0518558
4 21 -0.015463
4 22 0.0160475
4 23 0.0417455
4 24 0.0613894
4 25 0.0750257
4 26 0.081923
4 27 0.082518
4 28 0.076694
4 29 0.0645202
4 30 0.0463491
4 31 0.022584
4 32 -0.00616591
4 33 -0.0393642
4 34 -0.0766803
4 35 -0.117478
4 36 -0.160874
4 37 -0.206496
4 38 -0.252939
4 39 -0.299941
4 40 -0.346273
4 41 -0.391161
4 42 -0.433931
4 43 -0.474354
4 44 -0.511096
4 45 -0.543771
4 46 -0.571897
4 47 -0.594993
4 48 -0.612634
4 49 -0.624489
4 50 -0.630153
4 51 -0.629696
4 52 -0.622981
4 53 -0.610138
4 54 -0.591476
4 55 -0.567229
4 56 -0.537889
4 57 -0.503949
4 58 -0.465961
4 59 -0.425138
4 60 -0.381401
4 61 -0.335671
4 62 -0.288815
4 63 -0.241615
4 64 -0.194559
4 65 -0.149031
4 66 -0.104928
4 67 -0.0637869
4 68 -0.0263704
4 69 0.00708028
4 70 0.0360643
4 71 0.0598097
4 72 0.0778315
4 73 0.0898136
4 74 0.0953607
4 75 0.0944146
4 76 0.0867826
4 77 0.0728683
4 78 0.0524185
4 79 0.0262593
4 80 -0.00564709
4 81 -0.0430013
4 82 -0.0846806
4 83 -0.130542
4 84 -0.179803
4 85 -0.231504
4 86 -0.285008
4 87 -0.339458
4 88 -0.393548
4 89 -0.447105
4 90 -0.499207
4 91 -0.548942
4 92 -0.595484
4 93 -0.638428
4 94 -0.676769
4 95 -0.709829
4 96 -0.737358
4 97 -0.758835
4 98 -0.774088
4 99 -0.782596
4 100 -0.0974172
4 101 0

5 0 0
5 1 -0.0950224
5 2 -0.763341
5 3 -0.754894
5 4 -0.739739
5 5 -0.718199
5 6 -0.691213
5 7 -0.658511
5 8 -0.620626
5 9 -0.578344
5 10 -0.53214
5 11 -0.483087
5 12 -0.431736
5 13 -0.378784
5 14 -0.325266
5 15 -0.271838
5 16 -0.2194
5 17 -0.168721
5 18 -0.120469
5 19 -0.0756221
5 20 -0.0349584
5 21 0.00113994
5 22 0.0322013
5 23 0.0577933
5 24 0.0773084
5 25 0.0905245
5 26 0.0975386
5 27 0.0979555
5 28 0.0919597
5 29 0.0796025
5 30 0.0612956
5 31 0.0375595
5 32 0.00868983
5 33 -0.0247402
5 34 -0.0622522
5 35 -0.102843
5 36 -0.146151
5 37 -0.191532
5 38 -0.237898
5 39 -0.284788
5 40 -0.331235
5 41 -0.376179
5 42 -0.419246
5 43 -0.459547
5 44 -0.496344
5 45 -0.529187
5 46 -0.557273
5 47 -0.580115
5 48 -0.597646
5 49 -0.609375
5 50 -0.61502
5 51 -0.614585
5 52 -0.607847
5 53 -0.595153
5 54 -0.576739
5 55 -0.552557
5 56 -0.523302
5 57 -0.489498
5 58 -0.451721
5 59 -0.410601
5 60 -0.366817
5 61 -0.321096
5 62 -0.274277
5 63 -0.227028
5 64 -0.180103
5 65 -0.134479
5 66 -0.0906604
5 67 -0.0495353
5 68 -0.0121196
5 69 0.0215803
5 70 0.0504459
5 71 0.0742616
5 72 0.0925395
5 73 0.104533
5 74 0.110198
5 75 0.109244
5 76 0.101924
5 77 0.0881312
5 78 0.0681485
5 79 0.0420528
5 80 0.0104915
5 81 -0.0262852
5 82 -0.0679044
5 83 -0.113139
5 84 -0.161913
5 85 -0.213469
5 86 -0.266504
5 87 -0.320516
5 88 -0.374409
5 89 -0.427458
5 90 -0.479408
5 91 -0.528928
5 92 -0.57523
5 93 -0.617905
5 94 -0.655892
5 95 -0.688637
5 96 -0.71618
5 97 -0.737733
5 98 -0.752825
5 99 -0.761389
5 100 -0.0947876
5 101 0

6 0 0
6 1 -0.0915999
6 2 -0.735752
6 3 -0.727273
6 4 -0.712462
6 5 -0.691213
6 6 -0.664255
6 7 -0.631623
6 8 -0.593979
6 9 -0.551917
6 10 -0.506091
6 11 -0.457321
6 12 -0.406371
6 13 -0.353686
6 14 -0.300467
6 15 -0.247527
6 16 -0.195298
6 17 -0.145048
6 18 -0.097391
6 19 -0.0530826
6 20 -0.0128028
6 21 0.0230674
6 22 0.0537
6 23 0.078829
6 24 0.0981215
6 25 0.111207
6 26 0.117878
6 27 0.117927
6 28 0.111581
6 29 0.0991225
6 30 0.0807652
6 31 0.0570283
6 32 0.028005
6 33 -0.00559263
6 34 -0.0431242
6 35 -0.0838259
6 36 -0.127076
6 37 -0.172352
6 38 -0.218791
6 39 -0.265611
6 40 -0.311977
6 41 -0.357023
6 42 -0.400011
6 43 -0.440374
6 44 -0.477149
6 45 -0.510003
6 46 -0.537963
6 47 -0.560777
6 48 -0.57811
6 49 -0.589806
6 50 -0.595477
6 51 -0.594961
6 52 -0.588276
6 53 -0.575645
6 54 -0.557243
6 55 -0.533402
6 56 -0.504288
6 57 -0.470765
6 58 -0.432946
6 59 -0.391809
6 60 -0.348043
6 61 -0.302423
6 62 -0.255642
6 63 -0.208468
6 64 -0.161547
6 65 -0.11583
6 66 -0.0721242
6 67 -0.0310799
6 68 0.00657511
6 69 0.0403207
6 70 0.0693639
6 71 0.0932334
6 72 0.11133
6 73 0.123507
6 74 0.129488
6 75 0.128943
6 76 0.121893
6 77 0.108337
6 78 0.0885889
6 79 0.0629489
6 80 0.031585
6 81 -0.00467315
6 82 -0.0456273
6 83 -0.0905882
6 84 -0.138905
6 85 -0.189944
6 86 -0.242496
6 87 -0.296136
6 88 -0.349826
6 89 -0.402636
6 90 -0.454164
6 91 -0.503201
6 92 -0.549121
6 93 -0.591485
6 94 -0.629338
6 95 -0.66198
6 96 -0.689339
6 97 -0.710674
6 98 -0.725807
6 99 -0.734202
6 100 -0.0913895
6 101 0

7 0 0
7 1 -0.0874754
7 2 -0.702605
7 3 -0.694167
7 4 -0.679563
7 5 -0.658511
7 6 -0.631623
7 7 -0.599376
7 8 -0.562004
7 9 -0.520076
7 10 -0.474573
7 11 -0.426109
7 12 -0.375587
7 13 -0.323329
7 14 -0.270608
7 15 -0.218066
7 16 -0.16645
7 17 -0.116699
7 18 -0.0694517
7 19 -0.0256284
7 20 0.0141702
7 21 0.0496172
7 22 0.0799815
7 23 0.104721
7 24 0.123704
7 25 0.136314
7 26 0.142567
7 27 0.142475
7 28 0.135778
7 29 0.122964
7 30 0.104498
7 31 0.0806691
7 32 0.0514139
7 33 0.0178156
7 34 -0.0198204
7 35 -0.0605949
7 36 -0.10406
7 37 -0.149444
7 38 -0.195968
7 39 -0.242664
7 40 -0.288876
7 41 -0.334033
7 42 -0.37691
7 43 -0.417129
7 44 -0.453874
7 45 -0.486659
7 46 -0.514641
7 47 -0.537599
7 48 -0.554871
7 49 -0.566509
7 50 -0.572088
7 51 -0.571586
7 52 -0.565027
7 53 -0.552471
7 54 -0.533993
7 55 -0.510383
7 56 -0.481425
7 57 -0.44782
7 58 -0.410141
7 59 -0.369116
7 60 -0.325443
7 61 -0.280083
7 62 -0.233343
7 63 -0.18618
7 64 -0.139127
7 65 -0.093267
7 66 -0.049677
7 67 -0.00849551
7 68 0.0292706
7 69 0.0631079
7 70 0.0921409
7 71 0.116164
7 72 0.13451
7 73 0.146952
7 74 0.153011
7 75 0.15282
7 76 0.146259
7 77 0.133087
7 78 0.113807
7 79 0.0884664
7 80 0.057575
7 81 0.0217019
7 82 -0.0189177
7 83 -0.0633635
7 84 -0.111171
7 85 -0.161621
7 86 -0.213704
7 87 -0.266772
7 88 -0.319938
7 89 -0.372401
7 90 -0.423539
7 91 -0.472108
7 92 -0.517814
7 93 -0.559712
7 94 -0.597343
7 95 -0.629961
7 96 -0.656882
7 97 -0.678032
7 98 -0.693094
7 99 -0.701556
7 100 -0.0873356
7 101 0

8 0 0
8 1 -0.0827218
8 2 -0.664419
8 3 -0.656044
8 4 -0.641451
8 5 -0.620626
8 6 -0.593979
8 7 -0.562004
8 8 -0.524937
8 9 -0.483538
8 10 -0.438621
8 11 -0.390658
8 12 -0.340465
8 13 -0.288637
8 14 -0.236226
8 15 -0.184022
8 16 -0.132956
8 17 -0.0836711
8 18 -0.0369623
8 19 0.00640429
8 20 0.0457199
8 21 0.08052
8 22 0.110469
8 23 0.134797
8 24 0.153148
8 25 0.16547
8 26 0.171431
8 27 0.170959
8 28 0.164085
8 29 0.150944
8 30 0.132206
8 31 0.107983
8 32 0.0786255
8 33 0.04497
8 34 0.00729094
8 35 -0.0337488
8 36 -0.0773572
8 37 -0.122841
8 38 -0.169515
8 39 -0.216118
8 40 -0.262294
8 41 -0.30747
8 42 -0.350347
8 43 -0.390571
8 44 -0.427414
8 45 -0.460027
8 46 -0.488095
8 47 -0.511275
8 48 -0.528677
8 49 -0.540152
8 50 -0.545617
8 51 -0.545164
8 52 -0.538729
8 53 -0.526236
8 54 -0.507791
8 55 -0.484038
8 56 -0.455198
8 57 -0.421657
8 58 -0.384087
8 59 -0.343202
8 60 -0.299633
8 61 -0.254305
8 62 -0.207475
8 63 -0.160112
8 64 -0.113149
8 65 -0.0671436
8 66 -0.0234074
8 67 0.0176992
8 68 0.0555568
8 69 0.089475
8 70 0.118699
8 71 0.142912
8 72 0.161549
8 73 0.17419
8 74 0.18067
8 75 0.180656
8 76 0.174448
8 77 0.161736
8 78 0.142803
8 79 0.118037
8 80 0.087678
8 81 0.0523968
8 82 0.0124586
8 83 -0.0316085
8 84 -0.0789085
8 85 -0.128646
8 86 -0.180354
8 87 -0.232972
8 88 -0.285645
8 89 -0.337828
8 90 -0.388535
8 91 -0.436723
8 92 -0.481951
8 93 -0.523218
8 94 -0.560371
8 95 -0.592661
8 96 -0.619353
8 97 -0.640376
8 98 -0.655393
8 99 -0.663869
8 100 -0.0826533
8 101 0

9 0 0
9 1 -0.077411
9 2 -0.621689
9 3 -0.61341
9 4 -0.598808
9 5 -0.578344
9 6 -0.551917
9 7 -0.520076
9 8 -0.483538
9 9 -0.442596
9 10 -0.398289
9 11 -0.350812
9 12 -0.301136
9 13 -0.249705
9 14 -0.19777
9 15 -0.14609
9 16 -0.0953641
9 17 -0.0466507
9 18 -0.00059989
9 19 0.0421099
9 20 0.0811372
9 21 0.115512
9 22 0.144834
9 23 0.168482
9 24 0.186389
9 25 0.198293
9 26 0.20365
9 27 0.202784
9 28 0.195654
9 29 0.18257
9 30 0.163398
9 31 0.138738
9 32 0.109164
9 33 0.0752728
9 34 0.0373558
9 35 -0.00372839
9 36 -0.0475093
9 37 -0.0929835
9 38 -0.139536
9 39 -0.186412
9 40 -0.232546
9 41 -0.277846
9 42 -0.32081
9 43 -0.361062
9 44 -0.397664
9 45 -0.430225
9 46 -0.458274
9 47 -0.48145
9 48 -0.498896
9 49 -0.510409
9 50 -0.515757
9 51 -0.515411
9 52 -0.508943
9 53 -0.496624
9 54 -0.478261
9 55 -0.454597
9 56 -0.425665
9 57 -0.392354
9 58 -0.354966
9 59 -0.314201
9 60 -0.270659
9 61 -0.225265
9 62 -0.178336
9 63 -0.131074
9 64 -0.0840689
9 65 -0.0381627
9 66 0.00567879
9 67 0.0470213
9 68 0.0850476
9 69 0.11898
9 70 0.148585
9 71 0.173167
9 72 0.191862
9 73 0.20465
9 74 0.21147
9 75 0.212166
9 76 0.206073
9 77 0.193977
9 78 0.175682
9 79 0.151503
9 80 0.121707
9 81 0.0867057
9 82 0.0473455
9 83 0.00387463
9 84 -0.0426914
9 85 -0.0919687
9 86 -0.143115
9 87 -0.195199
9 88 -0.247477
9 89 -0.299058
9 90 -0.349157
9 91 -0.396796
9 92 -0.441576
9 93 -0.482389
9 94 -0.519134
9 95 -0.551098
9 96 -0.577699
9 97 -0.598521
9 98 -0.613282
9 99 -0.621625
9 100 -0.0773996
9 101 0

10 0 0
10 1 -0.0715902
10 2 -0.575104
10 3 -0.567123
10 4 -0.552547
10 5 -0.53214
10 6 -0.506091
10 7 -0.474573
10 8 -0.438621
10 9 -0.398289
10 10 -0.354265
10 11 -0.30723
10 12 -0.257989
10 13 -0.20725
10 14 -0.155829
10 15 -0.104545
10 16 -0.0544801
10 17 -0.00632978
10 18 0.0392033
10 19 0.0814308
10 20 0.119666
10 21 0.153523
10 22 0.182133
10 23 0.205285
10 24 0.222647
10 25 0.233917
10 26 0.23884
10 27 0.237536
10 28 0.230076
10 29 0.216656
10 30 0.197157
10 31 0.172173
10 32 0.14246
10 33 0.108199
10 34 0.0701026
10 35 0.0288503
10 36 -0.0150402
10 37 -0.0605823
10 38 -0.10704
10 39 -0.153932
10 40 -0.200373
10 41 -0.245644
10 42 -0.288772
10 43 -0.328886
10 44 -0.365532
10 45 -0.398235
10 46 -0.426319
10 47 -0.449152
10 48 -0.466564
10 49 -0.478016
10 50 -0.483714
10 51 -0.483266
10 52 -0.476846
10 53 -0.464413
10 54 -0.446438
10 55 -0.42273
10 56 -0.394022
10 57 -0.360729
10 58 -0.32344
10 59 -0.282729
10 60 -0.239227
10 61 -0.193733
10 62 -0.146762
10 63 -0.0994219
10 64 -0.0524468
10 65 -0.00654706
10 66 0.0372578
10 67 0.0786514
10 68 0.116934
10 69 0.151155
10 70 0.181047
10 71 0.205773
10 72 0.224732
10 73 0.23796
10 74 0.245247
10 75 0.246259
10 76 0.240729
10 77 0.229073
10 78 0.211378
10 79 0.187725
10 80 0.158509
10 81 0.124474
10 82 0.0855484
10 83 0.0427386
10 84 -0.00324613
10 85 -0.0518953
10 86 -0.102419
10 87 -0.153928
10 88 -0.205595
10 89 -0.256585
10 90 -0.306151
10 91 -0.353409
10 92 -0.397579
10 93 -0.438007
10 94 -0.474456
10 95 -0.505978
10 96 -0.532421
10 97 -0.553054
10 98 -0.567394
10 99 -0.575527
10 100 -0.0716608
10 101 0

11 0 0
11 1 -0.0653929
11 2 -0.525326
11 3 -0.517522
11 4 -0.503264
11 5 -0.483087
11 6 -0.457321
11 7 -0.426109
11 8 -0.390658
11 9 -0.350812
11 10 -0.30723
11 11 -0.260594
11 12 -0.211875
11 13 -0.161794
11 14 -0.110877
11 15 -0.0602575
11 16 -0.0107242
11 17 0.0368723
11 18 0.0816906
11 19 0.12332
11 20 0.160731
11 21 0.193866
11 22 0.221757
11 23 0.244219
11 24 0.261076
11 25 0.271863
11 26 0.276473
11 27 0.274594
11 28 0.266789
11 29 0.252848
11 30 0.233192
11 31 0.207847
11 32 0.17782
11 33 0.14327
11 34 0.104902
11 35 0.0634403
11 36 0.0196307
11 37 -0.0260353
11 38 -0.0727103
11 39 -0.119545
11 40 -0.166259
11 41 -0.211308
11 42 -0.254442
11 43 -0.294648
11 44 -0.331588
11 45 -0.364335
11 46 -0.39264
11 47 -0.415383
11 48 -0.432803
11 49 -0.4443
11 50 -0.450046
11 51 -0.449476
11 52 -0.443235
11 53 -0.430785
11 54 -0.412949
11 55 -0.389157
11 56 -0.36061
11 57 -0.327259
11 58 -0.290035
11 59 -0.249303
11 60 -0.205852
11 61 -0.160088
11 62 -0.113333
11 63 -0.0658952
11 64 -0.0189269
11 65 0.0269588
11 66 0.0709919
11 67 0.11244
11 68 0.150825
11 69 0.185348
11 70 0.215568
11 71 0.24051
11 72 0.259947
11 73 0.273446
11 74 0.281175
11 75 0.282488
11 76 0.277514
11 77 0.266352
11 78 0.249155
11 79 0.226129
11 80 0.197774
11 81 0.16446
11 82 0.126474
11 83 0.0843797
11 84 0.0389638
11 85 -0.00892934
11 86 -0.0588947
11 87 -0.109823
11 88 -0.160667
11 89 -0.211077
11 90 -0.260231
11 91 -0.307012
11 92 -0.350714
11 93 -0.390732
11 94 -0.426742
11 95 -0.457876
11 96 -0.484098
11 97 -0.504353
11 98 -0.518565
11 99 -0.526318
11 100 -0.0655151
11 101 0

12 0 0
12 1 -0.0589089
12 2 -0.473166
12 3 -0.465518
12 4 -0.451542
12 5 -0.431736
12 6 -0.406371
12 7 -0.375587
12 8 -0.340465
12 9 -0.301136
12 10 -0.257989
12 11 -0.211875
12 12 -0.163494
12 13 -0.113906
12 14 -0.0637526
12 15 -0.0137569
12 16 0.0349355
12 17 0.0817602
12 18 0.125808
12 19 0.166693
12 20 0.203451
12 21 0.235833
12 22 0.263111
12 23 0.284934
12 24 0.301307
12 25 0.311588
12 26 0.315581
12 27 0.313448
12 28 0.305225
12 29 0.290709
12 30 0.270615
12 31 0.245138
12 32 0.214673
12 33 0.179784
12 34 0.141194
12 35 0.0995637
12 36 0.0555238
12 37 0.00977926
12 38 -0.0369092
12 39 -0.0838818
12 40 -0.130578
12 41 -0.175687
12 42 -0.218733
12 43 -0.259085
12 44 -0.296076
12 45 -0.328973
12 46 -0.357098
12 47 -0.380041
12 48 -0.39755
12 49 -0.409262
12 50 -0.415035
12 51 -0.41458
12 52 -0.408212
12 53 -0.395812
12 54 -0.377865
12 55 -0.35431
12 56 -0.325655
12 57 -0.29235
12 58 -0.255033
12 59 -0.214447
12 60 -0.170941
12 61 -0.125257
12 62 -0.0785224
12 63 -0.0312056
12 64 0.0157378
12 65 0.0616487
12 66 0.105889
12 67 0.147732
12 68 0.186323
12 69 0.221115
12 70 0.251468
12 71 0.27677
12 72 0.296619
12 73 0.31056
12 74 0.318545
12 75 0.320235
12 76 0.316007
12 77 0.30549
12 78 0.28875
12 79 0.266348
12 80 0.238709
12 81 0.206065
12 82 0.168736
12 83 0.127524
12 84 0.0829618
12 85 0.0358086
12 86 -0.0134255
12 87 -0.0633828
12 88 -0.113713
12 89 -0.163505
12 90 -0.212017
12 91 -0.258433
12 92 -0.301696
12 93 -0.341403
12 94 -0.376891
12 95 -0.407667
12 96 -0.433473
12 97 -0.453363
12 98 -0.467274
12 99 -0.474815
12 100 -0.0591037
12 101 0

13 0 0
13 1 -0.0522319
13 2 -0.419539
13 3 -0.412053
13 4 -0.398411
13 5 -0.378784
13 6 -0.353686
13 7 -0.323329
13 8 -0.288637
13 9 -0.249705
13 10 -0.20725
13 11 -0.161794
13 12 -0.113906
13 13 -0.0648581
13 14 -0.0152879
13 15 0.0338951
13 16 0.0818598
13 17 0.127972
13 18 0.171202
13 19 0.211244
13 20 0.247144
13 21 0.278893
13 22 0.305497
13 23 0.326863
13 24 0.342469
13 25 0.352008
13 26 0.355602
13 27 0.353079
13 28 0.344458
13 29 0.329506
13 30 0.309057
13 31 0.28317
13 32 0.252453
13 33 0.217367
13 34 0.178577
13 35 0.136662
13 36 0.0924837
13 37 0.046577
13 38 -0.000325992
13 39 -0.047423
13 40 -0.0942801
13 41 -0.139339
13 42 -0.182556
13 43 -0.222842
13 44 -0.259978
13 45 -0.292786
13 46 -0.321008
13 47 -0.343995
13 48 -0.361731
13 49 -0.373511
13 50 -0.379393
13 51 -0.378872
13 52 -0.372593
13 53 -0.359941
13 54 -0.342075
13 55 -0.318559
13 56 -0.290204
13 57 -0.256853
13 58 -0.219563
13 59 -0.178823
13 60 -0.135579
13 61 -0.0899034
13 62 -0.043093
13 63 0.00434137
13 64 0.0514267
13 65 0.0974712
13 66 0.141859
13 67 0.183902
13 68 0.222769
13 69 0.257836
13 70 0.288267
13 71 0.313671
13 72 0.334001
13 73 0.348353
13 74 0.356678
13 75 0.35891
13 76 0.355294
13 77 0.345382
13 78 0.329379
13 79 0.307673
13 80 0.280529
13 81 0.248631
13 82 0.212245
13 83 0.171879
13 84 0.12807
13 85 0.0818776
13 86 0.0336505
13 87 -0.0157383
13 88 -0.0654313
13 89 -0.11462
13 90 -0.162504
13 91 -0.208387
13 92 -0.251086
13 93 -0.290237
13 94 -0.325525
13 95 -0.355853
13 96 -0.38109
13 97 -0.400595
13 98 -0.41451
13 99 -0.421848
13 100 -0.0525092
13 101 0

14 0 0
14 1 -0.0454638
14 2 -0.365166
14 3 -0.357892
14 4 -0.344467
14 5 -0.325266
14 6 -0.300467
14 7 -0.270608
14 8 -0.236226
14 9 -0.19777
14 10 -0.155829
14 11 -0.110877
14 12 -0.0637526
14 13 -0.0152879
14 14 0.0334183
14 15 0.0819057
14 16 0.129001
14 17 0.174258
14 18 0.216898
14 19 0.256235
14 20 0.291595
14 21 0.322449
14 22 0.348392
14 23 0.369239
14 24 0.384172
14 25 0.393142
14 26 0.396129
14 27 0.393082
14 28 0.383864
14 29 0.368507
14 30 0.347581
14 31 0.321455
14 32 0.290492
14 33 0.255111
14 34 0.21594
14 35 0.174009
14 36 0.129523
14 37 0.083471
14 38 0.0364797
14 39 -0.0108721
14 40 -0.0576499
14 41 -0.102934
14 42 -0.146257
14 43 -0.186669
14 44 -0.2236
14 45 -0.25645
14 46 -0.284692
14 47 -0.307856
14 48 -0.325543
14 49 -0.337386
14 50 -0.343078
14 51 -0.342822
14 52 -0.336472
14 53 -0.324188
14 54 -0.306159
14 55 -0.282775
14 56 -0.254229
14 57 -0.221186
14 58 -0.183966
14 59 -0.143263
14 60 -0.100028
14 61 -0.0544643
14 62 -0.00750356
14 63 0.0400654
14 64 0.0872861
14 65 0.133437
14 66 0.177926
14 67 0.220175
14 68 0.259116
14 69 0.294286
14 70 0.324974
14 71 0.350938
14 72 0.371681
14 73 0.386546
14 74 0.39534
14 75 0.398039
14 76 0.394969
14 77 0.385821
14 78 0.370443
14 79 0.349535
14 80 0.323073
14 81 0.291796
14 82 0.256055
14 83 0.216425
14 84 0.173583
14 85 0.128117
14 86 0.0807348
14 87 0.0323288
14 88 -0.0167544
14 89 -0.0651466
14 90 -0.112405
14 91 -0.157658
14 92 -0.199968
14 93 -0.238656
14 94 -0.273376
14 95 -0.303393
14 96 -0.328185
14 97 -0.347513
14 98 -0.36102
14 99 -0.368144
14 100 -0.0458258
14 101 0

15 0 0
15 1 -0.038703
15 2 -0.310837
15 3 -0.303814
15 4 -0.290758
15 5 -0.271838
15 6 -0.247527
15 7 -0.218066
15 8 -0.184022
15 9 -0.14609
15 10 -0.104545
15 11 -0.0602575
15 12 -0.0137569
15 13 0.0338951
15 14 0.0819057
15 15 0.129468
15 16 0.175854
15 17 0.220409
15 18 0.262178
15 19 0.300873
15 20 0.33554
15 21 0.365767
15 22 0.391044
15 23 0.411111
15 24 0.425525
15 25 0.433986
15 26 0.436459
15 27 0.432604
15 28 0.422571
15 29 0.40694
15 30 0.385788
15 31 0.359218
15 32 0.327962
15 33 0.292336
15 34 0.253143
15 35 0.210755
15 36 0.166138
15 37 0.119808
15 38 0.0727036
15 39 0.025328
15 40 -0.0212765
15 41 -0.0667757
15 42 -0.110257
15 43 -0.15087
15 44 -0.187814
15 45 -0.220689
15 46 -0.248904
15 47 -0.272063
15 48 -0.289675
15 49 -0.301672
15 50 -0.307556
15 51 -0.307242
15 52 -0.300892
15 53 -0.288648
15 54 -0.270779
15 55 -0.247345
15 56 -0.218902
15 57 -0.186058
15 58 -0.148908
15 59 -0.108169
15 60 -0.064605
15 61 -0.0191825
15 62 0.0279325
15 63 0.0753296
15 64 0.122487
15 65 0.168812
15 66 0.213532
15 67 0.25577
15 68 0.295008
15 69 0.330373
15 70 0.361509
15 71 0.387616
15 72 0.408584
15 73 0.424039
15 74 0.433548
15 75 0.437023
15 76 0.434595
15 77 0.425867
15 78 0.411122
15 79 0.390791
15 80 0.365007
15 81 0.334521
15 82 0.299694
15 83 0.260837
15 84 0.218556
15 85 0.173948
15 86 0.127466
15 87 0.0799352
15 88 0.0317921
15 89 -0.0159927
15 90 -0.0625253
15 91 -0.107228
15 92 -0.148963
15 93 -0.187338
15 94 -0.221501
15 95 -0.25092
15 96 -0.275382
15 97 -0.294461
15 98 -0.307651
15 99 -0.314473
15 100 -0.0391355
15 101 0

16 0 0
16 1 -0.0320494
16 2 -0.257434
16 3 -0.250651
16 4 -0.23795
16 5 -0.2194
16 6 -0.195298
16 7 -0.16645
16 8 -0.132956
16 9 -0.0953641
16 10 -0.0544801
16 11 -0.0107242
16 12 0.0349355
16 13 0.0818598
16 14 0.129001
16 15 0.175854
16 16 0.221481
16 17 0.265291
16 18 0.306504
16 19 0.34446
16 20 0.37857
16 21 0.40787
16 22 0.432552
16 23 0.452044
16 24 0.46582
16 25 0.473592
16 26 0.475385
16 27 0.471064
16 28 0.46061
16 29 0.444493
16 30 0.422979
16 31 0.396111
16 32 0.364582
16 33 0.328684
16 34 0.289035
16 35 0.246447
16 36 0.201558
16 37 0.155201
16 38 0.108047
16 39 0.0604777
16 40 0.0138369
16 41 -0.0316637
16 42 -0.0750265
16 43 -0.11572
16 44 -0.15274
16 45 -0.185801
16 46 -0.214173
16 47 -0.237273
16 48 -0.254854
16 49 -0.266906
16 50 -0.272878
16 51 -0.272697
16 52 -0.266248
16 53 -0.254148
16 54 -0.236183
16 55 -0.212898
16 56 -0.184595
16 57 -0.151691
16 58 -0.114491
16 59 -0.0738106
16 60 -0.0303025
16 61 0.0150737
16 62 0.0620539
16 63 0.10951
16 64 0.156852
16 65 0.203165
16 66 0.247931
16 67 0.290448
16 68 0.329946
16 69 0.365681
16 70 0.397102
16 71 0.423398
16 72 0.444654
16 73 0.460584
16 74 0.470617
16 75 0.47473
16 76 0.472866
16 77 0.464703
16 78 0.450597
16 79 0.430962
16 80 0.406129
16 81 0.376308
16 82 0.342141
16 83 0.304049
16 84 0.262617
16 85 0.218621
16 86 0.172984
16 87 0.126185
16 88 0.078948
16 89 0.0320849
16 90 -0.0139687
16 91 -0.0578736
16 92 -0.0990779
16 93 -0.136759
16 94 -0.170383
16 95 -0.199437
16 96 -0.223433
16 97 -0.242155
16 98 -0.254928
16 99 -0.26171
16 100 -0.0325858
16 101 0

17 0 0
17 1 -0.0256109
17 2 -0.205747
17 3 -0.199274
17 4 -0.186867
17 5 -0.168721
17 6 -0.145048
17 7 -0.116699
17 8 -0.0836711
17 9 -0.0466507
17 10 -0.00632978
17 11 0.0368723
17 12 0.0817602
17 13 0.127972
17 14 0.174258
17 15 0.220409
17 16 0.265291
17 17 0.308387
17 18 0.348957
17 19 0.386111
17 20 0.419638
17 21 0.448349
17 22 0.47236
17 23 0.491119
17 24 0.504247
17 25 0.511492
17 26 0.512485
17 27 0.507773
17 28 0.496934
17 29 0.480449
17 30 0.458474
17 31 0.431182
17 32 0.399101
17 33 0.362997
17 34 0.323076
17 35 0.280314
17 36 0.235287
17 37 0.188892
17 38 0.141669
17 39 0.0937816
17 40 0.0470773
17 41 0.00154481
17 42 -0.0416523
17 43 -0.0824612
17 44 -0.119316
17 45 -0.15242
17 46 -0.180862
17 47 -0.20407
17 48 -0.221659
17 49 -0.23373
17 50 -0.239589
17 51 -0.239434
17 52 -0.23315
17 53 -0.221228
17 54 -0.203224
17 55 -0.18017
17 56 -0.151901
17 57 -0.118982
17 58 -0.0816773
17 59 -0.0412481
17 60 0.00222019
17 61 0.0475694
17 62 0.0945732
17 63 0.141863
17 64 0.189236
17 65 0.235681
17 66 0.28058
17 67 0.323283
17 68 0.362939
17 69 0.398913
17 70 0.430726
17 71 0.4575
17 72 0.479081
17 73 0.495571
17 74 0.50598
17 75 0.510601
17 76 0.509175
17 77 0.501816
17 78 0.488389
17 79 0.469504
17 80 0.445427
17 81 0.416257
17 82 0.382757
17 83 0.345306
17 84 0.304721
17 85 0.261603
17 86 0.21667
17 87 0.170733
17 88 0.124253
17 89 0.0780891
17 90 0.0327086
17 91 -0.0103415
17 92 -0.0508796
17 93 -0.0879754
17 94 -0.121037
17 95 -0.149784
17 96 -0.173338
17 97 -0.191616
17 98 -0.203943
17 99 -0.210681
17 100 -0.0262434
17 101 0

18 0 0
18 1 -0.019514
18 2 -0.156664
18 3 -0.150327
18 4 -0.138371
18 5 -0.120469
18 6 -0.097391
18 7 -0.0694517
18 8 -0.0369623
18 9 -0.00059989
18 10 0.0392033
18 11 0.0816906
18 12 0.125808
18 13 0.171202
18 14 0.216898
18 15 0.262178
18 16 0.306504
18 17 0.348957
18 18 0.388707
18 19 0.425316
18 20 0.458065
18 21 0.486384
18 22 0.50968
18 23 0.527593
18 24 0.540062
18 25 0.546514
18 26 0.547022
18 27 0.541688
18 28 0.530502
18 29 0.513681
18 30 0.491224
18 31 0.46364
18 32 0.431497
18 33 0.395023
18 34 0.355126
18 35 0.312203
18 36 0.26707
18 37 0.22036
18 38 0.172928
18 39 0.125162
18 40 0.0781468
18 41 0.0327043
18 42 -0.010783
18 43 -0.0514046
18 44 -0.0884638
18 45 -0.121344
18 46 -0.14966
18 47 -0.172857
18 48 -0.190658
18 49 -0.202652
18 50 -0.20863
18 51 -0.208461
18 52 -0.202367
18 53 -0.19029
18 54 -0.172508
18 55 -0.149474
18 56 -0.1214
18 57 -0.0884944
18 58 -0.0515076
18 59 -0.0109348
18 60 0.0324453
18 61 0.078018
18 62 0.124912
18 63 0.172231
18 64 0.219534
18 65 0.266052
18 66 0.311136
18 67 0.353991
18 68 0.393947
18 69 0.429919
18 70 0.461833
18 71 0.488918
18 72 0.510901
18 73 0.527708
18 74 0.53873
18 75 0.543863
18 76 0.543027
18 77 0.536217
18 78 0.523595
18 79 0.505357
18 80 0.481927
18 81 0.453579
18 82 0.420823
18 83 0.384225
18 84 0.344353
18 85 0.301938
18 86 0.257874
18 87 0.212704
18 88 0.166839
18 89 0.121329
18 90 0.076897
18 91 0.0344584
18 92 -0.00519487
18 93 -0.0417142
18 94 -0.074295
18 95 -0.102336
18 96 -0.125654
18 97 -0.143399
18 98 -0.155611
18 99 -0.162146
18 100 -0.0201958
18 101 0

19 0 0
19 1 -0.0138049
19 2 -0.110992
19 3 -0.104989
19 4 -0.0930692
19 5 -0.0756221
19 6 -0.0530826
19 7 -0.0256284
19 8 0.00640429
19 9 0.0421099
19 10 0.0814308
19 11 0.12332
19 12 0.166693
19 13 0.211244
19 14 0.256235
19 15 0.300873
19 16 0.34446
19 17 0.386111
19 18 0.425316
19 19 0.461359
19 20 0.493334
19 21 0.520971
19 22 0.543585
19 23 0.561
19 24 0.572615
19 25 0.578346
19 26 0.578441
19 27 0.572697
19 28 0.561133
19 29 0.543765
19 30 0.520913
19 31 0.493177
19 32 0.460889
19 33 0.424291
19 34 0.384089
19 35 0.341195
19 36 0.295882
19 37 0.248781
19 38 0.201145
19 39 0.153539
19 40 0.106551
19 41 0.0610014
19 42 0.0176801
19 43 -0.0229202
19 44 -0.0600089
19 45 -0.0930043
19 46 -0.121166
19 47 -0.144245
19 48 -0.161985
19 49 -0.173892
19 50 -0.179869
19 51 -0.179887
19 52 -0.173837
19 53 -0.161929
19 54 -0.144379
19 55 -0.121452
19 56 -0.0932795
19 57 -0.0604824
19 58 -0.0236955
19 59 0.0167338
19 60 0.0600499
19 61 0.105354
19 62 0.1522
19 63 0.199593
19 64 0.24712
19 65 0.293724
19 66 0.338823
19 67 0.381834
19 68 0.421754
19 69 0.457979
19 70 0.489874
19 71 0.517359
19 72 0.539929
19 73 0.557101
19 74 0.568458
19 75 0.573951
19 76 0.573796
19 77 0.567545
19 78 0.555608
19 79 0.538184
19 80 0.515381
19 81 0.487823
19 82 0.45558
19 83 0.419796
19 84 0.380813
19 85 0.339098
19 86 0.295697
19 87 0.251108
19 88 0.206141
19 89 0.161649
19 90 0.118049
19 91 0.0762406
19 92 0.0370253
19 93 0.00116288
19 94 -0.0307646
19 95 -0.0584432
19 96 -0.0811274
19 97 -0.0986351
19 98 -0.110517
19 99 -0.11686
19 100 -0.0145606
19 101 0

20 0 0
20 1 -0.00866158
20 2 -0.0693868
20 3 -0.0632746
20 4 -0.0518558
20 5 -0.0349584
20 6 -0.0128028
20 7 0.0141702
20 8 0.0457199
20 9 0.0811372
20 10 0.119666
20 11 0.160731
20 12 0.203451
20 13 0.247144
20 14 0.291595
20 15 0.33554
20 16 0.37857
20 17 0.419638
20 18 0.458065
20 19 0.493334
20 20 0.524695
20 21 0.551684
20 22 0.573689
20 23 0.590272
20 24 0.601348
20 25 0.606879
20 26 0.60623
20 27 0.599967
20 28 0.587968
20 29 0.570343
20 30 0.547468
20 31 0.519385
20 32 0.486694
20 33 0.449918
20 34 0.409678
20 35 0.366478
20 36 0.3214
20 37 0.274175
20 38 0.226484
20 39 0.178784
20 40 0.131854
20 41 0.0863285
20 42 0.0431183
20 43 0.0025739
20 44 -0.0347778
20 45 -0.067592
20 46 -0.0957538
20 47 -0.118758
20 48 -0.136467
20 49 -0.148311
20 50 -0.154328
20 51 -0.154343
20 52 -0.148467
20 53 -0.136506
20 54 -0.119137
20 55 -0.0963387
20 56 -0.0684431
20 57 -0.0357055
20 58 0.001093
20 59 0.0414718
20 60 0.0845629
20 61 0.129864
20 62 0.176489
20 63 0.223876
20 64 0.271557
20 65 0.318029
20 66 0.363398
20 67 0.406136
20 68 0.446118
20 69 0.482479
20 70 0.514785
20 71 0.542551
20 72 0.565446
20 73 0.582735
20 74 0.594564
20 75 0.600782
20 76 0.600732
20 77 0.595196
20 78 0.583899
20 79 0.567212
20 80 0.545018
20 81 0.518026
20 82 0.486813
20 83 0.451596
20 84 0.413222
20 85 0.37241
20 86 0.32971
20 87 0.28563
20 88 0.241593
20 89 0.197794
20 90 0.155179
20 91 0.114118
20 92 0.0755562
20 93 0.0402498
20 94 0.00862826
20 95 -0.018546
20 96 -0.0406038
20 97 -0.0574936
20 98 -0.0693447
20 99 -0.075516
20 100 -0.00941274
20 101 0

21 0 0
21 1 -0.00404214
21 2 -0.0324648
21 3 -0.0266958
21 4 -0.015463
21 5 0.00113994
21 6 0.0230674
21 7 0.0496172
21 8 0.08052
21 9 0.115512
21 10 0.153523
21 11 0.193866
21 12 0.235833
21 13 0.278893
21 14 0.322449
21 15 0.365767
21 16 0.40787
21 17 0.448349
21 18 0.486384
21 19 0.520971
21 20 0.551684
21 21 0.578108
21 22 0.599451
21 23 0.615449
21 24 0.626012
21 25 0.630762
21 26 0.62972
21 27 0.623188
21 28 0.610878
21 29 0.593085
21 30 0.569942
21 31 0.541774
21 32 0.508795
21 33 0.471738
21 34 0.43127
21 35 0.388129
21 36 0.34283
21 37 0.295882
21 38 0.248262
21 39 0.200346
21 40 0.153298
21 41 0.107817
21 42 0.064686
21 43 0.0241792
21 44 -0.0126888
21 45 -0.0457847
21 46 -0.073784
21 47 -0.0967464
21 48 -0.114305
21 49 -0.126219
21 50 -0.132157
21 51 -0.132532
21 52 -0.126475
21 53 -0.114769
21 54 -0.097299
21 55 -0.0746523
21 56 -0.0468223
21 57 -0.0144105
21 58 0.0222868
21 59 0.0622675
21 60 0.10544
21 61 0.15058
21 62 0.197247
21 63 0.244678
21 64 0.292155
21 65 0.338592
21 66 0.383717
21 67 0.426665
21 68 0.466845
21 69 0.503524
21 70 0.535873
21 71 0.563914
21 72 0.586967
21 73 0.604595
21 74 0.616703
21 75 0.623169
21 76 0.623563
21 77 0.618558
21 78 0.608107
21 79 0.591844
21 80 0.570387
21 81 0.544262
21 82 0.513516
21 83 0.479019
21 84 0.441344
21 85 0.401096
21 86 0.359177
21 87 0.316178
21 88 0.272747
21 89 0.229901
21 90 0.188046
21 91 0.147662
21 92 0.109504
21 93 0.0747761
21 94 0.0438198
21 95 0.0171031
21 96 -0.00470547
21 97 -0.021496
21 98 -0.0328613
21 99 -0.03868
21 100 -0.00481301
21 101 0

22 0 0
22 1 -9.93273e-05
22 2 -0.000792613
22 3 0.00484766
22 4 0.0160475
22 5 0.0322013
22 6 0.0537
22 7 0.0799815
22 8 0.110469
22 9 0.144834
22 10 0.182133
22 11 0.221757
22 12 0.263111
22 13 0.305497
22 14 0.348392
22 15 0.391044
22 16 0.432552
22 17 0.47236
22 18 0.50968
22 19 0.543585
22 20 0.573689
22 21 0.599451
22 22 0.620204
22 23 0.635627
22 24 0.645682
22 25 0.650099
22 26 0.648741
22 27 0.641806
22 28 0.629327
22 29 0.6113
22 30 0.588089
22 31 0.559773
22 32 0.526558
22 33 0.489524
22 34 0.448806
22 35 0.405441
22 36 0.360078
22 37 0.313347
22 38 0.265491
22 39 0.217716
22 40 0.170732
22 41 0.125402
22 42 0.0821964
22 43 0.0417969
22 44 0.00481804
22 45 -0.0277501
22 46 -0.0557649
22 47 -0.0786325
22 48 -0.095942
22 49 -0.107767
22 50 -0.11365
22 51 -0.113966
22 52 -0.108168
22 53 -0.0966995
22 54 -0.0793843
22 55 -0.0567577
22 56 -0.0292947
22 57 0.00289428
22 58 0.0392764
22 59 0.0792169
22 60 0.122082
22 61 0.167273
22 62 0.213916
22 63 0.261352
22 64 0.308459
22 65 0.354898
22 66 0.400053
22 67 0.44326
22 68 0.483334
22 69 0.520257
22 70 0.552818
22 71 0.580992
22 72 0.604148
22 73 0.62188
22 74 0.634341
22 75 0.641023
22 76 0.641903
22 77 0.637273
22 78 0.627299
22 79 0.611727
22 80 0.590858
22 81 0.565292
22 82 0.535424
22 83 0.501668
22 84 0.464695
22 85 0.425262
22 86 0.384002
22 87 0.34172
22 88 0.299111
22 89 0.256795
22 90 0.215573
22 91 0.176056
22 92 0.138535
22 93 0.104412
22 94 0.0739984
22 95 0.0477671
22 96 0.0263163
22 97 0.00972824
22 98 -0.0013453
22 99 -0.00700236
22 100 -0.000869754
22 101 0

23 0 0
23 1 0.00313993
23 2 0.0251947
23 3 0.030671
23 4 0.0417455
23 5 0.0577933
23 6 0.078829
23 7 0.104721
23 8 0.134797
23 9 0.168482
23 10 0.205285
23 11 0.244219
23 12 0.284934
23 13 0.326863
23 14 0.369239
23 15 0.411111
23 16 0.452044
23 17 0.491119
23 18 0.527593
23 19 0.561
23 20 0.590272
23 21 0.615449
23 22 0.635627
23 23 0.650664
23 24 0.660317
23 25 0.664284
23 26 0.662831
23 27 0.655628
23 28 0.642868
23 29 0.624553
23 30 0.601219
23 31 0.572753
23 32 0.539638
23 33 0.502442
23 34 0.461784
23 35 0.418165
23 36 0.37293
23 37 0.326037
23 38 0.278281
23 39 0.230678
23 40 0.183816
23 41 0.138619
23 42 0.0954493
23 43 0.0552121
23 44 0.0182584
23 45 -0.0141573
23 46 -0.042043
23 47 -0.0647356
23 48 -0.0820472
23 49 -0.0935757
23 50 -0.0998028
23 51 -0.0997659
23 52 -0.0942704
23 53 -0.0828174
23 54 -0.0658729
23 55 -0.0433368
23 56 -0.0161144
23 57 0.0160463
23 58 0.0521818
23 59 0.0920236
23 60 0.134557
23 61 0.179462
23 62 0.226088
23 63 0.273418
23 64 0.320499
23 65 0.366907
23 66 0.412131
23 67 0.455031
23 68 0.495321
23 69 0.532206
23 70 0.564985
23 71 0.593213
23 72 0.616558
23 73 0.634447
23 74 0.647031
23 75 0.653859
23 76 0.655296
23 77 0.65108
23 78 0.641472
23 79 0.626414
23 80 0.606122
23 81 0.581309
23 82 0.551994
23 83 0.519137
23 84 0.482958
23 85 0.444207
23 86 0.403825
23 87 0.362187
23 88 0.320118
23 89 0.278357
23 90 0.237825
23 91 0.198971
23 92 0.162283
23 93 0.128574
23 94 0.0987163
23 95 0.0730153
23 96 0.0518255
23 97 0.0355696
23 98 0.0246943
23 99 0.0190743
23 100 0.00236679
23 101 0

24 0 0
24 1 0.00561603
24 2 0.0451455
24 3 0.0505899
24 4 0.0613894
24 5 0.0773084
24 6 0.0981215
24 7 0.123704
24 8 0.153148
24 9 0.186389
24 10 0.222647
24 11 0.261076
24 12 0.301307
24 13 0.342469
24 14 0.384172
24 15 0.425525
24 16 0.46582
24 17 0.504247
24 18 0.540062
24 19 0.572615
24 20 0.601348
24 21 0.626012
24 22 0.645682
24 23 0.660317
24 24 0.66946
24 25 0.673177
24 26 0.671502
24 27 0.664152
24 28 0.650987
24 29 0.632489
24 30 0.608871
24 31 0.580357
24 32 0.547236
24 33 0.510212
24 34 0.469688
24 35 0.426167
24 36 0.380788
24 37 0.333937
24 38 0.286322
24 39 0.238996
24 40 0.192232
24 41 0.147171
24 42 0.104109
24 43 0.0640786
24 44 0.0275842
24 45 -0.00490287
24 46 -0.0325685
24 47 -0.055251
24 48 -0.0723099
24 49 -0.0840531
24 50 -0.0901231
24 51 -0.0902559
24 52 -0.0846482
24 53 -0.073498
24 54 -0.0565963
24 55 -0.0342719
24 56 -0.00698112
24 57 0.0247947
24 58 0.0608482
24 59 0.100257
24 60 0.142588
24 61 0.187336
24 62 0.233555
24 63 0.280753
24 64 0.327704
24 65 0.374032
24 66 0.419075
24 67 0.461984
24 68 0.502144
24 69 0.539014
24 70 0.571792
24 71 0.600063
24 72 0.623535
24 73 0.641851
24 74 0.654605
24 75 0.66177
24 76 0.663377
24 77 0.659542
24 78 0.650311
24 79 0.635808
24 80 0.616052
24 81 0.591847
24 82 0.563289
24 83 0.531045
24 84 0.495641
24 85 0.457641
24 86 0.417835
24 87 0.376996
24 88 0.335677
24 89 0.29454
24 90 0.254582
24 91 0.216227
24 92 0.180229
24 93 0.147172
24 94 0.117673
24 95 0.0924315
24 96 0.0715372
24 97 0.0556808
24 98 0.0447607
24 99 0.0391946
24 100 0.00487102
24 101 0

25 0 0
25 1 0.0073115
25 2 0.0588478
25 3 0.0643066
25 4 0.0750257
25 5 0.0905245
25 6 0.111207
25 7 0.136314
25 8 0.16547
25 9 0.198293
25 10 0.233917
25 11 0.271863
25 12 0.311588
25 13 0.352008
25 14 0.393142
25 15 0.433986
25 16 0.473592
25 17 0.511492
25 18 0.546514
25 19 0.578346
25 20 0.606879
25 21 0.630762
25 22 0.650099
25 23 0.664284
25 24 0.673177
25 25 0.676776
25 26 0.674635
25 27 0.667084
25 28 0.65373
25 29 0.635084
25 30 0.611406
25 31 0.58282
25 32 0.549656
25 33 0.51273
25 34 0.472179
25 35 0.428991
25 36 0.383725
25 37 0.337002
25 38 0.289722
25 39 0.242541
25 40 0.196044
25 41 0.150996
25 42 0.10826
25 43 0.0684094
25 44 0.0323554
25 45 0.000151965
25 46 -0.0274171
25 47 -0.049891
25 48 -0.0668938
25 49 -0.0785614
25 50 -0.0843568
25 51 -0.0846696
25 52 -0.0791111
25 53 -0.0681521
25 54 -0.051471
25 55 -0.0293829
25 56 -0.00223968
25 57 0.0290687
25 58 0.0648368
25 59 0.103939
25 60 0.146066
25 61 0.190578
25 62 0.236459
25 63 0.283278
25 64 0.330173
25 65 0.37627
25 66 0.421187
25 67 0.464021
25 68 0.503857
25 69 0.540591
25 70 0.573409
25 71 0.601757
25 72 0.625426
25 73 0.643782
25 74 0.656727
25 75 0.664368
25 76 0.666085
25 77 0.662674
25 78 0.653704
25 79 0.639603
25 80 0.620629
25 81 0.596724
25 82 0.568983
25 83 0.537382
25 84 0.502558
25 85 0.465341
25 86 0.426009
25 87 0.385762
25 88 0.34522
25 89 0.304719
25 90 0.265385
25 91 0.227598
25 92 0.192155
25 93 0.159615
25 94 0.130665
25 95 0.105634
25 96 0.0851908
25 97 0.0694101
25 98 0.058702
25 99 0.0532623
25 100 0.00661875
25 101 0

26 0 0
26 1 0.00824312
26 2 0.0661532
26 3 0.071312
26 4 0.081923
26 5 0.0975386
26 6 0.117878
26 7 0.142567
26 8 0.171431
26 9 0.20365
26 10 0.23884
26 11 0.276473
26 12 0.315581
26 13 0.355602
26 14 0.396129
26 15 0.436459
26 16 0.475385
26 17 0.512485
26 18 0.547022
26 19 0.578441
26 20 0.60623
26 21 0.62972
26 22 0.648741
26 23 0.662831
26 24 0.671502
26 25 0.674635
26 26 0.672243
26 27 0.664435
26 28 0.65096
26 29 0.632161
26 30 0.60832
26 31 0.579801
26 32 0.546762
26 33 0.509838
26 34 0.469639
26 35 0.426791
26 36 0.381527
26 37 0.335096
26 38 0.288135
26 39 0.241193
26 40 0.194785
26 41 0.15016
26 42 0.107737
26 43 0.0683717
26 44 0.0325531
26 45 0.000651922
26 46 -0.0266312
26 47 -0.0489324
