0 0 0
0 1 0
0 2 0
0 3 0
0 4 0
0 5 0
0 6 0
0 7 0
0 8 0
0 9 0
0 10 0
0 11 0
0 12 0
0 13 0
0 14 0
0 15 0
0 16 0
0 17 0
0 18 0
0 19 0
0 20 0
0 21 0
0 22 0
0 23 0
0 24 0
0 25 0
0 26 0
0 27 0
0 28 0
0 29 0
0 30 0
0 31 0
0 32 0
0 33 0
0 34 0
0 35 0
0 36 0
0 37 0
0 38 0
0 39 0
0 40 0
0 41 0
0 42 0
0 43 0
0 44 0
0 45 0
0 46 0
0 47 0
0 48 0
0 49 0
0 50 0
0 51 0
0 52 0
0 53 0
0 54 0
0 55 0
0 56 0
0 57 0
0 58 0
0 59 0
0 60 0
0 61 0
0 62 0
0 63 0
0 64 0
0 65 0
0 66 0
0 67 0
0 68 0
0 69 0
0 70 0
0 71 0
0 72 0
0 73 0
0 74 0
0 75 0
0 76 0
0 77 0
0 78 0
0 79 0
0 80 0
0 81 0
0 82 0
0 83 0
0 84 0
0 85 0
0 86 0
0 87 0
0 88 0
0 89 0
0 90 0
0 91 0
0 92 0
0 93 0
0 94 0
0 95 0
0 96 0
0 97 0
0 98 0
0 99 0
0 100 0
0 101 0

1 0 0
1 1 0
1 2 -0.112208
1 3 -0.111016
1 4 -0.108917
1 5 -0.105938
1 6 -0.102119
1 7 -0.0975271
1 8 -0.0922239
1 9 -0.0862937
1 10 -0.0798427
1 11 -0.0729622
1 12 -0.0657556
1 13 -0.0583357
1 14 -0.0508146
1 15 -0.0433212
1 16 -0.0359708
1 17 -0.0288742
1 18 -0.0221322
1 19 -0.0158517
1 20 -0.0101261
1 21 -0.00504269
1 22 -0.00068615
1 23 0.00288426
1 24 0.00562771
1 25 0.00749693
1 26 0.00846614
1 27 0.00853379
1 28 0.00770087
1 29 0.00599168
1 30 0.0034494
1 31 0.000110891
1 32 -0.00396424
1 33 -0.00868637
1 34 -0.0139816
1 35 -0.0197528
1 36 -0.0259028
1 37 -0.0323381
1 38 -0.0389283
1 39 -0.0455571
1 40 -0.0521154
1 41 -0.0585023
1 42 -0.0646067
1 43 -0.0703066
1 44 -0.0755193
1 45 -0.0801518
1 46 -0.0841271
1 47 -0.0873798
1 48 -0.0898458
1 49 -0.0914893
1 50 -0.0922868
1 51 -0.0922237
1 52 -0.0912899
1 53 -0.0895114
1 54 -0.0869089
1 55 -0.0835282
1 56 -0.0794303
1 57 -0.0746864
1 58 -0.0693713
1 59 -0.0635626
1 60 -0.057368
1 61 -0.0508955
1 62 -0.0442586
1 63 -0.0375642
1 64 -0.0309172
1 65 -0.0244416
1 66 -0.0182473
1 67 -0.0124385
1 68 -0.00712282
1 69 -0.0023873
1 70 0.00168557
1 71 0.00502063
1 72 0.00755046
1 73 0.00922737
1 74 0.0100239
1 75 0.00991796
1 76 0.0089006
1 77 0.0069811
1 78 0.0041806
1 79 0.000539766
1 80 -0.00388702
1 81 -0.00903934
1 82 -0.0148368
1 83 -0.0211903
1 84 -0.0280089
1 85 -0.0351872
1 86 -0.0426136
1 87 -0.050184
1 88 -0.0577728
1 89 -0.0652643
1 90 -0.0725383
1 91 -0.0794886
1 92 -0.0860064
1 93 -0.0919828
1 94 -0.097335
1 95 -0.101968
1 96 -0.105804
1 97 -0.108802
1 98 -0.110921
1 99 -0.112124
1 100 0
1 101 0

2 0 0
2 1 -0.112208
2 2 -0.901465
2 3 -0.891903
2 4 -0.875031
2 5 -0.85108
2 6 -0.820412
2 7 -0.783497
2 8 -0.740904
2 9 -0.693306
2 10 -0.641455
2 11 -0.58615
2 12 -0.528246
2 13 -0.468633
2 14 -0.40825
2 15 -0.34806
2 16 -0.288995
2 17 -0.231951
2 18 -0.177788
2 19 -0.127329
2 20 -0.0813367
2 21 -0.0405144
2 22 -0.00548863
2 23 0.0232281
2 24 0.045239
2 25 0.0602357
2 26 0.068026
2 27 0.0685526
2 28 0.0618774
2 29 0.0481696
2 30 0.0277181
2 31 0.000906298
2 32 -0.0317785
2 33 -0.0697354
2 34 -0.112286
2 35 -0.158676
2 36 -0.208116
2 37 -0.259753
2 38 -0.312674
2 39 -0.365948
2 40 -0.418678
2 41 -0.469982
2 42 -0.51897
2 43 -0.56479
2 44 -0.606669
2 45 -0.643894
2 46 -0.675827
2 47 -0.701935
2 48 -0.721761
2 49 -0.734978
2 50 -0.74137
2 51 -0.740824
2 52 -0.733338
2 53 -0.719035
2 54 -0.698145
2 55 -0.671012
2 56 -0.6381
2 57 -0.599967
2 58 -0.557233
2 59 -0.510603
2 60 -0.460867
2 61 -0.408883
2 62 -0.355536
2 63 -0.301718
2 64 -0.248343
2 65 -0.196327
2 66 -0.146563
2 67 -0.0999055
2 68 -0.0571737
2 69 -0.0191129
2 70 0.0135963
2 71 0.0403606
2 72 0.060678
2 73 0.0741669
2 74 0.0805605
2 75 0.0796942
2 76 0.0715157
2 77 0.0560923
2 78 0.0336118
2 79 0.00437374
2 80 -0.0312056
2 81 -0.0725927
2 82 -0.119166
2 83 -0.170234
2 84 -0.225023
2 85 -0.282699
2 86 -0.342381
2 87 -0.403173
2 88 -0.464129
2 89 -0.524302
2 90 -0.582765
2 91 -0.638602
2 92 -0.690943
2 93 -0.738971
2 94 -0.781935
2 95 -0.819144
2 96 -0.850028
2 97 -0.874146
2 98 -0.891156
2 99 -0.900784
2 100 -0.112124
2 101 0

3 0 0
3 1 -0.111016
3 2 -0.891903
3 3 -0.88241
3 4 -0.865585
3 5 -0.841697
3 6 -0.811134
3 7 -0.774326
3 8 -0.731895
3 9 -0.684502
3 10 -0.632794
3 11 -0.577634
3 12 -0.519907
3 13 -0.460498
3 14 -0.400373
3 15 -0.340407
3 16 -0.281527
3 17 -0.224651
3 18 -0.170681
3 19 -0.120403
3 20 -0.0745946
3 21 -0.0339553
3 22 0.000954987
3 23 0.0295697
3 24 0.0514238
3 25 0.0662918
3 26 0.0739992
3 27 0.0744414
3 28 0.0677377
3 29 0.0540357
3 30 0.0335516
3 31 0.00677054
3 32 -0.0258194
3 33 -0.063756
3 34 -0.106264
3 35 -0.152624
3 36 -0.202026
3 37 -0.253503
3 38 -0.306302
3 39 -0.359507
3 40 -0.41219
3 41 -0.463388
3 42 -0.512218
3 43 -0.557974
3 44 -0.599777
3 45 -0.636944
3 46 -0.668817
3 47 -0.694847
3 48 -0.714651
3 49 -0.727853
3 50 -0.734218
3 51 -0.733632
3 52 -0.726183
3 53 -0.711905
3 54 -0.69109
3 55 -0.664055
3 56 -0.631221
3 57 -0.593134
3 58 -0.550453
3 59 -0.503962
3 60 -0.454377
3 61 -0.402523
3 62 -0.349244
3 63 -0.295488
3 64 -0.242235
3 65 -0.190316
3 66 -0.14064
3 67 -0.0940667
3 68 -0.0513576
3 69 -0.0133266
3 70 0.0193388
3 71 0.0460564
3 72 0.0663691
3 73 0.0799021
3 74 0.0863348
3 75 0.085513
3 76 0.0774071
3 77 0.0620922
3 78 0.0397584
3 79 0.0106726
3 80 -0.0247603
3 81 -0.0659788
3 82 -0.112373
3 83 -0.163272
3 84 -0.217881
3 85 -0.275369
3 86 -0.334861
3 87 -0.3954
3 88 -0.456123
3 89 -0.516078
3 90 -0.574367
3 91 -0.630022
3 92 -0.682168
3 93 -0.730039
3 94 -0.772814
3 95 -0.809894
3 96 -0.840753
3 97 -0.86483
3 98 -0.881743
3 99 -0.891294
3 100 -0.110939
3 101 0

4 0 0
4 1 -0.108917
4 2 -0.875031
4 3 -0.865585
4 4 -0.848833
4 5 -0.825064
4 6 -0.794649
4 7 -0.757982
4 8 -0.715727
4 9 -0.668547
4 10 -0.617043
4 11 -0.562131
4 12 -0.504644
4 13 -0.445526
4 14 -0.385689
4 15 -0.325984
4 16 -0.267368
4 17 -0.210751
4 18 -0.157054
4 19 -0.107027
4 20 -0.0614566
4 21 -0.0210864
4 22 0.0135873
4 23 0.0420182
4 24 0.0636684
4 25 0.0783772
4 26 0.0859643
4 27 0.0863367
4 28 0.0795649
4 29 0.0657848
4 30 0.0452244
4 31 0.0183763
4 32 -0.0142797
4 33 -0.0521991
4 34 -0.0946915
4 35 -0.141018
4 36 -0.190351
4 37 -0.241784
4 38 -0.294484
4 39 -0.347616
4 40 -0.400253
4 41 -0.45135
4 42 -0.50013
4 43 -0.54584
4 44 -0.587594
4 45 -0.624659
4 46 -0.656482
4 47 -0.682445
4 48 -0.702205
4 49 -0.715418
4 50 -0.721786
4 51 -0.721263
4 52 -0.713838
4 53 -0.699579
4 54 -0.67879
4 55 -0.65183
4 56 -0.619098
4 57 -0.581072
4 58 -0.538453
4 59 -0.492027
4 60 -0.44254
4 61 -0.39075
4 62 -0.337584
4 63 -0.283929
4 64 -0.230759
4 65 -0.178914
4 66 -0.129284
4 67 -0.082746
4 68 -0.0400908
4 69 -0.00206201
4 70 0.0306377
4 71 0.0574176
4 72 0.077824
4 73 0.09144
4 74 0.097941
4 75 0.0972211
4 76 0.0892558
4 77 0.0740926
4 78 0.0519154
4 79 0.0230446
4 80 -0.0121245
4 81 -0.0530968
4 82 -0.0992728
4 83 -0.149915
4 84 -0.204236
4 85 -0.261419
4 86 -0.320634
4 87 -0.380906
4 88 -0.441355
4 89 -0.501074
4 90 -0.559091
4 91 -0.614491
4 92 -0.66639
4 93 -0.714037
4 94 -0.756603
4 95 -0.793506
4 96 -0.824274
4 97 -0.848247
4 98 -0.865057
4 99 -0.874561
4 100 -0.108859
4 101 0

5 0 0
5 1 -0.105938
5 2 -0.85108
5 3 -0.841697
5 4 -0.825064
5 5 -0.801453
5 6 -0.771207
5 7 -0.734726
5 8 -0.692705
5 9 -0.645714
5 10 -0.594498
5 11 -0.539899
5 12 -0.482757
5 13 -0.42392
5 14 -0.364424
5 15 -0.305014
5 16 -0.246748
5 17 -0.19045
5 18 -0.137075
5 19 -0.0873737
5 20 -0.0421269
5 21 -0.00206412
5 22 0.0323175
5 23 0.0604694
5 24 0.0819112
5 25 0.0964205
5 26 0.103814
5 27 0.104027
5 28 0.0970491
5 29 0.0830977
5 30 0.0624563
5 31 0.0354689
5 32 0.00271839
5 33 -0.0352191
5 34 -0.0777001
5 35 -0.124028
5 36 -0.173339
5 37 -0.22474
5 38 -0.277431
5 39 -0.330511
5 40 -0.383103
5 41 -0.434169
5 42 -0.48288
5 43 -0.528573
5 44 -0.570234
5 45 -0.607263
5 46 -0.63905
5 47 -0.665001
5 48 -0.684759
5 49 -0.698004
5 50 -0.704372
5 51 -0.703897
5 52 -0.69649
5 53 -0.682266
5 54 -0.661489
5 55 -0.63456
5 56 -0.601886
5 57 -0.563965
5 58 -0.521423
5 59 -0.475072
5 60 -0.425594
5 61 -0.373865
5 62 -0.320797
5 63 -0.267206
5 64 -0.214075
5 65 -0.162285
5 66 -0.112648
5 67 -0.0661415
5 68 -0.0234941
5 69 0.0145422
5 70 0.04731
5 71 0.0742007
5 72 0.0947164
5 73 0.108493
5 74 0.115149
5 75 0.114635
5 76 0.106901
5 77 0.0919417
5 78 0.0699826
5 79 0.0413865
5 80 0.00652913
5 81 -0.034114
5 82 -0.0799994
5 83 -0.13033
5 84 -0.18427
5 85 -0.241075
5 86 -0.299981
5 87 -0.359937
5 88 -0.420103
5 89 -0.479454
5 90 -0.537161
5 91 -0.592216
5 92 -0.643841
5 93 -0.691225
5 94 -0.733557
5 95 -0.770262
5 96 -0.800833
5 97 -0.824682
5 98 -0.841405
5 99 -0.85082
5 100 -0.105904
5 101 0

6 0 0
6 1 -0.102119
6 2 -0.820412
6 3 -0.811134
6 4 -0.794649
6 5 -0.771207
6 6 -0.741119
6 7 -0.704901
6 8 -0.663156
6 9 -0.616486
6 10 -0.565534
6 11 -0.511289
6 12 -0.454514
6 13 -0.396065
6 14 -0.336918
6 15 -0.277949
6 16 -0.220063
6 17 -0.164132
6 18 -0.111103
6 19 -0.0618086
6 20 -0.0169274
6 21 0.022787
6 22 0.0567902
6 23 0.0846238
6 24 0.105759
6 25 0.119974
6 26 0.127072
6 27 0.127043
6 28 0.119858
6 29 0.105738
6 30 0.0849678
6 31 0.057842
6 32 0.0249361
6 33 -0.0130816
6 34 -0.0556284
6 35 -0.102029
6 36 -0.151336
6 37 -0.202768
6 38 -0.255486
6 39 -0.308551
6 40 -0.361083
6 41 -0.412105
6 42 -0.460801
6 43 -0.50643
6 44 -0.548072
6 45 -0.585083
6 46 -0.6169
6 47 -0.642842
6 48 -0.662632
6 49 -0.675853
6 50 -0.682211
6 51 -0.68172
6 52 -0.67434
6 53 -0.660203
6 54 -0.639501
6 55 -0.612568
6 56 -0.579933
6 57 -0.542083
6 58 -0.499631
6 59 -0.453325
6 60 -0.403904
6 61 -0.352214
6 62 -0.299208
6 63 -0.245649
6 64 -0.192522
6 65 -0.140728
6 66 -0.0911111
6 67 -0.0445911
6 68 -0.00189544
6 69 0.0362131
6 70 0.0690899
6 71 0.0961199
6 72 0.116801
6 73 0.130744
6 74 0.137607
6 75 0.13734
6 76 0.129893
6 77 0.115241
6 78 0.0936244
6 79 0.0653594
6 80 0.0308374
6 81 -0.00940338
6 82 -0.0548779
6 83 -0.104835
6 84 -0.158366
6 85 -0.214783
6 86 -0.273322
6 87 -0.332887
6 88 -0.392606
6 89 -0.451584
6 90 -0.508874
6 91 -0.563624
6 92 -0.614909
6 93 -0.662001
6 94 -0.704059
6 95 -0.740516
6 96 -0.770846
6 97 -0.79452
6 98 -0.811116
6 99 -0.82042
6 100 -0.102119
6 101 0

7 0 0
7 1 -0.0975271
7 2 -0.783497
7 3 -0.774326
7 4 -0.757982
7 5 -0.734726
7 6 -0.704901
7 7 -0.668997
7 8 -0.627579
7 9 -0.581211
7 10 -0.530599
7 11 -0.476717
7 12 -0.420358
7 13 -0.362362
7 14 -0.303651
7 15 -0.245127
7 16 -0.187693
7 17 -0.132213
7 18 -0.0796344
7 19 -0.0307918
7 20 0.0136783
7 21 0.053003
7 22 0.0865753
7 23 0.113979
7 24 0.134762
7 25 0.148629
7 26 0.15541
7 27 0.155106
7 28 0.147656
7 29 0.133293
7 30 0.11231
7 31 0.0849957
7 32 0.0519307
7 33 0.0138256
7 34 -0.0288319
7 35 -0.0753101
7 36 -0.124679
7 37 -0.176169
7 38 -0.228948
7 39 -0.282041
7 40 -0.334503
7 41 -0.385502
7 42 -0.434209
7 43 -0.479795
7 44 -0.521444
7 45 -0.558451
7 46 -0.590264
7 47 -0.616202
7 48 -0.635966
7 49 -0.649214
7 50 -0.655593
7 51 -0.655111
7 52 -0.647756
7 53 -0.633689
7 54 -0.613049
7 55 -0.586154
7 56 -0.553546
7 57 -0.515749
7 58 -0.473363
7 59 -0.427104
7 60 -0.377735
7 61 -0.326091
7 62 -0.273111
7 63 -0.219595
7 64 -0.166442
7 65 -0.114641
7 66 -0.0649977
7 67 -0.0183963
7 68 0.0243429
7 69 0.0625696
7 70 0.0955605
7 71 0.122754
7 72 0.143666
7 73 0.157843
7 74 0.16497
7 75 0.165007
7 76 0.157891
7 77 0.143625
7 78 0.122414
7 79 0.0945198
7 80 0.0603464
7 81 0.0205549
7 82 -0.0244128
7 83 -0.0738842
7 84 -0.126947
7 85 -0.182927
7 86 -0.241007
7 87 -0.300101
7 88 -0.359345
7 89 -0.417895
7 90 -0.474777
7 91 -0.529098
7 92 -0.580021
7 93 -0.626748
7 94 -0.668528
7 95 -0.704722
7 96 -0.734782
7 97 -0.758236
7 98 -0.774657
7 99 -0.783822
7 100 -0.0975625
7 101 0

8 0 0
8 1 -0.0922239
8 2 -0.740904
8 3 -0.731895
8 4 -0.715727
8 5 -0.692705
8 6 -0.663156
8 7 -0.627579
8 8 -0.58646
8 9 -0.540466
8 10 -0.49029
8 11 -0.436846
8 12 -0.38092
8 13 -0.323406
8 14 -0.26517
8 15 -0.207147
8 16 -0.150183
8 17 -0.0952132
8 18 -0.0431733
8 19 0.00515394
8 20 0.049145
8 21 0.0880564
8 22 0.121143
8 23 0.148097
8 24 0.168401
8 25 0.181922
8 26 0.188328
8 27 0.187656
8 28 0.179883
8 29 0.165256
8 30 0.144018
8 31 0.116558
8 32 0.0833006
8 33 0.0450463
8 34 0.00226473
8 35 -0.0443338
8 36 -0.0938289
8 37 -0.145383
8 38 -0.198207
8 39 -0.251345
8 40 -0.303823
8 41 -0.354882
8 42 -0.403602
8 43 -0.449154
8 44 -0.490766
8 45 -0.527751
8 46 -0.559548
8 47 -0.585492
8 48 -0.605284
8 49 -0.618556
8 50 -0.625052
8 51 -0.624579
8 52 -0.617239
8 53 -0.603187
8 54 -0.582576
8 55 -0.5557
8 56 -0.52315
8 57 -0.48541
8 58 -0.443101
8 59 -0.396903
8 60 -0.347588
8 61 -0.295994
8 62 -0.242978
8 63 -0.18946
8 64 -0.136302
8 65 -0.0844477
8 66 -0.034734
8 67 0.0119899
8 68 0.0548396
8 69 0.0932123
8 70 0.126322
8 71 0.153685
8 72 0.174812
8 73 0.189276
8 74 0.196745
8 75 0.197152
8 76 0.190387
8 77 0.176554
8 78 0.155779
8 79 0.128332
8 80 0.094601
8 81 0.0553332
8 82 0.0108725
8 83 -0.0380322
8 84 -0.0905993
8 85 -0.146048
8 86 -0.20356
8 87 -0.262154
8 88 -0.320908
8 89 -0.379017
8 90 -0.435374
8 91 -0.489225
8 92 -0.539722
8 93 -0.586088
8 94 -0.627521
8 95 -0.663384
8 96 -0.693164
8 97 -0.716378
8 98 -0.732593
8 99 -0.741603
8 100 -0.0923057
8 101 0

9 0 0
9 1 -0.0862937
9 2 -0.693306
9 3 -0.684502
9 4 -0.668547
9 5 -0.645714
9 6 -0.616486
9 7 -0.581211
9 8 -0.540466
9 9 -0.494902
9 10 -0.445176
9 11 -0.392204
9 12 -0.33674
9 13 -0.279746
9 14 -0.222059
9 15 -0.164589
9 16 -0.108197
9 17 -0.0538145
9 18 -0.00230373
9 19 0.0454822
9 20 0.088887
9 21 0.127251
9 22 0.159854
9 23 0.186299
9 24 0.206146
9 25 0.219247
9 26 0.225275
9 27 0.224183
9 28 0.21607
9 29 0.201115
9 30 0.179602
9 31 0.151847
9 32 0.118401
9 33 0.0799607
9 34 0.0370195
9 35 -0.00971233
9 36 -0.0593749
9 37 -0.11102
9 38 -0.163881
9 39 -0.217046
9 40 -0.269581
9 41 -0.320678
9 42 -0.369436
9 43 -0.415009
9 44 -0.456616
9 45 -0.493611
9 46 -0.525461
9 47 -0.551407
9 48 -0.571161
9 49 -0.58441
9 50 -0.59093
9 51 -0.590514
9 52 -0.583215
9 53 -0.569227
9 54 -0.548694
9 55 -0.521857
9 56 -0.489369
9 57 -0.451676
9 58 -0.409404
9 59 -0.363276
9 60 -0.313976
9 61 -0.262362
9 62 -0.20935
9 63 -0.155804
9 64 -0.102618
9 65 -0.0506949
9 66 -0.000909779
9 67 0.0459503
9 68 0.0889128
9 69 0.127445
9 70 0.160811
9 71 0.188373
9 72 0.209765
9 73 0.224561
9 74 0.232439
9 75 0.233213
9 76 0.226855
9 77 0.213439
9 78 0.193143
9 79 0.166235
9 80 0.133022
9 81 0.0942675
9 82 0.0504053
9 83 0.0020741
9 84 -0.0499015
9 85 -0.104744
9 86 -0.161638
9 87 -0.219653
9 88 -0.277858
9 89 -0.335444
9 90 -0.391273
9 91 -0.444608
9 92 -0.494651
9 93 -0.540593
9 94 -0.581659
9 95 -0.617152
9 96 -0.646618
9 97 -0.669556
9 98 -0.685585
9 99 -0.694433
9 100 -0.0864333
9 101 0

10 0 0
10 1 -0.0798427
10 2 -0.641455
10 3 -0.632794
10 4 -0.617043
10 5 -0.594498
10 6 -0.565534
10 7 -0.530599
10 8 -0.49029
10 9 -0.445176
10 10 -0.39601
10 11 -0.343554
10 12 -0.28859
10 13 -0.232125
10 14 -0.175043
10 15 -0.118184
10 16 -0.0624302
10 17 -0.00865948
10 18 0.0422697
10 19 0.0894621
10 20 0.132243
10 21 0.170018
10 22 0.202092
10 23 0.228066
10 24 0.247408
10 25 0.260029
10 26 0.26559
10 27 0.264099
10 28 0.255591
10 29 0.240298
10 30 0.218401
10 31 0.190385
10 32 0.156648
10 33 0.117953
10 34 0.074806
10 35 0.0279324
10 36 -0.0218596
10 37 -0.0736184
10 38 -0.126532
10 39 -0.179784
10 40 -0.232369
10 41 -0.283508
10 42 -0.332283
10 43 -0.377914
10 44 -0.41957
10 45 -0.456584
10 46 -0.488436
10 47 -0.514397
10 48 -0.534161
10 49 -0.54742
10 50 -0.553949
10 51 -0.553569
10 52 -0.546352
10 53 -0.532441
10 54 -0.511913
10 55 -0.485127
10 56 -0.452722
10 57 -0.415076
10 58 -0.372833
10 59 -0.326712
10 60 -0.277439
10 61 -0.225846
10 62 -0.17277
10 63 -0.11921
10 64 -0.0659836
10 65 -0.0139969
10 66 0.0359152
10 67 0.0829025
10 68 0.126032
10 69 0.164807
10 70 0.198385
10 71 0.226229
10 72 0.247909
10 73 0.263065
10 74 0.271339
10 75 0.27257
10 76 0.266664
10 77 0.253752
10 78 0.23394
10 79 0.207562
10 80 0.174945
10 81 0.136785
10 82 0.0935342
10 83 0.0458927
10 84 -0.00546066
10 85 -0.0596892
10 86 -0.115978
10 87 -0.173372
10 88 -0.230959
10 89 -0.287933
10 90 -0.343224
10 91 -0.396002
10 92 -0.445494
10 93 -0.490931
10 94 -0.531567
10 95 -0.566691
10 96 -0.595853
10 97 -0.618498
10 98 -0.63429
10 99 -0.643049
10 100 -0.0800453
10 101 0

11 0 0
11 1 -0.0729622
11 2 -0.58615
11 3 -0.577634
11 4 -0.562131
11 5 -0.539899
11 6 -0.511289
11 7 -0.476717
11 8 -0.436846
11 9 -0.392204
11 10 -0.343554
11 11 -0.291651
11 12 -0.237304
11 13 -0.181382
11 14 -0.124888
11 15 -0.0686618
11 16 -0.0135358
11 17 0.039549
11 18 0.0897895
11 19 0.136387
11 20 0.17853
11 21 0.215682
11 22 0.247195
11 23 0.272572
11 24 0.291414
11 25 0.303464
11 26 0.308558
11 27 0.306605
11 28 0.297693
11 29 0.281953
11 30 0.259733
11 31 0.231415
11 32 0.197426
11 33 0.158425
11 34 0.115017
11 35 0.0679941
11 36 0.0181154
11 37 -0.033727
11 38 -0.0867493
11 39 -0.140081
11 40 -0.192756
11 41 -0.243916
11 42 -0.292713
11 43 -0.33839
11 44 -0.380088
11 45 -0.417152
11 46 -0.448989
11 47 -0.475
11 48 -0.494804
11 49 -0.508136
11 50 -0.51467
11 51 -0.514368
11 52 -0.507161
11 53 -0.493222
11 54 -0.472735
11 55 -0.446073
11 56 -0.413716
11 57 -0.376126
11 58 -0.333882
11 59 -0.287756
11 60 -0.238501
11 61 -0.186905
11 62 -0.133861
11 63 -0.0802545
11 64 -0.0269811
11 65 0.0250523
11 66 0.0750671
11 67 0.122181
11 68 0.165539
11 69 0.204553
11 70 0.238411
11 71 0.266548
11 72 0.288576
11 73 0.3041
11 74 0.312773
11 75 0.314434
11 76 0.309089
11 77 0.296697
11 78 0.277463
11 79 0.251701
11 80 0.219741
11 81 0.182186
11 82 0.139553
11 83 0.0925368
11 84 0.0419003
11 85 -0.0116553
11 86 -0.0672575
11 87 -0.123957
11 88 -0.1809
11 89 -0.237218
11 90 -0.291923
11 91 -0.344137
11 92 -0.393082
11 93 -0.43799
11 94 -0.478228
11 95 -0.512983
11 96 -0.541776
11 97 -0.564077
11 98 -0.579605
11 99 -0.58822
11 100 -0.0732244
11 101 0

12 0 0
12 1 -0.0657556
12 2 -0.528246
12 3 -0.519907
12 4 -0.504644
12 5 -0.482757
12 6 -0.454514
12 7 -0.420358
12 8 -0.38092
12 9 -0.33674
12 10 -0.28859
12 11 -0.237304
12 12 -0.183599
12 13 -0.128375
12 14 -0.0724685
12 15 -0.0168512
12 16 0.0375643
12 17 0.0899466
12 18 0.139535
12 19 0.185503
12 20 0.22702
12 21 0.263475
12 22 0.294338
12 23 0.319138
12 24 0.337374
12 25 0.348873
12 26 0.35339
12 27 0.351001
12 28 0.34163
12 29 0.32551
12 30 0.302897
12 31 0.274263
12 32 0.240009
12 33 0.200734
12 34 0.157054
12 35 0.109816
12 36 0.0598156
12 37 0.0078244
12 38 -0.0453281
12 39 -0.0987457
12 40 -0.151479
12 41 -0.202732
12 42 -0.251575
12 43 -0.297257
12 44 -0.338965
12 45 -0.376041
12 46 -0.407894
12 47 -0.433917
12 48 -0.45378
12 49 -0.467135
12 50 -0.473726
12 51 -0.473461
12 52 -0.46631
12 53 -0.452361
12 54 -0.431965
12 55 -0.405425
12 56 -0.373084
12 57 -0.335511
12 58 -0.29333
12 59 -0.247236
12 60 -0.197972
12 61 -0.146403
12 62 -0.0933301
12 63 -0.0396937
12 64 0.0136509
12 65 0.0657974
12 66 0.115917
12 67 0.163186
12 68 0.206742
12 69 0.246001
12 70 0.280145
12 71 0.308622
12 72 0.331017
12 73 0.346918
12 74 0.356022
12 75 0.358212
12 76 0.353384
12 77 0.341601
12 78 0.322946
12 79 0.297815
12 80 0.266572
12 81 0.229697
12 82 0.187698
12 83 0.141385
12 84 0.0914055
12 85 0.0385628
12 86 -0.0162749
12 87 -0.0722592
12 88 -0.12851
12 89 -0.184157
12 90 -0.238224
12 91 -0.289876
12 92 -0.338252
12 93 -0.382641
12 94 -0.422359
12 95 -0.45669
12 96 -0.485082
12 97 -0.50708
12 98 -0.52239
12 99 -0.530806
12 100 -0.0660768
12 101 0

13 0 0
13 1 -0.0583357
13 2 -0.468633
13 3 -0.460498
13 4 -0.445526
13 5 -0.42392
13 6 -0.396065
13 7 -0.362362
13 8 -0.323406
13 9 -0.279746
13 10 -0.232125
13 11 -0.181382
13 12 -0.128375
13 13 -0.0738163
13 14 -0.0186196
13 15 0.0363082
13 16 0.0900225
13 17 0.141731
13 18 0.190616
13 19 0.235905
13 20 0.27676
13 21 0.312498
13 22 0.342679
13 23 0.366837
13 24 0.384537
13 25 0.395432
13 26 0.399436
13 27 0.396518
13 28 0.386705
13 29 0.370153
13 30 0.347133
13 31 0.318126
13 32 0.283554
13 33 0.243986
13 34 0.200114
13 35 0.152731
13 36 0.102533
13 37 0.050348
13 38 -0.00295558
13 39 -0.0564086
13 40 -0.109175
13 41 -0.160512
13 42 -0.209412
13 43 -0.255114
13 44 -0.296836
13 45 -0.333979
13 46 -0.365827
13 47 -0.391932
13 48 -0.411809
13 49 -0.42515
13 50 -0.431763
13 51 -0.431559
13 52 -0.424491
13 53 -0.410581
13 54 -0.390268
13 55 -0.36379
13 56 -0.331441
13 57 -0.293919
13 58 -0.25176
13 59 -0.20572
13 60 -0.156484
13 61 -0.104938
13 62 -0.0518901
13 63 0.00177367
13 64 0.0551873
13 65 0.107468
13 66 0.157748
13 67 0.205169
13 68 0.248922
13 69 0.288395
13 70 0.322865
13 71 0.351713
13 72 0.374479
13 73 0.390816
13 74 0.400399
13 75 0.40311
13 76 0.398829
13 77 0.38755
13 78 0.369543
13 79 0.345092
13 80 0.314532
13 81 0.278365
13 82 0.237134
13 83 0.19152
13 84 0.142306
13 85 0.0902091
13 86 0.0361216
13 87 -0.0191263
13 88 -0.0747115
13 89 -0.129633
13 90 -0.18303
13 91 -0.234018
13 92 -0.281852
13 93 -0.325665
13 94 -0.364835
13 95 -0.39872
13 96 -0.426718
13 97 -0.448431
13 98 -0.463496
13 99 -0.47168
13 100 -0.0587155
13 101 0

14 0 0
14 1 -0.0508146
14 2 -0.40825
14 3 -0.400373
14 4 -0.385689
14 5 -0.364424
14 6 -0.336918
14 7 -0.303651
14 8 -0.26517
14 9 -0.222059
14 10 -0.175043
14 11 -0.124888
14 12 -0.0724685
14 13 -0.0186196
14 14 0.0358455
14 15 0.0900191
14 16 0.143028
14 17 0.194062
14 18 0.242223
14 19 0.286753
14 20 0.326895
14 21 0.361955
14 22 0.391466
14 23 0.415006
14 24 0.432044
14 25 0.442354
14 26 0.445791
14 27 0.442334
14 28 0.432045
14 29 0.415098
14 30 0.391669
14 31 0.36232
14 32 0.327396
14 33 0.287527
14 34 0.243398
14 35 0.195837
14 36 0.145461
14 37 0.0931136
14 38 0.0397172
14 39 -0.0137885
14 40 -0.066633
14 41 -0.118022
14 42 -0.166946
14 43 -0.212682
14 44 -0.25448
14 45 -0.291651
14 46 -0.323532
14 47 -0.349636
14 48 -0.369584
14 49 -0.382948
14 50 -0.389593
14 51 -0.389439
14 52 -0.38241
14 53 -0.368572
14 54 -0.348311
14 55 -0.321841
14 56 -0.28954
14 57 -0.252057
14 58 -0.210001
14 59 -0.164008
14 60 -0.114803
14 61 -0.0632723
14 62 -0.0101977
14 63 0.0435017
14 64 0.0969557
14 65 0.149355
14 66 0.199764
14 67 0.247383
14 68 0.291358
14 69 0.331076
14 70 0.365831
14 71 0.395058
14 72 0.418211
14 73 0.434972
14 74 0.445036
14 75 0.44826
14 76 0.444522
14 77 0.433864
14 78 0.416517
14 79 0.392773
14 80 0.362945
14 81 0.327492
14 82 0.287012
14 83 0.242193
14 84 0.193673
14 85 0.142375
14 86 0.089074
14 87 0.0345631
14 88 -0.0202774
14 89 -0.0744695
14 90 -0.127163
14 91 -0.177521
14 92 -0.224736
14 93 -0.268005
14 94 -0.30666
14 95 -0.340097
14 96 -0.367687
14 97 -0.389035
14 98 -0.40383
14 99 -0.411769
14 100 -0.0512551
14 101 0

15 0 0
15 1 -0.0433212
15 2 -0.34806
15 3 -0.340407
15 4 -0.325984
15 5 -0.305014
15 6 -0.277949
15 7 -0.245127
15 8 -0.207147
15 9 -0.164589
15 10 -0.118184
15 11 -0.0686618
15 12 -0.0168512
15 13 0.0363082
15 14 0.0900191
15 15 0.143489
15 16 0.195786
15 17 0.246071
15 18 0.293494
15 19 0.337256
15 20 0.37665
15 21 0.410989
15 22 0.439851
15 23 0.462682
15 24 0.479063
15 25 0.488785
15 26 0.491699
15 27 0.487716
15 28 0.476953
15 29 0.459513
15 30 0.435704
15 31 0.405961
15 32 0.370742
15 33 0.330607
15 34 0.286263
15 35 0.238493
15 36 0.187966
15 37 0.13547
15 38 0.0819463
15 39 0.0283229
15 40 -0.0245985
15 41 -0.0759833
15 42 -0.124922
15 43 -0.170731
15 44 -0.212562
15 45 -0.249741
15 46 -0.281596
15 47 -0.307712
15 48 -0.327642
15 49 -0.341079
15 50 -0.347805
15 51 -0.347694
15 52 -0.340673
15 53 -0.326908
15 54 -0.306725
15 55 -0.280342
15 56 -0.24811
15 57 -0.210691
15 58 -0.168701
15 59 -0.122819
15 60 -0.0735998
15 61 -0.0220222
15 62 0.031044
15 63 0.0847872
15 64 0.138303
15 65 0.190775
15 66 0.241336
15 67 0.289089
15 68 0.333281
15 69 0.373222
15 70 0.408272
15 71 0.437824
15 72 0.461417
15 73 0.478659
15 74 0.489225
15 75 0.492933
15 76 0.48974
15 77 0.479708
15 78 0.463055
15 79 0.440025
15 80 0.41093
15 81 0.376185
15 82 0.336499
15 83 0.292478
15 84 0.244755
15 85 0.194214
15 86 0.14172
15 87 0.0879656
15 88 0.0339293
15 89 -0.0194936
15 90 -0.071526
15 91 -0.121237
15 92 -0.167798
15 93 -0.21048
15 94 -0.248644
15 95 -0.281622
15 96 -0.308816
15 97 -0.3298
15 98 -0.344314
15 99 -0.352008
15 100 -0.0438131
15 101 0

16 0 0
16 1 -0.0359708
16 2 -0.288995
16 3 -0.281527
16 4 -0.267368
16 5 -0.246748
16 6 -0.220063
16 7 -0.187693
16 8 -0.150183
16 9 -0.108197
16 10 -0.0624302
16 11 -0.0135358
16 12 0.0375643
16 13 0.0900225
16 14 0.143028
16 15 0.195786
16 16 0.247361
16 17 0.296871
16 18 0.34353
16 19 0.386523
16 20 0.425137
16 21 0.458796
16 22 0.48693
16 23 0.509077
16 24 0.524805
16 25 0.5339
16 26 0.536259
16 27 0.531717
16 28 0.520513
16 29 0.502682
16 30 0.478517
16 31 0.448442
16 32 0.41292
16 33 0.372488
16 34 0.327933
16 35 0.279952
16 36 0.229285
16 37 0.17665
16 38 0.123048
16 39 0.0693537
16 40 0.0163449
16 41 -0.0350559
16 42 -0.0840174
16 43 -0.129818
16 44 -0.171678
16 45 -0.208847
16 46 -0.240739
16 47 -0.266839
16 48 -0.286811
16 49 -0.300305
16 50 -0.307066
16 51 -0.307032
16 52 -0.300019
16 53 -0.286341
16 54 -0.266172
16 55 -0.239835
16 56 -0.207741
16 57 -0.170416
16 58 -0.128486
16 59 -0.082613
16 60 -0.033504
16 61 0.018064
16 62 0.0711527
16 63 0.124934
16 64 0.178474
16 65 0.231005
16 66 0.281691
16 67 0.329587
16 68 0.374031
16 69 0.414203
16 70 0.4495
16 71 0.479354
16 72 0.503309
16 73 0.520993
16 74 0.532094
16 75 0.53627
16 76 0.533673
16 77 0.524277
16 78 0.508296
16 79 0.485997
16 80 0.457605
16 81 0.423665
16 82 0.384778
16 83 0.341568
16 84 0.294675
16 85 0.244917
16 86 0.19315
16 87 0.140192
16 88 0.0869489
16 89 0.0343079
16 90 -0.0169947
16 91 -0.0660342
16 92 -0.111941
16 93 -0.154063
16 94 -0.19169
16 95 -0.224161
16 96 -0.250962
16 97 -0.271585
16 98 -0.285843
16 99 -0.293327
16 100 -0.0365091
16 101 0

17 0 0
17 1 -0.0288742
17 2 -0.231951
17 3 -0.224651
17 4 -0.210751
17 5 -0.19045
17 6 -0.164132
17 7 -0.132213
17 8 -0.0952132
17 9 -0.0538145
17 10 -0.00865948
17 11 0.039549
17 12 0.0899466
17 13 0.141731
17 14 0.194062
17 15 0.246071
17 16 0.296871
17 17 0.345583
17 18 0.391475
17 19 0.433674
17 20 0.471568
17 21 0.504516
17 22 0.531972
17 23 0.553461
17 24 0.568575
17 25 0.577082
17 26 0.578858
17 27 0.573804
17 28 0.562089
17 29 0.543821
17 30 0.51927
17 31 0.488861
17 32 0.453057
17 33 0.412407
17 34 0.367631
17 35 0.319458
17 36 0.268637
17 37 0.215922
17 38 0.162265
17 39 0.108506
17 40 0.0554604
17 41 0.00402347
17 42 -0.0449672
17 43 -0.0907418
17 44 -0.132548
17 45 -0.169703
17 46 -0.201619
17 47 -0.227796
17 48 -0.247817
17 49 -0.261313
17 50 -0.268108
17 51 -0.268103
17 52 -0.261175
17 53 -0.247538
17 54 -0.227419
17 55 -0.20113
17 56 -0.169133
17 57 -0.131916
17 58 -0.0900188
17 59 -0.0441818
17 60 0.00483693
17 61 0.0563267
17 62 0.109378
17 63 0.163131
17 64 0.216683
17 65 0.269264
17 66 0.320064
17 67 0.368133
17 68 0.412744
17 69 0.453115
17 70 0.488672
17 71 0.518903
17 72 0.543263
17 73 0.561361
17 74 0.572903
17 75 0.577625
17 76 0.57563
17 77 0.566927
17 78 0.551597
17 79 0.52991
17 80 0.502259
17 81 0.469062
17 82 0.430987
17 83 0.388614
17 84 0.342554
17 85 0.293582
17 86 0.242618
17 87 0.190458
17 88 0.137983
17 89 0.0860905
17 90 0.0355443
17 91 -0.0127765
17 92 -0.0580565
17 93 -0.0995986
17 94 -0.136664
17 95 -0.168632
17 96 -0.195007
17 97 -0.215332
17 98 -0.229335
17 99 -0.236615
17 100 -0.0294499
17 101 0

18 0 0
18 1 -0.0221322
18 2 -0.177788
18 3 -0.170681
18 4 -0.157054
18 5 -0.137075
18 6 -0.111103
18 7 -0.0796344
18 8 -0.0431733
18 9 -0.00230373
18 10 0.0422697
18 11 0.0897895
18 12 0.139535
18 13 0.190616
18 14 0.242223
18 15 0.293494
18 16 0.34353
18 17 0.391475
18 18 0.436564
18 19 0.478022
18 20 0.515168
18 21 0.547423
18 22 0.574187
18 23 0.594986
18 24 0.609473
18 25 0.617393
18 26 0.618625
18 27 0.613113
18 28 0.600918
18 29 0.582226
18 30 0.557288
18 31 0.526532
18 32 0.490481
18 33 0.449626
18 34 0.404659
18 35 0.356316
18 36 0.305378
18 37 0.252603
18 38 0.198871
18 39 0.145062
18 40 0.0920061
18 41 0.0405598
18 42 -0.00841853
18 43 -0.0541695
18 44 -0.0959386
18 45 -0.13306
18 46 -0.164993
18 47 -0.191196
18 48 -0.211193
18 49 -0.224677
18 50 -0.231462
18 51 -0.231517
18 52 -0.224643
18 53 -0.211111
18 54 -0.191071
18 55 -0.164904
18 56 -0.133017
18 57 -0.0958765
18 58 -0.0540491
18 59 -0.00829016
18 60 0.040642
18 61 0.0920073
18 62 0.144997
18 63 0.198749
18 64 0.25235
18 65 0.304992
18 66 0.355813
18 67 0.403985
18 68 0.448766
18 69 0.489312
18 70 0.525135
18 71 0.5557
18 72 0.58042
18 73 0.598916
18 74 0.610931
18 75 0.616232
18 76 0.614816
18 77 0.606761
18 78 0.592049
18 79 0.571022
18 80 0.544114
18 81 0.51172
18 82 0.474419
18 83 0.432823
18 84 0.387553
18 85 0.33942
18 86 0.289314
18 87 0.237994
18 88 0.186267
18 89 0.135077
18 90 0.0853107
18 91 0.0376633
18 92 -0.00699947
18 93 -0.0479608
18 94 -0.084494
18 95 -0.115963
18 96 -0.141913
18 97 -0.161908
18 98 -0.175601
18 99 -0.182719
18 100 -0.022745
18 101 0

19 0 0
19 1 -0.0158517
19 2 -0.127329
19 3 -0.120403
19 4 -0.107027
19 5 -0.0873737
19 6 -0.0618086
19 7 -0.0307918
19 8 0.00515394
19 9 0.0454822
19 10 0.0894621
19 11 0.136387
19 12 0.185503
19 13 0.235905
19 14 0.286753
19 15 0.337256
19 16 0.386523
19 17 0.433674
19 18 0.478022
19 19 0.518778
19 20 0.555225
19 21 0.586755
19 22 0.612825
19 23 0.632945
19 24 0.646803
19 25 0.65417
19 26 0.654852
19 27 0.648868
19 28 0.636214
19 29 0.617134
19 30 0.591857
19 31 0.560792
19 32 0.524504
19 33 0.483475
19 34 0.438353
19 35 0.389893
19 36 0.338866
19 37 0.286045
19 38 0.232283
19 39 0.178477
19 40 0.125448
19 41 0.0740419
19 42 0.0251091
19 43 -0.020618
19 44 -0.06237
19 45 -0.0994714
19 46 -0.131402
19 47 -0.157592
19 48 -0.177582
19 49 -0.191043
19 50 -0.197846
19 51 -0.197892
19 52 -0.191116
19 53 -0.177681
19 54 -0.157716
19 55 -0.13165
19 56 -0.0998793
19 57 -0.0628498
19 58 -0.0211723
19 59 0.0244901
19 60 0.0733169
19 61 0.124581
19 62 0.177511
19 63 0.231195
19 64 0.284784
19 65 0.337439
19 66 0.388254
19 67 0.436551
19 68 0.481464
19 69 0.522178
19 70 0.55825
19 71 0.589083
19 72 0.614135
19 73 0.633043
19 74 0.645522
19 75 0.651351
19 76 0.650467
19 77 0.642982
19 78 0.628947
19 79 0.608651
19 80 0.582493
19 81 0.550849
19 82 0.514276
19 83 0.473442
19 84 0.428966
19 85 0.381669
19 86 0.332431
19 87 0.281908
19 88 0.230923
19 89 0.180497
19 90 0.13146
19 91 0.0844915
19 92 0.0404257
19 93 9.33513e-05
19 94 -0.0359088
19 95 -0.0669315
19 96 -0.0924865
19 97 -0.112125
19 98 -0.125515
19 99 -0.132441
19 100 -0.0164873
19 101 0

20 0 0
20 1 -0.0101261
20 2 -0.0813367
20 3 -0.0745946
20 4 -0.0614566
20 5 -0.0421269
20 6 -0.0169274
20 7 0.0136783
20 8 0.049145
20 9 0.088887
20 10 0.132243
20 11 0.17853
20 12 0.22702
20 13 0.27676
20 14 0.326895
20 15 0.37665
20 16 0.425137
20 17 0.471568
20 18 0.515168
20 19 0.555225
20 20 0.590949
20 21 0.621782
20 22 0.647222
20 23 0.666732
20 24 0.680003
20 25 0.686842
20 26 0.687012
20 27 0.680547
20 28 0.667434
20 29 0.647994
20 30 0.622398
20 31 0.591073
20 32 0.55458
20 33 0.513388
20 34 0.468115
20 35 0.419579
20 36 0.368441
20 37 0.315611
20 38 0.261884
20 39 0.20813
20 40 0.15518
20 41 0.103818
20 42 0.0549359
20 43 0.00928095
20 44 -0.032426
20 45 -0.0694782
20 46 -0.101319
20 47 -0.127509
20 48 -0.147506
20 49 -0.16103
20 50 -0.167909
20 51 -0.167902
20 52 -0.161223
20 53 -0.147843
20 54 -0.127963
20 55 -0.102001
20 56 -0.070308
20 57 -0.0334349
20 58 0.00809708
20 59 0.0536172
20 60 0.102332
20 61 0.153516
20 62 0.206355
20 63 0.259896
20 64 0.313384
20 65 0.36601
20 66 0.416835
20 67 0.465202
20 68 0.5102
20 69 0.55109
20 70 0.587421
20 71 0.618541
20 72 0.643915
20 73 0.663189
20 74 0.676044
20 75 0.682382
20 76 0.682005
20 77 0.675099
20 78 0.661689
20 79 0.642086
20 80 0.616632
20 81 0.585686
20 82 0.549859
20 83 0.50982
20 84 0.466188
20 85 0.419739
20 86 0.371239
20 87 0.321461
20 88 0.271234
20 89 0.221577
20 90 0.173254
20 91 0.126975
20 92 0.0835779
20 93 0.0438453
20 94 0.00838645
20 95 -0.0222264
20 96 -0.0474172
20 97 -0.0667487
20 98 -0.0798255
20 99 -0.0865462
20 100 -0.0107726
20 101 0

21 0 0
21 1 -0.00504269
21 2 -0.0405144
21 3 -0.0339553
21 4 -0.0210864
21 5 -0.00206412
21 6 0.022787
21 7 0.053003
21 8 0.0880564
21 9 0.127251
21 10 0.170018
21 11 0.215682
21 12 0.263475
21 13 0.312498
21 14 0.361955
21 15 0.410989
21 16 0.458796
21 17 0.504516
21 18 0.547423
21 19 0.586755
21 20 0.621782
21 21 0.651954
21 22 0.676719
21 23 0.695635
21 24 0.70834
21 25 0.714669
21 26 0.714381
21 27 0.707445
21 28 0.693968
21 29 0.674243
21 30 0.648434
21 31 0.616894
21 32 0.58019
21 33 0.538815
21 34 0.493456
21 35 0.444875
21 36 0.393751
21 37 0.340934
21 38 0.287248
21 39 0.233531
21 40 0.180621
21 41 0.129349
21 42 0.0805519
21 43 0.0350621
21 44 -0.00659745
21 45 -0.0435862
21 46 -0.0753315
21 47 -0.101393
21 48 -0.12136
21 49 -0.134893
21 50 -0.1418
21 51 -0.141859
21 52 -0.135185
21 53 -0.121912
21 54 -0.102166
21 55 -0.0763467
21 56 -0.0448324
21 57 -0.00807578
21 58 0.0332902
21 59 0.0786657
21 60 0.127157
21 61 0.178198
21 62 0.230902
21 63 0.284358
21 64 0.337799
21 65 0.390359
21 66 0.441142
21 67 0.489464
21 68 0.534544
21 69 0.575622
21 70 0.612155
21 71 0.643479
21 72 0.669092
21 73 0.688649
21 74 0.701874
21 75 0.708677
21 76 0.708883
21 77 0.702488
21 78 0.689623
21 79 0.670665
21 80 0.645894
21 81 0.615716
21 82 0.580635
21 83 0.541349
21 84 0.498531
21 85 0.452823
21 86 0.405051
21 87 0.35601
21 88 0.306622
21 89 0.257741
21 90 0.21012
21 91 0.164507
21 92 0.121743
21 93 0.0825564
21 94 0.0475853
21 95 0.0174092
21 96 -0.00739212
21 97 -0.0263742
21 98 -0.0392409
21 99 -0.0457312
21 100 -0.00568714
21 101 0

22 0 0
22 1 -0.00068615
22 2 -0.00548863
22 3 0.000954987
22 4 0.0135873
22 5 0.0323175
22 6 0.0567902
22 7 0.0865753
22 8 0.121143
22 9 0.159854
22 10 0.202092
22 11 0.247195
22 12 0.294338
22 13 0.342679
22 14 0.391466
22 15 0.439851
22 16 0.48693
22 17 0.531972
22 18 0.574187
22 19 0.612825
22 20 0.647222
22 21 0.676719
22 22 0.700851
22 23 0.719176
22 24 0.73137
22 25 0.73722
22 26 0.73653
22 27 0.729199
22 28 0.715387
22 29 0.695338
22 30 0.669278
22 31 0.637574
22 32 0.600754
22 33 0.559309
22 34 0.513946
22 35 0.46535
22 36 0.414274
22 37 0.361509
22 38 0.307893
22 39 0.254238
22 40 0.201395
22 41 0.150253
22 42 0.101631
22 43 0.0563021
22 44 0.0148116
22 45 -0.0221104
22 46 -0.0537572
22 47 -0.0797606
22 48 -0.0996524
22 49 -0.113135
22 50 -0.120074
22 51 -0.120179
22 52 -0.113566
22 53 -0.100385
22 54 -0.0807994
22 55 -0.0551192
22 56 -0.0237189
22 57 0.0128659
22 58 0.0540422
22 59 0.0991646
22 60 0.147483
22 61 0.198312
22 62 0.250801
22 63 0.304113
22 64 0.357444
22 65 0.409935
22 66 0.460698
22 67 0.508982
22 68 0.554075
22 69 0.595202
22 70 0.631826
22 71 0.663298
22 72 0.689179
22 73 0.709029
22 74 0.722619
22 75 0.729814
22 76 0.7305
22 77 0.724655
22 78 0.712336
22 79 0.693956
22 80 0.669835
22 81 0.640354
22 82 0.606034
22 83 0.567504
22 84 0.525432
22 85 0.480456
22 86 0.433426
22 87 0.385141
22 88 0.336532
22 89 0.28841
22 90 0.241419
22 91 0.196449
22 92 0.15429
22 93 0.115637
22 94 0.0811432
22 95 0.0514246
22 96 0.027046
22 97 0.00836361
22 98 -0.00431753
22 99 -0.0106236
22 100 -0.00131444
22 101 0

23 0 0
23 1 0.00288426
23 2 0.0232281
23 3 0.0295697
23 4 0.0420182
23 5 0.0604694
23 6 0.0846238
23 7 0.113979
23 8 0.148097
23 9 0.186299
23 10 0.228066
23 11 0.272572
23 12 0.319138
23 13 0.366837
23 14 0.415006
23 15 0.462682
23 16 0.509077
23 17 0.553461
23 18 0.594986
23 19 0.632945
23 20 0.666732
23 21 0.695635
23 22 0.719176
23 23 0.736997
23 24 0.748695
23 25 0.7541
23 26 0.752966
23 27 0.745316
23 28 0.731263
23 29 0.710978
23 30 0.684693
23 31 0.652853
23 32 0.615926
23 33 0.574438
23 34 0.529093
23 35 0.480526
23 36 0.429489
23 37 0.376864
23 38 0.32341
23 39 0.269942
23 40 0.217229
23 41 0.166265
23 42 0.117779
23 43 0.0726122
23 44 0.0313026
23 45 -0.00541303
23 46 -0.0369611
23 47 -0.0628856
23 48 -0.0827694
23 49 -0.0961842
23 50 -0.103091
23 51 -0.103253
23 52 -0.0967472
23 53 -0.0836638
23 54 -0.0642018
23 55 -0.0386211
23 56 -0.00741136
23 57 0.0289425
23 58 0.0698693
23 59 0.114799
23 60 0.162914
23 61 0.213503
23 62 0.265721
23 63 0.318877
23 64 0.371975
23 65 0.424298
23 66 0.475006
23 67 0.523267
23 68 0.568359
23 69 0.609482
23 70 0.646096
23 71 0.677715
23 72 0.703811
23 73 0.723976
23 74 0.737906
23 75 0.745423
23 76 0.746477
23 77 0.741111
23 78 0.729335
23 79 0.711541
23 80 0.688049
23 81 0.659226
23 82 0.625601
23 83 0.587786
23 84 0.546428
23 85 0.502203
23 86 0.455949
23 87 0.408404
23 88 0.360521
23 89 0.313028
23 90 0.266682
23 91 0.222306
23 92 0.18074
23 93 0.1426
23 94 0.108627
23 95 0.0793615
23 96 0.0553953
23 97 0.0370133
23 98 0.0245003
23 99 0.018263
23 100 0.00227334
23 101 0

24 0 0
24 1 0.00562771
24 2 0.045239
24 3 0.0514238
24 4 0.0636684
24 5 0.0819112
24 6 0.105759
24 7 0.134762
24 8 0.168401
24 9 0.206146
24 10 0.247408
24 11 0.291414
24 12 0.337374
24 13 0.384537
24 14 0.432044
24 15 0.479063
24 16 0.524805
24 17 0.568575
24 18 0.609473
24 19 0.646803
24 20 0.680003
24 21 0.70834
24 22 0.73137
24 23 0.748695
24 24 0.75996
24 25 0.76491
24 26 0.763465
24 27 0.75553
24 28 0.741268
24 29 0.720785
24 30 0.694342
24 31 0.662412
24 32 0.625432
24 33 0.583962
24 34 0.538689
24 35 0.490201
24 36 0.43932
24 37 0.386828
24 38 0.333581
24 39 0.280311
24 40 0.227849
24 41 0.177104
24 42 0.128793
24 43 0.083761
24 44 0.0426721
24 45 0.00612971
24 46 -0.0252304
24 47 -0.0510882
24 48 -0.0708859
24 49 -0.0842864
24 50 -0.0911027
24 51 -0.0913489
24 52 -0.0849142
24 53 -0.0719326
24 54 -0.0525869
24 55 -0.0272032
24 56 0.0038022
24 57 0.0398837
24 58 0.0806043
24 59 0.125297
24 60 0.173172
24 61 0.223467
24 62 0.275451
24 63 0.328358
24 64 0.381253
24 65 0.433339
24 66 0.483876
24 67 0.531999
24 68 0.577028
24 69 0.61813
24 70 0.654799
24 71 0.686512
24 72 0.712727
24 73 0.733096
24 74 0.747309
24 75 0.755145
24 76 0.756562
24 77 0.751609
24 78 0.740361
24 79 0.723109
24 80 0.700166
24 81 0.671954
24 82 0.639006
24 83 0.60182
24 84 0.561162
24 85 0.51766
24 86 0.472107
24 87 0.4253
24 88 0.378053
24 89 0.331196
24 90 0.285461
24 91 0.241731
24 92 0.200712
24 93 0.163102
24 94 0.129588
24 95 0.100741
24 96 0.0770844
24 97 0.0589884
24 98 0.0466996
24 99 0.0405518
24 100 0.0050447
24 101 0

25 0 0
25 1 0.00749693
25 2 0.0602357
25 3 0.0662918
25 4 0.0783772
25 5 0.0964205
25 6 0.119974
25 7 0.148629
25 8 0.181922
25 9 0.219247
25 10 0.260029
25 11 0.303464
25 12 0.348873
25 13 0.395432
25 14 0.442354
25 15 0.488785
25 16 0.5339
25 17 0.577082
25 18 0.617393
25 19 0.65417
25 20 0.686842
25 21 0.714669
25 22 0.73722
25 23 0.7541
25 24 0.76491
25 25 0.769519
25 26 0.767753
25 27 0.759589
25 28 0.745085
25 29 0.724451
25 30 0.697928
25 31 0.665964
25 32 0.629047
25 33 0.587634
25 34 0.542465
25 35 0.49415
25 36 0.443443
25 37 0.391182
25 38 0.338102
25 39 0.285049
25 40 0.232872
25 41 0.182397
25 42 0.134314
25 43 0.089492
25 44 0.048627
25 45 0.0123207
25 46 -0.0188894
25 47 -0.0445358
25 48 -0.0642075
25 49 -0.0775262
25 50 -0.0843415
25 51 -0.0846128
25 52 -0.0782812
25 53 -0.0654017
25 54 -0.046226
25 55 -0.0210651
25 56 0.00967405
25 57 0.0455198
25 58 0.0859459
25 59 0.130336
25 60 0.177927
25 61 0.227978
25 62 0.279664
25 63 0.332275
25 64 0.38491
25 65 0.436774
25 66 0.487074
25 67 0.535038
25 68 0.579937
25 69 0.620955
25 70 0.657644
25 71 0.689385
25 72 0.715671
25 73 0.736152
25 74 0.750558
25 75 0.758729
25 76 0.760486
25 77 0.755917
25 78 0.745149
25 79 0.728439
25 80 0.706006
25 81 0.678352
25 82 0.646008
25 83 0.609443
25 84 0.569384
25 85 0.526557
25 86 0.481699
25 87 0.435582
25 88 0.388981
25 89 0.342713
25 90 0.297604
25 91 0.25447
25 92 0.213975
25 93 0.176872
25 94 0.143801
25 95 0.115313
25 96 0.0919479
25 97 0.0740737
25 98 0.0619993
25 99 0.0559552
25 100 0.0069619
25 101 0

26 0 0
26 1 0.00846614
26 2 0.068026
26 3 0.0739992
26 4 0.0859643
26 5 0.103814
26 6 0.127072
26 7 0.15541
26 8 0.188328
26 9 0.225275
26 10 0.26559
26 11 0.308558
26 12 0.35339
26 13 0.399436
26 14 0.445791
26 15 0.491699
26 16 0.536259
26 17 0.578858
26 18 0.618625
26 19 0.654852
26 20 0.687012
26 21 0.714381
26 22 0.73653
26 23 0.752966
26 24 0.763465
26 25 0.767753
26 26 0.765753
26 27 0.757317
26 28 0.742653
26 29 0.72195
26 30 0.695448
26 31 0.663495
26 32 0.626634
26 33 0.585362
26 34 0.540365
26 35 0.492259
26 36 0.44184
26 37 0.389845
26 38 0.337014
26 39 0.284251
26 40 0.232414
26 41 0.182254
26 42 0.134469
26 43 0.0899243
26 44 0.0493389
26 45 0.0132031
26 46 -0.0178001
26 47 -0.043257
26 48 -0.0627436
26 49 -0.0760105
26 50 -0.0827715
26 51 -0.083057
26 52 -0.0767923
