0 0 0
0 1 0
0 2 0
0 3 0
0 4 0
0 5 0
0 6 0
0 7 0
0 8 0
0 9 0
0 10 0
0 11 0
0 12 0
0 13 0
0 14 0
0 15 0
0 16 0
0 17 0
0 18 0
0 19 0
0 20 0
0 21 0
0 22 0
0 23 0
0 24 0
0 25 0
0 26 0
0 27 0
0 28 0
0 29 0
0 30 0
0 31 0
0 32 0
0 33 0
0 34 0
0 35 0
0 36 0
0 37 0
0 38 0
0 39 0
0 40 0
0 41 0
0 42 0
0 43 0
0 44 0
0 45 0
0 46 0
0 47 0
0 48 0
0 49 0
0 50 0
0 51 0
0 52 0
0 53 0
0 54 0
0 55 0
0 56 0
0 57 0
0 58 0
0 59 0
0 60 0
0 61 0
0 62 0
0 63 0
0 64 0
0 65 0
0 66 0
0 67 0
0 68 0
0 69 0
0 70 0
0 71 0
0 72 0
0 73 0
0 74 0
0 75 0
0 76 0
0 77 0
0 78 0
0 79 0
0 80 0
0 81 0
0 82 0
0 83 0
0 84 0
0 85 0
0 86 0
0 87 0
0 88 0
0 89 0
0 90 0
0 91 0
0 92 0
0 93 0
0 94 0
0 95 0
0 96 0
0 97 0
0 98 0
0 99 0
0 100 0
0 101 0

1 0 0
1 1 0
1 2 0.0596585
1 3 0.0591233
1 4 0.0581097
1 5 0.0566421
1 6 0.0547426
1 7 0.0524361
1 8 0.0497675
1 9 0.046786
1 10 0.0435361
1 11 0.0400677
1 12 0.0364374
1 13 0.0327136
1 14 0.0289578
1 15 0.0252298
1 16 0.0215894
1 17 0.0181051
1 18 0.0148264
1 19 0.0118099
1 20 0.00910746
1 21 0.0067649
1 22 0.00482619
1 23 0.00332695
1 24 0.00228794
1 25 0.00173011
1 26 0.00166843
1 27 0.0021041
1 28 0.00302474
1 29 0.00441826
1 30 0.00626997
1 31 0.0085549
1 32 0.01124
1 33 0.01427
1 34 0.0176023
1 35 0.0211911
1 36 0.0249761
1 37 0.0288945
1 38 0.0328805
1 39 0.0368788
1 40 0.0408211
1 41 0.0446438
1 42 0.0482812
1 43 0.0516776
1 44 0.0547901
1 45 0.0575689
1 46 0.0599628
1 47 0.0619335
1 48 0.0634473
1 49 0.064471
1 50 0.064997
1 51 0.0650236
1 52 0.0645497
1 53 0.0635742
1 54 0.0621118
1 55 0.0601931
1 56 0.05784
1 57 0.055101
1 58 0.0520305
1 59 0.0486672
1 60 0.0450632
1 61 0.0412756
1 62 0.0373678
1 63 0.0333993
1 64 0.0294319
1 65 0.0255356
1 66 0.0217705
1 67 0.0181972
1 68 0.0148725
1 69 0.0118517
1 70 0.00918018
1 71 0.00689403
1 72 0.00502967
1 73 0.0036193
1 74 0.00269299
1 75 0.00225961
1 76 0.00231166
1 77 0.00285097
1 78 0.0038742
1 79 0.00536595
1 80 0.00728971
1 81 0.00961119
1 82 0.0122933
1 83 0.0152876
1 84 0.0185468
1 85 0.0220191
1 86 0.0256373
1 87 0.0293443
1 88 0.0330844
1 89 0.0367876
1 90 0.0403901
1 91 0.0438434
1 92 0.0470782
1 93 0.050048
1 94 0.052704
1 95 0.0549961
1 96 0.0568843
1 97 0.0583458
1 98 0.0593581
1 99 0.0598921
1 100 0
1 101 0

2 0 0
2 1 0.0596585
2 2 0.479928
2 3 0.47559
2 4 0.467447
2 5 0.455631
2 6 0.440335
2 7 0.421804
2 8 0.400356
2 9 0.376357
2 10 0.350192
2 11 0.322292
2 12 0.29312
2 13 0.263171
2 14 0.232944
2 15 0.202945
2 16 0.173668
2 17 0.145608
2 18 0.119228
2 19 0.0949636
2 20 0.0732303
2 21 0.0544043
2 22 0.0388258
2 23 0.0267587
2 24 0.0184094
2 25 0.0139243
2 26 0.0133996
2 27 0.0168626
2 28 0.0242571
2 29 0.0354878
2 30 0.0504006
2 31 0.0687708
2 32 0.0903288
2 33 0.114719
2 34 0.141553
2 35 0.170409
2 36 0.200839
2 37 0.232341
2 38 0.26442
2 39 0.296568
2 40 0.328265
2 41 0.359001
2 42 0.388283
2 43 0.415652
2 44 0.440696
2 45 0.463016
2 46 0.48225
2 47 0.498076
2 48 0.510232
2 49 0.518508
2 50 0.522779
2 51 0.522992
2 52 0.519141
2 53 0.511274
2 54 0.499522
2 55 0.484075
2 56 0.465191
2 57 0.443195
2 58 0.418468
2 59 0.391396
2 60 0.362399
2 61 0.331933
2 62 0.300489
2 63 0.268564
2 64 0.236671
2 65 0.205331
2 66 0.175052
2 67 0.146312
2 68 0.119573
2 69 0.095254
2 70 0.0737415
2 71 0.0553573
2 72 0.0403983
2 73 0.0290993
2 74 0.02164
2 75 0.0181232
2 76 0.0185602
2 77 0.0229346
2 78 0.0311756
2 79 0.0431339
2 80 0.0585881
2 81 0.077265
2 82 0.0988452
2 83 0.122953
2 84 0.149188
2 85 0.177098
2 86 0.206214
2 87 0.236055
2 88 0.266122
2 89 0.295908
2 90 0.324912
2 91 0.352667
2 92 0.378704
2 93 0.4026
2 94 0.423949
2 95 0.442385
2 96 0.457604
2 97 0.469361
2 98 0.477475
2 99 0.481805
2 100 0.0598921
2 101 0

3 0 0
3 1 0.0591233
3 2 0.47559
3 3 0.471214
3 4 0.46308
3 5 0.451255
3 6 0.435947
3 7 0.417463
3 8 0.396067
3 9 0.372068
3 10 0.345892
3 11 0.318005
3 12 0.288884
3 13 0.258954
3 14 0.228728
3 15 0.198731
3 16 0.169473
3 17 0.141381
3 18 0.114992
3 19 0.0907334
3 20 0.0690101
3 21 0.050207
3 22 0.0346464
3 23 0.0225767
3 24 0.0142251
3 25 0.00972802
3 26 0.00915178
3 27 0.0125402
3 28 0.0198951
3 29 0.0311275
3 30 0.0460336
3 31 0.0643677
3 32 0.0858432
3 33 0.110213
3 34 0.137042
3 35 0.165852
3 36 0.196214
3 37 0.227654
3 38 0.259707
3 39 0.291789
3 40 0.32342
3 41 0.354109
3 42 0.383388
3 43 0.410788
3 44 0.43581
3 45 0.458064
3 46 0.477236
3 47 0.493003
3 48 0.505121
3 49 0.513442
3 50 0.517761
3 51 0.517966
3 52 0.514065
3 53 0.506179
3 54 0.494449
3 55 0.479013
3 56 0.460208
3 57 0.438284
3 58 0.413546
3 59 0.386481
3 60 0.357503
3 61 0.327071
3 62 0.295653
3 63 0.263763
3 64 0.231933
3 65 0.200646
3 66 0.170419
3 67 0.14172
3 68 0.115012
3 69 0.0906995
3 70 0.0691895
3 71 0.0508483
3 72 0.0359657
3 73 0.0247543
3 74 0.0173132
3 75 0.0137763
3 76 0.0142481
3 77 0.0186793
3 78 0.0269372
3 79 0.0388496
3 80 0.0542756
3 81 0.0729552
3 82 0.0945388
3 83 0.118671
3 84 0.14492
3 85 0.172807
3 86 0.201932
3 87 0.231781
3 88 0.261809
3 89 0.291574
3 90 0.320593
3 91 0.348307
3 92 0.374351
3 93 0.398233
3 94 0.419552
3 95 0.437978
3 96 0.453214
3 97 0.464967
3 98 0.473048
3 99 0.477419
3 100 0.0593512
3 101 0

4 0 0
4 1 0.0581097
4 2 0.467447
4 3 0.46308
4 4 0.454953
4 5 0.44312
4 6 0.42781
4 7 0.409334
4 8 0.387954
4 9 0.363984
4 10 0.337826
4 11 0.30996
4 12 0.280798
4 13 0.250849
4 14 0.220588
4 15 0.190563
4 16 0.161277
4 17 0.133164
4 18 0.10674
4 19 0.0824574
4 20 0.0607256
4 21 0.0419167
4 22 0.0263283
4 23 0.0141936
4 24 0.00580196
4 25 0.0012806
4 26 0.000713786
4 27 0.00407705
4 28 0.0114312
4 29 0.0225999
4 30 0.0374612
4 31 0.0557909
4 32 0.0772127
4 33 0.101476
4 34 0.128205
4 35 0.156973
4 36 0.187304
4 37 0.218759
4 38 0.250761
4 39 0.282805
4 40 0.314384
4 41 0.34503
4 42 0.374269
4 43 0.401639
4 44 0.426627
4 45 0.448822
4 46 0.467976
4 47 0.483697
4 48 0.495805
4 49 0.504127
4 50 0.508454
4 51 0.508663
4 52 0.504755
4 53 0.496869
4 54 0.485107
4 55 0.469668
4 56 0.450889
4 57 0.429002
4 58 0.404316
4 59 0.377268
4 60 0.34836
4 61 0.317989
4 62 0.286569
4 63 0.254709
4 64 0.222918
4 65 0.191651
4 66 0.161451
4 67 0.132794
4 68 0.106124
4 69 0.0818877
4 70 0.0604264
4 71 0.0421607
4 72 0.0273266
4 73 0.0161567
4 74 0.00873854
4 75 0.00519286
4 76 0.00569361
4 77 0.0101442
4 78 0.0184281
4 79 0.0303919
4 80 0.0458697
4 81 0.0645664
4 82 0.0861691
4 83 0.110281
4 84 0.136544
4 85 0.164467
4 86 0.193623
4 87 0.223499
4 88 0.25355
4 89 0.283364
4 90 0.312385
4 91 0.340145
4 92 0.366182
4 93 0.39004
4 94 0.411309
4 95 0.429703
4 96 0.444952
4 97 0.456728
4 98 0.464818
4 99 0.469185
4 100 0.0583279
4 101 0

5 0 0
5 1 0.0566421
5 2 0.455631
5 3 0.451255
5 4 0.44312
5 5 0.431345
5 6 0.416053
5 7 0.397549
5 8 0.376083
5 9 0.352059
5 10 0.325939
5 11 0.298078
5 12 0.268932
5 13 0.23899
5 14 0.208724
5 15 0.178659
5 16 0.149315
5 17 0.121189
5 18 0.0947473
5 19 0.0703934
5 20 0.0486265
5 21 0.0297653
5 22 0.014086
5 23 0.00188123
5 24 -0.00656655
5 25 -0.0111257
5 26 -0.0117895
5 27 -0.00843913
5 28 -0.00113422
5 29 0.0100036
5 30 0.0247972
5 31 0.0430432
5 32 0.0644339
5 33 0.0886489
5 34 0.11533
5 35 0.144036
5 36 0.174312
5 37 0.205671
5 38 0.237617
5 39 0.269577
5 40 0.301169
5 41 0.331742
5 42 0.360921
5 43 0.388225
5 44 0.413185
5 45 0.435362
5 46 0.4545
5 47 0.470225
5 48 0.482297
5 49 0.490571
5 50 0.494858
5 51 0.495075
5 52 0.491194
5 53 0.483296
5 54 0.47158
5 55 0.456123
5 56 0.437351
5 57 0.415496
5 58 0.390852
5 59 0.363842
5 60 0.334948
5 61 0.30458
5 62 0.273233
5 63 0.241431
5 64 0.209709
5 65 0.178489
5 66 0.148334
5 67 0.119717
5 68 0.0931462
5 69 0.0689767
5 70 0.047573
5 71 0.0293383
5 72 0.0145129
5 73 0.0033426
5 74 -0.00402896
5 75 -0.00748104
5 76 -0.00691949
5 77 -0.00240541
5 78 0.00595553
5 79 0.0179861
5 80 0.0335307
5 81 0.0522835
5 82 0.0739255
5 83 0.098099
5 84 0.124361
5 85 0.152319
5 86 0.181471
5 87 0.211358
5 88 0.241493
5 89 0.271307
5 90 0.300364
5 91 0.328118
5 92 0.354176
5 93 0.378063
5 94 0.399372
5 95 0.417773
5 96 0.433
5 97 0.444793
5 98 0.452876
5 99 0.457227
5 100 0.0568412
5 101 0

6 0 0
6 1 0.0547426
6 2 0.440335
6 3 0.435947
6 4 0.42781
6 5 0.416053
6 6 0.400841
6 7 0.38232
6 8 0.36078
6 9 0.336725
6 10 0.310567
6 11 0.282694
6 12 0.253491
6 13 0.223511
6 14 0.193227
6 15 0.163125
6 16 0.133748
6 17 0.105607
6 18 0.0791016
6 19 0.0546758
6 20 0.0328304
6 21 0.0138997
6 22 -0.00187059
6 23 -0.014149
6 24 -0.0226578
6 25 -0.0273082
6 26 -0.028004
6 27 -0.0247231
6 28 -0.0174855
6 29 -0.00644373
6 30 0.00824488
6 31 0.0264172
6 32 0.0477536
6 33 0.0719063
6 34 0.0985154
6 35 0.12714
6 36 0.157348
6 37 0.188641
6 38 0.220479
6 39 0.252417
6 40 0.283934
6 41 0.314473
6 42 0.343585
6 43 0.370845
6 44 0.395771
6 45 0.417936
6 46 0.437026
6 47 0.45273
6 48 0.464783
6 49 0.473003
6 50 0.477222
6 51 0.477423
6 52 0.473592
6 53 0.465758
6 54 0.454018
6 55 0.438594
6 56 0.419811
6 57 0.39798
6 58 0.373377
6 59 0.346376
6 60 0.317501
6 61 0.287185
6 62 0.255881
6 63 0.224177
6 64 0.192508
6 65 0.161334
6 66 0.131221
6 67 0.102705
6 68 0.076195
6 69 0.0520516
6 70 0.0307104
6 71 0.0125463
6 72 -0.00222876
6 73 -0.0133556
6 74 -0.0205909
6 75 -0.0239201
6 76 -0.0232841
6 77 -0.0186863
6 78 -0.010281
6 79 0.0017928
6 80 0.0173763
6 81 0.0361824
6 82 0.0579386
6 83 0.0821844
6 84 0.108507
6 85 0.136514
6 86 0.165664
6 87 0.195606
6 88 0.225795
6 89 0.255645
6 90 0.284763
6 91 0.312608
6 92 0.338649
6 93 0.36256
6 94 0.3839
6 95 0.402317
6 96 0.417555
6 97 0.42937
6 98 0.43744
6 99 0.441736
6 100 0.0549112
6 101 0

7 0 0
7 1 0.0524361
7 2 0.421804
7 3 0.417463
7 4 0.409334
7 5 0.397549
7 6 0.38232
7 7 0.363816
7 8 0.342249
7 9 0.31821
7 10 0.292018
7 11 0.264069
7 12 0.234779
7 13 0.204764
7 14 0.174438
7 15 0.14427
7 16 0.114815
7 17 0.0865581
7 18 0.0599662
7 19 0.035473
7 20 0.0135501
7 21 -0.00548634
7 22 -0.0213379
7 23 -0.0336847
7 24 -0.0422788
7 25 -0.0470051
7 26 -0.0477889
7 27 -0.044562
7 28 -0.0374638
7 29 -0.0265077
7 30 -0.0119004
7 31 0.00620574
7 32 0.0274515
7 33 0.0515565
7 34 0.0780979
7 35 0.106615
7 36 0.136784
7 37 0.167995
7 38 0.199789
7 39 0.231633
7 40 0.263107
7 41 0.293568
7 42 0.322676
7 43 0.349855
7 44 0.374772
7 45 0.396867
7 46 0.415927
7 47 0.431613
7 48 0.443656
7 49 0.451821
7 50 0.455997
7 51 0.456191
7 52 0.452359
7 53 0.444552
7 54 0.432845
7 55 0.417399
7 56 0.398661
7 57 0.376839
7 58 0.352263
7 59 0.325268
7 60 0.296437
7 61 0.266128
7 62 0.234921
7 63 0.203246
7 64 0.171632
7 65 0.140502
7 66 0.110453
7 67 0.0819957
7 68 0.0555728
7 69 0.0314779
7 70 0.0101988
7 71 -0.00785759
7 72 -0.0225773
7 73 -0.0336222
7 74 -0.0407903
7 75 -0.0440364
7 76 -0.0433323
7 77 -0.0386274
7 78 -0.0301204
7 79 -0.0179647
7 80 -0.00226671
7 81 0.0166342
7 82 0.0384482
7 83 0.0627555
7 84 0.0891497
7 85 0.117261
7 86 0.146535
7 87 0.176555
7 88 0.20679
7 89 0.236687
7 90 0.265872
7 91 0.293777
7 92 0.319822
7 93 0.343783
7 94 0.365161
7 95 0.383609
7 96 0.398897
7 97 0.410694
7 98 0.418757
7 99 0.422984
7 100 0.0525743
7 101 0

8 0 0
8 1 0.0497675
8 2 0.400356
8 3 0.396067
8 4 0.387954
8 5 0.376083
8 6 0.36078
8 7 0.342249
8 8 0.320714
8 9 0.296672
8 10 0.270462
8 11 0.242481
8 12 0.213146
8 13 0.183024
8 14 0.152617
8 15 0.122346
8 16 0.0927959
8 17 0.0644607
8 18 0.0378127
8 19 0.0132606
8 20 -0.00881109
8 21 -0.0279726
8 22 -0.0439331
8 23 -0.056363
8 24 -0.0650225
8 25 -0.069862
8 26 -0.0707786
8 27 -0.0676865
8 28 -0.0607032
8 29 -0.049811
8 30 -0.0352856
8 31 -0.0172775
8 32 0.00385441
8 33 0.0278682
8 34 0.0543491
8 35 0.0827749
8 36 0.11286
8 37 0.144001
8 38 0.175712
8 39 0.207561
8 40 0.23897
8 41 0.269422
8 42 0.298447
8 43 0.325563
8 44 0.350382
8 45 0.372463
8 46 0.391471
8 47 0.40715
8 48 0.41915
8 49 0.427284
8 50 0.431489
8 51 0.431677
8 52 0.427816
8 53 0.419973
8 54 0.408273
8 55 0.392904
8 56 0.374145
8 57 0.352347
8 58 0.327784
8 59 0.300835
8 60 0.272043
8 61 0.24179
8 62 0.210553
8 63 0.17891
8 64 0.147348
8 65 0.116331
8 66 0.0863431
8 67 0.0579201
8 68 0.0315699
8 69 0.00757892
8 70 -0.0135986
8 71 -0.0316124
8 72 -0.0462382
8 73 -0.0571692
8 74 -0.064267
8 75 -0.0674045
8 76 -0.0665907
8 77 -0.0617594
8 78 -0.0531645
8 79 -0.0408984
8 80 -0.0251051
8 81 -0.00608343
8 82 0.0158458
8 83 0.0402272
8 84 0.0667088
8 85 0.0949335
8 86 0.124313
8 87 0.154411
8 88 0.184737
8 89 0.214719
8 90 0.24399
8 91 0.271936
8 92 0.29801
8 93 0.321999
8 94 0.343408
8 95 0.361889
8 96 0.377165
8 97 0.388949
8 98 0.397025
8 99 0.401296
8 100 0.0498845
8 101 0

9 0 0
9 1 0.046786
9 2 0.376357
9 3 0.372068
9 4 0.363984
9 5 0.352059
9 6 0.336725
9 7 0.31821
9 8 0.296672
9 9 0.27255
9 10 0.246285
9 11 0.218216
9 12 0.188822
9 13 0.158619
9 14 0.128127
9 15 0.0977832
9 16 0.0681347
9 17 0.0396776
9 18 0.0129277
9 19 -0.011762
9 20 -0.0339574
9 21 -0.0532164
9 22 -0.0692747
9 23 -0.081839
9 24 -0.0906852
9 25 -0.0956464
9 26 -0.0966656
9 27 -0.093712
9 28 -0.0868219
9 29 -0.0760119
9 30 -0.0615672
9 31 -0.0436222
9 32 -0.0226124
9 33 0.00126481
9 34 0.0276488
9 35 0.05595
9 36 0.0860056
9 37 0.117078
9 38 0.148726
9 39 0.180513
9 40 0.211838
9 41 0.242237
9 42 0.271195
9 43 0.298259
9 44 0.323055
9 45 0.345088
9 46 0.364076
9 47 0.379705
9 48 0.391649
9 49 0.39975
9 50 0.403946
9 51 0.404182
9 52 0.400296
9 53 0.392436
9 54 0.380765
9 55 0.365367
9 56 0.346637
9 57 0.324854
9 58 0.300305
9 59 0.273379
9 60 0.244621
9 61 0.214466
9 62 0.18327
9 63 0.151667
9 64 0.120112
9 65 0.0891375
9 66 0.0592488
9 67 0.0308498
9 68 0.00458849
9 69 -0.0192906
9 70 -0.0403243
9 71 -0.0582583
9 72 -0.0728296
9 73 -0.0836737
9 74 -0.0906993
9 75 -0.0937143
9 76 -0.0927474
9 77 -0.0878027
9 78 -0.07905
9 79 -0.0666389
9 80 -0.050733
9 81 -0.0316006
9 82 -0.00958715
9 83 0.0149083
9 84 0.0415799
9 85 0.0698973
9 86 0.0993909
9 87 0.129609
9 88 0.159991
9 89 0.190074
9 90 0.219378
9 91 0.247416
9 92 0.273632
9 93 0.297633
9 94 0.319079
9 95 0.337559
9 96 0.352864
9 97 0.364615
9 98 0.372714
9 99 0.377018
9 100 0.0468712
9 101 0

10 0 0
10 1 0.0435361
10 2 0.350192
10 3 0.345892
10 4 0.337826
10 5 0.325939
10 6 0.310567
10 7 0.292018
10 8 0.270462
10 9 0.246285
10 10 0.219915
10 11 0.191748
10 12 0.16223
10 13 0.131933
10 14 0.10135
10 15 0.0708952
10 16 0.0411328
10 17 0.0125858
10 18 -0.0142911
10 19 -0.0390883
10 20 -0.0613968
10 21 -0.0808021
10 22 -0.0970274
10 23 -0.109782
10 24 -0.118757
10 25 -0.123841
10 26 -0.124941
10 27 -0.122075
10 28 -0.115282
10 29 -0.104605
10 30 -0.0902761
10 31 -0.0724517
10 32 -0.0515457
10 33 -0.0278058
10 34 -0.00153449
10 35 0.0267016
10 36 0.0566269
10 37 0.0876511
10 38 0.119215
10 39 0.150935
10 40 0.18218
10 41 0.212516
10 42 0.241433
10 43 0.268457
10 44 0.293171
10 45 0.315152
10 46 0.334106
10 47 0.349651
10 48 0.361568
10 49 0.369656
10 50 0.373841
10 51 0.37402
10 52 0.370134
10 53 0.362286
10 54 0.350613
10 55 0.335264
10 56 0.316599
10 57 0.294831
10 58 0.270285
10 59 0.24341
10 60 0.214696
10 61 0.18455
10 62 0.153407
10 63 0.121855
10 64 0.0903174
10 65 0.0593925
10 66 0.0295966
10 67 0.00131845
10 68 -0.0248673
10 69 -0.0486441
10 70 -0.0695891
10 71 -0.0874262
10 72 -0.101862
10 73 -0.112563
10 74 -0.119454
10 75 -0.122392
10 76 -0.121365
10 77 -0.116309
10 78 -0.10739
10 79 -0.0948367
10 80 -0.0787935
10 81 -0.0595418
10 82 -0.037411
10 83 -0.012734
10 84 0.0141167
10 85 0.0425561
10 86 0.0721525
10 87 0.102481
10 88 0.132973
10 89 0.163134
10 90 0.192524
10 91 0.22068
10 92 0.246996
10 93 0.271092
10 94 0.292568
10 95 0.311064
10 96 0.326382
10 97 0.338157
10 98 0.346255
10 99 0.350537
10 100 0.0435778
10 101 0

11 0 0
11 1 0.0400677
11 2 0.322292
11 3 0.318005
11 4 0.30996
11 5 0.298078
11 6 0.282694
11 7 0.264069
11 8 0.242481
11 9 0.218216
11 10 0.191748
11 11 0.163421
11 12 0.133849
11 13 0.103464
11 14 0.0727838
11 15 0.0422211
11 16 0.0123248
11 17 -0.0163511
11 18 -0.0433956
11 19 -0.0683444
11 20 -0.0907902
11 21 -0.110327
11 22 -0.126718
11 23 -0.139594
11 24 -0.148732
11 25 -0.153935
11 26 -0.155166
11 27 -0.152425
11 28 -0.145756
11 29 -0.135228
11 30 -0.121074
11 31 -0.103354
11 32 -0.0825216
11 33 -0.0588907
11 34 -0.0327214
11 35 -0.00457131
11 36 0.0252421
11 37 0.0561377
11 38 0.087669
11 39 0.119344
11 40 0.150493
11 41 0.180764
11 42 0.209586
11 43 0.236582
11 44 0.261249
11 45 0.283201
11 46 0.302108
11 47 0.31762
11 48 0.329486
11 49 0.337546
11 50 0.341697
11 51 0.341863
11 52 0.337994
11 53 0.330164
11 54 0.318472
11 55 0.303089
11 56 0.284427
11 57 0.262675
11 58 0.238189
11 59 0.211423
11 60 0.182703
11 61 0.152554
11 62 0.12143
11 63 0.0899567
11 64 0.0584696
11 65 0.0276504
11 66 -0.0020514
11 67 -0.0302485
11 68 -0.0563714
11 69 -0.0801173
11 70 -0.10095
11 71 -0.118659
11 72 -0.132963
11 73 -0.143512
11 74 -0.150263
11 75 -0.153052
11 76 -0.151893
11 77 -0.146737
11 78 -0.137708
11 79 -0.124975
11 80 -0.108793
11 81 -0.0893604
11 82 -0.0670677
11 83 -0.0422546
11 84 -0.0152947
11 85 0.0132942
11 86 0.0430371
11 87 0.0735187
11 88 0.10414
11 89 0.134423
11 90 0.163905
11 91 0.192108
11 92 0.21854
11 93 0.242684
11 94 0.264267
11 95 0.282814
11 96 0.298157
11 97 0.309934
11 98 0.318033
11 99 0.322303
11 100 0.0400676
11 101 0

12 0 0
12 1 0.0364374
12 2 0.29312
12 3 0.288884
12 4 0.280798
12 5 0.268932
12 6 0.253491
12 7 0.234779
12 8 0.213146
12 9 0.188822
12 10 0.16223
12 11 0.133849
12 12 0.104216
12 13 0.0737107
12 14 0.0429149
12 15 0.0122012
12 16 -0.017848
12 17 -0.0467083
12 18 -0.073943
12 19 -0.0990361
12 20 -0.121639
12 21 -0.141354
12 22 -0.157849
12 23 -0.170817
12 24 -0.180088
12 25 -0.185472
12 26 -0.186902
12 27 -0.184357
12 28 -0.177795
12 29 -0.167411
12 30 -0.15337
12 31 -0.135782
12 32 -0.115045
12 33 -0.0915097
12 34 -0.065458
12 35 -0.0373553
12 36 -0.00766938
12 37 0.0231512
12 38 0.0546039
12 39 0.0861786
12 40 0.117297
12 41 0.147477
12 42 0.176292
12 43 0.203227
12 44 0.227823
12 45 0.249719
12 46 0.268566
12 47 0.284063
12 48 0.295918
12 49 0.303985
12 50 0.308102
12 51 0.308202
12 52 0.304334
12 53 0.296485
12 54 0.2848
12 55 0.269511
12 56 0.250802
12 57 0.229026
12 58 0.204556
12 59 0.177819
12 60 0.149163
12 61 0.118998
12 62 0.0879663
12 63 0.0565242
12 64 0.0251235
12 65 -0.00562024
12 66 -0.0352846
12 67 -0.063385
12 68 -0.0894643
12 69 -0.113108
12 70 -0.133874
12 71 -0.151469
12 72 -0.165601
12 73 -0.176061
12 74 -0.182649
12 75 -0.18528
12 76 -0.183916
12 77 -0.17861
12 78 -0.169443
12 79 -0.156565
12 80 -0.140226
12 81 -0.120666
12 82 -0.0982071
12 83 -0.0731967
12 84 -0.0461305
12 85 -0.0173739
12 86 0.0125564
12 87 0.0431621
12 88 0.0739788
12 89 0.104401
12 90 0.133986
12 91 0.16226
12 92 0.188738
12 93 0.212949
12 94 0.234629
12 95 0.253275
12 96 0.268642
12 97 0.28045
12 98 0.288507
12 99 0.292779
12 100 0.0363997
12 101 0

13 0 0
13 1 0.0327136
13 2 0.263171
13 3 0.258954
13 4 0.250849
13 5 0.23899
13 6 0.223511
13 7 0.204764
13 8 0.183024
13 9 0.158619
13 10 0.131933
13 11 0.103464
13 12 0.0737107
13 13 0.0430914
13 14 0.0120963
13 15 -0.0187359
13 16 -0.0489168
13 17 -0.0779625
13 18 -0.105373
13 19 -0.130634
13 20 -0.153426
13 21 -0.17329
13 22 -0.189919
13 23 -0.203026
13 24 -0.212443
13 25 -0.217995
13 26 -0.219603
13 27 -0.217163
13 28 -0.21081
13 29 -0.20055
13 30 -0.186598
13 31 -0.169167
13 32 -0.148562
13 33 -0.125137
13 34 -0.0992176
13 35 -0.0711941
13 36 -0.041589
13 37 -0.0108451
13 38 0.0205394
13 39 0.0520036
13 40 0.083058
13 41 0.113156
13 42 0.141966
13 43 0.16885
13 44 0.193424
13 45 0.215291
13 46 0.2341
13 47 0.249552
13 48 0.261362
13 49 0.269388
13 50 0.273499
13 51 0.273554
13 52 0.269651
13 53 0.261822
13 54 0.250196
13 55 0.234912
13 56 0.216231
13 57 0.194439
13 58 0.169945
13 59 0.143195
13 60 0.114558
13 61 0.0844313
13 62 0.0535118
13 63 0.0221015
13 64 -0.00925853
13 65 -0.0399665
13 66 -0.0696074
13 67 -0.0976266
13 68 -0.123559
13 69 -0.147078
13 70 -0.167727
13 71 -0.185187
13 72 -0.199227
13 73 -0.209557
13 74 -0.216033
13 75 -0.2185
13 76 -0.216981
13 77 -0.211495
13 78 -0.202207
13 79 -0.189149
13 80 -0.172617
13 81 -0.152898
13 82 -0.130287
13 83 -0.105083
13 84 -0.0778221
13 85 -0.0488931
13 86 -0.0187965
13 87 0.0119509
13 88 0.0428672
13 89 0.0734605
13 90 0.103178
13 91 0.131553
13 92 0.158199
13 93 0.182537
13 94 0.204199
13 95 0.222926
13 96 0.238351
13 97 0.250184
13 98 0.258251
13 99 0.262464
13 100 0.0326262
13 101 0

14 0 0
14 1 0.0289578
14 2 0.232944
14 3 0.228728
14 4 0.220588
14 5 0.208724
14 6 0.193227
14 7 0.174438
14 8 0.152617
14 9 0.128127
14 10 0.10135
14 11 0.0727838
14 12 0.0429149
14 13 0.0120963
14 14 -0.0191098
14 15 -0.0501089
14 16 -0.0804371
14 17 -0.109632
14 18 -0.137168
14 19 -0.162591
14 20 -0.185541
14 21 -0.205623
14 22 -0.222425
14 23 -0.235714
14 24 -0.245292
14 25 -0.251018
14 26 -0.252725
14 27 -0.250439
14 28 -0.244198
14 29 -0.234117
14 30 -0.220312
14 31 -0.203037
14 32 -0.182561
14 33 -0.159211
14 34 -0.133385
14 35 -0.105447
14 36 -0.075927
14 37 -0.0452753
14 38 -0.0140314
14 39 0.0173653
14 40 0.0483717
14 41 0.0784094
14 42 0.107153
14 43 0.133995
14 44 0.158505
14 45 0.180339
14 46 0.199132
14 47 0.214539
14 48 0.22633
14 49 0.234369
14 50 0.238496
14 51 0.238523
14 52 0.234589
14 53 0.226717
14 54 0.215051
14 55 0.199786
14 56 0.18109
14 57 0.159321
14 58 0.134858
14 59 0.108085
14 60 0.0794562
14 61 0.0494212
14 62 0.0185735
14 63 -0.0127716
14 64 -0.04408
14 65 -0.0747329
14 66 -0.104331
14 67 -0.132289
14 68 -0.15816
14 69 -0.181562
14 70 -0.202104
14 71 -0.219433
14 72 -0.233297
14 73 -0.243494
14 74 -0.249817
14 75 -0.25218
14 76 -0.250497
14 77 -0.244898
14 78 -0.235413
14 79 -0.222162
14 80 -0.205429
14 81 -0.185548
14 82 -0.162741
14 83 -0.137374
14 84 -0.109941
14 85 -0.0808253
14 86 -0.0505275
14 87 -0.0196497
14 88 0.0114462
14 89 0.0422394
14 90 0.0720816
14 91 0.100549
14 92 0.127294
14 93 0.151767
14 94 0.173495
14 95 0.192265
14 96 0.207719
14 97 0.219612
14 98 0.227672
14 99 0.231875
14 100 0.0288239
14 101 0

15 0 0
15 1 0.0252298
15 2 0.202945
15 3 0.198731
15 4 0.190563
15 5 0.178659
15 6 0.163125
15 7 0.14427
15 8 0.122346
15 9 0.0977832
15 10 0.0708952
15 11 0.0422211
15 12 0.0122012
15 13 -0.0187359
15 14 -0.0501089
15 15 -0.081287
15 16 -0.111757
15 17 -0.141128
15 18 -0.168859
15 19 -0.194466
15 20 -0.21758
15 21 -0.237812
15 22 -0.254831
15 23 -0.268309
15 24 -0.27809
15 25 -0.28397
15 26 -0.285855
15 27 -0.283704
15 28 -0.277598
15 29 -0.267639
15 30 -0.253948
15 31 -0.236785
15 32 -0.216423
15 33 -0.193154
15 34 -0.167436
15 35 -0.139601
15 36 -0.110154
15 37 -0.07964
15 38 -0.0484554
15 39 -0.0171629
15 40 0.0138025
15 41 0.0438362
15 42 0.0725472
15 43 0.099321
15 44 0.123765
15 45 0.145531
15 46 0.164293
15 47 0.179696
15 48 0.19148
15 49 0.199501
15 50 0.203603
15 51 0.203629
15 52 0.199667
15 53 0.19176
15 54 0.180067
15 55 0.164779
15 56 0.146086
15 57 0.124337
15 58 0.0999106
15 59 0.07313
15 60 0.0445255
15 61 0.014537
15 62 -0.016283
15 63 -0.0476091
15 64 -0.0788324
15 65 -0.10943
15 66 -0.13891
15 67 -0.166811
15 68 -0.192622
15 69 -0.215922
15 70 -0.236363
15 71 -0.253565
15 72 -0.267315
15 73 -0.277388
15 74 -0.283575
15 75 -0.285817
15 76 -0.284009
15 77 -0.278222
15 78 -0.268562
15 79 -0.255092
15 80 -0.238177
15 81 -0.21807
15 82 -0.195067
15 83 -0.16952
15 84 -0.141919
15 85 -0.112633
15 86 -0.0821197
15 87 -0.051033
15 88 -0.019794
15 89 0.0111727
15 90 0.0411469
15 91 0.0696994
15 92 0.0965482
15 93 0.121145
15 94 0.142965
15 95 0.161834
15 96 0.177332
15 97 0.189239
15 98 0.197317
15 99 0.201526
15 100 0.0250531
15 101 0

16 0 0
16 1 0.0215894
16 2 0.173668
16 3 0.169473
16 4 0.161277
16 5 0.149315
16 6 0.133748
16 7 0.114815
16 8 0.0927959
16 9 0.0681347
16 10 0.0411328
16 11 0.0123248
16 12 -0.017848
16 13 -0.0489168
16 14 -0.0804371
16 15 -0.111757
16 16 -0.142437
16 17 -0.171968
16 18 -0.19985
16 19 -0.225688
16 20 -0.248982
16 21 -0.2694
16 22 -0.286591
16 23 -0.300287
16 24 -0.310207
16 25 -0.316257
16 26 -0.318308
16 27 -0.316323
16 28 -0.310348
16 29 -0.300517
16 30 -0.286944
16 31 -0.269942
16 32 -0.24969
16 33 -0.226548
16 34 -0.20094
16 35 -0.173221
16 36 -0.143851
16 37 -0.113378
16 38 -0.0822302
16 39 -0.050963
16 40 -0.020108
16 41 0.00989531
16 42 0.0385287
16 43 0.065302
16 44 0.0897442
16 45 0.11148
16 46 0.130222
16 47 0.145545
16 48 0.157345
16 49 0.165307
16 50 0.169339
16 51 0.169373
16 52 0.165433
16 53 0.157497
16 54 0.145764
16 55 0.130467
16 56 0.111812
16 57 0.0900525
16 58 0.0656461
16 59 0.0389201
16 60 0.0102983
16 61 -0.0196732
16 62 -0.0505384
16 63 -0.0818408
16 64 -0.113028
16 65 -0.14357
16 66 -0.172932
16 67 -0.200726
16 68 -0.226454
16 69 -0.249675
16 70 -0.269996
16 71 -0.287111
16 72 -0.300713
16 73 -0.310642
16 74 -0.31673
16 75 -0.318804
16 76 -0.316827
16 77 -0.310877
16 78 -0.301008
16 79 -0.287396
16 80 -0.270305
16 81 -0.250003
16 82 -0.226734
16 83 -0.201008
16 84 -0.173182
16 85 -0.143747
16 86 -0.113069
16 87 -0.0817402
16 88 -0.0503576
16 89 -0.0192712
16 90 0.0108532
16 91 0.0396214
16 92 0.0665563
16 93 0.091234
16 94 0.113162
16 95 0.132106
16 96 0.147685
16 97 0.159602
16 98 0.167725
16 99 0.171917
16 100 0.0213711
16 101 0

17 0 0
17 1 0.0181051
17 2 0.145608
17 3 0.141381
17 4 0.133164
17 5 0.121189
17 6 0.105607
17 7 0.0865581
17 8 0.0644607
17 9 0.0396776
17 10 0.0125858
17 11 -0.0163511
17 12 -0.0467083
17 13 -0.0779625
17 14 -0.109632
17 15 -0.141128
17 16 -0.171968
17 17 -0.201678
17 18 -0.229744
17 19 -0.255766
17 20 -0.279269
17 21 -0.2999
17 22 -0.317262
17 23 -0.331084
17 24 -0.341178
17 25 -0.347374
17 26 -0.349608
17 27 -0.347783
17 28 -0.341972
17 29 -0.33226
17 30 -0.318836
17 31 -0.301956
17 32 -0.28179
17 33 -0.258744
17 34 -0.23323
17 35 -0.20559
17 36 -0.176338
17 37 -0.145929
17 38 -0.114786
17 39 -0.0835679
17 40 -0.0527646
17 41 -0.022826
17 42 0.00573281
17 43 0.0324896
17 44 0.056948
17 45 0.078679
17 46 0.0973796
17 47 0.112731
17 48 0.124516
17 49 0.132427
17 50 0.13638
17 51 0.136426
17 52 0.132492
17 53 0.124555
17 54 0.112814
17 55 0.0974775
17 56 0.0788043
17 57 0.0570344
17 58 0.0326073
17 59 0.00590776
17 60 -0.0227105
17 61 -0.0526924
17 62 -0.0835552
17 63 -0.114838
17 64 -0.145996
17 65 -0.176487
17 66 -0.205782
17 67 -0.233472
17 68 -0.259127
17 69 -0.282263
17 70 -0.302483
17 71 -0.319505
17 72 -0.332974
17 73 -0.34275
17 74 -0.348722
17 75 -0.350634
17 76 -0.348491
17 77 -0.342333
17 78 -0.332258
17 79 -0.318521
17 80 -0.301302
17 81 -0.280775
17 82 -0.257295
17 83 -0.231351
17 84 -0.203319
17 85 -0.173694
17 86 -0.142849
17 87 -0.111333
17 88 -0.0797662
17 89 -0.0485399
17 90 -0.0182091
17 91 0.0107071
17 92 0.0377822
17 93 0.0625468
17 94 0.0845788
17 95 0.103624
17 96 0.119259
17 97 0.131195
17 98 0.139358
17 99 0.143542
17 100 0.0178439
17 101 0

18 0 0
18 1 0.0148264
18 2 0.119228
18 3 0.114992
18 4 0.10674
18 5 0.0947473
18 6 0.0791016
18 7 0.0599662
18 8 0.0378127
18 9 0.0129277
18 10 -0.0142911
18 11 -0.0433956
18 12 -0.073943
18 13 -0.105373
18 14 -0.137168
18 15 -0.168859
18 16 -0.19985
18 17 -0.229744
18 18 -0.258057
18 19 -0.28426
18 20 -0.307953
18 21 -0.328738
18 22 -0.346256
18 23 -0.360215
18 24 -0.370509
18 25 -0.376872
18 26 -0.379273
18 27 -0.377617
18 28 -0.371996
18 29 -0.3624
18 30 -0.349097
18 31 -0.332299
18 32 -0.312221
18 33 -0.289255
18 34 -0.263828
18 35 -0.236234
18 36 -0.207028
18 37 -0.176688
18 38 -0.145626
18 39 -0.114484
18 40 -0.0836965
18 41 -0.0537681
18 42 -0.0252571
18 43 0.00148192
18 44 0.0259228
18 45 0.047627
18 46 0.0663403
18 47 0.0817115
18 48 0.0934919
18 49 0.101407
18 50 0.105308
18 51 0.105302
18 52 0.101336
18 53 0.0934177
18 54 0.0816664
18 55 0.0663254
18 56 0.0476179
18 57 0.0258078
18 58 0.0013528
18 59 -0.0253607
18 60 -0.0539832
18 61 -0.0839748
18 62 -0.114823
18 63 -0.146068
18 64 -0.177167
18 65 -0.207632
18 66 -0.236879
18 67 -0.26449
18 68 -0.290112
18 69 -0.313172
18 70 -0.333321
18 71 -0.350257
18 72 -0.363605
18 73 -0.373212
18 74 -0.379019
18 75 -0.380765
18 76 -0.37849
18 77 -0.372158
18 78 -0.361915
18 79 -0.347988
18 80 -0.330633
18 81 -0.309913
18 82 -0.286223
18 83 -0.260056
18 84 -0.23183
18 85 -0.20195
18 86 -0.170925
18 87 -0.139285
18 88 -0.107522
18 89 -0.0761422
18 90 -0.0456294
18 91 -0.0165221
18 92 0.0107112
18 93 0.0355857
18 94 0.0577173
18 95 0.0768014
18 96 0.0924763
18 97 0.104503
18 98 0.112693
18 99 0.116887
18 100 0.014532
18 101 0

19 0 0
19 1 0.0118099
19 2 0.0949636
19 3 0.0907334
19 4 0.0824574
19 5 0.0703934
19 6 0.0546758
19 7 0.035473
19 8 0.0132606
19 9 -0.011762
19 10 -0.0390883
19 11 -0.0683444
19 12 -0.0990361
19 13 -0.130634
19 14 -0.162591
19 15 -0.194466
19 16 -0.225688
19 17 -0.255766
19 18 -0.28426
19 19 -0.310664
19 20 -0.334493
19 21 -0.355482
19 22 -0.373179
19 23 -0.38734
19 24 -0.397808
19 25 -0.404317
19 26 -0.406852
19 27 -0.405359
19 28 -0.399871
19 29 -0.390412
19 30 -0.377156
19 31 -0.360493
19 32 -0.340517
19 33 -0.317655
19 34 -0.292317
19 35 -0.264799
19 36 -0.235613
19 37 -0.205248
19 38 -0.174297
19 39 -0.143186
19 40 -0.112398
19 41 -0.0824188
19 42 -0.0539229
19 43 -0.0272182
19 44 -0.00283178
19 45 0.0188885
19 46 0.0375967
19 47 0.0529466
19 48 0.0646688
19 49 0.0725961
19 50 0.0765641
19 51 0.0764988
19 52 0.0725024
19 53 0.0645776
19 54 0.052797
19 55 0.0374132
19 56 0.018681
19 57 -0.00314898
19 58 -0.0276385
19 59 -0.0543245
19 60 -0.0829849
19 61 -0.112965
19 62 -0.143859
19 63 -0.175079
19 64 -0.206185
19 65 -0.236616
19 66 -0.265834
19 67 -0.293415
19 68 -0.318937
19 69 -0.341889
19 70 -0.361928
19 71 -0.378809
19 72 -0.392083
19 73 -0.401584
19 74 -0.407204
19 75 -0.408792
19 76 -0.406383
19 77 -0.399958
19 78 -0.389542
19 79 -0.375392
19 80 -0.357775
19 81 -0.336877
19 82 -0.313005
19 83 -0.286665
19 84 -0.258229
19 85 -0.22815
19 86 -0.196927
19 87 -0.165085
19 88 -0.133132
19 89 -0.101601
19 90 -0.0709293
19 91 -0.0416358
19 92 -0.014218
19 93 0.0107776
19 94 0.0330118
19 95 0.0521405
19 96 0.0678498
19 97 0.0799115
19 98 0.088192
19 99 0.0923981
19 100 0.0114888
19 101 0

20 0 0
20 1 0.00910746
20 2 0.0732303
20 3 0.0690101
20 4 0.0607256
20 5 0.0486265
20 6 0.0328304
20 7 0.0135501
20 8 -0.00881109
20 9 -0.0339574
20 10 -0.0613968
20 11 -0.0907902
20 12 -0.121639
20 13 -0.153426
20 14 -0.185541
20 15 -0.21758
20 16 -0.248982
20 17 -0.279269
20 18 -0.307953
20 19 -0.334493
20 20 -0.358514
20 21 -0.379694
20 22 -0.397589
20 23 -0.411921
20 24 -0.42254
20 25 -0.429193
20 26 -0.4319
20 27 -0.430512
20 28 -0.425161
20 29 -0.415783
20 30 -0.402673
20 31 -0.386091
20 32 -0.366191
20 33 -0.343378
20 34 -0.318084
20 35 -0.290631
20 36 -0.261487
20 37 -0.231191
20 38 -0.200288
20 39 -0.169201
20 40 -0.138399
20 41 -0.108402
20 42 -0.0798806
20 43 -0.0531801
20 44 -0.0287627
20 45 -0.00703649
20 46 0.0116386
20 47 0.0269437
20 48 0.03864
20 49 0.0465777
20 50 0.0505771
20 51 0.0504922
20 52 0.0464406
20 53 0.0385093
20 54 0.0267159
20 55 0.0112811
20 56 -0.00750105
20 57 -0.0293412
20 58 -0.053839
20 59 -0.0806013
20 60 -0.109272
20 61 -0.139264
20 62 -0.17016
20 63 -0.2014
20 64 -0.232493
20 65 -0.26289
20 66 -0.292098
20 67 -0.319639
20 68 -0.34506
20 69 -0.36795
20 70 -0.387943
20 71 -0.404741
20 72 -0.417944
20 73 -0.42731
20 74 -0.432816
20 75 -0.434243
20 76 -0.431715
20 77 -0.42514
20 78 -0.414589
20 79 -0.400215
20 80 -0.382355
20 81 -0.361271
20 82 -0.337255
20 83 -0.310714
20 84 -0.28208
20 85 -0.251802
20 86 -0.220388
20 87 -0.188369
20 88 -0.156205
20 89 -0.124463
20 90 -0.0936117
20 91 -0.064206
20 92 -0.036656
20 93 -0.0115192
20 94 0.0108633
20 95 0.0301165
20 96 0.0458726
20 97 0.0579756
20 98 0.0662413
20 99 0.0704825
20 100 0.00876835
20 101 0

21 0 0
21 1 0.0067649
21 2 0.0544043
21 3 0.050207
21 4 0.0419167
21 5 0.0297653
21 6 0.0138997
21 7 -0.00548634
21 8 -0.0279726
21 9 -0.0532164
21 10 -0.0808021
21 11 -0.110327
21 12 -0.141354
21 13 -0.17329
21 14 -0.205623
21 15 -0.237812
21 16 -0.2694
21 17 -0.2999
21 18 -0.328738
21 19 -0.355482
21 20 -0.379694
21 21 -0.401013
21 22 -0.419049
21 23 -0.433553
21 24 -0.444322
21 25 -0.451195
21 26 -0.454028
21 27 -0.452787
21 28 -0.447461
21 29 -0.438232
21 30 -0.425231
21 31 -0.408729
21 32 -0.388908
21 33 -0.366129
21 34 -0.34085
21 35 -0.313413
21 36 -0.284343
21 37 -0.254087
21 38 -0.223153
21 39 -0.192071
21 40 -0.161298
21 41 -0.131303
21 42 -0.102753
21 43 -0.0760373
21 44 -0.0515806
21 45 -0.029807
21 46 -0.0111313
21 47 0.0041934
21 48 0.0158915
21 49 0.0237928
21 50 0.0277669
21 51 0.0276501
21 52 0.0236038
21 53 0.0156337
21 54 0.00379643
21 55 -0.011657
21 56 -0.0304974
21 57 -0.0523354
21 58 -0.0768785
21 59 -0.103715
21 60 -0.132423
21 61 -0.162415
21 62 -0.19333
21 63 -0.224617
21 64 -0.255686
21 65 -0.286077
21 66 -0.315289
21 67 -0.342814
21 68 -0.368201
21 69 -0.39106
21 70 -0.41103
21 71 -0.427722
21 72 -0.440808
21 73 -0.450088
21 74 -0.455424
21 75 -0.456776
21 76 -0.454053
21 77 -0.447315
21 78 -0.436597
21 79 -0.422125
21 80 -0.404093
21 81 -0.3828
21 82 -0.358608
21 83 -0.33187
21 84 -0.303002
21 85 -0.272535
21 86 -0.240892
21 87 -0.208665
21 88 -0.176318
21 89 -0.144334
21 90 -0.11338
21 91 -0.0838406
21 92 -0.0561703
21 93 -0.0308601
21 94 -0.00834575
21 95 0.0110056
21 96 0.0268699
21 97 0.0390306
21 98 0.0473022
21 99 0.0515164
21 100 0.00640716
21 101 0

22 0 0
22 1 0.00482619
22 2 0.0388258
22 3 0.0346464
22 4 0.0263283
22 5 0.014086
22 6 -0.00187059
22 7 -0.0213379
22 8 -0.0439331
22 9 -0.0692747
22 10 -0.0970274
22 11 -0.126718
22 12 -0.157849
22 13 -0.189919
22 14 -0.222425
22 15 -0.254831
22 16 -0.286591
22 17 -0.317262
22 18 -0.346256
22 19 -0.373179
22 20 -0.397589
22 21 -0.419049
22 22 -0.437268
22 23 -0.451968
22 24 -0.462853
22 25 -0.469881
22 26 -0.472869
22 27 -0.471728
22 28 -0.466515
22 29 -0.45739
22 30 -0.444435
22 31 -0.427991
22 32 -0.408201
22 33 -0.385476
22 34 -0.36023
22 35 -0.332804
22 36 -0.303752
22 37 -0.273512
22 38 -0.242553
22 39 -0.211462
22 40 -0.180664
22 41 -0.150685
22 42 -0.122084
22 43 -0.0953363
22 44 -0.0708619
22 45 -0.0490866
22 46 -0.0304109
22 47 -0.0150443
22 48 -0.00331613
22 49 0.00454666
22 50 0.00848445
22 51 0.00835561
22 52 0.00431061
22 53 -0.00369725
22 54 -0.0155602
22 55 -0.0310201
22 56 -0.0498802
22 57 -0.071757
22 58 -0.0963715
22 59 -0.123266
22 60 -0.151993
22 61 -0.182075
22 62 -0.213042
22 63 -0.244389
22 64 -0.275433
22 65 -0.305796
22 66 -0.335047
22 67 -0.362576
22 68 -0.387919
22 69 -0.410759
22 70 -0.430658
22 71 -0.447282
22 72 -0.460277
22 73 -0.46949
22 74 -0.474745
22 75 -0.475987
22 76 -0.473111
22 77 -0.466175
22 78 -0.455333
22 79 -0.440734
22 80 -0.422507
22 81 -0.401018
22 82 -0.376648
22 83 -0.349691
22 84 -0.320599
22 85 -0.28996
22 86 -0.25812
22 87 -0.2257
22 88 -0.193169
22 89 -0.161018
22 90 -0.129893
22 91 -0.100237
22 92 -0.0724157
22 93 -0.0469477
22 94 -0.0243184
22 95 -0.00485124
22 96 0.011137
22 97 0.0233687
22 98 0.0316591
22 99 0.0358457
22 100 0.00445573
22 101 0

23 0 0
23 1 0.00332695
23 2 0.0267587
23 3 0.0225767
23 4 0.0141936
23 5 0.00188123
23 6 -0.014149
23 7 -0.0336847
23 8 -0.056363
23 9 -0.081839
23 10 -0.109782
23 11 -0.139594
23 12 -0.170817
23 13 -0.203026
23 14 -0.235714
23 15 -0.268309
23 16 -0.300287
23 17 -0.331084
23 18 -0.360215
23 19 -0.38734
23 20 -0.411921
23 21 -0.433553
23 22 -0.451968
23 23 -0.466806
23 24 -0.477812
23 25 -0.484975
23 26 -0.488077
23 27 -0.487049
23 28 -0.481943
23 29 -0.472929
23 30 -0.460061
23 31 -0.443614
23 32 -0.423857
23 33 -0.401156
23 34 -0.375942
23 35 -0.348528
23 36 -0.31948
23 37 -0.289211
23 38 -0.258231
23 39 -0.227098
23 40 -0.196245
23 41 -0.166243
23 42 -0.13759
23 43 -0.1108
23 44 -0.0863457
23 45 -0.0645535
23 46 -0.0458441
23 47 -0.0304651
23 48 -0.0187261
23 49 -0.0108348
23 50 -0.00692578
23 51 -0.00704497
23 52 -0.0111096
23 53 -0.0191739
23 54 -0.0310951
23 55 -0.0465402
23 56 -0.0654248
23 57 -0.0873534
23 58 -0.112053
23 59 -0.139001
23 60 -0.167765
23 61 -0.197937
23 62 -0.228959
23 63 -0.260341
23 64 -0.291387
23 65 -0.321778
23 66 -0.351074
23 67 -0.378616
23 68 -0.40399
23 69 -0.426792
23 70 -0.446651
23 71 -0.463187
23 72 -0.476146
23 73 -0.485279
23 74 -0.490427
23 75 -0.491572
23 76 -0.488555
23 77 -0.481482
23 78 -0.470463
23 79 -0.455686
23 80 -0.437301
23 81 -0.415615
23 82 -0.391071
23 83 -0.363937
23 84 -0.334665
23 85 -0.303832
23 86 -0.271796
23 87 -0.23914
23 88 -0.20641
23 89 -0.174132
23 90 -0.142847
23 91 -0.113011
23 92 -0.0850838
23 93 -0.0594923
23 94 -0.0367409
23 95 -0.0171489
23 96 -0.00108238
23 97 0.0112454
23 98 0.0195569
23 99 0.0237482
23 100 0.00295205
23 101 0

24 0 0
24 1 0.00228794
24 2 0.0184094
24 3 0.0142251
24 4 0.00580196
24 5 -0.00656655
24 6 -0.0226578
24 7 -0.0422788
24 8 -0.0650225
24 9 -0.0906852
24 10 -0.118757
24 11 -0.148732
24 12 -0.180088
24 13 -0.212443
24 14 -0.245292
24 15 -0.27809
24 16 -0.310207
24 17 -0.341178
24 18 -0.370509
24 19 -0.397808
24 20 -0.42254
24 21 -0.444322
24 22 -0.462853
24 23 -0.477812
24 24 -0.489019
24 25 -0.49631
24 26 -0.499546
24 27 -0.498604
24 28 -0.493605
24 29 -0.484615
24 30 -0.471806
24 31 -0.455383
24 32 -0.435654
24 33 -0.412969
24 34 -0.387726
24 35 -0.360301
24 36 -0.331177
24 37 -0.300831
24 38 -0.269788
24 39 -0.238615
24 40 -0.207754
24 41 -0.177715
24 42 -0.149091
24 43 -0.122236
24 44 -0.097695
24 45 -0.0758284
24 46 -0.057081
24 47 -0.0417006
24 48 -0.0300094
24 49 -0.0221385
24 50 -0.018203
24 51 -0.0182879
24 52 -0.02236
24 53 -0.0304492
24 54 -0.0424093
24 55 -0.0579204
24 56 -0.0768555
24 57 -0.0988318
24 58 -0.12359
24 59 -0.150626
24 60 -0.179488
24 61 -0.209693
24 62 -0.240784
24 63 -0.272145
24 64 -0.303293
24 65 -0.33376
24 66 -0.36307
24 67 -0.390679
24 68 -0.416077
24 69 -0.438902
24 70 -0.458745
24 71 -0.475227
24 72 -0.488148
24 73 -0.497221
24 74 -0.502312
24 75 -0.50331
24 76 -0.500177
24 77 -0.492974
24 78 -0.481819
24 79 -0.466827
24 80 -0.448261
24 81 -0.426437
24 82 -0.401684
24 83 -0.374382
24 84 -0.344941
24 85 -0.313926
24 86 -0.281682
24 87 -0.248844
24 88 -0.215972
24 89 -0.183515
24 90 -0.152024
24 91 -0.12197
24 92 -0.0938516
24 93 -0.0682174
24 94 -0.0453579
24 95 -0.0257248
24 96 -0.00955384
24 97 0.00284419
24 98 0.011221
24 99 0.0154374
24 100 0.00192049
24 101 0

25 0 0
25 1 0.00173011
25 2 0.0139243
25 3 0.00972802
25 4 0.0012806
25 5 -0.0111257
25 6 -0.0273082
25 7 -0.0470051
25 8 -0.069862
25 9 -0.0956464
25 10 -0.123841
25 11 -0.153935
25 12 -0.185472
25 13 -0.217995
25 14 -0.251018
25 15 -0.28397
25 16 -0.316257
25 17 -0.347374
25 18 -0.376872
25 19 -0.404317
25 20 -0.429193
25 21 -0.451195
25 22 -0.469881
25 23 -0.484975
25 24 -0.49631
25 25 -0.503715
25 26 -0.507024
25 27 -0.506186
25 28 -0.501193
25 29 -0.492219
25 30 -0.479443
25 31 -0.463094
25 32 -0.443401
25 33 -0.420687
25 34 -0.39542
25 35 -0.367964
25 36 -0.338772
25 37 -0.308304
25 38 -0.277184
25 39 -0.245962
25 40 -0.215037
25 41 -0.184952
25 42 -0.15627
25 43 -0.129365
25 44 -0.104764
25 45 -0.082846
25 46 -0.0640574
25 47 -0.0486404
25 48 -0.036919
25 49 -0.0290023
25 50 -0.0249947
25 51 -0.0250943
25 52 -0.0292348
25 53 -0.0374278
25 54 -0.049415
25 55 -0.0649843
25 56 -0.0840484
25 57 -0.106054
25 58 -0.130835
25 59 -0.157935
25 60 -0.186847
25 61 -0.217146
25 62 -0.248312
25 63 -0.279743
25 64 -0.310995
25 65 -0.341595
25 66 -0.37094
25 67 -0.398598
25 68 -0.424046
25 69 -0.446858
25 70 -0.466719
25 71 -0.483195
25 72 -0.496079
25 73 -0.505088
25 74 -0.510103
25 75 -0.511045
25 76 -0.507792
25 77 -0.500486
25 78 -0.489183
25 79 -0.474041
25 80 -0.455336
25 81 -0.433315
25 82 -0.408335
25 83 -0.380848
25 84 -0.35125
25 85 -0.320031
25 86 -0.287623
25 87 -0.254631
25 88 -0.221579
25 89 -0.188957
25 90 -0.157258
25 91 -0.127014
25 92 -0.0988013
25 93 -0.0730149
25 94 -0.0500251
25 95 -0.0303011
25 96 -0.0140972
25 97 -0.00162215
25 98 0.00678706
25 99 0.0110503
25 100 0.00137884
25 101 0

26 0 0
26 1 0.00166843
26 2 0.0133996
26 3 0.00915178
26 4 0.000713786
26 5 -0.0117895
26 6 -0.028004
26 7 -0.0477889
26 8 -0.0707786
26 9 -0.0966656
26 10 -0.124941
26 11 -0.155166
26 12 -0.186902
26 13 -0.219603
26 14 -0.252725
26 15 -0.285855
26 16 -0.318308
26 17 -0.349608
26 18 -0.379273
26 19 -0.406852
26 20 -0.4319
26 21 -0.454028
26 22 -0.472869
26 23 -0.488077
26 24 -0.499546
26 25 -0.507024
26 26 -0.510384
26 27 -0.509578
26 28 -0.50467
26 29 -0.495717
26 30 -0.482969
26 31 -0.466603
26 32 -0.446864
26 33 -0.424125
26 34 -0.398795
26 35 -0.371301
26 36 -0.342044
26 37 -0.311562
26 38 -0.280335
26 39 -0.24901
26 40 -0.218028
