0 0 0
0 1 0
0 2 0
0 3 0
0 4 0
0 5 0
0 6 0
0 7 0
0 8 0
0 9 0
0 10 0
0 11 0
0 12 0
0 13 0
0 14 0
0 15 0
0 16 0
0 17 0
0 18 0
0 19 0
0 20 0
0 21 0
0 22 0
0 23 0
0 24 0
0 25 0
0 26 0
0 27 0
0 28 0
0 29 0
0 30 0
0 31 0
0 32 0
0 33 0
0 34 0
0 35 0
0 36 0
0 37 0
0 38 0
0 39 0
0 40 0
0 41 0
0 42 0
0 43 0
0 44 0
0 45 0
0 46 0
0 47 0
0 48 0
0 49 0
0 50 0
0 51 0
0 52 0
0 53 0
0 54 0
0 55 0
0 56 0
0 57 0
0 58 0
0 59 0
0 60 0
0 61 0
0 62 0
0 63 0
0 64 0
0 65 0
0 66 0
0 67 0
0 68 0
0 69 0
0 70 0
0 71 0
0 72 0
0 73 0
0 74 0
0 75 0
0 76 0
0 77 0
0 78 0
0 79 0
0 80 0
0 81 0
0 82 0
0 83 0
0 84 0
0 85 0
0 86 0
0 87 0
0 88 0
0 89 0
0 90 0
0 91 0
0 92 0
0 93 0
0 94 0
0 95 0
0 96 0
0 97 0
0 98 0
0 99 0
0 100 0
0 101 0

1 0 0
1 1 0
1 2 0.0708476
1 3 0.0701981
1 4 0.0689886
1 5 0.0672579
1 6 0.064994
1 7 0.0622365
1 8 0.0590415
1 9 0.0554787
1 10 0.0515897
1 11 0.0474405
1 12 0.0431079
1 13 0.0386592
1 14 0.0341633
1 15 0.0296938
1 16 0.0253669
1 17 0.021211
1 18 0.0172538
1 19 0.013637
1 20 0.0104278
1 21 0.00764445
1 22 0.00534187
1 23 0.00357492
1 24 0.00232227
1 25 0.00166302
1 26 0.00157935
1 27 0.00206336
1 28 0.00314398
1 29 0.0047922
1 30 0.00699381
1 31 0.00969462
1 32 0.0128672
1 33 0.0164407
1 34 0.0203664
1 35 0.0245606
1 36 0.0290084
1 37 0.0336005
1 38 0.0383103
1 39 0.0430289
1 40 0.0476752
1 41 0.0521608
1 42 0.0564489
1 43 0.0604624
1 44 0.0641413
1 45 0.0674292
1 46 0.0702821
1 47 0.0726127
1 48 0.0743992
1 49 0.0756268
1 50 0.0762505
1 51 0.0762692
1 52 0.0757014
1 53 0.0745237
1 54 0.0727592
1 55 0.0704758
1 56 0.067705
1 57 0.0644661
1 58 0.0608413
1 59 0.0568833
1 60 0.0526509
1 61 0.0482018
1 62 0.0436168
1 63 0.038943
1 64 0.034265
1 65 0.0296703
1 66 0.0252512
1 67 0.0210039
1 68 0.017082
1 69 0.0135122
1 70 0.0103509
1 71 0.00763951
1 72 0.00544893
1 73 0.00378092
1 74 0.00267217
1 75 0.00213291
1 76 0.00221029
1 77 0.00285942
1 78 0.00405729
1 79 0.00582886
1 80 0.00808305
1 81 0.0108577
1 82 0.0140584
1 83 0.0176395
1 84 0.0215427
1 85 0.0256956
1 86 0.0300257
1 87 0.0344744
1 88 0.0389497
1 89 0.0433806
1 90 0.0477201
1 91 0.0518843
1 92 0.0557823
1 93 0.0593307
1 94 0.062489
1 95 0.0652191
1 96 0.0674501
1 97 0.0691816
1 98 0.0703716
1 99 0.0710144
1 100 0
1 101 0

2 0 0
2 1 0.0708476
2 2 0.569834
2 3 0.564635
2 4 0.554977
2 5 0.540936
2 6 0.522682
2 7 0.500534
2 8 0.474886
2 9 0.44617
2 10 0.414867
2 11 0.381499
2 12 0.346647
2 13 0.310908
2 14 0.274815
2 15 0.238974
2 16 0.204006
2 17 0.170411
2 18 0.138766
2 19 0.109686
2 20 0.083799
2 21 0.0614145
2 22 0.0429463
2 23 0.0286465
2 24 0.0187265
2 25 0.0133608
2 26 0.0126382
2 27 0.0166353
2 28 0.0252728
2 29 0.0385634
2 30 0.0561983
2 31 0.0779442
2 32 0.10338
2 33 0.132123
2 34 0.16365
2 35 0.197479
2 36 0.23321
2 37 0.270268
2 38 0.308111
2 39 0.346057
2 40 0.383419
2 41 0.419571
2 42 0.453996
2 43 0.486254
2 44 0.515832
2 45 0.542275
2 46 0.565157
2 47 0.583957
2 48 0.598371
2 49 0.608144
2 50 0.613162
2 51 0.613353
2 52 0.608701
2 53 0.599254
2 54 0.585196
2 55 0.566812
2 56 0.544462
2 57 0.518453
2 58 0.489316
2 59 0.457488
2 60 0.423425
2 61 0.387673
2 62 0.350732
2 63 0.313163
2 64 0.275594
2 65 0.238613
2 66 0.20288
2 67 0.168928
2 68 0.137321
2 69 0.108608
2 70 0.0831677
2 71 0.0614486
2 72 0.0437443
2 73 0.0303495
2 74 0.0214156
2 75 0.0171987
2 76 0.01768
2 77 0.0228614
2 78 0.0326189
2 79 0.046756
2 80 0.0650998
2 81 0.0873113
2 82 0.11305
2 83 0.141841
2 84 0.173209
2 85 0.206595
2 86 0.241493
2 87 0.277256
2 88 0.313279
2 89 0.348999
2 90 0.383844
2 91 0.417198
2 92 0.448464
2 93 0.477099
2 94 0.502593
2 95 0.524542
2 96 0.542588
2 97 0.556476
2 98 0.56606
2 99 0.571192
2 100 0.0710144
2 101 0

3 0 0
3 1 0.0701981
3 2 0.564635
3 3 0.559488
3 4 0.549865
3 5 0.535647
3 6 0.517339
3 7 0.49523
3 8 0.469637
3 9 0.440876
3 10 0.409569
3 11 0.37624
3 12 0.34144
3 13 0.30577
3 14 0.269799
3 15 0.2341
3 16 0.198977
3 17 0.165248
3 18 0.133798
3 19 0.10482
3 20 0.0788368
3 21 0.0564929
3 22 0.0380396
3 23 0.0236394
3 24 0.0138898
3 25 0.00842257
3 26 0.00766971
3 27 0.011728
3 28 0.0203328
3 29 0.0335762
3 30 0.0511177
3 31 0.0727969
3 32 0.0981102
3 33 0.126784
3 34 0.158217
3 35 0.192128
3 36 0.227749
3 37 0.264918
3 38 0.30264
3 39 0.340551
3 40 0.377849
3 41 0.414018
3 42 0.448375
3 43 0.480528
3 44 0.51002
3 45 0.536441
3 46 0.559152
3 47 0.577993
3 48 0.592449
3 49 0.602114
3 50 0.6071
3 51 0.607319
3 52 0.602576
3 53 0.593177
3 54 0.579299
3 55 0.560946
3 56 0.538525
3 57 0.512646
3 58 0.483554
3 59 0.451778
3 60 0.417759
3 61 0.382051
3 62 0.345083
3 63 0.307605
3 64 0.270103
3 65 0.23318
3 66 0.197297
3 67 0.163608
3 68 0.13203
3 69 0.103334
3 70 0.0779189
3 71 0.0563195
3 72 0.038578
3 73 0.0252206
3 74 0.0163618
3 75 0.0122311
3 76 0.0125995
3 77 0.0177358
3 78 0.0276159
3 79 0.0416879
3 80 0.0602614
3 81 0.0823646
3 82 0.10806
3 83 0.136846
3 84 0.168124
3 85 0.20148
3 86 0.236402
3 87 0.272108
3 88 0.308155
3 89 0.343943
3 90 0.378667
3 91 0.411794
3 92 0.442913
3 93 0.471629
3 94 0.497264
3 95 0.519235
3 96 0.53742
3 97 0.551314
3 98 0.560888
3 99 0.565976
3 100 0.0703585
3 101 0

4 0 0
4 1 0.0689886
4 2 0.554977
4 3 0.549865
4 4 0.540106
4 5 0.525877
4 6 0.50756
4 7 0.485446
4 8 0.459749
4 9 0.431033
4 10 0.399767
4 11 0.3665
4 12 0.331852
4 13 0.296066
4 14 0.260149
4 15 0.224531
4 16 0.189266
4 17 0.155593
4 18 0.124319
4 19 0.0954943
4 20 0.0695123
4 21 0.0470675
4 22 0.0285389
4 23 0.0140595
4 24 0.0040365
4 25 -0.00134066
4 26 -0.00225334
4 27 0.00169424
4 28 0.0104812
4 29 0.0236316
4 30 0.0411182
4 31 0.0628111
4 32 0.0881056
4 33 0.116632
4 34 0.14806
4 35 0.181889
4 36 0.217465
4 37 0.254282
4 38 0.291977
4 39 0.32972
4 40 0.36701
4 41 0.403358
4 42 0.437664
4 43 0.469806
4 44 0.499253
4 45 0.525487
4 46 0.548149
4 47 0.566804
4 48 0.581259
4 49 0.591088
4 50 0.595994
4 51 0.596218
4 52 0.591394
4 53 0.582053
4 54 0.568228
4 55 0.549823
4 56 0.527498
4 57 0.501653
4 58 0.472662
4 59 0.44103
4 60 0.406975
4 61 0.371227
4 62 0.334166
4 63 0.296693
4 64 0.259384
4 65 0.222577
4 66 0.187022
4 67 0.153386
4 68 0.121901
4 69 0.0931076
4 70 0.0677135
4 71 0.0460524
4 72 0.0284156
4 73 0.0151595
4 74 0.00643027
4 75 0.00217828
4 76 0.00265017
4 77 0.00793632
4 78 0.0178044
4 79 0.0320587
4 80 0.0505635
4 81 0.072887
4 82 0.0985159
4 83 0.127199
4 84 0.158491
4 85 0.191894
4 86 0.226682
4 87 0.262393
4 88 0.298403
4 89 0.33406
4 90 0.368839
4 91 0.40199
4 92 0.43309
4 93 0.46176
4 94 0.487227
4 95 0.509282
4 96 0.527563
4 97 0.541477
4 98 0.551079
4 99 0.55625
4 100 0.0691575
4 101 0

5 0 0
5 1 0.0672579
5 2 0.540936
5 3 0.535647
5 4 0.525877
5 5 0.511648
5 6 0.493431
5 7 0.471189
5 8 0.445533
5 9 0.416898
5 10 0.385577
5 11 0.352404
5 12 0.317762
5 13 0.282
5 14 0.24624
5 15 0.210668
5 16 0.175426
5 17 0.141748
5 18 0.110435
5 19 0.0814912
5 20 0.0554213
5 21 0.0329447
5 22 0.0143589
5 23 -0.00016319
5 24 -0.0104301
5 25 -0.0158992
5 26 -0.0168329
5 27 -0.01299
5 28 -0.00412326
5 29 0.00898286
5 30 0.0264799
5 31 0.0481325
5 32 0.073246
5 33 0.10163
5 34 0.133059
5 35 0.166908
5 36 0.202327
5 37 0.239011
5 38 0.276687
5 39 0.314158
5 40 0.35135
5 41 0.387645
5 42 0.421904
5 43 0.454152
5 44 0.483661
5 45 0.509682
5 46 0.532378
5 47 0.550943
5 48 0.565163
5 49 0.574966
5 50 0.579981
5 51 0.580018
5 52 0.575335
5 53 0.566019
5 54 0.552233
5 55 0.533956
5 56 0.511797
5 57 0.485965
5 58 0.456929
5 59 0.425065
5 60 0.391027
5 61 0.355368
5 62 0.318384
5 63 0.281004
5 64 0.24394
5 65 0.207235
5 66 0.171851
5 67 0.138222
5 68 0.106734
5 69 0.0781291
5 70 0.0528628
5 71 0.0312331
5 72 0.0135647
5 73 0.000243848
5 74 -0.00856946
5 75 -0.0126982
5 76 -0.0119579
5 77 -0.00655098
5 78 0.00346572
5 79 0.017808
5 80 0.0361954
5 81 0.0586324
5 82 0.0843437
5 83 0.112983
5 84 0.144452
5 85 0.177943
5 86 0.212596
5 87 0.248308
5 88 0.284306
5 89 0.319859
5 90 0.354598
5 91 0.387711
5 92 0.418801
5 93 0.447431
5 94 0.472922
5 95 0.494993
5 96 0.513324
5 97 0.527204
5 98 0.53687
5 99 0.542072
5 100 0.0673997
5 101 0

6 0 0
6 1 0.064994
6 2 0.522682
6 3 0.517339
6 4 0.50756
6 5 0.493431
6 6 0.475158
6 7 0.452928
6 8 0.427445
6 9 0.398709
6 10 0.367403
6 11 0.33423
6 12 0.299407
6 13 0.263685
6 14 0.227941
6 15 0.192319
6 16 0.157216
6 17 0.123581
6 18 0.0921157
6 19 0.0630745
6 20 0.0367647
6 21 0.0143364
6 22 -0.00430008
6 23 -0.0189281
6 24 -0.0291083
6 25 -0.0347687
6 26 -0.0356969
6 27 -0.0318901
6 28 -0.0232178
6 29 -0.0101692
6 30 0.00731404
6 31 0.028726
6 32 0.0538374
6 33 0.0821325
6 34 0.113415
6 35 0.147204
6 36 0.1826
6 37 0.219266
6 38 0.256687
6 39 0.294152
6 40 0.331222
6 41 0.367264
6 42 0.401683
6 43 0.433781
6 44 0.463263
6 45 0.489455
6 46 0.511854
6 47 0.530401
6 48 0.544534
6 49 0.554186
6 50 0.559297
6 51 0.559399
6 52 0.554735
6 53 0.54537
6 54 0.531552
6 55 0.51345
6 56 0.491242
6 57 0.465536
6 58 0.436544
6 59 0.404537
6 60 0.370561
6 61 0.334997
6 62 0.298112
6 63 0.260837
6 64 0.223845
6 65 0.187291
6 66 0.151894
6 67 0.11837
6 68 0.0869559
6 69 0.0584297
6 70 0.0334061
6 71 0.0116974
6 72 -0.00583568
6 73 -0.0190957
6 74 -0.0277919
6 75 -0.0318121
6 76 -0.0310627
6 77 -0.0256006
6 78 -0.0155207
6 79 -0.00108629
6 80 0.0173408
6 81 0.0397807
6 82 0.0656908
6 83 0.0945753
6 84 0.125973
6 85 0.159399
6 86 0.194187
6 87 0.229798
6 88 0.26573
6 89 0.301446
6 90 0.336163
6 91 0.369384
6 92 0.400587
6 93 0.429073
6 94 0.454676
6 95 0.476673
6 96 0.494859
6 97 0.508838
6 98 0.51846
6 99 0.523672
6 100 0.06511
6 101 0

7 0 0
7 1 0.0622365
7 2 0.500534
7 3 0.49523
7 4 0.485446
7 5 0.471189
7 6 0.452928
7 7 0.430783
7 8 0.405199
7 9 0.376502
7 10 0.345319
7 11 0.312242
7 12 0.2774
7 13 0.241601
7 14 0.205827
7 15 0.170149
7 16 0.134823
7 17 0.101171
7 18 0.0696586
7 19 0.0404885
7 20 0.0143706
7 21 -0.00817758
7 22 -0.0270756
7 23 -0.0417151
7 24 -0.0519518
7 25 -0.0576094
7 26 -0.0586938
7 27 -0.0548734
7 28 -0.0465701
7 29 -0.0335285
7 30 -0.0162793
7 31 0.00497968
7 32 0.0301415
7 33 0.0584375
7 34 0.0894795
7 35 0.123101
7 36 0.158535
7 37 0.195112
7 38 0.232389
7 39 0.269869
7 40 0.306861
7 41 0.342796
7 42 0.3773
7 43 0.409301
7 44 0.438636
7 45 0.464741
7 46 0.487031
7 47 0.50549
7 48 0.519651
7 49 0.529272
7 50 0.534288
7 51 0.534524
7 52 0.529981
7 53 0.520504
7 54 0.506704
7 55 0.4886
7 56 0.466352
7 57 0.440763
7 58 0.411848
7 59 0.379816
7 60 0.345986
7 61 0.310431
7 62 0.273572
7 63 0.236404
7 64 0.199349
7 65 0.162813
7 66 0.127553
7 67 0.0941823
7 68 0.0628802
7 69 0.0343984
7 70 0.00942293
7 71 -0.0121613
7 72 -0.0296713
7 73 -0.0425793
7 74 -0.0511425
7 75 -0.0550365
7 76 -0.0542725
7 77 -0.0486967
7 78 -0.0387359
7 79 -0.0241229
7 80 -0.00558195
7 81 0.0168587
7 82 0.042996
7 83 0.0719886
7 84 0.103396
7 85 0.13678
7 86 0.171657
7 87 0.207488
7 88 0.243365
7 89 0.279048
7 90 0.313792
7 91 0.347122
7 92 0.378452
7 93 0.40694
7 94 0.432339
7 95 0.454278
7 96 0.472521
7 97 0.486506
7 98 0.496171
7 99 0.501354
7 100 0.062334
7 101 0

8 0 0
8 1 0.0590415
8 2 0.474886
8 3 0.469637
8 4 0.459749
8 5 0.445533
8 6 0.427445
8 7 0.405199
8 8 0.379409
8 9 0.350861
8 10 0.31967
8 11 0.286559
8 12 0.251845
8 13 0.216039
8 14 0.180078
8 15 0.144396
8 16 0.10903
8 17 0.0752369
8 18 0.0436654
8 19 0.0143939
8 20 -0.0116345
8 21 -0.0343889
8 22 -0.0533502
8 23 -0.068204
8 24 -0.0785746
8 25 -0.0842899
8 26 -0.0854785
8 27 -0.0817797
8 28 -0.0735303
8 29 -0.0606808
8 30 -0.0437255
8 31 -0.0224561
8 32 0.002587
8 33 0.0307867
8 34 0.061724
8 35 0.0951799
8 36 0.130576
8 37 0.167089
8 38 0.204366
8 39 0.24172
8 40 0.278607
8 41 0.314565
8 42 0.348862
8 43 0.380912
8 44 0.410206
8 45 0.436162
8 46 0.458504
8 47 0.476799
8 48 0.490948
8 49 0.500519
8 50 0.505441
8 51 0.505657
8 52 0.501281
8 53 0.491789
8 54 0.478013
8 55 0.459946
8 56 0.437836
8 57 0.412126
8 58 0.383179
8 59 0.351303
8 60 0.317445
8 61 0.281893
8 62 0.245212
8 63 0.208223
8 64 0.171072
8 65 0.134415
8 66 0.0992435
8 67 0.0659774
8 68 0.0348093
8 69 0.00647874
8 70 -0.0184584
8 71 -0.0397366
8 72 -0.0571393
8 73 -0.0700208
8 74 -0.0784457
8 75 -0.0821725
8 76 -0.081235
8 77 -0.0756867
8 78 -0.065469
8 79 -0.0507698
8 80 -0.0321958
8 81 -0.00969278
8 82 0.0166149
8 83 0.045653
8 84 0.0772129
8 85 0.110669
8 86 0.145575
8 87 0.181514
8 88 0.217515
8 89 0.253178
8 90 0.287923
8 91 0.321254
8 92 0.352512
8 93 0.381093
8 94 0.406429
8 95 0.428469
8 96 0.44681
8 97 0.460765
8 98 0.47034
8 99 0.475534
8 100 0.0591296
8 101 0

9 0 0
9 1 0.0554787
9 2 0.44617
9 3 0.440876
9 4 0.431033
9 5 0.416898
9 6 0.398709
9 7 0.376502
9 8 0.350861
9 9 0.322206
9 10 0.291085
9 11 0.257867
9 12 0.223074
9 13 0.187286
9 14 0.151143
9 15 0.115299
9 16 0.0799707
9 17 0.0461606
9 18 0.0144632
9 19 -0.0148627
9 20 -0.0411174
9 21 -0.0638934
9 22 -0.0829503
9 23 -0.097984
9 24 -0.108486
9 25 -0.114275
9 26 -0.115572
9 27 -0.112013
9 28 -0.103932
9 29 -0.0912374
9 30 -0.0742761
9 31 -0.0531372
9 32 -0.0282896
9 33 -0.00023914
9 34 0.0306494
9 35 0.06392
9 36 0.0990932
9 37 0.135632
9 38 0.172728
9 39 0.210074
9 40 0.246974
9 41 0.282879
9 42 0.316989
9 43 0.348942
9 44 0.378231
9 45 0.404172
9 46 0.426523
9 47 0.444952
9 48 0.459004
9 49 0.468462
9 50 0.473314
9 51 0.47359
9 52 0.469187
9 53 0.459797
9 54 0.445918
9 55 0.427863
9 56 0.405745
9 57 0.380014
9 58 0.351088
9 59 0.319352
9 60 0.285509
9 61 0.249962
9 62 0.213265
9 63 0.176313
9 64 0.139132
9 65 0.102619
9 66 0.0676015
9 67 0.0344096
9 68 0.00342605
9 69 -0.0246929
9 70 -0.0496461
9 71 -0.0708519
9 72 -0.0880881
9 73 -0.100836
9 74 -0.109109
9 75 -0.112602
9 76 -0.111567
9 77 -0.106007
9 78 -0.0955898
9 79 -0.0807978
9 80 -0.06217
9 81 -0.0394567
9 82 -0.0130387
9 83 0.0160101
9 84 0.0475353
9 85 0.0812113
9 86 0.116239
9 87 0.152227
9 88 0.188333
9 89 0.224212
9 90 0.259122
9 91 0.292408
9 92 0.323627
9 93 0.35212
9 94 0.377625
9 95 0.399557
9 96 0.417779
9 97 0.431859
9 98 0.44146
9 99 0.446694
9 100 0.0555463
9 101 0

10 0 0
10 1 0.0515897
10 2 0.414867
10 3 0.409569
10 4 0.399767
10 5 0.385577
10 6 0.367403
10 7 0.345319
10 8 0.31967
10 9 0.291085
10 10 0.260134
10 11 0.226893
10 12 0.192013
10 13 0.156194
10 14 0.119889
10 15 0.0838394
10 16 0.048364
10 17 0.0143321
10 18 -0.0173915
10 19 -0.0469022
10 20 -0.0733241
10 21 -0.0962785
10 22 -0.11538
10 23 -0.130552
10 24 -0.141172
10 25 -0.14713
10 26 -0.148546
10 27 -0.145125
10 28 -0.137251
10 29 -0.124683
10 30 -0.107921
10 31 -0.0870244
10 32 -0.0623713
10 33 -0.034398
10 34 -0.00361526
10 35 0.0295824
10 36 0.0646727
10 37 0.10109
10 38 0.138159
10 39 0.175455
10 40 0.21231
10 41 0.24804
10 42 0.282103
10 43 0.31401
10 44 0.343218
10 45 0.369219
10 46 0.391555
10 47 0.409905
10 48 0.423923
10 49 0.433404
10 50 0.438325
10 51 0.438584
10 52 0.434212
10 53 0.424745
10 54 0.410751
10 55 0.392643
10 56 0.370565
10 57 0.344895
10 58 0.315922
10 59 0.284223
10 60 0.250372
10 61 0.214755
10 62 0.178221
10 63 0.14124
10 64 0.104188
10 65 0.0679025
10 66 0.0328352
10 67 -0.00026335
10 68 -0.0310641
10 69 -0.0590525
10 70 -0.0838478
10 71 -0.104975
10 72 -0.122037
10 73 -0.134569
10 74 -0.142636
10 75 -0.146046
10 76 -0.144944
10 77 -0.139088
10 78 -0.128536
10 79 -0.113639
10 80 -0.0948118
10 81 -0.0720739
10 82 -0.0455647
10 83 -0.0163662
10 84 0.0153365
10 85 0.0490767
10 86 0.084468
10 87 0.120646
10 88 0.156915
10 89 0.19284
10 90 0.227753
10 91 0.261134
10 92 0.292258
10 93 0.32067
10 94 0.346167
10 95 0.368121
10 96 0.386257
10 97 0.400267
10 98 0.410002
10 99 0.415252
10 100 0.051643
10 101 0

11 0 0
11 1 0.0474405
11 2 0.381499
11 3 0.37624
11 4 0.3665
11 5 0.352404
11 6 0.33423
11 7 0.312242
11 8 0.286559
11 9 0.257867
11 10 0.226893
11 11 0.193506
11 12 0.158477
11 13 0.122552
11 14 0.0862052
11 15 0.050118
11 16 0.0145976
11 17 -0.0195843
11 18 -0.0516082
11 19 -0.0811486
11 20 -0.107673
11 21 -0.130782
11 22 -0.150003
11 23 -0.165283
11 24 -0.176076
11 25 -0.182164
11 26 -0.18372
11 27 -0.180528
11 28 -0.172843
11 29 -0.160614
11 30 -0.144015
11 31 -0.123301
11 32 -0.0987933
11 33 -0.0709332
11 34 -0.0402504
11 35 -0.00707835
11 36 0.0280023
11 37 0.064383
11 38 0.101245
11 39 0.138544
11 40 0.175204
11 41 0.210855
11 42 0.244747
11 43 0.276675
11 44 0.305839
11 45 0.331851
11 46 0.354178
11 47 0.372463
11 48 0.386429
11 49 0.395987
11 50 0.400915
11 51 0.401191
11 52 0.396608
11 53 0.387171
11 54 0.373208
11 55 0.35507
11 56 0.332989
11 57 0.307357
11 58 0.278374
11 59 0.246731
11 60 0.212809
11 61 0.17734
11 62 0.1408
11 63 0.103983
11 64 0.0670188
11 65 0.0308118
11 66 -0.00428228
11 67 -0.0373813
11 68 -0.0681479
11 69 -0.0958951
11 70 -0.120487
11 71 -0.141412
11 72 -0.15833
11 73 -0.170762
11 74 -0.178551
11 75 -0.181819
11 76 -0.180457
11 77 -0.174412
11 78 -0.163695
11 79 -0.148674
11 80 -0.129673
11 81 -0.106918
11 82 -0.0804546
11 83 -0.0509
11 84 -0.0188701
11 85 0.0149844
11 86 0.0503083
11 87 0.0865837
11 88 0.122996
11 89 0.158886
11 90 0.193944
11 91 0.227405
11 92 0.258711
11 93 0.28729
11 94 0.312762
11 95 0.334771
11 96 0.35286
11 97 0.366802
11 98 0.376513
11 99 0.381757
11 100 0.0474767
11 101 0

12 0 0
12 1 0.0431079
12 2 0.346647
12 3 0.34144
12 4 0.331852
12 5 0.317762
12 6 0.299407
12 7 0.2774
12 8 0.251845
12 9 0.223074
12 10 0.192013
12 11 0.158477
12 12 0.123274
12 13 0.0872158
12 14 0.0508164
12 15 0.0146404
12 16 -0.0210557
12 17 -0.0552552
12 18 -0.0874858
12 19 -0.116966
12 20 -0.143632
12 21 -0.166894
12 22 -0.18633
12 23 -0.201697
12 24 -0.212614
12 25 -0.219021
12 26 -0.220575
12 27 -0.217783
12 28 -0.210192
12 29 -0.198158
12 30 -0.181616
12 31 -0.161014
12 32 -0.136714
12 33 -0.10895
12 34 -0.0784388
12 35 -0.0453266
12 36 -0.0103646
12 37 0.0259761
12 38 0.0627647
12 39 0.0999173
12 40 0.136449
12 41 0.171977
12 42 0.20589
12 43 0.237801
12 44 0.266883
12 45 0.292844
12 46 0.314986
12 47 0.333327
12 48 0.347282
12 49 0.356895
12 50 0.361812
12 51 0.361962
12 52 0.357218
12 53 0.347858
12 54 0.333961
12 55 0.315908
12 56 0.293737
12 57 0.268204
12 58 0.239271
12 59 0.207717
12 60 0.173818
12 61 0.138357
12 62 0.101878
12 63 0.0650004
12 64 0.0280418
12 65 -0.00806494
12 66 -0.0429588
12 67 -0.0759582
12 68 -0.106552
12 69 -0.134311
12 70 -0.158904
12 71 -0.179525
12 72 -0.196356
12 73 -0.208652
12 74 -0.21612
12 75 -0.219333
12 76 -0.217714
12 77 -0.21145
12 78 -0.20064
12 79 -0.185491
12 80 -0.166257
12 81 -0.143349
12 82 -0.116845
12 83 -0.0871157
12 84 -0.0550321
12 85 -0.0209449
12 86 0.0144093
12 87 0.0507136
12 88 0.08719
12 89 0.123311
12 90 0.158527
12 91 0.192063
12 92 0.223556
12 93 0.2522
12 94 0.277787
12 95 0.299692
12 96 0.317828
12 97 0.331986
12 98 0.341653
12 99 0.346769
12 100 0.0431131
12 101 0

13 0 0
13 1 0.0386592
13 2 0.310908
13 3 0.30577
13 4 0.296066
13 5 0.282
13 6 0.263685
13 7 0.241601
13 8 0.216039
13 9 0.187286
13 10 0.156194
13 11 0.122552
13 12 0.0872158
13 13 0.0510457
13 14 0.0145868
13 15 -0.0218865
13 16 -0.0576154
13 17 -0.091874
13 18 -0.124147
13 19 -0.153715
13 20 -0.180503
13 21 -0.204061
13 22 -0.223757
13 23 -0.239305
13 24 -0.250492
13 25 -0.257022
13 26 -0.25887
13 27 -0.256145
13 28 -0.248706
13 29 -0.236875
13 30 -0.220499
13 31 -0.199954
13 32 -0.17574
13 33 -0.148234
13 34 -0.117778
13 35 -0.0848755
13 36 -0.0498905
13 37 -0.0136793
13 38 0.0230733
13 39 0.0600164
13 40 0.0965602
13 41 0.132049
13 42 0.165904
13 43 0.197708
13 44 0.226761
13 45 0.252611
13 46 0.274769
13 47 0.293012
13 48 0.306944
13 49 0.316559
13 50 0.321516
13 51 0.321574
13 52 0.316838
13 53 0.307482
13 54 0.293673
13 55 0.275621
13 56 0.2535
13 57 0.227837
13 58 0.198893
13 59 0.167398
13 60 0.133618
13 61 0.0981225
13 62 0.0616826
13 63 0.0248144
13 64 -0.0120946
13 65 -0.0481656
13 66 -0.0828714
13 67 -0.115834
13 68 -0.146208
13 69 -0.173971
13 70 -0.198408
13 71 -0.218913
13 72 -0.235538
13 73 -0.247618
13 74 -0.254967
13 75 -0.258039
13 76 -0.256246
13 77 -0.24979
13 78 -0.238775
13 79 -0.223425
13 80 -0.204053
13 81 -0.180702
13 82 -0.153979
13 83 -0.12434
13 84 -0.0922216
13 85 -0.0579698
13 86 -0.0223965
13 87 0.0140418
13 88 0.0508004
13 89 0.086918
13 90 0.122219
13 91 0.155865
13 92 0.187379
13 93 0.216054
13 94 0.24158
13 95 0.263563
13 96 0.28181
13 97 0.296023
13 98 0.305728
13 99 0.310877
13 100 0.0386586
13 101 0

14 0 0
14 1 0.0341633
14 2 0.274815
14 3 0.269799
14 4 0.260149
14 5 0.24624
14 6 0.227941
14 7 0.205827
14 8 0.180078
14 9 0.151143
14 10 0.119889
14 11 0.0862052
14 12 0.0508164
14 13 0.0145868
14 14 -0.0220832
14 15 -0.058667
14 16 -0.0945158
14 17 -0.128794
14 18 -0.161139
14 19 -0.190926
14 20 -0.217951
14 21 -0.241697
14 22 -0.261632
14 23 -0.27747
14 24 -0.288832
14 25 -0.295559
14 26 -0.297576
14 27 -0.294956
14 28 -0.287766
14 29 -0.276056
14 30 -0.259783
14 31 -0.239368
14 32 -0.21533
14 33 -0.187909
14 34 -0.157622
14 35 -0.124853
14 36 -0.0899006
14 37 -0.0538509
14 38 -0.017212
14 39 0.0196696
14 40 0.0561327
14 41 0.0915629
14 42 0.125405
14 43 0.157017
14 44 0.185989
14 45 0.211814
14 46 0.23398
14 47 0.252147
14 48 0.266104
14 49 0.275589
14 50 0.280484
14 51 0.28057
14 52 0.275826
14 53 0.266458
14 54 0.252639
14 55 0.234545
14 56 0.212579
14 57 0.18694
14 58 0.158053
14 59 0.126578
14 60 0.0927962
14 61 0.057307
14 62 0.0209613
14 63 -0.0158846
14 64 -0.0526608
14 65 -0.08876
14 66 -0.123429
14 67 -0.156246
14 68 -0.186532
14 69 -0.214091
14 70 -0.23828
14 71 -0.258612
14 72 -0.275134
14 73 -0.287062
14 74 -0.29431
14 75 -0.29714
14 76 -0.295232
14 77 -0.288548
14 78 -0.277321
14 79 -0.261924
14 80 -0.242268
14 81 -0.218665
14 82 -0.191731
14 83 -0.161801
14 84 -0.129667
14 85 -0.0953537
14 86 -0.0595975
14 87 -0.0230085
14 88 0.013905
14 89 0.0502053
14 90 0.0855153
14 91 0.119329
14 92 0.150992
14 93 0.179727
14 94 0.205357
14 95 0.227511
14 96 0.245734
14 97 0.259901
14 98 0.269493
14 99 0.274617
14 100 0.0341522
14 101 0

15 0 0
15 1 0.0296938
15 2 0.238974
15 3 0.2341
15 4 0.224531
15 5 0.210668
15 6 0.192319
15 7 0.170149
15 8 0.144396
15 9 0.115299
15 10 0.0838394
15 11 0.050118
15 12 0.0146404
15 13 -0.0218865
15 14 -0.058667
15 15 -0.0954186
15 16 -0.13109
15 17 -0.165615
15 18 -0.198068
15 19 -0.228016
15 20 -0.255454
15 21 -0.279316
15 22 -0.299335
15 23 -0.315385
15 24 -0.327006
15 25 -0.333845
15 26 -0.336065
15 27 -0.333473
15 28 -0.326528
15 29 -0.314823
15 30 -0.298689
15 31 -0.278748
15 32 -0.254697
15 33 -0.227423
15 34 -0.197163
15 35 -0.164451
15 36 -0.1297
15 37 -0.0937629
15 38 -0.057279
15 39 -0.0204713
15 40 0.0159808
15 41 0.0512416
15 42 0.0852436
15 43 0.116714
15 44 0.145572
15 45 0.171255
15 46 0.193341
15 47 0.211571
15 48 0.225611
15 49 0.234906
15 50 0.239784
15 51 0.239774
15 52 0.235037
15 53 0.225673
15 54 0.211869
15 55 0.193697
15 56 0.171796
15 57 0.146198
15 58 0.117448
15 59 0.0859604
15 60 0.0523745
15 61 0.0169326
15 62 -0.0194056
15 63 -0.056306
15 64 -0.093016
15 65 -0.128965
15 66 -0.163611
15 67 -0.196306
15 68 -0.226466
15 69 -0.254091
15 70 -0.278044
15 71 -0.298341
15 72 -0.314398
15 73 -0.326105
15 74 -0.333284
15 75 -0.335942
15 76 -0.334116
15 77 -0.327171
15 78 -0.315924
15 79 -0.3002
15 80 -0.280284
15 81 -0.256601
15 82 -0.229558
15 83 -0.199319
15 84 -0.166951
15 85 -0.132589
15 86 -0.0965533
15 87 -0.0600242
15 88 -0.0228993
15 89 0.0136559
15 90 0.0491554
15 91 0.0830783
15 92 0.114739
15 93 0.143561
15 94 0.169425
15 95 0.191599
15 96 0.209801
15 97 0.224046
15 98 0.233689
15 99 0.238592
15 100 0.0296487
15 101 0

16 0 0
16 1 0.0253669
16 2 0.204006
16 3 0.198977
16 4 0.189266
16 5 0.175426
16 6 0.157216
16 7 0.134823
16 8 0.10903
16 9 0.0799707
16 10 0.048364
16 11 0.0145976
16 12 -0.0210557
16 13 -0.0576154
16 14 -0.0945158
16 15 -0.13109
16 16 -0.166847
16 17 -0.201497
16 18 -0.234278
16 19 -0.264341
16 20 -0.291866
16 21 -0.315983
16 22 -0.336228
16 23 -0.352444
16 24 -0.364285
16 25 -0.371373
16 26 -0.373751
16 27 -0.371447
16 28 -0.3645
16 29 -0.352975
16 30 -0.337102
16 31 -0.317082
16 32 -0.293187
16 33 -0.266054
16 34 -0.235888
16 35 -0.203288
16 36 -0.16867
16 37 -0.132846
16 38 -0.0963278
16 39 -0.0596556
16 40 -0.0233511
16 41 0.0119006
16 42 0.0456454
16 43 0.0770668
16 44 0.105775
16 45 0.131253
16 46 0.15344
16 47 0.171614
16 48 0.185536
16 49 0.195018
16 50 0.199899
16 51 0.199944
16 52 0.195165
16 53 0.185755
16 54 0.171777
16 55 0.153544
16 56 0.131747
16 57 0.106232
16 58 0.0775371
16 59 0.0461272
16 60 0.0126086
16 61 -0.0226039
16 62 -0.0589412
16 63 -0.0958494
16 64 -0.132388
16 65 -0.168295
16 66 -0.202822
16 67 -0.235546
16 68 -0.265827
16 69 -0.293172
16 70 -0.317032
16 71 -0.337111
16 72 -0.353053
16 73 -0.36464
16 74 -0.371679
16 75 -0.374102
16 76 -0.372021
16 77 -0.365119
16 78 -0.353487
16 79 -0.337593
16 80 -0.317465
16 81 -0.293478
16 82 -0.266337
16 83 -0.235931
16 84 -0.203324
16 85 -0.168734
16 86 -0.132894
16 87 -0.0962566
16 88 -0.0589396
16 89 -0.0222805
16 90 0.013176
16 91 0.0472659
16 92 0.0790578
16 93 0.107977
16 94 0.133806
16 95 0.156076
16 96 0.174481
16 97 0.188678
16 98 0.198352
16 99 0.203417
16 100 0.0253
16 101 0

17 0 0
17 1 0.021211
17 2 0.170411
17 3 0.165248
17 4 0.155593
17 5 0.141748
17 6 0.123581
17 7 0.101171
17 8 0.0752369
17 9 0.0461606
17 10 0.0143321
17 11 -0.0195843
17 12 -0.0552552
17 13 -0.091874
17 14 -0.128794
17 15 -0.165615
17 16 -0.201497
17 17 -0.236281
17 18 -0.269221
17 19 -0.299485
17 20 -0.327141
17 21 -0.351355
17 22 -0.371957
17 23 -0.388292
17 24 -0.400167
17 25 -0.407485
17 26 -0.410038
17 27 -0.408089
17 28 -0.401071
17 29 -0.389671
17 30 -0.37384
17 31 -0.353865
17 32 -0.330238
17 33 -0.303225
17 34 -0.273203
17 35 -0.240643
17 36 -0.20612
17 37 -0.170359
17 38 -0.1339
17 39 -0.0973726
17 40 -0.0612803
17 41 -0.0261061
17 42 0.00748169
17 43 0.0389496
17 44 0.0675223
17 45 0.0930142
17 46 0.115179
17 47 0.13334
17 48 0.147156
17 49 0.156516
17 50 0.161319
17 51 0.161406
17 52 0.156562
17 53 0.147362
17 54 0.133473
17 55 0.115114
17 56 0.0932462
17 57 0.0678266
17 58 0.0391151
17 59 0.00775041
17 60 -0.0258417
17 61 -0.0608665
17 62 -0.0970506
17 63 -0.133681
17 64 -0.170199
17 65 -0.206081
17 66 -0.240586
17 67 -0.273341
17 68 -0.303447
17 69 -0.3306
17 70 -0.354378
17 71 -0.374378
17 72 -0.390352
17 73 -0.401903
17 74 -0.408695
17 75 -0.410897
17 76 -0.408499
17 77 -0.401623
17 78 -0.389864
17 79 -0.373656
17 80 -0.353337
17 81 -0.32922
17 82 -0.301923
17 83 -0.271375
17 84 -0.238583
17 85 -0.203826
17 86 -0.167735
17 87 -0.130932
17 88 -0.093603
17 89 -0.0568324
17 90 -0.0212477
17 91 0.0128657
17 92 0.0447228
17 93 0.0739241
17 94 0.0998933
17 95 0.122151
17 96 0.140545
17 97 0.154835
17 98 0.164596
17 99 0.169652
17 100 0.0211025
17 101 0

18 0 0
18 1 0.0172538
18 2 0.138766
18 3 0.133798
18 4 0.124319
18 5 0.110435
18 6 0.0921157
18 7 0.0696586
18 8 0.0436654
18 9 0.0144632
18 10 -0.0173915
18 11 -0.0516082
18 12 -0.0874858
18 13 -0.124147
18 14 -0.161139
18 15 -0.198068
18 16 -0.234278
18 17 -0.269221
18 18 -0.302348
18 19 -0.332909
18 20 -0.360463
18 21 -0.384695
18 22 -0.405527
18 23 -0.422132
18 24 -0.434182
18 25 -0.441747
18 26 -0.444482
18 27 -0.44261
18 28 -0.435772
18 29 -0.424426
18 30 -0.4087
18 31 -0.38893
18 32 -0.365347
18 33 -0.338355
18 34 -0.308395
18 35 -0.276008
18 36 -0.241668
18 37 -0.206026
18 38 -0.169611
18 39 -0.133074
18 40 -0.0971398
18 41 -0.0620599
18 42 -0.0284046
18 43 0.00301652
18 44 0.0314831
18 45 0.0569807
18 46 0.0790002
18 47 0.0970347
18 48 0.110854
18 49 0.120254
18 50 0.124902
18 51 0.125021
18 52 0.120012
18 53 0.110805
18 54 0.0971191
18 55 0.078822
18 56 0.0569189
18 57 0.0315437
18 58 0.00286525
18 59 -0.0284578
18 60 -0.0620644
18 61 -0.0970039
18 62 -0.133149
18 63 -0.169755
18 64 -0.206143
18 65 -0.242005
18 66 -0.276402
18 67 -0.308926
18 68 -0.338989
18 69 -0.366097
18 70 -0.389842
18 71 -0.409785
18 72 -0.425588
18 73 -0.437067
18 74 -0.443768
18 75 -0.445848
18 76 -0.443279
18 77 -0.436087
18 78 -0.424113
18 79 -0.407718
18 80 -0.387248
18 81 -0.363042
18 82 -0.335567
18 83 -0.304918
18 84 -0.271947
18 85 -0.236973
18 86 -0.200605
18 87 -0.163613
18 88 -0.126223
18 89 -0.0893996
18 90 -0.0535122
18 91 -0.0192006
18 92 0.0127535
18 93 0.0419512
18 94 0.0680683
18 95 0.0905013
18 96 0.108903
18 97 0.123165
18 98 0.133059
18 99 0.137855
18 100 0.0171226
18 101 0

19 0 0
19 1 0.013637
19 2 0.109686
19 3 0.10482
19 4 0.0954943
19 5 0.0814912
19 6 0.0630745
19 7 0.0404885
19 8 0.0143939
19 9 -0.0148627
19 10 -0.0469022
19 11 -0.0811486
19 12 -0.116966
19 13 -0.153715
19 14 -0.190926
19 15 -0.228016
19 16 -0.264341
19 17 -0.299485
19 18 -0.332909
19 19 -0.363731
19 20 -0.391505
19 21 -0.415909
19 22 -0.436883
19 23 -0.453549
19 24 -0.465799
19 25 -0.473445
19 26 -0.476269
19 27 -0.474506
19 28 -0.467747
19 29 -0.456728
19 30 -0.441238
19 31 -0.421436
19 32 -0.397922
19 33 -0.371002
19 34 -0.341172
19 35 -0.308849
19 36 -0.274492
19 37 -0.239056
19 38 -0.202698
19 39 -0.166285
19 40 -0.130284
19 41 -0.0952807
19 42 -0.0618392
19 43 -0.0305173
19 44 -0.00201811
19 45 0.0235284
19 46 0.0455905
19 47 0.0633849
19 48 0.0770956
19 49 0.0864386
19 50 0.0912553
19 51 0.091244
19 52 0.0862596
19 53 0.0770113
19 54 0.0634858
19 55 0.0453319
19 56 0.0233425
19 57 -0.00223013
19 58 -0.0309672
19 59 -0.0621919
19 60 -0.0956272
19 61 -0.130605
19 62 -0.166722
19 63 -0.203398
19 64 -0.239657
19 65 -0.275391
19 66 -0.309605
19 67 -0.342055
19 68 -0.37201
19 69 -0.399083
19 70 -0.422772
19 71 -0.44253
19 72 -0.458244
19 73 -0.469624
19 74 -0.476152
19 75 -0.478151
19 76 -0.475482
19 77 -0.468136
19 78 -0.456061
19 79 -0.4395
19 80 -0.418849
19 81 -0.394409
19 82 -0.366716
19 83 -0.3358
19 84 -0.302526
19 85 -0.267369
19 86 -0.230946
19 87 -0.19369
19 88 -0.156191
19 89 -0.1193
19 90 -0.0833056
19 91 -0.0488866
19 92 -0.0169523
19 93 0.0123455
19 94 0.0385771
19 95 0.0612052
19 96 0.0798303
19 97 0.0939936
19 98 0.103765
19 99 0.108673
19 100 0.0135087
19 101 0

20 0 0
20 1 0.0104278
20 2 0.083799
20 3 0.0788368
20 4 0.0695123
20 5 0.0554213
20 6 0.0367647
20 7 0.0143706
20 8 -0.0116345
20 9 -0.0411174
20 10 -0.0733241
20 11 -0.107673
20 12 -0.143632
20 13 -0.180503
20 14 -0.217951
20 15 -0.255454
20 16 -0.291866
20 17 -0.327141
20 18 -0.360463
20 19 -0.391505
20 20 -0.419567
20 21 -0.44412
20 22 -0.46524
20 23 -0.481966
20 24 -0.494257
20 25 -0.502016
20 26 -0.505104
20 27 -0.503354
20 28 -0.496875
20 29 -0.485831
20 30 -0.470422
20 31 -0.450809
20 32 -0.427398
20 33 -0.40051
20 34 -0.370824
20 35 -0.338528
20 36 -0.304352
20 37 -0.269031
20 38 -0.23282
20 39 -0.196393
20 40 -0.160292
20 41 -0.125484
20 42 -0.0920763
20 43 -0.0608117
20 44 -0.0322869
20 45 -0.00677174
20 46 0.0151439
20 47 0.0329934
20 48 0.04673
20 49 0.0559199
20 50 0.0607392
20 51 0.0605863
20 52 0.0558166
20 53 0.0465916
20 54 0.0329687
20 55 0.0148245
20 56 -0.00713667
20 57 -0.0327572
20 58 -0.0614013
20 59 -0.0927448
20 60 -0.126177
20 61 -0.161133
20 62 -0.197132
20 63 -0.233593
20 64 -0.269805
20 65 -0.305539
20 66 -0.339992
20 67 -0.372229
20 68 -0.402049
20 69 -0.428985
20 70 -0.452531
20 71 -0.472224
20 72 -0.487771
20 73 -0.49911
20 74 -0.505657
20 75 -0.507429
20 76 -0.504619
20 77 -0.496971
20 78 -0.48486
20 79 -0.468199
20 80 -0.447441
20 81 -0.422768
20 82 -0.394866
20 83 -0.363922
20 84 -0.330395
20 85 -0.295194
20 86 -0.258421
20 87 -0.221019
20 88 -0.183416
20 89 -0.146195
20 90 -0.110021
20 91 -0.075555
20 92 -0.0433869
20 93 -0.0140832
20 94 0.0122427
20 95 0.0349715
20 96 0.053473
20 97 0.0678716
20 98 0.0776673
20 99 0.0826303
20 100 0.0102752
20 101 0

21 0 0
21 1 0.00764445
21 2 0.0614145
21 3 0.0564929
21 4 0.0470675
21 5 0.0329447
21 6 0.0143364
21 7 -0.00817758
21 8 -0.0343889
21 9 -0.0638934
21 10 -0.0962785
21 11 -0.130782
21 12 -0.166894
21 13 -0.204061
21 14 -0.241697
21 15 -0.279316
21 16 -0.315983
21 17 -0.351355
21 18 -0.384695
21 19 -0.415909
21 20 -0.44412
21 21 -0.469083
21 22 -0.490353
21 23 -0.507175
21 24 -0.519687
21 25 -0.527415
21 26 -0.530665
21 27 -0.529128
21 28 -0.522747
21 29 -0.511766
21 30 -0.496446
21 31 -0.47692
21 32 -0.453491
21 33 -0.426783
21 34 -0.397257
21 35 -0.365005
21 36 -0.330847
21 37 -0.295539
21 38 -0.25932
21 39 -0.222876
21 40 -0.186845
21 41 -0.15205
21 42 -0.118716
21 43 -0.0874632
21 44 -0.0590063
21 45 -0.0335098
21 46 -0.0115657
21 47 0.0062848
21 48 0.0199506
21 49 0.0291931
21 50 0.0338879
21 51 0.0338409
21 52 0.0291514
21 53 0.0198401
21 54 0.00607063
21 55 -0.0120298
21 56 -0.03394
21 57 -0.0595866
21 58 -0.0883313
21 59 -0.11952
21 60 -0.152961
21 61 -0.188014
21 62 -0.224021
21 63 -0.260523
21 64 -0.296727
21 65 -0.33235
21 66 -0.366759
21 67 -0.399022
21 68 -0.428735
21 69 -0.455572
21 70 -0.47898
21 71 -0.498643
21 72 -0.514163
21 73 -0.525398
21 74 -0.531863
21 75 -0.53343
21 76 -0.530501
21 77 -0.52267
21 78 -0.510485
21 79 -0.493678
21 80 -0.472696
21 81 -0.447778
21 82 -0.419469
21 83 -0.388468
21 84 -0.354863
21 85 -0.319466
21 86 -0.282612
21 87 -0.244972
21 88 -0.207089
21 89 -0.16973
21 90 -0.133332
21 91 -0.098731
21 92 -0.0664468
21 93 -0.0367352
21 94 -0.0103588
21 95 0.0122778
21 96 0.0308869
21 97 0.0453337
21 98 0.0550966
21 99 0.0600838
21 100 0.00747935
21 101 0

22 0 0
22 1 0.00534187
22 2 0.0429463
22 3 0.0380396
22 4 0.0285389
22 5 0.0143589
22 6 -0.00430008
22 7 -0.0270756
22 8 -0.0533502
22 9 -0.0829503
22 10 -0.11538
22 11 -0.150003
22 12 -0.18633
22 13 -0.223757
22 14 -0.261632
22 15 -0.299335
22 16 -0.336228
22 17 -0.371957
22 18 -0.405527
22 19 -0.436883
22 20 -0.46524
22 21 -0.490353
22 22 -0.511576
22 23 -0.528546
22 24 -0.541236
22 25 -0.548929
22 26 -0.55234
22 27 -0.550878
22 28 -0.544699
22 29 -0.533778
22 30 -0.518586
22 31 -0.499164
22 32 -0.475825
22 33 -0.449236
22 34 -0.419709
22 35 -0.387651
22 36 -0.353646
22 37 -0.318232
22 38 -0.281991
22 39 -0.245499
22 40 -0.209492
22 41 -0.174738
22 42 -0.14131
22 43 -0.11001
22 44 -0.0815101
22 45 -0.0561621
22 46 -0.0342043
22 47 -0.0162176
22 48 -0.00258568
22 49 0.00664692
22 50 0.0113363
22 51 0.0110785
22 52 0.00653918
22 53 -0.00269852
22 54 -0.0165545
22 55 -0.034555
22 56 -0.0565053
22 57 -0.0822689
22 58 -0.111056
22 59 -0.142387
22 60 -0.175814
22 61 -0.210977
22 62 -0.247059
22 63 -0.283597
22 64 -0.319934
22 65 -0.355288
22 66 -0.389567
22 67 -0.421771
22 68 -0.451463
22 69 -0.47824
22 70 -0.501606
22 71 -0.521335
22 72 -0.53664
22 73 -0.547708
22 74 -0.55407
22 75 -0.555515
22 76 -0.552509
22 77 -0.544457
22 78 -0.53212
22 79 -0.515166
22 80 -0.494186
22 81 -0.46929
22 82 -0.440825
22 83 -0.409643
22 84 -0.375678
22 85 -0.339977
22 86 -0.302731
22 87 -0.264883
22 88 -0.226982
22 89 -0.189261
22 90 -0.152775
22 91 -0.118082
22 92 -0.0856377
22 93 -0.0558579
22 94 -0.0292188
22 95 -0.00649649
22 96 0.0122744
22 97 0.0267817
22 98 0.0365462
22 99 0.0414689
22 100 0.00515169
22 101 0

23 0 0
23 1 0.00357492
23 2 0.0286465
23 3 0.0236394
23 4 0.0140595
23 5 -0.00016319
23 6 -0.0189281
23 7 -0.0417151
23 8 -0.068204
23 9 -0.097984
23 10 -0.130552
23 11 -0.165283
23 12 -0.201697
23 13 -0.239305
23 14 -0.27747
23 15 -0.315385
23 16 -0.352444
23 17 -0.388292
23 18 -0.422132
23 19 -0.453549
23 20 -0.481966
23 21 -0.507175
23 22 -0.528546
23 23 -0.545795
23 24 -0.558508
23 25 -0.566454
23 26 -0.569882
23 27 -0.568476
23 28 -0.562422
23 29 -0.551568
23 30 -0.536388
23 31 -0.517095
23 32 -0.494088
23 33 -0.467417
23 34 -0.43795
23 35 -0.405997
23 36 -0.372067
23 37 -0.336571
23 38 -0.300324
23 39 -0.263779
23 40 -0.227806
23 41 -0.192933
23 42 -0.159387
23 43 -0.128094
23 44 -0.0995818
23 45 -0.0741939
23 46 -0.0523938
23 47 -0.0343506
23 48 -0.0206991
23 49 -0.0114539
23 50 -0.00680448
23 51 -0.006877
23 52 -0.0115389
23 53 -0.0207623
23 54 -0.0347339
23 55 -0.0527999
23 56 -0.0747611
23 57 -0.100378
23 58 -0.129169
23 59 -0.160616
23 60 -0.194185
23 61 -0.229378
23 62 -0.265568
23 63 -0.302244
23 64 -0.338689
23 65 -0.374086
23 66 -0.408267
23 67 -0.440359
23 68 -0.470049
23 69 -0.496679
23 70 -0.520006
23 71 -0.539433
23 72 -0.554834
23 73 -0.565759
23 74 -0.571981
23 75 -0.5734
23 76 -0.570257
23 77 -0.562186
23 78 -0.549601
23 79 -0.532576
23 80 -0.511334
23 81 -0.486303
23 82 -0.45775
23 83 -0.426339
23 84 -0.392303
23 85 -0.356322
23 86 -0.318846
23 87 -0.280835
23 88 -0.24267
23 89 -0.204758
23 90 -0.168123
23 91 -0.133294
23 92 -0.100649
23 93 -0.0707388
23 94 -0.0440183
23 95 -0.0210999
23 96 -0.0023321
23 97 0.0122341
23 98 0.0220403
23 99 0.027049
23 100 0.00337265
23 101 0

24 0 0
24 1 0.00232227
24 2 0.0187265
24 3 0.0138898
24 4 0.0040365
24 5 -0.0104301
24 6 -0.0291083
24 7 -0.0519518
24 8 -0.0785746
24 9 -0.108486
24 10 -0.141172
24 11 -0.176076
24 12 -0.212614
24 13 -0.250492
24 14 -0.288832
24 15 -0.327006
24 16 -0.364285
24 17 -0.400167
24 18 -0.434182
24 19 -0.465799
24 20 -0.494257
24 21 -0.519687
24 22 -0.541236
24 23 -0.558508
24 24 -0.571374
24 25 -0.579349
24 26 -0.58299
24 27 -0.581659
24 28 -0.575615
24 29 -0.564849
24 30 -0.549905
24 31 -0.530584
24 32 -0.507707
24 33 -0.481144
24 34 -0.451615
24 35 -0.419673
24 36 -0.385623
24 37 -0.350119
24 38 -0.313756
24 39 -0.277421
24 40 -0.241361
24 41 -0.206324
24 42 -0.172705
24 43 -0.141378
24 44 -0.112673
24 45 -0.0872679
24 46 -0.0653642
24 47 -0.0475681
24 48 -0.0339077
24 49 -0.0246754
24 50 -0.0198987
24 51 -0.0200188
24 52 -0.0246152
24 53 -0.0340764
24 54 -0.0478763
24 55 -0.0660647
24 56 -0.0880235
24 57 -0.113685
24 58 -0.142508
24 59 -0.174139
24 60 -0.207827
24 61 -0.2432
24 62 -0.279318
24 63 -0.315954
24 64 -0.352426
24 65 -0.387928
24 66 -0.422132
24 67 -0.454327
24 68 -0.483982
24 69 -0.510654
24 70 -0.533883
24 71 -0.553171
24 72 -0.568484
24 73 -0.579217
24 74 -0.585393
24 75 -0.586836
24 76 -0.583557
24 77 -0.575242
24 78 -0.56264
24 79 -0.545447
24 80 -0.524046
24 81 -0.498845
24 82 -0.470167
24 83 -0.438707
24 84 -0.404455
24 85 -0.368245
24 86 -0.330622
24 87 -0.292286
24 88 -0.253817
24 89 -0.215764
24 90 -0.178915
24 91 -0.143896
24 92 -0.111172
24 93 -0.0811769
24 94 -0.0543487
24 95 -0.0313389
24 96 -0.0123827
24 97 0.00216211
24 98 0.0120199
24 99 0.0170916
24 100 0.00213711
24 101 0

25 0 0
25 1 0.00166302
25 2 0.0133608
25 3 0.00842257
25 4 -0.00134066
25 5 -0.0158992
25 6 -0.0347687
25 7 -0.0576094
25 8 -0.0842899
25 9 -0.114275
25 10 -0.14713
25 11 -0.182164
25 12 -0.219021
25 13 -0.257022
25 14 -0.295559
25 15 -0.333845
25 16 -0.371373
25 17 -0.407485
25 18 -0.441747
25 19 -0.473445
25 20 -0.502016
25 21 -0.527415
25 22 -0.548929
25 23 -0.566454
25 24 -0.579349
25 25 -0.587859
25 26 -0.591617
25 27 -0.590158
25 28 -0.584273
25 29 -0.573642
25 30 -0.558637
25 31 -0.539491
25 32 -0.516526
25 33 -0.489961
25 34 -0.4605
25 35 -0.428529
25 36 -0.394524
25 37 -0.358906
25 38 -0.322589
25 39 -0.286042
25 40 -0.249925
25 41 -0.214637
25 42 -0.181091
25 43 -0.149715
25 44 -0.12097
25 45 -0.0953516
25 46 -0.0735941
25 47 -0.05568
25 48 -0.0420692
25 49 -0.0328525
25 50 -0.0280746
25 51 -0.0279972
25 52 -0.0328984
25 53 -0.0422424
25 54 -0.0561567
25 55 -0.0742557
25 56 -0.0963666
25 57 -0.121968
25 58 -0.150883
25 59 -0.182576
25 60 -0.216515
25 61 -0.251873
25 62 -0.288223
25 63 -0.324939
25 64 -0.361443
25 65 -0.397048
25 66 -0.431328
25 67 -0.463401
25 68 -0.493132
25 69 -0.519802
25 70 -0.543065
25 71 -0.562288
25 72 -0.577459
25 73 -0.588112
25 74 -0.594245
25 75 -0.595569
25 76 -0.592098
25 77 -0.583643
25 78 -0.570619
25 79 -0.553544
25 80 -0.531914
25 81 -0.506657
25 82 -0.477987
25 83 -0.446238
25 84 -0.411874
25 85 -0.375486
25 86 -0.337578
25 87 -0.299079
25 88 -0.260427
25 89 -0.222071
25 90 -0.185075
25 91 -0.149763
25 92 -0.11691
25 93 -0.0867871
25 94 -0.0599202
25 95 -0.0368479
25 96 -0.0179085
25 97 -0.00332705
25 98 0.00672314
25 99 0.0116933
25 100 0.00145354
25 101 0

26 0 0
26 1 0.00157935
26 2 0.0126382
26 3 0.00766971
26 4 -0.00225334
26 5 -0.0168329
26 6 -0.0356969
26 7 -0.0586938
26 8 -0.0854785
26 9 -0.115572
26 10 -0.148546
26 11 -0.18372
26 12 -0.220575
26 13 -0.25887
26 14 -0.297576
26 15 -0.336065
26 16 -0.373751
26 17 -0.410038
26 18 -0.444482
26 19 -0.476269
26 20 -0.505104
26 21 -0.530665
26 22 -0.55234
26 23 -0.569882
26 24 -0.58299
26 25 -0.591617
26 26 -0.59517
26 27 -0.594092
26 28 -0.587913
26 29 -0.577487
26 30 -0.562619
26 31 -0.543616
26 32 -0.520603
26 33 -0.494002
26 34 -0.464489
26 35 -0.432367
26 36 -0.398347
26 37 -0.362727
26 38 -0.326296
26 39 -0.28964
26 40 -0.25333
26 41 -0.217981
26 42 -0.184447
26 43 -0.152983
26 44 -0.124175
26 45 -0.098389
