0 0 0
0 1 0
0 2 0
0 3 0
0 4 0
0 5 0
0 6 0
0 7 0
0 8 0
0 9 0
0 10 0
0 11 0
0 12 0
0 13 0
0 14 0
0 15 0
0 16 0
0 17 0
0 18 0
0 19 0
0 20 0
0 21 0
0 22 0
0 23 0
0 24 0
0 25 0
0 26 0
0 27 0
0 28 0
0 29 0
0 30 0
0 31 0
0 32 0
0 33 0
0 34 0
0 35 0
0 36 0
0 37 0
0 38 0
0 39 0
0 40 0
0 41 0
0 42 0
0 43 0
0 44 0
0 45 0
0 46 0
0 47 0
0 48 0
0 49 0
0 50 0
0 51 0
0 52 0
0 53 0
0 54 0
0 55 0
0 56 0
0 57 0
0 58 0
0 59 0
0 60 0
0 61 0
0 62 0
0 63 0
0 64 0
0 65 0
0 66 0
0 67 0
0 68 0
0 69 0
0 70 0
0 71 0
0 72 0
0 73 0
0 74 0
0 75 0
0 76 0
0 77 0
0 78 0
0 79 0
0 80 0
0 81 0
0 82 0
0 83 0
0 84 0
0 85 0
0 86 0
0 87 0
0 88 0
0 89 0
0 90 0
0 91 0
0 92 0
0 93 0
0 94 0
0 95 0
0 96 0
0 97 0
0 98 0
0 99 0
0 100 0
0 101 0

1 0 0
1 1 0
1 2 0.0306236
1 3 0.0302367
1 4 0.0296031
1 5 0.0287166
1 6 0.0275916
1 7 0.0262391
1 8 0.0246937
1 9 0.0229738
1 10 0.0211059
1 11 0.0191218
1 12 0.0170468
1 13 0.014891
1 14 0.0126858
1 15 0.010469
1 16 0.00828112
1 17 0.00616012
1 18 0.00411839
1 19 0.00217039
1 20 0.000367781
1 21 -0.0012756
1 22 -0.00274622
1 23 -0.00400862
1 24 -0.00506352
1 25 -0.0058775
1 26 -0.006454
1 27 -0.00679155
1 28 -0.00687299
1 29 -0.0067298
1 30 -0.00638401
1 31 -0.00581521
1 32 -0.00503975
1 33 -0.00409278
1 34 -0.00298096
1 35 -0.0017351
1 36 -0.000401924
1 37 0.00102236
1 38 0.00249951
1 39 0.00399483
1 40 0.00548697
1 41 0.00693562
1 42 0.00833378
1 43 0.00963552
1 44 0.0108279
1 45 0.0118778
1 46 0.012772
1 47 0.0135066
1 48 0.0140475
1 49 0.0143845
1 50 0.0145314
1 51 0.014482
1 52 0.0142183
1 53 0.0137549
1 54 0.0131056
1 55 0.0122765
1 56 0.011269
1 57 0.0101154
1 58 0.00883171
1 59 0.00742676
1 60 0.00595808
1 61 0.00442577
1 62 0.00286907
1 63 0.0013128
1 64 -0.000217041
1 65 -0.00169399
1 66 -0.00308436
1 67 -0.00434663
1 68 -0.00548371
1 69 -0.00645057
1 70 -0.00721855
1 71 -0.00778551
1 72 -0.00812736
1 73 -0.00823077
1 74 -0.00810241
1 75 -0.00774318
1 76 -0.0071391
1 77 -0.00629142
1 78 -0.00521182
1 79 -0.00389864
1 80 -0.00237731
1 81 -0.00067109
1 82 0.00118077
1 83 0.00317435
1 84 0.0052934
1 85 0.00749312
1 86 0.00973595
1 87 0.0119967
1 88 0.0142498
1 89 0.0164637
1 90 0.0186116
1 91 0.0206453
1 92 0.0225605
1 93 0.0243214
1 94 0.0258838
1 95 0.0272458
1 96 0.0284062
1 97 0.0293137
1 98 0.0299514
1 99 0.0303333
1 100 0
1 101 0

2 0 0
2 1 0.0306236
2 2 0.245619
2 3 0.242552
2 4 0.237443
2 5 0.230337
2 6 0.221305
2 7 0.210508
2 8 0.198129
2 9 0.18434
2 10 0.169356
2 11 0.153388
2 12 0.136659
2 13 0.119358
2 14 0.101721
2 15 0.0839958
2 16 0.0664661
2 17 0.0493753
2 18 0.0329416
2 19 0.0173717
2 20 0.00288254
2 21 -0.0103274
2 22 -0.0220903
2 23 -0.0322411
2 24 -0.0406497
2 25 -0.0472013
2 26 -0.0518367
2 27 -0.0545275
2 28 -0.0552727
2 29 -0.0541636
2 30 -0.0512998
2 31 -0.0467224
2 32 -0.0405544
2 33 -0.0329448
2 34 -0.0240521
2 35 -0.0140921
2 36 -0.00330031
2 37 0.00811502
2 38 0.0199404
2 39 0.0319407
2 40 0.0438827
2 41 0.0555382
2 42 0.066685
2 43 0.0771246
2 44 0.08664
2 45 0.095077
2 46 0.102283
2 47 0.108109
2 48 0.112443
2 49 0.115215
2 50 0.11639
2 51 0.115941
2 52 0.11384
2 53 0.110146
2 54 0.104919
2 55 0.0982255
2 56 0.090177
2 57 0.0809272
2 58 0.0706256
2 59 0.059457
2 60 0.0476369
2 61 0.035382
2 62 0.0228882
2 63 0.0103966
2 64 -0.00188484
2 65 -0.0137237
2 66 -0.0248538
2 67 -0.035057
2 68 -0.0441247
2 69 -0.0518382
2 70 -0.0580299
2 71 -0.0625542
2 72 -0.0653042
2 73 -0.0661854
2 74 -0.0651584
2 75 -0.0622107
2 76 -0.0573203
2 77 -0.050505
2 78 -0.0418203
2 79 -0.0313344
2 80 -0.0191731
2 81 -0.00552841
2 82 0.00940038
2 83 0.0254457
2 84 0.0423939
2 85 0.0600111
2 86 0.0780302
2 87 0.0961968
2 88 0.114294
2 89 0.132055
2 90 0.149257
2 91 0.165645
2 92 0.180999
2 93 0.19508
2 94 0.207675
2 95 0.21863
2 96 0.227817
2 97 0.235056
2 98 0.240228
2 99 0.243306
2 100 0.0303333
2 101 0

3 0 0
3 1 0.0302367
3 2 0.242552
3 3 0.239554
3 4 0.23443
3 5 0.227358
3 6 0.2184
3 7 0.207751
3 8 0.195489
3 9 0.181801
3 10 0.16691
3 11 0.150985
3 12 0.134261
3 13 0.117058
3 14 0.0995877
3 15 0.0820504
3 16 0.0646624
3 17 0.0476067
3 18 0.0312283
3 19 0.0158366
3 20 0.00144344
3 21 -0.0116818
3 22 -0.0232952
3 23 -0.033365
3 24 -0.0416124
3 25 -0.0481038
3 26 -0.0526887
3 27 -0.055321
3 28 -0.0561333
3 29 -0.0550351
3 30 -0.0520212
3 31 -0.0473973
3 32 -0.0412664
3 33 -0.0336398
3 34 -0.0247837
3 35 -0.0148557
3 36 -0.00396228
3 37 0.007437
3 38 0.0192172
3 39 0.0312025
3 40 0.0430935
3 41 0.0547427
3 42 0.0657829
3 43 0.0761772
3 44 0.0856157
3 45 0.0940451
3 46 0.101261
3 47 0.107019
3 48 0.111342
3 49 0.11418
3 50 0.115356
3 51 0.114846
3 52 0.112771
3 53 0.109108
3 54 0.103882
3 55 0.0971719
3 56 0.089185
3 57 0.0799767
3 58 0.0697112
3 59 0.0587064
3 60 0.0469008
3 61 0.0347108
3 62 0.0222525
3 63 0.00977012
3 64 -0.00249802
3 65 -0.0142944
3 66 -0.0253944
3 67 -0.0356744
3 68 -0.0446849
3 69 -0.052361
3 70 -0.0585898
3 71 -0.0631205
3 72 -0.0659208
3 73 -0.0669037
3 74 -0.0659328
3 75 -0.0629673
3 76 -0.0580782
3 77 -0.0513092
3 78 -0.0426814
3 79 -0.0323622
3 80 -0.0203815
3 81 -0.00691338
3 82 0.0079827
3 83 0.0239554
3 84 0.0407297
3 85 0.0581824
3 86 0.0761084
3 87 0.094215
3 88 0.112218
3 89 0.129881
3 90 0.146933
3 91 0.163278
3 92 0.178526
3 93 0.192465
3 94 0.20504
3 95 0.215944
3 96 0.224924
3 97 0.23207
3 98 0.237281
3 99 0.240368
3 100 0.0299688
3 101 0

4 0 0
4 1 0.0296031
4 2 0.237443
4 3 0.23443
4 4 0.22941
4 5 0.222351
4 6 0.213499
4 7 0.202973
4 8 0.19081
4 9 0.177269
4 10 0.162542
4 11 0.146776
4 12 0.130156
4 13 0.11309
4 14 0.0957671
4 15 0.0784237
4 16 0.0612444
4 17 0.0443127
4 18 0.0281257
4 19 0.0128771
4 20 -0.00126772
4 21 -0.0141569
4 22 -0.0256234
4 23 -0.0355254
4 24 -0.0436826
4 25 -0.0500748
4 26 -0.0545143
4 27 -0.0569988
4 28 -0.0577076
4 29 -0.056575
4 30 -0.0534665
4 31 -0.0488313
4 32 -0.0426606
4 33 -0.0350177
4 34 -0.0261518
4 35 -0.0162538
4 36 -0.00533446
4 37 0.00607256
4 38 0.0178855
4 39 0.0298294
4 40 0.0416841
4 41 0.0532612
4 42 0.0643036
4 43 0.0746481
4 44 0.0841064
4 45 0.0925304
4 46 0.0997007
4 47 0.105502
4 48 0.109889
4 49 0.112709
4 50 0.113861
4 51 0.113347
4 52 0.111356
4 53 0.107688
4 54 0.10243
4 55 0.0957835
4 56 0.0877907
4 57 0.0786227
4 58 0.0683995
4 59 0.057389
4 60 0.045627
4 61 0.0334426
4 62 0.0209854
4 63 0.00850287
4 64 -0.00368177
4 65 -0.0154791
4 66 -0.0265533
4 67 -0.0368035
4 68 -0.0457901
4 69 -0.0535445
4 70 -0.0597823
4 71 -0.0643571
4 72 -0.0671998
4 73 -0.06825
4 74 -0.0673432
4 75 -0.0644765
4 76 -0.0597408
4 77 -0.0530981
4 78 -0.0445313
4 79 -0.034351
4 80 -0.0226003
4 81 -0.00938312
4 82 0.00527887
4 83 0.0210802
4 84 0.0377142
4 85 0.0549452
4 86 0.0727262
4 87 0.0906409
4 88 0.108459
4 89 0.125966
4 90 0.142855
4 91 0.159054
4 92 0.174122
4 93 0.187942
4 94 0.200436
4 95 0.211253
4 96 0.220109
4 97 0.22714
4 98 0.232379
4 99 0.235461
4 100 0.0293589
4 101 0

5 0 0
5 1 0.0287166
5 2 0.230337
5 3 0.227358
5 4 0.222351
5 5 0.215459
5 6 0.20671
5 7 0.196257
5 8 0.184264
5 9 0.170947
5 10 0.156387
5 11 0.140863
5 12 0.124439
5 13 0.10755
5 14 0.0904706
5 15 0.0733117
5 16 0.0563281
5 17 0.0397072
5 18 0.02376
5 19 0.00866751
5 20 -0.00532329
5 21 -0.0179918
5 22 -0.0292223
5 23 -0.0388916
5 24 -0.0469147
5 25 -0.0531357
5 26 -0.0574603
5 27 -0.0596709
5 28 -0.0602738
5 29 -0.0588918
5 30 -0.055801
5 31 -0.0511
5 32 -0.0449181
5 33 -0.0371262
5 34 -0.0281928
5 35 -0.0182165
5 36 -0.00733581
5 37 0.00416577
5 38 0.0160067
5 39 0.0279364
5 40 0.0397444
5 41 0.0513219
5 42 0.0623687
5 43 0.072717
5 44 0.0821964
5 45 0.090634
5 46 0.0977497
5 47 0.103551
5 48 0.107964
5 49 0.110809
5 50 0.111923
5 51 0.111497
5 52 0.109533
5 53 0.105893
5 54 0.100624
5 55 0.0939701
5 56 0.0860046
5 57 0.076899
5 58 0.0667206
5 59 0.0557093
5 60 0.0439799
5 61 0.0317798
5 62 0.0193568
5 63 0.00690519
5 64 -0.00534269
5 65 -0.0171169
5 66 -0.0282711
5 67 -0.0384494
5 68 -0.0475124
5 69 -0.0552946
5 70 -0.0616878
5 71 -0.0663491
5 72 -0.0693363
5 73 -0.0704403
5 74 -0.0697358
5 75 -0.0669467
5 76 -0.0624311
5 77 -0.055959
5 78 -0.0476587
5 79 -0.0375796
5 80 -0.0259811
5 81 -0.0128905
5 82 0.00150335
5 83 0.0170043
5 84 0.0334142
5 85 0.0504276
5 86 0.0679431
5 87 0.085598
5 88 0.103224
5 89 0.120545
5 90 0.137244
5 91 0.153225
5 92 0.168068
5 93 0.181717
5 94 0.194065
5 95 0.20474
5 96 0.213497
5 97 0.220465
5 98 0.225597
5 99 0.22862
5 100 0.0285052
5 101 0

6 0 0
6 1 0.0275916
6 2 0.221305
6 3 0.2184
6 4 0.213499
6 5 0.20671
6 6 0.198199
6 7 0.187844
6 8 0.176068
6 9 0.162937
6 10 0.148569
6 11 0.133289
6 12 0.11716
6 13 0.100492
6 14 0.0836196
6 15 0.0667009
6 16 0.0499314
6 17 0.0336185
6 18 0.018001
6 19 0.00322023
6 20 -0.0104947
6 21 -0.0228738
6 22 -0.0338245
6 23 -0.0432159
6 24 -0.0509877
6 25 -0.0569188
6 26 -0.0609443
6 27 -0.0631638
6 28 -0.063546
6 29 -0.0620617
6 30 -0.0588464
6 31 -0.0539999
6 32 -0.0476956
6 33 -0.0398542
6 34 -0.030789
6 35 -0.0207155
6 36 -0.00986055
6 37 0.00171863
6 38 0.0135773
6 39 0.0255179
6 40 0.0374205
6 41 0.0489995
6 42 0.0601424
6 43 0.0704367
6 44 0.0799444
6 45 0.0883954
6 46 0.0954913
6 47 0.101217
6 48 0.105596
6 49 0.10836
6 50 0.109507
6 51 0.109132
6 52 0.107219
6 53 0.103625
6 54 0.0984661
6 55 0.0918352
6 56 0.0839298
6 57 0.0748499
6 58 0.0646935
6 59 0.0536846
6 60 0.0420549
6 61 0.0298278
6 62 0.0174235
6 63 0.00491398
6 64 -0.00738855
6 65 -0.019206
6 66 -0.0303725
6 67 -0.0406113
6 68 -0.049769
6 69 -0.0576586
6 70 -0.064135
6 71 -0.0688839
6 72 -0.0719516
6 73 -0.0732091
6 74 -0.0726625
6 75 -0.0701092
6 76 -0.0657401
6 77 -0.059563
6 78 -0.0515234
6 79 -0.0418052
6 80 -0.0304337
6 81 -0.0175419
6 82 -0.00349295
6 83 0.0116762
6 84 0.0278086
6 85 0.0445612
6 86 0.0618105
6 87 0.0791882
6 88 0.0965485
6 89 0.11365
6 90 0.13011
6 91 0.14582
6 92 0.160411
6 93 0.173856
6 94 0.185988
6 95 0.196447
6 96 0.205169
6 97 0.212002
6 98 0.217016
6 99 0.219947
6 100 0.0274207
6 101 0

7 0 0
7 1 0.0262391
7 2 0.210508
7 3 0.207751
7 4 0.202973
7 5 0.196257
7 6 0.187844
7 7 0.177791
7 8 0.166164
7 9 0.153255
7 10 0.139103
7 11 0.124035
7 12 0.108232
7 13 0.0919619
7 14 0.0753639
7 15 0.0587182
7 16 0.0422637
7 17 0.026252
7 18 0.0109976
7 19 -0.00340048
7 20 -0.0167203
7 21 -0.0287922
7 22 -0.0394545
7 23 -0.0485479
7 24 -0.056016
7 25 -0.0616167
7 26 -0.0654377
7 27 -0.0673847
7 28 -0.0676026
7 29 -0.0659179
7 30 -0.0625338
7 31 -0.0574546
7 32 -0.0509667
7 33 -0.0431313
7 34 -0.033972
7 35 -0.0238438
7 36 -0.0129618
7 37 -0.00135399
7 38 0.0106694
7 39 0.022665
7 40 0.0345664
7 41 0.0462891
7 42 0.0574302
7 43 0.0678086
7 44 0.0773013
7 45 0.0857112
7 46 0.0928021
7 47 0.0985824
7 48 0.102952
7 49 0.105803
7 50 0.107049
7 51 0.106628
7 52 0.104699
7 53 0.101152
7 54 0.0959791
7 55 0.0893957
7 56 0.0814805
7 57 0.0723965
7 58 0.06226
7 59 0.0512568
7 60 0.0395573
7 61 0.0274374
7 62 0.0150111
7 63 0.00249327
7 64 -0.00980139
7 65 -0.0217262
7 66 -0.0329931
7 67 -0.0432245
7 68 -0.0524076
7 69 -0.0604467
7 70 -0.0670317
7 71 -0.0719887
7 72 -0.0753017
7 73 -0.0766911
7 74 -0.076303
7 75 -0.0739787
7 76 -0.0698574
7 77 -0.0639317
7 78 -0.056208
7 79 -0.0467604
7 80 -0.0357737
7 81 -0.023291
7 82 -0.00952282
7 83 0.00529411
7 84 0.0210468
7 85 0.0374721
7 86 0.0543201
7 87 0.071419
7 88 0.0884669
7 89 0.105196
7 90 0.121349
7 91 0.136788
7 92 0.151187
7 93 0.164453
7 94 0.176265
7 95 0.186494
7 96 0.195101
7 97 0.201884
7 98 0.206732
7 99 0.209595
7 100 0.026131
7 101 0

8 0 0
8 1 0.0246937
8 2 0.198129
8 3 0.195489
8 4 0.19081
8 5 0.184264
8 6 0.176068
8 7 0.166164
8 8 0.154778
8 9 0.142046
8 10 0.128197
8 11 0.11346
8 12 0.097997
8 13 0.0820852
8 14 0.0658176
8 15 0.0495767
8 16 0.0335193
8 17 0.0178638
8 18 0.00293546
8 19 -0.0110635
8 20 -0.0240256
8 21 -0.0357198
8 22 -0.0459858
8 23 -0.0547907
8 24 -0.0619192
8 25 -0.0672145
8 26 -0.0706795
8 27 -0.0723616
8 28 -0.0722522
8 29 -0.070452
8 30 -0.0668701
8 31 -0.0615854
8 32 -0.0548552
8 33 -0.0468943
8 34 -0.0376415
8 35 -0.0273833
8 36 -0.0164101
8 37 -0.00471168
8 38 0.0073751
8 39 0.0194623
8 40 0.0314012
8 41 0.0431506
8 42 0.0543784
8 43 0.0648752
8 44 0.0743813
8 45 0.0828247
8 46 0.0899349
8 47 0.0957737
8 48 0.100187
8 49 0.103095
8 50 0.10436
8 51 0.103909
8 52 0.101989
8 53 0.098483
8 54 0.0933082
8 55 0.0867726
8 56 0.0788959
8 57 0.0698235
8 58 0.0596019
8 59 0.0486248
8 60 0.0369093
8 61 0.0247186
8 62 0.0122752
8 63 -0.000205011
8 64 -0.0125501
8 65 -0.024517
8 66 -0.0358524
8 67 -0.0462313
8 68 -0.0555749
8 69 -0.0637375
8 70 -0.0704397
8 71 -0.0755951
8 72 -0.079058
8 73 -0.0807442
8 74 -0.0805677
8 75 -0.0785608
8 76 -0.0747287
8 77 -0.0691445
8 78 -0.0616979
8 79 -0.0526042
8 80 -0.0419863
8 81 -0.0298809
8 82 -0.0164943
8 83 -0.00207509
8 84 0.0132371
8 85 0.0292884
8 86 0.0457614
8 87 0.0624807
8 88 0.0791279
8 89 0.0954988
8 90 0.111307
8 91 0.126429
8 92 0.140544
8 93 0.153542
8 94 0.165142
8 95 0.175157
8 96 0.183639
8 97 0.190203
8 98 0.194886
8 99 0.197716
8 100 0.0246558
8 101 0

9 0 0
9 1 0.0229738
9 2 0.18434
9 3 0.181801
9 4 0.177269
9 5 0.170947
9 6 0.162937
9 7 0.153255
9 8 0.142046
9 9 0.129661
9 10 0.116159
9 11 0.101742
9 12 0.0866392
9 13 0.0710133
9 14 0.055168
9 15 0.0393773
9 16 0.023745
9 17 0.0085204
9 18 -0.00605212
9 19 -0.0196312
9 20 -0.0321368
9 21 -0.0433927
9 22 -0.0532088
9 23 -0.061585
9 24 -0.0682676
9 25 -0.0733106
9 26 -0.07647
9 27 -0.0777848
9 28 -0.0774349
9 29 -0.0753923
9 30 -0.0716193
9 31 -0.0661406
9 32 -0.0592098
9 33 -0.051049
9 34 -0.0416681
9 35 -0.0312512
9 36 -0.0201595
9 37 -0.00839589
9 38 0.00375335
9 39 0.0159575
9 40 0.0280113
9 41 0.0398147
9 42 0.0511016
9 43 0.0616135
9 44 0.0711405
9 45 0.0796212
9 46 0.0868055
9 47 0.092666
9 48 0.0971504
9 49 0.100058
9 50 0.10135
9 51 0.100948
9 52 0.099048
9 53 0.0955631
9 54 0.0904641
9 55 0.0838847
9 56 0.0760527
9 57 0.0669899
9 58 0.0567907
9 59 0.0458417
9 60 0.0340855
9 61 0.0218208
9 62 0.00933562
9 63 -0.00319599
9 64 -0.015579
9 65 -0.0275998
9 66 -0.0390107
9 67 -0.049521
9 68 -0.0590386
9 69 -0.0672921
9 70 -0.0741847
9 71 -0.079505
9 72 -0.0831798
9 73 -0.0851169
9 74 -0.0852431
9 75 -0.083532
9 76 -0.0800253
9 77 -0.0747722
9 78 -0.0677162
9 79 -0.05911
9 80 -0.0489014
9 81 -0.0372617
9 82 -0.0242508
9 83 -0.0103178
9 84 0.00453699
9 85 0.0202528
9 86 0.0362945
9 87 0.0525149
9 88 0.0686775
9 89 0.0846623
9 90 0.100211
9 91 0.114954
9 92 0.128728
9 93 0.141386
9 94 0.152688
9 95 0.162591
9 96 0.170815
9 97 0.17725
9 98 0.181787
9 99 0.184458
9 100 0.0229978
9 101 0

10 0 0
10 1 0.0211059
10 2 0.169356
10 3 0.16691
10 4 0.162542
10 5 0.156387
10 6 0.148569
10 7 0.139103
10 8 0.128197
10 9 0.116159
10 10 0.103058
10 11 0.0889367
10 12 0.0741855
10 13 0.0589623
10 14 0.0435887
10 15 0.0282138
10 16 0.013026
10 17 -0.00172743
10 18 -0.0158244
10 19 -0.0289214
10 20 -0.0409095
10 21 -0.0517521
10 22 -0.0611917
10 23 -0.0690434
10 24 -0.0752984
10 25 -0.0799215
10 26 -0.0827706
10 27 -0.0837736
10 28 -0.0831064
10 29 -0.0807894
10 30 -0.0767054
10 31 -0.0709838
10 32 -0.0638366
10 33 -0.0554234
10 34 -0.0458448
10 35 -0.0353392
10 36 -0.0240965
10 37 -0.0122661
10 38 -5.92706e-05
10 39 0.0122607
10 40 0.0244474
10 41 0.0363267
10 42 0.0476305
10 43 0.0580627
10 44 0.0676323
10 45 0.0762549
10 46 0.083478
10 47 0.0893718
10 48 0.0938635
10 49 0.0967727
10 50 0.0981087
10 51 0.0977809
10 52 0.0959299
10 53 0.0924411
10 54 0.0873655
10 55 0.0808831
10 56 0.0730259
10 57 0.0640037
10 58 0.0538288
10 59 0.0428097
10 60 0.031101
10 61 0.0188081
10 62 0.00627749
10 63 -0.0063054
10 64 -0.0187008
10 65 -0.0307664
10 66 -0.04229
10 67 -0.0529435
10 68 -0.0626054
10 69 -0.0710614
10 70 -0.0780971
10 71 -0.0837
10 72 -0.0876863
10 73 -0.0899249
10 74 -0.0903257
10 75 -0.0889829
10 76 -0.0858522
10 77 -0.0809122
10 78 -0.0743653
10 79 -0.0661852
10 80 -0.0564376
10 81 -0.0452663
10 82 -0.0327349
10 83 -0.0192626
10 84 -0.00494436
10 85 0.0102711
10 86 0.0258888
10 87 0.0416301
10 88 0.0573541
10 89 0.0729022
10 90 0.0880553
10 91 0.10239
10 92 0.115819
10 93 0.128144
10 94 0.139219
10 95 0.14885
10 96 0.156842
10 97 0.163093
10 98 0.167527
10 99 0.170028
10 100 0.0211925
10 101 0

11 0 0
11 1 0.0191218
11 2 0.153388
11 3 0.150985
11 4 0.146776
11 5 0.140863
11 6 0.133289
11 7 0.124035
11 8 0.11346
11 9 0.101742
11 10 0.0889367
11 11 0.0751991
11 12 0.0608453
11 13 0.0460745
11 14 0.0311649
11 15 0.0162888
11 16 0.00154851
11 17 -0.01266
11 18 -0.0261498
11 19 -0.0387893
11 20 -0.0502448
11 21 -0.0606205
11 22 -0.0696311
11 23 -0.0770256
11 24 -0.0828111
11 25 -0.0870435
11 26 -0.0894599
11 27 -0.090126
11 28 -0.0890939
11 29 -0.0864294
11 30 -0.0820168
11 31 -0.076088
11 32 -0.0686796
11 33 -0.0599957
11 34 -0.0502803
11 35 -0.0395883
11 36 -0.0282209
11 37 -0.0162382
11 38 -0.00398589
11 39 0.00841351
11 40 0.0206946
11 41 0.0325785
11 42 0.0440038
11 43 0.0544752
11 44 0.0641259
11 45 0.0728032
11 46 0.0801119
11 47 0.0860187
11 48 0.0905252
11 49 0.0934792
11 50 0.0948122
11 51 0.0945636
11 52 0.0926843
11 53 0.0891951
11 54 0.0841625
11 55 0.0777133
11 56 0.0699416
11 57 0.0609367
11 58 0.050762
11 59 0.0397101
11 60 0.0280661
11 61 0.0157424
11 62 0.0031832
11 63 -0.00944385
11 64 -0.0219466
11 65 -0.0340994
11 66 -0.0457176
11 67 -0.0564313
11 68 -0.066287
11 69 -0.0749728
11 70 -0.0822972
11 71 -0.0881727
11 72 -0.092356
11 73 -0.0949003
11 74 -0.0956845
11 75 -0.094766
11 76 -0.0919987
11 77 -0.0874823
11 78 -0.0813573
11 79 -0.0736728
11 80 -0.0643998
11 81 -0.0537438
11 82 -0.0417063
11 83 -0.0287753
11 84 -0.0149599
11 85 -0.000373953
11 86 0.0146559
11 87 0.0299483
11 88 0.0452533
11 89 0.0603658
11 90 0.0750186
11 91 0.0889015
11 92 0.101949
11 93 0.11399
11 94 0.124792
11 95 0.134179
11 96 0.141903
11 97 0.147999
11 98 0.152301
11 99 0.154627
11 100 0.0192665
11 101 0

12 0 0
12 1 0.0170468
12 2 0.136659
12 3 0.134261
12 4 0.130156
12 5 0.124439
12 6 0.11716
12 7 0.108232
12 8 0.097997
12 9 0.0866392
12 10 0.0741855
12 11 0.0608453
12 12 0.0469555
12 13 0.0326515
12 14 0.0181596
12 15 0.00381389
12 16 -0.0103972
12 17 -0.024044
12 18 -0.0369919
12 19 -0.0490673
12 20 -0.0600777
12 21 -0.0698691
12 22 -0.0783257
12 23 -0.0852388
12 24 -0.090609
12 25 -0.0943555
12 26 -0.0963603
12 27 -0.0966488
12 28 -0.0952718
12 29 -0.0922331
12 30 -0.0874852
12 31 -0.0812744
12 32 -0.073659
12 33 -0.0647511
12 34 -0.054874
12 35 -0.0439654
12 36 -0.0324007
12 37 -0.0202848
12 38 -0.0079271
12 39 0.00453986
12 40 0.0168595
12 41 0.0288188
12 42 0.0402849
12 43 0.0508754
12 44 0.0605818
12 45 0.0692404
12 46 0.0766297
12 47 0.0825919
12 48 0.0871731
12 49 0.0902274
12 50 0.0915783
12 51 0.0913346
12 52 0.089446
12 53 0.0859862
12 54 0.0810049
12 55 0.0745535
12 56 0.0668108
12 57 0.0578073
12 58 0.0476711
12 59 0.0366265
12 60 0.0249864
12 61 0.0126753
12 62 9.64182e-05
12 63 -0.0125746
12 64 -0.0251656
12 65 -0.0374336
12 66 -0.0491914
12 67 -0.0600474
12 68 -0.0700709
12 69 -0.0789348
12 70 -0.0865616
12 71 -0.0926917
12 72 -0.0971569
12 73 -0.0999894
12 74 -0.101197
12 75 -0.100677
12 76 -0.098308
12 77 -0.0942369
12 78 -0.0886127
12 79 -0.0813866
12 80 -0.0726856
12 81 -0.0626
12 82 -0.0511883
12 83 -0.0387537
12 84 -0.0254385
12 85 -0.0113594
12 86 0.00303696
12 87 0.0177595
12 88 0.0325543
12 89 0.0472088
12 90 0.0614042
12 91 0.0748355
12 92 0.0874665
12 93 0.0991363
12 94 0.109598
12 95 0.118668
12 96 0.12616
12 97 0.132045
12 98 0.136229
12 99 0.138481
12 100 0.0172575
12 101 0

13 0 0
13 1 0.014891
13 2 0.119358
13 3 0.117058
13 4 0.11309
13 5 0.10755
13 6 0.100492
13 7 0.0919619
13 8 0.0820852
13 9 0.0710133
13 10 0.0589623
13 11 0.0460745
13 12 0.0326515
13 13 0.0188783
13 14 0.00493007
13 15 -0.00888902
13 16 -0.0225059
13 17 -0.035584
13 18 -0.0479917
13 19 -0.0595771
13 20 -0.0700502
13 21 -0.0793117
13 22 -0.0871953
13 23 -0.0936212
13 24 -0.0984725
13 25 -0.101737
13 26 -0.103239
13 27 -0.103166
13 28 -0.10144
13 29 -0.0980724
13 30 -0.0929816
13 31 -0.0864719
13 32 -0.0786472
13 33 -0.069544
13 34 -0.0593832
13 35 -0.0483065
13 36 -0.0366054
13 37 -0.0244018
13 38 -0.0119166
13 39 0.000640699
13 40 0.0130228
13 41 0.0251289
13 42 0.0366789
13 43 0.0473427
13 44 0.0570778
13 45 0.0657324
13 46 0.073144
13 47 0.0791975
13 48 0.0838479
13 49 0.0869216
13 50 0.0883564
13 51 0.0880902
13 52 0.0862588
13 53 0.0828236
13 54 0.0778877
13 55 0.0714688
13 56 0.063705
13 57 0.0547641
13 58 0.0446706
13 59 0.0336158
13 60 0.0219186
13 61 0.00962724
13 62 -0.00301834
13 63 -0.0157382
13 64 -0.0283824
13 65 -0.0407351
13 66 -0.0525876
13 67 -0.0636172
13 68 -0.0738112
13 69 -0.0828655
13 70 -0.0906026
13 71 -0.0970145
13 72 -0.101835
13 73 -0.105105
13 74 -0.10672
13 75 -0.106615
13 76 -0.104672
13 77 -0.101147
13 78 -0.0959902
13 79 -0.0892395
13 80 -0.0810312
13 81 -0.0714978
13 82 -0.0606897
13 83 -0.0489122
13 84 -0.036142
13 85 -0.0226386
13 86 -0.00882036
13 87 0.00530723
13 88 0.0195236
13 89 0.0336572
13 90 0.0473578
13 91 0.0603651
13 92 0.0725739
13 93 0.0838212
13 94 0.0939015
13 95 0.102637
13 96 0.109843
13 97 0.115564
13 98 0.119577
13 99 0.121781
13 100 0.0151814
13 101 0

14 0 0
14 1 0.0126858
14 2 0.101721
14 3 0.0995877
14 4 0.0957671
14 5 0.0904706
14 6 0.0836196
14 7 0.0753639
14 8 0.0658176
14 9 0.055168
14 10 0.0435887
14 11 0.0311649
14 12 0.0181596
14 13 0.00493007
14 14 -0.00845356
14 15 -0.0217036
14 16 -0.03469
14 17 -0.0472237
14 18 -0.0590754
14 19 -0.070095
14 20 -0.0800368
14 21 -0.0887379
14 22 -0.0960239
14 23 -0.10195
14 24 -0.106255
14 25 -0.109059
14 26 -0.110173
14 27 -0.109658
14 28 -0.107604
14 29 -0.103818
14 30 -0.098387
14 31 -0.0915304
14 32 -0.0834102
14 33 -0.0740777
14 34 -0.0636755
14 35 -0.052481
14 36 -0.0406331
14 37 -0.0283685
14 38 -0.0157388
14 39 -0.00311713
14 40 0.00934252
14 41 0.0215326
14 42 0.0330472
14 43 0.0438262
14 44 0.0536566
14 45 0.0623583
14 46 0.0698105
14 47 0.0759208
14 48 0.0805404
14 49 0.0836048
14 50 0.0851158
14 51 0.0849317
14 52 0.0831339
14 53 0.0797493
14 54 0.0748419
14 55 0.0684624
14 56 0.0606782
14 57 0.0517811
14 58 0.0417242
14 59 0.0306868
14 60 0.0189523
14 61 0.00666035
14 62 -0.00601054
14 63 -0.0187523
14 64 -0.0313635
14 65 -0.0438069
14 66 -0.0557117
14 67 -0.06687
14 68 -0.0772632
14 69 -0.0865346
14 70 -0.0944997
14 71 -0.10126
14 72 -0.10653
14 73 -0.110162
14 74 -0.112179
14 75 -0.112399
14 76 -0.110885
14 77 -0.107902
14 78 -0.103289
14 79 -0.0971229
14 80 -0.0894111
14 81 -0.0804117
14 82 -0.0702067
14 83 -0.0590722
14 84 -0.0469571
14 85 -0.0340996
14 86 -0.0208208
14 87 -0.00723092
14 88 0.00636718
14 89 0.0199292
14 90 0.0330833
14 91 0.0456175
14 92 0.057407
14 93 0.0682825
14 94 0.0780583
14 95 0.0864081
14 96 0.0933078
14 97 0.0988317
14 98 0.10261
14 99 0.104724
14 100 0.0130586
14 101 0

15 0 0
15 1 0.010469
15 2 0.0839958
15 3 0.0820504
15 4 0.0784237
15 5 0.0733117
15 6 0.0667009
15 7 0.0587182
15 8 0.0495767
15 9 0.0393773
15 10 0.0282138
15 11 0.0162888
15 12 0.00381389
15 13 -0.00888902
15 14 -0.0217036
15 15 -0.0344001
15 16 -0.0468279
15 17 -0.0587951
15 18 -0.0700842
15 19 -0.0804846
15 20 -0.0898541
15 21 -0.0979329
15 22 -0.104657
15 23 -0.110002
15 24 -0.113922
15 25 -0.11623
15 26 -0.116859
15 27 -0.115967
15 28 -0.113433
15 29 -0.109277
15 30 -0.103552
15 31 -0.0963756
15 32 -0.0879942
15 33 -0.0784302
15 34 -0.0678474
15 35 -0.0564232
15 36 -0.0444358
15 37 -0.0320585
15 38 -0.0193437
15 39 -0.0065903
15 40 0.0059995
15 41 0.0181999
15 42 0.0296463
15 43 0.0404395
15 44 0.0503752
15 45 0.0591101
15 46 0.0665973
15 47 0.0727
15 48 0.0773532
15 49 0.0804025
15 50 0.0819142
15 51 0.0818608
15 52 0.0800977
15 53 0.0766869
15 54 0.0718702
15 55 0.0655453
15 56 0.0578599
15 57 0.0489541
15 58 0.0389243
15 59 0.0279807
15 60 0.0162831
15 61 0.00400049
15 62 -0.00870467
15 63 -0.0214497
15 64 -0.0341248
15 65 -0.0466223
15 66 -0.0585585
15 67 -0.0698955
15 68 -0.0805659
15 69 -0.0900793
15 70 -0.098297
15 71 -0.105259
15 72 -0.11081
15 73 -0.114801
15 74 -0.117229
15 75 -0.117954
15 76 -0.116975
15 77 -0.114445
15 78 -0.110358
15 79 -0.104739
15 80 -0.0976487
15 81 -0.0891972
15 82 -0.0796537
15 83 -0.0691359
15 84 -0.0576781
15 85 -0.0454491
15 86 -0.0327103
15 87 -0.0196893
15 88 -0.0066766
15 89 0.00629732
15 90 0.0189475
15 91 0.0309731
15 92 0.0422474
15 93 0.0527035
15 94 0.0620655
15 95 0.0700545
15 96 0.0767132
15 97 0.0819759
15 98 0.0855926
15 99 0.0875597
15 100 0.0109162
15 101 0

16 0 0
16 1 0.00828112
16 2 0.0664661
16 3 0.0646624
16 4 0.0612444
16 5 0.0563281
16 6 0.0499314
16 7 0.0422637
16 8 0.0335193
16 9 0.023745
16 10 0.013026
16 11 0.00154851
16 12 -0.0103972
16 13 -0.0225059
16 14 -0.03469
16 15 -0.0468279
16 16 -0.0585967
16 17 -0.0699575
16 18 -0.0806983
16 19 -0.0904853
16 20 -0.0992262
16 21 -0.106878
16 22 -0.113044
16 23 -0.117794
16 24 -0.121187
16 25 -0.123004
16 26 -0.123187
16 27 -0.121836
16 28 -0.118863
16 29 -0.114344
16 30 -0.108372
16 31 -0.100908
16 32 -0.0922653
16 33 -0.0825019
16 34 -0.0716646
16 35 -0.0601057
16 36 -0.0479558
16 37 -0.0354213
16 38 -0.0226294
16 39 -0.00979781
16 40 0.00288804
16 41 0.0151889
16 42 0.0266644
16 43 0.0375049
16 44 0.0473724
16 45 0.0561227
16 46 0.0636504
16 47 0.0697224
16 48 0.0743449
16 49 0.0774841
16 50 0.079057
16 51 0.0789983
16 52 0.0772534
16 53 0.0738757
16 54 0.0691227
16 55 0.0629108
16 56 0.0553135
16 57 0.0465088
16 58 0.0364868
16 59 0.0255778
16 60 0.0139023
16 61 0.00167747
16 62 -0.0110506
16 63 -0.0238566
16 64 -0.0366188
16 65 -0.0491715
16 66 -0.061142
16 67 -0.0726245
16 68 -0.0834544
16 69 -0.0931969
16 70 -0.101711
16 71 -0.108924
16 72 -0.11474
16 73 -0.1191
16 74 -0.121923
16 75 -0.123135
16 76 -0.122694
16 77 -0.12062
16 78 -0.117061
16 79 -0.112049
16 80 -0.105505
16 81 -0.09772
16 82 -0.0887642
16 83 -0.0787807
16 84 -0.0679383
16 85 -0.0563908
16 86 -0.0442729
16 87 -0.0319632
16 88 -0.0195761
16 89 -0.00720837
16 90 0.00488838
16 91 0.0164874
16 92 0.0272808
16 93 0.0372269
16 94 0.0461834
16 95 0.0538518
16 96 0.0602511
16 97 0.0653101
16 98 0.0687583
16 99 0.0705339
16 100 0.00878531
16 101 0

17 0 0
17 1 0.00616012
17 2 0.0493753
17 3 0.0476067
17 4 0.0443127
17 5 0.0397072
17 6 0.0336185
17 7 0.026252
17 8 0.0178638
17 9 0.0085204
17 10 -0.00172743
17 11 -0.01266
17 12 -0.024044
17 13 -0.035584
17 14 -0.0472237
17 15 -0.0587951
17 16 -0.0699575
17 17 -0.0806779
17 18 -0.0908138
17 19 -0.0999807
17 20 -0.108176
17 21 -0.11525
17 22 -0.120921
17 23 -0.125103
17 24 -0.127981
17 25 -0.129272
17 26 -0.129019
17 27 -0.127212
17 28 -0.123843
17 29 -0.118964
17 30 -0.112719
17 31 -0.104966
17 32 -0.0960181
17 33 -0.0859923
17 34 -0.0749782
17 35 -0.0632537
17 36 -0.050979
17 37 -0.0383746
17 38 -0.0255378
17 39 -0.0126805
17 40 1.29669e-06
17 41 0.0123733
17 42 0.0239981
17 43 0.0348676
17 44 0.0446829
17 45 0.0534223
17 46 0.0609874
17 47 0.0670723
17 48 0.0716591
17 49 0.0748484
17 50 0.0764601
17 51 0.0764622
17 52 0.0747731
17 53 0.071456
17 54 0.0667126
17 55 0.0605775
17 56 0.0530725
17 57 0.0443522
17 58 0.0344189
17 59 0.0234773
17 60 0.0118108
17 61 -0.000402065
17 62 -0.013116
17 63 -0.0259176
17 64 -0.0387236
17 65 -0.051282
17 66 -0.0633267
17 67 -0.0749034
17 68 -0.085802
17 69 -0.0957215
17 70 -0.104549
17 71 -0.112066
17 72 -0.118252
17 73 -0.122982
17 74 -0.12618
17 75 -0.127814
17 76 -0.127889
17 77 -0.126313
17 78 -0.123346
17 79 -0.118865
17 80 -0.112944
17 81 -0.10575
17 82 -0.0973755
17 83 -0.0879366
17 84 -0.0777403
17 85 -0.0668352
17 86 -0.0554399
17 87 -0.0437991
17 88 -0.0320244
17 89 -0.0202303
17 90 -0.00872456
17 91 0.00230786
17 92 0.0126125
17 93 0.0221499
17 94 0.0307513
17 95 0.0380876
17 96 0.0441608
17 97 0.0489271
17 98 0.0521633
17 99 0.0539033
17 100 0.00672102
17 101 0

18 0 0
18 1 0.00411839
18 2 0.0329416
18 3 0.0312283
18 4 0.0281257
18 5 0.02376
18 6 0.018001
18 7 0.0109976
18 8 0.00293546
18 9 -0.00605212
18 10 -0.0158244
18 11 -0.0261498
18 12 -0.0369919
18 13 -0.0479917
18 14 -0.0590754
18 15 -0.0700842
18 16 -0.0806983
18 17 -0.0908138
18 18 -0.100312
18 19 -0.108939
18 20 -0.116477
18 21 -0.122885
18 22 -0.128014
18 23 -0.131695
18 24 -0.13409
18 25 -0.134865
18 26 -0.134096
18 27 -0.131874
18 28 -0.128172
18 29 -0.122946
18 30 -0.116337
18 31 -0.108354
18 32 -0.0991455
18 33 -0.0889844
18 34 -0.0778574
18 35 -0.0659431
18 36 -0.0535632
18 37 -0.0408334
18 38 -0.0279666
18 39 -0.0150655
18 40 -0.00234802
18 41 0.00994189
18 42 0.021622
18 43 0.0325089
18 44 0.0422762
18 45 0.051051
18 46 0.0585811
18 47 0.064723
18 48 0.0693025
18 49 0.0725318
18 50 0.0741491
18 51 0.0742104
18 52 0.0726106
18 53 0.0693625
18 54 0.0646055
18 55 0.058581
18 56 0.0511225
18 57 0.0424756
18 58 0.0325451
18 59 0.0216883
18 60 0.0101401
18 61 -0.00210346
18 62 -0.0147236
18 63 -0.0274537
18 64 -0.0402782
18 65 -0.0528782
18 66 -0.065077
18 67 -0.0767771
18 68 -0.0877651
18 69 -0.0977578
18 70 -0.106715
18 71 -0.114571
18 72 -0.121064
18 73 -0.126131
18 74 -0.12976
18 75 -0.131828
18 76 -0.132402
18 77 -0.131375
18 78 -0.128918
18 79 -0.125007
18 80 -0.119719
18 81 -0.113123
18 82 -0.105365
18 83 -0.0966067
18 84 -0.087037
18 85 -0.0767714
18 86 -0.0659674
18 87 -0.0549118
18 88 -0.0437409
18 89 -0.0325747
18 90 -0.0216999
18 91 -0.0112232
18 92 -0.00142136
18 93 0.00766879
18 94 0.0158687
18 95 0.0229313
18 96 0.0286651
18 97 0.0331131
18 98 0.0361795
18 99 0.0378838
18 100 0.00473187
18 101 0

19 0 0
19 1 0.00217039
19 2 0.0173717
19 3 0.0158366
19 4 0.0128771
19 5 0.00866751
19 6 0.00322023
19 7 -0.00340048
19 8 -0.0110635
19 9 -0.0196312
19 10 -0.0289214
19 11 -0.0387893
19 12 -0.0490673
19 13 -0.0595771
19 14 -0.070095
19 15 -0.0804846
19 16 -0.0904853
19 17 -0.0999807
19 18 -0.108939
19 19 -0.116949
19 20 -0.123865
19 21 -0.129666
19 22 -0.134243
19 23 -0.137478
19 24 -0.139319
19 25 -0.139587
19 26 -0.138409
19 27 -0.135735
19 28 -0.131708
19 29 -0.12605
19 30 -0.119188
19 31 -0.111034
19 32 -0.101698
19 33 -0.0914409
19 34 -0.0801589
19 35 -0.0680715
19 36 -0.0555414
19 37 -0.0427388
19 38 -0.0298639
19 39 -0.0170181
19 40 -0.0042317
19 41 0.00807847
19 42 0.0197048
19 43 0.0304812
19 44 0.0402311
19 45 0.0489749
19 46 0.0565407
19 47 0.0627031
19 48 0.0673347
19 49 0.0705534
19 50 0.0721948
19 51 0.0722723
19 52 0.0707662
19 53 0.0675925
19 54 0.0629242
19 55 0.0569124
19 56 0.04951
19 57 0.0409152
19 58 0.0311045
19 59 0.0203369
19 60 0.0088879
19 61 -0.00329398
19 62 -0.0158176
19 63 -0.0285113
19 64 -0.0413129
19 65 -0.0539667
19 66 -0.0662773
19 67 -0.0780153
19 68 -0.089075
19 69 -0.0992192
19 70 -0.108311
19 71 -0.116361
19 72 -0.123182
19 73 -0.128553
19 74 -0.132593
19 75 -0.135088
19 76 -0.13611
19 77 -0.135563
19 78 -0.133637
19 79 -0.130272
19 80 -0.12561
19 81 -0.119611
19 82 -0.112504
19 83 -0.10447
19 84 -0.0955721
19 85 -0.0859127
19 86 -0.0756966
19 87 -0.0652156
19 88 -0.0546804
19 89 -0.044112
19 90 -0.0337305
19 91 -0.02385
19 92 -0.0145343
19 93 -0.00596108
19 94 0.0017837
19 95 0.00847729
19 96 0.0139723
19 97 0.0181836
19 98 0.0210773
19 99 0.0226637
19 100 0.00283402
19 101 0

20 0 0
20 1 0.000367781
20 2 0.00288254
20 3 0.00144344
20 4 -0.00126772
20 5 -0.00532329
20 6 -0.0104947
20 7 -0.0167203
20 8 -0.0240256
20 9 -0.0321368
20 10 -0.0409095
20 11 -0.0502448
20 12 -0.0600777
20 13 -0.0700502
20 14 -0.0800368
20 15 -0.0898541
20 16 -0.0992262
20 17 -0.108176
20 18 -0.116477
20 19 -0.123865
20 20 -0.130186
20 21 -0.135412
20 22 -0.139461
20 23 -0.142217
20 24 -0.143552
20 25 -0.1434
20 26 -0.141854
20 27 -0.138808
20 28 -0.134364
20 29 -0.12852
20 30 -0.12129
20 31 -0.112945
20 32 -0.103487
20 33 -0.0930606
20 34 -0.0817377
20 35 -0.0695429
20 36 -0.0569557
20 37 -0.0440782
20 38 -0.0311818
20 39 -0.0183453
20 40 -0.00559465
20 41 0.00671347
20 42 0.0182582
20 43 0.0289708
20 44 0.0387297
20 45 0.0474352
20 46 0.054945
20 47 0.0611438
20 48 0.0657891
20 49 0.0689652
20 50 0.0705985
20 51 0.0706601
20 52 0.0691895
20 53 0.0661706
20 54 0.0616311
20 55 0.0557171
20 56 0.0483461
20 57 0.0398433
20 58 0.0301722
20 59 0.0195117
20 60 0.00816234
20 61 -0.00389677
20 62 -0.0164064
20 63 -0.0290808
20 64 -0.0418302
20 65 -0.054503
20 66 -0.0668252
20 67 -0.0785059
20 68 -0.0896823
20 69 -0.100026
20 70 -0.109289
20 71 -0.117501
20 72 -0.124497
20 73 -0.130206
20 74 -0.134573
20 75 -0.137509
20 76 -0.138954
20 77 -0.138837
20 78 -0.137396
20 79 -0.134611
20 80 -0.130473
20 81 -0.125116
20 82 -0.118639
20 83 -0.111287
20 84 -0.103058
20 85 -0.0940108
20 86 -0.0844233
20 87 -0.0746079
20 88 -0.064631
20 89 -0.054606
20 90 -0.0448126
20 91 -0.0354267
20 92 -0.0267245
20 93 -0.0186107
20 94 -0.0112581
20 95 -0.00492373
20 96 0.000265357
20 97 0.00417864
20 98 0.00691191
20 99 0.00843826
20 100 0.00106662
20 101 0

21 0 0
21 1 -0.0012756
21 2 -0.0103274
21 3 -0.0116818
21 4 -0.0141569
21 5 -0.0179918
21 6 -0.0228738
21 7 -0.0287922
21 8 -0.0357198
21 9 -0.0433927
21 10 -0.0517521
21 11 -0.0606205
21 12 -0.0698691
21 13 -0.0793117
21 14 -0.0887379
21 15 -0.0979329
21 16 -0.106878
21 17 -0.11525
21 18 -0.122885
21 19 -0.129666
21 20 -0.135412
21 21 -0.14021
21 22 -0.143743
21 23 -0.145957
21 24 -0.146806
21 25 -0.146189
21 26 -0.144261
21 27 -0.140959
21 28 -0.136148
21 29 -0.130108
21 30 -0.122682
21 31 -0.114051
21 32 -0.104411
21 33 -0.0938386
21 34 -0.082407
21 35 -0.0702891
21 36 -0.0577105
21 37 -0.0448317
21 38 -0.0319179
21 39 -0.0190355
21 40 -0.00634969
21 41 0.00584271
21 42 0.0173762
21 43 0.028039
21 44 0.0377618
21 45 0.0464142
21 46 0.0537968
21 47 0.0598989
21 48 0.0645953
21 49 0.0677739
21 50 0.0694288
21 51 0.0695576
21 52 0.0680816
21 53 0.0650715
21 54 0.0606322
21 55 0.0547471
21 56 0.047603
21 57 0.0392912
21 58 0.0297535
21 59 0.0192261
21 60 0.00793427
21 61 -0.00400572
21 62 -0.0164281
21 63 -0.0290576
21 64 -0.0417486
21 65 -0.0543506
21 66 -0.0665691
21 67 -0.078342
21 68 -0.0895792
21 69 -0.100002
21 70 -0.109478
21 71 -0.117838
21 72 -0.124997
21 73 -0.131041
21 74 -0.135692
21 75 -0.138983
21 76 -0.140791
21 77 -0.141158
21 78 -0.14027
21 79 -0.138039
21 80 -0.134422
21 81 -0.129639
21 82 -0.12374
21 83 -0.117045
21 84 -0.10942
21 85 -0.100969
21 86 -0.0920557
21 87 -0.0828464
21 88 -0.0735172
21 89 -0.0641028
21 90 -0.0548267
21 91 -0.0459292
21 92 -0.0377869
21 93 -0.0300891
21 94 -0.0230859
21 95 -0.0170876
21 96 -0.0121747
21 97 -0.00860283
21 98 -0.00601796
21 99 -0.00462003
21 100 -0.000564695
21 101 0

22 0 0
22 1 -0.00274622
22 2 -0.0220903
22 3 -0.0232952
22 4 -0.0256234
22 5 -0.0292223
22 6 -0.0338245
22 7 -0.0394545
22 8 -0.0459858
22 9 -0.0532088
22 10 -0.0611917
22 11 -0.0696311
22 12 -0.0783257
22 13 -0.0871953
22 14 -0.0960239
22 15 -0.104657
22 16 -0.113044
22 17 -0.120921
22 18 -0.128014
22 19 -0.134243
22 20 -0.139461
22 21 -0.143743
22 22 -0.146757
22 23 -0.1485
22 24 -0.148831
22 25 -0.147921
22 26 -0.145597
22 27 -0.142024
22 28 -0.136954
22 29 -0.130643
22 30 -0.122954
22 31 -0.114197
22 32 -0.104371
22 33 -0.0936994
22 34 -0.0822128
22 35 -0.0701175
22 36 -0.0576201
22 37 -0.0447978
22 38 -0.0318989
22 39 -0.0190519
22 40 -0.00655484
22 41 0.00548864
22 42 0.0169308
22 43 0.0275096
22 44 0.0371896
22 45 0.0457816
22 46 0.0530635
22 47 0.059053
22 48 0.0637682
22 49 0.0669297
22 50 0.0686114
22 51 0.0687844
22 52 0.0673599
22 53 0.0643624
22 54 0.0599606
22 55 0.0541985
22 56 0.0472171
22 57 0.0391195
22 58 0.0297525
22 59 0.0193817
22 60 0.00819607
22 61 -0.00352912
22 62 -0.0157965
22 63 -0.0283234
22 64 -0.0408866
22 65 -0.0533937
22 66 -0.0655961
22 67 -0.0773757
22 68 -0.0886143
22 69 -0.0991132
22 70 -0.108614
22 71 -0.117203
22 72 -0.124613
22 73 -0.130895
22 74 -0.135839
22 75 -0.139447
22 76 -0.141552
22 77 -0.142424
22 78 -0.141965
22 79 -0.140306
22 80 -0.13724
22 81 -0.133053
22 82 -0.127698
22 83 -0.121561
22 84 -0.114522
22 85 -0.106725
22 86 -0.098405
22 87 -0.089773
22 88 -0.0811141
22 89 -0.0723071
22 90 -0.0635317
22 91 -0.0551553
22 92 -0.0473789
22 93 -0.0401505
22 94 -0.033652
22 95 -0.0280067
22 96 -0.0234223
22 97 -0.0200341
22 98 -0.0176103
22 99 -0.0163475
22 100 -0.00202913
22 101 0

23 0 0
23 1 -0.00400862
23 2 -0.0322411
23 3 -0.033365
23 4 -0.0355254
23 5 -0.0388916
23 6 -0.0432159
23 7 -0.0485479
23 8 -0.0547907
23 9 -0.061585
23 10 -0.0690434
23 11 -0.0770256
23 12 -0.0852388
23 13 -0.0936212
23 14 -0.10195
23 15 -0.110002
23 16 -0.117794
23 17 -0.125103
23 18 -0.131695
23 19 -0.137478
23 20 -0.142217
23 21 -0.145957
23 22 -0.1485
23 23 -0.149749
23 24 -0.149786
23 25 -0.148512
23 26 -0.145856
23 27 -0.141972
23 28 -0.13669
23 29 -0.130093
23 30 -0.122261
23 31 -0.113328
23 32 -0.103448
23 33 -0.0926637
23 34 -0.0811752
23 35 -0.069103
23 36 -0.0566851
23 37 -0.0440207
23 38 -0.0312653
23 39 -0.0185393
23 40 -0.00616142
23 41 0.00571386
23 42 0.016994
23 43 0.0274594
23 44 0.0369854
23 45 0.0455155
23 46 0.0527471
23 47 0.0586937
23 48 0.0633777
23 49 0.0664804
23 50 0.0680636
23 51 0.0682971
23 52 0.0669128
23 53 0.0640448
23 54 0.0597706
23 55 0.0541335
23 56 0.0473186
23 57 0.039267
23 58 0.0300803
23 59 0.0199531
23 60 0.0089803
23 61 -0.00255199
23 62 -0.0145985
23 63 -0.0268976
23 64 -0.0392941
23 65 -0.0516892
23 66 -0.0638224
23 67 -0.0755825
23 68 -0.0868698
23 69 -0.0973094
23 70 -0.106985
23 71 -0.115715
23 72 -0.123276
23 73 -0.129734
23 74 -0.13496
23 75 -0.138848
23 76 -0.141383
23 77 -0.142605
23 78 -0.142581
23 79 -0.141327
23 80 -0.138835
23 81 -0.135224
23 82 -0.130415
23 83 -0.12475
23 84 -0.118242
23 85 -0.111064
23 86 -0.103408
23 87 -0.0954076
23 88 -0.0872967
23 89 -0.0790958
23 90 -0.0708794
23 91 -0.06295
23 92 -0.0556233
23 93 -0.0488336
23 94 -0.0427681
23 95 -0.0374711
23 96 -0.0331349
23 97 -0.03
23 98 -0.0277248
23 99 -0.0265796
23 100 -0.00330418
23 101 0

24 0 0
24 1 -0.00506352
24 2 -0.0406497
24 3 -0.0416124
24 4 -0.0436826
24 5 -0.0469147
24 6 -0.0509877
24 7 -0.056016
24 8 -0.0619192
24 9 -0.0682676
24 10 -0.0752984
24 11 -0.0828111
24 12 -0.090609
24 13 -0.0984725
24 14 -0.106255
24 15 -0.113922
24 16 -0.121187
24 17 -0.127981
24 18 -0.13409
24 19 -0.139319
24 20 -0.143552
24 21 -0.146806
24 22 -0.148831
24 23 -0.149786
24 24 -0.149468
24 25 -0.14799
24 26 -0.145011
24 27 -0.140772
24 28 -0.1353
24 29 -0.128535
24 30 -0.120535
24 31 -0.111608
24 32 -0.101556
24 33 -0.0907709
24 34 -0.0793039
24 35 -0.067353
24 36 -0.0550771
24 37 -0.0425165
24 38 -0.0298537
24 39 -0.0173708
24 40 -0.00517883
24 41 0.00652145
24 42 0.0176478
24 43 0.0279158
24 44 0.0372975
24 45 0.045717
24 46 0.0527915
24 47 0.0586437
24 48 0.0632066
24 49 0.0663169
24 50 0.0680522
24 51 0.0682089
24 52 0.0668703
24 53 0.0640712
24 54 0.0598933
24 55 0.0544903
24 56 0.0477184
24 57 0.0399139
24 58 0.0309657
24 59 0.0210458
24 60 0.0102578
24 61 -0.001037
24 62 -0.012798
24 63 -0.0249083
24 64 -0.0370625
24 65 -0.0493506
24 66 -0.0613904
24 67 -0.0730021
24 68 -0.084201
24 69 -0.0947705
24 70 -0.104408
24 71 -0.113322
24 72 -0.12099
24 73 -0.127554
24 74 -0.133027
24 75 -0.137255
24 76 -0.140125
24 77 -0.141737
24 78 -0.142017
24 79 -0.141173
24 80 -0.139084
24 81 -0.136049
24 82 -0.131776
24 83 -0.126673
24 84 -0.120724
24 85 -0.114161
24 86 -0.107103
24 87 -0.0995786
24 88 -0.0919695
24 89 -0.084295
24 90 -0.0766701
24 91 -0.06934
24 92 -0.0623946
24 93 -0.0559866
24 94 -0.0503223
24 95 -0.045368
24 96 -0.0413863
24 97 -0.0383216
24 98 -0.0362112
24 99 -0.035181
24 100 -0.00437783
24 101 0

25 0 0
25 1 -0.0058775
25 2 -0.0472013
25 3 -0.0481038
25 4 -0.0500748
25 5 -0.0531357
25 6 -0.0569188
25 7 -0.0616167
25 8 -0.0672145
25 9 -0.0733106
25 10 -0.0799215
25 11 -0.0870435
25 12 -0.0943555
25 13 -0.101737
25 14 -0.109059
25 15 -0.11623
25 16 -0.123004
25 17 -0.129272
25 18 -0.134865
25 19 -0.139587
25 20 -0.1434
25 21 -0.146189
25 22 -0.147921
25 23 -0.148512
25 24 -0.14799
25 25 -0.146097
25 26 -0.1428
25 27 -0.138273
25 28 -0.132646
25 29 -0.125762
25 30 -0.117794
25 31 -0.108832
25 32 -0.0988475
25 33 -0.0880091
25 34 -0.0766522
25 35 -0.0647633
25 36 -0.0525752
25 37 -0.0401956
25 38 -0.027805
25 39 -0.015502
25 40 -0.00350526
25 41 0.00793486
25 42 0.0188417
25 43 0.0289412
25 44 0.0381368
25 45 0.0463759
25 46 0.0533046
25 47 0.0590192
25 48 0.0634799
25 49 0.0665275
25 50 0.0682109
25 51 0.0684449
25 52 0.0671964
25 53 0.0645528
25 54 0.0604524
25 55 0.0551204
25 56 0.0486515
25 57 0.0409876
25 58 0.0322759
25 59 0.0226583
25 60 0.0121874
25 61 0.00107577
25 62 -0.0104711
25 63 -0.0222665
