0 0 0
0 1 0
0 2 0
0 3 0
0 4 0
0 5 0
0 6 0
0 7 0
0 8 0
0 9 0
0 10 0
0 11 0
0 12 0
0 13 0
0 14 0
0 15 0
0 16 0
0 17 0
0 18 0
0 19 0
0 20 0
0 21 0
0 22 0
0 23 0
0 24 0
0 25 0
0 26 0
0 27 0
0 28 0
0 29 0
0 30 0
0 31 0
0 32 0
0 33 0
0 34 0
0 35 0
0 36 0
0 37 0
0 38 0
0 39 0
0 40 0
0 41 0
0 42 0
0 43 0
0 44 0
0 45 0
0 46 0
0 47 0
0 48 0
0 49 0
0 50 0
0 51 0
0 52 0
0 53 0
0 54 0
0 55 0
0 56 0
0 57 0
0 58 0
0 59 0
0 60 0
0 61 0
0 62 0
0 63 0
0 64 0
0 65 0
0 66 0
0 67 0
0 68 0
0 69 0
0 70 0
0 71 0
0 72 0
0 73 0
0 74 0
0 75 0
0 76 0
0 77 0
0 78 0
0 79 0
0 80 0
0 81 0
0 82 0
0 83 0
0 84 0
0 85 0
0 86 0
0 87 0
0 88 0
0 89 0
0 90 0
0 91 0
0 92 0
0 93 0
0 94 0
0 95 0
0 96 0
0 97 0
0 98 0
0 99 0
0 100 0
0 101 0

1 0 0
1 1 0
1 2 0.150004
1 3 0.148448
1 4 0.145696
1 5 0.141773
1 6 0.136746
1 7 0.130691
1 8 0.123699
1 9 0.115862
1 10 0.107325
1 11 0.0982321
1 12 0.088735
1 13 0.0789607
1 14 0.0690629
1 15 0.059211
1 16 0.049547
1 17 0.0402339
1 18 0.031423
1 19 0.0232358
1 20 0.0158162
1 21 0.00927495
1 22 0.00370705
1 23 -0.000806865
1 24 -0.00418633
1 25 -0.0063917
1 26 -0.00738459
1 27 -0.00715411
1 28 -0.00571631
1 29 -0.00310771
1 30 0.000623151
1 31 0.00543232
1 32 0.0112164
1 33 0.01787
1 34 0.0252907
1 35 0.0333467
1 36 0.0418928
1 37 0.0507948
1 38 0.0598997
1 39 0.0690592
1 40 0.0781194
1 41 0.0869185
1 42 0.0953271
1 43 0.103188
1 44 0.110375
1 45 0.116766
1 46 0.122258
1 47 0.126756
1 48 0.130188
1 49 0.132492
1 50 0.133618
1 51 0.133569
1 52 0.132329
1 53 0.129923
1 54 0.126393
1 55 0.121803
1 56 0.116228
1 57 0.109744
1 58 0.102469
1 59 0.094527
1 60 0.0860535
1 61 0.077182
1 62 0.0680667
1 63 0.0588527
1 64 0.049694
1 65 0.0407482
1 66 0.0321668
1 67 0.0240917
1 68 0.0166523
1 69 0.00997778
1 70 0.00419798
1 71 -0.000587834
1 72 -0.00430696
1 73 -0.00689604
1 74 -0.00830613
1 75 -0.0084939
1 76 -0.00746234
1 77 -0.00520872
1 78 -0.00176387
1 79 0.00279927
1 80 0.00843394
1 81 0.0150478
1 82 0.0225283
1 83 0.0307622
1 84 0.039642
1 85 0.0490187
1 86 0.0587382
1 87 0.068653
1 88 0.0786087
1 89 0.0884445
1 90 0.0980104
1 91 0.10716
1 92 0.115745
1 93 0.123614
1 94 0.130652
1 95 0.136746
1 96 0.141809
1 97 0.145755
1 98 0.148533
1 99 0.150091
1 100 0
1 101 0

2 0 0
2 1 0.150004
2 2 1.20548
2 3 1.19307
2 4 1.17092
2 5 1.13939
2 6 1.09895
2 7 1.05022
2 8 0.993966
2 9 0.931062
2 10 0.862521
2 11 0.789485
2 12 0.713107
2 13 0.634543
2 14 0.555035
2 15 0.475836
2 16 0.398194
2 17 0.323355
2 18 0.252509
2 19 0.186748
2 20 0.127097
2 21 0.0744922
2 22 0.0297284
2 23 -0.00651599
2 24 -0.033695
2 25 -0.0513952
2 26 -0.0593638
2 27 -0.0575284
2 28 -0.0459996
2 29 -0.0250197
2 30 0.00503395
2 31 0.0436481
2 32 0.0901188
2 33 0.143614
2 34 0.203221
2 35 0.267927
2 36 0.336629
2 37 0.40818
2 38 0.481371
2 39 0.554979
2 40 0.627766
2 41 0.698517
2 42 0.766056
2 43 0.829233
2 44 0.88699
2 45 0.938373
2 46 0.982515
2 47 1.01867
2 48 1.04623
2 49 1.06473
2 50 1.07383
2 51 1.07341
2 52 1.06345
2 53 1.04413
2 54 1.01578
2 55 0.978868
2 56 0.933997
2 57 0.881907
2 58 0.823459
2 59 0.759641
2 60 0.691538
2 61 0.620256
2 62 0.546982
2 63 0.472934
2 64 0.399339
2 65 0.327452
2 66 0.25847
2 67 0.193546
2 68 0.133777
2 69 0.0801911
2 70 0.0337355
2 71 -0.00476972
2 72 -0.0346724
2 73 -0.0554578
2 74 -0.0667395
2 75 -0.0682624
2 76 -0.059954
2 77 -0.0418772
2 78 -0.0142708
2 79 0.0224465
2 80 0.0677149
2 81 0.120848
2 82 0.181001
2 83 0.247243
2 84 0.318591
2 85 0.393933
2 86 0.472061
2 87 0.551749
2 88 0.631754
2 89 0.710806
2 90 0.787683
2 91 0.861171
2 92 0.930099
2 93 0.993357
2 94 1.04993
2 95 1.09896
2 96 1.13966
2 97 1.17141
2 98 1.1937
2 99 1.20618
2 100 0.150091
2 101 0

3 0 0
3 1 0.148448
3 2 1.19307
3 3 1.18083
3 4 1.15875
3 5 1.12729
3 6 1.0869
3 7 1.03822
3 8 0.98204
3 9 0.9194
3 10 0.851138
3 11 0.778344
3 12 0.702103
3 13 0.623743
3 14 0.544472
3 15 0.465457
3 16 0.388052
3 17 0.313419
3 18 0.242728
3 19 0.177186
3 20 0.117687
3 21 0.0652015
3 22 0.0205711
3 23 -0.0155082
3 24 -0.0425874
3 25 -0.0601727
3 26 -0.0680639
3 27 -0.0662091
3 28 -0.0546899
3 29 -0.0336914
3 30 -0.00358778
3 31 0.034944
3 32 0.0813378
3 33 0.13479
3 34 0.194277
3 35 0.25884
3 36 0.327469
3 37 0.398929
3 38 0.472032
3 39 0.545522
3 40 0.618173
3 41 0.688842
3 42 0.756218
3 43 0.81929
3 44 0.876941
3 45 0.928264
3 46 0.972342
3 47 1.00844
3 48 1.03593
3 49 1.05436
3 50 1.0635
3 51 1.06306
3 52 1.05315
3 53 1.0339
3 54 1.00563
3 55 0.968742
3 56 0.923884
3 57 0.871906
3 58 0.813571
3 59 0.749887
3 60 0.681892
3 61 0.610752
3 62 0.537586
3 63 0.46366
3 64 0.390192
3 65 0.318415
3 66 0.249518
3 67 0.184665
3 68 0.125016
3 69 0.071579
3 70 0.0251786
3 71 -0.0133421
3 72 -0.0432431
3 73 -0.0639959
3 74 -0.0752365
3 75 -0.0768145
3 76 -0.0685594
3 77 -0.0506245
3 78 -0.0232307
3 79 0.0133846
3 80 0.0584964
3 81 0.111446
3 82 0.171465
3 83 0.237608
3 84 0.308751
3 85 0.383865
3 86 0.461809
3 87 0.541291
3 88 0.621061
3 89 0.699921
3 90 0.776579
3 91 0.849806
3 92 0.918457
3 93 0.981564
3 94 1.03802
3 95 1.08698
3 96 1.1276
3 97 1.15929
3 98 1.18146
3 99 1.19382
3 100 0.148547
3 101 0

4 0 0
4 1 0.145696
4 2 1.17092
4 3 1.15875
4 4 1.13675
4 5 1.10543
4 6 1.06523
4 7 1.01675
4 8 0.960795
4 9 0.898349
4 10 0.830257
4 11 0.757682
4 12 0.681648
4 13 0.603521
4 14 0.524567
4 15 0.445809
4 16 0.3687
4 17 0.294383
4 18 0.22392
4 19 0.15864
4 20 0.0994068
4 21 0.0471547
4 22 0.00264213
4 23 -0.0332623
4 24 -0.0601979
4 25 -0.0775829
4 26 -0.0854257
4 27 -0.0835321
4 28 -0.0719262
4 29 -0.0508638
4 30 -0.0207176
4 31 0.0178018
4 32 0.0640992
4 33 0.117505
4 34 0.176961
4 35 0.241519
4 36 0.31007
4 37 0.381461
4 38 0.454487
4 39 0.527922
4 40 0.600482
4 41 0.671069
4 42 0.738328
4 43 0.801277
4 44 0.858821
4 45 0.909986
4 46 0.953987
4 47 0.990076
4 48 1.01755
4 49 1.03595
4 50 1.04508
4 51 1.04459
4 52 1.03469
4 53 1.01548
4 54 0.987297
4 55 0.950491
4 56 0.905752
4 57 0.853862
4 58 0.795678
4 59 0.732147
4 60 0.664243
4 61 0.593202
4 62 0.520086
4 63 0.446221
4 64 0.372868
4 65 0.301192
4 66 0.232364
4 67 0.167606
4 68 0.107991
4 69 0.0546117
4 70 0.00821625
4 71 -0.0302903
4 72 -0.0602175
4 73 -0.0810064
4 74 -0.0923053
4 75 -0.0940041
4 76 -0.0858281
4 77 -0.0679598
4 78 -0.0407228
4 79 -0.00427738
4 80 0.0405965
4 81 0.0933037
4 82 0.153015
4 83 0.218931
4 84 0.289806
4 85 0.364683
4 86 0.442342
4 87 0.521564
4 88 0.601114
4 89 0.679648
4 90 0.756037
4 91 0.829026
4 92 0.89747
4 93 0.960371
4 94 1.01661
4 95 1.06541
4 96 1.10584
4 97 1.13737
4 98 1.15946
4 99 1.17176
4 100 0.145805
4 101 0

5 0 0
5 1 0.141773
5 2 1.13939
5 3 1.12729
5 4 1.10543
5 5 1.07424
5 6 1.03423
5 7 0.985964
5 8 0.930298
5 9 0.868111
5 10 0.800317
5 11 0.728008
5 12 0.652306
5 13 0.57445
5 14 0.495791
5 15 0.417371
5 16 0.340526
5 17 0.266536
5 18 0.196395
5 19 0.131393
5 20 0.0724489
5 21 0.0204593
5 22 -0.0237894
5 23 -0.0595496
5 24 -0.0862176
5 25 -0.103448
5 26 -0.111125
5 27 -0.109063
5 28 -0.0973443
5 29 -0.0762199
5 30 -0.0459979
5 31 -0.00740678
5 32 0.0388408
5 33 0.092205
5 34 0.1517
5 35 0.21626
5 36 0.284733
5 37 0.356029
5 38 0.429024
5 39 0.502389
5 40 0.574882
5 41 0.645346
5 42 0.712526
5 43 0.775418
5 44 0.832938
5 45 0.884087
5 46 0.92799
5 47 0.963998
5 48 0.991447
5 49 1.0099
5 50 1.01897
5 51 1.01851
5 52 1.00862
5 53 0.989451
5 54 0.961296
5 55 0.924585
5 56 0.879903
5 57 0.828101
5 58 0.770018
5 59 0.706598
5 60 0.638796
5 61 0.567794
5 62 0.494726
5 63 0.420915
5 64 0.347678
5 65 0.276096
5 66 0.207388
5 67 0.142682
5 68 0.0830559
5 69 0.0296104
5 70 -0.0167435
5 71 -0.0551924
5 72 -0.0852053
5 73 -0.106136
5 74 -0.117538
5 75 -0.119366
5 76 -0.111404
5 77 -0.0936911
5 78 -0.0666281
5 79 -0.0304482
5 80 0.0141777
5 81 0.0665888
5 82 0.126006
5 83 0.191579
5 84 0.262182
5 85 0.33671
5 86 0.414034
5 87 0.493012
5 88 0.572269
5 89 0.650468
5 90 0.726527
5 91 0.799262
5 92 0.867486
5 93 0.930023
5 94 0.986009
5 95 1.03454
5 96 1.07476
5 97 1.10611
5 98 1.12809
5 99 1.14035
5 100 0.141902
5 101 0

6 0 0
6 1 0.136746
6 2 1.09895
6 3 1.0869
6 4 1.06523
6 5 1.03423
6 6 0.994389
6 7 0.946452
6 8 0.891019
6 9 0.829115
6 10 0.761597
6 11 0.689631
6 12 0.61426
6 13 0.536732
6 14 0.458373
6 15 0.380362
6 16 0.30392
6 17 0.230279
6 18 0.16056
6 19 0.0958425
6 20 0.0372057
6 21 -0.0143995
6 22 -0.058362
6 23 -0.0937887
6 24 -0.120243
6 25 -0.137237
6 26 -0.144759
6 27 -0.142521
6 28 -0.130644
6 29 -0.10939
6 30 -0.0791142
6 31 -0.0404394
6 32 0.00594098
6 33 0.0593201
6 34 0.118816
6 35 0.183445
6 36 0.251865
6 37 0.323147
6 38 0.396083
6 39 0.469383
6 40 0.541819
6 41 0.61227
6 42 0.679409
6 43 0.742275
6 44 0.799737
6 45 0.850819
6 46 0.894654
6 47 0.930553
6 48 0.957992
6 49 0.97637
6 50 0.985536
6 51 0.985117
6 52 0.975243
6 53 0.956006
6 54 0.927936
6 55 0.891284
6 56 0.846738
6 57 0.795018
6 58 0.737043
6 59 0.673761
6 60 0.605975
6 61 0.535024
6 62 0.461994
6 63 0.388216
6 64 0.31505
6 65 0.24355
6 66 0.174823
6 67 0.110191
6 68 0.0505465
6 69 -0.00289647
6 70 -0.0493143
6 71 -0.0878126
6 72 -0.117917
6 73 -0.139004
6 74 -0.150567
6 75 -0.152564
6 76 -0.144829
6 77 -0.127383
6 78 -0.100547
6 79 -0.0646782
6 80 -0.0203559
6 81 0.0318086
6 82 0.0908424
6 83 0.156041
6 84 0.226274
6 85 0.300396
6 86 0.377285
6 87 0.45587
6 88 0.534779
6 89 0.612653
6 90 0.68839
6 91 0.760819
6 92 0.828673
6 93 0.890898
6 94 0.946595
6 95 0.994928
6 96 1.0349
6 97 1.06609
6 98 1.0879
6 99 1.10004
6 100 0.136887
6 101 0

7 0 0
7 1 0.130691
7 2 1.05022
7 3 1.03822
7 4 1.01675
7 5 0.985964
7 6 0.946452
7 7 0.898789
7 8 0.843667
7 9 0.78198
7 10 0.714835
7 11 0.643215
7 12 0.568259
7 13 0.491116
7 14 0.413201
7 15 0.335597
7 16 0.259452
7 17 0.186224
7 18 0.116926
7 19 0.05262
7 20 -0.00559634
7 21 -0.0568876
7 22 -0.100458
7 23 -0.135581
7 24 -0.161683
7 25 -0.178465
7 26 -0.185677
7 27 -0.183206
7 28 -0.171181
7 29 -0.149769
7 30 -0.119347
7 31 -0.0805689
7 32 -0.0341142
7 33 0.0193656
7 34 0.0789453
7 35 0.143594
7 36 0.212086
7 37 0.283395
7 38 0.356253
7 39 0.429467
7 40 0.501882
7 41 0.572293
7 42 0.63944
7 43 0.702224
7 44 0.759655
7 45 0.810685
7 46 0.854473
7 47 0.890385
7 48 0.91776
7 49 0.936165
7 50 0.945354
7 51 0.944947
7 52 0.93509
7 53 0.915898
7 54 0.887836
7 55 0.851293
7 56 0.806815
7 57 0.755126
7 58 0.69719
7 59 0.63394
7 60 0.566298
7 61 0.495413
7 62 0.422499
7 63 0.348883
7 64 0.275723
7 65 0.20412
7 66 0.135349
7 67 0.0706477
7 68 0.011018
7 69 -0.0424933
7 70 -0.0889404
7 71 -0.127535
7 72 -0.157754
7 73 -0.179008
7 74 -0.190779
7 75 -0.192969
7 76 -0.18554
7 77 -0.1684
7 78 -0.141896
7 79 -0.106401
7 80 -0.062411
7 81 -0.0106448
7 82 0.0480185
7 83 0.112771
7 84 0.182665
7 85 0.256431
7 86 0.332914
7 87 0.411018
7 88 0.489427
7 89 0.566877
7 90 0.642277
7 91 0.714349
7 92 0.781889
7 93 0.843754
7 94 0.899152
7 95 0.947155
7 96 0.986899
7 97 1.01782
7 98 1.03953
7 99 1.05147
7 100 0.130835
7 101 0

8 0 0
8 1 0.123699
8 2 0.993966
8 3 0.98204
8 4 0.960795
8 5 0.930298
8 6 0.891019
8 7 0.843667
8 8 0.788855
8 9 0.727575
8 10 0.660822
8 11 0.589607
8 12 0.515004
8 13 0.43833
8 14 0.360857
8 15 0.283697
8 16 0.208041
8 17 0.135188
8 18 0.0663688
8 19 0.00253092
8 20 -0.0553061
8 21 -0.106151
8 22 -0.149376
8 23 -0.184112
8 24 -0.209903
8 25 -0.226351
8 26 -0.233253
8 27 -0.230508
8 28 -0.218276
8 29 -0.196563
8 30 -0.166004
8 31 -0.127175
8 32 -0.0805576
8 33 -0.0268998
8 34 0.0327325
8 35 0.0973657
8 36 0.165963
8 37 0.237311
8 38 0.310113
8 39 0.383311
8 40 0.455787
8 41 0.526242
8 42 0.593339
8 43 0.656089
8 44 0.713418
8 45 0.764378
8 46 0.808151
8 47 0.844066
8 48 0.871471
8 49 0.889738
8 50 0.898894
8 51 0.898552
8 52 0.888736
8 53 0.86964
8 54 0.841728
8 55 0.805213
8 56 0.760814
8 57 0.709255
8 58 0.65136
8 59 0.58811
8 60 0.520445
8 61 0.449604
8 62 0.376794
8 63 0.303229
8 64 0.230057
8 65 0.158419
8 66 0.0896284
8 67 0.0248917
8 68 -0.0347892
8 69 -0.088316
8 70 -0.134918
8 71 -0.173697
8 72 -0.204058
8 73 -0.225448
8 74 -0.237562
8 75 -0.240048
8 76 -0.232842
8 77 -0.21606
8 78 -0.18988
8 79 -0.154755
8 80 -0.1112
8 81 -0.0597829
8 82 -0.00153926
8 83 0.0627773
8 84 0.132135
8 85 0.205407
8 86 0.281397
8 87 0.358982
8 88 0.436939
8 89 0.513972
8 90 0.588958
8 91 0.66059
8 92 0.727696
8 93 0.789284
8 94 0.844331
8 95 0.892008
8 96 0.9315
8 97 0.962187
8 98 0.983612
8 99 0.995409
8 100 0.123862
8 101 0

9 0 0
9 1 0.115862
9 2 0.931062
9 3 0.9194
9 4 0.898349
9 5 0.868111
9 6 0.829115
9 7 0.78198
9 8 0.727575
9 9 0.666628
9 10 0.60031
9 11 0.529491
9 12 0.455326
9 13 0.379161
9 14 0.302152
9 15 0.225484
9 16 0.150385
9 17 0.0780314
9 18 0.00971174
9 19 -0.0536668
9 20 -0.11108
9 21 -0.161534
9 22 -0.204304
9 23 -0.23863
9 24 -0.263977
9 25 -0.280072
9 26 -0.286575
9 27 -0.283565
9 28 -0.271072
9 29 -0.249112
9 30 -0.218347
9 31 -0.179331
9 32 -0.132568
9 33 -0.0788249
9 34 -0.0190449
9 35 0.0456112
9 36 0.11431
9 37 0.185741
9 38 0.258596
9 39 0.331829
9 40 0.404283
9 41 0.474641
9 42 0.541777
9 43 0.604438
9 44 0.661743
9 45 0.712707
9 46 0.756412
9 47 0.792378
9 48 0.819765
9 49 0.838039
9 50 0.847163
9 51 0.846794
9 52 0.837038
9 53 0.818089
9 54 0.790199
9 55 0.753769
9 56 0.709382
9 57 0.657897
9 58 0.600079
9 59 0.536847
9 60 0.469274
9 61 0.398431
9 62 0.325668
9 63 0.2522
9 64 0.178987
9 65 0.107284
9 66 0.0385405
9 67 -0.026295
9 68 -0.0860278
9 69 -0.139757
9 70 -0.186457
9 71 -0.225389
9 72 -0.255974
9 73 -0.277643
9 74 -0.290052
9 75 -0.292809
9 76 -0.285891
9 77 -0.269461
9 78 -0.243672
9 79 -0.209038
9 80 -0.165979
9 81 -0.115048
9 82 -0.0571764
9 83 0.00667367
9 84 0.0754791
9 85 0.148162
9 86 0.223644
9 87 0.300694
9 88 0.37815
9 89 0.454707
9 90 0.52923
9 91 0.600399
9 92 0.667114
9 93 0.728338
9 94 0.783014
9 95 0.83027
9 96 0.869524
9 97 0.899934
9 98 0.921132
9 99 0.932765
9 100 0.116067
9 101 0

10 0 0
10 1 0.107325
10 2 0.862521
10 3 0.851138
10 4 0.830257
10 5 0.800317
10 6 0.761597
10 7 0.714835
10 8 0.660822
10 9 0.60031
10 10 0.534334
10 11 0.464008
10 12 0.39037
10 13 0.31473
10 14 0.23818
10 15 0.162025
10 16 0.0874281
10 17 0.0156136
10 18 -0.0522091
10 19 -0.115058
10 20 -0.171902
10 21 -0.221841
10 22 -0.26421
10 23 -0.298103
10 24 -0.323033
10 25 -0.338733
10 26 -0.344945
10 27 -0.341598
10 28 -0.328769
10 29 -0.306488
10 30 -0.275484
10 31 -0.23625
10 32 -0.189255
10 33 -0.135338
10 34 -0.0754427
10 35 -0.0106729
10 36 0.0579901
10 37 0.129465
10 38 0.202407
10 39 0.275717
10 40 0.348124
10 41 0.418474
10 42 0.485611
10 43 0.548259
10 44 0.60554
10 45 0.65649
10 46 0.70024
10 47 0.736123
10 48 0.76353
10 49 0.781855
10 50 0.790994
10 51 0.790671
10 52 0.780924
10 53 0.761937
10 54 0.734138
10 55 0.697773
10 56 0.653496
10 57 0.60201
10 58 0.544218
10 59 0.481055
10 60 0.413561
10 61 0.342798
10 62 0.270033
10 63 0.196491
10 64 0.123252
10 65 0.0515898
10 66 -0.017166
10 67 -0.081979
10 68 -0.141867
10 69 -0.195744
10 70 -0.242669
10 71 -0.281842
10 72 -0.312678
10 73 -0.33458
10 74 -0.347289
10 75 -0.350427
10 76 -0.343889
10 77 -0.327831
10 78 -0.302477
10 79 -0.268269
10 80 -0.225688
10 81 -0.17529
10 82 -0.117968
10 83 -0.0546953
10 84 0.013538
10 85 0.0857409
10 86 0.160667
10 87 0.237206
10 88 0.314096
10 89 0.390169
10 90 0.464201
10 91 0.534894
10 92 0.601093
10 93 0.661875
10 94 0.716118
10 95 0.763054
10 96 0.801975
10 97 0.832138
10 98 0.853029
10 99 0.864513
10 100 0.107578
10 101 0

11 0 0
11 1 0.0982321
11 2 0.789485
11 3 0.778344
11 4 0.757682
11 5 0.728008
11 6 0.689631
11 7 0.643215
11 8 0.589607
11 9 0.529491
11 10 0.464008
11 11 0.394177
11 12 0.321071
11 13 0.245991
11 14 0.170031
11 15 0.0943908
11 16 0.0203705
11 17 -0.0509011
11 18 -0.118255
11 19 -0.180617
11 20 -0.236896
11 21 -0.286279
11 22 -0.328104
11 23 -0.361549
11 24 -0.386
11 25 -0.401238
11 26 -0.407035
11 27 -0.403351
11 28 -0.390233
11 29 -0.367797
11 30 -0.336528
11 31 -0.296956
11 32 -0.249657
11 33 -0.19567
11 34 -0.135667
11 35 -0.0707166
11 36 -0.00193396
11 37 0.0695992
11 38 0.142631
11 39 0.215957
11 40 0.288345
11 41 0.358631
11 42 0.425806
11 43 0.488476
11 44 0.545684
11 45 0.59667
11 46 0.640426
11 47 0.676339
11 48 0.703729
11 49 0.722113
11 50 0.731291
11 51 0.730977
11 52 0.721283
11 53 0.702351
11 54 0.674478
11 55 0.638235
11 56 0.594008
11 57 0.542571
11 58 0.484797
11 59 0.421654
11 60 0.354234
11 61 0.283572
11 62 0.21085
11 63 0.137226
11 64 0.0639315
11 65 -0.00771285
11 66 -0.0765275
11 67 -0.141437
11 68 -0.201418
11 69 -0.255521
11 70 -0.302607
11 71 -0.34202
11 72 -0.373095
11 73 -0.395278
11 74 -0.408256
11 75 -0.411826
11 76 -0.405731
11 77 -0.390054
11 78 -0.365165
11 79 -0.331498
11 80 -0.28944
11 81 -0.239632
11 82 -0.182853
11 83 -0.12009
11 84 -0.052397
11 85 0.0192221
11 86 0.0936148
11 87 0.169537
11 88 0.245835
11 89 0.321293
11 90 0.394748
11 91 0.464913
11 92 0.530643
11 93 0.590968
11 94 0.644857
11 95 0.691386
11 96 0.72994
11 97 0.759802
11 98 0.780463
11 99 0.791773
11 100 0.0985267
11 101 0

12 0 0
12 1 0.088735
12 2 0.713107
12 3 0.702103
12 4 0.681648
12 5 0.652306
12 6 0.61426
12 7 0.568259
12 8 0.515004
12 9 0.455326
12 10 0.39037
12 11 0.321071
12 12 0.248473
12 13 0.173921
12 14 0.0985121
12 15 0.0234972
12 16 -0.04995
12 17 -0.12063
12 18 -0.187446
12 19 -0.249225
12 20 -0.304886
12 21 -0.353735
12 22 -0.395011
12 23 -0.427942
12 24 -0.451922
12 25 -0.466659
12 26 -0.472031
12 27 -0.467936
12 28 -0.454481
12 29 -0.431736
12 30 -0.400175
12 31 -0.360363
12 32 -0.312907
12 33 -0.258746
12 34 -0.1986
12 35 -0.133473
12 36 -0.0645878
12 37 0.00702742
12 38 0.0801121
12 39 0.153505
12 40 0.225861
12 41 0.296199
12 42 0.363376
12 43 0.42599
12 44 0.483184
12 45 0.534121
12 46 0.577977
12 47 0.613883
12 48 0.64119
12 49 0.659623
12 50 0.668839
12 51 0.668591
12 52 0.658942
12 53 0.640064
12 54 0.612195
12 55 0.575916
12 56 0.531797
12 57 0.480433
12 58 0.422777
12 59 0.359711
12 60 0.292306
12 61 0.22166
12 62 0.148907
12 63 0.075323
12 64 0.00210985
12 65 -0.0695855
12 66 -0.138584
12 67 -0.203592
12 68 -0.263675
12 69 -0.317922
12 70 -0.365279
12 71 -0.404928
12 72 -0.436254
12 73 -0.458733
12 74 -0.472096
12 75 -0.47604
12 76 -0.470379
12 77 -0.45518
12 78 -0.43081
12 79 -0.397672
12 80 -0.356137
12 81 -0.306921
12 82 -0.250753
12 83 -0.188571
12 84 -0.121468
12 85 -0.050469
12 86 0.0232657
12 87 0.0986138
12 88 0.174298
12 89 0.249195
12 90 0.322051
12 91 0.391619
12 92 0.456827
12 93 0.516656
12 94 0.570135
12 95 0.616373
12 96 0.654488
12 97 0.684039
12 98 0.704514
12 99 0.715662
12 100 0.0890605
12 101 0

13 0 0
13 1 0.0789607
13 2 0.634543
13 3 0.623743
13 4 0.603521
13 5 0.57445
13 6 0.536732
13 7 0.491116
13 8 0.43833
13 9 0.379161
13 10 0.31473
13 11 0.245991
13 12 0.173921
13 13 0.0998249
13 14 0.024975
13 15 -0.0494844
13 16 -0.122281
13 17 -0.192342
13 18 -0.258494
13 19 -0.319625
13 20 -0.374734
13 21 -0.423034
13 22 -0.463749
13 23 -0.49615
13 24 -0.519607
13 25 -0.533875
13 26 -0.53879
13 27 -0.534265
13 28 -0.520408
13 29 -0.497389
13 30 -0.465537
13 31 -0.42543
13 32 -0.377753
13 33 -0.323394
13 34 -0.26306
13 35 -0.19785
13 36 -0.12886
13 37 -0.0572218
13 38 0.0159305
13 39 0.0893824
13 40 0.161779
13 41 0.232104
13 42 0.299306
13 43 0.36196
13 44 0.419171
13 45 0.470125
13 46 0.513932
13 47 0.5498
13 48 0.57716
13 49 0.595593
13 50 0.604828
13 51 0.604656
13 52 0.594988
13 53 0.576193
13 54 0.54842
13 55 0.512122
13 56 0.468001
13 57 0.416764
13 58 0.359229
13 59 0.296184
13 60 0.228777
13 61 0.158155
13 62 0.0854348
13 63 0.0118214
13 64 -0.0613955
13 65 -0.133109
13 66 -0.202162
13 67 -0.267291
13 68 -0.327471
13 69 -0.381886
13 70 -0.42952
13 71 -0.469457
13 72 -0.501074
13 73 -0.52393
13 74 -0.537616
13 75 -0.541913
13 76 -0.536698
13 77 -0.522072
13 78 -0.498253
13 79 -0.465598
13 80 -0.424579
13 81 -0.376026
13 82 -0.320527
13 83 -0.259017
13 84 -0.192556
13 85 -0.122205
13 86 -0.0490413
13 87 0.0256967
13 88 0.100789
13 89 0.175098
13 90 0.24739
13 91 0.316354
13 92 0.380968
13 93 0.440299
13 94 0.493353
13 95 0.539137
13 96 0.576908
13 97 0.606218
13 98 0.626432
13 99 0.637334
13 100 0.079312
13 101 0

14 0 0
14 1 0.0690629
14 2 0.555035
14 3 0.544472
14 4 0.524567
14 5 0.495791
14 6 0.458373
14 7 0.413201
14 8 0.360857
14 9 0.302152
14 10 0.23818
14 11 0.170031
14 12 0.0985121
14 13 0.024975
14 14 -0.0493
14 15 -0.12313
14 16 -0.195292
14 17 -0.264653
14 18 -0.330153
14 19 -0.390691
14 20 -0.445195
14 21 -0.49297
14 22 -0.533063
14 23 -0.564875
14 24 -0.587869
14 25 -0.601695
14 26 -0.606187
14 27 -0.601206
14 28 -0.586872
14 29 -0.56353
14 30 -0.531415
14 31 -0.491081
14 32 -0.443185
14 33 -0.388588
14 34 -0.328136
14 35 -0.262814
14 36 -0.193657
14 37 -0.121991
14 38 -0.0487851
14 39 0.024684
14 40 0.0970907
14 41 0.167472
14 42 0.234676
14 43 0.297371
14 44 0.354636
14 45 0.405553
14 46 0.449304
14 47 0.485215
14 48 0.512582
14 49 0.531016
14 50 0.540295
14 51 0.540145
14 52 0.530511
14 53 0.511774
14 54 0.484098
14 55 0.44786
14 56 0.403778
14 57 0.352597
14 58 0.295059
14 59 0.23204
14 60 0.164682
14 61 0.0941185
14 62 0.0214298
14 63 -0.0521687
14 64 -0.125372
14 65 -0.197194
14 66 -0.266284
14 67 -0.331511
14 68 -0.391857
14 69 -0.446421
14 70 -0.494239
14 71 -0.534435
14 72 -0.566345
14 73 -0.589571
14 74 -0.60368
14 75 -0.60839
14 76 -0.603625
14 77 -0.589553
14 78 -0.56624
14 79 -0.534123
14 80 -0.493721
14 81 -0.445785
14 82 -0.390893
14 83 -0.330018
14 84 -0.264244
14 85 -0.194556
14 86 -0.122076
14 87 -0.0479857
14 88 0.0264877
14 89 0.10016
14 90 0.171791
14 91 0.240246
14 92 0.304306
14 93 0.36313
14 94 0.415735
14 95 0.461097
14 96 0.498463
14 97 0.527515
14 98 0.547453
14 99 0.558025
14 100 0.0694321
14 101 0

15 0 0
15 1 0.059211
15 2 0.475836
15 3 0.465457
15 4 0.445809
15 5 0.417371
15 6 0.380362
15 7 0.335597
15 8 0.283697
15 9 0.225484
15 10 0.162025
15 11 0.0943908
15 12 0.0234972
15 13 -0.0494844
15 14 -0.12313
15 15 -0.196291
15 16 -0.267771
15 17 -0.336571
15 18 -0.401467
15 19 -0.461312
15 20 -0.515186
15 21 -0.562315
15 22 -0.601895
15 23 -0.633117
15 24 -0.655594
15 25 -0.668983
15 26 -0.6731
15 27 -0.667706
15 28 -0.652956
15 29 -0.629161
15 30 -0.596691
15 31 -0.556093
15 32 -0.508016
15 33 -0.453239
15 34 -0.392648
15 35 -0.327258
15 36 -0.258017
15 37 -0.186223
15 38 -0.113
15 39 -0.0394656
15 40 0.0329992
15 41 0.103414
15 42 0.170652
15 43 0.233315
15 44 0.290564
15 45 0.341496
15 46 0.38527
15 47 0.42114
15 48 0.448544
15 49 0.466983
15 50 0.47629
15 51 0.476203
15 52 0.466643
15 53 0.447936
15 54 0.420302
15 55 0.384085
15 56 0.340063
15 57 0.288901
15 58 0.231406
15 59 0.168507
15 60 0.101235
15 61 0.0306407
15 62 -0.0420308
15 63 -0.115531
15 64 -0.188761
15 65 -0.260631
15 66 -0.329849
15 67 -0.395204
15 68 -0.455731
15 69 -0.510458
15 70 -0.558417
15 71 -0.598804
15 72 -0.631058
15 73 -0.654686
15 74 -0.669234
15 75 -0.67438
15 76 -0.670091
15 77 -0.656451
15 78 -0.633693
15 79 -0.602129
15 80 -0.562404
15 81 -0.515098
15 82 -0.460764
15 83 -0.400543
15 84 -0.335461
15 85 -0.266474
15 86 -0.19471
15 87 -0.121316
15 88 -0.0474289
15 89 0.0255626
15 90 0.0966059
15 91 0.164475
15 92 0.22797
15 93 0.286293
15 94 0.338399
15 95 0.383326
15 96 0.420351
15 97 0.449016
15 98 0.468645
15 99 0.479009
15 100 0.0596026
15 101 0

16 0 0
16 1 0.049547
16 2 0.398194
16 3 0.388052
16 4 0.3687
16 5 0.340526
16 6 0.30392
16 7 0.259452
16 8 0.208041
16 9 0.150385
16 10 0.0874281
16 11 0.0203705
16 12 -0.04995
16 13 -0.122281
16 14 -0.195292
16 15 -0.267771
16 16 -0.338743
16 17 -0.406915
16 18 -0.471227
16 19 -0.530393
16 20 -0.583562
16 21 -0.630048
16 22 -0.66905
16 23 -0.699728
16 24 -0.721724
16 25 -0.734588
16 26 -0.73823
16 27 -0.732447
16 28 -0.717396
16 29 -0.693202
16 30 -0.660361
16 31 -0.619449
16 32 -0.571196
16 33 -0.516263
16 34 -0.455583
16 35 -0.390014
16 36 -0.32069
16 37 -0.248807
16 38 -0.175504
16 39 -0.101902
16 40 -0.0294258
16 41 0.041003
16 42 0.108138
16 43 0.170823
16 44 0.228087
16 45 0.27902
16 46 0.322807
16 47 0.358666
16 48 0.386049
16 49 0.404436
16 50 0.41385
16 51 0.41373
16 52 0.404359
16 53 0.385662
16 54 0.358077
16 55 0.321901
16 56 0.277933
16 57 0.2268
16 58 0.169363
16 59 0.106607
16 60 0.039378
16 61 -0.0311488
16 62 -0.103795
16 63 -0.17727
16 64 -0.250555
16 65 -0.322464
16 66 -0.391749
16 67 -0.457161
16 68 -0.517867
16 69 -0.572728
16 70 -0.62086
16 71 -0.661544
16 72 -0.694183
16 73 -0.7182
16 74 -0.733169
16 75 -0.738707
16 76 -0.734874
16 77 -0.721692
16 78 -0.699475
16 79 -0.668481
16 80 -0.629397
16 81 -0.582701
16 82 -0.529088
16 83 -0.469545
16 84 -0.405171
16 85 -0.336854
16 86 -0.265769
16 87 -0.192985
16 88 -0.119765
16 89 -0.0473662
16 90 0.0229241
16 91 0.0902324
16 92 0.153233
16 93 0.21098
16 94 0.262606
16 95 0.307056
16 96 0.343782
16 97 0.372062
16 98 0.391398
16 99 0.401536
16 100 0.0499613
16 101 0

17 0 0
17 1 0.0402339
17 2 0.323355
17 3 0.313419
17 4 0.294383
17 5 0.266536
17 6 0.230279
17 7 0.186224
17 8 0.135188
17 9 0.0780314
17 10 0.0156136
17 11 -0.0509011
17 12 -0.12063
17 13 -0.192342
17 14 -0.264653
17 15 -0.336571
17 16 -0.406915
17 17 -0.474466
17 18 -0.53805
17 19 -0.596639
17 20 -0.649266
17 21 -0.695065
17 22 -0.733429
17 23 -0.763567
17 24 -0.785046
17 25 -0.797455
17 26 -0.800563
17 27 -0.794387
17 28 -0.778968
17 29 -0.75448
17 30 -0.721383
17 31 -0.680248
17 32 -0.631705
17 33 -0.576588
17 34 -0.515694
17 35 -0.449943
17 36 -0.380533
17 37 -0.30867
17 38 -0.235337
17 39 -0.161697
17 40 -0.0891534
17 41 -0.0187775
17 42 0.048275
17 43 0.110973
17 44 0.168206
17 45 0.219125
17 46 0.262917
17 47 0.29883
17 48 0.326252
17 49 0.344656
17 50 0.354043
17 51 0.354014
17 52 0.344687
17 53 0.326066
17 54 0.298456
17 55 0.26236
17 56 0.218446
17 57 0.167365
17 58 0.109982
17 59 0.0472922
17 60 -0.0198661
17 61 -0.0902978
17 62 -0.162823
17 63 -0.23632
17 64 -0.309644
17 65 -0.381543
17 66 -0.450841
17 67 -0.516349
17 68 -0.577189
17 69 -0.632286
17 70 -0.680676
17 71 -0.721668
17 72 -0.75463
17 73 -0.778936
17 74 -0.794221
17 75 -0.80022
17 76 -0.796843
17 77 -0.784208
17 78 -0.762479
17 79 -0.732128
17 80 -0.693636
17 81 -0.647525
17 82 -0.594593
17 83 -0.535791
17 84 -0.472119
17 85 -0.40447
17 86 -0.334002
17 87 -0.261967
17 88 -0.189389
17 89 -0.117672
17 90 -0.0479549
17 91 0.018781
17 92 0.0812147
17 93 0.138499
17 94 0.189579
17 95 0.233626
17 96 0.269949
17 97 0.297862
17 98 0.316914
17 99 0.326834
17 100 0.0406648
17 101 0

18 0 0
18 1 0.031423
18 2 0.252509
18 3 0.242728
18 4 0.22392
18 5 0.196395
18 6 0.16056
18 7 0.116926
18 8 0.0663688
18 9 0.00971174
18 10 -0.0522091
18 11 -0.118255
18 12 -0.187446
18 13 -0.258494
18 14 -0.330153
18 15 -0.401467
18 16 -0.471227
18 17 -0.53805
18 18 -0.600895
18 19 -0.658843
18 20 -0.710934
18 21 -0.756217
18 22 -0.793988
18 23 -0.823549
18 24 -0.84453
18 25 -0.856489
18 26 -0.859171
18 27 -0.852624
18 28 -0.836885
18 29 -0.812027
18 30 -0.778624
18 31 -0.737223
18 32 -0.688467
18 33 -0.633133
18 34 -0.572048
18 35 -0.506223
18 36 -0.436763
18 37 -0.364814
18 38 -0.291458
18 39 -0.217857
18 40 -0.145337
18 41 -0.0750287
18 42 -0.00796143
18 43 0.0547071
18 44 0.111968
18 45 0.162829
18 46 0.206639
18 47 0.242545
18 48 0.269957
18 49 0.288431
18 50 0.297815
18 51 0.297776
18 52 0.288449
18 53 0.269857
18 54 0.242342
18 55 0.206377
18 56 0.162582
18 57 0.111495
18 58 0.054188
18 59 -0.00840383
18 60 -0.0754384
18 61 -0.145818
18 62 -0.218274
18 63 -0.291736
18 64 -0.364983
18 65 -0.43688
18 66 -0.506248
18 67 -0.571889
18 68 -0.632848
18 69 -0.688132
18 70 -0.736782
18 71 -0.778026
18 72 -0.81128
18 73 -0.835916
18 74 -0.851543
18 75 -0.857923
18 76 -0.855025
18 77 -0.842855
18 78 -0.821673
18 79 -0.791892
18 80 -0.753995
18 81 -0.708503
18 82 -0.656235
18 83 -0.598112
18 84 -0.535124
18 85 -0.468172
18 86 -0.398376
18 87 -0.327003
18 88 -0.255177
18 89 -0.184088
18 90 -0.114923
18 91 -0.0487553
18 92 0.0131349
18 93 0.0698703
18 94 0.120456
18 95 0.164003
18 96 0.199936
18 97 0.227548
18 98 0.246383
18 99 0.256083
18 100 0.0318596
18 101 0

19 0 0
19 1 0.0232358
19 2 0.186748
19 3 0.177186
19 4 0.15864
19 5 0.131393
19 6 0.0958425
19 7 0.05262
19 8 0.00253092
19 9 -0.0536668
19 10 -0.115058
19 11 -0.180617
19 12 -0.249225
19 13 -0.319625
19 14 -0.390691
19 15 -0.461312
19 16 -0.530393
19 17 -0.596639
19 18 -0.658843
19 19 -0.716149
19 20 -0.767711
19 21 -0.81246
19 22 -0.849659
19 23 -0.878722
19 24 -0.899186
19 25 -0.910708
19 26 -0.912965
19 27 -0.906035
19 28 -0.889868
19 29 -0.864713
19 30 -0.831087
19 31 -0.789438
19 32 -0.740457
19 33 -0.684936
19 34 -0.623748
19 35 -0.557871
19 36 -0.488403
19 37 -0.416416
19 38 -0.343065
19 39 -0.269481
19 40 -0.19701
19 41 -0.126755
19 42 -0.0597154
19 43 0.00295813
19 44 0.0601631
19 45 0.111048
19 46 0.154805
19 47 0.190694
19 48 0.218085
19 49 0.236544
19 50 0.24586
19 51 0.2459
19 52 0.236594
19 53 0.218117
19 54 0.190679
19 55 0.154776
19 56 0.111044
19 57 0.0601239
19 58 0.00291976
19 59 -0.0595835
19 60 -0.126506
19 61 -0.196787
19 62 -0.26921
19 63 -0.342605
19 64 -0.415836
19 65 -0.487692
19 66 -0.557058
19 67 -0.62278
19 68 -0.683854
19 69 -0.739263
19 70 -0.788087
19 71 -0.829519
19 72 -0.863044
19 73 -0.88804
19 74 -0.904048
19 75 -0.910874
19 76 -0.908409
19 77 -0.896725
19 78 -0.876037
19 79 -0.846811
19 80 -0.809482
19 81 -0.764631
19 82 -0.713015
19 83 -0.655498
19 84 -0.593148
19 85 -0.526916
19 86 -0.457821
19 87 -0.387055
19 88 -0.315918
19 89 -0.245533
19 90 -0.176948
19 91 -0.111427
19 92 -0.0501214
19 93 0.00618223
19 94 0.0563658
19 95 0.0994764
19 96 0.135036
19 97 0.162347
19 98 0.180885
19 99 0.190375
19 100 0.0236811
19 101 0

20 0 0
20 1 0.0158162
20 2 0.127097
20 3 0.117687
20 4 0.0994068
20 5 0.0724489
20 6 0.0372057
20 7 -0.00559634
20 8 -0.0553061
20 9 -0.11108
20 10 -0.171902
20 11 -0.236896
20 12 -0.304886
20 13 -0.374734
20 14 -0.445195
20 15 -0.515186
20 16 -0.583562
20 17 -0.649266
20 18 -0.710934
20 19 -0.767711
20 20 -0.818581
20 21 -0.862781
20 22 -0.8994
20 23 -0.927935
20 24 -0.947921
20 25 -0.958974
20 26 -0.960894
20 27 -0.953588
20 28 -0.937082
20 29 -0.911719
20 30 -0.877836
20 31 -0.836008
20 32 -0.786823
20 33 -0.731184
20 34 -0.669868
20 35 -0.603989
20 36 -0.53449
20 37 -0.462535
20 38 -0.389145
20 39 -0.315647
20 40 -0.243217
20 41 -0.173029
20 42 -0.106024
20 43 -0.0434325
20 44 0.0137264
20 45 0.0645022
20 46 0.108201
20 47 0.14403
20 48 0.171399
20 49 0.189935
20 50 0.199229
20 51 0.199338
20 52 0.190024
20 53 0.1716
20 54 0.144272
20 55 0.108463
20 56 0.0648553
20 57 0.0141
20 58 -0.0429748
20 59 -0.105409
20 60 -0.172222
20 61 -0.242375
20 62 -0.314642
20 63 -0.387995
20 64 -0.461147
20 65 -0.533053
20 66 -0.60235
20 67 -0.668119
20 68 -0.729263
20 69 -0.784781
20 70 -0.833726
20 71 -0.875378
20 72 -0.909123
20 73 -0.934413
20 74 -0.95073
20 75 -0.957941
20 76 -0.955926
20 77 -0.94475
20 78 -0.924551
20 79 -0.895842
20 80 -0.859065
20 81 -0.814896
20 82 -0.763948
20 83 -0.707099
20 84 -0.645291
20 85 -0.579765
20 86 -0.511346
20 87 -0.441218
20 88 -0.370711
20 89 -0.300979
20 90 -0.232954
20 91 -0.168041
20 92 -0.107295
20 93 -0.0515391
20 94 -0.00179112
20 95 0.0409648
20 96 0.0760774
20 97 0.103078
20 98 0.12138
20 99 0.13073
20 100 0.0162639
20 101 0

21 0 0
21 1 0.00927495
21 2 0.0744922
21 3 0.0652015
21 4 0.0471547
21 5 0.0204593
21 6 -0.0143995
21 7 -0.0568876
21 8 -0.106151
21 9 -0.161534
21 10 -0.221841
21 11 -0.286279
21 12 -0.353735
21 13 -0.423034
21 14 -0.49297
21 15 -0.562315
21 16 -0.630048
21 17 -0.695065
21 18 -0.756217
21 19 -0.81246
21 20 -0.862781
21 21 -0.906434
21 22 -0.942481
21 23 -0.970527
21 24 -0.989985
21 25 -1.00059
21 26 -1.00212
21 27 -0.994503
21 28 -0.97777
21 29 -0.952235
21 30 -0.918136
21 31 -0.876056
21 32 -0.826731
21 33 -0.770975
21 34 -0.709676
21 35 -0.64378
21 36 -0.574296
21 37 -0.502321
21 38 -0.428965
21 39 -0.355539
21 40 -0.28323
21 41 -0.21313
21 42 -0.146209
21 43 -0.0837184
21 44 -0.02665
21 45 0.0240641
21 46 0.0676748
21 47 0.103476
21 48 0.130842
21 49 0.14936
21 50 0.158787
21 51 0.158812
21 52 0.149542
21 53 0.131132
21 54 0.103917
21 55 0.0682806
21 56 0.0247724
21 57 -0.0258505
21 58 -0.0827901
21 59 -0.145145
21 60 -0.21178
21 61 -0.281783
21 62 -0.353917
21 63 -0.427115
21 64 -0.500251
21 65 -0.57207
21 66 -0.641325
21 67 -0.707106
21 68 -0.768283
21 69 -0.823836
21 70 -0.872904
21 71 -0.91479
21 72 -0.948754
21 73 -0.974275
21 74 -0.99087
21 75 -0.998388
21 76 -0.9968
21 77 -0.98611
21 78 -0.966458
21 79 -0.938314
21 80 -0.90211
21 81 -0.858478
21 82 -0.808136
21 83 -0.751944
21 84 -0.690765
21 85 -0.625853
21 86 -0.558112
21 87 -0.48861
21 88 -0.418761
21 89 -0.349654
21 90 -0.282225
21 91 -0.217847
21 92 -0.157566
21 93 -0.102352
21 94 -0.0530577
21 95 -0.0107871
21 96 0.0240661
21 97 0.0507674
21 98 0.0688746
21 99 0.0780633
21 100 0.00971078
21 101 0

22 0 0
22 1 0.00370705
22 2 0.0297284
22 3 0.0205711
22 4 0.00264213
22 5 -0.0237894
22 6 -0.058362
22 7 -0.100458
22 8 -0.149376
22 9 -0.204304
22 10 -0.26421
22 11 -0.328104
22 12 -0.395011
22 13 -0.463749
22 14 -0.533063
22 15 -0.601895
22 16 -0.66905
22 17 -0.733429
22 18 -0.793988
22 19 -0.849659
22 20 -0.8994
22 21 -0.942481
22 22 -0.978131
22 23 -1.0057
22 24 -1.02481
22 25 -1.035
22 26 -1.03622
22 27 -1.02821
22 28 -1.01119
22 29 -0.985452
22 30 -0.951094
22 31 -0.908952
22 32 -0.859625
22 33 -0.803777
22 34 -0.742427
22 35 -0.676512
22 36 -0.607068
22 37 -0.535165
22 38 -0.461927
22 39 -0.388601
22 40 -0.316385
22 41 -0.246349
22 42 -0.179577
22 43 -0.117224
22 44 -0.0602869
22 45 -0.00963782
22 46 0.0339529
22 47 0.0697028
22 48 0.0969397
22 49 0.115463
22 50 0.124904
22 51 0.124973
22 52 0.115738
22 53 0.0974052
22 54 0.0702688
22 55 0.0347616
22 56 -0.00859768
22 57 -0.0590692
22 58 -0.115881
22 59 -0.178036
22 60 -0.244503
22 61 -0.314316
22 62 -0.386356
22 63 -0.459414
22 64 -0.53241
22 65 -0.604159
22 66 -0.673369
22 67 -0.739099
22 68 -0.800274
22 69 -0.855799
22 70 -0.905003
22 71 -0.947032
22 72 -0.981149
22 73 -1.00693
22 74 -1.02384
22 75 -1.03167
22 76 -1.03048
22 77 -1.0202
22 78 -1.00104
22 79 -0.973397
22 80 -0.937694
22 81 -0.894547
22 82 -0.84482
22 83 -0.789252
22 84 -0.728719
22 85 -0.664452
22 86 -0.597374
22 87 -0.528555
22 88 -0.459323
22 89 -0.390773
22 90 -0.323976
22 91 -0.260137
22 92 -0.20033
22 93 -0.145567
22 94 -0.0967404
22 95 -0.0547715
22 96 -0.020319
22 97 0.00617406
22 98 0.0240829
22 99 0.0331635
22 100 0.00412866
22 101 0

23 0 0
23 1 -0.000806865
23 2 -0.00651599
23 3 -0.0155082
23 4 -0.0332623
23 5 -0.0595496
23 6 -0.0937887
23 7 -0.135581
23 8 -0.184112
23 9 -0.23863
23 10 -0.298103
23 11 -0.361549
23 12 -0.427942
23 13 -0.49615
23 14 -0.564875
23 15 -0.633117
23 16 -0.699728
23 17 -0.763567
23 18 -0.823549
23 19 -0.878722
23 20 -0.927935
23 21 -0.970527
23 22 -1.0057
23 23 -1.03287
23 24 -1.05157
23 25 -1.06145
23 26 -1.06227
23 27 -1.05403
23 28 -1.03683
23 29 -1.01091
23 30 -0.976398
23 31 -0.934126
23 32 -0.884783
23 33 -0.828959
23 34 -0.767573
23 35 -0.701643
23 36 -0.632279
23 37 -0.56051
23 38 -0.487387
23 39 -0.414151
23 40 -0.342037
23 41 -0.272158
23 42 -0.205606
23 43 -0.143404
23 44 -0.0865775
23 45 -0.0360045
23 46 0.00749458
23 47 0.0431409
23 48 0.0703485
23 49 0.0887513
23 50 0.0981944
23 51 0.0982724
23 52 0.0891552
23 53 0.0709161
23 54 0.0439244
23 55 0.00849267
23 56 -0.0347595
23 57 -0.0850498
23 58 -0.141628
23 59 -0.203585
23 60 -0.269861
23 61 -0.339429
23 62 -0.41127
23 63 -0.484175
23 64 -0.557054
23 65 -0.628713
23 66 -0.697867
23 67 -0.763526
23 68 -0.824661
23 69 -0.880228
23 70 -0.929466
23 71 -0.971569
23 72 -1.00582
23 73 -1.03182
23 74 -1.04896
23 75 -1.05711
23 76 -1.05626
23 77 -1.04638
23 78 -1.02759
23 79 -1.00039
23 80 -0.965219
23 81 -0.922624
23 82 -0.873429
23 83 -0.818487
23 84 -0.758569
23 85 -0.694899
23 86 -0.628416
23 87 -0.560258
23 88 -0.491579
23 89 -0.423611
23 90 -0.357371
23 91 -0.294072
23 92 -0.234755
23 93 -0.180436
23 94 -0.131945
23 95 -0.0903241
23 96 -0.0561369
23 97 -0.0299427
23 98 -0.012236
23 99 -0.0032947
23 100 -0.000409032
23 101 0

24 0 0
24 1 -0.00418633
24 2 -0.033695
24 3 -0.0425874
24 4 -0.0601979
24 5 -0.0862176
24 6 -0.120243
24 7 -0.161683
24 8 -0.209903
24 9 -0.263977
24 10 -0.323033
24 11 -0.386
24 12 -0.451922
24 13 -0.519607
24 14 -0.587869
24 15 -0.655594
24 16 -0.721724
24 17 -0.785046
24 18 -0.84453
24 19 -0.899186
24 20 -0.947921
24 21 -0.989985
24 22 -1.02481
24 23 -1.05157
24 24 -1.06994
24 25 -1.07943
24 26 -1.08
24 27 -1.07151
24 28 -1.05413
24 29 -1.028
24 30 -0.993441
24 31 -0.951165
24 32 -0.901798
24 33 -0.845987
24 34 -0.784644
24 35 -0.718769
24 36 -0.649536
24 37 -0.577878
24 38 -0.504956
24 39 -0.43189
24 40 -0.359926
24 41 -0.29018
24 42 -0.223847
24 43 -0.161763
24 44 -0.105072
24 45 -0.0546671
24 46 -0.0112901
24 47 0.0242446
24 48 0.0513875
24 49 0.0697003
24 50 0.0790855
24 51 0.079201
24 52 0.0701673
24 53 0.0520121
24 54 0.0252089
24 55 -0.0100856
24 56 -0.0531736
24 57 -0.103277
24 58 -0.159675
24 59 -0.221364
24 60 -0.287449
24 61 -0.356789
24 62 -0.428441
24 63 -0.501165
24 64 -0.573844
24 65 -0.645316
24 66 -0.714374
24 67 -0.779871
24 68 -0.840921
24 69 -0.89651
24 70 -0.945869
24 71 -0.987989
24 72 -1.02233
24 73 -1.04843
24 74 -1.06578
24 75 -1.07417
24 76 -1.07366
24 77 -1.06411
24 78 -1.04572
24 79 -1.01894
24 80 -0.984292
24 81 -0.94221
24 82 -0.89355
24 83 -0.839152
24 84 -0.779855
24 85 -0.716696
24 86 -0.650793
24 87 -0.583168
24 88 -0.515084
24 89 -0.447617
24 90 -0.381898
24 91 -0.319055
24 92 -0.260247
24 93 -0.206381
24 94 -0.158307
24 95 -0.116945
24 96 -0.0830664
24 97 -0.0570955
24 98 -0.0395569
24 99 -0.0307642
24 100 -0.00382983
24 101 0

25 0 0
25 1 -0.0063917
25 2 -0.0513952
25 3 -0.0601727
25 4 -0.0775829
25 5 -0.103448
25 6 -0.137237
25 7 -0.178465
25 8 -0.226351
25 9 -0.280072
25 10 -0.338733
25 11 -0.401238
25 12 -0.466659
25 13 -0.533875
25 14 -0.601695
25 15 -0.668983
25 16 -0.734588
25 17 -0.797455
25 18 -0.856489
25 19 -0.910708
25 20 -0.958974
25 21 -1.00059
25 22 -1.035
25 23 -1.06145
25 24 -1.07943
25 25 -1.08877
25 26 -1.08906
25 27 -1.08036
25 28 -1.0627
25 29 -1.03642
25 30 -1.00192
25 31 -0.95964
25 32 -0.910277
25 33 -0.854527
25 34 -0.793288
25 35 -0.727608
25 36 -0.658478
25 37 -0.586962
25 38 -0.514267
25 39 -0.441435
25 40 -0.369615
25 41 -0.300112
25 42 -0.233974
25 43 -0.172094
25 44 -0.115592
25 45 -0.065352
25 46 -0.0221603
25 47 0.0132982
25 48 0.0404058
25 49 0.058652
25 50 0.0680141
25 51 0.0681805
25 52 0.0591791
25 53 0.0410969
25 54 0.0143659
25 55 -0.0207558
25 56 -0.0636439
25 57 -0.113529
25 58 -0.169695
25 59 -0.231148
25 60 -0.296934
25 61 -0.366067
25 62 -0.437506
25 63 -0.510021
25 64 -0.582435
25 65 -0.653657
25 66 -0.72249
25 67 -0.787838
25 68 -0.848769
25 69 -0.904386
25 70 -0.953738
25 71 -0.995817
25 72 -1.03022
25 73 -1.05645
25 74 -1.07396
25 75 -1.08267
25 76 -1.08235
25 77 -1.07316
25 78 -1.05513
25 79 -1.02877
25 80 -0.994544
25 81 -0.95295
25 82 -0.90474
25 83 -0.850837
25 84 -0.792102
25 85 -0.729478
25 86 -0.664061
25 87 -0.596995
25 88 -0.529413
25 89 -0.462531
25 90 -0.397291
25 91 -0.334896
25 92 -0.276551
25 93 -0.223059
25 94 -0.175341
25 95 -0.134274
25 96 -0.100645
25 97 -0.0749262
25 98 -0.0574978
25 99 -0.0488222
25 100 -0.00607903
25 101 0

26 0 0
26 1 -0.00738459
26 2 -0.0593638
26 3 -0.0680639
26 4 -0.0854257
26 5 -0.111125
26 6 -0.144759
26 7 -0.185677
26 8 -0.233253
26 9 -0.286575
26 10 -0.344945
26 11 -0.407035
26 12 -0.472031
26 13 -0.53879
26 14 -0.606187
26 15 -0.6731
26 16 -0.73823
26 17 -0.800563
26 18 -0.859171
26 19 -0.912965
26 20 -0.960894
26 21 -1.00212
26 22 -1.03622
26 23 -1.06227
26 24 -1.08
26 25 -1.08906
26 26 -1.08924
26 27 -1.08035
26 28 -1.06254
26 29 -1.03617
26 30 -1.00163
26 31 -0.95935
26 32 -0.91003
26 33 -0.854375
26 34 -0.793354
26 35 -0.727872
26 36 -0.658958
26 37 -0.587626
26 38 -0.515084
26 39 -0.442466
26 40 -0.370981
26 41 -0.30176
26 42 -0.235902
26 43 -0.174271
26 44 -0.118028
26 45 -0.0680068
26 46 -0.0249524
26 47 0.0103975
26 48 0.0374175
26 49 0.0556416
26 50 0.0650569
26 51 0.0651921
26 52 0.0562496
26 53 0.0382277
26 54 0.0115659
26 55 -0.0233967
26 56 -0.0660079
26 57 -0.115654
26 58 -0.171551
26 59 -0.232695
26 60 -0.298238
26 61 -0.367064
26 62 -0.438201
26 63 -0.510434
26 64 -0.582596
26 65 -0.653549
26 66 -0.722197
26 67 -0.78738
26 68 -0.848154
26 69 -0.903604
26 70 -0.952851
26 71 -0.994886
26 72 -1.0294
26 73 -1.05572
26 74 -1.07347
26 75 -1.08234
26 76 -1.08224
