0 0 0
0 1 0
0 2 0
0 3 0
0 4 0
0 5 0
0 6 0
0 7 0
0 8 0
0 9 0
0 10 0
0 11 0
0 12 0
0 13 0
0 14 0
0 15 0
0 16 0
0 17 0
0 18 0
0 19 0
0 20 0
0 21 0
0 22 0
0 23 0
0 24 0
0 25 0
0 26 0
0 27 0
0 28 0
0 29 0
0 30 0
0 31 0
0 32 0
0 33 0
0 34 0
0 35 0
0 36 0
0 37 0
0 38 0
0 39 0
0 40 0
0 41 0
0 42 0
0 43 0
0 44 0
0 45 0
0 46 0
0 47 0
0 48 0
0 49 0
0 50 0
0 51 0
0 52 0
0 53 0
0 54 0
0 55 0
0 56 0
0 57 0
0 58 0
0 59 0
0 60 0
0 61 0
0 62 0
0 63 0
0 64 0
0 65 0
0 66 0
0 67 0
0 68 0
0 69 0
0 70 0
0 71 0
0 72 0
0 73 0
0 74 0
0 75 0
0 76 0
0 77 0
0 78 0
0 79 0
0 80 0
0 81 0
0 82 0
0 83 0
0 84 0
0 85 0
0 86 0
0 87 0
0 88 0
0 89 0
0 90 0
0 91 0
0 92 0
0 93 0
0 94 0
0 95 0
0 96 0
0 97 0
0 98 0
0 99 0
0 100 0
0 101 0

1 0 0
1 1 0
1 2 -0.0707654
1 3 -0.0699347
1 4 -0.0684923
1 5 -0.066498
1 6 -0.0639808
1 7 -0.0609654
1 8 -0.0575678
1 9 -0.0537526
1 10 -0.0496679
1 11 -0.0453338
1 12 -0.0408156
1 13 -0.0362739
1 14 -0.0316299
1 15 -0.0270204
1 16 -0.0224959
1 17 -0.0181091
1 18 -0.0139923
1 19 -0.0101268
1 20 -0.00658753
1 21 -0.00345264
1 22 -0.000752391
1 23 0.00153749
1 24 0.0032914
1 25 0.00448295
1 26 0.00519154
1 27 0.00533776
1 28 0.00489285
1 29 0.00396512
1 30 0.00253588
1 31 0.000662807
1 32 -0.00164644
1 33 -0.00434125
1 34 -0.00736745
1 35 -0.0107683
1 36 -0.0144223
1 37 -0.0182098
1 38 -0.0220948
1 39 -0.0260282
1 40 -0.0299635
1 41 -0.0337369
1 42 -0.0373101
1 43 -0.0406522
1 44 -0.0437399
1 45 -0.0465328
1 46 -0.0488818
1 47 -0.0507891
1 48 -0.0522584
1 49 -0.0532573
1 50 -0.053735
1 51 -0.0536655
1 52 -0.0530297
1 53 -0.0519497
1 54 -0.0503711
1 55 -0.0483079
1 56 -0.0457738
1 57 -0.042858
1 58 -0.0396482
1 59 -0.036143
1 60 -0.032409
1 61 -0.0285268
1 62 -0.0245687
1 63 -0.020628
1 64 -0.0167539
1 65 -0.0129264
1 66 -0.00927235
1 67 -0.0059147
1 68 -0.00281888
1 69 -8.93982e-05
1 70 0.00223378
1 71 0.0041226
1 72 0.00549657
1 73 0.00638101
1 74 0.00668693
1 75 0.0064994
1 76 0.0057827
1 77 0.00442682
1 78 0.00252826
1 79 0.000152448
1 80 -0.00268331
1 81 -0.00586419
1 82 -0.00940756
1 83 -0.0133108
1 84 -0.0175119
1 85 -0.0219421
1 86 -0.0265718
1 87 -0.0312626
1 88 -0.035945
1 89 -0.0406758
1 90 -0.0452499
1 91 -0.0496409
1 92 -0.0538365
1 93 -0.057644
1 94 -0.0611253
1 95 -0.0641793
1 96 -0.0666877
1 97 -0.0686478
1 98 -0.0700683
1 99 -0.070893
1 100 0
1 101 0

2 0 0
2 1 -0.0707654
2 2 -0.56826
2 3 -0.561632
2 4 -0.550205
2 5 -0.534055
2 6 -0.513746
2 7 -0.489628
2 8 -0.462106
2 9 -0.431638
2 10 -0.398737
2 11 -0.363875
2 12 -0.327825
2 13 -0.29112
2 14 -0.254122
2 15 -0.217048
2 16 -0.180636
2 17 -0.14553
2 18 -0.112249
2 19 -0.081322
2 20 -0.0528528
2 21 -0.0276049
2 22 -0.00570006
2 23 0.0124973
2 24 0.0265536
2 25 0.0363297
2 26 0.0417234
2 27 0.0427926
2 28 0.0395297
2 29 0.0319763
2 30 0.0205233
2 31 0.00533372
2 32 -0.0131467
2 33 -0.0346894
2 34 -0.0592057
2 35 -0.0863113
2 36 -0.115622
2 37 -0.146192
2 38 -0.177516
2 39 -0.209256
2 40 -0.24048
2 41 -0.270718
2 42 -0.299526
2 43 -0.326449
2 44 -0.351351
2 45 -0.373479
2 46 -0.392456
2 47 -0.407956
2 48 -0.419653
2 49 -0.427486
2 50 -0.43126
2 51 -0.430627
2 52 -0.425952
2 53 -0.417086
2 54 -0.404293
2 55 -0.387706
2 56 -0.36754
2 57 -0.344234
2 58 -0.318352
2 59 -0.290168
2 60 -0.26024
2 61 -0.229143
2 62 -0.197357
2 63 -0.165608
2 64 -0.134278
2 65 -0.103686
2 66 -0.0744435
2 67 -0.0472031
2 68 -0.0225467
2 69 -0.000663167
2 70 0.0180126
2 71 0.0331425
2 72 0.044347
2 73 0.0512235
2 74 0.0539424
2 75 0.0523566
2 76 0.0463009
2 77 0.0356728
2 78 0.0205737
2 79 0.00150968
2 80 -0.0211551
2 81 -0.0470115
2 82 -0.0755596
2 83 -0.106929
2 84 -0.140591
2 85 -0.176298
2 86 -0.213346
2 87 -0.250993
2 88 -0.28891
2 89 -0.326513
2 90 -0.363308
2 91 -0.398709
2 92 -0.432116
2 93 -0.462892
2 94 -0.490751
2 95 -0.515132
2 96 -0.53546
2 97 -0.55138
2 98 -0.562811
2 99 -0.569371
2 100 -0.070893
2 101 0

3 0 0
3 1 -0.0699347
3 2 -0.561632
3 3 -0.55533
3 4 -0.54403
3 5 -0.52785
3 6 -0.507461
3 7 -0.483479
3 8 -0.455813
3 9 -0.425689
3 10 -0.392717
3 11 -0.358091
3 12 -0.322572
3 13 -0.285894
3 14 -0.249314
3 15 -0.21245
3 16 -0.176156
3 17 -0.141272
3 18 -0.107821
3 19 -0.0768529
3 20 -0.0485263
3 21 -0.0231875
3 22 -0.00116428
3 23 0.0167328
3 24 0.0307614
3 25 0.0406515
3 26 0.0456103
3 27 0.0464574
3 28 0.0433825
3 29 0.0356243
3 30 0.0240255
3 31 0.00878767
3 32 -0.00963392
3 33 -0.0310204
3 34 -0.0556149
3 35 -0.0825456
3 36 -0.111611
3 37 -0.142412
3 38 -0.173977
3 39 -0.205653
3 40 -0.236422
3 41 -0.266523
3 42 -0.29543
3 43 -0.322559
3 44 -0.347301
3 45 -0.36909
3 46 -0.38802
3 47 -0.40348
3 48 -0.415109
3 49 -0.422703
3 50 -0.426255
3 51 -0.425757
3 52 -0.421306
3 53 -0.412342
3 54 -0.399555
3 55 -0.383044
3 56 -0.363259
3 57 -0.340364
3 58 -0.314417
3 59 -0.286285
3 60 -0.256466
3 61 -0.225383
3 62 -0.193695
3 63 -0.161827
3 64 -0.1302
3 65 -0.0998562
3 66 -0.0708266
3 67 -0.0434597
3 68 -0.0190485
3 69 0.00261353
3 70 0.0212599
3 71 0.0364024
3 72 0.0478093
3 73 0.0546785
3 74 0.0576847
3 75 0.0561398
3 76 0.0498592
3 77 0.0395959
3 78 0.0249263
3 79 0.00596567
3 80 -0.0165169
3 81 -0.0425725
3 82 -0.0714188
3 83 -0.102749
3 84 -0.136376
3 85 -0.172027
3 86 -0.208679
3 87 -0.246163
3 88 -0.28409
3 89 -0.321039
3 90 -0.357698
3 91 -0.393074
3 92 -0.425961
3 93 -0.456849
3 94 -0.484332
3 95 -0.508481
3 96 -0.529004
3 97 -0.545187
3 98 -0.556591
3 99 -0.563033
3 100 -0.0701006
3 101 0

4 0 0
4 1 -0.0684923
4 2 -0.550205
4 3 -0.54403
4 4 -0.532922
4 5 -0.517207
4 6 -0.497047
4 7 -0.472917
4 8 -0.445811
4 9 -0.415685
4 10 -0.383208
4 11 -0.34909
4 12 -0.313506
4 13 -0.276903
4 14 -0.240561
4 15 -0.204036
4 16 -0.167777
4 17 -0.132989
4 18 -0.0997216
4 19 -0.0685569
4 20 -0.0405133
4 21 -0.0151861
4 22 0.00648509
4 23 0.0242975
4 24 0.0385122
4 25 0.0483347
4 26 0.0535675
4 27 0.0542282
4 28 0.0505473
4 29 0.0429001
4 30 0.0313335
4 31 0.0163587
4 32 -0.00246426
4 33 -0.0243341
4 34 -0.0488266
4 35 -0.0761437
4 36 -0.104904
4 37 -0.135454
4 38 -0.167061
4 39 -0.198169
4 40 -0.22928
4 41 -0.259433
4 42 -0.288191
4 43 -0.315785
4 44 -0.340161
4 45 -0.361918
4 46 -0.380632
4 47 -0.395782
4 48 -0.407663
4 49 -0.415073
4 50 -0.41852
4 51 -0.41839
4 52 -0.41369
4 53 -0.404649
4 54 -0.39187
4 55 -0.375466
4 56 -0.356285
4 57 -0.333614
4 58 -0.307388
4 59 -0.279256
4 60 -0.249254
4 61 -0.218301
4 62 -0.186779
4 63 -0.154989
4 64 -0.123574
4 65 -0.0930448
4 66 -0.0641731
4 67 -0.0373499
4 68 -0.0125012
4 69 0.00930437
4 70 0.0280454
4 71 0.0433391
4 72 0.0545195
4 73 0.0619772
4 74 0.0649684
4 75 0.063419
4 76 0.0573089
4 77 0.0469027
4 78 0.032512
4 79 0.0136707
4 80 -0.00872911
4 81 -0.0345001
4 82 -0.0635256
4 83 -0.0945124
4 84 -0.128456
4 85 -0.164131
4 86 -0.200335
4 87 -0.23757
4 88 -0.275
4 89 -0.312107
4 90 -0.34856
4 91 -0.38328
4 92 -0.416117
4 93 -0.446562
4 94 -0.474098
4 95 -0.49802
4 96 -0.518294
4 97 -0.534214
4 98 -0.545456
4 99 -0.551767
4 100 -0.0686957
4 101 0

5 0 0
5 1 -0.066498
5 2 -0.534055
5 3 -0.52785
5 4 -0.517207
5 5 -0.501753
5 6 -0.482007
5 7 -0.45832
5 8 -0.431708
5 9 -0.401566
5 10 -0.369858
5 11 -0.335768
5 12 -0.300407
5 13 -0.264254
5 14 -0.227996
5 15 -0.191869
5 16 -0.155899
5 17 -0.121152
5 18 -0.0881775
5 19 -0.0571565
5 20 -0.0291134
5 21 -0.00366726
5 22 0.0179124
5 23 0.0360352
5 24 0.0499936
5 25 0.0599944
5 26 0.0652727
5 27 0.0655669
5 28 0.0616243
5 29 0.0541898
5 30 0.0424618
5 31 0.0270102
5 32 0.00858468
5 33 -0.0133959
5 34 -0.0383056
5 35 -0.0655001
5 36 -0.0947307
5 37 -0.125021
5 38 -0.156747
5 39 -0.187656
5 40 -0.21906
5 41 -0.249212
5 42 -0.278393
5 43 -0.305569
5 44 -0.330002
5 45 -0.351884
5 46 -0.370538
5 47 -0.386064
5 48 -0.397441
5 49 -0.405239
5 50 -0.408738
5 51 -0.408105
5 52 -0.403523
5 53 -0.394838
5 54 -0.381967
5 55 -0.365839
5 56 -0.346277
5 57 -0.323536
5 58 -0.29761
5 59 -0.269536
5 60 -0.239449
5 61 -0.208303
5 62 -0.176801
5 63 -0.144497
5 64 -0.113489
5 65 -0.0827831
5 66 -0.0540014
5 67 -0.0269351
5 68 -0.00229683
5 69 0.0197956
5 70 0.0386328
5 71 0.0537809
5 72 0.0649272
5 73 0.0725797
5 74 0.0760912
5 75 0.0748092
5 76 0.0686757
5 77 0.058304
5 78 0.0436072
5 79 0.0252219
5 80 0.00250364
5 81 -0.0232634
5 82 -0.0522452
5 83 -0.0834906
5 84 -0.117107
5 85 -0.152342
5 86 -0.188403
5 87 -0.225543
5 88 -0.26235
5 89 -0.2992
5 90 -0.335491
5 91 -0.369557
5 92 -0.402326
5 93 -0.432135
5 94 -0.459548
5 95 -0.482947
5 96 -0.502959
5 97 -0.518667
5 98 -0.529533
5 99 -0.535766
5 100 -0.0667168
5 101 0

6 0 0
6 1 -0.0639808
6 2 -0.513746
6 3 -0.507461
6 4 -0.497047
6 5 -0.482007
6 6 -0.46255
6 7 -0.439504
6 8 -0.412897
6 9 -0.383567
6 10 -0.351814
6 11 -0.31834
6 12 -0.28348
6 13 -0.247849
6 14 -0.2116
6 15 -0.175537
6 16 -0.13992
6 17 -0.105191
6 18 -0.0723006
6 19 -0.0418112
6 20 -0.013977
6 21 0.0112132
6 22 0.032756
6 23 0.0507177
6 24 0.0646122
6 25 0.0745619
6 26 0.0800868
6 27 0.0805087
6 28 0.0766963
6 29 0.0688992
6 30 0.0568091
6 31 0.0412341
6 32 0.0225889
6 33 -9.75766e-05
6 34 -0.0251191
6 35 -0.0521801
6 36 -0.0813347
6 37 -0.111742
6 38 -0.143106
6 39 -0.17417
6 40 -0.205331
6 41 -0.23614
6 42 -0.265471
6 43 -0.292351
6 44 -0.317294
6 45 -0.339334
6 46 -0.357955
6 47 -0.373126
6 48 -0.384246
6 49 -0.392189
6 50 -0.395765
6 51 -0.39509
6 52 -0.390194
6 53 -0.382014
6 54 -0.369554
6 55 -0.353456
6 56 -0.333567
6 57 -0.310454
6 58 -0.284946
6 59 -0.256606
6 60 -0.226468
6 61 -0.195332
6 62 -0.16373
6 63 -0.131683
6 64 -0.100251
6 65 -0.0698929
6 66 -0.0413165
6 67 -0.0141678
6 68 0.0111142
6 69 0.0330487
6 70 0.0520299
6 71 0.0674691
6 72 0.0789506
6 73 0.0868828
6 74 0.0905175
6 75 0.0889688
6 76 0.0828506
6 77 0.0724948
6 78 0.057972
6 79 0.0397389
6 80 0.0173242
6 81 -0.00840304
6 82 -0.0369279
6 83 -0.0682746
6 84 -0.101547
6 85 -0.136299
6 86 -0.17267
6 87 -0.2094
6 88 -0.246187
6 89 -0.282674
6 90 -0.317661
6 91 -0.351708
6 92 -0.383887
6 93 -0.413781
6 94 -0.44065
6 95 -0.464063
6 96 -0.483446
6 97 -0.498543
6 98 -0.509458
6 99 -0.515725
6 100 -0.0642171
6 101 0

7 0 0
7 1 -0.0609654
7 2 -0.489628
7 3 -0.483479
7 4 -0.472917
7 5 -0.45832
7 6 -0.439504
7 7 -0.416836
7 8 -0.390682
7 9 -0.362027
7 10 -0.330661
7 11 -0.297377
7 12 -0.263139
7 13 -0.227515
7 14 -0.191447
7 15 -0.155536
7 16 -0.120224
7 17 -0.0860864
7 18 -0.0532854
7 19 -0.0229649
7 20 0.00462671
7 21 0.029292
7 22 0.0505705
7 23 0.0682375
7 24 0.0822868
7 25 0.0924669
7 26 0.0976673
7 27 0.0979108
7 28 0.0939986
7 29 0.0861152
7 30 0.0741063
7 31 0.0582624
7 32 0.0388548
7 33 0.0162906
7 34 -0.00914561
7 35 -0.0365983
7 36 -0.0654948
7 37 -0.0955726
7 38 -0.126793
7 39 -0.158407
7 40 -0.189707
7 41 -0.220407
7 42 -0.249587
7 43 -0.2768
7 44 -0.301838
7 45 -0.323847
7 46 -0.342319
7 47 -0.357407
7 48 -0.368998
7 49 -0.376559
7 50 -0.380086
7 51 -0.379552
7 52 -0.374778
7 53 -0.366311
7 54 -0.354212
7 55 -0.337957
7 56 -0.318251
7 57 -0.295317
7 58 -0.269332
7 59 -0.241275
7 60 -0.211469
7 61 -0.180185
7 62 -0.148033
7 63 -0.116108
7 64 -0.0848661
7 65 -0.0546992
7 66 -0.0260204
7 67 0.00145159
7 68 0.0264884
7 69 0.0487193
7 70 0.0680389
7 71 0.0838692
7 72 0.0954976
7 73 0.103359
7 74 0.107348
7 75 0.106003
7 76 0.0998719
7 77 0.0897221
7 78 0.0751768
7 79 0.0569803
7 80 0.035144
7 81 0.00991856
7 82 -0.0184343
7 83 -0.0496214
7 84 -0.0825105
7 85 -0.117211
7 86 -0.153219
7 87 -0.189617
7 88 -0.225893
7 89 -0.261872
7 90 -0.297028
7 91 -0.330595
7 92 -0.362432
7 93 -0.391806
7 94 -0.418069
7 95 -0.441127
7 96 -0.460184
7 97 -0.474991
7 98 -0.485516
7 99 -0.491844
7 100 -0.0612649
7 101 0

8 0 0
8 1 -0.0575678
8 2 -0.462106
8 3 -0.455813
8 4 -0.445811
8 5 -0.431708
8 6 -0.412897
8 7 -0.390682
8 8 -0.365268
8 9 -0.337087
8 10 -0.306434
8 11 -0.273773
8 12 -0.239367
8 13 -0.204355
8 14 -0.168346
8 15 -0.132628
8 16 -0.097491
8 17 -0.0633205
8 18 -0.0312811
8 19 -0.00145684
8 20 0.0259966
8 21 0.0505566
8 22 0.0714563
8 23 0.0894602
8 24 0.10271
8 25 0.112412
8 26 0.117792
8 27 0.118116
8 28 0.113741
8 29 0.105557
8 30 0.0933537
8 31 0.0773072
8 32 0.057696
8 33 0.0342216
8 34 0.00937128
8 35 -0.0175086
8 36 -0.0469462
8 37 -0.0772664
8 38 -0.108476
8 39 -0.139989
8 40 -0.171744
8 41 -0.202462
8 42 -0.231522
8 43 -0.258798
8 44 -0.284105
8 45 -0.306107
8 46 -0.324561
8 47 -0.340186
8 48 -0.351513
8 49 -0.359207
8 50 -0.362839
8 51 -0.362226
8 52 -0.357549
8 53 -0.34908
8 54 -0.336392
8 55 -0.320598
8 56 -0.300857
8 57 -0.277469
8 58 -0.25201
8 59 -0.224303
8 60 -0.194085
8 61 -0.162761
8 62 -0.130729
8 63 -0.0983619
8 64 -0.0671076
8 65 -0.0365941
8 66 -0.00803222
8 67 0.0189259
8 68 0.0445987
8 69 0.0670244
8 70 0.0861407
8 71 0.101975
8 72 0.114226
8 73 0.122678
8 74 0.12636
8 75 0.12496
8 76 0.119506
8 77 0.109863
8 78 0.0953536
8 79 0.0778723
8 80 0.0557549
8 81 0.0304485
8 82 0.00281747
8 83 -0.0277297
8 84 -0.0604825
8 85 -0.0946457
8 86 -0.130513
8 87 -0.166739
8 88 -0.20285
8 89 -0.238848
8 90 -0.273174
8 91 -0.306414
8 92 -0.337728
8 93 -0.366341
8 94 -0.392269
8 95 -0.415085
8 96 -0.433383
8 97 -0.44789
8 98 -0.458512
8 99 -0.464598
8 100 -0.0578582
8 101 0

9 0 0
9 1 -0.0537526
9 2 -0.431638
9 3 -0.425689
9 4 -0.415685
9 5 -0.401566
9 6 -0.383567
9 7 -0.362027
9 8 -0.337087
9 9 -0.30977
9 10 -0.27947
9 11 -0.246839
9 12 -0.213231
9 13 -0.178019
9 14 -0.142298
9 15 -0.10639
9 16 -0.0716893
9 17 -0.0385734
9 18 -0.00643761
9 19 0.0230203
9 20 0.0499061
9 21 0.0741707
9 22 0.0950326
9 23 0.112212
9 24 0.125458
9 25 0.13522
9 26 0.139922
9 27 0.140212
9 28 0.136166
9 29 0.127454
9 30 0.115272
9 31 0.0987669
9 32 0.0785665
9 33 0.0559179
9 34 0.0302267
9 35 0.00278781
9 36 -0.0261974
9 37 -0.05665
9 38 -0.0884467
9 39 -0.1207
9 40 -0.151776
9 41 -0.182352
9 42 -0.21156
9 43 -0.238957
9 44 -0.264234
9 45 -0.286001
9 46 -0.304715
9 47 -0.320409
9 48 -0.331915
9 49 -0.339639
9 50 -0.343241
9 51 -0.343018
9 52 -0.338174
9 53 -0.329382
9 54 -0.316959
9 55 -0.300723
9 56 -0.280967
9 57 -0.25849
9 58 -0.232844
9 59 -0.204732
9 60 -0.175155
9 61 -0.143957
9 62 -0.111404
9 63 -0.0792036
9 64 -0.0475293
9 65 -0.017148
9 66 0.0119452
9 67 0.0398764
9 68 0.0648313
9 69 0.0873062
9 70 0.106756
9 71 0.12291
9 72 0.135528
9 73 0.143608
9 74 0.147793
9 75 0.146813
9 76 0.141058
9 77 0.1318
9 78 0.117794
9 79 0.100156
9 80 0.0789849
9 81 0.054439
9 82 0.0267519
9 83 -0.00357918
9 84 -0.0353965
9 85 -0.0694618
9 86 -0.104952
9 87 -0.140882
9 88 -0.177083
9 89 -0.212282
9 90 -0.246848
9 91 -0.279743
9 92 -0.310206
9 93 -0.338512
9 94 -0.363848
9 95 -0.385778
9 96 -0.404011
9 97 -0.418182
9 98 -0.428614
9 99 -0.43439
9 100 -0.0540783
9 101 0

10 0 0
10 1 -0.0496679
10 2 -0.398737
10 3 -0.392717
10 4 -0.383208
10 5 -0.369858
10 6 -0.351814
10 7 -0.330661
10 8 -0.306434
10 9 -0.27947
10 10 -0.250104
10 11 -0.217954
10 12 -0.184325
10 13 -0.149352
10 14 -0.11375
10 15 -0.078387
10 16 -0.0442795
10 17 -0.0112751
10 18 0.0203423
10 19 0.0496252
10 20 0.076582
10 21 0.100325
10 22 0.120907
10 23 0.138079
10 24 0.150772
10 25 0.159631
10 26 0.164585
10 27 0.164492
10 28 0.160167
10 29 0.151498
10 30 0.138581
10 31 0.121805
10 32 0.101586
10 33 0.0783694
10 34 0.0529637
10 35 0.0256408
10 36 -0.00384136
10 37 -0.0346004
10 38 -0.0664691
10 39 -0.0988363
10 40 -0.130072
10 41 -0.160813
10 42 -0.189966
10 43 -0.217283
10 44 -0.242401
10 45 -0.264478
10 46 -0.283556
10 47 -0.298952
10 48 -0.310665
10 49 -0.318288
10 50 -0.322528
10 51 -0.321922
10 52 -0.317234
10 53 -0.308251
10 54 -0.295924
10 55 -0.279413
10 56 -0.259856
10 57 -0.237071
10 58 -0.211766
10 59 -0.184005
10 60 -0.154058
10 61 -0.123217
10 62 -0.090787
10 63 -0.0581642
10 64 -0.0263148
10 65 0.00452966
10 66 0.0339103
10 67 0.061655
10 68 0.0868745
10 69 0.10941
10 70 0.129137
10 71 0.145498
10 72 0.158263
10 73 0.166891
10 74 0.171234
10 75 0.170182
10 76 0.165306
10 77 0.156004
10 78 0.142325
10 79 0.125355
10 80 0.104552
10 81 0.0804373
10 82 0.0533669
10 83 0.0230877
10 84 -0.00883731
10 85 -0.0421197
10 86 -0.0772709
10 87 -0.113092
10 88 -0.148725
10 89 -0.183697
10 90 -0.217876
10 91 -0.250202
10 92 -0.280485
10 93 -0.30802
10 94 -0.333058
10 95 -0.354975
10 96 -0.372242
10 97 -0.386032
10 98 -0.396121
10 99 -0.401726
10 100 -0.0500142
10 101 0

11 0 0
11 1 -0.0453338
11 2 -0.363875
11 3 -0.358091
11 4 -0.34909
11 5 -0.335768
11 6 -0.31834
11 7 -0.297377
11 8 -0.273773
11 9 -0.246839
11 10 -0.217954
11 11 -0.186413
11 12 -0.153189
11 13 -0.118512
11 14 -0.0835385
11 15 -0.0487553
11 16 -0.0150004
11 17 0.0171886
11 18 0.0484424
11 19 0.0778572
11 20 0.104349
11 21 0.128126
11 22 0.148369
11 23 0.165749
11 24 0.177711
11 25 0.186538
11 26 0.190696
11 27 0.190176
11 28 0.185179
11 29 0.176243
11 30 0.163506
11 31 0.146256
11 32 0.12599
11 33 0.103075
11 34 0.0775806
11 35 0.0498964
11 36 0.019687
11 37 -0.0109842
11 38 -0.0432561
11 39 -0.0750127
11 40 -0.107202
11 41 -0.137614
11 42 -0.166925
11 43 -0.194107
11 44 -0.218921
11 45 -0.241442
11 46 -0.260505
11 47 -0.276514
11 48 -0.288001
11 49 -0.29605
11 50 -0.299581
11 51 -0.299301
11 52 -0.294214
11 53 -0.285774
11 54 -0.273303
11 55 -0.257004
11 56 -0.23694
11 57 -0.214373
11 58 -0.189057
11 59 -0.161586
11 60 -0.131824
11 61 -0.100563
11 62 -0.0685047
11 63 -0.0355785
11 64 -0.00410853
11 65 0.0275574
11 66 0.0571541
11 67 0.085214
11 68 0.110227
11 69 0.133375
11 70 0.153531
11 71 0.169389
11 72 0.181876
11 73 0.191046
11 74 0.195667
11 75 0.195523
11 76 0.190907
11 77 0.182393
11 78 0.168659
11 79 0.152341
11 80 0.131619
11 81 0.107979
11 82 0.0807735
11 83 0.0509347
11 84 0.0197051
11 85 -0.0135085
11 86 -0.0478401
11 87 -0.0832875
11 88 -0.118427
11 89 -0.153183
11 90 -0.187151
11 91 -0.218643
11 92 -0.248562
11 93 -0.275426
11 94 -0.300109
11 95 -0.321301
11 96 -0.338834
11 97 -0.351979
11 98 -0.361509
11 99 -0.36713
11 100 -0.0457379
11 101 0

12 0 0
12 1 -0.0408156
12 2 -0.327825
12 3 -0.322572
12 4 -0.313506
12 5 -0.300407
12 6 -0.28348
12 7 -0.263139
12 8 -0.239367
12 9 -0.213231
12 10 -0.184325
12 11 -0.153189
12 12 -0.120458
12 13 -0.0865359
12 14 -0.0519445
12 15 -0.0177944
12 16 0.0152195
12 17 0.0471574
12 18 0.0784656
12 19 0.107402
12 20 0.133398
12 21 0.156931
12 22 0.177237
12 23 0.193531
12 24 0.205778
12 25 0.213813
12 26 0.217339
12 27 0.216826
12 28 0.211945
12 29 0.202509
12 30 0.189246
12 31 0.172148
12 32 0.15178
12 33 0.128176
12 34 0.102202
12 35 0.0743447
12 36 0.0445422
12 37 0.0136127
12 38 -0.018302
12 39 -0.0506961
12 40 -0.08218
12 41 -0.113511
12 42 -0.143094
12 43 -0.169925
12 44 -0.195064
12 45 -0.217457
12 46 -0.236639
12 47 -0.252382
12 48 -0.26434
12 49 -0.272307
12 50 -0.276461
12 51 -0.275842
12 52 -0.271079
12 53 -0.262167
12 54 -0.249711
12 55 -0.233112
12 56 -0.213236
12 57 -0.190733
12 58 -0.165608
12 59 -0.137676
12 60 -0.108041
12 61 -0.0770472
12 62 -0.0449227
12 63 -0.0124098
12 64 0.0200997
12 65 0.0511817
12 66 0.0807185
12 67 0.108857
12 68 0.134656
12 69 0.157647
12 70 0.178051
12 71 0.194935
12 72 0.207681
12 73 0.216281
12 74 0.221231
12 75 0.22134
12 76 0.217071
12 77 0.208956
12 78 0.196245
12 79 0.179641
12 80 0.159943
12 81 0.136709
12 82 0.109901
12 83 0.0803035
12 84 0.0491233
12 85 0.0164421
12 86 -0.0174186
12 87 -0.0520529
12 88 -0.0870957
12 89 -0.121113
12 90 -0.153974
12 91 -0.185654
12 92 -0.214945
12 93 -0.242027
12 94 -0.266027
12 95 -0.286953
12 96 -0.303848
12 97 -0.316773
12 98 -0.325991
12 99 -0.331248
12 100 -0.0412371
12 101 0

13 0 0
13 1 -0.0362739
13 2 -0.29112
13 3 -0.285894
13 4 -0.276903
13 5 -0.264254
13 6 -0.247849
13 7 -0.227515
13 8 -0.204355
13 9 -0.178019
13 10 -0.149352
13 11 -0.118512
13 12 -0.0865359
13 13 -0.0531173
13 14 -0.0197331
13 15 0.0138597
13 16 0.0465909
13 17 0.0779873
13 18 0.108555
13 19 0.137053
13 20 0.16281
13 21 0.1862
13 22 0.206116
13 23 0.222298
13 24 0.233795
13 25 0.241771
13 26 0.24503
13 27 0.24393
13 28 0.238918
13 29 0.229524
13 30 0.21639
13 31 0.198885
13 32 0.178003
13 33 0.154604
13 34 0.128543
13 35 0.100299
13 36 0.0696008
13 37 0.0384085
13 38 0.00651667
13 39 -0.0256059
13 40 -0.0578726
13 41 -0.0890381
13 42 -0.118188
13 43 -0.145519
13 44 -0.170562
13 45 -0.19287
13 46 -0.212059
13 47 -0.228144
13 48 -0.240456
13 49 -0.248543
13 50 -0.251877
13 51 -0.251934
13 52 -0.247283
13 53 -0.238549
13 54 -0.225829
13 55 -0.20922
13 56 -0.189283
13 57 -0.166471
13 58 -0.141032
13 59 -0.113843
13 60 -0.0843233
13 61 -0.0531865
13 62 -0.0208197
13 63 0.011746
13 64 0.0438266
13 65 0.0755811
13 66 0.105291
13 67 0.133707
13 68 0.159607
13 69 0.183438
13 70 0.20405
13 71 0.220491
13 72 0.233402
13 73 0.24252
13 74 0.247523
13 75 0.247874
13 76 0.243757
13 77 0.236218
13 78 0.224063
13 79 0.208067
13 80 0.188202
13 81 0.165245
13 82 0.138998
13 83 0.110097
13 84 0.0793522
13 85 0.0469789
13 86 0.0138036
13 87 -0.0200513
13 88 -0.0539506
13 89 -0.0875511
13 90 -0.120581
13 91 -0.151375
13 92 -0.180641
13 93 -0.207
13 94 -0.230894
13 95 -0.251269
13 96 -0.268058
13 97 -0.280647
13 98 -0.289352
13 99 -0.294484
13 100 -0.0366904
13 101 0

14 0 0
14 1 -0.0316299
14 2 -0.254122
14 3 -0.249314
14 4 -0.240561
14 5 -0.227996
14 6 -0.2116
14 7 -0.191447
14 8 -0.168346
14 9 -0.142298
14 10 -0.11375
14 11 -0.0835385
14 12 -0.0519445
14 13 -0.0197331
14 14 0.0132111
14 15 0.0456356
14 16 0.0777725
14 17 0.109002
14 18 0.139122
14 19 0.167276
14 20 0.192893
14 21 0.216132
14 22 0.235628
14 23 0.251157
14 24 0.262723
14 25 0.270249
14 26 0.273113
14 27 0.271707
14 28 0.266438
14 29 0.256915
14 30 0.243389
14 31 0.225993
14 32 0.205242
14 33 0.180787
14 34 0.154367
14 35 0.126087
14 36 0.0956537
14 37 0.0641385
14 38 0.031595
14 39 -0.000724285
14 40 -0.0329168
14 41 -0.0640298
14 42 -0.0936961
14 43 -0.121074
14 44 -0.146171
14 45 -0.168467
14 46 -0.18746
14 47 -0.203539
14 48 -0.215855
14 49 -0.224055
14 50 -0.227902
14 51 -0.227734
14 52 -0.223157
14 53 -0.214232
14 54 -0.201279
14 55 -0.185015
14 56 -0.165347
14 57 -0.14255
14 58 -0.117266
14 59 -0.0895845
14 60 -0.0600913
14 61 -0.0290666
14 62 0.00304184
14 63 0.0359883
14 64 0.0685427
14 65 0.100269
14 66 0.130175
14 67 0.158653
14 68 0.185203
14 69 0.208642
14 70 0.229374
14 71 0.246679
14 72 0.259941
14 73 0.26898
14 74 0.274141
14 75 0.274893
14 76 0.271338
14 77 0.264071
14 78 0.252446
14 79 0.236696
14 80 0.217047
14 81 0.194272
14 82 0.168729
14 83 0.140235
14 84 0.109711
14 85 0.0780036
14 86 0.0453886
14 87 0.0120362
14 88 -0.0209244
14 89 -0.053779
14 90 -0.0859561
14 91 -0.116972
14 92 -0.145553
14 93 -0.171603
14 94 -0.195114
14 95 -0.21533
14 96 -0.231752
14 97 -0.244191
14 98 -0.252835
14 99 -0.257451
14 100 -0.0320377
14 101 0

15 0 0
15 1 -0.0270204
15 2 -0.217048
15 3 -0.21245
15 4 -0.204036
15 5 -0.191869
15 6 -0.175537
15 7 -0.155536
15 8 -0.132628
15 9 -0.10639
15 10 -0.078387
15 11 -0.0487553
15 12 -0.0177944
15 13 0.0138597
15 14 0.0456356
15 15 0.0777057
15 16 0.109344
15 17 0.140198
15 18 0.169684
15 19 0.197531
15 20 0.222857
15 21 0.245662
15 22 0.264938
15 23 0.280128
15 24 0.291194
15 25 0.298527
15 26 0.301219
15 27 0.299626
15 28 0.294063
15 29 0.284534
15 30 0.270334
15 31 0.252513
15 32 0.231401
15 33 0.207104
15 34 0.180213
15 35 0.15159
15 36 0.120875
15 37 0.0891287
15 38 0.056441
15 39 0.0237831
15 40 -0.00852981
15 41 -0.0394616
15 42 -0.0692541
15 43 -0.0966852
15 44 -0.121962
15 45 -0.144204
15 46 -0.163138
15 47 -0.178961
15 48 -0.19096
15 49 -0.199082
15 50 -0.203076
15 51 -0.202807
15 52 -0.198362
15 53 -0.189781
15 54 -0.177195
15 55 -0.161125
15 56 -0.141559
15 57 -0.118833
15 58 -0.0934844
15 59 -0.0656376
15 60 -0.0362111
15 61 -0.00527099
15 62 0.0268322
15 63 0.0598299
15 64 0.0922374
15 65 0.124322
15 66 0.154751
15 67 0.183517
15 68 0.209853
15 69 0.233734
15 70 0.254629
15 71 0.272487
15 72 0.285983
15 73 0.295572
15 74 0.300934
15 75 0.301829
15 76 0.298607
15 77 0.291558
15 78 0.280302
15 79 0.265239
15 80 0.245795
15 81 0.22346
15 82 0.198416
15 83 0.170446
15 84 0.14031
15 85 0.10919
15 86 0.0770305
15 87 0.0444808
15 88 0.0120463
15 89 -0.0203121
15 90 -0.0520325
15 91 -0.0822517
15 92 -0.110647
15 93 -0.136135
15 94 -0.15941
15 95 -0.179389
15 96 -0.195596
15 97 -0.20797
15 98 -0.216158
15 99 -0.220354
15 100 -0.0274099
15 101 0

16 0 0
16 1 -0.0224959
16 2 -0.180636
16 3 -0.176156
16 4 -0.167777
16 5 -0.155899
16 6 -0.13992
16 7 -0.120224
16 8 -0.097491
16 9 -0.0716893
16 10 -0.0442795
16 11 -0.0150004
16 12 0.0152195
16 13 0.0465909
16 14 0.0777725
16 15 0.109344
16 16 0.140968
16 17 0.171184
16 18 0.200384
16 19 0.227383
16 20 0.252852
16 21 0.274907
16 22 0.293848
16 23 0.308914
16 24 0.319497
16 25 0.326304
16 26 0.328924
16 27 0.326841
16 28 0.321176
16 29 0.311046
16 30 0.296228
16 31 0.277561
16 32 0.256367
16 33 0.232047
16 34 0.205331
16 35 0.176293
16 36 0.145349
16 37 0.113535
16 38 0.0806148
16 39 0.0475919
16 40 0.0156002
16 41 -0.0157207
16 42 -0.0454314
16 43 -0.0731032
16 44 -0.0983563
16 45 -0.120696
16 46 -0.139928
16 47 -0.155307
16 48 -0.1674
16 49 -0.17493
16 50 -0.179311
16 51 -0.178598
16 52 -0.174692
16 53 -0.166043
16 54 -0.154271
16 55 -0.137878
16 56 -0.118359
16 57 -0.095591
16 58 -0.0701989
16 59 -0.0425754
16 60 -0.0129473
16 61 0.0178194
16 62 0.050308
16 63 0.0828977
16 64 0.115223
16 65 0.147475
16 66 0.178267
16 67 0.207268
16 68 0.233755
16 69 0.257468
16 70 0.27901
16 71 0.296951
16 72 0.311182
16 73 0.321106
16 74 0.327141
16 75 0.32846
16 76 0.325695
16 77 0.318876
16 78 0.308023
16 79 0.293285
16 80 0.274548
16 81 0.252484
16 82 0.228142
16 83 0.200333
16 84 0.170903
16 85 0.140055
16 86 0.108229
16 87 0.0761372
16 88 0.0442974
16 89 0.0122437
16 90 -0.0190953
16 91 -0.0485383
16 92 -0.0764479
16 93 -0.101558
16 94 -0.124252
16 95 -0.143809
16 96 -0.159977
16 97 -0.171837
16 98 -0.179976
16 99 -0.184023
16 100 -0.0228913
16 101 0

17 0 0
17 1 -0.0181091
17 2 -0.14553
17 3 -0.141272
17 4 -0.132989
17 5 -0.121152
17 6 -0.105191
17 7 -0.0860864
17 8 -0.0633205
17 9 -0.0385734
17 10 -0.0112751
17 11 0.0171886
17 12 0.0471574
17 13 0.0779873
17 14 0.109002
17 15 0.140198
17 16 0.171184
17 17 0.200923
17 18 0.23002
17 19 0.256671
17 20 0.281312
17 21 0.303039
17 22 0.321935
17 23 0.335817
17 24 0.346417
17 25 0.352853
17 26 0.354475
17 27 0.352169
17 28 0.34654
17 29 0.335726
17 30 0.32057
17 31 0.301971
17 32 0.280475
17 33 0.256071
17 34 0.228485
17 35 0.198889
17 36 0.168448
17 37 0.136253
17 38 0.103602
17 39 0.0699449
17 40 0.0384912
17 41 0.00678078
17 42 -0.023077
17 43 -0.0506383
17 44 -0.0758691
17 45 -0.0980462
17 46 -0.117124
17 47 -0.132816
17 48 -0.144872
17 49 -0.152807
17 50 -0.157177
17 51 -0.156678
17 52 -0.152412
17 53 -0.143758
17 54 -0.131594
17 55 -0.115509
17 56 -0.0960116
17 57 -0.0737852
17 58 -0.0483864
17 59 -0.0204757
17 60 0.00899874
17 61 0.0396412
17 62 0.0720799
17 63 0.104475
17 64 0.13749
17 65 0.168936
17 66 0.200226
17 67 0.229582
17 68 0.256463
17 69 0.280223
17 70 0.301739
17 71 0.320385
17 72 0.334673
17 73 0.34461
17 74 0.351502
17 75 0.353499
17 76 0.351243
17 77 0.34498
17 78 0.334724
17 79 0.320025
17 80 0.302284
17 81 0.280301
17 82 0.256238
17 83 0.229089
17 84 0.200084
17 85 0.169702
17 86 0.138462
17 87 0.107059
17 88 0.0751542
17 89 0.0437745
17 90 0.0133661
17 91 -0.0163699
17 92 -0.0431476
17 93 -0.0681846
17 94 -0.0902691
17 95 -0.109654
17 96 -0.124995
17 97 -0.136923
17 98 -0.145044
17 99 -0.149078
17 100 -0.0185511
17 101 0

18 0 0
18 1 -0.0139923
18 2 -0.112249
18 3 -0.107821
18 4 -0.0997216
18 5 -0.0881775
18 6 -0.0723006
18 7 -0.0532854
18 8 -0.0312811
18 9 -0.00643761
18 10 0.0203423
18 11 0.0484424
18 12 0.0784656
18 13 0.108555
18 14 0.139122
18 15 0.169684
18 16 0.200384
18 17 0.23002
18 18 0.257718
18 19 0.284387
18 20 0.308614
18 21 0.329904
18 22 0.347948
18 23 0.361648
18 24 0.371097
18 25 0.376628
18 26 0.378544
18 27 0.376098
18 28 0.369578
18 29 0.359066
18 30 0.344002
18 31 0.325185
18 32 0.303029
18 33 0.277931
18 34 0.250761
18 35 0.220529
18 36 0.189249
18 37 0.157191
18 38 0.124484
18 39 0.0915554
18 40 0.0587254
18 41 0.0276053
18 42 -0.00220131
18 43 -0.0299934
18 44 -0.0550967
18 45 -0.0774641
18 46 -0.0960902
18 47 -0.111953
18 48 -0.124201
18 49 -0.132114
18 50 -0.135641
18 51 -0.135816
18 52 -0.131541
18 53 -0.123169
18 54 -0.110755
18 55 -0.0950513
18 56 -0.0757102
18 57 -0.0534941
18 58 -0.0281819
18 59 -0.0006181
18 60 0.0285608
18 61 0.060136
18 62 0.0922897
18 63 0.124693
18 64 0.15731
18 65 0.189311
18 66 0.220738
18 67 0.250055
18 68 0.277513
18 69 0.302207
18 70 0.323932
18 71 0.342052
18 72 0.356408
18 73 0.367395
18 74 0.373983
18 75 0.37624
18 76 0.374609
18 77 0.368976
18 78 0.359498
18 79 0.345768
18 80 0.328178
18 81 0.306899
18 82 0.282805
18 83 0.256599
18 84 0.227989
18 85 0.198246
18 86 0.167654
18 87 0.136629
18 88 0.105691
18 89 0.0741933
18 90 0.0440871
18 91 0.0152929
18 92 -0.0115301
18 93 -0.0359619
18 94 -0.0577022
18 95 -0.0769504
18 96 -0.0921416
18 97 -0.103823
18 98 -0.111849
18 99 -0.11599
18 100 -0.0144428
18 101 0

19 0 0
19 1 -0.0101268
19 2 -0.081322
19 3 -0.0768529
19 4 -0.0685569
19 5 -0.0571565
19 6 -0.0418112
19 7 -0.0229649
19 8 -0.00145684
19 9 0.0230203
19 10 0.0496252
19 11 0.0778572
19 12 0.107402
19 13 0.137053
19 14 0.167276
19 15 0.197531
19 16 0.227383
19 17 0.256671
19 18 0.284387
19 19 0.310498
19 20 0.334021
19 21 0.35489
19 22 0.372158
19 23 0.384974
19 24 0.393902
19 25 0.399137
19 26 0.400303
19 27 0.397612
19 28 0.391094
19 29 0.380058
19 30 0.364837
19 31 0.34594
19 32 0.323402
19 33 0.297982
19 34 0.270179
19 35 0.239777
19 36 0.208589
19 37 0.176428
19 38 0.143262
19 39 0.110438
19 40 0.0776859
19 41 0.0463324
19 42 0.0165903
19 43 -0.0112133
19 44 -0.0363829
19 45 -0.0587946
19 46 -0.0775762
19 47 -0.0932144
19 48 -0.105338
19 49 -0.113173
19 50 -0.116816
19 51 -0.116983
19 52 -0.112982
19 53 -0.104524
19 54 -0.0923162
19 55 -0.0765628
19 56 -0.0574702
19 57 -0.0353123
19 58 -0.0100026
19 59 0.0174698
19 60 0.0469206
19 61 0.0780325
19 62 0.110036
19 63 0.142929
19 64 0.175639
19 65 0.207693
19 66 0.238972
19 67 0.26878
19 68 0.296654
19 69 0.321354
19 70 0.343148
19 71 0.362054
19 72 0.376817
19 73 0.387539
19 74 0.394454
19 75 0.397098
19 76 0.39589
19 77 0.391129
19 78 0.382238
19 79 0.369227
19 80 0.352366
19 81 0.331854
19 82 0.308296
19 83 0.282316
19 84 0.253994
19 85 0.224831
19 86 0.194736
19 87 0.164096
19 88 0.133531
19 89 0.102772
19 90 0.0731769
19 91 0.0446507
19 92 0.0178881
19 93 -0.00604412
19 94 -0.0276589
19 95 -0.0461828
19 96 -0.0613308
19 97 -0.0733409
19 98 -0.081191
19 99 -0.0851167
19 100 -0.0105814
19 101 0

20 0 0
20 1 -0.00658753
20 2 -0.0528528
20 3 -0.0485263
20 4 -0.0405133
20 5 -0.0291134
20 6 -0.013977
20 7 0.00462671
20 8 0.0259966
20 9 0.0499061
20 10 0.076582
20 11 0.104349
20 12 0.133398
20 13 0.16281
20 14 0.192893
20 15 0.222857
20 16 0.252852
20 17 0.281312
20 18 0.308614
20 19 0.334021
20 20 0.356684
20 21 0.377143
20 22 0.393721
20 23 0.406243
20 24 0.41444
20 25 0.419223
20 26 0.419851
20 27 0.416642
20 28 0.409294
20 29 0.398108
20 30 0.383128
20 31 0.363967
20 32 0.340912
20 33 0.315316
20 34 0.287394
20 35 0.256964
20 36 0.22514
20 37 0.192623
20 38 0.15936
20 39 0.126831
20 40 0.0940412
20 41 0.0626956
20 42 0.0332183
20 43 0.00519964
20 44 -0.0196441
20 45 -0.0423581
20 46 -0.0612438
20 47 -0.0769485
20 48 -0.0889543
20 49 -0.0969241
20 50 -0.100133
20 51 -0.100575
20 52 -0.096464
20 53 -0.0885248
20 54 -0.0763411
20 55 -0.060527
20 56 -0.041267
20 57 -0.0193442
20 58 0.00604641
20 59 0.0332178
20 60 0.0626767
20 61 0.0936943
20 62 0.125657
20 63 0.158413
20 64 0.191019
20 65 0.223555
20 66 0.254814
20 67 0.28487
20 68 0.312883
20 69 0.338156
20 70 0.360321
20 71 0.378877
20 72 0.393754
20 73 0.405156
20 74 0.412231
20 75 0.415525
20 76 0.414884
20 77 0.410941
20 78 0.402818
20 79 0.390309
20 80 0.373743
20 81 0.354126
20 82 0.330945
20 83 0.305819
20 84 0.2785
20 85 0.249337
20 86 0.219656
20 87 0.188975
20 88 0.158966
20 89 0.128738
20 90 0.099284
20 91 0.0711421
20 92 0.044946
20 93 0.0211144
20 94 0.000245723
20 95 -0.0181392
20 96 -0.0332454
20 97 -0.0451017
20 98 -0.0529228
20 99 -0.0569358
20 100 -0.0070785
20 101 0

21 0 0
21 1 -0.00345264
21 2 -0.0276049
21 3 -0.0231875
21 4 -0.0151861
21 5 -0.00366726
21 6 0.0112132
21 7 0.029292
21 8 0.0505566
21 9 0.0741707
21 10 0.100325
21 11 0.128126
21 12 0.156931
21 13 0.1862
21 14 0.216132
21 15 0.245662
21 16 0.274907
21 17 0.303039
21 18 0.329904
21 19 0.35489
21 20 0.377143
21 21 0.396514
21 22 0.412377
21 23 0.424412
21 24 0.432317
21 25 0.436401
21 26 0.436711
21 27 0.432802
21 28 0.424665
21 29 0.413026
21 30 0.397972
21 31 0.37882
21 32 0.356169
21 33 0.330043
21 34 0.301713
21 35 0.271102
21 36 0.239031
21 37 0.206311
21 38 0.173114
21 39 0.140416
21 40 0.107812
21 41 0.0764063
21 42 0.0468013
21 43 0.0191742
21 44 -0.00605987
21 45 -0.0284956
21 46 -0.0478084
21 47 -0.063571
21 48 -0.0753463
21 49 -0.0835643
21 50 -0.0873946
21 51 -0.0870915
21 52 -0.0830123
21 53 -0.0750582
21 54 -0.06305
21 55 -0.0472201
21 56 -0.028061
21 57 -0.00588827
21 58 0.0189509
21 59 0.0462602
21 60 0.0757244
21 61 0.106549
21 62 0.138597
21 63 0.171484
21 64 0.20418
21 65 0.236641
21 66 0.268089
21 67 0.298159
21 68 0.326399
21 69 0.351871
21 70 0.374212
21 71 0.392765
21 72 0.408298
21 73 0.419825
21 74 0.427409
21 75 0.431221
21 76 0.431205
21 77 0.427839
21 78 0.420293
21 79 0.408422
21 80 0.392734
21 81 0.373631
21 82 0.351198
21 83 0.326491
21 84 0.299538
21 85 0.270972
21 86 0.241775
21 87 0.211642
21 88 0.181965
21 89 0.15211
21 90 0.122901
21 91 0.0950554
21 92 0.069263
21 93 0.0458374
21 94 0.0251504
21 95 0.00714942
21 96 -0.00782701
21 97 -0.0197386
21 98 -0.027676
21 99 -0.0317099
21 100 -0.00395783
21 101 0

22 0 0
22 1 -0.000752391
22 2 -0.00570006
22 3 -0.00116428
22 4 0.00648509
22 5 0.0179124
22 6 0.032756
22 7 0.0505705
22 8 0.0714563
22 9 0.0950326
22 10 0.120907
22 11 0.148369
22 12 0.177237
22 13 0.206116
22 14 0.235628
22 15 0.264938
22 16 0.293848
22 17 0.321935
22 18 0.347948
22 19 0.372158
22 20 0.393721
22 21 0.412377
22 22 0.427378
22 23 0.438739
22 24 0.446166
22 25 0.449596
22 26 0.449866
22 27 0.445778
22 28 0.437411
22 29 0.425491
22 30 0.410025
22 31 0.390829
22 32 0.36796
22 33 0.341486
22 34 0.313012
22 35 0.282249
22 36 0.24971
22 37 0.216783
22 38 0.18379
22 39 0.150828
22 40 0.11805
22 41 0.0867393
22 42 0.0573406
22 43 0.0298301
22 44 0.00456509
22 45 -0.0178627
22 46 -0.0370818
22 47 -0.0530131
22 48 -0.0646541
22 49 -0.0730966
22 50 -0.0770607
22 51 -0.0766104
22 52 -0.0723574
22 53 -0.0646447
22 54 -0.0525709
22 55 -0.0370858
22 56 -0.0177624
22 57 0.00456038
22 58 0.0290678
22 59 0.0559882
22 60 0.0853481
22 61 0.116365
22 62 0.148505
22 63 0.18129
22 64 0.214028
22 65 0.246635
22 66 0.278302
22 67 0.308243
22 68 0.336742
22 69 0.362756
22 70 0.38514
22 71 0.404021
22 72 0.4197
22 73 0.431628
22 74 0.439549
22 75 0.443503
22 76 0.44418
22 77 0.441028
22 78 0.433885
22 79 0.422689
22 80 0.407829
22 81 0.389451
22 82 0.3678
22 83 0.343844
22 84 0.317478
22 85 0.28963
22 86 0.260769
22 87 0.231204
22 88 0.201546
22 89 0.172001
22 90 0.143361
22 91 0.11577
22 92 0.0903447
22 93 0.0671066
22 94 0.0462959
22 95 0.0284491
22 96 0.0138746
22 97 0.00221443
22 98 -0.00574816
22 99 -0.00981015
22 100 -0.00122958
22 101 0

23 0 0
23 1 0.00153749
23 2 0.0124973
23 3 0.0167328
23 4 0.0242975
23 5 0.0360352
23 6 0.0507177
23 7 0.0682375
23 8 0.0894602
23 9 0.112212
23 10 0.138079
23 11 0.165749
23 12 0.193531
23 13 0.222298
23 14 0.251157
23 15 0.280128
23 16 0.308914
23 17 0.335817
23 18 0.361648
23 19 0.384974
23 20 0.406243
23 21 0.424412
23 22 0.438739
23 23 0.449592
23 24 0.45687
23 25 0.460232
23 26 0.459588
23 27 0.454972
23 28 0.446635
23 29 0.434204
23 30 0.418587
23 31 0.398809
23 32 0.376077
23 33 0.350144
23 34 0.320838
23 35 0.289764
23 36 0.257638
23 37 0.224946
23 38 0.191806
23 39 0.158259
23 40 0.125734
23 41 0.094363
23 42 0.064659
23 43 0.0367879
23 44 0.0116245
23 45 -0.0103762
23 46 -0.0300196
23 47 -0.0457532
23 48 -0.0575408
23 49 -0.0656098
23 50 -0.0695955
23 51 -0.0691897
23 52 -0.0650438
23 53 -0.0570221
23 54 -0.0453755
23 55 -0.0298061
23 56 -0.0112551
23 57 0.010806
23 58 0.0356893
23 59 0.0630718
23 60 0.0924063
23 61 0.123043
23 62 0.15557
23 63 0.188314
23 64 0.220926
23 65 0.253503
23 66 0.285382
23 67 0.315813
23 68 0.343985
23 69 0.369974
23 70 0.392885
23 71 0.411744
23 72 0.427821
23 73 0.439557
23 74 0.448052
23 75 0.4531
23 76 0.453783
23 77 0.450901
23 78 0.444412
23 79 0.433361
23 80 0.418963
23 81 0.401321
23 82 0.380123
23 83 0.356659
23 84 0.331462
23 85 0.303814
23 86 0.275653
23 87 0.246521
23 88 0.217344
23 89 0.188686
23 90 0.160022
23 91 0.132938
23 92 0.108236
23 93 0.0848931
23 94 0.0646053
23 95 0.0468293
23 96 0.0318444
23 97 0.0204959
23 98 0.0125909
23 99 0.00858815
23 100 0.00106143
23 101 0

24 0 0
24 1 0.0032914
24 2 0.0265536
24 3 0.0307614
24 4 0.0385122
24 5 0.0499936
24 6 0.0646122
24 7 0.0822868
24 8 0.10271
24 9 0.125458
24 10 0.150772
24 11 0.177711
24 12 0.205778
24 13 0.233795
24 14 0.262723
24 15 0.291194
24 16 0.319497
24 17 0.346417
24 18 0.371097
24 19 0.393902
24 20 0.41444
24 21 0.432317
24 22 0.446166
24 23 0.45687
24 24 0.46385
24 25 0.466555
24 26 0.465571
24 27 0.46082
24 28 0.452355
24 29 0.439941
24 30 0.423656
24 31 0.403851
24 32 0.380648
24 33 0.354185
24 34 0.325169
24 35 0.294131
24 36 0.261875
24 37 0.229042
24 38 0.19578
24 39 0.162867
24 40 0.130284
24 41 0.0991078
24 42 0.0691722
24 43 0.0410824
24 44 0.0156221
24 45 -0.00661451
24 46 -0.0260254
24 47 -0.0420198
24 48 -0.0535932
24 49 -0.0616837
24 50 -0.0653201
24 51 -0.0652452
24 52 -0.0610558
24 53 -0.0533235
24 54 -0.0414038
24 55 -0.026259
24 56 -0.00767743
24 57 0.0144585
24 58 0.0394134
24 59 0.067051
24 60 0.0964784
24 61 0.127354
24 62 0.159178
24 63 0.191745
24 64 0.224146
24 65 0.256788
24 66 0.288816
24 67 0.319073
24 68 0.347673
24 69 0.373954
24 70 0.39685
24 71 0.41646
24 72 0.432651
24 73 0.444894
24 74 0.453484
24 75 0.458472
24 76 0.459639
24 77 0.457128
24 78 0.45075
24 79 0.440418
24 80 0.426301
24 81 0.409051
24 82 0.388644
24 83 0.365818
24 84 0.340746
24 85 0.313958
24 86 0.28618
24 87 0.257651
24 88 0.229288
24 89 0.200734
24 90 0.172894
24 91 0.14597
24 92 0.121242
24 93 0.0985931
24 94 0.0784576
24 95 0.06089
24 96 0.0463508
24 97 0.035022
24 98 0.0269937
24 99 0.0229792
24 100 0.0028591
24 101 0

25 0 0
25 1 0.00448295
25 2 0.0363297
25 3 0.0406515
25 4 0.0483347
25 5 0.0599944
25 6 0.0745619
25 7 0.0924669
25 8 0.112412
25 9 0.13522
25 10 0.159631
25 11 0.186538
25 12 0.213813
25 13 0.241771
25 14 0.270249
25 15 0.298527
25 16 0.326304
25 17 0.352853
25 18 0.376628
25 19 0.399137
25 20 0.419223
25 21 0.436401
25 22 0.449596
25 23 0.460232
25 24 0.466555
25 25 0.469141
25 26 0.468123
25 27 0.463117
25 28 0.454073
25 29 0.441844
25 30 0.425008
25 31 0.405019
25 32 0.381804
25 33 0.355068
25 34 0.326074
25 35 0.295315
25 36 0.262753
25 37 0.229819
25 38 0.196218
25 39 0.16408
25 40 0.131346
25 41 0.100429
25 42 0.0706101
25 43 0.0423746
25 44 0.0170375
25 45 -0.00583325
25 46 -0.0252903
25 47 -0.0411002
25 48 -0.0526561
25 49 -0.0607211
25 50 -0.0644117
25 51 -0.0644816
25 52 -0.0602945
25 53 -0.0526257
25 54 -0.040719
25 55 -0.0257832
25 56 -0.0070793
25 57 0.0151069
25 58 0.0402288
25 59 0.0677816
25 60 0.0975119
25 61 0.128113
25 62 0.159459
25 63 0.192164
25 64 0.224137
25 65 0.256974
25 66 0.288696
25 67 0.319313
25 68 0.347991
25 69 0.374344
25 70 0.397448
25 71 0.417337
25 72 0.433639
25 73 0.446704
25 74 0.455084
25 75 0.460634
25 76 0.462079
25 77 0.459517
25 78 0.453285
25 79 0.44368
25 80 0.429663
25 81 0.413282
25 82 0.393413
25 83 0.371178
25 84 0.346499
25 85 0.320182
25 86 0.292912
25 87 0.264946
25 88 0.237292
25 89 0.209269
25 90 0.181498
25 91 0.15557
25 92 0.130626
25 93 0.10891
25 94 0.0886688
25 95 0.0713803
25 96 0.0566578
25 97 0.0452434
25 98 0.0372063
25 99 0.0333041
25 100 0.0041426
25 101 0

26 0 0
26 1 0.00519154
26 2 0.0417234
26 3 0.0456103
26 4 0.0535675
26 5 0.0652727
26 6 0.0800868
26 7 0.0976673
26 8 0.117792
26 9 0.139922
26 10 0.164585
26 11 0.190696
26 12 0.217339
26 13 0.24503
26 14 0.273113
26 15 0.301219
26 16 0.328924
26 17 0.354475
26 18 0.378544
26 19 0.400303
26 20 0.419851
26 21 0.436711
26 22 0.449866
26 23 0.459588
26 24 0.465571
26 25 0.468123
26 26 0.46672
26 27 0.46147
26 28 0.452491
26 29 0.439381
26 30 0.422765
26 31 0.402332
26 32 0.378833
