0 0 0
0 1 0
0 2 0
0 3 0
0 4 0
0 5 0
0 6 0
0 7 0
0 8 0
0 9 0
0 10 0
0 11 0
0 12 0
0 13 0
0 14 0
0 15 0
0 16 0
0 17 0
0 18 0
0 19 0
0 20 0
0 21 0
0 22 0
0 23 0
0 24 0
0 25 0
0 26 0
0 27 0
0 28 0
0 29 0
0 30 0
0 31 0
0 32 0
0 33 0
0 34 0
0 35 0
0 36 0
0 37 0
0 38 0
0 39 0
0 40 0
0 41 0
0 42 0
0 43 0
0 44 0
0 45 0
0 46 0
0 47 0
0 48 0
0 49 0
0 50 0
0 51 0
0 52 0
0 53 0
0 54 0
0 55 0
0 56 0
0 57 0
0 58 0
0 59 0
0 60 0
0 61 0
0 62 0
0 63 0
0 64 0
0 65 0
0 66 0
0 67 0
0 68 0
0 69 0
0 70 0
0 71 0
0 72 0
0 73 0
0 74 0
0 75 0
0 76 0
0 77 0
0 78 0
0 79 0
0 80 0
0 81 0
0 82 0
0 83 0
0 84 0
0 85 0
0 86 0
0 87 0
0 88 0
0 89 0
0 90 0
0 91 0
0 92 0
0 93 0
0 94 0
0 95 0
0 96 0
0 97 0
0 98 0
0 99 0
0 100 0
0 101 0

1 0 0
1 1 0
1 2 0.031895
1 3 0.0314961
1 4 0.0308333
1 5 0.0299108
1 6 0.0287444
1 7 0.0273456
1 8 0.0257427
1 9 0.0239624
1 10 0.02201
1 11 0.0199279
1 12 0.0177536
1 13 0.0155074
1 14 0.0132306
1 15 0.01096
1 16 0.00871712
1 17 0.00651824
1 18 0.00440471
1 19 0.00242697
1 20 0.000588142
1 21 -0.00107114
1 22 -0.00254973
1 23 -0.0038133
1 24 -0.0048445
1 25 -0.005646
1 26 -0.00620646
1 27 -0.00652078
1 28 -0.00659411
1 29 -0.00642576
1 30 -0.0060209
1 31 -0.00539385
1 32 -0.00456477
1 33 -0.00355843
1 34 -0.00238641
1 35 -0.0010821
1 36 0.00033892
1 37 0.00185271
1 38 0.00341669
1 39 0.00500021
1 40 0.00658633
1 41 0.00812654
1 42 0.00961557
1 43 0.0109974
1 44 0.0122561
1 45 0.0133752
1 46 0.0143398
1 47 0.0151283
1 48 0.0157208
1 49 0.0160981
1 50 0.0162589
1 51 0.016205
1 52 0.0159382
1 53 0.0154471
1 54 0.0147497
1 55 0.0138584
1 56 0.0127992
1 57 0.0115795
1 58 0.0102199
1 59 0.00874856
1 60 0.00718855
1 61 0.00556474
1 62 0.00392524
1 63 0.00228154
1 64 0.000670493
1 65 -0.00087915
1 66 -0.00234325
1 67 -0.00369222
1 68 -0.00489319
1 69 -0.00592387
1 70 -0.00675687
1 71 -0.00738271
1 72 -0.00777834
1 73 -0.00793123
1 74 -0.00783093
1 75 -0.00748717
1 76 -0.0068934
1 77 -0.00605592
1 78 -0.0049728
1 79 -0.00365637
1 80 -0.00213237
1 81 -0.000410336
1 82 0.00147631
1 83 0.00353128
1 84 0.00570264
1 85 0.00795904
1 86 0.0102713
1 87 0.0126042
1 88 0.014922
1 89 0.0172085
1 90 0.0194308
1 91 0.0215512
1 92 0.0235373
1 93 0.0253581
1 94 0.0269825
1 95 0.028397
1 96 0.0295876
1 97 0.0305215
1 98 0.0311921
1 99 0.0316004
1 100 0
1 101 0

2 0 0
2 1 0.031895
2 2 0.255842
2 3 0.252654
2 4 0.247333
2 5 0.239936
2 6 0.230562
2 7 0.219355
2 8 0.206487
2 9 0.192144
2 10 0.176517
2 11 0.159853
2 12 0.142398
2 13 0.124396
2 14 0.106127
2 15 0.087861
2 16 0.0698184
2 17 0.0522214
2 18 0.0353564
2 19 0.0194626
2 20 0.00474155
2 21 -0.00862159
2 22 -0.0204485
2 23 -0.0305866
2 24 -0.0389114
2 25 -0.0453547
2 26 -0.0498672
2 27 -0.0524086
2 28 -0.0529862
2 29 -0.0516268
2 30 -0.0484036
2 31 -0.0434078
2 32 -0.0367707
2 33 -0.0286613
2 34 -0.0192547
2 35 -0.00875312
2 36 0.00265392
2 37 0.0147408
2 38 0.0272653
2 39 0.0399822
2 40 0.0526509
2 41 0.0650375
2 42 0.076896
2 43 0.0879999
2 44 0.0981342
2 45 0.107141
2 46 0.114873
2 47 0.121157
2 48 0.125877
2 49 0.128912
2 50 0.13022
2 51 0.129787
2 52 0.127609
2 53 0.123698
2 54 0.118122
2 55 0.110988
2 56 0.102454
2 57 0.0926517
2 58 0.0817585
2 59 0.0699732
2 60 0.0574823
2 61 0.0445198
2 62 0.0313279
2 63 0.0181488
2 64 0.00522424
2 65 -0.00721695
2 66 -0.018947
2 67 -0.0297436
2 68 -0.0393743
2 69 -0.0476349
2 70 -0.0543346
2 71 -0.0593306
2 72 -0.0624933
2 73 -0.0637179
2 74 -0.0629536
2 75 -0.0601692
2 76 -0.0553801
2 77 -0.0486127
2 78 -0.0399188
2 79 -0.0293811
2 80 -0.0171227
2 81 -0.00330802
2 82 0.011894
2 83 0.0282962
2 84 0.0456754
2 85 0.0637619
2 86 0.0823053
2 87 0.101032
2 88 0.119689
2 89 0.13804
2 90 0.155844
2 91 0.172839
2 92 0.188754
2 93 0.203357
2 94 0.216436
2 95 0.227818
2 96 0.23733
2 97 0.24483
2 98 0.25023
2 99 0.253465
2 100 0.0316004
2 101 0

3 0 0
3 1 0.0314961
3 2 0.252654
3 3 0.249512
3 4 0.24422
3 5 0.236872
3 6 0.227537
3 7 0.216412
3 8 0.203606
3 9 0.18929
3 10 0.173817
3 11 0.157308
3 12 0.139959
3 13 0.122103
3 14 0.103948
3 15 0.0857363
3 16 0.0677542
3 17 0.0503449
3 18 0.0337091
3 19 0.017914
3 20 0.0033334
3 21 -0.00997248
3 22 -0.0216704
3 23 -0.0317183
3 24 -0.0400249
3 25 -0.0464151
3 26 -0.0508835
3 27 -0.0533907
3 28 -0.0539073
3 29 -0.0524994
3 30 -0.0492671
3 31 -0.0442917
3 32 -0.0376693
3 33 -0.0295129
3 34 -0.0200937
3 35 -0.00954543
3 36 0.0018542
3 37 0.0138526
3 38 0.0263234
3 39 0.0390156
3 40 0.0515923
3 41 0.0639635
3 42 0.0757081
3 43 0.0868123
3 44 0.096977
3 45 0.106003
3 46 0.113699
3 47 0.119923
3 48 0.124582
3 49 0.127622
3 50 0.128947
3 51 0.128515
3 52 0.126304
3 53 0.122449
3 54 0.116919
3 55 0.109836
3 56 0.101277
3 57 0.0914751
3 58 0.0806403
3 59 0.0689202
3 60 0.056505
3 61 0.0436544
3 62 0.030463
3 63 0.0173223
3 64 0.00442397
3 65 -0.00800556
3 66 -0.0197007
3 67 -0.0304525
3 68 -0.0400665
3 69 -0.0483056
3 70 -0.0550305
3 71 -0.0600195
3 72 -0.0632007
3 73 -0.0644752
3 74 -0.0638048
3 75 -0.0610508
3 76 -0.0562939
3 77 -0.0495453
3 78 -0.0409367
3 79 -0.0305154
3 80 -0.0183184
3 81 -0.00459911
3 82 0.0105473
3 83 0.0267329
3 84 0.0439257
3 85 0.0618651
3 86 0.0802625
3 87 0.0988786
3 88 0.117487
3 89 0.135732
3 90 0.153389
3 91 0.17024
3 92 0.186028
3 93 0.200538
3 94 0.213591
3 95 0.224939
3 96 0.234355
3 97 0.241817
3 98 0.247198
3 99 0.250354
3 100 0.0312085
3 101 0

4 0 0
4 1 0.0308333
4 2 0.247333
4 3 0.24422
4 4 0.238979
4 5 0.231655
4 6 0.222402
4 7 0.211401
4 8 0.198686
4 9 0.1845
4 10 0.169171
4 11 0.152808
4 12 0.135646
4 13 0.11801
4 14 0.100064
4 15 0.0819729
4 16 0.0641599
4 17 0.0469334
4 18 0.0304302
4 19 0.0147506
4 20 0.000369204
4 21 -0.0127366
4 22 -0.0242696
4 23 -0.0342214
4 24 -0.042377
4 25 -0.0486681
4 26 -0.0529964
4 27 -0.0553847
4 28 -0.0558117
4 29 -0.0543529
4 30 -0.0510609
4 31 -0.0460007
4 32 -0.0393749
4 33 -0.0312613
4 34 -0.0218106
4 35 -0.0112365
4 36 0.000210207
4 37 0.0121981
4 38 0.0246699
4 39 0.0373538
4 40 0.0499218
4 41 0.0622921
4 42 0.0740266
4 43 0.0851122
4 44 0.0952653
4 45 0.104284
4 46 0.111957
4 47 0.118167
4 48 0.122847
4 49 0.125863
4 50 0.127255
4 51 0.126778
4 52 0.124558
4 53 0.12069
4 54 0.115217
4 55 0.108173
4 56 0.0996639
4 57 0.0898982
4 58 0.0790778
4 59 0.0673907
4 60 0.0549504
4 61 0.0421003
4 62 0.0289991
4 63 0.0158657
4 64 0.00294049
4 65 -0.0094708
4 66 -0.0211363
4 67 -0.0318817
4 68 -0.0414489
4 69 -0.0497274
4 70 -0.0565356
4 71 -0.061561
4 72 -0.0647844
4 73 -0.0661523
4 74 -0.0655288
4 75 -0.0628789
4 76 -0.0582494
4 77 -0.0516317
4 78 -0.0430982
4 79 -0.0328395
4 80 -0.0208458
4 81 -0.00731602
4 82 0.00765765
4 83 0.0236906
4 84 0.0407548
4 85 0.0584567
4 86 0.0766727
4 87 0.0950991
4 88 0.113553
4 89 0.131677
4 90 0.149145
4 91 0.165803
4 92 0.181436
4 93 0.195838
4 94 0.208739
4 95 0.219976
4 96 0.229319
4 97 0.236752
4 98 0.242132
4 99 0.245193
4 100 0.0305587
4 101 0

5 0 0
5 1 0.0299108
5 2 0.239936
5 3 0.236872
5 4 0.231655
5 5 0.224421
5 6 0.21531
5 7 0.204434
5 8 0.191911
5 9 0.177895
5 10 0.162721
5 11 0.146553
5 12 0.129617
5 13 0.112214
5 14 0.0944915
5 15 0.0766209
5 16 0.0590397
5 17 0.0420188
5 18 0.0256915
5 19 0.010256
5 20 -0.00395428
5 21 -0.0168523
5 22 -0.0281894
5 23 -0.0379217
5 24 -0.0459262
5 25 -0.0520774
5 26 -0.0562175
5 27 -0.0584209
5 28 -0.0587098
5 29 -0.0571362
5 30 -0.0537613
5 31 -0.0486348
5 32 -0.0418686
5 33 -0.0336642
5 34 -0.0242158
5 35 -0.0136077
5 36 -0.00213371
5 37 0.00994072
5 38 0.0224054
5 39 0.0350591
5 40 0.0476641
5 41 0.060014
5 42 0.0717524
5 43 0.0827764
5 44 0.0929579
5 45 0.10199
5 46 0.109655
5 47 0.115921
5 48 0.120538
5 49 0.123574
5 50 0.124942
5 51 0.124507
5 52 0.12237
5 53 0.118495
5 54 0.112983
5 55 0.105973
5 56 0.0975047
5 57 0.0878528
5 58 0.077011
5 59 0.0652357
5 60 0.0528511
5 61 0.0400334
5 62 0.0269515
5 63 0.0138555
5 64 0.000970886
5 65 -0.0114583
5 66 -0.0231503
5 67 -0.0338918
5 68 -0.0435285
5 69 -0.0518988
5 70 -0.0587392
5 71 -0.0638707
5 72 -0.0672009
5 73 -0.0686103
5 74 -0.0681614
5 75 -0.065719
5 76 -0.0612477
5 77 -0.0547805
5 78 -0.0464073
5 79 -0.0363362
5 80 -0.0246044
5 81 -0.0113028
5 82 0.00349793
5 83 0.0193798
5 84 0.036174
5 85 0.0536448
5 86 0.0716427
5 87 0.089867
5 88 0.108058
5 89 0.125914
5 90 0.143173
5 91 0.159605
5 92 0.175065
5 93 0.18926
5 94 0.202021
5 95 0.213099
5 96 0.222343
5 97 0.22972
5 98 0.234999
5 99 0.238045
5 100 0.0296712
5 101 0

6 0 0
6 1 0.0287444
6 2 0.230562
6 3 0.227537
6 4 0.222402
6 5 0.21531
6 6 0.206314
6 7 0.195613
6 8 0.183352
6 9 0.169593
6 10 0.154607
6 11 0.138676
6 12 0.121925
6 13 0.10479
6 14 0.0873172
6 15 0.0697505
6 16 0.0523915
6 17 0.0356413
6 18 0.0195159
6 19 0.00443413
6 20 -0.00951551
6 21 -0.0221181
6 22 -0.0332922
6 23 -0.0427262
6 24 -0.0505043
6 25 -0.0564002
6 26 -0.0603528
6 27 -0.0623751
6 28 -0.0624689
6 29 -0.0607163
6 30 -0.0572357
6 31 -0.0520002
6 32 -0.0451358
6 33 -0.0368277
6 34 -0.0272719
6 35 -0.0166303
6 36 -0.00514071
6 37 0.00697279
6 38 0.0195142
6 39 0.03217
6 40 0.0448169
6 41 0.0571472
6 42 0.0688994
6 43 0.0799373
6 44 0.0901459
6 45 0.0991624
6 46 0.106845
6 47 0.113162
6 48 0.117756
6 49 0.120797
6 50 0.122116
6 51 0.121729
6 52 0.119609
6 53 0.115778
6 54 0.110269
6 55 0.103279
6 56 0.0948574
6 57 0.0852412
6 58 0.0744586
6 59 0.0627104
6 60 0.0503321
6 61 0.0375045
6 62 0.0244043
6 63 0.0112836
6 64 -0.00160096
6 65 -0.0140499
6 66 -0.0257763
6 67 -0.0365477
6 68 -0.0462097
6 69 -0.0546322
6 70 -0.0615475
6 71 -0.0668192
6 72 -0.0703419
6 73 -0.0719126
6 74 -0.0715649
6 75 -0.0693139
6 76 -0.0651055
6 77 -0.0588781
6 78 -0.0507583
6 79 -0.0408599
6 80 -0.0294234
6 81 -0.0163606
6 82 -0.00188719
6 83 0.0137557
6 84 0.0301712
6 85 0.047429
6 86 0.0651557
6 87 0.0831424
6 88 0.100984
6 89 0.118575
6 90 0.135591
6 91 0.151835
6 92 0.167064
6 93 0.181016
6 94 0.193566
6 95 0.204431
6 96 0.213533
6 97 0.220774
6 98 0.225949
6 99 0.228997
6 100 0.0285509
6 101 0

7 0 0
7 1 0.0273456
7 2 0.219355
7 3 0.216412
7 4 0.211401
7 5 0.204434
7 6 0.195613
7 7 0.185041
7 8 0.173006
7 9 0.159492
7 10 0.144769
7 11 0.1291
7 12 0.112676
7 13 0.0957872
7 14 0.078629
7 15 0.0613556
7 16 0.044374
7 17 0.0279296
7 18 0.012127
7 19 -0.00262762
7 20 -0.0162265
7 21 -0.0285176
7 22 -0.0393719
7 23 -0.0485972
7 24 -0.0560491
7 25 -0.0616819
7 26 -0.0654209
7 27 -0.0671777
7 28 -0.0670917
7 29 -0.065154
7 30 -0.061426
7 31 -0.0560627
7 32 -0.0490691
7 33 -0.0406948
7 34 -0.031049
7 35 -0.020322
7 36 -0.00878951
7 37 0.00339029
7 38 0.01599
7 39 0.0287307
7 40 0.0413938
7 41 0.0537758
7 42 0.0655737
7 43 0.0766734
7 44 0.0868939
7 45 0.0958318
7 46 0.103517
7 47 0.10985
7 48 0.11454
7 49 0.117595
7 50 0.118939
7 51 0.118471
7 52 0.116388
7 53 0.112547
7 54 0.10714
7 55 0.100223
7 56 0.091832
7 57 0.0821921
7 58 0.0714487
7 59 0.0597311
7 60 0.047327
7 61 0.0345209
7 62 0.0214025
7 63 0.00821794
7 64 -0.00468776
7 65 -0.0171433
7 66 -0.0289256
7 67 -0.0397743
7 68 -0.049506
7 69 -0.058018
7 70 -0.0650552
7 71 -0.0704833
7 72 -0.0741597
7 73 -0.0759235
7 74 -0.0757159
7 75 -0.0736637
7 76 -0.0697694
7 77 -0.0638891
7 78 -0.0560341
7 79 -0.0463898
7 80 -0.0352173
7 81 -0.0224758
7 82 -0.00835735
7 83 0.0068669
7 84 0.022981
7 85 0.0399094
7 86 0.0573315
7 87 0.0749196
7 88 0.0924538
7 89 0.10971
7 90 0.126446
7 91 0.142391
7 92 0.157388
7 93 0.17111
7 94 0.183416
7 95 0.194078
7 96 0.203039
7 97 0.210187
7 98 0.21521
7 99 0.218172
7 100 0.0271997
7 101 0

8 0 0
8 1 0.0257427
8 2 0.206487
8 3 0.203606
8 4 0.198686
8 5 0.191911
8 6 0.183352
8 7 0.173006
8 8 0.161102
8 9 0.147845
8 10 0.133381
8 11 0.118092
8 12 0.102063
8 13 0.0854448
8 14 0.0685737
8 15 0.0517168
8 16 0.0351348
8 17 0.019062
8 18 0.0036954
8 19 -0.0107292
8 20 -0.0240468
8 21 -0.0360319
8 22 -0.0465063
8 23 -0.0553966
8 24 -0.062545
8 25 -0.0678627
8 26 -0.0713098
8 27 -0.0728276
8 28 -0.0725066
8 29 -0.0703802
8 30 -0.0664159
8 31 -0.0608296
8 32 -0.0536743
8 33 -0.0451245
8 34 -0.0353791
8 35 -0.0245228
8 36 -0.0128308
8 37 -0.000553411
8 38 0.0120816
8 39 0.0248491
8 40 0.0375598
8 41 0.0499735
8 42 0.0618587
8 43 0.073009
8 44 0.0832235
8 45 0.0921545
8 46 0.099833
8 47 0.106214
8 48 0.110948
8 49 0.11404
8 50 0.115422
8 51 0.115012
8 52 0.112905
8 53 0.109094
8 54 0.103652
8 55 0.0967257
8 56 0.0883894
8 57 0.07876
8 58 0.0680767
8 59 0.0563823
8 60 0.0439683
8 61 0.0312247
8 62 0.0180916
8 63 0.00484989
8 64 -0.00805069
8 65 -0.0206012
8 66 -0.0324736
8 67 -0.0434332
8 68 -0.0533368
8 69 -0.0619403
8 70 -0.0691689
8 71 -0.0747679
8 72 -0.0786022
8 73 -0.0806437
8 74 -0.0806771
8 75 -0.0788828
8 76 -0.0752548
8 77 -0.0696481
8 78 -0.0621423
8 79 -0.0528418
8 80 -0.0419918
8 81 -0.0296067
8 82 -0.015847
8 83 -0.00102361
8 84 0.0147549
8 85 0.0312933
8 86 0.0482659
8 87 0.0654796
8 88 0.0826593
8 89 0.0995469
8 90 0.115937
8 91 0.131571
8 92 0.146225
8 93 0.159729
8 94 0.171787
8 95 0.182245
8 96 0.191037
8 97 0.197985
8 98 0.202921
8 99 0.205733
8 100 0.0256406
8 101 0

9 0 0
9 1 0.0239624
9 2 0.192144
9 3 0.18929
9 4 0.1845
9 5 0.177895
9 6 0.169593
9 7 0.159492
9 8 0.147845
9 9 0.134906
9 10 0.120826
9 11 0.105901
9 12 0.0901865
9 13 0.0739291
9 14 0.0574227
9 15 0.0409857
9 16 0.0248269
9 17 0.00913353
9 18 -0.00583847
9 19 -0.0198769
9 20 -0.0328456
9 21 -0.0444445
9 22 -0.0544634
9 23 -0.0629566
9 24 -0.0697593
9 25 -0.0747719
9 26 -0.077946
9 27 -0.079131
9 28 -0.0785389
9 29 -0.0761638
9 30 -0.0719989
9 31 -0.0661821
9 32 -0.0587692
9 33 -0.0500575
9 34 -0.0401254
9 35 -0.0291215
9 36 -0.0172933
9 37 -0.00488587
9 38 0.00779582
9 39 0.0206507
9 40 0.0334047
9 41 0.0458913
9 42 0.0577952
9 43 0.0689746
9 44 0.0791472
9 45 0.0881753
9 46 0.0959609
9 47 0.102368
9 48 0.107131
9 49 0.110245
9 50 0.111663
9 51 0.111284
9 52 0.109197
9 53 0.105389
9 54 0.0999235
9 55 0.0930129
9 56 0.0847119
9 57 0.0751356
9 58 0.0644361
9 59 0.0527467
9 60 0.0403624
9 61 0.0276005
9 62 0.0144028
9 63 0.001195
9 64 -0.011806
9 65 -0.0244337
9 66 -0.0363788
9 67 -0.0474458
9 68 -0.0574843
9 69 -0.0662893
9 70 -0.0736994
9 71 -0.0794968
9 72 -0.0835394
9 73 -0.0858481
9 74 -0.0862374
9 75 -0.0847171
9 76 -0.081398
9 77 -0.0760534
9 78 -0.0688484
9 79 -0.0599772
9 80 -0.0495786
9 81 -0.0376589
9 82 -0.0243253
9 83 -0.00989578
9 84 0.00549267
9 85 0.0216147
9 86 0.0381468
9 87 0.0549259
9 88 0.0717051
9 89 0.088226
9 90 0.104278
9 91 0.119549
9 92 0.133886
9 93 0.147067
9 94 0.158805
9 95 0.169
9 96 0.177527
9 97 0.184288
9 98 0.1891
9 99 0.191886
9 100 0.0239218
9 101 0

10 0 0
10 1 0.02201
10 2 0.176517
10 3 0.173817
10 4 0.169171
10 5 0.162721
10 6 0.154607
10 7 0.144769
10 8 0.133381
10 9 0.120826
10 10 0.107172
10 11 0.0925242
10 12 0.0771676
10 13 0.0613044
10 14 0.045205
10 15 0.029231
10 16 0.0135159
10 17 -0.00174346
10 18 -0.0162557
10 19 -0.0298927
10 20 -0.0423684
10 21 -0.0535481
10 22 -0.0631784
10 23 -0.0712864
10 24 -0.0776553
10 25 -0.0822658
10 26 -0.0850713
10 27 -0.08592
10 28 -0.085029
10 29 -0.0823695
10 30 -0.0779098
10 31 -0.0717944
10 32 -0.0641623
10 33 -0.0553221
10 34 -0.04522
10 35 -0.0340329
10 36 -0.022084
10 37 -0.00957688
10 38 0.0032303
10 39 0.0162209
10 40 0.0290335
10 41 0.0415735
10 42 0.0535231
10 43 0.0647224
10 44 0.0749521
10 45 0.0840769
10 46 0.0919341
10 47 0.0983072
10 48 0.103085
10 49 0.106169
10 50 0.107598
10 51 0.107219
10 52 0.105199
10 53 0.101446
10 54 0.0961029
10 55 0.0892191
10 56 0.0809076
10 57 0.0713224
10 58 0.0606304
10 59 0.0489892
10 60 0.036615
10 61 0.0237655
10 62 0.0105146
10 63 -0.00272126
10 64 -0.0157682
10 65 -0.0284611
10 66 -0.0405383
10 67 -0.0517415
10 68 -0.0619219
10 69 -0.0708969
10 70 -0.0784904
10 71 -0.084512
10 72 -0.0888459
10 73 -0.0914504
10 74 -0.0921363
10 75 -0.0909602
10 76 -0.0879952
10 77 -0.083075
10 78 -0.0762744
10 79 -0.0678068
10 80 -0.0578321
10 81 -0.0464036
10 82 -0.0335325
10 83 -0.0195781
10 84 -0.0046485
10 85 0.0109721
10 86 0.0271062
10 87 0.0434645
10 88 0.0597826
10 89 0.0759104
10 90 0.0915347
10 91 0.106403
10 92 0.120377
10 93 0.133218
10 94 0.144629
10 95 0.154595
10 96 0.162893
10 97 0.169436
10 98 0.174117
10 99 0.176812
10 100 0.0220437
10 101 0

11 0 0
11 1 0.0199279
11 2 0.159853
11 3 0.157308
11 4 0.152808
11 5 0.146553
11 6 0.138676
11 7 0.1291
11 8 0.118092
11 9 0.105901
11 10 0.0925242
11 11 0.0782332
11 12 0.0632822
11 13 0.0478894
11 14 0.0322801
11 15 0.0167433
11 16 0.00143725
11 17 -0.0133297
11 18 -0.0273343
11 19 -0.0404913
11 20 -0.0524563
11 21 -0.0631977
11 22 -0.0724516
11 23 -0.0801032
11 24 -0.0859978
11 25 -0.0901771
11 26 -0.0926237
11 27 -0.0931373
11 28 -0.0918674
11 29 -0.0889064
11 30 -0.0841458
11 31 -0.0777337
11 32 -0.0698766
11 33 -0.060811
11 34 -0.0505699
11 35 -0.0392124
11 36 -0.0270824
11 37 -0.0144679
11 38 -0.00156699
11 39 0.0115554
11 40 0.0245003
11 41 0.037107
11 42 0.0491234
11 43 0.060366
11 44 0.0706434
11 45 0.079828
11 46 0.0876519
11 47 0.0940545
11 48 0.0988167
11 49 0.101969
11 50 0.103397
11 51 0.103053
11 52 0.101038
11 53 0.0974131
11 54 0.0920992
11 55 0.0852473
11 56 0.0769585
11 57 0.0674021
11 58 0.056693
11 59 0.0450666
11 60 0.0326697
11 61 0.0197943
11 62 0.0065256
11 63 -0.00676331
11 64 -0.0199043
11 65 -0.0326765
11 66 -0.0448394
11 67 -0.0562351
11 68 -0.0666001
11 69 -0.0757288
11 70 -0.0835153
11 71 -0.0897706
11 72 -0.0944007
11 73 -0.0973159
11 74 -0.0983505
11 75 -0.0975386
11 76 -0.0949688
11 77 -0.0904773
11 78 -0.0841819
11 79 -0.0761638
11 80 -0.0666121
11 81 -0.0556732
11 82 -0.0432541
11 83 -0.0298045
11 84 -0.0154522
11 85 -0.000345743
11 86 0.0153367
11 87 0.0312749
11 88 0.0471179
11 89 0.0627192
11 90 0.0779401
11 91 0.0924239
11 92 0.105998
11 93 0.118447
11 94 0.129543
11 95 0.139242
11 96 0.147306
11 97 0.153665
11 98 0.158162
11 99 0.160716
11 100 0.0200348
11 101 0

12 0 0
12 1 0.0177536
12 2 0.142398
12 3 0.139959
12 4 0.135646
12 5 0.129617
12 6 0.121925
12 7 0.112676
12 8 0.102063
12 9 0.0901865
12 10 0.0771676
12 11 0.0632822
12 12 0.0487501
12 13 0.033786
12 14 0.0186942
12 15 0.00362857
12 16 -0.0111842
12 17 -0.0254054
12 18 -0.0389055
12 19 -0.0515554
12 20 -0.0629836
12 21 -0.0731844
12 22 -0.0819713
12 23 -0.0891676
12 24 -0.0946284
12 25 -0.0983606
12 26 -0.100432
12 27 -0.100591
12 28 -0.0989757
12 29 -0.0956498
12 30 -0.0905851
12 31 -0.0839105
12 32 -0.0758003
12 33 -0.066496
12 34 -0.0560235
12 35 -0.044509
12 36 -0.0322665
12 37 -0.0195106
12 38 -0.00645295
12 39 0.00673011
12 40 0.0197671
12 41 0.0324426
12 42 0.0445302
12 43 0.055885
12 44 0.066208
12 45 0.0753597
12 46 0.0832384
12 47 0.0896141
12 48 0.09443
12 49 0.0976528
12 50 0.0991578
12 51 0.0988457
12 52 0.0969017
12 53 0.0932476
12 54 0.0879262
12 55 0.0810875
12 56 0.0728729
12 57 0.0633512
12 58 0.0526663
12 59 0.0410257
12 60 0.028641
12 61 0.0157312
12 62 0.00247262
12 63 -0.0108654
12 64 -0.0241253
12 65 -0.0370223
12 66 -0.0493035
12 67 -0.0608334
12 68 -0.0713544
12 69 -0.0806778
12 70 -0.088676
12 71 -0.0951748
12 72 -0.100133
12 73 -0.103416
12 74 -0.104819
12 75 -0.104394
12 76 -0.102223
12 77 -0.0981439
12 78 -0.0922995
12 79 -0.0847346
12 80 -0.0756528
12 81 -0.0652712
12 82 -0.0533947
12 83 -0.0404225
12 84 -0.0266928
12 85 -0.0121641
12 86 0.00299037
12 87 0.0183903
12 88 0.0337402
12 89 0.0488974
12 90 0.063685
12 91 0.0777555
12 92 0.0909399
12 93 0.102997
12 94 0.113738
12 95 0.123102
12 96 0.130938
12 97 0.137115
12 98 0.141426
12 99 0.143848
12 100 0.0179315
12 101 0

13 0 0
13 1 0.0155074
13 2 0.124396
13 3 0.122103
13 4 0.11801
13 5 0.112214
13 6 0.10479
13 7 0.0957872
13 8 0.0854448
13 9 0.0739291
13 10 0.0613044
13 11 0.0478894
13 12 0.033786
13 13 0.01933
13 14 0.00475653
13 15 -0.00982596
13 16 -0.0240724
13 17 -0.0377395
13 18 -0.0507076
13 19 -0.0628557
13 20 -0.0737847
13 21 -0.083445
13 22 -0.0916535
13 23 -0.0983859
13 24 -0.10335
13 25 -0.10666
13 26 -0.108311
13 27 -0.108048
13 28 -0.106059
13 29 -0.102393
13 30 -0.0970208
13 31 -0.0900989
13 32 -0.0817379
13 33 -0.0721683
13 34 -0.0614508
13 35 -0.0497819
13 36 -0.037409
13 37 -0.0245139
13 38 -0.0113741
13 39 0.00191199
13 40 0.0149876
13 41 0.0277288
13 42 0.0398904
13 43 0.051342
13 44 0.0617009
13 45 0.0709055
13 46 0.078813
13 47 0.0852382
13 48 0.0900485
13 49 0.0933163
13 50 0.0948836
13 51 0.0946508
13 52 0.0927139
13 53 0.0891087
13 54 0.0837926
13 55 0.0769974
13 56 0.0688163
13 57 0.059313
13 58 0.0486287
13 59 0.0370042
13 60 0.0245526
13 61 0.0116637
13 62 -0.00157198
13 63 -0.0149428
13 64 -0.0282923
13 65 -0.0412764
13 66 -0.0536954
13 67 -0.0654136
13 68 -0.0760776
13 69 -0.0855962
13 70 -0.093836
13 71 -0.100593
13 72 -0.105853
13 73 -0.109443
13 74 -0.111229
13 75 -0.111216
13 76 -0.109484
13 77 -0.105884
13 78 -0.100518
13 79 -0.0934401
13 80 -0.0848731
13 81 -0.0750754
13 82 -0.0637625
13 83 -0.0513588
13 84 -0.0381468
13 85 -0.0242244
13 86 -0.00964378
13 87 0.00517573
13 88 0.0200328
13 89 0.0346926
13 90 0.0489299
13 91 0.0625387
13 92 0.0753157
13 93 0.0870716
13 94 0.0974988
13 95 0.106543
13 96 0.114093
13 97 0.120051
13 98 0.12417
13 99 0.126448
13 100 0.0157599
13 101 0

14 0 0
14 1 0.0132306
14 2 0.106127
14 3 0.103948
14 4 0.100064
14 5 0.0944915
14 6 0.0873172
14 7 0.078629
14 8 0.0685737
14 9 0.0574227
14 10 0.045205
14 11 0.0322801
14 12 0.0186942
14 13 0.00475653
14 14 -0.00929096
14 15 -0.0233071
14 16 -0.0370493
14 17 -0.0501358
14 18 -0.0625668
14 19 -0.0741424
14 20 -0.0846494
14 21 -0.0937489
14 22 -0.101414
14 23 -0.107562
14 24 -0.112107
14 25 -0.114977
14 26 -0.116156
14 27 -0.115483
14 28 -0.113093
14 29 -0.109022
14 30 -0.10337
14 31 -0.0961805
14 32 -0.087548
14 33 -0.0777158
14 34 -0.0667621
14 35 -0.0549295
14 36 -0.0423884
14 37 -0.0293797
14 38 -0.0161262
14 39 -0.00276834
14 40 0.0104309
14 41 0.0232166
14 42 0.0354509
14 43 0.0468887
14 44 0.0573011
14 45 0.0665275
14 46 0.0744567
14 47 0.080948
14 48 0.0857938
14 49 0.0890861
14 50 0.0907015
14 51 0.0904889
14 52 0.088595
14 53 0.0850723
14 54 0.0798015
14 55 0.0730515
14 56 0.0648971
14 57 0.0554267
14 58 0.0447487
14 59 0.0331062
14 60 0.0207067
14 61 0.00780891
14 62 -0.00544119
14 63 -0.018921
14 64 -0.0323067
14 65 -0.0453698
14 66 -0.0579033
14 67 -0.069767
14 68 -0.0806313
14 69 -0.0903815
14 70 -0.0988475
14 71 -0.10588
14 72 -0.111447
14 73 -0.115406
14 74 -0.117607
14 75 -0.117991
14 76 -0.116625
14 77 -0.113497
14 78 -0.10868
14 79 -0.102188
14 80 -0.0942361
14 81 -0.084916
14 82 -0.074199
14 83 -0.0623054
14 84 -0.0496978
14 85 -0.0363217
14 86 -0.0223513
14 87 -0.00809345
14 88 0.00618678
14 89 0.0203491
14 90 0.0340299
14 91 0.047098
14 92 0.0594181
14 93 0.0708246
14 94 0.0809336
14 95 0.0896927
14 96 0.0969621
14 97 0.102629
14 98 0.106592
14 99 0.108769
14 100 0.0135573
14 101 0

15 0 0
15 1 0.01096
15 2 0.087861
15 3 0.0857363
15 4 0.0819729
15 5 0.0766209
15 6 0.0697505
15 7 0.0613556
15 8 0.0517168
15 9 0.0409857
15 10 0.029231
15 11 0.0167433
15 12 0.00362857
15 13 -0.00982596
15 14 -0.0233071
15 15 -0.0367921
15 16 -0.0499186
15 17 -0.0625093
15 18 -0.0743369
15 19 -0.0853288
15 20 -0.095254
15 21 -0.103842
15 22 -0.110952
15 23 -0.116598
15 24 -0.120656
15 25 -0.123062
15 26 -0.123759
15 27 -0.122657
15 28 -0.119917
15 29 -0.115489
15 30 -0.109461
15 31 -0.101956
15 32 -0.0930695
15 33 -0.0830279
15 34 -0.071874
15 35 -0.0598557
15 36 -0.0471794
15 37 -0.0340411
15 38 -0.0206608
15 39 -0.00719449
15 40 0.0060772
15 41 0.0189152
15 42 0.0311455
15 43 0.0426293
15 44 0.0530656
15 45 0.0623199
15 46 0.0702941
15 47 0.0767921
15 48 0.0816662
15 49 0.0849924
15 50 0.0866519
15 51 0.0864937
15 52 0.0846537
15 53 0.0812054
15 54 0.0760165
15 55 0.069284
15 56 0.0611281
15 57 0.0516384
15 58 0.0410318
15 59 0.0294358
15 60 0.0170568
15 61 0.0041652
15 62 -0.00915531
15 63 -0.022647
15 64 -0.0360236
15 65 -0.0491812
15 66 -0.0618865
15 67 -0.0738908
15 68 -0.0849123
15 69 -0.0948638
15 70 -0.103546
15 71 -0.110871
15 72 -0.116797
15 73 -0.121096
15 74 -0.123703
15 75 -0.12447
15 76 -0.123562
15 77 -0.120949
15 78 -0.116675
15 79 -0.110776
15 80 -0.103354
15 81 -0.0945674
15 82 -0.0843997
15 83 -0.0731874
15 84 -0.0611439
15 85 -0.0483529
15 86 -0.0349769
15 87 -0.0213994
15 88 -0.00766239
15 89 0.00596631
15 90 0.0191854
15 91 0.0317424
15 92 0.0436019
15 93 0.0545369
15 94 0.0642659
15 95 0.072737
15 96 0.0797246
15 97 0.0851057
15 98 0.0889323
15 99 0.091053
15 100 0.0113548
15 101 0

16 0 0
16 1 0.00871712
16 2 0.0698184
16 3 0.0677542
16 4 0.0641599
16 5 0.0590397
16 6 0.0523915
16 7 0.044374
16 8 0.0351348
16 9 0.0248269
16 10 0.0135159
16 11 0.00143725
16 12 -0.0111842
16 13 -0.0240724
16 14 -0.0370493
16 15 -0.0499186
16 16 -0.0625331
16 17 -0.0745134
16 18 -0.0857786
16 19 -0.0961805
16 20 -0.105519
16 21 -0.113572
16 22 -0.120172
16 23 -0.125221
16 24 -0.12881
16 25 -0.130735
16 26 -0.130965
16 27 -0.129438
16 28 -0.126295
16 29 -0.121542
16 30 -0.115213
16 31 -0.107404
16 32 -0.0982493
16 33 -0.0879641
16 34 -0.0766042
16 35 -0.0644419
16 36 -0.051623
16 37 -0.038359
16 38 -0.0248692
16 39 -0.0113106
16 40 0.00204682
16 41 0.014912
16 42 0.0271745
16 43 0.0386431
16 44 0.049116
16 45 0.0583708
16 46 0.0663308
16 47 0.0728582
16 48 0.0777468
16 49 0.0810522
16 50 0.0827365
16 51 0.082635
16 52 0.0808114
16 53 0.0774659
16 54 0.0723345
16 55 0.0656741
16 56 0.0575866
16 57 0.0481803
16 58 0.0376376
16 59 0.0260704
16 60 0.0137692
16 61 0.000877133
16 62 -0.0124511
16 63 -0.0260079
16 64 -0.0394353
16 65 -0.0526494
16 66 -0.065469
16 67 -0.0775876
16 68 -0.0888124
16 69 -0.0990236
16 70 -0.107956
16 71 -0.115575
16 72 -0.121743
16 73 -0.126347
16 74 -0.129332
16 75 -0.130565
16 76 -0.130158
16 77 -0.128051
16 78 -0.124278
16 79 -0.118904
16 80 -0.112087
16 81 -0.10383
16 82 -0.0943071
16 83 -0.0837466
16 84 -0.0723102
16 85 -0.0600969
16 86 -0.0473752
16 87 -0.0343517
16 88 -0.0212601
16 89 -0.00814656
16 90 0.00457307
16 91 0.016631
16 92 0.0280224
16 93 0.0385059
16 94 0.0478264
16 95 0.0560239
16 96 0.0627249
16 97 0.0678321
16 98 0.0714904
16 99 0.0735131
16 100 0.00917054
16 101 0

17 0 0
17 1 0.00651824
17 2 0.0522214
17 3 0.0503449
17 4 0.0469334
17 5 0.0420188
17 6 0.0356413
17 7 0.0279296
17 8 0.019062
17 9 0.00913353
17 10 -0.00174346
17 11 -0.0133297
17 12 -0.0254054
17 13 -0.0377395
17 14 -0.0501358
17 15 -0.0625093
17 16 -0.0745134
17 17 -0.085972
17 18 -0.096669
17 19 -0.106498
17 20 -0.115218
17 21 -0.1227
17 22 -0.128754
17 23 -0.133324
17 24 -0.136356
17 25 -0.137806
17 26 -0.137579
17 27 -0.135667
17 28 -0.132144
17 29 -0.127021
17 30 -0.120369
17 31 -0.112286
17 32 -0.102929
17 33 -0.0924287
17 34 -0.0808667
17 35 -0.0685347
17 36 -0.0556292
17 37 -0.042231
17 38 -0.0286233
17 39 -0.0149727
17 40 -0.00154932
17 41 0.0113267
17 42 0.0235572
17 43 0.0349939
17 44 0.0454541
17 45 0.0547154
17 46 0.0627036
17 47 0.0692592
17 48 0.0741436
17 49 0.077447
17 50 0.0791401
17 51 0.0790729
17 52 0.0773447
17 53 0.0739731
17 54 0.0689566
17 55 0.0623759
17 56 0.0543467
17 57 0.0450324
17 58 0.0346139
17 59 0.0231542
17 60 0.0108597
17 61 -0.00204133
17 62 -0.0153598
17 63 -0.028929
17 64 -0.042413
17 65 -0.0556936
17 66 -0.0685973
17 67 -0.0807858
17 68 -0.0921823
17 69 -0.10259
17 70 -0.111798
17 71 -0.119703
17 72 -0.126182
17 73 -0.131115
17 74 -0.134435
17 75 -0.13609
17 76 -0.136181
17 77 -0.134598
17 78 -0.131294
17 79 -0.126506
17 80 -0.120223
17 81 -0.11254
17 82 -0.103653
17 83 -0.0937704
17 84 -0.0829236
17 85 -0.0713354
17 86 -0.059205
17 87 -0.0467861
17 88 -0.0342319
17 89 -0.0217271
17 90 -0.00956195
17 91 0.0019614
17 92 0.012886
17 93 0.0229451
17 94 0.03192
17 95 0.0397554
17 96 0.0461526
17 97 0.0510543
17 98 0.0545173
17 99 0.0563787
17 100 0.0070307
17 101 0

18 0 0
18 1 0.00440471
18 2 0.0353564
18 3 0.0337091
18 4 0.0304302
18 5 0.0256915
18 6 0.0195159
18 7 0.012127
18 8 0.0036954
18 9 -0.00583847
18 10 -0.0162557
18 11 -0.0273343
18 12 -0.0389055
18 13 -0.0507076
18 14 -0.0625668
18 15 -0.0743369
18 16 -0.0857786
18 17 -0.096669
18 18 -0.10682
18 19 -0.116107
18 20 -0.124218
18 21 -0.131135
18 22 -0.136698
18 23 -0.140761
18 24 -0.143256
18 25 -0.144108
18 26 -0.143418
18 27 -0.141134
18 28 -0.137289
18 29 -0.13185
18 30 -0.124885
18 31 -0.11655
18 32 -0.106951
18 33 -0.0962211
18 34 -0.0845024
18 35 -0.0720444
18 36 -0.0590198
18 37 -0.0455708
18 38 -0.0318301
18 39 -0.0181905
18 40 -0.00478446
18 41 0.00813472
18 42 0.0203164
18 43 0.0317936
18 44 0.0422605
18 45 0.051469
18 46 0.0594457
18 47 0.0659774
18 48 0.0709306
18 49 0.0742459
18 50 0.0759594
18 51 0.0759199
18 52 0.0742475
18 53 0.0709539
18 54 0.0660077
18 55 0.0595083
18 56 0.0515125
18 57 0.0422781
18 58 0.0319479
18 59 0.0205449
18 60 0.00831472
18 61 -0.00455837
18 62 -0.0178457
18 63 -0.0313659
18 64 -0.044814
18 65 -0.0581927
18 66 -0.0711543
18 67 -0.0834185
18 68 -0.0949353
18 69 -0.105521
18 70 -0.114963
18 71 -0.123121
18 72 -0.129897
18 73 -0.135184
18 74 -0.138872
18 75 -0.140947
18 76 -0.14152
18 77 -0.140427
18 78 -0.1377
18 79 -0.133448
18 80 -0.127728
18 81 -0.120616
18 82 -0.112343
18 83 -0.103092
18 84 -0.092836
18 85 -0.0818604
18 86 -0.0703255
18 87 -0.0585146
18 88 -0.0465672
18 89 -0.0346295
18 90 -0.0230333
18 91 -0.0120065
18 92 -0.00158432
18 93 0.00801809
18 94 0.0166194
18 95 0.0240633
18 96 0.0302084
18 97 0.0349566
18 98 0.038197
18 99 0.0399137
18 100 0.00497619
18 101 0

19 0 0
19 1 0.00242697
19 2 0.0194626
19 3 0.017914
19 4 0.0147506
19 5 0.010256
19 6 0.00443413
19 7 -0.00262762
19 8 -0.0107292
19 9 -0.0198769
19 10 -0.0298927
19 11 -0.0404913
19 12 -0.0515554
19 13 -0.0628557
19 14 -0.0741424
19 15 -0.0853288
19 16 -0.0961805
19 17 -0.106498
19 18 -0.116107
19 19 -0.124755
19 20 -0.132329
19 21 -0.138673
19 22 -0.143674
19 23 -0.147276
19 24 -0.149282
19 25 -0.149668
19 26 -0.148538
19 27 -0.145904
19 28 -0.141713
19 29 -0.13595
19 30 -0.128679
19 31 -0.120117
19 32 -0.11025
19 33 -0.0992944
19 34 -0.0874715
19 35 -0.0749256
19 36 -0.0618789
19 37 -0.048357
19 38 -0.0346312
19 39 -0.0209839
19 40 -0.0075756
19 41 0.00538516
19 42 0.0176209
19 43 0.0290645
19 44 0.0395513
19 45 0.0487326
19 46 0.0565933
19 47 0.0631123
19 48 0.0680833
19 49 0.0714938
19 50 0.0731909
19 51 0.0732108
19 52 0.0716459
19 53 0.0683487
19 54 0.0634523
19 55 0.057011
19 56 0.0491166
19 57 0.0400205
19 58 0.0297372
19 59 0.0183798
19 60 0.00622052
19 61 -0.00656697
19 62 -0.0198407
19 63 -0.0333316
19 64 -0.046789
19 65 -0.0600939
19 66 -0.0730827
19 67 -0.0854363
19 68 -0.0971016
19 69 -0.107846
19 70 -0.117453
19 71 -0.12583
19 72 -0.132873
19 73 -0.13852
19 74 -0.142575
19 75 -0.145102
19 76 -0.146074
19 77 -0.145464
19 78 -0.143261
19 79 -0.139531
19 80 -0.134371
19 81 -0.127888
19 82 -0.120236
19 83 -0.111545
19 84 -0.101952
19 85 -0.0915814
19 86 -0.0806625
19 87 -0.0694334
19 88 -0.0580981
19 89 -0.0467738
19 90 -0.0357135
19 91 -0.0251165
19 92 -0.0151242
19 93 -0.00598417
19 94 0.00225163
19 95 0.00928948
19 96 0.0150648
19 97 0.0196084
19 98 0.0226809
19 99 0.0243439
19 100 0.00304344
19 101 0

20 0 0
20 1 0.000588142
20 2 0.00474155
20 3 0.0033334
20 4 0.000369204
20 5 -0.00395428
20 6 -0.00951551
20 7 -0.0162265
20 8 -0.0240468
20 9 -0.0328456
20 10 -0.0423684
20 11 -0.0524563
20 12 -0.0629836
20 13 -0.0737847
20 14 -0.0846494
20 15 -0.095254
20 16 -0.105519
20 17 -0.115218
20 18 -0.124218
20 19 -0.132329
20 20 -0.139307
20 21 -0.14511
20 22 -0.149615
20 23 -0.152731
20 24 -0.154325
20 25 -0.154297
20 26 -0.152747
20 27 -0.149674
20 28 -0.145121
20 29 -0.139091
20 30 -0.131587
20 31 -0.122795
20 32 -0.112809
20 33 -0.101717
20 34 -0.0897363
20 35 -0.0770962
20 36 -0.0639192
20 37 -0.0504082
20 38 -0.0366469
20 39 -0.0230237
20 40 -0.00966475
20 41 0.00329425
20 42 0.0154852
20 43 0.0268888
20 44 0.0373179
20 45 0.0464831
20 46 0.0543662
20 47 0.0608415
20 48 0.0657943
20 49 0.06919
20 50 0.0709253
20 51 0.071005
20 52 0.0694183
20 53 0.0661903
20 54 0.0613481
20 55 0.0550781
20 56 0.0472933
20 57 0.0382392
20 58 0.0280696
20 59 0.0168225
20 60 0.00473829
20 61 -0.00797034
20 62 -0.0211088
20 63 -0.0345326
20 64 -0.0479417
20 65 -0.0612811
20 66 -0.0743185
20 67 -0.0868379
20 68 -0.0985831
20 69 -0.109403
20 70 -0.119164
20 71 -0.127706
20 72 -0.134981
20 73 -0.140949
20 74 -0.145373
20 75 -0.14825
20 76 -0.149689
20 77 -0.14952
20 78 -0.147816
20 79 -0.144598
20 80 -0.139991
20 81 -0.134168
20 82 -0.127095
20 83 -0.118974
20 84 -0.109976
20 85 -0.100249
20 86 -0.0900086
20 87 -0.0793684
20 88 -0.0685982
20 89 -0.0578217
20 90 -0.0472654
20 91 -0.0371936
20 92 -0.0276751
20 93 -0.0189466
20 94 -0.0111407
20 95 -0.00435609
20 96 0.00117594
20 97 0.00543558
20 98 0.00837109
20 99 0.009855
20 100 0.00122984
20 101 0

21 0 0
21 1 -0.00107114
21 2 -0.00862159
21 3 -0.00997248
21 4 -0.0127366
21 5 -0.0168523
21 6 -0.0221181
21 7 -0.0285176
21 8 -0.0360319
21 9 -0.0444445
21 10 -0.0535481
21 11 -0.0631977
21 12 -0.0731844
21 13 -0.083445
21 14 -0.0937489
21 15 -0.103842
21 16 -0.113572
21 17 -0.1227
21 18 -0.131135
21 19 -0.138673
21 20 -0.14511
21 21 -0.150397
21 22 -0.154398
21 23 -0.15705
21 24 -0.158202
21 25 -0.15785
21 26 -0.155927
21 27 -0.152485
21 28 -0.147573
21 29 -0.141263
21 30 -0.133459
21 31 -0.124478
21 32 -0.114327
21 33 -0.103182
21 34 -0.0911337
21 35 -0.0784269
21 36 -0.0652102
21 37 -0.0516545
21 38 -0.0379878
21 39 -0.0243567
21 40 -0.0110446
21 41 0.00181741
21 42 0.0139818
21 43 0.0252767
21 44 0.0355921
21 45 0.0447223
21 46 0.0526018
21 47 0.0590597
21 48 0.0639755
21 49 0.0673578
21 50 0.0691377
21 51 0.0692013
21 52 0.0677049
21 53 0.0644795
21 54 0.0597612
21 55 0.0535759
21 56 0.0459031
21 57 0.0369549
21 58 0.0269199
21 59 0.0158586
21 60 0.0038944
21 61 -0.00866192
21 62 -0.0216935
21 63 -0.0350464
21 64 -0.0484726
21 65 -0.0617376
21 66 -0.0747471
21 67 -0.087274
21 68 -0.099033
21 69 -0.109982
21 70 -0.119954
21 71 -0.128762
21 72 -0.13625
21 73 -0.142485
21 74 -0.14719
21 75 -0.150468
21 76 -0.15226
21 77 -0.152559
21 78 -0.151298
21 79 -0.148599
21 80 -0.144529
21 81 -0.139273
21 82 -0.132791
21 83 -0.125245
21 84 -0.116837
21 85 -0.107701
21 86 -0.0981003
21 87 -0.0880478
21 88 -0.0778304
21 89 -0.0676355
21 90 -0.0576316
21 91 -0.0480691
21 92 -0.0389648
21 93 -0.0306725
21 94 -0.0232953
21 95 -0.0168543
21 96 -0.0115874
21 97 -0.00754545
21 98 -0.00476073
21 99 -0.0033578
21 100 -0.000414104
21 101 0

22 0 0
22 1 -0.00254973
22 2 -0.0204485
22 3 -0.0216704
22 4 -0.0242696
22 5 -0.0281894
22 6 -0.0332922
22 7 -0.0393719
22 8 -0.0465063
22 9 -0.0544634
22 10 -0.0631784
22 11 -0.0724516
22 12 -0.0819713
22 13 -0.0916535
22 14 -0.101414
22 15 -0.110952
22 16 -0.120172
22 17 -0.128754
22 18 -0.136698
22 19 -0.143674
22 20 -0.149615
22 21 -0.154398
22 22 -0.157991
22 23 -0.160144
22 24 -0.16081
22 25 -0.160044
22 26 -0.157778
22 27 -0.154039
22 28 -0.148865
22 29 -0.142327
22 30 -0.134365
22 31 -0.125186
22 32 -0.114952
22 33 -0.103699
22 34 -0.0916208
22 35 -0.0789107
22 36 -0.0656528
22 37 -0.0521334
22 38 -0.0385117
22 39 -0.0249987
22 40 -0.0117908
22 41 0.000912971
22 42 0.0130033
22 43 0.0242389
22 44 0.0344573
22 45 0.0435313
22 46 0.0513575
22 47 0.0578293
22 48 0.0627272
22 49 0.0661156
22 50 0.0678545
22 51 0.0679548
22 52 0.0664724
22 53 0.0634268
22 54 0.0586923
22 55 0.0525907
22 56 0.0450245
22 57 0.0362327
22 58 0.0263379
22 59 0.015429
22 60 0.0036597
22 61 -0.00878523
22 62 -0.0216534
22 63 -0.0348915
22 64 -0.0482002
22 65 -0.0614619
22 66 -0.0744026
22 67 -0.0868796
22 68 -0.098675
22 69 -0.109673
22 70 -0.119809
22 71 -0.128779
22 72 -0.136453
22 73 -0.142851
22 74 -0.147848
22 75 -0.151485
22 76 -0.153657
22 77 -0.154344
22 78 -0.15364
22 79 -0.151468
22 80 -0.147894
22 81 -0.143107
22 82 -0.13722
22 83 -0.130248
22 84 -0.122439
22 85 -0.113882
22 86 -0.10486
22 87 -0.0953746
22 88 -0.085725
22 89 -0.0760604
22 90 -0.0665669
22 91 -0.0574652
22 92 -0.0488813
22 93 -0.0410352
22 94 -0.0340537
22 95 -0.0278981
22 96 -0.0228842
22 97 -0.0190358
22 98 -0.016413
22 99 -0.0151325
22 100 -0.00188437
22 101 0

23 0 0
23 1 -0.0038133
23 2 -0.0305866
23 3 -0.0317183
23 4 -0.0342214
23 5 -0.0379217
23 6 -0.0427262
23 7 -0.0485972
23 8 -0.0553966
23 9 -0.0629566
23 10 -0.0712864
23 11 -0.0801032
23 12 -0.0891676
23 13 -0.0983859
23 14 -0.107562
23 15 -0.116598
23 16 -0.125221
23 17 -0.133324
23 18 -0.140761
23 19 -0.147276
23 20 -0.152731
23 21 -0.15705
23 22 -0.160144
23 23 -0.161862
23 24 -0.162142
23 25 -0.161074
23 26 -0.158527
23 27 -0.154502
23 28 -0.149076
23 29 -0.142265
23 30 -0.134167
23 31 -0.124869
23 32 -0.114542
23 33 -0.103265
23 34 -0.0911549
23 35 -0.0784168
23 36 -0.0652685
23 37 -0.0517824
23 38 -0.0382697
23 39 -0.0248503
23 40 -0.011781
23 41 0.000774429
23 42 0.0127176
23 43 0.023861
23 44 0.0339306
23 45 0.0429095
23 46 0.0506458
23 47 0.0570322
23 48 0.0619159
23 49 0.065329
23 50 0.0670808
23 51 0.0672314
23 52 0.0657861
23 53 0.0627777
23 54 0.0581211
23 55 0.0521109
23 56 0.0447194
23 57 0.0361059
23 58 0.0263871
23 59 0.0156789
23 60 0.00406939
23 61 -0.00819262
23 62 -0.02091
23 63 -0.0339707
23 64 -0.047175
23 65 -0.06035
23 66 -0.0732347
23 67 -0.0856414
23 68 -0.0974898
23 69 -0.108517
23 70 -0.11867
23 71 -0.127727
23 72 -0.135636
23 73 -0.142222
23 74 -0.147503
23 75 -0.151399
23 76 -0.15388
23 77 -0.154969
23 78 -0.154709
23 79 -0.153035
23 80 -0.149923
23 81 -0.145668
23 82 -0.14027
23 83 -0.133853
23 84 -0.126589
23 85 -0.118627
23 86 -0.110181
23 87 -0.101323
23 88 -0.0921852
23 89 -0.0830579
23 90 -0.0740301
23 91 -0.0654176
23 92 -0.0573581
23 93 -0.049897
23 94 -0.0432111
23 95 -0.0374082
23 96 -0.0326734
23 97 -0.0290334
23 98 -0.0265806
23 99 -0.0253162
23 100 -0.00314536
23 101 0

24 0 0
24 1 -0.0048445
24 2 -0.0389114
24 3 -0.0400249
24 4 -0.042377
24 5 -0.0459262
24 6 -0.0505043
24 7 -0.0560491
24 8 -0.062545
24 9 -0.0697593
24 10 -0.0776553
24 11 -0.0859978
24 12 -0.0946284
24 13 -0.10335
24 14 -0.112107
24 15 -0.120656
24 16 -0.12881
24 17 -0.136356
24 18 -0.143256
24 19 -0.149282
24 20 -0.154325
24 21 -0.158202
24 22 -0.16081
24 23 -0.162142
24 24 -0.162154
24 25 -0.160769
24 26 -0.157983
24 27 -0.153691
24 28 -0.148032
24 29 -0.141002
24 30 -0.132799
24 31 -0.123447
24 32 -0.113078
24 33 -0.1018
24 34 -0.089666
24 35 -0.0770006
24 36 -0.063928
24 37 -0.0505724
24 38 -0.0371814
24 39 -0.0239463
24 40 -0.0110474
24 41 0.00134421
24 42 0.0131388
24 43 0.0241081
24 44 0.0340824
24 45 0.0429461
24 46 0.0505499
24 47 0.0567959
24 48 0.0615741
24 49 0.0649241
24 50 0.0667108
24 51 0.0669196
24 52 0.0655203
24 53 0.0626036
24 54 0.0580759
24 55 0.0522334
24 56 0.045031
24 57 0.0365814
24 58 0.0270132
24 59 0.016502
24 60 0.0051454
24 61 -0.00692057
24 62 -0.019416
24 63 -0.0323128
24 64 -0.0453903
24 65 -0.0584038
24 66 -0.0711321
24 67 -0.0834904
24 68 -0.0952948
24 69 -0.10636
24 70 -0.116495
24 71 -0.12559
24 72 -0.133643
24 73 -0.1405
24 74 -0.146042
24 75 -0.150154
24 76 -0.15294
24 77 -0.154331
24 78 -0.154436
24 79 -0.153153
24 80 -0.150515
24 81 -0.146739
24 82 -0.141914
24 83 -0.136037
24 84 -0.129307
24 85 -0.121892
24 86 -0.11399
24 87 -0.105633
24 88 -0.097098
24 89 -0.0884683
24 90 -0.0799301
24 91 -0.0717988
24 92 -0.0641916
24 93 -0.0570993
24 94 -0.050744
24 95 -0.045246
24 96 -0.0407887
24 97 -0.0373732
24 98 -0.035035
24 99 -0.0338165
24 100 -0.00420115
24 101 0

25 0 0
25 1 -0.005646
25 2 -0.0453547
25 3 -0.0464151
25 4 -0.0486681
25 5 -0.0520774
25 6 -0.0564002
25 7 -0.0616819
25 8 -0.0678627
25 9 -0.0747719
25 10 -0.0822658
25 11 -0.0901771
25 12 -0.0983606
25 13 -0.10666
25 14 -0.114977
25 15 -0.123062
25 16 -0.130735
25 17 -0.137806
25 18 -0.144108
25 19 -0.149668
25 20 -0.154297
25 21 -0.15785
25 22 -0.160044
25 23 -0.161074
25 24 -0.160769
25 25 -0.159044
25 26 -0.15597
25 27 -0.151513
25 28 -0.145749
25 29 -0.138618
25 30 -0.130322
25 31 -0.120912
25 32 -0.11049
25 33 -0.0992596
25 34 -0.0872603
25 35 -0.0747486
25 36 -0.0618
25 37 -0.0485443
25 38 -0.0353663
25 39 -0.0223484
25 40 -0.00969649
25 41 0.00255652
25 42 0.014169
25 43 0.0249545
25 44 0.0347178
25 45 0.043439
25 46 0.0508889
25 47 0.0570492
25 48 0.0617958
25 49 0.065052
25 50 0.0668464
25 51 0.067102
25 52 0.0657549
25 53 0.0629187
25 54 0.058552
25 55 0.0528694
25 56 0.04583
25 57 0.0375199
25 58 0.0281254
25 59 0.0178479
25 60 0.00673944
25 61 -0.00505327
25 62 -0.017375
25 63 -0.0300205
25 64 -0.0428803
25 65 -0.0556666
25 66 -0.0682386
25 67 -0.0804555
25 68 -0.0921422
25 69 -0.103159
25 70 -0.113286
