0 0 0
0 1 0
0 2 0
0 3 0
0 4 0
0 5 0
0 6 0
0 7 0
0 8 0
0 9 0
0 10 0
0 11 0
0 12 0
0 13 0
0 14 0
0 15 0
0 16 0
0 17 0
0 18 0
0 19 0
0 20 0
0 21 0
0 22 0
0 23 0
0 24 0
0 25 0
0 26 0
0 27 0
0 28 0
0 29 0
0 30 0
0 31 0
0 32 0
0 33 0
0 34 0
0 35 0
0 36 0
0 37 0
0 38 0
0 39 0
0 40 0
0 41 0
0 42 0
0 43 0
0 44 0
0 45 0
0 46 0
0 47 0
0 48 0
0 49 0
0 50 0
0 51 0
0 52 0
0 53 0
0 54 0
0 55 0
0 56 0
0 57 0
0 58 0
0 59 0
0 60 0
0 61 0
0 62 0
0 63 0
0 64 0
0 65 0
0 66 0
0 67 0
0 68 0
0 69 0
0 70 0
0 71 0
0 72 0
0 73 0
0 74 0
0 75 0
0 76 0
0 77 0
0 78 0
0 79 0
0 80 0
0 81 0
0 82 0
0 83 0
0 84 0
0 85 0
0 86 0
0 87 0
0 88 0
0 89 0
0 90 0
0 91 0
0 92 0
0 93 0
0 94 0
0 95 0
0 96 0
0 97 0
0 98 0
0 99 0
0 100 0
0 101 0

1 0 0
1 1 0
1 2 -0.105664
1 3 -0.104516
1 4 -0.102485
1 5 -0.0996749
1 6 -0.0960555
1 7 -0.0917963
1 8 -0.0869064
1 9 -0.0814139
1 10 -0.075489
1 11 -0.06922
1 12 -0.0627538
1 13 -0.0561843
1 14 -0.0495144
1 15 -0.0428514
1 16 -0.036299
1 17 -0.0299747
1 18 -0.0240539
1 19 -0.0186494
1 20 -0.0138217
1 21 -0.00964881
1 22 -0.00607025
1 23 -0.00325208
1 24 -0.0010752
1 25 0.000213554
1 26 0.000717418
1 27 0.000296449
1 28 -0.000998883
1 29 -0.00308715
1 30 -0.00599028
1 31 -0.00970086
1 32 -0.0141064
1 33 -0.0190976
1 34 -0.0246402
1 35 -0.0307535
1 36 -0.0371204
1 37 -0.0436121
1 38 -0.0501886
1 39 -0.0568835
1 40 -0.0635736
1 41 -0.0700894
1 42 -0.0763853
1 43 -0.0821894
1 44 -0.0874951
1 45 -0.0922051
1 46 -0.0963368
1 47 -0.0997306
1 48 -0.102353
1 49 -0.10416
1 50 -0.105055
1 51 -0.105056
1 52 -0.104146
1 53 -0.102393
1 54 -0.0997642
1 55 -0.096303
1 56 -0.0922219
1 57 -0.0874732
1 58 -0.0821492
1 59 -0.076285
1 60 -0.0700713
1 61 -0.0635479
1 62 -0.0568791
1 63 -0.050182
1 64 -0.0435059
1 65 -0.0369115
1 66 -0.0305382
1 67 -0.0245658
1 68 -0.0189886
1 69 -0.0139282
1 70 -0.00944817
1 71 -0.00566735
1 72 -0.00271426
1 73 -0.000583076
1 74 0.000741932
1 75 0.00120574
1 76 0.000788783
1 77 -0.000599373
1 78 -0.00265404
1 79 -0.00551669
1 80 -0.00900257
1 81 -0.0132582
1 82 -0.0181082
1 83 -0.0234787
1 84 -0.0293715
1 85 -0.0356502
1 86 -0.0422485
1 87 -0.0489999
1 88 -0.0557444
1 89 -0.062389
1 90 -0.0688793
1 91 -0.0751307
1 92 -0.081014
1 93 -0.0864882
1 94 -0.0914367
1 95 -0.0957753
1 96 -0.0994074
1 97 -0.102285
1 98 -0.104292
1 99 -0.105434
1 100 0
1 101 0

2 0 0
2 1 -0.105664
2 2 -0.849137
2 3 -0.840087
2 4 -0.824
2 5 -0.801146
2 6 -0.772231
2 7 -0.73778
2 8 -0.698324
2 9 -0.654369
2 10 -0.606679
2 11 -0.556472
2 12 -0.504524
2 13 -0.45158
2 14 -0.397963
2 15 -0.344439
2 16 -0.291782
2 17 -0.241023
2 18 -0.193434
2 19 -0.149922
2 20 -0.111078
2 21 -0.0772486
2 22 -0.0486632
2 23 -0.0255767
2 24 -0.00848662
2 25 0.00217714
2 26 0.00604992
2 27 0.00281343
2 28 -0.0075605
2 29 -0.0244141
2 30 -0.0478807
2 31 -0.0776924
2 32 -0.113138
2 33 -0.153464
2 34 -0.198362
2 35 -0.24704
2 36 -0.298072
2 37 -0.350427
2 38 -0.403624
2 39 -0.457449
2 40 -0.511005
2 41 -0.563434
2 42 -0.613577
2 43 -0.660389
2 44 -0.703
2 45 -0.741071
2 46 -0.774077
2 47 -0.801494
2 48 -0.822786
2 49 -0.837356
2 50 -0.844738
2 51 -0.844654
2 52 -0.837368
2 53 -0.822867
2 54 -0.801562
2 55 -0.774005
2 56 -0.740944
2 57 -0.702779
2 58 -0.659888
2 59 -0.613071
2 60 -0.563018
2 61 -0.510833
2 62 -0.457327
2 63 -0.403369
2 64 -0.349641
2 65 -0.296812
2 66 -0.24573
2 67 -0.197369
2 68 -0.152398
2 69 -0.111587
2 70 -0.0756386
2 71 -0.0453557
2 72 -0.0214337
2 73 -0.00408785
2 74 0.00640766
2 75 0.0100339
2 76 0.00631411
2 77 -0.00435119
2 78 -0.0212653
2 79 -0.0439255
2 80 -0.0722946
2 81 -0.10626
2 82 -0.145323
2 83 -0.188807
2 84 -0.236134
2 85 -0.286726
2 86 -0.339647
2 87 -0.393783
2 88 -0.447996
2 89 -0.501516
2 90 -0.553624
2 91 -0.603881
2 92 -0.651301
2 93 -0.695248
2 94 -0.734986
2 95 -0.769791
2 96 -0.799065
2 97 -0.822074
2 98 -0.838281
2 99 -0.847334
2 100 -0.105434
2 101 0

3 0 0
3 1 -0.104516
3 2 -0.840087
3 3 -0.831358
3 4 -0.815611
3 5 -0.792757
3 6 -0.764121
3 7 -0.729413
3 8 -0.689893
3 9 -0.646184
3 10 -0.598693
3 11 -0.548687
3 12 -0.496968
3 13 -0.443908
3 14 -0.390475
3 15 -0.337141
3 16 -0.284571
3 17 -0.234181
3 18 -0.18661
3 19 -0.143052
3 20 -0.104028
3 21 -0.0699142
3 22 -0.0412328
3 23 -0.0177924
3 24 -0.00101566
3 25 0.00973634
3 26 0.0134816
3 27 0.0103133
3 28 0.000199262
3 29 -0.0167838
3 30 -0.0402607
3 31 -0.0700475
3 32 -0.105348
3 33 -0.14604
3 34 -0.191206
3 35 -0.239352
3 36 -0.290142
3 37 -0.342717
3 38 -0.396387
3 39 -0.450094
3 40 -0.503162
3 41 -0.5553
3 42 -0.604924
3 43 -0.651761
3 44 -0.694296
3 45 -0.732309
3 46 -0.765076
3 47 -0.79256
3 48 -0.814151
3 49 -0.828756
3 50 -0.836203
3 51 -0.836191
3 52 -0.828727
3 53 -0.813739
3 54 -0.792218
3 55 -0.764973
3 56 -0.731947
3 57 -0.693876
3 58 -0.65105
3 59 -0.604625
3 60 -0.554789
3 61 -0.503001
3 62 -0.449768
3 63 -0.395771
3 64 -0.342
3 65 -0.289651
3 66 -0.238784
3 67 -0.189973
3 68 -0.144691
3 69 -0.103824
3 70 -0.0681058
3 71 -0.0381017
3 72 -0.0138349
3 73 0.00372543
3 74 0.0142197
3 75 0.0174214
3 76 0.0134339
3 77 0.00322894
3 78 -0.0139448
3 79 -0.0364525
3 80 -0.0651025
3 81 -0.0990004
3 82 -0.138109
3 83 -0.18198
3 84 -0.229343
3 85 -0.279934
3 86 -0.332366
3 87 -0.38618
3 88 -0.440325
3 89 -0.493853
3 90 -0.545954
3 91 -0.59593
3 92 -0.643437
3 93 -0.687335
3 94 -0.726941
3 95 -0.761537
3 96 -0.790758
3 97 -0.813432
3 98 -0.82959
3 99 -0.838364
3 100 -0.104299
3 101 0

4 0 0
4 1 -0.102485
4 2 -0.824
4 3 -0.815611
4 4 -0.799603
4 5 -0.777469
4 6 -0.748958
4 7 -0.714625
4 8 -0.675633
4 9 -0.632006
4 10 -0.584607
4 11 -0.534764
4 12 -0.483209
4 13 -0.430151
4 14 -0.377005
4 15 -0.323286
4 16 -0.271067
4 17 -0.220627
4 18 -0.172806
4 19 -0.129798
4 20 -0.0905346
4 21 -0.0559866
4 22 -0.0272759
4 23 -0.00377476
4 24 0.0128448
4 25 0.0233815
4 26 0.0269353
4 27 0.0234256
4 28 0.0135161
4 29 -0.00335857
4 30 -0.0267383
4 31 -0.0558932
4 32 -0.0905389
4 33 -0.131391
4 34 -0.176395
4 35 -0.224393
4 36 -0.275741
4 37 -0.327969
4 38 -0.381871
4 39 -0.435796
4 40 -0.488745
4 41 -0.540701
4 42 -0.589858
4 43 -0.636405
4 44 -0.678874
4 45 -0.717143
4 46 -0.750014
4 47 -0.776637
4 48 -0.798154
4 49 -0.81256
4 50 -0.819725
4 51 -0.819924
4 52 -0.811859
4 53 -0.797428
4 54 -0.777033
4 55 -0.749574
4 56 -0.716508
4 57 -0.678361
4 58 -0.635571
4 59 -0.589674
4 60 -0.54036
4 61 -0.48835
4 62 -0.435234
4 63 -0.381335
4 64 -0.327356
4 65 -0.274887
4 66 -0.224114
4 67 -0.175175
4 68 -0.130432
4 69 -0.0898804
4 70 -0.0545665
4 71 -0.0249897
4 72 -0.000650218
4 73 0.0170836
4 74 0.0277247
4 75 0.0307608
4 76 0.0272721
4 77 0.0172245
4 78 0.000183517
4 79 -0.0222491
4 80 -0.0516505
4 81 -0.0858098
4 82 -0.12466
4 83 -0.168871
4 84 -0.216101
4 85 -0.266309
4 86 -0.3187
4 87 -0.372361
4 88 -0.426707
4 89 -0.479791
4 90 -0.532158
4 91 -0.582258
4 92 -0.629321
4 93 -0.672999
4 94 -0.712255
4 95 -0.746589
4 96 -0.775586
4 97 -0.798158
4 98 -0.813676
4 99 -0.822473
4 100 -0.102331
4 101 0

5 0 0
5 1 -0.0996749
5 2 -0.801146
5 3 -0.792757
5 4 -0.777469
5 5 -0.755498
5 6 -0.727058
5 7 -0.693605
5 8 -0.654287
5 9 -0.611179
5 10 -0.564551
5 11 -0.515182
5 12 -0.463621
5 13 -0.410427
5 14 -0.35672
5 15 -0.303011
5 16 -0.251059
5 17 -0.200197
5 18 -0.153152
5 19 -0.109089
5 20 -0.0702319
5 21 -0.0354837
5 22 -0.00727828
5 23 0.0157616
5 24 0.0324022
5 25 0.0433415
5 26 0.0462679
5 27 0.0431277
5 28 0.032894
5 29 0.0165295
5 30 -0.0067657
5 31 -0.0356987
5 32 -0.0707961
5 33 -0.110636
5 34 -0.155426
5 35 -0.202976
5 36 -0.253919
5 37 -0.306755
5 38 -0.360659
5 39 -0.414065
5 40 -0.467327
5 41 -0.518938
5 42 -0.567943
5 43 -0.614222
5 44 -0.656958
5 45 -0.694873
5 46 -0.727417
5 47 -0.754792
5 48 -0.77561
5 49 -0.790197
5 50 -0.797133
5 51 -0.797208
5 52 -0.789556
5 53 -0.775039
5 54 -0.7538
5 55 -0.72742
5 56 -0.694577
5 57 -0.656511
5 58 -0.614373
5 59 -0.568108
5 60 -0.518449
5 61 -0.466553
5 62 -0.413599
5 63 -0.359793
5 64 -0.306439
5 65 -0.253381
5 66 -0.202836
5 67 -0.154336
5 68 -0.110112
5 69 -0.0696148
5 70 -0.03479
5 71 -0.0051304
5 72 0.0183014
5 73 0.0361999
5 74 0.0469288
5 75 0.0509294
5 76 0.0469223
5 77 0.0367917
5 78 0.0200393
5 79 -0.00264347
5 80 -0.0317251
5 81 -0.0652359
5 82 -0.10493
5 83 -0.148414
5 84 -0.196098
5 85 -0.245915
5 86 -0.298861
5 87 -0.352211
5 88 -0.406607
5 89 -0.46023
5 90 -0.512252
5 91 -0.562441
5 92 -0.609384
5 93 -0.652238
5 94 -0.691028
5 95 -0.725503
5 96 -0.753547
5 97 -0.775649
5 98 -0.791233
5 99 -0.800011
5 100 -0.0995372
5 101 0

6 0 0
6 1 -0.0960555
6 2 -0.772231
6 3 -0.764121
6 4 -0.748958
6 5 -0.727058
6 6 -0.699006
6 7 -0.665696
6 8 -0.627446
6 9 -0.585068
6 10 -0.538709
6 11 -0.489459
6 12 -0.437586
6 13 -0.384351
6 14 -0.330969
6 15 -0.277081
6 16 -0.224559
6 17 -0.174208
6 18 -0.12647
6 19 -0.0833025
6 20 -0.0438281
6 21 -0.00911903
6 22 0.0194657
6 23 0.0425285
6 24 0.0590628
6 25 0.0695546
6 26 0.0725367
6 27 0.0695112
6 28 0.0594592
6 29 0.0426779
6 30 0.0193125
6 31 -0.00941554
6 32 -0.0439313
6 33 -0.0837901
6 34 -0.128278
6 35 -0.175472
6 36 -0.226361
6 37 -0.279246
6 38 -0.333756
6 39 -0.387553
6 40 -0.439734
6 41 -0.491461
6 42 -0.540148
6 43 -0.586818
6 44 -0.628855
6 45 -0.666755
6 46 -0.699858
6 47 -0.726442
6 48 -0.747345
6 49 -0.76131
6 50 -0.768555
6 51 -0.768238
6 52 -0.760638
6 53 -0.746295
6 54 -0.725865
6 55 -0.698812
6 56 -0.666411
6 57 -0.629102
6 58 -0.586837
6 59 -0.54071
6 60 -0.491098
6 61 -0.439884
6 62 -0.386561
6 63 -0.332756
6 64 -0.279103
6 65 -0.226394
6 66 -0.175662
6 67 -0.127256
6 68 -0.0833429
6 69 -0.0434019
6 70 -0.0087663
6 71 0.0209082
6 72 0.0448118
6 73 0.0621962
6 74 0.0728869
6 75 0.0769398
6 76 0.073435
6 77 0.0636341
6 78 0.0465407
6 79 0.0239341
6 80 -0.00544432
6 81 -0.039333
6 82 -0.0782951
6 83 -0.122609
6 84 -0.169697
6 85 -0.22052
6 86 -0.273182
6 87 -0.326666
6 88 -0.380915
6 89 -0.434384
6 90 -0.486726
6 91 -0.536719
6 92 -0.582962
6 93 -0.625488
6 94 -0.663705
6 95 -0.697533
6 96 -0.725548
6 97 -0.747419
6 98 -0.762794
6 99 -0.771424
6 100 -0.0959804
6 101 0

7 0 0
7 1 -0.0917963
7 2 -0.73778
7 3 -0.729413
7 4 -0.714625
7 5 -0.693605
7 6 -0.665696
7 7 -0.632797
7 8 -0.595062
7 9 -0.552964
7 10 -0.507134
7 11 -0.458011
7 12 -0.405772
7 13 -0.352437
7 14 -0.298431
7 15 -0.244524
7 16 -0.192547
7 17 -0.142225
7 18 -0.0949554
7 19 -0.0510942
7 20 -0.011612
7 21 0.0232118
7 22 0.0521288
7 23 0.0752749
7 24 0.092291
7 25 0.102645
7 26 0.105526
7 27 0.10202
7 28 0.0916327
7 29 0.0750522
7 30 0.0520299
7 31 0.0233745
7 32 -0.0115776
7 33 -0.0511093
7 34 -0.0952384
7 35 -0.142759
7 36 -0.193634
7 37 -0.246615
7 38 -0.300494
7 39 -0.354244
7 40 -0.407505
7 41 -0.45906
7 42 -0.507517
7 43 -0.553419
7 44 -0.595873
7 45 -0.633569
7 46 -0.66639
7 47 -0.693408
7 48 -0.713765
7 49 -0.727925
7 50 -0.734593
7 51 -0.734289
7 52 -0.726801
7 53 -0.712859
7 54 -0.692247
7 55 -0.665757
7 56 -0.633205
7 57 -0.595515
7 58 -0.553833
7 59 -0.50807
7 60 -0.458842
7 61 -0.407408
7 62 -0.354061
7 63 -0.300281
7 64 -0.246694
7 65 -0.193352
7 66 -0.142621
7 67 -0.0950151
7 68 -0.0512374
7 69 -0.0108798
7 70 0.0240593
7 71 0.0536511
7 72 0.0768181
7 73 0.0942426
7 74 0.10503
7 75 0.109445
7 76 0.106348
7 77 0.096181
7 78 0.07953
7 79 0.0560399
7 80 0.0267797
7 81 -0.00717095
7 82 -0.0466215
7 83 -0.0903845
7 84 -0.138019
7 85 -0.188511
7 86 -0.241635
7 87 -0.295055
7 88 -0.349216
7 89 -0.402951
7 90 -0.45471
7 91 -0.504634
7 92 -0.550888
7 93 -0.593157
7 94 -0.631388
7 95 -0.664598
7 96 -0.691917
7 97 -0.713819
7 98 -0.729095
7 99 -0.737157
7 100 -0.0916927
7 101 0

8 0 0
8 1 -0.0869064
8 2 -0.698324
8 3 -0.689893
8 4 -0.675633
8 5 -0.654287
8 6 -0.627446
8 7 -0.595062
8 8 -0.557872
8 9 -0.516137
8 10 -0.470003
8 11 -0.420921
8 12 -0.368897
8 13 -0.315608
8 14 -0.261644
8 15 -0.207401
8 16 -0.155225
8 17 -0.105316
8 18 -0.0574606
8 19 -0.0136544
8 20 0.0261525
8 21 0.0609713
8 22 0.0900576
8 23 0.11321
8 24 0.129692
8 25 0.139783
8 26 0.142916
8 27 0.139657
8 28 0.129637
8 29 0.112694
8 30 0.0896023
8 31 0.0609167
8 32 0.0262819
8 33 -0.0134727
8 34 -0.0574783
8 35 -0.104969
8 36 -0.155904
8 37 -0.208667
8 38 -0.262343
8 39 -0.31634
8 40 -0.369457
8 41 -0.420876
8 42 -0.469654
8 43 -0.515785
8 44 -0.557965
8 45 -0.59576
8 46 -0.628535
8 47 -0.655406
8 48 -0.67555
8 49 -0.688993
8 50 -0.695852
8 51 -0.695379
8 52 -0.688265
8 53 -0.674614
8 54 -0.654391
8 55 -0.627773
8 56 -0.595446
8 57 -0.558164
8 58 -0.516026
8 59 -0.47004
8 60 -0.421045
8 61 -0.369722
8 62 -0.316345
8 63 -0.262687
8 64 -0.209006
8 65 -0.155861
8 66 -0.105163
8 67 -0.0575421
8 68 -0.0136247
8 69 0.0264648
8 70 0.0614181
8 71 0.09107
8 72 0.114756
8 73 0.131835
8 74 0.142447
8 75 0.146248
8 76 0.143279
8 77 0.13373
8 78 0.116977
8 79 0.0938714
8 80 0.0644446
8 81 0.0301245
8 82 -0.00933333
8 83 -0.0536455
8 84 -0.100854
8 85 -0.151895
8 86 -0.204786
8 87 -0.258487
8 88 -0.312776
8 89 -0.366073
8 90 -0.417949
8 91 -0.467532
8 92 -0.513519
8 93 -0.556182
8 94 -0.594106
8 95 -0.626288
8 96 -0.65355
8 97 -0.675032
8 98 -0.690159
8 99 -0.698094
8 100 -0.0868282
8 101 0

9 0 0
9 1 -0.0814139
9 2 -0.654369
9 3 -0.646184
9 4 -0.632006
9 5 -0.611179
9 6 -0.585068
9 7 -0.552964
9 8 -0.516137
9 9 -0.474061
9 10 -0.428469
9 11 -0.379625
9 12 -0.327789
9 13 -0.274477
9 14 -0.219806
9 15 -0.165963
9 16 -0.113247
9 17 -0.0633949
9 18 -0.0151657
9 19 0.0286385
9 20 0.0688984
9 21 0.103148
9 22 0.132607
9 23 0.15586
9 24 0.17252
9 25 0.182084
9 26 0.18598
9 27 0.182404
9 28 0.172601
9 29 0.155411
9 30 0.132436
9 31 0.103439
9 32 0.0692152
9 33 0.0291084
9 34 -0.0148335
9 35 -0.062522
9 36 -0.112809
9 37 -0.165772
9 38 -0.219494
9 39 -0.273803
9 40 -0.327194
9 41 -0.379217
9 42 -0.427999
9 43 -0.473885
9 44 -0.51595
9 45 -0.553393
9 46 -0.585945
9 47 -0.612706
9 48 -0.633059
9 49 -0.646024
9 50 -0.653023
9 51 -0.652364
9 52 -0.645847
9 53 -0.631885
9 54 -0.612025
9 55 -0.585771
9 56 -0.553677
9 57 -0.516319
9 58 -0.474188
9 59 -0.428161
9 60 -0.378849
9 61 -0.327577
9 62 -0.274209
9 63 -0.220397
9 64 -0.16625
9 65 -0.113807
9 66 -0.0628784
9 67 -0.0153425
9 68 0.0291896
9 69 0.068681
9 70 0.104041
9 71 0.133431
9 72 0.157484
9 73 0.174473
9 74 0.185049
9 75 0.188383
9 76 0.185825
9 77 0.176322
9 78 0.159519
9 79 0.136183
9 80 0.107
9 81 0.0719853
9 82 0.0326575
9 83 -0.0121827
9 84 -0.0593915
9 85 -0.110666
9 86 -0.16321
9 87 -0.217275
9 88 -0.271209
9 89 -0.325317
9 90 -0.376722
9 91 -0.42601
9 92 -0.472511
9 93 -0.514549
9 94 -0.552424
9 95 -0.584199
9 96 -0.610824
9 97 -0.631865
9 98 -0.646766
9 99 -0.654453
9 100 -0.0814015
9 101 0

10 0 0
10 1 -0.075489
10 2 -0.606679
10 3 -0.598693
10 4 -0.584607
10 5 -0.564551
10 6 -0.538709
10 7 -0.507134
10 8 -0.470003
10 9 -0.428469
10 10 -0.383427
10 11 -0.334309
10 12 -0.282825
10 13 -0.228887
10 14 -0.17415
10 15 -0.1201
10 16 -0.0674572
10 17 -0.017007
10 18 0.0309133
10 19 0.0750898
10 20 0.114796
10 21 0.149425
10 22 0.178969
10 23 0.20235
10 24 0.219256
10 25 0.229603
10 26 0.233081
10 27 0.229745
10 28 0.219262
10 29 0.202212
10 30 0.179159
10 31 0.150257
10 32 0.115825
10 33 0.0761083
10 34 0.0320311
10 35 -0.0158598
10 36 -0.0663675
10 37 -0.11911
10 38 -0.172982
10 39 -0.22739
10 40 -0.281016
10 41 -0.332951
10 42 -0.381919
10 43 -0.427942
10 44 -0.470063
10 45 -0.507677
10 46 -0.54004
10 47 -0.566235
10 48 -0.585837
10 49 -0.59914
10 50 -0.606003
10 51 -0.605588
10 52 -0.598624
10 53 -0.585627
10 54 -0.566295
10 55 -0.540258
10 56 -0.507862
10 57 -0.470189
10 58 -0.42806
10 59 -0.381982
10 60 -0.332817
10 61 -0.281501
10 62 -0.22806
10 63 -0.174224
10 64 -0.120367
10 65 -0.0674605
10 66 -0.0164894
10 67 0.031206
10 68 0.0755732
10 69 0.115328
10 70 0.150246
10 71 0.179918
10 72 0.203715
10 73 0.221363
10 74 0.232132
10 75 0.235792
10 76 0.232542
10 77 0.222566
10 78 0.205517
10 79 0.18209
10 80 0.153043
10 81 0.118227
10 82 0.0783896
10 83 0.0339599
10 84 -0.014016
10 85 -0.0649919
10 86 -0.117644
10 87 -0.171763
10 88 -0.226527
10 89 -0.280259
10 90 -0.332339
10 91 -0.381192
10 92 -0.427116
10 93 -0.469355
10 94 -0.506643
10 95 -0.538195
10 96 -0.564529
10 97 -0.585133
10 98 -0.599472
10 99 -0.607139
10 100 -0.0755302
10 101 0

11 0 0
11 1 -0.06922
11 2 -0.556472
11 3 -0.548687
11 4 -0.534764
11 5 -0.515182
11 6 -0.489459
11 7 -0.458011
11 8 -0.420921
11 9 -0.379625
11 10 -0.334309
11 11 -0.285391
11 12 -0.233779
11 13 -0.17983
11 14 -0.125517
11 15 -0.0713044
11 16 -0.0185884
11 17 0.031903
11 18 0.0796352
11 19 0.124039
11 20 0.164053
11 21 0.199358
11 22 0.229133
11 23 0.2526
11 24 0.269601
11 25 0.279902
11 26 0.283259
11 27 0.279276
11 28 0.268763
11 29 0.251924
11 30 0.228954
11 31 0.199915
11 32 0.165425
11 33 0.125907
11 34 0.0819399
11 35 0.0347436
11 36 -0.0157507
11 37 -0.068912
11 38 -0.123285
11 39 -0.177934
11 40 -0.231691
11 41 -0.283675
11 42 -0.333098
11 43 -0.379014
11 44 -0.42109
11 45 -0.458278
11 46 -0.489786
11 47 -0.516068
11 48 -0.536044
11 49 -0.549101
11 50 -0.555579
11 51 -0.555849
11 52 -0.54908
11 53 -0.535824
11 54 -0.51626
11 55 -0.490634
11 56 -0.458704
11 57 -0.421166
11 58 -0.379051
11 59 -0.33302
11 60 -0.283721
11 61 -0.232047
11 62 -0.178886
11 63 -0.12473
11 64 -0.0707178
11 65 -0.0178529
11 66 0.0331716
11 67 0.0812145
11 68 0.125216
11 69 0.164913
11 70 0.199865
11 71 0.229412
11 72 0.253166
11 73 0.270746
11 74 0.281694
11 75 0.285329
11 76 0.282196
11 77 0.272206
11 78 0.255496
11 79 0.232169
11 80 0.20266
11 81 0.167282
11 82 0.126981
11 83 0.0826676
11 84 0.0342872
11 85 -0.0166818
11 86 -0.0693916
11 87 -0.123451
11 88 -0.178198
11 89 -0.231984
11 90 -0.283929
11 91 -0.332649
11 92 -0.378502
11 93 -0.42066
11 94 -0.457636
11 95 -0.489211
11 96 -0.515114
11 97 -0.535807
11 98 -0.549855
11 99 -0.557163
11 100 -0.0692909
11 101 0

12 0 0
12 1 -0.0627538
12 2 -0.504524
12 3 -0.496968
12 4 -0.483209
12 5 -0.463621
12 6 -0.437586
12 7 -0.405772
12 8 -0.368897
12 9 -0.327789
12 10 -0.282825
12 11 -0.233779
12 12 -0.182421
12 13 -0.128565
12 14 -0.074003
12 15 -0.0203378
12 16 0.0325308
12 17 0.0829725
12 18 0.130824
12 19 0.175612
12 20 0.215867
12 21 0.251248
12 22 0.281242
12 23 0.305001
12 24 0.322154
12 25 0.332349
12 26 0.335194
12 27 0.331495
12 28 0.320796
12 29 0.304092
12 30 0.280978
12 31 0.251919
12 32 0.217244
12 33 0.178105
12 34 0.134476
12 35 0.0871711
12 36 0.0368613
12 37 -0.0163111
12 38 -0.071128
12 39 -0.125675
12 40 -0.179271
12 41 -0.231903
12 42 -0.281645
12 43 -0.327584
12 44 -0.369255
12 45 -0.406312
12 46 -0.438134
12 47 -0.463918
12 48 -0.483613
12 49 -0.496873
12 50 -0.503319
12 51 -0.503381
12 52 -0.496719
12 53 -0.483828
12 54 -0.464446
12 55 -0.43859
12 56 -0.406623
12 57 -0.369483
12 58 -0.328042
12 59 -0.281759
12 60 -0.231976
12 61 -0.180471
12 62 -0.127019
12 63 -0.0727284
12 64 -0.0186718
12 65 0.0344021
12 66 0.0855569
12 67 0.133297
12 68 0.17715
12 69 0.216873
12 70 0.251602
12 71 0.281444
12 72 0.305097
12 73 0.322678
12 74 0.333375
12 75 0.337271
12 76 0.334116
12 77 0.324272
12 78 0.307113
12 79 0.283687
12 80 0.254199
12 81 0.218716
12 82 0.178263
12 83 0.133519
12 84 0.0849063
12 85 0.0337429
12 86 -0.0188205
12 87 -0.0729387
12 88 -0.127436
12 89 -0.181258
12 90 -0.23301
12 91 -0.281445
12 92 -0.326944
12 93 -0.368827
12 94 -0.405854
12 95 -0.437673
12 96 -0.463889
12 97 -0.484254
12 98 -0.498301
12 99 -0.505473
12 100 -0.0628463
12 101 0

13 0 0
13 1 -0.0561843
13 2 -0.45158
13 3 -0.443908
13 4 -0.430151
13 5 -0.410427
13 6 -0.384351
13 7 -0.352437
13 8 -0.315608
13 9 -0.274477
13 10 -0.228887
13 11 -0.17983
13 12 -0.128565
13 13 -0.0752032
13 14 -0.0211781
13 15 0.0322742
13 16 0.0849542
13 17 0.135717
13 18 0.183605
13 19 0.228784
13 20 0.269037
13 21 0.304313
13 22 0.334382
13 23 0.357942
13 24 0.375154
13 25 0.38571
13 26 0.388542
13 27 0.384828
13 28 0.374381
13 29 0.357498
13 30 0.334735
13 31 0.305396
13 32 0.270709
13 33 0.231725
13 34 0.188215
13 35 0.140841
13 36 0.0903933
13 37 0.0373137
13 38 -0.017181
13 39 -0.071679
13 40 -0.125192
13 41 -0.177712
13 42 -0.228027
13 43 -0.274215
13 44 -0.316566
13 45 -0.353922
13 46 -0.385011
13 47 -0.410242
13 48 -0.429685
13 49 -0.442439
13 50 -0.448888
13 51 -0.448967
13 52 -0.44282
13 53 -0.430008
13 54 -0.410858
13 55 -0.385504
13 56 -0.353783
13 57 -0.316828
13 58 -0.275213
13 59 -0.228548
13 60 -0.178714
13 61 -0.126903
13 62 -0.0733271
13 63 -0.0191269
13 64 0.03476
13 65 0.0879145
13 66 0.139089
13 67 0.186825
13 68 0.230465
13 69 0.270237
13 70 0.305247
13 71 0.334518
13 72 0.358307
13 73 0.375843
13 74 0.38642
13 75 0.390168
13 76 0.386906
13 77 0.377136
13 78 0.360063
13 79 0.336268
13 80 0.306728
13 81 0.270973
13 82 0.230305
13 83 0.185834
13 84 0.136899
13 85 0.0859554
13 86 0.0335042
13 87 -0.0207928
13 88 -0.0747198
13 89 -0.127675
13 90 -0.17976
13 91 -0.22843
13 92 -0.273669
13 93 -0.315635
13 94 -0.352829
13 95 -0.384666
13 96 -0.410867
13 97 -0.431181
13 98 -0.445174
13 99 -0.452782
13 100 -0.0563485
13 101 0

14 0 0
14 1 -0.0495144
14 2 -0.397963
14 3 -0.390475
14 4 -0.377005
14 5 -0.35672
14 6 -0.330969
14 7 -0.298431
14 8 -0.261644
14 9 -0.219806
14 10 -0.17415
14 11 -0.125517
14 12 -0.074003
14 13 -0.0211781
14 14 0.032445
14 15 0.0862485
14 16 0.138476
14 17 0.189006
14 18 0.237068
14 19 0.281999
14 20 0.322441
14 21 0.358087
14 22 0.388227
14 23 0.411699
14 24 0.429118
14 25 0.439305
14 26 0.442882
14 27 0.43897
14 28 0.428863
14 29 0.412087
14 30 0.389142
14 31 0.360374
14 32 0.325611
14 33 0.285857
14 34 0.242666
14 35 0.195087
14 36 0.144504
14 37 0.0910371
14 38 0.0367787
14 39 -0.0173186
14 40 -0.0711016
14 41 -0.123327
14 42 -0.173783
14 43 -0.219868
14 44 -0.262844
14 45 -0.300062
14 46 -0.330834
14 47 -0.356258
14 48 -0.375581
14 49 -0.388389
14 50 -0.394204
14 51 -0.394996
14 52 -0.38897
14 53 -0.376168
14 54 -0.356802
14 55 -0.331602
14 56 -0.3002
14 57 -0.263031
14 58 -0.221149
14 59 -0.174575
14 60 -0.125127
14 61 -0.0729995
14 62 -0.0197681
14 63 0.0343711
14 64 0.0886401
14 65 0.141804
14 66 0.192971
14 67 0.24083
14 68 0.285403
14 69 0.325084
14 70 0.359695
14 71 0.388857
14 72 0.412386
14 73 0.429738
14 74 0.440317
14 75 0.443575
14 76 0.440442
14 77 0.430113
14 78 0.413467
14 79 0.389458
14 80 0.359747
14 81 0.323931
14 82 0.283131
14 83 0.238323
14 84 0.189796
14 85 0.139354
14 86 0.0862386
14 87 0.0324646
14 88 -0.0210359
14 89 -0.0739969
14 90 -0.125611
14 91 -0.174579
14 92 -0.219862
14 93 -0.261535
14 94 -0.299227
14 95 -0.330889
14 96 -0.357776
14 97 -0.37774
14 98 -0.391772
14 99 -0.399499
14 100 -0.0497107
14 101 0

15 0 0
15 1 -0.0428514
15 2 -0.344439
15 3 -0.337141
15 4 -0.323286
15 5 -0.303011
15 6 -0.277081
15 7 -0.244524
15 8 -0.207401
15 9 -0.165963
15 10 -0.1201
15 11 -0.0713044
15 12 -0.0203378
15 13 0.0322742
15 14 0.0862485
15 15 0.139422
15 16 0.192017
15 17 0.2427
15 18 0.290431
15 19 0.335326
15 20 0.37604
15 21 0.411227
15 22 0.44149
15 23 0.465198
15 24 0.482306
15 25 0.492616
15 26 0.496324
15 27 0.49336
15 28 0.483293
15 29 0.466299
15 30 0.443641
15 31 0.414663
15 32 0.379942
15 33 0.340157
15 34 0.296314
15 35 0.248399
15 36 0.197768
15 37 0.144489
15 38 0.0904567
15 39 0.0361202
15 40 -0.0174954
15 41 -0.0693272
15 42 -0.119851
15 43 -0.166035
15 44 -0.208429
15 45 -0.246153
15 46 -0.277585
15 47 -0.30323
15 48 -0.322031
15 49 -0.334606
15 50 -0.341292
15 51 -0.341072
15 52 -0.335316
15 53 -0.322993
15 54 -0.303835
15 55 -0.27831
15 56 -0.246437
15 57 -0.209542
15 58 -0.16756
15 59 -0.120789
15 60 -0.0717986
15 61 -0.0201818
15 62 0.0334612
15 63 0.087701
15 64 0.141955
15 65 0.195095
15 66 0.246201
15 67 0.294371
15 68 0.339114
15 69 0.378933
15 70 0.413891
15 71 0.44293
15 72 0.466772
15 73 0.483924
15 74 0.493678
15 75 0.496895
15 76 0.493517
15 77 0.48302
15 78 0.465761
15 79 0.441947
15 80 0.412474
15 81 0.3766
15 82 0.335923
15 83 0.291291
15 84 0.242864
15 85 0.192165
15 86 0.139458
15 87 0.0850981
15 88 0.0320007
15 89 -0.0207919
15 90 -0.0722992
15 91 -0.121005
15 92 -0.166144
15 93 -0.207789
15 94 -0.245352
15 95 -0.277477
15 96 -0.304179
15 97 -0.324455
15 98 -0.338342
15 99 -0.346032
15 100 -0.0430825
15 101 0

16 0 0
16 1 -0.036299
16 2 -0.291782
16 3 -0.284571
16 4 -0.271067
16 5 -0.251059
16 6 -0.224559
16 7 -0.192547
16 8 -0.155225
16 9 -0.113247
16 10 -0.0674572
16 11 -0.0185884
16 12 0.0325308
16 13 0.0849542
16 14 0.138476
16 15 0.192017
16 16 0.244459
16 17 0.295257
16 18 0.342903
16 19 0.387986
16 20 0.428406
16 21 0.463729
16 22 0.493983
16 23 0.517697
16 24 0.534767
16 25 0.545329
16 26 0.549506
16 27 0.546629
16 28 0.536762
16 29 0.519823
16 30 0.496922
16 31 0.467381
16 32 0.432432
16 33 0.39252
16 34 0.348216
16 35 0.300369
16 36 0.249804
16 37 0.196722
16 38 0.143006
16 39 0.0887833
16 40 0.03478
16 41 -0.0178155
16 42 -0.0676392
16 43 -0.11397
16 44 -0.156536
16 45 -0.194028
16 46 -0.225766
16 47 -0.251509
16 48 -0.270597
16 49 -0.28354
16 50 -0.290212
16 51 -0.290159
16 52 -0.284182
16 53 -0.271465
16 54 -0.252216
16 55 -0.226803
16 56 -0.194865
16 57 -0.157479
16 58 -0.115694
16 59 -0.0695826
16 60 -0.0200814
16 61 0.0319062
16 62 0.085837
16 63 0.140093
16 64 0.194249
16 65 0.247159
16 66 0.297825
16 67 0.345846
16 68 0.390869
16 69 0.431153
16 70 0.466586
16 71 0.496278
16 72 0.519956
16 73 0.536646
16 74 0.546694
16 75 0.549586
16 76 0.545434
16 77 0.534807
16 78 0.517682
16 79 0.493414
16 80 0.464033
16 81 0.428554
16 82 0.387485
16 83 0.343157
16 84 0.294961
16 85 0.244344
16 86 0.191225
16 87 0.137437
16 88 0.0841229
16 89 0.0313619
16 90 -0.0197195
16 91 -0.0683421
16 92 -0.114058
16 93 -0.155842
16 94 -0.193191
16 95 -0.225889
16 96 -0.252139
16 97 -0.272154
16 98 -0.286152
16 99 -0.293251
16 100 -0.0364755
16 101 0

17 0 0
17 1 -0.0299747
17 2 -0.241023
17 3 -0.234181
17 4 -0.220627
17 5 -0.200197
17 6 -0.174208
17 7 -0.142225
17 8 -0.105316
17 9 -0.0633949
17 10 -0.017007
17 11 0.031903
17 12 0.0829725
17 13 0.135717
17 14 0.189006
17 15 0.2427
17 16 0.295257
17 17 0.345907
17 18 0.393974
17 19 0.438594
17 20 0.479298
17 21 0.514882
17 22 0.544486
17 23 0.568265
17 24 0.5852
17 25 0.596215
17 26 0.60078
17 27 0.598036
17 28 0.588186
17 29 0.571433
17 30 0.547726
17 31 0.518167
17 32 0.48288
17 33 0.442416
17 34 0.397842
17 35 0.350046
17 36 0.299299
17 37 0.246584
17 38 0.192499
17 39 0.137897
17 40 0.0842203
17 41 0.0321127
17 42 -0.0183568
17 43 -0.0652522
17 44 -0.107461
17 45 -0.144465
17 46 -0.176276
17 47 -0.202258
17 48 -0.221421
17 49 -0.234302
17 50 -0.241038
17 51 -0.24143
17 52 -0.235183
17 53 -0.222553
17 54 -0.203124
17 55 -0.177202
17 56 -0.145678
17 57 -0.108854
17 58 -0.0666118
17 59 -0.0202835
17 60 0.0288045
17 61 0.081237
17 62 0.135442
17 63 0.189933
17 64 0.243937
17 65 0.296392
17 66 0.346844
17 67 0.395301
17 68 0.440421
17 69 0.481204
17 70 0.516905
17 71 0.547082
17 72 0.570631
17 73 0.587712
17 74 0.597692
17 75 0.600164
17 76 0.595765
17 77 0.584843
17 78 0.567597
17 79 0.544045
17 80 0.513711
17 81 0.478128
17 82 0.437815
17 83 0.393226
17 84 0.345229
17 85 0.294482
17 86 0.241404
17 87 0.187663
17 88 0.134089
17 89 0.08166
17 90 0.0305894
17 91 -0.018467
17 92 -0.0642475
17 93 -0.10611
17 94 -0.143392
17 95 -0.175247
17 96 -0.20183
17 97 -0.221909
17 98 -0.235426
17 99 -0.24257
17 100 -0.0301645
17 101 0

18 0 0
18 1 -0.0240539
18 2 -0.193434
18 3 -0.18661
18 4 -0.172806
18 5 -0.153152
18 6 -0.12647
18 7 -0.0949554
18 8 -0.0574606
18 9 -0.0151657
18 10 0.0309133
18 11 0.0796352
18 12 0.130824
18 13 0.183605
18 14 0.237068
18 15 0.290431
18 16 0.342903
18 17 0.393974
18 18 0.441655
18 19 0.486539
18 20 0.527038
18 21 0.562118
18 22 0.591434
18 23 0.61533
18 24 0.632739
18 25 0.643968
18 26 0.648491
18 27 0.646312
18 28 0.636646
18 29 0.619649
18 30 0.595617
18 31 0.565096
18 32 0.529697
18 33 0.489274
18 34 0.444611
18 35 0.396831
18 36 0.345401
18 37 0.292577
18 38 0.238998
18 39 0.18492
18 40 0.131073
18 41 0.0781894
18 42 0.0282823
18 43 -0.0188182
18 44 -0.0610617
18 45 -0.0985884
18 46 -0.130369
18 47 -0.155986
18 48 -0.175228
18 49 -0.188166
18 50 -0.195189
18 51 -0.195267
18 52 -0.189205
18 53 -0.176579
18 54 -0.157421
18 55 -0.131694
18 56 -0.099463
18 57 -0.0623192
18 58 -0.0205095
18 59 0.0254187
18 60 0.0754609
18 61 0.127943
18 62 0.181987
18 63 0.236035
18 64 0.290164
18 65 0.342994
18 66 0.39317
18 67 0.441516
18 68 0.486594
18 69 0.527819
18 70 0.564045
18 71 0.594334
18 72 0.618275
18 73 0.635223
18 74 0.645302
18 75 0.648022
18 76 0.643092
18 77 0.631811
18 78 0.614125
18 79 0.5902
18 80 0.560171
18 81 0.524945
18 82 0.484901
18 83 0.440758
18 84 0.392318
18 85 0.341566
18 86 0.288806
18 87 0.235213
18 88 0.181634
18 89 0.128993
18 90 0.0781712
18 91 0.0293178
18 92 -0.0168311
18 93 -0.0590172
18 94 -0.096074
18 95 -0.128478
18 96 -0.15393
18 97 -0.173935
18 98 -0.187538
18 99 -0.19499
18 100 -0.0243101
18 101 0

19 0 0
19 1 -0.0186494
19 2 -0.149922
19 3 -0.143052
19 4 -0.129798
19 5 -0.109089
19 6 -0.0833025
19 7 -0.0510942
19 8 -0.0136544
19 9 0.0286385
19 10 0.0750898
19 11 0.124039
19 12 0.175612
19 13 0.228784
19 14 0.281999
19 15 0.335326
19 16 0.387986
19 17 0.438594
19 18 0.486539
19 19 0.530408
19 20 0.571337
19 21 0.606836
19 22 0.636077
19 23 0.660107
19 24 0.677489
19 25 0.688179
19 26 0.693284
19 27 0.690902
19 28 0.681488
19 29 0.664419
19 30 0.639956
19 31 0.609558
19 32 0.574066
19 33 0.532984
19 34 0.488428
19 35 0.440392
19 36 0.389252
19 37 0.336288
19 38 0.282112
19 39 0.227384
19 40 0.174014
19 41 0.121246
19 42 0.0709064
19 43 0.0235716
19 44 -0.0186746
19 45 -0.0557726
19 46 -0.0878335
19 47 -0.113436
19 48 -0.133107
19 49 -0.145876
19 50 -0.152886
19 51 -0.153241
19 52 -0.147282
19 53 -0.134457
19 54 -0.115201
19 55 -0.0888245
19 56 -0.0572785
19 57 -0.0203627
19 58 0.0220749
19 59 0.0684755
19 60 0.118199
19 61 0.170489
19 62 0.224929
19 63 0.279402
19 64 0.333633
19 65 0.385913
19 66 0.436635
19 67 0.485231
19 68 0.530813
19 69 0.571777
19 70 0.60795
19 71 0.638124
19 72 0.662488
19 73 0.679674
19 74 0.689485
19 75 0.691684
19 76 0.687339
19 77 0.676075
19 78 0.658321
19 79 0.634748
19 80 0.603698
19 81 0.568054
19 82 0.528717
19 83 0.484212
19 84 0.437003
19 85 0.385949
19 86 0.333266
19 87 0.27993
19 88 0.226137
19 89 0.173463
19 90 0.122578
19 91 0.0731522
19 92 0.0268599
19 93 -0.0152948
19 94 -0.0527076
19 95 -0.0844567
19 96 -0.110893
19 97 -0.130603
19 98 -0.144477
19 99 -0.151443
19 100 -0.0188271
19 101 0

20 0 0
20 1 -0.0138217
20 2 -0.111078
20 3 -0.104028
20 4 -0.0905346
20 5 -0.0702319
20 6 -0.0438281
20 7 -0.011612
20 8 0.0261525
20 9 0.0688984
20 10 0.114796
20 11 0.164053
20 12 0.215867
20 13 0.269037
20 14 0.322441
20 15 0.37604
20 16 0.428406
20 17 0.479298
20 18 0.527038
20 19 0.571337
20 20 0.611485
20 21 0.646664
20 22 0.676087
20 23 0.699631
20 24 0.717756
20 25 0.728572
20 26 0.733449
20 27 0.730777
20 28 0.721535
20 29 0.704474
20 30 0.68048
20 31 0.650206
20 32 0.614686
20 33 0.573304
20 34 0.528632
20 35 0.480369
20 36 0.428966
20 37 0.375203
20 38 0.321217
20 39 0.266721
20 40 0.211722
20 41 0.159438
20 42 0.108811
20 43 0.0623503
20 44 0.0194393
20 45 -0.018043
20 46 -0.0495924
20 47 -0.0756615
20 48 -0.0955339
20 49 -0.108653
20 50 -0.11533
20 51 -0.115952
20 52 -0.109843
20 53 -0.096929
20 54 -0.0773581
20 55 -0.0513549
20 56 -0.0195757
20 57 0.017863
20 58 0.0601925
20 59 0.106461
20 60 0.155949
20 61 0.209329
20 62 0.263557
20 63 0.318489
20 64 0.372964
20 65 0.425778
20 66 0.476431
20 67 0.524985
20 68 0.570702
20 69 0.611763
20 70 0.648181
20 71 0.678259
20 72 0.70225
20 73 0.71911
20 74 0.728849
20 75 0.731301
20 76 0.727403
20 77 0.715631
20 78 0.698363
20 79 0.673546
20 80 0.643377
20 81 0.608076
20 82 0.568058
20 83 0.524261
20 84 0.476586
20 85 0.426591
20 86 0.373635
20 87 0.320085
20 88 0.266281
20 89 0.21344
20 90 0.162138
20 91 0.113137
20 92 0.0663773
20 93 0.0241154
20 94 -0.0132115
20 95 -0.0454235
20 96 -0.0717083
20 97 -0.0917291
20 98 -0.105608
20 99 -0.112458
20 100 -0.0139902
20 101 0

21 0 0
21 1 -0.00964881
21 2 -0.0772486
21 3 -0.0699142
21 4 -0.0559866
21 5 -0.0354837
21 6 -0.00911903
21 7 0.0232118
21 8 0.0609713
21 9 0.103148
21 10 0.149425
21 11 0.199358
21 12 0.251248
21 13 0.304313
21 14 0.358087
21 15 0.411227
21 16 0.463729
21 17 0.514882
21 18 0.562118
21 19 0.606836
21 20 0.646664
21 21 0.682004
21 22 0.711066
21 23 0.734787
21 24 0.752693
21 25 0.764043
21 26 0.768355
21 27 0.766341
21 28 0.756685
21 29 0.740217
21 30 0.715989
21 31 0.68616
21 32 0.650005
21 33 0.608875
21 34 0.563886
21 35 0.515321
21 36 0.463544
21 37 0.409491
21 38 0.354723
21 39 0.299534
21 40 0.245045
21 41 0.192642
21 42 0.142219
21 43 0.0957382
21 44 0.0531341
21 45 0.0152604
21 46 -0.0165582
21 47 -0.0427214
21 48 -0.0623839
21 49 -0.0762658
21 50 -0.0833736
21 51 -0.0836856
21 52 -0.0768225
21 53 -0.0640488
21 54 -0.0443484
21 55 -0.0182188
21 56 0.0137926
21 57 0.0510273
21 58 0.0934772
21 59 0.140062
21 60 0.189354
21 61 0.2421
21 62 0.296823
21 63 0.352082
21 64 0.406807
21 65 0.459901
21 66 0.511206
21 67 0.560214
21 68 0.605737
21 69 0.647153
21 70 0.683254
21 71 0.713797
21 72 0.737384
21 73 0.754384
21 74 0.763273
21 75 0.766249
21 76 0.761972
21 77 0.750661
21 78 0.732919
21 79 0.708631
21 80 0.67817
21 81 0.642959
21 82 0.602715
21 83 0.559158
21 84 0.511272
21 85 0.461655
21 86 0.409168
21 87 0.355373
21 88 0.301589
21 89 0.248464
21 90 0.196861
21 91 0.147341
21 92 0.100633
21 93 0.0582867
21 94 0.0212388
21 95 -0.010692
21 96 -0.0371182
21 97 -0.0571958
21 98 -0.0714532
21 99 -0.0785852
21 100 -0.00979935
21 101 0

22 0 0
22 1 -0.00607025
22 2 -0.0486632
22 3 -0.0412328
22 4 -0.0272759
22 5 -0.00727828
22 6 0.0194657
22 7 0.0521288
22 8 0.0900576
22 9 0.132607
22 10 0.178969
22 11 0.229133
22 12 0.281242
22 13 0.334382
22 14 0.388227
22 15 0.44149
22 16 0.493983
22 17 0.544486
22 18 0.591434
22 19 0.636077
22 20 0.676087
22 21 0.711066
22 22 0.740469
22 23 0.763829
22 24 0.781909
22 25 0.793317
22 26 0.798039
22 27 0.795858
22 28 0.786449
22 29 0.769814
22 30 0.745893
22 31 0.715619
22 32 0.67963
22 33 0.638687
22 34 0.5937
22 35 0.545263
22 36 0.493198
22 37 0.438328
22 38 0.382819
22 39 0.32761
22 40 0.272862
22 41 0.220313
22 42 0.170026
22 43 0.12344
22 44 0.0808372
22 45 0.04323
22 46 0.0111114
22 47 -0.0153906
22 48 -0.0356154
22 49 -0.0496464
22 50 -0.0568479
22 51 -0.0571646
22 52 -0.0503648
22 53 -0.0368992
22 54 -0.0168359
22 55 0.00922772
22 56 0.0410848
22 57 0.0786613
22 58 0.121294
22 59 0.167839
22 60 0.217497
22 61 0.270172
22 62 0.324625
22 63 0.380238
22 64 0.435269
22 65 0.489049
22 66 0.5408
22 67 0.590033
22 68 0.635628
22 69 0.676771
22 70 0.712966
22 71 0.743187
22 72 0.766796
22 73 0.783458
22 74 0.792599
22 75 0.795251
22 76 0.790843
22 77 0.779252
22 78 0.761837
22 79 0.737396
22 80 0.707508
22 81 0.672145
22 82 0.631606
22 83 0.588064
22 84 0.540646
22 85 0.491191
22 86 0.439209
22 87 0.38555
22 88 0.331744
22 89 0.278348
22 90 0.226503
22 91 0.176753
22 92 0.129345
22 93 0.0868396
22 94 0.0498375
22 95 0.0175366
22 96 -0.00853478
22 97 -0.02854
22 98 -0.0426163
22 99 -0.0497107
22 100 -0.00621321
22 101 0

23 0 0
23 1 -0.00325208
23 2 -0.0255767
23 3 -0.0177924
23 4 -0.00377476
23 5 0.0157616
23 6 0.0425285
23 7 0.0752749
23 8 0.11321
23 9 0.15586
23 10 0.20235
23 11 0.2526
23 12 0.305001
23 13 0.357942
23 14 0.411699
23 15 0.465198
23 16 0.517697
23 17 0.568265
23 18 0.61533
23 19 0.660107
23 20 0.699631
23 21 0.734787
23 22 0.763829
23 23 0.787335
23 24 0.805455
23 25 0.817313
23 26 0.82156
23 27 0.819365
23 28 0.80971
23 29 0.793237
23 30 0.769329
23 31 0.739306
23 32 0.703255
23 33 0.662734
23 34 0.617699
23 35 0.568309
23 36 0.515745
23 37 0.460989
23 38 0.405316
23 39 0.349772
23 40 0.295166
23 41 0.242478
23 42 0.1922
23 43 0.145125
23 44 0.102703
23 45 0.0648533
23 46 0.032004
23 47 0.00513698
23 48 -0.0146998
23 49 -0.0288172
23 50 -0.0357552
23 51 -0.0359577
23 52 -0.0289767
23 53 -0.016189
23 54 0.00374704
23 55 0.0302607
23 56 0.0625201
23 57 0.100145
23 58 0.143257
23 59 0.190046
23 60 0.239688
23 61 0.292142
23 62 0.346862
23 63 0.402331
23 64 0.457686
23 65 0.512262
23 66 0.56464
23 67 0.613614
23 68 0.658957
23 69 0.700487
23 70 0.73639
23 71 0.766639
23 72 0.789858
23 73 0.806507
23 74 0.815924
23 75 0.818914
23 76 0.81411
23 77 0.802595
23 78 0.784786
23 79 0.760685
23 80 0.730898
23 81 0.69587
23 82 0.655403
23 83 0.611934
23 84 0.564037
23 85 0.514487
23 86 0.462468
23 87 0.408817
23 88 0.355277
23 89 0.302048
23 90 0.249818
23 91 0.199738
23 92 0.152449
23 93 0.109555
23 94 0.0724517
23 95 0.0403858
23 96 0.0141403
23 97 -0.00550663
23 98 -0.0191815
23 99 -0.0263513
23 100 -0.00331243
23 101 0

24 0 0
24 1 -0.0010752
24 2 -0.00848662
24 3 -0.00101566
24 4 0.0128448
24 5 0.0324022
24 6 0.0590628
24 7 0.092291
24 8 0.129692
24 9 0.17252
24 10 0.219256
24 11 0.269601
24 12 0.322154
24 13 0.375154
24 14 0.429118
24 15 0.482306
24 16 0.534767
24 17 0.5852
24 18 0.632739
24 19 0.677489
24 20 0.717756
24 21 0.752693
24 22 0.781909
24 23 0.805455
24 24 0.823272
24 25 0.834589
24 26 0.839292
24 27 0.836447
24 28 0.826544
24 29 0.810367
24 30 0.786576
24 31 0.756064
24 32 0.720218
24 33 0.679177
24 34 0.634122
24 35 0.584938
24 36 0.532359
24 37 0.477434
24 38 0.421709
24 39 0.366093
24 40 0.310834
24 41 0.257922
24 42 0.207462
24 43 0.160798
24 44 0.117899
24 45 0.0796449
24 46 0.0468736
24 47 0.0196193
24 48 -0.00106383
24 49 -0.0147709
24 50 -0.0214908
24 51 -0.0217092
24 52 -0.0149557
24 53 -0.00151218
24 54 0.0183901
24 55 0.0448525
24 56 0.0774976
24 57 0.115699
24 58 0.158713
24 59 0.20538
24 60 0.255349
24 61 0.30832
24 62 0.362414
24 63 0.418312
24 64 0.474358
24 65 0.528936
24 66 0.581327
24 67 0.630388
24 68 0.675945
24 69 0.717383
24 70 0.753861
24 71 0.783327
24 72 0.806298
24 73 0.823134
24 74 0.832837
24 75 0.835863
24 76 0.831481
24 77 0.820125
24 78 0.802593
24 79 0.778444
24 80 0.748692
24 81 0.713417
24 82 0.672864
24 83 0.628703
24 84 0.581182
24 85 0.53138
24 86 0.479511
24 87 0.42596
24 88 0.372601
24 89 0.319044
24 90 0.266826
24 91 0.216098
24 92 0.168461
24 93 0.126244
24 94 0.0888621
24 95 0.056969
24 96 0.0306641
24 97 0.0107806
24 98 -0.00247038
24 99 -0.00876294
24 100 -0.00106306
24 101 0

25 0 0
25 1 0.000213554
25 2 0.00217714
25 3 0.00973634
25 4 0.0233815
25 5 0.0433415
25 6 0.0695546
25 7 0.102645
25 8 0.139783
25 9 0.182084
25 10 0.229603
25 11 0.279902
25 12 0.332349
25 13 0.38571
25 14 0.439305
25 15 0.492616
25 16 0.545329
25 17 0.596215
25 18 0.643968
25 19 0.688179
25 20 0.728572
25 21 0.764043
25 22 0.793317
25 23 0.817313
25 24 0.834589
25 25 0.845251
25 26 0.849209
25 27 0.846279
25 28 0.836517
25 29 0.820065
25 30 0.796125
25 31 0.765935
25 32 0.729897
25 33 0.68871
25 34 0.64315
25 35 0.593945
25 36 0.541501
25 37 0.486771
25 38 0.430855
25 39 0.375171
25 40 0.320623
25 41 0.267384
25 42 0.21706
25 43 0.169544
25 44 0.126508
25 45 0.0872952
25 46 0.0541945
25 47 0.027417
25 48 0.0065123
25 49 -0.00709098
25 50 -0.0141989
25 51 -0.0140643
25 52 -0.00733596
25 53 0.00624771
25 54 0.0258189
25 55 0.0527582
25 56 0.0858623
25 57 0.12402
25 58 0.167684
25 59 0.214314
25 60 0.264818
25 61 0.317359
25 62 0.371661
25 63 0.42771
25 64 0.483748
25 65 0.53815
25 66 0.59053
25 67 0.640262
25 68 0.686098
25 69 0.727349
25 70 0.763324
25 71 0.792841
25 72 0.815866
25 73 0.832495
25 74 0.842401
25 75 0.845653
25 76 0.841756
25 77 0.831273
25 78 0.813472
25 79 0.789967
25 80 0.759504
25 81 0.724049
25 82 0.683965
25 83 0.639388
25 84 0.591926
25 85 0.541921
25 86 0.490033
25 87 0.436402
25 88 0.382521
25 89 0.329207
25 90 0.276755
25 91 0.225727
25 92 0.17856
25 93 0.136252
25 94 0.0990004
25 95 0.0675259
25 96 0.0410859
25 97 0.0215452
25 98 0.00837476
25 99 0.00212136
25 100 0.000274083
25 101 0

26 0 0
26 1 0.000717418
26 2 0.00604992
26 3 0.0134816
26 4 0.0269353
26 5 0.0462679
26 6 0.0725367
26 7 0.105526
26 8 0.142916
26 9 0.18598
26 10 0.233081
26 11 0.283259
26 12 0.335194
26 13 0.388542
26 14 0.442882
26 15 0.496324
26 16 0.549506
26 17 0.60078
26 18 0.648491
26 19 0.693284
26 20 0.733449
26 21 0.768355
26 22 0.798039
26 23 0.82156
26 24 0.839292
26 25 0.849209
26 26 0.852604
26 27 0.849498
26 28 0.839608
26 29 0.823189
26 30 0.799428
26 31 0.768927
26 32 0.732881
26 33 0.691375
26 34 0.645851
26 35 0.596421
26 36 0.544089
26 37 0.488849
26 38 0.433339
26 39 0.377397
26 40 0.32227
26 41 0.269682
26 42 0.218738
26 43 0.171761
26 44 0.127425
26 45 0.088058
26 46 0.055308
