0 0 0
0 1 0
0 2 0
0 3 0
0 4 0
0 5 0
0 6 0
0 7 0
0 8 0
0 9 0
0 10 0
0 11 0
0 12 0
0 13 0
0 14 0
0 15 0
0 16 0
0 17 0
0 18 0
0 19 0
0 20 0
0 21 0
0 22 0
0 23 0
0 24 0
0 25 0
0 26 0
0 27 0
0 28 0
0 29 0
0 30 0
0 31 0
0 32 0
0 33 0
0 34 0
0 35 0
0 36 0
0 37 0
0 38 0
0 39 0
0 40 0
0 41 0
0 42 0
0 43 0
0 44 0
0 45 0
0 46 0
0 47 0
0 48 0
0 49 0
0 50 0
0 51 0
0 52 0
0 53 0
0 54 0
0 55 0
0 56 0
0 57 0
0 58 0
0 59 0
0 60 0
0 61 0
0 62 0
0 63 0
0 64 0
0 65 0
0 66 0
0 67 0
0 68 0
0 69 0
0 70 0
0 71 0
0 72 0
0 73 0
0 74 0
0 75 0
0 76 0
0 77 0
0 78 0
0 79 0
0 80 0
0 81 0
0 82 0
0 83 0
0 84 0
0 85 0
0 86 0
0 87 0
0 88 0
0 89 0
0 90 0
0 91 0
0 92 0
0 93 0
0 94 0
0 95 0
0 96 0
0 97 0
0 98 0
0 99 0
0 100 0
0 101 0

1 0 0
1 1 0
1 2 -0.112085
1 3 -0.110899
1 4 -0.10881
1 5 -0.105841
1 6 -0.102031
1 7 -0.0974482
1 8 -0.0921527
1 9 -0.0862312
1 10 -0.0797967
1 11 -0.0729179
1 12 -0.0657042
1 13 -0.0582879
1 14 -0.0507629
1 15 -0.0432643
1 16 -0.0359263
1 17 -0.0288324
1 18 -0.0221111
1 19 -0.0158356
1 20 -0.0101182
1 21 -0.00503984
1 22 -0.00067884
1 23 0.00288547
1 24 0.00561873
1 25 0.00748359
1 26 0.0084624
1 27 0.00855489
1 28 0.00775142
1 29 0.00604985
1 30 0.00351973
1 31 0.000221286
1 32 -0.00381078
1 33 -0.00849946
1 34 -0.0137773
1 35 -0.0195245
1 36 -0.0256517
1 37 -0.0320406
1 38 -0.0385991
1 39 -0.0452115
1 40 -0.051761
1 41 -0.0581241
1 42 -0.0642058
1 43 -0.0698928
1 44 -0.0750894
1 45 -0.0797099
1 46 -0.0836818
1 47 -0.0869316
1 48 -0.089388
1 49 -0.0910368
1 50 -0.0918515
1 51 -0.0917901
1 52 -0.0908547
1 53 -0.0890822
1 54 -0.0864922
1 55 -0.0831116
1 56 -0.0790162
1 57 -0.0742812
1 58 -0.0689788
1 59 -0.0631958
1 60 -0.0570267
1 61 -0.0505699
1 62 -0.0439567
1 63 -0.0372796
1 64 -0.0306573
1 65 -0.0241971
1 66 -0.0180231
1 67 -0.0122351
1 68 -0.0069453
1 69 -0.00223012
1 70 0.00181258
1 71 0.00512488
1 72 0.00762854
1 73 0.00928365
1 74 0.0100625
1 75 0.00993003
1 76 0.00890163
1 77 0.00698131
1 78 0.00419246
1 79 0.000567334
1 80 -0.00386014
1 81 -0.00901396
1 82 -0.0148041
1 83 -0.0211479
1 84 -0.0279598
1 85 -0.035118
1 86 -0.0425415
1 87 -0.0500988
1 88 -0.0576741
1 89 -0.0651657
1 90 -0.0724281
1 91 -0.0793618
1 92 -0.0858713
1 93 -0.0918346
1 94 -0.0971702
1 95 -0.101789
1 96 -0.105622
1 97 -0.10862
1 98 -0.110732
1 99 -0.111923
1 100 0
1 101 0

2 0 0
2 1 -0.112085
2 2 -0.900484
2 3 -0.890962
2 4 -0.874141
2 5 -0.850267
2 6 -0.819691
2 7 -0.782864
2 8 -0.74035
2 9 -0.692819
2 10 -0.641035
2 11 -0.585772
2 12 -0.527879
2 13 -0.468263
2 14 -0.407886
2 15 -0.347694
2 16 -0.288662
2 17 -0.231681
2 18 -0.177598
2 19 -0.127228
2 20 -0.0813045
2 21 -0.0405307
2 22 -0.00552536
2 23 0.0231728
2 24 0.0451673
2 25 0.0601791
2 26 0.0680629
2 27 0.0687315
2 28 0.062218
2 29 0.0486538
2 30 0.0283757
2 31 0.00179577
2 32 -0.030634
2 33 -0.0683462
2 34 -0.110662
2 35 -0.156823
2 36 -0.206025
2 37 -0.257402
2 38 -0.31009
2 39 -0.363182
2 40 -0.415755
2 41 -0.466904
2 42 -0.515744
2 43 -0.561429
2 44 -0.603196
2 45 -0.64033
2 46 -0.672207
2 47 -0.698286
2 48 -0.718108
2 49 -0.731372
2 50 -0.737843
2 51 -0.737351
2 52 -0.729893
2 53 -0.715615
2 54 -0.694749
2 55 -0.667651
2 56 -0.634785
2 57 -0.596731
2 58 -0.554113
2 59 -0.507624
2 60 -0.458053
2 61 -0.406234
2 62 -0.353061
2 63 -0.299425
2 64 -0.24623
2 65 -0.194387
2 66 -0.144807
2 67 -0.0983312
2 68 -0.055789
2 69 -0.0179265
2 70 0.0145932
2 71 0.0411752
2 72 0.0613177
2 73 0.0746397
2 74 0.0808759
2 75 0.079862
2 76 0.0715835
2 77 0.0561143
2 78 0.0336539
2 79 0.00446157
2 80 -0.0310613
2 81 -0.0723942
2 82 -0.118899
2 83 -0.169896
2 84 -0.224599
2 85 -0.282198
2 86 -0.34182
2 87 -0.402526
2 88 -0.463414
2 89 -0.523515
2 90 -0.581884
2 91 -0.637618
2 92 -0.689863
2 93 -0.737779
2 94 -0.78062
2 95 -0.817721
2 96 -0.848537
2 97 -0.872617
2 98 -0.889585
2 99 -0.899181
2 100 -0.111923
2 101 0

3 0 0
3 1 -0.110899
3 2 -0.890962
3 3 -0.881472
3 4 -0.864677
3 5 -0.840883
3 6 -0.810442
3 7 -0.773727
3 8 -0.731388
3 9 -0.684058
3 10 -0.632344
3 11 -0.577251
3 12 -0.519616
3 13 -0.460195
3 14 -0.400109
3 15 -0.34019
3 16 -0.281263
3 17 -0.224464
3 18 -0.170491
3 19 -0.120342
3 20 -0.074625
3 21 -0.0340583
3 22 0.000768503
3 23 0.029412
3 24 0.0513426
3 25 0.0663026
3 26 0.0741025
3 27 0.0746174
3 28 0.0679812
3 29 0.0545083
3 30 0.0342747
3 31 0.00759814
3 32 -0.0248602
3 33 -0.0625708
3 34 -0.104732
3 35 -0.150799
3 36 -0.19989
3 37 -0.251239
3 38 -0.303826
3 39 -0.35679
3 40 -0.409219
3 41 -0.460295
3 42 -0.50902
3 43 -0.554611
3 44 -0.596319
3 45 -0.633403
3 46 -0.665189
3 47 -0.69118
3 48 -0.711062
3 49 -0.724322
3 50 -0.730697
3 51 -0.730215
3 52 -0.722835
3 53 -0.70856
3 54 -0.687689
3 55 -0.660715
3 56 -0.627971
3 57 -0.589978
3 58 -0.547426
3 59 -0.500994
3 60 -0.451509
3 61 -0.399853
3 62 -0.346738
3 63 -0.293215
3 64 -0.240134
3 65 -0.188463
3 66 -0.138994
3 67 -0.0926224
3 68 -0.0500934
3 69 -0.012293
3 70 0.0202441
3 71 0.0467989
3 72 0.0669855
3 73 0.0803664
3 74 0.0866331
3 75 0.0857508
3 76 0.0775407
3 77 0.0621264
3 78 0.0397011
3 79 0.0105651
3 80 -0.0247454
3 81 -0.0658081
3 82 -0.112115
3 83 -0.162944
3 84 -0.217449
3 85 -0.274952
3 86 -0.334355
3 87 -0.394856
3 88 -0.455548
3 89 -0.51535
3 90 -0.573535
3 91 -0.629117
3 92 -0.681133
3 93 -0.728888
3 94 -0.771558
3 95 -0.80853
3 96 -0.83925
3 97 -0.863234
3 98 -0.880141
3 99 -0.889724
3 100 -0.110749
3 101 0

4 0 0
4 1 -0.10881
4 2 -0.874141
4 3 -0.864677
4 4 -0.848004
4 5 -0.824313
4 6 -0.793979
4 7 -0.757408
4 8 -0.715248
4 9 -0.668161
4 10 -0.616608
4 11 -0.561746
4 12 -0.504333
4 13 -0.445213
4 14 -0.385418
4 15 -0.325766
4 16 -0.2671
4 17 -0.210519
4 18 -0.156817
4 19 -0.106849
4 20 -0.0613718
4 21 -0.0210525
4 22 0.0134566
4 23 0.0418626
4 24 0.0636656
4 25 0.078452
4 26 0.0861128
4 27 0.0864784
4 28 0.0797342
4 29 0.0661882
4 30 0.0458789
4 31 0.0191473
4 32 -0.0133306
4 33 -0.0509632
4 34 -0.0931468
4 35 -0.139207
4 36 -0.188292
4 37 -0.239553
4 38 -0.292094
4 39 -0.344958
4 40 -0.397347
4 41 -0.448307
4 42 -0.496962
4 43 -0.542535
4 44 -0.584166
4 45 -0.621246
4 46 -0.653035
4 47 -0.678945
4 48 -0.698761
4 49 -0.712005
4 50 -0.718364
4 51 -0.717878
4 52 -0.710555
4 53 -0.696302
4 54 -0.675495
4 55 -0.648608
4 56 -0.615954
4 57 -0.577992
4 58 -0.535476
4 59 -0.489129
4 60 -0.439732
4 61 -0.388116
4 62 -0.335071
4 63 -0.281643
4 64 -0.228732
4 65 -0.177106
4 66 -0.127657
4 67 -0.081311
4 68 -0.0388748
4 69 -0.00102202
4 70 0.0314992
4 71 0.058099
4 72 0.0783661
4 73 0.0918328
4 74 0.0982134
4 75 0.0974248
4 76 0.0894038
4 77 0.0741255
4 78 0.0518515
4 79 0.0230027
4 80 -0.0120462
4 81 -0.0528729
4 82 -0.0989875
4 83 -0.149522
4 84 -0.2038
4 85 -0.261013
4 86 -0.320083
4 87 -0.380374
4 88 -0.440788
4 89 -0.500306
4 90 -0.55825
4 91 -0.613631
4 92 -0.665378
4 93 -0.712912
4 94 -0.755403
4 95 -0.792289
4 96 -0.822891
4 97 -0.846709
4 98 -0.863466
4 99 -0.873035
4 100 -0.108677
4 101 0

5 0 0
5 1 -0.105841
5 2 -0.850267
5 3 -0.840883
5 4 -0.824313
5 5 -0.800661
5 6 -0.770508
5 7 -0.734197
5 8 -0.692238
5 9 -0.645368
5 10 -0.594136
5 11 -0.539519
5 12 -0.482421
5 13 -0.423663
5 14 -0.36412
5 15 -0.304826
5 16 -0.246596
5 17 -0.190323
5 18 -0.136956
5 19 -0.0872891
5 20 -0.042013
5 21 -0.00200984
5 22 0.032251
5 23 0.0603519
5 24 0.0818065
5 25 0.09636
5 26 0.103784
5 27 0.103987
5 28 0.097085
5 29 0.083376
5 30 0.0629467
5 31 0.0361713
5 32 0.00365911
5 33 -0.0340386
5 34 -0.0762869
5 35 -0.12238
5 36 -0.171445
5 37 -0.222666
5 38 -0.275213
5 39 -0.328012
5 40 -0.380325
5 41 -0.431128
5 42 -0.479762
5 43 -0.525356
5 44 -0.566915
5 45 -0.603934
5 46 -0.635664
5 47 -0.661595
5 48 -0.68137
5 49 -0.694539
5 50 -0.700923
5 51 -0.700455
5 52 -0.693141
5 53 -0.678923
5 54 -0.658194
5 55 -0.631348
5 56 -0.598784
5 57 -0.560915
5 58 -0.518449
5 59 -0.472266
5 60 -0.422925
5 61 -0.371369
5 62 -0.318454
5 63 -0.265043
5 64 -0.212156
5 65 -0.16056
5 66 -0.111178
5 67 -0.0648643
5 68 -0.0224258
5 69 0.0155348
5 70 0.0481082
5 71 0.0747231
5 72 0.0950969
5 73 0.108708
5 74 0.115261
5 75 0.11467
5 76 0.106861
5 77 0.0919071
5 78 0.0699251
5 79 0.0413884
5 80 0.00659076
5 81 -0.0340161
5 82 -0.0797574
5 83 -0.130004
5 84 -0.183984
5 85 -0.240788
5 86 -0.299523
5 87 -0.359452
5 88 -0.41946
5 89 -0.478702
5 90 -0.536366
5 91 -0.591359
5 92 -0.642842
5 93 -0.690157
5 94 -0.732414
5 95 -0.769113
5 96 -0.799573
5 97 -0.823242
5 98 -0.839904
5 99 -0.849353
5 100 -0.105726
5 101 0

6 0 0
6 1 -0.102031
6 2 -0.819691
6 3 -0.810442
6 4 -0.793979
6 5 -0.770508
6 6 -0.740542
6 7 -0.704453
6 8 -0.662726
6 9 -0.616123
6 10 -0.565192
6 11 -0.510962
6 12 -0.454194
6 13 -0.395832
6 14 -0.336632
6 15 -0.277703
6 16 -0.219959
6 17 -0.164031
6 18 -0.111064
6 19 -0.0617934
6 20 -0.0169252
6 21 0.0227418
6 22 0.0566517
6 23 0.0844296
6 24 0.105524
6 25 0.119713
6 26 0.12689
6 27 0.126889
6 28 0.119778
6 29 0.105901
6 30 0.0852955
6 31 0.058433
6 32 0.0258566
6 33 -0.0119834
6 34 -0.0542896
6 35 -0.100436
6 36 -0.149533
6 37 -0.200769
6 38 -0.253312
6 39 -0.306137
6 40 -0.358394
6 41 -0.409146
6 42 -0.457754
6 43 -0.503329
6 44 -0.544852
6 45 -0.581825
6 46 -0.613474
6 47 -0.639413
6 48 -0.659289
6 49 -0.672473
6 50 -0.678875
6 51 -0.678411
6 52 -0.671045
6 53 -0.65683
6 54 -0.636209
6 55 -0.609421
6 56 -0.576877
6 57 -0.539132
6 58 -0.496687
6 59 -0.450517
6 60 -0.401264
6 61 -0.349779
6 62 -0.29697
6 63 -0.243616
6 64 -0.190713
6 65 -0.139138
6 66 -0.0897269
6 67 -0.0434243
6 68 -0.000895438
6 69 0.0371424
6 70 0.0698023
6 71 0.0965296
6 72 0.117017
6 73 0.13081
6 74 0.137604
6 75 0.137258
6 76 0.129707
6 77 0.11506
6 78 0.093466
6 79 0.0653019
6 80 0.0307988
6 81 -0.00943122
6 82 -0.054766
6 83 -0.104603
6 84 -0.158219
6 85 -0.214582
6 86 -0.272921
6 87 -0.332371
6 88 -0.391977
6 89 -0.45089
6 90 -0.508119
6 91 -0.562767
6 92 -0.613959
6 93 -0.661024
6 94 -0.703003
6 95 -0.73944
6 96 -0.769693
6 97 -0.793263
6 98 -0.809756
6 99 -0.819031
6 100 -0.101945
6 101 0

7 0 0
7 1 -0.0974482
7 2 -0.782864
7 3 -0.773727
7 4 -0.757408
7 5 -0.734197
7 6 -0.704453
7 7 -0.668562
7 8 -0.627146
7 9 -0.580828
7 10 -0.530251
7 11 -0.476416
7 12 -0.420066
7 13 -0.362137
7 14 -0.303377
7 15 -0.244923
7 16 -0.187582
7 17 -0.132214
7 18 -0.079688
7 19 -0.0309161
7 20 0.0135401
7 21 0.0527968
7 22 0.0863089
7 23 0.113681
7 24 0.134445
7 25 0.148268
7 26 0.155104
7 27 0.154818
7 28 0.147518
7 29 0.133412
7 30 0.11255
7 31 0.0855101
7 32 0.0527564
7 33 0.0147199
7 34 -0.02765
7 35 -0.073893
7 36 -0.122999
7 37 -0.174257
7 38 -0.22676
7 39 -0.279631
7 40 -0.332009
7 41 -0.382812
7 42 -0.431372
7 43 -0.476855
7 44 -0.518356
7 45 -0.555272
7 46 -0.586926
7 47 -0.612911
7 48 -0.632814
7 49 -0.646009
7 50 -0.652348
7 51 -0.651879
7 52 -0.644594
7 53 -0.630425
7 54 -0.609908
7 55 -0.583152
7 56 -0.550607
7 57 -0.512971
7 58 -0.470603
7 59 -0.424456
7 60 -0.375272
7 61 -0.323762
7 62 -0.270993
7 63 -0.217701
7 64 -0.16482
7 65 -0.113206
7 66 -0.0636656
7 67 -0.0173241
7 68 0.0252833
7 69 0.0633176
7 70 0.0961517
7 71 0.123096
7 72 0.14375
7 73 0.157781
7 74 0.164876
7 75 0.164857
7 76 0.157609
7 77 0.14328
7 78 0.122106
7 79 0.0943044
7 80 0.060204
7 81 0.020375
7 82 -0.0244865
7 83 -0.073858
7 84 -0.126901
7 85 -0.182791
7 86 -0.24062
7 87 -0.299636
7 88 -0.358777
7 89 -0.417231
7 90 -0.473966
7 91 -0.528275
7 92 -0.579168
7 93 -0.625833
7 94 -0.667561
7 95 -0.703677
7 96 -0.733674
7 97 -0.75708
7 98 -0.773383
7 99 -0.782534
7 100 -0.0974041
7 101 0

8 0 0
8 1 -0.0921527
8 2 -0.74035
8 3 -0.731388
8 4 -0.715248
8 5 -0.692238
8 6 -0.662726
8 7 -0.627146
8 8 -0.585981
8 9 -0.540034
8 10 -0.489948
8 11 -0.436534
8 12 -0.380691
8 13 -0.323182
8 14 -0.264949
8 15 -0.207012
8 16 -0.150154
8 17 -0.0953239
8 18 -0.0433674
8 19 0.00488919
8 20 0.048901
8 21 0.0876879
8 22 0.120774
8 23 0.147652
8 24 0.167978
8 25 0.181431
8 26 0.187871
8 27 0.187237
8 28 0.179679
8 29 0.165258
8 30 0.144201
8 31 0.116902
8 32 0.0838887
8 33 0.0456623
8 34 0.00314369
8 35 -0.043147
8 36 -0.0923435
8 37 -0.14368
8 38 -0.196158
8 39 -0.249109
8 40 -0.301537
8 41 -0.352365
8 42 -0.400907
8 43 -0.446338
8 44 -0.487808
8 45 -0.524771
8 46 -0.556464
8 47 -0.582442
8 48 -0.602317
8 49 -0.615389
8 50 -0.621721
8 51 -0.621304
8 52 -0.614055
8 53 -0.600084
8 54 -0.579578
8 55 -0.552823
8 56 -0.520394
8 57 -0.482818
8 58 -0.440536
8 59 -0.394424
8 60 -0.345266
8 61 -0.293812
8 62 -0.241064
8 63 -0.187776
8 64 -0.134843
8 65 -0.0831893
8 66 -0.0336434
8 67 0.012821
8 68 0.0555059
8 69 0.0936658
8 70 0.12675
8 71 0.153876
8 72 0.17479
8 73 0.189086
8 74 0.196494
8 75 0.196835
8 76 0.189984
8 77 0.176098
8 78 0.155368
8 79 0.127927
8 80 0.0943339
8 81 0.0550055
8 82 0.0106616
8 83 -0.0382145
8 84 -0.090627
8 85 -0.145975
8 86 -0.203342
8 87 -0.261823
8 88 -0.320474
8 89 -0.378365
8 90 -0.43463
8 91 -0.488414
8 92 -0.538902
8 93 -0.585207
8 94 -0.626583
8 95 -0.662386
8 96 -0.692077
8 97 -0.71524
8 98 -0.731415
8 99 -0.740416
8 100 -0.0921613
8 101 0

9 0 0
9 1 -0.0862312
9 2 -0.692819
9 3 -0.684058
9 4 -0.668161
9 5 -0.645368
9 6 -0.616123
9 7 -0.580828
9 8 -0.540034
9 9 -0.494571
9 10 -0.444964
9 11 -0.391992
9 12 -0.336587
9 13 -0.27957
9 14 -0.221926
9 15 -0.164556
9 16 -0.108268
9 17 -0.0539606
9 18 -0.00256455
9 19 0.045131
9 20 0.0884805
9 21 0.126785
9 22 0.159357
9 23 0.185768
9 24 0.205596
9 25 0.218549
9 26 0.224631
9 27 0.223666
9 28 0.215752
9 29 0.200947
9 30 0.179562
9 31 0.152006
9 32 0.11871
9 33 0.0803289
9 34 0.0376428
9 35 -0.00870841
9 36 -0.0580563
9 37 -0.109492
9 38 -0.162034
9 39 -0.214995
9 40 -0.267436
9 41 -0.318261
9 42 -0.36684
9 43 -0.412347
9 44 -0.453802
9 45 -0.490764
9 46 -0.522531
9 47 -0.548501
9 48 -0.568305
9 49 -0.581419
9 50 -0.587756
9 51 -0.587441
9 52 -0.580212
9 53 -0.566285
9 54 -0.545836
9 55 -0.519139
9 56 -0.486745
9 57 -0.44917
9 58 -0.406932
9 59 -0.360903
9 60 -0.311763
9 61 -0.260356
9 62 -0.20761
9 63 -0.154285
9 64 -0.101269
9 65 -0.0496095
9 66 -0.000109992
9 67 0.0464874
9 68 0.0892655
9 69 0.127636
9 70 0.160937
9 71 0.188365
9 72 0.209622
9 73 0.224253
9 74 0.231969
9 75 0.232662
9 76 0.22629
9 77 0.212881
9 78 0.192597
9 79 0.165704
9 80 0.132625
9 81 0.0938494
9 82 0.0500229
9 83 0.00181113
9 84 -0.0500405
9 85 -0.104786
9 86 -0.161559
9 87 -0.21941
9 88 -0.277532
9 89 -0.334922
9 90 -0.390674
9 91 -0.444012
9 92 -0.493999
9 93 -0.539837
9 94 -0.580783
9 95 -0.616218
9 96 -0.645648
9 97 -0.668567
9 98 -0.684526
9 99 -0.693327
9 100 -0.0862935
9 101 0

10 0 0
10 1 -0.0797967
10 2 -0.641035
10 3 -0.632344
10 4 -0.616608
10 5 -0.594136
10 6 -0.565192
10 7 -0.530251
10 8 -0.489948
10 9 -0.444964
10 10 -0.395881
10 11 -0.343442
10 12 -0.288523
10 13 -0.232048
10 14 -0.175013
10 15 -0.118271
10 16 -0.0626099
10 17 -0.00888591
10 18 0.0419592
10 19 0.0890581
10 20 0.13178
10 21 0.169371
10 22 0.201462
10 23 0.227295
10 24 0.246654
10 25 0.259125
10 26 0.2648
10 27 0.263334
10 28 0.255058
10 29 0.239835
10 30 0.218155
10 31 0.190243
10 32 0.156791
10 33 0.118213
10 34 0.0753324
10 35 0.0288026
10 36 -0.0206822
10 37 -0.0722549
10 38 -0.124913
10 39 -0.177945
10 40 -0.230427
10 41 -0.28131
10 42 -0.329935
10 43 -0.375407
10 44 -0.416888
10 45 -0.453806
10 46 -0.485639
10 47 -0.511614
10 48 -0.53144
10 49 -0.544602
10 50 -0.551032
10 51 -0.550792
10 52 -0.543567
10 53 -0.529595
10 54 -0.509223
10 55 -0.4826
10 56 -0.450191
10 57 -0.412604
10 58 -0.37051
10 59 -0.324556
10 60 -0.275477
10 61 -0.223998
10 62 -0.171247
10 63 -0.117879
10 64 -0.0648731
10 65 -0.0131552
10 66 0.0364969
10 67 0.0833029
10 68 0.126274
10 69 0.164745
10 70 0.198242
10 71 0.225938
10 72 0.247587
10 73 0.262541
10 74 0.270692
10 75 0.271728
10 76 0.265898
10 77 0.252937
10 78 0.233261
10 79 0.20684
10 80 0.174377
10 81 0.136193
10 82 0.0929788
10 83 0.0454169
10 84 -0.00573853
10 85 -0.0598811
10 86 -0.115975
10 87 -0.173178
10 88 -0.230693
10 89 -0.287526
10 90 -0.342746
10 91 -0.395578
10 92 -0.445081
10 93 -0.490318
10 94 -0.530792
10 95 -0.565785
10 96 -0.594883
10 97 -0.617526
10 98 -0.633274
10 99 -0.642012
10 100 -0.0799177
10 101 0

11 0 0
11 1 -0.0729179
11 2 -0.585772
11 3 -0.577251
11 4 -0.561746
11 5 -0.539519
11 6 -0.510962
11 7 -0.476416
11 8 -0.436534
11 9 -0.391992
11 10 -0.343442
11 11 -0.291503
11 12 -0.237208
11 13 -0.18138
11 14 -0.124937
11 15 -0.0687895
11 16 -0.0138301
11 17 0.039252
11 18 0.0894595
11 19 0.135979
11 20 0.178002
11 21 0.214961
11 22 0.246326
11 23 0.271621
11 24 0.29039
11 25 0.302398
11 26 0.307523
11 27 0.305631
11 28 0.296869
11 29 0.281287
11 30 0.259242
11 31 0.231103
11 32 0.197372
11 33 0.158568
11 34 0.11541
11 35 0.0687137
11 36 0.0190612
11 37 -0.0326029
11 38 -0.0853737
11 39 -0.138433
11 40 -0.191025
11 41 -0.242003
11 42 -0.290687
11 43 -0.336219
11 44 -0.377687
11 45 -0.414611
11 46 -0.446417
11 47 -0.47243
11 48 -0.492236
11 49 -0.505426
11 50 -0.511955
11 51 -0.511636
11 52 -0.504453
11 53 -0.490577
11 54 -0.47032
11 55 -0.443787
11 56 -0.411458
11 57 -0.373898
11 58 -0.331801
11 59 -0.285861
11 60 -0.236763
11 61 -0.185336
11 62 -0.13256
11 63 -0.079132
11 64 -0.0260836
11 65 0.0257534
11 66 0.07548
11 67 0.122416
11 68 0.165597
11 69 0.204307
11 70 0.237963
11 71 0.265953
11 72 0.287943
11 73 0.303367
11 74 0.311898
11 75 0.313431
11 76 0.308033
11 77 0.295697
11 78 0.276481
11 79 0.250723
11 80 0.218908
11 81 0.181439
11 82 0.138904
11 83 0.09208
11 84 0.0415205
11 85 -0.0119401
11 86 -0.0674077
11 87 -0.123942
11 88 -0.180728
11 89 -0.236852
11 90 -0.291455
11 91 -0.343704
11 92 -0.392737
11 93 -0.43755
11 94 -0.477553
11 95 -0.512126
11 96 -0.540841
11 97 -0.563091
11 98 -0.578614
11 99 -0.587252
11 100 -0.0731092
11 101 0

12 0 0
12 1 -0.0657042
12 2 -0.527879
12 3 -0.519616
12 4 -0.504333
12 5 -0.482421
12 6 -0.454194
12 7 -0.420066
12 8 -0.380691
12 9 -0.336587
12 10 -0.288523
12 11 -0.237208
12 12 -0.183536
12 13 -0.128417
12 14 -0.0725919
12 15 -0.0171083
12 16 0.0371894
12 17 0.0895558
12 18 0.139092
12 19 0.184899
12 20 0.226288
12 21 0.262574
12 22 0.293274
12 23 0.317961
12 24 0.336109
12 25 0.3476
12 26 0.352184
12 27 0.349812
12 28 0.340598
12 29 0.324664
12 30 0.302152
12 31 0.273743
12 32 0.239718
12 33 0.200566
12 34 0.157209
12 35 0.110297
12 36 0.0605163
12 37 0.00867833
12 38 -0.0441984
12 39 -0.097317
12 40 -0.149919
12 41 -0.201017
12 42 -0.249749
12 43 -0.295294
12 44 -0.33686
12 45 -0.373766
12 46 -0.405531
12 47 -0.431577
12 48 -0.451418
12 49 -0.464674
12 50 -0.471206
12 51 -0.470892
12 52 -0.463801
12 53 -0.449975
12 54 -0.429736
12 55 -0.403256
12 56 -0.371019
12 57 -0.333592
12 58 -0.291483
12 59 -0.245476
12 60 -0.19644
12 61 -0.145115
12 62 -0.092327
12 63 -0.0388657
12 64 0.0142835
12 65 0.0662345
12 66 0.116085
12 67 0.163081
12 68 0.206568
12 69 0.245565
12 70 0.279462
12 71 0.307799
12 72 0.33006
12 73 0.345944
12 74 0.354943
12 75 0.356993
12 76 0.352088
12 77 0.340348
12 78 0.321719
12 79 0.296622
12 80 0.265481
12 81 0.228704
12 82 0.186896
12 83 0.14073
12 84 0.0909119
12 85 0.0382023
12 86 -0.0165329
12 87 -0.0724166
12 88 -0.12851
12 89 -0.183956
12 90 -0.237885
12 91 -0.289476
12 92 -0.33792
12 93 -0.382278
12 94 -0.421808
12 95 -0.455967
12 96 -0.48424
12 97 -0.506201
12 98 -0.521447
12 99 -0.529874
12 100 -0.0659652
12 101 0

13 0 0
13 1 -0.0582879
13 2 -0.468263
13 3 -0.460195
13 4 -0.445213
13 5 -0.423663
13 6 -0.395832
13 7 -0.362137
13 8 -0.323182
13 9 -0.27957
13 10 -0.232048
13 11 -0.18138
13 12 -0.128417
13 13 -0.0739091
13 14 -0.0187924
13 15 0.0359822
13 16 0.0895026
13 17 0.141208
13 18 0.190037
13 19 0.235159
13 20 0.275838
13 21 0.311491
13 22 0.341498
13 23 0.365528
13 24 0.38316
13 25 0.394071
13 26 0.39813
13 27 0.395197
13 28 0.385524
13 29 0.369095
13 30 0.346185
13 31 0.317412
13 32 0.283099
13 33 0.243707
13 34 0.200096
13 35 0.153033
13 36 0.102996
13 37 0.0510245
13 38 -0.00201168
13 39 -0.0552254
13 40 -0.107826
13 41 -0.159015
13 42 -0.207748
13 43 -0.253324
13 44 -0.294943
13 45 -0.331905
13 46 -0.363661
13 47 -0.389722
13 48 -0.409601
13 49 -0.422899
13 50 -0.429483
13 51 -0.42924
13 52 -0.422161
13 53 -0.40845
13 54 -0.388164
13 55 -0.361718
13 56 -0.329588
13 57 -0.29222
13 58 -0.25016
13 59 -0.20419
13 60 -0.155155
13 61 -0.103838
13 62 -0.0510197
13 63 0.00241129
13 64 0.0556047
13 65 0.107746
13 66 0.15772
13 67 0.204878
13 68 0.248533
13 69 0.287797
13 70 0.322016
13 71 0.35071
13 72 0.373357
13 73 0.389585
13 74 0.399099
13 75 0.401667
13 76 0.397338
13 77 0.386144
13 78 0.368214
13 79 0.343795
13 80 0.313301
13 81 0.277237
13 82 0.236083
13 83 0.190682
13 84 0.141614
13 85 0.0896904
13 86 0.035741
13 87 -0.0194066
13 88 -0.0748308
13 89 -0.12962
13 90 -0.182874
13 91 -0.233703
13 92 -0.281461
13 93 -0.325236
13 94 -0.36435
13 95 -0.398093
13 96 -0.426023
13 97 -0.447638
13 98 -0.462639
13 99 -0.470787
13 100 -0.0586022
13 101 0

14 0 0
14 1 -0.0507629
14 2 -0.407886
14 3 -0.400109
14 4 -0.385418
14 5 -0.36412
14 6 -0.336632
14 7 -0.303377
14 8 -0.264949
14 9 -0.221926
14 10 -0.175013
14 11 -0.124937
14 12 -0.0725919
14 13 -0.0187924
14 14 0.0356196
14 15 0.0896361
14 16 0.14246
14 17 0.193372
14 18 0.241491
14 19 0.285875
14 20 0.325826
14 21 0.360794
14 22 0.390139
14 23 0.413516
14 24 0.430551
14 25 0.440867
14 26 0.444318
14 27 0.440939
14 28 0.430728
14 29 0.413812
14 30 0.390543
14 31 0.36141
14 32 0.326684
14 33 0.287025
14 34 0.243195
14 35 0.195887
14 36 0.145721
14 37 0.0936276
14 38 0.0404629
14 39 -0.0128876
14 40 -0.0655875
14 41 -0.116763
14 42 -0.165557
14 43 -0.21112
14 44 -0.252675
14 45 -0.289674
14 46 -0.321474
14 47 -0.347554
14 48 -0.367417
14 49 -0.380755
14 50 -0.38735
14 51 -0.387106
14 52 -0.380163
14 53 -0.366531
14 54 -0.346285
14 55 -0.319934
14 56 -0.287866
14 57 -0.250547
14 58 -0.208547
14 59 -0.162664
14 60 -0.113717
14 61 -0.0623965
14 62 -0.00955599
14 63 0.0438962
14 64 0.0971799
14 65 0.149453
14 66 0.199589
14 67 0.246868
14 68 0.290655
14 69 0.330168
14 70 0.364749
14 71 0.39385
14 72 0.416884
14 73 0.433581
14 74 0.443488
14 75 0.44663
14 76 0.44287
14 77 0.432254
14 78 0.414983
14 79 0.391266
14 80 0.361557
14 81 0.326203
14 82 0.28576
14 83 0.24113
14 84 0.192845
14 85 0.141685
14 86 0.088588
14 87 0.0341781
14 88 -0.0205165
14 89 -0.0745106
14 90 -0.127088
14 91 -0.177296
14 92 -0.224401
14 93 -0.267571
14 94 -0.30607
14 95 -0.339432
14 96 -0.367032
14 97 -0.388321
14 98 -0.403029
14 99 -0.41092
14 100 -0.0511471
14 101 0

15 0 0
15 1 -0.0432643
15 2 -0.347694
15 3 -0.34019
15 4 -0.325766
15 5 -0.304826
15 6 -0.277703
15 7 -0.244923
15 8 -0.207012
15 9 -0.164556
15 10 -0.118271
15 11 -0.0687895
15 12 -0.0171083
15 13 0.0359822
15 14 0.0896361
15 15 0.14293
15 16 0.195017
15 17 0.24518
15 18 0.292527
15 19 0.336172
15 20 0.375433
15 21 0.409715
15 22 0.438383
15 23 0.461045
15 24 0.477404
15 25 0.487123
15 26 0.490062
15 27 0.486026
15 28 0.475252
15 29 0.457905
15 30 0.43432
15 31 0.404862
15 32 0.369801
15 33 0.329887
15 34 0.285733
15 35 0.238167
15 36 0.187871
15 37 0.135699
15 38 0.0823975
15 39 0.0289288
15 40 -0.023756
15 41 -0.0750215
15 42 -0.123834
15 43 -0.169317
15 44 -0.210852
15 45 -0.247818
15 46 -0.279643
15 47 -0.305834
15 48 -0.325784
15 49 -0.339103
15 50 -0.345708
15 51 -0.345535
15 52 -0.338602
15 53 -0.325001
15 54 -0.30481
15 55 -0.27855
15 56 -0.246542
15 57 -0.209269
15 58 -0.167415
15 59 -0.121644
15 60 -0.0727554
15 61 -0.0214539
15 62 0.0313985
15 63 0.0848615
15 64 0.138199
15 65 0.19051
15 66 0.24076
15 67 0.288287
15 68 0.332302
15 69 0.372087
15 70 0.406912
15 71 0.43631
15 72 0.459778
15 73 0.476887
15 74 0.487365
15 75 0.491062
15 76 0.487927
15 77 0.477929
15 78 0.461318
15 79 0.438285
15 80 0.40926
15 81 0.374675
15 82 0.335062
15 83 0.291202
15 84 0.243716
15 85 0.193369
15 86 0.141046
15 87 0.0874317
15 88 0.0335568
15 89 -0.0197122
15 90 -0.0715968
15 91 -0.121118
15 92 -0.167642
15 93 -0.210219
15 94 -0.248181
15 95 -0.281028
15 96 -0.308194
15 97 -0.329123
15 98 -0.343527
15 99 -0.351222
15 100 -0.0437174
15 101 0

16 0 0
16 1 -0.0359263
16 2 -0.288662
16 3 -0.281263
16 4 -0.2671
16 5 -0.246596
16 6 -0.219959
16 7 -0.187582
16 8 -0.150154
16 9 -0.108268
16 10 -0.0626099
16 11 -0.0138301
16 12 0.0371894
16 13 0.0895026
16 14 0.14246
16 15 0.195017
16 16 0.246449
16 17 0.295845
16 18 0.342386
16 19 0.385291
16 20 0.423763
16 21 0.457276
16 22 0.485298
16 23 0.507273
16 24 0.522975
16 25 0.532105
16 26 0.534427
16 27 0.529858
16 28 0.51853
16 29 0.50075
16 30 0.476795
16 31 0.446892
16 32 0.41152
16 33 0.371391
16 34 0.32703
16 35 0.279265
16 36 0.228769
16 37 0.176478
16 38 0.123145
16 39 0.0696913
16 40 0.0169669
16 41 -0.0343177
16 42 -0.0831422
16 43 -0.128694
16 44 -0.170271
16 45 -0.20724
16 46 -0.239033
16 47 -0.265224
16 48 -0.285177
16 49 -0.298533
16 50 -0.305201
16 51 -0.305082
16 52 -0.298185
16 53 -0.284599
16 54 -0.264484
16 55 -0.238332
16 56 -0.206417
16 57 -0.169194
16 58 -0.127448
16 59 -0.0817555
16 60 -0.0328846
16 61 0.0183604
16 62 0.0712152
16 63 0.124679
16 64 0.17801
16 65 0.230318
16 66 0.28067
16 67 0.328407
16 68 0.372633
16 69 0.412647
16 70 0.447744
16 71 0.477475
16 72 0.501314
16 73 0.518946
16 74 0.529951
16 75 0.534145
16 76 0.531592
16 77 0.522278
16 78 0.506363
16 79 0.484014
16 80 0.455675
16 81 0.421915
16 82 0.383183
16 83 0.340151
16 84 0.293438
16 85 0.243844
16 86 0.192352
16 87 0.139533
16 88 0.0864511
16 89 0.033829
16 90 -0.017294
16 91 -0.0660692
16 92 -0.111931
16 93 -0.153925
16 94 -0.191339
16 95 -0.223674
16 96 -0.250421
16 97 -0.270989
16 98 -0.285079
16 99 -0.292615
16 100 -0.0364277
16 101 0

17 0 0
17 1 -0.0288324
17 2 -0.231681
17 3 -0.224464
17 4 -0.210519
17 5 -0.190323
17 6 -0.164031
17 7 -0.132214
17 8 -0.0953239
17 9 -0.0539606
17 10 -0.00888591
17 11 0.039252
17 12 0.0895558
17 13 0.141208
17 14 0.193372
17 15 0.24518
17 16 0.295845
17 17 0.344434
17 18 0.390169
17 19 0.432288
17 20 0.470046
17 21 0.502866
17 22 0.530131
17 23 0.551501
17 24 0.566516
17 25 0.574954
17 26 0.576678
17 27 0.571612
17 28 0.559919
17 29 0.541691
17 30 0.517318
17 31 0.487065
17 32 0.45134
17 33 0.410945
17 34 0.366437
17 35 0.318473
17 36 0.267803
17 37 0.215402
17 38 0.162033
17 39 0.108558
17 40 0.0557604
17 41 0.00452109
17 42 -0.0443065
17 43 -0.0898731
17 44 -0.131519
17 45 -0.168417
17 46 -0.20019
17 47 -0.226372
17 48 -0.24634
17 49 -0.259768
17 50 -0.26652
17 51 -0.266454
17 52 -0.259637
17 53 -0.246066
17 54 -0.225976
17 55 -0.199857
17 56 -0.168029
17 57 -0.13095
17 58 -0.0892749
17 59 -0.0436368
17 60 0.00513632
17 61 0.0563858
17 62 0.109112
17 63 0.162643
17 64 0.215952
17 65 0.268255
17 66 0.318723
17 67 0.366607
17 68 0.411066
17 69 0.451314
17 70 0.486686
17 71 0.516683
17 72 0.540931
17 73 0.559009
17 74 0.570454
17 75 0.575187
17 76 0.573254
17 77 0.564594
17 78 0.549332
17 79 0.527721
17 80 0.500163
17 81 0.467167
17 82 0.429195
17 83 0.38696
17 84 0.341113
17 85 0.292396
17 86 0.241687
17 87 0.189688
17 88 0.137368
17 89 0.0855759
17 90 0.0352011
17 91 -0.0129237
17 92 -0.0581693
17 93 -0.0995477
17 94 -0.136381
17 95 -0.168249
17 96 -0.194547
17 97 -0.2148
17 98 -0.228624
17 99 -0.235983
17 100 -0.0293814
17 101 0

18 0 0
18 1 -0.0221111
18 2 -0.177598
18 3 -0.170491
18 4 -0.156817
18 5 -0.136956
18 6 -0.111064
18 7 -0.079688
18 8 -0.0433674
18 9 -0.00256455
18 10 0.0419592
18 11 0.0894595
18 12 0.139092
18 13 0.190037
18 14 0.241491
18 15 0.292527
18 16 0.342386
18 17 0.390169
18 18 0.435118
18 19 0.476486
18 20 0.513496
18 21 0.545515
18 22 0.572094
18 23 0.592778
18 24 0.607208
18 25 0.615067
18 26 0.61628
18 27 0.610774
18 28 0.598549
18 29 0.579815
18 30 0.555047
18 31 0.52447
18 32 0.488499
18 33 0.447824
18 34 0.403059
18 35 0.354986
18 36 0.304223
18 37 0.251703
18 38 0.198342
18 39 0.144859
18 40 0.092109
18 41 0.0409577
18 42 -0.00781492
18 43 -0.0534012
18 44 -0.0950465
18 45 -0.131978
18 46 -0.163753
18 47 -0.189883
18 48 -0.209837
18 49 -0.22331
18 50 -0.230081
18 51 -0.230119
18 52 -0.223309
18 53 -0.209829
18 54 -0.189836
18 55 -0.163778
18 56 -0.132009
18 57 -0.0949753
18 58 -0.0534143
18 59 -0.00791449
18 60 0.0407544
18 61 0.0918242
18 62 0.144517
18 63 0.197982
18 64 0.251332
18 65 0.30367
18 66 0.354132
18 67 0.402089
18 68 0.446711
18 69 0.487249
18 70 0.522912
18 71 0.553214
18 72 0.57783
18 73 0.596363
18 74 0.608353
18 75 0.613574
18 76 0.612183
18 77 0.604085
18 78 0.589492
18 79 0.568607
18 80 0.541813
18 81 0.509575
18 82 0.472408
18 83 0.431035
18 84 0.386017
18 85 0.338112
18 86 0.288206
18 87 0.237
18 88 0.185513
18 89 0.134484
18 90 0.0848893
18 91 0.0374451
18 92 -0.00716917
18 93 -0.0479678
18 94 -0.0843499
18 95 -0.115699
18 96 -0.141539
18 97 -0.161475
18 98 -0.175066
18 99 -0.182191
18 100 -0.0226809
18 101 0

19 0 0
19 1 -0.0158356
19 2 -0.127228
19 3 -0.120342
19 4 -0.106849
19 5 -0.0872891
19 6 -0.0617934
19 7 -0.0309161
19 8 0.00488919
19 9 0.045131
19 10 0.0890581
19 11 0.135979
19 12 0.184899
19 13 0.235159
19 14 0.285875
19 15 0.336172
19 16 0.385291
19 17 0.432288
19 18 0.476486
19 19 0.517065
19 20 0.553348
19 21 0.584712
19 22 0.610621
19 23 0.630676
19 24 0.644379
19 25 0.65166
19 26 0.652333
19 27 0.646317
19 28 0.633643
19 29 0.614549
19 30 0.589413
19 31 0.558534
19 32 0.522299
19 33 0.481353
19 34 0.436409
19 35 0.388275
19 36 0.337486
19 37 0.284871
19 38 0.231463
19 39 0.177987
19 40 0.125316
19 41 0.0742093
19 42 0.0255161
19 43 -0.0199982
19 44 -0.0616481
19 45 -0.098555
19 46 -0.130369
19 47 -0.156461
19 48 -0.17641
19 49 -0.189822
19 50 -0.196577
19 51 -0.196709
19 52 -0.189986
19 53 -0.176538
19 54 -0.156656
19 55 -0.130656
19 56 -0.0989896
19 57 -0.062123
19 58 -0.0206624
19 59 0.0247227
19 60 0.073253
19 61 0.124217
19 62 0.176718
19 63 0.230112
19 64 0.283483
19 65 0.335865
19 66 0.386413
19 67 0.434367
19 68 0.479131
19 69 0.519852
19 70 0.555749
19 71 0.586357
19 72 0.611351
19 73 0.630268
19 74 0.642696
19 75 0.648485
19 76 0.647557
19 77 0.640133
19 78 0.62625
19 79 0.606152
19 80 0.580133
19 81 0.548582
19 82 0.512133
19 83 0.471471
19 84 0.427327
19 85 0.380294
19 86 0.331106
19 87 0.280687
19 88 0.229959
19 89 0.179742
19 90 0.130817
19 91 0.084071
19 92 0.0401475
19 93 -3.48707e-05
19 94 -0.0358565
19 95 -0.066753
19 96 -0.0921774
19 97 -0.111781
19 98 -0.125113
19 99 -0.132031
19 100 -0.016437
19 101 0

20 0 0
20 1 -0.0101182
20 2 -0.0813045
20 3 -0.074625
20 4 -0.0613718
20 5 -0.042013
20 6 -0.0169252
20 7 0.0135401
20 8 0.048901
20 9 0.0884805
20 10 0.13178
20 11 0.178002
20 12 0.226288
20 13 0.275838
20 14 0.325826
20 15 0.375433
20 16 0.423763
20 17 0.470046
20 18 0.513496
20 19 0.553348
20 20 0.588807
20 21 0.619448
20 22 0.6448
20 23 0.664257
20 24 0.677424
20 25 0.684148
20 26 0.684294
20 27 0.677794
20 28 0.664648
20 29 0.64517
20 30 0.619715
20 31 0.58855
20 32 0.552102
20 33 0.51103
20 34 0.465932
20 35 0.417733
20 36 0.366855
20 37 0.31426
20 38 0.260876
20 39 0.207448
20 40 0.154812
20 41 0.103799
20 42 0.0551483
20 43 0.00962269
20 44 -0.0318782
20 45 -0.0687742
20 46 -0.100479
20 47 -0.126511
20 48 -0.146458
20 49 -0.159899
20 50 -0.166637
20 51 -0.166769
20 52 -0.160099
20 53 -0.14672
20 54 -0.127007
20 55 -0.10116
20 56 -0.0696253
20 57 -0.0328727
20 58 0.00848701
20 59 0.053667
20 60 0.1021
20 61 0.152896
20 62 0.205316
20 63 0.258592
20 64 0.311883
20 65 0.36429
20 66 0.414807
20 67 0.462862
20 68 0.507676
20 69 0.548533
20 70 0.584663
20 71 0.615579
20 72 0.640884
20 73 0.66011
20 74 0.672883
20 75 0.679203
20 76 0.678948
20 77 0.672093
20 78 0.658829
20 79 0.639373
20 80 0.614009
20 81 0.583228
20 82 0.547532
20 83 0.507722
20 84 0.464337
20 85 0.418072
20 86 0.369701
20 87 0.320079
20 88 0.270174
20 89 0.220694
20 90 0.172463
20 91 0.126371
20 92 0.0831576
20 93 0.0435944
20 94 0.00838257
20 95 -0.0220607
20 96 -0.0471261
20 97 -0.0664289
20 98 -0.0795583
20 99 -0.0862531
20 100 -0.0107372
20 101 0

21 0 0
21 1 -0.00503984
21 2 -0.0405307
21 3 -0.0340583
21 4 -0.0210525
21 5 -0.00200984
21 6 0.0227418
21 7 0.0527968
21 8 0.0876879
21 9 0.126785
21 10 0.169371
21 11 0.214961
21 12 0.262574
21 13 0.311491
21 14 0.360794
21 15 0.409715
21 16 0.457276
21 17 0.502866
21 18 0.545515
21 19 0.584712
21 20 0.619448
21 21 0.649393
21 22 0.674082
21 23 0.692985
21 24 0.705628
21 25 0.711856
21 26 0.711553
21 27 0.70456
21 28 0.691078
21 29 0.671266
21 30 0.645496
21 31 0.61407
21 32 0.577432
21 33 0.536325
21 34 0.491168
21 35 0.442912
21 36 0.391898
21 37 0.339379
21 38 0.285994
21 39 0.232581
21 40 0.180003
21 41 0.129073
21 42 0.0805358
21 43 0.0352284
21 44 -0.00617292
21 45 -0.0429758
21 46 -0.0746325
21 47 -0.100612
21 48 -0.120548
21 49 -0.133975
21 50 -0.140726
21 51 -0.140867
21 52 -0.134252
21 53 -0.121001
21 54 -0.101354
21 55 -0.0756266
21 56 -0.044301
21 57 -0.0076491
21 58 0.0334883
21 59 0.0784912
21 60 0.126725
21 61 0.177408
21 62 0.229662
21 63 0.282871
21 64 0.336063
21 65 0.388449
21 66 0.438934
21 67 0.487081
21 68 0.531854
21 69 0.572823
21 70 0.609098
21 71 0.640225
21 72 0.665867
21 73 0.685424
21 74 0.698596
21 75 0.705325
21 76 0.70564
21 77 0.699358
21 78 0.686617
21 79 0.66773
21 80 0.64305
21 81 0.613048
21 82 0.57816
21 83 0.539141
21 84 0.496447
21 85 0.450978
21 86 0.403323
21 87 0.354546
21 88 0.305407
21 89 0.256675
21 90 0.209099
21 91 0.163691
21 92 0.121117
21 93 0.0822037
21 94 0.0474511
21 95 0.0175177
21 96 -0.00716097
21 97 -0.0261729
21 98 -0.0390514
21 99 -0.0455542
21 100 -0.00566842
21 101 0

22 0 0
22 1 -0.00067884
22 2 -0.00552536
22 3 0.000768503
22 4 0.0134566
22 5 0.032251
22 6 0.0566517
22 7 0.0863089
22 8 0.120774
22 9 0.159357
22 10 0.201462
22 11 0.246326
22 12 0.293274
22 13 0.341498
22 14 0.390139
22 15 0.438383
22 16 0.485298
22 17 0.530131
22 18 0.572094
22 19 0.610621
22 20 0.6448
22 21 0.674082
22 22 0.698104
22 23 0.716343
22 24 0.728501
22 25 0.734299
22 26 0.733578
22 27 0.726239
22 28 0.712369
22 29 0.692296
22 30 0.666233
22 31 0.634562
22 32 0.597785
22 33 0.55653
22 34 0.511375
22 35 0.463061
22 36 0.412094
22 37 0.359642
22 38 0.306418
22 39 0.253161
22 40 0.200674
22 41 0.149852
22 42 0.101481
22 43 0.0562993
22 44 0.0150632
22 45 -0.0216469
22 46 -0.0531939
22 47 -0.0791053
22 48 -0.0989395
22 49 -0.112323
22 50 -0.11907
22 51 -0.119286
22 52 -0.112819
22 53 -0.0996353
22 54 -0.0800533
22 55 -0.0544919
22 56 -0.0233138
22 57 0.0130738
22 58 0.0540122
22 59 0.0988406
22 60 0.146928
22 61 0.19739
22 62 0.249512
22 63 0.302472
22 64 0.355486
22 65 0.407732
22 66 0.45819
22 67 0.506312
22 68 0.551123
22 69 0.592162
22 70 0.628585
22 71 0.659864
22 72 0.685769
22 73 0.705745
22 74 0.719282
22 75 0.726422
22 76 0.727124
22 77 0.721316
22 78 0.709173
22 79 0.690904
22 80 0.666928
22 81 0.637647
22 82 0.603444
22 83 0.565089
22 84 0.523147
22 85 0.478365
22 86 0.431545
22 87 0.383538
22 88 0.335151
22 89 0.287103
22 90 0.240255
22 91 0.195492
22 92 0.153616
22 93 0.115183
22 94 0.0809137
22 95 0.0514191
22 96 0.0271034
22 97 0.00843079
22 98 -0.00421019
22 99 -0.0105332
22 100 -0.00130707
22 101 0

23 0 0
23 1 0.00288547
23 2 0.0231728
23 3 0.029412
23 4 0.0418626
23 5 0.0603519
23 6 0.0844296
23 7 0.113681
23 8 0.147652
23 9 0.185768
23 10 0.227295
23 11 0.271621
23 12 0.317961
23 13 0.365528
23 14 0.413516
23 15 0.461045
23 16 0.507273
23 17 0.551501
23 18 0.592778
23 19 0.630676
23 20 0.664257
23 21 0.692985
23 22 0.716343
23 23 0.733988
23 24 0.745726
23 25 0.751018
23 26 0.74991
23 27 0.74224
23 28 0.728089
23 29 0.707738
23 30 0.681478
23 31 0.649715
23 32 0.612826
23 33 0.571514
23 34 0.526368
23 35 0.478096
23 36 0.427256
23 37 0.374922
23 38 0.32186
23 39 0.268791
23 40 0.216419
23 41 0.165769
23 42 0.117576
23 43 0.0725823
23 44 0.0314748
23 45 -0.00503436
23 46 -0.0364562
23 47 -0.0622813
23 48 -0.0820583
23 49 -0.0954047
23 50 -0.102254
23 51 -0.102425
23 52 -0.0960139
23 53 -0.082918
23 54 -0.0634859
23 55 -0.0380831
23 56 -0.0071049
23 57 0.0290956
23 58 0.0698085
23 59 0.114426
23 60 0.16222
23 61 0.212511
23 62 0.264368
23 63 0.317177
23 64 0.369954
23 65 0.421977
23 66 0.472389
23 67 0.520415
23 68 0.565227
23 69 0.606345
23 70 0.642863
23 71 0.674221
23 72 0.700205
23 73 0.720456
23 74 0.7344
23 75 0.741894
23 76 0.74305
23 77 0.737693
23 78 0.726095
23 79 0.708418
23 80 0.685083
23 81 0.656404
23 82 0.622885
23 83 0.585231
23 84 0.543953
23 85 0.500038
23 86 0.453984
23 87 0.406634
23 88 0.358915
23 89 0.311535
23 90 0.265363
23 91 0.221277
23 92 0.179947
23 93 0.142114
23 94 0.108351
23 95 0.07928
23 96 0.055344
23 97 0.0369952
23 98 0.0245302
23 99 0.0182846
23 100 0.00227284
23 101 0

24 0 0
24 1 0.00561873
24 2 0.0451673
24 3 0.0513426
24 4 0.0636656
24 5 0.0818065
24 6 0.105524
24 7 0.134445
24 8 0.167978
24 9 0.205596
24 10 0.246654
24 11 0.29039
24 12 0.336109
24 13 0.38316
24 14 0.430551
24 15 0.477404
24 16 0.522975
24 17 0.566516
24 18 0.607208
24 19 0.644379
24 20 0.677424
24 21 0.705628
24 22 0.728501
24 23 0.745726
24 24 0.756871
24 25 0.76175
24 26 0.760261
24 27 0.752251
24 28 0.737828
24 29 0.717349
24 30 0.691
24 31 0.659164
24 32 0.622263
24 33 0.580958
24 34 0.535884
24 35 0.487675
24 36 0.437045
24 37 0.384779
24 38 0.331846
24 39 0.278983
24 40 0.226903
24 41 0.176471
24 42 0.128529
24 43 0.083759
24 44 0.0428297
24 45 0.00646796
24 46 -0.0248156
24 47 -0.0505967
24 48 -0.07029
24 49 -0.0835382
24 50 -0.0903244
24 51 -0.0905631
24 52 -0.0841997
24 53 -0.071288
24 54 -0.0520637
24 55 -0.0268178
24 56 0.00408073
24 57 0.0400714
24 58 0.0805156
24 59 0.124857
24 60 0.172384
24 61 0.222368
24 62 0.274008
24 63 0.326535
24 64 0.379116
24 65 0.430927
24 66 0.481229
24 67 0.529085
24 68 0.573861
24 69 0.614897
24 70 0.651425
24 71 0.682925
24 72 0.709034
24 73 0.729409
24 74 0.743639
24 75 0.751516
24 76 0.752955
24 77 0.748156
24 78 0.73708
24 79 0.719921
24 80 0.697075
24 81 0.668965
24 82 0.636136
24 83 0.599135
24 84 0.558681
24 85 0.515454
24 86 0.470087
24 87 0.423446
24 88 0.376404
24 89 0.329709
24 90 0.284164
24 91 0.240676
24 92 0.199914
24 93 0.162555
24 94 0.129285
24 95 0.100627
24 96 0.077024
24 97 0.0589161
24 98 0.0466596
24 99 0.0405171
24 100 0.00503919
24 101 0

25 0 0
25 1 0.00748359
25 2 0.0601791
25 3 0.0663026
25 4 0.078452
25 5 0.09636
25 6 0.119713
25 7 0.148268
25 8 0.181431
25 9 0.218549
25 10 0.259125
25 11 0.302398
25 12 0.3476
25 13 0.394071
25 14 0.440867
25 15 0.487123
25 16 0.532105
25 17 0.574954
25 18 0.615067
25 19 0.65166
25 20 0.684148
25 21 0.711856
25 22 0.734299
25 23 0.751018
25 24 0.76175
25 25 0.766198
25 26 0.76436
25 27 0.756131
25 28 0.741568
25 29 0.720955
25 30 0.694588
25 31 0.662755
25 32 0.625849
25 33 0.584592
25 34 0.539632
25 35 0.491511
25 36 0.441074
25 37 0.38902
25 38 0.336293
25 39 0.283624
25 40 0.231822
25 41 0.181727
25 42 0.134105
25 43 0.0895658
25 44 0.0488495
25 45 0.0126715
25 46 -0.01843
25 47 -0.0439987
25 48 -0.0635625
25 49 -0.0768185
25 50 -0.0836457
25 51 -0.0839015
25 52 -0.0775754
25 53 -0.0647435
25 54 -0.0456656
25 55 -0.0206682
25 56 0.0100208
25 57 0.0457452
25 58 0.0859612
25 59 0.130003
25 60 0.177211
25 61 0.226831
25 62 0.278097
25 63 0.330373
25 64 0.382682
25 65 0.434276
25 66 0.484428
25 67 0.532068
25 68 0.576731
25 69 0.617632
25 70 0.654163
25 71 0.685775
25 72 0.711964
25 73 0.732462
25 74 0.746883
25 75 0.754987
25 76 0.756814
25 77 0.752342
25 78 0.741688
25 79 0.725063
25 80 0.702813
25 81 0.675243
25 82 0.643098
25 83 0.606781
25 84 0.566921
25 85 0.524304
25 86 0.479664
25 87 0.43366
25 88 0.387244
25 89 0.341235
25 90 0.296349
25 91 0.253413
25 92 0.213098
25 93 0.176231
25 94 0.14346
25 95 0.115138
25 96 0.0918097
25 97 0.0739827
25 98 0.0618964
25 99 0.0558995
25 100 0.00695871
25 101 0

26 0 0
26 1 0.0084624
26 2 0.0680629
26 3 0.0741025
26 4 0.0861128
26 5 0.103784
26 6 0.12689
26 7 0.155104
26 8 0.187871
26 9 0.224631
26 10 0.2648
26 11 0.307523
26 12 0.352184
26 13 0.39813
26 14 0.444318
26 15 0.490062
26 16 0.534427
26 17 0.576678
26 18 0.61628
26 19 0.652333
26 20 0.684294
26 21 0.711553
26 22 0.733578
26 23 0.74991
26 24 0.760261
26 25 0.76436
26 26 0.762318
26 27 0.753798
26 28 0.739123
26 29 0.718415
26 30 0.692035
26 31 0.660173
26 32 0.623368
26 33 0.582242
26 34 0.537416
26 35 0.48948
26 36 0.439397
26 37 0.387663
26 38 0.335207
26 39 0.282813
26 40 0.231301
26 41 0.18155
26 42 0.134182
26 43 0.0899572
26 44 0.0495089
26 45 0.0135453
26 46 -0.0172564
26 47 -0.0425962
26 48 -0.0620607
26 49 -0.075305
26 50 -0.0821306
26 51 -0.0824652
26 52 -0.0761712
