0 0 0
0 1 0
0 2 0
0 3 0
0 4 0
0 5 0
0 6 0
0 7 0
0 8 0
0 9 0
0 10 0
0 11 0
0 12 0
0 13 0
0 14 0
0 15 0
0 16 0
0 17 0
0 18 0
0 19 0
0 20 0
0 21 0
0 22 0
0 23 0
0 24 0
0 25 0
0 26 0
0 27 0
0 28 0
0 29 0
0 30 0
0 31 0
0 32 0
0 33 0
0 34 0
0 35 0
0 36 0
0 37 0
0 38 0
0 39 0
0 40 0
0 41 0
0 42 0
0 43 0
0 44 0
0 45 0
0 46 0
0 47 0
0 48 0
0 49 0
0 50 0
0 51 0
0 52 0
0 53 0
0 54 0
0 55 0
0 56 0
0 57 0
0 58 0
0 59 0
0 60 0
0 61 0
0 62 0
0 63 0
0 64 0
0 65 0
0 66 0
0 67 0
0 68 0
0 69 0
0 70 0
0 71 0
0 72 0
0 73 0
0 74 0
0 75 0
0 76 0
0 77 0
0 78 0
0 79 0
0 80 0
0 81 0
0 82 0
0 83 0
0 84 0
0 85 0
0 86 0
0 87 0
0 88 0
0 89 0
0 90 0
0 91 0
0 92 0
0 93 0
0 94 0
0 95 0
0 96 0
0 97 0
0 98 0
0 99 0
0 100 0
0 101 0

1 0 0
1 1 0
1 2 -0.106265
1 3 -0.10513
1 4 -0.103129
1 5 -0.100277
1 6 -0.0966402
1 7 -0.0922954
1 8 -0.0872652
1 9 -0.0816425
1 10 -0.0755312
1 11 -0.0690219
1 12 -0.0622251
1 13 -0.0552194
1 14 -0.0481051
1 15 -0.0410283
1 16 -0.034096
1 17 -0.0273939
1 18 -0.0210339
1 19 -0.0151233
1 20 -0.00976275
1 21 -0.00500987
1 22 -0.000930962
1 23 0.00242348
1 24 0.00498289
1 25 0.00672827
1 26 0.00765267
1 27 0.00773566
1 28 0.00698656
1 29 0.00539612
1 30 0.00302608
1 31 -8.29193e-05
1 32 -0.0039124
1 33 -0.00837304
1 34 -0.0133437
1 35 -0.0187634
1 36 -0.0245171
1 37 -0.0305288
1 38 -0.0367032
1 39 -0.0429141
1 40 -0.0490648
1 41 -0.0550544
1 42 -0.0607539
1 43 -0.066075
1 44 -0.0709603
1 45 -0.075305
1 46 -0.0790559
1 47 -0.0821282
1 48 -0.0844471
1 49 -0.0859941
1 50 -0.0867461
1 51 -0.0866622
1 52 -0.0857842
1 53 -0.0841027
1 54 -0.0816315
1 55 -0.0784383
1 56 -0.0745614
1 57 -0.0700625
1 58 -0.0650641
1 59 -0.0596016
1 60 -0.0537928
1 61 -0.0477325
1 62 -0.0414885
1 63 -0.0351883
1 64 -0.0289464
1 65 -0.0228797
1 66 -0.017077
1 67 -0.0116403
1 68 -0.0066637
1 69 -0.00222554
1 70 0.00160141
1 71 0.00470846
1 72 0.00703898
1 73 0.00856641
1 74 0.00927616
1 75 0.00914136
1 76 0.00816775
1 77 0.00634053
1 78 0.00370347
1 79 0.000290457
1 80 -0.0038768
1 81 -0.00869246
1 82 -0.0141326
1 83 -0.0201065
1 84 -0.0265332
1 85 -0.0333308
1 86 -0.0403484
1 87 -0.0474975
1 88 -0.0547037
1 89 -0.0617984
1 90 -0.0686787
1 91 -0.0752604
1 92 -0.0814362
1 93 -0.0871142
1 94 -0.0921736
1 95 -0.0965747
1 96 -0.100251
1 97 -0.103124
1 98 -0.105144
1 99 -0.106286
1 100 0
1 101 0

2 0 0
2 1 -0.106265
2 2 -0.853676
2 3 -0.844538
2 4 -0.828416
2 5 -0.805579
2 6 -0.776434
2 7 -0.741417
2 8 -0.701041
2 9 -0.65594
2 10 -0.606838
2 11 -0.554534
2 12 -0.499812
2 13 -0.443479
2 14 -0.386437
2 15 -0.329603
2 16 -0.27387
2 17 -0.220073
2 18 -0.169029
2 19 -0.121579
2 20 -0.0784447
2 21 -0.0402087
2 22 -0.0074556
2 23 0.019411
2 24 0.0400224
2 25 0.0541352
2 26 0.0615377
2 27 0.0622087
2 28 0.0561409
2 29 0.0434484
2 30 0.0243691
2 31 -0.000755053
2 32 -0.0314586
2 33 -0.0671848
2 34 -0.107177
2 35 -0.150703
2 36 -0.197001
2 37 -0.245329
2 38 -0.294846
2 39 -0.34474
2 40 -0.394123
2 41 -0.44215
2 42 -0.487947
2 43 -0.530773
2 44 -0.569969
2 45 -0.604927
2 46 -0.635016
2 47 -0.659675
2 48 -0.678385
2 49 -0.690837
2 50 -0.696818
2 51 -0.696232
2 52 -0.689097
2 53 -0.675521
2 54 -0.655704
2 55 -0.630011
2 56 -0.598868
2 57 -0.562864
2 58 -0.522599
2 59 -0.478775
2 60 -0.432102
2 61 -0.383336
2 62 -0.333252
2 63 -0.282727
2 64 -0.232625
2 65 -0.183842
2 66 -0.137165
2 67 -0.0934334
2 68 -0.0533899
2 69 -0.0177322
2 70 0.0128623
2 71 0.0377705
2 72 0.0565603
2 73 0.0688671
2 74 0.0745312
2 75 0.0734566
2 76 0.0655823
2 77 0.050995
2 78 0.0298278
2 79 0.0023735
2 80 -0.0310256
2 81 -0.0698375
2 82 -0.11359
2 83 -0.161621
2 84 -0.213227
2 85 -0.267669
2 86 -0.324088
2 87 -0.381631
2 88 -0.439384
2 89 -0.496382
2 90 -0.551763
2 91 -0.604662
2 92 -0.654245
2 93 -0.699778
2 94 -0.740519
2 95 -0.775875
2 96 -0.805326
2 97 -0.828353
2 98 -0.844614
2 99 -0.853847
2 100 -0.106286
2 101 0

3 0 0
3 1 -0.10513
3 2 -0.844538
3 3 -0.835393
3 4 -0.819261
3 5 -0.796648
3 6 -0.767681
3 7 -0.732658
3 8 -0.692473
3 9 -0.647594
3 10 -0.598638
3 11 -0.546482
3 12 -0.491782
3 13 -0.435615
3 14 -0.378909
3 15 -0.322298
3 16 -0.266741
3 17 -0.213174
3 18 -0.162401
3 19 -0.115164
3 20 -0.0720812
3 21 -0.0339518
3 22 -0.00130857
3 23 0.0253582
3 24 0.0459233
3 25 0.0600356
3 26 0.0673552
3 27 0.0679696
3 28 0.0618149
3 29 0.0491616
3 30 0.0300153
3 31 0.00473908
3 32 -0.0259197
3 33 -0.0614925
3 34 -0.101514
3 35 -0.144978
3 36 -0.191309
3 37 -0.23957
3 38 -0.288953
3 39 -0.338723
3 40 -0.387973
3 41 -0.435795
3 42 -0.481522
3 43 -0.524343
3 44 -0.563426
3 45 -0.598352
3 46 -0.628334
3 47 -0.652909
3 48 -0.671683
3 49 -0.684143
3 50 -0.69006
3 51 -0.689564
3 52 -0.682354
3 53 -0.668699
3 54 -0.648979
3 55 -0.623312
3 56 -0.592276
3 57 -0.556508
3 58 -0.516237
3 59 -0.472543
3 60 -0.425973
3 61 -0.377217
3 62 -0.327355
3 63 -0.277021
3 64 -0.227074
3 65 -0.178293
3 66 -0.13162
3 67 -0.0878381
3 68 -0.0477367
3 69 -0.0121141
3 70 0.0182835
3 71 0.0431337
3 72 0.0619729
3 73 0.0743643
3 74 0.0800421
3 75 0.0790183
3 76 0.0711765
3 77 0.0567926
3 78 0.0357784
3 79 0.00839318
3 80 -0.0247603
3 81 -0.0636125
3 82 -0.107275
3 83 -0.155161
3 84 -0.206563
3 85 -0.2606
3 86 -0.316835
3 87 -0.374269
3 88 -0.431676
3 89 -0.488496
3 90 -0.543775
3 91 -0.596534
3 92 -0.645937
3 93 -0.691229
3 94 -0.731944
3 95 -0.767156
3 96 -0.796378
3 97 -0.81928
3 98 -0.83548
3 99 -0.844742
3 100 -0.105162
3 101 0

4 0 0
4 1 -0.103129
4 2 -0.828416
4 3 -0.819261
4 4 -0.803447
4 5 -0.780897
4 6 -0.751985
4 7 -0.717275
4 8 -0.677139
4 9 -0.63242
4 10 -0.583752
4 11 -0.531776
4 12 -0.477257
4 13 -0.421373
4 14 -0.364867
4 15 -0.308574
4 16 -0.253286
4 17 -0.200028
4 18 -0.14958
4 19 -0.102503
4 20 -0.0596371
4 21 -0.0217527
4 22 0.0107239
4 23 0.0373011
4 24 0.057677
4 25 0.0716453
4 26 0.0789791
4 27 0.0794699
4 28 0.0732552
4 29 0.0604805
4 30 0.041252
4 31 0.0158697
4 32 -0.0148876
4 33 -0.0505552
4 34 -0.0904867
4 35 -0.133934
4 36 -0.18023
4 37 -0.228368
4 38 -0.277788
4 39 -0.327464
4 40 -0.37666
4 41 -0.424425
4 42 -0.470016
4 43 -0.512831
4 44 -0.551984
4 45 -0.586725
4 46 -0.616714
4 47 -0.641284
4 48 -0.659956
4 49 -0.672416
4 50 -0.678321
4 51 -0.677712
4 52 -0.670555
4 53 -0.657071
4 54 -0.637365
4 55 -0.611747
4 56 -0.580882
4 57 -0.545078
4 58 -0.504997
4 59 -0.461359
4 60 -0.414805
4 61 -0.366133
4 62 -0.316256
4 63 -0.266032
4 64 -0.216252
4 65 -0.167446
4 66 -0.120829
4 67 -0.0770362
4 68 -0.0369655
4 69 -0.00138065
4 70 0.0291173
4 71 0.0539938
4 72 0.0729498
4 73 0.0854454
4 74 0.091311
4 75 0.0902897
4 76 0.082551
4 77 0.0682015
4 78 0.0473346
4 79 0.0202579
4 80 -0.0128698
4 81 -0.0514879
4 82 -0.0948645
4 83 -0.142479
4 84 -0.193584
4 85 -0.247422
4 86 -0.303331
4 87 -0.360416
4 88 -0.417613
4 89 -0.474311
4 90 -0.529293
4 91 -0.581766
4 92 -0.631034
4 93 -0.67614
4 94 -0.716519
4 95 -0.75168
4 96 -0.780698
4 97 -0.803406
4 98 -0.819588
4 99 -0.828713
4 100 -0.103163
4 101 0

5 0 0
5 1 -0.100277
5 2 -0.805579
5 3 -0.796648
5 4 -0.780897
5 5 -0.758377
5 6 -0.729697
5 7 -0.69514
5 8 -0.65518
5 9 -0.610788
5 10 -0.562399
5 11 -0.510659
5 12 -0.456513
5 13 -0.40082
5 14 -0.344602
5 15 -0.288714
5 16 -0.233793
5 17 -0.180892
5 18 -0.130715
5 19 -0.0838886
5 20 -0.0413316
5 21 -0.00371762
5 22 0.0285113
5 23 0.0549236
5 24 0.075091
5 25 0.0887692
5 26 0.0959554
5 27 0.0963397
5 28 0.0899637
5 29 0.0770055
5 30 0.057632
5 31 0.0322304
5 32 0.00136682
5 33 -0.0342752
5 34 -0.0742162
5 35 -0.117745
5 36 -0.164007
5 37 -0.212313
5 38 -0.261673
5 39 -0.311354
5 40 -0.360448
5 41 -0.408121
5 42 -0.453678
5 43 -0.496458
5 44 -0.535539
5 45 -0.570392
5 46 -0.600249
5 47 -0.624727
5 48 -0.64341
5 49 -0.655758
5 50 -0.661722
5 51 -0.66115
5 52 -0.654102
5 53 -0.640667
5 54 -0.621023
5 55 -0.595472
5 56 -0.564577
5 57 -0.528798
5 58 -0.488782
5 59 -0.445379
5 60 -0.398843
5 61 -0.350336
5 62 -0.300499
5 63 -0.25025
5 64 -0.20045
5 65 -0.151659
5 66 -0.104909
5 67 -0.0611922
5 68 -0.0211969
5 69 0.0143803
5 70 0.0449741
5 71 0.0700479
5 72 0.0891136
5 73 0.101762
5 74 0.10773
5 75 0.106922
5 76 0.0993318
5 77 0.0850856
5 78 0.0645135
5 79 0.0376105
5 80 0.0047289
5 81 -0.033527
5 82 -0.0765808
5 83 -0.123934
5 84 -0.174832
5 85 -0.228351
5 86 -0.283904
5 87 -0.340556
5 88 -0.397336
5 89 -0.453663
5 90 -0.508453
5 91 -0.560688
5 92 -0.609647
5 93 -0.654443
5 94 -0.694582
5 95 -0.729545
5 96 -0.758474
5 97 -0.781088
5 98 -0.797085
5 99 -0.806054
5 100 -0.100333
5 101 0

6 0 0
6 1 -0.0966402
6 2 -0.776434
6 3 -0.767681
6 4 -0.751985
6 5 -0.729697
6 6 -0.701137
6 7 -0.666699
6 8 -0.627025
6 9 -0.582973
6 10 -0.534925
6 11 -0.483542
6 12 -0.429693
6 13 -0.374323
6 14 -0.31844
6 15 -0.262923
6 16 -0.208414
6 17 -0.155914
6 18 -0.106206
6 19 -0.0596952
6 20 -0.0174914
6 21 0.0198829
6 22 0.0519266
6 23 0.0779987
6 24 0.097913
6 25 0.111207
6 26 0.118143
6 27 0.118264
6 28 0.111624
6 29 0.0984902
6 30 0.0789865
6 31 0.0536061
6 32 0.0225385
6 33 -0.0131473
6 34 -0.0532062
6 35 -0.0968182
6 36 -0.143244
6 37 -0.191474
6 38 -0.240848
6 39 -0.290375
6 40 -0.339429
6 41 -0.387177
6 42 -0.432887
6 43 -0.475603
6 44 -0.514684
6 45 -0.549395
6 46 -0.57924
6 47 -0.603638
6 48 -0.622289
6 49 -0.634597
6 50 -0.640606
6 51 -0.640084
6 52 -0.633099
6 53 -0.619626
6 54 -0.600078
6 55 -0.574591
6 56 -0.5439
6 57 -0.508134
6 58 -0.468306
6 59 -0.424784
6 60 -0.378317
6 61 -0.329764
6 62 -0.280044
6 63 -0.229839
6 64 -0.180101
6 65 -0.131268
6 66 -0.0845937
6 67 -0.0408213
6 68 -0.000737672
6 69 0.0349967
6 70 0.0657494
6 71 0.0910113
6 72 0.110051
6 73 0.122856
6 74 0.129048
6 75 0.128617
6 76 0.121375
6 77 0.107409
6 78 0.0871196
6 79 0.0603646
6 80 0.0278196
6 81 -0.0101966
6 82 -0.0529632
6 83 -0.099798
6 84 -0.150326
6 85 -0.203481
6 86 -0.258561
6 87 -0.314811
6 88 -0.371191
6 89 -0.427158
6 90 -0.481631
6 91 -0.533456
6 92 -0.582001
6 93 -0.626581
6 94 -0.666539
6 95 -0.701287
6 96 -0.730092
6 97 -0.752549
6 98 -0.768302
6 99 -0.777118
6 100 -0.0967272
6 101 0

7 0 0
7 1 -0.0922954
7 2 -0.741417
7 3 -0.732658
7 4 -0.717275
7 5 -0.69514
7 6 -0.666699
7 7 -0.632657
7 8 -0.593362
7 9 -0.549532
7 10 -0.501716
7 11 -0.450659
7 12 -0.397269
7 13 -0.342283
7 14 -0.286877
7 15 -0.231803
7 16 -0.177695
7 17 -0.125666
7 18 -0.076247
7 19 -0.0302028
7 20 0.0115768
7 21 0.0485722
7 22 0.0802699
7 23 0.106108
7 24 0.12572
7 25 0.138805
7 26 0.145241
7 27 0.145005
7 28 0.138044
7 29 0.124682
7 30 0.10508
7 31 0.0794515
7 32 0.0484012
7 33 0.0124434
7 34 -0.0276771
7 35 -0.0714223
7 36 -0.117887
7 37 -0.166139
7 38 -0.21541
7 39 -0.264989
7 40 -0.314153
7 41 -0.361993
7 42 -0.407722
7 43 -0.45051
7 44 -0.489565
7 45 -0.524252
7 46 -0.554012
7 47 -0.578397
7 48 -0.596922
7 49 -0.60919
7 50 -0.615267
7 51 -0.614688
7 52 -0.607701
7 53 -0.594412
7 54 -0.574898
7 55 -0.549636
7 56 -0.519054
7 57 -0.483351
7 58 -0.443506
7 59 -0.400126
7 60 -0.353604
7 61 -0.305044
7 62 -0.255193
7 63 -0.204924
7 64 -0.155229
7 65 -0.106546
7 66 -0.0598877
7 67 -0.0160872
7 68 0.0241728
7 69 0.0600534
7 70 0.0910394
7 71 0.116328
7 72 0.135671
7 73 0.148688
7 74 0.155148
7 75 0.155095
7 76 0.14821
7 77 0.134508
7 78 0.114493
7 79 0.0881164
7 80 0.0558368
7 81 0.018325
7 82 -0.0240599
7 83 -0.0705281
7 84 -0.120538
7 85 -0.173357
7 86 -0.227886
7 87 -0.283603
7 88 -0.339695
7 89 -0.395199
7 90 -0.449185
7 91 -0.500626
7 92 -0.548854
7 93 -0.593196
7 94 -0.632861
7 95 -0.667257
7 96 -0.69574
7 97 -0.718053
7 98 -0.733726
7 99 -0.742368
7 100 -0.0924009
7 101 0

8 0 0
8 1 -0.0872652
8 2 -0.701041
8 3 -0.692473
8 4 -0.677139
8 5 -0.65518
8 6 -0.627025
8 7 -0.593362
8 8 -0.554371
8 9 -0.510771
8 10 -0.463313
8 11 -0.412823
8 12 -0.359745
8 13 -0.305328
8 14 -0.250263
8 15 -0.195511
8 16 -0.142156
8 17 -0.0905572
8 18 -0.0415014
8 19 0.00419196
8 20 0.0454754
8 21 0.081803
8 22 0.113089
8 23 0.138538
8 24 0.157679
8 25 0.170472
8 26 0.176501
8 27 0.175992
8 28 0.168637
8 29 0.154986
8 30 0.135356
8 31 0.109469
8 32 0.0783364
8 33 0.0422068
8 34 0.00185535
8 35 -0.0419401
8 36 -0.0885605
8 37 -0.136782
8 38 -0.186199
8 39 -0.23588
8 40 -0.285152
8 41 -0.333104
8 42 -0.378804
8 43 -0.421635
8 44 -0.460776
8 45 -0.495425
8 46 -0.525106
8 47 -0.549374
8 48 -0.567943
8 49 -0.580395
8 50 -0.586425
8 51 -0.585892
8 52 -0.578855
8 53 -0.565438
8 54 -0.546132
8 55 -0.521049
8 56 -0.490523
8 57 -0.454965
8 58 -0.415077
8 59 -0.371658
8 60 -0.325213
8 61 -0.276595
8 62 -0.226683
8 63 -0.176394
8 64 -0.126649
8 65 -0.0778486
8 66 -0.031277
8 67 0.0127221
8 68 0.0531047
8 69 0.0890287
8 70 0.120212
8 71 0.145722
8 72 0.165365
8 73 0.178542
8 74 0.185394
8 75 0.185632
8 76 0.179029
8 77 0.165857
8 78 0.146028
8 79 0.120128
8 80 0.0884323
8 81 0.0513735
8 82 0.00949862
8 83 -0.0364385
8 84 -0.0860424
8 85 -0.138321
8 86 -0.192333
8 87 -0.247542
8 88 -0.303058
8 89 -0.358115
8 90 -0.411594
8 91 -0.462674
8 92 -0.510555
8 93 -0.554616
8 94 -0.593987
8 95 -0.627998
8 96 -0.65613
8 97 -0.678214
8 98 -0.693763
8 99 -0.702356
8 100 -0.0874302
8 101 0

9 0 0
9 1 -0.0816425
9 2 -0.65594
9 3 -0.647594
9 4 -0.63242
9 5 -0.610788
9 6 -0.582973
9 7 -0.549532
9 8 -0.510771
9 9 -0.467601
9 10 -0.420477
9 11 -0.370326
9 12 -0.317871
9 13 -0.263917
9 14 -0.209485
9 15 -0.155331
9 16 -0.102212
9 17 -0.0510686
9 18 -0.00263752
9 19 0.04247
9 20 0.0832522
9 21 0.119252
9 22 0.149899
9 23 0.174906
9 24 0.193687
9 25 0.20606
9 26 0.211704
9 27 0.210608
9 28 0.203022
9 29 0.189158
9 30 0.169067
9 31 0.142985
9 32 0.11151
9 33 0.075361
9 34 0.0347998
9 35 -0.00915822
9 36 -0.0558208
9 37 -0.104223
9 38 -0.153755
9 39 -0.203526
9 40 -0.252787
9 41 -0.300819
9 42 -0.346568
9 43 -0.38945
9 44 -0.428608
9 45 -0.463294
9 46 -0.49294
9 47 -0.517286
9 48 -0.535838
9 49 -0.548189
9 50 -0.55419
9 51 -0.553716
9 52 -0.54676
9 53 -0.533515
9 54 -0.514188
9 55 -0.489192
9 56 -0.458754
9 57 -0.423174
9 58 -0.383354
9 59 -0.33993
9 60 -0.293438
9 61 -0.244879
9 62 -0.194965
9 63 -0.144666
9 64 -0.0948132
9 65 -0.0459735
9 66 0.000652071
9 67 0.0447249
9 68 0.0852601
9 69 0.121469
9 70 0.152682
9 71 0.178431
9 72 0.198407
9 73 0.212168
9 74 0.219364
9 75 0.219794
9 76 0.213601
9 77 0.200844
9 78 0.181574
9 79 0.156156
9 80 0.124949
9 81 0.0885502
9 82 0.0471001
9 83 0.00161451
9 84 -0.0473092
9 85 -0.0989881
9 86 -0.152538
9 87 -0.207388
9 88 -0.262465
9 89 -0.316718
9 90 -0.369709
9 91 -0.420409
9 92 -0.467798
9 93 -0.511484
9 94 -0.550489
9 95 -0.58425
9 96 -0.612187
9 97 -0.634001
9 98 -0.649192
9 99 -0.657631
9 100 -0.081861
9 101 0

10 0 0
10 1 -0.0755312
10 2 -0.606838
10 3 -0.598638
10 4 -0.583752
10 5 -0.562399
10 6 -0.534925
10 7 -0.501716
10 8 -0.463313
10 9 -0.420477
10 10 -0.373769
10 11 -0.324124
10 12 -0.272195
10 13 -0.218808
10 14 -0.164891
10 15 -0.111367
10 16 -0.0588253
10 17 -0.00813578
10 18 0.0398176
10 19 0.0842888
10 20 0.124492
10 21 0.159856
10 22 0.190244
10 23 0.214679
10 24 0.232783
10 25 0.244574
10 26 0.249817
10 27 0.248455
10 28 0.240592
10 29 0.226245
10 30 0.205794
10 31 0.179371
10 32 0.147839
10 33 0.111501
10 34 0.0707064
10 35 0.02663
10 36 -0.0202699
10 37 -0.0688226
10 38 -0.118527
10 39 -0.168507
10 40 -0.217952
10 41 -0.265948
10 42 -0.311655
10 43 -0.354529
10 44 -0.39371
10 45 -0.428246
10 46 -0.458083
10 47 -0.482299
10 48 -0.50083
10 49 -0.51335
10 50 -0.519463
10 51 -0.518967
10 52 -0.512109
10 53 -0.498836
10 54 -0.479509
10 55 -0.454451
10 56 -0.424233
10 57 -0.388671
10 58 -0.348909
10 59 -0.3055
10 60 -0.259113
10 61 -0.210612
10 62 -0.160733
10 63 -0.110378
10 64 -0.0604852
10 65 -0.0114707
10 66 0.0354693
10 67 0.0797697
10 68 0.120365
10 69 0.156771
10 70 0.188172
10 71 0.214186
10 72 0.23464
10 73 0.248561
10 74 0.256074
10 75 0.25693
10 76 0.251195
10 77 0.239013
10 78 0.220325
10 79 0.195492
10 80 0.164855
10 81 0.1289
10 82 0.0882237
10 83 0.043242
10 84 -0.00520023
10 85 -0.0562795
10 86 -0.109206
10 87 -0.163492
10 88 -0.217911
10 89 -0.271705
10 90 -0.324109
10 91 -0.374215
10 92 -0.421223
10 93 -0.464508
10 94 -0.503172
10 95 -0.536541
10 96 -0.564176
10 97 -0.585682
10 98 -0.60067
10 99 -0.608925
10 100 -0.0757954
10 101 0

11 0 0
11 1 -0.0690219
11 2 -0.554534
11 3 -0.546482
11 4 -0.531776
11 5 -0.510659
11 6 -0.483542
11 7 -0.450659
11 8 -0.412823
11 9 -0.370326
11 10 -0.324124
11 11 -0.274839
11 12 -0.223539
11 13 -0.170679
11 14 -0.117473
11 15 -0.0645531
11 16 -0.0125527
11 17 0.0375696
11 18 0.0848553
11 19 0.128675
11 20 0.168429
11 21 0.203136
11 22 0.232933
11 23 0.256889
11 24 0.274578
11 25 0.28578
11 26 0.290642
11 27 0.288768
11 28 0.28043
11 29 0.265614
11 30 0.244703
11 31 0.218068
11 32 0.186332
11 33 0.149681
11 34 0.10889
11 35 0.0645027
11 36 0.0176657
11 37 -0.0312237
11 38 -0.0809922
11 39 -0.131065
11 40 -0.180615
11 41 -0.228709
11 42 -0.274438
11 43 -0.317328
11 44 -0.356485
11 45 -0.391224
11 46 -0.421034
11 47 -0.445339
11 48 -0.463701
11 49 -0.476207
11 50 -0.482242
11 51 -0.481866
11 52 -0.475103
11 53 -0.462132
11 54 -0.442751
11 55 -0.417715
11 56 -0.387375
11 57 -0.351916
11 58 -0.312186
11 59 -0.268983
11 60 -0.222606
11 61 -0.174052
11 62 -0.124077
11 63 -0.0737698
11 64 -0.0237275
11 65 0.0252336
11 66 0.0724523
11 67 0.11668
11 68 0.157553
11 69 0.194102
11 70 0.225783
11 71 0.252179
11 72 0.272912
11 73 0.287336
11 74 0.295231
11 75 0.29655
11 76 0.291421
11 77 0.279616
11 78 0.261581
11 79 0.237162
11 80 0.207264
11 81 0.171914
11 82 0.13183
11 83 0.0874642
11 84 0.0396727
11 85 -0.0106854
11 86 -0.0631711
11 87 -0.116852
11 88 -0.170575
11 89 -0.223595
11 90 -0.275508
11 91 -0.325133
11 92 -0.371777
11 93 -0.414399
11 94 -0.452571
11 95 -0.485442
11 96 -0.512864
11 97 -0.534205
11 98 -0.549018
11 99 -0.55701
11 100 -0.0693259
11 101 0

12 0 0
12 1 -0.0622251
12 2 -0.499812
12 3 -0.491782
12 4 -0.477257
12 5 -0.456513
12 6 -0.429693
12 7 -0.397269
12 8 -0.359745
12 9 -0.317871
12 10 -0.272195
12 11 -0.223539
12 12 -0.172635
12 13 -0.120531
12 14 -0.0677669
12 15 -0.015336
12 16 0.036008
12 17 0.0853884
12 18 0.131935
12 19 0.17514
12 20 0.21422
12 21 0.248364
12 22 0.277543
12 23 0.301025
12 24 0.318136
12 25 0.328729
12 26 0.333182
12 27 0.330802
12 28 0.321961
12 29 0.306725
12 30 0.285502
12 31 0.258631
12 32 0.226388
12 33 0.189573
12 34 0.148466
12 35 0.104044
12 36 0.0569579
12 37 0.00805617
12 38 -0.0419871
12 39 -0.0920658
12 40 -0.141524
12 41 -0.189681
12 42 -0.235549
12 43 -0.27841
12 44 -0.317588
12 45 -0.352442
12 46 -0.382307
12 47 -0.406711
12 48 -0.425265
12 49 -0.437641
12 50 -0.443725
12 51 -0.44338
12 52 -0.436667
12 53 -0.423521
12 54 -0.404269
12 55 -0.379276
12 56 -0.34898
12 57 -0.313569
12 58 -0.273936
12 59 -0.230655
12 60 -0.184382
12 61 -0.135898
12 62 -0.0859944
12 63 -0.0356614
12 64 0.0143915
12 65 0.0635558
12 66 0.110661
12 67 0.155252
12 68 0.196269
12 69 0.233047
12 70 0.265082
12 71 0.2919
12 72 0.312794
12 73 0.327578
12 74 0.336126
12 75 0.337979
12 76 0.333398
12 77 0.32226
12 78 0.304672
12 79 0.280761
12 80 0.251442
12 81 0.21671
12 82 0.177201
12 83 0.133657
12 84 0.086704
12 85 0.0369623
12 86 -0.0148136
12 87 -0.0678899
12 88 -0.121004
12 89 -0.173573
12 90 -0.224678
12 91 -0.273737
12 92 -0.319807
12 93 -0.361908
12 94 -0.399515
12 95 -0.432154
12 96 -0.459146
12 97 -0.480216
12 98 -0.494833
12 99 -0.502698
12 100 -0.0625708
12 101 0

13 0 0
13 1 -0.0552194
13 2 -0.443479
13 3 -0.435615
13 4 -0.421373
13 5 -0.40082
13 6 -0.374323
13 7 -0.342283
13 8 -0.305328
13 9 -0.263917
13 10 -0.218808
13 11 -0.170679
13 12 -0.120531
13 13 -0.0687554
13 14 -0.0166263
13 15 0.0350855
13 16 0.085716
13 17 0.134432
13 18 0.180329
13 19 0.222837
13 20 0.261278
13 21 0.294805
13 22 0.323383
13 23 0.346113
13 24 0.362676
13 25 0.372889
13 26 0.376732
13 27 0.373959
13 28 0.364573
13 29 0.348824
13 30 0.327208
13 31 0.300001
13 32 0.267531
13 33 0.230339
13 34 0.18908
13 35 0.144424
13 36 0.0972505
13 37 0.0481913
13 38 -0.00177735
13 39 -0.0521164
13 40 -0.101776
13 41 -0.149738
13 42 -0.195604
13 43 -0.238657
13 44 -0.277914
13 45 -0.312729
13 46 -0.342652
13 47 -0.36712
13 48 -0.385598
13 49 -0.398017
13 50 -0.40421
13 51 -0.403864
13 52 -0.397102
13 53 -0.384065
13 54 -0.364869
13 55 -0.339984
13 56 -0.309709
13 57 -0.27434
13 58 -0.234723
13 59 -0.191615
13 60 -0.145423
13 61 -0.0969099
13 62 -0.0470697
13 63 0.00336067
13 64 0.0536217
13 65 0.102668
13 66 0.149972
13 67 0.194596
13 68 0.235856
13 69 0.272891
13 70 0.305122
13 71 0.332316
13 72 0.353765
13 73 0.368978
13 74 0.378032
13 75 0.380591
13 76 0.37642
13 77 0.365713
13 78 0.348731
13 79 0.325449
13 80 0.29683
13 81 0.262765
13 82 0.223934
13 83 0.181107
13 84 0.134835
13 85 0.0858568
13 86 0.0347197
13 87 -0.017568
13 88 -0.0700383
13 89 -0.12188
13 90 -0.172529
13 91 -0.220863
13 92 -0.266272
13 93 -0.307907
13 94 -0.345144
13 95 -0.377273
13 96 -0.403963
13 97 -0.424706
13 98 -0.439149
13 99 -0.446824
13 100 -0.0556143
13 101 0

14 0 0
14 1 -0.0481051
14 2 -0.386437
14 3 -0.378909
14 4 -0.364867
14 5 -0.344602
14 6 -0.31844
14 7 -0.286877
14 8 -0.250263
14 9 -0.209485
14 10 -0.164891
14 11 -0.117473
14 12 -0.0677669
14 13 -0.0166263
14 14 0.0349166
14 15 0.0859594
14 16 0.135865
14 17 0.183829
14 18 0.22908
14 19 0.271016
14 20 0.308742
14 21 0.341585
14 22 0.369515
14 23 0.391734
14 24 0.407629
14 25 0.417287
14 26 0.420614
14 27 0.417367
14 28 0.407554
14 29 0.391377
14 30 0.369258
14 31 0.341595
14 32 0.30878
14 33 0.271316
14 34 0.229844
14 35 0.185072
14 36 0.1377
14 37 0.0886606
14 38 0.0385023
14 39 -0.0119313
14 40 -0.0617249
14 41 -0.109651
14 42 -0.155453
14 43 -0.198604
14 44 -0.237908
14 45 -0.272688
14 46 -0.30267
14 47 -0.327186
14 48 -0.345729
14 49 -0.358079
14 50 -0.3643
14 51 -0.36398
14 52 -0.357288
14 53 -0.344386
14 54 -0.325343
14 55 -0.300481
14 56 -0.270226
14 57 -0.234784
14 58 -0.195245
14 59 -0.152234
14 60 -0.106121
14 61 -0.0576996
14 62 -0.00798122
14 63 0.0425649
14 64 0.0928499
14 65 0.142051
14 66 0.189348
14 67 0.234197
14 68 0.275681
14 69 0.312965
14 70 0.345502
14 71 0.373035
14 72 0.394926
14 73 0.410608
14 74 0.420261
14 75 0.42341
14 76 0.419685
14 77 0.409473
14 78 0.393089
14 79 0.370614
14 80 0.342507
14 81 0.309206
14 82 0.271116
14 83 0.22894
14 84 0.183395
14 85 0.135105
14 86 0.0847193
14 87 0.0330915
14 88 -0.0185774
14 89 -0.0698596
14 90 -0.119791
14 91 -0.167484
14 92 -0.212256
14 93 -0.253523
14 94 -0.290185
14 95 -0.321868
14 96 -0.3481
14 97 -0.368561
14 98 -0.382709
14 99 -0.390259
14 100 -0.0485785
14 101 0

15 0 0
15 1 -0.0410283
15 2 -0.329603
15 3 -0.322298
15 4 -0.308574
15 5 -0.288714
15 6 -0.262923
15 7 -0.231803
15 8 -0.195511
15 9 -0.155331
15 10 -0.111367
15 11 -0.0645531
15 12 -0.015336
15 13 0.0350855
15 14 0.0859594
15 15 0.136384
15 16 0.185707
15 17 0.233002
15 18 0.277541
15 19 0.318815
15 20 0.355697
15 21 0.387962
15 22 0.415101
15 23 0.436864
15 24 0.452204
15 25 0.461314
15 26 0.463896
15 27 0.460129
15 28 0.449882
15 29 0.433513
15 30 0.41101
15 31 0.38289
15 32 0.349742
15 33 0.312036
15 34 0.27025
15 35 0.225276
15 36 0.177781
15 37 0.128692
15 38 0.0783006
15 39 0.0278568
15 40 -0.0219506
15 41 -0.0699879
15 42 -0.115841
15 43 -0.158861
15 44 -0.198122
15 45 -0.232959
15 46 -0.262994
15 47 -0.287607
15 48 -0.306315
15 49 -0.318677
15 50 -0.324928
15 51 -0.324691
15 52 -0.318117
15 53 -0.30513
15 54 -0.286117
15 55 -0.261295
15 56 -0.231093
15 57 -0.195747
15 58 -0.156209
15 59 -0.113215
15 60 -0.0671361
15 61 -0.0187614
15 62 0.0307714
15 63 0.0813526
15 64 0.131616
15 65 0.181
15 66 0.228379
15 67 0.273434
15 68 0.315113
15 69 0.352651
15 70 0.385644
15 71 0.413379
15 72 0.435531
15 73 0.45177
15 74 0.461898
15 75 0.465529
15 76 0.462303
15 77 0.452826
15 78 0.436983
15 79 0.415257
15 80 0.387712
15 81 0.35526
15 82 0.317764
15 83 0.276423
15 84 0.2316
15 85 0.184009
15 86 0.134426
15 87 0.0834983
15 88 0.0325235
15 89 -0.0181136
15 90 -0.0673978
15 91 -0.114604
15 92 -0.158706
15 93 -0.199367
15 94 -0.23543
15 95 -0.266756
15 96 -0.292581
15 97 -0.312681
15 98 -0.326488
15 99 -0.333854
15 100 -0.0415593
15 101 0

16 0 0
16 1 -0.034096
16 2 -0.27387
16 3 -0.266741
16 4 -0.253286
16 5 -0.233793
16 6 -0.208414
16 7 -0.177695
16 8 -0.142156
16 9 -0.102212
16 10 -0.0588253
16 11 -0.0125527
16 12 0.036008
16 13 0.085716
16 14 0.135865
16 15 0.185707
16 16 0.234298
16 17 0.281061
16 18 0.324876
16 19 0.365215
16 20 0.401567
16 21 0.433101
16 22 0.459705
16 23 0.480761
16 24 0.495494
16 25 0.504098
16 26 0.506021
16 27 0.501792
16 28 0.491095
16 29 0.474243
16 30 0.451383
16 31 0.422957
16 32 0.389732
16 33 0.351652
16 34 0.309722
16 35 0.264368
16 36 0.216795
16 37 0.16748
16 38 0.117043
16 39 0.0665455
16 40 0.0166843
16 41 -0.0314685
16 42 -0.0773098
16 43 -0.120269
16 44 -0.159541
16 45 -0.194483
16 46 -0.224397
16 47 -0.249021
16 48 -0.267672
16 49 -0.280301
16 50 -0.286663
16 51 -0.286467
16 52 -0.279899
16 53 -0.266962
16 54 -0.247818
16 55 -0.223128
16 56 -0.192987
16 57 -0.15795
16 58 -0.118383
16 59 -0.0754306
16 60 -0.029481
16 61 0.0188705
16 62 0.068592
16 63 0.119084
16 64 0.169342
16 65 0.218744
16 66 0.266413
16 67 0.311487
16 68 0.353455
16 69 0.391159
16 70 0.424504
16 71 0.452589
16 72 0.475053
16 73 0.491735
16 74 0.502296
16 75 0.506424
16 76 0.503792
16 77 0.494986
16 78 0.479771
16 79 0.458587
16 80 0.43192
16 81 0.400017
16 82 0.363338
16 83 0.322714
16 84 0.278521
16 85 0.231723
16 86 0.182891
16 87 0.132834
16 88 0.082522
16 89 0.0325682
16 90 -0.0160685
16 91 -0.0625408
16 92 -0.106086
16 93 -0.146023
16 94 -0.181843
16 95 -0.212604
16 96 -0.23807
16 97 -0.25782
16 98 -0.271332
16 99 -0.278511
16 100 -0.0346696
16 101 0

17 0 0
17 1 -0.0273939
17 2 -0.220073
17 3 -0.213174
17 4 -0.200028
17 5 -0.180892
17 6 -0.155914
17 7 -0.125666
17 8 -0.0905572
17 9 -0.0510686
17 10 -0.00813578
17 11 0.0375696
17 12 0.0853884
17 13 0.134432
17 14 0.183829
17 15 0.233002
17 16 0.281061
17 17 0.326957
17 18 0.369995
17 19 0.409679
17 20 0.445459
17 21 0.476478
17 22 0.502466
17 23 0.522753
17 24 0.536988
17 25 0.544924
17 26 0.546438
17 27 0.541602
17 28 0.530437
17 29 0.513208
17 30 0.48986
17 31 0.461142
17 32 0.427517
17 33 0.389362
17 34 0.347292
17 35 0.301718
17 36 0.253867
17 37 0.204348
17 38 0.153914
17 39 0.103537
17 40 0.0536917
17 41 0.00534887
17 42 -0.040552
17 43 -0.0834994
17 44 -0.122688
17 45 -0.157663
17 46 -0.187588
17 47 -0.212179
17 48 -0.230875
17 49 -0.243532
17 50 -0.249868
17 51 -0.249696
17 52 -0.243237
17 53 -0.230404
17 54 -0.211294
17 55 -0.1867
17 56 -0.156755
17 57 -0.121763
17 58 -0.0822982
17 59 -0.0394599
17 60 0.00651303
17 61 0.0548355
17 62 0.104581
17 63 0.155051
17 64 0.205213
17 65 0.254645
17 66 0.302542
17 67 0.347752
17 68 0.389839
17 69 0.427801
17 70 0.461357
17 71 0.489856
17 72 0.512727
17 73 0.529962
17 74 0.540818
17 75 0.54539
17 76 0.543476
17 77 0.535217
17 78 0.520784
17 79 0.500166
17 80 0.474112
17 81 0.442813
17 82 0.40689
17 83 0.366934
17 84 0.323643
17 85 0.277624
17 86 0.229537
17 87 0.180206
17 88 0.130498
17 89 0.0812844
17 90 0.0334341
17 91 -0.0123897
17 92 -0.0553579
17 93 -0.0947644
17 94 -0.130121
17 95 -0.160442
17 96 -0.185411
17 97 -0.204795
17 98 -0.218006
17 99 -0.225042
17 100 -0.02802
17 101 0

18 0 0
18 1 -0.0210339
18 2 -0.169029
18 3 -0.162401
18 4 -0.14958
18 5 -0.130715
18 6 -0.106206
18 7 -0.076247
18 8 -0.0415014
18 9 -0.00263752
18 10 0.0398176
18 11 0.0848553
18 12 0.131935
18 13 0.180329
18 14 0.22908
18 15 0.277541
18 16 0.324876
18 17 0.369995
18 18 0.412361
18 19 0.45148
18 20 0.486555
18 21 0.517121
18 22 0.542449
18 23 0.561997
18 24 0.575688
18 25 0.58304
18 26 0.58408
18 27 0.578661
18 28 0.567074
18 29 0.549453
18 30 0.525789
18 31 0.49681
18 32 0.462743
18 33 0.424421
18 34 0.382179
18 35 0.336579
18 36 0.288649
18 37 0.238995
18 38 0.188526
18 39 0.137968
18 40 0.0880183
18 41 0.0397481
18 42 -0.00616997
18 43 -0.0490911
18 44 -0.0882492
18 45 -0.123165
18 46 -0.153168
18 47 -0.177746
18 48 -0.196442
18 49 -0.209012
18 50 -0.21537
18 51 -0.215215
18 52 -0.208852
18 53 -0.196155
18 54 -0.177223
18 55 -0.152723
18 56 -0.122824
18 57 -0.0878506
18 58 -0.0485725
18 59 -0.00578968
18 60 0.040035
18 61 0.0883332
18 62 0.138147
18 63 0.188546
18 64 0.238752
18 65 0.288257
18 66 0.336197
18 67 0.381486
18 68 0.423704
18 69 0.461971
18 70 0.49563
18 71 0.524433
18 72 0.547749
18 73 0.56536
18 74 0.576637
18 75 0.581683
18 76 0.58039
18 77 0.572659
18 78 0.558962
18 79 0.539112
18 80 0.513609
18 81 0.483049
18 82 0.447819
18 83 0.408516
18 84 0.365862
18 85 0.320584
18 86 0.273326
18 87 0.224761
18 88 0.175749
18 89 0.127427
18 90 0.0803042
18 91 0.035039
18 92 -0.00727223
18 93 -0.0462411
18 94 -0.0810297
18 95 -0.11093
18 96 -0.135531
18 97 -0.154449
18 98 -0.167466
18 99 -0.17425
18 100 -0.0216921
18 101 0

19 0 0
19 1 -0.0151233
19 2 -0.121579
19 3 -0.115164
19 4 -0.102503
19 5 -0.0838886
19 6 -0.0596952
19 7 -0.0302028
19 8 0.00419196
19 9 0.04247
19 10 0.0842888
19 11 0.128675
19 12 0.17514
19 13 0.222837
19 14 0.271016
19 15 0.318815
19 16 0.365215
19 17 0.409679
19 18 0.45148
19 19 0.489847
19 20 0.524259
19 21 0.554124
19 22 0.578786
19 23 0.597873
19 24 0.610895
19 25 0.617698
19 26 0.618261
19 27 0.612457
19 28 0.600364
19 29 0.582384
19 30 0.558565
19 31 0.529297
19 32 0.49493
19 33 0.456328
19 34 0.413904
19 35 0.368308
19 36 0.32031
19 37 0.270675
19 38 0.220071
19 39 0.169364
19 40 0.119415
19 41 0.0711819
19 42 0.0253371
19 43 -0.0176738
19 44 -0.0568581
19 45 -0.0917518
19 46 -0.121709
19 47 -0.146257
19 48 -0.165007
19 49 -0.177643
19 50 -0.183868
19 51 -0.183892
19 52 -0.177564
19 53 -0.164907
19 54 -0.14623
19 55 -0.121813
19 56 -0.0918804
19 57 -0.0570231
19 58 -0.017814
19 59 0.0248865
19 60 0.0707144
19 61 0.118971
19 62 0.168672
19 63 0.218996
19 64 0.269255
19 65 0.318748
19 66 0.36665
19 67 0.412145
19 68 0.454465
19 69 0.49297
19 70 0.526924
19 71 0.556011
19 72 0.579529
19 73 0.597257
19 74 0.609051
19 75 0.614702
19 76 0.613914
19 77 0.606885
19 78 0.593666
19 79 0.574603
19 80 0.549759
19 81 0.519736
19 82 0.485355
19 83 0.446819
19 84 0.404786
19 85 0.360213
19 86 0.313683
19 87 0.265904
19 88 0.217778
19 89 0.170173
19 90 0.123792
19 91 0.0792526
19 92 0.0375077
19 93 -0.000920657
19 94 -0.0351848
19 95 -0.0647784
19 96 -0.0889272
19 97 -0.107556
19 98 -0.120375
19 99 -0.126914
19 100 -0.0157943
19 101 0

20 0 0
20 1 -0.00976275
20 2 -0.0784447
20 3 -0.0720812
20 4 -0.0596371
20 5 -0.0413316
20 6 -0.0174914
20 7 0.0115768
20 8 0.0454754
20 9 0.0832522
20 10 0.124492
20 11 0.168429
20 12 0.21422
20 13 0.261278
20 14 0.308742
20 15 0.355697
20 16 0.401567
20 17 0.445459
20 18 0.486555
20 19 0.524259
20 20 0.55791
20 21 0.58705
20 22 0.611131
20 23 0.629584
20 24 0.642119
20 25 0.648362
20 26 0.648485
20 27 0.642247
20 28 0.629844
20 29 0.611461
20 30 0.587337
20 31 0.5578
20 32 0.523231
20 33 0.484513
20 34 0.441992
20 35 0.396319
20 36 0.348235
20 37 0.298534
20 38 0.247966
20 39 0.19722
20 40 0.147376
20 41 0.0992871
20 42 0.0532977
20 43 0.0102299
20 44 -0.0289703
20 45 -0.0636885
20 46 -0.0936391
20 47 -0.118267
20 48 -0.137064
20 49 -0.149681
20 50 -0.155962
20 51 -0.156004
20 52 -0.149702
20 53 -0.137201
20 54 -0.118564
20 55 -0.0941767
20 56 -0.0642821
20 57 -0.0295204
20 58 0.00935449
20 59 0.0520642
20 60 0.0979463
20 61 0.146141
20 62 0.19579
20 63 0.246004
20 64 0.29621
20 65 0.34569
20 66 0.393534
20 67 0.439037
20 68 0.481451
20 69 0.520126
20 70 0.554269
20 71 0.583517
20 72 0.607358
20 73 0.625485
20 74 0.637688
20 75 0.643708
20 76 0.643448
20 77 0.636954
20 78 0.62446
20 79 0.605973
20 80 0.581851
20 81 0.552538
20 82 0.518834
20 83 0.481068
20 84 0.439873
20 85 0.396049
20 86 0.350133
20 87 0.302989
20 88 0.25558
20 89 0.208758
20 90 0.163048
20 91 0.119229
20 92 0.0781038
20 93 0.0402157
20 94 0.00645484
20 95 -0.0227145
20 96 -0.0465706
20 97 -0.0648431
20 98 -0.0773405
20 99 -0.0837504
20 100 -0.0104283
20 101 0

21 0 0
21 1 -0.00500987
21 2 -0.0402087
21 3 -0.0339518
21 4 -0.0217527
21 5 -0.00371762
21 6 0.0198829
21 7 0.0485722
21 8 0.081803
21 9 0.119252
21 10 0.159856
21 11 0.203136
21 12 0.248364
21 13 0.294805
21 14 0.341585
21 15 0.387962
21 16 0.433101
21 17 0.476478
21 18 0.517121
21 19 0.554124
21 20 0.58705
21 21 0.615385
21 22 0.638849
21 23 0.65677
21 24 0.668822
21 25 0.67461
21 26 0.674338
21 27 0.667703
21 28 0.654907
21 29 0.636108
21 30 0.611751
21 31 0.581968
21 32 0.547313
21 33 0.508397
21 34 0.465812
21 35 0.420106
21 36 0.371946
21 37 0.32214
21 38 0.271559
21 39 0.220912
21 40 0.171254
21 41 0.123164
21 42 0.0772494
21 43 0.0342522
21 44 -0.00496916
21 45 -0.0396343
21 46 -0.0694852
21 47 -0.0940144
21 48 -0.112862
21 49 -0.125685
21 50 -0.132018
21 51 -0.132049
21 52 -0.125723
21 53 -0.113158
21 54 -0.0946109
21 55 -0.0703297
21 56 -0.0406375
21 57 -0.00610678
21 58 0.0327571
21 59 0.0754285
21 60 0.121154
21 61 0.169129
21 62 0.218564
21 63 0.268691
21 64 0.318971
21 65 0.368428
21 66 0.416375
21 67 0.461932
21 68 0.504274
21 69 0.542877
21 70 0.577268
21 71 0.606802
21 72 0.630917
21 73 0.649393
21 74 0.66201
21 75 0.668374
21 76 0.668602
21 77 0.66265
21 78 0.650631
21 79 0.632751
21 80 0.6095
21 81 0.580889
21 82 0.547924
21 83 0.510788
21 84 0.470203
21 85 0.426955
21 86 0.38172
21 87 0.335445
21 88 0.288762
21 89 0.242583
21 90 0.1975
21 91 0.154441
21 92 0.113829
21 93 0.076661
21 94 0.0433696
21 95 0.0145913
21 96 -0.00898062
21 97 -0.0269508
21 98 -0.0392226
21 99 -0.0454256
21 100 -0.00565027
21 101 0

22 0 0
22 1 -0.000930962
22 2 -0.0074556
22 3 -0.00130857
22 4 0.0107239
22 5 0.0285113
22 6 0.0519266
22 7 0.0802699
22 8 0.113089
22 9 0.149899
22 10 0.190244
22 11 0.232933
22 12 0.277543
22 13 0.323383
22 14 0.369515
22 15 0.415101
22 16 0.459705
22 17 0.502466
22 18 0.542449
22 19 0.578786
22 20 0.611131
22 21 0.638849
22 22 0.661664
22 23 0.678921
22 24 0.690475
22 25 0.695981
22 26 0.695169
22 27 0.688053
22 28 0.675108
22 29 0.656086
22 30 0.631392
22 31 0.601478
22 32 0.566631
22 33 0.527632
22 34 0.484839
22 35 0.439189
22 36 0.391003
22 37 0.341244
22 38 0.290756
22 39 0.240215
22 40 0.190656
22 41 0.142679
22 42 0.0969288
22 43 0.0541858
22 44 0.0149666
22 45 -0.0196229
22 46 -0.0495052
22 47 -0.0740533
22 48 -0.09289
22 49 -0.105665
22 50 -0.112106
22 51 -0.112054
22 52 -0.105802
22 53 -0.0933932
22 54 -0.0749049
22 55 -0.0506382
22 56 -0.0211736
22 57 0.0133969
22 58 0.0520202
22 59 0.094463
22 60 0.139974
22 61 0.187684
22 62 0.236973
22 63 0.287069
22 64 0.337142
22 65 0.386584
22 66 0.434529
22 67 0.48011
22 68 0.522408
22 69 0.561156
22 70 0.595567
22 71 0.625232
22 72 0.649758
22 73 0.668642
22 74 0.681491
22 75 0.688234
22 76 0.688928
22 77 0.683407
22 78 0.671951
22 79 0.654636
22 80 0.632002
22 81 0.604319
22 82 0.571988
22 83 0.535364
22 84 0.495555
22 85 0.453006
22 86 0.408515
22 87 0.362982
22 88 0.317142
22 89 0.271571
22 90 0.227122
22 91 0.184529
22 92 0.144597
22 93 0.107753
22 94 0.07507
22 95 0.0467801
22 96 0.023471
22 97 0.00563589
22 98 -0.00642529
22 99 -0.0124833
22 100 -0.00155113
22 101 0

23 0 0
23 1 0.00242348
23 2 0.019411
23 3 0.0253582
23 4 0.0373011
23 5 0.0549236
23 6 0.0779987
23 7 0.106108
23 8 0.138538
23 9 0.174906
23 10 0.214679
23 11 0.256889
23 12 0.301025
23 13 0.346113
23 14 0.391734
23 15 0.436864
23 16 0.480761
23 17 0.522753
23 18 0.561997
23 19 0.597873
23 20 0.629584
23 21 0.65677
23 22 0.678921
23 23 0.695627
23 24 0.706687
23 25 0.711696
23 26 0.710506
23 27 0.703115
23 28 0.689902
23 29 0.670521
23 30 0.645693
23 31 0.615604
23 32 0.58075
23 33 0.541746
23 34 0.498999
23 35 0.453341
23 36 0.405158
23 37 0.3555
23 38 0.305086
23 39 0.254728
23 40 0.205462
23 41 0.157435
23 42 0.111849
23 43 0.0693612
23 44 0.0303548
23 45 -0.00422857
23 46 -0.0339436
23 47 -0.0584115
23 48 -0.0773059
23 49 -0.0900793
23 50 -0.09653
23 51 -0.0967221
23 52 -0.0904266
23 53 -0.0779514
23 54 -0.0595241
23 55 -0.0353851
23 56 -0.00600392
23 57 0.0282799
23 58 0.0667095
23 59 0.108873
23 60 0.154064
23 61 0.201562
23 62 0.250743
23 63 0.300618
23 64 0.350627
23 65 0.399877
23 66 0.447704
23 67 0.49324
23 68 0.53553
23 69 0.574241
23 70 0.608773
23 71 0.638568
23 72 0.663182
23 73 0.682261
23 74 0.695686
23 75 0.702727
23 76 0.703811
23 77 0.698975
23 78 0.68795
23 79 0.671177
23 80 0.649093
23 81 0.622023
23 82 0.590325
23 83 0.554521
23 84 0.515403
23 85 0.473568
23 86 0.429841
23 87 0.38496
23 88 0.339674
23 89 0.294791
23 90 0.251069
23 91 0.209065
23 92 0.169645
23 93 0.133309
23 94 0.100918
23 95 0.0730633
23 96 0.0501825
23 97 0.0325782
23 98 0.0206192
23 99 0.0146118
23 100 0.00181537
23 101 0

24 0 0
24 1 0.00498289
24 2 0.0400224
24 3 0.0459233
24 4 0.057677
24 5 0.075091
24 6 0.097913
24 7 0.12572
24 8 0.157679
24 9 0.193687
24 10 0.232783
24 11 0.274578
24 12 0.318136
24 13 0.362676
24 14 0.407629
24 15 0.452204
24 16 0.495494
24 17 0.536988
24 18 0.575688
24 19 0.610895
24 20 0.642119
24 21 0.668822
24 22 0.690475
24 23 0.706687
24 24 0.717096
24 25 0.721909
24 26 0.720329
24 27 0.712877
24 28 0.699233
24 29 0.679743
24 30 0.654679
24 31 0.624367
24 32 0.58955
24 33 0.550414
24 34 0.507801
24 35 0.462035
24 36 0.414066
24 37 0.364534
24 38 0.314415
24 39 0.264262
24 40 0.215122
24 41 0.167425
24 42 0.122046
24 43 0.0796292
24 44 0.040906
24 45 0.00645228
24 46 -0.0231548
24 47 -0.0475125
24 48 -0.0662068
24 49 -0.0789391
24 50 -0.0855518
24 51 -0.0858346
24 52 -0.079593
24 53 -0.0671833
24 54 -0.0488125
24 55 -0.0248783
24 56 0.00436974
24 57 0.0384032
24 58 0.0766556
24 59 0.118407
24 60 0.163374
24 61 0.210607
24 62 0.259605
24 63 0.309207
24 64 0.358969
24 65 0.408035
24 66 0.455654
24 67 0.501006
24 68 0.543459
24 69 0.582028
24 70 0.61673
24 71 0.646649
24 72 0.671454
24 73 0.690886
24 74 0.704346
24 75 0.711874
24 76 0.713281
24 77 0.708752
24 78 0.698085
24 79 0.681959
24 80 0.660468
24 81 0.634061
24 82 0.602871
24 83 0.567734
24 84 0.529264
24 85 0.48807
24 86 0.44492
24 87 0.400788
24 88 0.356173
24 89 0.311866
24 90 0.268733
24 91 0.227381
24 92 0.188386
24 93 0.152762
24 94 0.120695
24 95 0.0932401
24 96 0.0706254
24 97 0.0533027
24 98 0.0415499
24 99 0.0355692
24 100 0.00441599
24 101 0

25 0 0
25 1 0.00672827
25 2 0.0541352
25 3 0.0600356
25 4 0.0716453
25 5 0.0887692
25 6 0.111207
25 7 0.138805
25 8 0.170472
25 9 0.20606
25 10 0.244574
25 11 0.28578
25 12 0.328729
25 13 0.372889
25 14 0.417287
25 15 0.461314
25 16 0.504098
25 17 0.544924
25 18 0.58304
25 19 0.617698
25 20 0.648362
25 21 0.67461
25 22 0.695981
25 23 0.711696
25 24 0.721909
25 25 0.726097
25 26 0.724276
25 27 0.71653
25 28 0.702822
25 29 0.683128
25 30 0.658023
25 31 0.627661
25 32 0.592737
25 33 0.55353
25 34 0.510867
25 35 0.465347
25 36 0.417559
25 37 0.368267
25 38 0.318537
25 39 0.268553
25 40 0.219618
25 41 0.172097
25 42 0.126934
25 43 0.0847969
25 44 0.04638
25 45 0.0121478
25 46 -0.0173578
25 47 -0.0415926
25 48 -0.0601161
25 49 -0.0728082
25 50 -0.0792486
25 51 -0.0796019
25 52 -0.0734206
25 53 -0.0612438
25 54 -0.0430453
25 55 -0.0193329
25 56 0.00959594
25 57 0.0433733
25 58 0.0814026
25 59 0.122953
25 60 0.167589
25 61 0.214532
25 62 0.263229
25 63 0.312504
25 64 0.362097
25 65 0.410827
25 66 0.458289
25 67 0.503446
25 68 0.545815
25 69 0.58452
25 70 0.619129
25 71 0.649157
25 72 0.674115
25 73 0.693618
25 74 0.707286
25 75 0.715062
25 76 0.716968
25 77 0.712666
25 78 0.702649
25 79 0.686927
25 80 0.665838
25 81 0.639744
25 82 0.609275
25 83 0.574659
25 84 0.536857
25 85 0.496473
25 86 0.45402
25 87 0.410407
25 88 0.366339
25 89 0.322783
25 90 0.280121
25 91 0.239397
25 92 0.200944
25 93 0.165755
25 94 0.134116
25 95 0.10706
25 96 0.0846561
25 97 0.0675611
25 98 0.0559572
25 99 0.0501448
25 100 0.00623907
25 101 0

26 0 0
26 1 0.00765267
26 2 0.0615377
26 3 0.0673552
26 4 0.0789791
26 5 0.0959554
26 6 0.118143
26 7 0.145241
26 8 0.176501
26 9 0.211704
26 10 0.249817
26 11 0.290642
26 12 0.333182
26 13 0.376732
26 14 0.420614
26 15 0.463896
26 16 0.506021
26 17 0.546438
26 18 0.58408
26 19 0.618261
26 20 0.648485
26 21 0.674338
26 22 0.695169
26 23 0.710506
26 24 0.720329
26 25 0.724276
26 26 0.722282
26 27 0.714422
26 28 0.700363
26 29 0.680603
26 30 0.655449
26 31 0.625118
26 32 0.590161
26 33 0.55108
26 34 0.508459
26 35 0.463087
26 36 0.415625
26 37 0.366706
26 38 0.317191
26 39 0.267622
26 40 0.218948
26 41 0.171802
26 42 0.126828
26 43 0.0849069
26 44 0.046649
26 45 0.012494
26 46 -0.0166428
26 47 -0.0405623
26 48 -0.059022
26 49 -0.0716646
