0 0 0
0 1 0
0 2 0
0 3 0
0 4 0
0 5 0
0 6 0
0 7 0
0 8 0
0 9 0
0 10 0
0 11 0
0 12 0
0 13 0
0 14 0
0 15 0
0 16 0
0 17 0
0 18 0
0 19 0
0 20 0
0 21 0
0 22 0
0 23 0
0 24 0
0 25 0
0 26 0
0 27 0
0 28 0
0 29 0
0 30 0
0 31 0
0 32 0
0 33 0
0 34 0
0 35 0
0 36 0
0 37 0
0 38 0
0 39 0
0 40 0
0 41 0
0 42 0
0 43 0
0 44 0
0 45 0
0 46 0
0 47 0
0 48 0
0 49 0
0 50 0
0 51 0
0 52 0
0 53 0
0 54 0
0 55 0
0 56 0
0 57 0
0 58 0
0 59 0
0 60 0
0 61 0
0 62 0
0 63 0
0 64 0
0 65 0
0 66 0
0 67 0
0 68 0
0 69 0
0 70 0
0 71 0
0 72 0
0 73 0
0 74 0
0 75 0
0 76 0
0 77 0
0 78 0
0 79 0
0 80 0
0 81 0
0 82 0
0 83 0
0 84 0
0 85 0
0 86 0
0 87 0
0 88 0
0 89 0
0 90 0
0 91 0
0 92 0
0 93 0
0 94 0
0 95 0
0 96 0
0 97 0
0 98 0
0 99 0
0 100 0
0 101 0

1 0 0
1 1 0
1 2 0.149281
1 3 0.147746
1 4 0.145012
1 5 0.141106
1 6 0.136094
1 7 0.130067
1 8 0.123113
1 9 0.115328
1 10 0.106841
1 11 0.0977935
1 12 0.0883251
1 13 0.0785841
1 14 0.0687223
1 15 0.0589128
1 16 0.0492875
1 17 0.0400143
1 18 0.0312329
1 19 0.0230835
1 20 0.0156891
1 21 0.00917577
1 22 0.00362795
1 23 -0.000865387
1 24 -0.00423394
1 25 -0.00643324
1 26 -0.00742267
1 27 -0.00720882
1 28 -0.00579841
1 29 -0.00320694
1 30 0.000508377
1 31 0.00528456
1 32 0.0110278
1 33 0.0176439
1 34 0.0250305
1 35 0.0330418
1 36 0.0415551
1 37 0.0504196
1 38 0.0594893
1 39 0.0686118
1 40 0.0776305
1 41 0.0863989
1 42 0.0947649
1 43 0.102588
1 44 0.10974
1 45 0.116098
1 46 0.121565
1 47 0.126035
1 48 0.12944
1 49 0.131719
1 50 0.132844
1 51 0.132791
1 52 0.131562
1 53 0.12917
1 54 0.125658
1 55 0.121078
1 56 0.115515
1 57 0.109062
1 58 0.101828
1 59 0.0939235
1 60 0.085488
1 61 0.0766578
1 62 0.067579
1 63 0.0584002
1 64 0.049284
1 65 0.0403861
1 66 0.0318515
1 67 0.0238198
1 68 0.0164274
1 69 0.00979437
1 70 0.00405082
1 71 -0.000705869
1 72 -0.00441501
1 73 -0.0069867
1 74 -0.00837479
1 75 -0.00855302
1 76 -0.00750715
1 77 -0.00526608
1 78 -0.00184807
1 79 0.00269898
1 80 0.00830792
1 81 0.014896
1 82 0.0223518
1 83 0.0305697
1 84 0.0394163
1 85 0.0487626
1 86 0.0584483
1 87 0.068329
1 88 0.078251
1 89 0.0880568
1 90 0.0975768
1 91 0.106677
1 92 0.115213
1 93 0.12305
1 94 0.130055
1 95 0.136123
1 96 0.141157
1 97 0.145079
1 98 0.147831
1 99 0.149362
1 100 0
1 101 0

2 0 0
2 1 0.149281
2 2 1.19969
2 3 1.18739
2 4 1.16538
2 5 1.134
2 6 1.09376
2 7 1.04528
2 8 0.989347
2 9 0.926794
2 10 0.858619
2 11 0.785905
2 12 0.709803
2 13 0.631517
2 14 0.5523
2 15 0.473409
2 16 0.396084
2 17 0.321553
2 18 0.251
2 19 0.185515
2 20 0.126122
2 21 0.0737351
2 22 0.0291543
2 23 -0.00695049
2 24 -0.0340386
2 25 -0.0516968
2 26 -0.0596888
2 27 -0.0579588
2 28 -0.046588
2 29 -0.0257869
2 30 0.00406129
2 31 0.0424188
2 32 0.0885972
2 33 0.141796
2 34 0.201105
2 35 0.265513
2 36 0.333914
2 37 0.405161
2 38 0.478056
2 39 0.551368
2 40 0.623869
2 41 0.694334
2 42 0.761571
2 43 0.824451
2 44 0.881926
2 45 0.933036
2 46 0.97692
2 47 1.01284
2 48 1.0402
2 49 1.05856
2 50 1.06759
2 51 1.06716
2 52 1.05725
2 53 1.03802
2 54 1.0098
2 55 0.973038
2 56 0.928352
2 57 0.876501
2 58 0.818337
2 59 0.754817
2 60 0.687001
2 61 0.616016
2 62 0.543047
2 63 0.469313
2 64 0.39606
2 65 0.324523
2 66 0.255905
2 67 0.191357
2 68 0.131952
2 69 0.0787066
2 70 0.0325475
2 71 -0.00573355
2 72 -0.0354829
2 73 -0.0561373
2 74 -0.0673007
2 75 -0.0687432
2 76 -0.0603947
2 77 -0.0423501
2 78 -0.0148562
2 79 0.0217023
2 80 0.0667822
2 81 0.119694
2 82 0.179632
2 83 0.245663
2 84 0.316769
2 85 0.391843
2 86 0.469701
2 87 0.549117
2 88 0.628851
2 89 0.707627
2 90 0.784184
2 91 0.857328
2 92 0.925918
2 93 0.988862
2 94 1.04516
2 95 1.09392
2 96 1.13438
2 97 1.16591
2 98 1.18801
2 99 1.20036
2 100 0.149362
2 101 0

3 0 0
3 1 0.147746
3 2 1.18739
3 3 1.17516
3 4 1.15319
3 5 1.12192
3 6 1.08183
3 7 1.03344
3 8 0.977592
3 9 0.915222
3 10 0.847265
3 11 0.77474
3 12 0.698833
3 13 0.620752
3 14 0.541781
3 15 0.463042
3 16 0.385958
3 17 0.311632
3 18 0.241303
3 19 0.176023
3 20 0.116833
3 21 0.0645564
3 22 0.0201207
3 23 -0.015853
3 24 -0.042839
3 25 -0.060392
3 26 -0.0683647
3 27 -0.0665772
3 28 -0.055138
3 29 -0.0343643
3 30 -0.00455085
3 31 0.0337397
3 32 0.0798929
3 33 0.133063
3 34 0.192235
3 35 0.25656
3 36 0.324845
3 37 0.395997
3 38 0.468785
3 39 0.541983
3 40 0.614391
3 41 0.684744
3 42 0.75187
3 43 0.814655
3 44 0.872031
3 45 0.923054
3 46 0.966803
3 47 1.00265
3 48 1.02997
3 49 1.04834
3 50 1.05737
3 51 1.05692
3 52 1.04699
3 53 1.0278
3 54 0.999637
3 55 0.963007
3 56 0.918439
3 57 0.866701
3 58 0.808613
3 59 0.745206
3 60 0.677465
3 61 0.606572
3 62 0.53372
3 63 0.460148
3 64 0.387018
3 65 0.315558
3 66 0.247015
3 67 0.182562
3 68 0.123258
3 69 0.0701569
3 70 0.0240485
3 71 -0.0142586
3 72 -0.0439232
3 73 -0.0645687
3 74 -0.0757713
3 75 -0.0772762
3 76 -0.0690559
3 77 -0.0510623
3 78 -0.0236387
3 79 0.0128073
3 80 0.0577379
3 81 0.110455
3 82 0.170231
3 83 0.236052
3 84 0.30696
3 85 0.381782
3 86 0.459442
3 87 0.538651
3 88 0.618163
3 89 0.696702
3 90 0.773111
3 91 0.846071
3 92 0.914458
3 93 0.97719
3 94 1.03334
3 95 1.08197
3 96 1.12231
3 97 1.15375
3 98 1.17577
3 99 1.18811
3 100 0.147844
3 101 0

4 0 0
4 1 0.145012
4 2 1.16538
4 3 1.15319
4 4 1.13131
4 5 1.10018
4 6 1.06026
4 7 1.01207
4 8 0.956439
4 9 0.894284
4 10 0.82657
4 11 0.754291
4 12 0.67862
4 13 0.600785
4 14 0.522016
4 15 0.443526
4 16 0.36668
4 17 0.292665
4 18 0.222554
4 19 0.157523
4 20 0.0985447
4 21 0.046487
4 22 0.0022182
4 23 -0.0335455
4 24 -0.0603416
4 25 -0.0777647
4 26 -0.0856801
4 27 -0.0838251
4 28 -0.0722845
4 29 -0.051405
4 30 -0.0215281
4 31 0.0167607
4 32 0.0628811
4 33 0.115984
4 34 0.175115
4 35 0.239356
4 36 0.307565
4 37 0.378614
4 38 0.451297
4 39 0.52443
4 40 0.596761
4 41 0.667021
4 42 0.73409
4 43 0.796759
4 44 0.854045
4 45 0.904963
4 46 0.948662
4 47 0.984516
4 48 1.01184
4 49 1.03018
4 50 1.0392
4 51 1.03874
4 52 1.02886
4 53 1.00969
4 54 0.981573
4 55 0.944992
4 56 0.900507
4 57 0.848806
4 58 0.790792
4 59 0.727479
4 60 0.659886
4 61 0.589096
4 62 0.516324
4 63 0.442832
4 64 0.369808
4 65 0.298468
4 66 0.23003
4 67 0.165613
4 68 0.106352
4 69 0.0533175
4 70 0.00724208
4 71 -0.0310583
4 72 -0.0607329
4 73 -0.0814448
4 74 -0.0927377
4 75 -0.0943146
4 76 -0.0862054
4 77 -0.0683633
4 78 -0.0411292
4 79 -0.00489024
4 80 0.039834
4 81 0.0923725
4 82 0.151892
4 83 0.217511
4 84 0.288146
4 85 0.362697
4 86 0.440081
4 87 0.519068
4 88 0.598313
4 89 0.676594
4 90 0.752757
4 91 0.825479
4 92 0.893609
4 93 0.956086
4 94 1.01199
4 95 1.06045
4 96 1.10065
4 97 1.13199
4 98 1.15391
4 99 1.1662
4 100 0.14512
4 101 0

5 0 0
5 1 0.141106
5 2 1.134
5 3 1.12192
5 4 1.10018
5 5 1.06919
5 6 1.02943
5 7 0.981527
5 8 0.926143
5 9 0.864195
5 10 0.796689
5 11 0.724681
5 12 0.649277
5 13 0.571755
5 14 0.493339
5 15 0.415175
5 16 0.338677
5 17 0.26491
5 18 0.19511
5 19 0.130328
5 20 0.0716616
5 21 0.0199021
5 22 -0.0241255
5 23 -0.0596889
5 24 -0.0863022
5 25 -0.103542
5 26 -0.111284
5 27 -0.109284
5 28 -0.0976176
5 29 -0.0766096
5 30 -0.0466399
5 31 -0.00832841
5 32 0.0377672
5 33 0.0908727
5 34 0.150018
5 35 0.214292
5 36 0.282446
5 37 0.35344
5 38 0.426052
5 39 0.499135
5 40 0.571352
5 41 0.641512
5 42 0.708497
5 43 0.771101
5 44 0.828297
5 45 0.879181
5 46 0.922844
5 47 0.958699
5 48 0.985959
5 49 1.00421
5 50 1.01321
5 51 1.0128
5 52 1.00298
5 53 0.983884
5 54 0.955787
5 55 0.91925
5 56 0.874821
5 57 0.823216
5 58 0.765263
5 59 0.702048
5 60 0.634588
5 61 0.563945
5 62 0.491245
5 63 0.417847
5 64 0.344889
5 65 0.273654
5 66 0.205221
5 67 0.14079
5 68 0.0815181
5 69 0.0284678
5 70 -0.0175954
5 71 -0.0558809
5 72 -0.0856241
5 73 -0.106433
5 74 -0.117826
5 75 -0.119538
5 76 -0.111603
5 77 -0.0939795
5 78 -0.067001
5 79 -0.0309893
5 80 0.0135139
5 81 0.0657672
5 82 0.124996
5 83 0.190303
5 84 0.260688
5 85 0.334891
5 86 0.41196
5 87 0.490593
5 88 0.569507
5 89 0.647443
5 90 0.723279
5 91 0.795759
5 92 0.863642
5 93 0.925866
5 94 0.981515
5 95 1.02976
5 96 1.06979
5 97 1.101
5 98 1.1228
5 99 1.13496
5 100 0.141227
5 101 0

6 0 0
6 1 0.136094
6 2 1.09376
6 3 1.08183
6 4 1.06026
6 5 1.02943
6 6 0.989803
6 7 0.942161
6 8 0.887032
6 9 0.82534
6 10 0.758107
6 11 0.686404
6 12 0.611376
6 13 0.534201
6 14 0.45614
6 15 0.378413
6 16 0.30225
6 17 0.228876
6 18 0.159395
6 19 0.0949728
6 20 0.0365739
6 21 -0.0148019
6 22 -0.0584919
6 23 -0.0938012
6 24 -0.120147
6 25 -0.13716
6 26 -0.144613
6 27 -0.142436
6 28 -0.130694
6 29 -0.109557
6 30 -0.0794818
6 31 -0.0410391
6 32 0.00510936
6 33 0.0582154
6 34 0.117429
6 35 0.181684
6 36 0.249843
6 37 0.320807
6 38 0.393397
6 39 0.466427
6 40 0.538585
6 41 0.608677
6 42 0.675623
6 43 0.738187
6 44 0.795313
6 45 0.846116
6 46 0.889717
6 47 0.925527
6 48 0.952776
6 49 0.97102
6 50 0.980041
6 51 0.979598
6 52 0.969836
6 53 0.950767
6 54 0.922708
6 55 0.88623
6 56 0.841902
6 57 0.790419
6 58 0.732599
6 59 0.669422
6 60 0.602012
6 61 0.531435
6 62 0.458811
6 63 0.38548
6 64 0.312598
6 65 0.241368
6 66 0.172991
6 67 0.108598
6 68 0.0493252
6 69 -0.00381063
6 70 -0.0499677
6 71 -0.0883145
6 72 -0.11819
6 73 -0.139083
6 74 -0.150587
6 75 -0.152479
6 76 -0.144749
6 77 -0.12743
6 78 -0.100729
6 79 -0.0650255
6 80 -0.0208317
6 81 0.0311121
6 82 0.0899528
6 83 0.15493
6 84 0.224919
6 85 0.298787
6 86 0.375451
6 87 0.453738
6 88 0.53226
6 89 0.609824
6 90 0.685251
6 91 0.757362
6 92 0.82494
6 93 0.88693
6 94 0.942367
6 95 0.990372
6 96 1.03015
6 97 1.06118
6 98 1.08285
6 99 1.09488
6 100 0.136239
6 101 0

7 0 0
7 1 0.130067
7 2 1.04528
7 3 1.03344
7 4 1.01207
7 5 0.981527
7 6 0.942161
7 7 0.894686
7 8 0.839822
7 9 0.778418
7 10 0.711528
7 11 0.640289
7 12 0.565664
7 13 0.488874
7 14 0.411155
7 15 0.333853
7 16 0.258128
7 17 0.185167
7 18 0.116091
7 19 0.0520267
7 20 -0.00604472
7 21 -0.0570664
7 22 -0.100355
7 23 -0.135314
7 24 -0.161372
7 25 -0.178097
7 26 -0.185247
7 27 -0.182835
7 28 -0.170926
7 29 -0.149632
7 30 -0.119379
7 31 -0.0808109
7 32 -0.0345531
7 33 0.018613
7 34 0.0778727
7 35 0.142165
7 36 0.210336
7 37 0.281265
7 38 0.353803
7 39 0.426822
7 40 0.498955
7 41 0.568991
7 42 0.635893
7 43 0.69845
7 44 0.755579
7 45 0.806354
7 46 0.849935
7 47 0.8857
7 48 0.912945
7 49 0.931201
7 50 0.940234
7 51 0.939814
7 52 0.93008
7 53 0.911025
7 54 0.883
7 55 0.84659
7 56 0.802338
7 57 0.750882
7 58 0.693139
7 59 0.630045
7 60 0.562681
7 61 0.492147
7 62 0.419578
7 63 0.346288
7 64 0.273459
7 65 0.202267
7 66 0.133913
7 67 0.0695413
7 68 0.0102108
7 69 -0.0430365
7 70 -0.0892821
7 71 -0.12773
7 72 -0.157764
7 73 -0.178816
7 74 -0.190529
7 75 -0.19267
7 76 -0.185182
7 77 -0.168143
7 78 -0.141763
7 79 -0.106426
7 80 -0.0625992
7 81 -0.0110274
7 82 0.047466
7 83 0.111992
7 84 0.181519
7 85 0.254996
7 86 0.331233
7 87 0.409102
7 88 0.487235
7 89 0.564383
7 90 0.63936
7 91 0.711074
7 92 0.778287
7 93 0.839974
7 94 0.895156
7 95 0.94287
7 96 0.982409
7 97 1.0132
7 98 1.03472
7 99 1.04659
7 100 0.130229
7 101 0

8 0 0
8 1 0.123113
8 2 0.989347
8 3 0.977592
8 4 0.956439
8 5 0.926143
8 6 0.887032
8 7 0.839822
8 8 0.785272
8 9 0.724242
8 10 0.657773
8 11 0.586905
8 12 0.512734
8 13 0.436347
8 14 0.359114
8 15 0.282266
8 16 0.206987
8 17 0.134444
8 18 0.065804
8 19 0.00220296
8 20 -0.0554394
8 21 -0.106099
8 22 -0.149012
8 23 -0.183597
8 24 -0.209284
8 25 -0.22571
8 26 -0.232572
8 27 -0.229866
8 28 -0.217704
8 29 -0.196173
8 30 -0.165749
8 31 -0.127009
8 32 -0.0806252
8 33 -0.0273603
8 34 0.032005
8 35 0.0962983
8 36 0.164512
8 37 0.235462
8 38 0.30804
8 39 0.381035
8 40 0.453187
8 41 0.523195
8 42 0.590047
8 43 0.652595
8 44 0.709727
8 45 0.760501
8 46 0.804117
8 47 0.839851
8 48 0.867039
8 49 0.885289
8 50 0.894321
8 51 0.893966
8 52 0.884278
8 53 0.865288
8 54 0.837307
8 55 0.800934
8 56 0.756717
8 57 0.705305
8 58 0.647602
8 59 0.58456
8 60 0.517238
8 61 0.446764
8 62 0.374245
8 63 0.300918
8 64 0.228145
8 65 0.156944
8 66 0.0886075
8 67 0.0242046
8 68 -0.0351896
8 69 -0.0885604
8 70 -0.134937
8 71 -0.17353
8 72 -0.203747
8 73 -0.225053
8 74 -0.237022
8 75 -0.239422
8 76 -0.232217
8 77 -0.215479
8 78 -0.189419
8 79 -0.154451
8 80 -0.111062
8 81 -0.0599494
8 82 -0.0018995
8 83 0.0621592
8 84 0.131226
8 85 0.204271
8 86 0.280042
8 87 0.357385
8 88 0.435033
8 89 0.511725
8 90 0.586334
8 91 0.657633
8 92 0.724437
8 93 0.785708
8 94 0.840526
8 95 0.887932
8 96 0.927254
8 97 0.957842
8 98 0.979164
8 99 0.990857
8 100 0.123291
8 101 0

9 0 0
9 1 0.115328
9 2 0.926794
9 3 0.915222
9 4 0.894284
9 5 0.864195
9 6 0.82534
9 7 0.778418
9 8 0.724242
9 9 0.663639
9 10 0.597545
9 11 0.527098
9 12 0.453366
9 13 0.377512
9 14 0.300777
9 15 0.224439
9 16 0.149609
9 17 0.0775613
9 18 0.00939734
9 19 -0.0536568
9 20 -0.110789
9 21 -0.161071
9 22 -0.203585
9 23 -0.237762
9 24 -0.263035
9 25 -0.279086
9 26 -0.285626
9 27 -0.282618
9 28 -0.270113
9 29 -0.248338
9 30 -0.217744
9 31 -0.178822
9 32 -0.132263
9 33 -0.0788746
9 34 -0.0194297
9 35 0.0449341
9 36 0.113184
9 37 0.184219
9 38 0.256886
9 39 0.32987
9 40 0.402001
9 41 0.472014
9 42 0.538855
9 43 0.601417
9 44 0.658518
9 45 0.709257
9 46 0.752885
9 47 0.78863
9 48 0.815839
9 49 0.834107
9 50 0.843146
9 51 0.842811
9 52 0.833159
9 53 0.81421
9 54 0.786266
9 55 0.749929
9 56 0.705785
9 57 0.654376
9 58 0.596704
9 59 0.533747
9 60 0.466473
9 61 0.396057
9 62 0.323611
9 63 0.25029
9 64 0.177476
9 65 0.106212
9 66 0.0377754
9 67 -0.0267053
9 68 -0.0861363
9 69 -0.139558
9 70 -0.186084
9 71 -0.224853
9 72 -0.255314
9 73 -0.276845
9 74 -0.289084
9 75 -0.291798
9 76 -0.28494
9 77 -0.268643
9 78 -0.242957
9 79 -0.208372
9 80 -0.165421
9 81 -0.11481
9 82 -0.0572319
9 83 0.00630649
9 84 0.0748376
9 85 0.147387
9 86 0.222625
9 87 0.299465
9 88 0.376575
9 89 0.452806
9 90 0.526918
9 91 0.597773
9 92 0.664136
9 93 0.725016
9 94 0.779479
9 95 0.82652
9 96 0.865546
9 97 0.895883
9 98 0.917001
9 99 0.92855
9 100 0.115541
9 101 0

10 0 0
10 1 0.106841
10 2 0.858619
10 3 0.847265
10 4 0.82657
10 5 0.796689
10 6 0.758107
10 7 0.711528
10 8 0.657773
10 9 0.597545
10 10 0.531897
10 11 0.461871
10 12 0.388666
10 13 0.313329
10 14 0.237158
10 15 0.16135
10 16 0.0870915
10 17 0.0155653
10 18 -0.0520707
10 19 -0.114686
10 20 -0.171295
10 21 -0.221075
10 22 -0.263115
10 23 -0.296828
10 24 -0.321711
10 25 -0.337348
10 26 -0.34353
10 27 -0.34016
10 28 -0.327295
10 29 -0.305299
10 30 -0.274505
10 31 -0.235376
10 32 -0.188592
10 33 -0.135027
10 34 -0.0754749
10 35 -0.0109896
10 36 0.0573583
10 37 0.128421
10 38 0.201138
10 39 0.2741
10 40 0.346223
10 41 0.416243
10 42 0.483102
10 43 0.545635
10 44 0.602736
10 45 0.653418
10 46 0.697021
10 47 0.732794
10 48 0.760034
10 49 0.778394
10 50 0.787479
10 51 0.787179
10 52 0.777495
10 53 0.758555
10 54 0.730637
10 55 0.694356
10 56 0.650238
10 57 0.598879
10 58 0.54126
10 59 0.478405
10 60 0.411214
10 61 0.340826
10 62 0.268411
10 63 0.195057
10 64 0.122283
10 65 0.050958
10 66 -0.017571
10 67 -0.0821488
10 68 -0.141675
10 69 -0.195185
10 70 -0.241859
10 71 -0.28086
10 72 -0.311516
10 73 -0.333375
10 74 -0.34591
10 75 -0.348983
10 76 -0.342518
10 77 -0.326569
10 78 -0.301358
10 79 -0.267246
10 80 -0.224821
10 81 -0.174705
10 82 -0.117614
10 83 -0.0546095
10 84 0.0134052
10 85 0.0853513
10 86 0.160024
10 87 0.236253
10 88 0.312834
10 89 0.388511
10 90 0.462097
10 91 0.532439
10 92 0.598388
10 93 0.658878
10 94 0.712992
10 95 0.759636
10 96 0.798302
10 97 0.828376
10 98 0.849258
10 99 0.860648
10 100 0.107094
10 101 0

11 0 0
11 1 0.0977935
11 2 0.785905
11 3 0.77474
11 4 0.754291
11 5 0.724681
11 6 0.686404
11 7 0.640289
11 8 0.586905
11 9 0.527098
11 10 0.461871
11 11 0.392301
11 12 0.319623
11 13 0.244866
11 14 0.169238
11 15 0.0940091
11 16 0.0203012
11 17 -0.0506479
11 18 -0.117688
11 19 -0.179793
11 20 -0.235895
11 21 -0.285148
11 22 -0.326686
11 23 -0.359937
11 24 -0.384331
11 25 -0.399522
11 26 -0.405301
11 27 -0.401521
11 28 -0.388338
11 29 -0.366071
11 30 -0.335046
11 31 -0.295666
11 32 -0.248685
11 33 -0.194918
11 34 -0.135249
11 35 -0.0706021
11 36 -0.00217701
11 37 0.068974
11 38 0.141715
11 39 0.214707
11 40 0.286865
11 41 0.356946
11 42 0.423724
11 43 0.486229
11 44 0.543312
11 45 0.594018
11 46 0.637618
11 47 0.673383
11 48 0.700637
11 49 0.719041
11 50 0.728177
11 51 0.727886
11 52 0.718235
11 53 0.699335
11 54 0.671507
11 55 0.635258
11 56 0.591122
11 57 0.539808
11 58 0.4823
11 59 0.419523
11 60 0.352319
11 61 0.281955
11 62 0.20954
11 63 0.136242
11 64 0.0634206
11 65 -0.00790727
11 66 -0.0765095
11 67 -0.141173
11 68 -0.200824
11 69 -0.25447
11 70 -0.301386
11 71 -0.340585
11 72 -0.371508
11 73 -0.393663
11 74 -0.406576
11 75 -0.409995
11 76 -0.403934
11 77 -0.388426
11 78 -0.363664
11 79 -0.330097
11 80 -0.288209
11 81 -0.238627
11 82 -0.182076
11 83 -0.119636
11 84 -0.0521852
11 85 0.0191218
11 86 0.0931464
11 87 0.168802
11 88 0.244771
11 89 0.319895
11 90 0.39296
11 91 0.4628
11 92 0.5283
11 93 0.588373
11 94 0.642038
11 95 0.688331
11 96 0.726633
11 97 0.756381
11 98 0.777014
11 99 0.788214
11 100 0.0980807
11 101 0

12 0 0
12 1 0.0883251
12 2 0.709803
12 3 0.698833
12 4 0.67862
12 5 0.649277
12 6 0.611376
12 7 0.565664
12 8 0.512734
12 9 0.453366
12 10 0.388666
12 11 0.319623
12 12 0.247469
12 13 0.173243
12 14 0.0981745
12 15 0.0235225
12 16 -0.0496193
12 17 -0.119979
12 18 -0.186409
12 19 -0.24791
12 20 -0.303464
12 21 -0.352164
12 22 -0.393165
12 23 -0.425939
12 24 -0.449842
12 25 -0.464588
12 26 -0.46991
12 27 -0.465756
12 28 -0.452275
12 29 -0.429698
12 30 -0.398371
12 31 -0.358725
12 32 -0.311493
12 33 -0.257557
12 34 -0.197705
12 35 -0.132953
12 36 -0.0644158
12 37 0.00677665
12 38 0.0795953
12 39 0.152676
12 40 0.224885
12 41 0.294973
12 42 0.361735
12 43 0.424224
12 44 0.481354
12 45 0.532114
12 46 0.575685
12 47 0.611431
12 48 0.63866
12 49 0.657025
12 50 0.666145
12 51 0.665904
12 52 0.656312
12 53 0.637467
12 54 0.609693
12 55 0.573568
12 56 0.529482
12 57 0.478253
12 58 0.420797
12 59 0.357998
12 60 0.290804
12 61 0.220483
12 62 0.148131
12 63 0.0748133
12 64 0.00195458
12 65 -0.0694164
12 66 -0.138063
12 67 -0.202831
12 68 -0.262643
12 69 -0.316528
12 70 -0.363655
12 71 -0.403126
12 72 -0.43431
12 73 -0.456722
12 74 -0.469926
12 75 -0.473759
12 76 -0.468157
12 77 -0.453155
12 78 -0.42892
12 79 -0.395883
12 80 -0.354512
12 81 -0.305493
12 82 -0.249535
12 83 -0.18771
12 84 -0.120903
12 85 -0.0502332
12 86 0.0231865
12 87 0.0982599
12 88 0.173626
12 89 0.248181
12 90 0.320692
12 91 0.389981
12 92 0.454961
12 93 0.51451
12 94 0.567713
12 95 0.613604
12 96 0.651596
12 97 0.680997
12 98 0.701357
12 99 0.712406
12 100 0.0886512
12 101 0

13 0 0
13 1 0.0785841
13 2 0.631517
13 3 0.620752
13 4 0.600785
13 5 0.571755
13 6 0.534201
13 7 0.488874
13 8 0.436347
13 9 0.377512
13 10 0.313329
13 11 0.244866
13 12 0.173243
13 13 0.0996237
13 14 0.0251221
13 15 -0.0489202
13 16 -0.121489
13 17 -0.191238
13 18 -0.257072
13 19 -0.317972
13 20 -0.372922
13 21 -0.421002
13 22 -0.461461
13 23 -0.493668
13 24 -0.517077
13 25 -0.531331
13 26 -0.536217
13 27 -0.531673
13 28 -0.517814
13 29 -0.4949
13 30 -0.463254
13 31 -0.423342
13 32 -0.375905
13 33 -0.32176
13 34 -0.261798
13 35 -0.196922
13 36 -0.128268
13 37 -0.0569141
13 38 0.0159692
13 39 0.0890685
13 40 0.161296
13 41 0.231377
13 42 0.298165
13 43 0.360674
13 44 0.417851
13 45 0.468625
13 46 0.512185
13 47 0.547892
13 48 0.575116
13 49 0.593497
13 50 0.602614
13 51 0.602389
13 52 0.592881
13 53 0.574093
13 54 0.546406
13 55 0.510329
13 56 0.466295
13 57 0.415136
13 58 0.357733
13 59 0.294939
13 60 0.227796
13 61 0.157497
13 62 0.0851871
13 63 0.0118978
13 64 -0.0610658
13 65 -0.132486
13 66 -0.201196
13 67 -0.266095
13 68 -0.326066
13 69 -0.380126
13 70 -0.427457
13 71 -0.467133
13 72 -0.498618
13 73 -0.521371
13 74 -0.534966
13 75 -0.539214
13 76 -0.534084
13 77 -0.519605
13 78 -0.495892
13 79 -0.463374
13 80 -0.422614
13 81 -0.374209
13 82 -0.318935
13 83 -0.257734
13 84 -0.19156
13 85 -0.121492
13 86 -0.0487191
13 87 0.025749
13 88 0.100491
13 89 0.174427
13 90 0.246355
13 91 0.31508
13 92 0.379457
13 93 0.438511
13 94 0.49123
13 95 0.536784
13 96 0.574391
13 97 0.603426
13 98 0.623524
13 99 0.634405
13 100 0.0789495
13 101 0

14 0 0
14 1 0.0687223
14 2 0.5523
14 3 0.541781
14 4 0.522016
14 5 0.493339
14 6 0.45614
14 7 0.411155
14 8 0.359114
14 9 0.300777
14 10 0.237158
14 11 0.169238
14 12 0.0981745
14 13 0.0251221
14 14 -0.0487101
14 15 -0.12213
14 16 -0.19409
14 17 -0.263207
14 18 -0.328464
14 19 -0.388737
14 20 -0.44308
14 21 -0.490576
14 22 -0.530413
14 23 -0.562107
14 24 -0.584988
14 25 -0.598772
14 26 -0.603191
14 27 -0.598233
14 28 -0.584009
14 29 -0.560698
14 30 -0.528743
14 31 -0.488576
14 32 -0.440902
14 33 -0.386549
14 34 -0.326419
14 35 -0.261491
14 36 -0.192689
14 37 -0.121227
14 38 -0.0482806
14 39 0.0248996
14 40 0.0971111
14 41 0.167222
14 42 0.234044
14 43 0.296567
14 44 0.353707
14 45 0.404516
14 46 0.448089
14 47 0.483773
14 48 0.511048
14 49 0.529432
14 50 0.5386
14 51 0.538384
14 52 0.528867
14 53 0.510185
14 54 0.482523
14 55 0.446445
14 56 0.40247
14 57 0.351406
14 58 0.294118
14 59 0.231398
14 60 0.164277
14 61 0.0939722
14 62 0.0216522
14 63 -0.0516226
14 64 -0.124638
14 65 -0.196094
14 66 -0.264875
14 67 -0.329871
14 68 -0.389961
14 69 -0.444246
14 70 -0.491802
14 71 -0.531728
14 72 -0.56354
14 73 -0.586665
14 74 -0.600679
14 75 -0.605351
14 76 -0.600666
14 77 -0.586676
14 78 -0.563469
14 79 -0.531571
14 80 -0.491372
14 81 -0.443621
14 82 -0.389005
14 83 -0.328426
14 84 -0.262897
14 85 -0.193445
14 86 -0.121381
14 87 -0.0476387
14 88 0.026487
14 89 0.0998348
14 90 0.171144
14 91 0.239278
14 92 0.303061
14 93 0.361548
14 94 0.41389
14 95 0.459017
14 96 0.49629
14 97 0.524985
14 98 0.544784
14 99 0.555447
14 100 0.0691239
14 101 0

15 0 0
15 1 0.0589128
15 2 0.473409
15 3 0.463042
15 4 0.443526
15 5 0.415175
15 6 0.378413
15 7 0.333853
15 8 0.282266
15 9 0.224439
15 10 0.16135
15 11 0.0940091
15 12 0.0235225
15 13 -0.0489202
15 14 -0.12213
15 15 -0.195002
15 16 -0.266305
15 17 -0.334814
15 18 -0.399431
15 19 -0.459056
15 20 -0.512712
15 21 -0.559583
15 22 -0.598917
15 23 -0.63002
15 24 -0.652402
15 25 -0.665666
15 26 -0.669634
15 27 -0.664247
15 28 -0.649616
15 29 -0.62596
15 30 -0.593674
15 31 -0.553276
15 32 -0.505409
15 33 -0.450825
15 34 -0.390522
15 35 -0.325447
15 36 -0.256563
15 37 -0.184983
15 38 -0.112026
15 39 -0.0387853
15 40 0.0334856
15 41 0.103578
15 42 0.170418
15 43 0.23291
15 44 0.290048
15 45 0.340854
15 46 0.384454
15 47 0.42016
15 48 0.447429
15 49 0.465849
15 50 0.475055
15 51 0.474849
15 52 0.465356
15 53 0.446735
15 54 0.419125
15 55 0.383103
15 56 0.33921
15 57 0.288206
15 58 0.230981
15 59 0.168329
15 60 0.101286
15 61 0.0309831
15 62 -0.0413457
15 63 -0.114588
15 64 -0.187641
15 65 -0.259148
15 66 -0.328013
15 67 -0.393098
15 68 -0.453308
15 69 -0.507804
15 70 -0.55561
15 71 -0.595807
15 72 -0.627882
15 73 -0.651365
15 74 -0.665785
15 75 -0.670878
15 76 -0.666683
15 77 -0.653164
15 78 -0.630557
15 79 -0.599228
15 80 -0.55969
15 81 -0.512527
15 82 -0.45858
15 83 -0.398695
15 84 -0.333794
15 85 -0.265067
15 86 -0.193678
15 87 -0.120615
15 88 -0.0470725
15 89 0.0255851
15 90 0.0962765
15 91 0.163823
15 92 0.227052
15 93 0.285033
15 94 0.336886
15 95 0.381579
15 96 0.418378
15 97 0.446786
15 98 0.466334
15 99 0.476788
15 100 0.0593366
15 101 0

16 0 0
16 1 0.0492875
16 2 0.396084
16 3 0.385958
16 4 0.36668
16 5 0.338677
16 6 0.30225
16 7 0.258128
16 8 0.206987
16 9 0.149609
16 10 0.0870915
16 11 0.0203012
16 12 -0.0496193
16 13 -0.121489
16 14 -0.19409
16 15 -0.266305
16 16 -0.336878
16 17 -0.404749
16 18 -0.468702
16 19 -0.52775
16 20 -0.580777
16 21 -0.627056
16 22 -0.665762
16 23 -0.696305
16 24 -0.718133
16 25 -0.730883
16 26 -0.734355
16 27 -0.728573
16 28 -0.713578
16 29 -0.689551
16 30 -0.656971
16 31 -0.616347
16 32 -0.568294
16 33 -0.513551
16 34 -0.453024
16 35 -0.387789
16 36 -0.318777
16 37 -0.247175
16 38 -0.174163
16 39 -0.100878
16 40 -0.0285718
16 41 0.0415084
16 42 0.108397
16 43 0.170837
16 44 0.227954
16 45 0.278772
16 46 0.322371
16 47 0.358057
16 48 0.385271
16 49 0.403736
16 50 0.413015
16 51 0.41286
16 52 0.403353
16 53 0.384755
16 54 0.357214
16 55 0.321316
16 56 0.277556
16 57 0.226621
16 58 0.169446
16 59 0.10685
16 60 0.0398667
16 61 -0.0303994
16 62 -0.102737
16 63 -0.176034
16 64 -0.249048
16 65 -0.320578
16 66 -0.389504
16 67 -0.454708
16 68 -0.515072
16 69 -0.569727
16 70 -0.617711
16 71 -0.658201
16 72 -0.690575
16 73 -0.714386
16 74 -0.729194
16 75 -0.734732
16 76 -0.731013
16 77 -0.718002
16 78 -0.695961
16 79 -0.665285
16 80 -0.626344
16 81 -0.579864
16 82 -0.526575
16 83 -0.467412
16 84 -0.403148
16 85 -0.335096
16 86 -0.264332
16 87 -0.191952
16 88 -0.119108
16 89 -0.047122
16 90 0.0229174
16 91 0.0898893
16 92 0.152588
16 93 0.209997
16 94 0.261346
16 95 0.305608
16 96 0.342056
16 97 0.370173
16 98 0.389477
16 99 0.399662
16 100 0.0497337
16 101 0

17 0 0
17 1 0.0400143
17 2 0.321553
17 3 0.311632
17 4 0.292665
17 5 0.26491
17 6 0.228876
17 7 0.185167
17 8 0.134444
17 9 0.0775613
17 10 0.0155653
17 11 -0.0506479
17 12 -0.119979
17 13 -0.191238
17 14 -0.263207
17 15 -0.334814
17 16 -0.404749
17 17 -0.471917
17 18 -0.535168
17 19 -0.593557
17 20 -0.645987
17 21 -0.691718
17 22 -0.729826
17 23 -0.759772
17 24 -0.78109
17 25 -0.793347
17 26 -0.796413
17 27 -0.790223
17 28 -0.774805
17 29 -0.750443
17 30 -0.717589
17 31 -0.676738
17 32 -0.628449
17 33 -0.573486
17 34 -0.512877
17 35 -0.44745
17 36 -0.378313
17 37 -0.306612
17 38 -0.233549
17 39 -0.160291
17 40 -0.0880554
17 41 -0.017943
17 42 0.0489167
17 43 0.111338
17 44 0.1684
17 45 0.219187
17 46 0.262781
17 47 0.298443
17 48 0.325677
17 49 0.344149
17 50 0.353444
17 51 0.353325
17 52 0.343864
17 53 0.325336
17 54 0.29794
17 55 0.262117
17 56 0.218376
17 57 0.16749
17 58 0.110391
17 59 0.0478842
17 60 -0.0190223
17 61 -0.0891747
17 62 -0.161433
17 63 -0.234651
17 64 -0.307695
17 65 -0.379294
17 66 -0.448272
17 67 -0.513549
17 68 -0.574145
17 69 -0.62898
17 70 -0.677133
17 71 -0.717871
17 72 -0.750556
17 73 -0.774712
17 74 -0.789916
17 75 -0.795894
17 76 -0.792623
17 77 -0.780095
17 78 -0.758616
17 79 -0.728475
17 80 -0.69015
17 81 -0.644333
17 82 -0.591739
17 83 -0.533289
17 84 -0.469747
17 85 -0.402408
17 86 -0.332296
17 87 -0.260603
17 88 -0.188449
17 89 -0.117089
17 90 -0.0476919
17 91 0.0186683
17 92 0.0808848
17 93 0.137769
17 94 0.188597
17 95 0.232442
17 96 0.268485
17 97 0.296254
17 98 0.315292
17 99 0.325285
17 100 0.0404825
17 101 0

18 0 0
18 1 0.0312329
18 2 0.251
18 3 0.241303
18 4 0.222554
18 5 0.19511
18 6 0.159395
18 7 0.116091
18 8 0.065804
18 9 0.00939734
18 10 -0.0520707
18 11 -0.117688
18 12 -0.186409
18 13 -0.257072
18 14 -0.328464
18 15 -0.399431
18 16 -0.468702
18 17 -0.535168
18 18 -0.597759
18 19 -0.655537
18 20 -0.707412
18 21 -0.752512
18 22 -0.790038
18 23 -0.819428
18 24 -0.840213
18 25 -0.852063
18 26 -0.854676
18 27 -0.848015
18 28 -0.83226
18 29 -0.807609
18 30 -0.774484
18 31 -0.733301
18 32 -0.684739
18 33 -0.629654
18 34 -0.568924
18 35 -0.503431
18 36 -0.434235
18 37 -0.362493
18 38 -0.289365
18 39 -0.216137
18 40 -0.143905
18 41 -0.0737782
18 42 -0.00697225
18 43 0.0554038
18 44 0.112406
18 45 0.163156
18 46 0.206754
18 47 0.242444
18 48 0.2697
18 49 0.288137
18 50 0.297418
18 51 0.297346
18 52 0.287968
18 53 0.269467
18 54 0.242168
18 55 0.206428
18 56 0.162779
18 57 0.112022
18 58 0.0549813
18 59 -0.00747665
18 60 -0.0742962
18 61 -0.144369
18 62 -0.216574
18 63 -0.289781
18 64 -0.362791
18 65 -0.434356
18 66 -0.503315
18 67 -0.568699
18 68 -0.629429
18 69 -0.684378
18 70 -0.732729
18 71 -0.773741
18 72 -0.806779
18 73 -0.83126
18 74 -0.846829
18 75 -0.853262
18 76 -0.850465
18 77 -0.838451
18 78 -0.817471
18 79 -0.787901
18 80 -0.75016
18 81 -0.70494
18 82 -0.653023
18 83 -0.59527
18 84 -0.532487
18 85 -0.465842
18 86 -0.396413
18 87 -0.32538
18 88 -0.253917
18 89 -0.183192
18 90 -0.114415
18 91 -0.0486798
18 92 0.0129642
18 93 0.0693586
18 94 0.11969
18 95 0.163137
18 96 0.198853
18 97 0.226294
18 98 0.245086
18 99 0.254825
18 100 0.0317093
18 101 0

19 0 0
19 1 0.0230835
19 2 0.185515
19 3 0.176023
19 4 0.157523
19 5 0.130328
19 6 0.0949728
19 7 0.0520267
19 8 0.00220296
19 9 -0.0536568
19 10 -0.114686
19 11 -0.179793
19 12 -0.24791
19 13 -0.317972
19 14 -0.388737
19 15 -0.459056
19 16 -0.52775
19 17 -0.593557
19 18 -0.655537
19 19 -0.712648
19 20 -0.763906
19 21 -0.80842
19 22 -0.845409
19 23 -0.874227
19 24 -0.89449
19 25 -0.905898
19 26 -0.908149
19 27 -0.901068
19 28 -0.884945
19 29 -0.860034
19 30 -0.826579
19 31 -0.785149
19 32 -0.73642
19 33 -0.68122
19 34 -0.620376
19 35 -0.554806
19 36 -0.485543
19 37 -0.413773
19 38 -0.340627
19 39 -0.267449
19 40 -0.195256
19 41 -0.125128
19 42 -0.058389
19 43 0.00392239
19 44 0.0608675
19 45 0.111563
19 46 0.155164
19 47 0.190858
19 48 0.218144
19 49 0.236577
19 50 0.245843
19 51 0.245791
19 52 0.236467
19 53 0.218023
19 54 0.190814
19 55 0.155104
19 56 0.111551
19 57 0.0609276
19 58 0.00400879
19 59 -0.0583294
19 60 -0.125034
19 61 -0.195005
19 62 -0.267158
19 63 -0.340312
19 64 -0.413284
19 65 -0.484846
19 66 -0.55382
19 67 -0.619298
19 68 -0.680097
19 69 -0.735175
19 70 -0.783671
19 71 -0.824931
19 72 -0.858269
19 73 -0.883053
19 74 -0.898982
19 75 -0.905839
19 76 -0.903493
19 77 -0.891949
19 78 -0.871484
19 79 -0.842459
19 80 -0.805341
19 81 -0.760758
19 82 -0.709514
19 83 -0.652408
19 84 -0.590343
19 85 -0.524351
19 86 -0.455615
19 87 -0.38527
19 88 -0.314483
19 89 -0.244375
19 90 -0.176178
19 91 -0.111039
19 92 -0.049969
19 93 0.00595588
19 94 0.0558238
19 95 0.0987762
19 96 0.134128
19 97 0.16131
19 98 0.179848
19 99 0.189375
19 100 0.0235639
19 101 0

20 0 0
20 1 0.0156891
20 2 0.126122
20 3 0.116833
20 4 0.0985447
20 5 0.0716616
20 6 0.0365739
20 7 -0.00604472
20 8 -0.0554394
20 9 -0.110789
20 10 -0.171295
20 11 -0.235895
20 12 -0.303464
20 13 -0.372922
20 14 -0.44308
20 15 -0.512712
20 16 -0.580777
20 17 -0.645987
20 18 -0.707412
20 19 -0.763906
20 20 -0.814541
20 21 -0.858465
20 22 -0.894906
20 23 -0.923244
20 24 -0.942987
20 25 -0.953944
20 26 -0.955806
20 27 -0.948404
20 28 -0.931996
20 29 -0.906752
20 30 -0.873033
20 31 -0.83139
20 32 -0.782545
20 33 -0.727229
20 34 -0.666257
20 35 -0.600593
20 36 -0.531309
20 37 -0.459552
20 38 -0.386479
20 39 -0.313342
20 40 -0.241193
20 41 -0.171091
20 42 -0.104451
20 43 -0.0422329
20 44 0.0146469
20 45 0.0653285
20 46 0.108851
20 47 0.144476
20 48 0.171751
20 49 0.190193
20 50 0.199518
20 51 0.199491
20 52 0.190199
20 53 0.171816
20 54 0.144677
20 55 0.109033
20 56 0.0655931
20 57 0.0151247
20 58 -0.041659
20 59 -0.103826
20 60 -0.170424
20 61 -0.240302
20 62 -0.312332
20 63 -0.385361
20 64 -0.458238
20 65 -0.529775
20 66 -0.59881
20 67 -0.664315
20 68 -0.725237
20 69 -0.780434
20 70 -0.829104
20 71 -0.870545
20 72 -0.904139
20 73 -0.929195
20 74 -0.945434
20 75 -0.952682
20 76 -0.950763
20 77 -0.939686
20 78 -0.919692
20 79 -0.891233
20 80 -0.854709
20 81 -0.810784
20 82 -0.760169
20 83 -0.703677
20 84 -0.642279
20 85 -0.576926
20 86 -0.508896
20 87 -0.43922
20 88 -0.369142
20 89 -0.299628
20 90 -0.232018
20 91 -0.167458
20 92 -0.106954
20 93 -0.0515422
20 94 -0.00214264
20 95 0.0403831
20 96 0.0754147
20 97 0.102326
20 98 0.120607
20 99 0.12995
20 100 0.01617
20 101 0

21 0 0
21 1 0.00917577
21 2 0.0737351
21 3 0.0645564
21 4 0.046487
21 5 0.0199021
21 6 -0.0148019
21 7 -0.0570664
21 8 -0.106099
21 9 -0.161071
21 10 -0.221075
21 11 -0.285148
21 12 -0.352164
21 13 -0.421002
21 14 -0.490576
21 15 -0.559583
21 16 -0.627056
21 17 -0.691718
21 18 -0.752512
21 19 -0.80842
21 20 -0.858465
21 21 -0.901793
21 22 -0.93776
21 23 -0.965624
21 24 -0.984952
21 25 -0.995446
21 26 -0.996891
21 27 -0.989176
21 28 -0.972439
21 29 -0.946904
21 30 -0.912972
21 31 -0.871222
21 32 -0.822228
21 33 -0.766785
21 34 -0.705688
21 35 -0.63999
21 36 -0.570759
21 37 -0.499077
21 38 -0.426076
21 39 -0.353045
21 40 -0.280951
21 41 -0.211007
21 42 -0.144436
21 43 -0.0822801
21 44 -0.0254624
21 45 0.0251211
21 46 0.0685532
21 47 0.104154
21 48 0.131402
21 49 0.149864
21 50 0.159202
21 51 0.159206
21 52 0.15001
21 53 0.131699
21 54 0.104627
21 55 0.0690554
21 56 0.0257264
21 57 -0.024601
21 58 -0.081246
21 59 -0.143265
21 60 -0.209707
21 61 -0.279472
21 62 -0.351358
21 63 -0.424252
21 64 -0.496959
21 65 -0.568459
21 66 -0.63749
21 67 -0.702997
21 68 -0.763966
21 69 -0.819271
21 70 -0.868045
21 71 -0.90968
21 72 -0.943485
21 73 -0.968845
21 74 -0.985417
21 75 -0.993035
21 76 -0.991502
21 77 -0.980829
21 78 -0.961365
21 79 -0.933434
21 80 -0.897493
21 81 -0.854153
21 82 -0.804123
21 83 -0.748239
21 84 -0.687472
21 85 -0.622799
21 86 -0.55545
21 87 -0.486395
21 88 -0.41692
21 89 -0.348048
21 90 -0.28108
21 91 -0.217119
21 92 -0.157099
21 93 -0.102165
21 94 -0.0531893
21 95 -0.0110462
21 96 0.0236433
21 97 0.0502173
21 98 0.0682484
21 99 0.0774602
21 100 0.00964213
21 101 0

22 0 0
22 1 0.00362795
22 2 0.0291543
22 3 0.0201207
22 4 0.0022182
22 5 -0.0241255
22 6 -0.0584919
22 7 -0.100355
22 8 -0.149012
22 9 -0.203585
22 10 -0.263115
22 11 -0.326686
22 12 -0.393165
22 13 -0.461461
22 14 -0.530413
22 15 -0.598917
22 16 -0.665762
22 17 -0.729826
22 18 -0.790038
22 19 -0.845409
22 20 -0.894906
22 21 -0.93776
22 22 -0.9732
22 23 -1.00067
22 24 -1.0196
22 25 -1.02968
22 26 -1.03077
22 27 -1.02278
22 28 -1.00579
22 29 -0.980028
22 30 -0.945885
22 31 -0.90399
22 32 -0.854903
22 33 -0.799352
22 34 -0.738212
22 35 -0.672516
22 36 -0.603313
22 37 -0.531718
22 38 -0.458756
22 39 -0.385786
22 40 -0.313848
22 41 -0.244067
22 42 -0.177563
22 43 -0.115543
22 44 -0.0588467
22 45 -0.00841409
22 46 0.0349605
22 47 0.0705154
22 48 0.0977227
22 49 0.116148
22 50 0.125453
22 51 0.125533
22 52 0.116403
22 53 0.0982273
22 54 0.0712121
22 55 0.0357428
22 56 -0.00742242
22 57 -0.0576029
22 58 -0.114062
22 59 -0.175941
22 60 -0.242201
22 61 -0.311782
22 62 -0.38349
22 63 -0.456254
22 64 -0.528848
22 65 -0.600324
22 66 -0.669339
22 67 -0.734811
22 68 -0.795738
22 69 -0.851115
22 70 -0.89999
22 71 -0.941771
22 72 -0.975782
22 73 -1.00139
22 74 -1.01826
22 75 -1.0262
22 76 -1.025
22 77 -1.01473
22 78 -0.995745
22 79 -0.968332
22 80 -0.932893
22 81 -0.890104
22 82 -0.840601
22 83 -0.785321
22 84 -0.725166
22 85 -0.661187
22 86 -0.59446
22 87 -0.526058
22 88 -0.457105
22 89 -0.388866
22 90 -0.322533
22 91 -0.259121
22 92 -0.199597
22 93 -0.14514
22 94 -0.0966032
22 95 -0.0547751
22 96 -0.020408
22 97 0.00585745
22 98 0.0236415
22 99 0.0327047
22 100 0.00407289
22 101 0

23 0 0
23 1 -0.000865387
23 2 -0.00695049
23 3 -0.015853
23 4 -0.0335455
23 5 -0.0596889
23 6 -0.0938012
23 7 -0.135314
23 8 -0.183597
23 9 -0.237762
23 10 -0.296828
23 11 -0.359937
23 12 -0.425939
23 13 -0.493668
23 14 -0.562107
23 15 -0.63002
23 16 -0.696305
23 17 -0.759772
23 18 -0.819428
23 19 -0.874227
23 20 -0.923244
23 21 -0.965624
23 22 -1.00067
23 23 -1.02774
23 24 -1.04626
23 25 -1.05595
23 26 -1.05669
23 27 -1.04844
23 28 -1.03126
23 29 -1.00529
23 30 -0.971006
23 31 -0.928997
23 32 -0.879843
23 33 -0.824281
23 34 -0.763156
23 35 -0.697524
23 36 -0.628377
23 37 -0.556849
23 38 -0.48403
23 39 -0.411154
23 40 -0.339346
23 41 -0.269722
23 42 -0.20341
23 43 -0.141523
23 44 -0.0850373
23 45 -0.0346958
23 46 0.0086077
23 47 0.0440877
23 48 0.0712302
23 49 0.0895928
23 50 0.0988959
23 51 0.0989891
23 52 0.0899442
23 53 0.0718201
23 54 0.0449372
23 55 0.00966782
23 56 -0.0333205
23 57 -0.083342
23 58 -0.139649
23 59 -0.201339
23 60 -0.267411
23 61 -0.336744
23 62 -0.408282
23 63 -0.480864
23 64 -0.553361
23 65 -0.62475
23 66 -0.693647
23 67 -0.759031
23 68 -0.81994
23 69 -0.875287
23 70 -0.924234
23 71 -0.966114
23 72 -1.00028
23 73 -1.02608
23 74 -1.04324
23 75 -1.05146
23 76 -1.05057
23 77 -1.04074
23 78 -1.02219
23 79 -0.995264
23 80 -0.960287
23 81 -0.917959
23 82 -0.869057
23 83 -0.814371
23 84 -0.754838
23 85 -0.691449
23 86 -0.625345
23 87 -0.557493
23 88 -0.489158
23 89 -0.421523
23 90 -0.355766
23 91 -0.292836
23 92 -0.233785
23 93 -0.179827
23 94 -0.131725
23 95 -0.0902578
23 96 -0.0561541
23 97 -0.0301412
23 98 -0.0125156
23 99 -0.00363428
23 100 -0.000453533
23 101 0

24 0 0
24 1 -0.00423394
24 2 -0.0340386
24 3 -0.042839
24 4 -0.0603416
24 5 -0.0863022
24 6 -0.120147
24 7 -0.161372
24 8 -0.209284
24 9 -0.263035
24 10 -0.321711
24 11 -0.384331
24 12 -0.449842
24 13 -0.517077
24 14 -0.584988
24 15 -0.652402
24 16 -0.718133
24 17 -0.78109
24 18 -0.840213
24 19 -0.89449
24 20 -0.942987
24 21 -0.984952
24 22 -1.0196
24 23 -1.04626
24 24 -1.06446
24 25 -1.07388
24 26 -1.07433
24 27 -1.06583
24 28 -1.04839
24 29 -1.02226
24 30 -0.987903
24 31 -0.945884
24 32 -0.896687
24 33 -0.841072
24 34 -0.780039
24 35 -0.714483
24 36 -0.64546
24 37 -0.574113
24 38 -0.501512
24 39 -0.42881
24 40 -0.357153
24 41 -0.287737
24 42 -0.221577
24 43 -0.159854
24 44 -0.103468
24 45 -0.0533042
24 46 -0.0101553
24 47 0.0251959
24 48 0.0522814
24 49 0.0706392
24 50 0.0799454
24 51 0.0800705
24 52 0.0710383
24 53 0.0530233
24 54 0.0262521
24 55 -0.00879912
24 56 -0.0516117
24 57 -0.101525
24 58 -0.157647
24 59 -0.219136
24 60 -0.284901
24 61 -0.354021
24 62 -0.425323
24 63 -0.497717
24 64 -0.57008
24 65 -0.64125
24 66 -0.709979
24 67 -0.775237
24 68 -0.836091
24 69 -0.891433
24 70 -0.940385
24 71 -0.982348
24 72 -1.01659
24 73 -1.04255
24 74 -1.05992
24 75 -1.06844
24 76 -1.06787
24 77 -1.05837
24 78 -1.04022
24 79 -1.01369
24 80 -0.97918
24 81 -0.937365
24 82 -0.888986
24 83 -0.83486
24 84 -0.775876
24 85 -0.713087
24 86 -0.647534
24 87 -0.58024
24 88 -0.512472
24 89 -0.445431
24 90 -0.380201
24 91 -0.317773
24 92 -0.25923
24 93 -0.205669
24 94 -0.157952
24 95 -0.116868
24 96 -0.0830877
24 97 -0.0572732
24 98 -0.0398119
24 99 -0.0310141
24 100 -0.00385647
24 101 0

25 0 0
25 1 -0.00643324
25 2 -0.0516968
25 3 -0.060392
25 4 -0.0777647
25 5 -0.103542
25 6 -0.13716
25 7 -0.178097
25 8 -0.22571
25 9 -0.279086
25 10 -0.337348
25 11 -0.399522
25 12 -0.464588
25 13 -0.531331
25 14 -0.598772
25 15 -0.665666
25 16 -0.730883
25 17 -0.793347
25 18 -0.852063
25 19 -0.905898
25 20 -0.953944
25 21 -0.995446
25 22 -1.02968
25 23 -1.05595
25 24 -1.07388
25 25 -1.08308
25 26 -1.08328
25 27 -1.07455
25 28 -1.05694
25 29 -1.03073
25 30 -0.996308
25 31 -0.954231
25 32 -0.905048
25 33 -0.849531
25 34 -0.788584
25 35 -0.7232
25 36 -0.654338
25 37 -0.583177
25 38 -0.51079
25 39 -0.438276
25 40 -0.36684
25 41 -0.297707
25 42 -0.231756
25 43 -0.170198
25 44 -0.113984
25 45 -0.0640043
25 46 -0.021004
25 47 0.0142117
25 48 0.0411834
25 49 0.0595238
25 50 0.0688782
25 51 0.069039
25 52 0.060051
25 53 0.0420835
25 54 0.0154333
25 55 -0.019459
25 56 -0.0620503
25 57 -0.111757
25 58 -0.16767
25 59 -0.228906
25 60 -0.294377
25 61 -0.363247
25 62 -0.434324
25 63 -0.506527
25 64 -0.578669
25 65 -0.649576
25 66 -0.71807
25 67 -0.78319
25 68 -0.843864
25 69 -0.899116
25 70 -0.948114
25 71 -0.99015
25 72 -1.02448
25 73 -1.05051
25 74 -1.06802
25 75 -1.07678
25 76 -1.0765
25 77 -1.06733
25 78 -1.04952
25 79 -1.02337
25 80 -0.989278
25 81 -0.947931
25 82 -0.900071
25 83 -0.846417
25 84 -0.787977
25 85 -0.725737
25 86 -0.660729
25 87 -0.593981
25 88 -0.526771
25 89 -0.460251
25 90 -0.395526
25 91 -0.333569
25 92 -0.275538
25 93 -0.222371
25 94 -0.174977
25 95 -0.134181
25 96 -0.100653
25 97 -0.0750204
25 98 -0.0576961
25 99 -0.049055
25 100 -0.00610819
25 101 0

26 0 0
26 1 -0.00742267
26 2 -0.0596888
26 3 -0.0683647
26 4 -0.0856801
26 5 -0.111284
26 6 -0.144613
26 7 -0.185247
26 8 -0.232572
26 9 -0.285626
26 10 -0.34353
26 11 -0.405301
26 12 -0.46991
26 13 -0.536217
26 14 -0.603191
26 15 -0.669634
26 16 -0.734355
26 17 -0.796413
26 18 -0.854676
26 19 -0.908149
26 20 -0.955806
26 21 -0.996891
26 22 -1.03077
26 23 -1.05669
26 24 -1.07433
26 25 -1.08328
26 26 -1.08332
26 27 -1.0744
26 28 -1.0567
26 29 -1.03044
26 30 -0.996005
26 31 -0.953922
26 32 -0.904817
26 33 -0.849421
26 34 -0.788663
26 35 -0.723416
26 36 -0.654783
26 37 -0.583812
26 38 -0.511689
26 39 -0.43943
26 40 -0.368284
26 41 -0.299399
26 42 -0.233715
26 43 -0.172386
26 44 -0.116373
26 45 -0.0665319
26 46 -0.0237243
26 47 0.0113507
26 48 0.038186
26 49 0.056429
26 50 0.0657706
26 51 0.0659701
26 52 0.0570215
26 53 0.0391884
26 54 0.0126716
26 55 -0.0220261
26 56 -0.0643979
26 57 -0.113828
26 58 -0.169513
26 59 -0.230486
26 60 -0.295721
26 61 -0.364295
26 62 -0.435105
26 63 -0.506967
26 64 -0.578855
26 65 -0.649474
26 66 -0.717777
26 67 -0.782713
26 68 -0.843226
26 69 -0.898334
26 70 -0.947241
26 71 -0.989276
