0 0 0
0 1 0
0 2 0
0 3 0
0 4 0
0 5 0
0 6 0
0 7 0
0 8 0
0 9 0
0 10 0
0 11 0
0 12 0
0 13 0
0 14 0
0 15 0
0 16 0
0 17 0
0 18 0
0 19 0
0 20 0
0 21 0
0 22 0
0 23 0
0 24 0
0 25 0
0 26 0
0 27 0
0 28 0
0 29 0
0 30 0
0 31 0
0 32 0
0 33 0
0 34 0
0 35 0
0 36 0
0 37 0
0 38 0
0 39 0
0 40 0
0 41 0
0 42 0
0 43 0
0 44 0
0 45 0
0 46 0
0 47 0
0 48 0
0 49 0
0 50 0
0 51 0
0 52 0
0 53 0
0 54 0
0 55 0
0 56 0
0 57 0
0 58 0
0 59 0
0 60 0
0 61 0
0 62 0
0 63 0
0 64 0
0 65 0
0 66 0
0 67 0
0 68 0
0 69 0
0 70 0
0 71 0
0 72 0
0 73 0
0 74 0
0 75 0
0 76 0
0 77 0
0 78 0
0 79 0
0 80 0
0 81 0
0 82 0
0 83 0
0 84 0
0 85 0
0 86 0
0 87 0
0 88 0
0 89 0
0 90 0
0 91 0
0 92 0
0 93 0
0 94 0
0 95 0
0 96 0
0 97 0
0 98 0
0 99 0
0 100 0
0 101 0

1 0 0
1 1 0
1 2 -0.0539052
1 3 -0.0534043
1 4 -0.0525297
1 5 -0.0511267
1 6 -0.0494201
1 7 -0.0472308
1 8 -0.0447245
1 9 -0.0419314
1 10 -0.0389076
1 11 -0.0355577
1 12 -0.0320736
1 13 -0.0284168
1 14 -0.0246276
1 15 -0.0208835
1 16 -0.0170968
1 17 -0.0134173
1 18 -0.00983189
1 19 -0.00633086
1 20 -0.00326345
1 21 -0.000377931
1 22 0.002171
1 23 0.00426869
1 24 0.00601593
1 25 0.00738698
1 26 0.00828698
1 27 0.00872785
1 28 0.00871044
1 29 0.00821792
1 30 0.00734867
1 31 0.0061123
1 32 0.00450399
1 33 0.00253974
1 34 0.000139563
1 35 -0.00231545
1 36 -0.00500792
1 37 -0.0078837
1 38 -0.0107864
1 39 -0.013876
1 40 -0.0169935
1 41 -0.0201313
1 42 -0.02314
1 43 -0.0258681
1 44 -0.0283211
1 45 -0.030527
1 46 -0.0324793
1 47 -0.033987
1 48 -0.0351269
1 49 -0.0358664
1 50 -0.0361824
1 51 -0.0361597
1 52 -0.0355884
1 53 -0.034608
1 54 -0.0333923
1 55 -0.0317103
1 56 -0.0296403
1 57 -0.0271902
1 58 -0.0244015
1 59 -0.0213693
1 60 -0.0182574
1 61 -0.015108
1 62 -0.0119032
1 63 -0.00889839
1 64 -0.00586632
1 65 -0.00289582
1 66 -9.62441e-05
1 67 0.0024909
1 68 0.00465516
1 69 0.0067427
1 70 0.00853094
1 71 0.00987616
1 72 0.0107646
1 73 0.0111298
1 74 0.0110834
1 75 0.0105392
1 76 0.0095411
1 77 0.00817354
1 78 0.00636416
1 79 0.00414785
1 80 0.00150014
1 81 -0.00144648
1 82 -0.00478132
1 83 -0.00828118
1 84 -0.0120293
1 85 -0.0159635
1 86 -0.0198988
1 87 -0.0238002
1 88 -0.0276885
1 89 -0.0314353
1 90 -0.0350056
1 91 -0.0384513
1 92 -0.0416691
1 93 -0.0445045
1 94 -0.0470322
1 95 -0.0491647
1 96 -0.0509475
1 97 -0.0522019
1 98 -0.0530674
1 99 -0.0535197
1 100 0
1 101 0

2 0 0
2 1 -0.0539052
2 2 -0.433135
2 3 -0.42903
2 4 -0.421696
2 5 -0.410938
2 6 -0.396826
2 7 -0.379547
2 8 -0.359264
2 9 -0.336802
2 10 -0.31232
2 11 -0.285777
2 12 -0.257651
2 13 -0.228145
2 14 -0.197836
2 15 -0.167407
2 16 -0.137207
2 17 -0.107519
2 18 -0.0785811
2 19 -0.0509866
2 20 -0.0257915
2 21 -0.00290966
2 22 0.0173553
2 23 0.03451
2 24 0.048634
2 25 0.0594073
2 26 0.0666444
2 27 0.0701691
2 28 0.0699246
2 29 0.0663313
2 30 0.0593284
2 31 0.0492458
2 32 0.0359865
2 33 0.0201126
2 34 0.00152136
2 35 -0.0188221
2 36 -0.0403766
2 37 -0.0629757
2 38 -0.0868028
2 39 -0.111596
2 40 -0.13681
2 41 -0.16177
2 42 -0.185374
2 43 -0.207474
2 44 -0.227442
2 45 -0.245353
2 46 -0.260694
2 47 -0.273062
2 48 -0.282085
2 49 -0.287962
2 50 -0.290621
2 51 -0.289952
2 52 -0.285769
2 53 -0.278472
2 54 -0.268022
2 55 -0.254474
2 56 -0.237758
2 57 -0.218104
2 58 -0.195802
2 59 -0.171768
2 60 -0.146655
2 61 -0.121413
2 62 -0.0961131
2 63 -0.071183
2 64 -0.0467658
2 65 -0.0231872
2 66 -0.000902568
2 67 0.0195867
2 68 0.0378802
2 69 0.0544321
2 70 0.0684282
2 71 0.0793817
2 72 0.08652
2 73 0.089707
2 74 0.0889216
2 75 0.0847749
2 76 0.0769027
2 77 0.065623
2 78 0.0512552
2 79 0.0332805
2 80 0.012188
2 81 -0.0116291
2 82 -0.0379018
2 83 -0.0662721
2 84 -0.0965356
2 85 -0.127848
2 86 -0.15954
2 87 -0.191256
2 88 -0.222314
2 89 -0.252391
2 90 -0.281503
2 91 -0.308938
2 92 -0.334461
2 93 -0.357566
2 94 -0.377736
2 95 -0.395091
2 96 -0.409057
2 97 -0.419313
2 98 -0.426222
2 99 -0.430034
2 100 -0.0535197
2 101 0

3 0 0
3 1 -0.0534043
3 2 -0.42903
3 3 -0.424675
3 4 -0.41677
3 5 -0.406489
3 6 -0.392172
3 7 -0.375223
3 8 -0.354952
3 9 -0.332915
3 10 -0.308362
3 11 -0.282445
3 12 -0.254282
3 13 -0.224576
3 14 -0.194331
3 15 -0.163674
3 16 -0.133521
3 17 -0.103609
3 18 -0.0745505
3 19 -0.0478639
3 20 -0.0221924
3 21 0.000333195
3 22 0.0203884
3 23 0.0379675
3 24 0.0521007
3 25 0.0622133
3 26 0.0690468
3 27 0.0723203
3 28 0.0720303
3 29 0.0687104
3 30 0.0617027
3 31 0.0510294
3 32 0.0373021
3 33 0.0210569
3 34 0.00344736
3 35 -0.0173572
3 36 -0.0389338
3 37 -0.0613034
3 38 -0.0857242
3 39 -0.110497
3 40 -0.13581
3 41 -0.159974
3 42 -0.182993
3 43 -0.205195
3 44 -0.22543
3 45 -0.243415
3 46 -0.258298
3 47 -0.270627
3 48 -0.279377
3 49 -0.284931
3 50 -0.287582
3 51 -0.286487
3 52 -0.282963
3 53 -0.27635
3 54 -0.265485
3 55 -0.251893
3 56 -0.235008
3 57 -0.215611
3 58 -0.193827
3 59 -0.170379
3 60 -0.14559
3 61 -0.120333
3 62 -0.0955211
3 63 -0.0696355
3 64 -0.0450767
3 65 -0.0218751
3 66 0.000127921
3 67 0.0205246
3 68 0.0400399
3 69 0.0560425
3 70 0.0698177
3 71 0.0809343
3 72 0.0882617
3 73 0.0918417
3 74 0.0910338
3 75 0.0871507
3 76 0.0797046
3 77 0.0683766
3 78 0.0541279
3 79 0.0359071
3 80 0.0150293
3 81 -0.00880712
3 82 -0.0343863
3 83 -0.062765
3 84 -0.0928537
3 85 -0.124099
3 86 -0.156
3 87 -0.188179
3 88 -0.218994
3 89 -0.249094
3 90 -0.278535
3 91 -0.305675
3 92 -0.330567
3 93 -0.353669
3 94 -0.373488
3 95 -0.390839
3 96 -0.404241
3 97 -0.414809
3 98 -0.4217
3 99 -0.425705
3 100 -0.0529942
3 101 0

4 0 0
4 1 -0.0525297
4 2 -0.421696
4 3 -0.41677
4 4 -0.40882
4 5 -0.397967
4 6 -0.384216
4 7 -0.367414
4 8 -0.347805
4 9 -0.325886
4 10 -0.301546
4 11 -0.275162
4 12 -0.247166
4 13 -0.217476
4 14 -0.187318
4 15 -0.156784
4 16 -0.126334
4 17 -0.0966733
4 18 -0.0684155
4 19 -0.0411503
4 20 -0.0159425
4 21 0.00647507
4 22 0.0273619
4 23 0.0441426
4 24 0.0575024
4 25 0.0681474
4 26 0.0741968
4 27 0.0772615
4 28 0.0770338
4 29 0.0726398
4 30 0.0650634
4 31 0.0543401
4 32 0.0409451
4 33 0.0246683
4 34 0.00642369
4 35 -0.0139592
4 36 -0.0358023
4 37 -0.0592052
4 38 -0.0837719
4 39 -0.108288
4 40 -0.132535
4 41 -0.156286
4 42 -0.179693
4 43 -0.201228
4 44 -0.221576
4 45 -0.239722
4 46 -0.254253
4 47 -0.265763
4 48 -0.274778
4 49 -0.280907
4 50 -0.283174
4 51 -0.282082
4 52 -0.278528
4 53 -0.271544
4 54 -0.260837
4 55 -0.247518
4 56 -0.231342
4 57 -0.21222
4 58 -0.190256
4 59 -0.166836
4 60 -0.143104
4 61 -0.118076
4 62 -0.0930712
4 63 -0.0678328
4 64 -0.0430971
4 65 -0.0191158
4 66 0.00336645
4 67 0.0236794
4 68 0.0428641
4 69 0.0595677
4 70 0.0731813
4 71 0.0840777
4 72 0.0921437
4 73 0.0956769
4 74 0.0958053
4 75 0.0920653
4 76 0.0843355
4 77 0.0740013
4 78 0.0594671
4 79 0.0413461
4 80 0.0210294
4 81 -0.00274873
4 82 -0.0289511
4 83 -0.0566528
4 84 -0.0863079
4 85 -0.117602
4 86 -0.149383
4 87 -0.180756
4 88 -0.212407
4 89 -0.243008
4 90 -0.271709
4 91 -0.299118
4 92 -0.32425
4 93 -0.346322
4 94 -0.366168
4 95 -0.382934
4 96 -0.396155
4 97 -0.4067
4 98 -0.414199
4 99 -0.418241
4 100 -0.0520571
4 101 0

5 0 0
5 1 -0.0511267
5 2 -0.410938
5 3 -0.406489
5 4 -0.397967
5 5 -0.3871
5 6 -0.372999
5 7 -0.355996
5 8 -0.336957
5 9 -0.314996
5 10 -0.290898
5 11 -0.264595
5 12 -0.236459
5 13 -0.207315
5 14 -0.177298
5 15 -0.146908
5 16 -0.116958
5 17 -0.0873066
5 18 -0.0590654
5 19 -0.0326537
5 20 -0.00746906
5 21 0.015383
5 22 0.0350007
5 23 0.0523447
5 24 0.0660044
5 25 0.0758626
5 26 0.081845
5 27 0.0845203
5 28 0.083463
5 29 0.0787987
5 30 0.0709216
5 31 0.0601024
5 32 0.0462122
5 33 0.0296753
5 34 0.011189
5 35 -0.00937853
5 36 -0.0314711
5 37 -0.0549562
5 38 -0.0791508
5 39 -0.103791
5 40 -0.128228
5 41 -0.151786
5 42 -0.174363
5 43 -0.195802
5 44 -0.216205
5 45 -0.234313
5 46 -0.248994
5 47 -0.260467
5 48 -0.269235
5 49 -0.275166
5 50 -0.277747
5 51 -0.276887
5 52 -0.273046
5 53 -0.265775
5 54 -0.255245
5 55 -0.241843
5 56 -0.225936
5 57 -0.207008
5 58 -0.185482
5 59 -0.162601
5 60 -0.138877
5 61 -0.114458
5 62 -0.0893005
5 63 -0.0637446
5 64 -0.0388168
5 65 -0.0152352
5 66 0.00703886
5 67 0.0281171
5 68 0.0478903
5 69 0.0648145
5 70 0.0786333
5 71 0.0894906
5 72 0.0972301
5 73 0.101755
5 74 0.102356
5 75 0.0989634
5 76 0.0919456
5 77 0.0812216
5 78 0.0664557
5 79 0.0488123
5 80 0.0281281
5 81 0.00505513
5 82 -0.0206871
5 83 -0.0486348
5 84 -0.0780829
5 85 -0.108423
5 86 -0.139844
5 87 -0.171037
5 88 -0.202222
5 89 -0.233035
5 90 -0.26203
5 91 -0.288903
5 92 -0.31339
5 93 -0.335523
5 94 -0.35533
5 95 -0.371887
5 96 -0.385651
5 97 -0.396296
5 98 -0.403401
5 99 -0.407873
5 100 -0.0507855
5 101 0

6 0 0
6 1 -0.0494201
6 2 -0.396826
6 3 -0.392172
6 4 -0.384216
6 5 -0.372999
6 6 -0.358642
6 7 -0.342076
6 8 -0.322563
6 9 -0.301099
6 10 -0.276743
6 11 -0.250546
6 12 -0.22306
6 13 -0.193598
6 14 -0.164046
6 15 -0.134522
6 16 -0.104901
6 17 -0.0756764
6 18 -0.047893
6 19 -0.0215925
6 20 0.00332838
6 21 0.0253015
6 22 0.0447205
6 23 0.0620527
6 24 0.0757902
6 25 0.0850338
6 26 0.0914528
6 27 0.0934014
6 28 0.0918577
6 29 0.0869187
6 30 0.0783875
6 31 0.0672069
6 32 0.0528804
6 33 0.0362762
6 34 0.017483
6 35 -0.00336157
6 36 -0.0253913
6 37 -0.0482274
6 38 -0.072992
6 39 -0.0976655
6 40 -0.121945
6 41 -0.145096
6 42 -0.167509
6 43 -0.189299
6 44 -0.208956
6 45 -0.226843
6 46 -0.241945
6 47 -0.254499
6 48 -0.262977
6 49 -0.268231
6 50 -0.271932
6 51 -0.271248
6 52 -0.266911
6 53 -0.258636
6 54 -0.248281
6 55 -0.235629
6 56 -0.218957
6 57 -0.199874
6 58 -0.179114
6 59 -0.157222
6 60 -0.133323
6 61 -0.108466
6 62 -0.0838728
6 63 -0.0583014
6 64 -0.0331948
6 65 -0.00929072
6 66 0.0127554
6 67 0.033617
6 68 0.0539357
6 69 0.0715184
6 70 0.0851113
6 71 0.096295
6 72 0.1042
6 73 0.109345
6 74 0.110586
6 75 0.107585
6 76 0.100762
6 77 0.0895784
6 78 0.0754781
6 79 0.0577066
6 80 0.0372685
6 81 0.0142638
6 82 -0.0109109
6 83 -0.0383699
6 84 -0.0674086
6 85 -0.0972459
6 86 -0.12744
6 87 -0.158671
6 88 -0.189384
6 89 -0.21942
6 90 -0.249052
6 91 -0.27508
6 92 -0.299602
6 93 -0.322127
6 94 -0.341134
6 95 -0.357791
6 96 -0.371312
6 97 -0.382446
6 98 -0.389786
6 99 -0.394528
6 100 -0.0491495
6 101 0

7 0 0
7 1 -0.0472308
7 2 -0.379547
7 3 -0.375223
7 4 -0.367414
7 5 -0.355996
7 6 -0.342076
7 7 -0.324527
7 8 -0.306031
7 9 -0.283666
7 10 -0.259821
7 11 -0.233366
7 12 -0.206288
7 13 -0.178184
7 14 -0.148816
7 15 -0.119213
7 16 -0.0896565
7 17 -0.0606377
7 18 -0.0334826
7 19 -0.00709495
7 20 0.0165896
7 21 0.0387494
7 22 0.0575583
7 23 0.0740237
7 24 0.086835
7 25 0.096426
7 26 0.102274
7 27 0.103811
7 28 0.102022
7 29 0.0966836
7 30 0.0877937
7 31 0.0764592
7 32 0.062064
7 33 0.0452289
7 34 0.0257576
7 35 0.00576269
7 36 -0.0165224
7 37 -0.0406649
7 38 -0.0646365
7 39 -0.0887151
7 40 -0.112933
7 41 -0.137154
7 42 -0.159953
7 43 -0.180764
7 44 -0.200634
7 45 -0.218685
7 46 -0.234155
7 47 -0.24588
7 48 -0.255154
7 49 -0.261192
7 50 -0.264168
7 51 -0.26357
7 52 -0.259294
7 53 -0.250981
7 54 -0.240506
7 55 -0.226908
7 56 -0.211288
7 57 -0.192451
7 58 -0.171664
7 59 -0.149445
7 60 -0.126173
7 61 -0.101391
7 62 -0.0752711
7 63 -0.0503982
7 64 -0.0258851
7 65 -0.00166106
7 66 0.0211457
7 67 0.042295
7 68 0.0613981
7 69 0.0793853
7 70 0.0938798
7 71 0.105051
7 72 0.113239
7 73 0.118312
7 74 0.11984
7 75 0.116984
7 76 0.110686
7 77 0.100732
7 78 0.0862976
7 79 0.0696379
7 80 0.0493216
7 81 0.0270606
7 82 0.00142924
7 83 -0.0251422
7 84 -0.0536996
7 85 -0.0829427
7 86 -0.112978
7 87 -0.14334
7 88 -0.174327
7 89 -0.204097
7 90 -0.231944
7 91 -0.258347
7 92 -0.283434
7 93 -0.305036
7 94 -0.325118
7 95 -0.341194
7 96 -0.354996
7 97 -0.365554
7 98 -0.373598
7 99 -0.378161
7 100 -0.047069
7 101 0

8 0 0
8 1 -0.0447245
8 2 -0.359264
8 3 -0.354952
8 4 -0.347805
8 5 -0.336957
8 6 -0.322563
8 7 -0.306031
8 8 -0.286833
8 9 -0.264488
8 10 -0.240209
8 11 -0.213983
8 12 -0.187073
8 13 -0.158855
8 14 -0.130225
8 15 -0.101325
8 16 -0.0721006
8 17 -0.0435465
8 18 -0.0163716
8 19 0.00948049
8 20 0.0325376
8 21 0.0533205
8 22 0.0715774
8 23 0.0877657
8 24 0.100053
8 25 0.108592
8 26 0.114426
8 27 0.116334
8 28 0.113757
8 29 0.108595
8 30 0.09923
8 31 0.0874529
8 32 0.072733
8 33 0.0561949
8 34 0.0369596
8 35 0.0157761
8 36 -0.0065466
8 37 -0.0297776
8 38 -0.0546582
8 39 -0.0790898
8 40 -0.103559
8 41 -0.127436
8 42 -0.150129
8 43 -0.172066
8 44 -0.191832
8 45 -0.209358
8 46 -0.223996
8 47 -0.236759
8 48 -0.246013
8 49 -0.252252
8 50 -0.254991
8 51 -0.254169
8 52 -0.249666
8 53 -0.24209
8 54 -0.231167
8 55 -0.218034
8 56 -0.20194
8 57 -0.183702
8 58 -0.163248
8 59 -0.141099
8 60 -0.1169
8 61 -0.0918421
8 62 -0.0668617
8 63 -0.0413999
8 64 -0.0163267
8 65 0.00819892
8 66 0.0307017
8 67 0.0515099
8 68 0.0713017
8 69 0.0895555
8 70 0.103849
8 71 0.115355
8 72 0.123591
8 73 0.12921
8 74 0.130475
8 75 0.128644
8 76 0.12235
8 77 0.111931
8 78 0.0989725
8 79 0.0827766
8 80 0.0629473
8 81 0.0410228
8 82 0.0167531
8 83 -0.00937502
8 84 -0.0379552
8 85 -0.0665921
8 86 -0.0957179
8 87 -0.126329
8 88 -0.155973
8 89 -0.185091
8 90 -0.21367
8 91 -0.239398
8 92 -0.264354
8 93 -0.286612
8 94 -0.306133
8 95 -0.322963
8 96 -0.336268
8 97 -0.346739
8 98 -0.354168
8 99 -0.358508
8 100 -0.0446598
8 101 0

9 0 0
9 1 -0.0419314
9 2 -0.336802
9 3 -0.332915
9 4 -0.325886
9 5 -0.314996
9 6 -0.301099
9 7 -0.283666
9 8 -0.264488
9 9 -0.24224
9 10 -0.217862
9 11 -0.192311
9 12 -0.16566
9 13 -0.138326
9 14 -0.109594
9 15 -0.0803731
9 16 -0.0517203
9 17 -0.0240631
9 18 0.0024644
9 19 0.0276048
9 20 0.0501505
9 21 0.0710266
9 22 0.0881353
9 23 0.102863
9 24 0.114034
9 25 0.122318
9 26 0.128046
9 27 0.129297
9 28 0.126895
9 29 0.121406
9 30 0.112084
9 31 0.100212
9 32 0.085089
9 33 0.0674111
9 34 0.0484684
9 35 0.0277117
9 36 0.00514146
9 37 -0.0188883
9 38 -0.0435958
9 39 -0.0679277
9 40 -0.0928195
9 41 -0.11732
9 42 -0.139955
9 43 -0.161044
9 44 -0.180595
9 45 -0.198025
9 46 -0.212853
9 47 -0.225056
9 48 -0.235041
9 49 -0.241364
9 50 -0.244268
9 51 -0.243467
9 52 -0.239552
9 53 -0.231781
9 54 -0.220374
9 55 -0.206202
9 56 -0.190566
9 57 -0.172648
9 58 -0.152807
9 59 -0.131109
9 60 -0.107646
9 61 -0.0829004
9 62 -0.0566725
9 63 -0.0308767
9 64 -0.00620448
9 65 0.0184937
9 66 0.0417086
9 67 0.062619
9 68 0.0818328
9 69 0.0994265
9 70 0.114863
9 71 0.127124
9 72 0.135415
9 73 0.140519
9 74 0.14228
9 75 0.140625
9 76 0.135351
9 77 0.12568
9 78 0.112943
9 79 0.0977068
9 80 0.0786826
9 81 0.0578418
9 82 0.0334323
9 83 0.0078922
9 84 -0.0194259
9 85 -0.0476451
9 86 -0.0766045
9 87 -0.106584
9 88 -0.13617
9 89 -0.164884
9 90 -0.191921
9 91 -0.217875
9 92 -0.242857
9 93 -0.265084
9 94 -0.284922
9 95 -0.301625
9 96 -0.315119
9 97 -0.325485
9 98 -0.333101
9 99 -0.336904
9 100 -0.0419058
9 101 0

10 0 0
10 1 -0.0389076
10 2 -0.31232
10 3 -0.308362
10 4 -0.301546
10 5 -0.290898
10 6 -0.276743
10 7 -0.259821
10 8 -0.240209
10 9 -0.217862
10 10 -0.19335
10 11 -0.168135
10 12 -0.142266
10 13 -0.114648
10 14 -0.0867083
10 15 -0.0581772
10 16 -0.0297735
10 17 -0.00265001
10 18 0.0232004
10 19 0.0475353
10 20 0.0695018
10 21 0.0891051
10 22 0.105975
10 23 0.119853
10 24 0.130781
10 25 0.138585
10 26 0.143878
10 27 0.145049
10 28 0.141775
10 29 0.135182
10 30 0.125509
10 31 0.113837
10 32 0.0983691
10 33 0.0816258
10 34 0.0619569
10 35 0.0403987
10 36 0.0172339
10 37 -0.00673722
10 38 -0.0316521
10 39 -0.0568448
10 40 -0.0814017
10 41 -0.105104
10 42 -0.127604
10 43 -0.149486
10 44 -0.168934
10 45 -0.185734
10 46 -0.200453
10 47 -0.213538
10 48 -0.222964
10 49 -0.229522
10 50 -0.232414
10 51 -0.232048
10 52 -0.227734
10 53 -0.220168
10 54 -0.208891
10 55 -0.194968
10 56 -0.178668
10 57 -0.160788
10 58 -0.141362
10 59 -0.119799
10 60 -0.0958327
10 61 -0.071431
10 62 -0.0463542
10 63 -0.0207108
10 64 0.00500322
10 65 0.02973
10 66 0.0529757
10 67 0.0748182
10 68 0.0939745
10 69 0.111745
10 70 0.126634
10 71 0.139377
10 72 0.148239
10 73 0.154067
10 74 0.156244
10 75 0.155608
10 76 0.150155
10 77 0.140437
10 78 0.128946
10 79 0.113902
10 80 0.0959539
10 81 0.075253
10 82 0.0518692
10 83 0.0268464
10 84 0.000614911
10 85 -0.0270759
10 86 -0.055629
10 87 -0.0847786
10 88 -0.113693
10 89 -0.141484
10 90 -0.168762
10 91 -0.194496
10 92 -0.219027
10 93 -0.241533
10 94 -0.261557
10 95 -0.2783
10 96 -0.291585
10 97 -0.301935
10 98 -0.309419
10 99 -0.313227
10 100 -0.0389924
10 101 0

11 0 0
11 1 -0.0355577
11 2 -0.285777
11 3 -0.282445
11 4 -0.275162
11 5 -0.264595
11 6 -0.250546
11 7 -0.233366
11 8 -0.213983
11 9 -0.192311
11 10 -0.168135
11 11 -0.143406
11 12 -0.117032
11 13 -0.0906781
11 14 -0.0625051
11 15 -0.0345426
11 16 -0.00658455
11 17 0.0197609
11 18 0.0451053
11 19 0.0686293
11 20 0.0897942
11 21 0.109051
11 22 0.125234
11 23 0.138277
11 24 0.14837
11 25 0.15578
11 26 0.16019
11 27 0.160891
11 28 0.157816
11 29 0.150372
11 30 0.140739
11 31 0.128251
11 32 0.113375
11 33 0.09534
11 34 0.0758668
11 35 0.0541079
11 36 0.0302727
11 37 0.00481446
11 38 -0.0196253
11 39 -0.044592
11 40 -0.0692933
11 41 -0.0929672
11 42 -0.115844
11 43 -0.136894
11 44 -0.156426
11 45 -0.173258
11 46 -0.188183
11 47 -0.200465
11 48 -0.210177
11 49 -0.216848
11 50 -0.219541
11 51 -0.219577
11 52 -0.215306
11 53 -0.207657
11 54 -0.196777
11 55 -0.18291
11 56 -0.166704
11 57 -0.148822
11 58 -0.129237
11 59 -0.107317
11 60 -0.0844852
11 61 -0.0604969
11 62 -0.0350177
11 63 -0.00924545
11 64 0.0160267
11 65 0.0405248
11 66 0.0648827
11 67 0.0872441
11 68 0.1067
11 69 0.124095
11 70 0.140239
11 71 0.152868
11 72 0.162585
11 73 0.168068
11 74 0.171315
11 75 0.170542
11 76 0.165786
11 77 0.157129
11 78 0.145497
11 79 0.131474
11 80 0.114369
11 81 0.0943849
11 82 0.0715161
11 83 0.0472017
11 84 0.0217924
11 85 -0.00539916
11 86 -0.033294
11 87 -0.0620444
11 88 -0.0901741
11 89 -0.118279
11 90 -0.143955
11 91 -0.170126
11 92 -0.194309
11 93 -0.216601
11 94 -0.236517
11 95 -0.252973
11 96 -0.266151
11 97 -0.276438
11 98 -0.283587
11 99 -0.287783
11 100 -0.035853
11 101 0

12 0 0
12 1 -0.0320736
12 2 -0.257651
12 3 -0.254282
12 4 -0.247166
12 5 -0.236459
12 6 -0.22306
12 7 -0.206288
12 8 -0.187073
12 9 -0.16566
12 10 -0.142266
12 11 -0.117032
12 12 -0.0920193
12 13 -0.0650506
12 14 -0.0377191
12 15 -0.0102384
12 16 0.0169868
12 17 0.0430563
12 18 0.0676629
12 19 0.0906548
12 20 0.111714
12 21 0.129345
12 22 0.145044
12 23 0.157148
12 24 0.166648
12 25 0.17346
12 26 0.177265
12 27 0.17778
12 28 0.17368
12 29 0.166695
12 30 0.155745
12 31 0.143534
12 32 0.127614
12 33 0.110013
12 34 0.0896971
12 35 0.06759
12 36 0.0427401
12 37 0.0181943
12 38 -0.00684335
12 39 -0.0318694
12 40 -0.0567873
12 41 -0.0806783
12 42 -0.103048
12 43 -0.124666
12 44 -0.143168
12 45 -0.160388
12 46 -0.175237
12 47 -0.188524
12 48 -0.197428
12 49 -0.203951
12 50 -0.207368
12 51 -0.207638
12 52 -0.202958
12 53 -0.195278
12 54 -0.184523
12 55 -0.171388
12 56 -0.154321
12 57 -0.136522
12 58 -0.116994
12 59 -0.0957439
12 60 -0.0723934
12 61 -0.0483057
12 62 -0.0232065
12 63 0.00271565
12 64 0.0278345
12 65 0.0523711
12 66 0.0763832
12 67 0.0997362
12 68 0.119703
12 69 0.13774
12 70 0.15288
12 71 0.166787
12 72 0.176198
12 73 0.183385
12 74 0.186177
12 75 0.186147
12 76 0.181498
12 77 0.173648
12 78 0.163576
12 79 0.149683
12 80 0.134027
12 81 0.11417
12 82 0.092294
12 83 0.0687722
12 84 0.0435358
12 85 0.0168166
12 86 -0.0104019
12 87 -0.0385331
12 88 -0.0663115
12 89 -0.0929585
12 90 -0.1198
12 91 -0.144624
12 92 -0.168868
12 93 -0.190694
12 94 -0.209941
12 95 -0.226006
12 96 -0.239303
12 97 -0.249287
12 98 -0.256305
12 99 -0.260553
12 100 -0.0324544
12 101 0

13 0 0
13 1 -0.0284168
13 2 -0.228145
13 3 -0.224576
13 4 -0.217476
13 5 -0.207315
13 6 -0.193598
13 7 -0.178184
13 8 -0.158855
13 9 -0.138326
13 10 -0.114648
13 11 -0.0906781
13 12 -0.0650506
13 13 -0.0395111
13 14 -0.0121744
13 15 0.0143761
13 16 0.0410999
13 17 0.0664379
13 18 0.0907901
13 19 0.112667
13 20 0.133086
13 21 0.149703
13 22 0.16486
13 23 0.176506
13 24 0.185229
13 25 0.191296
13 26 0.194929
13 27 0.194534
13 28 0.190141
13 29 0.182193
13 30 0.171556
13 31 0.157876
13 32 0.142373
13 33 0.124211
13 34 0.103666
13 35 0.0809495
13 36 0.0565423
13 37 0.0314349
13 38 0.00600623
13 39 -0.0196227
13 40 -0.0447371
13 41 -0.0687186
13 42 -0.0913665
13 43 -0.112427
13 44 -0.131286
13 45 -0.148191
13 46 -0.162805
13 47 -0.175596
13 48 -0.184479
13 49 -0.190958
13 50 -0.194215
13 51 -0.193996
13 52 -0.189661
13 53 -0.182583
13 54 -0.172149
13 55 -0.159351
13 56 -0.142916
13 57 -0.125299
13 58 -0.105802
13 59 -0.0841783
13 60 -0.0609755
13 61 -0.0365896
13 62 -0.0115842
13 63 0.014218
13 64 0.0396401
13 65 0.0642573
13 66 0.0884903
13 67 0.111588
13 68 0.132589
13 69 0.150847
13 70 0.16662
13 71 0.179927
13 72 0.190465
13 73 0.197621
13 74 0.201712
13 75 0.201806
13 76 0.198076
13 77 0.190531
13 78 0.181025
13 79 0.168367
13 80 0.153195
13 81 0.13364
13 82 0.113444
13 83 0.0903433
13 84 0.0657386
13 85 0.0395164
13 86 0.0131743
13 87 -0.0146394
13 88 -0.0407993
13 89 -0.0676691
13 90 -0.0933398
13 91 -0.11857
13 92 -0.141972
13 93 -0.164226
13 94 -0.182265
13 95 -0.198149
13 96 -0.21089
13 97 -0.22112
13 98 -0.227626
13 99 -0.231889
13 100 -0.0289175
13 101 0

14 0 0
14 1 -0.0246276
14 2 -0.197836
14 3 -0.194331
14 4 -0.187318
14 5 -0.177298
14 6 -0.164046
14 7 -0.148816
14 8 -0.130225
14 9 -0.109594
14 10 -0.0867083
14 11 -0.0625051
14 12 -0.0377191
14 13 -0.0121744
14 14 0.0140053
14 15 0.0397454
14 16 0.0657676
14 17 0.0904458
14 18 0.113457
14 19 0.13494
14 20 0.153896
14 21 0.170619
14 22 0.1848
14 23 0.195628
14 24 0.203689
14 25 0.209617
14 26 0.212763
14 27 0.211709
14 28 0.206984
14 29 0.198668
14 30 0.187063
14 31 0.172754
14 32 0.156371
14 33 0.137605
14 34 0.116609
14 35 0.0940604
14 36 0.070014
14 37 0.0438975
14 38 0.0179186
14 39 -0.00762506
14 40 -0.0326455
14 41 -0.056826
14 42 -0.0795596
14 43 -0.100002
14 44 -0.119583
14 45 -0.136307
14 46 -0.150471
14 47 -0.162046
14 48 -0.171526
14 49 -0.178169
14 50 -0.1808
14 51 -0.180069
14 52 -0.176181
14 53 -0.169675
14 54 -0.159849
14 55 -0.146798
14 56 -0.131778
14 57 -0.114422
14 58 -0.0947846
14 59 -0.0725391
14 60 -0.0497425
14 61 -0.0256759
14 62 -0.000338627
14 63 0.0251528
14 64 0.0506428
14 65 0.0758935
14 66 0.100573
14 67 0.123213
14 68 0.143956
14 69 0.163282
14 70 0.180042
14 71 0.193708
14 72 0.20483
14 73 0.212575
14 74 0.216851
14 75 0.217587
14 76 0.214713
14 77 0.208262
14 78 0.198839
14 79 0.186788
14 80 0.172051
14 81 0.154017
14 82 0.133755
14 83 0.11199
14 84 0.0882249
14 85 0.0629757
14 86 0.0372788
14 87 0.0108785
14 88 -0.0152003
14 89 -0.0410592
14 90 -0.0663209
14 91 -0.0910388
14 92 -0.114461
14 93 -0.135701
14 94 -0.153864
14 95 -0.169682
14 96 -0.182274
14 97 -0.19222
14 98 -0.198803
14 99 -0.202465
14 100 -0.0252048
14 101 0

15 0 0
15 1 -0.0208835
15 2 -0.167407
15 3 -0.163674
15 4 -0.156784
15 5 -0.146908
15 6 -0.134522
15 7 -0.119213
15 8 -0.101325
15 9 -0.0803731
15 10 -0.0581772
15 11 -0.0345426
15 12 -0.0102384
15 13 0.0143761
15 14 0.0397454
15 15 0.0649612
15 16 0.0899468
15 17 0.113849
15 18 0.135859
15 19 0.156412
15 20 0.174801
15 21 0.190996
15 22 0.204407
15 23 0.215134
15 24 0.222835
15 25 0.227985
15 26 0.230132
15 27 0.228609
15 28 0.222892
15 29 0.214095
15 30 0.202412
15 31 0.18722
15 32 0.169673
15 33 0.150433
15 34 0.128523
15 35 0.106195
15 36 0.0822654
15 37 0.0569526
15 38 0.0302686
15 39 0.00406631
15 40 -0.020935
15 41 -0.0451978
15 42 -0.0680199
15 43 -0.0887478
15 44 -0.107831
15 45 -0.124318
15 46 -0.138107
15 47 -0.150198
15 48 -0.159123
15 49 -0.16491
15 50 -0.167937
15 51 -0.166945
15 52 -0.163714
15 53 -0.157233
15 54 -0.147864
15 55 -0.13554
15 56 -0.120322
15 57 -0.103438
15 58 -0.0841577
15 59 -0.0623785
15 60 -0.0393092
15 61 -0.0146318
15 62 0.0106128
15 63 0.0360316
15 64 0.0617868
15 65 0.0873103
15 66 0.111515
15 67 0.134244
15 68 0.155268
15 69 0.175309
15 70 0.192219
15 71 0.20667
15 72 0.218449
15 73 0.226838
15 74 0.231967
15 75 0.233663
15 76 0.231465
15 77 0.22568
15 78 0.216617
15 79 0.205105
15 80 0.190118
15 81 0.173158
15 82 0.15439
15 83 0.133088
15 84 0.10989
15 85 0.0859798
15 86 0.0609344
15 87 0.0356407
15 88 0.0106799
15 89 -0.0145027
15 90 -0.0394079
15 91 -0.063322
15 92 -0.0864578
15 93 -0.107316
15 94 -0.125506
15 95 -0.140439
15 96 -0.153188
15 97 -0.163116
15 98 -0.169282
15 99 -0.172872
15 100 -0.0215426
15 101 0

16 0 0
16 1 -0.0170968
16 2 -0.137207
16 3 -0.133521
16 4 -0.126334
16 5 -0.116958
16 6 -0.104901
16 7 -0.0896565
16 8 -0.0721006
16 9 -0.0517203
16 10 -0.0297735
16 11 -0.00658455
16 12 0.0169868
16 13 0.0410999
16 14 0.0657676
16 15 0.0899468
16 16 0.114247
16 17 0.136591
16 18 0.15779
16 19 0.177204
16 20 0.195146
16 21 0.211252
16 22 0.223644
16 23 0.233975
16 24 0.241121
16 25 0.244956
16 26 0.246448
16 27 0.24411
16 28 0.237626
16 29 0.228716
16 30 0.216188
16 31 0.201141
16 32 0.182879
16 33 0.162894
16 34 0.140691
16 35 0.117266
16 36 0.093168
16 37 0.0680125
16 38 0.0416324
16 39 0.0155444
16 40 -0.00991365
16 41 -0.0338937
16 42 -0.0563433
16 43 -0.0775087
16 44 -0.096094
16 45 -0.112575
16 46 -0.126761
16 47 -0.13886
16 48 -0.147834
16 49 -0.152709
16 50 -0.155059
16 51 -0.154942
16 52 -0.151458
16 53 -0.145468
16 54 -0.136989
16 55 -0.124862
16 56 -0.109745
16 57 -0.092767
16 58 -0.0736896
16 59 -0.0523359
16 60 -0.0290769
16 61 -0.0046893
16 62 0.0206092
16 63 0.0462258
16 64 0.0718037
16 65 0.097229
16 66 0.121228
16 67 0.144564
16 68 0.166659
16 69 0.186679
16 70 0.20407
16 71 0.219228
16 72 0.23066
16 73 0.240126
16 74 0.245912
16 75 0.248341
16 76 0.246966
16 77 0.241909
16 78 0.234086
16 79 0.222858
16 80 0.208502
16 81 0.192631
16 82 0.173889
16 83 0.153101
16 84 0.131462
16 85 0.108333
16 86 0.0849535
16 87 0.0605232
16 88 0.0365176
16 89 0.0118035
16 90 -0.0125825
16 91 -0.0356243
16 92 -0.0584482
16 93 -0.0789221
16 94 -0.096984
16 95 -0.111798
16 96 -0.124375
16 97 -0.134391
16 98 -0.140072
16 99 -0.143351
16 100 -0.0178642
16 101 0

17 0 0
17 1 -0.0134173
17 2 -0.107519
17 3 -0.103609
17 4 -0.0966733
17 5 -0.0873066
17 6 -0.0756764
17 7 -0.0606377
17 8 -0.0435465
17 9 -0.0240631
17 10 -0.00265001
17 11 0.0197609
17 12 0.0430563
17 13 0.0664379
17 14 0.0904458
17 15 0.113849
17 16 0.136591
17 17 0.157995
17 18 0.178147
17 19 0.196847
17 20 0.214203
17 21 0.229626
17 22 0.242076
17 23 0.251456
17 24 0.257561
17 25 0.260899
17 26 0.260991
17 27 0.257975
17 28 0.251608
17 29 0.241537
17 30 0.228745
17 31 0.213025
17 32 0.195098
17 33 0.174732
17 34 0.151898
17 35 0.128112
17 36 0.103403
17 37 0.0778556
17 38 0.0519256
17 39 0.02592
17 40 0.000683503
17 41 -0.0232311
17 42 -0.0459699
17 43 -0.0667844
17 44 -0.0853833
17 45 -0.101741
17 46 -0.115628
17 47 -0.127423
17 48 -0.136308
17 49 -0.141269
17 50 -0.143471
17 51 -0.143323
17 52 -0.140176
17 53 -0.134109
17 54 -0.126056
17 55 -0.114547
17 56 -0.0998554
17 57 -0.0832551
17 58 -0.0638902
17 59 -0.0424983
17 60 -0.0201051
17 61 0.0041874
17 62 0.0296174
17 63 0.0551958
17 64 0.0808124
17 65 0.106138
17 66 0.130683
17 67 0.154282
17 68 0.176526
17 69 0.196857
17 70 0.214691
17 71 0.229938
17 72 0.242268
17 73 0.2517
17 74 0.258609
17 75 0.261445
17 76 0.260796
17 77 0.257253
17 78 0.250032
17 79 0.239596
17 80 0.226119
17 81 0.210341
17 82 0.192081
17 83 0.172051
17 84 0.151388
17 85 0.129703
17 86 0.10719
17 87 0.0841915
17 88 0.06067
17 89 0.0362633
17 90 0.0132237
17 91 -0.00960118
17 92 -0.0313288
17 93 -0.051085
17 94 -0.0688489
17 95 -0.0832927
17 96 -0.0957688
17 97 -0.105345
17 98 -0.111533
17 99 -0.114603
17 100 -0.0142537
17 101 0

18 0 0
18 1 -0.00983189
18 2 -0.0785811
18 3 -0.0745505
18 4 -0.0684155
18 5 -0.0590654
18 6 -0.047893
18 7 -0.0334826
18 8 -0.0163716
18 9 0.0024644
18 10 0.0232004
18 11 0.0451053
18 12 0.0676629
18 13 0.0907901
18 14 0.113457
18 15 0.135859
18 16 0.15779
18 17 0.178147
18 18 0.197675
18 19 0.215469
18 20 0.231907
18 21 0.246202
18 22 0.258638
18 23 0.267443
18 24 0.272365
18 25 0.27489
18 26 0.273749
18 27 0.270106
18 28 0.263369
18 29 0.253187
18 30 0.240469
18 31 0.224693
18 32 0.20633
18 33 0.185703
18 34 0.162227
18 35 0.137514
18 36 0.112627
18 37 0.0875333
18 38 0.0611231
18 39 0.0351877
18 40 0.0104073
18 41 -0.0134892
18 42 -0.0362693
18 43 -0.0570972
18 44 -0.0753574
18 45 -0.0912349
18 46 -0.105197
18 47 -0.117186
18 48 -0.125367
18 49 -0.130144
18 50 -0.132833
18 51 -0.132687
18 52 -0.129629
18 53 -0.123566
18 54 -0.115438
18 55 -0.1047
18 56 -0.0904613
18 57 -0.0738183
18 58 -0.0550253
18 59 -0.0344602
18 60 -0.0119583
18 61 0.0126303
18 62 0.0375539
18 63 0.0630621
18 64 0.0886948
18 65 0.114195
18 66 0.139059
18 67 0.162902
18 68 0.185634
18 69 0.206441
18 70 0.224154
18 71 0.239478
18 72 0.252219
18 73 0.262048
18 74 0.269174
18 75 0.273056
18 76 0.273026
18 77 0.270437
18 78 0.264456
18 79 0.254723
18 80 0.242073
18 81 0.22677
18 82 0.209484
18 83 0.190671
18 84 0.170876
18 85 0.149668
18 86 0.128129
18 87 0.105743
18 88 0.0828835
18 89 0.0600801
18 90 0.0374922
18 91 0.0155096
18 92 -0.00558103
18 93 -0.0248954
18 94 -0.0416227
18 95 -0.0559233
18 96 -0.0680241
18 97 -0.0770533
18 98 -0.0835692
18 99 -0.0866952
18 100 -0.0107929
18 101 0

19 0 0
19 1 -0.00633086
19 2 -0.0509866
19 3 -0.0478639
19 4 -0.0411503
19 5 -0.0326537
19 6 -0.0215925
19 7 -0.00709495
19 8 0.00948049
19 9 0.0276048
19 10 0.0475353
19 11 0.0686293
19 12 0.0906548
19 13 0.112667
19 14 0.13494
19 15 0.156412
19 16 0.177204
19 17 0.196847
19 18 0.215469
19 19 0.23218
19 20 0.248015
19 21 0.262396
19 22 0.272982
19 23 0.281278
19 24 0.28602
19 25 0.286902
19 26 0.284991
19 27 0.279946
19 28 0.272941
19 29 0.263463
19 30 0.250626
19 31 0.235344
19 32 0.216442
19 33 0.194756
19 34 0.172161
19 35 0.146838
19 36 0.121252
19 37 0.0952806
19 38 0.0693981
19 39 0.0441984
19 40 0.0187861
19 41 -0.00509301
19 42 -0.0270378
19 43 -0.0475434
19 44 -0.0661626
19 45 -0.0822242
19 46 -0.0956274
19 47 -0.106386
19 48 -0.115117
19 49 -0.120494
19 50 -0.122625
19 51 -0.122519
19 52 -0.119227
19 53 -0.113667
19 54 -0.10537
19 55 -0.0946983
19 56 -0.0820129
19 57 -0.0661066
19 58 -0.047303
19 59 -0.0263389
19 60 -0.00399799
19 61 0.0194627
19 62 0.0446236
19 63 0.0705776
19 64 0.0955962
19 65 0.120875
19 66 0.146435
19 67 0.170897
19 68 0.193908
19 69 0.213937
19 70 0.232619
19 71 0.248328
19 72 0.260288
19 73 0.270339
19 74 0.277857
19 75 0.282097
19 76 0.2838
19 77 0.282193
19 78 0.277069
19 79 0.268322
19 80 0.256355
19 81 0.242473
19 82 0.225491
19 83 0.207447
19 84 0.188513
19 85 0.168408
19 86 0.147959
19 87 0.125765
19 88 0.103621
19 89 0.0815361
19 90 0.0602368
19 91 0.0394199
19 92 0.0190701
19 93 0.000361691
19 94 -0.0158439
19 95 -0.0301206
19 96 -0.0418774
19 97 -0.0507185
19 98 -0.0568333
19 99 -0.0601475
19 100 -0.00749306
19 101 0

20 0 0
20 1 -0.00326345
20 2 -0.0257915
20 3 -0.0221924
20 4 -0.0159425
20 5 -0.00746906
20 6 0.00332838
20 7 0.0165896
20 8 0.0325376
20 9 0.0501505
20 10 0.0695018
20 11 0.0897942
20 12 0.111714
20 13 0.133086
20 14 0.153896
20 15 0.174801
20 16 0.195146
20 17 0.214203
20 18 0.231907
20 19 0.248015
20 20 0.262498
20 21 0.274744
20 22 0.285376
20 23 0.29267
20 24 0.296614
20 25 0.297306
20 26 0.294336
20 27 0.289049
20 28 0.281737
20 29 0.271635
20 30 0.259006
20 31 0.242941
20 32 0.224217
20 33 0.202959
20 34 0.179927
20 35 0.154587
20 36 0.129048
20 37 0.103269
20 38 0.0768697
20 39 0.051197
20 40 0.0265432
20 41 0.00277158
20 42 -0.0194873
20 43 -0.0393357
20 44 -0.057957
20 45 -0.0734782
20 46 -0.0866407
20 47 -0.0972032
20 48 -0.105488
20 49 -0.111002
20 50 -0.113764
20 51 -0.112974
20 52 -0.110292
20 53 -0.104457
20 54 -0.0962987
20 55 -0.0862505
20 56 -0.0742195
20 57 -0.0585864
20 58 -0.0403087
20 59 -0.019719
20 60 0.00239116
20 61 0.0262899
20 62 0.0508136
20 63 0.0762546
20 64 0.10192
20 65 0.127514
20 66 0.153068
20 67 0.177023
20 68 0.199729
20 69 0.220432
20 70 0.238826
20 71 0.254243
20 72 0.267309
20 73 0.277212
20 74 0.28498
20 75 0.290271
20 76 0.292132
20 77 0.291344
20 78 0.287197
20 79 0.279318
20 80 0.268769
20 81 0.255375
20 82 0.240105
20 83 0.223083
20 84 0.204862
20 85 0.185864
20 86 0.165726
20 87 0.144439
20 88 0.122941
20 89 0.101551
20 90 0.0808395
20 91 0.0602992
20 92 0.0409004
20 93 0.0231253
20 94 0.00793304
20 95 -0.00596676
20 96 -0.0172253
20 97 -0.0258523
20 98 -0.0320583
20 99 -0.0355262
20 100 -0.00445966
20 101 0

21 0 0
21 1 -0.000377931
21 2 -0.00290966
21 3 0.000333195
21 4 0.00647507
21 5 0.015383
21 6 0.0253015
21 7 0.0387494
21 8 0.0533205
21 9 0.0710266
21 10 0.0891051
21 11 0.109051
21 12 0.129345
21 13 0.149703
21 14 0.170619
21 15 0.190996
21 16 0.211252
21 17 0.229626
21 18 0.246202
21 19 0.262396
21 20 0.274744
21 21 0.286603
21 22 0.295791
21 23 0.302181
21 24 0.304839
21 25 0.304896
21 26 0.30151
21 27 0.295489
21 28 0.288883
21 29 0.278709
21 30 0.265346
21 31 0.249732
21 32 0.229908
21 33 0.208684
21 34 0.185645
21 35 0.161433
21 36 0.135862
21 37 0.1091
21 38 0.0829
21 39 0.0575433
21 40 0.0329222
21 41 0.00902179
21 42 -0.0125012
21 43 -0.0317591
21 44 -0.0498126
21 45 -0.0652947
21 46 -0.0789511
21 47 -0.0887933
21 48 -0.097475
21 49 -0.103057
21 50 -0.105095
21 51 -0.105239
21 52 -0.102484
21 53 -0.0969411
21 54 -0.0890738
21 55 -0.0779969
21 56 -0.0665737
21 57 -0.0511109
21 58 -0.0336046
21 59 -0.0140252
21 60 0.0076562
21 61 0.0306439
21 62 0.0560907
21 63 0.0813596
21 64 0.106835
21 65 0.13278
21 66 0.158085
21 67 0.182158
21 68 0.203693
21 69 0.224807
21 70 0.243437
21 71 0.259448
21 72 0.272416
21 73 0.281968
21 74 0.290125
21 75 0.295276
21 76 0.298231
21 77 0.299037
21 78 0.295495
21 79 0.288908
21 80 0.278973
21 81 0.267757
21 82 0.252493
21 83 0.237305
21 84 0.219768
21 85 0.200943
21 86 0.181435
21 87 0.160708
21 88 0.139487
21 89 0.118769
21 90 0.0990628
21 91 0.0796214
21 92 0.0605101
21 93 0.0440915
21 94 0.0288076
21 95 0.0159993
21 96 0.00463109
21 97 -0.00325743
21 98 -0.00986894
21 99 -0.0130879
21 100 -0.00160989
21 101 0

22 0 0
22 1 0.002171
22 2 0.0173553
22 3 0.0203884
22 4 0.0273619
22 5 0.0350007
22 6 0.0447205
22 7 0.0575583
22 8 0.0715774
22 9 0.0881353
22 10 0.105975
22 11 0.125234
22 12 0.145044
22 13 0.16486
22 14 0.1848
22 15 0.204407
22 16 0.223644
22 17 0.242076
22 18 0.258638
22 19 0.272982
22 20 0.285376
22 21 0.295791
22 22 0.303662
22 23 0.309542
22 24 0.312464
22 25 0.310765
22 26 0.30726
22 27 0.301468
22 28 0.2937
22 29 0.283896
22 30 0.270441
22 31 0.254376
22 32 0.234596
22 33 0.213421
22 34 0.190551
22 35 0.166311
22 36 0.140591
22 37 0.114726
22 38 0.0883367
22 39 0.0629587
22 40 0.0377465
22 41 0.0146733
22 42 -0.00598053
22 43 -0.0263511
22 44 -0.0432959
22 45 -0.058971
22 46 -0.0718715
22 47 -0.0826441
22 48 -0.0910401
22 49 -0.0956624
22 50 -0.09835
22 51 -0.098624
22 52 -0.0959881
22 53 -0.090608
22 54 -0.0829126
22 55 -0.0725536
22 56 -0.0598839
22 57 -0.0453033
22 58 -0.0281726
22 59 -0.00932652
22 60 0.0127227
22 61 0.0356012
22 62 0.0596653
22 63 0.0851201
22 64 0.11092
22 65 0.136842
22 66 0.161323
22 67 0.185492
22 68 0.207813
22 69 0.228035
22 70 0.246667
22 71 0.26312
22 72 0.275352
22 73 0.286272
22 74 0.294069
22 75 0.299678
22 76 0.303358
22 77 0.303767
22 78 0.301857
22 79 0.29594
22 80 0.287273
22 81 0.276693
22 82 0.263669
22 83 0.248386
22 84 0.231639
22 85 0.213517
22 86 0.194288
22 87 0.174043
22 88 0.154267
22 89 0.134671
22 90 0.114457
22 91 0.0959354
22 92 0.078024
22 93 0.0617664
22 94 0.0470087
22 95 0.0347896
22 96 0.0246792
22 97 0.0162699
22 98 0.0111153
22 99 0.00704992
22 100 0.000773308
22 101 0

23 0 0
23 1 0.00426869
23 2 0.03451
23 3 0.0379675
23 4 0.0441426
23 5 0.0523447
23 6 0.0620527
23 7 0.0740237
23 8 0.0877657
23 9 0.102863
23 10 0.119853
23 11 0.138277
23 12 0.157148
23 13 0.176506
23 14 0.195628
23 15 0.215134
23 16 0.233975
23 17 0.251456
23 18 0.267443
23 19 0.281278
23 20 0.29267
23 21 0.302181
23 22 0.309542
23 23 0.314223
23 24 0.316134
23 25 0.314978
23 26 0.310841
23 27 0.305056
23 28 0.297054
23 29 0.286476
23 30 0.27305
23 31 0.256691
23 32 0.237847
23 33 0.216652
23 34 0.1932
23 35 0.168781
23 36 0.143682
23 37 0.11792
23 38 0.0920026
23 39 0.0671565
23 40 0.0425703
23 41 0.0197432
23 42 -0.00120559
23 43 -0.0208443
23 44 -0.038002
23 45 -0.0531744
23 46 -0.0659822
23 47 -0.076858
23 48 -0.0849687
23 49 -0.0901331
23 50 -0.0931402
23 51 -0.0932939
23 52 -0.0907717
23 53 -0.0850385
23 54 -0.0772952
23 55 -0.067225
23 56 -0.0546006
23 57 -0.0403362
23 58 -0.0232898
23 59 -0.0044545
23 60 0.0165041
23 61 0.0394131
23 62 0.0625231
23 63 0.0871887
23 64 0.112814
23 65 0.138458
23 66 0.163544
23 67 0.187263
23 68 0.209383
23 69 0.229953
23 70 0.248245
23 71 0.263888
23 72 0.277211
23 73 0.287876
23 74 0.295749
23 75 0.301921
23 76 0.305674
23 77 0.306812
23 78 0.30527
23 79 0.300821
23 80 0.293323
23 81 0.283314
23 82 0.270847
23 83 0.256768
23 84 0.241079
23 85 0.223705
23 86 0.204671
23 87 0.184754
23 88 0.165413
23 89 0.146723
23 90 0.127502
23 91 0.10959
23 92 0.0927702
23 93 0.0772255
23 94 0.0635109
23 95 0.0515732
23 96 0.0416549
23 97 0.0337168
23 98 0.027814
23 99 0.0242186
23 100 0.00298463
23 101 0

24 0 0
24 1 0.00601593
24 2 0.048634
24 3 0.0521007
24 4 0.0575024
24 5 0.0660044
24 6 0.0757902
24 7 0.086835
24 8 0.100053
24 9 0.114034
24 10 0.130781
24 11 0.14837
24 12 0.166648
24 13 0.185229
24 14 0.203689
24 15 0.222835
24 16 0.241121
24 17 0.257561
24 18 0.272365
24 19 0.28602
24 20 0.296614
24 21 0.304839
24 22 0.312464
24 23 0.316134
24 24 0.317258
24 25 0.316597
24 26 0.311727
24 27 0.305934
24 28 0.298237
24 29 0.286962
24 30 0.273688
24 31 0.256847
24 32 0.238587
24 33 0.21698
24 34 0.193491
24 35 0.169018
24 36 0.144999
24 37 0.119508
24 38 0.0941349
24 39 0.0698631
24 40 0.0461305
24 41 0.0236984
24 42 0.00200008
24 43 -0.0167503
24 44 -0.0342599
24 45 -0.0489933
24 46 -0.0616192
24 47 -0.0721016
24 48 -0.0802017
24 49 -0.0854478
24 50 -0.0884103
24 51 -0.0887254
24 52 -0.0865117
24 53 -0.0808369
24 54 -0.0730631
24 55 -0.0632103
24 56 -0.0509853
24 57 -0.036745
24 58 -0.0199041
24 59 -0.000908328
24 60 0.0189648
24 61 0.0419059
24 62 0.0645038
24 63 0.0882672
24 64 0.113016
24 65 0.138032
24 66 0.16339
24 67 0.186385
24 68 0.208831
24 69 0.229619
24 70 0.247651
24 71 0.262525
24 72 0.276924
24 73 0.287352
24 74 0.295443
24 75 0.301934
24 76 0.305602
24 77 0.307312
24 78 0.306085
24 79 0.302123
24 80 0.29596
24 81 0.28644
24 82 0.274741
24 83 0.262052
24 84 0.247181
24 85 0.230607
24 86 0.212182
24 87 0.193008
24 88 0.173853
24 89 0.155942
24 90 0.138218
24 91 0.119999
24 92 0.1042
24 93 0.089319
24 94 0.07638
24 95 0.0649047
24 96 0.0552621
24 97 0.0478278
24 98 0.0414458
24 99 0.0384731
24 100 0.00481257
24 101 0

25 0 0
25 1 0.00738698
25 2 0.0594073
25 3 0.0622133
25 4 0.0681474
25 5 0.0758626
25 6 0.0850338
25 7 0.096426
25 8 0.108592
25 9 0.122318
25 10 0.138585
25 11 0.15578
25 12 0.17346
25 13 0.191296
25 14 0.209617
25 15 0.227985
25 16 0.244956
25 17 0.260899
25 18 0.27489
25 19 0.286902
25 20 0.297306
25 21 0.304896
25 22 0.310765
25 23 0.314978
25 24 0.316597
25 25 0.314535
25 26 0.310652
25 27 0.304784
25 28 0.296447
25 29 0.28568
25 30 0.271864
25 31 0.255108
25 32 0.236345
25 33 0.215043
25 34 0.191795
25 35 0.168339
25 36 0.143761
25 37 0.119434
25 38 0.0953504
25 39 0.0713544
25 40 0.0475559
25 41 0.0254779
25 42 0.00462574
25 43 -0.0151141
25 44 -0.0321944
25 45 -0.0468859
25 46 -0.0586897
25 47 -0.0686392
25 48 -0.0771179
25 49 -0.0824533
25 50 -0.0853388
25 51 -0.085935
25 52 -0.0837621
25 53 -0.0782281
25 54 -0.0709848
25 55 -0.0609976
25 56 -0.0487993
25 57 -0.0352876
25 58 -0.0184029
25 59 0.000673529
25 60 0.0207456
25 61 0.0425072
25 62 0.0649774
25 63 0.0883248
25 64 0.112365
25 65 0.136626
25 66 0.160194
25 67 0.184066
25 68 0.206624
25 69 0.226401
25 70 0.244305
25 71 0.26023
25 72 0.273619
25 73 0.285143
25 74 0.293543
25 75 0.299419
25 76 0.303503
25 77 0.304938
25 78 0.303988
25 79 0.300131
25 80 0.294212
25 81 0.286077
25 82 0.276445
25 83 0.264241
25 84 0.250499
25 85 0.235058
25 86 0.217349
25 87 0.19872
25 88 0.180425
25 89 0.162921
25 90 0.145295
25 91 0.128346
25 92 0.112706
25 93 0.0982289
25 94 0.0855063
25 95 0.074796
25 96 0.0654628
25 97 0.0580992
25 98 0.0529645
25 99 0.0492759
25 100 0.00605253
25 101 0

26 0 0
26 1 0.00828698
26 2 0.0666444
26 3 0.0690468
26 4 0.0741968
26 5 0.081845
26 6 0.0914528
26 7 0.102274
26 8 0.114426
26 9 0.128046
26 10 0.143878
26 11 0.16019
26 12 0.177265
26 13 0.194929
26 14 0.212763
26 15 0.230132
26 16 0.246448
26 17 0.260991
26 18 0.273749
26 19 0.284991
26 20 0.294336
26 21 0.30151
