0 0 0
0 1 0
0 2 0
0 3 0
0 4 0
0 5 0
0 6 0
0 7 0
0 8 0
0 9 0
0 10 0
0 11 0
0 12 0
0 13 0
0 14 0
0 15 0
0 16 0
0 17 0
0 18 0
0 19 0
0 20 0
0 21 0
0 22 0
0 23 0
0 24 0
0 25 0
0 26 0
0 27 0
0 28 0
0 29 0
0 30 0
0 31 0
0 32 0
0 33 0
0 34 0
0 35 0
0 36 0
0 37 0
0 38 0
0 39 0
0 40 0
0 41 0
0 42 0
0 43 0
0 44 0
0 45 0
0 46 0
0 47 0
0 48 0
0 49 0
0 50 0
0 51 0
0 52 0
0 53 0
0 54 0
0 55 0
0 56 0
0 57 0
0 58 0
0 59 0
0 60 0
0 61 0
0 62 0
0 63 0
0 64 0
0 65 0
0 66 0
0 67 0
0 68 0
0 69 0
0 70 0
0 71 0
0 72 0
0 73 0
0 74 0
0 75 0
0 76 0
0 77 0
0 78 0
0 79 0
0 80 0
0 81 0
0 82 0
0 83 0
0 84 0
0 85 0
0 86 0
0 87 0
0 88 0
0 89 0
0 90 0
0 91 0
0 92 0
0 93 0
0 94 0
0 95 0
0 96 0
0 97 0
0 98 0
0 99 0
0 100 0
0 101 0

1 0 0
1 1 0
1 2 -0.110753
1 3 -0.109573
1 4 -0.107506
1 5 -0.104571
1 6 -0.100818
1 7 -0.0962973
1 8 -0.0910767
1 9 -0.0852415
1 10 -0.0788865
1 11 -0.0721046
1 12 -0.0649963
1 13 -0.0576791
1 14 -0.0502577
1 15 -0.0428646
1 16 -0.0356166
1 17 -0.0286131
1 18 -0.0219689
1 19 -0.0157608
1 20 -0.0101139
1 21 -0.00510652
1 22 -0.000823842
1 23 0.00268953
1 24 0.00536731
1 25 0.00720072
1 26 0.00815192
1 27 0.00821717
1 28 0.00739751
1 29 0.00571681
1 30 0.0032083
1 31 -8.23676e-05
1 32 -0.00410163
1 33 -0.00875532
1 34 -0.0139757
1 35 -0.0196709
1 36 -0.0257431
1 37 -0.0320897
1 38 -0.0385851
1 39 -0.0451222
1 40 -0.0516087
1 41 -0.0578982
1 42 -0.0639073
1 43 -0.0695336
1 44 -0.0746807
1 45 -0.0792619
1 46 -0.0831924
1 47 -0.0864087
1 48 -0.0888548
1 49 -0.0904903
1 50 -0.0912804
1 51 -0.0912186
1 52 -0.0902942
1 53 -0.088548
1 54 -0.0859899
1 55 -0.0826544
1 56 -0.0785895
1 57 -0.073898
1 58 -0.0686507
1 59 -0.0629233
1 60 -0.0568037
1 61 -0.0503995
1 62 -0.0438486
1 63 -0.0372402
1 64 -0.0306871
1 65 -0.0242864
1 66 -0.0181714
1 67 -0.0124383
1 68 -0.00718917
1 69 -0.00252098
1 70 0.00149781
1 71 0.00478002
1 72 0.00725543
1 73 0.00891452
1 74 0.00971216
1 75 0.00961506
1 76 0.00861555
1 77 0.00674346
1 78 0.00399157
1 79 0.000421817
1 80 -0.0039377
1 81 -0.00900814
1 82 -0.0147317
1 83 -0.0210031
1 84 -0.0277316
1 85 -0.0348183
1 86 -0.0421607
1 87 -0.0496422
1 88 -0.0571324
1 89 -0.0645184
1 90 -0.071695
1 91 -0.0785641
1 92 -0.0849856
1 93 -0.0908556
1 94 -0.0961226
1 95 -0.100704
1 96 -0.104509
1 97 -0.107471
1 98 -0.109564
1 99 -0.110738
1 100 0
1 101 0

2 0 0
2 1 -0.110753
2 2 -0.889767
2 3 -0.880339
2 4 -0.86371
2 5 -0.840119
2 6 -0.809934
2 7 -0.773591
2 8 -0.731648
2 9 -0.684788
2 10 -0.633721
2 11 -0.579237
2 12 -0.522156
2 13 -0.463367
2 14 -0.403796
2 15 -0.344411
2 16 -0.286147
2 17 -0.229877
2 18 -0.176421
2 19 -0.126614
2 20 -0.0812592
2 21 -0.0410479
2 22 -0.00659908
2 23 0.0216142
2 24 0.0432017
2 25 0.0578883
2 26 0.0655176
2 27 0.0660189
2 28 0.0594452
2 29 0.0459551
2 30 0.0257959
2 31 -0.000644155
2 32 -0.0328745
2 33 -0.070306
2 34 -0.112269
2 35 -0.15804
2 36 -0.206821
2 37 -0.257766
2 38 -0.309937
2 39 -0.36247
2 40 -0.414486
2 41 -0.465072
2 42 -0.513359
2 43 -0.558565
2 44 -0.599911
2 45 -0.636694
2 46 -0.668276
2 47 -0.694109
2 48 -0.713767
2 49 -0.726913
2 50 -0.733298
2 51 -0.732794
2 52 -0.725427
2 53 -0.711316
2 54 -0.690683
2 55 -0.663872
2 56 -0.631348
2 57 -0.593661
2 58 -0.551444
2 59 -0.5054
2 60 -0.45627
2 61 -0.404924
2 62 -0.35225
2 63 -0.299128
2 64 -0.246425
2 65 -0.195051
2 66 -0.145908
2 67 -0.0998802
2 68 -0.057745
2 69 -0.0202306
2 70 0.0120106
2 71 0.0383768
2 72 0.0583851
2 73 0.0717016
2 74 0.0780567
2 75 0.0772743
2 76 0.069292
2 77 0.0541764
2 78 0.0321001
2 79 0.00335724
2 80 -0.0316494
2 81 -0.0724042
2 82 -0.11833
2 83 -0.168712
2 84 -0.222791
2 85 -0.279755
2 86 -0.338721
2 87 -0.398777
2 88 -0.458958
2 89 -0.518328
2 90 -0.575996
2 91 -0.631056
2 92 -0.68262
2 93 -0.729928
2 94 -0.772281
2 95 -0.809042
2 96 -0.83958
2 97 -0.863403
2 98 -0.880181
2 99 -0.889657
2 100 -0.110738
2 101 0

3 0 0
3 1 -0.109573
3 2 -0.880339
3 3 -0.871008
3 4 -0.854426
3 5 -0.83091
3 6 -0.800775
3 7 -0.7645
3 8 -0.722696
3 9 -0.676012
3 10 -0.625096
3 11 -0.570797
3 12 -0.513943
3 13 -0.455343
3 14 -0.396047
3 15 -0.33689
3 16 -0.278781
3 17 -0.222668
3 18 -0.16933
3 19 -0.119793
3 20 -0.0746203
3 21 -0.0346061
3 22 -0.000237616
3 23 0.0278376
3 24 0.0493853
3 25 0.0639361
3 26 0.0714684
3 27 0.0718814
3 28 0.0652733
3 29 0.0517692
3 30 0.0316151
3 31 0.00518786
3 32 -0.0269496
3 33 -0.0643764
3 34 -0.106318
3 35 -0.152047
3 36 -0.20075
3 37 -0.251547
3 38 -0.303621
3 39 -0.35607
3 40 -0.407881
3 41 -0.458432
3 42 -0.506655
3 43 -0.55179
3 44 -0.593055
3 45 -0.629749
3 46 -0.661279
3 47 -0.687062
3 48 -0.706701
3 49 -0.719857
3 50 -0.726291
3 51 -0.725804
3 52 -0.718493
3 53 -0.704275
3 54 -0.683584
3 55 -0.656825
3 56 -0.624506
3 57 -0.586908
3 58 -0.544717
3 59 -0.498721
3 60 -0.449726
3 61 -0.398603
3 62 -0.345993
3 63 -0.292927
3 64 -0.240264
3 65 -0.189034
3 66 -0.139962
3 67 -0.0940314
3 68 -0.0520047
3 69 -0.0145385
3 70 0.0176144
3 71 0.0439674
3 72 0.0641303
3 73 0.0774678
3 74 0.0837948
3 75 0.0830524
3 76 0.075199
3 77 0.0601011
3 78 0.0381722
3 79 0.00949631
3 80 -0.0253285
3 81 -0.0659511
3 82 -0.111625
3 83 -0.161825
3 84 -0.215743
3 85 -0.272533
3 86 -0.331277
3 87 -0.391047
3 88 -0.451022
3 89 -0.510226
3 90 -0.567699
3 91 -0.622424
3 92 -0.673798
3 93 -0.721135
3 94 -0.763419
3 95 -0.800008
3 96 -0.830386
3 97 -0.854137
3 98 -0.870809
3 99 -0.880303
3 100 -0.109579
3 101 0

4 0 0
4 1 -0.107506
4 2 -0.86371
4 3 -0.854426
4 4 -0.837917
4 5 -0.814517
4 6 -0.78447
4 7 -0.748389
4 8 -0.706832
4 9 -0.660379
4 10 -0.609623
4 11 -0.555515
4 12 -0.498834
4 13 -0.440585
4 14 -0.381607
4 15 -0.322676
4 16 -0.264727
4 17 -0.208796
4 18 -0.155734
4 19 -0.106517
4 20 -0.0615833
4 21 -0.0217661
4 22 0.012336
4 23 0.0402248
4 24 0.0615572
4 25 0.0759268
4 26 0.0833824
4 27 0.0837575
4 28 0.0770131
4 29 0.0633377
4 30 0.0431457
4 31 0.0167619
4 32 -0.0153452
4 33 -0.0527466
4 34 -0.0946855
4 35 -0.140447
4 36 -0.189096
4 37 -0.239856
4 38 -0.291884
4 39 -0.344339
4 40 -0.396032
4 41 -0.446464
4 42 -0.494664
4 43 -0.539729
4 44 -0.580936
4 45 -0.617605
4 46 -0.649059
4 47 -0.674852
4 48 -0.694479
4 49 -0.707499
4 50 -0.713919
4 51 -0.713483
4 52 -0.706163
4 53 -0.69207
4 54 -0.671485
4 55 -0.644773
4 56 -0.612433
4 57 -0.574863
4 58 -0.532771
4 59 -0.486876
4 60 -0.438005
4 61 -0.386958
4 62 -0.334359
4 63 -0.281393
4 64 -0.228792
4 65 -0.177651
4 66 -0.128618
4 67 -0.0826729
4 68 -0.0406446
4 69 -0.00326722
4 70 0.0288185
4 71 0.0552315
4 72 0.0754366
4 73 0.088924
4 74 0.0953722
4 75 0.0946888
4 76 0.0869201
4 77 0.0720002
4 78 0.0502251
4 79 0.0218234
4 80 -0.0127983
4 81 -0.0531884
4 82 -0.0986052
4 83 -0.148547
4 84 -0.202156
4 85 -0.258721
4 86 -0.317161
4 87 -0.376722
4 88 -0.436442
4 89 -0.495424
4 90 -0.552571
4 91 -0.607123
4 92 -0.658304
4 93 -0.705405
4 94 -0.747493
4 95 -0.7839
4 96 -0.814125
4 97 -0.837805
4 98 -0.854378
4 99 -0.863793
4 100 -0.107522
4 101 0

5 0 0
5 1 -0.104571
5 2 -0.840119
5 3 -0.83091
5 4 -0.814517
5 5 -0.79119
5 6 -0.761412
5 7 -0.725537
5 8 -0.684156
5 9 -0.63789
5 10 -0.587449
5 11 -0.533597
5 12 -0.47729
5 13 -0.419306
5 14 -0.360534
5 15 -0.301875
5 16 -0.244242
5 17 -0.188725
5 18 -0.136003
5 19 -0.0870334
5 20 -0.04244
5 21 -0.00288819
5 22 0.0309261
5 23 0.0584609
5 24 0.0795637
5 25 0.0937576
5 26 0.100947
5 27 0.101098
5 28 0.0942325
5 29 0.0804582
5 30 0.0601737
5 31 0.0337787
5 32 0.00164605
5 33 -0.0357465
5 34 -0.0776779
5 35 -0.123445
5 36 -0.172102
5 37 -0.222781
5 38 -0.274847
5 39 -0.32731
5 40 -0.378995
5 41 -0.429387
5 42 -0.47753
5 43 -0.522569
5 44 -0.563764
5 45 -0.600316
5 46 -0.631738
5 47 -0.657532
5 48 -0.677132
5 49 -0.690139
5 50 -0.696508
5 51 -0.696039
5 52 -0.68881
5 53 -0.674811
5 54 -0.654324
5 55 -0.627594
5 56 -0.595231
5 57 -0.557799
5 58 -0.515801
5 59 -0.46992
5 60 -0.421181
5 61 -0.370202
5 62 -0.317705
5 63 -0.264739
5 64 -0.212123
5 65 -0.160989
5 66 -0.112026
5 67 -0.0661221
5 68 -0.0240754
5 69 0.0133747
5 70 0.0455098
5 71 0.0718985
5 72 0.0921149
5 73 0.105628
5 74 0.112309
5 75 0.111872
5 76 0.104308
5 77 0.0896476
5 78 0.0681496
5 79 0.0399936
5 80 0.00566909
5 81 -0.0344117
5 82 -0.0795508
5 83 -0.129128
5 84 -0.182417
5 85 -0.238584
5 86 -0.296768
5 87 -0.356068
5 88 -0.415456
5 89 -0.47407
5 90 -0.530964
5 91 -0.58517
5 92 -0.636173
5 93 -0.683
5 94 -0.724761
5 95 -0.76096
5 96 -0.791101
5 97 -0.814611
5 98 -0.831068
5 99 -0.840383
5 100 -0.104606
5 101 0

6 0 0
6 1 -0.100818
6 2 -0.809934
6 3 -0.800775
6 4 -0.78447
6 5 -0.761412
6 6 -0.731799
6 7 -0.696162
6 8 -0.655076
6 9 -0.609052
6 10 -0.558997
6 11 -0.505475
6 12 -0.449422
6 13 -0.391843
6 14 -0.333436
6 15 -0.27511
6 16 -0.217916
6 17 -0.162835
6 18 -0.110501
6 19 -0.0618503
6 20 -0.0176311
6 21 0.0215454
6 22 0.0550196
6 23 0.082243
6 24 0.103081
6 25 0.117038
6 26 0.124002
6 27 0.123891
6 28 0.116851
6 29 0.102968
6 30 0.0824914
6 31 0.0559488
6 32 0.0236311
6 33 -0.0138507
6 34 -0.0558263
6 35 -0.101564
6 36 -0.150158
6 37 -0.200877
6 38 -0.252898
6 39 -0.305341
6 40 -0.357068
6 41 -0.407476
6 42 -0.455559
6 43 -0.50053
6 44 -0.541646
6 45 -0.578174
6 46 -0.609589
6 47 -0.635375
6 48 -0.65502
6 49 -0.668066
6 50 -0.67445
6 51 -0.67397
6 52 -0.66665
6 53 -0.652732
6 54 -0.632226
6 55 -0.60558
6 56 -0.573304
6 57 -0.535867
6 58 -0.494032
6 59 -0.44825
6 60 -0.399577
6 61 -0.348653
6 62 -0.296096
6 63 -0.243231
6 64 -0.19066
6 65 -0.139555
6 66 -0.0906539
6 67 -0.0447984
6 68 -0.00271927
6 69 0.0348882
6 70 0.0671494
6 71 0.0937696
6 72 0.114
6 73 0.127631
6 74 0.134546
6 75 0.13436
6 76 0.12704
6 77 0.112654
6 78 0.0914518
6 79 0.0635779
6 80 0.0295741
6 81 -0.0101144
6 82 -0.0548376
6 83 -0.104045
6 84 -0.156932
6 85 -0.212695
6 86 -0.27045
6 87 -0.32937
6 88 -0.388364
6 89 -0.446583
6 90 -0.50308
6 91 -0.557034
6 92 -0.607767
6 93 -0.654212
6 94 -0.695693
6 95 -0.731609
6 96 -0.761467
6 97 -0.784822
6 98 -0.801134
6 99 -0.810438
6 100 -0.100889
6 101 0

7 0 0
7 1 -0.0962973
7 2 -0.773591
7 3 -0.7645
7 4 -0.748389
7 5 -0.725537
7 6 -0.696162
7 7 -0.660785
7 8 -0.620049
7 9 -0.574333
7 10 -0.524572
7 11 -0.471375
7 12 -0.415661
7 13 -0.358444
7 14 -0.300483
7 15 -0.242672
7 16 -0.185951
7 17 -0.131261
7 18 -0.0794581
7 19 -0.0311698
7 20 0.0125447
7 21 0.0513096
7 22 0.0843862
7 23 0.111383
7 24 0.131878
7 25 0.145545
7 26 0.152226
7 27 0.151842
7 28 0.144493
7 29 0.130398
7 30 0.109686
7 31 0.0828885
7 32 0.0504043
7 33 0.0128845
7 34 -0.0291346
7 35 -0.0749624
7 36 -0.123633
7 37 -0.174374
7 38 -0.226428
7 39 -0.278782
7 40 -0.330661
7 41 -0.380997
7 42 -0.429098
7 43 -0.473988
7 44 -0.515125
7 45 -0.551739
7 46 -0.583187
7 47 -0.608952
7 48 -0.628549
7 49 -0.641651
7 50 -0.648005
7 51 -0.647593
7 52 -0.640242
7 53 -0.626359
7 54 -0.605959
7 55 -0.579382
7 56 -0.546971
7 57 -0.509594
7 58 -0.467888
7 59 -0.422203
7 60 -0.373579
7 61 -0.322541
7 62 -0.2701
7 63 -0.217197
7 64 -0.164783
7 65 -0.113658
7 66 -0.0647301
7 67 -0.0187496
7 68 0.0234088
7 69 0.0610683
7 70 0.0935474
7 71 0.120296
7 72 0.140798
7 73 0.154697
7 74 0.161807
7 75 0.16186
7 76 0.15481
7 77 0.14081
7 78 0.119883
7 79 0.0924174
7 80 0.0587235
7 81 0.0194955
7 82 -0.024848
7 83 -0.0735804
7 84 -0.126017
7 85 -0.181208
7 86 -0.238463
7 87 -0.29687
7 88 -0.355449
7 89 -0.413301
7 90 -0.469422
7 91 -0.523003
7 92 -0.573421
7 93 -0.61949
7 94 -0.660694
7 95 -0.696312
7 96 -0.725877
7 97 -0.749056
7 98 -0.765231
7 99 -0.77439
7 100 -0.0964002
7 101 0

8 0 0
8 1 -0.0910767
8 2 -0.731648
8 3 -0.722696
8 4 -0.706832
8 5 -0.684156
8 6 -0.655076
8 7 -0.620049
8 8 -0.579505
8 9 -0.534097
8 10 -0.48465
8 11 -0.431899
8 12 -0.376706
8 13 -0.319924
8 14 -0.262472
8 15 -0.205118
8 16 -0.148863
8 17 -0.0946816
8 18 -0.0433076
8 19 0.00441542
8 20 0.0476614
8 21 0.085905
8 22 0.118544
8 23 0.145091
8 24 0.165201
8 25 0.178557
8 26 0.184901
8 27 0.18425
8 28 0.176599
8 29 0.162242
8 30 0.141286
8 31 0.114192
8 32 0.0815647
8 33 0.0439272
8 34 0.00174634
8 35 -0.0441134
8 36 -0.0929264
8 37 -0.143834
8 38 -0.19587
8 39 -0.248261
8 40 -0.300123
8 41 -0.350581
8 42 -0.398532
8 43 -0.443442
8 44 -0.484609
8 45 -0.521289
8 46 -0.552875
8 47 -0.578542
8 48 -0.598124
8 49 -0.611256
8 50 -0.617649
8 51 -0.617191
8 52 -0.60992
8 53 -0.596017
8 54 -0.575676
8 55 -0.549147
8 56 -0.516899
8 57 -0.479482
8 58 -0.437746
8 59 -0.392128
8 60 -0.343414
8 61 -0.292501
8 62 -0.240112
8 63 -0.187292
8 64 -0.134803
8 65 -0.0836399
8 66 -0.0345914
8 67 0.0114132
8 68 0.0536113
8 69 0.0914838
8 70 0.124162
8 71 0.151143
8 72 0.171877
8 73 0.186096
8 74 0.193373
8 75 0.19369
8 76 0.187003
8 77 0.17338
8 78 0.152893
8 79 0.125807
8 80 0.0926122
8 81 0.0539101
8 82 0.0101326
8 83 -0.0381489
8 84 -0.0900359
8 85 -0.144759
8 86 -0.201527
8 87 -0.259377
8 88 -0.317475
8 89 -0.374819
8 90 -0.43052
8 91 -0.483694
8 92 -0.533625
8 93 -0.579395
8 94 -0.6202
8 95 -0.655546
8 96 -0.684929
8 97 -0.707858
8 98 -0.723925
8 99 -0.732798
8 100 -0.0912087
8 101 0

9 0 0
9 1 -0.0852415
9 2 -0.684788
9 3 -0.676012
9 4 -0.660379
9 5 -0.63789
9 6 -0.609052
9 7 -0.574333
9 8 -0.534097
9 9 -0.489082
9 10 -0.440137
9 11 -0.387882
9 12 -0.333149
9 13 -0.276835
9 14 -0.219816
9 15 -0.163022
9 16 -0.107376
9 17 -0.0536866
9 18 -0.0028872
9 19 0.0442725
9 20 0.0870399
9 21 0.124793
9 22 0.156898
9 23 0.182964
9 24 0.202618
9 25 0.215478
9 26 0.221481
9 27 0.220464
9 28 0.212436
9 29 0.197797
9 30 0.176614
9 31 0.149285
9 32 0.116497
9 33 0.0786542
9 34 0.0363485
9 35 -0.0096454
9 36 -0.0585936
9 37 -0.109583
9 38 -0.161701
9 39 -0.214207
9 40 -0.26619
9 41 -0.31659
9 42 -0.364551
9 43 -0.409521
9 44 -0.450729
9 45 -0.4874
9 46 -0.518871
9 47 -0.544607
9 48 -0.564168
9 49 -0.577325
9 50 -0.583717
9 51 -0.583277
9 52 -0.576058
9 53 -0.562207
9 54 -0.541878
9 55 -0.515445
9 56 -0.483239
9 57 -0.445941
9 58 -0.404252
9 59 -0.358699
9 60 -0.30996
9 61 -0.259023
9 62 -0.206657
9 63 -0.153795
9 64 -0.101329
9 65 -0.0501
9 66 -0.0010117
9 67 0.0451663
9 68 0.0876252
9 69 0.125528
9 70 0.158362
9 71 0.185549
9 72 0.206595
9 73 0.221146
9 74 0.228756
9 75 0.229433
9 76 0.223142
9 77 0.209863
9 78 0.189864
9 79 0.163357
9 80 0.130743
9 81 0.0925563
9 82 0.0492273
9 83 0.00144417
9 84 -0.0498461
9 85 -0.103887
9 86 -0.160046
9 87 -0.217385
9 88 -0.275017
9 89 -0.331836
9 90 -0.387006
9 91 -0.439746
9 92 -0.489226
9 93 -0.534503
9 94 -0.574886
9 95 -0.609871
9 96 -0.638981
9 97 -0.661745
9 98 -0.677686
9 99 -0.686353
9 100 -0.0854205
9 101 0

10 0 0
10 1 -0.0788865
10 2 -0.633721
10 3 -0.625096
10 4 -0.609623
10 5 -0.587449
10 6 -0.558997
10 7 -0.524572
10 8 -0.48465
10 9 -0.440137
10 10 -0.391639
10 11 -0.339915
10 12 -0.285727
10 13 -0.229925
10 14 -0.173497
10 15 -0.117265
10 16 -0.0621542
10 17 -0.00904195
10 18 0.0412377
10 19 0.0877683
10 20 0.12999
10 21 0.167181
10 22 0.198777
10 23 0.224291
10 24 0.243403
10 25 0.255796
10 26 0.261412
10 27 0.26008
10 28 0.251698
10 29 0.236598
10 30 0.215061
10 31 0.187502
10 32 0.154515
10 33 0.116381
10 34 0.0738102
10 35 0.027688
10 36 -0.0213251
10 37 -0.0724441
10 38 -0.124668
10 39 -0.177242
10 40 -0.229261
10 41 -0.27972
10 42 -0.327713
10 43 -0.372787
10 44 -0.413978
10 45 -0.450546
10 46 -0.481981
10 47 -0.507682
10 48 -0.527273
10 49 -0.54044
10 50 -0.546893
10 51 -0.546439
10 52 -0.539315
10 53 -0.525431
10 54 -0.505166
10 55 -0.478846
10 56 -0.446806
10 57 -0.409583
10 58 -0.367895
10 59 -0.322419
10 60 -0.273718
10 61 -0.222785
10 62 -0.170396
10 63 -0.117514
10 64 -0.0650374
10 65 -0.0137561
10 66 0.0355055
10 67 0.0818268
10 68 0.124497
10 69 0.162623
10 70 0.195624
10 71 0.223022
10 72 0.244361
10 73 0.259345
10 74 0.267408
10 75 0.26855
10 76 0.262658
10 77 0.249746
10 78 0.230243
10 79 0.204277
10 80 0.172229
10 81 0.134615
10 82 0.0919066
10 83 0.0446951
10 84 -0.00591515
10 85 -0.0594014
10 86 -0.114962
10 87 -0.171718
10 88 -0.228775
10 89 -0.284993
10 90 -0.339578
10 91 -0.391837
10 92 -0.440813
10 93 -0.485675
10 94 -0.525612
10 95 -0.560244
10 96 -0.589031
10 97 -0.611414
10 98 -0.627102
10 99 -0.635742
10 100 -0.0791344
10 101 0

11 0 0
11 1 -0.0721046
11 2 -0.579237
11 3 -0.570797
11 4 -0.555515
11 5 -0.533597
11 6 -0.505475
11 7 -0.471375
11 8 -0.431899
11 9 -0.387882
11 10 -0.339915
11 11 -0.288685
11 12 -0.235039
11 13 -0.179808
11 14 -0.123997
11 15 -0.0683768
11 16 -0.0139175
11 17 0.0385867
11 18 0.0882171
11 19 0.134156
11 20 0.17578
11 21 0.2124
11 22 0.243466
11 23 0.268521
11 24 0.287148
11 25 0.298989
11 26 0.304078
11 27 0.302272
11 28 0.293497
11 29 0.278053
11 30 0.25616
11 31 0.228305
11 32 0.194958
11 33 0.156542
11 34 0.113737
11 35 0.0674293
11 36 0.0182371
11 37 -0.0329483
11 38 -0.0852807
11 39 -0.137883
11 40 -0.189967
11 41 -0.240455
11 42 -0.288551
11 43 -0.333724
11 44 -0.374934
11 45 -0.41147
11 46 -0.442864
11 47 -0.468618
11 48 -0.488189
11 49 -0.501355
11 50 -0.507779
11 51 -0.507463
11 52 -0.500395
11 53 -0.486557
11 54 -0.466307
11 55 -0.440058
11 56 -0.408082
11 57 -0.371003
11 58 -0.329284
11 59 -0.283779
11 60 -0.235149
11 61 -0.184241
11 62 -0.131934
11 63 -0.0789695
11 64 -0.0264025
11 65 0.0250026
11 66 0.0743293
11 67 0.120823
11 68 0.163684
11 69 0.202042
11 70 0.23537
11 71 0.263149
11 72 0.284804
11 73 0.300097
11 74 0.308551
11 75 0.310139
11 76 0.304793
11 77 0.292425
11 78 0.273459
11 79 0.24805
11 80 0.216527
11 81 0.179478
11 82 0.137391
11 83 0.0908999
11 84 0.0409006
11 85 -0.0119269
11 86 -0.0668543
11 87 -0.122936
11 88 -0.179363
11 89 -0.234979
11 90 -0.289008
11 91 -0.340636
11 92 -0.38908
11 93 -0.433449
11 94 -0.472993
11 95 -0.507281
11 96 -0.535697
11 97 -0.557729
11 98 -0.573198
11 99 -0.581714
11 100 -0.0724141
11 101 0

12 0 0
12 1 -0.0649963
12 2 -0.522156
12 3 -0.513943
12 4 -0.498834
12 5 -0.47729
12 6 -0.449422
12 7 -0.415661
12 8 -0.376706
12 9 -0.333149
12 10 -0.285727
12 11 -0.235039
12 12 -0.181868
12 13 -0.127355
12 14 -0.0721807
12 15 -0.0171836
12 16 0.036638
12 17 0.0885184
12 18 0.137491
12 19 0.182816
12 20 0.223766
12 21 0.259786
12 22 0.290167
12 23 0.314626
12 24 0.332767
12 25 0.344129
12 26 0.348717
12 27 0.346376
12 28 0.337256
12 29 0.321442
12 30 0.299132
12 31 0.270837
12 32 0.237115
12 33 0.19846
12 34 0.155524
12 35 0.108899
12 36 0.0595737
12 37 0.00822524
12 38 -0.0442607
12 39 -0.0969314
12 40 -0.149037
12 41 -0.199547
12 42 -0.247784
12 43 -0.292958
12 44 -0.334151
12 45 -0.370798
12 46 -0.402148
12 47 -0.427925
12 48 -0.447566
12 49 -0.460615
12 50 -0.467131
12 51 -0.466889
12 52 -0.459866
12 53 -0.446101
12 54 -0.425871
12 55 -0.399663
12 56 -0.367785
12 57 -0.330715
12 58 -0.289023
12 59 -0.243572
12 60 -0.194998
12 61 -0.144134
12 62 -0.0918078
12 63 -0.0388232
12 64 0.0138623
12 65 0.0654416
12 66 0.114903
12 67 0.161569
12 68 0.204675
12 69 0.243204
12 70 0.276848
12 71 0.304988
12 72 0.327072
12 73 0.342672
12 74 0.351524
12 75 0.353608
12 76 0.348834
12 77 0.337016
12 78 0.318565
12 79 0.293737
12 80 0.262857
12 81 0.226497
12 82 0.185076
12 83 0.139331
12 84 0.0899713
12 85 0.0377588
12 86 -0.016518
12 87 -0.071927
12 88 -0.127584
12 89 -0.182554
12 90 -0.235951
12 91 -0.287049
12 92 -0.33492
12 93 -0.378732
12 94 -0.417948
12 95 -0.451791
12 96 -0.479813
12 97 -0.501639
12 98 -0.516784
12 99 -0.525085
12 100 -0.0653613
12 101 0

13 0 0
13 1 -0.0576791
13 2 -0.463367
13 3 -0.455343
13 4 -0.440585
13 5 -0.419306
13 6 -0.391843
13 7 -0.358444
13 8 -0.319924
13 9 -0.276835
13 10 -0.229925
13 11 -0.179808
13 12 -0.127355
13 13 -0.0734195
13 14 -0.0188533
13 15 0.0354904
13 16 0.0886692
13 17 0.139806
13 18 0.188071
13 19 0.232719
13 20 0.273034
13 21 0.30831
13 22 0.338074
13 23 0.361839
13 24 0.379458
13 25 0.390304
13 26 0.394371
13 27 0.391509
13 28 0.381964
13 29 0.365732
13 30 0.343083
13 31 0.314483
13 32 0.28034
13 33 0.241435
13 34 0.198239
13 35 0.151442
13 36 0.101895
13 37 0.0503714
13 38 -0.00226171
13 39 -0.0550822
13 40 -0.10717
13 41 -0.157849
13 42 -0.206123
13 43 -0.251217
13 44 -0.29245
13 45 -0.329088
13 46 -0.360549
13 47 -0.386286
13 48 -0.405957
13 49 -0.4191
13 50 -0.42559
13 51 -0.42542
13 52 -0.418453
13 53 -0.404707
13 54 -0.384507
13 55 -0.358289
13 56 -0.326523
13 57 -0.289573
13 58 -0.247999
13 59 -0.202553
13 60 -0.154034
13 61 -0.103153
13 62 -0.0507267
13 63 0.0023015
13 64 0.0551346
13 65 0.106822
13 66 0.156427
13 67 0.203232
13 68 0.246476
13 69 0.285394
13 70 0.319308
13 71 0.347749
13 72 0.370167
13 73 0.38618
13 74 0.39556
13 75 0.398119
13 76 0.393897
13 77 0.382612
13 78 0.364808
13 79 0.340593
13 80 0.310409
13 81 0.274664
13 82 0.233997
13 83 0.188987
13 84 0.14033
13 85 0.0888515
13 86 0.0352844
13 87 -0.0194373
13 88 -0.0743683
13 89 -0.128599
13 90 -0.181471
13 91 -0.231945
13 92 -0.279231
13 93 -0.322517
13 94 -0.361241
13 95 -0.394643
13 96 -0.422267
13 97 -0.443737
13 98 -0.458669
13 99 -0.466737
13 100 -0.0580972
13 101 0

14 0 0
14 1 -0.0502577
14 2 -0.403796
14 3 -0.396047
14 4 -0.381607
14 5 -0.360534
14 6 -0.333436
14 7 -0.300483
14 8 -0.262472
14 9 -0.219816
14 10 -0.173497
14 11 -0.123997
14 12 -0.0721807
14 13 -0.0188533
14 14 0.0349803
14 15 0.088657
14 16 0.141146
14 17 0.191551
14 18 0.239067
14 19 0.28304
14 20 0.32267
14 21 0.357358
14 22 0.386487
14 23 0.409571
14 24 0.42651
14 25 0.436896
14 26 0.440397
14 27 0.436971
14 28 0.426917
14 29 0.410257
14 30 0.387248
14 31 0.358377
14 32 0.323879
14 33 0.284667
14 34 0.241165
14 35 0.194192
14 36 0.144463
14 37 0.0927707
14 38 0.0399868
14 39 -0.0128966
14 40 -0.0650719
14 41 -0.115806
14 42 -0.16409
14 43 -0.20918
14 44 -0.250443
14 45 -0.287124
14 46 -0.318621
14 47 -0.344391
14 48 -0.36411
14 49 -0.377351
14 50 -0.383901
14 51 -0.383706
14 52 -0.376684
14 53 -0.363085
14 54 -0.342996
14 55 -0.316833
14 56 -0.285031
14 57 -0.248076
14 58 -0.206564
14 59 -0.161198
14 60 -0.112719
14 61 -0.0618511
14 62 -0.00947919
14 63 0.0436721
14 64 0.0965978
14 65 0.148407
14 66 0.198114
14 67 0.245043
14 68 0.288481
14 69 0.32774
14 70 0.36198
14 71 0.390734
14 72 0.413542
14 73 0.429976
14 74 0.439859
14 75 0.442922
14 76 0.439222
14 77 0.42867
14 78 0.411527
14 79 0.387985
14 80 0.358407
14 81 0.323288
14 82 0.283245
14 83 0.239001
14 84 0.191104
14 85 0.140448
14 86 0.087658
14 87 0.0336724
14 88 -0.0206037
14 89 -0.0741245
14 90 -0.126358
14 91 -0.176192
14 92 -0.222864
14 93 -0.265552
14 94 -0.303807
14 95 -0.336716
14 96 -0.36405
14 97 -0.385093
14 98 -0.399742
14 99 -0.407602
14 100 -0.0507358
14 101 0

15 0 0
15 1 -0.0428646
15 2 -0.344411
15 3 -0.33689
15 4 -0.322676
15 5 -0.301875
15 6 -0.27511
15 7 -0.242672
15 8 -0.205118
15 9 -0.163022
15 10 -0.117265
15 11 -0.0683768
15 12 -0.0171836
15 13 0.0354904
15 14 0.088657
15 15 0.141517
15 16 0.193205
15 17 0.242889
15 18 0.289747
15 19 0.332961
15 20 0.371963
15 21 0.405906
15 22 0.434438
15 23 0.456871
15 24 0.473229
15 25 0.482978
15 26 0.485974
15 27 0.482016
15 28 0.471453
15 29 0.45432
15 30 0.430977
15 31 0.401656
15 32 0.366867
15 33 0.327306
15 34 0.283642
15 35 0.236409
15 36 0.186462
15 37 0.134571
15 38 0.0818223
15 39 0.0288443
15 40 -0.0233676
15 41 -0.074098
15 42 -0.122436
15 43 -0.167609
15 44 -0.208893
15 45 -0.245631
15 46 -0.277139
15 47 -0.302977
15 48 -0.322751
15 49 -0.335914
15 50 -0.342576
15 51 -0.342376
15 52 -0.335429
15 53 -0.32187
15 54 -0.301991
15 55 -0.275791
15 56 -0.244014
15 57 -0.207106
15 58 -0.165587
15 59 -0.120223
15 60 -0.0716995
15 61 -0.0208909
15 62 0.0313979
15 63 0.0844489
15 64 0.137495
15 65 0.189305
15 66 0.239187
15 67 0.286306
15 68 0.330047
15 69 0.369558
15 70 0.404117
15 71 0.43323
15 72 0.456421
15 73 0.473211
15 74 0.483682
15 75 0.48733
15 76 0.484232
15 77 0.47426
15 78 0.457726
15 79 0.434724
15 80 0.40598
15 81 0.37152
15 82 0.332191
15 83 0.288686
15 84 0.241537
15 85 0.191616
15 86 0.13975
15 87 0.0865532
15 88 0.032986
15 89 -0.0198064
15 90 -0.071357
15 91 -0.120605
15 92 -0.166613
15 93 -0.20874
15 94 -0.246458
15 95 -0.279014
15 96 -0.305949
15 97 -0.326662
15 98 -0.341009
15 99 -0.348603
15 100 -0.0433846
15 101 0

16 0 0
16 1 -0.0356166
16 2 -0.286147
16 3 -0.278781
16 4 -0.264727
16 5 -0.244242
16 6 -0.217916
16 7 -0.185951
16 8 -0.148863
16 9 -0.107376
16 10 -0.0621542
16 11 -0.0139175
16 12 0.036638
16 13 0.0886692
16 14 0.141146
16 15 0.193205
16 16 0.244154
16 17 0.293175
16 18 0.339235
16 19 0.381751
16 20 0.419969
16 21 0.453253
16 22 0.481122
16 23 0.503008
16 24 0.518638
16 25 0.527794
16 26 0.530165
16 27 0.525777
16 28 0.514736
16 29 0.497114
16 30 0.473266
16 31 0.443627
16 32 0.408568
16 33 0.36878
16 34 0.324848
16 35 0.277473
16 36 0.227362
16 37 0.175369
16 38 0.122557
16 39 0.0696725
16 40 0.0173132
16 41 -0.0335216
16 42 -0.0818981
16 43 -0.127148
16 44 -0.168486
16 45 -0.205197
16 46 -0.236729
16 47 -0.262648
16 48 -0.282384
16 49 -0.295648
16 50 -0.302336
16 51 -0.302209
16 52 -0.295278
16 53 -0.281774
16 54 -0.261874
16 55 -0.235814
16 56 -0.204074
16 57 -0.167233
16 58 -0.125783
16 59 -0.0804569
16 60 -0.0318529
16 61 0.0190162
16 62 0.0712341
16 63 0.124339
16 64 0.177227
16 65 0.229086
16 66 0.279162
16 67 0.326454
16 68 0.370262
16 69 0.410034
16 70 0.444924
16 71 0.474362
16 72 0.497973
16 73 0.515241
16 74 0.526156
16 75 0.530458
16 76 0.527905
16 77 0.518577
16 78 0.502603
16 79 0.480353
16 80 0.452225
16 81 0.418537
16 82 0.379944
16 83 0.337237
16 84 0.290866
16 85 0.241739
16 86 0.190579
16 87 0.138176
16 88 0.0854939
16 89 0.0333711
16 90 -0.0174318
16 91 -0.0660003
16 92 -0.111405
16 93 -0.153019
16 94 -0.190162
16 95 -0.22221
16 96 -0.248814
16 97 -0.269187
16 98 -0.283257
16 99 -0.290681
16 100 -0.0361794
16 101 0

17 0 0
17 1 -0.0286131
17 2 -0.229877
17 3 -0.222668
17 4 -0.208796
17 5 -0.188725
17 6 -0.162835
17 7 -0.131261
17 8 -0.0946816
17 9 -0.0536866
17 10 -0.00904195
17 11 0.0385867
17 12 0.0885184
17 13 0.139806
17 14 0.191551
17 15 0.242889
17 16 0.293175
17 17 0.341462
17 18 0.38679
17 19 0.428565
17 20 0.466078
17 21 0.498692
17 22 0.52585
17 23 0.547115
17 24 0.562048
17 25 0.570586
17 26 0.572358
17 27 0.567514
17 28 0.556066
17 29 0.537998
17 30 0.513725
17 31 0.483735
17 32 0.448413
17 33 0.408386
17 34 0.364181
17 35 0.316626
17 36 0.266436
17 37 0.214343
17 38 0.161415
17 39 0.108429
17 40 0.0559699
17 41 0.00512499
17 42 -0.0432448
17 43 -0.0885024
17 44 -0.129807
17 45 -0.166505
17 46 -0.198059
17 47 -0.223997
17 48 -0.243792
17 49 -0.257142
17 50 -0.263793
17 51 -0.263733
17 52 -0.256842
17 53 -0.243404
17 54 -0.223489
17 55 -0.197537
17 56 -0.165895
17 57 -0.129156
17 58 -0.0877752
17 59 -0.0425564
17 60 0.00598466
17 61 0.0568697
17 62 0.109104
17 63 0.162242
17 64 0.215159
17 65 0.267094
17 66 0.317318
17 67 0.364731
17 68 0.408614
17 69 0.448622
17 70 0.483789
17 71 0.513579
17 72 0.537666
17 73 0.555375
17 74 0.566702
17 75 0.571525
17 76 0.569474
17 77 0.560798
17 78 0.545537
17 79 0.524044
17 80 0.496585
17 81 0.463642
17 82 0.42578
17 83 0.383816
17 84 0.338306
17 85 0.289932
17 86 0.239507
17 87 0.187841
17 88 0.135933
17 89 0.0845499
17 90 0.0345304
17 91 -0.0133176
17 92 -0.058173
17 93 -0.0992524
17 94 -0.135903
17 95 -0.167442
17 96 -0.1936
17 97 -0.213719
17 98 -0.227447
17 99 -0.234713
17 100 -0.0292186
17 101 0

18 0 0
18 1 -0.0219689
18 2 -0.176421
18 3 -0.16933
18 4 -0.155734
18 5 -0.136003
18 6 -0.110501
18 7 -0.0794581
18 8 -0.0433076
18 9 -0.0028872
18 10 0.0412377
18 11 0.0882171
18 12 0.137491
18 13 0.188071
18 14 0.239067
18 15 0.289747
18 16 0.339235
18 17 0.38679
18 18 0.431451
18 19 0.472476
18 20 0.509433
18 21 0.541316
18 22 0.567763
18 23 0.58839
18 24 0.602677
18 25 0.610648
18 26 0.611877
18 27 0.606523
18 28 0.594636
18 29 0.576147
18 30 0.55152
18 31 0.521121
18 32 0.48559
18 33 0.445342
18 34 0.400994
18 35 0.353216
18 36 0.302828
18 37 0.25069
18 38 0.197609
18 39 0.144453
18 40 0.0919977
18 41 0.0412623
18 42 -0.00704221
18 43 -0.0523004
18 44 -0.0936408
18 45 -0.130369
18 46 -0.161846
18 47 -0.187771
18 48 -0.207556
18 49 -0.220881
18 50 -0.227504
18 51 -0.22747
18 52 -0.220725
18 53 -0.207346
18 54 -0.187579
18 55 -0.161697
18 56 -0.130205
18 57 -0.0935784
18 58 -0.0521921
18 59 -0.00706541
18 60 0.041318
18 61 0.0920841
18 62 0.144365
18 63 0.197506
18 64 0.250489
18 65 0.302558
18 66 0.352706
18 67 0.400233
18 68 0.44445
18 69 0.484529
18 70 0.519994
18 71 0.550156
18 72 0.574598
18 73 0.592811
18 74 0.604625
18 75 0.609903
18 76 0.608412
18 77 0.600293
18 78 0.585627
18 79 0.564852
18 80 0.538164
18 81 0.505906
18 82 0.468886
18 83 0.427665
18 84 0.382888
18 85 0.335248
18 86 0.285566
18 87 0.23473
18 88 0.183531
18 89 0.132867
18 90 0.0836568
18 91 0.0364678
18 92 -0.00770071
18 93 -0.0482907
18 94 -0.0843894
18 95 -0.115436
18 96 -0.141138
18 97 -0.160895
18 98 -0.174474
18 99 -0.181529
18 100 -0.0225977
18 101 0

19 0 0
19 1 -0.0157608
19 2 -0.126614
19 3 -0.119793
19 4 -0.106517
19 5 -0.0870334
19 6 -0.0618503
19 7 -0.0311698
19 8 0.00441542
19 9 0.0442725
19 10 0.0877683
19 11 0.134156
19 12 0.182816
19 13 0.232719
19 14 0.28304
19 15 0.332961
19 16 0.381751
19 17 0.428565
19 18 0.472476
19 19 0.5128
19 20 0.548975
19 21 0.580188
19 22 0.60605
19 23 0.626016
19 24 0.639695
19 25 0.647064
19 26 0.647836
19 27 0.641956
19 28 0.629636
19 29 0.610728
19 30 0.585816
19 31 0.555205
19 32 0.519389
19 33 0.47896
19 34 0.434357
19 35 0.386332
19 36 0.33591
19 37 0.283717
19 38 0.230672
19 39 0.177503
19 40 0.12509
19 41 0.0743716
19 42 0.026057
19 43 -0.0191977
19 44 -0.0605035
19 45 -0.0972186
19 46 -0.128714
19 47 -0.154508
19 48 -0.174268
19 49 -0.18759
19 50 -0.194213
19 51 -0.194233
19 52 -0.187519
19 53 -0.174198
19 54 -0.154605
19 55 -0.128979
19 56 -0.0975312
19 57 -0.0608742
19 58 -0.0195875
19 59 0.0254143
19 60 0.0735822
19 61 0.124296
19 62 0.176618
19 63 0.229674
19 64 0.282572
19 65 0.334547
19 66 0.384765
19 67 0.432446
19 68 0.476857
19 69 0.517161
19 70 0.552838
19 71 0.583225
19 72 0.608006
19 73 0.626651
19 74 0.639005
19 75 0.644698
19 76 0.643797
19 77 0.636198
19 78 0.622087
19 79 0.601947
19 80 0.576015
19 81 0.544613
19 82 0.508391
19 83 0.467936
19 84 0.423901
19 85 0.376992
19 86 0.328141
19 87 0.278086
19 88 0.227683
19 89 0.177756
19 90 0.129149
19 91 0.0827105
19 92 0.0391554
19 93 -0.000851088
19 94 -0.0364241
19 95 -0.0670537
19 96 -0.0924023
19 97 -0.111863
19 98 -0.125116
19 99 -0.131938
19 100 -0.0164204
19 101 0

20 0 0
20 1 -0.0101139
20 2 -0.0812592
20 3 -0.0746203
20 4 -0.0615833
20 5 -0.04244
20 6 -0.0176311
20 7 0.0125447
20 8 0.0476614
20 9 0.0870399
20 10 0.12999
20 11 0.17578
20 12 0.223766
20 13 0.273034
20 14 0.32267
20 15 0.371963
20 16 0.419969
20 17 0.466078
20 18 0.509433
20 19 0.548975
20 20 0.584404
20 21 0.614955
20 22 0.64012
20 23 0.659481
20 24 0.672498
20 25 0.679323
20 26 0.679668
20 27 0.673394
20 28 0.660624
20 29 0.641385
20 30 0.616155
20 31 0.585233
20 32 0.549106
20 33 0.508509
20 34 0.463839
20 35 0.415837
20 36 0.365296
20 37 0.313082
20 38 0.260048
20 39 0.206891
20 40 0.15451
20 41 0.103798
20 42 0.0554617
20 43 0.0103115
20 44 -0.0309564
20 45 -0.0676346
20 46 -0.0990738
20 47 -0.124844
20 48 -0.144553
20 49 -0.157892
20 50 -0.164498
20 51 -0.164507
20 52 -0.157915
20 53 -0.144714
20 54 -0.12518
20 55 -0.0996062
20 56 -0.0683279
20 57 -0.031857
20 58 0.0092535
20 59 0.0541787
20 60 0.102292
20 61 0.152933
20 62 0.20516
20 63 0.258143
20 64 0.310932
20 65 0.362874
20 66 0.413137
20 67 0.460869
20 68 0.505336
20 69 0.545852
20 70 0.581782
20 71 0.612502
20 72 0.637489
20 73 0.656467
20 74 0.669199
20 75 0.67538
20 76 0.675012
20 77 0.668016
20 78 0.654566
20 79 0.635121
20 80 0.609876
20 81 0.579216
20 82 0.543708
20 83 0.50392
20 84 0.460697
20 85 0.41461
20 86 0.366503
20 87 0.317277
20 88 0.267552
20 89 0.218341
20 90 0.170439
20 91 0.124584
20 92 0.0816699
20 93 0.0422899
20 94 0.00715664
20 95 -0.0230741
20 96 -0.0479517
20 97 -0.0670074
20 98 -0.0800132
20 99 -0.0867319
20 100 -0.0108018
20 101 0

21 0 0
21 1 -0.00510652
21 2 -0.0410479
21 3 -0.0346061
21 4 -0.0217661
21 5 -0.00288819
21 6 0.0215454
21 7 0.0513096
21 8 0.085905
21 9 0.124793
21 10 0.167181
21 11 0.2124
21 12 0.259786
21 13 0.30831
21 14 0.357358
21 15 0.405906
21 16 0.453253
21 17 0.498692
21 18 0.541316
21 19 0.580188
21 20 0.614955
21 21 0.644885
21 22 0.669489
21 23 0.6882
21 24 0.700744
21 25 0.707005
21 26 0.706887
21 27 0.700119
21 28 0.686942
21 29 0.667377
21 30 0.641865
21 31 0.610728
21 32 0.574401
21 33 0.533683
21 34 0.488954
21 35 0.440867
21 36 0.390381
21 37 0.338186
21 38 0.285155
21 39 0.232065
21 40 0.179704
21 41 0.129051
21 42 0.0807684
21 43 0.035657
21 44 -0.00548123
21 45 -0.0420574
21 46 -0.073498
21 47 -0.0991697
21 48 -0.11884
21 49 -0.132154
21 50 -0.138843
21 51 -0.138903
21 52 -0.132358
21 53 -0.119261
21 54 -0.0998635
21 55 -0.0743392
21 56 -0.0431149
21 57 -0.00678709
21 58 0.0340864
21 59 0.0788929
21 60 0.126919
21 61 0.177391
21 62 0.229427
21 63 0.28231
21 64 0.33502
21 65 0.386963
21 66 0.437298
21 67 0.485026
21 68 0.529512
21 69 0.570114
21 70 0.606104
21 71 0.637035
21 72 0.662439
21 73 0.681753
21 74 0.694835
21 75 0.701402
21 76 0.701605
21 77 0.695246
21 78 0.682472
21 79 0.663548
21 80 0.638959
21 81 0.608986
21 82 0.574163
21 83 0.535106
21 84 0.492689
21 85 0.447426
21 86 0.400076
21 87 0.351457
21 88 0.30249
21 89 0.25395
21 90 0.206785
21 91 0.161638
21 92 0.119271
21 93 0.0804695
21 94 0.0457772
21 95 0.0159727
21 96 -0.00843584
21 97 -0.0271549
21 98 -0.0399802
21 99 -0.0465855
21 100 -0.00580887
21 101 0

22 0 0
22 1 -0.000823842
22 2 -0.00659908
22 3 -0.000237616
22 4 0.012336
22 5 0.0309261
22 6 0.0550196
22 7 0.0843862
22 8 0.118544
22 9 0.156898
22 10 0.198777
22 11 0.243466
22 12 0.290167
22 13 0.338074
22 14 0.386487
22 15 0.434438
22 16 0.481122
22 17 0.52585
22 18 0.567763
22 19 0.60605
22 20 0.64012
22 21 0.669489
22 22 0.693395
22 23 0.711591
22 24 0.723646
22 25 0.729379
22 26 0.728806
22 27 0.721679
22 28 0.708041
22 29 0.68817
22 30 0.662471
22 31 0.631243
22 32 0.594818
22 33 0.553942
22 34 0.509129
22 35 0.461102
22 36 0.410629
22 37 0.358499
22 38 0.305556
22 39 0.252546
22 40 0.20033
22 41 0.149788
22 42 0.101575
22 43 0.0565538
22 44 0.0155639
22 45 -0.0209262
22 46 -0.0522467
22 47 -0.0779063
22 48 -0.0975187
22 49 -0.110873
22 50 -0.117589
22 51 -0.117727
22 52 -0.111147
22 53 -0.0980952
22 54 -0.0787927
22 55 -0.0534044
22 56 -0.0222741
22 57 0.0137989
22 58 0.0544718
22 59 0.0991192
22 60 0.147024
22 61 0.197261
22 62 0.249088
22 63 0.301834
22 64 0.354411
22 65 0.406236
22 66 0.45651
22 67 0.50425
22 68 0.548783
22 69 0.589455
22 70 0.625564
22 71 0.656664
22 72 0.682328
22 73 0.70193
22 74 0.715328
22 75 0.722354
22 76 0.722952
22 77 0.717176
22 78 0.705034
22 79 0.686702
22 80 0.662655
22 81 0.633452
22 82 0.599327
22 83 0.561073
22 84 0.519357
22 85 0.474816
22 86 0.428186
22 87 0.380302
22 88 0.332043
22 89 0.284203
22 90 0.237662
22 91 0.193133
22 92 0.151344
22 93 0.113024
22 94 0.0787895
22 95 0.0494291
22 96 0.0254325
22 97 0.00704579
22 98 -0.0056309
22 99 -0.0120586
22 100 -0.00150838
22 101 0

23 0 0
23 1 0.00268953
23 2 0.0216142
23 3 0.0278376
23 4 0.0402248
23 5 0.0584609
23 6 0.082243
23 7 0.111383
23 8 0.145091
23 9 0.182964
23 10 0.224291
23 11 0.268521
23 12 0.314626
23 13 0.361839
23 14 0.409571
23 15 0.456871
23 16 0.503008
23 17 0.547115
23 18 0.58839
23 19 0.626016
23 20 0.659481
23 21 0.6882
23 22 0.711591
23 23 0.729246
23 24 0.740881
23 25 0.746128
23 26 0.745152
23 27 0.737664
23 28 0.723728
23 29 0.703596
23 30 0.67775
23 31 0.646392
23 32 0.609908
23 33 0.568946
23 34 0.524105
23 35 0.476063
23 36 0.425702
23 37 0.373652
23 38 0.320825
23 39 0.267923
23 40 0.215906
23 41 0.165475
23 42 0.117427
23 43 0.0726052
23 44 0.0317984
23 45 -0.00451552
23 46 -0.0357779
23 47 -0.0613358
23 48 -0.0809151
23 49 -0.0942709
23 50 -0.100983
23 51 -0.101067
23 52 -0.0945526
23 53 -0.0816196
23 54 -0.0624143
23 55 -0.0371791
23 56 -0.00629897
23 57 0.0295857
23 58 0.0700482
23 59 0.114463
23 60 0.162087
23 61 0.212094
23 62 0.263795
23 63 0.31633
23 64 0.368792
23 65 0.420419
23 66 0.470591
23 67 0.518293
23 68 0.562843
23 69 0.603641
23 70 0.639818
23 71 0.670958
23 72 0.69682
23 73 0.716638
23 74 0.73041
23 75 0.737826
23 76 0.738822
23 77 0.733464
23 78 0.721915
23 79 0.704129
23 80 0.680755
23 81 0.652205
23 82 0.618775
23 83 0.581156
23 84 0.540161
23 85 0.496258
23 86 0.450284
23 87 0.403167
23 88 0.355698
23 89 0.308556
23 90 0.26263
23 91 0.218771
23 92 0.177436
23 93 0.139607
23 94 0.105801
23 95 0.0768532
23 96 0.0531835
23 97 0.0349588
23 98 0.0225566
23 99 0.0163564
23 100 0.0020372
23 101 0

24 0 0
24 1 0.00536731
24 2 0.0432017
24 3 0.0493853
24 4 0.0615572
24 5 0.0795637
24 6 0.103081
24 7 0.131878
24 8 0.165201
24 9 0.202618
24 10 0.243403
24 11 0.287148
24 12 0.332767
24 13 0.379458
24 14 0.42651
24 15 0.473229
24 16 0.518638
24 17 0.562048
24 18 0.602677
24 19 0.639695
24 20 0.672498
24 21 0.700744
24 22 0.723646
24 23 0.740881
24 24 0.752048
24 25 0.756906
24 26 0.755569
24 27 0.74783
24 28 0.733599
24 29 0.713326
24 30 0.687222
24 31 0.655682
24 32 0.619167
24 33 0.578328
24 34 0.533576
24 35 0.485666
24 36 0.435318
24 37 0.383471
24 38 0.330829
24 39 0.278158
24 40 0.226238
24 41 0.176009
24 42 0.128102
24 43 0.0835251
24 44 0.0429143
24 45 0.00678617
24 46 -0.0243314
24 47 -0.0498079
24 48 -0.0692654
24 49 -0.082545
24 50 -0.0892418
24 51 -0.089358
24 52 -0.0829277
24 53 -0.0701018
24 54 -0.0510165
24 55 -0.0259652
24 56 0.00463179
24 57 0.0402239
24 58 0.0805186
24 59 0.124743
24 60 0.172026
24 61 0.221832
24 62 0.2733
24 63 0.325706
24 64 0.377952
24 65 0.429459
24 66 0.479349
24 67 0.52687
24 68 0.571321
24 69 0.612038
24 70 0.648259
24 71 0.679597
24 72 0.705583
24 73 0.725663
24 74 0.739709
24 75 0.747495
24 76 0.748789
24 77 0.743839
24 78 0.732724
24 79 0.715516
24 80 0.692736
24 81 0.664849
24 82 0.631981
24 83 0.595069
24 84 0.554747
24 85 0.511575
24 86 0.466324
24 87 0.419947
24 88 0.37313
24 89 0.326673
24 90 0.281314
24 91 0.238013
24 92 0.197199
24 93 0.159863
24 94 0.126604
24 95 0.0980737
24 96 0.0745639
24 97 0.0565921
24 98 0.0443088
24 99 0.0382526
24 100 0.00476469
24 101 0

25 0 0
25 1 0.00720072
25 2 0.0578883
25 3 0.0639361
25 4 0.0759268
25 5 0.0937576
25 6 0.117038
25 7 0.145545
25 8 0.178557
25 9 0.215478
25 10 0.255796
25 11 0.298989
25 12 0.344129
25 13 0.390304
25 14 0.436896
25 15 0.482978
25 16 0.527794
25 17 0.570586
25 18 0.610648
25 19 0.647064
25 20 0.679323
25 21 0.707005
25 22 0.729379
25 23 0.746128
25 24 0.756906
25 25 0.761331
25 26 0.75976
25 27 0.751808
25 28 0.737411
25 29 0.717037
25 30 0.690922
25 31 0.659227
25 32 0.622754
25 33 0.581963
25 34 0.537305
25 35 0.489428
25 36 0.439276
25 37 0.387639
25 38 0.335217
25 39 0.282706
25 40 0.231132
25 41 0.181163
25 42 0.133538
25 43 0.0892589
25 44 0.0488898
25 45 0.0129014
25 46 -0.0180557
25 47 -0.043357
25 48 -0.0627746
25 49 -0.0759525
25 50 -0.0827032
25 51 -0.0828959
25 52 -0.0765265
25 53 -0.0637025
25 54 -0.0447511
25 55 -0.0199426
25 56 0.010393
25 57 0.0458523
25 58 0.0858895
25 59 0.12982
25 60 0.17678
25 61 0.226173
25 62 0.277317
25 63 0.32932
25 64 0.381384
25 65 0.432725
25 66 0.482484
25 67 0.529859
25 68 0.574205
25 69 0.614823
25 70 0.651088
25 71 0.682432
25 72 0.708554
25 73 0.728781
25 74 0.742999
25 75 0.750937
25 76 0.752615
25 77 0.748057
25 78 0.737347
25 79 0.720651
25 80 0.698459
25 81 0.671141
25 82 0.638947
25 83 0.60267
25 84 0.563049
25 85 0.520505
25 86 0.47598
25 87 0.430231
25 88 0.384072
25 89 0.338194
25 90 0.293368
25 91 0.25056
25 92 0.210275
25 93 0.173396
25 94 0.140657
25 95 0.112358
25 96 0.0890874
25 97 0.0713195
25 98 0.0592837
25 99 0.0533694
25 100 0.00664971
25 101 0

26 0 0
26 1 0.00815192
26 2 0.0655176
26 3 0.0714684
26 4 0.0833824
26 5 0.100947
26 6 0.124002
26 7 0.152226
26 8 0.184901
26 9 0.221481
26 10 0.261412
26 11 0.304078
26 12 0.348717
26 13 0.394371
26 14 0.440397
26 15 0.485974
26 16 0.530165
26 17 0.572358
26 18 0.611877
26 19 0.647836
26 20 0.679668
26 21 0.706887
26 22 0.728806
26 23 0.745152
26 24 0.755569
26 25 0.75976
26 26 0.757792
26 27 0.74958
26 28 0.735001
26 29 0.714563
26 30 0.688424
26 31 0.656748
26 32 0.620322
26 33 0.579606
26 34 0.535074
26 35 0.487495
26 36 0.437567
26 37 0.386188
26 38 0.334057
26 39 0.28187
26 40 0.230483
26 41 0.180863
26 42 0.133597
26 43 0.0895366
26 44 0.0493461
26 45 0.0136502
26 46 -0.0170122
26 47 -0.0421072
26 48 -0.0614097
26 49 -0.0745804
26 50 -0.0813113
