0 0 0
0 1 0
0 2 0
0 3 0
0 4 0
0 5 0
0 6 0
0 7 0
0 8 0
0 9 0
0 10 0
0 11 0
0 12 0
0 13 0
0 14 0
0 15 0
0 16 0
0 17 0
0 18 0
0 19 0
0 20 0
0 21 0
0 22 0
0 23 0
0 24 0
0 25 0
0 26 0
0 27 0
0 28 0
0 29 0
0 30 0
0 31 0
0 32 0
0 33 0
0 34 0
0 35 0
0 36 0
0 37 0
0 38 0
0 39 0
0 40 0
0 41 0
0 42 0
0 43 0
0 44 0
0 45 0
0 46 0
0 47 0
0 48 0
0 49 0
0 50 0
0 51 0
0 52 0
0 53 0
0 54 0
0 55 0
0 56 0
0 57 0
0 58 0
0 59 0
0 60 0
0 61 0
0 62 0
0 63 0
0 64 0
0 65 0
0 66 0
0 67 0
0 68 0
0 69 0
0 70 0
0 71 0
0 72 0
0 73 0
0 74 0
0 75 0
0 76 0
0 77 0
0 78 0
0 79 0
0 80 0
0 81 0
0 82 0
0 83 0
0 84 0
0 85 0
0 86 0
0 87 0
0 88 0
0 89 0
0 90 0
0 91 0
0 92 0
0 93 0
0 94 0
0 95 0
0 96 0
0 97 0
0 98 0
0 99 0
0 100 0
0 101 0

1 0 0
1 1 0
1 2 0.0674335
1 3 0.0668112
1 4 0.0656377
1 5 0.0639511
1 6 0.0617942
1 7 0.059179
1 8 0.0561448
1 9 0.0527433
1 10 0.0490466
1 11 0.0450966
1 12 0.0409856
1 13 0.0367513
1 14 0.0324734
1 15 0.0282009
1 16 0.0240456
1 17 0.0200446
1 18 0.0162878
1 19 0.0128307
1 20 0.00975562
1 21 0.00708336
1 22 0.0048756
1 23 0.0031926
1 24 0.00202435
1 25 0.00140426
1 26 0.001326
1 27 0.00180211
1 28 0.0028435
1 29 0.0043914
1 30 0.00645474
1 31 0.00900201
1 32 0.01199
1 33 0.0153569
1 34 0.0190662
1 35 0.0230903
1 36 0.0273048
1 37 0.031667
1 38 0.0361358
1 39 0.0406082
1 40 0.0450416
1 41 0.0493348
1 42 0.053409
1 43 0.0572218
1 44 0.0607144
1 45 0.0638108
1 46 0.0664882
1 47 0.068687
1 48 0.0703758
1 49 0.0715091
1 50 0.0721083
1 51 0.0721379
1 52 0.0716108
1 53 0.0705102
1 54 0.0688711
1 55 0.0667124
1 56 0.0640867
1 57 0.0610172
1 58 0.0575822
1 59 0.0538189
1 60 0.0497621
1 61 0.0455021
1 62 0.0411069
1 63 0.0366301
1 64 0.0321793
1 65 0.027815
1 66 0.0235927
1 67 0.0196011
1 68 0.015879
1 69 0.012516
1 70 0.00955731
1 71 0.00701728
1 72 0.00494712
1 73 0.0033796
1 74 0.00234226
1 75 0.00184257
1 76 0.00190197
1 77 0.00252113
1 78 0.00366858
1 79 0.0053458
1 80 0.00754035
1 81 0.0101855
1 82 0.0132508
1 83 0.0166839
1 84 0.0204211
1 85 0.0243904
1 86 0.0285531
1 87 0.0327949
1 88 0.0370674
1 89 0.041285
1 90 0.0454139
1 91 0.0493495
1 92 0.0530471
1 93 0.0564296
1 94 0.0594498
1 95 0.0620678
1 96 0.0642324
1 97 0.0659029
1 98 0.0670684
1 99 0.0676937
1 100 0
1 101 0

2 0 0
2 1 0.0674335
2 2 0.5424
2 3 0.537336
2 4 0.527912
2 5 0.514367
2 6 0.496965
2 7 0.475937
2 8 0.451574
2 9 0.424275
2 10 0.394505
2 11 0.362777
2 12 0.329573
2 13 0.295473
2 14 0.26101
2 15 0.226767
2 16 0.193305
2 17 0.161209
2 18 0.131012
2 19 0.103248
2 20 0.0784074
2 21 0.0569346
2 22 0.0392198
2 23 0.0255725
2 24 0.0161771
2 25 0.0111658
2 26 0.0105779
2 27 0.0144527
2 28 0.0227097
2 29 0.0352352
2 30 0.0518391
2 31 0.0722958
2 32 0.0962749
2 33 0.12342
2 34 0.153334
2 35 0.185551
2 36 0.219525
2 37 0.254688
2 38 0.290582
2 39 0.326576
2 40 0.362151
2 41 0.396632
2 42 0.429485
2 43 0.460183
2 44 0.488246
2 45 0.513213
2 46 0.534715
2 47 0.552376
2 48 0.565908
2 49 0.575128
2 50 0.579881
2 51 0.58012
2 52 0.575825
2 53 0.567035
2 54 0.553867
2 55 0.536568
2 56 0.51541
2 57 0.490765
2 58 0.463062
2 59 0.432699
2 60 0.400141
2 61 0.365881
2 62 0.330528
2 63 0.294593
2 64 0.258772
2 65 0.223597
2 66 0.189676
2 67 0.157526
2 68 0.127681
2 69 0.100603
2 70 0.0767084
2 71 0.0562931
2 72 0.0396417
2 73 0.0270553
2 74 0.0186981
2 75 0.014743
2 76 0.0152171
2 77 0.0201583
2 78 0.029448
2 79 0.0429837
2 80 0.0605808
2 81 0.0818887
2 82 0.10655
2 83 0.134156
2 84 0.164218
2 85 0.196198
2 86 0.229533
2 87 0.263687
2 88 0.298044
2 89 0.332073
2 90 0.365218
2 91 0.396936
2 92 0.426642
2 93 0.453872
2 94 0.478176
2 95 0.499199
2 96 0.516602
2 97 0.530088
2 98 0.539429
2 99 0.544476
2 100 0.0676937
2 101 0

3 0 0
3 1 0.0668112
3 2 0.537336
3 3 0.532219
3 4 0.522855
3 5 0.509374
3 6 0.491937
3 7 0.470922
3 8 0.446627
3 9 0.419423
3 10 0.389634
3 11 0.357929
3 12 0.324604
3 13 0.290454
3 14 0.255972
3 15 0.221887
3 16 0.188463
3 17 0.156498
3 18 0.126365
3 19 0.098674
3 20 0.0737179
3 21 0.0522758
3 22 0.0346101
3 23 0.020813
3 24 0.0114007
3 25 0.00633546
3 26 0.00578553
3 27 0.00967012
3 28 0.0177856
3 29 0.0303428
3 30 0.0469238
3 31 0.0672983
3 32 0.0911979
3 33 0.118373
3 34 0.148326
3 35 0.18035
3 36 0.214337
3 37 0.249572
3 38 0.285341
3 39 0.321352
3 40 0.356763
3 41 0.391154
3 42 0.424058
3 43 0.454766
3 44 0.482754
3 45 0.507775
3 46 0.529207
3 47 0.546792
3 48 0.56025
3 49 0.569542
3 50 0.574235
3 51 0.574458
3 52 0.570112
3 53 0.561398
3 54 0.54831
3 55 0.531096
3 56 0.509934
3 57 0.485361
3 58 0.457571
3 59 0.42714
3 60 0.394674
3 61 0.36048
3 62 0.325143
3 63 0.289374
3 64 0.253552
3 65 0.218357
3 66 0.184492
3 67 0.152368
3 68 0.122662
3 69 0.0955814
3 70 0.07159
3 71 0.0512117
3 72 0.0345985
3 73 0.0220522
3 74 0.013752
3 75 0.00986288
3 76 0.0103829
3 77 0.0152939
3 78 0.0246917
3 79 0.0383085
3 80 0.0558367
3 81 0.0771784
3 82 0.101842
3 83 0.12943
3 84 0.159438
3 85 0.191414
3 86 0.224569
3 87 0.258693
3 88 0.293038
3 89 0.32715
3 90 0.360232
3 91 0.391984
3 92 0.421651
3 93 0.448871
3 94 0.473181
3 95 0.494151
3 96 0.511512
3 97 0.525013
3 98 0.534315
3 99 0.539384
3 100 0.067067
3 101 0

4 0 0
4 1 0.0656377
4 2 0.527912
4 3 0.522855
4 4 0.513708
4 5 0.500277
4 6 0.482738
4 7 0.461653
4 8 0.437413
4 9 0.41026
4 10 0.380477
4 11 0.348596
4 12 0.315335
4 13 0.281232
4 14 0.246767
4 15 0.212725
4 16 0.179355
4 17 0.147407
4 18 0.117296
4 19 0.0895107
4 20 0.0646946
4 21 0.043211
4 22 0.0255197
4 23 0.0117564
4 24 0.00221715
4 25 -0.00295704
4 26 -0.00354339
4 27 0.000301652
4 28 0.00844093
4 29 0.0209124
4 30 0.037418
4 31 0.0576979
4 32 0.0815807
4 33 0.10866
4 34 0.13851
4 35 0.170505
4 36 0.204381
4 37 0.239574
4 38 0.275424
4 39 0.311341
4 40 0.346749
4 41 0.381148
4 42 0.413985
4 43 0.44457
4 44 0.472608
4 45 0.497562
4 46 0.518957
4 47 0.536577
4 48 0.550065
4 49 0.559315
4 50 0.564035
4 51 0.564287
4 52 0.559892
4 53 0.551148
4 54 0.538063
4 55 0.520804
4 56 0.499668
4 57 0.475117
4 58 0.447382
4 59 0.416915
4 60 0.38446
4 61 0.350318
4 62 0.315015
4 63 0.279289
4 64 0.243515
4 65 0.208341
4 66 0.174518
4 67 0.142505
4 68 0.112817
4 69 0.0858029
4 70 0.0619213
4 71 0.0415079
4 72 0.0250634
4 73 0.012527
4 74 0.00416959
4 75 0.000392817
4 76 0.0010057
4 77 0.00599473
4 78 0.0154719
4 79 0.0290787
4 80 0.0466382
4 81 0.0679553
4 82 0.0927234
4 83 0.120322
4 84 0.150289
4 85 0.182118
4 86 0.215279
4 87 0.249314
4 88 0.283606
4 89 0.317834
4 90 0.351036
4 91 0.382715
4 92 0.412458
4 93 0.43961
4 94 0.46385
4 95 0.484808
4 96 0.502153
4 97 0.515672
4 98 0.52501
4 99 0.529905
4 100 0.0658738
4 101 0

5 0 0
5 1 0.0639511
5 2 0.514367
5 3 0.509374
5 4 0.500277
5 5 0.486874
5 6 0.469458
5 7 0.448372
5 8 0.423997
5 9 0.396705
5 10 0.366961
5 11 0.335038
5 12 0.301745
5 13 0.267753
5 14 0.233387
5 15 0.19928
5 16 0.165929
5 17 0.133917
5 18 0.103765
5 19 0.0759824
5 20 0.0512484
5 21 0.0297091
5 22 0.0119345
5 23 -0.00181059
5 24 -0.0113655
5 25 -0.0165282
5 26 -0.0172501
5 27 -0.0134671
5 28 -0.00533464
5 29 0.00706763
5 30 0.0234761
5 31 0.0437306
5 32 0.0674784
5 33 0.0944617
5 34 0.124226
5 35 0.15619
5 36 0.190073
5 37 0.225212
5 38 0.26109
5 39 0.296884
5 40 0.33217
5 41 0.366472
5 42 0.399223
5 43 0.42986
5 44 0.457944
5 45 0.482784
5 46 0.504155
5 47 0.521727
5 48 0.535219
5 49 0.544358
5 50 0.549067
5 51 0.549302
5 52 0.544978
5 53 0.536219
5 54 0.52317
5 55 0.505924
5 56 0.484815
5 57 0.460231
5 58 0.432524
5 59 0.402055
5 60 0.369677
5 61 0.335621
5 62 0.300383
5 63 0.264674
5 64 0.228974
5 65 0.193903
5 66 0.160258
5 67 0.128173
5 68 0.0984761
5 69 0.0716092
5 70 0.0477852
5 71 0.027463
5 72 0.0109873
5 73 -0.00154171
5 74 -0.00985089
5 75 -0.0135542
5 76 -0.012901
5 77 -0.00781934
5 78 0.00166454
5 79 0.0153747
5 80 0.0329953
5 81 0.0543372
5 82 0.0791113
5 83 0.10663
5 84 0.136686
5 85 0.168537
5 86 0.201755
5 87 0.235753
5 88 0.27001
5 89 0.30414
5 90 0.337286
5 91 0.368959
5 92 0.398747
5 93 0.426021
5 94 0.450312
5 95 0.471321
5 96 0.488778
5 97 0.502226
5 98 0.511474
5 99 0.516251
5 100 0.0641661
5 101 0

6 0 0
6 1 0.0617942
6 2 0.496965
6 3 0.491937
6 4 0.482738
6 5 0.469458
6 6 0.452167
6 7 0.431235
6 8 0.406656
6 9 0.379252
6 10 0.349484
6 11 0.317579
6 12 0.284328
6 13 0.250307
6 14 0.215967
6 15 0.181762
6 16 0.148413
6 17 0.116455
6 18 0.0862423
6 19 0.0585028
6 20 0.0336724
6 21 0.0120952
6 22 -0.00574017
6 23 -0.0195503
6 24 -0.0291327
6 25 -0.0343797
6 26 -0.0351741
6 27 -0.0315399
6 28 -0.0233992
6 29 -0.0110053
6 30 0.00533174
6 31 0.0254509
6 32 0.0491716
6 33 0.0761448
6 34 0.105825
6 35 0.137831
6 36 0.171538
6 37 0.206564
6 38 0.242261
6 39 0.278084
6 40 0.313276
6 41 0.347573
6 42 0.38015
6 43 0.410744
6 44 0.438763
6 45 0.463512
6 46 0.484842
6 47 0.502398
6 48 0.515883
6 49 0.525019
6 50 0.529717
6 51 0.530051
6 52 0.525708
6 53 0.516909
6 54 0.503807
6 55 0.486534
6 56 0.46547
6 57 0.440857
6 58 0.413244
6 59 0.382954
6 60 0.350563
6 61 0.316593
6 62 0.281316
6 63 0.245738
6 64 0.210063
6 65 0.175213
6 66 0.141698
6 67 0.109688
6 68 0.0798671
6 69 0.0530872
6 70 0.0293367
6 71 0.00903981
6 72 -0.00738705
6 73 -0.019841
6 74 -0.0280891
6 75 -0.0318541
6 76 -0.0310728
6 77 -0.0259369
6 78 -0.0163379
6 79 -0.00254282
6 80 0.0151672
6 81 0.0366473
6 82 0.0613473
6 83 0.0889656
6 84 0.118974
6 85 0.150832
6 86 0.184119
6 87 0.218128
6 88 0.252448
6 89 0.286513
6 90 0.319624
6 91 0.351315
6 92 0.381151
6 93 0.408464
6 94 0.432775
6 95 0.453806
6 96 0.4712
6 97 0.484659
6 98 0.49384
6 99 0.498696
6 100 0.0619937
6 101 0

7 0 0
7 1 0.059179
7 2 0.475937
7 3 0.470922
7 4 0.461653
7 5 0.448372
7 6 0.431235
7 7 0.410187
7 8 0.38558
7 9 0.358047
7 10 0.328277
7 11 0.296526
7 12 0.2632
7 13 0.229109
7 14 0.194634
7 15 0.160442
7 16 0.127129
7 17 0.0951691
7 18 0.0648811
7 19 0.0371565
7 20 0.0123184
7 21 -0.00922946
7 22 -0.0270663
7 23 -0.0410892
7 24 -0.0507306
7 25 -0.0560523
7 26 -0.0569668
7 27 -0.0534035
7 28 -0.0454407
7 29 -0.0330615
7 30 -0.0167783
7 31 0.00327914
7 32 0.0268558
7 33 0.0538202
7 34 0.0834599
7 35 0.115296
7 36 0.148991
7 37 0.183841
7 38 0.21935
7 39 0.255159
7 40 0.29042
7 41 0.324558
7 42 0.35709
7 43 0.387687
7 44 0.415544
7 45 0.440298
7 46 0.46166
7 47 0.479158
7 48 0.492503
7 49 0.501688
7 50 0.506392
7 51 0.506738
7 52 0.502338
7 53 0.493572
7 54 0.480459
7 55 0.463174
7 56 0.442108
7 57 0.417581
7 58 0.389925
7 59 0.35974
7 60 0.32745
7 61 0.29342
7 62 0.258247
7 63 0.222744
7 64 0.187214
7 65 0.152371
7 66 0.118908
7 67 0.0870355
7 68 0.0573003
7 69 0.0305526
7 70 0.00684278
7 71 -0.0134593
7 72 -0.0298216
7 73 -0.0421083
7 74 -0.0502602
7 75 -0.0538939
7 76 -0.0530824
7 77 -0.0477919
7 78 -0.038083
7 79 -0.0242921
7 80 -0.00647252
7 81 0.0149652
7 82 0.039686
7 83 0.0673725
7 84 0.0973321
7 85 0.129231
7 86 0.162533
7 87 0.196703
7 88 0.231085
7 89 0.265163
7 90 0.298291
7 91 0.330048
7 92 0.359817
7 93 0.38715
7 94 0.411578
7 95 0.432525
7 96 0.449902
7 97 0.463368
7 98 0.472605
7 99 0.477503
7 100 0.0593618
7 101 0

8 0 0
8 1 0.0561448
8 2 0.451574
8 3 0.446627
8 4 0.437413
8 5 0.423997
8 6 0.406656
8 7 0.38558
8 8 0.360978
8 9 0.333522
8 10 0.303771
8 11 0.272075
8 12 0.238733
8 13 0.20448
8 14 0.169985
8 15 0.13583
8 16 0.102452
8 17 0.0703505
8 18 0.0400254
8 19 0.0122311
8 20 -0.0126212
8 21 -0.0342107
8 22 -0.052146
8 23 -0.0661533
8 24 -0.0759556
8 25 -0.0813026
8 26 -0.0823148
8 27 -0.0788962
8 28 -0.0710754
8 29 -0.0588903
8 30 -0.0425427
8 31 -0.0225098
8 32 0.00100821
8 33 0.0278983
8 34 0.0573676
8 35 0.0890417
8 36 0.122578
8 37 0.157473
8 38 0.192967
8 39 0.228605
8 40 0.26373
8 41 0.297941
8 42 0.330407
8 43 0.360948
8 44 0.388705
8 45 0.41346
8 46 0.434819
8 47 0.452307
8 48 0.465642
8 49 0.474748
8 50 0.4794
8 51 0.479685
8 52 0.475349
8 53 0.466605
8 54 0.453471
8 55 0.436188
8 56 0.415203
8 57 0.390708
8 58 0.363063
8 59 0.332853
8 60 0.300462
8 61 0.266571
8 62 0.231414
8 63 0.196052
8 64 0.160588
8 65 0.125858
8 66 0.092423
8 67 0.0606687
8 68 0.0310732
8 69 0.00436901
8 70 -0.0193239
8 71 -0.0396276
8 72 -0.0559288
8 73 -0.0681386
8 74 -0.0761163
8 75 -0.079555
8 76 -0.0786618
8 77 -0.0732578
8 78 -0.0635402
8 79 -0.0496799
8 80 -0.0318245
8 81 -0.0103497
8 82 0.0144427
8 83 0.0421598
8 84 0.072171
8 85 0.10414
8 86 0.137597
8 87 0.171825
8 88 0.206264
8 89 0.240369
8 90 0.273523
8 91 0.305291
8 92 0.334981
8 93 0.362291
8 94 0.386807
8 95 0.407905
8 96 0.425338
8 97 0.438817
8 98 0.448081
8 99 0.452951
8 100 0.0563061
8 101 0

9 0 0
9 1 0.0527433
9 2 0.424275
9 3 0.419423
9 4 0.41026
9 5 0.396705
9 6 0.379252
9 7 0.358047
9 8 0.333522
9 9 0.306054
9 10 0.276265
9 11 0.244623
9 12 0.211239
9 13 0.176892
9 14 0.142433
9 15 0.108217
9 16 0.074748
9 17 0.0425592
9 18 0.0122154
9 19 -0.0155867
9 20 -0.0404498
9 21 -0.0622132
9 22 -0.0802855
9 23 -0.0943196
9 24 -0.104208
9 25 -0.109741
9 26 -0.110825
9 27 -0.107552
9 28 -0.0998313
9 29 -0.0877228
9 30 -0.0715074
9 31 -0.0514945
9 32 -0.0279934
9 33 -0.00115464
9 34 0.0282608
9 35 0.0598516
9 36 0.093176
9 37 0.127897
9 38 0.163336
9 39 0.198725
9 40 0.233836
9 41 0.268004
9 42 0.300446
9 43 0.330849
9 44 0.358656
9 45 0.383356
9 46 0.404661
9 47 0.422056
9 48 0.435372
9 49 0.444469
9 50 0.449071
9 51 0.449326
9 52 0.445001
9 53 0.436254
9 54 0.423087
9 55 0.405855
9 56 0.385012
9 57 0.360545
9 58 0.332934
9 59 0.302617
9 60 0.270235
9 61 0.236366
9 62 0.201393
9 63 0.166026
9 64 0.130843
9 65 0.0962553
9 66 0.0628941
9 67 0.0312322
9 68 0.00168772
9 69 -0.0250274
9 70 -0.0486945
9 71 -0.0689073
9 72 -0.0851788
9 73 -0.0973129
9 74 -0.105127
9 75 -0.108447
9 76 -0.107415
9 77 -0.101914
9 78 -0.0921281
9 79 -0.0782123
9 80 -0.0602198
9 81 -0.0386664
9 82 -0.0137944
9 83 0.0140554
9 84 0.0441129
9 85 0.0760917
9 86 0.109689
9 87 0.143944
9 88 0.178363
9 89 0.212504
9 90 0.245694
9 91 0.277492
9 92 0.307263
9 93 0.334594
9 94 0.359094
9 95 0.380236
9 96 0.39781
9 97 0.411272
9 98 0.420547
9 99 0.425446
9 100 0.05289
9 101 0

10 0 0
10 1 0.0490466
10 2 0.394505
10 3 0.389634
10 4 0.380477
10 5 0.366961
10 6 0.349484
10 7 0.328277
10 8 0.303771
10 9 0.276265
10 10 0.246329
10 11 0.214569
10 12 0.181228
10 13 0.14697
10 14 0.112486
10 15 0.0782051
10 16 0.0445725
10 17 0.0123838
10 18 -0.0178973
10 19 -0.0458405
10 20 -0.0708624
10 21 -0.0926627
10 22 -0.110894
10 23 -0.125088
10 24 -0.13505
10 25 -0.140757
10 26 -0.141912
10 27 -0.138686
10 28 -0.13115
10 29 -0.119091
10 30 -0.103025
10 31 -0.0831481
10 32 -0.0597008
10 33 -0.0330873
10 34 -0.0036518
10 35 0.0279038
10 36 0.0611386
10 37 0.095611
10 38 0.130902
10 39 0.166283
10 40 0.201278
10 41 0.235295
10 42 0.267606
10 43 0.297922
10 44 0.325678
10 45 0.350404
10 46 0.371649
10 47 0.388944
10 48 0.402227
10 49 0.411414
10 50 0.416
10 51 0.416145
10 52 0.411826
10 53 0.403058
10 54 0.38994
10 55 0.372766
10 56 0.351844
10 57 0.327413
10 58 0.299823
10 59 0.269581
10 60 0.237319
10 61 0.203555
10 62 0.168653
10 63 0.13342
10 64 0.0983999
10 65 0.0639217
10 66 0.0305234
10 67 -0.00125068
10 68 -0.0306063
10 69 -0.0572476
10 70 -0.0807946
10 71 -0.100818
10 72 -0.117016
10 73 -0.12899
10 74 -0.136642
10 75 -0.13992
10 76 -0.138833
10 77 -0.133299
10 78 -0.12329
10 79 -0.10917
10 80 -0.091194
10 81 -0.0694904
10 82 -0.0445009
10 83 -0.0166674
10 84 0.0135975
10 85 0.0457223
10 86 0.0793062
10 87 0.113623
10 88 0.14805
10 89 0.182228
10 90 0.215428
10 91 0.247335
10 92 0.277182
10 93 0.304528
10 94 0.329056
10 95 0.350194
10 96 0.36776
10 97 0.381227
10 98 0.390454
10 99 0.395443
10 100 0.0491676
10 101 0

11 0 0
11 1 0.0450966
11 2 0.362777
11 3 0.357929
11 4 0.348596
11 5 0.335038
11 6 0.317579
11 7 0.296526
11 8 0.272075
11 9 0.244623
11 10 0.214569
11 11 0.182604
11 12 0.149274
11 13 0.115012
11 14 0.0804706
11 15 0.0459693
11 16 0.0123178
11 17 -0.0199122
11 18 -0.0502428
11 19 -0.0783188
11 20 -0.103559
11 21 -0.125264
11 22 -0.143561
11 23 -0.157902
11 24 -0.168025
11 25 -0.173801
11 26 -0.175238
11 27 -0.172246
11 28 -0.164684
11 29 -0.15271
11 30 -0.136723
11 31 -0.116902
11 32 -0.0935326
11 33 -0.0670696
11 34 -0.0378348
11 35 -0.00646344
11 36 0.0267505
11 37 0.0611661
11 38 0.096391
11 39 0.131737
11 40 0.166549
11 41 0.200333
11 42 0.232674
11 43 0.262944
11 44 0.290617
11 45 0.315277
11 46 0.336486
11 47 0.353701
11 48 0.367009
11 49 0.376102
11 50 0.380673
11 51 0.380817
11 52 0.376503
11 53 0.367714
11 54 0.354636
11 55 0.337467
11 56 0.316528
11 57 0.292167
11 58 0.264615
11 59 0.234402
11 60 0.202268
11 61 0.16854
11 62 0.133738
11 63 0.0985171
11 64 0.0635635
11 65 0.0291484
11 66 -0.0041264
11 67 -0.0357943
11 68 -0.0650752
11 69 -0.0916335
11 70 -0.115023
11 71 -0.13489
11 72 -0.151066
11 73 -0.162992
11 74 -0.170519
11 75 -0.173669
11 76 -0.172399
11 77 -0.166746
11 78 -0.156638
11 79 -0.142345
11 80 -0.124297
11 81 -0.102432
11 82 -0.0774106
11 83 -0.0493971
11 84 -0.0190089
11 85 0.0131309
11 86 0.0467838
11 87 0.0810328
11 88 0.115624
11 89 0.149901
11 90 0.183213
11 91 0.215159
11 92 0.245136
11 93 0.27255
11 94 0.296987
11 95 0.318147
11 96 0.33561
11 97 0.349141
11 98 0.358391
11 99 0.3634
11 100 0.0451907
11 101 0

12 0 0
12 1 0.0409856
12 2 0.329573
12 3 0.324604
12 4 0.315335
12 5 0.301745
12 6 0.284328
12 7 0.2632
12 8 0.238733
12 9 0.211239
12 10 0.181228
12 11 0.149274
12 12 0.115872
12 13 0.0816043
12 14 0.0468645
12 15 0.0122991
12 16 -0.0214268
12 17 -0.0536802
12 18 -0.0841895
12 19 -0.112498
12 20 -0.137771
12 21 -0.159553
12 22 -0.177749
12 23 -0.192325
12 24 -0.20267
12 25 -0.208605
12 26 -0.210131
12 27 -0.207275
12 28 -0.199863
12 29 -0.188007
12 30 -0.172153
12 31 -0.152491
12 32 -0.12925
12 33 -0.102885
12 34 -0.0737421
12 35 -0.0423582
12 36 -0.00936029
12 37 0.0249761
12 38 0.060162
12 39 0.0954345
12 40 0.1301
12 41 0.163833
12 42 0.196054
12 43 0.226205
12 44 0.253795
12 45 0.27839
12 46 0.299454
12 47 0.316792
12 48 0.33003
12 49 0.339033
12 50 0.343591
12 51 0.343662
12 52 0.339398
12 53 0.330544
12 54 0.317484
12 55 0.300409
12 56 0.279454
12 57 0.255162
12 58 0.227743
12 59 0.197617
12 60 0.16546
12 61 0.131808
12 62 0.0970774
12 63 0.0619957
12 64 0.0269796
12 65 -0.00734942
12 66 -0.0405306
12 67 -0.0720471
12 68 -0.101292
12 69 -0.127766
12 70 -0.151046
12 71 -0.17088
12 72 -0.186825
12 73 -0.198589
12 74 -0.206077
12 75 -0.209074
12 76 -0.207623
12 77 -0.20179
12 78 -0.19158
12 79 -0.177253
12 80 -0.15894
12 81 -0.137028
12 82 -0.111876
12 83 -0.0838508
12 84 -0.0532745
12 85 -0.0209536
12 86 0.0126646
12 87 0.0471587
12 88 0.0817548
12 89 0.116107
12 90 0.149439
12 91 0.181387
12 92 0.211436
12 93 0.238861
12 94 0.263452
12 95 0.284614
12 96 0.30209
12 97 0.315566
12 98 0.324946
12 99 0.329902
12 100 0.0410177
12 101 0

13 0 0
13 1 0.0367513
13 2 0.295473
13 3 0.290454
13 4 0.281232
13 5 0.267753
13 6 0.250307
13 7 0.229109
13 8 0.20448
13 9 0.176892
13 10 0.14697
13 11 0.115012
13 12 0.0816043
13 13 0.0472205
13 14 0.0123045
13 15 -0.0223375
13 16 -0.0560973
13 17 -0.0884358
13 18 -0.119017
13 19 -0.147397
13 20 -0.172792
13 21 -0.194777
13 22 -0.213117
13 23 -0.22768
13 24 -0.238243
13 25 -0.244221
13 26 -0.245935
13 27 -0.243265
13 28 -0.23593
13 29 -0.224461
13 30 -0.208728
13 31 -0.189133
13 32 -0.16605
13 33 -0.13978
13 34 -0.110798
13 35 -0.0795526
13 36 -0.0466681
13 37 -0.0123522
13 38 0.0228394
13 39 0.0579816
13 40 0.0924552
13 41 0.126139
13 42 0.158365
13 43 0.18838
13 44 0.215888
13 45 0.240349
13 46 0.261292
13 47 0.278672
13 48 0.291972
13 49 0.300829
13 50 0.305466
13 51 0.305569
13 52 0.301191
13 53 0.292173
13 54 0.279194
13 55 0.262181
13 56 0.241293
13 57 0.217009
13 58 0.189687
13 59 0.159689
13 60 0.127555
13 61 0.0939758
13 62 0.0593511
13 63 0.0242476
13 64 -0.0108579
13 65 -0.045142
13 66 -0.0781676
13 67 -0.109493
13 68 -0.138648
13 69 -0.164991
13 70 -0.188172
13 71 -0.207884
13 72 -0.223615
13 73 -0.235228
13 74 -0.242534
13 75 -0.245445
13 76 -0.243767
13 77 -0.237744
13 78 -0.227503
13 79 -0.213015
13 80 -0.194587
13 81 -0.172514
13 82 -0.147292
13 83 -0.119112
13 84 -0.0884901
13 85 -0.0561639
13 86 -0.0223869
13 87 0.0122682
13 88 0.0470531
13 89 0.08146
13 90 0.114845
13 91 0.146769
13 92 0.176832
13 93 0.204358
13 94 0.228979
13 95 0.250248
13 96 0.26774
13 97 0.281146
13 98 0.29051
13 99 0.29546
13 100 0.0367398
13 101 0

14 0 0
14 1 0.0324734
14 2 0.26101
14 3 0.255972
14 4 0.246767
14 5 0.233387
14 6 0.215967
14 7 0.194634
14 8 0.169985
14 9 0.142433
14 10 0.112486
14 11 0.0804706
14 12 0.0468645
14 13 0.0123045
14 14 -0.0226527
14 15 -0.0573134
14 16 -0.0911891
14 17 -0.123746
14 18 -0.15439
14 19 -0.182738
14 20 -0.208263
14 21 -0.230472
14 22 -0.248967
14 23 -0.263807
14 24 -0.274373
14 25 -0.28059
14 26 -0.282383
14 27 -0.279717
14 28 -0.272643
14 29 -0.261317
14 30 -0.245692
14 31 -0.226235
14 32 -0.203302
14 33 -0.177136
14 34 -0.148232
14 35 -0.117034
14 36 -0.0841458
14 37 -0.0499986
14 38 -0.0150948
14 39 0.0199714
14 40 0.054526
14 41 0.087961
14 42 0.120127
14 43 0.150156
14 44 0.177545
14 45 0.202009
14 46 0.222974
14 47 0.240266
14 48 0.253367
14 49 0.262265
14 50 0.266811
14 51 0.266805
14 52 0.262399
14 53 0.25358
14 54 0.240631
14 55 0.223721
14 56 0.202819
14 57 0.178432
14 58 0.151141
14 59 0.121264
14 60 0.0892534
14 61 0.0556004
14 62 0.0210558
14 63 -0.0139987
14 64 -0.0489862
14 65 -0.0831633
14 66 -0.116198
14 67 -0.147435
14 68 -0.176401
14 69 -0.202625
14 70 -0.22567
14 71 -0.245299
14 72 -0.260977
14 73 -0.272403
14 74 -0.279545
14 75 -0.282367
14 76 -0.280663
14 77 -0.274444
14 78 -0.26392
14 79 -0.249377
14 80 -0.230746
14 81 -0.208551
14 82 -0.183074
14 83 -0.154885
14 84 -0.124186
14 85 -0.0916444
14 86 -0.0578459
14 87 -0.0230356
14 88 0.0119067
14 89 0.0463404
14 90 0.0798612
14 91 0.111915
14 92 0.141899
14 93 0.169444
14 94 0.194285
14 95 0.215466
14 96 0.232991
14 97 0.246464
14 98 0.255747
14 99 0.260699
14 100 0.03242
14 101 0

15 0 0
15 1 0.0282009
15 2 0.226767
15 3 0.221887
15 4 0.212725
15 5 0.19928
15 6 0.181762
15 7 0.160442
15 8 0.13583
15 9 0.108217
15 10 0.0782051
15 11 0.0459693
15 12 0.0122991
15 13 -0.0223375
15 14 -0.0573134
15 15 -0.0921535
15 16 -0.12614
15 17 -0.158884
15 18 -0.189629
15 19 -0.217959
15 20 -0.243535
15 21 -0.265934
15 22 -0.284687
15 23 -0.29957
15 24 -0.310303
15 25 -0.316699
15 26 -0.318717
15 27 -0.316192
15 28 -0.309226
15 29 -0.297997
15 30 -0.282556
15 31 -0.263218
15 32 -0.24031
15 33 -0.214374
15 34 -0.185635
15 35 -0.154525
15 36 -0.121756
15 37 -0.0877049
15 38 -0.0529201
15 39 -0.0179372
15 40 0.0165261
15 41 0.0499218
15 42 0.0820154
15 43 0.112002
15 44 0.139382
15 45 0.163715
15 46 0.184678
15 47 0.20188
15 48 0.214991
15 49 0.223794
15 50 0.228327
15 51 0.228267
15 52 0.223914
15 53 0.215109
15 54 0.202086
15 55 0.185076
15 56 0.164303
15 57 0.140061
15 58 0.112818
15 59 0.0829686
15 60 0.0510249
15 61 0.017379
15 62 -0.0172535
15 63 -0.052316
15 64 -0.087135
15 65 -0.121234
15 66 -0.154165
15 67 -0.185156
15 68 -0.214021
15 69 -0.240174
15 70 -0.263108
15 71 -0.282655
15 72 -0.298239
15 73 -0.309494
15 74 -0.316386
15 75 -0.319079
15 76 -0.317289
15 77 -0.310851
15 78 -0.300249
15 79 -0.285563
15 80 -0.266784
15 81 -0.244389
15 82 -0.218764
15 83 -0.190399
15 84 -0.159591
15 85 -0.126994
15 86 -0.0929974
15 87 -0.0582445
15 88 -0.023225
15 89 0.0113779
15 90 0.0450781
15 91 0.077226
15 92 0.107438
15 93 0.135041
15 94 0.159768
15 95 0.181005
15 96 0.198526
15 97 0.212027
15 98 0.221283
15 99 0.226134
15 100 0.0281196
15 101 0

16 0 0
16 1 0.0240456
16 2 0.193305
16 3 0.188463
16 4 0.179355
16 5 0.165929
16 6 0.148413
16 7 0.127129
16 8 0.102452
16 9 0.074748
16 10 0.0445725
16 11 0.0123178
16 12 -0.0214268
16 13 -0.0560973
16 14 -0.0911891
16 15 -0.12614
16 16 -0.160285
16 17 -0.19326
16 18 -0.22414
16 19 -0.252541
16 20 -0.278209
16 21 -0.300748
16 22 -0.319753
16 23 -0.334857
16 24 -0.345608
16 25 -0.352229
16 26 -0.354271
16 27 -0.351876
16 28 -0.34503
16 29 -0.334
16 30 -0.318728
16 31 -0.299527
16 32 -0.276896
16 33 -0.251078
16 34 -0.222427
16 35 -0.191321
16 36 -0.158624
16 37 -0.124523
16 38 -0.0898891
16 39 -0.0549637
16 40 -0.0205903
16 41 0.0127657
16 42 0.0446536
16 43 0.0745949
16 44 0.10185
16 45 0.126265
16 46 0.147161
16 47 0.164323
16 48 0.177383
16 49 0.186262
16 50 0.190644
16 51 0.19059
16 52 0.186244
16 53 0.177449
16 54 0.164324
16 55 0.147298
16 56 0.126588
16 57 0.102403
16 58 0.0751578
16 59 0.0453902
16 60 0.0134261
16 61 -0.0200221
16 62 -0.0546228
16 63 -0.0894798
16 64 -0.124372
16 65 -0.158368
16 66 -0.191383
16 67 -0.222442
16 68 -0.25121
16 69 -0.277212
16 70 -0.300011
16 71 -0.319318
16 72 -0.33476
16 73 -0.345851
16 74 -0.352537
16 75 -0.355179
16 76 -0.353196
16 77 -0.346711
16 78 -0.335871
16 79 -0.320995
16 80 -0.302058
16 81 -0.279493
16 82 -0.253847
16 83 -0.225434
16 84 -0.194436
16 85 -0.161552
16 86 -0.127383
16 87 -0.0925142
16 88 -0.0573586
16 89 -0.022641
16 90 0.011053
16 91 0.0433297
16 92 0.0737123
16 93 0.101329
16 94 0.126037
16 95 0.147255
16 96 0.164859
16 97 0.178318
16 98 0.187537
16 99 0.19239
16 100 0.0239276
16 101 0

17 0 0
17 1 0.0200446
17 2 0.161209
17 3 0.156498
17 4 0.147407
17 5 0.133917
17 6 0.116455
17 7 0.0951691
17 8 0.0703505
17 9 0.0425592
17 10 0.0123838
17 11 -0.0199122
17 12 -0.0536802
17 13 -0.0884358
17 14 -0.123746
17 15 -0.158884
17 16 -0.19326
17 17 -0.226245
17 18 -0.2572
17 19 -0.285821
17 20 -0.311595
17 21 -0.334279
17 22 -0.353488
17 23 -0.368655
17 24 -0.37965
17 25 -0.386322
17 26 -0.388588
17 27 -0.386365
17 28 -0.379683
17 29 -0.368788
17 30 -0.353665
17 31 -0.334639
17 32 -0.312097
17 33 -0.286425
17 34 -0.257838
17 35 -0.22686
17 36 -0.194166
17 37 -0.160233
17 38 -0.125493
17 39 -0.0907331
17 40 -0.0564478
17 41 -0.0231693
17 42 0.00871756
17 43 0.038582
17 44 0.0659418
17 45 0.0902464
17 46 0.111086
17 47 0.128086
17 48 0.141126
17 49 0.150018
17 50 0.154434
17 51 0.154359
17 52 0.149999
17 53 0.141175
17 54 0.128031
17 55 0.111027
17 56 0.0903898
17 57 0.0661779
17 58 0.0389437
17 59 0.00913111
17 60 -0.022757
17 61 -0.0562429
17 62 -0.0907483
17 63 -0.125643
17 64 -0.160304
17 65 -0.194377
17 66 -0.227273
17 67 -0.258336
17 68 -0.287007
17 69 -0.312959
17 70 -0.335607
17 71 -0.354695
17 72 -0.369975
17 73 -0.380944
17 74 -0.387524
17 75 -0.389988
17 76 -0.387882
17 77 -0.381157
17 78 -0.370202
17 79 -0.355106
17 80 -0.336009
17 81 -0.31331
17 82 -0.287525
17 83 -0.258939
17 84 -0.227841
17 85 -0.194878
17 86 -0.160533
17 87 -0.125439
17 88 -0.0901822
17 89 -0.055293
17 90 -0.0214859
17 91 0.0108132
17 92 0.041242
17 93 0.0690252
17 94 0.0937593
17 95 0.115117
17 96 0.132671
17 97 0.146067
17 98 0.155285
17 99 0.159983
17 100 0.0198901
17 101 0

18 0 0
18 1 0.0162878
18 2 0.131012
18 3 0.126365
18 4 0.117296
18 5 0.103765
18 6 0.0862423
18 7 0.0648811
18 8 0.0400254
18 9 0.0122154
18 10 -0.0178973
18 11 -0.0502428
18 12 -0.0841895
18 13 -0.119017
18 14 -0.15439
18 15 -0.189629
18 16 -0.22414
18 17 -0.2572
18 18 -0.288355
18 19 -0.317168
18 20 -0.343189
18 21 -0.366037
18 22 -0.38528
18 23 -0.400664
18 24 -0.411836
18 25 -0.418763
18 26 -0.421134
18 27 -0.419011
18 28 -0.412505
18 29 -0.401708
18 30 -0.386762
18 31 -0.367883
18 32 -0.345524
18 33 -0.319917
18 34 -0.29136
18 35 -0.260423
18 36 -0.227937
18 37 -0.194092
18 38 -0.159432
18 39 -0.124677
18 40 -0.0904391
18 41 -0.0571047
18 42 -0.0253294
18 43 0.00442961
18 44 0.0317125
18 45 0.0560819
18 46 0.0768202
18 47 0.0938723
18 48 0.106927
18 49 0.115824
18 50 0.120194
18 51 0.120136
18 52 0.115708
18 53 0.106849
18 54 0.0936442
18 55 0.0766678
18 56 0.0559326
18 57 0.0317425
18 58 0.0045189
18 59 -0.0252127
18 60 -0.0570968
18 61 -0.0905119
18 62 -0.124991
18 63 -0.159845
18 64 -0.194515
18 65 -0.228512
18 66 -0.261411
18 67 -0.292264
18 68 -0.320873
18 69 -0.346713
18 70 -0.369307
18 71 -0.388296
18 72 -0.403284
18 73 -0.414179
18 74 -0.42077
18 75 -0.422994
18 76 -0.420747
18 77 -0.413863
18 78 -0.402683
18 79 -0.387485
18 80 -0.368175
18 81 -0.345308
18 82 -0.319315
18 83 -0.290502
18 84 -0.259258
18 85 -0.22612
18 86 -0.191661
18 87 -0.156347
18 88 -0.121024
18 89 -0.0861115
18 90 -0.0521948
18 91 -0.0198058
18 92 0.0106533
18 93 0.0384084
18 94 0.0632704
18 95 0.0846956
18 96 0.1023
18 97 0.11574
18 98 0.124972
18 99 0.129531
18 100 0.0160911
18 101 0

19 0 0
19 1 0.0128307
19 2 0.103248
19 3 0.098674
19 4 0.0895107
19 5 0.0759824
19 6 0.0585028
19 7 0.0371565
19 8 0.0122311
19 9 -0.0155867
19 10 -0.0458405
19 11 -0.0783188
19 12 -0.112498
19 13 -0.147397
19 14 -0.182738
19 15 -0.217959
19 16 -0.252541
19 17 -0.285821
19 18 -0.317168
19 19 -0.345989
19 20 -0.37233
19 21 -0.395423
19 22 -0.414796
19 23 -0.430455
19 24 -0.441699
19 25 -0.448717
19 26 -0.451257
19 27 -0.449363
19 28 -0.443077
19 29 -0.43237
19 30 -0.417536
19 31 -0.398735
19 32 -0.376486
19 33 -0.350958
19 34 -0.322429
19 35 -0.291769
19 36 -0.25928
19 37 -0.225479
19 38 -0.190893
19 39 -0.156227
19 40 -0.122069
19 41 -0.0887979
19 42 -0.0569011
19 43 -0.0270983
19 44 8.18261e-05
19 45 0.0242911
19 46 0.045099
19 47 0.0621839
19 48 0.0753465
19 49 0.0842588
19 50 0.0885664
19 51 0.0886169
19 52 0.0839898
19 53 0.0750724
19 54 0.06192
19 55 0.0448103
19 56 0.02407
19 57 -0.000157679
19 58 -0.0273887
19 59 -0.0571773
19 60 -0.0890156
19 61 -0.122403
19 62 -0.156828
19 63 -0.191658
19 64 -0.22632
19 65 -0.260338
19 66 -0.292981
19 67 -0.323835
19 68 -0.352285
19 69 -0.378057
19 70 -0.400574
19 71 -0.419383
19 72 -0.434385
19 73 -0.445163
19 74 -0.451573
19 75 -0.453648
19 76 -0.451143
19 77 -0.444184
19 78 -0.4329
19 79 -0.417511
19 80 -0.397934
19 81 -0.374857
19 82 -0.348772
19 83 -0.319681
19 84 -0.288239
19 85 -0.254928
19 86 -0.220383
19 87 -0.185065
19 88 -0.149599
19 89 -0.114611
19 90 -0.0806549
19 91 -0.0479069
19 92 -0.0173529
19 93 0.0104039
19 94 0.0352234
19 95 0.0566847
19 96 0.074355
19 97 0.0878748
19 98 0.0970066
19 99 0.101544
19 100 0.012615
19 101 0

20 0 0
20 1 0.00975562
20 2 0.0784074
20 3 0.0737179
20 4 0.0646946
20 5 0.0512484
20 6 0.0336724
20 7 0.0123184
20 8 -0.0126212
20 9 -0.0404498
20 10 -0.0708624
20 11 -0.103559
20 12 -0.137771
20 13 -0.172792
20 14 -0.208263
20 15 -0.243535
20 16 -0.278209
20 17 -0.311595
20 18 -0.343189
20 19 -0.37233
20 20 -0.398678
20 21 -0.421917
20 22 -0.441557
20 23 -0.457365
20 24 -0.46884
20 25 -0.475876
20 26 -0.478556
20 27 -0.476842
20 28 -0.470694
20 29 -0.460155
20 30 -0.445402
20 31 -0.426718
20 32 -0.404567
20 33 -0.379214
20 34 -0.350845
20 35 -0.320116
20 36 -0.287676
20 37 -0.254016
20 38 -0.219431
20 39 -0.184873
20 40 -0.150766
20 41 -0.117491
20 42 -0.0856571
20 43 -0.0558425
20 44 -0.0286088
20 45 -0.00441696
20 46 0.0164901
20 47 0.0336402
20 48 0.0467936
20 49 0.0556173
20 50 0.0598544
20 51 0.0599272
20 52 0.0553044
20 53 0.0464343
20 54 0.0333204
20 55 0.01611
20 56 -0.00478821
20 57 -0.0291382
20 58 -0.0563984
20 59 -0.0862185
20 60 -0.118088
20 61 -0.151456
20 62 -0.185787
20 63 -0.220554
20 64 -0.255106
20 65 -0.289114
20 66 -0.321789
20 67 -0.352551
20 68 -0.380904
20 69 -0.406496
20 70 -0.428906
20 71 -0.447711
20 72 -0.462514
20 73 -0.473217
20 74 -0.47958
20 75 -0.481423
20 76 -0.478764
20 77 -0.471582
20 78 -0.460159
20 79 -0.444605
20 80 -0.42487
20 81 -0.401648
20 82 -0.375393
20 83 -0.346175
20 84 -0.314474
20 85 -0.28099
20 86 -0.246353
20 87 -0.210833
20 88 -0.175252
20 89 -0.140153
20 90 -0.106003
20 91 -0.0731992
20 92 -0.0425182
20 93 -0.0146007
20 94 0.0101956
20 95 0.0317096
20 96 0.0493774
20 97 0.0628569
20 98 0.0719949
20 99 0.0765478
20 100 0.00951044
20 101 0

21 0 0
21 1 0.00708336
21 2 0.0569346
21 3 0.0522758
21 4 0.043211
21 5 0.0297091
21 6 0.0120952
21 7 -0.00922946
21 8 -0.0342107
21 9 -0.0622132
21 10 -0.0926627
21 11 -0.125264
21 12 -0.159553
21 13 -0.194777
21 14 -0.230472
21 15 -0.265934
21 16 -0.300748
21 17 -0.334279
21 18 -0.366037
21 19 -0.395423
21 20 -0.421917
21 21 -0.445237
21 22 -0.464951
21 23 -0.48099
21 24 -0.49262
21 25 -0.499845
21 26 -0.502724
21 27 -0.501105
21 28 -0.495098
21 29 -0.484679
21 30 -0.470125
21 31 -0.451484
21 32 -0.429445
21 33 -0.404179
21 34 -0.37599
21 35 -0.345335
21 36 -0.312828
21 37 -0.279252
21 38 -0.244794
21 39 -0.210193
21 40 -0.176022
21 41 -0.14271
21 42 -0.110874
21 43 -0.0810409
21 44 -0.0538045
21 45 -0.0296062
21 46 -0.00869059
21 47 0.00844658
21 48 0.0215803
21 49 0.0303812
21 50 0.0346262
21 51 0.0346142
21 52 0.0299797
21 53 0.0211552
21 54 0.00803101
21 55 -0.00921255
21 56 -0.0301455
21 57 -0.0545544
21 58 -0.0818535
21 59 -0.111704
21 60 -0.143647
21 61 -0.176965
21 62 -0.211308
21 63 -0.246118
21 64 -0.28064
21 65 -0.314618
21 66 -0.347211
21 67 -0.377987
21 68 -0.406352
21 69 -0.431793
21 70 -0.45412
21 71 -0.472755
21 72 -0.487513
21 73 -0.498073
21 74 -0.504277
21 75 -0.505925
21 76 -0.503119
21 77 -0.495765
21 78 -0.484129
21 79 -0.468463
21 80 -0.448588
21 81 -0.425206
21 82 -0.398782
21 83 -0.369367
21 84 -0.337457
21 85 -0.303782
21 86 -0.268921
21 87 -0.233349
21 88 -0.197574
21 89 -0.162221
21 90 -0.127901
21 91 -0.0950743
21 92 -0.0644176
21 93 -0.0363517
21 94 -0.0114416
21 95 0.0100533
21 96 0.0277291
21 97 0.0412156
21 98 0.0503346
21 99 0.0550068
21 100 0.00684143
21 101 0

22 0 0
22 1 0.0048756
22 2 0.0392198
22 3 0.0346101
22 4 0.0255197
22 5 0.0119345
22 6 -0.00574017
22 7 -0.0270663
22 8 -0.052146
22 9 -0.0802855
22 10 -0.110894
22 11 -0.143561
22 12 -0.177749
22 13 -0.213117
22 14 -0.248967
22 15 -0.284687
22 16 -0.319753
22 17 -0.353488
22 18 -0.38528
22 19 -0.414796
22 20 -0.441557
22 21 -0.464951
22 22 -0.48484
22 23 -0.500987
22 24 -0.512801
22 25 -0.520241
22 26 -0.523199
22 27 -0.521729
22 28 -0.515825
22 29 -0.505643
22 30 -0.491191
22 31 -0.472658
22 32 -0.450666
22 33 -0.425424
22 34 -0.397409
22 35 -0.366841
22 36 -0.334365
22 37 -0.300695
22 38 -0.266302
22 39 -0.231693
22 40 -0.197519
22 41 -0.164088
22 42 -0.13227
22 43 -0.102284
22 44 -0.0749885
22 45 -0.0508102
22 46 -0.0299096
22 47 -0.0128622
22 48 0.000259185
22 49 0.00906829
22 50 0.0133317
22 51 0.0133218
22 52 0.00870606
22 53 -0.000243287
22 54 -0.0133673
22 55 -0.0306082
22 56 -0.0515408
22 57 -0.0759571
22 58 -0.103339
22 59 -0.133269
22 60 -0.165299
22 61 -0.198623
22 62 -0.233089
22 63 -0.267905
22 64 -0.302551
22 65 -0.336419
22 66 -0.368912
22 67 -0.399649
22 68 -0.428062
22 69 -0.453382
22 70 -0.475599
22 71 -0.494142
22 72 -0.508816
22 73 -0.519224
22 74 -0.525185
22 75 -0.526791
22 76 -0.523833
22 77 -0.516446
22 78 -0.504538
22 79 -0.488632
22 80 -0.468691
22 81 -0.445025
22 82 -0.418467
22 83 -0.388874
22 84 -0.356778
22 85 -0.322947
22 86 -0.287893
22 87 -0.252157
22 88 -0.216174
22 89 -0.180774
22 90 -0.146324
22 91 -0.113429
22 92 -0.0825979
22 93 -0.0543509
22 94 -0.0293635
22 95 -0.00777871
22 96 0.00995778
22 97 0.0233961
22 98 0.032494
22 99 0.0372515
22 100 0.00464305
22 101 0

23 0 0
23 1 0.0031926
23 2 0.0255725
23 3 0.020813
23 4 0.0117564
23 5 -0.00181059
23 6 -0.0195503
23 7 -0.0410892
23 8 -0.0661533
23 9 -0.0943196
23 10 -0.125088
23 11 -0.157902
23 12 -0.192325
23 13 -0.22768
23 14 -0.263807
23 15 -0.29957
23 16 -0.334857
23 17 -0.368655
23 18 -0.400664
23 19 -0.430455
23 20 -0.457365
23 21 -0.48099
23 22 -0.500987
23 23 -0.517158
23 24 -0.529113
23 25 -0.536652
23 26 -0.539759
23 27 -0.538387
23 28 -0.532646
23 29 -0.522628
23 30 -0.508346
23 31 -0.489942
23 32 -0.46801
23 33 -0.442775
23 34 -0.414709
23 35 -0.384097
23 36 -0.351571
23 37 -0.317934
23 38 -0.283504
23 39 -0.248965
23 40 -0.214708
23 41 -0.181258
23 42 -0.149434
23 43 -0.119468
23 44 -0.0921014
23 45 -0.0678118
23 46 -0.0469279
23 47 -0.0298585
23 48 -0.0167619
23 49 -0.00792252
23 50 -0.00362788
23 51 -0.00364637
23 52 -0.0083145
23 53 -0.0173367
23 54 -0.0305964
23 55 -0.0477885
23 56 -0.0687422
23 57 -0.0932268
23 58 -0.120643
23 59 -0.150648
23 60 -0.182713
23 61 -0.21603
23 62 -0.250531
23 63 -0.285464
23 64 -0.320031
23 65 -0.353946
23 66 -0.386453
23 67 -0.417214
23 68 -0.445595
23 69 -0.470956
23 70 -0.493102
23 71 -0.511666
23 72 -0.526114
23 73 -0.536337
23 74 -0.542206
23 75 -0.5436
23 76 -0.540659
23 77 -0.533075
23 78 -0.521131
23 79 -0.505068
23 80 -0.484893
23 81 -0.461123
23 82 -0.434267
23 83 -0.404415
23 84 -0.372295
23 85 -0.338258
23 86 -0.30299
23 87 -0.266976
23 88 -0.231025
23 89 -0.195356
23 90 -0.160852
23 91 -0.127829
23 92 -0.0969017
23 93 -0.0685475
23 94 -0.0433474
23 95 -0.0216864
23 96 -0.00387518
23 97 0.0096084
23 98 0.0189202
23 99 0.0235829
23 100 0.00293207
23 101 0

24 0 0
24 1 0.00202435
24 2 0.0161771
24 3 0.0114007
24 4 0.00221715
24 5 -0.0113655
24 6 -0.0291327
24 7 -0.0507306
24 8 -0.0759556
24 9 -0.104208
24 10 -0.13505
24 11 -0.168025
24 12 -0.20267
24 13 -0.238243
24 14 -0.274373
24 15 -0.310303
24 16 -0.345608
24 17 -0.37965
24 18 -0.411836
24 19 -0.441699
24 20 -0.46884
24 21 -0.49262
24 22 -0.512801
24 23 -0.529113
24 24 -0.541185
24 25 -0.548875
24 26 -0.552181
24 27 -0.55093
24 28 -0.545329
24 29 -0.535307
24 30 -0.521111
24 31 -0.502916
24 32 -0.480947
24 33 -0.455705
24 34 -0.427603
24 35 -0.397048
24 36 -0.364539
24 37 -0.330831
24 38 -0.296377
24 39 -0.261836
24 40 -0.227482
24 41 -0.194058
24 42 -0.162081
24 43 -0.132091
24 44 -0.104726
24 45 -0.0803812
24 46 -0.0594328
24 47 -0.0423335
24 48 -0.0291831
24 49 -0.0202923
24 50 -0.0159141
24 51 -0.0159832
24 52 -0.0206837
24 53 -0.0298217
24 54 -0.0431351
24 55 -0.060421
24 56 -0.0814622
24 57 -0.105974
24 58 -0.133449
24 59 -0.163498
24 60 -0.19556
24 61 -0.229132
24 62 -0.263715
24 63 -0.298624
24 64 -0.333143
24 65 -0.367038
24 66 -0.399587
24 67 -0.430413
24 68 -0.458779
24 69 -0.484108
24 70 -0.506209
24 71 -0.524737
24 72 -0.5391
24 73 -0.549182
24 74 -0.554946
24 75 -0.556253
24 76 -0.55323
24 77 -0.545526
24 78 -0.533395
24 79 -0.51711
24 80 -0.496793
24 81 -0.472833
24 82 -0.445714
24 83 -0.415689
24 84 -0.383396
24 85 -0.349237
24 86 -0.313857
24 87 -0.277803
24 88 -0.241583
24 89 -0.205723
24 90 -0.171037
24 91 -0.137895
24 92 -0.106894
24 93 -0.0784272
24 94 -0.0531007
24 95 -0.0312363
24 96 -0.0133776
24 97 0.000264674
24 98 0.00955338
24 99 0.0142019
24 100 0.00176353
24 101 0

25 0 0
25 1 0.00140426
25 2 0.0111658
25 3 0.00633546
25 4 -0.00295704
25 5 -0.0165282
25 6 -0.0343797
25 7 -0.0560523
25 8 -0.0813026
25 9 -0.109741
25 10 -0.140757
25 11 -0.173801
25 12 -0.208605
25 13 -0.244221
25 14 -0.28059
25 15 -0.316699
25 16 -0.352229
25 17 -0.386322
25 18 -0.418763
25 19 -0.448717
25 20 -0.475876
25 21 -0.499845
25 22 -0.520241
25 23 -0.536652
25 24 -0.548875
25 25 -0.556806
25 26 -0.560243
25 27 -0.559117
25 28 -0.553593
25 29 -0.543524
25 30 -0.529324
25 31 -0.51116
25 32 -0.489309
25 33 -0.464052
25 34 -0.4359
25 35 -0.405415
25 36 -0.37304
25 37 -0.339259
25 38 -0.30469
25 39 -0.270041
25 40 -0.23564
25 41 -0.202065
25 42 -0.170038
25 43 -0.139992
25 44 -0.112643
25 45 -0.088272
25 46 -0.0672512
25 47 -0.0500487
25 48 -0.0368718
25 49 -0.0279363
25 50 -0.0236124
25 51 -0.0237413
25 52 -0.0284449
25 53 -0.0375822
25 54 -0.0509137
25 55 -0.0682374
25 56 -0.0893593
25 57 -0.113961
25 58 -0.141526
25 59 -0.171599
25 60 -0.203807
25 61 -0.237458
25 62 -0.272147
25 63 -0.307097
25 64 -0.341656
25 65 -0.375592
25 66 -0.408136
25 67 -0.438954
25 68 -0.467279
25 69 -0.492623
25 70 -0.51476
25 71 -0.533269
25 72 -0.547619
25 73 -0.557586
25 74 -0.563251
25 75 -0.564506
25 76 -0.561348
25 77 -0.553486
25 78 -0.541202
25 79 -0.524718
25 80 -0.504259
25 81 -0.480118
25 82 -0.452888
25 83 -0.422632
25 84 -0.390195
25 85 -0.355867
25 86 -0.320334
25 87 -0.284035
25 88 -0.247726
25 89 -0.211707
25 90 -0.17697
25 91 -0.143642
25 92 -0.112445
25 93 -0.0838087
25 94 -0.0583323
25 95 -0.0364296
25 96 -0.0184367
25 97 -0.0047016
25 98 0.00455688
25 99 0.0092405
25 100 0.00115065
25 101 0

26 0 0
26 1 0.001326
26 2 0.0105779
26 3 0.00578553
26 4 -0.00354339
26 5 -0.0172501
26 6 -0.0351741
26 7 -0.0569668
26 8 -0.0823148
26 9 -0.110825
26 10 -0.141912
26 11 -0.175238
26 12 -0.210131
26 13 -0.245935
26 14 -0.282383
26 15 -0.318717
26 16 -0.354271
26 17 -0.388588
26 18 -0.421134
26 19 -0.451257
26 20 -0.478556
26 21 -0.502724
26 22 -0.523199
26 23 -0.539759
26 24 -0.552181
26 25 -0.560243
26 26 -0.563753
26 27 -0.562721
26 28 -0.557286
26 29 -0.547271
26 30 -0.533056
26 31 -0.51494
26 32 -0.493087
26 33 -0.467875
26 34 -0.439684
26 35 -0.409146
26 36 -0.37672
26 37 -0.342914
26 38 -0.308233
26 39 -0.273427
26 40 -0.238947
26 41 -0.205348
26 42 -0.173147
