0 0 0
0 1 0
0 2 0
0 3 0
0 4 0
0 5 0
0 6 0
0 7 0
0 8 0
0 9 0
0 10 0
0 11 0
0 12 0
0 13 0
0 14 0
0 15 0
0 16 0
0 17 0
0 18 0
0 19 0
0 20 0
0 21 0
0 22 0
0 23 0
0 24 0
0 25 0
0 26 0
0 27 0
0 28 0
0 29 0
0 30 0
0 31 0
0 32 0
0 33 0
0 34 0
0 35 0
0 36 0
0 37 0
0 38 0
0 39 0
0 40 0
0 41 0
0 42 0
0 43 0
0 44 0
0 45 0
0 46 0
0 47 0
0 48 0
0 49 0
0 50 0
0 51 0
0 52 0
0 53 0
0 54 0
0 55 0
0 56 0
0 57 0
0 58 0
0 59 0
0 60 0
0 61 0
0 62 0
0 63 0
0 64 0
0 65 0
0 66 0
0 67 0
0 68 0
0 69 0
0 70 0
0 71 0
0 72 0
0 73 0
0 74 0
0 75 0
0 76 0
0 77 0
0 78 0
0 79 0
0 80 0
0 81 0
0 82 0
0 83 0
0 84 0
0 85 0
0 86 0
0 87 0
0 88 0
0 89 0
0 90 0
0 91 0
0 92 0
0 93 0
0 94 0
0 95 0
0 96 0
0 97 0
0 98 0
0 99 0
0 100 0
0 101 0

1 0 0
1 1 0
1 2 0.0787011
1 3 0.0779963
1 4 0.076691
1 5 0.0748013
1 6 0.0723764
1 7 0.0694174
1 8 0.0659231
1 9 0.0619959
1 10 0.0576697
1 11 0.0531262
1 12 0.0483314
1 13 0.0433857
1 14 0.0383995
1 15 0.0334559
1 16 0.0285279
1 17 0.023788
1 18 0.0192785
1 19 0.0150614
1 20 0.0112954
1 21 0.00796284
1 22 0.00514598
1 23 0.00295319
1 24 0.00130672
1 25 0.000320276
1 26 -1.34381e-05
1 27 0.00039382
1 28 0.0014824
1 29 0.00321887
1 30 0.0055847
1 31 0.00853406
1 32 0.0120548
1 33 0.0160355
1 34 0.0204166
1 35 0.0251583
1 36 0.0301211
1 37 0.0352518
1 38 0.0405381
1 39 0.0457782
1 40 0.0509519
1 41 0.0560038
1 42 0.06084
1 43 0.0654182
1 44 0.0696643
1 45 0.0734887
1 46 0.0767738
1 47 0.0795225
1 48 0.0815686
1 49 0.0830018
1 50 0.0837628
1 51 0.0838164
1 52 0.0831308
1 53 0.0817916
1 54 0.0797841
1 55 0.0771637
1 56 0.0739662
1 57 0.0702843
1 58 0.0660868
1 59 0.0615178
1 60 0.0566509
1 61 0.0516011
1 62 0.0464451
1 63 0.0411748
1 64 0.0359432
1 65 0.0307704
1 66 0.025755
1 67 0.0210391
1 68 0.0166342
1 69 0.0126432
1 70 0.00915479
1 71 0.00622546
1 72 0.00387359
1 73 0.00209039
1 74 0.000999099
1 75 0.000610899
1 76 0.000949875
1 77 0.00198921
1 78 0.00359092
1 79 0.00583684
1 80 0.00857619
1 81 0.0118331
1 82 0.0155845
1 83 0.019711
1 84 0.0241968
1 85 0.0289191
1 86 0.0337614
1 87 0.0387222
1 88 0.0437121
1 89 0.0486614
1 90 0.0533842
1 91 0.0579344
1 92 0.0621578
1 93 0.0660489
1 94 0.0695242
1 95 0.0725242
1 96 0.0749969
1 97 0.0768577
1 98 0.0781168
1 99 0.078839
1 100 0
1 101 0

2 0 0
2 1 0.0787011
2 2 0.632928
2 3 0.627212
2 4 0.616773
2 5 0.601641
2 6 0.582022
2 7 0.558045
2 8 0.530045
2 9 0.498459
2 10 0.463917
2 11 0.4272
2 12 0.388725
2 13 0.349073
2 14 0.30893
2 15 0.268879
2 16 0.229413
2 17 0.191233
2 18 0.154927
2 19 0.121138
2 20 0.0905981
2 21 0.0639466
2 22 0.0414399
2 23 0.023629
2 24 0.0105702
2 25 0.00267082
2 26 0.000166284
2 27 0.00325904
2 28 0.0119276
2 29 0.0258252
2 30 0.0448029
2 31 0.0685969
2 32 0.0968558
2 33 0.128899
2 34 0.164181
2 35 0.202162
2 36 0.242131
2 37 0.283625
2 38 0.325887
2 39 0.368148
2 40 0.409785
2 41 0.450337
2 42 0.489341
2 43 0.526164
2 44 0.560236
2 45 0.590813
2 46 0.617332
2 47 0.63922
2 48 0.65596
2 49 0.667429
2 50 0.673374
2 51 0.673786
2 52 0.668453
2 53 0.657643
2 54 0.641547
2 55 0.62048
2 56 0.594791
2 57 0.564915
2 58 0.531384
2 59 0.49479
2 60 0.455781
2 61 0.415051
2 62 0.373308
2 63 0.331072
2 64 0.288883
2 65 0.247361
2 66 0.207169
2 67 0.169117
2 68 0.133763
2 69 0.101713
2 70 0.0735934
2 71 0.0498747
2 72 0.0308867
2 73 0.0168851
2 74 0.00824091
2 75 0.00520041
2 76 0.00782642
2 77 0.015867
2 78 0.0289266
2 79 0.0467506
2 80 0.0688611
2 81 0.0951628
2 82 0.125182
2 83 0.158482
2 84 0.194468
2 85 0.23237
2 86 0.271535
2 87 0.311566
2 88 0.351667
2 89 0.391182
2 90 0.429429
2 91 0.465852
2 92 0.499896
2 93 0.531132
2 94 0.559096
2 95 0.583178
2 96 0.602955
2 97 0.618111
2 98 0.628506
2 99 0.634076
2 100 0.078839
2 101 0

3 0 0
3 1 0.0779963
3 2 0.627212
3 3 0.621561
3 4 0.611165
3 5 0.596081
3 6 0.57629
3 7 0.55204
3 8 0.524147
3 9 0.492583
3 10 0.458375
3 11 0.4215
3 12 0.383132
3 13 0.34359
3 14 0.303397
3 15 0.263017
3 16 0.223749
3 17 0.185498
3 18 0.149141
3 19 0.11557
3 20 0.0849461
3 21 0.0584361
3 22 0.0361429
3 23 0.0180784
3 24 0.00530302
3 25 -0.00247859
3 26 -0.00474905
3 27 -0.00184115
3 28 0.00665084
3 29 0.0204136
3 30 0.0392149
3 31 0.0630398
3 32 0.0911812
3 33 0.123194
3 34 0.158556
3 35 0.196356
3 36 0.236483
3 37 0.278124
3 38 0.320055
3 39 0.362408
3 40 0.404099
3 41 0.444531
3 42 0.483526
3 43 0.520269
3 44 0.554061
3 45 0.584311
3 46 0.610805
3 47 0.632322
3 48 0.649318
3 49 0.660678
3 50 0.666503
3 51 0.666835
3 52 0.661766
3 53 0.650904
3 54 0.634915
3 55 0.613957
3 56 0.588391
3 57 0.558355
3 58 0.525195
3 59 0.488905
3 60 0.45013
3 61 0.409315
3 62 0.367258
3 63 0.325221
3 64 0.283021
3 65 0.241588
3 66 0.201596
3 67 0.163392
3 68 0.128179
3 69 0.0961573
3 70 0.0679727
3 71 0.0441174
3 72 0.0251202
3 73 0.0116036
3 74 0.00322955
3 75 0.000315522
3 76 0.00274304
3 77 0.0103084
3 78 0.0234933
3 79 0.0410309
3 80 0.0632945
3 81 0.089587
3 82 0.119411
3 83 0.152761
3 84 0.188559
3 85 0.22638
3 86 0.265828
3 87 0.306002
3 88 0.346128
3 89 0.385297
3 90 0.423801
3 91 0.460016
3 92 0.49412
3 93 0.525323
3 94 0.553312
3 95 0.577319
3 96 0.597111
3 97 0.61247
3 98 0.623072
3 99 0.628419
3 100 0.0781061
3 101 0

4 0 0
4 1 0.076691
4 2 0.616773
4 3 0.611165
4 4 0.600794
4 5 0.585223
4 6 0.565373
4 7 0.541418
4 8 0.512957
4 9 0.48156
4 10 0.44751
4 11 0.410604
4 12 0.372271
4 13 0.332773
4 14 0.292389
4 15 0.252267
4 16 0.212913
4 17 0.17454
4 18 0.138321
4 19 0.104616
4 20 0.0743287
4 21 0.0473155
4 22 0.0251758
4 23 0.007464
4 24 -0.00526014
4 25 -0.0130428
4 26 -0.0152026
4 27 -0.0121059
4 28 -0.00423817
4 29 0.00994739
4 30 0.028809
4 31 0.05241
4 32 0.0803221
4 33 0.112288
4 34 0.147524
4 35 0.185567
4 36 0.225659
4 37 0.267174
4 38 0.309361
4 39 0.351596
4 40 0.393397
4 41 0.433793
4 42 0.472095
4 43 0.508706
4 44 0.542151
4 45 0.572584
4 46 0.598675
4 47 0.620208
4 48 0.63699
4 49 0.648226
4 50 0.654266
4 51 0.654401
4 52 0.649526
4 53 0.63873
4 54 0.622752
4 55 0.601896
4 56 0.576383
4 57 0.546514
4 58 0.51314
4 59 0.477423
4 60 0.43875
4 61 0.398388
4 62 0.356737
4 63 0.314239
4 64 0.272
4 65 0.230695
4 66 0.190633
4 67 0.152624
4 68 0.117128
4 69 0.0851464
4 70 0.0570987
4 71 0.0333421
4 72 0.0144884
4 73 0.00116799
4 74 -0.00752568
4 75 -0.0103464
4 76 -0.00788198
4 77 -0.000306785
4 78 0.0125828
4 79 0.0299684
4 80 0.0521529
4 81 0.0785445
4 82 0.108605
4 83 0.141494
4 84 0.177431
4 85 0.215388
4 86 0.255037
4 87 0.294856
4 88 0.334973
4 89 0.374591
4 90 0.412647
4 91 0.448892
4 92 0.483146
4 93 0.514451
4 94 0.542153
4 95 0.566454
4 96 0.58648
4 97 0.601823
4 98 0.612171
4 99 0.617965
4 100 0.0768631
4 101 0

5 0 0
5 1 0.0748013
5 2 0.601641
5 3 0.596081
5 4 0.585223
5 5 0.56987
5 6 0.550101
5 7 0.525865
5 8 0.497601
5 9 0.466215
5 10 0.432147
5 11 0.394934
5 12 0.356719
5 13 0.317125
5 14 0.276783
5 15 0.236466
5 16 0.196805
5 17 0.158612
5 18 0.122537
5 19 0.0887324
5 20 0.0582078
5 21 0.0315266
5 22 0.00964596
5 23 -0.00801142
5 24 -0.0205656
5 25 -0.0285595
5 26 -0.0307564
5 27 -0.0277866
5 28 -0.0194143
5 29 -0.00587021
5 30 0.0131854
5 31 0.0368679
5 32 0.064573
5 33 0.0965189
5 34 0.131615
5 35 0.169714
5 36 0.209495
5 37 0.251082
5 38 0.29349
5 39 0.335639
5 40 0.376969
5 41 0.417639
5 42 0.455936
5 43 0.492085
5 44 0.525811
5 45 0.555662
5 46 0.581587
5 47 0.603048
5 48 0.61992
5 49 0.630812
5 50 0.636859
5 51 0.63691
5 52 0.632011
5 53 0.621287
5 54 0.605688
5 55 0.584894
5 56 0.559392
5 57 0.529566
5 58 0.496544
5 59 0.460623
5 60 0.422262
5 61 0.382115
5 62 0.340406
5 63 0.29817
5 64 0.256047
5 65 0.214575
5 66 0.174466
5 67 0.136757
5 68 0.101261
5 69 0.0695251
5 70 0.0413097
5 71 0.0173361
5 72 -0.00149887
5 73 -0.0149295
5 74 -0.0230999
5 75 -0.0263846
5 76 -0.0236783
5 77 -0.0158658
5 78 -0.00320384
5 79 0.0140536
5 80 0.0363483
5 81 0.0623572
5 82 0.0923032
5 83 0.125477
5 84 0.161226
5 85 0.199329
5 86 0.239145
5 87 0.279036
5 88 0.319177
5 89 0.358569
5 90 0.397172
5 91 0.433546
5 92 0.467687
5 93 0.498829
5 94 0.526791
5 95 0.550939
5 96 0.570737
5 97 0.586214
5 98 0.597025
5 99 0.602847
5 100 0.0749654
5 101 0

6 0 0
6 1 0.0723764
6 2 0.582022
6 3 0.57629
6 4 0.565373
6 5 0.550101
6 6 0.530198
6 7 0.505883
6 8 0.477837
6 9 0.446582
6 10 0.412066
6 11 0.374962
6 12 0.336708
6 13 0.296864
6 14 0.256456
6 15 0.215907
6 16 0.176113
6 17 0.137868
6 18 0.101603
6 19 0.0682672
6 20 0.0378047
6 21 0.0114655
6 22 -0.0106333
6 23 -0.0283093
6 24 -0.0410267
6 25 -0.0491853
6 26 -0.0514767
6 27 -0.0482086
6 28 -0.039987
6 29 -0.0262794
6 30 -0.00733021
6 31 0.016183
6 32 0.0440928
6 33 0.0759617
6 34 0.11119
6 35 0.149175
6 36 0.189009
6 37 0.230383
6 38 0.272422
6 39 0.314582
6 40 0.355843
6 41 0.396302
6 42 0.434649
6 43 0.470729
6 44 0.50422
6 45 0.534129
6 46 0.559861
6 47 0.580993
6 48 0.597659
6 49 0.608744
6 50 0.614385
6 51 0.614872
6 52 0.609438
6 53 0.599087
6 54 0.583479
6 55 0.562833
6 56 0.537564
6 57 0.507812
6 58 0.474924
6 59 0.439029
6 60 0.4007
6 61 0.360678
6 62 0.319101
6 63 0.277192
6 64 0.234976
6 65 0.193882
6 66 0.153986
6 67 0.115861
6 68 0.0805603
6 69 0.0487193
6 70 0.0206061
6 71 -0.00337944
6 72 -0.022126
6 73 -0.0355906
6 74 -0.0443138
6 75 -0.0472669
6 76 -0.0445073
6 77 -0.0368519
6 78 -0.0239533
6 79 -0.00657293
6 80 0.0156077
6 81 0.0416842
6 82 0.0712223
6 83 0.104594
6 84 0.140367
6 85 0.178679
6 86 0.218327
6 87 0.258441
6 88 0.298699
6 89 0.338161
6 90 0.377061
6 91 0.413721
6 92 0.447645
6 93 0.478824
6 94 0.50669
6 95 0.530784
6 96 0.550864
6 97 0.566555
6 98 0.577212
6 99 0.583102
6 100 0.072507
6 101 0

7 0 0
7 1 0.0694174
7 2 0.558045
7 3 0.55204
7 4 0.541418
7 5 0.525865
7 6 0.505883
7 7 0.481794
7 8 0.453896
7 9 0.4224
7 10 0.387849
7 11 0.351099
7 12 0.312222
7 13 0.272648
7 14 0.231798
7 15 0.190721
7 16 0.15122
7 17 0.112625
7 18 0.0763445
7 19 0.0431659
7 20 0.0128163
7 21 -0.0134729
7 22 -0.0356162
7 23 -0.0532962
7 24 -0.0659593
7 25 -0.0740097
7 26 -0.0762227
7 27 -0.0732506
7 28 -0.0651974
7 29 -0.0510639
7 30 -0.0320769
7 31 -0.00869012
7 32 0.0193546
7 33 0.0509575
7 34 0.086165
7 35 0.123807
7 36 0.163417
7 37 0.204963
7 38 0.246766
7 39 0.288879
7 40 0.330418
7 41 0.37042
7 42 0.4092
7 43 0.445209
7 44 0.478445
7 45 0.50857
7 46 0.533921
7 47 0.554791
7 48 0.571252
7 49 0.582219
7 50 0.587741
7 51 0.588002
7 52 0.582585
7 53 0.572329
7 54 0.557109
7 55 0.536759
7 56 0.511651
7 57 0.482099
7 58 0.44906
7 59 0.412943
7 60 0.374628
7 61 0.334475
7 62 0.293326
7 63 0.251534
7 64 0.20929
7 65 0.168312
7 66 0.128583
7 67 0.0904739
7 68 0.055241
7 69 0.0234572
7 70 -0.00437917
7 71 -0.0284669
7 72 -0.0473853
7 73 -0.0610277
7 74 -0.0699432
7 75 -0.0725163
7 76 -0.0697948
7 77 -0.0623643
7 78 -0.0491822
7 79 -0.0318974
7 80 -0.0100631
7 81 0.0162769
7 82 0.0459099
7 83 0.0790834
7 84 0.115156
7 85 0.153228
7 86 0.193202
7 87 0.233555
7 88 0.273826
7 89 0.313992
7 90 0.352525
7 91 0.389261
7 92 0.42348
7 93 0.454641
7 94 0.482401
7 95 0.506395
7 96 0.526576
7 97 0.542218
7 98 0.552972
7 99 0.558921
7 100 0.0695142
7 101 0

8 0 0
8 1 0.0659231
8 2 0.530045
8 3 0.524147
8 4 0.512957
8 5 0.497601
8 6 0.477837
8 7 0.453896
8 8 0.425811
8 9 0.394311
8 10 0.360045
8 11 0.322979
8 12 0.284123
8 13 0.244045
8 14 0.202831
8 15 0.161841
8 16 0.1217
8 17 0.0835435
8 18 0.0474219
8 19 0.0141499
8 20 -0.0162601
8 21 -0.0425635
8 22 -0.0647224
8 23 -0.0824308
8 24 -0.0952477
8 25 -0.102752
8 26 -0.10527
8 27 -0.1025
8 28 -0.0941471
8 29 -0.080092
8 30 -0.0609206
8 31 -0.0376732
8 32 -0.00974711
8 33 0.02191
8 34 0.0567989
8 35 0.0943606
8 36 0.133919
8 37 0.175074
8 38 0.217183
8 39 0.258982
8 40 0.300276
8 41 0.340941
8 42 0.379456
8 43 0.415411
8 44 0.448885
8 45 0.478549
8 46 0.503794
8 47 0.524568
8 48 0.540802
8 49 0.551488
8 50 0.557136
8 51 0.557118
8 52 0.551914
8 53 0.541669
8 54 0.526756
8 55 0.506408
8 56 0.481329
8 57 0.452015
8 58 0.418993
8 59 0.382926
8 60 0.344359
8 61 0.304274
8 62 0.263205
8 63 0.221351
8 64 0.179552
8 65 0.138423
8 66 0.0987484
8 67 0.0609674
8 68 0.0255909
8 69 -0.00609334
8 70 -0.0336995
8 71 -0.0576248
8 72 -0.0766836
8 73 -0.0906782
8 74 -0.0990074
8 75 -0.101922
8 76 -0.0995106
8 77 -0.0917012
8 78 -0.0790363
8 79 -0.061492
8 80 -0.0396162
8 81 -0.0132975
8 82 0.0166015
8 83 0.0497901
8 84 0.0853882
8 85 0.123738
8 86 0.163705
8 87 0.204464
8 88 0.245226
8 89 0.285453
8 90 0.324033
8 91 0.360782
8 92 0.395342
8 93 0.426646
8 94 0.454293
8 95 0.478126
8 96 0.497957
8 97 0.513889
8 98 0.524765
8 99 0.530779
8 100 0.066019
8 101 0

9 0 0
9 1 0.0619959
9 2 0.498459
9 3 0.492583
9 4 0.48156
9 5 0.466215
9 6 0.446582
9 7 0.4224
9 8 0.394311
9 9 0.362811
9 10 0.328532
9 11 0.291547
9 12 0.252465
9 13 0.212071
9 14 0.170926
9 15 0.130008
9 16 0.0894667
9 17 0.0508828
9 18 0.0149953
9 19 -0.0182665
9 20 -0.0484402
9 21 -0.0747417
9 22 -0.0969892
9 23 -0.114809
9 24 -0.127898
9 25 -0.13536
9 26 -0.137793
9 27 -0.134868
9 28 -0.126249
9 29 -0.112486
9 30 -0.0934049
9 31 -0.0701238
9 32 -0.0424366
9 33 -0.0107612
9 34 0.0238364
9 35 0.0612122
9 36 0.100688
9 37 0.141568
9 38 0.183507
9 39 0.225226
9 40 0.266743
9 41 0.307507
9 42 0.345903
9 43 0.381919
9 44 0.415238
9 45 0.444949
9 46 0.469866
9 47 0.490802
9 48 0.506757
9 49 0.517393
9 50 0.522982
9 51 0.522877
9 52 0.517847
9 53 0.507536
9 54 0.492436
9 55 0.472431
9 56 0.447212
9 57 0.418207
9 58 0.385049
9 59 0.349015
9 60 0.310662
9 61 0.270405
9 62 0.229036
9 63 0.187359
9 64 0.145792
9 65 0.104771
9 66 0.0653362
9 67 0.0276981
9 68 -0.0076853
9 69 -0.0392621
9 70 -0.0668299
9 71 -0.0903966
9 72 -0.109341
9 73 -0.123421
9 74 -0.13166
9 75 -0.134876
9 76 -0.132518
9 77 -0.12451
9 78 -0.112084
9 79 -0.0944587
9 80 -0.0723347
9 81 -0.0461841
9 82 -0.0161546
9 83 0.0169702
9 84 0.0526351
9 85 0.0911251
9 86 0.131288
9 87 0.172175
9 88 0.213117
9 89 0.253404
9 90 0.292182
9 91 0.329311
9 92 0.36369
9 93 0.394782
9 94 0.422735
9 95 0.446435
9 96 0.46654
9 97 0.482355
9 98 0.493044
9 99 0.499024
9 100 0.0620674
9 101 0

10 0 0
10 1 0.0576697
10 2 0.463917
10 3 0.458375
10 4 0.44751
10 5 0.432147
10 6 0.412066
10 7 0.387849
10 8 0.360045
10 9 0.328532
10 10 0.294209
10 11 0.256976
10 12 0.218061
10 13 0.177353
10 14 0.136157
10 15 0.0948232
10 16 0.0547954
10 17 0.0159578
10 18 -0.0198632
10 19 -0.0533919
10 20 -0.0835816
10 21 -0.110223
10 22 -0.132034
10 23 -0.150056
10 24 -0.162937
10 25 -0.170789
10 26 -0.173054
10 27 -0.170046
10 28 -0.16168
10 29 -0.147737
10 30 -0.128836
10 31 -0.105353
10 32 -0.0778758
10 33 -0.0464376
10 34 -0.0121454
10 35 0.0248428
10 36 0.0643523
10 37 0.105552
10 38 0.146825
10 39 0.188952
10 40 0.230406
10 41 0.270831
10 42 0.309355
10 43 0.345653
10 44 0.378469
10 45 0.408064
10 46 0.433056
10 47 0.453638
10 48 0.469822
10 49 0.48028
10 50 0.485404
10 51 0.485471
10 52 0.480572
10 53 0.470306
10 54 0.455147
10 55 0.435011
10 56 0.410116
10 57 0.381081
10 58 0.348061
10 59 0.312276
10 60 0.273825
10 61 0.233519
10 62 0.192129
10 63 0.150727
10 64 0.108924
10 65 0.0682634
10 66 0.0288252
10 67 -0.00891729
10 68 -0.0439115
10 69 -0.0750187
10 70 -0.10271
10 71 -0.126332
10 72 -0.145236
10 73 -0.159021
10 74 -0.167506
10 75 -0.170407
10 76 -0.168089
10 77 -0.160684
10 78 -0.147748
10 79 -0.130397
10 80 -0.107956
10 81 -0.0815663
10 82 -0.0515306
10 83 -0.018668
10 84 0.0177002
10 85 0.0557408
10 86 0.0959894
10 87 0.136807
10 88 0.178032
10 89 0.218214
10 90 0.257675
10 91 0.294638
10 92 0.329088
10 93 0.360554
10 94 0.388178
10 95 0.411921
10 96 0.432094
10 97 0.447808
10 98 0.458407
10 99 0.464409
10 100 0.0577559
10 101 0

11 0 0
11 1 0.0531262
11 2 0.4272
11 3 0.4215
11 4 0.410604
11 5 0.394934
11 6 0.374962
11 7 0.351099
11 8 0.322979
11 9 0.291547
11 10 0.256976
11 11 0.219485
11 12 0.180401
11 13 0.140008
11 14 0.0985192
11 15 0.0577511
11 16 0.017451
11 17 -0.0210156
11 18 -0.0570309
11 19 -0.090783
11 20 -0.12116
11 21 -0.147957
11 22 -0.170254
11 23 -0.187679
11 24 -0.200778
11 25 -0.208525
11 26 -0.210949
11 27 -0.207825
11 28 -0.19964
11 29 -0.185612
11 30 -0.166614
11 31 -0.143311
11 32 -0.115832
11 33 -0.0848678
11 34 -0.0502363
11 35 -0.0133332
11 36 0.0258815
11 37 0.0667367
11 38 0.108602
11 39 0.150179
11 40 0.191711
11 41 0.23201
11 42 0.270143
11 43 0.305817
11 44 0.338864
11 45 0.368394
11 46 0.393368
11 47 0.414253
11 48 0.430024
11 49 0.440149
11 50 0.445494
11 51 0.445463
11 52 0.440735
11 53 0.430433
11 54 0.415169
11 55 0.394993
11 56 0.370056
11 57 0.340971
11 58 0.30815
11 59 0.272498
11 60 0.234339
11 61 0.194427
11 62 0.153435
11 63 0.111498
11 64 0.0700779
11 65 0.0293349
11 66 -0.0100974
11 67 -0.0477062
11 68 -0.0824843
11 69 -0.113927
11 70 -0.141089
11 71 -0.164692
11 72 -0.183679
11 73 -0.19721
11 74 -0.205653
11 75 -0.208759
11 76 -0.206528
11 77 -0.198802
11 78 -0.186368
11 79 -0.168666
11 80 -0.146246
11 81 -0.11952
11 82 -0.0892378
11 83 -0.0560944
11 84 -0.0199021
11 85 0.0182527
11 86 0.057927
11 87 0.0989335
11 88 0.139928
11 89 0.180727
11 90 0.219952
11 91 0.256916
11 92 0.291374
11 93 0.322895
11 94 0.35088
11 95 0.374961
11 96 0.394809
11 97 0.410607
11 98 0.421426
11 99 0.427461
11 100 0.0531712
11 101 0

12 0 0
12 1 0.0483314
12 2 0.388725
12 3 0.383132
12 4 0.372271
12 5 0.356719
12 6 0.336708
12 7 0.312222
12 8 0.284123
12 9 0.252465
12 10 0.218061
12 11 0.180401
12 12 0.140974
12 13 0.10057
12 14 0.0592173
12 15 0.0185335
12 16 -0.0217528
12 17 -0.0601197
12 18 -0.0965509
12 19 -0.129934
12 20 -0.160548
12 21 -0.187301
12 22 -0.209952
12 23 -0.227292
12 24 -0.240123
12 25 -0.24804
12 26 -0.250423
12 27 -0.247494
12 28 -0.239226
12 29 -0.225433
12 30 -0.20636
12 31 -0.183191
12 32 -0.155716
12 33 -0.124709
12 34 -0.0903308
12 35 -0.0534941
12 36 -0.0144254
12 37 0.0264669
12 38 0.0680892
12 39 0.109401
12 40 0.150677
12 41 0.19086
12 42 0.229021
12 43 0.264784
12 44 0.2976
12 45 0.326758
12 46 0.35173
12 47 0.372488
12 48 0.3883
12 49 0.398319
12 50 0.403322
12 51 0.403579
12 52 0.398724
12 53 0.388704
12 54 0.373323
12 55 0.35297
12 56 0.327947
12 57 0.298916
12 58 0.266433
12 59 0.230967
12 60 0.192949
12 61 0.153264
12 62 0.112423
12 63 0.0705064
12 64 0.0291879
12 65 -0.0113439
12 66 -0.050741
12 67 -0.0883014
12 68 -0.123108
12 69 -0.154315
12 70 -0.181484
12 71 -0.205082
12 72 -0.223893
12 73 -0.237424
12 74 -0.245761
12 75 -0.248979
12 76 -0.246542
12 77 -0.238865
12 78 -0.226303
12 79 -0.208447
12 80 -0.186182
12 81 -0.159306
12 82 -0.129202
12 83 -0.095689
12 84 -0.059661
12 85 -0.0213372
12 86 0.0180663
12 87 0.0590569
12 88 0.100174
12 89 0.140901
12 90 0.180289
12 91 0.217443
12 92 0.252149
12 93 0.283763
12 94 0.312132
12 95 0.33627
12 96 0.356289
12 97 0.371857
12 98 0.382992
12 99 0.388705
12 100 0.0483153
12 101 0

13 0 0
13 1 0.0433857
13 2 0.349073
13 3 0.34359
13 4 0.332773
13 5 0.317125
13 6 0.296864
13 7 0.272648
13 8 0.244045
13 9 0.212071
13 10 0.177353
13 11 0.140008
13 12 0.10057
13 13 0.0599716
13 14 0.0187491
13 15 -0.0218555
13 16 -0.0617427
13 17 -0.100445
13 18 -0.136866
13 19 -0.170411
13 20 -0.200662
13 21 -0.227753
13 22 -0.250536
13 23 -0.267984
13 24 -0.280881
13 25 -0.288696
13 26 -0.291334
13 27 -0.288307
13 28 -0.280195
13 29 -0.266253
13 30 -0.247529
13 31 -0.224274
13 32 -0.196907
13 33 -0.165993
13 34 -0.131626
13 35 -0.094738
13 36 -0.0556793
13 37 -0.015159
13 38 0.0260895
13 39 0.0672909
13 40 0.108472
13 41 0.14849
13 42 0.186594
13 43 0.222245
13 44 0.254857
13 45 0.284058
13 46 0.309046
13 47 0.329647
13 48 0.345209
13 49 0.355504
13 50 0.360739
13 51 0.36092
13 52 0.355976
13 53 0.345674
13 54 0.329992
13 55 0.309613
13 56 0.284768
13 57 0.255769
13 58 0.223454
13 59 0.188306
13 60 0.150267
13 61 0.110733
13 62 0.0701334
13 63 0.0281243
13 64 -0.0131361
13 65 -0.0533961
13 66 -0.0926065
13 67 -0.12995
13 68 -0.164751
13 69 -0.196093
13 70 -0.223419
13 71 -0.246769
13 72 -0.265347
13 73 -0.278787
13 74 -0.287316
13 75 -0.290123
13 76 -0.287626
13 77 -0.279915
13 78 -0.267504
13 79 -0.249665
13 80 -0.227217
13 81 -0.200356
13 82 -0.170001
13 83 -0.136679
13 84 -0.100308
13 85 -0.0620486
13 86 -0.0224971
13 87 0.0182101
13 88 0.059305
13 89 0.0999999
13 90 0.139215
13 91 0.17644
13 92 0.211536
13 93 0.243552
13 94 0.271681
13 95 0.29664
13 96 0.316648
13 97 0.332191
13 98 0.343143
13 99 0.348662
13 100 0.0433334
13 101 0

14 0 0
14 1 0.0383995
14 2 0.30893
14 3 0.303397
14 4 0.292389
14 5 0.276783
14 6 0.256456
14 7 0.231798
14 8 0.202831
14 9 0.170926
14 10 0.136157
14 11 0.0985192
14 12 0.0592173
14 13 0.0187491
14 14 -0.0220866
14 15 -0.0626621
14 16 -0.102701
14 17 -0.141388
14 18 -0.177431
14 19 -0.211258
14 20 -0.241831
14 21 -0.268858
14 22 -0.291627
14 23 -0.309407
14 24 -0.322196
14 25 -0.330343
14 26 -0.332744
14 27 -0.329472
14 28 -0.321376
14 29 -0.307793
14 30 -0.289242
14 31 -0.265988
14 32 -0.238593
14 33 -0.207735
14 34 -0.173717
14 35 -0.137107
14 36 -0.0979649
14 37 -0.0574645
14 38 -0.0162456
14 39 0.0251137
14 40 0.0659342
14 41 0.10576
14 42 0.143724
14 43 0.179443
14 44 0.211844
14 45 0.240939
14 46 0.26577
14 47 0.286126
14 48 0.301617
14 49 0.311996
14 50 0.317372
14 51 0.317581
14 52 0.312542
14 53 0.302108
14 54 0.286338
14 55 0.266
14 56 0.241125
14 57 0.212244
14 58 0.18015
14 59 0.1451
14 60 0.107209
14 61 0.0678441
14 62 0.0271556
14 63 -0.0144315
14 64 -0.055894
14 65 -0.0963867
14 66 -0.13548
14 67 -0.172693
14 68 -0.207188
14 69 -0.238483
14 70 -0.265821
14 71 -0.288982
14 72 -0.307311
14 73 -0.320685
14 74 -0.329123
14 75 -0.331888
14 76 -0.329301
14 77 -0.321837
14 78 -0.30917
14 79 -0.291375
14 80 -0.268875
14 81 -0.242045
14 82 -0.211546
14 83 -0.178209
14 84 -0.141737
14 85 -0.103312
14 86 -0.0636303
14 87 -0.0231907
14 88 0.0178448
14 89 0.0581478
14 90 0.0973714
14 91 0.134775
14 92 0.169865
14 93 0.202327
14 94 0.230856
14 95 0.255722
14 96 0.275983
14 97 0.291724
14 98 0.30259
14 99 0.308148
14 100 0.0383085
14 101 0

15 0 0
15 1 0.0334559
15 2 0.268879
15 3 0.263017
15 4 0.252267
15 5 0.236466
15 6 0.215907
15 7 0.190721
15 8 0.161841
15 9 0.130008
15 10 0.0948232
15 11 0.0577511
15 12 0.0185335
15 13 -0.0218555
15 14 -0.0626621
15 15 -0.103136
15 16 -0.143179
15 17 -0.181964
15 18 -0.217908
15 19 -0.251687
15 20 -0.282536
15 21 -0.309601
15 22 -0.332301
15 23 -0.350078
15 24 -0.363356
15 25 -0.371262
15 26 -0.373923
15 27 -0.370554
15 28 -0.362201
15 29 -0.348882
15 30 -0.330687
15 31 -0.307636
15 32 -0.280302
15 33 -0.249673
15 34 -0.215937
15 35 -0.179123
15 36 -0.139931
15 37 -0.0997308
15 38 -0.0584735
15 39 -0.0173137
15 40 0.0234681
15 41 0.0632872
15 42 0.101153
15 43 0.136651
15 44 0.169029
15 45 0.198026
15 46 0.222661
15 47 0.242883
15 48 0.258243
15 49 0.268948
15 50 0.274248
15 51 0.274445
15 52 0.269341
15 53 0.258738
15 54 0.242943
15 55 0.22258
15 56 0.197749
15 57 0.169182
15 58 0.136979
15 59 0.102153
15 60 0.0644306
15 61 0.0248366
15 62 -0.0158022
15 63 -0.0572295
15 64 -0.0984249
15 65 -0.13917
15 66 -0.178284
15 67 -0.21529
15 68 -0.249711
15 69 -0.280789
15 70 -0.308012
15 71 -0.330964
15 72 -0.349003
15 73 -0.362293
15 74 -0.370728
15 75 -0.373549
15 76 -0.370959
15 77 -0.363015
15 78 -0.350693
15 79 -0.332652
15 80 -0.309907
15 81 -0.283218
15 82 -0.252691
15 83 -0.219065
15 84 -0.182637
15 85 -0.144426
15 86 -0.104603
15 87 -0.0639098
15 88 -0.0232756
15 89 0.0170515
15 90 0.0561642
15 91 0.093577
15 92 0.128418
15 93 0.160913
15 94 0.189765
15 95 0.214775
15 96 0.235385
15 97 0.251217
15 98 0.26203
15 99 0.26769
15 100 0.0332934
15 101 0

16 0 0
16 1 0.0285279
16 2 0.229413
16 3 0.223749
16 4 0.212913
16 5 0.196805
16 6 0.176113
16 7 0.15122
16 8 0.1217
16 9 0.0894667
16 10 0.0547954
16 11 0.017451
16 12 -0.0217528
16 13 -0.0617427
16 14 -0.102701
16 15 -0.143179
16 16 -0.182913
16 17 -0.221721
16 18 -0.257752
16 19 -0.291585
16 20 -0.322117
16 21 -0.349192
16 22 -0.371938
16 23 -0.389651
16 24 -0.403051
16 25 -0.411328
16 26 -0.413794
16 27 -0.410663
16 28 -0.402624
16 29 -0.389136
16 30 -0.371142
16 31 -0.348464
16 32 -0.321249
16 33 -0.290637
16 34 -0.256906
16 35 -0.220109
16 36 -0.181231
16 37 -0.141292
16 38 -0.10009
16 39 -0.059154
16 40 -0.0183592
16 41 0.0214019
16 42 0.0591055
16 43 0.0944909
16 44 0.127008
16 45 0.155924
16 46 0.180317
16 47 0.20066
16 48 0.21615
16 49 0.226523
16 50 0.232161
16 51 0.232197
16 52 0.226763
16 53 0.215964
16 54 0.200489
16 55 0.180159
16 56 0.155498
16 57 0.126948
16 58 0.0946387
16 59 0.0596328
16 60 0.0219051
16 61 -0.0175675
16 62 -0.058025
16 63 -0.0994813
16 64 -0.140424
16 65 -0.181102
16 66 -0.220214
16 67 -0.256874
16 68 -0.291203
16 69 -0.322224
16 70 -0.349277
16 71 -0.372018
16 72 -0.389925
16 73 -0.403095
16 74 -0.411397
16 75 -0.414059
16 76 -0.411397
16 77 -0.40355
16 78 -0.390739
16 79 -0.372793
16 80 -0.350258
16 81 -0.323167
16 82 -0.292587
16 83 -0.259439
16 84 -0.222899
16 85 -0.184592
16 86 -0.144816
16 87 -0.104558
16 88 -0.0638423
16 89 -0.0231788
16 90 0.0154983
16 91 0.0527302
16 92 0.0881711
16 93 0.120726
16 94 0.14952
16 95 0.174729
16 96 0.195484
16 97 0.211626
16 98 0.222387
16 99 0.227872
16 100 0.0283293
16 101 0

17 0 0
17 1 0.023788
17 2 0.191233
17 3 0.185498
17 4 0.17454
17 5 0.158612
17 6 0.137868
17 7 0.112625
17 8 0.0835435
17 9 0.0508828
17 10 0.0159578
17 11 -0.0210156
17 12 -0.0601197
17 13 -0.100445
17 14 -0.141388
17 15 -0.181964
17 16 -0.221721
17 17 -0.26002
17 18 -0.29613
17 19 -0.329553
17 20 -0.360093
17 21 -0.387086
17 22 -0.40976
17 23 -0.428023
17 24 -0.441241
17 25 -0.449371
17 26 -0.452211
17 27 -0.449515
17 28 -0.441167
17 29 -0.428197
17 30 -0.410584
17 31 -0.387856
17 32 -0.361206
17 33 -0.330477
17 34 -0.296679
17 35 -0.26027
17 36 -0.221279
17 37 -0.181229
17 38 -0.14024
17 39 -0.0993243
17 40 -0.0588241
17 41 -0.0191604
17 42 0.0184095
17 43 0.0537393
17 44 0.0860118
17 45 0.114793
17 46 0.139361
17 47 0.159266
17 48 0.175042
17 49 0.185626
17 50 0.191041
17 51 0.191166
17 52 0.18562
17 53 0.174653
17 54 0.159163
17 55 0.138793
17 56 0.114184
17 57 0.0857846
17 58 0.0535641
17 59 0.0183601
17 60 -0.0190896
17 61 -0.0584668
17 62 -0.0990419
17 63 -0.140026
17 64 -0.18108
17 65 -0.221784
17 66 -0.260577
17 67 -0.297401
17 68 -0.331664
17 69 -0.362296
17 70 -0.389252
17 71 -0.411611
17 72 -0.429537
17 73 -0.442648
17 74 -0.450364
17 75 -0.452933
17 76 -0.450308
17 77 -0.442577
17 78 -0.429509
17 79 -0.411399
17 80 -0.388451
17 81 -0.361526
17 82 -0.331381
17 83 -0.297891
17 84 -0.261781
17 85 -0.223657
17 86 -0.184033
17 87 -0.143379
17 88 -0.102625
17 89 -0.0623887
17 90 -0.0231286
17 91 0.0141051
17 92 0.0490573
17 93 0.0816729
17 94 0.11099
17 95 0.136008
17 96 0.156882
17 97 0.173115
17 98 0.18404
17 99 0.189355
17 100 0.0235286
17 101 0

18 0 0
18 1 0.0192785
18 2 0.154927
18 3 0.149141
18 4 0.138321
18 5 0.122537
18 6 0.101603
18 7 0.0763445
18 8 0.0474219
18 9 0.0149953
18 10 -0.0198632
18 11 -0.0570309
18 12 -0.0965509
18 13 -0.136866
18 14 -0.177431
18 15 -0.217908
18 16 -0.257752
18 17 -0.29613
18 18 -0.3322
18 19 -0.365122
18 20 -0.395885
18 21 -0.423
18 22 -0.445888
18 23 -0.463847
18 24 -0.476977
18 25 -0.485204
18 26 -0.488196
18 27 -0.485913
18 28 -0.477998
18 29 -0.465302
18 30 -0.447731
18 31 -0.425364
18 32 -0.398732
18 33 -0.368304
18 34 -0.334368
18 35 -0.29807
18 36 -0.259429
18 37 -0.219338
18 38 -0.178617
18 39 -0.137646
18 40 -0.0971223
18 41 -0.0576386
18 42 -0.019811
18 43 0.0152577
18 44 0.0475689
18 45 0.0760449
18 46 0.100517
18 47 0.120383
18 48 0.136006
18 49 0.146537
18 50 0.151665
18 51 0.151914
18 52 0.14622
18 53 0.135628
18 54 0.120144
18 55 0.0998113
18 56 0.0752418
18 57 0.0466792
18 58 0.0148681
18 59 -0.0205148
18 60 -0.0578398
18 61 -0.0971311
18 62 -0.137901
18 63 -0.178857
18 64 -0.219922
18 65 -0.260247
18 66 -0.298867
18 67 -0.335782
18 68 -0.369656
18 69 -0.400158
18 70 -0.426861
18 71 -0.449171
18 72 -0.466883
18 73 -0.479888
18 74 -0.487564
18 75 -0.4898
18 76 -0.486842
18 77 -0.478924
18 78 -0.465819
18 79 -0.447832
18 80 -0.424962
18 81 -0.397814
18 82 -0.367603
18 83 -0.334154
18 84 -0.298285
18 85 -0.26011
18 86 -0.220764
18 87 -0.17984
18 88 -0.138947
18 89 -0.098737
18 90 -0.0594285
18 91 -0.0221794
18 92 0.0128499
18 93 0.045372
18 94 0.0745243
18 95 0.0995615
18 96 0.120344
18 97 0.136414
18 98 0.14739
18 99 0.152857
18 100 0.0190068
18 101 0

19 0 0
19 1 0.0150614
19 2 0.121138
19 3 0.11557
19 4 0.104616
19 5 0.0887324
19 6 0.0682672
19 7 0.0431659
19 8 0.0141499
19 9 -0.0182665
19 10 -0.0533919
19 11 -0.090783
19 12 -0.129934
19 13 -0.170411
19 14 -0.211258
19 15 -0.251687
19 16 -0.291585
19 17 -0.329553
19 18 -0.365122
19 19 -0.398839
19 20 -0.429168
19 21 -0.456369
19 22 -0.47913
19 23 -0.497253
19 24 -0.510816
19 25 -0.519034
19 26 -0.522312
19 27 -0.519901
19 28 -0.512534
19 29 -0.49982
19 30 -0.482144
19 31 -0.459895
19 32 -0.433512
19 33 -0.403146
19 34 -0.36914
19 35 -0.33262
19 36 -0.293999
19 37 -0.254368
19 38 -0.213558
19 39 -0.172972
19 40 -0.132513
19 41 -0.0927582
19 42 -0.0552606
19 43 -0.0202541
19 44 0.0117635
19 45 0.0401265
19 46 0.0642712
19 47 0.084483
19 48 0.0998944
19 49 0.110171
19 50 0.115627
19 51 0.115436
19 52 0.110211
19 53 0.099371
19 54 0.0838209
19 55 0.0635325
19 56 0.0389064
19 57 0.010694
19 58 -0.0212726
19 59 -0.0562281
19 60 -0.0936651
19 61 -0.13285
19 62 -0.173425
19 63 -0.214753
19 64 -0.255423
19 65 -0.295465
19 66 -0.334062
19 67 -0.370895
19 68 -0.40487
19 69 -0.435266
19 70 -0.461792
19 71 -0.484085
19 72 -0.501781
19 73 -0.514502
19 74 -0.522111
19 75 -0.524356
19 76 -0.521212
19 77 -0.512871
19 78 -0.500086
19 79 -0.481766
19 80 -0.45876
19 81 -0.4318
19 82 -0.401332
19 83 -0.368293
19 84 -0.332168
19 85 -0.294106
19 86 -0.254532
19 87 -0.213942
19 88 -0.172936
19 89 -0.132441
19 90 -0.0931726
19 91 -0.0558027
19 92 -0.0207965
19 93 0.0117934
19 94 0.0411643
19 95 0.0660535
19 96 0.0865798
19 97 0.102568
19 98 0.11333
19 99 0.118949
19 100 0.0148082
19 101 0

20 0 0
20 1 0.0112954
20 2 0.0905981
20 3 0.0849461
20 4 0.0743287
20 5 0.0582078
20 6 0.0378047
20 7 0.0128163
20 8 -0.0162601
20 9 -0.0484402
20 10 -0.0835816
20 11 -0.12116
20 12 -0.160548
20 13 -0.200662
20 14 -0.241831
20 15 -0.282536
20 16 -0.322117
20 17 -0.360093
20 18 -0.395885
20 19 -0.429168
20 20 -0.459766
20 21 -0.486498
20 22 -0.50937
20 23 -0.527416
20 24 -0.540725
20 25 -0.549413
20 26 -0.552837
20 27 -0.550853
20 28 -0.543965
20 29 -0.531168
20 30 -0.513682
20 31 -0.491648
20 32 -0.464998
20 33 -0.434745
20 34 -0.400847
20 35 -0.364512
20 36 -0.32619
20 37 -0.286341
20 38 -0.245712
20 39 -0.204896
20 40 -0.164406
20 41 -0.125056
20 42 -0.0873324
20 43 -0.0524071
20 44 -0.0205275
20 45 0.00757188
20 46 0.0316772
20 47 0.0518814
20 48 0.0674304
20 49 0.0777212
20 50 0.0827792
20 51 0.0825542
20 52 0.0770467
20 53 0.0665152
20 54 0.0507955
20 55 0.0307881
20 56 0.00642029
20 57 -0.0221242
20 58 -0.053937
20 59 -0.0888332
20 60 -0.12613
20 61 -0.165436
20 62 -0.205875
20 63 -0.246992
20 64 -0.288028
20 65 -0.327959
20 66 -0.366564
20 67 -0.403024
20 68 -0.436524
20 69 -0.467062
20 70 -0.493579
20 71 -0.516108
20 72 -0.533794
20 73 -0.546095
20 74 -0.553645
20 75 -0.555312
20 76 -0.551789
20 77 -0.543588
20 78 -0.530331
20 79 -0.512255
20 80 -0.489807
20 81 -0.462744
20 82 -0.432583
20 83 -0.399231
20 84 -0.363196
20 85 -0.325164
20 86 -0.2855
20 87 -0.244719
20 88 -0.203967
20 89 -0.16308
20 90 -0.123788
20 91 -0.0862991
20 92 -0.0509553
20 93 -0.0185648
20 94 0.0103678
20 95 0.0354041
20 96 0.0562051
20 97 0.0718821
20 98 0.0827052
20 99 0.0883159
20 100 0.0109938
20 101 0

21 0 0
21 1 0.00796284
21 2 0.0639466
21 3 0.0584361
21 4 0.0473155
21 5 0.0315266
21 6 0.0114655
21 7 -0.0134729
21 8 -0.0425635
21 9 -0.0747417
21 10 -0.110223
21 11 -0.147957
21 12 -0.187301
21 13 -0.227753
21 14 -0.268858
21 15 -0.309601
21 16 -0.349192
21 17 -0.387086
21 18 -0.423
21 19 -0.456369
21 20 -0.486498
21 21 -0.513129
21 22 -0.535899
21 23 -0.554142
21 24 -0.568111
21 25 -0.57666
21 26 -0.580328
21 27 -0.578218
21 28 -0.571018
21 29 -0.55861
21 30 -0.541311
21 31 -0.519676
21 32 -0.493348
21 33 -0.462956
21 34 -0.429104
21 35 -0.392855
21 36 -0.35446
21 37 -0.314963
21 38 -0.274207
21 39 -0.233376
21 40 -0.192678
21 41 -0.153281
21 42 -0.115787
21 43 -0.0811936
21 44 -0.049313
21 45 -0.0209017
21 46 0.00308134
21 47 0.0233518
21 48 0.038532
21 49 0.0488799
21 50 0.0537569
21 51 0.0538602
21 52 0.0483974
21 53 0.0376439
21 54 0.0217716
21 55 0.00171603
21 56 -0.0227653
21 57 -0.0510633
21 58 -0.0830456
21 59 -0.117677
21 60 -0.154829
21 61 -0.194233
21 62 -0.234513
21 63 -0.275763
21 64 -0.316751
21 65 -0.356844
21 66 -0.395112
21 67 -0.43163
21 68 -0.465279
21 69 -0.495659
21 70 -0.521988
21 71 -0.544057
21 72 -0.561315
21 73 -0.573776
21 74 -0.581226
21 75 -0.583073
21 76 -0.579611
21 77 -0.570865
21 78 -0.557668
21 79 -0.53929
21 80 -0.516807
21 81 -0.490298
21 82 -0.459937
21 83 -0.426637
21 84 -0.390874
21 85 -0.352684
21 86 -0.312921
21 87 -0.272303
21 88 -0.231257
21 89 -0.19023
21 90 -0.15055
21 91 -0.112799
21 92 -0.0776935
21 93 -0.0450189
21 94 -0.0159422
21 95 0.00886508
21 96 0.0294797
21 97 0.0452153
21 98 0.0557566
21 99 0.0614715
21 100 0.00768137
21 101 0

22 0 0
22 1 0.00514598
22 2 0.0414399
22 3 0.0361429
22 4 0.0251758
22 5 0.00964596
22 6 -0.0106333
22 7 -0.0356162
22 8 -0.0647224
22 9 -0.0969892
22 10 -0.132034
22 11 -0.170254
22 12 -0.209952
22 13 -0.250536
22 14 -0.291627
22 15 -0.332301
22 16 -0.371938
22 17 -0.40976
22 18 -0.445888
22 19 -0.47913
22 20 -0.50937
22 21 -0.535899
22 22 -0.558475
22 23 -0.576988
22 24 -0.590788
22 25 -0.59997
22 26 -0.603516
22 27 -0.601804
22 28 -0.594736
22 29 -0.582144
22 30 -0.56473
22 31 -0.542795
22 32 -0.516624
22 33 -0.486385
22 34 -0.452926
22 35 -0.417029
22 36 -0.378943
22 37 -0.339003
22 38 -0.298208
22 39 -0.257389
22 40 -0.21683
22 41 -0.177758
22 42 -0.140556
22 43 -0.105862
22 44 -0.0740383
22 45 -0.0454471
22 46 -0.0210904
22 47 -0.000918834
22 48 0.0146576
22 49 0.0245423
22 50 0.0294916
22 51 0.02945
22 52 0.0238805
22 53 0.0130504
22 54 -0.00268083
22 55 -0.0227849
22 56 -0.0473358
22 57 -0.0759244
22 58 -0.10786
22 59 -0.142534
22 60 -0.179619
22 61 -0.218853
22 62 -0.258929
22 63 -0.299881
22 64 -0.341132
22 65 -0.381424
22 66 -0.419801
22 67 -0.455838
22 68 -0.489181
22 69 -0.519176
22 70 -0.545511
22 71 -0.56778
22 72 -0.585241
22 73 -0.59749
22 74 -0.604878
22 75 -0.606774
22 76 -0.602987
22 77 -0.594304
22 78 -0.580461
22 79 -0.562411
22 80 -0.540113
22 81 -0.51364
22 82 -0.483438
22 83 -0.449689
22 84 -0.413932
22 85 -0.375834
22 86 -0.335986
22 87 -0.295209
22 88 -0.254045
22 89 -0.212999
22 90 -0.173103
22 91 -0.135354
22 92 -0.0995783
22 93 -0.0668401
22 94 -0.0380581
22 95 -0.0132765
22 96 0.00722113
22 97 0.0229506
22 98 0.0336034
22 99 0.0388915
22 100 0.00483325
22 101 0

23 0 0
23 1 0.00295319
23 2 0.023629
23 3 0.0180784
23 4 0.007464
23 5 -0.00801142
23 6 -0.0283093
23 7 -0.0532962
23 8 -0.0824308
23 9 -0.114809
23 10 -0.150056
23 11 -0.187679
23 12 -0.227292
23 13 -0.267984
23 14 -0.309407
23 15 -0.350078
23 16 -0.389651
23 17 -0.428023
23 18 -0.463847
23 19 -0.497253
23 20 -0.527416
23 21 -0.554142
23 22 -0.576988
23 23 -0.595661
23 24 -0.609921
23 25 -0.61877
23 26 -0.622264
23 27 -0.620628
23 28 -0.613622
23 29 -0.600788
23 30 -0.583348
23 31 -0.561568
23 32 -0.535432
23 33 -0.505476
23 34 -0.472065
23 35 -0.436065
23 36 -0.39793
23 37 -0.358344
23 38 -0.317605
23 39 -0.277026
23 40 -0.236473
23 41 -0.197465
23 42 -0.160466
23 43 -0.125832
23 44 -0.094083
23 45 -0.0652645
23 46 -0.0410951
23 47 -0.0208797
23 48 -0.00555756
23 49 0.00457736
23 50 0.0095467
23 51 0.00953516
23 52 0.0038209
23 53 -0.00700649
23 54 -0.0229077
23 55 -0.0430199
23 56 -0.0674974
23 57 -0.0959535
23 58 -0.128003
23 59 -0.162285
23 60 -0.199564
23 61 -0.23879
23 62 -0.278739
23 63 -0.319863
23 64 -0.360808
23 65 -0.400971
23 66 -0.439047
23 67 -0.475036
23 68 -0.508498
23 69 -0.538348
23 70 -0.564417
23 71 -0.586751
23 72 -0.604228
23 73 -0.616427
23 74 -0.623834
23 75 -0.625948
23 76 -0.622227
23 77 -0.613281
23 78 -0.599723
23 79 -0.581329
23 80 -0.558789
23 81 -0.532123
23 82 -0.501748
23 83 -0.468128
23 84 -0.431913
23 85 -0.394185
23 86 -0.354094
23 87 -0.31302
23 88 -0.271717
23 89 -0.230475
23 90 -0.190885
23 91 -0.153131
23 92 -0.117487
23 93 -0.0847305
23 94 -0.055934
23 95 -0.0308912
23 96 -0.0102872
23 97 0.00525673
23 98 0.0158132
23 99 0.0209816
23 100 0.00260728
23 101 0

24 0 0
24 1 0.00130672
24 2 0.0105702
24 3 0.00530302
24 4 -0.00526014
24 5 -0.0205656
24 6 -0.0410267
24 7 -0.0659593
24 8 -0.0952477
24 9 -0.127898
24 10 -0.162937
24 11 -0.200778
24 12 -0.240123
24 13 -0.280881
24 14 -0.322196
24 15 -0.363356
24 16 -0.403051
24 17 -0.441241
24 18 -0.476977
24 19 -0.510816
24 20 -0.540725
24 21 -0.568111
24 22 -0.590788
24 23 -0.609921
24 24 -0.624076
24 25 -0.632793
24 26 -0.635982
24 27 -0.634158
24 28 -0.626974
24 29 -0.614366
24 30 -0.596887
24 31 -0.575096
24 32 -0.549451
24 33 -0.519153
24 34 -0.486211
24 35 -0.45027
24 36 -0.412328
24 37 -0.372636
24 38 -0.332163
24 39 -0.291378
24 40 -0.251161
24 41 -0.21187
24 42 -0.175124
24 43 -0.140227
24 44 -0.108647
24 45 -0.0800005
24 46 -0.0560258
24 47 -0.0361286
24 48 -0.0207793
24 49 -0.0107508
24 50 -0.0057375
24 51 -0.00589604
24 52 -0.0111892
24 53 -0.0221945
24 54 -0.0378775
24 55 -0.0580079
24 56 -0.0827332
24 57 -0.11082
24 58 -0.142761
24 59 -0.176916
24 60 -0.214267
24 61 -0.253516
24 62 -0.293785
24 63 -0.334644
24 64 -0.375487
24 65 -0.415351
24 66 -0.453396
24 67 -0.489117
24 68 -0.522889
24 69 -0.552201
24 70 -0.57836
24 71 -0.600498
24 72 -0.617902
24 73 -0.630456
24 74 -0.637648
24 75 -0.639878
24 76 -0.636639
24 77 -0.627911
24 78 -0.614018
24 79 -0.595659
24 80 -0.572537
24 81 -0.545788
24 82 -0.514962
24 83 -0.481906
24 84 -0.445423
24 85 -0.407455
24 86 -0.367267
24 87 -0.326296
24 88 -0.284748
24 89 -0.243823
24 90 -0.203823
24 91 -0.166037
24 92 -0.130456
24 93 -0.0975814
24 94 -0.0685523
24 95 -0.0433388
24 96 -0.0230165
24 97 -0.00747149
24 98 0.00294701
24 99 0.00809137
24 100 0.000993955
24 101 0

25 0 0
25 1 0.000320276
25 2 0.00267082
25 3 -0.00247859
25 4 -0.0130428
25 5 -0.0285595
25 6 -0.0491853
25 7 -0.0740097
25 8 -0.102752
25 9 -0.13536
25 10 -0.170789
25 11 -0.208525
25 12 -0.24804
25 13 -0.288696
25 14 -0.330343
25 15 -0.371262
25 16 -0.411328
25 17 -0.449371
25 18 -0.485204
25 19 -0.519034
25 20 -0.549413
25 21 -0.57666
25 22 -0.59997
25 23 -0.61877
25 24 -0.632793
25 25 -0.641252
25 26 -0.644945
25 27 -0.642996
25 28 -0.635639
25 29 -0.622814
25 30 -0.605497
25 31 -0.583799
25 32 -0.557991
25 33 -0.528052
25 34 -0.495056
25 35 -0.45927
25 36 -0.421452
25 37 -0.38213
25 38 -0.341287
25 39 -0.300687
25 40 -0.260384
25 41 -0.221227
25 42 -0.184636
25 43 -0.150223
25 44 -0.118323
25 45 -0.0898428
25 46 -0.0660556
25 47 -0.0457742
25 48 -0.0305246
25 49 -0.020313
25 50 -0.0152188
25 51 -0.0152898
25 52 -0.0208734
25 53 -0.0318527
25 54 -0.0477197
25 55 -0.0678145
25 56 -0.0925366
25 57 -0.120717
25 58 -0.152485
25 59 -0.186906
25 60 -0.224018
25 61 -0.263053
25 62 -0.303367
25 63 -0.344246
25 64 -0.384817
25 65 -0.424812
25 66 -0.462648
25 67 -0.498155
25 68 -0.531679
25 69 -0.561242
25 70 -0.587075
25 71 -0.609157
25 72 -0.626844
25 73 -0.639322
25 74 -0.646584
25 75 -0.648806
25 76 -0.645616
25 77 -0.636746
25 78 -0.623318
25 79 -0.604663
25 80 -0.581724
25 81 -0.55473
25 82 -0.523759
25 83 -0.489989
25 84 -0.45356
25 85 -0.415387
25 86 -0.375429
25 87 -0.334011
25 88 -0.29276
25 89 -0.251725
25 90 -0.211789
25 91 -0.173584
25 92 -0.138205
25 93 -0.105678
25 94 -0.0764264
25 95 -0.0512495
25 96 -0.0309556
25 97 -0.0153399
25 98 -0.00470856
25 99 0.000386768
25 100 3.60476e-05
25 101 0

26 0 0
26 1 -1.34381e-05
26 2 0.000166284
26 3 -0.00474905
26 4 -0.0152026
26 5 -0.0307564
26 6 -0.0514767
26 7 -0.0762227
26 8 -0.10527
26 9 -0.137793
26 10 -0.173054
26 11 -0.210949
26 12 -0.250423
26 13 -0.291334
26 14 -0.332744
26 15 -0.373923
26 16 -0.413794
26 17 -0.452211
26 18 -0.488196
26 19 -0.522312
26 20 -0.552837
26 21 -0.580328
26 22 -0.603516
26 23 -0.622264
26 24 -0.635982
26 25 -0.644945
26 26 -0.648169
26 27 -0.646138
26 28 -0.638707
26 29 -0.62567
26 30 -0.608617
26 31 -0.587293
26 32 -0.561673
26 33 -0.53198
26 34 -0.499258
26 35 -0.463357
26 36 -0.425559
26 37 -0.386059
26 38 -0.345596
26 39 -0.30474
26 40 -0.264381
26 41 -0.225379
26 42 -0.188825
26 43 -0.154175
26 44 -0.122553
26 45 -0.0940734
