0 0 0
0 1 0
0 2 0
0 3 0
0 4 0
0 5 0
0 6 0
0 7 0
0 8 0
0 9 0
0 10 0
0 11 0
0 12 0
0 13 0
0 14 0
0 15 0
0 16 0
0 17 0
0 18 0
0 19 0
0 20 0
0 21 0
0 22 0
0 23 0
0 24 0
0 25 0
0 26 0
0 27 0
0 28 0
0 29 0
0 30 0
0 31 0
0 32 0
0 33 0
0 34 0
0 35 0
0 36 0
0 37 0
0 38 0
0 39 0
0 40 0
0 41 0
0 42 0
0 43 0
0 44 0
0 45 0
0 46 0
0 47 0
0 48 0
0 49 0
0 50 0
0 51 0
0 52 0
0 53 0
0 54 0
0 55 0
0 56 0
0 57 0
0 58 0
0 59 0
0 60 0
0 61 0
0 62 0
0 63 0
0 64 0
0 65 0
0 66 0
0 67 0
0 68 0
0 69 0
0 70 0
0 71 0
0 72 0
0 73 0
0 74 0
0 75 0
0 76 0
0 77 0
0 78 0
0 79 0
0 80 0
0 81 0
0 82 0
0 83 0
0 84 0
0 85 0
0 86 0
0 87 0
0 88 0
0 89 0
0 90 0
0 91 0
0 92 0
0 93 0
0 94 0
0 95 0
0 96 0
0 97 0
0 98 0
0 99 0
0 100 0
0 101 0

1 0 0
1 1 0
1 2 0.0168005
1 3 0.0165608
1 4 0.0161272
1 5 0.0155392
1 6 0.0148297
1 7 0.0139784
1 8 0.013021
1 9 0.0119457
1 10 0.0107602
1 11 0.00953482
1 12 0.00822435
1 13 0.00689591
1 14 0.00556297
1 15 0.00421241
1 16 0.00292234
1 17 0.00166113
1 18 0.000460408
1 19 -0.000662563
1 20 -0.00171595
1 21 -0.00267564
1 22 -0.00354156
1 23 -0.00435031
1 24 -0.00504498
1 25 -0.00566757
1 26 -0.00618039
1 27 -0.00658357
1 28 -0.00690297
1 29 -0.00708176
1 30 -0.00714208
1 31 -0.00709055
1 32 -0.0069584
1 33 -0.00673926
1 34 -0.00642231
1 35 -0.00603155
1 36 -0.00562664
1 37 -0.00514916
1 38 -0.00463269
1 39 -0.00408713
1 40 -0.00355357
1 41 -0.00304659
1 42 -0.00260326
1 43 -0.00216387
1 44 -0.00179424
1 45 -0.00141771
1 46 -0.00110307
1 47 -0.000858097
1 48 -0.000672741
1 49 -0.00059004
1 50 -0.000606756
1 51 -0.000626367
1 52 -0.000746169
1 53 -0.000915863
1 54 -0.001171
1 55 -0.00150191
1 56 -0.00187572
1 57 -0.00231457
1 58 -0.00281364
1 59 -0.00328696
1 60 -0.0038232
1 61 -0.00437411
1 62 -0.00497341
1 63 -0.00554407
1 64 -0.00610637
1 65 -0.00664716
1 66 -0.00715711
1 67 -0.00757875
1 68 -0.00794312
1 69 -0.00821168
1 70 -0.00839477
1 71 -0.00847132
1 72 -0.00844048
1 73 -0.00828881
1 74 -0.00800086
1 75 -0.00759923
1 76 -0.00708537
1 77 -0.00644648
1 78 -0.00569358
1 79 -0.00485698
1 80 -0.00389279
1 81 -0.00285779
1 82 -0.00174192
1 83 -0.000559237
1 84 0.000663597
1 85 0.00195097
1 86 0.00329173
1 87 0.00463307
1 88 0.00601456
1 89 0.00739009
1 90 0.00874569
1 91 0.0100594
1 92 0.0112487
1 93 0.0123643
1 94 0.0133701
1 95 0.0142461
1 96 0.0149899
1 97 0.0155565
1 98 0.0159742
1 99 0.016239
1 100 0
1 101 0

2 0 0
2 1 0.0168005
2 2 0.134544
2 3 0.132448
2 4 0.129039
2 5 0.124393
2 6 0.118646
2 7 0.111852
2 8 0.104119
2 9 0.0955124
2 10 0.0861838
2 11 0.0762347
2 12 0.0658354
2 13 0.0551706
2 14 0.0444286
2 15 0.0337856
2 16 0.0234083
2 17 0.0133111
2 18 0.00365397
2 19 -0.00543085
2 20 -0.0138771
2 21 -0.0216246
2 22 -0.0286276
2 23 -0.034941
2 24 -0.0405549
2 25 -0.0454497
2 26 -0.0495798
2 27 -0.052903
2 28 -0.0553355
2 29 -0.0567992
2 30 -0.0573312
2 31 -0.0569964
2 32 -0.0559305
2 33 -0.0542038
2 34 -0.0517787
2 35 -0.0487635
2 36 -0.0453209
2 37 -0.0415075
2 38 -0.0373733
2 39 -0.0330912
2 40 -0.0288622
2 41 -0.0249039
2 42 -0.0212482
2 43 -0.0178262
2 44 -0.0146556
2 45 -0.0118033
2 46 -0.00934706
2 47 -0.00737031
2 48 -0.00597471
2 49 -0.00519743
2 50 -0.00504076
2 51 -0.00543894
2 52 -0.00634608
2 53 -0.00782284
2 54 -0.0098838
2 55 -0.0124517
2 56 -0.0155102
2 57 -0.0190043
2 58 -0.0228106
2 59 -0.026859
2 60 -0.0311107
2 61 -0.0355603
2 62 -0.040149
2 63 -0.0447399
2 64 -0.0492517
2 65 -0.0535904
2 66 -0.057558
2 67 -0.0610491
2 68 -0.0639599
2 69 -0.0661414
2 70 -0.0675061
2 71 -0.0680758
2 72 -0.0677521
2 73 -0.0664396
2 74 -0.0641771
2 75 -0.0609661
2 76 -0.0568146
2 77 -0.0517204
2 78 -0.0457661
2 79 -0.0389925
2 80 -0.0314043
2 81 -0.0230995
2 82 -0.0141334
2 83 -0.00463919
2 84 0.00528803
2 85 0.0155604
2 86 0.0261888
2 87 0.0370657
2 88 0.0481155
2 89 0.0591998
2 90 0.0700312
2 91 0.0803255
2 92 0.0899857
2 93 0.0988671
2 94 0.106889
2 95 0.113909
2 96 0.119829
2 97 0.124499
2 98 0.127893
2 99 0.130013
2 100 0.016239
2 101 0

3 0 0
3 1 0.0165608
3 2 0.132448
3 3 0.130189
3 4 0.126894
3 5 0.122378
3 6 0.116604
3 7 0.10989
3 8 0.102146
3 9 0.0936652
3 10 0.0846009
3 11 0.0746308
3 12 0.0644729
3 13 0.0539541
3 14 0.043276
3 15 0.0329262
3 16 0.0226134
3 17 0.0126636
3 18 0.00304513
3 19 -0.00606665
3 20 -0.0144598
3 21 -0.0221527
3 22 -0.0291108
3 23 -0.0351281
3 24 -0.040628
3 25 -0.0453337
3 26 -0.0494164
3 27 -0.0527289
3 28 -0.0549502
3 29 -0.0564072
3 30 -0.0569379
3 31 -0.0566924
3 32 -0.0556184
3 33 -0.0538655
3 34 -0.0515531
3 35 -0.0486694
3 36 -0.044979
3 37 -0.0410971
3 38 -0.0369847
3 39 -0.0328388
3 40 -0.0287373
3 41 -0.0248841
3 42 -0.0210834
3 43 -0.0176989
3 44 -0.0142737
3 45 -0.0115571
3 46 -0.00917984
3 47 -0.00720436
3 48 -0.00583317
3 49 -0.00493179
3 50 -0.00443399
3 51 -0.00503875
3 52 -0.005976
3 53 -0.00761519
3 54 -0.00962874
3 55 -0.0121217
3 56 -0.0152548
3 57 -0.0187219
3 58 -0.0223699
3 59 -0.026708
3 60 -0.0309634
3 61 -0.0354353
3 62 -0.0397822
3 63 -0.0443597
3 64 -0.0488483
3 65 -0.0531471
3 66 -0.0570562
3 67 -0.0607058
3 68 -0.0635914
3 69 -0.0658185
3 70 -0.0671251
3 71 -0.0676114
3 72 -0.0672286
3 73 -0.0658921
3 74 -0.0637031
3 75 -0.0605893
3 76 -0.0564819
3 77 -0.0515087
3 78 -0.0457165
3 79 -0.039023
3 80 -0.0317371
3 81 -0.0235636
3 82 -0.0147289
3 83 -0.00528472
3 84 0.00467992
3 85 0.0148451
3 86 0.0252284
3 87 0.0361146
3 88 0.0470572
3 89 0.0580822
3 90 0.0686973
3 91 0.0786452
3 92 0.0883178
3 93 0.0970503
3 94 0.104953
3 95 0.111909
3 96 0.117723
3 97 0.122521
3 98 0.125995
3 99 0.128091
3 100 0.0160017
3 101 0

4 0 0
4 1 0.0161272
4 2 0.129039
4 3 0.126894
4 4 0.123537
4 5 0.119091
4 6 0.113257
4 7 0.106626
4 8 0.0992366
4 9 0.0908898
4 10 0.081807
4 11 0.0720793
4 12 0.0619813
4 13 0.0518326
4 14 0.0415704
4 15 0.0314177
4 16 0.0211474
4 17 0.0113242
4 18 0.00194622
4 19 -0.00708916
4 20 -0.0153597
4 21 -0.0229037
4 22 -0.0297208
4 23 -0.0355077
4 24 -0.0409302
4 25 -0.0455639
4 26 -0.0494735
4 27 -0.0526361
4 28 -0.0547003
4 29 -0.0560467
4 30 -0.0566742
4 31 -0.056375
4 32 -0.0552302
4 33 -0.0532186
4 34 -0.0507705
4 35 -0.0479552
4 36 -0.0443745
4 37 -0.0403404
4 38 -0.0360981
4 39 -0.0320119
4 40 -0.0280291
4 41 -0.0239731
4 42 -0.0201504
4 43 -0.0167315
4 44 -0.0134723
4 45 -0.0104648
4 46 -0.00804794
4 47 -0.00619976
4 48 -0.00502524
4 49 -0.0040007
4 50 -0.003499
4 51 -0.00397723
4 52 -0.00491624
4 53 -0.00647247
4 54 -0.00851591
4 55 -0.0109522
4 56 -0.0140061
4 57 -0.0175045
4 58 -0.0214792
4 59 -0.0256427
4 60 -0.0299673
4 61 -0.0345072
4 62 -0.0389807
4 63 -0.0434201
4 64 -0.0478634
4 65 -0.0522115
4 66 -0.0561732
4 67 -0.0596865
4 68 -0.0627903
4 69 -0.0650464
4 70 -0.066585
4 71 -0.0671165
4 72 -0.066596
4 73 -0.0653957
4 74 -0.0632071
4 75 -0.0602264
4 76 -0.0562866
4 77 -0.0514577
4 78 -0.0458943
4 79 -0.0392069
4 80 -0.0321785
4 81 -0.0242915
4 82 -0.0155607
4 83 -0.00631755
4 84 0.00355657
4 85 0.0136561
4 86 0.0238898
4 87 0.0345948
4 88 0.045331
4 89 0.0559165
4 90 0.0662115
4 91 0.0761953
4 92 0.0856156
4 93 0.0943195
4 94 0.102122
4 95 0.10888
4 96 0.114589
4 97 0.119397
4 98 0.122966
4 99 0.12504
4 100 0.0156167
4 101 0

5 0 0
5 1 0.0155392
5 2 0.124393
5 3 0.122378
5 4 0.119091
5 5 0.114482
5 6 0.108958
5 7 0.102461
5 8 0.0951785
5 9 0.0870805
5 10 0.0781447
5 11 0.0687582
5 12 0.0590302
5 13 0.0489578
5 14 0.0390269
5 15 0.0290664
5 16 0.0191513
5 17 0.00929015
5 18 0.000150284
5 19 -0.00863846
5 20 -0.0167017
5 21 -0.0239985
5 22 -0.0307281
5 23 -0.0363705
5 24 -0.0416041
5 25 -0.0458506
5 26 -0.0494584
5 27 -0.0523884
5 28 -0.0542948
5 29 -0.0555391
5 30 -0.0560552
5 31 -0.0559361
5 32 -0.0545921
5 33 -0.0524606
5 34 -0.0498619
5 35 -0.0467293
5 36 -0.0431438
5 37 -0.0393347
5 38 -0.0351412
5 39 -0.030847
5 40 -0.0266031
5 41 -0.0224695
5 42 -0.0185435
5 43 -0.0152125
5 44 -0.0118227
5 45 -0.00897242
5 46 -0.00629108
5 47 -0.00455563
5 48 -0.00335722
5 49 -0.0024902
5 50 -0.00218687
5 51 -0.00251353
5 52 -0.00335861
5 53 -0.00466004
5 54 -0.00665039
5 55 -0.00921828
5 56 -0.0122615
5 57 -0.0158076
5 58 -0.0194348
5 59 -0.0239038
5 60 -0.0283996
5 61 -0.0329766
5 62 -0.037335
5 63 -0.0418854
5 64 -0.0464732
5 65 -0.050966
5 66 -0.0548833
5 67 -0.058483
5 68 -0.0615902
5 69 -0.0639769
5 70 -0.0655706
5 71 -0.0663456
5 72 -0.0658275
5 73 -0.0646069
5 74 -0.0627185
5 75 -0.0597292
5 76 -0.0559821
5 77 -0.051543
5 78 -0.04628
5 79 -0.0398765
5 80 -0.0329878
5 81 -0.0251597
5 82 -0.016631
5 83 -0.0076401
5 84 0.001988
5 85 0.0118215
5 86 0.022006
5 87 0.0324191
5 88 0.0429006
5 89 0.0530758
5 90 0.0632513
5 91 0.0729604
5 92 0.0821696
5 93 0.0906293
5 94 0.0982212
5 95 0.104943
5 96 0.110541
5 97 0.115174
5 98 0.118748
5 99 0.120822
5 100 0.0150967
5 101 0

6 0 0
6 1 0.0148297
6 2 0.118646
6 3 0.116604
6 4 0.113257
6 5 0.108958
6 6 0.103626
6 7 0.0974557
6 8 0.0902929
6 9 0.0823986
6 10 0.0737254
6 11 0.0647326
6 12 0.0554032
6 13 0.0455715
6 14 0.0358207
6 15 0.0259172
6 16 0.0162753
6 17 0.00669674
6 18 -0.00215416
6 19 -0.0107149
6 20 -0.0182899
6 21 -0.0252536
6 22 -0.0317656
6 23 -0.0371271
6 24 -0.0421877
6 25 -0.0462205
6 26 -0.0496035
6 27 -0.0521828
6 28 -0.0541651
6 29 -0.0550934
6 30 -0.0555093
6 31 -0.0549614
6 32 -0.0536458
6 33 -0.0513595
6 34 -0.0487992
6 35 -0.0455424
6 36 -0.0418749
6 37 -0.0380019
6 38 -0.0337343
6 39 -0.0291884
6 40 -0.0249521
6 41 -0.0207468
6 42 -0.0167697
6 43 -0.0132186
6 44 -0.0097083
6 45 -0.00687214
6 46 -0.00424905
6 47 -0.00258488
6 48 -0.00127815
6 49 -0.000464753
6 50 -0.000171476
6 51 -0.00047335
6 52 -0.00124424
6 53 -0.00255824
6 54 -0.00433941
6 55 -0.00693317
6 56 -0.00998302
6 57 -0.013479
6 58 -0.0172305
6 59 -0.021669
6 60 -0.0263832
6 61 -0.0309415
6 62 -0.0353996
6 63 -0.0401392
6 64 -0.0448094
6 65 -0.0493598
6 66 -0.0533503
6 67 -0.0569196
6 68 -0.0601967
6 69 -0.0625174
6 70 -0.0642921
6 71 -0.0649815
6 72 -0.0649363
6 73 -0.0639041
6 74 -0.0622231
6 75 -0.0593096
6 76 -0.0556885
6 77 -0.0513211
6 78 -0.0464437
6 79 -0.0403485
6 80 -0.033829
6 81 -0.026265
6 82 -0.0180509
6 83 -0.00941999
6 84 -8.62884e-05
6 85 0.00942973
6 86 0.0194867
6 87 0.02954
6 88 0.0397522
6 89 0.0497355
6 90 0.0597072
6 91 0.0691674
6 92 0.0780181
6 93 0.0861405
6 94 0.0933644
6 95 0.100155
6 96 0.105615
6 97 0.110062
6 98 0.113371
6 99 0.115512
6 100 0.0144463
6 101 0

7 0 0
7 1 0.0139784
7 2 0.111852
7 3 0.10989
7 4 0.106626
7 5 0.102461
7 6 0.0974557
7 7 0.0912298
7 8 0.0844885
7 9 0.0768702
7 10 0.0684259
7 11 0.0599753
7 12 0.0509147
7 13 0.0413598
7 14 0.0319704
7 15 0.0223786
7 16 0.0129648
7 17 0.0038767
7 18 -0.00483573
7 19 -0.0130366
7 20 -0.0204864
7 21 -0.0270909
7 22 -0.0332433
7 23 -0.0383125
7 24 -0.0430714
7 25 -0.0469288
7 26 -0.0499919
7 27 -0.052271
7 28 -0.0540275
7 29 -0.0548259
7 30 -0.0547602
7 31 -0.0538924
7 32 -0.052187
7 33 -0.0500906
7 34 -0.0473036
7 35 -0.0440626
7 36 -0.0401677
7 37 -0.0361368
7 38 -0.0316132
7 39 -0.0271939
7 40 -0.0228242
7 41 -0.0185729
7 42 -0.0142781
7 43 -0.010538
7 44 -0.00714177
7 45 -0.00420287
7 46 -0.00151448
7 47 3.08058e-05
7 48 0.00136471
7 49 0.00213533
7 50 0.00243778
7 51 0.00219615
7 52 0.00135411
7 53 4.66046e-05
7 54 -0.00157127
7 55 -0.00401228
7 56 -0.00694111
7 57 -0.0107541
7 58 -0.0146251
7 59 -0.0188644
7 60 -0.0233052
7 61 -0.0281314
7 62 -0.032889
7 63 -0.0378613
7 64 -0.0425226
7 65 -0.0472313
7 66 -0.0512465
7 67 -0.0550418
7 68 -0.0582083
7 69 -0.0608358
7 70 -0.0626515
7 71 -0.0637359
7 72 -0.0639167
7 73 -0.0631088
7 74 -0.0616439
7 75 -0.0590328
7 76 -0.0558579
7 77 -0.0516885
7 78 -0.0469081
7 79 -0.0410935
7 80 -0.0348158
7 81 -0.0276573
7 82 -0.0198735
7 83 -0.0115481
7 84 -0.00256844
7 85 0.00690251
7 86 0.0165125
7 87 0.0262795
7 88 0.0361421
7 89 0.0457852
7 90 0.0554275
7 91 0.0646148
7 92 0.0730624
7 93 0.0808291
7 94 0.0879715
7 95 0.0943613
7 96 0.099862
7 97 0.103967
7 98 0.107127
7 99 0.109229
7 100 0.0136619
7 101 0

8 0 0
8 1 0.013021
8 2 0.104119
8 3 0.102146
8 4 0.0992366
8 5 0.0951785
8 6 0.0902929
8 7 0.0844885
8 8 0.0778724
8 9 0.0705885
8 10 0.0626316
8 11 0.0542296
8 12 0.0455345
8 13 0.0364138
8 14 0.0273786
8 15 0.0181536
8 16 0.00919531
8 17 0.000586939
8 18 -0.0077081
8 19 -0.0154905
8 20 -0.0226109
8 21 -0.0291459
8 22 -0.0348668
8 23 -0.0398178
8 24 -0.0441481
8 25 -0.0478014
8 26 -0.0505282
8 27 -0.0525097
8 28 -0.0538565
8 29 -0.0544096
8 30 -0.0540014
8 31 -0.0527872
8 32 -0.0510147
8 33 -0.0486639
8 34 -0.0458173
8 35 -0.0423719
8 36 -0.0382088
8 37 -0.0340457
8 38 -0.0296212
8 39 -0.0248285
8 40 -0.0204427
8 41 -0.0159801
8 42 -0.0114826
8 43 -0.00766507
8 44 -0.00415844
8 45 -0.00125813
8 46 0.00108698
8 47 0.00296993
8 48 0.00437323
8 49 0.00548189
8 50 0.00582779
8 51 0.00566817
8 52 0.00472762
8 53 0.00334931
8 54 0.00135409
8 55 -0.000965948
8 56 -0.00395668
8 57 -0.00754413
8 58 -0.0112967
8 59 -0.0156482
8 60 -0.020278
8 61 -0.0251675
8 62 -0.0302788
8 63 -0.0351465
8 64 -0.0399718
8 65 -0.0447445
8 66 -0.0491153
8 67 -0.0530389
8 68 -0.0562721
8 69 -0.0589435
8 70 -0.060889
8 71 -0.0622229
8 72 -0.0628263
8 73 -0.0622557
8 74 -0.060952
8 75 -0.0588796
8 76 -0.0558057
8 77 -0.051925
8 78 -0.0472854
8 79 -0.0420552
8 80 -0.0359875
8 81 -0.0292763
8 82 -0.0218972
8 83 -0.0137637
8 84 -0.00510787
8 85 0.00387367
8 86 0.0132017
8 87 0.0224049
8 88 0.0317486
8 89 0.0411473
8 90 0.0503175
8 91 0.0590936
8 92 0.0675601
8 93 0.0751013
8 94 0.0819225
8 95 0.08803
8 96 0.093031
8 97 0.0970063
8 98 0.100103
8 99 0.102044
8 100 0.0127583
8 101 0

9 0 0
9 1 0.0119457
9 2 0.0955124
9 3 0.0936652
9 4 0.0908898
9 5 0.0870805
9 6 0.0823986
9 7 0.0768702
9 8 0.0705885
9 9 0.0635777
9 10 0.0560097
9 11 0.0480741
9 12 0.0396913
9 13 0.0310852
9 14 0.0224439
9 15 0.0136545
9 16 0.00490322
9 17 -0.00315322
9 18 -0.0109574
9 19 -0.0183167
9 20 -0.0251407
9 21 -0.0312974
9 22 -0.0366494
9 23 -0.0412977
9 24 -0.0454174
9 25 -0.0486899
9 26 -0.0511833
9 27 -0.052895
9 28 -0.0537249
9 29 -0.0537393
9 30 -0.0530007
9 31 -0.051504
9 32 -0.0496472
9 33 -0.0470964
9 34 -0.0439215
9 35 -0.0402989
9 36 -0.0360898
9 37 -0.0318006
9 38 -0.0271676
9 39 -0.0224953
9 40 -0.0177315
9 41 -0.013101
9 42 -0.00854444
9 43 -0.00452647
9 44 -0.00103336
9 45 0.00191319
9 46 0.0044542
9 47 0.00663638
9 48 0.00811088
9 49 0.00902978
9 50 0.00948183
9 51 0.0092368
9 52 0.00851409
9 53 0.00713141
9 54 0.00500768
9 55 0.00253088
9 56 -0.000582387
9 57 -0.00405586
9 58 -0.00779805
9 59 -0.0121735
9 60 -0.0168825
9 61 -0.0221451
9 62 -0.0273206
9 63 -0.0322539
9 64 -0.0369669
9 65 -0.041958
9 66 -0.0464473
9 67 -0.0505917
9 68 -0.0539899
9 69 -0.0566586
9 70 -0.059055
9 71 -0.0606506
9 72 -0.0614271
9 73 -0.0612524
9 74 -0.0602842
9 75 -0.0585023
9 76 -0.0556987
9 77 -0.0520812
9 78 -0.0479759
9 79 -0.0430657
9 80 -0.0373515
9 81 -0.0309366
9 82 -0.0239215
9 83 -0.0162115
9 84 -0.00808891
9 85 0.000435511
9 86 0.00920863
9 87 0.0183678
9 88 0.0273902
9 89 0.0362073
9 90 0.0447379
9 91 0.0531068
9 92 0.061196
9 93 0.0685661
9 94 0.0750946
9 95 0.0807011
9 96 0.0855467
9 97 0.0894599
9 98 0.0923286
9 99 0.0940793
9 100 0.0117564
9 101 0

10 0 0
10 1 0.0107602
10 2 0.0861838
10 3 0.0846009
10 4 0.081807
10 5 0.0781447
10 6 0.0737254
10 7 0.0684259
10 8 0.0626316
10 9 0.0560097
10 10 0.0491347
10 11 0.0414286
10 12 0.0335522
10 13 0.0254411
10 14 0.0169585
10 15 0.0088944
10 16 0.000518633
10 17 -0.00721392
10 18 -0.0145869
10 19 -0.0213527
10 20 -0.0276982
10 21 -0.0335038
10 22 -0.0384928
10 23 -0.0428897
10 24 -0.0465646
10 25 -0.0495192
10 26 -0.0515536
10 27 -0.0529226
10 28 -0.0533057
10 29 -0.0529625
10 30 -0.0518845
10 31 -0.0500989
10 32 -0.0479172
10 33 -0.0451692
10 34 -0.0417033
10 35 -0.0378323
10 36 -0.0333635
10 37 -0.0289478
10 38 -0.0243576
10 39 -0.0196143
10 40 -0.0145928
10 41 -0.00989537
10 42 -0.00535691
10 43 -0.00117796
10 44 0.00251962
10 45 0.00571948
10 46 0.00832681
10 47 0.0109437
10 48 0.0124458
10 49 0.0133423
10 50 0.0136245
10 51 0.0135118
10 52 0.0127705
10 53 0.0113131
10 54 0.00933709
10 55 0.00679167
10 56 0.00338608
10 57 -0.000149835
10 58 -0.00410961
10 59 -0.00850772
10 60 -0.0132616
10 61 -0.0184861
10 62 -0.0236639
10 63 -0.028744
10 64 -0.0337184
10 65 -0.0385637
10 66 -0.0432152
10 67 -0.0475879
10 68 -0.0510811
10 69 -0.0542505
10 70 -0.0569432
10 71 -0.0587116
10 72 -0.0597688
10 73 -0.0600303
10 74 -0.0591286
10 75 -0.0577264
10 76 -0.0554497
10 77 -0.0524503
10 78 -0.0486384
10 79 -0.0439962
10 80 -0.0386102
10 81 -0.0326098
10 82 -0.0259555
10 83 -0.0188564
10 84 -0.0112588
10 85 -0.00306519
10 86 0.00523227
10 87 0.0140245
10 88 0.0224041
10 89 0.0308372
10 90 0.0390102
10 91 0.0468786
10 92 0.0544782
10 93 0.0612195
10 94 0.0674931
10 95 0.0727582
10 96 0.0774716
10 97 0.0811599
10 98 0.0838853
10 99 0.0854257
10 100 0.0106686
10 101 0

11 0 0
11 1 0.00953482
11 2 0.0762347
11 3 0.0746308
11 4 0.0720793
11 5 0.0687582
11 6 0.0647326
11 7 0.0599753
11 8 0.0542296
11 9 0.0480741
11 10 0.0414286
11 11 0.0345689
11 12 0.0269508
11 13 0.0191425
11 14 0.0113631
11 15 0.00344569
11 16 -0.00407287
11 17 -0.0114173
11 18 -0.0182867
11 19 -0.0245747
11 20 -0.0302896
11 21 -0.0355808
11 22 -0.0403344
11 23 -0.0445535
11 24 -0.047667
11 25 -0.0501273
11 26 -0.0517978
11 27 -0.0528262
11 28 -0.0528287
11 29 -0.052049
11 30 -0.0507671
11 31 -0.0486727
11 32 -0.0461347
11 33 -0.0428911
11 34 -0.0392385
11 35 -0.0351258
11 36 -0.0306392
11 37 -0.0257693
11 38 -0.0210859
11 39 -0.0163006
11 40 -0.0112988
11 41 -0.00613921
11 42 -0.00162315
11 43 0.00284013
11 44 0.00663963
11 45 0.0098859
11 46 0.0126854
11 47 0.0151753
11 48 0.016886
11 49 0.0180954
11 50 0.0183843
11 51 0.0183411
11 52 0.0173209
11 53 0.0160273
11 54 0.0137682
11 55 0.0112226
11 56 0.00805101
11 57 0.00434175
11 58 0.000115982
11 59 -0.00426584
11 60 -0.00912907
11 61 -0.0142789
11 62 -0.0198697
11 63 -0.0249733
11 64 -0.0299611
11 65 -0.0349218
11 66 -0.0397227
11 67 -0.0440662
11 68 -0.0480486
11 69 -0.0514839
11 70 -0.0546645
11 71 -0.0566476
11 72 -0.057839
11 73 -0.0584782
11 74 -0.0581182
11 75 -0.0569576
11 76 -0.0549943
11 77 -0.0525196
11 78 -0.0490299
11 79 -0.0449118
11 80 -0.0398778
11 81 -0.034356
11 82 -0.028147
11 83 -0.0214387
11 84 -0.0143763
11 85 -0.00691661
11 86 0.00110259
11 87 0.00921061
11 88 0.0172082
11 89 0.024976
11 90 0.0326163
11 91 0.0402429
11 92 0.047241
11 93 0.0538553
11 94 0.0595888
11 95 0.0646449
11 96 0.0688116
11 97 0.0723271
11 98 0.0747935
11 99 0.0762105
11 100 0.00952025
11 101 0

12 0 0
12 1 0.00822435
12 2 0.0658354
12 3 0.0644729
12 4 0.0619813
12 5 0.0590302
12 6 0.0554032
12 7 0.0509147
12 8 0.0455345
12 9 0.0396913
12 10 0.0335522
12 11 0.0269508
12 12 0.019974
12 13 0.0128695
12 14 0.0054423
12 15 -0.00201404
12 16 -0.00902788
12 17 -0.0157582
12 18 -0.022144
12 19 -0.0278928
12 20 -0.0330303
12 21 -0.0377839
12 22 -0.0421247
12 23 -0.0458628
12 24 -0.0486023
12 25 -0.0504851
12 26 -0.051791
12 27 -0.0523265
12 28 -0.0520641
12 29 -0.0511184
12 30 -0.049434
12 31 -0.0468537
12 32 -0.0437632
12 33 -0.0404235
12 34 -0.0365646
12 35 -0.0321791
12 36 -0.0275629
12 37 -0.0225874
12 38 -0.0176771
12 39 -0.0126857
12 40 -0.00753351
12 41 -0.00247112
12 42 0.00249067
12 43 0.00714151
12 44 0.0111575
12 45 0.0144296
12 46 0.0171217
12 47 0.0195691
12 48 0.0216399
12 49 0.0229113
12 50 0.0234816
12 51 0.0233903
12 52 0.0223501
12 53 0.020656
12 54 0.0185245
12 55 0.0158608
12 56 0.0127278
12 57 0.00918851
12 58 0.00497593
12 59 0.00029528
12 60 -0.00472649
12 61 -0.0101502
12 62 -0.0155471
12 63 -0.0207862
12 64 -0.026067
12 65 -0.031071
12 66 -0.0358519
12 67 -0.0404409
12 68 -0.0446494
12 69 -0.0485157
12 70 -0.0517252
12 71 -0.054009
12 72 -0.0557501
12 73 -0.0567747
12 74 -0.0566688
12 75 -0.0558098
12 76 -0.0544521
12 77 -0.0522817
12 78 -0.0492616
12 79 -0.0454437
12 80 -0.0410021
12 81 -0.0360397
12 82 -0.0304213
12 83 -0.0243042
12 84 -0.0177964
12 85 -0.0107464
12 86 -0.00328192
12 87 0.00429427
12 88 0.0117168
12 89 0.0188628
12 90 0.0260148
12 91 0.033075
12 92 0.039621
12 93 0.0458791
12 94 0.0514383
12 95 0.0561264
12 96 0.0600304
12 97 0.0631056
12 98 0.0651773
12 99 0.0666352
12 100 0.00833998
12 101 0

13 0 0
13 1 0.00689591
13 2 0.0551706
13 3 0.0539541
13 4 0.0518326
13 5 0.0489578
13 6 0.0455715
13 7 0.0413598
13 8 0.0364138
13 9 0.0310852
13 10 0.0254411
13 11 0.0191425
13 12 0.0128695
13 13 0.00638274
13 14 -0.00054224
13 15 -0.0074501
13 16 -0.0140547
13 17 -0.0201884
13 18 -0.0260858
13 19 -0.0312295
13 20 -0.0358764
13 21 -0.040093
13 22 -0.0437818
13 23 -0.0469718
13 24 -0.0491401
13 25 -0.0507097
13 26 -0.0517061
13 27 -0.0516578
13 28 -0.0510219
13 29 -0.0496514
13 30 -0.0476804
13 31 -0.0447314
13 32 -0.0413123
13 33 -0.0376679
13 34 -0.0336407
13 35 -0.0290528
13 36 -0.024246
13 37 -0.0192553
13 38 -0.0139704
13 39 -0.00873032
13 40 -0.0033922
13 41 0.00176842
13 42 0.00684723
13 43 0.0114163
13 44 0.0155559
13 45 0.0189846
13 46 0.0220558
13 47 0.0246189
13 48 0.0266737
13 49 0.0278733
13 50 0.0285323
13 51 0.0283515
13 52 0.0275284
13 53 0.0259102
13 54 0.0237068
13 55 0.0207785
13 56 0.017721
13 57 0.0140057
13 58 0.00992804
13 59 0.00520417
13 60 7.411e-05
13 61 -0.00546973
13 62 -0.0109246
13 63 -0.0163448
13 64 -0.0217075
13 65 -0.0269965
13 66 -0.0318742
13 67 -0.036513
13 68 -0.0409099
13 69 -0.0450233
13 70 -0.0484907
13 71 -0.0510751
13 72 -0.053404
13 73 -0.0546531
13 74 -0.0548849
13 75 -0.0543983
13 76 -0.0536122
13 77 -0.0518427
13 78 -0.0492301
13 79 -0.0459925
13 80 -0.0420185
13 81 -0.037634
13 82 -0.0327116
13 83 -0.0271652
13 84 -0.0212777
13 85 -0.0147377
13 86 -0.00777363
13 87 -0.000754046
13 88 0.00602386
13 89 0.0126946
13 90 0.019309
13 91 0.0257145
13 92 0.0318408
13 93 0.0375407
13 94 0.0427368
13 95 0.0471084
13 96 0.0508995
13 97 0.0535458
13 98 0.0554449
13 99 0.0568163
13 100 0.0071153
13 101 0

14 0 0
14 1 0.00556297
14 2 0.0444286
14 3 0.043276
14 4 0.0415704
14 5 0.0390269
14 6 0.0358207
14 7 0.0319704
14 8 0.0273786
14 9 0.0224439
14 10 0.0169585
14 11 0.0113631
14 12 0.0054423
14 13 -0.00054224
14 14 -0.00656749
14 15 -0.0131401
14 16 -0.0189233
14 17 -0.0246459
14 18 -0.0299042
14 19 -0.0344794
14 20 -0.0387106
14 21 -0.0422971
14 22 -0.0452037
14 23 -0.0479151
14 24 -0.0497793
14 25 -0.0508302
14 26 -0.0514608
14 27 -0.0508589
14 28 -0.049529
14 29 -0.047757
14 30 -0.0455646
14 31 -0.0425847
14 32 -0.0388856
14 33 -0.0347461
14 34 -0.0302119
14 35 -0.0254854
14 36 -0.02088
14 37 -0.0154961
14 38 -0.00991707
14 39 -0.00456457
14 40 0.000852906
14 41 0.00633347
14 42 0.0113964
14 43 0.0160678
14 44 0.0201661
14 45 0.0239072
14 46 0.0273514
14 47 0.0299655
14 48 0.0319964
14 49 0.0331589
14 50 0.0337038
14 51 0.0335579
14 52 0.0327405
14 53 0.0315182
14 54 0.0292223
14 55 0.0263533
14 56 0.0232332
14 57 0.0191313
14 58 0.0147967
14 59 0.0103285
14 60 0.00514155
14 61 -0.000357056
14 62 -0.0060536
14 63 -0.0117002
14 64 -0.0171859
14 65 -0.0225537
14 66 -0.0275901
14 67 -0.0322619
14 68 -0.0368945
14 69 -0.0411898
14 70 -0.0449837
14 71 -0.0480606
14 72 -0.0503705
14 73 -0.0520425
14 74 -0.0530686
14 75 -0.0530488
14 76 -0.0525917
14 77 -0.0511352
14 78 -0.0490131
14 79 -0.0464323
14 80 -0.042976
14 81 -0.0391762
14 82 -0.0349098
14 83 -0.0299686
14 84 -0.0247019
14 85 -0.0188294
14 86 -0.0124065
14 87 -0.00620916
14 88 0.000273582
14 89 0.00631841
14 90 0.0123761
14 91 0.0184192
14 92 0.0239901
14 93 0.0294041
14 94 0.034049
14 95 0.0380036
14 96 0.0413967
14 97 0.0440614
14 98 0.0458474
14 99 0.0468832
14 100 0.00585466
14 101 0

15 0 0
15 1 0.00421241
15 2 0.0337856
15 3 0.0329262
15 4 0.0314177
15 5 0.0290664
15 6 0.0259172
15 7 0.0223786
15 8 0.0181536
15 9 0.0136545
15 10 0.0088944
15 11 0.00344569
15 12 -0.00201404
15 13 -0.0074501
15 14 -0.0131401
15 15 -0.0185764
15 16 -0.0239485
15 17 -0.0289441
15 18 -0.0333848
15 19 -0.0374724
15 20 -0.0410499
15 21 -0.0442364
15 22 -0.046557
15 23 -0.0486317
15 24 -0.0499702
15 25 -0.0507897
15 26 -0.0507357
15 27 -0.0496009
15 28 -0.0480295
15 29 -0.0459114
15 30 -0.0431901
15 31 -0.0399273
15 32 -0.0361113
15 33 -0.0316684
15 34 -0.0269966
15 35 -0.0219951
15 36 -0.0168714
15 37 -0.0114165
15 38 -0.00580423
15 39 -0.000192414
15 40 0.00543034
15 41 0.0107837
15 42 0.0159854
15 43 0.0208115
15 44 0.0250343
15 45 0.0289986
15 46 0.0323064
15 47 0.0351895
15 48 0.0371521
15 49 0.0383877
15 50 0.0391511
15 51 0.0392047
15 52 0.0383248
15 53 0.0368443
15 54 0.0347133
15 55 0.0318469
15 56 0.0283391
15 57 0.0245481
15 58 0.0200799
15 59 0.0153578
15 60 0.0102507
15 61 0.00472959
15 62 -0.000788315
15 63 -0.00670266
15 64 -0.0125144
15 65 -0.0177308
15 66 -0.0230704
15 67 -0.0281722
15 68 -0.0328741
15 69 -0.0371761
15 70 -0.0411023
15 71 -0.0444015
15 72 -0.0472887
15 73 -0.0493204
15 74 -0.0505599
15 75 -0.0512794
15 76 -0.0511177
15 77 -0.0501758
15 78 -0.0486138
15 79 -0.0465178
15 80 -0.0437424
15 81 -0.0406194
15 82 -0.0368023
15 83 -0.0326969
15 84 -0.0278589
15 85 -0.0226661
15 86 -0.0172161
15 87 -0.0117147
15 88 -0.00607673
15 89 -6.66587e-05
15 90 0.00558481
15 91 0.0110619
15 92 0.0161339
15 93 0.020831
15 94 0.0252646
15 95 0.0290935
15 96 0.0322222
15 97 0.0346283
15 98 0.03626
15 99 0.0370207
15 100 0.00460965
15 101 0

16 0 0
16 1 0.00292234
16 2 0.0234083
16 3 0.0226134
16 4 0.0211474
16 5 0.0191513
16 6 0.0162753
16 7 0.0129648
16 8 0.00919531
16 9 0.00490322
16 10 0.000518633
16 11 -0.00407287
16 12 -0.00902788
16 13 -0.0140547
16 14 -0.0189233
16 15 -0.0239485
16 16 -0.0286688
16 17 -0.0330777
16 18 -0.0367892
16 19 -0.0402958
16 20 -0.0433689
16 21 -0.0459657
16 22 -0.0478242
16 23 -0.0491233
16 24 -0.0500395
16 25 -0.0503519
16 26 -0.0497469
16 27 -0.0482996
16 28 -0.0463738
16 29 -0.0436575
16 30 -0.0403752
16 31 -0.0366874
16 32 -0.0327277
16 33 -0.0280484
16 34 -0.0232429
16 35 -0.0181264
16 36 -0.0128519
16 37 -0.00705796
16 38 -0.00128312
16 39 0.00430688
16 40 0.00993334
16 41 0.0154614
16 42 0.0206548
16 43 0.0255829
16 44 0.0298724
16 45 0.03389
16 46 0.0372964
16 47 0.0400349
16 48 0.0420916
16 49 0.0434716
16 50 0.0443212
16 51 0.0443037
16 52 0.0434486
16 53 0.0419517
16 54 0.0398993
16 55 0.0370636
16 56 0.0336468
16 57 0.029834
16 58 0.0252856
16 59 0.0206296
16 60 0.0154851
16 61 0.0100514
16 62 0.00441494
16 63 -0.00158296
16 64 -0.00731955
16 65 -0.0127953
16 66 -0.0183159
16 67 -0.0233518
16 68 -0.0282025
16 69 -0.0326009
16 70 -0.0369041
16 71 -0.0404824
16 72 -0.0435766
16 73 -0.0461195
16 74 -0.0480633
16 75 -0.0493097
16 76 -0.0495836
16 77 -0.0490183
16 78 -0.0480209
16 79 -0.0463994
16 80 -0.0443332
16 81 -0.041737
16 82 -0.0386237
16 83 -0.0351751
16 84 -0.0310394
16 85 -0.0266112
16 86 -0.0217042
16 87 -0.0166772
16 88 -0.0113897
16 89 -0.00625634
16 90 -0.00117922
16 91 0.00373008
16 92 0.00830577
16 93 0.0126042
16 94 0.0165727
16 95 0.0200902
16 96 0.0229632
16 97 0.0251899
16 98 0.0266837
16 99 0.0274117
16 100 0.00341676
16 101 0

17 0 0
17 1 0.00166113
17 2 0.0133111
17 3 0.0126636
17 4 0.0113242
17 5 0.00929015
17 6 0.00669674
17 7 0.0038767
17 8 0.000586939
17 9 -0.00315322
17 10 -0.00721392
17 11 -0.0114173
17 12 -0.0157582
17 13 -0.0201884
17 14 -0.0246459
17 15 -0.0289441
17 16 -0.0330777
17 17 -0.0367677
17 18 -0.040062
17 19 -0.0429415
17 20 -0.0452336
17 21 -0.0475398
17 22 -0.0489449
17 23 -0.0496848
17 24 -0.0497577
17 25 -0.0494226
17 26 -0.0481744
17 27 -0.0465002
17 28 -0.0442051
17 29 -0.0411969
17 30 -0.0375731
17 31 -0.0336179
17 32 -0.0295139
17 33 -0.0245431
17 34 -0.0195908
17 35 -0.0140946
17 36 -0.00867385
17 37 -0.00279261
17 38 0.00306788
17 39 0.00895177
17 40 0.0145468
17 41 0.020171
17 42 0.0253947
17 43 0.0304916
17 44 0.0346159
17 45 0.0387749
17 46 0.0417515
17 47 0.044735
17 48 0.0467471
17 49 0.0485312
17 50 0.049208
17 51 0.0492646
17 52 0.0483477
17 53 0.0469774
17 54 0.0446703
17 55 0.0422103
17 56 0.0386126
17 57 0.0351329
17 58 0.0305952
17 59 0.0258988
17 60 0.020623
17 61 0.0153982
17 62 0.0096555
17 63 0.00372028
17 64 -0.00224434
17 65 -0.00783337
17 66 -0.0135773
17 67 -0.0185336
17 68 -0.0236804
17 69 -0.0281355
17 70 -0.0325891
17 71 -0.0364578
17 72 -0.0397202
17 73 -0.0426696
17 74 -0.0449598
17 75 -0.0467375
17 76 -0.0473998
17 77 -0.0477264
17 78 -0.0472665
17 79 -0.0463137
17 80 -0.0447133
17 81 -0.0427736
17 82 -0.0401873
17 83 -0.037357
17 84 -0.0338203
17 85 -0.0300171
17 86 -0.0259386
17 87 -0.0214546
17 88 -0.0168969
17 89 -0.0121845
17 90 -0.00773922
17 91 -0.00319984
17 92 0.00100687
17 93 0.00477984
17 94 0.00814103
17 95 0.0112116
17 96 0.0138031
17 97 0.0158347
17 98 0.0172773
17 99 0.0180583
17 100 0.00226684
17 101 0

18 0 0
18 1 0.000460408
18 2 0.00365397
18 3 0.00304513
18 4 0.00194622
18 5 0.000150284
18 6 -0.00215416
18 7 -0.00483573
18 8 -0.0077081
18 9 -0.0109574
18 10 -0.0145869
18 11 -0.0182867
18 12 -0.022144
18 13 -0.0260858
18 14 -0.0299042
18 15 -0.0333848
18 16 -0.0367892
18 17 -0.040062
18 18 -0.0430126
18 19 -0.0453302
18 20 -0.047141
18 21 -0.0487237
18 22 -0.0495384
18 23 -0.0497158
18 24 -0.0492227
18 25 -0.0481429
18 26 -0.0464965
18 27 -0.0443324
18 28 -0.0415933
18 29 -0.0382629
18 30 -0.0344349
18 31 -0.0302647
18 32 -0.0257181
18 33 -0.0208149
18 34 -0.0154897
18 35 -0.00980158
18 36 -0.00421178
18 37 0.0014851
18 38 0.00738381
18 39 0.0133202
18 40 0.0191219
18 41 0.0247976
18 42 0.0302509
18 43 0.0351989
18 44 0.0394989
18 45 0.0434373
18 46 0.0466679
18 47 0.0494309
18 48 0.0514643
18 49 0.0529441
18 50 0.0536962
18 51 0.0535018
18 52 0.0529157
18 53 0.0517057
18 54 0.0496419
18 55 0.0471601
18 56 0.0439213
18 57 0.0402468
18 58 0.0359367
18 59 0.0310494
18 60 0.0259313
18 61 0.0205976
18 62 0.0148445
18 63 0.00883778
18 64 0.00277555
18 65 -0.00292719
18 66 -0.00829345
18 67 -0.0134776
18 68 -0.0185669
18 69 -0.0234488
18 70 -0.0279428
18 71 -0.0320714
18 72 -0.0357078
18 73 -0.0387605
18 74 -0.0416178
18 75 -0.0438091
18 76 -0.0451089
18 77 -0.0459738
18 78 -0.0461268
18 79 -0.0457491
18 80 -0.0448337
18 81 -0.0434149
18 82 -0.0415359
18 83 -0.039188
18 84 -0.0363015
18 85 -0.033253
18 86 -0.0297748
18 87 -0.0258093
18 88 -0.0217725
18 89 -0.017764
18 90 -0.0138644
18 91 -0.0098613
18 92 -0.00619459
18 93 -0.0029379
18 94 6.17715e-05
18 95 0.00284762
18 96 0.00540325
18 97 0.00720163
18 98 0.00834786
18 99 0.00898728
18 100 0.00113391
18 101 0

19 0 0
19 1 -0.000662563
19 2 -0.00543085
19 3 -0.00606665
19 4 -0.00708916
19 5 -0.00863846
19 6 -0.0107149
19 7 -0.0130366
19 8 -0.0154905
19 9 -0.0183167
19 10 -0.0213527
19 11 -0.0245747
19 12 -0.0278928
19 13 -0.0312295
19 14 -0.0344794
19 15 -0.0374724
19 16 -0.0402958
19 17 -0.0429415
19 18 -0.0453302
19 19 -0.0470941
19 20 -0.0484095
19 21 -0.0492997
19 22 -0.0495607
19 23 -0.0493083
19 24 -0.048193
19 25 -0.0467199
19 26 -0.0446196
19 27 -0.0419787
19 28 -0.0387753
19 29 -0.0350128
19 30 -0.03104
19 31 -0.0265861
19 32 -0.0217465
19 33 -0.016669
19 34 -0.0114138
19 35 -0.00563506
19 36 -1.28897e-05
19 37 0.00591336
19 38 0.0118393
19 39 0.0178083
19 40 0.0235631
19 41 0.0292956
19 42 0.0347342
19 43 0.0396066
19 44 0.0437518
19 45 0.0477565
19 46 0.0510241
19 47 0.0538263
19 48 0.0557397
19 49 0.0571964
19 50 0.0580262
19 51 0.0579063
19 52 0.0572909
19 53 0.0559221
19 54 0.05394
19 55 0.0517179
19 56 0.0486257
19 57 0.0450144
19 58 0.0408562
19 59 0.0361634
19 60 0.0309813
19 61 0.0257447
19 62 0.0198819
19 63 0.013987
19 64 0.00800187
19 65 0.0022906
19 66 -0.00327115
19 67 -0.00839151
19 68 -0.0136228
19 69 -0.0184515
19 70 -0.0230509
19 71 -0.0274343
19 72 -0.0313764
19 73 -0.0348593
19 74 -0.0380791
19 75 -0.0406343
19 76 -0.0423509
19 77 -0.0437991
19 78 -0.0446427
19 79 -0.0449922
19 80 -0.0445633
19 81 -0.0437225
19 82 -0.0424262
19 83 -0.0405454
19 84 -0.0383084
19 85 -0.0358251
19 86 -0.0329596
19 87 -0.0296012
19 88 -0.0262236
19 89 -0.0228653
19 90 -0.0196104
19 91 -0.0162151
19 92 -0.0129784
19 93 -0.0102036
19 94 -0.00751749
19 95 -0.00496407
19 96 -0.00274904
19 97 -0.00120078
19 98 -9.36293e-05
19 99 0.000360465
19 100 4.63476e-05
19 101 0

20 0 0
20 1 -0.00171595
20 2 -0.0138771
20 3 -0.0144598
20 4 -0.0153597
20 5 -0.0167017
20 6 -0.0182899
20 7 -0.0204864
20 8 -0.0226109
20 9 -0.0251407
20 10 -0.0276982
20 11 -0.0302896
20 12 -0.0330303
20 13 -0.0358764
20 14 -0.0387106
20 15 -0.0410499
20 16 -0.0433689
20 17 -0.0452336
20 18 -0.047141
20 19 -0.0484095
20 20 -0.0490853
20 21 -0.0494291
20 22 -0.0491125
20 23 -0.0484102
20 24 -0.0467952
20 25 -0.0449312
20 26 -0.0422638
20 27 -0.0391148
20 28 -0.035571
20 29 -0.0315537
20 30 -0.0272473
20 31 -0.0226403
20 32 -0.0175838
20 33 -0.0123439
20 34 -0.00688035
20 35 -0.00122028
20 36 0.004684
20 37 0.0104062
20 38 0.0163059
20 39 0.0220911
20 40 0.0277255
20 41 0.0333797
20 42 0.0387653
20 43 0.0438001
20 44 0.0478452
20 45 0.0518348
20 46 0.055109
20 47 0.0577355
20 48 0.0596346
20 49 0.0610125
20 50 0.0616606
20 51 0.0616815
20 52 0.061141
20 53 0.0599016
20 54 0.0581172
20 55 0.0558965
20 56 0.0529821
20 57 0.0495635
20 58 0.0453127
20 59 0.0408264
20 60 0.0357355
20 61 0.0303577
20 62 0.0247575
20 63 0.0191065
20 64 0.0133406
20 65 0.00762396
20 66 0.00226036
20 67 -0.00309727
20 68 -0.00834807
20 69 -0.0131791
20 70 -0.017906
20 71 -0.0225762
20 72 -0.026801
20 73 -0.030701
20 74 -0.0341552
20 75 -0.0371669
20 76 -0.0394723
20 77 -0.0415091
20 78 -0.0427592
20 79 -0.0435292
20 80 -0.0436689
20 81 -0.0435867
20 82 -0.042748
20 83 -0.0415086
20 84 -0.0399575
20 85 -0.0378843
20 86 -0.0357422
20 87 -0.033017
20 88 -0.0303026
20 89 -0.0275225
20 90 -0.0248134
20 91 -0.0219326
20 92 -0.0192621
20 93 -0.0168481
20 94 -0.0142933
20 95 -0.0122558
20 96 -0.0104009
20 97 -0.00915541
20 98 -0.00810184
20 99 -0.00773118
20 100 -0.000961029
20 101 0

21 0 0
21 1 -0.00267564
21 2 -0.0216246
21 3 -0.0221527
21 4 -0.0229037
21 5 -0.0239985
21 6 -0.0252536
21 7 -0.0270909
21 8 -0.0291459
21 9 -0.0312974
21 10 -0.0335038
21 11 -0.0355808
21 12 -0.0377839
21 13 -0.040093
21 14 -0.0422971
21 15 -0.0442364
21 16 -0.0459657
21 17 -0.0475398
21 18 -0.0487237
21 19 -0.0492997
21 20 -0.0494291
21 21 -0.0487514
21 22 -0.0479783
21 23 -0.046682
21 24 -0.0449466
21 25 -0.0426224
21 26 -0.039633
21 27 -0.0361281
21 28 -0.0323499
21 29 -0.0278991
21 30 -0.02337
21 31 -0.0186552
21 32 -0.013376
21 33 -0.00797599
21 34 -0.00244551
21 35 0.00332906
21 36 0.00912452
21 37 0.0147849
21 38 0.0205867
21 39 0.026136
21 40 0.0316001
21 41 0.0370167
21 42 0.042282
21 43 0.0472055
21 44 0.0515753
21 45 0.0551663
21 46 0.0585909
21 47 0.0610057
21 48 0.0631053
21 49 0.064376
21 50 0.0648219
21 51 0.0649903
21 52 0.0643852
21 53 0.0632764
21 54 0.0617356
21 55 0.0594584
21 56 0.0568476
21 57 0.0532885
21 58 0.0494336
21 59 0.0448573
21 60 0.0398482
21 61 0.0346921
21 62 0.0294328
21 63 0.023904
21 64 0.0183469
21 65 0.0128677
21 66 0.00760472
21 67 0.0021512
21 68 -0.00306523
21 69 -0.00807626
21 70 -0.0129073
21 71 -0.0176733
21 72 -0.0221789
21 73 -0.0262008
21 74 -0.030182
21 75 -0.0335162
21 76 -0.0363167
21 77 -0.0385743
21 78 -0.0403769
21 79 -0.0414448
21 80 -0.0423467
21 81 -0.0428901
21 82 -0.042897
21 83 -0.0422518
21 84 -0.0414079
21 85 -0.0399102
21 86 -0.0381062
21 87 -0.0360465
21 88 -0.0339923
21 89 -0.0318028
21 90 -0.0293497
21 91 -0.0271457
21 92 -0.0250448
21 93 -0.0228667
21 94 -0.0206654
21 95 -0.0189266
21 96 -0.017486
21 97 -0.0162967
21 98 -0.0154199
21 99 -0.0152256
21 100 -0.00190748
21 101 0

22 0 0
22 1 -0.00354156
22 2 -0.0286276
22 3 -0.0291108
22 4 -0.0297208
22 5 -0.0307281
22 6 -0.0317656
22 7 -0.0332433
22 8 -0.0348668
22 9 -0.0366494
22 10 -0.0384928
22 11 -0.0403344
22 12 -0.0421247
22 13 -0.0437818
22 14 -0.0452037
22 15 -0.046557
22 16 -0.0478242
22 17 -0.0489449
22 18 -0.0495384
22 19 -0.0495607
22 20 -0.0491125
22 21 -0.0479783
22 22 -0.0465988
22 23 -0.0448562
22 24 -0.0426439
22 25 -0.0398247
22 26 -0.0364181
22 27 -0.0327543
22 28 -0.0287568
22 29 -0.024181
22 30 -0.0194405
22 31 -0.0145861
22 32 -0.00920273
22 33 -0.00366015
22 34 0.00212917
22 35 0.00765605
22 36 0.0133473
22 37 0.0190642
22 38 0.02481
22 39 0.0302703
22 40 0.0355569
22 41 0.040865
22 42 0.0457048
22 43 0.0504728
22 44 0.0547596
22 45 0.0582922
22 46 0.061523
22 47 0.0639813
22 48 0.0660389
22 49 0.0674157
22 50 0.0679756
22 51 0.0680993
22 52 0.0676017
22 53 0.0665412
22 54 0.0648024
22 55 0.0626242
22 56 0.060021
22 57 0.0566376
22 58 0.0530002
22 59 0.0488351
22 60 0.0441436
22 61 0.0393039
22 62 0.0340169
22 63 0.0287161
22 64 0.0234088
22 65 0.0179913
22 66 0.0126969
22 67 0.00730849
22 68 0.00206789
22 69 -0.00326761
22 70 -0.00813943
22 71 -0.0128765
22 72 -0.0173161
22 73 -0.0216053
22 74 -0.0257803
22 75 -0.0293982
22 76 -0.0325395
22 77 -0.035352
22 78 -0.0377004
22 79 -0.0395133
22 80 -0.0409819
22 81 -0.041985
22 82 -0.0423931
22 83 -0.0423846
22 84 -0.041982
22 85 -0.0410252
22 86 -0.0398615
22 87 -0.0385286
22 88 -0.0370291
22 89 -0.0354791
22 90 -0.0335857
22 91 -0.0318317
22 92 -0.0302177
22 93 -0.0284351
22 94 -0.0266655
22 95 -0.0251552
22 96 -0.0238369
22 97 -0.0229191
22 98 -0.02217
22 99 -0.0220723
22 100 -0.00276734
22 101 0

23 0 0
23 1 -0.00435031
23 2 -0.034941
23 3 -0.0351281
23 4 -0.0355077
23 5 -0.0363705
23 6 -0.0371271
23 7 -0.0383125
23 8 -0.0398178
23 9 -0.0412977
23 10 -0.0428897
23 11 -0.0445535
23 12 -0.0458628
23 13 -0.0469718
23 14 -0.0479151
23 15 -0.0486317
23 16 -0.0491233
23 17 -0.0496848
23 18 -0.0497158
23 19 -0.0493083
23 20 -0.0484102
23 21 -0.046682
23 22 -0.0448562
23 23 -0.0423998
23 24 -0.0396989
23 25 -0.0364266
23 26 -0.0328371
23 27 -0.0289037
23 28 -0.0248184
23 29 -0.02028
23 30 -0.0153747
23 31 -0.0103568
23 32 -0.00482971
23 33 0.000752493
23 34 0.00646416
23 35 0.0119999
23 36 0.017523
23 37 0.0229778
23 38 0.0285389
23 39 0.0339296
23 40 0.0390861
23 41 0.0441056
23 42 0.0489034
23 43 0.0534451
23 44 0.0575966
23 45 0.0609304
23 46 0.0642018
23 47 0.0663795
23 48 0.0684815
23 49 0.0696342
23 50 0.0702299
23 51 0.0705138
23 52 0.0701858
23 53 0.0691301
23 54 0.0677293
23 55 0.0654631
23 56 0.0629566
23 57 0.05958
23 58 0.0561046
23 59 0.0522102
23 60 0.0479454
23 61 0.043229
23 62 0.0382676
23 63 0.0330376
23 64 0.0279244
23 65 0.022698
23 66 0.0176874
23 67 0.0124669
23 68 0.00719081
23 69 0.00177613
23 70 -0.00319704
23 71 -0.00794431
23 72 -0.0125782
23 73 -0.0168882
23 74 -0.0211
23 75 -0.0248894
23 76 -0.0284976
23 77 -0.0316424
23 78 -0.0345757
23 79 -0.0368901
23 80 -0.0390025
23 81 -0.0404225
23 82 -0.0414
23 83 -0.0420433
23 84 -0.0422351
23 85 -0.0418828
23 86 -0.0414441
23 87 -0.0407871
23 88 -0.0397732
23 89 -0.0386592
23 90 -0.0372549
23 91 -0.0360758
23 92 -0.0346406
23 93 -0.0332051
23 94 -0.0318329
23 95 -0.0305522
23 96 -0.0295484
23 97 -0.0289303
23 98 -0.0283816
23 99 -0.0282914
23 100 -0.00353645
23 101 0

24 0 0
24 1 -0.00504498
24 2 -0.0405549
24 3 -0.040628
24 4 -0.0409302
24 5 -0.0416041
24 6 -0.0421877
24 7 -0.0430714
24 8 -0.0441481
24 9 -0.0454174
24 10 -0.0465646
24 11 -0.047667
24 12 -0.0486023
24 13 -0.0491401
24 14 -0.0497793
24 15 -0.0499702
24 16 -0.0500395
24 17 -0.0497577
24 18 -0.0492227
24 19 -0.048193
24 20 -0.0467952
24 21 -0.0449466
24 22 -0.0426439
24 23 -0.0396989
24 24 -0.0364243
24 25 -0.0328599
24 26 -0.0291142
24 27 -0.0250442
24 28 -0.0207346
24 29 -0.016209
24 30 -0.011307
24 31 -0.00615074
24 32 -0.000641691
24 33 0.00471818
24 34 0.0104648
24 35 0.0159706
24 36 0.0215173
24 37 0.0269231
24 38 0.0322117
24 39 0.0374781
24 40 0.0425575
24 41 0.0473731
24 42 0.0517287
24 43 0.055986
24 44 0.0598618
24 45 0.0632027
24 46 0.0661743
24 47 0.0685051
24 48 0.0703445
24 49 0.0716995
24 50 0.0722584
24 51 0.072622
24 52 0.0721575
24 53 0.0713276
24 54 0.0698272
24 55 0.0677918
24 56 0.0653682
24 57 0.0623241
24 58 0.0589094
24 59 0.0553227
24 60 0.0513609
24 61 0.0470031
24 62 0.0422445
24 63 0.0373377
24 64 0.0323044
24 65 0.0273036
24 66 0.0222897
24 67 0.0170696
24 68 0.0119977
24 69 0.00663638
24 70 0.00176564
24 71 -0.00315102
24 72 -0.00783565
24 73 -0.012147
24 74 -0.0163537
24 75 -0.0204471
24 76 -0.0243958
24 77 -0.0278818
24 78 -0.0311064
24 79 -0.0339517
24 80 -0.0364315
24 81 -0.0383783
24 82 -0.0399025
24 83 -0.0411384
24 84 -0.041836
24 85 -0.0420698
24 86 -0.0423777
24 87 -0.0421967
24 88 -0.0418423
24 89 -0.0411273
24 90 -0.040417
24 91 -0.0396025
24 92 -0.038569
24 93 -0.0375596
24 94 -0.0366904
24 95 -0.0358536
24 96 -0.034939
24 97 -0.034649
