0 0 0
0 1 0
0 2 0
0 3 0
0 4 0
0 5 0
0 6 0
0 7 0
0 8 0
0 9 0
0 10 0
0 11 0
0 12 0
0 13 0
0 14 0
0 15 0
0 16 0
0 17 0
0 18 0
0 19 0
0 20 0
0 21 0
0 22 0
0 23 0
0 24 0
0 25 0
0 26 0
0 27 0
0 28 0
0 29 0
0 30 0
0 31 0
0 32 0
0 33 0
0 34 0
0 35 0
0 36 0
0 37 0
0 38 0
0 39 0
0 40 0
0 41 0
0 42 0
0 43 0
0 44 0
0 45 0
0 46 0
0 47 0
0 48 0
0 49 0
0 50 0
0 51 0
0 52 0
0 53 0
0 54 0
0 55 0
0 56 0
0 57 0
0 58 0
0 59 0
0 60 0
0 61 0
0 62 0
0 63 0
0 64 0
0 65 0
0 66 0
0 67 0
0 68 0
0 69 0
0 70 0
0 71 0
0 72 0
0 73 0
0 74 0
0 75 0
0 76 0
0 77 0
0 78 0
0 79 0
0 80 0
0 81 0
0 82 0
0 83 0
0 84 0
0 85 0
0 86 0
0 87 0
0 88 0
0 89 0
0 90 0
0 91 0
0 92 0
0 93 0
0 94 0
0 95 0
0 96 0
0 97 0
0 98 0
0 99 0
0 100 0
0 101 0

1 0 0
1 1 0
1 2 0.145769
1 3 0.144264
1 4 0.141566
1 5 0.137724
1 6 0.132799
1 7 0.126881
1 8 0.120079
1 9 0.112487
1 10 0.104223
1 11 0.0953793
1 12 0.0861173
1 13 0.0766008
1 14 0.066979
1 15 0.0573952
1 16 0.0480131
1 17 0.0389786
1 18 0.0304476
1 19 0.0225206
1 20 0.0153384
1 21 0.00901462
1 22 0.00363107
1 23 -0.000721413
1 24 -0.00398918
1 25 -0.00610653
1 26 -0.00705575
1 27 -0.00681778
1 28 -0.00541253
1 29 -0.00286852
1 30 0.000773058
1 31 0.00544917
1 32 0.0110724
1 33 0.0175586
1 34 0.0247972
1 35 0.0326566
1 36 0.0409921
1 37 0.049649
1 38 0.0584784
1 39 0.0673393
1 40 0.0761075
1 41 0.0846475
1 42 0.092798
1 43 0.100405
1 44 0.107393
1 45 0.11359
1 46 0.118943
1 47 0.123274
1 48 0.126614
1 49 0.128827
1 50 0.12996
1 51 0.129884
1 52 0.128707
1 53 0.126349
1 54 0.122935
1 55 0.118442
1 56 0.11302
1 57 0.106673
1 58 0.0996132
1 59 0.091897
1 60 0.0836872
1 61 0.0750897
1 62 0.0662421
1 63 0.0573054
1 64 0.0484149
1 65 0.0397102
1 66 0.0313415
1 67 0.0234593
1 68 0.0162192
1 69 0.0097241
1 70 0.00406745
1 71 -0.000614791
1 72 -0.00423494
1 73 -0.00673284
1 74 -0.00808737
1 75 -0.00826965
1 76 -0.00727119
1 77 -0.00509752
1 78 -0.00179294
1 79 0.00263182
1 80 0.00808432
1 81 0.0144642
1 82 0.0217102
1 83 0.0297068
1 84 0.0383267
1 85 0.0474258
1 86 0.0569005
1 87 0.0665636
1 88 0.0762244
1 89 0.0857782
1 90 0.0950915
1 91 0.103989
1 92 0.112316
1 93 0.119962
1 94 0.126817
1 95 0.132774
1 96 0.137724
1 97 0.141571
1 98 0.144262
1 99 0.14577
1 100 0
1 101 0

2 0 0
2 1 0.145769
2 2 1.17141
2 3 1.15927
2 4 1.13759
2 5 1.10675
2 6 1.06725
2 7 1.01975
2 8 0.965062
2 9 0.903988
2 10 0.837451
2 11 0.766453
2 12 0.692116
2 13 0.61564
2 14 0.538301
2 15 0.461291
2 16 0.385854
2 17 0.313227
2 18 0.244566
2 19 0.180924
2 20 0.123252
2 21 0.0724254
2 22 0.0291773
2 23 -0.00581031
2 24 -0.0320317
2 25 -0.0490698
2 26 -0.0567007
2 27 -0.0548277
2 28 -0.0435465
2 29 -0.0230737
2 30 0.00620355
2 31 0.0437543
2 32 0.0889912
2 33 0.141139
2 34 0.199266
2 35 0.262356
2 36 0.329262
2 37 0.398813
2 38 0.469806
2 39 0.541091
2 40 0.611573
2 41 0.680124
2 42 0.745572
2 43 0.806826
2 44 0.862859
2 45 0.912721
2 46 0.955604
2 47 0.990681
2 48 1.01739
2 49 1.03531
2 50 1.04416
2 51 1.04377
2 52 1.03416
2 53 1.01537
2 54 0.98773
2 55 0.951722
2 56 0.907974
2 57 0.857205
2 58 0.800365
2 59 0.738426
2 60 0.672385
2 61 0.603298
2 62 0.532269
2 63 0.460437
2 64 0.388948
2 65 0.318977
2 66 0.251746
2 67 0.188454
2 68 0.130221
2 69 0.0780293
2 70 0.032744
2 71 -0.00481253
2 72 -0.0339524
2 73 -0.0541374
2 74 -0.0650506
2 75 -0.0665167
2 76 -0.0584662
2 77 -0.0409816
2 78 -0.0143395
2 79 0.0211249
2 80 0.0648554
2 81 0.116197
2 82 0.174427
2 83 0.238707
2 84 0.308002
2 85 0.381243
2 86 0.457269
2 87 0.534828
2 88 0.612628
2 89 0.689473
2 90 0.764236
2 91 0.835656
2 92 0.902618
2 93 0.96409
2 94 1.01918
2 95 1.06696
2 96 1.10668
2 97 1.13764
2 98 1.15932
2 99 1.17144
2 100 0.14577
2 101 0

3 0 0
3 1 0.144264
3 2 1.15927
3 3 1.14715
3 4 1.12559
3 5 1.09494
3 6 1.05568
3 7 1.00841
3 8 0.953839
3 9 0.892804
3 10 0.826301
3 11 0.755564
3 12 0.681552
3 13 0.605323
3 14 0.528164
3 15 0.451354
3 16 0.376046
3 17 0.303542
3 18 0.234918
3 19 0.171493
3 20 0.114044
3 21 0.0633534
3 22 0.020277
3 23 -0.0145994
3 24 -0.0406732
3 25 -0.0576552
3 26 -0.0652462
3 27 -0.0634171
3 28 -0.052152
3 29 -0.0316211
3 30 -0.00234134
3 31 0.0352049
3 32 0.0804665
3 33 0.132571
3 34 0.190572
3 35 0.25344
3 36 0.320146
3 37 0.389517
3 38 0.460421
3 39 0.531679
3 40 0.602083
3 41 0.670427
3 42 0.735741
3 43 0.796997
3 44 0.852792
3 45 0.90262
3 46 0.945277
3 47 0.980571
3 48 1.00713
3 49 1.02512
3 50 1.03371
3 51 1.03356
3 52 1.02382
3 53 1.0052
3 54 0.977448
3 55 0.941584
3 56 0.897737
3 57 0.847344
3 58 0.790533
3 59 0.72873
3 60 0.662729
3 61 0.593761
3 62 0.522941
3 63 0.45121
3 64 0.379811
3 65 0.309953
3 66 0.242896
3 67 0.179777
3 68 0.121598
3 69 0.0694739
3 70 0.0244314
3 71 -0.013017
3 72 -0.0422252
3 73 -0.0625809
3 74 -0.0735847
3 75 -0.075062
3 76 -0.0670151
3 77 -0.0495941
3 78 -0.0229459
3 79 0.012322
3 80 0.0558432
3 81 0.107113
3 82 0.165184
3 83 0.229295
3 84 0.298469
3 85 0.371664
3 86 0.447357
3 87 0.524596
3 88 0.602372
3 89 0.679121
3 90 0.75356
3 91 0.824691
3 92 0.89152
3 93 0.952847
3 94 1.00777
3 95 1.05531
3 96 1.09481
3 97 1.12572
3 98 1.14739
3 99 1.15943
3 100 0.144274
3 101 0

4 0 0
4 1 0.141566
4 2 1.13759
4 3 1.12559
4 4 1.10425
4 5 1.07374
4 6 1.03466
4 7 0.987586
4 8 0.933221
4 9 0.872502
4 10 0.806207
4 11 0.735623
4 12 0.661918
4 13 0.585904
4 14 0.508891
4 15 0.432349
4 16 0.357409
4 17 0.285214
4 18 0.216811
4 19 0.153443
4 20 0.096098
4 21 0.0454425
4 22 0.00257867
4 23 -0.0320511
4 24 -0.0579417
4 25 -0.0748536
4 26 -0.0824136
4 27 -0.080488
4 28 -0.069127
4 29 -0.0485875
4 30 -0.0191891
4 31 0.0185616
4 32 0.0637721
4 33 0.115693
4 34 0.173601
4 35 0.236446
4 36 0.303111
4 37 0.372343
4 38 0.443213
4 39 0.514431
4 40 0.584737
4 41 0.652856
4 42 0.718221
4 43 0.779284
4 44 0.835179
4 45 0.884941
4 46 0.927441
4 47 0.962382
4 48 0.989058
4 49 1.007
4 50 1.0158
4 51 1.0155
4 52 1.0056
4 53 0.98692
4 54 0.959542
4 55 0.923727
4 56 0.880158
4 57 0.829818
4 58 0.773151
4 59 0.711275
4 60 0.645425
4 61 0.576393
4 62 0.505726
4 63 0.434139
4 64 0.362832
4 65 0.293032
4 66 0.226163
4 67 0.163156
4 68 0.10502
4 69 0.0529552
4 70 0.00782535
4 71 -0.0296453
4 72 -0.0588974
4 73 -0.0793225
4 74 -0.0903854
4 75 -0.0920197
4 76 -0.0840955
4 77 -0.0668084
4 78 -0.0402604
4 79 -0.00510446
4 80 0.0383151
4 81 0.089442
4 82 0.147418
4 83 0.211295
4 84 0.280306
4 85 0.353157
4 86 0.428591
4 87 0.505595
4 88 0.582998
4 89 0.659571
4 90 0.733846
4 91 0.804682
4 92 0.871213
4 93 0.932374
4 94 0.987059
4 95 1.03447
4 96 1.07383
4 97 1.10441
4 98 1.1259
4 99 1.138
4 100 0.141621
4 101 0

5 0 0
5 1 0.137724
5 2 1.10675
5 3 1.09494
5 4 1.07374
5 5 1.04354
5 6 1.00463
5 7 0.957775
5 8 0.903564
5 9 0.843169
5 10 0.777222
5 11 0.706964
5 12 0.633507
5 13 0.557748
5 14 0.481086
5 15 0.404821
5 16 0.330084
5 17 0.258187
5 18 0.190147
5 19 0.12697
5 20 0.0697319
5 21 0.0194396
5 22 -0.0232604
5 23 -0.0577713
5 24 -0.0834825
5 25 -0.100214
5 26 -0.107569
5 27 -0.105435
5 28 -0.094005
5 29 -0.0736154
5 30 -0.0440919
5 31 -0.00613394
5 32 0.0391796
5 33 0.0912376
5 34 0.149126
5 35 0.211816
5 36 0.278236
5 37 0.347468
5 38 0.418332
5 39 0.489486
5 40 0.559761
5 41 0.627891
5 42 0.692961
5 43 0.754022
5 44 0.809935
5 45 0.85965
5 46 0.9021
5 47 0.93696
5 48 0.963569
5 49 0.981566
5 50 0.990388
5 51 0.989941
5 52 0.980219
5 53 0.96154
5 54 0.934126
5 55 0.898485
5 56 0.854983
5 57 0.804634
5 58 0.748054
5 59 0.686404
5 60 0.620465
5 61 0.551559
5 62 0.480976
5 63 0.409442
5 64 0.338307
5 65 0.268751
5 66 0.201892
5 67 0.138854
5 68 0.0808331
5 69 0.0287314
5 70 -0.0166286
5 71 -0.0542069
5 72 -0.0834971
5 73 -0.103948
5 74 -0.115056
5 75 -0.116909
5 76 -0.109199
5 77 -0.0919798
5 78 -0.0655746
5 79 -0.03068
5 80 0.0124882
5 81 0.0634713
5 82 0.121231
5 83 0.184976
5 84 0.253542
5 85 0.326033
5 86 0.401321
5 87 0.478012
5 88 0.555154
5 89 0.631394
5 90 0.705298
5 91 0.775796
5 92 0.842041
5 93 0.902827
5 94 0.957315
5 95 1.00472
5 96 1.04376
5 97 1.07413
5 98 1.09542
5 99 1.10744
5 100 0.137821
5 101 0

6 0 0
6 1 0.132799
6 2 1.06725
6 3 1.05568
6 4 1.03466
6 5 1.00463
6 6 0.966012
6 7 0.919297
6 8 0.865341
6 9 0.805159
6 10 0.739711
6 11 0.669774
6 12 0.596588
6 13 0.521284
6 14 0.445025
6 15 0.369199
6 16 0.294795
6 17 0.223231
6 18 0.155473
6 19 0.0925556
6 20 0.0356692
6 21 -0.0143893
6 22 -0.0568599
6 23 -0.0911612
6 24 -0.116683
6 25 -0.133179
6 26 -0.140414
6 27 -0.13811
6 28 -0.126455
6 29 -0.105853
6 30 -0.0763394
6 31 -0.0384674
6 32 0.00709683
6 33 0.0592195
6 34 0.117173
6 35 0.179665
6 36 0.245993
6 37 0.315236
6 38 0.386154
6 39 0.457213
6 40 0.527327
6 41 0.595447
6 42 0.660518
6 43 0.721478
6 44 0.777339
6 45 0.827067
6 46 0.869479
6 47 0.904426
6 48 0.931025
6 49 0.948863
6 50 0.957537
6 51 0.95719
6 52 0.947619
6 53 0.929074
6 54 0.901599
6 55 0.865996
6 56 0.822559
6 57 0.772242
6 58 0.71574
6 59 0.654127
6 60 0.588331
6 61 0.519561
6 62 0.448998
6 63 0.377476
6 64 0.306341
6 65 0.236993
6 66 0.170289
6 67 0.107241
6 68 0.0492464
6 69 -0.00299843
6 70 -0.0484017
6 71 -0.086196
6 72 -0.115394
6 73 -0.135974
6 74 -0.147375
6 75 -0.14934
6 76 -0.14184
6 77 -0.12478
6 78 -0.0985634
6 79 -0.0637378
6 80 -0.0207776
6 81 0.0297141
6 82 0.0872554
6 83 0.150651
6 84 0.2189
6 85 0.291045
6 86 0.365922
6 87 0.442384
6 88 0.519031
6 89 0.594789
6 90 0.668323
6 91 0.738467
6 92 0.804382
6 93 0.864955
6 94 0.919103
6 95 0.966274
6 96 1.00518
6 97 1.03525
6 98 1.05644
6 99 1.06828
6 100 0.132939
6 101 0

7 0 0
7 1 0.126881
7 2 1.01975
7 3 1.00841
7 4 0.987586
7 5 0.957775
7 6 0.919297
7 7 0.872898
7 8 0.819114
7 9 0.759251
7 10 0.694246
7 11 0.624758
7 12 0.551887
7 13 0.476937
7 14 0.401227
7 15 0.325836
7 16 0.252013
7 17 0.180813
7 18 0.11336
7 19 0.0508695
7 20 -0.00565708
7 21 -0.055535
7 22 -0.097704
7 23 -0.131721
7 24 -0.156955
7 25 -0.173192
7 26 -0.180215
7 27 -0.177859
7 28 -0.165959
7 29 -0.145118
7 30 -0.115631
7 31 -0.0776871
7 32 -0.0321976
7 33 0.0201252
7 34 0.0780739
7 35 0.140635
7 36 0.207125
7 37 0.276289
7 38 0.347014
7 39 0.418085
7 40 0.488226
7 41 0.556453
7 42 0.621605
7 43 0.682589
7 44 0.738214
7 45 0.787776
7 46 0.830333
7 47 0.865172
7 48 0.891947
7 49 0.909805
7 50 0.918553
7 51 0.917982
7 52 0.908429
7 53 0.889919
7 54 0.862675
7 55 0.826933
7 56 0.783516
7 57 0.733286
7 58 0.676915
7 59 0.6154
7 60 0.549725
7 61 0.480924
7 62 0.410185
7 63 0.338867
7 64 0.267889
7 65 0.198472
7 66 0.13175
7 67 0.0687044
7 68 0.0106587
7 69 -0.0415989
7 70 -0.0872236
7 71 -0.125039
7 72 -0.154388
7 73 -0.174941
7 74 -0.18647
7 75 -0.188665
7 76 -0.181336
7 77 -0.164609
7 78 -0.138589
7 79 -0.103996
7 80 -0.061229
7 81 -0.011019
7 82 0.0460441
7 83 0.108953
7 84 0.176846
7 85 0.24851
7 86 0.322933
7 87 0.398957
7 88 0.475151
7 89 0.550423
7 90 0.623551
7 91 0.693276
7 92 0.75881
7 93 0.819099
7 94 0.873004
7 95 0.919862
7 96 0.958401
7 97 0.98848
7 98 1.00956
7 99 1.02114
7 100 0.127065
7 101 0

8 0 0
8 1 0.120079
8 2 0.965062
8 3 0.953839
8 4 0.933221
8 5 0.903564
8 6 0.865341
8 7 0.819114
8 8 0.765854
8 9 0.706471
8 10 0.641688
8 11 0.572651
8 12 0.500168
8 13 0.425811
8 14 0.350613
8 15 0.275651
8 16 0.202174
8 17 0.131564
8 18 0.0645958
8 19 0.00234794
8 20 -0.0537842
8 21 -0.103159
8 22 -0.145092
8 23 -0.178783
8 24 -0.20379
8 25 -0.2199
8 26 -0.226541
8 27 -0.223931
8 28 -0.211933
8 29 -0.19083
8 30 -0.161207
8 31 -0.123371
8 32 -0.07773
8 33 -0.0252325
8 34 0.0329133
8 35 0.0955613
8 36 0.162055
8 37 0.231217
8 38 0.301854
8 39 0.372933
8 40 0.443253
8 41 0.511452
8 42 0.57658
8 43 0.637613
8 44 0.693154
8 45 0.742671
8 46 0.785195
8 47 0.820192
8 48 0.846927
8 49 0.864801
8 50 0.873714
8 51 0.873082
8 52 0.86352
8 53 0.844881
8 54 0.817633
8 55 0.782044
8 56 0.738711
8 57 0.688497
8 58 0.632073
8 59 0.570683
8 60 0.504989
8 61 0.436237
8 62 0.365599
8 63 0.29422
8 64 0.223323
8 65 0.153947
8 66 0.0871151
8 67 0.0240497
8 68 -0.0340621
8 69 -0.0864723
8 70 -0.132087
8 71 -0.170155
8 72 -0.199658
8 73 -0.220211
8 74 -0.231867
8 75 -0.234313
8 76 -0.227235
8 77 -0.210814
8 78 -0.185207
8 79 -0.150856
8 80 -0.108357
8 81 -0.0584708
8 82 -0.00178597
8 83 0.0607226
8 84 0.128076
8 85 0.199223
8 86 0.273144
8 87 0.348619
8 88 0.424313
8 89 0.499055
8 90 0.571689
8 91 0.641199
8 92 0.706258
8 93 0.766227
8 94 0.81985
8 95 0.86614
8 96 0.904509
8 97 0.934385
8 98 0.955221
8 99 0.966854
8 100 0.120324
8 101 0

9 0 0
9 1 0.112487
9 2 0.903988
9 3 0.892804
9 4 0.872502
9 5 0.843169
9 6 0.805159
9 7 0.759251
9 8 0.706471
9 9 0.647377
9 10 0.582853
9 11 0.514168
9 12 0.442376
9 13 0.368627
9 14 0.29393
9 15 0.219373
9 16 0.14653
9 17 0.0763047
9 18 0.00975556
9 19 -0.0520148
9 20 -0.107855
9 21 -0.156802
9 22 -0.198269
9 23 -0.231671
9 24 -0.256523
9 25 -0.272326
9 26 -0.278679
9 27 -0.275598
9 28 -0.263347
9 29 -0.242086
9 30 -0.212177
9 31 -0.174308
9 32 -0.128541
9 33 -0.075911
9 34 -0.0177222
9 35 0.045062
9 36 0.111575
9 37 0.180753
9 38 0.251461
9 39 0.322633
9 40 0.392964
9 41 0.461133
9 42 0.526148
9 43 0.58708
9 44 0.642778
9 45 0.692194
9 46 0.734949
9 47 0.769831
9 48 0.796612
9 49 0.814276
9 50 0.823266
9 51 0.822671
9 52 0.813171
9 53 0.794496
9 54 0.767377
9 55 0.73172
9 56 0.688619
9 57 0.638334
9 58 0.582024
9 59 0.520504
9 60 0.454968
9 61 0.386317
9 62 0.315741
9 63 0.244485
9 64 0.173434
9 65 0.103914
9 66 0.0371002
9 67 -0.025873
9 68 -0.0840538
9 69 -0.136547
9 70 -0.182145
9 71 -0.220344
9 72 -0.250082
9 73 -0.271007
9 74 -0.283029
9 75 -0.285737
9 76 -0.278961
9 77 -0.262729
9 78 -0.237501
9 79 -0.203549
9 80 -0.161387
9 81 -0.111839
9 82 -0.0555375
9 83 0.00649659
9 84 0.0733979
9 85 0.14404
9 86 0.217416
9 87 0.292355
9 88 0.367503
9 89 0.441618
9 90 0.513763
9 91 0.58291
9 92 0.647641
9 93 0.707183
9 94 0.760417
9 95 0.806345
9 96 0.844432
9 97 0.874055
9 98 0.894676
9 99 0.906163
9 100 0.112767
9 101 0

10 0 0
10 1 0.104223
10 2 0.837451
10 3 0.826301
10 4 0.806207
10 5 0.777222
10 6 0.739711
10 7 0.694246
10 8 0.641688
10 9 0.582853
10 10 0.518839
10 11 0.450779
10 12 0.379438
10 13 0.305979
10 14 0.231771
10 15 0.157796
10 16 0.0854959
10 17 0.0157978
10 18 -0.0501723
10 19 -0.111423
10 20 -0.166797
10 21 -0.215472
10 22 -0.256521
10 23 -0.289487
10 24 -0.313928
10 25 -0.329459
10 26 -0.335427
10 27 -0.331957
10 28 -0.319376
10 29 -0.297955
10 30 -0.267834
10 31 -0.22961
10 32 -0.183781
10 33 -0.131065
10 34 -0.0729122
10 35 -0.00992229
10 36 0.0565357
10 37 0.125717
10 38 0.196572
10 39 0.267636
10 40 0.338044
10 41 0.406263
10 42 0.471411
10 43 0.532281
10 44 0.587835
10 45 0.637245
10 46 0.680105
10 47 0.71512
10 48 0.741807
10 49 0.759569
10 50 0.768344
10 51 0.767917
10 52 0.758399
10 53 0.739824
10 54 0.712715
10 55 0.677005
10 56 0.63387
10 57 0.583799
10 58 0.527547
10 59 0.466103
10 60 0.400596
10 61 0.331886
10 62 0.261413
10 63 0.190045
10 64 0.119086
10 65 0.0495529
10 66 -0.0172754
10 67 -0.0802858
10 68 -0.138686
10 69 -0.19106
10 70 -0.236818
10 71 -0.274939
10 72 -0.304976
10 73 -0.326411
10 74 -0.338739
10 75 -0.341766
10 76 -0.335153
10 77 -0.319457
10 78 -0.294598
10 79 -0.261104
10 80 -0.219433
10 81 -0.170184
10 82 -0.114326
10 83 -0.0527671
10 84 0.0135804
10 85 0.0835943
10 86 0.156445
10 87 0.230758
10 88 0.30545
10 89 0.379171
10 90 0.450758
10 91 0.519328
10 92 0.583652
10 93 0.642656
10 94 0.695745
10 95 0.741238
10 96 0.77894
10 97 0.808223
10 98 0.828579
10 99 0.839977
10 100 0.104546
10 101 0

11 0 0
11 1 0.0953793
11 2 0.766453
11 3 0.755564
11 4 0.735623
11 5 0.706964
11 6 0.669774
11 7 0.624758
11 8 0.572651
11 9 0.514168
11 10 0.450779
11 11 0.383191
11 12 0.312178
11 13 0.239216
11 14 0.165446
11 15 0.0920491
11 16 0.0201795
11 17 -0.0487641
11 18 -0.114075
11 19 -0.174815
11 20 -0.229697
11 21 -0.277953
11 22 -0.318592
11 23 -0.351154
11 24 -0.375228
11 25 -0.390337
11 26 -0.395989
11 27 -0.392198
11 28 -0.379313
11 29 -0.357538
11 30 -0.327049
11 31 -0.288635
11 32 -0.242768
11 33 -0.190189
11 34 -0.131741
11 35 -0.0686698
11 36 -0.00211006
11 37 0.067138
11 38 0.138044
11 39 0.209118
11 40 0.27956
11 41 0.347897
11 42 0.412952
11 43 0.473861
11 44 0.529363
11 45 0.578962
11 46 0.621688
11 47 0.656714
11 48 0.683461
11 49 0.701216
11 50 0.709904
11 51 0.70966
11 52 0.700122
11 53 0.681588
11 54 0.654306
11 55 0.618853
11 56 0.57573
11 57 0.525741
11 58 0.469557
11 59 0.408196
11 60 0.342646
11 61 0.273926
11 62 0.203437
11 63 0.132149
11 64 0.0610473
11 65 -0.00843262
11 66 -0.0752259
11 67 -0.138429
11 68 -0.196762
11 69 -0.249323
11 70 -0.295063
11 71 -0.333489
11 72 -0.36371
11 73 -0.385454
11 74 -0.398088
11 75 -0.401376
11 76 -0.395406
11 77 -0.379996
11 78 -0.35546
11 79 -0.322344
11 80 -0.281203
11 81 -0.232503
11 82 -0.176932
11 83 -0.115984
11 84 -0.0503703
11 85 0.0191456
11 86 0.0913016
11 87 0.165097
11 88 0.239263
11 89 0.312467
11 90 0.38361
11 91 0.451632
11 92 0.51546
11 93 0.574103
11 94 0.626677
11 95 0.671876
11 96 0.709098
11 97 0.738069
11 98 0.758255
11 99 0.769368
11 100 0.0957483
11 101 0

12 0 0
12 1 0.0861173
12 2 0.692116
12 3 0.681552
12 4 0.661918
12 5 0.633507
12 6 0.596588
12 7 0.551887
12 8 0.500168
12 9 0.442376
12 10 0.379438
12 11 0.312178
12 12 0.241744
12 13 0.169425
12 14 0.096215
12 15 0.0233532
12 16 -0.0479077
12 17 -0.116376
12 18 -0.18118
12 19 -0.241114
12 20 -0.295466
12 21 -0.343271
12 22 -0.383652
12 23 -0.415852
12 24 -0.43949
12 25 -0.454067
12 26 -0.45949
12 27 -0.455472
12 28 -0.442206
12 29 -0.419995
12 30 -0.389329
12 31 -0.35058
12 32 -0.304507
12 33 -0.251887
12 34 -0.193196
12 35 -0.130005
12 36 -0.06321
12 37 0.00610807
12 38 0.076969
12 39 0.148233
12 40 0.218657
12 41 0.287054
12 42 0.352069
12 43 0.412937
12 44 0.468469
12 45 0.518153
12 46 0.560848
12 47 0.595767
12 48 0.622428
12 49 0.640239
12 50 0.649042
12 51 0.648717
12 52 0.639319
12 53 0.620817
12 54 0.593624
12 55 0.55818
12 56 0.515043
12 57 0.465137
12 58 0.409043
12 59 0.347796
12 60 0.28232
12 61 0.213759
12 62 0.143097
12 63 0.0717384
12 64 0.000688615
12 65 -0.068823
12 66 -0.135751
12 67 -0.199111
12 68 -0.257568
12 69 -0.310327
12 70 -0.35626
12 71 -0.394888
12 72 -0.425443
12 73 -0.447447
12 74 -0.460313
12 75 -0.463801
12 76 -0.458321
12 77 -0.443412
12 78 -0.419374
12 79 -0.386559
12 80 -0.34582
12 81 -0.297653
12 82 -0.24273
12 83 -0.182231
12 84 -0.11716
12 85 -0.048239
12 86 0.0232986
12 87 0.0964422
12 88 0.170066
12 89 0.242736
12 90 0.313178
12 91 0.380662
12 92 0.443993
12 93 0.502183
12 94 0.554162
12 95 0.599099
12 96 0.636122
12 97 0.664709
12 98 0.684582
12 99 0.695412
12 100 0.0865379
12 101 0

13 0 0
13 1 0.0766008
13 2 0.61564
13 3 0.605323
13 4 0.585904
13 5 0.557748
13 6 0.521284
13 7 0.476937
13 8 0.425811
13 9 0.368627
13 10 0.305979
13 11 0.239216
13 12 0.169425
13 13 0.0976066
13 14 0.0250737
13 15 -0.0471809
13 16 -0.117787
13 17 -0.185761
13 18 -0.249986
13 19 -0.309431
13 20 -0.36328
13 21 -0.410586
13 22 -0.450479
13 23 -0.482227
13 24 -0.505423
13 25 -0.519585
13 26 -0.524635
13 27 -0.520341
13 28 -0.506719
13 29 -0.484214
13 30 -0.453118
13 31 -0.41408
13 32 -0.367766
13 33 -0.315017
13 34 -0.25629
13 35 -0.192904
13 36 -0.125991
13 37 -0.0564039
13 38 0.0143716
13 39 0.0856389
13 40 0.156083
13 41 0.224532
13 42 0.289697
13 43 0.350376
13 44 0.406059
13 45 0.455634
13 46 0.498367
13 47 0.533139
13 48 0.559917
13 49 0.577573
13 50 0.586704
13 51 0.586218
13 52 0.577026
13 53 0.558353
13 54 0.531365
13 55 0.495848
13 56 0.452893
13 57 0.402904
13 58 0.347079
13 59 0.285797
13 60 0.22041
13 61 0.151955
13 62 0.0811887
13 63 0.00977552
13 64 -0.0613301
13 65 -0.130882
13 66 -0.197916
13 67 -0.26133
13 68 -0.319876
13 69 -0.372689
13 70 -0.418878
13 71 -0.457758
13 72 -0.488657
13 73 -0.511
13 74 -0.524192
13 75 -0.528168
13 76 -0.522904
13 77 -0.508438
13 78 -0.484923
13 79 -0.452645
13 80 -0.41232
13 81 -0.364607
13 82 -0.31033
13 83 -0.250405
13 84 -0.185734
13 85 -0.117508
13 86 -0.0466041
13 87 0.025928
13 88 0.0988689
13 89 0.170961
13 90 0.240938
13 91 0.307819
13 92 0.370634
13 93 0.428337
13 94 0.479592
13 95 0.523987
13 96 0.560924
13 97 0.589224
13 98 0.60872
13 99 0.619277
13 100 0.0770641
13 101 0

14 0 0
14 1 0.066979
14 2 0.538301
14 3 0.528164
14 4 0.508891
14 5 0.481086
14 6 0.445025
14 7 0.401227
14 8 0.350613
14 9 0.29393
14 10 0.231771
14 11 0.165446
14 12 0.096215
14 13 0.0250737
14 14 -0.047002
14 15 -0.118593
14 16 -0.188679
14 17 -0.255891
14 18 -0.319536
14 19 -0.378602
14 20 -0.432041
14 21 -0.478704
14 22 -0.517939
14 23 -0.54927
14 24 -0.571942
14 25 -0.58572
14 26 -0.590171
14 27 -0.585485
14 28 -0.571667
14 29 -0.548776
14 30 -0.517525
14 31 -0.478167
14 32 -0.431633
14 33 -0.378661
14 34 -0.31995
14 35 -0.25651
14 36 -0.189249
14 37 -0.119601
14 38 -0.0486597
14 39 0.022541
14 40 0.0929937
14 41 0.161452
14 42 0.226646
14 43 0.287376
14 44 0.343041
14 45 0.392579
14 46 0.435096
14 47 0.470066
14 48 0.496714
14 49 0.51462
14 50 0.523644
14 51 0.523426
14 52 0.514083
14 53 0.49561
14 54 0.468347
14 55 0.433151
14 56 0.390229
14 57 0.340313
14 58 0.284489
14 59 0.223259
14 60 0.157853
14 61 0.089502
14 62 0.0189374
14 63 -0.0526937
14 64 -0.123847
14 65 -0.193522
14 66 -0.260598
14 67 -0.323992
14 68 -0.382659
14 69 -0.435676
14 70 -0.482135
14 71 -0.521203
14 72 -0.552332
14 73 -0.574911
14 74 -0.588484
14 75 -0.592892
14 76 -0.588068
14 77 -0.574012
14 78 -0.550972
14 79 -0.51944
14 80 -0.479633
14 81 -0.432422
14 82 -0.378674
14 83 -0.3193
14 84 -0.255418
14 85 -0.187718
14 86 -0.117347
14 87 -0.0454035
14 88 0.0268211
14 89 0.0983225
14 90 0.167789
14 91 0.234224
14 92 0.296544
14 93 0.35361
14 94 0.404252
14 95 0.448144
14 96 0.48458
14 97 0.512684
14 98 0.531953
14 99 0.54225
14 100 0.0674763
14 101 0

15 0 0
15 1 0.0573952
15 2 0.461291
15 3 0.451354
15 4 0.432349
15 5 0.404821
15 6 0.369199
15 7 0.325836
15 8 0.275651
15 9 0.219373
15 10 0.157796
15 11 0.0920491
15 12 0.0233532
15 13 -0.0471809
15 14 -0.118593
15 15 -0.189493
15 16 -0.259004
15 17 -0.325732
15 18 -0.388885
15 19 -0.447384
15 20 -0.500229
15 21 -0.546353
15 22 -0.585051
15 23 -0.615858
15 24 -0.637963
15 25 -0.651157
15 26 -0.655098
15 27 -0.650013
15 28 -0.635927
15 29 -0.612826
15 30 -0.581278
15 31 -0.541775
15 32 -0.495054
15 33 -0.441821
15 34 -0.38298
15 35 -0.319442
15 36 -0.25197
15 37 -0.182285
15 38 -0.111198
15 39 -0.03993
15 40 0.0306099
15 41 0.0989302
15 42 0.16397
15 43 0.22479
15 44 0.280461
15 45 0.330038
15 46 0.372404
15 47 0.407574
15 48 0.433807
15 49 0.452078
15 50 0.460801
15 51 0.460913
15 52 0.451396
15 53 0.433408
15 54 0.40594
15 55 0.371092
15 56 0.328115
15 57 0.278308
15 58 0.222412
15 59 0.161318
15 60 0.0958676
15 61 0.0275193
15 62 -0.0428724
15 63 -0.114601
15 64 -0.185728
15 65 -0.255478
15 66 -0.322564
15 67 -0.386169
15 68 -0.445045
15 69 -0.498286
15 70 -0.544903
15 71 -0.583968
15 72 -0.615388
15 73 -0.638284
15 74 -0.652081
15 75 -0.656943
15 76 -0.652512
15 77 -0.638991
15 78 -0.616563
15 79 -0.585632
15 80 -0.546456
15 81 -0.499857
15 82 -0.446844
15 83 -0.387992
15 84 -0.324479
15 85 -0.257321
15 86 -0.18763
15 87 -0.1164
15 88 -0.0447888
15 89 0.026068
15 90 0.0948849
15 91 0.160723
15 92 0.222525
15 93 0.279009
15 94 0.329413
15 95 0.372798
15 96 0.408669
15 97 0.436417
15 98 0.455464
15 99 0.465486
15 100 0.057922
15 101 0

16 0 0
16 1 0.0480131
16 2 0.385854
16 3 0.376046
16 4 0.357409
16 5 0.330084
16 6 0.294795
16 7 0.252013
16 8 0.202174
16 9 0.14653
16 10 0.0854959
16 11 0.0201795
16 12 -0.0479077
16 13 -0.117787
16 14 -0.188679
16 15 -0.259004
16 16 -0.327698
16 17 -0.39403
16 18 -0.456848
16 19 -0.514655
16 20 -0.56681
16 21 -0.612464
16 22 -0.650599
16 23 -0.680858
16 24 -0.702582
16 25 -0.715045
16 26 -0.718578
16 27 -0.713174
16 28 -0.698544
16 29 -0.675205
16 30 -0.64332
16 31 -0.603605
16 32 -0.556774
16 33 -0.503496
16 34 -0.444436
16 35 -0.380636
16 36 -0.313176
16 37 -0.243451
16 38 -0.172347
16 39 -0.100866
16 40 -0.0304241
16 41 0.0377267
16 42 0.102726
16 43 0.163632
16 44 0.219375
16 45 0.269049
16 46 0.3114
16 47 0.346115
16 48 0.372507
16 49 0.390559
16 50 0.399812
16 51 0.399731
16 52 0.390331
16 53 0.372085
16 54 0.345201
16 55 0.310314
16 56 0.26754
16 57 0.217868
16 58 0.161864
16 59 0.100647
16 60 0.0354506
16 61 -0.032861
16 62 -0.103462
16 63 -0.174927
16 64 -0.246108
16 65 -0.315941
16 66 -0.383069
16 67 -0.446727
16 68 -0.505799
16 69 -0.559045
16 70 -0.605685
16 71 -0.645203
16 72 -0.676783
16 73 -0.699978
16 74 -0.714235
16 75 -0.719533
16 76 -0.715608
16 77 -0.702585
16 78 -0.680722
16 79 -0.650167
16 80 -0.611581
16 81 -0.565769
16 82 -0.513431
16 83 -0.455128
16 84 -0.392009
16 85 -0.325487
16 86 -0.256437
16 87 -0.185779
16 88 -0.114851
16 89 -0.0446405
16 90 0.0236865
16 91 0.0889082
16 92 0.150028
16 93 0.206202
16 94 0.255991
16 95 0.298986
16 96 0.334308
16 97 0.361654
16 98 0.380528
16 99 0.390276
16 100 0.0485523
16 101 0

17 0 0
17 1 0.0389786
17 2 0.313227
17 3 0.303542
17 4 0.285214
17 5 0.258187
17 6 0.223231
17 7 0.180813
17 8 0.131564
17 9 0.0763047
17 10 0.0157978
17 11 -0.0487641
17 12 -0.116376
17 13 -0.185761
17 14 -0.255891
17 15 -0.325732
17 16 -0.39403
17 17 -0.459844
17 18 -0.521895
17 19 -0.57914
17 20 -0.630765
17 21 -0.675743
17 22 -0.713625
17 23 -0.743378
17 24 -0.76437
17 25 -0.776457
17 26 -0.779469
17 27 -0.773536
17 28 -0.758611
17 29 -0.735038
17 30 -0.702796
17 31 -0.662771
17 32 -0.615727
17 33 -0.562257
17 34 -0.502998
17 35 -0.439153
17 36 -0.37167
17 37 -0.301803
17 38 -0.230699
17 39 -0.159173
17 40 -0.0887039
17 41 -0.0204136
17 42 0.0446256
17 43 0.105491
17 44 0.161205
17 45 0.210576
17 46 0.252913
17 47 0.287621
17 48 0.314142
17 49 0.332273
17 50 0.341501
17 51 0.341431
17 52 0.332136
17 53 0.313825
17 54 0.287131
17 55 0.252321
17 56 0.209751
17 57 0.160013
17 58 0.10417
17 59 0.0432061
17 60 -0.0221081
17 61 -0.0904941
17 62 -0.160955
17 63 -0.232465
17 64 -0.303735
17 65 -0.373528
17 66 -0.440749
17 67 -0.504534
17 68 -0.563617
17 69 -0.617001
17 70 -0.663903
17 71 -0.703576
17 72 -0.735569
17 73 -0.7592
17 74 -0.773763
17 75 -0.779496
17 76 -0.775982
17 77 -0.763547
17 78 -0.742287
17 79 -0.712276
17 80 -0.674263
17 81 -0.628946
17 82 -0.577172
17 83 -0.519479
17 84 -0.457007
17 85 -0.391036
17 86 -0.32247
17 87 -0.252589
17 88 -0.182242
17 89 -0.11259
17 90 -0.0449676
17 91 0.0197974
17 92 0.0803237
17 93 0.135809
17 94 0.185262
17 95 0.227694
17 96 0.262594
17 97 0.28959
17 98 0.308235
17 99 0.317808
17 100 0.0395358
17 101 0

18 0 0
18 1 0.0304476
18 2 0.244566
18 3 0.234918
18 4 0.216811
18 5 0.190147
18 6 0.155473
18 7 0.11336
18 8 0.0645958
18 9 0.00975556
18 10 -0.0501723
18 11 -0.114075
18 12 -0.18118
18 13 -0.249986
18 14 -0.319536
18 15 -0.388885
18 16 -0.456848
18 17 -0.521895
18 18 -0.583281
18 19 -0.640157
18 20 -0.691138
18 21 -0.735452
18 22 -0.772749
18 23 -0.80203
18 24 -0.822675
18 25 -0.834237
18 26 -0.836737
18 27 -0.830299
18 28 -0.814884
18 29 -0.790843
18 30 -0.758371
18 31 -0.718185
18 32 -0.670955
18 33 -0.617305
18 34 -0.557916
18 35 -0.493949
18 36 -0.42633
18 37 -0.356353
18 38 -0.285224
18 39 -0.21378
18 40 -0.143389
18 41 -0.0750638
18 42 -0.00982026
18 43 0.0509678
18 44 0.106517
18 45 0.15576
18 46 0.197924
18 47 0.23262
18 48 0.259181
18 49 0.277178
18 50 0.286424
18 51 0.286442
18 52 0.277218
18 53 0.258999
18 54 0.232345
18 55 0.197692
18 56 0.155328
18 57 0.105888
18 58 0.0503122
18 59 -0.0107059
18 60 -0.0759909
18 61 -0.144398
18 62 -0.214805
18 63 -0.286217
18 64 -0.357563
18 65 -0.427294
18 66 -0.494615
18 67 -0.558493
18 68 -0.617638
18 69 -0.671297
18 70 -0.718395
18 71 -0.758332
18 72 -0.790526
18 73 -0.814473
18 74 -0.829626
18 75 -0.835785
18 76 -0.832854
18 77 -0.82086
18 78 -0.800085
18 79 -0.770699
18 80 -0.733289
18 81 -0.688595
18 82 -0.637287
18 83 -0.580285
18 84 -0.518546
18 85 -0.452944
18 86 -0.38508
18 87 -0.315775
18 88 -0.245962
18 89 -0.177055
18 90 -0.11004
18 91 -0.0457595
18 92 0.0142877
18 93 0.069253
18 94 0.118251
18 95 0.160185
18 96 0.194737
18 97 0.221396
18 98 0.239746
18 99 0.249252
18 100 0.0310139
18 101 0

19 0 0
19 1 0.0225206
19 2 0.180924
19 3 0.171493
19 4 0.153443
19 5 0.12697
19 6 0.0925556
19 7 0.0508695
19 8 0.00234794
19 9 -0.0520148
19 10 -0.111423
19 11 -0.174815
19 12 -0.241114
19 13 -0.309431
19 14 -0.378602
19 15 -0.447384
19 16 -0.514655
19 17 -0.57914
19 18 -0.640157
19 19 -0.696326
19 20 -0.746669
19 21 -0.790401
19 22 -0.826993
19 23 -0.855744
19 24 -0.875938
19 25 -0.887046
19 26 -0.889085
19 27 -0.882255
19 28 -0.866498
19 29 -0.841986
19 30 -0.809354
19 31 -0.76903
19 32 -0.721388
19 33 -0.667544
19 34 -0.608139
19 35 -0.544099
19 36 -0.476509
19 37 -0.406656
19 38 -0.335351
19 39 -0.264049
19 40 -0.193639
19 41 -0.125205
19 42 -0.0600591
19 43 0.00074033
19 44 0.0560321
19 45 0.105248
19 46 0.147346
19 47 0.182004
19 48 0.208427
19 49 0.226413
19 50 0.235666
19 51 0.235881
19 52 0.226577
19 53 0.20848
19 54 0.181928
19 55 0.147269
19 56 0.105035
19 57 0.0561837
19 58 0.000652869
19 59 -0.0602359
19 60 -0.125406
19 61 -0.193868
19 62 -0.264285
19 63 -0.33559
19 64 -0.406746
19 65 -0.476711
19 66 -0.543948
19 67 -0.607768
19 68 -0.667031
19 69 -0.720845
19 70 -0.768309
19 71 -0.808576
19 72 -0.840884
19 73 -0.865029
19 74 -0.880639
19 75 -0.887256
19 76 -0.884762
19 77 -0.87326
19 78 -0.853029
19 79 -0.824257
19 80 -0.787412
19 81 -0.743306
19 82 -0.692764
19 83 -0.63642
19 84 -0.57516
19 85 -0.510167
19 86 -0.44304
19 87 -0.374261
19 88 -0.305038
19 89 -0.236723
19 90 -0.170244
19 91 -0.106688
19 92 -0.0471701
19 93 0.00738933
19 94 0.055926
19 95 0.0975956
19 96 0.131809
19 97 0.158149
19 98 0.176262
19 99 0.185654
19 100 0.0231031
19 101 0

20 0 0
20 1 0.0153384
20 2 0.123252
20 3 0.114044
20 4 0.096098
20 5 0.0697319
20 6 0.0356692
20 7 -0.00565708
20 8 -0.0537842
20 9 -0.107855
20 10 -0.166797
20 11 -0.229697
20 12 -0.295466
20 13 -0.36328
20 14 -0.432041
20 15 -0.500229
20 16 -0.56681
20 17 -0.630765
20 18 -0.691138
20 19 -0.746669
20 20 -0.796329
20 21 -0.839491
20 22 -0.875655
20 23 -0.903896
20 24 -0.92354
20 25 -0.934169
20 26 -0.935958
20 27 -0.928841
20 28 -0.912739
20 29 -0.887914
20 30 -0.854918
20 31 -0.81441
20 32 -0.766563
20 33 -0.712415
20 34 -0.653017
20 35 -0.588885
20 36 -0.521294
20 37 -0.451563
20 38 -0.38016
20 39 -0.30876
20 40 -0.238363
20 41 -0.169912
20 42 -0.104961
20 43 -0.044236
20 44 0.0110425
20 45 0.0600636
20 46 0.102196
20 47 0.136798
20 48 0.163195
20 49 0.18117
20 50 0.190375
20 51 0.190392
20 52 0.181332
20 53 0.163435
20 54 0.136997
20 55 0.102465
20 56 0.0604382
20 57 0.0115194
20 58 -0.0437607
20 59 -0.104364
20 60 -0.169385
20 61 -0.237741
20 62 -0.308267
20 63 -0.37957
20 64 -0.450712
20 65 -0.520697
20 66 -0.588041
20 67 -0.651809
20 68 -0.711099
20 69 -0.765074
20 70 -0.81273
20 71 -0.853223
20 72 -0.885892
20 73 -0.910383
20 74 -0.926211
20 75 -0.933227
20 76 -0.931215
20 77 -0.920067
20 78 -0.900298
20 79 -0.872027
20 80 -0.835799
20 81 -0.792338
20 82 -0.742411
20 83 -0.686777
20 84 -0.626276
20 85 -0.561895
20 86 -0.495274
20 87 -0.427207
20 88 -0.358548
20 89 -0.2907
20 90 -0.224771
20 91 -0.161823
20 92 -0.102871
20 93 -0.0487733
20 94 -0.000539483
20 95 0.0407831
20 96 0.0747606
20 97 0.100834
20 98 0.118688
20 99 0.127955
20 100 0.0159305
20 101 0

21 0 0
21 1 0.00901462
21 2 0.0724254
21 3 0.0633534
21 4 0.0454425
21 5 0.0194396
21 6 -0.0143893
21 7 -0.055535
21 8 -0.103159
21 9 -0.156802
21 10 -0.215472
21 11 -0.277953
21 12 -0.343271
21 13 -0.410586
21 14 -0.478704
21 15 -0.546353
21 16 -0.612464
21 17 -0.675743
21 18 -0.735452
21 19 -0.790401
21 20 -0.839491
21 21 -0.882298
21 22 -0.917958
21 23 -0.945513
21 24 -0.964627
21 25 -0.974999
21 26 -0.976476
21 27 -0.968952
21 28 -0.952569
21 29 -0.927447
21 30 -0.894023
21 31 -0.85322
21 32 -0.805384
21 33 -0.75128
21 34 -0.69165
21 35 -0.627409
21 36 -0.559866
21 37 -0.489871
21 38 -0.418552
21 39 -0.347229
21 40 -0.276921
21 41 -0.208636
21 42 -0.143801
21 43 -0.0833699
21 44 -0.0281016
21 45 0.0209061
21 46 0.063019
21 47 0.0974407
21 48 0.123914
21 49 0.141521
21 50 0.150598
21 51 0.150409
21 52 0.141796
21 53 0.124082
21 54 0.0979422
21 55 0.0636716
21 56 0.0218158
21 57 -0.027183
21 58 -0.0821386
21 59 -0.142603
21 60 -0.207345
21 61 -0.275508
21 62 -0.345971
21 63 -0.417354
21 64 -0.488612
21 65 -0.558318
21 66 -0.625713
21 67 -0.689571
21 68 -0.748857
21 69 -0.802931
21 70 -0.850662
21 71 -0.891383
21 72 -0.924442
21 73 -0.949294
21 74 -0.965522
21 75 -0.97285
21 76 -0.971261
21 77 -0.960501
21 78 -0.94118
21 79 -0.91351
21 80 -0.877858
21 81 -0.835027
21 82 -0.785526
21 83 -0.730603
21 84 -0.670872
21 85 -0.6072
21 86 -0.541065
21 87 -0.473406
21 88 -0.40553
21 89 -0.338336
21 90 -0.272826
21 91 -0.210288
21 92 -0.151749
21 93 -0.0980411
21 94 -0.0502623
21 95 -0.0093294
21 96 0.0244469
21 97 0.0504676
21 98 0.0680065
21 99 0.0770285
21 100 0.0095838
21 101 0

22 0 0
22 1 0.00363107
22 2 0.0291773
22 3 0.020277
22 4 0.00257867
22 5 -0.0232604
22 6 -0.0568599
22 7 -0.097704
22 8 -0.145092
22 9 -0.198269
22 10 -0.256521
22 11 -0.318592
22 12 -0.383652
22 13 -0.450479
22 14 -0.517939
22 15 -0.585051
22 16 -0.650599
22 17 -0.713625
22 18 -0.772749
22 19 -0.826993
22 20 -0.875655
22 21 -0.917958
22 22 -0.952953
22 23 -0.979953
22 24 -0.998646
22 25 -1.00866
22 26 -1.0097
22 27 -1.00179
22 28 -0.98499
22 29 -0.959886
22 30 -0.926331
22 31 -0.885222
22 32 -0.837218
22 33 -0.782916
22 34 -0.723175
22 35 -0.658929
22 36 -0.591534
22 37 -0.52155
22 38 -0.450238
22 39 -0.379105
22 40 -0.308791
22 41 -0.240796
22 42 -0.176114
22 43 -0.115939
22 44 -0.0607408
22 45 -0.0117454
22 46 0.0303492
22 47 0.0646078
22 48 0.0910483
22 49 0.108838
22 50 0.117598
22 51 0.117617
22 52 0.108972
22 53 0.0913754
22 54 0.0654702
22 55 0.0313012
22 56 -0.0104465
22 57 -0.0592864
22 58 -0.114104
22 59 -0.174358
22 60 -0.238932
22 61 -0.306907
22 62 -0.376999
22 63 -0.448402
22 64 -0.519434
22 65 -0.589089
22 66 -0.656436
22 67 -0.720286
22 68 -0.779743
22 69 -0.833856
22 70 -0.881788
22 71 -0.922595
22 72 -0.955864
22 73 -0.981099
22 74 -0.99748
22 75 -1.00524
22 76 -1.00396
22 77 -0.993829
22 78 -0.975142
22 79 -0.948017
22 80 -0.912839
22 81 -0.870524
22 82 -0.821766
22 83 -0.767302
22 84 -0.708157
22 85 -0.645154
22 86 -0.57946
22 87 -0.512495
22 88 -0.445198
22 89 -0.378453
22 90 -0.313408
22 91 -0.251301
22 92 -0.193148
22 93 -0.139947
22 94 -0.0925571
22 95 -0.0518999
22 96 -0.018249
22 97 0.00750134
22 98 0.0248361
22 99 0.0336384
22 100 0.00417813
22 101 0

23 0 0
23 1 -0.000721413
23 2 -0.00581031
23 3 -0.0145994
23 4 -0.0320511
23 5 -0.0577713
23 6 -0.0911612
23 7 -0.131721
23 8 -0.178783
23 9 -0.231671
23 10 -0.289487
23 11 -0.351154
23 12 -0.415852
23 13 -0.482227
23 14 -0.54927
23 15 -0.615858
23 16 -0.680858
23 17 -0.743378
23 18 -0.80203
23 19 -0.855744
23 20 -0.903896
23 21 -0.945513
23 22 -0.979953
23 23 -1.00658
23 24 -1.02484
23 25 -1.03436
23 26 -1.03511
23 27 -1.02689
23 28 -1.0097
23 29 -0.984178
23 30 -0.950681
23 31 -0.909537
23 32 -0.861428
23 33 -0.807177
23 34 -0.747395
23 35 -0.683316
23 36 -0.615926
23 37 -0.546016
23 38 -0.474864
23 39 -0.403648
23 40 -0.333552
23 41 -0.265805
23 42 -0.201337
23 43 -0.14122
23 44 -0.0861631
23 45 -0.0373023
23 46 0.00475625
23 47 0.0389727
23 48 0.0653824
23 49 0.0830957
23 50 0.0921065
23 51 0.0920674
23 52 0.0834702
23 53 0.065819
23 54 0.039942
23 55 0.00586287
23 56 -0.0355897
23 57 -0.0841814
23 58 -0.138839
23 59 -0.199049
23 60 -0.263351
23 61 -0.330965
23 62 -0.400988
23 63 -0.472127
23 64 -0.543174
23 65 -0.612858
23 66 -0.68004
23 67 -0.743711
23 68 -0.803078
23 69 -0.85732
23 70 -0.905183
23 71 -0.946147
23 72 -0.97963
23 73 -1.00498
23 74 -1.02174
23 75 -1.02976
23 76 -1.0291
23 77 -1.01948
23 78 -1.00107
23 79 -0.974371
23 80 -0.939864
23 81 -0.898088
23 82 -0.849889
23 83 -0.796136
23 84 -0.737581
23 85 -0.675213
23 86 -0.610121
23 87 -0.543642
23 88 -0.476856
23 89 -0.410499
23 90 -0.346034
23 91 -0.284263
23 92 -0.226516
23 93 -0.173751
23 94 -0.126756
23 95 -0.0862378
23 96 -0.0529866
23 97 -0.0276183
23 98 -0.0103525
23 99 -0.00151212
23 100 -0.000180268
23 101 0

24 0 0
24 1 -0.00398918
24 2 -0.0320317
24 3 -0.0406732
24 4 -0.0579417
24 5 -0.0834825
24 6 -0.116683
24 7 -0.156955
24 8 -0.20379
24 9 -0.256523
24 10 -0.313928
24 11 -0.375228
24 12 -0.43949
24 13 -0.505423
24 14 -0.571942
24 15 -0.637963
24 16 -0.702582
24 17 -0.76437
24 18 -0.822675
24 19 -0.875938
24 20 -0.92354
24 21 -0.964627
24 22 -0.998646
24 23 -1.02484
24 24 -1.04264
24 25 -1.05175
24 26 -1.05228
24 27 -1.04372
24 28 -1.02654
24 29 -1.00088
24 30 -0.967155
24 31 -0.925806
24 32 -0.877647
24 33 -0.823533
24 34 -0.763771
24 35 -0.699861
24 36 -0.632522
24 37 -0.562732
24 38 -0.491638
24 39 -0.420612
24 40 -0.350635
24 41 -0.283037
24 42 -0.21892
24 43 -0.158949
24 44 -0.104196
24 45 -0.0553529
24 46 -0.0134751
24 47 0.0208742
24 48 0.0471172
24 49 0.064852
24 50 0.0738183
24 51 0.073858
24 52 0.0651467
24 53 0.0477732
24 54 0.0218867
24 55 -0.0119237
24 56 -0.0534385
24 57 -0.101871
24 58 -0.156324
24 59 -0.215976
24 60 -0.280025
24 61 -0.347446
24 62 -0.417247
24 63 -0.488274
24 64 -0.559156
24 65 -0.628696
24 66 -0.695848
24 67 -0.759485
24 68 -0.818638
24 69 -0.872839
24 70 -0.920757
24 71 -0.961992
24 72 -0.995519
24 73 -1.02093
24 74 -1.03795
24 75 -1.04621
24 76 -1.04595
24 77 -1.03648
24 78 -1.0186
24 79 -0.992558
24 80 -0.958678
24 81 -0.917323
24 82 -0.869557
24 83 -0.816295
24 84 -0.758465
24 85 -0.696675
24 86 -0.632251
24 87 -0.566304
24 88 -0.49996
24 89 -0.434106
24 90 -0.370101
24 91 -0.308836
24 92 -0.251425
24 93 -0.19889
24 94 -0.152207
24 95 -0.112006
24 96 -0.0790497
24 97 -0.053865
24 98 -0.036744
24 99 -0.0280098
24 100 -0.00347535
24 101 0

25 0 0
25 1 -0.00610653
25 2 -0.0490698
25 3 -0.0576552
25 4 -0.0748536
25 5 -0.100214
25 6 -0.133179
25 7 -0.173192
25 8 -0.2199
25 9 -0.272326
25 10 -0.329459
25 11 -0.390337
25 12 -0.454067
25 13 -0.519585
25 14 -0.58572
25 15 -0.651157
25 16 -0.715045
25 17 -0.776457
25 18 -0.834237
25 19 -0.887046
25 20 -0.934169
25 21 -0.974999
25 22 -1.00866
25 23 -1.03436
25 24 -1.05175
25 25 -1.06071
25 26 -1.06095
25 27 -1.05238
25 28 -1.03504
25 29 -1.00934
25 30 -0.975512
25 31 -0.934064
25 32 -0.885843
25 33 -0.831547
25 34 -0.771899
25 35 -0.708096
25 36 -0.640824
25 37 -0.571129
25 38 -0.500307
25 39 -0.429551
25 40 -0.359833
25 41 -0.292464
25 42 -0.228358
25 43 -0.168611
25 44 -0.114092
25 45 -0.0654523
25 46 -0.0235787
25 47 0.0106375
25 48 0.0369128
25 49 0.0546326
25 50 0.0636034
25 51 0.0637369
25 52 0.0550185
25 53 0.0376821
25 54 0.0120534
25 55 -0.0218805
25 56 -0.0631988
25 57 -0.111423
25 58 -0.165746
25 59 -0.225154
25 60 -0.288885
25 61 -0.356086
25 62 -0.425616
25 63 -0.496349
25 64 -0.566945
25 65 -0.636398
25 66 -0.703357
25 67 -0.766944
25 68 -0.82616
25 69 -0.880265
25 70 -0.928367
25 71 -0.969528
25 72 -1.00317
25 73 -1.02871
25 74 -1.04588
25 75 -1.05445
25 76 -1.05419
25 77 -1.04524
25 78 -1.02766
25 79 -1.00201
25 80 -0.968588
25 81 -0.927735
25 82 -0.88048
25 83 -0.827662
25 84 -0.770144
25 85 -0.709086
25 86 -0.645333
25 87 -0.579995
25 88 -0.514308
25 89 -0.448919
25 90 -0.385298
25 91 -0.3245
25 92 -0.267394
25 93 -0.215232
25 94 -0.168921
25 95 -0.128935
25 96 -0.0961133
25 97 -0.070977
25 98 -0.0540294
25 99 -0.0454497
25 100 -0.00564736
25 101 0

26 0 0
26 1 -0.00705575
26 2 -0.0567007
26 3 -0.0652462
26 4 -0.0824136
26 5 -0.107569
26 6 -0.140414
26 7 -0.180215
26 8 -0.226541
26 9 -0.278679
26 10 -0.335427
26 11 -0.395989
26 12 -0.45949
26 13 -0.524635
26 14 -0.590171
26 15 -0.655098
26 16 -0.718578
26 17 -0.779469
26 18 -0.836737
26 19 -0.889085
26 20 -0.935958
26 21 -0.976476
26 22 -1.0097
26 23 -1.03511
26 24 -1.05228
26 25 -1.06095
26 26 -1.06093
26 27 -1.05213
26 28 -1.03465
26 29 -1.00885
26 30 -0.975116
26 31 -0.933904
26 32 -0.885834
26 33 -0.831542
26 34 -0.771974
26 35 -0.708158
26 36 -0.641037
26 37 -0.571597
26 38 -0.500853
26 39 -0.430229
26 40 -0.360755
26 41 -0.293513
26 42 -0.22965
26 43 -0.170045
26 44 -0.115663
26 45 -0.0672872
26 46 -0.0257265
26 47 0.00837811
26 48 0.0343892
26 49 0.0520701
26 50 0.0611029
26 51 0.0613559
26 52 0.0526496
26 53 0.0354271
26 54 0.00978981
26 55 -0.0237897
26 56 -0.0647385
26 57 -0.112719
26 58 -0.166825
26 59 -0.226025
26 60 -0.289606
26 61 -0.35662
26 62 -0.425913
26 63 -0.496368
26 64 -0.566794
26 65 -0.636042
26 66 -0.702855
26 67 -0.76628
26 68 -0.825422
