0 0 0
0 1 0
0 2 0
0 3 0
0 4 0
0 5 0
0 6 0
0 7 0
0 8 0
0 9 0
0 10 0
0 11 0
0 12 0
0 13 0
0 14 0
0 15 0
0 16 0
0 17 0
0 18 0
0 19 0
0 20 0
0 21 0
0 22 0
0 23 0
0 24 0
0 25 0
0 26 0
0 27 0
0 28 0
0 29 0
0 30 0
0 31 0
0 32 0
0 33 0
0 34 0
0 35 0
0 36 0
0 37 0
0 38 0
0 39 0
0 40 0
0 41 0
0 42 0
0 43 0
0 44 0
0 45 0
0 46 0
0 47 0
0 48 0
0 49 0
0 50 0
0 51 0
0 52 0
0 53 0
0 54 0
0 55 0
0 56 0
0 57 0
0 58 0
0 59 0
0 60 0
0 61 0
0 62 0
0 63 0
0 64 0
0 65 0
0 66 0
0 67 0
0 68 0
0 69 0
0 70 0
0 71 0
0 72 0
0 73 0
0 74 0
0 75 0
0 76 0
0 77 0
0 78 0
0 79 0
0 80 0
0 81 0
0 82 0
0 83 0
0 84 0
0 85 0
0 86 0
0 87 0
0 88 0
0 89 0
0 90 0
0 91 0
0 92 0
0 93 0
0 94 0
0 95 0
0 96 0
0 97 0
0 98 0
0 99 0
0 100 0
0 101 0

1 0 0
1 1 0
1 2 -0.13481
1 3 -0.133467
1 4 -0.131024
1 5 -0.127555
1 6 -0.123076
1 7 -0.117689
1 8 -0.111454
1 9 -0.104483
1 10 -0.0968996
1 11 -0.0888259
1 12 -0.0803667
1 13 -0.0716839
1 14 -0.0628716
1 15 -0.0541168
1 16 -0.0455331
1 17 -0.0372661
1 18 -0.029461
1 19 -0.0222357
1 20 -0.015706
1 21 -0.00996902
1 22 -0.0051165
1 23 -0.00124046
1 24 0.00159044
1 25 0.00334518
1 26 0.0040051
1 27 0.0035703
1 28 0.00202193
1 29 -0.000588357
1 30 -0.00422737
1 31 -0.00881997
1 32 -0.0143028
1 33 -0.0205613
1 34 -0.0274938
1 35 -0.0350063
1 36 -0.0429806
1 37 -0.0512732
1 38 -0.0597175
1 39 -0.0681973
1 40 -0.0765764
1 41 -0.0847229
1 42 -0.0924707
1 43 -0.0997187
1 44 -0.106315
1 45 -0.11219
1 46 -0.117223
1 47 -0.121342
1 48 -0.124485
1 49 -0.126595
1 50 -0.127655
1 51 -0.127633
1 52 -0.126549
1 53 -0.124391
1 54 -0.12119
1 55 -0.117033
1 56 -0.111971
1 57 -0.106076
1 58 -0.0994376
1 59 -0.0921704
1 60 -0.0843811
1 61 -0.0762313
1 62 -0.0678339
1 63 -0.0593483
1 64 -0.050885
1 65 -0.0426116
1 66 -0.034666
1 67 -0.0271556
1 68 -0.0202209
1 69 -0.0139654
1 70 -0.0085025
1 71 -0.00391807
1 72 -0.000297962
1 73 0.00231618
1 74 0.00384951
1 75 0.00427529
1 76 0.00358742
1 77 0.00180839
1 78 -0.00104053
1 79 -0.00492244
1 80 -0.00977358
1 81 -0.0155234
1 82 -0.0220875
1 83 -0.0293398
1 84 -0.0371754
1 85 -0.0454635
1 86 -0.0540625
1 87 -0.0628496
1 88 -0.0716611
1 89 -0.0803903
1 90 -0.0888602
1 91 -0.0969532
1 92 -0.104547
1 93 -0.111528
1 94 -0.117756
1 95 -0.123151
1 96 -0.127622
1 97 -0.131105
1 98 -0.133523
1 99 -0.134895
1 100 0
1 101 0

2 0 0
2 1 -0.13481
2 2 -1.08365
2 3 -1.07284
2 4 -1.05329
2 5 -1.02532
2 6 -0.98935
2 7 -0.945988
2 8 -0.895904
2 9 -0.839923
2 10 -0.778972
2 11 -0.714006
2 12 -0.646048
2 13 -0.576146
2 14 -0.505394
2 15 -0.434957
2 16 -0.365955
2 17 -0.299515
2 18 -0.236726
2 19 -0.178611
2 20 -0.12612
2 21 -0.0800834
2 22 -0.0411791
2 23 -0.0100522
2 24 0.0127705
2 25 0.0269588
2 26 0.0322846
2 27 0.0286941
2 28 0.0162791
2 29 -0.00473623
2 30 -0.033987
2 31 -0.0709364
2 32 -0.114932
2 33 -0.165243
2 34 -0.221041
2 35 -0.281438
2 36 -0.345451
2 37 -0.411997
2 38 -0.479942
2 39 -0.548152
2 40 -0.615526
2 41 -0.680945
2 42 -0.743292
2 43 -0.801514
2 44 -0.85464
2 45 -0.901802
2 46 -0.942248
2 47 -0.975368
2 48 -1.00062
2 49 -1.01762
2 50 -1.0261
2 51 -1.02593
2 52 -1.01713
2 53 -0.999811
2 54 -0.974229
2 55 -0.940813
2 56 -0.900079
2 57 -0.852643
2 58 -0.799259
2 59 -0.740807
2 60 -0.678288
2 61 -0.612752
2 62 -0.545268
2 63 -0.476962
2 64 -0.409003
2 65 -0.342523
2 66 -0.278601
2 67 -0.218279
2 68 -0.162529
2 69 -0.112256
2 70 -0.0683068
2 71 -0.0314526
2 72 -0.00231545
2 73 0.018609
2 74 0.0309218
2 75 0.0343687
2 76 0.0288752
2 77 0.01456
2 78 -0.00835418
2 79 -0.0395387
2 80 -0.0785424
2 81 -0.124762
2 82 -0.177451
2 83 -0.23577
2 84 -0.298753
2 85 -0.365363
2 86 -0.434513
2 87 -0.50511
2 88 -0.576031
2 89 -0.646143
2 90 -0.714305
2 91 -0.779414
2 92 -0.840441
2 93 -0.896448
2 94 -0.946547
2 95 -0.989925
2 96 -1.02589
2 97 -1.05387
2 98 -1.07345
2 99 -1.08432
2 100 -0.134895
2 101 0

3 0 0
3 1 -0.133467
3 2 -1.07284
3 3 -1.06204
3 4 -1.04262
3 5 -1.01462
3 6 -0.978774
3 7 -0.935439
3 8 -0.885522
3 9 -0.82975
3 10 -0.768938
3 11 -0.704038
3 12 -0.636228
3 13 -0.56634
3 14 -0.495822
3 15 -0.425454
3 16 -0.356585
3 17 -0.290298
3 18 -0.2276
3 19 -0.169586
3 20 -0.117232
3 21 -0.0714043
3 22 -0.0327353
3 23 -0.00174519
3 24 0.0211276
3 25 0.0353834
3 26 0.0407236
3 27 0.0370234
3 28 0.0246394
3 29 0.00358248
3 30 -0.0256214
3 31 -0.0625433
3 32 -0.106417
3 33 -0.156667
3 34 -0.212468
3 35 -0.272784
3 36 -0.336598
3 37 -0.402916
3 38 -0.470813
3 39 -0.538979
3 40 -0.60628
3 41 -0.671524
3 42 -0.733826
3 43 -0.791917
3 44 -0.845067
3 45 -0.892108
3 46 -0.932504
3 47 -0.965574
3 48 -0.99078
3 49 -1.00779
3 50 -1.0162
3 51 -1.01601
3 52 -1.00715
3 53 -0.989906
3 54 -0.964531
3 55 -0.931184
3 56 -0.890451
3 57 -0.843018
3 58 -0.7897
3 59 -0.731319
3 60 -0.669
3 61 -0.603547
3 62 -0.536188
3 63 -0.467893
3 64 -0.400105
3 65 -0.333748
3 66 -0.269865
3 67 -0.209674
3 68 -0.153986
3 69 -0.103796
3 70 -0.0598693
3 71 -0.0230324
3 72 0.00610453
3 73 0.0268975
3 74 0.0391927
3 75 0.0426618
3 76 0.0372371
3 77 0.0229527
3 78 8.05403e-05
3 79 -0.031034
3 80 -0.0699378
3 81 -0.116033
3 82 -0.168515
3 83 -0.226687
3 84 -0.289505
3 85 -0.355949
3 86 -0.424971
3 87 -0.495388
3 88 -0.566296
3 89 -0.63625
3 90 -0.704363
3 91 -0.769402
3 92 -0.830286
3 93 -0.88604
3 94 -0.936045
3 95 -0.979326
3 96 -1.01525
3 97 -1.04316
3 98 -1.06282
3 99 -1.07347
3 100 -0.133529
3 101 0

4 0 0
4 1 -0.131024
4 2 -1.05329
4 3 -1.04262
4 4 -1.02329
4 5 -0.995364
4 6 -0.959637
4 7 -0.916436
4 8 -0.866694
4 9 -0.810984
4 10 -0.750286
4 11 -0.685493
4 12 -0.617802
4 13 -0.548068
4 14 -0.477705
4 15 -0.407544
4 16 -0.338887
4 17 -0.272838
4 18 -0.210376
4 19 -0.152579
4 20 -0.100368
4 21 -0.0544221
4 22 -0.0159683
4 23 0.0149776
4 24 0.0377247
4 25 0.051796
4 26 0.0571829
4 27 0.0535805
4 28 0.0411028
4 29 0.0199707
4 30 -0.00914445
4 31 -0.0460018
4 32 -0.0897533
4 33 -0.139999
4 34 -0.195596
4 35 -0.255908
4 36 -0.319696
4 37 -0.385948
4 38 -0.45377
4 39 -0.521891
4 40 -0.589091
4 41 -0.654254
4 42 -0.716323
4 43 -0.774339
4 44 -0.827381
4 45 -0.874465
4 46 -0.91479
4 47 -0.947954
4 48 -0.973068
4 49 -0.990105
4 50 -0.998478
4 51 -0.998368
4 52 -0.989495
4 53 -0.972274
4 54 -0.946838
4 55 -0.913545
4 56 -0.872738
4 57 -0.825371
4 58 -0.772136
4 59 -0.714005
4 60 -0.651719
4 61 -0.586404
4 62 -0.519084
4 63 -0.451025
4 64 -0.38326
4 65 -0.316837
4 66 -0.253063
4 67 -0.192927
4 68 -0.137272
4 69 -0.0871998
4 70 -0.0433431
4 71 -0.00664053
4 72 0.022631
4 73 0.0433845
4 74 0.0556735
4 75 0.0590741
4 76 0.0537242
4 77 0.0395114
4 78 0.0166879
4 79 -0.0143168
4 80 -0.0532186
4 81 -0.09911
4 82 -0.151631
4 83 -0.20949
4 84 -0.27205
4 85 -0.338186
4 86 -0.407052
4 87 -0.477342
4 88 -0.548065
4 89 -0.617877
4 90 -0.685807
4 91 -0.750638
4 92 -0.811526
4 93 -0.867243
4 94 -0.917
4 95 -0.960119
4 96 -0.995995
4 97 -1.02387
4 98 -1.04341
4 99 -1.05392
4 100 -0.131089
4 101 0

5 0 0
5 1 -0.127555
5 2 -1.02532
5 3 -1.01462
5 4 -0.995364
5 5 -0.967599
5 6 -0.93203
5 7 -0.889032
5 8 -0.839426
5 9 -0.783877
5 10 -0.723303
5 11 -0.658759
5 12 -0.591227
5 13 -0.521678
5 14 -0.451472
5 15 -0.381453
5 16 -0.312975
5 17 -0.247131
5 18 -0.184855
5 19 -0.127314
5 20 -0.0753425
5 21 -0.0296241
5 22 0.00874789
5 23 0.0395488
5 24 0.0621108
5 25 0.0761595
5 26 0.0814961
5 27 0.0779066
5 28 0.0654245
5 29 0.0443713
5 30 0.0152546
5 31 -0.0215707
5 32 -0.0652808
5 33 -0.11549
5 34 -0.171105
5 35 -0.231328
5 36 -0.295095
5 37 -0.361278
5 38 -0.429009
5 39 -0.496911
5 40 -0.563994
5 41 -0.629085
5 42 -0.691217
5 43 -0.749181
5 44 -0.802145
5 45 -0.849124
5 46 -0.889514
5 47 -0.922579
5 48 -0.947698
5 49 -0.964771
5 50 -0.973287
5 51 -0.973153
5 52 -0.964307
5 53 -0.946954
5 54 -0.921573
5 55 -0.888193
5 56 -0.847455
5 57 -0.80016
5 58 -0.746993
5 59 -0.688898
5 60 -0.626747
5 61 -0.561502
5 62 -0.494372
5 63 -0.426317
5 64 -0.358584
5 65 -0.292202
5 66 -0.228534
5 67 -0.168467
5 68 -0.112838
5 69 -0.0627645
5 70 -0.0190327
5 71 0.0176017
5 72 0.0468328
5 73 0.0676785
5 74 0.0799029
5 75 0.0833337
5 76 0.0780064
5 77 0.0639075
5 78 0.0411845
5 79 0.0103246
5 80 -0.0284171
5 81 -0.0740881
5 82 -0.126239
5 83 -0.183934
5 84 -0.246294
5 85 -0.312333
5 86 -0.381064
5 87 -0.451223
5 88 -0.521665
5 89 -0.591256
5 90 -0.659033
5 91 -0.723751
5 92 -0.784423
5 93 -0.840019
5 94 -0.88965
5 95 -0.932561
5 96 -0.968243
5 97 -0.995946
5 98 -1.01538
5 99 -1.02601
5 100 -0.127636
5 101 0

6 0 0
6 1 -0.123076
6 2 -0.98935
6 3 -0.978774
6 4 -0.959637
6 5 -0.93203
6 6 -0.896593
6 7 -0.853751
6 8 -0.804266
6 9 -0.748847
6 10 -0.688444
6 11 -0.624115
6 12 -0.556865
6 13 -0.487639
6 14 -0.417639
6 15 -0.347786
6 16 -0.279551
6 17 -0.213889
6 18 -0.151901
6 19 -0.0944914
6 20 -0.0427376
6 21 0.00282376
6 22 0.0410962
6 23 0.071738
6 24 0.094179
6 25 0.108124
6 26 0.113324
6 27 0.109681
6 28 0.0972544
6 29 0.076178
6 30 0.0471346
6 31 0.0102687
6 32 -0.0335099
6 33 -0.0836627
6 34 -0.139264
6 35 -0.199473
6 36 -0.263147
6 37 -0.329313
6 38 -0.396856
6 39 -0.464686
6 40 -0.531641
6 41 -0.59668
6 42 -0.658754
6 43 -0.716718
6 44 -0.769612
6 45 -0.816523
6 46 -0.856906
6 47 -0.890048
6 48 -0.915161
6 49 -0.932173
6 50 -0.940557
6 51 -0.940452
6 52 -0.931727
6 53 -0.914394
6 54 -0.888959
6 55 -0.855599
6 56 -0.814942
6 57 -0.767673
6 58 -0.714502
6 59 -0.65655
6 60 -0.594437
6 61 -0.529333
6 62 -0.462242
6 63 -0.394287
6 64 -0.326628
6 65 -0.260317
6 66 -0.196716
6 67 -0.136754
6 68 -0.0811749
6 69 -0.0310797
6 70 0.0127435
6 71 0.0493385
6 72 0.0784985
6 73 0.099315
6 74 0.111654
6 75 0.115127
6 76 0.109921
6 77 0.095939
6 78 0.0732918
6 79 0.0425137
6 80 0.0039278
6 81 -0.0414697
6 82 -0.0934875
6 83 -0.151026
6 84 -0.213277
6 85 -0.279037
6 86 -0.347523
6 87 -0.417325
6 88 -0.487482
6 89 -0.556848
6 90 -0.62443
6 91 -0.688875
6 92 -0.74933
6 93 -0.804824
6 94 -0.854265
6 95 -0.897085
6 96 -0.9327
6 97 -0.960259
6 98 -0.979512
6 99 -0.990135
6 100 -0.123176
6 101 0

7 0 0
7 1 -0.117689
7 2 -0.945988
7 3 -0.935439
7 4 -0.916436
7 5 -0.889032
7 6 -0.853751
7 7 -0.811159
7 8 -0.761864
7 9 -0.706627
7 10 -0.646453
7 11 -0.582278
7 12 -0.515202
7 13 -0.446211
7 14 -0.376425
7 15 -0.306921
7 16 -0.238883
7 17 -0.173457
7 18 -0.1117
7 19 -0.0545686
7 20 -0.00297237
7 21 0.0423621
7 22 0.0804576
7 23 0.110924
7 24 0.133236
7 25 0.147038
7 26 0.152196
7 27 0.14839
7 28 0.135929
7 29 0.114921
7 30 0.0857651
7 31 0.0489841
7 32 0.00523953
7 33 -0.0448828
7 34 -0.100572
7 35 -0.160744
7 36 -0.22447
7 37 -0.290528
7 38 -0.358052
7 39 -0.425707
7 40 -0.492618
7 41 -0.557565
7 42 -0.61963
7 43 -0.677435
7 44 -0.730146
7 45 -0.777072
7 46 -0.817522
7 47 -0.850656
7 48 -0.875801
7 49 -0.892752
7 50 -0.901181
7 51 -0.901083
7 52 -0.892376
7 53 -0.8752
7 54 -0.849655
7 55 -0.81618
7 56 -0.775569
7 57 -0.728388
7 58 -0.675389
7 59 -0.617503
7 60 -0.555432
7 61 -0.490299
7 62 -0.423438
7 63 -0.355531
7 64 -0.287843
7 65 -0.221678
7 66 -0.158164
7 67 -0.0980889
7 68 -0.0426668
7 69 0.00743632
7 70 0.0512575
7 71 0.0879691
7 72 0.117058
7 73 0.137931
7 74 0.150276
7 75 0.153883
7 76 0.148772
7 77 0.134761
7 78 0.112356
7 79 0.0818018
7 80 0.0434549
7 81 -0.001824
7 82 -0.0536271
7 83 -0.110939
7 84 -0.172869
7 85 -0.238443
7 86 -0.306614
7 87 -0.376146
7 88 -0.446033
7 89 -0.515292
7 90 -0.582611
7 91 -0.646837
7 92 -0.707117
7 93 -0.762357
7 94 -0.81159
7 95 -0.854292
7 96 -0.889765
7 97 -0.917153
7 98 -0.936292
7 99 -0.946847
7 100 -0.117792
7 101 0

8 0 0
8 1 -0.111454
8 2 -0.895904
8 3 -0.885522
8 4 -0.866694
8 5 -0.839426
8 6 -0.804266
8 7 -0.761864
8 8 -0.712666
8 9 -0.657876
8 10 -0.597845
8 11 -0.533892
8 12 -0.467007
8 13 -0.398315
8 14 -0.32883
8 15 -0.259599
8 16 -0.191839
8 17 -0.126608
8 18 -0.0650401
8 19 -0.00817326
8 20 0.0431884
8 21 0.0881487
8 22 0.126139
8 23 0.156411
8 24 0.178603
8 25 0.192307
8 26 0.197267
8 27 0.193444
8 28 0.180896
8 29 0.159941
8 30 0.130662
8 31 0.0938873
8 32 0.0501268
8 33 9.917e-05
8 34 -0.0555492
8 35 -0.115755
8 36 -0.179446
8 37 -0.245514
8 38 -0.312913
8 39 -0.380574
8 40 -0.447391
8 41 -0.512326
8 42 -0.574137
8 43 -0.631924
8 44 -0.684658
8 45 -0.731556
8 46 -0.771991
8 47 -0.805066
8 48 -0.830295
8 49 -0.847221
8 50 -0.855745
8 51 -0.855649
8 52 -0.847006
8 53 -0.829818
8 54 -0.804278
8 55 -0.77075
8 56 -0.730146
8 57 -0.682954
8 58 -0.629991
8 59 -0.572181
8 60 -0.510163
8 61 -0.445186
8 62 -0.378389
8 63 -0.310557
8 64 -0.242994
8 65 -0.176925
8 66 -0.113332
8 67 -0.0532352
8 68 0.00222852
8 69 0.0523051
8 70 0.0960664
8 71 0.132775
8 72 0.161729
8 73 0.182679
8 74 0.195097
8 75 0.198916
8 76 0.193864
8 77 0.179971
8 78 0.15769
8 79 0.127341
8 80 0.0893054
8 81 0.0441135
8 82 -0.00733697
8 83 -0.0643823
8 84 -0.125966
8 85 -0.191407
8 86 -0.259401
8 87 -0.328642
8 88 -0.39824
8 89 -0.467192
8 90 -0.53422
8 91 -0.598216
8 92 -0.658149
8 93 -0.713285
8 94 -0.762296
8 95 -0.804905
8 96 -0.840231
8 97 -0.867365
8 98 -0.886425
8 99 -0.89683
8 100 -0.111564
8 101 0

9 0 0
9 1 -0.104483
9 2 -0.839923
9 3 -0.82975
9 4 -0.810984
9 5 -0.783877
9 6 -0.748847
9 7 -0.706627
9 8 -0.657876
9 9 -0.603145
9 10 -0.543452
9 11 -0.479658
9 12 -0.413025
9 13 -0.3446
9 14 -0.275375
9 15 -0.206504
9 16 -0.139001
9 17 -0.0740389
9 18 -0.0128164
9 19 0.0437657
9 20 0.0948822
9 21 0.139716
9 22 0.177606
9 23 0.207641
9 24 0.229554
9 25 0.243114
9 26 0.247925
9 27 0.244088
9 28 0.23165
9 29 0.210458
9 30 0.181205
9 31 0.144326
9 32 0.100473
9 33 0.0504069
9 34 -0.00521989
9 35 -0.065403
9 36 -0.128943
9 37 -0.194999
9 38 -0.262401
9 39 -0.330027
9 40 -0.397023
9 41 -0.461761
9 42 -0.523466
9 43 -0.581076
9 44 -0.633789
9 45 -0.680726
9 46 -0.721111
9 47 -0.754189
9 48 -0.77951
9 49 -0.796535
9 50 -0.804932
9 51 -0.804914
9 52 -0.79611
9 53 -0.778945
9 54 -0.753479
9 55 -0.720055
9 56 -0.679438
9 57 -0.632281
9 58 -0.579473
9 59 -0.521621
9 60 -0.459732
9 61 -0.394759
9 62 -0.32797
9 63 -0.260215
9 64 -0.192742
9 65 -0.126721
9 66 -0.0631618
9 67 -0.00306792
9 68 0.0525117
9 69 0.102606
9 70 0.146401
9 71 0.183095
9 72 0.212141
9 73 0.232993
9 74 0.245499
9 75 0.249467
9 76 0.244589
9 77 0.23088
9 78 0.20877
9 79 0.178518
9 80 0.140651
9 81 0.0956828
9 82 0.0444644
9 83 -0.012175
9 84 -0.0735782
9 85 -0.1387
9 86 -0.206281
9 87 -0.275282
9 88 -0.344626
9 89 -0.413243
9 90 -0.479939
9 91 -0.543654
9 92 -0.603474
9 93 -0.658289
9 94 -0.707257
9 95 -0.749613
9 96 -0.784609
9 97 -0.811695
9 98 -0.830577
9 99 -0.840882
9 100 -0.104608
9 101 0

10 0 0
10 1 -0.0968996
10 2 -0.778972
10 3 -0.768938
10 4 -0.750286
10 5 -0.723303
10 6 -0.688444
10 7 -0.646453
10 8 -0.597845
10 9 -0.543452
10 10 -0.483968
10 11 -0.420626
10 12 -0.35419
10 13 -0.285975
10 14 -0.217036
10 15 -0.148533
10 16 -0.0813314
10 17 -0.0167322
10 18 0.0441788
10 19 0.100492
10 20 0.151287
10 21 0.19587
10 22 0.233667
10 23 0.263637
10 24 0.285356
10 25 0.298662
10 26 0.303286
10 27 0.299341
10 28 0.2867
10 29 0.265566
10 30 0.236267
10 31 0.199401
10 32 0.155503
10 33 0.105379
10 34 0.0497182
10 35 -0.0105312
10 36 -0.0740812
10 37 -0.140047
10 38 -0.207331
10 39 -0.274955
10 40 -0.341837
10 41 -0.406605
10 42 -0.468229
10 43 -0.525985
10 44 -0.578705
10 45 -0.62551
10 46 -0.665699
10 47 -0.698653
10 48 -0.723992
10 49 -0.741116
10 50 -0.749713
10 51 -0.749606
10 52 -0.740805
10 53 -0.723553
10 54 -0.698126
10 55 -0.664889
10 56 -0.624356
10 57 -0.577247
10 58 -0.524448
10 59 -0.466572
10 60 -0.404716
10 61 -0.33989
10 62 -0.272996
10 63 -0.205336
10 64 -0.138008
10 65 -0.071988
10 66 -0.00836537
10 67 0.0517078
10 68 0.10732
10 69 0.157398
10 70 0.201136
10 71 0.237897
10 72 0.266998
10 73 0.288051
10 74 0.300583
10 75 0.304643
10 76 0.299938
10 77 0.286474
10 78 0.264509
10 79 0.234453
10 80 0.196761
10 81 0.151932
10 82 0.101015
10 83 0.0446399
10 84 -0.0164525
10 85 -0.0812331
10 86 -0.148369
10 87 -0.217048
10 88 -0.286006
10 89 -0.354325
10 90 -0.420785
10 91 -0.484358
10 92 -0.543782
10 93 -0.598269
10 94 -0.646995
10 95 -0.689214
10 96 -0.724063
10 97 -0.751012
10 98 -0.769725
10 99 -0.779905
10 100 -0.0970256
10 101 0

11 0 0
11 1 -0.0888259
11 2 -0.714006
11 3 -0.704038
11 4 -0.685493
11 5 -0.658759
11 6 -0.624115
11 7 -0.582278
11 8 -0.533892
11 9 -0.479658
11 10 -0.420626
11 11 -0.357495
11 12 -0.291505
11 13 -0.22353
11 14 -0.154948
11 15 -0.0867323
11 16 -0.0198389
11 17 0.0443851
11 18 0.104907
11 19 0.160968
11 20 0.211569
11 21 0.255997
11 22 0.293656
11 23 0.32341
11 24 0.344743
11 25 0.357905
11 26 0.362455
11 27 0.358293
11 28 0.345509
11 29 0.324241
11 30 0.295026
11 31 0.258151
11 32 0.21412
11 33 0.163871
11 34 0.108312
11 35 0.0482047
11 36 -0.0153392
11 37 -0.0813384
11 38 -0.148634
11 39 -0.21621
11 40 -0.283005
11 41 -0.347655
11 42 -0.409262
11 43 -0.466919
11 44 -0.519652
11 45 -0.566567
11 46 -0.606845
11 47 -0.639815
11 48 -0.665073
11 49 -0.682188
11 50 -0.690776
11 51 -0.690621
11 52 -0.681954
11 53 -0.664748
11 54 -0.639274
11 55 -0.606008
11 56 -0.565471
11 57 -0.518419
11 58 -0.465698
11 59 -0.407842
11 60 -0.345973
11 61 -0.281211
11 62 -0.214401
11 63 -0.146841
11 64 -0.0795713
11 65 -0.0134306
11 66 0.0501155
11 67 0.11011
11 68 0.165714
11 69 0.215776
11 70 0.259549
11 71 0.296391
11 72 0.325628
11 73 0.346712
11 74 0.359391
11 75 0.36337
11 76 0.358914
11 77 0.345875
11 78 0.3241
11 79 0.294206
11 80 0.256671
11 81 0.21208
11 82 0.161343
11 83 0.10527
11 84 0.0444893
11 85 -0.0198548
11 86 -0.0866837
11 87 -0.154994
11 88 -0.223714
11 89 -0.291635
11 90 -0.357787
11 91 -0.420899
11 92 -0.480099
11 93 -0.534286
11 94 -0.58277
11 95 -0.624779
11 96 -0.659475
11 97 -0.686354
11 98 -0.70485
11 99 -0.71487
11 100 -0.0889332
11 101 0

12 0 0
12 1 -0.0803667
12 2 -0.646048
12 3 -0.636228
12 4 -0.617802
12 5 -0.591227
12 6 -0.556865
12 7 -0.515202
12 8 -0.467007
12 9 -0.413025
12 10 -0.35419
12 11 -0.291505
12 12 -0.225797
12 13 -0.15823
12 14 -0.0898874
12 15 -0.0220141
12 16 0.0444785
12 17 0.108337
12 18 0.16867
12 19 0.224513
12 20 0.274904
12 21 0.318953
12 22 0.356022
12 23 0.385616
12 24 0.406942
12 25 0.419951
12 26 0.424421
12 27 0.420083
12 28 0.407069
12 29 0.385727
12 30 0.356313
12 31 0.319327
12 32 0.275349
12 33 0.225034
12 34 0.16954
12 35 0.109435
12 36 0.0459597
12 37 -0.0199309
12 38 -0.0872869
12 39 -0.154932
12 40 -0.2216
12 41 -0.286283
12 42 -0.347813
12 43 -0.405395
12 44 -0.458078
12 45 -0.504867
12 46 -0.545245
12 47 -0.57824
12 48 -0.603347
12 49 -0.620526
12 50 -0.629184
12 51 -0.628962
12 52 -0.620369
12 53 -0.603251
12 54 -0.57757
12 55 -0.544389
12 56 -0.504074
12 57 -0.45697
12 58 -0.404287
12 59 -0.346462
12 60 -0.284702
12 61 -0.220153
12 62 -0.153393
12 63 -0.0858029
12 64 -0.0184969
12 65 0.0475484
12 66 0.11117
12 67 0.17111
12 68 0.226691
12 69 0.276698
12 70 0.320614
12 71 0.357574
12 72 0.386807
12 73 0.408132
12 74 0.421004
12 75 0.425078
12 76 0.420697
12 77 0.40781
12 78 0.386187
12 79 0.356608
12 80 0.319407
12 81 0.275098
12 82 0.224665
12 83 0.168815
12 84 0.108421
12 85 0.0443928
12 86 -0.0221355
12 87 -0.0901431
12 88 -0.158383
12 89 -0.226011
12 90 -0.291755
12 91 -0.354487
12 92 -0.413401
12 93 -0.467403
12 94 -0.515589
12 95 -0.557424
12 96 -0.591992
12 97 -0.618634
12 98 -0.636976
12 99 -0.646821
12 100 -0.0804639
12 101 0

13 0 0
13 1 -0.0716839
13 2 -0.576146
13 3 -0.56634
13 4 -0.548068
13 5 -0.521678
13 6 -0.487639
13 7 -0.446211
13 8 -0.398315
13 9 -0.3446
13 10 -0.285975
13 11 -0.22353
13 12 -0.15823
13 13 -0.0910005
13 14 -0.0231278
13 15 0.0445301
13 16 0.110812
13 17 0.174444
13 18 0.23434
13 19 0.289899
13 20 0.339969
13 21 0.383658
13 22 0.42051
13 23 0.449813
13 24 0.470864
13 25 0.483742
13 26 0.487978
13 27 0.483444
13 28 0.470356
13 29 0.448862
13 30 0.419362
13 31 0.382258
13 32 0.338193
13 33 0.288028
13 34 0.232443
13 35 0.172468
13 36 0.108996
13 37 0.0430303
13 38 -0.024323
13 39 -0.0917872
13 40 -0.15837
13 41 -0.222972
13 42 -0.284611
13 43 -0.342119
13 44 -0.394785
13 45 -0.441598
13 46 -0.481879
13 47 -0.514792
13 48 -0.539984
13 49 -0.557187
13 50 -0.565802
13 51 -0.565705
13 52 -0.557064
13 53 -0.539786
13 54 -0.514261
13 55 -0.481134
13 56 -0.440925
13 57 -0.39398
13 58 -0.341216
13 59 -0.283391
13 60 -0.221654
13 61 -0.157128
13 62 -0.0905592
13 63 -0.022931
13 64 0.0442299
13 65 0.110254
13 66 0.17385
13 67 0.233796
13 68 0.289265
13 69 0.339381
13 70 0.383288
13 71 0.420385
13 72 0.449776
13 73 0.471129
13 74 0.484225
13 75 0.488516
13 76 0.484295
13 77 0.4715
13 78 0.450099
13 79 0.420875
13 80 0.383953
13 81 0.339981
13 82 0.289931
13 83 0.23437
13 84 0.174209
13 85 0.110624
13 86 0.0443308
13 87 -0.0232558
13 88 -0.0912604
13 89 -0.158453
13 90 -0.223819
13 91 -0.286358
13 92 -0.344888
13 93 -0.3986
13 94 -0.446714
13 95 -0.488125
13 96 -0.522401
13 97 -0.548851
13 98 -0.567023
13 99 -0.576822
13 100 -0.0717695
13 101 0

14 0 0
14 1 -0.0628716
14 2 -0.505394
14 3 -0.495822
14 4 -0.477705
14 5 -0.451472
14 6 -0.417639
14 7 -0.376425
14 8 -0.32883
14 9 -0.275375
14 10 -0.217036
14 11 -0.154948
14 12 -0.0898874
14 13 -0.0231278
14 14 0.0444263
14 15 0.111843
14 16 0.177785
14 17 0.241021
14 18 0.300592
14 19 0.355852
14 20 0.405661
14 21 0.449183
14 22 0.485754
14 23 0.514762
14 24 0.535616
14 25 0.548184
14 26 0.552133
14 27 0.547483
14 28 0.534281
14 29 0.512587
14 30 0.483082
14 31 0.445867
14 32 0.40177
14 33 0.351565
14 34 0.29603
14 35 0.235999
14 36 0.172543
14 37 0.106517
14 38 0.0393147
14 39 -0.0280549
14 40 -0.0946375
14 41 -0.159284
14 42 -0.220832
14 43 -0.278353
14 44 -0.330874
14 45 -0.37769
14 46 -0.417827
14 47 -0.450822
14 48 -0.476003
14 49 -0.493203
14 50 -0.501793
14 51 -0.501737
14 52 -0.493131
14 53 -0.475835
14 54 -0.4503
14 55 -0.417363
14 56 -0.377173
14 57 -0.330242
14 58 -0.277471
14 59 -0.219912
14 60 -0.158134
14 61 -0.0935801
14 62 -0.0270245
14 63 0.0404436
14 64 0.10755
14 65 0.173435
14 66 0.237006
14 67 0.297035
14 68 0.352594
14 69 0.402678
14 70 0.446759
14 71 0.483783
14 72 0.513341
14 73 0.534842
14 74 0.548067
14 75 0.552612
14 76 0.548588
14 77 0.535963
14 78 0.514792
14 79 0.485792
14 80 0.449233
14 81 0.405558
14 82 0.355673
14 83 0.300568
14 84 0.240719
14 85 0.177411
14 86 0.111447
14 87 0.0441784
14 88 -0.0232904
14 89 -0.0901311
14 90 -0.155179
14 91 -0.217371
14 92 -0.275646
14 93 -0.329179
14 94 -0.376895
14 95 -0.418072
14 96 -0.452212
14 97 -0.478437
14 98 -0.496426
14 99 -0.505987
14 100 -0.0629462
14 101 0

15 0 0
15 1 -0.0541168
15 2 -0.434957
15 3 -0.425454
15 4 -0.407544
15 5 -0.381453
15 6 -0.347786
15 7 -0.306921
15 8 -0.259599
15 9 -0.206504
15 10 -0.148533
15 11 -0.0867323
15 12 -0.0220141
15 13 0.0445301
15 14 0.111843
15 15 0.1788
15 16 0.244351
15 17 0.307236
15 18 0.366543
15 19 0.42147
15 20 0.470873
15 21 0.514096
15 22 0.550407
15 23 0.579183
15 24 0.599824
15 25 0.612206
15 26 0.616032
15 27 0.611124
15 28 0.597813
15 29 0.575984
15 30 0.546257
15 31 0.509101
15 32 0.464989
15 33 0.414702
15 34 0.359112
15 35 0.299158
15 36 0.235762
15 37 0.16972
15 38 0.102554
15 39 0.0352204
15 40 -0.0312967
15 41 -0.0960134
15 42 -0.15756
15 43 -0.214893
15 44 -0.267324
15 45 -0.314138
15 46 -0.354306
15 47 -0.387243
15 48 -0.41247
15 49 -0.429621
15 50 -0.438203
15 51 -0.438136
15 52 -0.429568
15 53 -0.41229
15 54 -0.386798
15 55 -0.353851
15 56 -0.313625
15 57 -0.266767
15 58 -0.214247
15 59 -0.156835
15 60 -0.0951093
15 61 -0.0305081
15 62 0.035972
15 63 0.10333
15 64 0.170485
15 65 0.236299
15 66 0.299876
15 67 0.36002
15 68 0.415534
15 69 0.465622
15 70 0.509635
15 71 0.546778
15 72 0.576436
15 73 0.598084
15 74 0.611556
15 75 0.6163
15 76 0.612394
15 77 0.599885
15 78 0.57904
15 79 0.550269
15 80 0.513997
15 81 0.470688
15 82 0.421124
15 83 0.366301
15 84 0.306828
15 85 0.243893
15 86 0.178422
15 87 0.111473
15 88 0.0442918
15 89 -0.0222585
15 90 -0.0870256
15 91 -0.148893
15 92 -0.206813
15 93 -0.259919
15 94 -0.307338
15 95 -0.348277
15 96 -0.382109
15 97 -0.408117
15 98 -0.426078
15 99 -0.435466
15 100 -0.0541722
15 101 0

16 0 0
16 1 -0.0455331
16 2 -0.365955
16 3 -0.356585
16 4 -0.338887
16 5 -0.312975
16 6 -0.279551
16 7 -0.238883
16 8 -0.191839
16 9 -0.139001
16 10 -0.0813314
16 11 -0.0198389
16 12 0.0444785
16 13 0.110812
16 14 0.177785
16 15 0.244351
16 16 0.309376
16 17 0.37193
16 18 0.430987
16 19 0.485542
16 20 0.53465
16 21 0.57765
16 22 0.613667
16 23 0.642075
16 24 0.662497
16 25 0.674757
16 26 0.678358
16 27 0.673407
16 28 0.659927
16 29 0.637836
16 30 0.608054
16 31 0.570859
16 32 0.526783
16 33 0.476501
16 34 0.420827
16 35 0.36081
16 36 0.297462
16 37 0.231555
16 38 0.164408
16 39 0.0971981
16 40 0.0305981
16 41 -0.033981
16 42 -0.0954907
16 43 -0.152821
16 44 -0.205251
16 45 -0.252081
16 46 -0.292265
16 47 -0.32522
16 48 -0.350339
16 49 -0.367356
16 50 -0.375886
16 51 -0.37591
16 52 -0.367364
16 53 -0.35018
16 54 -0.324781
16 55 -0.291834
16 56 -0.251682
16 57 -0.204862
16 58 -0.152293
16 59 -0.0949529
16 60 -0.0334031
16 61 0.0311586
16 62 0.0975864
16 63 0.165009
16 64 0.232024
16 65 0.297756
16 66 0.361324
16 67 0.421441
16 68 0.476913
16 69 0.527059
16 70 0.571213
16 71 0.608342
16 72 0.6381
16 73 0.659904
16 74 0.673512
16 75 0.678466
16 76 0.674684
16 77 0.662386
16 78 0.64183
16 79 0.613347
16 80 0.577338
16 81 0.534408
16 82 0.485063
16 83 0.430471
16 84 0.371392
16 85 0.308967
16 86 0.243926
16 87 0.17737
16 88 0.110404
16 89 0.0443052
16 90 -0.0201805
16 91 -0.0817332
16 92 -0.139338
16 93 -0.192174
16 94 -0.239307
16 95 -0.279999
16 96 -0.313648
16 97 -0.339469
16 98 -0.357164
16 99 -0.366388
16 100 -0.0455791
16 101 0

17 0 0
17 1 -0.0372661
17 2 -0.299515
17 3 -0.290298
17 4 -0.272838
17 5 -0.247131
17 6 -0.213889
17 7 -0.173457
17 8 -0.126608
17 9 -0.0740389
17 10 -0.0167322
17 11 0.0443851
17 12 0.108337
17 13 0.174444
17 14 0.241021
17 15 0.307236
17 16 0.37193
17 17 0.43418
17 18 0.492932
17 19 0.547239
17 20 0.596028
17 21 0.638798
17 22 0.674576
17 23 0.702627
17 24 0.722766
17 25 0.734723
17 26 0.738172
17 27 0.733158
17 28 0.719463
17 29 0.697404
17 30 0.667452
17 31 0.630119
17 32 0.58594
17 33 0.535622
17 34 0.479942
17 35 0.419993
17 36 0.356587
17 37 0.290766
17 38 0.223617
17 39 0.15649
17 40 0.090048
17 41 0.0255402
17 42 -0.035988
17 43 -0.0933091
17 44 -0.145726
17 45 -0.192421
17 46 -0.232649
17 47 -0.265521
17 48 -0.290527
17 49 -0.30758
17 50 -0.316179
17 51 -0.316101
17 52 -0.307504
17 53 -0.290516
17 54 -0.265225
17 55 -0.232334
17 56 -0.192196
17 57 -0.145419
17 58 -0.0929026
17 59 -0.0354629
17 60 0.0258707
17 61 0.0903008
17 62 0.156751
17 63 0.224103
17 64 0.290999
17 65 0.356678
17 66 0.42015
17 67 0.480202
17 68 0.535618
17 69 0.586012
17 70 0.630295
17 71 0.667539
17 72 0.697292
17 73 0.71918
17 74 0.732832
17 75 0.738108
17 76 0.7346
17 77 0.722535
17 78 0.702217
17 79 0.673963
17 80 0.638265
17 81 0.595562
17 82 0.546543
17 83 0.49231
17 84 0.433563
17 85 0.371422
17 86 0.306785
17 87 0.240606
17 88 0.173859
17 89 0.108163
17 90 0.0441196
17 91 -0.0169976
17 92 -0.0743254
17 93 -0.126931
17 94 -0.173841
17 95 -0.214289
17 96 -0.247705
17 97 -0.27331
17 98 -0.290913
17 99 -0.299886
17 100 -0.0372937
17 101 0

18 0 0
18 1 -0.029461
18 2 -0.236726
18 3 -0.2276
18 4 -0.210376
18 5 -0.184855
18 6 -0.151901
18 7 -0.1117
18 8 -0.0650401
18 9 -0.0128164
18 10 0.0441788
18 11 0.104907
18 12 0.16867
18 13 0.23434
18 14 0.300592
18 15 0.366543
18 16 0.430987
18 17 0.492932
18 18 0.551385
18 19 0.605372
18 20 0.653948
18 21 0.696303
18 22 0.731911
18 23 0.759823
18 24 0.77974
18 25 0.791374
18 26 0.794563
18 27 0.789336
18 28 0.775465
18 29 0.753323
18 30 0.723315
18 31 0.685891
18 32 0.641588
18 33 0.591295
18 34 0.535606
18 35 0.47558
18 36 0.412167
18 37 0.346377
18 38 0.279477
18 39 0.212434
18 40 0.146219
18 41 0.0816589
18 42 0.0201516
18 43 -0.0372418
18 44 -0.0896608
18 45 -0.13622
18 46 -0.176363
18 47 -0.209164
18 48 -0.234186
18 49 -0.25123
18 50 -0.259803
18 51 -0.259716
18 52 -0.251151
18 53 -0.234158
18 54 -0.20902
18 55 -0.176069
18 56 -0.136064
18 57 -0.0894634
18 58 -0.0369512
18 59 0.0204001
18 60 0.081801
18 61 0.146145
18 62 0.212556
18 63 0.279651
18 64 0.346376
18 65 0.412047
18 66 0.475577
18 67 0.535617
18 68 0.591059
18 69 0.641442
18 70 0.685718
18 71 0.723034
18 72 0.752977
18 73 0.775073
18 74 0.788847
18 75 0.794269
18 76 0.79103
18 77 0.779182
18 78 0.759073
18 79 0.731092
18 80 0.695717
18 81 0.653202
18 82 0.604545
18 83 0.550627
18 84 0.492276
18 85 0.43038
18 86 0.365956
18 87 0.300181
18 88 0.233852
18 89 0.16836
18 90 0.104714
18 91 0.0438802
18 92 -0.013054
18 93 -0.0653956
18 94 -0.11203
18 95 -0.152146
18 96 -0.185433
18 97 -0.210767
18 98 -0.228152
18 99 -0.237053
18 100 -0.0294833
18 101 0

19 0 0
19 1 -0.0222357
19 2 -0.178611
19 3 -0.169586
19 4 -0.152579
19 5 -0.127314
19 6 -0.0944914
19 7 -0.0545686
19 8 -0.00817326
19 9 0.0437657
19 10 0.100492
19 11 0.160968
19 12 0.224513
19 13 0.289899
19 14 0.355852
19 15 0.42147
19 16 0.485542
19 17 0.547239
19 18 0.605372
19 19 0.659089
19 20 0.707378
19 21 0.749398
19 22 0.784613
19 23 0.812408
19 24 0.832105
19 25 0.843532
19 26 0.846519
19 27 0.841098
19 28 0.827127
19 29 0.804867
19 30 0.774823
19 31 0.737379
19 32 0.693065
19 33 0.64258
19 34 0.586933
19 35 0.526872
19 36 0.463438
19 37 0.397721
19 38 0.330941
19 39 0.263975
19 40 0.197764
19 41 0.133291
19 42 0.0718704
19 43 0.0145754
19 44 -0.0377973
19 45 -0.084342
19 46 -0.124434
19 47 -0.157152
19 48 -0.182101
19 49 -0.199067
19 50 -0.207675
19 51 -0.207629
19 52 -0.199085
19 53 -0.182138
19 54 -0.157094
19 55 -0.124198
19 56 -0.0843012
19 57 -0.0377721
19 58 0.014664
19 59 0.0719937
19 60 0.133276
19 61 0.197559
19 62 0.263846
19 63 0.330814
19 64 0.397558
19 65 0.463196
19 66 0.526618
19 67 0.586596
19 68 0.642222
19 69 0.692588
19 70 0.736799
19 71 0.774231
19 72 0.80435
19 73 0.826495
19 74 0.840391
19 75 0.845871
19 76 0.842892
19 77 0.831295
19 78 0.811436
19 79 0.783823
19 80 0.748569
19 81 0.70646
19 82 0.658177
19 83 0.604584
19 84 0.546538
19 85 0.484894
19 86 0.420663
19 87 0.355289
19 88 0.289371
19 89 0.224239
19 90 0.160886
19 91 0.10021
19 92 0.0435226
19 93 -0.00853759
19 94 -0.054855
19 95 -0.09478
19 96 -0.127684
19 97 -0.152835
19 98 -0.170035
19 99 -0.178889
19 100 -0.0222553
19 101 0

20 0 0
20 1 -0.015706
20 2 -0.12612
20 3 -0.117232
20 4 -0.100368
20 5 -0.0753425
20 6 -0.0427376
20 7 -0.00297237
20 8 0.0431884
20 9 0.0948822
20 10 0.151287
20 11 0.211569
20 12 0.274904
20 13 0.339969
20 14 0.405661
20 15 0.470873
20 16 0.53465
20 17 0.596028
20 18 0.653948
20 19 0.707378
20 20 0.755374
20 21 0.797176
20 22 0.832052
20 23 0.859537
20 24 0.879133
20 25 0.890416
20 26 0.893266
20 27 0.887578
20 28 0.873426
20 29 0.851083
20 30 0.820952
20 31 0.783482
20 32 0.739112
20 33 0.688662
20 34 0.633021
20 35 0.573069
20 36 0.509676
20 37 0.443981
20 38 0.377192
20 39 0.310166
20 40 0.24403
20 41 0.179685
20 42 0.118433
20 43 0.0611744
20 44 0.00877527
20 45 -0.0377492
20 46 -0.0776801
20 47 -0.110362
20 48 -0.135319
20 49 -0.152275
20 50 -0.160876
20 51 -0.160913
20 52 -0.152411
20 53 -0.135425
20 54 -0.110419
20 55 -0.0776321
20 56 -0.0377266
20 57 0.00875909
20 58 0.0611856
20 59 0.11835
20 60 0.179529
20 61 0.243672
20 62 0.309897
20 63 0.376857
20 64 0.44358
20 65 0.50926
20 66 0.57252
20 67 0.632381
20 68 0.687989
20 69 0.738401
20 70 0.782661
20 71 0.820163
20 72 0.850356
20 73 0.872593
20 74 0.886619
20 75 0.892271
20 76 0.889453
20 77 0.878123
20 78 0.858545
20 79 0.831128
20 80 0.796136
20 81 0.754295
20 82 0.706333
20 83 0.653035
20 84 0.595248
20 85 0.533868
20 86 0.470032
20 87 0.404944
20 88 0.339445
20 89 0.274519
20 90 0.211422
20 91 0.151107
20 92 0.0947334
20 93 0.0429694
20 94 -0.00322157
20 95 -0.0429362
20 96 -0.0756401
20 97 -0.100496
20 98 -0.117528
20 99 -0.126335
20 100 -0.0157243
20 101 0

21 0 0
21 1 -0.00996902
21 2 -0.0800834
21 3 -0.0714043
21 4 -0.0544221
21 5 -0.0296241
21 6 0.00282376
21 7 0.0423621
21 8 0.0881487
21 9 0.139716
21 10 0.19587
21 11 0.255997
21 12 0.318953
21 13 0.383658
21 14 0.449183
21 15 0.514096
21 16 0.57765
21 17 0.638798
21 18 0.696303
21 19 0.749398
21 20 0.797176
21 21 0.838797
21 22 0.87347
21 23 0.900694
21 24 0.920061
21 25 0.931226
21 26 0.933851
21 27 0.928032
21 28 0.913793
21 29 0.891259
21 30 0.861024
21 31 0.82344
21 32 0.779109
21 33 0.728719
21 34 0.673117
21 35 0.613172
21 36 0.549887
21 37 0.484231
21 38 0.417402
21 39 0.350531
21 40 0.284288
21 41 0.220168
21 42 0.158984
21 43 0.101809
21 44 0.0494171
21 45 0.00288864
21 46 -0.0370026
21 47 -0.0696625
21 48 -0.0946316
21 49 -0.111465
21 50 -0.120021
21 51 -0.120109
21 52 -0.111542
21 53 -0.0946442
21 54 -0.0697177
21 55 -0.0369904
21 56 0.00277562
21 57 0.0492274
21 58 0.101519
21 59 0.158744
21 60 0.219824
21 61 0.28397
21 62 0.350051
21 63 0.416907
21 64 0.483538
21 65 0.549187
21 66 0.612447
21 67 0.672253
21 68 0.727838
21 69 0.77817
21 70 0.822359
21 71 0.859942
21 72 0.890268
21 73 0.912599
21 74 0.92689
21 75 0.932694
21 76 0.929946
21 77 0.918852
21 78 0.899537
21 79 0.872374
21 80 0.837659
21 81 0.795999
21 82 0.748269
21 83 0.695317
21 84 0.637766
21 85 0.57676
21 86 0.513336
21 87 0.44844
21 88 0.383155
21 89 0.318465
21 90 0.255645
21 91 0.19577
21 92 0.139586
21 93 0.0881543
21 94 0.0421987
21 95 0.00267432
21 96 -0.0297362
21 97 -0.0545399
21 98 -0.0713904
21 99 -0.0801972
21 100 -0.00999955
21 101 0

22 0 0
22 1 -0.0051165
22 2 -0.0411791
22 3 -0.0327353
22 4 -0.0159683
22 5 0.00874789
22 6 0.0410962
22 7 0.0804576
22 8 0.126139
22 9 0.177606
22 10 0.233667
22 11 0.293656
22 12 0.356022
22 13 0.42051
22 14 0.485754
22 15 0.550407
22 16 0.613667
22 17 0.674576
22 18 0.731911
22 19 0.784613
22 20 0.832052
22 21 0.87347
22 22 0.907882
22 23 0.935072
22 24 0.954252
22 25 0.965128
22 26 0.967547
22 27 0.961547
22 28 0.94735
22 29 0.924785
22 30 0.894454
22 31 0.856831
22 32 0.812613
22 33 0.76222
22 34 0.706669
22 35 0.646671
22 36 0.583276
22 37 0.517744
22 38 0.450917
22 39 0.384041
22 40 0.318003
22 41 0.253911
22 42 0.192786
22 43 0.135685
22 44 0.0835196
22 45 0.0370259
22 46 -0.00289153
22 47 -0.0355271
22 48 -0.0604078
22 49 -0.0772802
22 50 -0.0857892
22 51 -0.0858416
22 52 -0.0772573
22 53 -0.0605311
22 54 -0.0355686
22 55 -0.00300585
22 56 0.0367285
22 57 0.0831061
22 58 0.135415
22 59 0.192548
22 60 0.253458
22 61 0.317466
22 62 0.383431
22 63 0.45022
22 64 0.516822
22 65 0.582356
22 66 0.645559
22 67 0.705473
22 68 0.761124
22 69 0.811334
22 70 0.855557
22 71 0.893164
22 72 0.923527
22 73 0.945907
22 74 0.960308
22 75 0.966211
22 76 0.9636
22 77 0.9527
22 78 0.933678
22 79 0.906791
22 80 0.872237
22 81 0.830924
22 82 0.78345
22 83 0.730723
22 84 0.673514
22 85 0.612756
22 86 0.549532
22 87 0.484946
22 88 0.419912
22 89 0.355699
22 90 0.293099
22 91 0.233496
22 92 0.177395
22 93 0.126235
22 94 0.0805592
22 95 0.0410961
22 96 0.00879396
22 97 -0.0158972
22 98 -0.0326077
22 99 -0.0411834
22 100 -0.00513081
22 101 0

23 0 0
23 1 -0.00124046
23 2 -0.0100522
23 3 -0.00174519
23 4 0.0149776
23 5 0.0395488
23 6 0.071738
23 7 0.110924
23 8 0.156411
23 9 0.207641
23 10 0.263637
23 11 0.32341
23 12 0.385616
23 13 0.449813
23 14 0.514762
23 15 0.579183
23 16 0.642075
23 17 0.702627
23 18 0.759823
23 19 0.812408
23 20 0.859537
23 21 0.900694
23 22 0.935072
23 23 0.961902
23 24 0.980857
23 25 0.991624
23 26 0.993853
23 27 0.987745
23 28 0.973405
23 29 0.950908
23 30 0.920645
23 31 0.882912
23 32 0.838599
23 33 0.788359
23 34 0.732857
23 35 0.672993
23 36 0.609706
23 37 0.544073
23 38 0.477274
23 39 0.41048
23 40 0.344459
23 41 0.28049
23 42 0.219402
23 43 0.162469
23 44 0.110407
23 45 0.0640261
23 46 0.0240706
23 47 -0.00860467
23 48 -0.0335407
23 49 -0.0504385
23 50 -0.0589004
23 51 -0.0588515
23 52 -0.0503341
23 53 -0.033662
23 54 -0.00878266
23 55 0.0238939
23 56 0.0636065
23 57 0.109918
23 58 0.162056
23 59 0.219105
23 60 0.279906
23 61 0.343835
23 62 0.40972
23 63 0.476456
23 64 0.542999
23 65 0.608435
23 66 0.671603
23 67 0.731419
23 68 0.786942
23 69 0.837236
23 70 0.881491
23 71 0.919073
23 72 0.949399
23 73 0.97182
23 74 0.986205
23 75 0.992261
23 76 0.989894
23 77 0.979235
23 78 0.960403
23 79 0.93367
23 80 0.899423
23 81 0.858391
23 82 0.81114
23 83 0.758564
23 84 0.701636
23 85 0.641171
23 86 0.578264
23 87 0.513952
23 88 0.449203
23 89 0.385201
23 90 0.322853
23 91 0.26342
23 92 0.207593
23 93 0.156501
23 94 0.111067
23 95 0.0719528
23 96 0.0397407
23 97 0.0150692
23 98 -0.00145666
23 99 -0.00991185
23 100 -0.00123946
23 101 0

24 0 0
24 1 0.00159044
24 2 0.0127705
24 3 0.0211276
24 4 0.0377247
24 5 0.0621108
24 6 0.094179
24 7 0.133236
24 8 0.178603
24 9 0.229554
24 10 0.285356
24 11 0.344743
24 12 0.406942
24 13 0.470864
24 14 0.535616
24 15 0.599824
24 16 0.662497
24 17 0.722766
24 18 0.77974
24 19 0.832105
24 20 0.879133
24 21 0.920061
24 22 0.954252
24 23 0.980857
24 24 0.999611
24 25 1.01018
24 26 1.01241
24 27 1.00623
24 28 0.991714
24 29 0.969183
24 30 0.938909
24 31 0.901287
24 32 0.856849
24 33 0.80666
24 34 0.751179
24 35 0.691388
24 36 0.628181
24 37 0.562619
24 38 0.495958
24 39 0.42918
24 40 0.363271
24 41 0.299338
24 42 0.238549
24 43 0.181622
24 44 0.129509
24 45 0.0832567
24 46 0.0433955
24 47 0.0107914
24 48 -0.0141378
24 49 -0.0309357
24 50 -0.0394416
24 51 -0.0394425
24 52 -0.0310547
24 53 -0.0143299
24 54 0.0105161
24 55 0.0431546
24 56 0.0827683
24 57 0.129
24 58 0.181064
24 59 0.238002
24 60 0.298811
24 61 0.362608
24 62 0.42837
24 63 0.49492
24 64 0.561354
24 65 0.626745
24 66 0.68985
24 67 0.749586
24 68 0.805032
24 69 0.85536
24 70 0.899521
24 71 0.937107
24 72 0.967442
24 73 0.990081
24 74 1.00449
24 75 1.01062
24 76 1.00839
24 77 0.997857
24 78 0.979181
24 79 0.952601
24 80 0.918647
24 81 0.877722
24 82 0.830807
24 83 0.778472
24 84 0.721839
24 85 0.661596
24 86 0.598887
24 87 0.534728
24 88 0.470343
24 89 0.406444
24 90 0.344397
24 91 0.285194
24 92 0.229692
24 93 0.178725
24 94 0.13349
24 95 0.0945529
24 96 0.0624606
24 97 0.0378948
24 98 0.0214178
24 99 0.0130852
24 100 0.0016264
24 101 0

25 0 0
25 1 0.00334518
25 2 0.0269588
25 3 0.0353834
25 4 0.051796
25 5 0.0761595
25 6 0.108124
25 7 0.147038
25 8 0.192307
25 9 0.243114
25 10 0.298662
25 11 0.357905
25 12 0.419951
25 13 0.483742
25 14 0.548184
25 15 0.612206
25 16 0.674757
25 17 0.734723
25 18 0.791374
25 19 0.843532
25 20 0.890416
25 21 0.931226
25 22 0.965128
25 23 0.991624
25 24 1.01018
25 25 1.02055
25 26 1.0227
25 27 1.01655
25 28 1.00205
25 29 0.979448
25 30 0.94904
25 31 0.91149
25 32 0.867177
25 33 0.816845
25 34 0.761467
25 35 0.701747
25 36 0.63865
25 37 0.57334
25 38 0.506718
25 39 0.439952
25 40 0.374097
25 41 0.31032
25 42 0.249564
25 43 0.192885
25 44 0.140883
25 45 0.0947193
25 46 0.0549384
25 47 0.0224236
25 48 -0.0023883
25 49 -0.0192297
25 50 -0.0277897
25 51 -0.0277962
25 52 -0.0194081
25 53 -0.00269945
25 54 0.0221493
25 55 0.0546566
25 56 0.0940866
25 57 0.14017
25 58 0.192086
25 59 0.249007
25 60 0.309757
25 61 0.373513
25 62 0.43903
25 63 0.505509
25 64 0.57182
25 65 0.637053
25 66 0.700045
25 67 0.759691
25 68 0.815176
25 69 0.86535
25 70 0.909496
25 71 0.947084
25 72 0.977434
25 73 1.00017
25 74 1.01463
25 75 1.02085
25 76 1.01874
25 77 1.00822
25 78 0.989689
25 79 0.963481
25 80 0.929665
25 81 0.888988
25 82 0.842212
25 83 0.790074
25 84 0.733732
25 85 0.673749
25 86 0.611198
25 87 0.547366
25 88 0.483171
25 89 0.419555
25 90 0.357708
25 91 0.298601
25 92 0.243252
25 93 0.19255
25 94 0.147452
25 95 0.108535
25 96 0.076594
25 97 0.0521975
25 98 0.035658
25 99 0.0274393
25 100 0.00341999
25 101 0

26 0 0
26 1 0.0040051
26 2 0.0322846
26 3 0.0407236
26 4 0.0571829
26 5 0.0814961
26 6 0.113324
26 7 0.152196
26 8 0.197267
26 9 0.247925
26 10 0.303286
26 11 0.362455
26 12 0.424421
26 13 0.487978
26 14 0.552133
26 15 0.616032
26 16 0.678358
26 17 0.738172
26 18 0.794563
26 19 0.846519
26 20 0.893266
26 21 0.933851
26 22 0.967547
26 23 0.993853
26 24 1.01241
26 25 1.0227
26 26 1.02483
26 27 1.01863
26 28 1.00404
26 29 0.981414
26 30 0.951132
26 31 0.913541
26 32 0.869207
26 33 0.818988
26 34 0.763635
26 35 0.704071
26 36 0.641135
26 37 0.575893
26 38 0.509324
26 39 0.442672
26 40 0.376943
26 41 0.313218
26 42 0.252641
26 43 0.196024
26 44 0.144197
26 45 0.0981875
26 46 0.0585483
26 47 0.0260081
26 48 0.00120467
26 49 -0.0156675
26 50 -0.0242445
26 51 -0.0241428
26 52 -0.0157155
26 53 0.000877512
26 54 0.0257068
26 55 0.0580782
26 56 0.0974916
26 57 0.143505
26 58 0.195267
26 59 0.251997
26 60 0.312611
26 61 0.376136
