0 0 0
0 1 0
0 2 0
0 3 0
0 4 0
0 5 0
0 6 0
0 7 0
0 8 0
0 9 0
0 10 0
0 11 0
0 12 0
0 13 0
0 14 0
0 15 0
0 16 0
0 17 0
0 18 0
0 19 0
0 20 0
0 21 0
0 22 0
0 23 0
0 24 0
0 25 0
0 26 0
0 27 0
0 28 0
0 29 0
0 30 0
0 31 0
0 32 0
0 33 0
0 34 0
0 35 0
0 36 0
0 37 0
0 38 0
0 39 0
0 40 0
0 41 0
0 42 0
0 43 0
0 44 0
0 45 0
0 46 0
0 47 0
0 48 0
0 49 0
0 50 0
0 51 0
0 52 0
0 53 0
0 54 0
0 55 0
0 56 0
0 57 0
0 58 0
0 59 0
0 60 0
0 61 0
0 62 0
0 63 0
0 64 0
0 65 0
0 66 0
0 67 0
0 68 0
0 69 0
0 70 0
0 71 0
0 72 0
0 73 0
0 74 0
0 75 0
0 76 0
0 77 0
0 78 0
0 79 0
0 80 0
0 81 0
0 82 0
0 83 0
0 84 0
0 85 0
0 86 0
0 87 0
0 88 0
0 89 0
0 90 0
0 91 0
0 92 0
0 93 0
0 94 0
0 95 0
0 96 0
0 97 0
0 98 0
0 99 0
0 100 0
0 101 0

1 0 0
1 1 0
1 2 -0.0791171
1 3 -0.0785141
1 4 -0.0771543
1 5 -0.075265
1 6 -0.0727821
1 7 -0.0697254
1 8 -0.0661131
1 9 -0.0621559
1 10 -0.0578071
1 11 -0.0531236
1 12 -0.048178
1 13 -0.0430282
1 14 -0.0379063
1 15 -0.0326789
1 16 -0.0274965
1 17 -0.0224919
1 18 -0.0177965
1 19 -0.013422
1 20 -0.00935816
1 21 -0.00570759
1 22 -0.00246099
1 23 0.00017914
1 24 0.00225177
1 25 0.00362667
1 26 0.00435355
1 27 0.00454954
1 28 0.00405344
1 29 0.00283279
1 30 0.000958803
1 31 -0.00159037
1 32 -0.00460013
1 33 -0.00807357
1 34 -0.0120113
1 35 -0.0161635
1 36 -0.0207718
1 37 -0.0257638
1 38 -0.0310162
1 39 -0.0363782
1 40 -0.0416067
1 41 -0.0467022
1 42 -0.0517769
1 43 -0.0564964
1 44 -0.0609534
1 45 -0.0649828
1 46 -0.0686063
1 47 -0.0716829
1 48 -0.0740287
1 49 -0.0757041
1 50 -0.0766382
1 51 -0.0767377
1 52 -0.0759266
1 53 -0.0743441
1 54 -0.0719631
1 55 -0.0690472
1 56 -0.06552
1 57 -0.0614192
1 58 -0.0570972
1 59 -0.0524202
1 60 -0.0476684
1 61 -0.0425645
1 62 -0.0372294
1 63 -0.0319048
1 64 -0.0267273
1 65 -0.0217661
1 66 -0.0171089
1 67 -0.0127212
1 68 -0.00874358
1 69 -0.00511339
1 70 -0.00189345
1 71 0.000620808
1 72 0.00250073
1 73 0.00370607
1 74 0.00419218
1 75 0.00416805
1 76 0.0035356
1 77 0.00217133
1 78 0.00016305
1 79 -0.00249967
1 80 -0.00563064
1 81 -0.00921785
1 82 -0.0133152
1 83 -0.0177688
1 84 -0.0224197
1 85 -0.0274015
1 86 -0.0325964
1 87 -0.0378234
1 88 -0.043064
1 89 -0.0481677
1 90 -0.0530893
1 91 -0.0577255
1 92 -0.0621104
1 93 -0.0660964
1 94 -0.0697075
1 95 -0.0729033
1 96 -0.0754867
1 97 -0.0774614
1 98 -0.078678
1 99 -0.0794261
1 100 0
1 101 0

2 0 0
2 1 -0.0791171
2 2 -0.636073
2 3 -0.630653
2 4 -0.619957
2 5 -0.604713
2 6 -0.584825
2 7 -0.560422
2 8 -0.531653
2 9 -0.499699
2 10 -0.464751
2 11 -0.427238
2 12 -0.387358
2 13 -0.346275
2 14 -0.304547
2 15 -0.262635
2 16 -0.221133
2 17 -0.180975
2 18 -0.142981
2 19 -0.107746
2 20 -0.0751874
2 21 -0.0458825
2 22 -0.019954
2 23 0.00151972
2 24 0.0179792
2 25 0.0290003
2 26 0.0353127
2 27 0.0366145
2 28 0.0325696
2 29 0.0227808
2 30 0.0075506
2 31 -0.0127085
2 32 -0.037154
2 33 -0.0651719
2 34 -0.0964992
2 35 -0.130273
2 36 -0.167418
2 37 -0.207485
2 38 -0.249407
2 39 -0.2921
2 40 -0.33432
2 41 -0.375619
2 42 -0.415887
2 43 -0.454208
2 44 -0.490072
2 45 -0.522662
2 46 -0.551541
2 47 -0.575962
2 48 -0.594872
2 49 -0.608395
2 50 -0.615684
2 51 -0.616411
2 52 -0.610035
2 53 -0.597382
2 54 -0.578594
2 55 -0.554981
2 56 -0.526624
2 57 -0.494178
2 58 -0.45901
2 59 -0.421611
2 60 -0.382841
2 61 -0.342025
2 62 -0.299356
2 63 -0.256515
2 64 -0.215053
2 65 -0.175366
2 66 -0.137669
2 67 -0.102357
2 68 -0.0702478
2 69 -0.0410642
2 70 -0.0155913
2 71 0.00490866
2 72 0.0200224
2 73 0.0296298
2 74 0.034006
2 75 0.0335767
2 76 0.0282671
2 77 0.0172937
2 78 0.00119865
2 79 -0.019855
2 80 -0.0450372
2 81 -0.0742107
2 82 -0.106895
2 83 -0.142536
2 84 -0.180412
2 85 -0.220572
2 86 -0.262177
2 87 -0.304254
2 88 -0.346106
2 89 -0.387337
2 90 -0.426703
2 91 -0.464086
2 92 -0.499234
2 93 -0.531573
2 94 -0.56047
2 95 -0.585889
2 96 -0.606562
2 97 -0.622072
2 98 -0.632386
2 99 -0.638349
2 100 -0.0794261
2 101 0

3 0 0
3 1 -0.0785141
3 2 -0.630653
3 3 -0.623839
3 4 -0.613086
3 5 -0.597692
3 6 -0.578238
3 7 -0.554339
3 8 -0.526139
3 9 -0.494028
3 10 -0.459419
3 11 -0.42194
3 12 -0.382038
3 13 -0.341073
3 14 -0.298731
3 15 -0.257067
3 16 -0.215888
3 17 -0.175782
3 18 -0.137239
3 19 -0.101579
3 20 -0.0694115
3 21 -0.0402963
3 22 -0.0150318
3 23 0.00650146
3 24 0.0226856
3 25 0.0340252
3 26 0.0405903
3 27 0.0419027
3 28 0.0375005
3 29 0.0275336
3 30 0.012222
3 31 -0.00804464
3 32 -0.0327966
3 33 -0.0608281
3 34 -0.0915352
3 35 -0.126491
3 36 -0.163649
3 37 -0.203304
3 38 -0.244724
3 39 -0.286843
3 40 -0.329112
3 41 -0.370838
3 42 -0.410495
3 43 -0.449101
3 44 -0.484654
3 45 -0.51716
3 46 -0.545493
3 47 -0.569273
3 48 -0.588481
3 49 -0.60197
3 50 -0.608912
3 51 -0.609296
3 52 -0.603234
3 53 -0.590811
3 54 -0.572972
3 55 -0.549209
3 56 -0.521056
3 57 -0.489551
3 58 -0.454099
3 59 -0.417208
3 60 -0.377586
3 61 -0.336757
3 62 -0.294467
3 63 -0.251948
3 64 -0.210496
3 65 -0.170953
3 66 -0.133129
3 67 -0.0979679
3 68 -0.0652025
3 69 -0.0362543
3 70 -0.0114569
3 71 0.00940049
3 72 0.0248583
3 73 0.0345649
3 74 0.0394629
3 75 0.0388466
3 76 0.0327545
3 77 0.022106
3 78 0.00624252
3 79 -0.0141738
3 80 -0.0392188
3 81 -0.0682914
3 82 -0.100923
3 83 -0.136486
3 84 -0.175209
3 85 -0.215907
3 86 -0.256941
3 87 -0.298807
3 88 -0.340434
3 89 -0.38169
3 90 -0.421215
3 91 -0.458679
3 92 -0.493496
3 93 -0.525829
3 94 -0.554744
3 95 -0.579379
3 96 -0.59976
3 97 -0.614931
3 98 -0.625993
3 99 -0.63218
3 100 -0.0786799
3 101 0

4 0 0
4 1 -0.0771543
4 2 -0.619957
4 3 -0.613086
4 4 -0.602332
4 5 -0.586884
4 6 -0.567577
4 7 -0.543181
4 8 -0.516166
4 9 -0.483497
4 10 -0.449599
4 11 -0.411201
4 12 -0.372198
4 13 -0.330583
4 14 -0.288332
4 15 -0.246586
4 16 -0.205326
4 17 -0.16474
4 18 -0.126292
4 19 -0.089383
4 20 -0.0581577
4 21 -0.02903
4 22 -0.0048337
4 23 0.0157741
4 24 0.0318326
4 25 0.0433794
4 26 0.0501717
4 27 0.0517177
4 28 0.0467216
4 29 0.036722
4 30 0.0220472
4 31 0.00236621
4 32 -0.0226423
4 33 -0.051026
4 34 -0.0825947
4 35 -0.118164
4 36 -0.155258
4 37 -0.195478
4 38 -0.23671
4 39 -0.278898
4 40 -0.319998
4 41 -0.361487
4 42 -0.401325
4 43 -0.439581
4 44 -0.475249
4 45 -0.507439
4 46 -0.535789
4 47 -0.558638
4 48 -0.577793
4 49 -0.590384
4 50 -0.598237
4 51 -0.598236
4 52 -0.592698
4 53 -0.579986
4 54 -0.563136
4 55 -0.539825
4 56 -0.512026
4 57 -0.480255
4 58 -0.445252
4 59 -0.408137
4 60 -0.368237
4 61 -0.327317
4 62 -0.285601
4 63 -0.244671
4 64 -0.20248
4 65 -0.162056
4 66 -0.123491
4 67 -0.0887006
4 68 -0.0557672
4 69 -0.0264871
4 70 -0.00184521
4 71 0.0191751
4 72 0.034232
4 73 0.0445345
4 74 0.0493751
4 75 0.0489609
4 76 0.0423696
4 77 0.0308689
4 78 0.015793
4 79 -0.00413385
4 80 -0.028662
4 81 -0.0563518
4 82 -0.0895297
4 83 -0.124723
4 84 -0.164655
4 85 -0.205325
4 86 -0.246652
4 87 -0.288023
4 88 -0.330264
4 89 -0.370968
4 90 -0.411309
4 91 -0.448422
4 92 -0.483829
4 93 -0.515053
4 94 -0.544501
4 95 -0.568364
4 96 -0.58861
4 97 -0.60414
4 98 -0.615044
4 99 -0.62077
4 100 -0.0772249
4 101 0

5 0 0
5 1 -0.075265
5 2 -0.604713
5 3 -0.597692
5 4 -0.586884
5 5 -0.571033
5 6 -0.550929
5 7 -0.527346
5 8 -0.500229
5 9 -0.468606
5 10 -0.433651
5 11 -0.395579
5 12 -0.356017
5 13 -0.315281
5 14 -0.272942
5 15 -0.231093
5 16 -0.189844
5 17 -0.149385
5 18 -0.110937
5 19 -0.0747911
5 20 -0.042154
5 21 -0.0132227
5 22 0.0116279
5 23 0.0321636
5 24 0.0477712
5 25 0.0588422
5 26 0.0658456
5 27 0.0659479
5 28 0.0610932
5 29 0.0515004
5 30 0.0360581
5 31 0.016354
5 32 -0.00883866
5 33 -0.0377665
5 34 -0.070066
5 35 -0.105613
5 36 -0.14323
5 37 -0.183242
5 38 -0.224671
5 39 -0.265852
5 40 -0.308191
5 41 -0.349654
5 42 -0.388548
5 43 -0.426489
5 44 -0.462089
5 45 -0.494042
5 46 -0.521524
5 47 -0.543715
5 48 -0.562113
5 49 -0.575146
5 50 -0.582109
5 51 -0.582748
5 52 -0.577065
5 53 -0.565102
5 54 -0.54855
5 55 -0.525826
5 56 -0.498945
5 57 -0.468089
5 58 -0.433031
5 59 -0.395674
5 60 -0.355684
5 61 -0.314751
5 62 -0.27354
5 63 -0.231338
5 64 -0.189968
5 65 -0.149489
5 66 -0.110544
5 67 -0.0750092
5 68 -0.0421933
5 69 -0.0125653
5 70 0.0116351
5 71 0.0324539
5 72 0.0482337
5 73 0.0589845
5 74 0.064793
5 75 0.0643811
5 76 0.058509
5 77 0.0472031
5 78 0.0317327
5 79 0.0120082
5 80 -0.0122998
5 81 -0.0414338
5 82 -0.0738846
5 83 -0.109833
5 84 -0.149454
5 85 -0.189661
5 86 -0.231117
5 87 -0.273153
5 88 -0.314952
5 89 -0.355795
5 90 -0.395069
5 91 -0.432561
5 92 -0.467651
5 93 -0.499748
5 94 -0.528002
5 95 -0.552248
5 96 -0.57229
5 97 -0.587889
5 98 -0.599511
5 99 -0.605086
5 100 -0.0752427
5 101 0

6 0 0
6 1 -0.0727821
6 2 -0.584825
6 3 -0.578238
6 4 -0.567577
6 5 -0.550929
6 6 -0.530309
6 7 -0.506605
6 8 -0.479481
6 9 -0.448428
6 10 -0.413264
6 11 -0.374954
6 12 -0.335554
6 13 -0.294614
6 14 -0.253086
6 15 -0.210905
6 16 -0.170064
6 17 -0.129554
6 18 -0.0907041
6 19 -0.0543729
6 20 -0.021323
6 21 0.00773236
6 22 0.0323103
6 23 0.0522906
6 24 0.0678486
6 25 0.0793438
6 26 0.0848788
6 27 0.0853112
6 28 0.0800802
6 29 0.0702359
6 30 0.0553571
6 31 0.0342924
6 32 0.009174
6 33 -0.0201774
6 34 -0.0532607
6 35 -0.089527
6 36 -0.127212
6 37 -0.167153
6 38 -0.208782
6 39 -0.250493
6 40 -0.292706
6 41 -0.333617
6 42 -0.372551
6 43 -0.410154
6 44 -0.445116
6 45 -0.476132
6 46 -0.502731
6 47 -0.525265
6 48 -0.54376
6 49 -0.556226
6 50 -0.562863
6 51 -0.563527
6 52 -0.558392
6 53 -0.546955
6 54 -0.530598
6 55 -0.508065
6 56 -0.481174
6 57 -0.451143
6 58 -0.417201
6 59 -0.37983
6 60 -0.339572
6 61 -0.298461
6 62 -0.256993
6 63 -0.214883
6 64 -0.173093
6 65 -0.132389
6 66 -0.0941673
6 67 -0.0583893
6 68 -0.0246937
6 69 0.00519851
6 70 0.0301386
6 71 0.0504315
6 72 0.0674285
6 73 0.0783059
6 74 0.0838142
6 75 0.084362
6 76 0.0783777
6 77 0.0677299
6 78 0.0521674
6 79 0.0324421
6 80 0.00797153
6 81 -0.0207438
6 82 -0.0536184
6 83 -0.0898664
6 84 -0.128833
6 85 -0.169662
6 86 -0.211085
6 87 -0.252685
6 88 -0.295196
6 89 -0.335299
6 90 -0.374513
6 91 -0.412054
6 92 -0.447076
6 93 -0.479276
6 94 -0.507425
6 95 -0.531174
6 96 -0.55154
6 97 -0.567598
6 98 -0.579295
6 99 -0.585127
6 100 -0.0727988
6 101 0

7 0 0
7 1 -0.0697254
7 2 -0.560422
7 3 -0.554339
7 4 -0.543181
7 5 -0.527346
7 6 -0.506605
7 7 -0.482677
7 8 -0.455244
7 9 -0.423743
7 10 -0.388238
7 11 -0.349853
7 12 -0.310758
7 13 -0.269575
7 14 -0.228059
7 15 -0.185965
7 16 -0.145075
7 17 -0.104678
7 18 -0.0662768
7 19 -0.0296874
7 20 0.00332382
7 21 0.0320415
7 22 0.0573862
7 23 0.0772938
7 24 0.0936331
7 25 0.104133
7 26 0.109639
7 27 0.108078
7 28 0.102784
7 29 0.0928925
7 30 0.0768366
7 31 0.0565717
7 32 0.030969
7 33 0.00149934
7 34 -0.0335797
7 35 -0.0687715
7 36 -0.107505
7 37 -0.147863
7 38 -0.189312
7 39 -0.230512
7 40 -0.273077
7 41 -0.314287
7 42 -0.354241
7 43 -0.39028
7 44 -0.424568
7 45 -0.454771
7 46 -0.481746
7 47 -0.503713
7 48 -0.521467
7 49 -0.533989
7 50 -0.540937
7 51 -0.541871
7 52 -0.536714
7 53 -0.525413
7 54 -0.508466
7 55 -0.486937
7 56 -0.461353
7 57 -0.430507
7 58 -0.397319
7 59 -0.359577
7 60 -0.320695
7 61 -0.278629
7 62 -0.236538
7 63 -0.193852
7 64 -0.152797
7 65 -0.112272
7 66 -0.0737686
7 67 -0.0369189
7 68 -0.00411597
7 69 0.026794
7 70 0.0518341
7 71 0.0727571
7 72 0.0892083
7 73 0.101402
7 74 0.107518
7 75 0.108006
7 76 0.103901
7 77 0.0923534
7 78 0.0772826
7 79 0.0569377
7 80 0.0326921
7 81 0.00358443
7 82 -0.0288248
7 83 -0.0646323
7 84 -0.104292
7 85 -0.144537
7 86 -0.186401
7 87 -0.227664
7 88 -0.269805
7 89 -0.31027
7 90 -0.349799
7 91 -0.386963
7 92 -0.422389
7 93 -0.454533
7 94 -0.482703
7 95 -0.507231
7 96 -0.527077
7 97 -0.543481
7 98 -0.554617
7 99 -0.560673
7 100 -0.0697647
7 101 0

8 0 0
8 1 -0.0661131
8 2 -0.531653
8 3 -0.526139
8 4 -0.516166
8 5 -0.500229
8 6 -0.479481
8 7 -0.455244
8 8 -0.426885
8 9 -0.395085
8 10 -0.359892
8 11 -0.321665
8 12 -0.281793
8 13 -0.240916
8 14 -0.198512
8 15 -0.157011
8 16 -0.116422
8 17 -0.0766401
8 18 -0.0380299
8 19 -0.00185313
8 20 0.0314858
8 21 0.0606376
8 22 0.0858048
8 23 0.106154
8 24 0.122097
8 25 0.132964
8 26 0.136336
8 27 0.13524
8 28 0.129131
8 29 0.118763
8 30 0.103491
8 31 0.0816855
8 32 0.0561552
8 33 0.0259357
8 34 -0.0081278
8 35 -0.0451107
8 36 -0.0834442
8 37 -0.123817
8 38 -0.165505
8 39 -0.207281
8 40 -0.249559
8 41 -0.290476
8 42 -0.32994
8 43 -0.367358
8 44 -0.40132
8 45 -0.430959
8 46 -0.456155
8 47 -0.478931
8 48 -0.49683
8 49 -0.508749
8 50 -0.515342
8 51 -0.516276
8 52 -0.511529
8 53 -0.500485
8 54 -0.48419
8 55 -0.462471
8 56 -0.436261
8 57 -0.407302
8 58 -0.373783
8 59 -0.335945
8 60 -0.295569
8 61 -0.254361
8 62 -0.212405
8 63 -0.16999
8 64 -0.128235
8 65 -0.0875225
8 66 -0.0489994
8 67 -0.0124013
8 68 0.0215036
8 69 0.0512657
8 70 0.0771971
8 71 0.0981683
8 72 0.116124
8 73 0.127873
8 74 0.133878
8 75 0.135789
8 76 0.131073
8 77 0.121419
8 78 0.106054
8 79 0.0855284
8 80 0.0605849
8 81 0.0314614
8 82 -0.00118195
8 83 -0.0366206
8 84 -0.0747638
8 85 -0.115773
8 86 -0.156477
8 87 -0.198434
8 88 -0.240646
8 89 -0.281879
8 90 -0.321262
8 91 -0.358879
8 92 -0.393929
8 93 -0.426138
8 94 -0.454779
8 95 -0.479217
8 96 -0.499703
8 97 -0.515372
8 98 -0.526125
8 99 -0.53179
8 100 -0.0661426
8 101 0

9 0 0
9 1 -0.0621559
9 2 -0.499699
9 3 -0.494028
9 4 -0.483497
9 5 -0.468606
9 6 -0.448428
9 7 -0.423743
9 8 -0.395085
9 9 -0.362764
9 10 -0.326928
9 11 -0.289443
9 12 -0.249977
9 13 -0.208775
9 14 -0.166745
9 15 -0.124236
9 16 -0.083203
9 17 -0.0444066
9 18 -0.00695814
9 19 0.0292265
9 20 0.0623793
9 21 0.0920827
9 22 0.117718
9 23 0.137415
9 24 0.153308
9 25 0.164089
9 26 0.167993
9 27 0.166446
9 28 0.159921
9 29 0.148092
9 30 0.131813
9 31 0.110661
9 32 0.0846267
9 33 0.054383
9 34 0.0195289
9 35 -0.0168787
9 36 -0.0563132
9 37 -0.0964251
9 38 -0.137323
9 39 -0.179774
9 40 -0.2216
9 41 -0.262874
9 42 -0.303208
9 43 -0.339493
9 44 -0.373232
9 45 -0.40359
9 46 -0.429436
9 47 -0.451107
9 48 -0.467834
9 49 -0.47994
9 50 -0.486929
9 51 -0.487853
9 52 -0.482902
9 53 -0.472011
9 54 -0.455041
9 55 -0.434784
9 56 -0.410088
9 57 -0.379952
9 58 -0.345674
9 59 -0.307359
9 60 -0.267797
9 61 -0.226445
9 62 -0.184098
9 63 -0.142349
9 64 -0.10029
9 65 -0.0593189
9 66 -0.0210283
9 67 0.0163255
9 68 0.0495674
9 69 0.0796098
9 70 0.106089
9 71 0.127739
9 72 0.144802
9 73 0.157788
9 74 0.165269
9 75 0.167106
9 76 0.163051
9 77 0.152502
9 78 0.137087
9 79 0.116685
9 80 0.0920458
9 81 0.0627943
9 82 0.0300184
9 83 -0.00499019
9 84 -0.0429948
9 85 -0.0825967
9 86 -0.123173
9 87 -0.165149
9 88 -0.208018
9 89 -0.24963
9 90 -0.289161
9 91 -0.326616
9 92 -0.36177
9 93 -0.394153
9 94 -0.422592
9 95 -0.447271
9 96 -0.46754
9 97 -0.483399
9 98 -0.493529
9 99 -0.49935
9 100 -0.0621557
9 101 0

10 0 0
10 1 -0.0578071
10 2 -0.464751
10 3 -0.459419
10 4 -0.449599
10 5 -0.433651
10 6 -0.413264
10 7 -0.388238
10 8 -0.359892
10 9 -0.326928
10 10 -0.292014
10 11 -0.253212
10 12 -0.214154
10 13 -0.174227
10 14 -0.131668
10 15 -0.0900432
10 16 -0.0487226
10 17 -0.0097298
10 18 0.0275867
10 19 0.0638148
10 20 0.0966921
10 21 0.126104
10 22 0.150691
10 23 0.17092
10 24 0.186774
10 25 0.197616
10 26 0.201229
10 27 0.20002
10 28 0.192625
10 29 0.180565
10 30 0.164336
10 31 0.14256
10 32 0.116149
10 33 0.0857922
10 34 0.0521692
10 35 0.0142486
10 36 -0.0247853
10 37 -0.0655394
10 38 -0.107315
10 39 -0.149153
10 40 -0.190827
10 41 -0.232009
10 42 -0.271662
10 43 -0.309127
10 44 -0.342876
10 45 -0.372697
10 46 -0.398381
10 47 -0.421143
10 48 -0.438976
10 49 -0.449881
10 50 -0.456623
10 51 -0.457324
10 52 -0.452555
10 53 -0.441298
10 54 -0.425959
10 55 -0.404443
10 56 -0.378372
10 57 -0.349197
10 58 -0.314557
10 59 -0.276526
10 60 -0.236159
10 61 -0.194882
10 62 -0.153017
10 63 -0.111674
10 64 -0.0698651
10 65 -0.0284114
10 66 0.0113222
10 67 0.0480379
10 68 0.0817229
10 69 0.111037
10 70 0.137528
10 71 0.160288
10 72 0.178176
10 73 0.190859
10 74 0.198189
10 75 0.200531
10 76 0.195658
10 77 0.186027
10 78 0.171085
10 79 0.150652
10 80 0.125811
10 81 0.0972943
10 82 0.0644376
10 83 0.0296805
10 84 -0.00801132
10 85 -0.0479234
10 86 -0.0881187
10 87 -0.130325
10 88 -0.1723
10 89 -0.213491
10 90 -0.252981
10 91 -0.290544
10 92 -0.32672
10 93 -0.358864
10 94 -0.387736
10 95 -0.411563
10 96 -0.432508
10 97 -0.448286
10 98 -0.4588
10 99 -0.464182
10 100 -0.0577299
10 101 0

11 0 0
11 1 -0.0531236
11 2 -0.427238
11 3 -0.42194
11 4 -0.411201
11 5 -0.395579
11 6 -0.374954
11 7 -0.349853
11 8 -0.321665
11 9 -0.289443
11 10 -0.253212
11 11 -0.215781
11 12 -0.176824
11 13 -0.136933
11 14 -0.0952717
11 15 -0.0531241
11 16 -0.0119369
11 17 0.0265422
11 18 0.064224
11 19 0.100552
11 20 0.133637
11 21 0.162866
11 22 0.187817
11 23 0.207472
11 24 0.22281
11 25 0.23309
11 26 0.236455
11 27 0.234948
11 28 0.227687
11 29 0.215047
11 30 0.198184
11 31 0.175975
11 32 0.149662
11 33 0.119215
11 34 0.0849624
11 35 0.0471092
11 36 0.00728731
11 37 -0.0332978
11 38 -0.0742065
11 39 -0.116906
11 40 -0.158321
11 41 -0.199688
11 42 -0.239867
11 43 -0.276532
11 44 -0.310274
11 45 -0.341117
11 46 -0.367516
11 47 -0.390158
11 48 -0.407098
11 49 -0.418566
11 50 -0.425054
11 51 -0.425683
11 52 -0.420756
11 53 -0.410007
11 54 -0.393492
11 55 -0.372669
11 56 -0.347014
11 57 -0.316615
11 58 -0.281881
11 59 -0.244016
11 60 -0.204065
11 61 -0.162735
11 62 -0.12019
11 63 -0.0793356
11 64 -0.0372224
11 65 0.00448146
11 66 0.0440543
11 67 0.0814699
11 68 0.115265
11 69 0.144904
11 70 0.171922
11 71 0.194281
11 72 0.212117
11 73 0.225374
11 74 0.23331
11 75 0.235488
11 76 0.231478
11 77 0.222508
11 78 0.207975
11 79 0.187881
11 80 0.163039
11 81 0.133828
11 82 0.101178
11 83 0.0660055
11 84 0.0283482
11 85 -0.0110547
11 86 -0.0511212
11 87 -0.0930993
11 88 -0.134441
11 89 -0.175554
11 90 -0.214998
11 91 -0.253047
11 92 -0.288458
11 93 -0.320824
11 94 -0.348981
11 95 -0.373108
11 96 -0.393716
11 97 -0.409931
11 98 -0.420653
11 99 -0.426169
11 100 -0.0530286
11 101 0

12 0 0
12 1 -0.048178
12 2 -0.387358
12 3 -0.382038
12 4 -0.372198
12 5 -0.356017
12 6 -0.335554
12 7 -0.310758
12 8 -0.281793
12 9 -0.249977
12 10 -0.214154
12 11 -0.176824
12 12 -0.138432
12 13 -0.0983609
12 14 -0.0569516
12 15 -0.0146417
12 16 0.0261572
12 17 0.0655846
12 18 0.103413
12 19 0.13902
12 20 0.172391
12 21 0.200704
12 22 0.225121
12 23 0.24472
12 24 0.259058
12 25 0.268748
12 26 0.272124
12 27 0.270035
12 28 0.262892
12 29 0.250896
12 30 0.233847
12 31 0.210936
12 32 0.184193
12 33 0.153865
12 34 0.119371
12 35 0.0810999
12 36 0.040952
12 37 5.84961e-05
12 38 -0.041625
12 39 -0.083241
12 40 -0.125493
12 41 -0.16645
12 42 -0.205186
12 43 -0.242331
12 44 -0.276822
12 45 -0.307572
12 46 -0.334285
12 47 -0.357138
12 48 -0.374759
12 49 -0.38638
12 50 -0.392832
12 51 -0.394075
12 52 -0.388743
12 53 -0.377542
12 54 -0.361102
12 55 -0.338947
12 56 -0.312353
12 57 -0.282259
12 58 -0.247694
12 59 -0.209958
12 60 -0.170213
12 61 -0.128931
12 62 -0.0869872
12 63 -0.0453707
12 64 -0.004135
12 65 0.0377704
12 66 0.0783183
12 67 0.115877
12 68 0.149655
12 69 0.180157
12 70 0.207053
12 71 0.229874
12 72 0.248539
12 73 0.261016
12 74 0.268598
12 75 0.270793
12 76 0.267294
12 77 0.259388
12 78 0.245305
12 79 0.225807
12 80 0.201035
12 81 0.171886
12 82 0.140035
12 83 0.104663
12 84 0.0674743
12 85 0.0279492
12 86 -0.0132152
12 87 -0.0545816
12 88 -0.0957746
12 89 -0.136116
12 90 -0.175601
12 91 -0.213543
12 92 -0.248901
12 93 -0.281451
12 94 -0.309505
12 95 -0.333959
12 96 -0.354223
12 97 -0.369415
12 98 -0.38052
12 99 -0.386004
12 100 -0.0479917
12 101 0

13 0 0
13 1 -0.0430282
13 2 -0.346275
13 3 -0.341073
13 4 -0.330583
13 5 -0.315281
13 6 -0.294614
13 7 -0.269575
13 8 -0.240916
13 9 -0.208775
13 10 -0.174227
13 11 -0.136933
13 12 -0.0983609
13 13 -0.0583662
13 14 -0.0171817
13 15 0.0243847
13 16 0.0654649
13 17 0.105051
13 18 0.143051
13 19 0.17919
13 20 0.211588
13 21 0.239719
13 22 0.262998
13 23 0.281218
13 24 0.296084
13 25 0.305602
13 26 0.309429
13 27 0.306677
13 28 0.299147
13 29 0.286652
13 30 0.268914
13 31 0.246188
13 32 0.219449
13 33 0.188923
13 34 0.153155
13 35 0.1152
13 36 0.0754419
13 37 0.0344338
13 38 -0.00729947
13 39 -0.0496001
13 40 -0.0911676
13 41 -0.13179
13 42 -0.171338
13 43 -0.208047
13 44 -0.242097
13 45 -0.272564
13 46 -0.299849
13 47 -0.322347
13 48 -0.339893
13 49 -0.352273
13 50 -0.359287
13 51 -0.360006
13 52 -0.354782
13 53 -0.343217
13 54 -0.325655
13 55 -0.303784
13 56 -0.277673
13 57 -0.246756
13 58 -0.213029
13 59 -0.175677
13 60 -0.136025
13 61 -0.0941535
13 62 -0.0523045
13 63 -0.0113341
13 64 0.0302028
13 65 0.0723641
13 66 0.113018
13 67 0.150162
13 68 0.183845
13 69 0.215335
13 70 0.242837
13 71 0.266105
13 72 0.284376
13 73 0.297603
13 74 0.305244
13 75 0.307536
13 76 0.305004
13 77 0.296345
13 78 0.28296
13 79 0.263437
13 80 0.240014
13 81 0.211982
13 82 0.179625
13 83 0.144672
13 84 0.106794
13 85 0.067188
13 86 0.0262952
13 87 -0.0146875
13 88 -0.0550925
13 89 -0.0954349
13 90 -0.135211
13 91 -0.172939
13 92 -0.208659
13 93 -0.240375
13 94 -0.268338
13 95 -0.292621
13 96 -0.312453
13 97 -0.328221
13 98 -0.338739
13 99 -0.344499
13 100 -0.0428386
13 101 0

14 0 0
14 1 -0.0379063
14 2 -0.304547
14 3 -0.298731
14 4 -0.288332
14 5 -0.272942
14 6 -0.253086
14 7 -0.228059
14 8 -0.198512
14 9 -0.166745
14 10 -0.131668
14 11 -0.0952717
14 12 -0.0569516
14 13 -0.0171817
14 14 0.0234499
14 15 0.0655266
14 16 0.105959
14 17 0.14527
14 18 0.182736
14 19 0.218106
14 20 0.251787
14 21 0.279593
14 22 0.30268
14 23 0.320823
14 24 0.333771
14 25 0.342992
14 26 0.346499
14 27 0.343747
14 28 0.335938
14 29 0.322742
14 30 0.304076
14 31 0.28023
14 32 0.253792
14 33 0.223668
14 34 0.187922
14 35 0.149783
14 36 0.109473
14 37 0.0680138
14 38 0.0271121
14 39 -0.0145934
14 40 -0.0569287
14 41 -0.0982642
14 42 -0.136961
14 43 -0.17329
14 44 -0.207098
14 45 -0.237026
14 46 -0.264142
14 47 -0.28659
14 48 -0.303673
14 49 -0.315816
14 50 -0.322469
14 51 -0.323326
14 52 -0.317989
14 53 -0.307028
14 54 -0.289898
14 55 -0.267966
14 56 -0.241487
14 57 -0.210902
14 58 -0.17802
14 59 -0.141115
14 60 -0.101881
14 61 -0.0608614
14 62 -0.0180999
14 63 0.0240492
14 64 0.0652576
14 65 0.106308
14 66 0.146907
14 67 0.184666
14 68 0.218768
14 69 0.250651
14 70 0.278107
14 71 0.301256
14 72 0.320815
14 73 0.334119
14 74 0.34222
14 75 0.345403
14 76 0.342774
14 77 0.334905
14 78 0.321559
14 79 0.303452
14 80 0.280314
14 81 0.251962
14 82 0.219973
14 83 0.184337
14 84 0.147168
14 85 0.108239
14 86 0.0672366
14 87 0.0263418
14 88 -0.014108
14 89 -0.0542452
14 90 -0.0930674
14 91 -0.13031
14 92 -0.166012
14 93 -0.198591
14 94 -0.226308
14 95 -0.250514
14 96 -0.270107
14 97 -0.285369
14 98 -0.296399
14 99 -0.30235
14 100 -0.0376214
14 101 0

15 0 0
15 1 -0.0326789
15 2 -0.262635
15 3 -0.257067
15 4 -0.246586
15 5 -0.231093
15 6 -0.210905
15 7 -0.185965
15 8 -0.157011
15 9 -0.124236
15 10 -0.0900432
15 11 -0.0531241
15 12 -0.0146417
15 13 0.0243847
15 14 0.0655266
15 15 0.106501
15 16 0.147161
15 17 0.185679
15 18 0.222799
15 19 0.258489
15 20 0.290406
15 21 0.318947
15 22 0.341574
15 23 0.359431
15 24 0.372628
15 25 0.380602
15 26 0.383493
15 27 0.380737
15 28 0.372487
15 29 0.358661
15 30 0.339144
15 31 0.315255
15 32 0.288545
15 33 0.257486
15 34 0.222074
15 35 0.183283
15 36 0.144001
15 37 0.103269
15 38 0.0618031
15 39 0.0194888
15 40 -0.0222074
15 41 -0.0633021
15 42 -0.102574
15 43 -0.139799
15 44 -0.172297
15 45 -0.201812
15 46 -0.228277
15 47 -0.250116
15 48 -0.267009
15 49 -0.2791
15 50 -0.285373
15 51 -0.285155
15 52 -0.28071
15 53 -0.270087
15 54 -0.253355
15 55 -0.231762
15 56 -0.205709
15 57 -0.176207
15 58 -0.143164
15 59 -0.107145
15 60 -0.0668299
15 61 -0.0255799
15 62 0.0162886
15 63 0.0582429
15 64 0.100248
15 65 0.141278
15 66 0.181375
15 67 0.218269
15 68 0.253324
15 69 0.28515
15 70 0.313147
15 71 0.337219
15 72 0.356553
15 73 0.370852
15 74 0.379709
15 75 0.383101
15 76 0.381009
15 77 0.373236
15 78 0.360692
15 79 0.342743
15 80 0.319704
15 81 0.291902
15 82 0.259362
15 83 0.22504
15 84 0.188027
15 85 0.148809
15 86 0.108785
15 87 0.0680277
15 88 0.027869
15 89 -0.0121824
15 90 -0.0507809
15 91 -0.0882073
15 92 -0.123952
15 93 -0.156041
15 94 -0.184045
15 95 -0.2074
15 96 -0.227642
15 97 -0.243586
15 98 -0.254445
15 99 -0.260322
15 100 -0.0323854
15 101 0

16 0 0
16 1 -0.0274965
16 2 -0.221133
16 3 -0.215888
16 4 -0.205326
16 5 -0.189844
16 6 -0.170064
16 7 -0.145075
16 8 -0.116422
16 9 -0.083203
16 10 -0.0487226
16 11 -0.0119369
16 12 0.0261572
16 13 0.0654649
16 14 0.105959
16 15 0.147161
16 16 0.187693
16 17 0.226186
16 18 0.262757
16 19 0.297216
16 20 0.328411
16 21 0.355962
16 22 0.378378
16 23 0.396264
16 24 0.408589
16 25 0.416041
16 26 0.418833
16 27 0.416648
16 28 0.408297
16 29 0.394216
16 30 0.374934
16 31 0.350869
16 32 0.323174
16 33 0.291556
16 34 0.25545
16 35 0.217357
16 36 0.178147
16 37 0.136674
16 38 0.0950804
16 39 0.0533874
16 40 0.0117787
16 41 -0.0296482
16 42 -0.0685482
16 43 -0.104846
16 44 -0.137926
16 45 -0.167345
16 46 -0.194
16 47 -0.215264
16 48 -0.231222
16 49 -0.242285
16 50 -0.248909
16 51 -0.249496
16 52 -0.244554
16 53 -0.23379
16 54 -0.217882
16 55 -0.196728
16 56 -0.171258
16 57 -0.141763
16 58 -0.108708
16 59 -0.0714918
16 60 -0.0321217
16 61 0.00786055
16 62 0.0500178
16 63 0.0924421
16 64 0.134145
16 65 0.174807
16 66 0.214865
16 67 0.252062
16 68 0.287137
16 69 0.319818
16 70 0.34856
16 71 0.373543
16 72 0.393097
16 73 0.406916
16 74 0.415767
16 75 0.419613
16 76 0.416898
16 77 0.409167
16 78 0.397273
16 79 0.380229
16 80 0.357449
16 81 0.32986
16 82 0.298208
16 83 0.264666
16 84 0.228298
16 85 0.189488
16 86 0.149275
16 87 0.108786
16 88 0.0688661
16 89 0.029163
16 90 -0.00961117
16 91 -0.0466373
16 92 -0.08273
16 93 -0.114575
16 94 -0.142838
16 95 -0.1661
16 96 -0.185989
16 97 -0.201928
16 98 -0.212896
16 99 -0.218832
16 100 -0.0272496
16 101 0

17 0 0
17 1 -0.0224919
17 2 -0.180975
17 3 -0.175782
17 4 -0.16474
17 5 -0.149385
17 6 -0.129554
17 7 -0.104678
17 8 -0.0766401
17 9 -0.0444066
17 10 -0.0097298
17 11 0.0265422
17 12 0.0655846
17 13 0.105051
17 14 0.14527
17 15 0.185679
17 16 0.226186
17 17 0.264035
17 18 0.300065
17 19 0.333831
17 20 0.364061
17 21 0.390854
17 22 0.412593
17 23 0.429668
17 24 0.442154
17 25 0.449937
17 26 0.452653
17 27 0.450856
17 28 0.442469
17 29 0.428073
17 30 0.408732
17 31 0.384446
17 32 0.356974
17 33 0.324573
17 34 0.288777
17 35 0.250194
17 36 0.211373
17 37 0.170158
17 38 0.128069
17 39 0.0857579
17 40 0.0446837
17 41 0.00375987
17 42 -0.0353179
17 43 -0.0721
17 44 -0.104886
17 45 -0.134798
17 46 -0.161024
17 47 -0.182229
17 48 -0.197273
17 49 -0.207875
17 50 -0.213748
17 51 -0.213925
17 52 -0.209565
17 53 -0.199744
17 54 -0.184099
17 55 -0.163352
17 56 -0.137855
17 57 -0.108798
17 58 -0.0754432
17 59 -0.0384292
17 60 0.00149573
17 61 0.0411284
17 62 0.0827974
17 63 0.125179
17 64 0.167799
17 65 0.208643
17 66 0.247773
17 67 0.284662
17 68 0.320624
17 69 0.353192
17 70 0.382929
17 71 0.40773
17 72 0.427124
17 73 0.441069
17 74 0.450059
17 75 0.453695
17 76 0.450936
17 77 0.443491
17 78 0.431491
17 79 0.414764
17 80 0.392784
17 81 0.365945
17 82 0.33507
17 83 0.30184
17 84 0.26612
17 85 0.227753
17 86 0.188339
17 87 0.147968
17 88 0.108625
17 89 0.068536
17 90 0.0295268
17 91 -0.00824948
17 92 -0.0431012
17 93 -0.0745778
17 94 -0.102358
17 95 -0.125422
17 96 -0.145393
17 97 -0.161093
17 98 -0.172214
17 99 -0.178658
17 100 -0.0222623
17 101 0

18 0 0
18 1 -0.0177965
18 2 -0.142981
18 3 -0.137239
18 4 -0.126292
18 5 -0.110937
18 6 -0.0907041
18 7 -0.0662768
18 8 -0.0380299
18 9 -0.00695814
18 10 0.0275867
18 11 0.064224
18 12 0.103413
18 13 0.143051
18 14 0.182736
18 15 0.222799
18 16 0.262757
18 17 0.300065
18 18 0.335333
18 19 0.367865
18 20 0.397499
18 21 0.423015
18 22 0.444328
18 23 0.460975
18 24 0.473267
18 25 0.480993
18 26 0.483719
18 27 0.481566
18 28 0.473462
18 29 0.459639
18 30 0.440431
18 31 0.416028
18 32 0.38799
18 33 0.356175
18 34 0.320795
18 35 0.282225
18 36 0.242568
18 37 0.200971
18 38 0.158042
18 39 0.116897
18 40 0.0752781
18 41 0.0347952
18 42 -0.00392149
18 43 -0.0406288
18 44 -0.0735899
18 45 -0.103239
18 46 -0.129325
18 47 -0.150746
18 48 -0.166243
18 49 -0.176476
18 50 -0.181111
18 51 -0.181534
18 52 -0.177158
18 53 -0.167863
18 54 -0.152787
18 55 -0.131355
18 56 -0.105543
18 57 -0.0770872
18 58 -0.0438977
18 59 -0.00666659
18 60 0.0324648
18 61 0.0721464
18 62 0.113257
18 63 0.156657
18 64 0.198672
18 65 0.239702
18 66 0.279044
18 67 0.316384
18 68 0.35226
18 69 0.385197
18 70 0.414679
18 71 0.439665
18 72 0.459218
18 73 0.472431
18 74 0.481248
18 75 0.484642
18 76 0.481942
18 77 0.475111
18 78 0.463389
18 79 0.446811
18 80 0.425408
18 81 0.39958
18 82 0.370159
18 83 0.337291
18 84 0.302513
18 85 0.264731
18 86 0.22566
18 87 0.185403
18 88 0.145666
18 89 0.1063
18 90 0.0672729
18 91 0.0295041
18 92 -0.00475681
18 93 -0.0365615
18 94 -0.0640307
18 95 -0.0873101
18 96 -0.106873
18 97 -0.122252
18 98 -0.133427
18 99 -0.140227
18 100 -0.0174907
18 101 0

19 0 0
19 1 -0.013422
19 2 -0.107746
19 3 -0.101579
19 4 -0.089383
19 5 -0.0747911
19 6 -0.0543729
19 7 -0.0296874
19 8 -0.00185313
19 9 0.0292265
19 10 0.0638148
19 11 0.100552
19 12 0.13902
19 13 0.17919
19 14 0.218106
19 15 0.258489
19 16 0.297216
19 17 0.333831
19 18 0.367865
19 19 0.399561
19 20 0.42826
19 21 0.453161
19 22 0.474791
19 23 0.490236
19 24 0.502453
19 25 0.509942
19 26 0.513018
19 27 0.510661
19 28 0.50294
19 29 0.48882
19 30 0.469461
19 31 0.445043
19 32 0.416627
19 33 0.385471
19 34 0.348525
19 35 0.311433
19 36 0.270437
19 37 0.228227
19 38 0.186058
19 39 0.144478
19 40 0.103853
19 41 0.0634354
19 42 0.0237484
19 43 -0.0108434
19 44 -0.0441456
19 45 -0.0737779
19 46 -0.100597
19 47 -0.121158
19 48 -0.135852
19 49 -0.146575
19 50 -0.152176
19 51 -0.152399
19 52 -0.147196
19 53 -0.137706
19 54 -0.121505
19 55 -0.101612
19 56 -0.0773818
19 57 -0.047053
19 58 -0.0148971
19 59 0.022813
19 60 0.0602018
19 61 0.100153
19 62 0.141969
19 63 0.184254
19 64 0.226282
19 65 0.267795
19 66 0.307054
19 67 0.345806
19 68 0.381095
19 69 0.414675
19 70 0.444517
19 71 0.46949
19 72 0.488238
19 73 0.502122
19 74 0.510971
19 75 0.514046
19 76 0.511887
19 77 0.504103
19 78 0.493326
19 79 0.47673
19 80 0.45645
19 81 0.431274
19 82 0.402318
19 83 0.370395
19 84 0.335638
19 85 0.299647
19 86 0.26099
19 87 0.221339
19 88 0.18132
19 89 0.142029
19 90 0.102742
19 91 0.0663087
19 92 0.0312432
19 93 -6.28999e-06
19 94 -0.0275033
19 95 -0.0513936
19 96 -0.0703019
19 97 -0.0867001
19 98 -0.0972644
19 99 -0.104067
19 100 -0.0130196
19 101 0

20 0 0
20 1 -0.00935816
20 2 -0.0751874
20 3 -0.0694115
20 4 -0.0581577
20 5 -0.042154
20 6 -0.021323
20 7 0.00332382
20 8 0.0314858
20 9 0.0623793
20 10 0.0966921
20 11 0.133637
20 12 0.172391
20 13 0.211588
20 14 0.251787
20 15 0.290406
20 16 0.328411
20 17 0.364061
20 18 0.397499
20 19 0.42826
20 20 0.456114
20 21 0.480679
20 22 0.501688
20 23 0.517162
20 24 0.528752
20 25 0.536682
20 26 0.538966
20 27 0.536606
20 28 0.529177
20 29 0.516281
20 30 0.497089
20 31 0.471215
20 32 0.442074
20 33 0.410514
20 34 0.375203
20 35 0.336505
20 36 0.295836
20 37 0.253259
20 38 0.210181
20 39 0.169062
20 40 0.128547
20 41 0.0894767
20 42 0.0511969
20 43 0.0145495
20 44 -0.0183703
20 45 -0.0477613
20 46 -0.0732952
20 47 -0.0942128
20 48 -0.110243
20 49 -0.121455
20 50 -0.126476
20 51 -0.126315
20 52 -0.121274
20 53 -0.111242
20 54 -0.095724
20 55 -0.0744892
20 56 -0.0491707
20 57 -0.0208948
20 58 0.0116185
20 59 0.0479992
20 60 0.0867867
20 61 0.126391
20 62 0.166568
20 63 0.208725
20 64 0.250967
20 65 0.292785
20 66 0.333195
20 67 0.371682
20 68 0.407732
20 69 0.441084
20 70 0.471068
20 71 0.496455
20 72 0.516496
20 73 0.529373
20 74 0.536974
20 75 0.540369
20 76 0.538082
20 77 0.531536
20 78 0.520359
20 79 0.504046
20 80 0.483842
20 81 0.459332
20 82 0.430849
20 83 0.399921
20 84 0.366942
20 85 0.330762
20 86 0.293141
20 87 0.25328
20 88 0.214113
20 89 0.17479
20 90 0.136649
20 91 0.0997571
20 92 0.0649465
20 93 0.032853
20 94 0.00522236
20 95 -0.0183562
20 96 -0.0383509
20 97 -0.0541052
20 98 -0.0650226
20 99 -0.0712183
20 100 -0.00886059
20 101 0

21 0 0
21 1 -0.00570759
21 2 -0.0458825
21 3 -0.0402963
21 4 -0.02903
21 5 -0.0132227
21 6 0.00773236
21 7 0.0320415
21 8 0.0606376
21 9 0.0920827
21 10 0.126104
21 11 0.162866
21 12 0.200704
21 13 0.239719
21 14 0.279593
21 15 0.318947
21 16 0.355962
21 17 0.390854
21 18 0.423015
21 19 0.453161
21 20 0.480679
21 21 0.504974
21 22 0.525579
21 23 0.540636
21 24 0.552103
21 25 0.559675
21 26 0.562087
21 27 0.559281
21 28 0.552065
21 29 0.539353
21 30 0.520081
21 31 0.494603
21 32 0.465124
21 33 0.432915
21 34 0.396597
21 35 0.358652
21 36 0.317334
21 37 0.274784
21 38 0.232338
21 39 0.191463
21 40 0.151061
21 41 0.111578
21 42 0.0733092
21 43 0.038125
21 44 0.00497263
21 45 -0.0249928
21 46 -0.0507363
21 47 -0.0712518
21 48 -0.0867847
21 49 -0.0983622
21 50 -0.104244
21 51 -0.103909
21 52 -0.0981472
21 53 -0.0876044
21 54 -0.071289
21 55 -0.05107
21 56 -0.0264693
21 57 0.00270627
21 58 0.0352627
21 59 0.0715137
21 60 0.108756
21 61 0.148222
21 62 0.189267
21 63 0.231341
21 64 0.272767
21 65 0.314643
21 66 0.355479
21 67 0.394824
21 68 0.430863
21 69 0.46453
21 70 0.494526
21 71 0.519819
21 72 0.539192
21 73 0.5524
21 74 0.560245
21 75 0.563611
21 76 0.561984
21 77 0.55498
21 78 0.543399
21 79 0.527031
21 80 0.507663
21 81 0.48388
21 82 0.456023
21 83 0.42613
21 84 0.393661
21 85 0.358758
21 86 0.320922
21 87 0.281644
21 88 0.242529
21 89 0.203601
21 90 0.165407
21 91 0.129268
21 92 0.0939943
21 93 0.0622069
21 94 0.0347056
21 95 0.0105306
21 96 -0.00917402
21 97 -0.0251158
21 98 -0.0357191
21 99 -0.0418201
21 100 -0.00524365
21 101 0

22 0 0
22 1 -0.00246099
22 2 -0.019954
22 3 -0.0150318
22 4 -0.0048337
22 5 0.0116279
22 6 0.0323103
22 7 0.0573862
22 8 0.0858048
22 9 0.117718
22 10 0.150691
22 11 0.187817
22 12 0.225121
22 13 0.262998
22 14 0.30268
22 15 0.341574
22 16 0.378378
22 17 0.412593
22 18 0.444328
22 19 0.474791
22 20 0.501688
22 21 0.525579
22 22 0.545023
22 23 0.560385
22 24 0.57174
22 25 0.579148
22 26 0.580728
22 27 0.578503
22 28 0.570493
22 29 0.55726
22 30 0.538522
22 31 0.513041
22 32 0.483401
22 33 0.450255
22 34 0.414082
22 35 0.375037
22 36 0.334802
22 37 0.292516
22 38 0.250532
22 39 0.209489
22 40 0.169506
22 41 0.130357
22 42 0.0933754
22 43 0.0578408
22 44 0.0250747
22 45 -0.00453637
22 46 -0.0300753
22 47 -0.0508816
22 48 -0.0669942
22 49 -0.0776888
22 50 -0.0836069
22 51 -0.0832829
22 52 -0.0775232
22 53 -0.0664338
22 54 -0.0514211
22 55 -0.030629
22 56 -0.0053637
22 57 0.0231231
22 58 0.0556321
22 59 0.0907598
22 60 0.128229
22 61 0.166755
22 62 0.207781
22 63 0.249449
22 64 0.291267
22 65 0.332591
22 66 0.373592
22 67 0.41253
22 68 0.449185
22 69 0.482594
22 70 0.512918
22 71 0.538269
22 72 0.557916
22 73 0.571132
22 74 0.57912
22 75 0.583205
22 76 0.580844
22 77 0.574247
22 78 0.562875
22 79 0.54663
22 80 0.527229
22 81 0.504641
22 82 0.477085
22 83 0.448095
22 84 0.415958
22 85 0.380976
22 86 0.343838
22 87 0.305098
22 88 0.266241
22 89 0.227548
22 90 0.189689
22 91 0.154167
22 92 0.119358
22 93 0.0887018
22 94 0.0605451
22 95 0.0360317
22 96 0.0150076
22 97 -0.000546052
22 98 -0.0110831
22 99 -0.016266
22 100 -0.00200948
22 101 0

23 0 0
23 1 0.00017914
23 2 0.00151972
23 3 0.00650146
23 4 0.0157741
23 5 0.0321636
23 6 0.0522906
23 7 0.0772938
23 8 0.106154
23 9 0.137415
23 10 0.17092
23 11 0.207472
23 12 0.24472
23 13 0.281218
23 14 0.320823
23 15 0.359431
23 16 0.396264
23 17 0.429668
23 18 0.460975
23 19 0.490236
23 20 0.517162
23 21 0.540636
23 22 0.560385
23 23 0.577439
23 24 0.587937
23 25 0.594834
23 26 0.596187
23 27 0.592702
23 28 0.584466
23 29 0.570612
23 30 0.551069
23 31 0.525705
23 32 0.496153
23 33 0.462163
23 34 0.426819
23 35 0.387282
23 36 0.348253
23 37 0.306645
23 38 0.264905
23 39 0.224181
23 40 0.184047
23 41 0.145281
23 42 0.109501
23 43 0.0735331
23 44 0.0416747
23 45 0.0120947
23 46 -0.013044
23 47 -0.0340668
23 48 -0.0500411
23 49 -0.0606607
23 50 -0.0657366
23 51 -0.0654453
23 52 -0.0601712
23 53 -0.0496713
23 54 -0.0348334
23 55 -0.0138079
23 56 0.0118406
23 57 0.0394416
23 58 0.0723041
23 59 0.106087
23 60 0.143598
23 61 0.181685
23 62 0.222493
23 63 0.264574
23 64 0.306117
23 65 0.34643
23 66 0.387433
23 67 0.425247
23 68 0.462031
23 69 0.495369
23 70 0.52537
23 71 0.55081
23 72 0.571369
23 73 0.585069
23 74 0.594329
23 75 0.598584
23 76 0.596416
23 77 0.590475
23 78 0.578433
23 79 0.562935
23 80 0.542696
23 81 0.519206
23 82 0.493333
23 83 0.464371
23 84 0.432879
23 85 0.397999
23 86 0.361291
23 87 0.32277
23 88 0.284965
23 89 0.246181
23 90 0.209689
23 91 0.174283
23 92 0.140522
23 93 0.10912
23 94 0.0811124
23 95 0.0563888
23 96 0.0350628
23 97 0.0206893
23 98 0.00963133
23 99 0.00467625
23 100 0.000625458
23 101 0

24 0 0
24 1 0.00225177
24 2 0.0179792
24 3 0.0226856
24 4 0.0318326
24 5 0.0477712
24 6 0.0678486
24 7 0.0936331
24 8 0.122097
24 9 0.153308
24 10 0.186774
24 11 0.22281
24 12 0.259058
24 13 0.296084
24 14 0.333771
24 15 0.372628
24 16 0.408589
24 17 0.442154
24 18 0.473267
24 19 0.502453
24 20 0.528752
24 21 0.552103
24 22 0.57174
24 23 0.587937
24 24 0.598276
24 25 0.605428
24 26 0.606449
24 27 0.603302
24 28 0.593925
24 29 0.579454
24 30 0.560063
24 31 0.534565
24 32 0.504939
24 33 0.471242
24 34 0.435006
24 35 0.396274
24 36 0.357687
24 37 0.317318
24 38 0.276043
24 39 0.234579
24 40 0.19471
24 41 0.156597
24 42 0.12043
24 43 0.085607
24 44 0.0536986
24 45 0.0243636
24 46 -0.000529106
24 47 -0.0209841
24 48 -0.0367125
24 49 -0.0470951
24 50 -0.0529771
24 51 -0.0523052
24 52 -0.0476006
24 53 -0.0368375
24 54 -0.0213246
24 55 -0.000811963
24 56 0.0238126
24 57 0.0517999
24 58 0.0839759
24 59 0.118158
24 60 0.155021
24 61 0.19312
24 62 0.234105
24 63 0.275553
24 64 0.317004
24 65 0.357123
24 66 0.39617
24 67 0.433912
24 68 0.470487
24 69 0.504084
24 70 0.534662
24 71 0.560326
24 72 0.58088
24 73 0.595074
24 74 0.604463
24 75 0.609227
24 76 0.607065
24 77 0.601017
24 78 0.588838
24 79 0.573674
24 80 0.553849
24 81 0.530798
24 82 0.505113
24 83 0.476925
24 84 0.445043
24 85 0.410371
24 86 0.373571
24 87 0.336803
24 88 0.298803
24 89 0.261434
24 90 0.224691
24 91 0.189952
24 92 0.156089
24 93 0.124998
24 94 0.0965661
24 95 0.0722999
24 96 0.0515844
24 97 0.036761
24 98 0.0258459
24 99 0.020748
24 100 0.00258611
24 101 0

25 0 0
25 1 0.00362667
25 2 0.0290003
25 3 0.0340252
25 4 0.0433794
25 5 0.0588422
25 6 0.0793438
25 7 0.104133
25 8 0.132964
25 9 0.164089
25 10 0.197616
25 11 0.23309
25 12 0.268748
25 13 0.305602
25 14 0.342992
25 15 0.380602
25 16 0.416041
25 17 0.449937
25 18 0.480993
25 19 0.509942
25 20 0.536682
25 21 0.559675
25 22 0.579148
25 23 0.594834
25 24 0.605428
25 25 0.611609
25 26 0.613588
25 27 0.608771
25 28 0.599684
25 29 0.584923
25 30 0.564677
25 31 0.539494
25 32 0.50927
25 33 0.47622
25 34 0.43966
25 35 0.40179
25 36 0.362946
25 37 0.322564
25 38 0.281601
25 39 0.241149
25 40 0.201422
25 41 0.162981
25 42 0.127199
25 43 0.0932348
25 44 0.0614116
25 45 0.0328911
25 46 0.00770276
25 47 -0.0120734
25 48 -0.0274144
25 49 -0.0385332
25 50 -0.0440188
25 51 -0.0445425
25 52 -0.0391031
25 53 -0.0284027
25 54 -0.0121547
25 55 0.00823056
25 56 0.0318924
25 57 0.0600565
25 58 0.0916203
25 59 0.125902
25 60 0.161852
25 61 0.200195
25 62 0.240962
25 63 0.282378
25 64 0.322657
25 65 0.361985
25 66 0.401241
25 67 0.438673
25 68 0.474634
25 69 0.509375
25 70 0.539554
25 71 0.56598
25 72 0.586689
25 73 0.601073
25 74 0.611205
25 75 0.615449
25 76 0.614477
25 77 0.607619
25 78 0.596365
25 79 0.580958
25 80 0.561417
25 81 0.538266
25 82 0.512871
25 83 0.484079
25 84 0.451773
25 85 0.417705
25 86 0.381228
25 87 0.345108
25 88 0.308311
25 89 0.27148
25 90 0.235029
25 91 0.200613
25 92 0.166876
25 93 0.135479
25 94 0.107814
25 95 0.0831152
25 96 0.0632304
25 97 0.0481423
25 98 0.0369477
25 99 0.0317123
25 100 0.00393874
25 101 0

26 0 0
26 1 0.00435355
26 2 0.0353127
26 3 0.0405903
26 4 0.0501717
26 5 0.0658456
26 6 0.0848788
26 7 0.109639
26 8 0.136336
26 9 0.167993
26 10 0.201229
26 11 0.236455
26 12 0.272124
26 13 0.309429
26 14 0.346499
26 15 0.383493
26 16 0.418833
26 17 0.452653
26 18 0.483719
26 19 0.513018
26 20 0.538966
26 21 0.562087
26 22 0.580728
26 23 0.596187
26 24 0.606449
26 25 0.613588
26 26 0.614151
26 27 0.610137
26 28 0.599984
26 29 0.585
26 30 0.564823
26 31 0.538813
26 32 0.509691
26 33 0.476651
26 34 0.440952
26 35 0.402218
26 36 0.363292
26 37 0.323072
26 38 0.282788
