0 0 0
0 1 0
0 2 0
0 3 0
0 4 0
0 5 0
0 6 0
0 7 0
0 8 0
0 9 0
0 10 0
0 11 0
0 12 0
0 13 0
0 14 0
0 15 0
0 16 0
0 17 0
0 18 0
0 19 0
0 20 0
0 21 0
0 22 0
0 23 0
0 24 0
0 25 0
0 26 0
0 27 0
0 28 0
0 29 0
0 30 0
0 31 0
0 32 0
0 33 0
0 34 0
0 35 0
0 36 0
0 37 0
0 38 0
0 39 0
0 40 0
0 41 0
0 42 0
0 43 0
0 44 0
0 45 0
0 46 0
0 47 0
0 48 0
0 49 0
0 50 0
0 51 0
0 52 0
0 53 0
0 54 0
0 55 0
0 56 0
0 57 0
0 58 0
0 59 0
0 60 0
0 61 0
0 62 0
0 63 0
0 64 0
0 65 0
0 66 0
0 67 0
0 68 0
0 69 0
0 70 0
0 71 0
0 72 0
0 73 0
0 74 0
0 75 0
0 76 0
0 77 0
0 78 0
0 79 0
0 80 0
0 81 0
0 82 0
0 83 0
0 84 0
0 85 0
0 86 0
0 87 0
0 88 0
0 89 0
0 90 0
0 91 0
0 92 0
0 93 0
0 94 0
0 95 0
0 96 0
0 97 0
0 98 0
0 99 0
0 100 0
0 101 0

1 0 0
1 1 0
1 2 0.0631096
1 3 0.0625512
1 4 0.061483
1 5 0.0599236
1 6 0.0579114
1 7 0.0554757
1 8 0.0526497
1 9 0.0494783
1 10 0.0460294
1 11 0.04236
1 12 0.0385376
1 13 0.0346027
1 14 0.0306366
1 15 0.026702
1 16 0.0228611
1 17 0.0191781
1 18 0.0157116
1 19 0.0125234
1 20 0.00966495
1 21 0.0071957
1 22 0.00513345
1 23 0.00353954
1 24 0.0024471
1 25 0.00185594
1 26 0.00180041
1 27 0.00227419
1 28 0.00324777
1 29 0.00472046
1 30 0.00667155
1 31 0.00908194
1 32 0.0119043
1 33 0.0151058
1 34 0.0186327
1 35 0.0224344
1 36 0.0264271
1 37 0.03055
1 38 0.034755
1 39 0.0389755
1 40 0.0431492
1 41 0.0471876
1 42 0.0510151
1 43 0.0546043
1 44 0.0578835
1 45 0.0608021
1 46 0.0633158
1 47 0.0653795
1 48 0.0669668
1 49 0.0680516
1 50 0.0686155
1 51 0.0686461
1 52 0.0681446
1 53 0.0671239
1 54 0.0655913
1 55 0.0635817
1 56 0.0611321
1 57 0.0582689
1 58 0.0550375
1 59 0.051493
1 60 0.0476843
1 61 0.0436799
1 62 0.039546
1 63 0.0353507
1 64 0.0311609
1 65 0.0270403
1 66 0.0230613
1 67 0.0192881
1 68 0.0157683
1 69 0.0125657
1 70 0.0097377
1 71 0.00733895
1 72 0.0053812
1 73 0.00389965
1 74 0.00290979
1 75 0.00243871
1 76 0.0024818
1 77 0.00303739
1 78 0.00411962
1 79 0.00569795
1 80 0.00773217
1 81 0.0101995
1 82 0.0130467
1 83 0.0162238
1 84 0.0196755
1 85 0.023358
1 86 0.027192
1 87 0.031111
1 88 0.0350629
1 89 0.0389732
1 90 0.0427908
1 91 0.0464444
1 92 0.0498752
1 93 0.0530185
1 94 0.0558303
1 95 0.0582525
1 96 0.0602508
1 97 0.06179
1 98 0.0628602
1 99 0.0634408
1 100 0
1 101 0

2 0 0
2 1 0.0631096
2 2 0.507682
2 3 0.503109
2 4 0.494511
2 5 0.482027
2 6 0.465849
2 7 0.446259
2 8 0.423539
2 9 0.39808
2 10 0.370341
2 11 0.340813
2 12 0.309993
2 13 0.278384
2 14 0.246495
2 15 0.214848
2 16 0.183948
2 17 0.154304
2 18 0.126402
2 19 0.100731
2 20 0.0777272
2 21 0.0577952
2 22 0.0412665
2 23 0.0284719
2 24 0.0196479
2 25 0.0149379
2 26 0.0144565
2 27 0.0181927
2 28 0.0260676
2 29 0.0379399
2 30 0.0536693
2 31 0.0730407
2 32 0.0957585
2 33 0.121475
2 34 0.1498
2 35 0.18028
2 36 0.212396
2 37 0.245649
2 38 0.27952
2 39 0.313486
2 40 0.346968
2 41 0.379414
2 42 0.410296
2 43 0.439168
2 44 0.465549
2 45 0.489021
2 46 0.509214
2 47 0.52582
2 48 0.538591
2 49 0.547326
2 50 0.551869
2 51 0.552132
2 52 0.548106
2 53 0.539872
2 54 0.527565
2 55 0.511401
2 56 0.491635
2 57 0.468571
2 58 0.442573
2 59 0.41405
2 60 0.383446
2 61 0.351272
2 62 0.318029
2 63 0.28428
2 64 0.250554
2 65 0.217423
2 66 0.185409
2 67 0.155034
2 68 0.126773
2 69 0.101072
2 70 0.0783669
2 71 0.0589975
2 72 0.0432227
2 73 0.0312687
2 74 0.023328
2 75 0.0195107
2 76 0.0198971
2 77 0.0244621
2 78 0.0331475
2 79 0.0458006
2 80 0.0621895
2 81 0.0820236
2 82 0.104925
2 83 0.130501
2 84 0.15831
2 85 0.187893
2 86 0.21872
2 87 0.250279
2 88 0.282059
2 89 0.31355
2 90 0.344248
2 91 0.373642
2 92 0.40122
2 93 0.426519
2 94 0.449097
2 95 0.468587
2 96 0.484655
2 97 0.497083
2 98 0.505671
2 99 0.510306
2 100 0.0634408
2 101 0

3 0 0
3 1 0.0625512
3 2 0.503109
3 3 0.498432
3 4 0.489835
3 5 0.477419
3 6 0.461281
3 7 0.441715
3 8 0.41904
3 9 0.393662
3 10 0.365943
3 11 0.336398
3 12 0.305503
3 13 0.273937
3 14 0.242084
3 15 0.210463
3 16 0.179568
3 17 0.149912
3 18 0.121998
3 19 0.0962914
3 20 0.07328
3 21 0.0532581
3 22 0.0368032
3 23 0.0240387
3 24 0.0151701
3 25 0.0105055
3 26 0.00996347
3 27 0.0136026
3 28 0.0214946
3 29 0.0333775
3 30 0.0491223
3 31 0.0684503
3 32 0.0911357
3 33 0.116762
3 34 0.144973
3 35 0.17528
3 36 0.207354
3 37 0.240663
3 38 0.274569
3 39 0.308504
3 40 0.341837
3 41 0.37419
3 42 0.405157
3 43 0.434002
3 44 0.460374
3 45 0.483818
3 46 0.503946
3 47 0.520531
3 48 0.53328
3 49 0.542013
3 50 0.546558
3 51 0.546844
3 52 0.542844
3 53 0.5346
3 54 0.522318
3 55 0.506159
3 56 0.486327
3 57 0.463246
3 58 0.43726
3 59 0.408737
3 60 0.378217
3 61 0.346126
3 62 0.31296
3 63 0.279247
3 64 0.245541
3 65 0.212442
3 66 0.180464
3 67 0.150111
3 68 0.121942
3 69 0.0963677
3 70 0.0737444
3 71 0.0543172
3 72 0.0385323
3 73 0.0265696
3 74 0.0186629
3 75 0.0148478
3 76 0.0153032
3 77 0.0199926
3 78 0.0286719
3 79 0.0412806
3 80 0.0576901
3 81 0.0774925
3 82 0.100401
3 83 0.125998
3 84 0.153851
3 85 0.183371
3 86 0.214164
3 87 0.245757
3 88 0.277522
3 89 0.309043
3 90 0.339725
3 91 0.369108
3 92 0.396673
3 93 0.421965
3 94 0.44448
3 95 0.463943
3 96 0.480001
3 97 0.492465
3 98 0.501038
3 99 0.505621
3 100 0.0628568
3 101 0

4 0 0
4 1 0.061483
4 2 0.494511
4 3 0.489835
4 4 0.481238
4 5 0.468808
4 6 0.452673
4 7 0.433069
4 8 0.410388
4 9 0.385084
4 10 0.357394
4 11 0.327887
4 12 0.296978
4 13 0.265373
4 14 0.233501
4 15 0.201828
4 16 0.170922
4 17 0.141235
4 18 0.113302
4 19 0.087676
4 20 0.0645944
4 21 0.0446127
4 22 0.0280702
4 23 0.0152529
4 24 0.00632788
4 25 0.00161962
4 26 0.00109582
4 27 0.00469788
4 28 0.0124519
4 29 0.0243412
4 30 0.0400899
4 31 0.0593682
4 32 0.0819721
4 33 0.107552
4 34 0.135685
4 35 0.165944
4 36 0.197979
4 37 0.23127
4 38 0.265071
4 39 0.298895
4 40 0.332151
4 41 0.364511
4 42 0.395427
4 43 0.424234
4 44 0.450551
4 45 0.473976
4 46 0.494128
4 47 0.510681
4 48 0.523417
4 49 0.532006
4 50 0.536527
4 51 0.536746
4 52 0.532875
4 53 0.524629
4 54 0.512386
4 55 0.496197
4 56 0.476409
4 57 0.453384
4 58 0.427446
4 59 0.398968
4 60 0.368437
4 61 0.336338
4 62 0.303195
4 63 0.269571
4 64 0.235972
4 65 0.202949
4 66 0.171024
4 67 0.140703
4 68 0.112571
4 69 0.087082
4 70 0.0644702
4 71 0.0451327
4 72 0.02936
4 73 0.0174412
4 74 0.00957383
4 75 0.00579598
4 76 0.00627601
4 77 0.0110016
4 78 0.0197684
4 79 0.0325014
4 80 0.0488316
4 81 0.0686548
4 82 0.0915485
4 83 0.117198
4 84 0.145052
4 85 0.174566
4 86 0.205402
4 87 0.236995
4 88 0.268777
4 89 0.300361
4 90 0.331057
4 91 0.36045
4 92 0.387942
4 93 0.413208
4 94 0.43571
4 95 0.455176
4 96 0.471267
4 97 0.48374
4 98 0.492361
4 99 0.496875
4 100 0.0617642
4 101 0

5 0 0
5 1 0.0599236
5 2 0.482027
5 3 0.477419
5 4 0.468808
5 5 0.456431
5 6 0.44027
5 7 0.420635
5 8 0.39794
5 9 0.372549
5 10 0.344814
5 11 0.315292
5 12 0.284406
5 13 0.252766
5 14 0.220796
5 15 0.189067
5 16 0.158084
5 17 0.128421
5 18 0.100477
5 19 0.0747556
5 20 0.0517322
5 21 0.0317521
5 22 0.0151751
5 23 0.00231973
5 24 -0.00662075
5 25 -0.0113723
5 26 -0.0120243
5 27 -0.0085446
5 28 -0.000826159
5 29 0.011013
5 30 0.0267256
5 31 0.0459756
5 32 0.0684982
5 33 0.0939917
5 34 0.122023
5 35 0.152245
5 36 0.184239
5 37 0.217419
5 38 0.251111
5 39 0.284849
5 40 0.318127
5 41 0.350504
5 42 0.381337
5 43 0.410036
5 44 0.43627
5 45 0.459668
5 46 0.479761
5 47 0.496321
5 48 0.508982
5 49 0.517569
5 50 0.522042
5 51 0.522312
5 52 0.518347
5 53 0.510156
5 54 0.49789
5 55 0.481834
5 56 0.462079
5 57 0.439002
5 58 0.413072
5 59 0.384655
5 60 0.354227
5 61 0.322155
5 62 0.288996
5 63 0.255449
5 64 0.221911
5 65 0.189003
5 66 0.157148
5 67 0.126916
5 68 0.0988529
5 69 0.073362
5 70 0.0508318
5 71 0.0315101
5 72 0.0157765
5 73 0.00393262
5 74 -0.00383595
5 75 -0.00745363
5 76 -0.00693808
5 77 -0.00218423
5 78 0.00660686
5 79 0.0193982
5 80 0.0358412
5 81 0.055674
5 82 0.0785651
5 83 0.104128
5 84 0.131989
5 85 0.161534
5 86 0.192392
5 87 0.224046
5 88 0.255879
5 89 0.287549
5 90 0.318313
5 91 0.347715
5 92 0.375218
5 93 0.400483
5 94 0.4231
5 95 0.442634
5 96 0.458709
5 97 0.471201
5 98 0.47976
5 99 0.484197
5 100 0.0601798
5 101 0

6 0 0
6 1 0.0579114
6 2 0.465849
6 3 0.461281
6 4 0.452673
6 5 0.44027
6 6 0.424199
6 7 0.404507
6 8 0.381716
6 9 0.356261
6 10 0.328481
6 11 0.298925
6 12 0.267961
6 13 0.23627
6 14 0.204282
6 15 0.172525
6 16 0.141488
6 17 0.111709
6 18 0.0837702
6 19 0.0579878
6 20 0.0348515
6 21 0.0149072
6 22 -0.00171926
6 23 -0.0146452
6 24 -0.0235754
6 25 -0.0285027
6 26 -0.0292351
6 27 -0.0257791
6 28 -0.0181521
6 29 -0.00636624
6 30 0.00921674
6 31 0.0283055
6 32 0.050784
6 33 0.0762323
6 34 0.104262
6 35 0.134488
6 36 0.166346
6 37 0.19944
6 38 0.233001
6 39 0.266673
6 40 0.299941
6 41 0.332253
6 42 0.362914
6 43 0.391601
6 44 0.417838
6 45 0.441166
6 46 0.4612
6 47 0.47775
6 48 0.490392
6 49 0.498978
6 50 0.5035
6 51 0.503726
6 52 0.499685
6 53 0.491435
6 54 0.479251
6 55 0.463217
6 56 0.443473
6 57 0.420438
6 58 0.394464
6 59 0.366107
6 60 0.335681
6 61 0.303725
6 62 0.270684
6 63 0.237176
6 64 0.203753
6 65 0.170864
6 66 0.139
6 67 0.108906
6 68 0.0808991
6 69 0.0553954
6 70 0.0328769
6 71 0.0137033
6 72 -0.00189588
6 73 -0.0136653
6 74 -0.0213725
6 75 -0.0249315
6 76 -0.0243059
6 77 -0.0194981
6 78 -0.0105665
6 79 0.00225141
6 80 0.018726
6 81 0.0386244
6 82 0.0615418
6 83 0.0871658
6 84 0.115064
6 85 0.144641
6 86 0.175513
6 87 0.207216
6 88 0.239144
6 89 0.270821
6 90 0.30162
6 91 0.331162
6 92 0.358806
6 93 0.384171
6 94 0.406772
6 95 0.426279
6 96 0.442368
6 97 0.454737
6 98 0.463291
6 99 0.467798
6 100 0.0581496
6 101 0

7 0 0
7 1 0.0554757
7 2 0.446259
7 3 0.441715
7 4 0.433069
7 5 0.420635
7 6 0.404507
7 7 0.38486
7 8 0.362052
7 9 0.336558
7 10 0.308756
7 11 0.279179
7 12 0.248198
7 13 0.216411
7 14 0.184412
7 15 0.152548
7 16 0.121338
7 17 0.0914855
7 18 0.0635035
7 19 0.0376439
7 20 0.0145244
7 21 -0.00561011
7 22 -0.0222342
7 23 -0.0351969
7 24 -0.0441809
7 25 -0.0492583
7 26 -0.0501629
7 27 -0.0467989
7 28 -0.0392197
7 29 -0.02764
7 30 -0.0121524
7 31 0.00693585
7 32 0.0293594
7 33 0.0547925
7 34 0.0827216
7 35 0.112823
7 36 0.14458
7 37 0.177471
7 38 0.211015
7 39 0.24462
7 40 0.277799
7 41 0.310072
7 42 0.340743
7 43 0.369318
7 44 0.395474
7 45 0.418773
7 46 0.438759
7 47 0.455275
7 48 0.467888
7 49 0.476473
7 50 0.480923
7 51 0.481162
7 52 0.47704
7 53 0.468858
7 54 0.456676
7 55 0.440697
7 56 0.420967
7 57 0.397917
7 58 0.371983
7 59 0.343629
7 60 0.313337
7 61 0.281438
7 62 0.248415
7 63 0.21498
7 64 0.181607
7 65 0.148715
7 66 0.116952
7 67 0.086961
7 68 0.0590646
7 69 0.0336566
7 70 0.0111705
7 71 -0.007962
7 72 -0.0234035
7 73 -0.0350922
7 74 -0.0426982
7 75 -0.0461007
7 76 -0.0454335
7 77 -0.0405209
7 78 -0.0314629
7 79 -0.0186916
7 80 -0.00204287
7 81 0.017906
7 82 0.040944
7 83 0.0666111
7 84 0.0945703
7 85 0.124202
7 86 0.155128
7 87 0.186926
7 88 0.219027
7 89 0.250755
7 90 0.281623
7 91 0.311201
7 92 0.338847
7 93 0.364245
7 94 0.386875
7 95 0.406347
7 96 0.422406
7 97 0.43478
7 98 0.443306
7 99 0.44795
7 100 0.0556969
7 101 0

8 0 0
8 1 0.0526497
8 2 0.423539
8 3 0.41904
8 4 0.410388
8 5 0.39794
8 6 0.381716
8 7 0.362052
8 8 0.339304
8 9 0.313782
8 10 0.285951
8 11 0.256332
8 12 0.225308
8 13 0.193419
8 14 0.161268
8 15 0.129339
8 16 0.0980471
8 17 0.068093
8 18 0.0399797
8 19 0.0140845
8 20 -0.00912271
8 21 -0.0292732
8 22 -0.0460443
8 23 -0.0590421
8 24 -0.0681626
8 25 -0.0733303
8 26 -0.0743208
8 27 -0.0709931
8 28 -0.0635556
8 29 -0.0521514
8 30 -0.0368315
8 31 -0.0178576
8 32 0.00448129
8 33 0.0298751
8 34 0.0577323
8 35 0.0877329
8 36 0.119255
8 37 0.152028
8 38 0.185517
8 39 0.21902
8 40 0.252061
8 41 0.284292
8 42 0.314958
8 43 0.343536
8 44 0.369612
8 45 0.39285
8 46 0.412926
8 47 0.429372
8 48 0.441943
8 49 0.450485
8 50 0.454939
8 51 0.455099
8 52 0.450932
8 53 0.442778
8 54 0.430616
8 55 0.414583
8 56 0.39493
8 57 0.371887
8 58 0.345991
8 59 0.31767
8 60 0.287329
8 61 0.25545
8 62 0.222533
8 63 0.189213
8 64 0.155903
8 65 0.12315
8 66 0.0914475
8 67 0.0615226
8 68 0.0337071
8 69 0.0084137
8 70 -0.0139594
8 71 -0.03299
8 72 -0.0483447
8 73 -0.0598664
8 74 -0.0673879
8 75 -0.0707193
8 76 -0.0698988
8 77 -0.0648393
8 78 -0.0556904
8 79 -0.0427419
8 80 -0.0261121
8 81 -0.00610881
8 82 0.0169886
8 83 0.0427912
8 84 0.0707888
8 85 0.100579
8 86 0.131533
8 87 0.163409
8 88 0.195584
8 89 0.227421
8 90 0.258467
8 91 0.288022
8 92 0.315666
8 93 0.341124
8 94 0.363803
8 95 0.383313
8 96 0.399383
8 97 0.411829
8 98 0.420303
8 99 0.424912
8 100 0.0528314
8 101 0

9 0 0
9 1 0.0494783
9 2 0.39808
9 3 0.393662
9 4 0.385084
9 5 0.372549
9 6 0.356261
9 7 0.336558
9 8 0.313782
9 9 0.288212
9 10 0.260296
9 11 0.230589
9 12 0.199594
9 13 0.167656
9 14 0.135362
9 15 0.103342
9 16 0.0719921
9 17 0.0419593
9 18 0.0137008
9 19 -0.0122956
9 20 -0.0356506
9 21 -0.0559199
9 22 -0.0728322
9 23 -0.0859663
9 24 -0.0952601
9 25 -0.100484
9 26 -0.101534
9 27 -0.0983265
9 28 -0.0910591
9 29 -0.0797483
9 30 -0.0646029
9 31 -0.0457359
9 32 -0.0235687
9 33 0.00173872
9 34 0.029492
9 35 0.0593674
9 36 0.0908802
9 37 0.123543
9 38 0.156942
9 39 0.190346
9 40 0.223342
9 41 0.255477
9 42 0.286138
9 43 0.314663
9 44 0.340648
9 45 0.363847
9 46 0.383912
9 47 0.400317
9 48 0.412852
9 49 0.421383
9 50 0.425831
9 51 0.425989
9 52 0.421786
9 53 0.413621
9 54 0.401399
9 55 0.385351
9 56 0.365737
9 57 0.342729
9 58 0.3169
9 59 0.288522
9 60 0.258205
9 61 0.226354
9 62 0.193576
9 63 0.16025
9 64 0.127033
9 65 0.0944261
9 66 0.0628296
9 67 0.0328768
9 68 0.00515565
9 69 -0.0200029
9 70 -0.0423071
9 71 -0.0611904
9 72 -0.0765263
9 73 -0.0878305
9 74 -0.0952227
9 75 -0.0983548
9 76 -0.0974108
9 77 -0.0922876
9 78 -0.0830907
9 79 -0.0699283
9 80 -0.0531743
9 81 -0.0330745
9 82 -0.00985117
9 83 0.0160734
9 84 0.0441845
9 85 0.0740412
9 86 0.105187
9 87 0.137222
9 88 0.169382
9 89 0.20122
9 90 0.232323
9 91 0.261944
9 92 0.289688
9 93 0.315187
9 94 0.337971
9 95 0.357611
9 96 0.373766
9 97 0.386114
9 98 0.394599
9 99 0.399112
9 100 0.0496139
9 101 0

10 0 0
10 1 0.0460294
10 2 0.370341
10 3 0.365943
10 4 0.357394
10 5 0.344814
10 6 0.328481
10 7 0.308756
10 8 0.285951
10 9 0.260296
10 10 0.232286
10 11 0.202569
10 12 0.171463
10 13 0.139456
10 14 0.107021
10 15 0.0747969
10 16 0.0433711
10 17 0.0132269
10 18 -0.0151548
10 19 -0.041285
10 20 -0.0647826
10 21 -0.0851633
10 22 -0.102123
10 23 -0.115457
10 24 -0.124884
10 25 -0.130263
10 26 -0.131421
10 27 -0.12843
10 28 -0.121301
10 29 -0.110097
10 30 -0.0950615
10 31 -0.0763365
10 32 -0.0542899
10 33 -0.0291842
10 34 -0.00151983
10 35 0.0282992
10 36 0.0598024
10 37 0.0924624
10 38 0.125809
10 39 0.159165
10 40 0.192104
10 41 0.224049
10 42 0.25462
10 43 0.283102
10 44 0.309014
10 45 0.332184
10 46 0.352201
10 47 0.368571
10 48 0.381081
10 49 0.389655
10 50 0.394058
10 51 0.394213
10 52 0.390046
10 53 0.381827
10 54 0.369528
10 55 0.353448
10 56 0.333816
10 57 0.310917
10 58 0.285076
10 59 0.256808
10 60 0.226538
10 61 0.19473
10 62 0.162035
10 63 0.128718
10 64 0.0954878
10 65 0.0628576
10 66 0.0313307
10 67 0.00150389
10 68 -0.026147
10 69 -0.0511925
10 70 -0.0733093
10 71 -0.0921195
10 72 -0.10732
10 73 -0.118547
10 74 -0.125779
10 75 -0.128823
10 76 -0.127655
10 77 -0.122442
10 78 -0.113082
10 79 -0.0997635
10 80 -0.0828184
10 81 -0.0626193
10 82 -0.039272
10 83 -0.0132478
10 84 0.0148839
10 85 0.0449135
10 86 0.0763209
10 87 0.108466
10 88 0.140688
10 89 0.172643
10 90 0.203815
10 91 0.233584
10 92 0.261412
10 93 0.286956
10 94 0.309731
10 95 0.329423
10 96 0.345634
10 97 0.357987
10 98 0.36656
10 99 0.371011
10 100 0.0461176
10 101 0

11 0 0
11 1 0.04236
11 2 0.340813
11 3 0.336398
11 4 0.327887
11 5 0.315292
11 6 0.298925
11 7 0.279179
11 8 0.256332
11 9 0.230589
11 10 0.202569
11 11 0.17265
11 12 0.141368
11 13 0.109287
11 14 0.0767213
11 15 0.0443573
11 16 0.0128145
11 17 -0.0173995
11 18 -0.0459706
11 19 -0.0722047
11 20 -0.0958705
11 21 -0.116349
11 22 -0.133454
11 23 -0.146934
11 24 -0.156562
11 25 -0.162027
11 26 -0.163312
11 27 -0.160485
11 28 -0.153517
11 29 -0.142465
11 30 -0.127619
11 31 -0.108975
11 32 -0.0870073
11 33 -0.0620166
11 34 -0.0344793
11 35 -0.00471702
11 36 0.0266074
11 37 0.0591203
11 38 0.0923872
11 39 0.125724
11 40 0.158639
11 41 0.190522
11 42 0.220991
11 43 0.249438
11 44 0.275326
11 45 0.298423
11 46 0.318344
11 47 0.334611
11 48 0.347176
11 49 0.355671
11 50 0.36003
11 51 0.360228
11 52 0.356122
11 53 0.34776
11 54 0.335469
11 55 0.319402
11 56 0.299775
11 57 0.276831
11 58 0.251098
11 59 0.222907
11 60 0.192696
11 61 0.160901
11 62 0.128161
11 63 0.0948712
11 64 0.0617633
11 65 0.0292382
11 66 -0.00215777
11 67 -0.0318513
11 68 -0.0594882
11 69 -0.0844666
11 70 -0.106484
11 71 -0.125057
11 72 -0.140125
11 73 -0.151227
11 74 -0.158321
11 75 -0.161227
11 76 -0.160011
11 77 -0.1546
11 78 -0.145086
11 79 -0.131672
11 80 -0.114627
11 81 -0.0941768
11 82 -0.0707308
11 83 -0.0445757
11 84 -0.0162658
11 85 0.0139266
11 86 0.0454395
11 87 0.0776381
11 88 0.109994
11 89 0.142176
11 90 0.173493
11 91 0.203373
11 92 0.231276
11 93 0.256832
11 94 0.279692
11 95 0.29942
11 96 0.31563
11 97 0.328041
11 98 0.336678
11 99 0.341106
11 100 0.042398
11 101 0

12 0 0
12 1 0.0385376
12 2 0.309993
12 3 0.305503
12 4 0.296978
12 5 0.284406
12 6 0.267961
12 7 0.248198
12 8 0.225308
12 9 0.199594
12 10 0.171463
12 11 0.141368
12 12 0.109862
12 13 0.0776561
12 14 0.0449708
12 15 0.0125146
12 16 -0.0191293
12 17 -0.0494594
12 18 -0.0781287
12 19 -0.104642
12 20 -0.128419
12 21 -0.149143
12 22 -0.166405
12 23 -0.180063
12 24 -0.189872
12 25 -0.195478
12 26 -0.196909
12 27 -0.1942
12 28 -0.187365
12 29 -0.176508
12 30 -0.161737
12 31 -0.143225
12 32 -0.121348
12 33 -0.0964702
12 34 -0.0689844
12 35 -0.0393882
12 36 -0.00812987
12 37 0.0243078
12 38 0.0574957
12 39 0.0907748
12 40 0.123604
12 41 0.155385
12 42 0.18572
12 43 0.214115
12 44 0.240046
12 45 0.263049
12 46 0.282847
12 47 0.299092
12 48 0.311613
12 49 0.320071
12 50 0.324337
12 51 0.324533
12 52 0.320401
12 53 0.312057
12 54 0.299785
12 55 0.283805
12 56 0.264193
12 57 0.241217
12 58 0.215469
12 59 0.187341
12 60 0.157199
12 61 0.125433
12 62 0.0927497
12 63 0.0596209
12 64 0.0265636
12 65 -0.00589396
12 66 -0.0372195
12 67 -0.0668809
12 68 -0.0944249
12 69 -0.119377
12 70 -0.141228
12 71 -0.159719
12 72 -0.174624
12 73 -0.185644
12 74 -0.192583
12 75 -0.195392
12 76 -0.193988
12 77 -0.188444
12 78 -0.178802
12 79 -0.165178
12 80 -0.147918
12 81 -0.127348
12 82 -0.10367
12 83 -0.0773992
12 84 -0.0489177
12 85 -0.0185442
12 86 0.0130788
12 87 0.0454076
12 88 0.0779329
12 89 0.110353
12 90 0.141763
12 91 0.171682
12 92 0.199713
12 93 0.225387
12 94 0.24833
12 95 0.268146
12 96 0.284316
12 97 0.296811
12 98 0.305456
12 99 0.309885
12 100 0.0385185
12 101 0

13 0 0
13 1 0.0346027
13 2 0.278384
13 3 0.273937
13 4 0.265373
13 5 0.252766
13 6 0.23627
13 7 0.216411
13 8 0.193419
13 9 0.167656
13 10 0.139456
13 11 0.109287
13 12 0.0776561
13 13 0.0452118
13 14 0.0124319
13 15 -0.0201766
13 16 -0.0519878
13 17 -0.0825117
13 18 -0.11135
13 19 -0.138031
13 20 -0.161981
13 21 -0.182943
13 22 -0.20043
13 23 -0.214181
13 24 -0.224117
13 25 -0.229972
13 26 -0.231557
13 27 -0.228998
13 28 -0.222285
13 29 -0.211578
13 30 -0.196891
13 31 -0.178502
13 32 -0.156775
13 33 -0.131972
13 34 -0.104586
13 35 -0.0751508
13 36 -0.0439721
13 37 -0.0115939
13 38 0.0215093
13 39 0.0547121
13 40 0.0874878
13 41 0.119209
13 42 0.149433
13 43 0.177744
13 44 0.203686
13 45 0.226655
13 46 0.246358
13 47 0.26261
13 48 0.275057
13 49 0.283494
13 50 0.287763
13 51 0.287901
13 52 0.28372
13 53 0.27537
13 54 0.263093
13 55 0.247112
13 56 0.227573
13 57 0.204664
13 58 0.178903
13 59 0.150796
13 60 0.12061
13 61 0.088882
13 62 0.0563068
13 63 0.0232482
13 64 -0.00978847
13 65 -0.0422096
13 66 -0.0734291
13 67 -0.103014
13 68 -0.130437
13 69 -0.155264
13 70 -0.17704
13 71 -0.195467
13 72 -0.210232
13 73 -0.22118
13 74 -0.227961
13 75 -0.230568
13 76 -0.228957
13 77 -0.223334
13 78 -0.213551
13 79 -0.199734
13 80 -0.18233
13 81 -0.161565
13 82 -0.137661
13 83 -0.111154
13 84 -0.0824868
13 85 -0.0519809
13 86 -0.0201324
13 87 0.0124036
13 88 0.0451932
13 89 0.0776706
13 90 0.109124
13 91 0.139143
13 92 0.167274
13 93 0.193146
13 94 0.216183
13 95 0.236009
13 96 0.252235
13 97 0.264766
13 98 0.273368
13 99 0.277868
13 100 0.0345473
13 101 0

14 0 0
14 1 0.0306366
14 2 0.246495
14 3 0.242084
14 4 0.233501
14 5 0.220796
14 6 0.204282
14 7 0.184412
14 8 0.161268
14 9 0.135362
14 10 0.107021
14 11 0.0767213
14 12 0.0449708
14 13 0.0124319
14 14 -0.0205876
14 15 -0.0533127
14 16 -0.0852274
14 17 -0.116003
14 18 -0.145068
14 19 -0.171859
14 20 -0.195956
14 21 -0.217093
14 22 -0.234776
14 23 -0.24866
14 24 -0.258766
14 25 -0.264802
14 26 -0.266615
14 27 -0.264215
14 28 -0.25764
14 29 -0.247017
14 30 -0.232492
14 31 -0.214325
14 32 -0.192776
14 33 -0.16813
14 34 -0.140834
14 35 -0.111399
14 36 -0.0803687
14 37 -0.0480064
14 38 -0.0150011
14 39 0.018209
14 40 0.0508715
14 41 0.0825642
14 42 0.112756
14 43 0.140945
14 44 0.166796
14 45 0.189754
14 46 0.209513
14 47 0.22564
14 48 0.238083
14 49 0.246483
14 50 0.250713
14 51 0.250823
14 52 0.246637
14 53 0.238224
14 54 0.226041
14 55 0.210021
14 56 0.190427
14 57 0.167512
14 58 0.141885
14 59 0.113757
14 60 0.083605
14 61 0.0519616
14 62 0.0193376
14 63 -0.0136598
14 64 -0.0467159
14 65 -0.0790395
14 66 -0.110252
14 67 -0.139711
14 68 -0.167068
14 69 -0.191747
14 70 -0.213402
14 71 -0.231668
14 72 -0.246267
14 73 -0.257141
14 74 -0.263764
14 75 -0.26617
14 76 -0.264411
14 77 -0.258563
14 78 -0.248645
14 79 -0.234708
14 80 -0.217104
14 81 -0.196117
14 82 -0.172105
14 83 -0.145422
14 84 -0.11647
14 85 -0.085754
14 86 -0.0537617
14 87 -0.0209594
14 88 0.0119245
14 89 0.0444657
14 90 0.0760737
14 91 0.10626
14 92 0.134519
14 93 0.160513
14 94 0.183614
14 95 0.203505
14 96 0.219837
14 97 0.232516
14 98 0.2411
14 99 0.245578
14 100 0.0305305
14 101 0

15 0 0
15 1 0.026702
15 2 0.214848
15 3 0.210463
15 4 0.201828
15 5 0.189067
15 6 0.172525
15 7 0.152548
15 8 0.129339
15 9 0.103342
15 10 0.0747969
15 11 0.0443573
15 12 0.0125146
15 13 -0.0201766
15 14 -0.0533127
15 15 -0.0862772
15 16 -0.118373
15 17 -0.149368
15 18 -0.178561
15 19 -0.205586
15 20 -0.22983
15 21 -0.251183
15 22 -0.269047
15 23 -0.283164
15 24 -0.293435
15 25 -0.299699
15 26 -0.301634
15 27 -0.299363
15 28 -0.292933
15 29 -0.282548
15 30 -0.268101
15 31 -0.250126
15 32 -0.228726
15 33 -0.204257
15 34 -0.176972
15 35 -0.147571
15 36 -0.116519
15 37 -0.0842941
15 38 -0.0513732
15 39 -0.0182642
15 40 0.0143056
15 41 0.0459661
15 42 0.0761781
15 43 0.104256
15 44 0.130004
15 45 0.152939
15 46 0.172705
15 47 0.188882
15 48 0.201186
15 49 0.209569
15 50 0.213812
15 51 0.213773
15 52 0.209622
15 53 0.201336
15 54 0.189122
15 55 0.173046
15 56 0.153364
15 57 0.130458
15 58 0.104842
15 59 0.0768065
15 60 0.0466967
15 61 0.0150824
15 62 -0.017461
15 63 -0.0504625
15 64 -0.0834727
15 65 -0.115762
15 66 -0.146876
15 67 -0.176405
15 68 -0.203653
15 69 -0.228196
15 70 -0.249704
15 71 -0.267914
15 72 -0.282351
15 73 -0.293086
15 74 -0.299509
15 75 -0.301825
15 76 -0.299846
15 77 -0.293896
15 78 -0.283729
15 79 -0.269551
15 80 -0.251727
15 81 -0.230585
15 82 -0.2064
15 83 -0.179502
15 84 -0.150298
15 85 -0.11938
15 86 -0.0871241
15 87 -0.0542337
15 88 -0.0211612
15 89 0.0114594
15 90 0.0431884
15 91 0.0735491
15 92 0.101953
15 93 0.1281
15 94 0.151333
15 95 0.17132
15 96 0.187743
15 97 0.200481
15 98 0.209075
15 99 0.21353
15 100 0.0265448
15 101 0

16 0 0
16 1 0.0228611
16 2 0.183948
16 3 0.179568
16 4 0.170922
16 5 0.158084
16 6 0.141488
16 7 0.121338
16 8 0.0980471
16 9 0.0719921
16 10 0.0433711
16 11 0.0128145
16 12 -0.0191293
16 13 -0.0519878
16 14 -0.0852274
16 15 -0.118373
16 16 -0.150696
16 17 -0.181903
16 18 -0.21127
16 19 -0.238527
16 20 -0.263032
16 21 -0.284531
16 22 -0.302597
16 23 -0.316913
16 24 -0.327412
16 25 -0.333972
16 26 -0.33608
16 27 -0.333934
16 28 -0.327699
16 29 -0.317406
16 30 -0.30313
16 31 -0.285154
16 32 -0.263821
16 33 -0.239461
16 34 -0.212332
16 35 -0.183058
16 36 -0.152044
16 37 -0.119941
16 38 -0.0869916
16 39 -0.0540497
16 40 -0.0215436
16 41 0.0100257
16 42 0.0402358
16 43 0.0683374
16 44 0.0940435
16 45 0.116883
16 46 0.136571
16 47 0.152718
16 48 0.165015
16 49 0.173451
16 50 0.177706
16 51 0.177683
16 52 0.173455
16 53 0.165181
16 54 0.152905
16 55 0.136781
16 56 0.117086
16 57 0.0941664
16 58 0.0685818
16 59 0.0405409
16 60 0.0104488
16 61 -0.0210999
16 62 -0.0535482
16 63 -0.0866094
16 64 -0.119525
16 65 -0.151805
16 66 -0.18281
16 67 -0.212244
16 68 -0.23939
16 69 -0.263857
16 70 -0.285349
16 71 -0.303465
16 72 -0.317853
16 73 -0.328322
16 74 -0.334636
16 75 -0.336774
16 76 -0.334642
16 77 -0.328505
16 78 -0.318114
16 79 -0.303668
16 80 -0.285668
16 81 -0.264387
16 82 -0.239959
16 83 -0.212826
16 84 -0.183327
16 85 -0.152168
16 86 -0.119673
16 87 -0.0866618
16 88 -0.0534541
16 89 -0.0207268
16 90 0.0111006
16 91 0.0416658
16 92 0.0702255
16 93 0.0963925
16 94 0.119782
16 95 0.139858
16 96 0.156415
16 97 0.169087
16 98 0.177746
16 99 0.182255
16 100 0.0226625
16 101 0

17 0 0
17 1 0.0191781
17 2 0.154304
17 3 0.149912
17 4 0.141235
17 5 0.128421
17 6 0.111709
17 7 0.0914855
17 8 0.068093
17 9 0.0419593
17 10 0.0132269
17 11 -0.0173995
17 12 -0.0494594
17 13 -0.0825117
17 14 -0.116003
17 15 -0.149368
17 16 -0.181903
17 17 -0.21339
17 18 -0.242949
17 19 -0.270302
17 20 -0.294985
17 21 -0.316631
17 22 -0.334935
17 23 -0.349454
17 24 -0.36012
17 25 -0.366873
17 26 -0.369171
17 27 -0.367204
17 28 -0.361148
17 29 -0.351034
17 30 -0.336866
17 31 -0.318987
17 32 -0.297742
17 33 -0.273488
17 34 -0.246483
17 35 -0.21732
17 36 -0.186454
17 37 -0.154344
17 38 -0.121432
17 39 -0.0884508
17 40 -0.0560847
17 41 -0.0245831
17 42 0.00556595
17 43 0.0336487
17 44 0.0593551
17 45 0.0821944
17 46 0.101842
17 47 0.117982
17 48 0.130263
17 49 0.13868
17 50 0.142986
17 51 0.142971
17 52 0.138719
17 53 0.130369
17 54 0.118019
17 55 0.101914
17 56 0.0822351
17 57 0.0592648
17 58 0.0336344
17 59 0.00558925
17 60 -0.0244809
17 61 -0.0559712
17 62 -0.0884531
17 63 -0.121399
17 64 -0.154407
17 65 -0.186608
17 66 -0.21756
17 67 -0.246904
17 68 -0.273907
17 69 -0.298334
17 70 -0.319726
17 71 -0.337752
17 72 -0.352034
17 73 -0.362315
17 74 -0.368408
17 75 -0.370471
17 76 -0.368134
17 77 -0.361809
17 78 -0.351209
17 79 -0.336583
17 80 -0.318503
17 81 -0.296885
17 82 -0.272264
17 83 -0.244946
17 84 -0.215258
17 85 -0.183912
17 86 -0.151176
17 87 -0.117928
17 88 -0.0845003
17 89 -0.0514996
17 90 -0.0194689
17 91 0.0111919
17 92 0.0397907
17 93 0.0660338
17 94 0.0894531
17 95 0.109706
17 96 0.126335
17 97 0.139109
17 98 0.147747
17 99 0.152247
17 100 0.0189319
17 101 0

18 0 0
18 1 0.0157116
18 2 0.126402
18 3 0.121998
18 4 0.113302
18 5 0.100477
18 6 0.0837702
18 7 0.0635035
18 8 0.0399797
18 9 0.0137008
18 10 -0.0151548
18 11 -0.0459706
18 12 -0.0781287
18 13 -0.11135
18 14 -0.145068
18 15 -0.178561
18 16 -0.21127
18 17 -0.242949
18 18 -0.272777
18 19 -0.300333
18 20 -0.325225
18 21 -0.347109
18 22 -0.365572
18 23 -0.3803
18 24 -0.391193
18 25 -0.39795
18 26 -0.400419
18 27 -0.398718
18 28 -0.392809
18 29 -0.382805
18 30 -0.368747
18 31 -0.351027
18 32 -0.32998
18 33 -0.305778
18 34 -0.278853
18 35 -0.249752
18 36 -0.21894
18 37 -0.186919
18 38 -0.154087
18 39 -0.121189
18 40 -0.0887719
18 41 -0.0572919
18 42 -0.027188
18 43 0.000875233
18 44 0.0265747
18 45 0.0494194
18 46 0.0690629
18 47 0.0851949
18 48 0.0975314
18 49 0.105861
18 50 0.11008
18 51 0.110118
18 52 0.105902
18 53 0.0974792
18 54 0.0851085
18 55 0.0689698
18 56 0.0492589
18 57 0.0262502
18 58 0.000650562
18 59 -0.0274467
18 60 -0.057519
18 61 -0.0890316
18 62 -0.121526
18 63 -0.154521
18 64 -0.187419
18 65 -0.219565
18 66 -0.2505
18 67 -0.279735
18 68 -0.306698
18 69 -0.331065
18 70 -0.352353
18 71 -0.370206
18 72 -0.384315
18 73 -0.394402
18 74 -0.400364
18 75 -0.402246
18 76 -0.399863
18 77 -0.393321
18 78 -0.382577
18 79 -0.367904
18 80 -0.349552
18 81 -0.327708
18 82 -0.302773
18 83 -0.275184
18 84 -0.245328
18 85 -0.213802
18 86 -0.180961
18 87 -0.147468
18 88 -0.113776
18 89 -0.080496
18 90 -0.0482997
18 91 -0.0175803
18 92 0.0111645
18 93 0.0374713
18 94 0.0610019
18 95 0.081375
18 96 0.0980735
18 97 0.110871
18 98 0.119515
18 99 0.124025
18 100 0.0154238
18 101 0

19 0 0
19 1 0.0125234
19 2 0.100731
19 3 0.0962914
19 4 0.087676
19 5 0.0747556
19 6 0.0579878
19 7 0.0376439
19 8 0.0140845
19 9 -0.0122956
19 10 -0.041285
19 11 -0.0722047
19 12 -0.104642
19 13 -0.138031
19 14 -0.171859
19 15 -0.205586
19 16 -0.238527
19 17 -0.270302
19 18 -0.300333
19 19 -0.328075
19 20 -0.353218
19 21 -0.375268
19 22 -0.393934
19 23 -0.408954
19 24 -0.420023
19 25 -0.426965
19 26 -0.42959
19 27 -0.428064
19 28 -0.422291
19 29 -0.41242
19 30 -0.398475
19 31 -0.380936
19 32 -0.359865
19 33 -0.33579
19 34 -0.308919
19 35 -0.279819
19 36 -0.249024
19 37 -0.217042
19 38 -0.184386
19 39 -0.151516
19 40 -0.119065
19 41 -0.0875679
19 42 -0.0574973
19 43 -0.0294927
19 44 -0.00379761
19 45 0.0190808
19 46 0.0387003
19 47 0.054843
19 48 0.0672058
19 49 0.0755363
19 50 0.0797359
19 51 0.0797372
19 52 0.0755445
19 53 0.0669943
19 54 0.0545764
19 55 0.0384347
19 56 0.0187126
19 57 -0.00420094
19 58 -0.0298756
19 59 -0.0579673
19 60 -0.0881053
19 61 -0.119679
19 62 -0.152207
19 63 -0.185175
19 64 -0.217973
19 65 -0.250086
19 66 -0.280982
19 67 -0.310215
19 68 -0.337256
19 69 -0.361528
19 70 -0.382656
19 71 -0.400477
19 72 -0.414403
19 73 -0.424455
19 74 -0.430227
19 75 -0.43201
19 76 -0.429436
19 77 -0.422624
19 78 -0.411679
19 79 -0.39684
19 80 -0.378248
19 81 -0.356164
19 82 -0.331055
19 83 -0.303127
19 84 -0.273123
19 85 -0.241445
19 86 -0.20844
19 87 -0.174773
19 88 -0.14084
19 89 -0.10741
19 90 -0.0750227
19 91 -0.0440518
19 92 -0.0151586
19 93 0.0113554
19 94 0.034888
19 95 0.055292
19 96 0.0720978
19 97 0.0848511
19 98 0.0935502
19 99 0.0980535
19 100 0.0121966
19 101 0

20 0 0
20 1 0.00966495
20 2 0.0777272
20 3 0.07328
20 4 0.0645944
20 5 0.0517322
20 6 0.0348515
20 7 0.0145244
20 8 -0.00912271
20 9 -0.0356506
20 10 -0.0647826
20 11 -0.0958705
20 12 -0.128419
20 13 -0.161981
20 14 -0.195956
20 15 -0.22983
20 16 -0.263032
20 17 -0.294985
20 18 -0.325225
20 19 -0.353218
20 20 -0.378539
20 21 -0.400819
20 22 -0.41968
20 23 -0.434782
20 24 -0.446069
20 25 -0.453174
20 26 -0.456079
20 27 -0.454708
20 28 -0.44907
20 29 -0.439294
20 30 -0.425481
20 31 -0.407904
20 32 -0.386929
20 33 -0.36289
20 34 -0.33619
20 35 -0.3072
20 36 -0.276424
20 37 -0.244374
20 38 -0.211755
20 39 -0.178943
20 40 -0.146439
20 41 -0.114909
20 42 -0.0848809
20 43 -0.056855
20 44 -0.0312212
20 45 -0.00831011
20 46 0.0113752
20 47 0.0274692
20 48 0.0397919
20 49 0.0480692
20 50 0.0522594
20 51 0.0522801
20 52 0.048007
20 53 0.0394916
20 54 0.0270859
20 55 0.0109783
20 56 -0.00872865
20 57 -0.0317793
20 58 -0.0575142
20 59 -0.0856495
20 60 -0.115763
20 61 -0.147414
20 62 -0.179971
20 63 -0.212868
20 64 -0.245725
20 65 -0.277799
20 66 -0.308777
20 67 -0.337968
20 68 -0.364877
20 69 -0.389104
20 70 -0.410179
20 71 -0.427887
20 72 -0.441845
20 73 -0.451715
20 74 -0.457391
20 75 -0.458896
20 76 -0.456117
20 77 -0.449108
20 78 -0.438105
20 79 -0.423028
20 80 -0.404202
20 81 -0.381921
20 82 -0.356541
20 83 -0.328462
20 84 -0.298275
20 85 -0.266306
20 86 -0.233095
20 87 -0.199246
20 88 -0.165245
20 89 -0.131638
20 90 -0.0989802
20 91 -0.0678974
20 92 -0.0388138
20 93 -0.0121309
20 94 0.0115209
20 95 0.032001
20 96 0.0487049
20 97 0.0615788
20 98 0.0703345
20 99 0.0748059
20 100 0.00930228
20 101 0

21 0 0
21 1 0.0071957
21 2 0.0577952
21 3 0.0532581
21 4 0.0446127
21 5 0.0317521
21 6 0.0149072
21 7 -0.00561011
21 8 -0.0292732
21 9 -0.0559199
21 10 -0.0851633
21 11 -0.116349
21 12 -0.149143
21 13 -0.182943
21 14 -0.217093
21 15 -0.251183
21 16 -0.284531
21 17 -0.316631
21 18 -0.347109
21 19 -0.375268
21 20 -0.400819
21 21 -0.423294
21 22 -0.442381
21 23 -0.457699
21 24 -0.469077
21 25 -0.476376
21 26 -0.479381
21 27 -0.478122
21 28 -0.472607
21 29 -0.462949
21 30 -0.449278
21 31 -0.431843
21 32 -0.410905
21 33 -0.386963
21 34 -0.360306
21 35 -0.331356
21 36 -0.300615
21 37 -0.26857
21 38 -0.235942
21 39 -0.203123
21 40 -0.170619
21 41 -0.13906
21 42 -0.108965
21 43 -0.0808768
21 44 -0.0552788
21 45 -0.0323592
21 46 -0.0126433
21 47 0.00348516
21 48 0.0158301
21 49 0.02402
21 50 0.0281533
21 51 0.0281324
21 52 0.0238997
21 53 0.0154409
21 54 0.00305222
21 55 -0.0131644
21 56 -0.0329263
21 57 -0.0559144
21 58 -0.08179
21 59 -0.109987
21 60 -0.140233
21 61 -0.17195
21 62 -0.204431
21 63 -0.237301
21 64 -0.270182
21 65 -0.302405
21 66 -0.333362
21 67 -0.362505
21 68 -0.389409
21 69 -0.413605
21 70 -0.434657
21 71 -0.452197
21 72 -0.465957
21 73 -0.475705
21 74 -0.481307
21 75 -0.482742
21 76 -0.479683
21 77 -0.472535
21 78 -0.461357
21 79 -0.446089
21 80 -0.427095
21 81 -0.404622
21 82 -0.379047
21 83 -0.350718
21 84 -0.320292
21 85 -0.288097
21 86 -0.254688
21 87 -0.220719
21 88 -0.18652
21 89 -0.152678
21 90 -0.119831
21 91 -0.0885867
21 92 -0.0593879
21 93 -0.0325331
21 94 -0.00869861
21 95 0.011791
21 96 0.0285797
21 97 0.0413381
21 98 0.0501473
21 99 0.0546753
21 100 0.00680555
21 101 0

22 0 0
22 1 0.00513345
22 2 0.0412665
22 3 0.0368032
22 4 0.0280702
22 5 0.0151751
22 6 -0.00171926
22 7 -0.0222342
22 8 -0.0460443
22 9 -0.0728322
22 10 -0.102123
22 11 -0.133454
22 12 -0.166405
22 13 -0.20043
22 14 -0.234776
22 15 -0.269047
22 16 -0.302597
22 17 -0.334935
22 18 -0.365572
22 19 -0.393934
22 20 -0.41968
22 21 -0.442381
22 22 -0.461691
22 23 -0.477173
22 24 -0.48872
22 25 -0.496164
22 26 -0.49935
22 27 -0.498138
22 28 -0.492682
22 29 -0.483076
22 30 -0.46954
22 31 -0.452149
22 32 -0.431284
22 33 -0.407363
22 34 -0.380736
22 35 -0.351853
22 36 -0.321082
22 37 -0.289056
22 38 -0.256357
22 39 -0.223609
22 40 -0.191072
22 41 -0.159473
22 42 -0.129326
22 43 -0.101146
22 44 -0.0756063
22 45 -0.0527386
22 46 -0.0329684
22 47 -0.0167835
22 48 -0.00440964
22 49 0.00377996
22 50 0.00786466
22 51 0.00791792
22 52 0.00361192
22 53 -0.00483881
22 54 -0.0172404
22 55 -0.0335425
22 56 -0.0533929
22 57 -0.0764155
22 58 -0.102315
22 59 -0.130598
22 60 -0.16089
22 61 -0.1926
22 62 -0.22514
22 63 -0.258138
22 64 -0.290959
22 65 -0.32323
22 66 -0.3542
22 67 -0.383365
22 68 -0.410228
22 69 -0.434416
22 70 -0.455457
22 71 -0.47287
22 72 -0.486518
22 73 -0.496203
22 74 -0.50179
22 75 -0.503019
22 76 -0.499922
22 77 -0.492572
22 78 -0.481146
22 79 -0.465749
22 80 -0.446533
22 81 -0.4238
22 82 -0.398068
22 83 -0.369581
22 84 -0.338896
22 85 -0.30649
22 86 -0.272864
22 87 -0.238643
22 88 -0.204231
22 89 -0.170163
22 90 -0.137103
22 91 -0.10579
22 92 -0.0764767
22 93 -0.0495269
22 94 -0.0255542
22 95 -0.00495353
22 96 0.0118738
22 97 0.0246645
22 98 0.0334908
22 99 0.0380246
22 100 0.00473579
22 101 0

23 0 0
23 1 0.00353954
23 2 0.0284719
23 3 0.0240387
23 4 0.0152529
23 5 0.00231973
23 6 -0.0146452
23 7 -0.0351969
23 8 -0.0590421
23 9 -0.0859663
23 10 -0.115457
23 11 -0.146934
23 12 -0.180063
23 13 -0.214181
23 14 -0.24866
23 15 -0.283164
23 16 -0.316913
23 17 -0.349454
23 18 -0.3803
23 19 -0.408954
23 20 -0.434782
23 21 -0.457699
23 22 -0.477173
23 23 -0.492888
23 24 -0.504624
23 25 -0.512193
23 26 -0.515451
23 27 -0.514342
23 28 -0.508937
23 29 -0.499442
23 30 -0.485938
23 31 -0.468591
23 32 -0.447783
23 33 -0.423848
23 34 -0.397216
23 35 -0.368293
23 36 -0.337526
23 37 -0.305489
23 38 -0.272755
23 39 -0.239961
23 40 -0.207565
23 41 -0.17595
23 42 -0.14572
23 43 -0.117531
23 44 -0.0919345
23 45 -0.0689777
23 46 -0.0491496
23 47 -0.0329394
23 48 -0.020578
23 49 -0.0123916
23 50 -0.00827152
23 51 -0.00818812
23 52 -0.0125298
23 53 -0.0210377
23 54 -0.0334984
23 55 -0.0498668
23 56 -0.0697771
23 57 -0.0928616
23 58 -0.118833
23 59 -0.147161
23 60 -0.177459
23 61 -0.209159
23 62 -0.241868
23 63 -0.274919
23 64 -0.307798
23 65 -0.340035
23 66 -0.371043
23 67 -0.400206
23 68 -0.427057
23 69 -0.451244
23 70 -0.472211
23 71 -0.489607
23 72 -0.503284
23 73 -0.512884
23 74 -0.51827
23 75 -0.51949
23 76 -0.516307
23 77 -0.508848
23 78 -0.497176
23 79 -0.481549
23 80 -0.462183
23 81 -0.439258
23 82 -0.413252
23 83 -0.384641
23 84 -0.353693
23 85 -0.321071
23 86 -0.287248
23 87 -0.252847
23 88 -0.218176
23 89 -0.183898
23 90 -0.150719
23 91 -0.119236
23 92 -0.0897275
23 93 -0.0626253
23 94 -0.0386216
23 95 -0.0179583
23 96 -0.00110592
23 97 0.0117767
23 98 0.0206273
23 99 0.0251577
23 100 0.00313617
23 101 0

24 0 0
24 1 0.0024471
24 2 0.0196479
24 3 0.0151701
24 4 0.00632788
24 5 -0.00662075
24 6 -0.0235754
24 7 -0.0441809
24 8 -0.0681626
24 9 -0.0952601
24 10 -0.124884
24 11 -0.156562
24 12 -0.189872
24 13 -0.224117
24 14 -0.258766
24 15 -0.293435
24 16 -0.327412
24 17 -0.36012
24 18 -0.391193
24 19 -0.420023
24 20 -0.446069
24 21 -0.469077
24 22 -0.48872
24 23 -0.504624
24 24 -0.516466
24 25 -0.524055
24 26 -0.527492
24 27 -0.526578
24 28 -0.5213
24 29 -0.511788
24 30 -0.4982
24 31 -0.4809
24 32 -0.46016
24 33 -0.436276
24 34 -0.409587
24 35 -0.380614
24 36 -0.349827
24 37 -0.317771
24 38 -0.284975
24 39 -0.252108
24 40 -0.219668
24 41 -0.188035
24 42 -0.157831
24 43 -0.129532
24 44 -0.103826
24 45 -0.0808233
24 46 -0.0609695
24 47 -0.0448279
24 48 -0.0324973
24 49 -0.0242734
24 50 -0.0201037
24 51 -0.0200607
24 52 -0.0244177
24 53 -0.0329575
24 54 -0.0454236
24 55 -0.0618101
24 56 -0.0817233
24 57 -0.104854
24 58 -0.130944
24 59 -0.159407
24 60 -0.189788
24 61 -0.22149
24 62 -0.254282
24 63 -0.287452
24 64 -0.320368
24 65 -0.352717
24 66 -0.383727
24 67 -0.412859
24 68 -0.439724
24 69 -0.463872
24 70 -0.484818
24 71 -0.502286
24 72 -0.515923
24 73 -0.525477
24 74 -0.530772
24 75 -0.531782
24 76 -0.528607
24 77 -0.521004
24 78 -0.509128
24 79 -0.493365
24 80 -0.473785
24 81 -0.450714
24 82 -0.424581
24 83 -0.395689
24 84 -0.364599
24 85 -0.33177
24 86 -0.297698
24 87 -0.263018
24 88 -0.228179
24 89 -0.193782
24 90 -0.160502
24 91 -0.128779
24 92 -0.0990256
24 93 -0.0718725
24 94 -0.0477729
24 95 -0.0269655
24 96 -0.00997731
24 97 0.00298322
24 98 0.0118322
24 99 0.0163163
24 100 0.00203145
24 101 0

25 0 0
25 1 0.00185594
25 2 0.0149379
25 3 0.0105055
25 4 0.00161962
25 5 -0.0113723
25 6 -0.0285027
25 7 -0.0492583
25 8 -0.0733303
25 9 -0.100484
25 10 -0.130263
25 11 -0.162027
25 12 -0.195478
25 13 -0.229972
25 14 -0.264802
25 15 -0.299699
25 16 -0.333972
25 17 -0.366873
25 18 -0.39795
25 19 -0.426965
25 20 -0.453174
25 21 -0.476376
25 22 -0.496164
25 23 -0.512193
25 24 -0.524055
25 25 -0.531761
25 26 -0.535269
25 27 -0.534502
25 28 -0.529374
25 29 -0.519953
25 30 -0.50636
25 31 -0.489085
25 32 -0.468321
25 33 -0.444407
25 34 -0.417678
25 35 -0.388597
25 36 -0.357727
25 37 -0.325649
25 38 -0.29282
25 39 -0.259872
25 40 -0.22725
25 41 -0.19552
25 42 -0.165272
25 43 -0.13692
25 44 -0.11118
25 45 -0.0881657
25 46 -0.0682927
25 47 -0.0520824
25 48 -0.0397114
25 49 -0.0314163
25 50 -0.0272374
25 51 -0.0272607
25 52 -0.0316817
25 53 -0.0402272
25 54 -0.0527209
25 55 -0.0691434
25 56 -0.0890771
25 57 -0.112292
25 58 -0.138507
25 59 -0.166945
25 60 -0.197456
25 61 -0.229408
25 62 -0.262257
25 63 -0.295482
25 64 -0.328529
25 65 -0.360903
25 66 -0.392003
25 67 -0.421207
25 68 -0.448062
25 69 -0.472246
25 70 -0.4932
25 71 -0.510699
25 72 -0.524303
25 73 -0.533775
25 74 -0.538957
25 75 -0.539942
25 76 -0.53653
25 77 -0.528858
25 78 -0.516875
25 79 -0.500914
25 80 -0.481248
25 81 -0.458093
25 82 -0.431696
25 83 -0.402628
25 84 -0.371375
25 85 -0.338396
25 86 -0.304045
25 87 -0.26907
25 88 -0.234029
25 89 -0.199517
25 90 -0.16611
25 91 -0.134212
25 92 -0.104264
25 93 -0.0769297
25 94 -0.0527941
25 95 -0.0318411
25 96 -0.0147231
25 97 -0.00165962
25 98 0.00722637
25 99 0.0116759
25 100 0.00144912
25 101 0

26 0 0
26 1 0.00180041
26 2 0.0144565
26 3 0.00996347
26 4 0.00109582
26 5 -0.0120243
26 6 -0.0292351
26 7 -0.0501629
26 8 -0.0743208
26 9 -0.101534
26 10 -0.131421
26 11 -0.163312
26 12 -0.196909
26 13 -0.231557
26 14 -0.266615
26 15 -0.301634
26 16 -0.33608
26 17 -0.369171
26 18 -0.400419
26 19 -0.42959
26 20 -0.456079
26 21 -0.479381
26 22 -0.49935
26 23 -0.515451
26 24 -0.527492
26 25 -0.535269
26 26 -0.538883
26 27 -0.538066
26 28 -0.533006
26 29 -0.523608
26 30 -0.510133
26 31 -0.492887
26 32 -0.472034
26 33 -0.448046
26 34 -0.421304
26 35 -0.392118
26 36 -0.361219
26 37 -0.329014
26 38 -0.296103
26 39 -0.262941
26 40 -0.230231
