0 0 0
0 1 0
0 2 0
0 3 0
0 4 0
0 5 0
0 6 0
0 7 0
0 8 0
0 9 0
0 10 0
0 11 0
0 12 0
0 13 0
0 14 0
0 15 0
0 16 0
0 17 0
0 18 0
0 19 0
0 20 0
0 21 0
0 22 0
0 23 0
0 24 0
0 25 0
0 26 0
0 27 0
0 28 0
0 29 0
0 30 0
0 31 0
0 32 0
0 33 0
0 34 0
0 35 0
0 36 0
0 37 0
0 38 0
0 39 0
0 40 0
0 41 0
0 42 0
0 43 0
0 44 0
0 45 0
0 46 0
0 47 0
0 48 0
0 49 0
0 50 0
0 51 0
0 52 0
0 53 0
0 54 0
0 55 0
0 56 0
0 57 0
0 58 0
0 59 0
0 60 0
0 61 0
0 62 0
0 63 0
0 64 0
0 65 0
0 66 0
0 67 0
0 68 0
0 69 0
0 70 0
0 71 0
0 72 0
0 73 0
0 74 0
0 75 0
0 76 0
0 77 0
0 78 0
0 79 0
0 80 0
0 81 0
0 82 0
0 83 0
0 84 0
0 85 0
0 86 0
0 87 0
0 88 0
0 89 0
0 90 0
0 91 0
0 92 0
0 93 0
0 94 0
0 95 0
0 96 0
0 97 0
0 98 0
0 99 0
0 100 0
0 101 0

1 0 0
1 1 0
1 2 0.0430932
1 3 0.042759
1 4 0.0422508
1 5 0.0413962
1 6 0.0401855
1 7 0.0384622
1 8 0.0365642
1 9 0.0340829
1 10 0.0315034
1 11 0.028813
1 12 0.0260746
1 13 0.0234734
1 14 0.0211032
1 15 0.0185991
1 16 0.0159372
1 17 0.0136259
1 18 0.0109973
1 19 0.00855939
1 20 0.00602994
1 21 0.00382085
1 22 0.00190029
1 23 0.000570977
1 24 -0.000528694
1 25 -0.00146612
1 26 -0.00194567
1 27 -0.00209705
1 28 -0.00189315
1 29 -0.00139382
1 30 -0.000393888
1 31 0.000782361
1 32 0.00215155
1 33 0.00376642
1 34 0.00557019
1 35 0.00750005
1 36 0.00939138
1 37 0.0110728
1 38 0.0128605
1 39 0.01456
1 40 0.0166471
1 41 0.0185718
1 42 0.0208336
1 43 0.022843
1 44 0.0244073
1 45 0.0255768
1 46 0.0266059
1 47 0.0275897
1 48 0.0284319
1 49 0.0289028
1 50 0.02952
1 51 0.0295514
1 52 0.029397
1 53 0.0287586
1 54 0.0280529
1 55 0.0271444
1 56 0.0259735
1 57 0.0247888
1 58 0.0235219
1 59 0.0216946
1 60 0.0196983
1 61 0.0175035
1 62 0.0158583
1 63 0.0140773
1 64 0.0123739
1 65 0.0105309
1 66 0.00866675
1 67 0.00680674
1 68 0.00500519
1 69 0.00330566
1 70 0.00184329
1 71 0.000600174
1 72 -0.000202418
1 73 -0.00071051
1 74 -0.00063054
1 75 -0.000318774
1 76 0.000199032
1 77 0.000921746
1 78 0.00204321
1 79 0.00346758
1 80 0.00519165
1 81 0.00752484
1 82 0.00984914
1 83 0.0123826
1 84 0.0147539
1 85 0.0172798
1 86 0.0194992
1 87 0.0218876
1 88 0.0243515
1 89 0.0267605
1 90 0.0294677
1 91 0.0322017
1 92 0.0345898
1 93 0.036831
1 94 0.0389256
1 95 0.0402299
1 96 0.0413371
1 97 0.0421132
1 98 0.0425007
1 99 0.0428747
1 100 0
1 101 0

2 0 0
2 1 0.0430932
2 2 0.346702
2 3 0.344264
2 4 0.339917
2 5 0.332739
2 6 0.322735
2 7 0.30927
2 8 0.2931
2 9 0.273927
2 10 0.253437
2 11 0.231729
2 12 0.209991
2 13 0.18925
2 14 0.169322
2 15 0.149061
2 16 0.128696
2 17 0.108671
2 18 0.0881751
2 19 0.0681927
2 20 0.0483641
2 21 0.030339
2 22 0.0159507
2 23 0.00481729
2 24 -0.00448918
2 25 -0.011881
2 26 -0.0159553
2 27 -0.0169378
2 28 -0.0155444
2 29 -0.0108175
2 30 -0.00329991
2 31 0.00631774
2 32 0.0174068
2 33 0.0305693
2 34 0.044734
2 35 0.0599644
2 36 0.0748707
2 37 0.0892095
2 38 0.103269
2 39 0.117821
2 40 0.133723
2 41 0.1501
2 42 0.167082
2 43 0.182916
2 44 0.195387
2 45 0.20551
2 46 0.21408
2 47 0.222133
2 48 0.228571
2 49 0.233246
2 50 0.236987
2 51 0.237812
2 52 0.235997
2 53 0.231517
2 54 0.22546
2 55 0.21813
2 56 0.208914
2 57 0.199312
2 58 0.188152
2 59 0.174225
2 60 0.158126
2 61 0.141818
2 62 0.127416
2 63 0.113437
2 64 0.0992198
2 65 0.0845745
2 66 0.069289
2 67 0.0545488
2 68 0.0402506
2 69 0.0270011
2 70 0.0147664
2 71 0.00504499
2 72 -0.00184216
2 73 -0.0053082
2 74 -0.0054872
2 75 -0.00280213
2 76 0.00138113
2 77 0.00732774
2 78 0.0164631
2 79 0.0281583
2 80 0.0423283
2 81 0.0597489
2 82 0.0789487
2 83 0.0988907
2 84 0.118438
2 85 0.138227
2 86 0.157132
2 87 0.175922
2 88 0.195493
2 89 0.215843
2 90 0.237312
2 91 0.258464
2 92 0.278124
2 93 0.295836
2 94 0.311724
2 95 0.323528
2 96 0.332496
2 97 0.338609
2 98 0.342601
2 99 0.344986
2 100 0.0428747
2 101 0

3 0 0
3 1 0.042759
3 2 0.344264
3 3 0.342313
3 4 0.336952
3 5 0.329493
3 6 0.318983
3 7 0.305615
3 8 0.288827
3 9 0.271115
3 10 0.25068
3 11 0.229516
3 12 0.2084
3 13 0.187489
3 14 0.16651
3 15 0.146064
3 16 0.126166
3 17 0.104389
3 18 0.0846385
3 19 0.064477
3 20 0.0453165
3 21 0.0278098
3 22 0.014669
3 23 0.00273482
3 24 -0.00705818
3 25 -0.0142734
3 26 -0.019704
3 27 -0.0210337
3 28 -0.0185956
3 29 -0.0128279
3 30 -0.0055389
3 31 0.00403357
3 32 0.0158692
3 33 0.0286965
3 34 0.04194
3 35 0.0563641
3 36 0.0711886
3 37 0.0864702
3 38 0.100695
3 39 0.116186
3 40 0.131595
3 41 0.148618
3 42 0.163798
3 43 0.178512
3 44 0.19134
3 45 0.202698
3 46 0.212127
3 47 0.220112
3 48 0.226191
3 49 0.231404
3 50 0.233231
3 51 0.234331
3 52 0.232319
3 53 0.229097
3 54 0.22321
3 55 0.215771
3 56 0.20693
3 57 0.196603
3 58 0.1838
3 59 0.170282
3 60 0.154945
3 61 0.1406
3 62 0.125223
3 63 0.111101
3 64 0.0963078
3 65 0.0815976
3 66 0.0660239
3 67 0.051355
3 68 0.0376559
3 69 0.0249365
3 70 0.012745
3 71 0.00250463
3 72 -0.00440804
3 73 -0.00733631
3 74 -0.00886084
3 75 -0.0070818
3 76 -0.00247934
3 77 0.00490859
3 78 0.0142253
3 79 0.0259863
3 80 0.0408413
3 81 0.0566599
3 82 0.0756975
3 83 0.0951331
3 84 0.114829
3 85 0.133592
3 86 0.154103
3 87 0.173101
3 88 0.192752
3 89 0.214629
3 90 0.235577
3 91 0.255507
3 92 0.27506
3 93 0.292338
3 94 0.306499
3 95 0.319751
3 96 0.328975
3 97 0.335538
3 98 0.340397
3 99 0.342104
3 100 0.0424505
3 101 0

4 0 0
4 1 0.0422508
4 2 0.339917
4 3 0.336952
4 4 0.331885
4 5 0.323419
4 6 0.311961
4 7 0.298406
4 8 0.281946
4 9 0.264147
4 10 0.245403
4 11 0.224734
4 12 0.204238
4 13 0.18349
4 14 0.161563
4 15 0.140677
4 16 0.119824
4 17 0.098211
4 18 0.0783298
4 19 0.0584564
4 20 0.0402738
4 21 0.0250632
4 22 0.011229
4 23 -0.00126592
4 24 -0.0114214
4 25 -0.0190618
4 26 -0.0241558
4 27 -0.0254256
4 28 -0.0231238
4 29 -0.0171817
4 30 -0.0100847
4 31 -8.30521e-06
4 32 0.0114077
4 33 0.023098
4 34 0.0366388
4 35 0.0505101
4 36 0.0657191
4 37 0.0812831
4 38 0.0964372
4 39 0.112101
4 40 0.127743
4 41 0.143911
4 42 0.158297
4 43 0.171282
4 44 0.184742
4 45 0.197124
4 46 0.207572
4 47 0.215374
4 48 0.221755
4 49 0.226439
4 50 0.227855
4 51 0.228008
4 52 0.226715
4 53 0.223884
4 54 0.21838
4 55 0.210724
4 56 0.202102
4 57 0.190588
4 58 0.177123
4 59 0.163353
4 60 0.150062
4 61 0.136709
4 62 0.121422
4 63 0.106441
4 64 0.0911507
4 65 0.0753582
4 66 0.0602404
4 67 0.0452649
4 68 0.0321688
4 69 0.0196038
4 70 0.00830555
4 71 -0.000889933
4 72 -0.00839054
4 73 -0.0119138
4 74 -0.0136418
4 75 -0.0127821
4 76 -0.00797472
4 77 -1.01918e-05
4 78 0.00979729
4 79 0.0226702
4 80 0.0371817
4 81 0.052776
4 82 0.0698913
4 83 0.0880444
4 84 0.10773
4 85 0.12728
4 86 0.147695
4 87 0.168571
4 88 0.18879
4 89 0.209972
4 90 0.230563
4 91 0.249635
4 92 0.268797
4 93 0.285738
4 94 0.299999
4 95 0.312719
4 96 0.322227
4 97 0.329068
4 98 0.334435
4 99 0.336308
4 100 0.0418078
4 101 0

5 0 0
5 1 0.0413962
5 2 0.332739
5 3 0.329493
5 4 0.323419
5 5 0.314767
5 6 0.303273
5 7 0.289391
5 8 0.273487
5 9 0.256106
5 10 0.237331
5 11 0.217675
5 12 0.197646
5 13 0.176487
5 14 0.154572
5 15 0.132899
5 16 0.111235
5 17 0.0893746
5 18 0.0688226
5 19 0.0491968
5 20 0.031731
5 21 0.0172316
5 22 0.00411279
5 23 -0.00784321
5 24 -0.0179683
5 25 -0.0251088
5 26 -0.0297829
5 27 -0.0313792
5 28 -0.0291285
5 29 -0.0240909
5 30 -0.0164262
5 31 -0.00649888
5 32 0.00443847
5 33 0.0164272
5 34 0.0294839
5 35 0.0433387
5 36 0.0582722
5 37 0.0741822
5 38 0.0900912
5 39 0.106002
5 40 0.121863
5 41 0.137826
5 42 0.151953
5 43 0.164456
5 44 0.177638
5 45 0.190328
5 46 0.201058
5 47 0.208894
5 48 0.215232
5 49 0.219797
5 50 0.221292
5 51 0.221249
5 52 0.220027
5 53 0.217142
5 54 0.211692
5 55 0.204217
5 56 0.19548
5 57 0.183578
5 58 0.169917
5 59 0.156576
5 60 0.144121
5 61 0.130769
5 62 0.115177
5 63 0.0992875
5 64 0.083411
5 65 0.0675142
5 66 0.0523793
5 67 0.038357
5 68 0.025255
5 69 0.0129127
5 70 0.0017256
5 71 -0.00732581
5 72 -0.0141246
5 73 -0.0185775
5 74 -0.0202486
5 75 -0.019233
5 76 -0.0148908
5 77 -0.00709914
5 78 0.0025253
5 79 0.0147372
5 80 0.028894
5 81 0.0439914
5 82 0.0605767
5 83 0.0790759
5 84 0.0985488
5 85 0.11822
5 86 0.139253
5 87 0.160637
5 88 0.181872
5 89 0.202988
5 90 0.222983
5 91 0.241839
5 92 0.260383
5 93 0.277164
5 94 0.291299
5 95 0.303479
5 96 0.313083
5 97 0.320428
5 98 0.325409
5 99 0.327536
5 100 0.0407435
5 101 0

6 0 0
6 1 0.0401855
6 2 0.322735
6 3 0.318983
6 4 0.311961
6 5 0.303273
6 6 0.291124
6 7 0.278623
6 8 0.262339
6 9 0.245876
6 10 0.226636
6 11 0.207941
6 12 0.18727
6 13 0.166399
6 14 0.144926
6 15 0.123139
6 16 0.101996
6 17 0.079929
6 18 0.0584867
6 19 0.0381318
6 20 0.0222867
6 21 0.00811609
6 22 -0.00534352
6 23 -0.0166329
6 24 -0.0255539
6 25 -0.0326054
6 26 -0.0370217
6 27 -0.0391089
6 28 -0.0371941
6 29 -0.0338778
6 30 -0.0250507
6 31 -0.015747
6 32 -0.00391694
6 33 0.00798876
6 34 0.0212597
6 35 0.0345418
6 36 0.0493246
6 37 0.0649971
6 38 0.0813342
6 39 0.0976575
6 40 0.113357
6 41 0.129353
6 42 0.144001
6 43 0.156751
6 44 0.169606
6 45 0.181246
6 46 0.192274
6 47 0.200055
6 48 0.206154
6 49 0.211138
6 50 0.212776
6 51 0.213527
6 52 0.211551
6 53 0.208129
6 54 0.202798
6 55 0.19527
6 56 0.186705
6 57 0.174477
6 58 0.161572
6 59 0.148998
6 60 0.136059
6 61 0.122047
6 62 0.105962
6 63 0.0897269
6 64 0.073596
6 65 0.0578227
6 66 0.0434707
6 67 0.029801
6 68 0.0170696
6 69 0.0038017
6 70 -0.00702799
6 71 -0.0171005
6 72 -0.023016
6 73 -0.0280265
6 74 -0.0284995
6 75 -0.0269535
6 76 -0.0228774
6 77 -0.0156525
6 78 -0.00614751
6 79 0.00442714
6 80 0.0180744
6 81 0.033618
6 82 0.0507517
6 83 0.0681067
6 84 0.0885883
6 85 0.108267
6 86 0.128897
6 87 0.149712
6 88 0.171228
6 89 0.192784
6 90 0.212642
6 91 0.232591
6 92 0.249721
6 93 0.266362
6 94 0.278598
6 95 0.291452
6 96 0.300902
6 97 0.309109
6 98 0.313739
6 99 0.315836
6 100 0.0392275
6 101 0

7 0 0
7 1 0.0384622
7 2 0.30927
7 3 0.305615
7 4 0.298406
7 5 0.289391
7 6 0.278623
7 7 0.263843
7 8 0.250345
7 9 0.232431
7 10 0.213973
7 11 0.195464
7 12 0.175773
7 13 0.153762
7 14 0.133667
7 15 0.111823
7 16 0.0878771
7 17 0.0687188
7 18 0.0461681
7 19 0.0276148
7 20 0.0109691
7 21 -0.00240799
7 22 -0.0176939
7 23 -0.0279386
7 24 -0.036807
7 25 -0.0425494
7 26 -0.0449461
7 27 -0.0464366
7 28 -0.0455272
7 29 -0.0433573
7 30 -0.0344432
7 31 -0.0255003
7 32 -0.0151604
7 33 -0.0025468
7 34 0.0105792
7 35 0.0246269
7 36 0.0395892
7 37 0.055127
7 38 0.0734738
7 39 0.0883826
7 40 0.105012
7 41 0.11876
7 42 0.135106
7 43 0.148221
7 44 0.160652
7 45 0.171831
7 46 0.182842
7 47 0.190483
7 48 0.197177
7 49 0.200516
7 50 0.204541
7 51 0.203863
7 52 0.203037
7 53 0.198161
7 54 0.193268
7 55 0.186032
7 56 0.176852
7 57 0.164414
7 58 0.15278
7 59 0.139794
7 60 0.127896
7 61 0.111308
7 62 0.0971466
7 63 0.0797323
7 64 0.0636422
7 65 0.046942
7 66 0.0320887
7 67 0.0191659
7 68 0.00619503
7 69 -0.00666805
7 70 -0.0169769
7 71 -0.0261822
7 72 -0.0314937
7 73 -0.0380789
7 74 -0.0381803
7 75 -0.0362863
7 76 -0.0332674
7 77 -0.0270625
7 78 -0.0183774
7 79 -0.00686388
7 80 0.0055958
7 81 0.0227467
7 82 0.0378186
7 83 0.0563026
7 84 0.0746139
7 85 0.09584
7 86 0.115525
7 87 0.138221
7 88 0.160771
7 89 0.179761
7 90 0.199615
7 91 0.219136
7 92 0.236313
7 93 0.252437
7 94 0.267318
7 95 0.27642
7 96 0.286015
7 97 0.293778
7 98 0.297287
7 99 0.301051
7 100 0.0376284
7 101 0

8 0 0
8 1 0.0365642
8 2 0.2931
8 3 0.288827
8 4 0.281946
8 5 0.273487
8 6 0.262339
8 7 0.250345
8 8 0.234263
8 9 0.217712
8 10 0.198776
8 11 0.179913
8 12 0.159486
8 13 0.139243
8 14 0.118565
8 15 0.0974805
8 16 0.0763923
8 17 0.0551721
8 18 0.0341425
8 19 0.014055
8 20 -0.00155354
8 21 -0.0159457
8 22 -0.0296592
8 23 -0.0398608
8 24 -0.0473263
8 25 -0.0529817
8 26 -0.0548322
8 27 -0.0564896
8 28 -0.0564425
8 29 -0.0534083
8 30 -0.0448562
8 31 -0.036284
8 32 -0.0249234
8 33 -0.0127968
8 34 0.000624104
8 35 0.0134961
8 36 0.0284584
8 37 0.0452768
8 38 0.0631565
8 39 0.0799747
8 40 0.0943797
8 41 0.108973
8 42 0.124669
8 43 0.138809
8 44 0.151144
8 45 0.161912
8 46 0.173177
8 47 0.181392
8 48 0.187135
8 49 0.191734
8 50 0.194224
8 51 0.195237
8 52 0.192788
8 53 0.18852
8 54 0.183354
8 55 0.176199
8 56 0.167008
8 57 0.154512
8 58 0.142697
8 59 0.130724
8 60 0.116545
8 61 0.10095
8 62 0.0853419
8 63 0.0697583
8 64 0.0528909
8 65 0.0360654
8 66 0.021329
8 67 0.00773258
8 68 -0.00421044
8 69 -0.0171814
8 70 -0.0280772
8 71 -0.0373069
8 72 -0.04329
8 73 -0.0487911
8 74 -0.0492592
8 75 -0.0469184
8 76 -0.0432977
8 77 -0.0387744
8 78 -0.0306247
8 79 -0.0205402
8 80 -0.00799048
8 81 0.00761854
8 82 0.0248896
8 83 0.0417642
8 84 0.0622839
8 85 0.0821081
8 86 0.101752
8 87 0.122933
8 88 0.144075
8 89 0.164553
8 90 0.184632
8 91 0.204444
8 92 0.22093
8 93 0.237028
8 94 0.249069
8 95 0.260748
8 96 0.269216
8 97 0.276296
8 98 0.280774
8 99 0.283867
8 100 0.0353205
8 101 0

9 0 0
9 1 0.0340829
9 2 0.273927
9 3 0.271115
9 4 0.264147
9 5 0.256106
9 6 0.245876
9 7 0.232431
9 8 0.217712
9 9 0.201107
9 10 0.181911
9 11 0.162596
9 12 0.142739
9 13 0.121838
9 14 0.10198
9 15 0.0815696
9 16 0.060945
9 17 0.0402789
9 18 0.0196249
9 19 0.00103001
9 20 -0.015707
9 21 -0.0306912
9 22 -0.0437196
9 23 -0.0534141
9 24 -0.06061
9 25 -0.0639014
9 26 -0.0660834
9 27 -0.066934
9 28 -0.066063
9 29 -0.0629914
9 30 -0.0554889
9 31 -0.0477791
9 32 -0.037052
9 33 -0.0242249
9 34 -0.0118053
9 35 0.00191919
9 36 0.0173051
9 37 0.035394
9 38 0.0544287
9 39 0.0710277
9 40 0.0850773
9 41 0.0988323
9 42 0.114106
9 43 0.128511
9 44 0.140999
9 45 0.152571
9 46 0.163826
9 47 0.17218
9 48 0.17813
9 49 0.182634
9 50 0.185108
9 51 0.185601
9 52 0.183322
9 53 0.179008
9 54 0.173519
9 55 0.166319
9 56 0.156942
9 57 0.14482
9 58 0.132617
9 59 0.120314
9 60 0.10608
9 61 0.0901095
9 62 0.0750124
9 63 0.0594747
9 64 0.0423595
9 65 0.0249447
9 66 0.0084587
9 67 -0.00494047
9 68 -0.0172328
9 69 -0.0288482
9 70 -0.0391958
9 71 -0.048647
9 72 -0.0540535
9 73 -0.0591216
9 74 -0.0606384
9 75 -0.0585651
9 76 -0.0563489
9 77 -0.051773
9 78 -0.0451982
9 79 -0.0356605
9 80 -0.0231584
9 81 -0.00785258
9 82 0.00870129
9 83 0.0272679
9 84 0.0464517
9 85 0.0658784
9 86 0.0866258
9 87 0.106902
9 88 0.127022
9 89 0.147229
9 90 0.166948
9 91 0.185957
9 92 0.20366
9 93 0.218869
9 94 0.23175
9 95 0.242929
9 96 0.250975
9 97 0.25697
9 98 0.261102
9 99 0.263812
9 100 0.0328433
9 101 0

10 0 0
10 1 0.0315034
10 2 0.253437
10 3 0.25068
10 4 0.245403
10 5 0.237331
10 6 0.226636
10 7 0.213973
10 8 0.198776
10 9 0.181911
10 10 0.163431
10 11 0.14353
10 12 0.123605
10 13 0.103538
10 14 0.0833969
10 15 0.0645374
10 16 0.0449854
10 17 0.0245145
10 18 0.00593656
10 19 -0.0132229
10 20 -0.0300763
10 21 -0.0442918
10 22 -0.0576871
10 23 -0.0681201
10 24 -0.0743002
10 25 -0.0775633
10 26 -0.0788782
10 27 -0.0788158
10 28 -0.0780194
10 29 -0.0737505
10 30 -0.0684652
10 31 -0.0599809
10 32 -0.0496301
10 33 -0.0378579
10 34 -0.0239038
10 35 -0.0103957
10 36 0.00612732
10 37 0.0247779
10 38 0.043686
10 39 0.0610958
10 40 0.0742978
10 41 0.0885139
10 42 0.103335
10 43 0.117365
10 44 0.130934
10 45 0.142834
10 46 0.154084
10 47 0.162015
10 48 0.168115
10 49 0.173237
10 50 0.175223
10 51 0.175717
10 52 0.173323
10 53 0.169152
10 54 0.163082
10 55 0.155236
10 56 0.146676
10 57 0.134667
10 58 0.122164
10 59 0.109196
10 60 0.094323
10 61 0.0791038
10 62 0.0629194
10 63 0.0479779
10 64 0.0309701
10 65 0.0124599
10 66 -0.00366363
10 67 -0.0188818
10 68 -0.0310301
10 69 -0.0424557
10 70 -0.0527553
10 71 -0.0604925
10 72 -0.0677579
10 73 -0.071605
10 74 -0.0732438
10 75 -0.0723732
10 76 -0.0700894
10 77 -0.0664416
10 78 -0.060593
10 79 -0.0507994
10 80 -0.0378891
10 81 -0.0230682
10 82 -0.00701089
10 83 0.0103893
10 84 0.0304485
10 85 0.0496578
10 86 0.0695259
10 87 0.0899443
10 88 0.108197
10 89 0.127465
10 90 0.147315
10 91 0.165587
10 92 0.183645
10 93 0.199167
10 94 0.211875
10 95 0.223574
10 96 0.231541
10 97 0.236158
10 98 0.240413
10 99 0.242523
10 100 0.0301384
10 101 0

11 0 0
11 1 0.028813
11 2 0.231729
11 3 0.229516
11 4 0.224734
11 5 0.217675
11 6 0.207941
11 7 0.195464
11 8 0.179913
11 9 0.162596
11 10 0.14353
11 11 0.123678
11 12 0.104108
11 13 0.0844631
11 14 0.064928
11 15 0.0462121
11 16 0.0270135
11 17 0.00705249
11 18 -0.0108991
11 19 -0.0293185
11 20 -0.0461402
11 21 -0.0603029
11 22 -0.0731349
11 23 -0.083266
11 24 -0.0894845
11 25 -0.0928056
11 26 -0.0938492
11 27 -0.0933387
11 28 -0.0909775
11 29 -0.0864713
11 30 -0.0809203
11 31 -0.0728446
11 32 -0.0630506
11 33 -0.0509554
11 34 -0.0368895
11 35 -0.0225064
11 36 -0.00597506
11 37 0.0131584
11 38 0.0322495
11 39 0.0496757
11 40 0.0639169
11 41 0.0790096
11 42 0.0937
11 43 0.107544
11 44 0.121228
11 45 0.133851
11 46 0.14437
11 47 0.151982
11 48 0.158335
11 49 0.163991
11 50 0.166207
11 51 0.166496
11 52 0.164146
11 53 0.159767
11 54 0.152738
11 55 0.144698
11 56 0.136395
11 57 0.125332
11 58 0.112285
11 59 0.0986643
11 60 0.0837076
11 61 0.0678453
11 62 0.0506212
11 63 0.0349455
11 64 0.0180551
11 65 -9.31411e-05
11 66 -0.0170317
11 67 -0.0321727
11 68 -0.0450123
11 69 -0.0563645
11 70 -0.0664417
11 71 -0.0742906
11 72 -0.0816071
11 73 -0.0861563
11 74 -0.0879954
11 75 -0.0879107
11 76 -0.0860117
11 77 -0.0826696
11 78 -0.0769999
11 79 -0.0673846
11 80 -0.0546097
11 81 -0.0404371
11 82 -0.02482
11 83 -0.00708241
11 84 0.0124801
11 85 0.0312611
11 86 0.0511745
11 87 0.0706713
11 88 0.0887865
11 89 0.107743
11 90 0.12686
11 91 0.144859
11 92 0.162746
11 93 0.178341
11 94 0.191355
11 95 0.203235
11 96 0.210698
11 97 0.215059
11 98 0.218808
11 99 0.220648
11 100 0.0274311
11 101 0

12 0 0
12 1 0.0260746
12 2 0.209991
12 3 0.2084
12 4 0.204238
12 5 0.197646
12 6 0.18727
12 7 0.175773
12 8 0.159486
12 9 0.142739
12 10 0.123605
12 11 0.104108
12 12 0.0839838
12 13 0.065059
12 14 0.0458055
12 15 0.0268678
12 16 0.008437
12 17 -0.0110216
12 18 -0.02911
12 19 -0.0469067
12 20 -0.062036
12 21 -0.0754516
12 22 -0.0883737
12 23 -0.0986378
12 24 -0.104602
12 25 -0.10824
12 26 -0.109402
12 27 -0.108889
12 28 -0.10539
12 29 -0.101315
12 30 -0.0944337
12 31 -0.0873374
12 32 -0.0770715
12 33 -0.0652775
12 34 -0.0504797
12 35 -0.0354979
12 36 -0.0188005
12 37 4.91191e-06
12 38 0.0190978
12 39 0.036622
12 40 0.0524136
12 41 0.068322
12 42 0.083174
12 43 0.0963764
12 44 0.110092
12 45 0.122793
12 46 0.1336
12 47 0.141346
12 48 0.148125
12 49 0.154221
12 50 0.15658
12 51 0.156985
12 52 0.154321
12 53 0.149376
12 54 0.141688
12 55 0.132977
12 56 0.124704
12 57 0.113694
12 58 0.100663
12 59 0.0867841
12 60 0.0720802
12 61 0.0555805
12 62 0.0374185
12 63 0.0204882
12 64 0.00350716
12 65 -0.0142633
12 66 -0.0313382
12 67 -0.0469869
12 68 -0.0599747
12 69 -0.0721128
12 70 -0.0809934
12 71 -0.0896051
12 72 -0.0963772
12 73 -0.1022
12 74 -0.104158
12 75 -0.104449
12 76 -0.102564
12 77 -0.099305
12 78 -0.093408
12 79 -0.0843293
12 80 -0.0714627
12 81 -0.0571692
12 82 -0.0421894
12 83 -0.0263709
12 84 -0.00686099
12 85 0.0119846
12 86 0.0318228
12 87 0.0508368
12 88 0.0689385
12 89 0.0878874
12 90 0.106228
12 91 0.124596
12 92 0.141367
12 93 0.157041
12 94 0.168987
12 95 0.181945
12 96 0.189141
12 97 0.194207
12 98 0.197631
12 99 0.198901
12 100 0.0246628
12 101 0

13 0 0
13 1 0.0234734
13 2 0.18925
13 3 0.187489
13 4 0.18349
13 5 0.176487
13 6 0.166399
13 7 0.153762
13 8 0.139243
13 9 0.121838
13 10 0.103538
13 11 0.0844631
13 12 0.065059
13 13 0.0455592
13 14 0.0266805
13 15 0.00704654
13 16 -0.0127687
13 17 -0.0304154
13 18 -0.0488337
13 19 -0.065258
13 20 -0.0791142
13 21 -0.0918531
13 22 -0.105141
13 23 -0.114454
13 24 -0.120801
13 25 -0.124387
13 26 -0.124838
13 27 -0.123911
13 28 -0.121176
13 29 -0.117004
13 30 -0.109874
13 31 -0.1018
13 32 -0.0923889
13 33 -0.0797443
13 34 -0.0645835
13 35 -0.0488272
13 36 -0.0321208
13 37 -0.014383
13 38 0.00481383
13 39 0.022669
13 40 0.0402217
13 41 0.0567131
13 42 0.0721014
13 43 0.0850895
13 44 0.0985265
13 45 0.111398
13 46 0.123088
13 47 0.131292
13 48 0.138353
13 49 0.143385
13 50 0.146186
13 51 0.146013
13 52 0.143915
13 53 0.138637
13 54 0.131373
13 55 0.122335
13 56 0.113183
13 57 0.101223
13 58 0.0880015
13 59 0.0739182
13 60 0.0595036
13 61 0.0421151
13 62 0.0238029
13 63 0.0054386
13 64 -0.011698
13 65 -0.0295276
13 66 -0.0463667
13 67 -0.0621203
13 68 -0.0763117
13 69 -0.0881248
13 70 -0.0970499
13 71 -0.104661
13 72 -0.111995
13 73 -0.11899
13 74 -0.12125
13 75 -0.121128
13 76 -0.119986
13 77 -0.117128
13 78 -0.111247
13 79 -0.101532
13 80 -0.0893452
13 81 -0.0747937
13 82 -0.0609771
13 83 -0.0458747
13 84 -0.0281322
13 85 -0.00823378
13 86 0.0105965
13 87 0.0307274
13 88 0.0503796
13 89 0.0675044
13 90 0.0854207
13 91 0.103258
13 92 0.119259
13 93 0.13433
13 94 0.147979
13 95 0.158602
13 96 0.167163
13 97 0.172935
13 98 0.175723
13 99 0.17793
13 100 0.0221515
13 101 0

14 0 0
14 1 0.0211032
14 2 0.169322
14 3 0.16651
14 4 0.161563
14 5 0.154572
14 6 0.144926
14 7 0.133667
14 8 0.118565
14 9 0.10198
14 10 0.0833969
14 11 0.064928
14 12 0.0458055
14 13 0.0266805
14 14 0.00681785
14 15 -0.0134318
14 16 -0.0329188
14 17 -0.051304
14 18 -0.0689083
14 19 -0.0846394
14 20 -0.0975481
14 21 -0.11059
14 22 -0.122093
14 23 -0.130701
14 24 -0.137229
14 25 -0.140445
14 26 -0.140623
14 27 -0.1409
14 28 -0.138494
14 29 -0.133747
14 30 -0.126031
14 31 -0.118465
14 32 -0.108075
14 33 -0.0948
14 34 -0.0793624
14 35 -0.0637386
14 36 -0.0469526
14 37 -0.0292961
14 38 -0.0102257
14 39 0.00908202
14 40 0.0274588
14 41 0.0448499
14 42 0.0602823
14 43 0.0734223
14 44 0.0863179
14 45 0.0993656
14 46 0.112015
14 47 0.121454
14 48 0.128044
14 49 0.132492
14 50 0.134254
14 51 0.134338
14 52 0.132001
14 53 0.12748
14 54 0.120689
14 55 0.111809
14 56 0.101457
14 57 0.0884788
14 58 0.0748308
14 59 0.0610919
14 60 0.0459415
14 61 0.0284064
14 62 0.0091487
14 63 -0.00986476
14 64 -0.0280366
14 65 -0.0457104
14 66 -0.0623666
14 67 -0.0785421
14 68 -0.0926874
14 69 -0.104664
14 70 -0.114107
14 71 -0.122385
14 72 -0.129068
14 73 -0.136445
14 74 -0.139506
14 75 -0.138988
14 76 -0.13682
14 77 -0.134471
14 78 -0.129179
14 79 -0.120018
14 80 -0.108522
14 81 -0.0955774
14 82 -0.0805289
14 83 -0.0654566
14 84 -0.0481414
14 85 -0.0293381
14 86 -0.0104395
14 87 0.00920217
14 88 0.0295053
14 89 0.047643
14 90 0.0646784
14 91 0.0824985
14 92 0.0978759
14 93 0.112961
14 94 0.125415
14 95 0.136278
14 96 0.144648
14 97 0.151336
14 98 0.154873
14 99 0.157584
14 100 0.0196364
14 101 0

15 0 0
15 1 0.0185991
15 2 0.149061
15 3 0.146064
15 4 0.140677
15 5 0.132899
15 6 0.123139
15 7 0.111823
15 8 0.0974805
15 9 0.0815696
15 10 0.0645374
15 11 0.0462121
15 12 0.0268678
15 13 0.00704654
15 14 -0.0134318
15 15 -0.0336118
15 16 -0.0520925
15 17 -0.0703248
15 18 -0.0879115
15 19 -0.103066
15 20 -0.116084
15 21 -0.128132
15 22 -0.139129
15 23 -0.148144
15 24 -0.153714
15 25 -0.155678
15 26 -0.156537
15 27 -0.156703
15 28 -0.154676
15 29 -0.150014
15 30 -0.143397
15 31 -0.13592
15 32 -0.124573
15 33 -0.110887
15 34 -0.0960076
15 35 -0.0791592
15 36 -0.0621748
15 37 -0.0443296
15 38 -0.0250405
15 39 -0.0051683
15 40 0.0139725
15 41 0.0310547
15 42 0.0467558
15 43 0.0606908
15 44 0.0734077
15 45 0.0869837
15 46 0.0998389
15 47 0.110107
15 48 0.116466
15 49 0.119781
15 50 0.120996
15 51 0.120558
15 52 0.11874
15 53 0.114972
15 54 0.108745
15 55 0.10028
15 56 0.0886867
15 57 0.0752473
15 58 0.0610549
15 59 0.0468364
15 60 0.0311518
15 61 0.0129702
15 62 -0.00591618
15 63 -0.0254238
15 64 -0.0446815
15 65 -0.0621146
15 66 -0.0792629
15 67 -0.0956745
15 68 -0.110628
15 69 -0.122394
15 70 -0.131468
15 71 -0.140272
15 72 -0.146983
15 73 -0.15294
15 74 -0.156754
15 75 -0.15648
15 76 -0.154267
15 77 -0.1516
15 78 -0.146896
15 79 -0.138466
15 80 -0.127201
15 81 -0.114157
15 82 -0.100171
15 83 -0.0849697
15 84 -0.0676185
15 85 -0.0493576
15 86 -0.0307621
15 87 -0.0117851
15 88 0.00821958
15 89 0.0272838
15 90 0.0447937
15 91 0.0618858
15 92 0.0774997
15 93 0.0909337
15 94 0.102541
15 95 0.113704
15 96 0.122796
15 97 0.129916
15 98 0.134649
15 99 0.136816
15 100 0.016954
15 101 0

16 0 0
16 1 0.0159372
16 2 0.128696
16 3 0.126166
16 4 0.119824
16 5 0.111235
16 6 0.101996
16 7 0.0878771
16 8 0.0763923
16 9 0.060945
16 10 0.0449854
16 11 0.0270135
16 12 0.008437
16 13 -0.0127687
16 14 -0.0329188
16 15 -0.0520925
16 16 -0.071606
16 17 -0.0892713
16 18 -0.106056
16 19 -0.120767
16 20 -0.134716
16 21 -0.146159
16 22 -0.156362
16 23 -0.16514
16 24 -0.169855
16 25 -0.170887
16 26 -0.171904
16 27 -0.170721
16 28 -0.169315
16 29 -0.164142
16 30 -0.159951
16 31 -0.150295
16 32 -0.139802
16 33 -0.12582
16 34 -0.110955
16 35 -0.0933627
16 36 -0.0760264
16 37 -0.0583549
16 38 -0.0390824
16 39 -0.0188436
16 40 -1.97077e-05
16 41 0.0170227
16 42 0.0330494
16 43 0.0485562
16 44 0.0621015
16 45 0.0760361
16 46 0.0882194
16 47 0.0983019
16 48 0.104548
16 49 0.106821
16 50 0.107982
16 51 0.106873
16 52 0.105968
16 53 0.102794
16 54 0.0970873
16 55 0.0887904
16 56 0.0766484
16 57 0.0631682
16 58 0.0481721
16 59 0.0326778
16 60 0.0156453
16 61 -0.0025784
16 62 -0.0208717
16 63 -0.0400293
16 64 -0.0593423
16 65 -0.0771955
16 66 -0.0941134
16 67 -0.110781
16 68 -0.127164
16 69 -0.138161
16 70 -0.148138
16 71 -0.155316
16 72 -0.163824
16 73 -0.168177
16 74 -0.172439
16 75 -0.17299
16 76 -0.171823
16 77 -0.168729
16 78 -0.164093
16 79 -0.155931
16 80 -0.144985
16 81 -0.132508
16 82 -0.119893
16 83 -0.103176
16 84 -0.0872939
16 85 -0.0697037
16 86 -0.0510578
16 87 -0.0310287
16 88 -0.0117477
16 89 0.00647819
16 90 0.0243111
16 91 0.0396867
16 92 0.0561296
16 93 0.0684652
16 94 0.0814086
16 95 0.0902008
16 96 0.10096
16 97 0.10789
16 98 0.113173
16 99 0.115907
16 100 0.0144236
16 101 0

17 0 0
17 1 0.0136259
17 2 0.108671
17 3 0.104389
17 4 0.098211
17 5 0.0893746
17 6 0.079929
17 7 0.0687188
17 8 0.0551721
17 9 0.0402789
17 10 0.0245145
17 11 0.00705249
17 12 -0.0110216
17 13 -0.0304154
17 14 -0.051304
17 15 -0.0703248
17 16 -0.0892713
17 17 -0.107848
17 18 -0.124335
17 19 -0.139752
17 20 -0.152789
17 21 -0.16266
17 22 -0.171678
17 23 -0.179432
17 24 -0.183192
17 25 -0.185546
17 26 -0.18642
17 27 -0.18538
17 28 -0.182796
17 29 -0.178097
17 30 -0.173154
17 31 -0.163871
17 32 -0.15255
17 33 -0.139771
17 34 -0.124012
17 35 -0.107342
17 36 -0.0898058
17 37 -0.071552
17 38 -0.0518096
17 39 -0.0313648
17 40 -0.0128418
17 41 0.00386524
17 42 0.0198442
17 43 0.035764
17 44 0.0505786
17 45 0.0640526
17 46 0.0756587
17 47 0.0856295
17 48 0.0923005
17 49 0.095327
17 50 0.0961606
17 51 0.0954358
17 52 0.0939167
17 53 0.0905521
17 54 0.0843787
17 55 0.0754228
17 56 0.0636668
17 57 0.0506139
17 58 0.0358353
17 59 0.0192273
17 60 0.00136944
17 61 -0.0164538
17 62 -0.0347712
17 63 -0.0537053
17 64 -0.073157
17 65 -0.0915733
17 66 -0.108143
17 67 -0.125115
17 68 -0.140418
17 69 -0.152923
17 70 -0.162663
17 71 -0.170413
17 72 -0.178746
17 73 -0.183385
17 74 -0.186733
17 75 -0.188642
17 76 -0.186966
17 77 -0.183667
17 78 -0.178568
17 79 -0.171494
17 80 -0.162465
17 81 -0.151843
17 82 -0.139097
17 83 -0.123233
17 84 -0.105464
17 85 -0.087991
17 86 -0.069905
17 87 -0.0504819
17 88 -0.0322792
17 89 -0.0139542
17 90 0.00320151
17 91 0.0188574
17 92 0.0344912
17 93 0.0478044
17 94 0.0590028
17 95 0.0693846
17 96 0.0786588
17 97 0.0857176
17 98 0.092057
17 99 0.0952164
17 100 0.0118848
17 101 0

18 0 0
18 1 0.0109973
18 2 0.0881751
18 3 0.0846385
18 4 0.0783298
18 5 0.0688226
18 6 0.0584867
18 7 0.0461681
18 8 0.0341425
18 9 0.0196249
18 10 0.00593656
18 11 -0.0108991
18 12 -0.02911
18 13 -0.0488337
18 14 -0.0689083
18 15 -0.0879115
18 16 -0.106056
18 17 -0.124335
18 18 -0.142243
18 19 -0.155749
18 20 -0.168883
18 21 -0.17802
18 22 -0.186197
18 23 -0.19372
18 24 -0.196648
18 25 -0.198501
18 26 -0.198896
18 27 -0.196398
18 28 -0.193595
18 29 -0.189635
18 30 -0.184214
18 31 -0.175544
18 32 -0.165056
18 33 -0.151313
18 34 -0.136578
18 35 -0.11905
18 36 -0.102894
18 37 -0.0839484
18 38 -0.0635346
18 39 -0.0444494
18 40 -0.024421
18 41 -0.00853715
18 42 0.00794468
18 43 0.0249369
18 44 0.0396257
18 45 0.0539404
18 46 0.0632311
18 47 0.0729888
18 48 0.0795896
18 49 0.0818612
18 50 0.0843143
18 51 0.0828382
18 52 0.0821046
18 53 0.0785198
18 54 0.0718941
18 55 0.0640163
18 56 0.0511704
18 57 0.0394682
18 58 0.0240299
18 59 0.00591667
18 60 -0.0112961
18 61 -0.0300111
18 62 -0.0469278
18 63 -0.0664888
18 64 -0.0861121
18 65 -0.103946
18 66 -0.122262
18 67 -0.137475
18 68 -0.153077
18 69 -0.165872
18 70 -0.175435
18 71 -0.182901
18 72 -0.190383
18 73 -0.195151
18 74 -0.199025
18 75 -0.201356
18 76 -0.201213
18 77 -0.198681
18 78 -0.193044
18 79 -0.186559
18 80 -0.178369
18 81 -0.167546
18 82 -0.156983
18 83 -0.14095
18 84 -0.124232
18 85 -0.106484
18 86 -0.0874766
18 87 -0.0688192
18 88 -0.051269
18 89 -0.0333813
18 90 -0.0166716
18 91 -0.00217965
18 92 0.013718
18 93 0.0255108
18 94 0.0375203
18 95 0.0484249
18 96 0.0578268
18 97 0.0649476
18 98 0.0714654
18 99 0.0740315
18 100 0.00923982
18 101 0

19 0 0
19 1 0.00855939
19 2 0.0681927
19 3 0.064477
19 4 0.0584564
19 5 0.0491968
19 6 0.0381318
19 7 0.0276148
19 8 0.014055
19 9 0.00103001
19 10 -0.0132229
19 11 -0.0293185
19 12 -0.0469067
19 13 -0.065258
19 14 -0.0846394
19 15 -0.103066
19 16 -0.120767
19 17 -0.139752
19 18 -0.155749
19 19 -0.170271
19 20 -0.181083
19 21 -0.19098
19 22 -0.198695
19 23 -0.205181
19 24 -0.208837
19 25 -0.210418
19 26 -0.210108
19 27 -0.207356
19 28 -0.203864
19 29 -0.199717
19 30 -0.194054
19 31 -0.18539
19 32 -0.174797
19 33 -0.161413
19 34 -0.146162
19 35 -0.130843
19 36 -0.114659
19 37 -0.0958428
19 38 -0.0764607
19 39 -0.0558905
19 40 -0.0371443
19 41 -0.0190823
19 42 -0.00329912
19 43 0.0135699
19 44 0.0292404
19 45 0.0414722
19 46 0.0512185
19 47 0.059931
19 48 0.0658558
19 49 0.0696545
19 50 0.0709887
19 51 0.072014
19 52 0.0694701
19 53 0.0657097
19 54 0.059719
19 55 0.0508483
19 56 0.039602
19 57 0.0271097
19 58 0.0118926
19 59 -0.00571206
19 60 -0.0245538
19 61 -0.0411673
19 62 -0.0598805
19 63 -0.0789135
19 64 -0.0983208
19 65 -0.116476
19 66 -0.133595
19 67 -0.148926
19 68 -0.163292
19 69 -0.176394
19 70 -0.187072
19 71 -0.194544
19 72 -0.201532
19 73 -0.206411
19 74 -0.210072
19 75 -0.212628
19 76 -0.213484
19 77 -0.210968
19 78 -0.206128
19 79 -0.199918
19 80 -0.191519
19 81 -0.182663
19 82 -0.170281
19 83 -0.156712
19 84 -0.139841
19 85 -0.122443
19 86 -0.103973
19 87 -0.0862628
19 88 -0.0691157
19 89 -0.0523298
19 90 -0.0363269
19 91 -0.0208427
19 92 -0.00664141
19 93 0.00652223
19 94 0.017713
19 95 0.029086
19 96 0.0380171
19 97 0.0452081
19 98 0.0510138
19 99 0.0540801
19 100 0.00672234
19 101 0

20 0 0
20 1 0.00602994
20 2 0.0483641
20 3 0.0453165
20 4 0.0402738
20 5 0.031731
20 6 0.0222867
20 7 0.0109691
20 8 -0.00155354
20 9 -0.015707
20 10 -0.0300763
20 11 -0.0461402
20 12 -0.062036
20 13 -0.0791142
20 14 -0.0975481
20 15 -0.116084
20 16 -0.134716
20 17 -0.152789
20 18 -0.168883
20 19 -0.181083
20 20 -0.192589
20 21 -0.203891
20 22 -0.211368
20 23 -0.216837
20 24 -0.220959
20 25 -0.221361
20 26 -0.220101
20 27 -0.216935
20 28 -0.212734
20 29 -0.20762
20 30 -0.202017
20 31 -0.194208
20 32 -0.184432
20 33 -0.170075
20 34 -0.155657
20 35 -0.141045
20 36 -0.125107
20 37 -0.106864
20 38 -0.0874375
20 39 -0.0680924
20 40 -0.0488243
20 41 -0.0305105
20 42 -0.0141135
20 43 0.00289391
20 44 0.0181424
20 45 0.03021
20 46 0.0396611
20 47 0.0478129
20 48 0.0534941
20 49 0.0568519
20 50 0.0594631
20 51 0.0604666
20 52 0.0579882
20 53 0.0533647
20 54 0.0476279
20 55 0.0391913
20 56 0.0278481
20 57 0.015214
20 58 -0.000164145
20 59 -0.0176843
20 60 -0.0359196
20 61 -0.053054
20 62 -0.0713448
20 63 -0.0909107
20 64 -0.109408
20 65 -0.127421
20 66 -0.144665
20 67 -0.159181
20 68 -0.173139
20 69 -0.185589
20 70 -0.197049
20 71 -0.204539
20 72 -0.210324
20 73 -0.21563
20 74 -0.220491
20 75 -0.223412
20 76 -0.224929
20 77 -0.223086
20 78 -0.219122
20 79 -0.212865
20 80 -0.205202
20 81 -0.19618
20 82 -0.183227
20 83 -0.168536
20 84 -0.154598
20 85 -0.136957
20 86 -0.118525
20 87 -0.101189
20 88 -0.0840308
20 89 -0.0680325
20 90 -0.0531955
20 91 -0.0386066
20 92 -0.023732
20 93 -0.0108733
20 94 0.00214777
20 95 0.0123568
20 96 0.0207608
20 97 0.0265606
20 98 0.0314688
20 99 0.0342343
20 100 0.00433971
20 101 0

21 0 0
21 1 0.00382085
21 2 0.030339
21 3 0.0278098
21 4 0.0250632
21 5 0.0172316
21 6 0.00811609
21 7 -0.00240799
21 8 -0.0159457
21 9 -0.0306912
21 10 -0.0442918
21 11 -0.0603029
21 12 -0.0754516
21 13 -0.0918531
21 14 -0.11059
21 15 -0.128132
21 16 -0.146159
21 17 -0.16266
21 18 -0.17802
21 19 -0.19098
21 20 -0.203891
21 21 -0.213157
21 22 -0.221335
21 23 -0.227329
21 24 -0.230946
21 25 -0.231274
21 26 -0.229565
21 27 -0.227636
21 28 -0.222472
21 29 -0.217258
21 30 -0.212213
21 31 -0.204596
21 32 -0.193163
21 33 -0.179321
21 34 -0.164911
21 35 -0.150359
21 36 -0.133912
21 37 -0.116418
21 38 -0.0980041
21 39 -0.0802369
21 40 -0.0606898
21 41 -0.043035
21 42 -0.0253099
21 43 -0.00879312
21 44 0.00664469
21 45 0.018843
21 46 0.0285654
21 47 0.0365437
21 48 0.0424906
21 49 0.0454968
21 50 0.0491635
21 51 0.0494258
21 52 0.0471773
21 53 0.0417167
21 54 0.0357551
21 55 0.0273289
21 56 0.0159864
21 57 0.00276679
21 58 -0.0121598
21 59 -0.0300953
21 60 -0.0471361
21 61 -0.0650678
21 62 -0.0827618
21 63 -0.102082
21 64 -0.11974
21 65 -0.137192
21 66 -0.153993
21 67 -0.169862
21 68 -0.18363
21 69 -0.196096
21 70 -0.207163
21 71 -0.215778
21 72 -0.221313
21 73 -0.225962
21 74 -0.230152
21 75 -0.234529
21 76 -0.234554
21 77 -0.233093
21 78 -0.230568
21 79 -0.223989
21 80 -0.216364
21 81 -0.206989
21 82 -0.195262
21 83 -0.180537
21 84 -0.16589
21 85 -0.148596
21 86 -0.132332
21 87 -0.115176
21 88 -0.0983434
21 89 -0.0823357
21 90 -0.0663696
21 91 -0.0521235
21 92 -0.0386882
21 93 -0.0257597
21 94 -0.0130672
21 95 -0.00221168
21 96 0.00663307
21 97 0.0118959
21 98 0.0154963
21 99 0.0169044
21 100 0.0020253
21 101 0

22 0 0
22 1 0.00190029
22 2 0.0159507
22 3 0.014669
22 4 0.011229
22 5 0.00411279
22 6 -0.00534352
22 7 -0.0176939
22 8 -0.0296592
22 9 -0.0437196
22 10 -0.0576871
22 11 -0.0731349
22 12 -0.0883737
22 13 -0.105141
22 14 -0.122093
22 15 -0.139129
22 16 -0.156362
22 17 -0.171678
22 18 -0.186197
22 19 -0.198695
22 20 -0.211368
22 21 -0.221335
22 22 -0.229684
22 23 -0.236043
22 24 -0.238626
22 25 -0.238983
22 26 -0.239304
22 27 -0.236619
22 28 -0.231605
22 29 -0.227076
22 30 -0.221793
22 31 -0.212672
22 32 -0.200777
22 33 -0.186677
22 34 -0.173111
22 35 -0.156648
22 36 -0.140914
22 37 -0.124315
22 38 -0.107205
22 39 -0.0903812
22 40 -0.0710501
22 41 -0.0529108
22 42 -0.0348147
22 43 -0.0172822
22 44 -0.00238113
22 45 0.0108299
22 46 0.0199312
22 47 0.0280725
22 48 0.0338422
22 49 0.036711
22 50 0.039966
22 51 0.0396095
22 52 0.0377523
22 53 0.0329407
22 54 0.026637
22 55 0.0187026
22 56 0.00666374
22 57 -0.00606575
22 58 -0.0219327
22 59 -0.0397276
22 60 -0.0570216
22 61 -0.0754811
22 62 -0.0929761
22 63 -0.111669
22 64 -0.12883
22 65 -0.144684
22 66 -0.161874
22 67 -0.177285
22 68 -0.193052
22 69 -0.205273
22 70 -0.215635
22 71 -0.224841
22 72 -0.231668
22 73 -0.235762
22 74 -0.239652
22 75 -0.243093
22 76 -0.24362
22 77 -0.241054
22 78 -0.238123
22 79 -0.233384
22 80 -0.225406
22 81 -0.215289
22 82 -0.204703
22 83 -0.190491
22 84 -0.176632
22 85 -0.160639
22 86 -0.143908
22 87 -0.127306
22 88 -0.111244
22 89 -0.0957364
22 90 -0.0799736
22 91 -0.0659159
22 92 -0.0520957
22 93 -0.0399557
22 94 -0.0271871
22 95 -0.0169948
22 96 -0.00737463
22 97 -0.00132377
22 98 0.00214136
22 99 0.00349338
22 100 0.000366538
22 101 0

23 0 0
23 1 0.000570977
23 2 0.00481729
23 3 0.00273482
23 4 -0.00126592
23 5 -0.00784321
23 6 -0.0166329
23 7 -0.0279386
23 8 -0.0398608
23 9 -0.0534141
23 10 -0.0681201
23 11 -0.083266
23 12 -0.0986378
23 13 -0.114454
23 14 -0.130701
23 15 -0.148144
23 16 -0.16514
23 17 -0.179432
23 18 -0.19372
23 19 -0.205181
23 20 -0.216837
23 21 -0.227329
23 22 -0.236043
23 23 -0.241022
23 24 -0.24441
23 25 -0.246129
23 26 -0.247099
23 27 -0.244543
23 28 -0.239668
23 29 -0.236095
23 30 -0.228916
23 31 -0.220198
23 32 -0.208859
23 33 -0.195304
23 34 -0.180354
23 35 -0.163736
23 36 -0.147602
23 37 -0.13176
23 38 -0.114717
23 39 -0.0981443
23 40 -0.0786199
23 41 -0.0601803
23 42 -0.0418412
23 43 -0.0248263
23 44 -0.00917504
23 45 0.00329392
23 46 0.0132435
23 47 0.0212222
23 48 0.0276948
23 49 0.030722
23 50 0.032612
23 51 0.0319277
23 52 0.0302237
23 53 0.0259595
23 54 0.0200798
23 55 0.0109052
23 56 -0.000458879
23 57 -0.0136987
23 58 -0.0290943
23 59 -0.0470804
23 60 -0.0646136
23 61 -0.0834394
23 62 -0.101424
23 63 -0.120579
23 64 -0.137229
23 65 -0.153306
23 66 -0.169797
23 67 -0.18541
23 68 -0.200926
23 69 -0.214065
23 70 -0.22326
23 71 -0.232419
23 72 -0.238984
23 73 -0.245069
23 74 -0.248369
23 75 -0.250525
23 76 -0.250971
23 77 -0.247294
23 78 -0.243373
23 79 -0.239234
23 80 -0.232722
23 81 -0.222983
23 82 -0.212256
23 83 -0.199039
23 84 -0.185991
23 85 -0.169885
23 86 -0.153196
23 87 -0.13697
23 88 -0.120674
23 89 -0.105333
23 90 -0.0908373
23 91 -0.075885
23 92 -0.0621333
23 93 -0.0495234
23 94 -0.0377713
23 95 -0.0281985
23 96 -0.0201803
23 97 -0.0138023
23 98 -0.00941723
23 99 -0.00694476
23 100 -0.000773745
23 101 0

24 0 0
24 1 -0.000528694
24 2 -0.00448918
24 3 -0.00705818
24 4 -0.0114214
24 5 -0.0179683
24 6 -0.0255539
24 7 -0.036807
24 8 -0.0473263
24 9 -0.06061
24 10 -0.0743002
24 11 -0.0894845
24 12 -0.104602
24 13 -0.120801
24 14 -0.137229
24 15 -0.153714
24 16 -0.169855
24 17 -0.183192
24 18 -0.196648
24 19 -0.208837
24 20 -0.220959
24 21 -0.230946
24 22 -0.238626
24 23 -0.24441
24 24 -0.248815
24 25 -0.25217
24 26 -0.253047
24 27 -0.250649
24 28 -0.247399
24 29 -0.242279
24 30 -0.235719
24 31 -0.226353
24 32 -0.215742
24 33 -0.201101
24 34 -0.18569
24 35 -0.169241
24 36 -0.15353
24 37 -0.137892
24 38 -0.122072
24 39 -0.105224
24 40 -0.0851894
24 41 -0.0661011
24 42 -0.0481403
24 43 -0.030487
24 44 -0.0150378
24 45 -0.00180636
24 46 0.00770629
24 47 0.0165458
24 48 0.0231409
24 49 0.0258185
24 50 0.0272969
24 51 0.0261085
24 52 0.0247141
24 53 0.0211094
24 54 0.0149697
24 55 0.00592862
24 56 -0.00663759
24 57 -0.0195532
24 58 -0.0355414
24 59 -0.0538205
24 60 -0.0720952
24 61 -0.0908174
24 62 -0.109216
24 63 -0.128209
24 64 -0.144537
24 65 -0.15955
24 66 -0.175925
24 67 -0.191707
24 68 -0.207371
24 69 -0.220272
24 70 -0.231099
24 71 -0.238543
24 72 -0.245925
24 73 -0.251536
24 74 -0.255307
24 75 -0.256769
24 76 -0.256263
24 77 -0.253156
24 78 -0.248055
24 79 -0.242698
24 80 -0.236084
24 81 -0.226901
24 82 -0.216808
24 83 -0.203534
24 84 -0.190402
24 85 -0.174943
24 86 -0.159415
24 87 -0.143276
24 88 -0.127144
24 89 -0.111582
24 90 -0.0961389
24 91 -0.0821627
24 92 -0.0685008
24 93 -0.0574576
24 94 -0.0460786
24 95 -0.0380393
24 96 -0.0293821
24 97 -0.023076
24 98 -0.0184107
24 99 -0.015864
24 100 -0.00193198
24 101 0

25 0 0
25 1 -0.00146612
25 2 -0.011881
25 3 -0.0142734
25 4 -0.0190618
25 5 -0.0251088
25 6 -0.0326054
25 7 -0.0425494
25 8 -0.0529817
25 9 -0.0639014
25 10 -0.0775633
25 11 -0.0928056
25 12 -0.10824
25 13 -0.124387
25 14 -0.140445
25 15 -0.155678
25 16 -0.170887
25 17 -0.185546
25 18 -0.198501
25 19 -0.210418
25 20 -0.221361
25 21 -0.231274
25 22 -0.238983
25 23 -0.246129
25 24 -0.25217
25 25 -0.256076
25 26 -0.257764
25 27 -0.256809
25 28 -0.253228
25 29 -0.247139
25 30 -0.239855
25 31 -0.231289
25 32 -0.219905
25 33 -0.204857
25 34 -0.189171
25 35 -0.17378
25 36 -0.157613
25 37 -0.14213
25 38 -0.127088
25 39 -0.109267
25 40 -0.0894653
25 41 -0.0702251
25 42 -0.053189
25 43 -0.0357184
25 44 -0.0196535
25 45 -0.00669154
25 46 0.00403591
25 47 0.0136996
25 48 0.0204399
25 49 0.0239726
25 50 0.0252392
25 51 0.0251109
25 52 0.0223391
25 53 0.0179309
25 54 0.0113393
25 55 0.00138311
25 56 -0.0113932
25 57 -0.0251075
25 58 -0.0408776
25 59 -0.059
25 60 -0.0781173
25 61 -0.0957735
25 62 -0.114489
25 63 -0.13305
25 64 -0.149156
25 65 -0.163785
25 66 -0.179841
25 67 -0.196608
25 68 -0.211644
25 69 -0.22474
25 70 -0.236333
25 71 -0.244543
25 72 -0.250932
25 73 -0.256835
25 74 -0.261091
25 75 -0.261954
25 76 -0.259976
25 77 -0.255894
25 78 -0.250533
25 79 -0.244336
25 80 -0.2367
25 81 -0.228353
25 82 -0.21793
25 83 -0.205864
25 84 -0.192795
25 85 -0.17778
25 86 -0.161193
25 87 -0.145481
25 88 -0.130479
25 89 -0.11491
25 90 -0.0997804
25 91 -0.0858479
25 92 -0.0725837
25 93 -0.0612208
25 94 -0.0521649
25 95 -0.0440387
25 96 -0.0363205
25 97 -0.0301108
25 98 -0.0252316
25 99 -0.0226513
25 100 -0.00286054
25 101 0

26 0 0
26 1 -0.00194567
26 2 -0.0159553
26 3 -0.019704
26 4 -0.0241558
26 5 -0.0297829
26 6 -0.0370217
