0 0 0
0 1 0
0 2 0
0 3 0
0 4 0
0 5 0
0 6 0
0 7 0
0 8 0
0 9 0
0 10 0
0 11 0
0 12 0
0 13 0
0 14 0
0 15 0
0 16 0
0 17 0
0 18 0
0 19 0
0 20 0
0 21 0
0 22 0
0 23 0
0 24 0
0 25 0
0 26 0
0 27 0
0 28 0
0 29 0
0 30 0
0 31 0
0 32 0
0 33 0
0 34 0
0 35 0
0 36 0
0 37 0
0 38 0
0 39 0
0 40 0
0 41 0
0 42 0
0 43 0
0 44 0
0 45 0
0 46 0
0 47 0
0 48 0
0 49 0
0 50 0
0 51 0
0 52 0
0 53 0
0 54 0
0 55 0
0 56 0
0 57 0
0 58 0
0 59 0
0 60 0
0 61 0
0 62 0
0 63 0
0 64 0
0 65 0
0 66 0
0 67 0
0 68 0
0 69 0
0 70 0
0 71 0
0 72 0
0 73 0
0 74 0
0 75 0
0 76 0
0 77 0
0 78 0
0 79 0
0 80 0
0 81 0
0 82 0
0 83 0
0 84 0
0 85 0
0 86 0
0 87 0
0 88 0
0 89 0
0 90 0
0 91 0
0 92 0
0 93 0
0 94 0
0 95 0
0 96 0
0 97 0
0 98 0
0 99 0
0 100 0
0 101 0

1 0 0
1 1 0
1 2 0.0609147
1 3 0.0603605
1 4 0.0593216
1 5 0.0578152
1 6 0.0558737
1 7 0.0535259
1 8 0.0507966
1 9 0.0477454
1 10 0.0444259
1 11 0.0408824
1 12 0.0371801
1 13 0.0333776
1 14 0.0295375
1 15 0.0257257
1 16 0.0220057
1 17 0.0184363
1 18 0.0150788
1 19 0.0119875
1 20 0.00922561
1 21 0.00683885
1 22 0.00486822
1 23 0.00334266
1 24 0.0022928
1 25 0.00174021
1 26 0.00169527
1 27 0.00214915
1 28 0.00311295
1 29 0.00456222
1 30 0.00646863
1 31 0.00881239
1 32 0.0115669
1 33 0.0146774
1 34 0.018089
1 35 0.021756
1 36 0.0256224
1 37 0.0296267
1 38 0.0337056
1 39 0.0377981
1 40 0.0418299
1 41 0.0457346
1 42 0.0494479
1 43 0.0529236
1 44 0.0561032
1 45 0.0589303
1 46 0.0613682
1 47 0.0633641
1 48 0.0648894
1 49 0.065933
1 50 0.0664694
1 51 0.0664988
1 52 0.0660151
1 53 0.0650323
1 54 0.0635497
1 55 0.0616055
1 56 0.0592272
1 57 0.0564454
1 58 0.0533206
1 59 0.0498899
1 60 0.0462042
1 61 0.0423344
1 62 0.0383411
1 63 0.0342846
1 64 0.0302267
1 65 0.0262393
1 66 0.022383
1 67 0.0187229
1 68 0.0153192
1 69 0.012224
1 70 0.00948007
1 71 0.00712968
1 72 0.00521631
1 73 0.0037689
1 74 0.00279987
1 75 0.00233149
1 76 0.00237697
1 77 0.00291465
1 78 0.00394352
1 79 0.00544577
1 80 0.00740421
1 81 0.0097694
1 82 0.0124934
1 83 0.0155444
1 84 0.0188833
1 85 0.0224293
1 86 0.0261268
1 87 0.0299219
1 88 0.0337437
1 89 0.0375246
1 90 0.04121
1 91 0.0447439
1 92 0.0480594
1 93 0.051096
1 94 0.0538167
1 95 0.0561656
1 96 0.0580974
1 97 0.0595926
1 98 0.0606232
1 99 0.0611811
1 100 0
1 101 0

2 0 0
2 1 0.0609147
2 2 0.490016
2 3 0.485549
2 4 0.477195
2 5 0.465094
2 6 0.449449
2 7 0.430524
2 8 0.408608
2 9 0.384082
2 10 0.357358
2 11 0.328878
2 12 0.299097
2 13 0.268496
2 14 0.237596
2 15 0.206924
2 16 0.176978
2 17 0.148263
2 18 0.121261
2 19 0.0964309
2 20 0.0742176
2 21 0.0550127
2 22 0.0391436
2 23 0.0268782
2 24 0.0184354
2 25 0.0139732
2 26 0.0135723
2 27 0.0172548
2 28 0.0249853
2 29 0.0366238
2 30 0.0519944
2 31 0.0708825
2 32 0.0929971
2 33 0.117968
2 34 0.145418
2 35 0.174917
2 36 0.206017
2 37 0.238226
2 38 0.271035
2 39 0.303919
2 40 0.336335
2 41 0.367745
2 42 0.397659
2 43 0.425615
2 44 0.45118
2 45 0.473937
2 46 0.493519
2 47 0.509603
2 48 0.521934
2 49 0.530337
2 50 0.534682
2 51 0.534903
2 52 0.530992
2 53 0.523029
2 54 0.511122
2 55 0.495462
2 56 0.476308
2 57 0.453968
2 58 0.4288
2 59 0.401187
2 60 0.371567
2 61 0.340427
2 62 0.30828
2 63 0.275637
2 64 0.243021
2 65 0.210955
2 66 0.179965
2 67 0.150551
2 68 0.123174
2 69 0.098246
2 70 0.0761687
2 71 0.0572895
2 72 0.0419086
2 73 0.030253
2 74 0.022491
2 75 0.0187339
2 76 0.0190428
2 77 0.0233881
2 78 0.0316835
2 79 0.0437983
2 80 0.0595235
2 81 0.0785446
2 82 0.100513
2 83 0.125088
2 84 0.151879
2 85 0.180393
2 86 0.210143
2 87 0.240652
2 88 0.271393
2 89 0.301847
2 90 0.331523
2 91 0.359929
2 92 0.386578
2 93 0.411029
2 94 0.43288
2 95 0.451762
2 96 0.46734
2 97 0.47938
2 98 0.487695
2 99 0.492151
2 100 0.0611811
2 101 0

3 0 0
3 1 0.0603605
3 2 0.485549
3 3 0.481083
3 4 0.472739
3 5 0.460657
3 6 0.444986
3 7 0.426022
3 8 0.404171
3 9 0.379692
3 10 0.352971
3 11 0.324528
3 12 0.294762
3 13 0.264162
3 14 0.233262
3 15 0.202587
3 16 0.172634
3 17 0.143932
3 18 0.116954
3 19 0.0921765
3 20 0.0699801
3 21 0.0507691
3 22 0.0348726
3 23 0.0226017
3 24 0.0141498
3 25 0.00964388
3 26 0.00917723
3 27 0.0128631
3 28 0.0205323
3 29 0.0321208
3 30 0.0475056
3 31 0.0664104
3 32 0.0884426
3 33 0.11332
3 34 0.140727
3 35 0.170192
3 36 0.201257
3 37 0.233418
3 38 0.266166
3 39 0.298961
3 40 0.331303
3 41 0.362675
3 42 0.392608
3 43 0.420536
3 44 0.446061
3 45 0.468812
3 46 0.488339
3 47 0.504436
3 48 0.516836
3 49 0.525254
3 50 0.52963
3 51 0.529828
3 52 0.52589
3 53 0.517866
3 54 0.505983
3 55 0.490309
3 56 0.471145
3 57 0.448862
3 58 0.42368
3 59 0.396076
3 60 0.366518
3 61 0.335402
3 62 0.303266
3 63 0.270659
3 64 0.238109
3 65 0.206103
3 66 0.175194
3 67 0.145855
3 68 0.118515
3 69 0.093584
3 70 0.0715238
3 71 0.052704
3 72 0.0373646
3 73 0.0257325
3 74 0.0180352
3 75 0.0143124
3 76 0.0145718
3 77 0.0189488
3 78 0.0272924
3 79 0.0394569
3 80 0.0551556
3 81 0.0741765
3 82 0.0962141
3 83 0.120819
3 84 0.147514
3 85 0.17599
3 86 0.205739
3 87 0.236216
3 88 0.266943
3 89 0.297431
3 90 0.327132
3 91 0.355497
3 92 0.382101
3 93 0.406551
3 94 0.428348
3 95 0.4472
3 96 0.462815
3 97 0.474869
3 98 0.483205
3 99 0.487619
3 100 0.0606143
3 101 0

4 0 0
4 1 0.0593216
4 2 0.477195
4 3 0.472739
4 4 0.464397
4 5 0.452302
4 6 0.436651
4 7 0.417678
4 8 0.395822
4 9 0.37135
4 10 0.344675
4 11 0.316192
4 12 0.286425
4 13 0.255891
4 14 0.224976
4 15 0.194266
4 16 0.164279
4 17 0.135556
4 18 0.108558
4 19 0.0838
4 20 0.0615927
4 21 0.0423433
4 22 0.0264293
4 23 0.0141094
4 24 0.00562223
4 25 0.00107831
4 26 0.000580151
4 27 0.00422337
4 28 0.0118131
4 29 0.0233424
4 30 0.0387036
4 31 0.0574977
4 32 0.0794526
4 33 0.104322
4 34 0.131705
4 35 0.16115
4 36 0.192194
4 37 0.224268
4 38 0.256983
4 39 0.289642
4 40 0.321928
4 41 0.35326
4 42 0.383136
4 43 0.411089
4 44 0.436542
4 45 0.459285
4 46 0.47877
4 47 0.49485
4 48 0.507225
4 49 0.515643
4 50 0.519945
4 51 0.52017
4 52 0.516254
4 53 0.508224
4 54 0.496305
4 55 0.480719
4 56 0.461578
4 57 0.439323
4 58 0.414136
4 59 0.386583
4 60 0.357011
4 61 0.325964
4 62 0.293907
4 63 0.261324
4 64 0.228867
4 65 0.196906
4 66 0.166068
4 67 0.136722
4 68 0.109365
4 69 0.0845193
4 70 0.0625287
4 71 0.0437202
4 72 0.0284267
4 73 0.0168092
4 74 0.00915179
4 75 0.0055009
4 76 0.00584985
4 77 0.010258
4 78 0.0186815
4 79 0.0309058
4 80 0.0465839
4 81 0.0655862
4 82 0.0877073
4 83 0.112349
4 84 0.138985
4 85 0.167516
4 86 0.197307
4 87 0.227783
4 88 0.258542
4 89 0.289037
4 90 0.318693
4 91 0.34705
4 92 0.373684
4 93 0.398118
4 94 0.419914
4 95 0.438727
4 96 0.454368
4 97 0.46643
4 98 0.474745
4 99 0.479147
4 100 0.0595604
4 101 0

5 0 0
5 1 0.0578152
5 2 0.465094
5 3 0.460657
5 4 0.452302
5 5 0.440266
5 6 0.424635
5 7 0.405634
5 8 0.383752
5 9 0.359275
5 10 0.332558
5 11 0.304055
5 12 0.274243
5 13 0.243715
5 14 0.212833
5 15 0.182117
5 16 0.152073
5 17 0.123328
5 18 0.0963182
5 19 0.0715168
5 20 0.0492933
5 21 0.0300046
5 22 0.014034
5 23 0.00166179
5 24 -0.0069523
5 25 -0.011555
5 26 -0.0121338
5 27 -0.00859032
5 28 -0.00104345
5 29 0.0104707
5 30 0.0257741
5 31 0.044449
5 32 0.0663187
5 33 0.0911751
5 34 0.118485
5 35 0.147856
5 36 0.178801
5 37 0.21087
5 38 0.243544
5 39 0.276171
5 40 0.308405
5 41 0.339646
5 42 0.36947
5 43 0.397349
5 44 0.422779
5 45 0.445491
5 46 0.464991
5 47 0.481104
5 48 0.493457
5 49 0.501846
5 50 0.506131
5 51 0.506334
5 52 0.502448
5 53 0.494415
5 54 0.482475
5 55 0.466883
5 56 0.44772
5 57 0.425476
5 58 0.400327
5 59 0.372792
5 60 0.343328
5 61 0.312306
5 62 0.280263
5 63 0.247687
5 64 0.215253
5 65 0.183393
5 66 0.152585
5 67 0.123289
5 68 0.0959849
5 69 0.0712688
5 70 0.0493351
5 71 0.0305813
5 72 0.0153527
5 73 0.00374974
5 74 -0.0038497
5 75 -0.00743715
5 76 -0.00699425
5 77 -0.00245889
5 78 0.00596771
5 79 0.0182533
5 80 0.0339887
5 81 0.0530592
5 82 0.0751832
5 83 0.0998727
5 84 0.126612
5 85 0.155149
5 86 0.184975
5 87 0.215472
5 88 0.246222
5 89 0.276732
5 90 0.306379
5 91 0.334792
5 92 0.361437
5 93 0.385899
5 94 0.407679
5 95 0.426493
5 96 0.442135
5 97 0.454156
5 98 0.462453
5 99 0.466876
5 100 0.0580383
5 101 0

6 0 0
6 1 0.0558737
6 2 0.449449
6 3 0.444986
6 4 0.436651
6 5 0.424635
6 6 0.40904
6 7 0.390054
6 8 0.368106
6 9 0.343571
6 10 0.316827
6 11 0.288328
6 12 0.25848
6 13 0.227873
6 14 0.196951
6 15 0.166244
6 16 0.136189
6 17 0.107364
6 18 0.0802406
6 19 0.0553616
6 20 0.0331046
6 21 0.0138155
6 22 -0.00221105
6 23 -0.0146487
6 24 -0.0233446
6 25 -0.0279964
6 26 -0.0286841
6 27 -0.0252645
6 28 -0.0178166
6 29 -0.00633726
6 30 0.00888941
6 31 0.0274334
6 32 0.0492405
6 33 0.0740391
6 34 0.101251
6 35 0.130492
6 36 0.161351
6 37 0.193363
6 38 0.226007
6 39 0.25866
6 40 0.290811
6 41 0.322016
6 42 0.351755
6 43 0.379629
6 44 0.405022
6 45 0.427673
6 46 0.447162
6 47 0.463233
6 48 0.475502
6 49 0.483861
6 50 0.488207
6 51 0.488358
6 52 0.484499
6 53 0.476455
6 54 0.464535
6 55 0.44896
6 56 0.429832
6 57 0.407643
6 58 0.382492
6 59 0.354958
6 60 0.325484
6 61 0.294553
6 62 0.262465
6 63 0.229929
6 64 0.197535
6 65 0.165775
6 66 0.135051
6 67 0.1058
6 68 0.0785928
6 69 0.0539358
6 70 0.0320854
6 71 0.0133855
6 72 -0.00176571
6 73 -0.0132523
6 74 -0.0208074
6 75 -0.0242746
6 76 -0.0236866
6 77 -0.0190805
6 78 -0.0106085
6 79 0.00170503
6 80 0.0175073
6 81 0.0366269
6 82 0.058767
6 83 0.0835323
6 84 0.110401
6 85 0.139025
6 86 0.168841
6 87 0.199395
6 88 0.230203
6 89 0.260753
6 90 0.290459
6 91 0.318908
6 92 0.345573
6 93 0.370029
6 94 0.391853
6 95 0.410677
6 96 0.426251
6 97 0.438267
6 98 0.446572
6 99 0.451007
6 100 0.0560677
6 101 0

7 0 0
7 1 0.0535259
7 2 0.430524
7 3 0.426022
7 4 0.417678
7 5 0.405634
7 6 0.390054
7 7 0.371087
7 8 0.349178
7 9 0.324602
7 10 0.297757
7 11 0.269255
7 12 0.239404
7 13 0.208682
7 14 0.177709
7 15 0.146888
7 16 0.116829
7 17 0.0879526
7 18 0.0607321
7 19 0.0358191
7 20 0.0134335
7 21 -0.005969
7 22 -0.0220934
7 23 -0.0346501
7 24 -0.0433739
7 25 -0.0481159
7 26 -0.0488268
7 27 -0.0455544
7 28 -0.0382226
7 29 -0.0268181
7 30 -0.0117567
7 31 0.00673604
7 32 0.028488
7 33 0.0531896
7 34 0.0803748
7 35 0.10951
7 36 0.140256
7 37 0.172211
7 38 0.204777
7 39 0.237353
7 40 0.269483
7 41 0.300596
7 42 0.330252
7 43 0.358117
7 44 0.383477
7 45 0.406071
7 46 0.425563
7 47 0.441577
7 48 0.453807
7 49 0.462106
7 50 0.466397
7 51 0.466612
7 52 0.462706
7 53 0.454697
7 54 0.442862
7 55 0.427263
7 56 0.408163
7 57 0.385929
7 58 0.36077
7 59 0.333262
7 60 0.303833
7 61 0.272958
7 62 0.240996
7 63 0.208519
7 64 0.176177
7 65 0.144433
7 66 0.113732
7 67 0.0845471
7 68 0.0574202
7 69 0.0328176
7 70 0.0110622
7 71 -0.00750244
7 72 -0.0225233
7 73 -0.033873
7 74 -0.0413758
7 75 -0.0448066
7 76 -0.0441442
7 77 -0.0394535
7 78 -0.0308694
7 79 -0.0185209
7 80 -0.00257153
7 81 0.0166374
7 82 0.0388204
7 83 0.0637095
7 84 0.0906555
7 85 0.119395
7 86 0.149306
7 87 0.179905
7 88 0.21079
7 89 0.241335
7 90 0.271161
7 91 0.299646
7 92 0.326258
7 93 0.35075
7 94 0.372619
7 95 0.391467
7 96 0.407081
7 97 0.419109
7 98 0.427408
7 99 0.4318
7 100 0.0536764
7 101 0

8 0 0
8 1 0.0507966
8 2 0.408608
8 3 0.404171
8 4 0.395822
8 5 0.383752
8 6 0.368106
8 7 0.349178
8 8 0.327273
8 9 0.302656
8 10 0.275742
8 11 0.247163
8 12 0.217275
8 13 0.18652
8 14 0.155445
8 15 0.124549
8 16 0.0943996
8 17 0.0654432
8 18 0.0381738
8 19 0.0131693
8 20 -0.00932737
8 21 -0.0288894
8 22 -0.0451225
8 23 -0.0577603
8 24 -0.0666522
8 25 -0.0715068
8 26 -0.0723321
8 27 -0.0691749
8 28 -0.0619408
8 29 -0.0506969
8 30 -0.0357213
8 31 -0.0172887
8 32 0.00435095
8 33 0.0289549
8 34 0.0560898
8 35 0.0851597
8 36 0.115831
8 37 0.147694
8 38 0.18012
8 39 0.212585
8 40 0.244613
8 41 0.275699
8 42 0.305347
8 43 0.333174
8 44 0.358528
8 45 0.381055
8 46 0.400504
8 47 0.416521
8 48 0.428674
8 49 0.436916
8 50 0.441243
8 51 0.441463
8 52 0.437596
8 53 0.429604
8 54 0.417719
8 55 0.40212
8 56 0.383006
8 57 0.360769
8 58 0.335617
8 59 0.308104
8 60 0.278699
8 61 0.247865
8 62 0.215973
8 63 0.183611
8 64 0.151298
8 65 0.119635
8 66 0.0890361
8 67 0.0599222
8 68 0.0328894
8 69 0.00835431
8 70 -0.0133123
8 71 -0.0317597
8 72 -0.0466947
8 73 -0.0579453
8 74 -0.0653353
8 75 -0.0686884
8 76 -0.0679187
8 77 -0.0631315
8 78 -0.0544458
8 79 -0.0419517
8 80 -0.0258514
8 81 -0.00645972
8 82 0.0158484
8 83 0.0407655
8 84 0.0677764
8 85 0.0965853
8 86 0.126621
8 87 0.157351
8 88 0.18829
8 89 0.218921
8 90 0.248791
8 91 0.277325
8 92 0.303982
8 93 0.328479
8 94 0.350408
8 95 0.369286
8 96 0.384869
8 97 0.396934
8 98 0.405182
8 99 0.409594
8 100 0.0509186
8 101 0

9 0 0
9 1 0.0477454
9 2 0.384082
9 3 0.379692
9 4 0.37135
9 5 0.359275
9 6 0.343571
9 7 0.324602
9 8 0.302656
9 9 0.277958
9 10 0.250986
9 11 0.22236
9 12 0.192449
9 13 0.161624
9 14 0.130469
9 15 0.0994347
9 16 0.069149
9 17 0.0401051
9 18 0.0127768
9 19 -0.0123467
9 20 -0.03494
9 21 -0.0546434
9 22 -0.0710179
9 23 -0.0837512
9 24 -0.0927683
9 25 -0.0978355
9 26 -0.0987584
9 27 -0.0956844
9 28 -0.0885726
9 29 -0.0775066
9 30 -0.0626322
9 31 -0.0442527
9 32 -0.022736
9 33 0.00172835
9 34 0.0286856
9 35 0.0576466
9 36 0.0882601
9 37 0.120104
9 38 0.152465
9 39 0.184877
9 40 0.216785
9 41 0.247793
9 42 0.277414
9 43 0.305177
9 44 0.330488
9 45 0.352955
9 46 0.372376
9 47 0.388338
9 48 0.400479
9 49 0.408729
9 50 0.413006
9 51 0.413242
9 52 0.409342
9 53 0.401415
9 54 0.389514
9 55 0.373861
9 56 0.354772
9 57 0.332532
9 58 0.307433
9 59 0.279916
9 60 0.250552
9 61 0.219797
9 62 0.187942
9 63 0.155616
9 64 0.123319
9 65 0.0916935
9 66 0.0611641
9 67 0.0322065
9 68 0.00530573
9 69 -0.0191225
9 70 -0.0406998
9 71 -0.0590219
9 72 -0.0738784
9 73 -0.0850117
9 74 -0.0922652
9 75 -0.0955307
9 76 -0.0946484
9 77 -0.0897166
9 78 -0.0808529
9 79 -0.0682105
9 80 -0.0520205
9 81 -0.0325679
9 82 -0.0101049
9 83 0.0149583
9 84 0.0421169
9 85 0.0709816
9 86 0.1011
9 87 0.13192
9 88 0.163019
9 89 0.193787
9 90 0.223669
9 91 0.25221
9 92 0.278988
9 93 0.303579
9 94 0.325509
9 95 0.344423
9 96 0.360051
9 97 0.372107
9 98 0.380301
9 99 0.384762
9 100 0.0478373
9 101 0

10 0 0
10 1 0.0444259
10 2 0.357358
10 3 0.352971
10 4 0.344675
10 5 0.332558
10 6 0.316827
10 7 0.297757
10 8 0.275742
10 9 0.250986
10 10 0.224002
10 11 0.195258
10 12 0.165269
10 13 0.134375
10 14 0.103113
10 15 0.0719817
10 16 0.0415812
10 17 0.0123831
10 18 -0.0150282
10 19 -0.0403474
10 20 -0.06297
10 21 -0.0828209
10 22 -0.099311
10 23 -0.11223
10 24 -0.121337
10 25 -0.126576
10 26 -0.127626
10 27 -0.12468
10 28 -0.11772
10 29 -0.106834
10 30 -0.0920615
10 31 -0.0737822
10 32 -0.0523692
10 33 -0.0280163
10 34 -0.00119221
10 35 0.0276683
10 36 0.0582089
10 37 0.0899172
10 38 0.122191
10 39 0.154513
10 40 0.186352
10 41 0.217297
10 42 0.24696
10 43 0.274633
10 44 0.29989
10 45 0.322282
10 46 0.341638
10 47 0.357604
10 48 0.369752
10 49 0.378036
10 50 0.382229
10 51 0.382401
10 52 0.378485
10 53 0.370577
10 54 0.358633
10 55 0.342993
10 56 0.323974
10 57 0.301759
10 58 0.276697
10 59 0.249136
10 60 0.219841
10 61 0.189086
10 62 0.157289
10 63 0.125013
10 64 0.0928175
10 65 0.061269
10 66 0.030791
10 67 0.00188192
10 68 -0.0248959
10 69 -0.0491914
10 70 -0.0706377
10 71 -0.0888551
10 72 -0.103638
10 73 -0.114643
10 74 -0.121732
10 75 -0.124853
10 76 -0.123831
10 77 -0.118818
10 78 -0.109728
10 79 -0.0969841
10 80 -0.0806688
10 81 -0.0611439
10 82 -0.0385157
10 83 -0.0133321
10 84 0.0140518
10 85 0.0430515
10 86 0.0732835
10 87 0.104214
10 88 0.135411
10 89 0.166268
10 90 0.196187
10 91 0.224693
10 92 0.251612
10 93 0.276317
10 94 0.298367
10 95 0.317337
10 96 0.333032
10 97 0.345087
10 98 0.353262
10 99 0.357702
10 100 0.0444719
10 101 0

11 0 0
11 1 0.0408824
11 2 0.328878
11 3 0.324528
11 4 0.316192
11 5 0.304055
11 6 0.288328
11 7 0.269255
11 8 0.247163
11 9 0.22236
11 10 0.195258
11 11 0.166389
11 12 0.136233
11 13 0.105237
11 14 0.0738885
11 15 0.0426723
11 16 0.0121828
11 17 -0.0171037
11 18 -0.0446245
11 19 -0.0701086
11 20 -0.092959
11 21 -0.112958
11 22 -0.129621
11 23 -0.142663
11 24 -0.151908
11 25 -0.15729
11 26 -0.158512
11 27 -0.155645
11 28 -0.148845
11 29 -0.138102
11 30 -0.12354
11 31 -0.105421
11 32 -0.0841669
11 33 -0.0599024
11 34 -0.0331239
11 35 -0.00431758
11 36 0.0261148
11 37 0.0577386
11 38 0.0898723
11 39 0.122089
11 40 0.153891
11 41 0.184831
11 42 0.214414
11 43 0.24198
11 44 0.267198
11 45 0.289577
11 46 0.308917
11 47 0.324786
11 48 0.336943
11 49 0.345185
11 50 0.349393
11 51 0.349504
11 52 0.34558
11 53 0.337661
11 54 0.325747
11 55 0.310064
11 56 0.291058
11 57 0.268869
11 58 0.243839
11 59 0.216331
11 60 0.187056
11 61 0.156297
11 62 0.12452
11 63 0.092345
11 64 0.0602731
11 65 0.0288227
11 66 -0.0016341
11 67 -0.0304907
11 68 -0.0572248
11 69 -0.0813866
11 70 -0.102708
11 71 -0.120817
11 72 -0.135468
11 73 -0.14628
11 74 -0.153218
11 75 -0.156172
11 76 -0.155047
11 77 -0.149854
11 78 -0.140664
11 79 -0.127799
11 80 -0.111331
11 81 -0.0915651
11 82 -0.068774
11 83 -0.0434992
11 84 -0.0159472
11 85 0.0132207
11 86 0.0436094
11 87 0.0746494
11 88 0.105902
11 89 0.136874
11 90 0.16691
11 91 0.19555
11 92 0.222498
11 93 0.247322
11 94 0.269412
11 95 0.288452
11 96 0.304184
11 97 0.316246
11 98 0.324466
11 99 0.328866
11 100 0.0408842
11 101 0

12 0 0
12 1 0.0371801
12 2 0.299097
12 3 0.294762
12 4 0.286425
12 5 0.274243
12 6 0.25848
12 7 0.239404
12 8 0.217275
12 9 0.192449
12 10 0.165269
12 11 0.136233
12 12 0.105936
12 13 0.0747839
12 14 0.0433166
12 15 0.0119332
12 16 -0.018642
12 17 -0.0480921
12 18 -0.0757701
12 19 -0.101368
12 20 -0.124426
12 21 -0.144553
12 22 -0.161371
12 23 -0.174569
12 24 -0.18399
12 25 -0.189555
12 26 -0.190934
12 27 -0.188227
12 28 -0.181574
12 29 -0.170979
12 30 -0.156495
12 31 -0.138563
12 32 -0.11744
12 33 -0.0932709
12 34 -0.0665931
12 35 -0.0379311
12 36 -0.00766014
12 37 0.0239309
12 38 0.0560488
12 39 0.0882135
12 40 0.119942
12 41 0.150823
12 42 0.180304
12 43 0.207817
12 44 0.233018
12 45 0.255361
12 46 0.274618
12 47 0.290392
12 48 0.302519
12 49 0.310816
12 50 0.315016
12 51 0.315173
12 52 0.311177
12 53 0.303187
12 54 0.29127
12 55 0.275581
12 56 0.25657
12 57 0.234393
12 58 0.209398
12 59 0.181998
12 60 0.152736
12 61 0.122017
12 62 0.0902953
12 63 0.0581362
12 64 0.0260702
12 65 -0.00531186
12 66 -0.0356447
12 67 -0.0644242
12 68 -0.0910738
12 69 -0.115173
12 70 -0.136363
12 71 -0.154342
12 72 -0.16882
12 73 -0.179488
12 74 -0.186313
12 75 -0.18909
12 76 -0.187787
12 77 -0.182463
12 78 -0.173147
12 79 -0.160134
12 80 -0.143477
12 81 -0.123475
12 82 -0.100541
12 83 -0.0750997
12 84 -0.047406
12 85 -0.0181104
12 86 0.0124413
12 87 0.0436576
12 88 0.0750654
12 89 0.106106
12 90 0.136335
12 91 0.165174
12 92 0.192199
12 93 0.216999
12 94 0.239096
12 95 0.258198
12 96 0.273975
12 97 0.286072
12 98 0.294331
12 99 0.298729
12 100 0.0371403
12 101 0

13 0 0
13 1 0.0333776
13 2 0.268496
13 3 0.264162
13 4 0.255891
13 5 0.243715
13 6 0.227873
13 7 0.208682
13 8 0.18652
13 9 0.161624
13 10 0.134375
13 11 0.105237
13 12 0.0747839
13 13 0.0434938
13 14 0.0118462
13 15 -0.0196572
13 16 -0.0504267
13 17 -0.0799686
13 18 -0.1079
13 19 -0.133663
13 20 -0.156886
13 21 -0.177124
13 22 -0.194107
13 23 -0.207497
13 24 -0.2171
13 25 -0.222819
13 26 -0.224364
13 27 -0.221823
13 28 -0.215385
13 29 -0.204882
13 30 -0.190502
13 31 -0.172683
13 32 -0.151633
13 33 -0.12757
13 34 -0.101042
13 35 -0.07256
13 36 -0.042392
13 37 -0.0109494
13 38 0.0211587
13 39 0.0532764
13 40 0.0849647
13 41 0.115768
13 42 0.145168
13 43 0.172698
13 44 0.197763
13 45 0.220095
13 46 0.239291
13 47 0.25506
13 48 0.26709
13 49 0.275367
13 50 0.279582
13 51 0.279701
13 52 0.275685
13 53 0.267692
13 54 0.255736
13 55 0.240139
13 56 0.221105
13 57 0.198944
13 58 0.173956
13 59 0.146608
13 60 0.117339
13 61 0.0867071
13 62 0.0550287
13 63 0.0228811
13 64 -0.00916664
13 65 -0.0405191
13 66 -0.0707142
13 67 -0.0993733
13 68 -0.125901
13 69 -0.149959
13 70 -0.171065
13 71 -0.188911
13 72 -0.203224
13 73 -0.213752
13 74 -0.220423
13 75 -0.223034
13 76 -0.221588
13 77 -0.216104
13 78 -0.206639
13 79 -0.193422
13 80 -0.176602
13 81 -0.156422
13 82 -0.133334
13 83 -0.107644
13 84 -0.0798277
13 85 -0.0503309
13 86 -0.019671
13 87 0.0117154
13 88 0.0432937
13 89 0.0745175
13 90 0.104871
13 91 0.133852
13 92 0.161021
13 93 0.185841
13 94 0.207998
13 95 0.227153
13 96 0.242996
13 97 0.255126
13 98 0.263408
13 99 0.26777
13 100 0.0332893
13 101 0

14 0 0
14 1 0.0295375
14 2 0.237596
14 3 0.233262
14 4 0.224976
14 5 0.212833
14 6 0.196951
14 7 0.177709
14 8 0.155445
14 9 0.130469
14 10 0.103113
14 11 0.0738885
14 12 0.0433166
14 13 0.0118462
14 14 -0.0199891
14 15 -0.0516165
14 16 -0.0824835
14 17 -0.112244
14 18 -0.140311
14 19 -0.166251
14 20 -0.189695
14 21 -0.210145
14 22 -0.227304
14 23 -0.240872
14 24 -0.250645
14 25 -0.256516
14 26 -0.258223
14 27 -0.255842
14 28 -0.249525
14 29 -0.239181
14 30 -0.224945
14 31 -0.20728
14 32 -0.186347
14 33 -0.16239
14 34 -0.135999
14 35 -0.10758
14 36 -0.0775101
14 37 -0.0461771
14 38 -0.0141671
14 39 0.0178834
14 40 0.0495385
14 41 0.0802771
14 42 0.109633
14 43 0.137074
14 44 0.162114
14 45 0.184384
14 46 0.203651
14 47 0.219405
14 48 0.231396
14 49 0.239609
14 50 0.243774
14 51 0.243856
14 52 0.239857
14 53 0.231893
14 54 0.219978
14 55 0.204348
14 56 0.185272
14 57 0.163052
14 58 0.138102
14 59 0.110737
14 60 0.0814608
14 61 0.050824
14 62 0.0192743
14 63 -0.012801
14 64 -0.0448178
14 65 -0.0761188
14 66 -0.106236
14 67 -0.1348
14 68 -0.161237
14 69 -0.185179
14 70 -0.206192
14 71 -0.223904
14 72 -0.238095
14 73 -0.24849
14 74 -0.255
14 75 -0.25744
14 76 -0.255819
14 77 -0.250155
14 78 -0.240501
14 79 -0.227136
14 80 -0.210138
14 81 -0.189782
14 82 -0.166499
14 83 -0.140613
14 84 -0.112553
14 85 -0.0828866
14 86 -0.0520656
14 87 -0.0205639
14 88 0.0111867
14 89 0.0425768
14 90 0.0730411
14 91 0.102176
14 92 0.129439
14 93 0.154375
14 94 0.176623
14 95 0.195821
14 96 0.211664
14 97 0.223876
14 98 0.23213
14 99 0.236503
14 100 0.0294066
14 101 0

15 0 0
15 1 0.0257257
15 2 0.206924
15 3 0.202587
15 4 0.194266
15 5 0.182117
15 6 0.166244
15 7 0.146888
15 8 0.124549
15 9 0.0994347
15 10 0.0719817
15 11 0.0426723
15 12 0.0119332
15 13 -0.0196572
15 14 -0.0516165
15 15 -0.0833242
15 16 -0.114424
15 17 -0.144355
15 18 -0.172634
15 19 -0.198757
15 20 -0.222371
15 21 -0.243017
15 22 -0.260345
15 23 -0.274106
15 24 -0.284054
15 25 -0.290053
15 26 -0.291972
15 27 -0.289789
15 28 -0.28355
15 29 -0.273336
15 30 -0.259297
15 31 -0.241783
15 32 -0.220983
15 33 -0.197163
15 34 -0.170881
15 35 -0.142495
15 36 -0.112465
15 37 -0.0812576
15 38 -0.049348
15 39 -0.0174013
15 40 0.014232
15 41 0.0449357
15 42 0.0742361
15 43 0.101709
15 44 0.126619
15 45 0.14887
15 46 0.168067
15 47 0.183785
15 48 0.195805
15 49 0.203993
15 50 0.208166
15 51 0.208223
15 52 0.204196
15 53 0.196226
15 54 0.184335
15 55 0.168637
15 56 0.149494
15 57 0.127361
15 58 0.102395
15 59 0.0750228
15 60 0.0457399
15 61 0.0151368
15 62 -0.0163921
15 63 -0.0484093
15 64 -0.0803403
15 65 -0.111567
15 66 -0.14163
15 67 -0.17014
15 68 -0.196504
15 69 -0.220329
15 70 -0.241197
15 71 -0.258781
15 72 -0.272841
15 73 -0.283128
15 74 -0.289454
15 75 -0.291769
15 76 -0.289993
15 77 -0.28412
15 78 -0.274275
15 79 -0.260732
15 80 -0.243545
15 81 -0.222965
15 82 -0.199491
15 83 -0.173389
15 84 -0.145207
15 85 -0.115349
15 86 -0.084331
15 87 -0.0526227
15 88 -0.020753
15 89 0.0107968
15 90 0.0413895
15 91 0.0706234
15 92 0.0980093
15 93 0.123093
15 94 0.145487
15 95 0.16473
15 96 0.180645
15 97 0.192847
15 98 0.201141
15 99 0.205462
15 100 0.0255422
15 101 0

16 0 0
16 1 0.0220057
16 2 0.176978
16 3 0.172634
16 4 0.164279
16 5 0.152073
16 6 0.136189
16 7 0.116829
16 8 0.0943996
16 9 0.069149
16 10 0.0415812
16 11 0.0121828
16 12 -0.018642
16 13 -0.0504267
16 14 -0.0824835
16 15 -0.114424
16 16 -0.14565
16 17 -0.175797
16 18 -0.20424
16 19 -0.230576
16 20 -0.254336
16 21 -0.275214
16 22 -0.292723
16 23 -0.3067
16 24 -0.316828
16 25 -0.323014
16 26 -0.325096
16 27 -0.323121
16 28 -0.316957
16 29 -0.306903
16 30 -0.293048
16 31 -0.275695
16 32 -0.255042
16 33 -0.231307
16 34 -0.205116
16 35 -0.176764
16 36 -0.146836
16 37 -0.115708
16 38 -0.0838952
16 39 -0.0520159
16 40 -0.02043
16 41 0.010251
16 42 0.039546
16 43 0.0668992
16 44 0.0918688
16 45 0.114025
16 46 0.133218
16 47 0.14891
16 48 0.160941
16 49 0.169141
16 50 0.173245
16 51 0.173257
16 52 0.169228
16 53 0.161222
16 54 0.149303
16 55 0.133584
16 56 0.114489
16 57 0.0922989
16 58 0.0674286
16 59 0.04
16 60 0.0107614
16 61 -0.0198429
16 62 -0.0513784
16 63 -0.0834202
16 64 -0.115293
16 65 -0.146413
16 66 -0.176406
16 67 -0.20486
16 68 -0.231186
16 69 -0.254867
16 70 -0.275596
16 71 -0.293045
16 72 -0.306999
16 73 -0.317139
16 74 -0.323357
16 75 -0.325528
16 76 -0.323534
16 77 -0.317462
16 78 -0.307399
16 79 -0.293632
16 80 -0.276196
16 81 -0.255498
16 82 -0.231753
16 83 -0.205481
16 84 -0.177122
16 85 -0.147146
16 86 -0.115877
16 87 -0.0840189
16 88 -0.0519374
16 89 -0.0202629
16 90 0.010498
16 91 0.0399097
16 92 0.0674293
16 93 0.0925585
16 94 0.115015
16 95 0.134349
16 96 0.150295
16 97 0.162514
16 98 0.170798
16 99 0.175172
16 100 0.0217832
16 101 0

17 0 0
17 1 0.0184363
17 2 0.148263
17 3 0.143932
17 4 0.135556
17 5 0.123328
17 6 0.107364
17 7 0.0879526
17 8 0.0654432
17 9 0.0401051
17 10 0.0123831
17 11 -0.0171037
17 12 -0.0480921
17 13 -0.0799686
17 14 -0.112244
17 15 -0.144355
17 16 -0.175797
17 17 -0.206041
17 18 -0.234689
17 19 -0.261259
17 20 -0.285236
17 21 -0.306283
17 22 -0.324007
17 23 -0.338128
17 24 -0.348505
17 25 -0.354793
17 26 -0.357053
17 27 -0.355247
17 28 -0.349251
17 29 -0.339313
17 30 -0.325597
17 31 -0.308355
17 32 -0.287812
17 33 -0.264256
17 34 -0.238141
17 35 -0.209909
17 36 -0.180034
17 37 -0.148933
17 38 -0.1172
17 39 -0.0853939
17 40 -0.0538718
17 41 -0.0231742
17 42 0.00602455
17 43 0.0333651
17 44 0.0583094
17 45 0.0805213
17 46 0.0997093
17 47 0.115355
17 48 0.127385
17 49 0.135538
17 50 0.139551
17 51 0.139593
17 52 0.135539
17 53 0.127509
17 54 0.115616
17 55 0.099938
17 56 0.0807864
17 57 0.0585525
17 58 0.0335839
17 59 0.00617378
17 60 -0.0230551
17 61 -0.0535941
17 62 -0.0851251
17 63 -0.117126
17 64 -0.149004
17 65 -0.180072
17 66 -0.210003
17 67 -0.238407
17 68 -0.264624
17 69 -0.288159
17 70 -0.308768
17 71 -0.326139
17 72 -0.339934
17 73 -0.349983
17 74 -0.356074
17 75 -0.35805
17 76 -0.355894
17 77 -0.349667
17 78 -0.339442
17 79 -0.325371
17 80 -0.307758
17 81 -0.28687
17 82 -0.262964
17 83 -0.236456
17 84 -0.207925
17 85 -0.177697
17 86 -0.146212
17 87 -0.114156
17 88 -0.0819434
17 89 -0.0500745
17 90 -0.0191619
17 91 0.0104238
17 92 0.0379671
17 93 0.0632311
17 94 0.0858021
17 95 0.105246
17 96 0.121226
17 97 0.13343
17 98 0.141752
17 99 0.146146
17 100 0.0181773
17 101 0

18 0 0
18 1 0.0150788
18 2 0.121261
18 3 0.116954
18 4 0.108558
18 5 0.0963182
18 6 0.0802406
18 7 0.0607321
18 8 0.0381738
18 9 0.0127768
18 10 -0.0150282
18 11 -0.0446245
18 12 -0.0757701
18 13 -0.1079
18 14 -0.140311
18 15 -0.172634
18 16 -0.20424
18 17 -0.234689
18 18 -0.263577
18 19 -0.290344
18 20 -0.314544
18 21 -0.335759
18 22 -0.353666
18 23 -0.367994
18 24 -0.378475
18 25 -0.384964
18 26 -0.387317
18 27 -0.385688
18 28 -0.379888
18 29 -0.370087
18 30 -0.35646
18 31 -0.339337
18 32 -0.318899
18 33 -0.295416
18 34 -0.269414
18 35 -0.241267
18 36 -0.211509
18 37 -0.180421
18 38 -0.148732
18 39 -0.116974
18 40 -0.0855008
18 41 -0.0548183
18 42 -0.025618
18 43 0.00170877
18 44 0.0266552
18 45 0.0488656
18 46 0.0680156
18 47 0.0836426
18 48 0.0956632
18 49 0.103761
18 50 0.107821
18 51 0.107857
18 52 0.103778
18 53 0.0956585
18 54 0.0837137
18 55 0.0680508
18 56 0.0489014
18 57 0.0266463
18 58 0.00168245
18 59 -0.0257527
18 60 -0.0550102
18 61 -0.085581
18 62 -0.11715
18 63 -0.149058
18 64 -0.180905
18 65 -0.211932
18 66 -0.24179
18 67 -0.270141
18 68 -0.296289
18 69 -0.319792
18 70 -0.340325
18 71 -0.357589
18 72 -0.371263
18 73 -0.38112
18 74 -0.387064
18 75 -0.388834
18 76 -0.3865
18 77 -0.380211
18 78 -0.369817
18 79 -0.355535
18 80 -0.33769
18 81 -0.316651
18 82 -0.292542
18 83 -0.265827
18 84 -0.237014
18 85 -0.206506
18 86 -0.174867
18 87 -0.14263
18 88 -0.110212
18 89 -0.0782102
18 90 -0.0471028
18 91 -0.0174173
18 92 0.0103283
18 93 0.0357392
18 94 0.0583492
18 95 0.0778342
18 96 0.093807
18 97 0.1061
18 98 0.114456
18 99 0.118863
18 100 0.0147889
18 101 0

19 0 0
19 1 0.0119875
19 2 0.0964309
19 3 0.0921765
19 4 0.0838
19 5 0.0715168
19 6 0.0553616
19 7 0.0358191
19 8 0.0131693
19 9 -0.0123467
19 10 -0.0403474
19 11 -0.0701086
19 12 -0.101368
19 13 -0.133663
19 14 -0.166251
19 15 -0.198757
19 16 -0.230576
19 17 -0.261259
19 18 -0.290344
19 19 -0.317292
19 20 -0.34168
19 21 -0.363113
19 22 -0.381176
19 23 -0.395666
19 24 -0.406361
19 25 -0.41306
19 26 -0.415554
19 27 -0.413999
19 28 -0.408384
19 29 -0.398728
19 30 -0.385223
19 31 -0.368216
19 32 -0.347838
19 33 -0.324423
19 34 -0.298478
19 35 -0.270383
19 36 -0.240694
19 37 -0.209708
19 38 -0.178052
19 39 -0.146277
19 40 -0.114811
19 41 -0.0841884
19 42 -0.055016
19 43 -0.0276952
19 44 -0.0027208
19 45 0.0195169
19 46 0.0387242
19 47 0.0543095
19 48 0.0662588
19 49 0.0743659
19 50 0.0783774
19 51 0.0784401
19 52 0.0743083
19 53 0.0661492
19 54 0.0541819
19 55 0.0384766
19 56 0.0193364
19 57 -0.0029287
19 58 -0.0279021
19 59 -0.0553356
19 60 -0.0846171
19 61 -0.115265
19 62 -0.146878
19 63 -0.178814
19 64 -0.210537
19 65 -0.241552
19 66 -0.271435
19 67 -0.29964
19 68 -0.325746
19 69 -0.349207
19 70 -0.369706
19 71 -0.386881
19 72 -0.400373
19 73 -0.410119
19 74 -0.415942
19 75 -0.417548
19 76 -0.415073
19 77 -0.408621
19 78 -0.398011
19 79 -0.383561
19 80 -0.365516
19 81 -0.344215
19 82 -0.319893
19 83 -0.293009
19 84 -0.263977
19 85 -0.233256
19 86 -0.201412
19 87 -0.16895
19 88 -0.136306
19 89 -0.104138
19 90 -0.072878
19 91 -0.0430303
19 92 -0.0151228
19 93 0.0104661
19 94 0.0331319
19 95 0.05267
19 96 0.0687296
19 97 0.0810856
19 98 0.0894622
19 99 0.0937919
19 100 0.0116641
19 101 0

20 0 0
20 1 0.00922561
20 2 0.0742176
20 3 0.0699801
20 4 0.0615927
20 5 0.0492933
20 6 0.0331046
20 7 0.0134335
20 8 -0.00932737
20 9 -0.03494
20 10 -0.06297
20 11 -0.092959
20 12 -0.124426
20 13 -0.156886
20 14 -0.189695
20 15 -0.222371
20 16 -0.254336
20 17 -0.285236
20 18 -0.314544
20 19 -0.34168
20 20 -0.366266
20 21 -0.387887
20 22 -0.406111
20 23 -0.420807
20 24 -0.431657
20 25 -0.438548
20 26 -0.441191
20 27 -0.439718
20 28 -0.434226
20 29 -0.424711
20 30 -0.411354
20 31 -0.394473
20 32 -0.374178
20 33 -0.350811
20 34 -0.324913
20 35 -0.29686
20 36 -0.26717
20 37 -0.236264
20 38 -0.204608
20 39 -0.172803
20 40 -0.141346
20 41 -0.110743
20 42 -0.0815608
20 43 -0.054202
20 44 -0.0292616
20 45 -0.00705968
20 46 0.0121136
20 47 0.0277523
20 48 0.0397014
20 49 0.04782
20 50 0.0518952
20 51 0.0518637
20 52 0.0477413
20 53 0.0395092
20 54 0.027426
20 55 0.0117516
20 56 -0.0073613
20 57 -0.0296491
20 58 -0.0546566
20 59 -0.0821521
20 60 -0.111481
20 61 -0.142137
20 62 -0.173814
20 63 -0.205753
20 64 -0.237464
20 65 -0.268487
20 66 -0.298321
20 67 -0.32654
20 68 -0.352573
20 69 -0.375966
20 70 -0.39636
20 71 -0.413439
20 72 -0.426873
20 73 -0.436491
20 74 -0.442206
20 75 -0.443658
20 76 -0.441054
20 77 -0.434391
20 78 -0.423561
20 79 -0.408931
20 80 -0.390723
20 81 -0.369225
20 82 -0.344587
20 83 -0.317549
20 84 -0.288384
20 85 -0.257452
20 86 -0.225427
20 87 -0.192706
20 88 -0.15983
20 89 -0.12747
20 90 -0.0959881
20 91 -0.0660112
20 92 -0.0379157
20 93 -0.0122069
20 94 0.0105947
20 95 0.0301563
20 96 0.0462577
20 97 0.0586705
20 98 0.0670168
20 99 0.0713767
20 100 0.00888224
20 101 0

21 0 0
21 1 0.00683885
21 2 0.0550127
21 3 0.0507691
21 4 0.0423433
21 5 0.0300046
21 6 0.0138155
21 7 -0.005969
21 8 -0.0288894
21 9 -0.0546434
21 10 -0.0828209
21 11 -0.112958
21 12 -0.144553
21 13 -0.177124
21 14 -0.210145
21 15 -0.243017
21 16 -0.275214
21 17 -0.306283
21 18 -0.335759
21 19 -0.363113
21 20 -0.387887
21 21 -0.40968
21 22 -0.428086
21 23 -0.442907
21 24 -0.453962
21 25 -0.460965
21 26 -0.463799
21 27 -0.462454
21 28 -0.457059
21 29 -0.447666
21 30 -0.434397
21 31 -0.417573
21 32 -0.397391
21 33 -0.374136
21 34 -0.348307
21 35 -0.320236
21 36 -0.290524
21 37 -0.259594
21 38 -0.227999
21 39 -0.196178
21 40 -0.164624
21 41 -0.134061
21 42 -0.1049
21 43 -0.0775609
21 44 -0.0526394
21 45 -0.030438
21 46 -0.0112616
21 47 0.00438507
21 48 0.0163454
21 49 0.0244891
21 50 0.0284955
21 51 0.0284907
21 52 0.0243404
21 53 0.0161538
21 54 0.00403904
21 55 -0.011719
21 56 -0.0309025
21 57 -0.053222
21 58 -0.0782895
21 59 -0.105755
21 60 -0.135052
21 61 -0.165792
21 62 -0.197437
21 63 -0.229415
21 64 -0.261198
21 65 -0.292282
21 66 -0.322168
21 67 -0.350301
21 68 -0.376287
21 69 -0.399558
21 70 -0.419942
21 71 -0.436973
21 72 -0.450292
21 73 -0.459808
21 74 -0.465337
21 75 -0.466735
21 76 -0.463973
21 77 -0.457082
21 78 -0.446142
21 79 -0.431348
21 80 -0.412974
21 81 -0.391171
21 82 -0.366349
21 83 -0.339083
21 84 -0.309712
21 85 -0.278593
21 86 -0.246303
21 87 -0.213406
21 88 -0.180416
21 89 -0.147833
21 90 -0.116216
21 91 -0.0860641
21 92 -0.0577996
21 93 -0.0319398
21 94 -0.00899309
21 95 0.0106222
21 96 0.0268337
21 97 0.0393003
21 98 0.0476689
21 99 0.0520176
21 100 0.00647452
21 101 0

22 0 0
22 1 0.00486822
22 2 0.0391436
22 3 0.0348726
22 4 0.0264293
22 5 0.014034
22 6 -0.00221105
22 7 -0.0220934
22 8 -0.0451225
22 9 -0.0710179
22 10 -0.099311
22 11 -0.129621
22 12 -0.161371
22 13 -0.194107
22 14 -0.227304
22 15 -0.260345
22 16 -0.292723
22 17 -0.324007
22 18 -0.353666
22 19 -0.381176
22 20 -0.406111
22 21 -0.428086
22 22 -0.446763
22 23 -0.461754
22 24 -0.472925
22 25 -0.480079
22 26 -0.483059
22 27 -0.481883
22 28 -0.476593
22 29 -0.467305
22 30 -0.454089
22 31 -0.43728
22 32 -0.417181
22 33 -0.394012
22 34 -0.368195
22 35 -0.340124
22 36 -0.310376
22 37 -0.279437
22 38 -0.247795
22 39 -0.215933
22 40 -0.184427
22 41 -0.153885
22 42 -0.124707
22 43 -0.0973449
22 44 -0.0723742
22 45 -0.0501427
22 46 -0.0309875
22 47 -0.0153115
22 48 -0.00335026
22 49 0.00479249
22 50 0.00878796
22 51 0.00873457
22 52 0.0046029
22 53 -0.00360719
22 54 -0.015756
22 55 -0.0315639
22 56 -0.0508087
22 57 -0.0731581
22 58 -0.0982633
22 59 -0.125736
22 60 -0.155085
22 61 -0.185849
22 62 -0.217537
22 63 -0.249537
22 64 -0.281372
22 65 -0.312513
22 66 -0.342385
22 67 -0.370565
22 68 -0.396502
22 69 -0.419787
22 70 -0.440104
22 71 -0.45706
22 72 -0.470359
22 73 -0.479726
22 74 -0.485168
22 75 -0.486432
22 76 -0.483499
22 77 -0.476426
22 78 -0.465359
22 79 -0.450408
22 80 -0.431768
22 81 -0.409773
22 82 -0.384786
22 83 -0.3573
22 84 -0.32768
22 85 -0.296322
22 86 -0.263803
22 87 -0.230712
22 88 -0.197572
22 89 -0.164872
22 90 -0.133102
22 91 -0.102797
22 92 -0.0743386
22 93 -0.0483291
22 94 -0.0252456
22 95 -0.00551886
22 96 0.0107615
22 97 0.0232912
22 98 0.0316842
22 99 0.0360416
22 100 0.00448976
22 101 0

23 0 0
23 1 0.00334266
23 2 0.0268782
23 3 0.0226017
23 4 0.0141094
23 5 0.00166179
23 6 -0.0146487
23 7 -0.0346501
23 8 -0.0577603
23 9 -0.0837512
23 10 -0.11223
23 11 -0.142663
23 12 -0.174569
23 13 -0.207497
23 14 -0.240872
23 15 -0.274106
23 16 -0.3067
23 17 -0.338128
23 18 -0.367994
23 19 -0.395666
23 20 -0.420807
23 21 -0.442907
23 22 -0.461754
23 23 -0.476941
23 24 -0.488212
23 25 -0.495525
23 26 -0.498679
23 27 -0.497633
23 28 -0.492473
23 29 -0.48326
23 30 -0.470108
23 31 -0.453306
23 32 -0.433246
23 33 -0.410139
23 34 -0.384302
23 35 -0.356238
23 36 -0.326479
23 37 -0.295494
23 38 -0.263809
23 39 -0.231914
23 40 -0.200382
23 41 -0.169843
23 42 -0.140621
23 43 -0.113189
23 44 -0.0882183
23 45 -0.0659384
23 46 -0.04677
23 47 -0.0310591
23 48 -0.0190801
23 49 -0.0110019
23 50 -0.00704997
23 51 -0.007015
23 52 -0.0111908
23 53 -0.0194033
23 54 -0.0315805
23 55 -0.0474674
23 56 -0.0667482
23 57 -0.0891231
23 58 -0.114349
23 59 -0.141844
23 60 -0.171195
23 61 -0.202064
23 62 -0.233816
23 63 -0.265857
23 64 -0.297766
23 65 -0.328925
23 66 -0.358849
23 67 -0.38702
23 68 -0.412952
23 69 -0.436246
23 70 -0.456522
23 71 -0.47341
23 72 -0.486627
23 73 -0.49597
23 74 -0.501249
23 75 -0.502434
23 76 -0.499372
23 77 -0.492114
23 78 -0.480864
23 79 -0.465737
23 80 -0.446884
23 81 -0.424687
23 82 -0.399614
23 83 -0.371873
23 84 -0.342073
23 85 -0.310505
23 86 -0.277796
23 87 -0.244437
23 88 -0.211104
23 89 -0.178219
23 90 -0.146211
23 91 -0.115727
23 92 -0.0871984
23 93 -0.06112
23 94 -0.0378783
23 95 -0.0179856
23 96 -0.00159626
23 97 0.0109352
23 98 0.0194215
23 99 0.0237277
23 100 0.00295278
23 101 0

24 0 0
24 1 0.0022928
24 2 0.0184354
24 3 0.0141498
24 4 0.00562223
24 5 -0.0069523
24 6 -0.0233446
24 7 -0.0433739
24 8 -0.0666522
24 9 -0.0927683
24 10 -0.121337
24 11 -0.151908
24 12 -0.18399
24 13 -0.2171
24 14 -0.250645
24 15 -0.284054
24 16 -0.316828
24 17 -0.348505
24 18 -0.378475
24 19 -0.406361
24 20 -0.431657
24 21 -0.453962
24 22 -0.472925
24 23 -0.488212
24 24 -0.49963
24 25 -0.507082
24 26 -0.510327
24 27 -0.509416
24 28 -0.504384
24 29 -0.495263
24 30 -0.482151
24 31 -0.465391
24 32 -0.445378
24 33 -0.422243
24 34 -0.396396
24 35 -0.368294
24 36 -0.338503
24 37 -0.307476
24 38 -0.275795
24 39 -0.24384
24 40 -0.212212
24 41 -0.181559
24 42 -0.152268
24 43 -0.124826
24 44 -0.0997898
24 45 -0.0775338
24 46 -0.0583181
24 47 -0.0425974
24 48 -0.0306194
24 49 -0.0225175
24 50 -0.0184863
24 51 -0.0185041
24 52 -0.022675
24 53 -0.0309835
24 54 -0.0432206
24 55 -0.0591252
24 56 -0.0784351
24 57 -0.100932
24 58 -0.126149
24 59 -0.153682
24 60 -0.183133
24 61 -0.214112
24 62 -0.245937
24 63 -0.278056
24 64 -0.310024
24 65 -0.34122
24 66 -0.371168
24 67 -0.399386
24 68 -0.425363
24 69 -0.448655
24 70 -0.468943
24 71 -0.485797
24 72 -0.499014
24 73 -0.508217
24 74 -0.513394
24 75 -0.514411
24 76 -0.511193
24 77 -0.503847
24 78 -0.492432
24 79 -0.477131
24 80 -0.458147
24 81 -0.435823
24 82 -0.410472
24 83 -0.382564
24 84 -0.352491
24 85 -0.320781
24 86 -0.287907
24 87 -0.254426
24 88 -0.220855
24 89 -0.187754
24 90 -0.155566
24 91 -0.124833
24 92 -0.096187
24 93 -0.0700474
24 94 -0.0467229
24 95 -0.0266376
24 96 -0.0101649
24 97 0.00245344
24 98 0.0109908
24 99 0.0153034
24 100 0.00190514
24 101 0

25 0 0
25 1 0.00174021
25 2 0.0139732
25 3 0.00964388
25 4 0.00107831
25 5 -0.011555
25 6 -0.0279964
25 7 -0.0481159
25 8 -0.0715068
25 9 -0.0978355
25 10 -0.126576
25 11 -0.15729
25 12 -0.189555
25 13 -0.222819
25 14 -0.256516
25 15 -0.290053
25 16 -0.323014
25 17 -0.354793
25 18 -0.384964
25 19 -0.41306
25 20 -0.438548
25 21 -0.460965
25 22 -0.480079
25 23 -0.495525
25 24 -0.507082
25 25 -0.514669
25 26 -0.518051
25 27 -0.517174
25 28 -0.512176
25 29 -0.503064
25 30 -0.490005
25 31 -0.473265
25 32 -0.453232
25 33 -0.430062
25 34 -0.40419
25 35 -0.376054
25 36 -0.346158
25 37 -0.315107
25 38 -0.283354
25 39 -0.251351
25 40 -0.219643
25 41 -0.188934
25 42 -0.159612
25 43 -0.132099
25 44 -0.10699
25 45 -0.0846052
25 46 -0.0654076
25 47 -0.0496621
25 48 -0.0377522
25 49 -0.0296538
25 50 -0.0255933
25 51 -0.0256236
25 52 -0.0298123
25 53 -0.0380967
25 54 -0.0503774
25 55 -0.0662892
25 56 -0.0857028
25 57 -0.108261
25 58 -0.133572
25 59 -0.161172
25 60 -0.190709
25 61 -0.221735
25 62 -0.253629
25 63 -0.285835
25 64 -0.317832
25 65 -0.34912
25 66 -0.379207
25 67 -0.407464
25 68 -0.433451
25 69 -0.456815
25 70 -0.477119
25 71 -0.493969
25 72 -0.507133
25 73 -0.516324
25 74 -0.521414
25 75 -0.52233
25 76 -0.518981
25 77 -0.511486
25 78 -0.499946
25 79 -0.484458
25 80 -0.465356
25 81 -0.442852
25 82 -0.417331
25 83 -0.389174
25 84 -0.358924
25 85 -0.32705
25 86 -0.294057
25 87 -0.260353
25 88 -0.2266
25 89 -0.19331
25 90 -0.16094
25 91 -0.130034
25 92 -0.101203
25 93 -0.0749112
25 94 -0.0514547
25 95 -0.0312721
25 96 -0.014638
25 97 -0.0019826
25 98 0.00660774
25 99 0.0109223
25 100 0.00135816
25 101 0

26 0 0
26 1 0.00169527
26 2 0.0135723
26 3 0.00917723
26 4 0.000580151
26 5 -0.0121338
26 6 -0.0286841
26 7 -0.0488268
26 8 -0.0723321
26 9 -0.0987584
26 10 -0.127626
26 11 -0.158512
26 12 -0.190934
26 13 -0.224364
26 14 -0.258223
26 15 -0.291972
26 16 -0.325096
26 17 -0.357053
26 18 -0.387317
26 19 -0.415554
26 20 -0.441191
26 21 -0.463799
26 22 -0.483059
26 23 -0.498679
26 24 -0.510327
26 25 -0.518051
26 26 -0.521498
26 27 -0.520673
26 28 -0.515699
26 29 -0.50664
26 30 -0.493595
26 31 -0.476861
26 32 -0.456737
26 33 -0.43348
26 34 -0.407627
26 35 -0.37951
26 36 -0.349544
26 37 -0.318337
26 38 -0.286511
26 39 -0.254379
