0 0 0
0 1 0
0 2 0
0 3 0
0 4 0
0 5 0
0 6 0
0 7 0
0 8 0
0 9 0
0 10 0
0 11 0
0 12 0
0 13 0
0 14 0
0 15 0
0 16 0
0 17 0
0 18 0
0 19 0
0 20 0
0 21 0
0 22 0
0 23 0
0 24 0
0 25 0
0 26 0
0 27 0
0 28 0
0 29 0
0 30 0
0 31 0
0 32 0
0 33 0
0 34 0
0 35 0
0 36 0
0 37 0
0 38 0
0 39 0
0 40 0
0 41 0
0 42 0
0 43 0
0 44 0
0 45 0
0 46 0
0 47 0
0 48 0
0 49 0
0 50 0
0 51 0
0 52 0
0 53 0
0 54 0
0 55 0
0 56 0
0 57 0
0 58 0
0 59 0
0 60 0
0 61 0
0 62 0
0 63 0
0 64 0
0 65 0
0 66 0
0 67 0
0 68 0
0 69 0
0 70 0
0 71 0
0 72 0
0 73 0
0 74 0
0 75 0
0 76 0
0 77 0
0 78 0
0 79 0
0 80 0
0 81 0
0 82 0
0 83 0
0 84 0
0 85 0
0 86 0
0 87 0
0 88 0
0 89 0
0 90 0
0 91 0
0 92 0
0 93 0
0 94 0
0 95 0
0 96 0
0 97 0
0 98 0
0 99 0
0 100 0
0 101 0

1 0 0
1 1 0
1 2 -0.134782
1 3 -0.133456
1 4 -0.131061
1 5 -0.127589
1 6 -0.123131
1 7 -0.11776
1 8 -0.111562
1 9 -0.104638
1 10 -0.0970903
1 11 -0.0890587
1 12 -0.0806583
1 13 -0.0719755
1 14 -0.0632133
1 15 -0.0544973
1 16 -0.045964
1 17 -0.037767
1 18 -0.0300278
1 19 -0.0228763
1 20 -0.0164067
1 21 -0.0107383
1 22 -0.00592952
1 23 -0.00208265
1 24 0.000726933
1 25 0.00248355
1 26 0.0031434
1 27 0.00269542
1 28 0.00116553
1 29 -0.00141164
1 30 -0.00498196
1 31 -0.00951998
1 32 -0.0149331
1 33 -0.0211125
1 34 -0.0279801
1 35 -0.0354577
1 36 -0.0433788
1 37 -0.051614
1 38 -0.0600388
1 39 -0.0685205
1 40 -0.0769006
1 41 -0.0850271
1 42 -0.0928122
1 43 -0.100068
1 44 -0.106749
1 45 -0.112644
1 46 -0.117737
1 47 -0.12189
1 48 -0.125096
1 49 -0.127227
1 50 -0.128275
1 51 -0.128277
1 52 -0.127169
1 53 -0.124984
1 54 -0.121779
1 55 -0.11757
1 56 -0.112497
1 57 -0.106536
1 58 -0.0998598
1 59 -0.092537
1 60 -0.0847662
1 61 -0.0765908
1 62 -0.0682017
1 63 -0.059729
1 64 -0.0512988
1 65 -0.0430593
1 66 -0.0351281
1 67 -0.0276544
1 68 -0.020793
1 69 -0.0146231
1 70 -0.0092118
1 71 -0.00468903
1 72 -0.0011077
1 73 0.00147865
1 74 0.00301973
1 75 0.0034692
1 76 0.00281824
1 77 0.00104657
1 78 -0.00180383
1 79 -0.00565439
1 80 -0.010476
1 81 -0.0161888
1 82 -0.022678
1 83 -0.0298697
1 84 -0.0376536
1 85 -0.045879
1 86 -0.0544228
1 87 -0.0631701
1 88 -0.071938
1 89 -0.0806003
1 90 -0.089037
1 91 -0.0971062
1 92 -0.104642
1 93 -0.111564
1 94 -0.117778
1 95 -0.123166
1 96 -0.127635
1 97 -0.131073
1 98 -0.133489
1 99 -0.134824
1 100 0
1 101 0

2 0 0
2 1 -0.134782
2 2 -1.08348
2 3 -1.0728
2 4 -1.05341
2 5 -1.02557
2 6 -0.98978
2 7 -0.946632
2 8 -0.896839
2 9 -0.841175
2 10 -0.780517
2 11 -0.715831
2 12 -0.648142
2 13 -0.578488
2 14 -0.508028
2 15 -0.437981
2 16 -0.369458
2 17 -0.303584
2 18 -0.241443
2 19 -0.183948
2 20 -0.131957
2 21 -0.0862884
2 22 -0.0476572
2 23 -0.0167613
2 24 0.0059054
2 25 0.0200052
2 26 0.0252828
2 27 0.0217239
2 28 0.00944324
2 29 -0.0112433
2 30 -0.0400319
2 31 -0.0764578
2 32 -0.119892
2 33 -0.169667
2 34 -0.224968
2 35 -0.284988
2 36 -0.348657
2 37 -0.414907
2 38 -0.482671
2 39 -0.550799
2 40 -0.618127
2 41 -0.683518
2 42 -0.745965
2 43 -0.804457
2 44 -0.857944
2 45 -0.905512
2 46 -0.946335
2 47 -0.979796
2 48 -1.00534
2 49 -1.02253
2 50 -1.03113
2 51 -1.03101
2 52 -1.02216
2 53 -1.00467
2 54 -0.978839
2 55 -0.945118
2 56 -0.904061
2 57 -0.856305
2 58 -0.802617
2 59 -0.743976
2 60 -0.681331
2 61 -0.615717
2 62 -0.548255
2 63 -0.480072
2 64 -0.412321
2 65 -0.346047
2 66 -0.282367
2 67 -0.222418
2 68 -0.167154
2 69 -0.117452
2 70 -0.0740134
2 71 -0.0375808
2 72 -0.00876463
2 73 0.0119958
2 74 0.0243236
2 75 0.0279041
2 76 0.0225772
2 77 0.00843359
2 78 -0.0143593
2 79 -0.0454165
2 80 -0.0842233
2 81 -0.130149
2 82 -0.182402
2 83 -0.240183
2 84 -0.30262
2 85 -0.368727
2 86 -0.437455
2 87 -0.507645
2 88 -0.57812
2 89 -0.647827
2 90 -0.715664
2 91 -0.780463
2 92 -0.841188
2 93 -0.896912
2 94 -0.946799
2 95 -0.990043
2 96 -1.02586
2 97 -1.05367
2 98 -1.07306
2 99 -1.08377
2 100 -0.134824
2 101 0

3 0 0
3 1 -0.133456
3 2 -1.0728
3 3 -1.06209
3 4 -1.04259
3 5 -1.01492
3 6 -0.979286
3 7 -0.936271
3 8 -0.886611
3 9 -0.831089
3 10 -0.770568
3 11 -0.705837
3 12 -0.638083
3 13 -0.568665
3 14 -0.498328
3 15 -0.428404
3 16 -0.360088
3 17 -0.294418
3 18 -0.232462
3 19 -0.175087
3 20 -0.123206
3 21 -0.0775094
3 22 -0.0389914
3 23 -0.00819081
3 24 0.0145085
3 25 0.0285251
3 26 0.0337419
3 27 0.0302052
3 28 0.0179987
3 29 -0.00263466
3 30 -0.0314761
3 31 -0.0678316
3 32 -0.111147
3 33 -0.160992
3 34 -0.216369
3 35 -0.276203
3 36 -0.339796
3 37 -0.406004
3 38 -0.473671
3 39 -0.541639
3 40 -0.6088
3 41 -0.674185
3 42 -0.736372
3 43 -0.794885
3 44 -0.848049
3 45 -0.895669
3 46 -0.936308
3 47 -0.969798
3 48 -0.99507
3 49 -1.01232
3 50 -1.02108
3 51 -1.02084
3 52 -1.01206
3 53 -0.99469
3 54 -0.968803
3 55 -0.935212
3 56 -0.893938
3 57 -0.846451
3 58 -0.792909
3 59 -0.734632
3 60 -0.671935
3 61 -0.606569
3 62 -0.53914
3 63 -0.471006
3 64 -0.403344
3 65 -0.33712
3 66 -0.27365
3 67 -0.213907
3 68 -0.1586
3 69 -0.108806
3 70 -0.0654368
3 71 -0.0289805
3 72 -0.000153981
3 73 0.0205251
3 74 0.032748
3 75 0.0362783
3 76 0.0309191
3 77 0.0169494
3 78 -0.00563467
3 79 -0.0367353
3 80 -0.0755079
3 81 -0.121341
3 82 -0.173606
3 83 -0.231252
3 84 -0.293396
3 85 -0.359354
3 86 -0.427953
3 87 -0.497872
3 88 -0.568273
3 89 -0.637951
3 90 -0.705701
3 91 -0.770314
3 92 -0.831081
3 93 -0.886807
3 94 -0.936495
3 95 -0.979504
3 96 -1.01512
3 97 -1.04303
3 98 -1.06238
3 99 -1.07304
3 100 -0.133487
3 101 0

4 0 0
4 1 -0.131061
4 2 -1.05341
4 3 -1.04259
4 4 -1.02313
4 5 -0.995686
4 6 -0.960244
4 7 -0.917372
4 8 -0.867922
4 9 -0.812469
4 10 -0.752
4 11 -0.687426
4 12 -0.619722
4 13 -0.550406
4 14 -0.480311
4 15 -0.410441
4 16 -0.342168
4 17 -0.276586
4 18 -0.214746
4 19 -0.157516
4 20 -0.105613
4 21 -0.0601665
4 22 -0.0219818
4 23 0.00873676
4 24 0.0313531
4 25 0.0452078
4 26 0.0505012
4 27 0.047041
4 28 0.0348621
4 29 0.0142179
4 30 -0.0146463
4 31 -0.0510279
4 32 -0.0945744
4 33 -0.144269
4 34 -0.19954
4 35 -0.259511
4 36 -0.323077
4 37 -0.389172
4 38 -0.456665
4 39 -0.524496
4 40 -0.591599
4 41 -0.656886
4 42 -0.718988
4 43 -0.776995
4 44 -0.830219
4 45 -0.87756
4 46 -0.918316
4 47 -0.951615
4 48 -0.977013
4 49 -0.994147
4 50 -1.00293
4 51 -1.0027
4 52 -0.993977
4 53 -0.976509
4 54 -0.950778
4 55 -0.9171
4 56 -0.875983
4 57 -0.82843
4 58 -0.775368
4 59 -0.717008
4 60 -0.65451
4 61 -0.589339
4 62 -0.522263
4 63 -0.454136
4 64 -0.386463
4 65 -0.320476
4 66 -0.257048
4 67 -0.197309
4 68 -0.141998
4 69 -0.0921159
4 70 -0.0488199
4 71 -0.0122258
4 72 0.016671
4 73 0.0373353
4 74 0.0493951
4 75 0.0528874
4 76 0.0477589
4 77 0.0336813
4 78 0.0111519
4 79 -0.0196819
4 80 -0.0582766
4 81 -0.10385
4 82 -0.155893
4 83 -0.213496
4 84 -0.275717
4 85 -0.34152
4 86 -0.409758
4 87 -0.47975
4 88 -0.550242
4 89 -0.619681
4 90 -0.687218
4 91 -0.751861
4 92 -0.81251
4 93 -0.86815
4 94 -0.917713
4 95 -0.960362
4 96 -0.995777
4 97 -1.02364
4 98 -1.04298
4 99 -1.05365
4 100 -0.131077
4 101 0

5 0 0
5 1 -0.127589
5 2 -1.02557
5 3 -1.01492
5 4 -0.995686
5 5 -0.968328
5 6 -0.932932
5 7 -0.89028
5 8 -0.840877
5 9 -0.785544
5 10 -0.725249
5 11 -0.660786
5 12 -0.593209
5 13 -0.523982
5 14 -0.454072
5 15 -0.384386
5 16 -0.31633
5 17 -0.250821
5 18 -0.188888
5 19 -0.131675
5 20 -0.0801372
5 21 -0.0347815
5 22 0.00330128
5 23 0.0337685
5 24 0.056125
5 25 0.0699854
5 26 0.0751941
5 27 0.0718839
5 28 0.059659
5 29 0.0389177
5 30 0.0100431
5 31 -0.0264195
5 32 -0.0698616
5 33 -0.119772
5 34 -0.174975
5 35 -0.234815
5 36 -0.298305
5 37 -0.364386
5 38 -0.431868
5 39 -0.499496
5 40 -0.566357
5 41 -0.631606
5 42 -0.693698
5 43 -0.751578
5 44 -0.804569
5 45 -0.851955
5 46 -0.892617
5 47 -0.925771
5 48 -0.951209
5 49 -0.968409
5 50 -0.977135
5 51 -0.97687
5 52 -0.967988
5 53 -0.950591
5 54 -0.925075
5 55 -0.891479
5 56 -0.850457
5 57 -0.803101
5 58 -0.749891
5 59 -0.691512
5 60 -0.629275
5 61 -0.564264
5 62 -0.49728
5 63 -0.429489
5 64 -0.361887
5 65 -0.295822
5 66 -0.232458
5 67 -0.172654
5 68 -0.117406
5 69 -0.0677378
5 70 -0.0242094
5 71 0.0122372
5 72 0.0411956
5 73 0.0619965
5 74 0.0740413
5 75 0.0775836
5 76 0.0723044
5 77 0.0583237
5 78 0.0359246
5 79 0.00543647
5 80 -0.0329413
5 81 -0.078337
5 82 -0.130215
5 83 -0.187701
5 84 -0.249809
5 85 -0.315575
5 86 -0.383928
5 87 -0.453497
5 88 -0.52371
5 89 -0.593167
5 90 -0.660645
5 91 -0.725154
5 92 -0.785645
5 93 -0.841077
5 94 -0.890405
5 95 -0.933124
5 96 -0.968501
5 97 -0.996114
5 98 -1.01524
5 99 -1.02585
5 100 -0.127617
5 101 0

6 0 0
6 1 -0.123131
6 2 -0.98978
6 3 -0.979286
6 4 -0.960244
6 5 -0.932932
6 6 -0.897699
6 7 -0.855306
6 8 -0.805812
6 9 -0.750596
6 10 -0.690353
6 11 -0.626134
6 12 -0.558973
6 13 -0.489827
6 14 -0.42006
6 15 -0.350631
6 16 -0.28268
6 17 -0.217432
6 18 -0.155694
6 19 -0.0987395
6 20 -0.0473899
6 21 -0.00212909
6 22 0.0359816
6 23 0.0664099
6 24 0.0886514
6 25 0.102408
6 26 0.107729
6 27 0.104198
6 28 0.091977
6 29 0.0712218
6 30 0.0423832
6 31 0.00593398
6 32 -0.037681
6 33 -0.0875793
6 34 -0.142942
6 35 -0.202707
6 36 -0.266117
6 37 -0.332153
6 38 -0.399565
6 39 -0.467046
6 40 -0.533754
6 41 -0.598779
6 42 -0.660845
6 43 -0.718654
6 44 -0.771658
6 45 -0.818898
6 46 -0.859445
6 47 -0.892457
6 48 -0.917887
6 49 -0.935201
6 50 -0.943838
6 51 -0.943703
6 52 -0.934636
6 53 -0.917257
6 54 -0.891927
6 55 -0.858379
6 56 -0.817457
6 57 -0.770113
6 58 -0.717027
6 59 -0.658881
6 60 -0.596783
6 61 -0.531749
6 62 -0.46491
6 63 -0.397167
6 64 -0.329698
6 65 -0.263732
6 66 -0.200418
6 67 -0.140667
6 68 -0.0854368
6 69 -0.035594
6 70 0.00788964
6 71 0.0443531
6 72 0.0732374
6 73 0.0940936
6 74 0.106241
6 75 0.109751
6 76 0.104669
6 77 0.0906618
6 78 0.0683626
6 79 0.0379952
6 80 -0.000310782
6 81 -0.0457064
6 82 -0.0973764
6 83 -0.154549
6 84 -0.216401
6 85 -0.28206
6 86 -0.350157
6 87 -0.419593
6 88 -0.489538
6 89 -0.558744
6 90 -0.626083
6 91 -0.690464
6 92 -0.750735
6 93 -0.805991
6 94 -0.855225
6 95 -0.897932
6 96 -0.93314
6 97 -0.960525
6 98 -0.979582
6 99 -0.990122
6 100 -0.123172
6 101 0

7 0 0
7 1 -0.11776
7 2 -0.946632
7 3 -0.936271
7 4 -0.917372
7 5 -0.89028
7 6 -0.855306
7 7 -0.812931
7 8 -0.763509
7 9 -0.708328
7 10 -0.648255
7 11 -0.584227
7 12 -0.517321
7 13 -0.44833
7 14 -0.378721
7 15 -0.309508
7 16 -0.241832
7 17 -0.176782
7 18 -0.115371
7 19 -0.0584585
7 20 -0.00723237
7 21 0.0376567
7 22 0.0755762
7 23 0.105892
7 24 0.127949
7 25 0.141718
7 26 0.147002
7 27 0.143372
7 28 0.131173
7 29 0.110418
7 30 0.0815202
7 31 0.0449482
7 32 0.00136367
7 33 -0.0484452
7 34 -0.103725
7 35 -0.163559
7 36 -0.227008
7 37 -0.293092
7 38 -0.360345
7 39 -0.427691
7 40 -0.494338
7 41 -0.559113
7 42 -0.621161
7 43 -0.678873
7 44 -0.731856
7 45 -0.778825
7 46 -0.819457
7 47 -0.852516
7 48 -0.877845
7 49 -0.895116
7 50 -0.903758
7 51 -0.903559
7 52 -0.894567
7 53 -0.877421
7 54 -0.85195
7 55 -0.818289
7 56 -0.777515
7 57 -0.73022
7 58 -0.67749
7 59 -0.619382
7 60 -0.557393
7 61 -0.492349
7 62 -0.425782
7 63 -0.358074
7 64 -0.290614
7 65 -0.224837
7 66 -0.161482
7 67 -0.101817
7 68 -0.0464989
7 69 0.00344747
7 70 0.0468649
7 71 0.0833852
7 72 0.112285
7 73 0.132944
7 74 0.145227
7 75 0.148813
7 76 0.143844
7 77 0.129947
7 78 0.107613
7 79 0.0773892
7 80 0.0393224
7 81 -0.00583082
7 82 -0.0573936
7 83 -0.114302
7 84 -0.176006
7 85 -0.241207
7 86 -0.308855
7 87 -0.37827
7 88 -0.448133
7 89 -0.517037
7 90 -0.584168
7 91 -0.648404
7 92 -0.708523
7 93 -0.763701
7 94 -0.812871
7 95 -0.855445
7 96 -0.89046
7 97 -0.917596
7 98 -0.936567
7 99 -0.947026
7 100 -0.117812
7 101 0

8 0 0
8 1 -0.111562
8 2 -0.896839
8 3 -0.886611
8 4 -0.867922
8 5 -0.840877
8 6 -0.805812
8 7 -0.763509
8 8 -0.714527
8 9 -0.659517
8 10 -0.599546
8 11 -0.535695
8 12 -0.468925
8 13 -0.400177
8 14 -0.330784
8 15 -0.261829
8 16 -0.194406
8 17 -0.129567
8 18 -0.0683026
8 19 -0.0116333
8 20 0.0393834
8 21 0.0839973
8 22 0.121712
8 23 0.151784
8 24 0.173821
8 25 0.187547
8 26 0.192617
8 27 0.188937
8 28 0.176647
8 29 0.155845
8 30 0.126898
8 31 0.0902776
8 32 0.0468618
8 33 -0.00309746
8 34 -0.0584474
8 35 -0.118153
8 36 -0.181611
8 37 -0.247594
8 38 -0.314767
8 39 -0.382023
8 40 -0.448624
8 41 -0.513659
8 42 -0.575425
8 43 -0.633077
8 44 -0.685835
8 45 -0.732913
8 46 -0.773395
8 47 -0.806422
8 48 -0.831824
8 49 -0.84896
8 50 -0.857586
8 51 -0.857263
8 52 -0.848504
8 53 -0.831378
8 54 -0.805944
8 55 -0.772289
8 56 -0.731536
8 57 -0.684484
8 58 -0.631676
8 59 -0.573741
8 60 -0.511725
8 61 -0.446924
8 62 -0.380216
8 63 -0.312814
8 64 -0.245489
8 65 -0.179599
8 66 -0.116406
8 67 -0.0565487
8 68 -0.00124742
8 69 0.0485926
8 70 0.0922973
8 71 0.128588
8 72 0.157409
8 73 0.178228
8 74 0.190554
8 75 0.194266
8 76 0.189274
8 77 0.175605
8 78 0.153419
8 79 0.123205
8 80 0.0854202
8 81 0.0404918
8 82 -0.0106812
8 83 -0.0673846
8 84 -0.128729
8 85 -0.193722
8 86 -0.261351
8 87 -0.330448
8 88 -0.39995
8 89 -0.468661
8 90 -0.535583
8 91 -0.599637
8 92 -0.659732
8 93 -0.714623
8 94 -0.763616
8 95 -0.806062
8 96 -0.841018
8 97 -0.868044
8 98 -0.886849
8 99 -0.897236
8 100 -0.111628
8 101 0

9 0 0
9 1 -0.104638
9 2 -0.841175
9 3 -0.831089
9 4 -0.812469
9 5 -0.785544
9 6 -0.750596
9 7 -0.708328
9 8 -0.659517
9 9 -0.604878
9 10 -0.544951
9 11 -0.481155
9 12 -0.414645
9 13 -0.346329
9 14 -0.277082
9 15 -0.20832
9 16 -0.141112
9 17 -0.0764383
9 18 -0.0156861
9 19 0.0408241
9 20 0.0916738
9 21 0.136047
9 22 0.17361
9 23 0.20351
9 24 0.225475
9 25 0.239134
9 26 0.243989
9 27 0.240073
9 28 0.22765
9 29 0.20684
9 30 0.17781
9 31 0.141184
9 32 0.0976851
9 33 0.0477777
9 34 -0.00757977
9 35 -0.0674601
9 36 -0.130719
9 37 -0.196581
9 38 -0.263787
9 39 -0.330982
9 40 -0.397659
9 41 -0.462567
9 42 -0.524145
9 43 -0.581843
9 44 -0.634443
9 45 -0.681455
9 46 -0.721886
9 47 -0.755034
9 48 -0.780282
9 49 -0.797541
9 50 -0.806296
9 51 -0.80602
9 52 -0.797063
9 53 -0.779855
9 54 -0.754377
9 55 -0.721001
9 56 -0.680322
9 57 -0.633238
9 58 -0.580403
9 59 -0.52274
9 60 -0.460718
9 61 -0.395944
9 62 -0.329461
9 63 -0.262075
9 64 -0.194862
9 65 -0.128983
9 66 -0.065609
9 67 -0.00585697
9 68 0.0494975
9 69 0.0993642
9 70 0.142817
9 71 0.179179
9 72 0.208126
9 73 0.228997
9 74 0.241499
9 75 0.245372
9 76 0.240373
9 77 0.226973
9 78 0.205029
9 79 0.17489
9 80 0.13731
9 81 0.0925334
9 82 0.0416213
9 83 -0.0146911
9 84 -0.0758891
9 85 -0.140514
9 86 -0.207864
9 87 -0.276785
9 88 -0.345993
9 89 -0.414464
9 90 -0.481117
9 91 -0.545033
9 92 -0.604982
9 93 -0.659746
9 94 -0.708493
9 95 -0.750823
9 96 -0.785717
9 97 -0.812697
9 98 -0.831419
9 99 -0.84156
9 100 -0.10469
9 101 0

10 0 0
10 1 -0.0970903
10 2 -0.780517
10 3 -0.770568
10 4 -0.752
10 5 -0.725249
10 6 -0.690353
10 7 -0.648255
10 8 -0.599546
10 9 -0.544951
10 10 -0.485208
10 11 -0.421794
10 12 -0.355609
10 13 -0.287576
10 14 -0.218603
10 15 -0.150079
10 16 -0.0831288
10 17 -0.0187618
10 18 0.0419819
10 19 0.0981114
10 20 0.148881
10 21 0.193109
10 22 0.230379
10 23 0.260083
10 24 0.281835
10 25 0.29527
10 26 0.299913
10 27 0.295847
10 28 0.283451
10 29 0.262569
10 30 0.233584
10 31 0.196731
10 32 0.153063
10 33 0.103287
10 34 0.0479264
10 35 -0.0118417
10 36 -0.0752794
10 37 -0.141042
10 38 -0.208242
10 39 -0.275487
10 40 -0.342102
10 41 -0.406718
10 42 -0.468231
10 43 -0.525774
10 44 -0.578319
10 45 -0.625273
10 46 -0.665701
10 47 -0.698988
10 48 -0.724242
10 49 -0.741459
10 50 -0.749996
10 51 -0.749889
10 52 -0.740855
10 53 -0.723718
10 54 -0.69819
10 55 -0.664978
10 56 -0.624318
10 57 -0.577294
10 58 -0.524564
10 59 -0.466947
10 60 -0.405185
10 61 -0.340539
10 62 -0.274054
10 63 -0.20661
10 64 -0.139571
10 65 -0.0736383
10 66 -0.0103626
10 67 0.0495445
10 68 0.10481
10 69 0.154683
10 70 0.198113
10 71 0.234521
10 72 0.26363
10 73 0.284497
10 74 0.297137
10 75 0.301047
10 76 0.296132
10 77 0.282815
10 78 0.261164
10 79 0.231462
10 80 0.194123
10 81 0.149551
10 82 0.0988939
10 83 0.0425817
10 84 -0.0183046
10 85 -0.0826967
10 86 -0.149577
10 87 -0.218195
10 88 -0.287191
10 89 -0.355458
10 90 -0.421811
10 91 -0.485426
10 92 -0.545056
10 93 -0.599729
10 94 -0.648494
10 95 -0.69066
10 96 -0.725415
10 97 -0.752368
10 98 -0.771014
10 99 -0.780841
10 100 -0.0971209
10 101 0

11 0 0
11 1 -0.0890587
11 2 -0.715831
11 3 -0.705837
11 4 -0.687426
11 5 -0.660786
11 6 -0.626134
11 7 -0.584227
11 8 -0.535695
11 9 -0.481155
11 10 -0.421794
11 11 -0.358612
11 12 -0.292566
11 13 -0.22485
11 14 -0.156163
11 15 -0.0879324
11 16 -0.0212223
11 17 0.0430171
11 18 0.103585
11 19 0.15952
11 20 0.209907
11 21 0.254131
11 22 0.291249
11 23 0.320651
11 24 0.342154
11 25 0.355368
11 26 0.359725
11 27 0.355608
11 28 0.343046
11 29 0.322077
11 30 0.292932
11 31 0.256154
11 32 0.21236
11 33 0.162292
11 34 0.107018
11 35 0.0471691
11 36 -0.0161874
11 37 -0.0819475
11 38 -0.149038
11 39 -0.216316
11 40 -0.282674
11 41 -0.34718
11 42 -0.408642
11 43 -0.465983
11 44 -0.51858
11 45 -0.565612
11 46 -0.605892
11 47 -0.638991
11 48 -0.664393
11 49 -0.681429
11 50 -0.689952
11 51 -0.689897
11 52 -0.681002
11 53 -0.663693
11 54 -0.638372
11 55 -0.605189
11 56 -0.564618
11 57 -0.517687
11 58 -0.46498
11 59 -0.407372
11 60 -0.346001
11 61 -0.281466
11 62 -0.214831
11 63 -0.147661
11 64 -0.0806073
11 65 -0.0148241
11 66 0.0485331
11 67 0.108437
11 68 0.16362
11 69 0.21351
11 70 0.257356
11 71 0.29374
11 72 0.322715
11 73 0.343898
11 74 0.35652
11 75 0.360611
11 76 0.35584
11 77 0.342753
11 78 0.321426
11 79 0.291943
11 80 0.254765
11 81 0.210501
11 82 0.16
11 83 0.104035
11 84 0.0434903
11 85 -0.0205774
11 86 -0.0875295
11 87 -0.155895
11 88 -0.224477
11 89 -0.292532
11 90 -0.358721
11 91 -0.422056
11 92 -0.481385
11 93 -0.535806
11 94 -0.584422
11 95 -0.626345
11 96 -0.660999
11 97 -0.687902
11 98 -0.70641
11 99 -0.716103
11 100 -0.0890694
11 101 0

12 0 0
12 1 -0.0806583
12 2 -0.648142
12 3 -0.638083
12 4 -0.619722
12 5 -0.593209
12 6 -0.558973
12 7 -0.517321
12 8 -0.468925
12 9 -0.414645
12 10 -0.355609
12 11 -0.292566
12 12 -0.226691
12 13 -0.159147
12 14 -0.0906744
12 15 -0.022785
12 16 0.0435901
12 17 0.107598
12 18 0.16799
12 19 0.223679
12 20 0.273813
12 21 0.317842
12 22 0.354743
12 23 0.38394
12 24 0.405273
12 25 0.418361
12 26 0.422651
12 27 0.418352
12 28 0.405575
12 29 0.384403
12 30 0.355171
12 31 0.318258
12 32 0.274344
12 33 0.224265
12 34 0.168833
12 35 0.108852
12 36 0.045616
12 37 -0.0201236
12 38 -0.0869662
12 39 -0.154321
12 40 -0.220658
12 41 -0.284979
12 42 -0.346377
12 43 -0.403844
12 44 -0.456422
12 45 -0.503206
12 46 -0.543508
12 47 -0.576415
12 48 -0.6018
12 49 -0.61867
12 50 -0.627294
12 51 -0.627169
12 52 -0.618482
12 53 -0.601097
12 54 -0.575944
12 55 -0.542734
12 56 -0.502424
12 57 -0.455502
12 58 -0.402853
12 59 -0.345401
12 60 -0.284012
12 61 -0.219558
12 62 -0.153079
12 63 -0.085849
12 64 -0.018871
12 65 0.0467357
12 66 0.110254
12 67 0.169868
12 68 0.225214
12 69 0.275302
12 70 0.319094
12 71 0.355751
12 72 0.384769
12 73 0.405968
12 74 0.418925
12 75 0.423148
12 76 0.418627
12 77 0.405646
12 78 0.384377
12 79 0.355036
12 80 0.318063
12 81 0.274307
12 82 0.224031
12 83 0.168314
12 84 0.108112
12 85 0.0442165
12 86 -0.02254
12 87 -0.0907235
12 88 -0.159011
12 89 -0.226686
12 90 -0.292637
12 91 -0.355744
12 92 -0.414895
12 93 -0.469063
12 94 -0.517413
12 95 -0.559156
12 96 -0.593558
12 97 -0.620296
12 98 -0.638735
12 99 -0.648401
12 100 -0.0806542
12 101 0

13 0 0
13 1 -0.0719755
13 2 -0.578488
13 3 -0.568665
13 4 -0.550406
13 5 -0.523982
13 6 -0.489827
13 7 -0.44833
13 8 -0.400177
13 9 -0.346329
13 10 -0.287576
13 11 -0.22485
13 12 -0.159147
13 13 -0.0916447
13 14 -0.0233989
13 15 0.0442341
13 16 0.110317
13 17 0.173911
13 18 0.234062
13 19 0.28946
13 20 0.339399
13 21 0.383216
13 22 0.419935
13 23 0.449008
13 24 0.470019
13 25 0.482829
13 26 0.487124
13 27 0.482734
13 28 0.469891
13 29 0.448562
13 30 0.419145
13 31 0.382127
13 32 0.338196
13 33 0.288129
13 34 0.232543
13 35 0.1725
13 36 0.109217
13 37 0.043583
13 38 -0.0232918
13 39 -0.0905972
13 40 -0.157059
13 41 -0.221189
13 42 -0.282515
13 43 -0.340029
13 44 -0.392506
13 45 -0.438907
13 46 -0.479184
13 47 -0.512227
13 48 -0.537395
13 49 -0.554384
13 50 -0.562812
13 51 -0.562675
13 52 -0.55404
13 53 -0.536947
13 54 -0.511701
13 55 -0.478581
13 56 -0.438398
13 57 -0.391559
13 58 -0.339123
13 59 -0.28183
13 60 -0.220503
13 61 -0.155937
13 62 -0.0895908
13 63 -0.0223828
13 64 0.0446277
13 65 0.110272
13 66 0.173624
13 67 0.23336
13 68 0.288791
13 69 0.338904
13 70 0.38261
13 71 0.419435
13 72 0.448611
13 73 0.469911
13 74 0.483103
13 75 0.487404
13 76 0.482908
13 77 0.469993
13 78 0.44894
13 79 0.419785
13 80 0.383118
13 81 0.339755
13 82 0.289767
13 83 0.234214
13 84 0.174289
13 85 0.110591
13 86 0.0443145
13 87 -0.0234643
13 88 -0.0916045
13 89 -0.159168
13 90 -0.224953
13 91 -0.287837
13 92 -0.346564
13 93 -0.400353
13 94 -0.448408
13 95 -0.489994
13 96 -0.524308
13 97 -0.550872
13 98 -0.569183
13 99 -0.578761
13 100 -0.071991
13 101 0

14 0 0
14 1 -0.0632133
14 2 -0.508028
14 3 -0.498328
14 4 -0.480311
14 5 -0.454072
14 6 -0.42006
14 7 -0.378721
14 8 -0.330784
14 9 -0.277082
14 10 -0.218603
14 11 -0.156163
14 12 -0.0906744
14 13 -0.0233989
14 14 0.0445222
14 15 0.111893
14 16 0.17784
14 17 0.24114
14 18 0.300894
14 19 0.356063
14 20 0.405753
14 21 0.449243
14 22 0.485757
14 23 0.514702
14 24 0.535588
14 25 0.548048
14 26 0.552107
14 27 0.547711
14 28 0.534578
14 29 0.513162
14 30 0.483741
14 31 0.446731
14 32 0.402684
14 33 0.352475
14 34 0.296921
14 35 0.236833
14 36 0.173505
14 37 0.107935
14 38 0.0410417
14 39 -0.0263871
14 40 -0.0926576
14 41 -0.156877
14 42 -0.218191
14 43 -0.27554
14 44 -0.327913
14 45 -0.374345
14 46 -0.41432
14 47 -0.447115
14 48 -0.472392
14 49 -0.489333
14 50 -0.497827
14 51 -0.497724
14 52 -0.489118
14 53 -0.47192
14 54 -0.446769
14 55 -0.413848
14 56 -0.373877
14 57 -0.32727
14 58 -0.274841
14 59 -0.21756
14 60 -0.156249
14 61 -0.0918273
14 62 -0.0254449
14 63 0.0416809
14 64 0.108682
14 65 0.174287
14 66 0.2377
14 67 0.29758
14 68 0.353017
14 69 0.402973
14 70 0.446772
14 71 0.483789
14 72 0.513111
14 73 0.534541
14 74 0.547589
14 75 0.552086
14 76 0.547827
14 77 0.535146
14 78 0.514375
14 79 0.485351
14 80 0.448932
14 81 0.405868
14 82 0.356149
14 83 0.300846
14 84 0.241155
14 85 0.177863
14 86 0.112022
14 87 0.0444742
14 88 -0.0235085
14 89 -0.0907667
14 90 -0.156321
14 91 -0.218923
14 92 -0.277443
14 93 -0.33106
14 94 -0.378872
14 95 -0.42016
14 96 -0.454229
14 97 -0.480593
14 98 -0.498755
14 99 -0.508346
14 100 -0.0632411
14 101 0

15 0 0
15 1 -0.0544973
15 2 -0.437981
15 3 -0.428404
15 4 -0.410441
15 5 -0.384386
15 6 -0.350631
15 7 -0.309508
15 8 -0.261829
15 9 -0.20832
15 10 -0.150079
15 11 -0.0879324
15 12 -0.022785
15 13 0.0442341
15 14 0.111893
15 15 0.179091
15 16 0.244836
15 17 0.307787
15 18 0.367384
15 19 0.422433
15 20 0.471834
15 21 0.515113
15 22 0.551313
15 23 0.580198
15 24 0.600831
15 25 0.613033
15 26 0.617022
15 27 0.612362
15 28 0.599067
15 29 0.577509
15 30 0.548048
15 31 0.51089
15 32 0.466743
15 33 0.416508
15 34 0.360969
15 35 0.3009
15 36 0.237525
15 37 0.17204
15 38 0.104894
15 39 0.037543
15 40 -0.0287171
15 41 -0.0929734
15 42 -0.154342
15 43 -0.211549
15 44 -0.263678
15 45 -0.310193
15 46 -0.350132
15 47 -0.382925
15 48 -0.408027
15 49 -0.424909
15 50 -0.433339
15 51 -0.433381
15 52 -0.424819
15 53 -0.407672
15 54 -0.382517
15 55 -0.349742
15 56 -0.309893
15 57 -0.26332
15 58 -0.210865
15 59 -0.153783
15 60 -0.0926059
15 61 -0.0281405
15 62 0.0382602
15 63 0.105412
15 64 0.172432
15 65 0.238186
15 66 0.301337
15 67 0.36136
15 68 0.416801
15 69 0.466795
15 70 0.51074
15 71 0.547698
15 72 0.577252
15 73 0.598745
15 74 0.611914
15 75 0.61652
15 76 0.612543
15 77 0.600118
15 78 0.579506
15 79 0.55085
15 80 0.514576
15 81 0.471686
15 82 0.422219
15 83 0.367211
15 84 0.30775
15 85 0.244678
15 86 0.178972
15 87 0.11162
15 88 0.0440685
15 89 -0.0228493
15 90 -0.0880787
15 91 -0.150417
15 92 -0.208766
15 93 -0.262148
15 94 -0.309764
15 95 -0.350693
15 96 -0.384546
15 97 -0.410627
15 98 -0.428674
15 99 -0.438276
15 100 -0.0545411
15 101 0

16 0 0
16 1 -0.045964
16 2 -0.369458
16 3 -0.360088
16 4 -0.342168
16 5 -0.31633
16 6 -0.28268
16 7 -0.241832
16 8 -0.194406
16 9 -0.141112
16 10 -0.0831288
16 11 -0.0212223
16 12 0.0435901
16 13 0.110317
16 14 0.17784
16 15 0.244836
16 16 0.310254
16 17 0.373079
16 18 0.432407
16 19 0.487299
16 20 0.536548
16 21 0.579488
16 22 0.615477
16 23 0.643976
16 24 0.664407
16 25 0.676611
16 26 0.680487
16 27 0.67562
16 28 0.662125
16 29 0.640495
16 30 0.610754
16 31 0.573484
16 32 0.529366
16 33 0.479195
16 34 0.423582
16 35 0.363588
16 36 0.3001
16 37 0.234619
16 38 0.16742
16 39 0.100062
16 40 0.033743
16 41 -0.0305167
16 42 -0.0918324
16 43 -0.148982
16 44 -0.200951
16 45 -0.247421
16 46 -0.287257
16 47 -0.320213
16 48 -0.345144
16 49 -0.362031
16 50 -0.370366
16 51 -0.370412
16 52 -0.361849
16 53 -0.344997
16 54 -0.31969
16 55 -0.287185
16 56 -0.247317
16 57 -0.200754
16 58 -0.148295
16 59 -0.0913634
16 60 -0.0302419
16 61 0.0341082
16 62 0.10038
16 63 0.167709
16 64 0.234709
16 65 0.300504
16 66 0.363625
16 67 0.423635
16 68 0.479191
16 69 0.529325
16 70 0.573152
16 71 0.610287
16 72 0.639911
16 73 0.661514
16 74 0.67473
16 75 0.679533
16 76 0.675729
16 77 0.663539
16 78 0.643195
16 79 0.614764
16 80 0.578829
16 81 0.535974
16 82 0.486794
16 83 0.432086
16 84 0.372798
16 85 0.310008
16 86 0.24456
16 87 0.177443
16 88 0.110094
16 89 0.0434093
16 90 -0.0215065
16 91 -0.0834916
16 92 -0.14156
16 93 -0.194616
16 94 -0.242075
16 95 -0.28282
16 96 -0.316439
16 97 -0.34246
16 98 -0.360366
16 99 -0.369698
16 100 -0.0459966
16 101 0

17 0 0
17 1 -0.037767
17 2 -0.303584
17 3 -0.294418
17 4 -0.276586
17 5 -0.250821
17 6 -0.217432
17 7 -0.176782
17 8 -0.129567
17 9 -0.0764383
17 10 -0.0187618
17 11 0.0430171
17 12 0.107598
17 13 0.173911
17 14 0.24114
17 15 0.307787
17 16 0.373079
17 17 0.435704
17 18 0.494846
17 19 0.549463
17 20 0.598532
17 21 0.641259
17 22 0.676973
17 23 0.705343
17 24 0.725606
17 25 0.737638
17 26 0.741337
17 27 0.736266
17 28 0.722637
17 29 0.700783
17 30 0.671084
17 31 0.633822
17 32 0.58972
17 33 0.539487
17 34 0.48385
17 35 0.42378
17 36 0.36029
17 37 0.294663
17 38 0.227564
17 39 0.160294
17 40 0.0940704
17 41 0.029865
17 42 -0.0315639
17 43 -0.0887608
17 44 -0.140881
17 45 -0.187209
17 46 -0.226946
17 47 -0.259634
17 48 -0.284664
17 49 -0.301441
17 50 -0.309894
17 51 -0.309877
17 52 -0.301458
17 53 -0.28444
17 54 -0.259346
17 55 -0.226844
17 56 -0.187197
17 57 -0.14059
17 58 -0.0882447
17 59 -0.0312072
17 60 0.0298784
17 61 0.0940838
17 62 0.160269
17 63 0.227501
17 64 0.294503
17 65 0.36025
17 66 0.423583
17 67 0.483648
17 68 0.539184
17 69 0.589361
17 70 0.63327
17 71 0.670456
17 72 0.7002
17 73 0.721778
17 74 0.735176
17 75 0.740038
17 76 0.7365
17 77 0.724517
17 78 0.704197
17 79 0.675985
17 80 0.640284
17 81 0.597707
17 82 0.54877
17 83 0.494315
17 84 0.435235
17 85 0.372644
17 86 0.307563
17 87 0.240672
17 88 0.173615
17 89 0.107169
17 90 0.0424469
17 91 -0.0191537
17 92 -0.0768913
17 93 -0.129737
17 94 -0.176926
17 95 -0.217492
17 96 -0.250989
17 97 -0.277002
17 98 -0.294696
17 99 -0.303801
17 100 -0.0377841
17 101 0

18 0 0
18 1 -0.0300278
18 2 -0.241443
18 3 -0.232462
18 4 -0.214746
18 5 -0.188888
18 6 -0.155694
18 7 -0.115371
18 8 -0.0683026
18 9 -0.0156861
18 10 0.0419819
18 11 0.103585
18 12 0.16799
18 13 0.234062
18 14 0.300894
18 15 0.367384
18 16 0.432407
18 17 0.494846
18 18 0.55366
18 19 0.607852
18 20 0.656622
18 21 0.699303
18 22 0.734961
18 23 0.763158
18 24 0.783303
18 25 0.795186
18 26 0.798537
18 27 0.793304
18 28 0.779662
18 29 0.757703
18 30 0.727865
18 31 0.690649
18 32 0.646492
18 33 0.596152
18 34 0.540551
18 35 0.480539
18 36 0.417039
18 37 0.351298
18 38 0.284133
18 39 0.216949
18 40 0.150805
18 41 0.0866477
18 42 0.0252379
18 43 -0.0321843
18 44 -0.0843424
18 45 -0.130655
18 46 -0.170306
18 47 -0.20294
18 48 -0.227884
18 49 -0.244599
18 50 -0.252997
18 51 -0.252935
18 52 -0.244568
18 53 -0.227757
18 54 -0.202765
18 55 -0.170235
18 56 -0.130553
18 57 -0.0842112
18 58 -0.031801
18 59 0.0252879
18 60 0.0863841
18 61 0.150662
18 62 0.216695
18 63 0.283785
18 64 0.350834
18 65 0.416686
18 66 0.480018
18 67 0.540049
18 68 0.595657
18 69 0.645815
18 70 0.689858
18 71 0.727046
18 72 0.756779
18 73 0.77863
18 74 0.792129
18 75 0.797105
18 76 0.793756
18 77 0.781944
18 78 0.761677
18 79 0.733587
18 80 0.698048
18 81 0.655713
18 82 0.607055
18 83 0.552896
18 84 0.494213
18 85 0.431864
18 86 0.366928
18 87 0.300495
18 88 0.233621
18 89 0.167344
18 90 0.102966
18 91 0.0416208
18 92 -0.0157546
18 93 -0.0685477
18 94 -0.11549
18 95 -0.155893
18 96 -0.189252
18 97 -0.214951
18 98 -0.232509
18 99 -0.241633
18 100 -0.0300657
18 101 0

19 0 0
19 1 -0.0228763
19 2 -0.183948
19 3 -0.175087
19 4 -0.157516
19 5 -0.131675
19 6 -0.0987395
19 7 -0.0584585
19 8 -0.0116333
19 9 0.0408241
19 10 0.0981114
19 11 0.15952
19 12 0.223679
19 13 0.28946
19 14 0.356063
19 15 0.422433
19 16 0.487299
19 17 0.549463
19 18 0.607852
19 19 0.66172
19 20 0.710444
19 21 0.752825
19 22 0.788279
19 23 0.81631
19 24 0.836344
19 25 0.848127
19 26 0.851422
19 27 0.846027
19 28 0.832217
19 29 0.810077
19 30 0.780227
19 31 0.742874
19 32 0.698605
19 33 0.648266
19 34 0.59272
19 35 0.53288
19 36 0.469411
19 37 0.403685
19 38 0.336451
19 39 0.269256
19 40 0.203102
19 41 0.138837
19 42 0.0774102
19 43 0.0199544
19 44 -0.0322381
19 45 -0.0784415
19 46 -0.117971
19 47 -0.150625
19 48 -0.175596
19 49 -0.192255
19 50 -0.200618
19 51 -0.200609
19 52 -0.192278
19 53 -0.175411
19 54 -0.150525
19 55 -0.117992
19 56 -0.0782737
19 57 -0.0321268
19 58 0.020068
19 59 0.0771891
19 60 0.138392
19 61 0.20265
19 62 0.268776
19 63 0.335873
19 64 0.402862
19 65 0.468644
19 66 0.531977
19 67 0.591998
19 68 0.647515
19 69 0.697846
19 70 0.741935
19 71 0.779194
19 72 0.80902
19 73 0.83096
19 74 0.844618
19 75 0.849661
19 76 0.846417
19 77 0.834682
19 78 0.81468
19 79 0.786807
19 80 0.75147
19 81 0.709209
19 82 0.660829
19 83 0.606929
19 84 0.548571
19 85 0.486512
19 86 0.421876
19 87 0.355639
19 88 0.28887
19 89 0.222955
19 90 0.158894
19 91 0.0978749
19 92 0.0407135
19 93 -0.011784
19 94 -0.0586638
19 95 -0.0988041
19 96 -0.132096
19 97 -0.157651
19 98 -0.175106
19 99 -0.184125
19 100 -0.0229068
19 101 0

20 0 0
20 1 -0.0164067
20 2 -0.131957
20 3 -0.123206
20 4 -0.105613
20 5 -0.0801372
20 6 -0.0473899
20 7 -0.00723237
20 8 0.0393834
20 9 0.0916738
20 10 0.148881
20 11 0.209907
20 12 0.273813
20 13 0.339399
20 14 0.405753
20 15 0.471834
20 16 0.536548
20 17 0.598532
20 18 0.656622
20 19 0.710444
20 20 0.758901
20 21 0.800985
20 22 0.836183
20 23 0.863889
20 24 0.883848
20 25 0.895469
20 26 0.898655
20 27 0.893283
20 28 0.879332
20 29 0.857087
20 30 0.827161
20 31 0.789847
20 32 0.745624
20 33 0.695215
20 34 0.63971
20 35 0.579866
20 36 0.516393
20 37 0.450633
20 38 0.383497
20 39 0.316298
20 40 0.249964
20 41 0.185642
20 42 0.124324
20 43 0.0669641
20 44 0.0147422
20 45 -0.0313955
20 46 -0.0709061
20 47 -0.103579
20 48 -0.128444
20 49 -0.1451
20 50 -0.153476
20 51 -0.153468
20 52 -0.14515
20 53 -0.128349
20 54 -0.103457
20 55 -0.0709979
20 56 -0.031297
20 57 0.0148132
20 58 0.0668135
20 59 0.123852
20 60 0.184979
20 61 0.249247
20 62 0.315526
20 63 0.382672
20 64 0.449572
20 65 0.515293
20 66 0.578711
20 67 0.638849
20 68 0.694357
20 69 0.744549
20 70 0.788701
20 71 0.825935
20 72 0.855805
20 73 0.87791
20 74 0.891641
20 75 0.896823
20 76 0.893627
20 77 0.881923
20 78 0.862088
20 79 0.834447
20 80 0.799413
20 81 0.757372
20 82 0.70926
20 83 0.655677
20 84 0.597395
20 85 0.535542
20 86 0.471159
20 87 0.405183
20 88 0.338759
20 89 0.273206
20 90 0.209427
20 91 0.148429
20 92 0.0914631
20 93 0.0393352
20 94 -0.00731169
20 95 -0.047416
20 96 -0.0804484
20 97 -0.105861
20 98 -0.123085
20 99 -0.132083
20 100 -0.0164431
20 101 0

21 0 0
21 1 -0.0107383
21 2 -0.0862884
21 3 -0.0775094
21 4 -0.0601665
21 5 -0.0347815
21 6 -0.00212909
21 7 0.0376567
21 8 0.0839973
21 9 0.136047
21 10 0.193109
21 11 0.254131
21 12 0.317842
21 13 0.383216
21 14 0.449243
21 15 0.515113
21 16 0.579488
21 17 0.641259
21 18 0.699303
21 19 0.752825
21 20 0.800985
21 21 0.842814
21 22 0.877859
21 23 0.905518
21 24 0.925191
21 25 0.93669
21 26 0.939738
21 27 0.934161
21 28 0.920179
21 29 0.898046
21 30 0.868002
21 31 0.830632
21 32 0.786428
21 33 0.736139
21 34 0.680547
21 35 0.620609
21 36 0.557281
21 37 0.491495
21 38 0.424504
21 39 0.357363
21 40 0.290985
21 41 0.226525
21 42 0.165292
21 43 0.107994
21 44 0.0558228
21 45 0.00960317
21 46 -0.030082
21 47 -0.0626919
21 48 -0.0872694
21 49 -0.103842
21 50 -0.112109
21 51 -0.112249
21 52 -0.103963
21 53 -0.0873481
21 54 -0.0624949
21 55 -0.0300817
21 56 0.00952563
21 57 0.0556207
21 58 0.10767
21 59 0.164662
21 60 0.225843
21 61 0.290093
21 62 0.356336
21 63 0.423402
21 64 0.49028
21 65 0.555916
21 66 0.619422
21 67 0.679373
21 68 0.734913
21 69 0.785263
21 70 0.829272
21 71 0.866505
21 72 0.896405
21 73 0.918574
21 74 0.932452
21 75 0.93777
21 76 0.934689
21 77 0.923242
21 78 0.903491
21 79 0.875933
21 80 0.841015
21 81 0.799284
21 82 0.751374
21 83 0.698023
21 84 0.64009
21 85 0.578328
21 86 0.514155
21 87 0.448621
21 88 0.382456
21 89 0.317225
21 90 0.253714
21 91 0.192824
21 92 0.135907
21 93 0.0840215
21 94 0.0376782
21 95 -0.00226004
21 96 -0.0350973
21 97 -0.060249
21 98 -0.0774423
21 99 -0.0863409
21 100 -0.0107526
21 101 0

22 0 0
22 1 -0.00592952
22 2 -0.0476572
22 3 -0.0389914
22 4 -0.0219818
22 5 0.00330128
22 6 0.0359816
22 7 0.0755762
22 8 0.121712
22 9 0.17361
22 10 0.230379
22 11 0.291249
22 12 0.354743
22 13 0.419935
22 14 0.485757
22 15 0.551313
22 16 0.615477
22 17 0.676973
22 18 0.734961
22 19 0.788279
22 20 0.836183
22 21 0.877859
22 22 0.912837
22 23 0.940151
22 24 0.959653
22 25 0.971032
22 26 0.973937
22 27 0.968197
22 28 0.954109
22 29 0.932064
22 30 0.902015
22 31 0.864444
22 32 0.820318
22 33 0.769988
22 34 0.714406
22 35 0.654446
22 36 0.591221
22 37 0.525502
22 38 0.458647
22 39 0.391451
22 40 0.325145
22 41 0.260784
22 42 0.1996
22 43 0.142413
22 44 0.090102
22 45 0.0439531
22 46 0.00415611
22 47 -0.0282394
22 48 -0.0529653
22 49 -0.0694774
22 50 -0.0779337
22 51 -0.0779973
22 52 -0.069745
22 53 -0.0529331
22 54 -0.0282444
22 55 0.0042674
22 56 0.0436442
22 57 0.0898606
22 58 0.141885
22 59 0.198921
22 60 0.260005
22 61 0.324139
22 62 0.390292
22 63 0.457261
22 64 0.524116
22 65 0.589642
22 66 0.653015
22 67 0.712883
22 68 0.768635
22 69 0.81894
22 70 0.862975
22 71 0.900185
22 72 0.930214
22 73 0.952417
22 74 0.966375
22 75 0.971793
22 76 0.96887
22 77 0.957546
22 78 0.938003
22 79 0.910717
22 80 0.876004
22 81 0.834245
22 82 0.786494
22 83 0.733435
22 84 0.67578
22 85 0.61435
22 86 0.550435
22 87 0.485008
22 88 0.419015
22 89 0.353972
22 90 0.290747
22 91 0.23022
22 92 0.173533
22 93 0.121806
22 94 0.0757163
22 95 0.0358983
22 96 0.00317224
22 97 -0.0218749
22 98 -0.038952
22 99 -0.0476064
22 100 -0.00592163
22 101 0

23 0 0
23 1 -0.00208265
23 2 -0.0167613
23 3 -0.00819081
23 4 0.00873676
23 5 0.0337685
23 6 0.0664099
23 7 0.105892
23 8 0.151784
23 9 0.20351
23 10 0.260083
23 11 0.320651
23 12 0.38394
23 13 0.449008
23 14 0.514702
23 15 0.580198
23 16 0.643976
23 17 0.705343
23 18 0.763158
23 19 0.81631
23 20 0.863889
23 21 0.905518
23 22 0.940151
23 23 0.967119
23 24 0.986518
23 25 0.997744
23 26 1.00059
23 27 0.994873
23 28 0.980692
23 29 0.958624
23 30 0.928525
23 31 0.890983
23 32 0.846727
23 33 0.796413
23 34 0.740911
23 35 0.681068
23 36 0.61796
23 37 0.552344
23 38 0.485456
23 39 0.4183
23 40 0.351973
23 41 0.287708
23 42 0.226542
23 43 0.16954
23 44 0.117231
23 45 0.0710767
23 46 0.0314044
23 47 -0.00105033
23 48 -0.0259294
23 49 -0.0426208
23 50 -0.0510559
23 51 -0.0511767
23 52 -0.0427786
23 53 -0.0259323
23 54 -0.00116061
23 55 0.0313134
23 56 0.0707994
23 57 0.116997
23 58 0.168902
23 59 0.225954
23 60 0.286823
23 61 0.350865
23 62 0.416962
23 63 0.483919
23 64 0.550712
23 65 0.616168
23 66 0.67928
23 67 0.739208
23 68 0.794856
23 69 0.845175
23 70 0.889338
23 71 0.926548
23 72 0.956621
23 73 0.978933
23 74 0.992796
23 75 0.998419
23 76 0.995549
23 77 0.984186
23 78 0.964816
23 79 0.937839
23 80 0.903467
23 81 0.861878
23 82 0.814208
23 83 0.761508
23 84 0.704055
23 85 0.642918
23 86 0.579155
23 87 0.513882
23 88 0.448015
23 89 0.383168
23 90 0.320122
23 91 0.259929
23 92 0.203544
23 93 0.151958
23 94 0.106063
23 95 0.0664592
23 96 0.0338215
23 97 0.0088625
23 98 -0.00800705
23 99 -0.0165984
23 100 -0.00206663
23 101 0

24 0 0
24 1 0.000726933
24 2 0.0059054
24 3 0.0145085
24 4 0.0313531
24 5 0.056125
24 6 0.0886514
24 7 0.127949
24 8 0.173821
24 9 0.225475
24 10 0.281835
24 11 0.342154
24 12 0.405273
24 13 0.470019
24 14 0.535588
24 15 0.600831
24 16 0.664407
24 17 0.725606
24 18 0.783303
24 19 0.836344
24 20 0.883848
24 21 0.925191
24 22 0.959653
24 23 0.986518
24 24 1.0057
24 25 1.01668
24 26 1.0194
24 27 1.01362
24 28 0.999521
24 29 0.977348
24 30 0.947223
24 31 0.909636
24 32 0.865356
24 33 0.815046
24 34 0.759538
24 35 0.699773
24 36 0.636765
24 37 0.571356
24 38 0.504592
24 39 0.437483
24 40 0.371226
24 41 0.307002
24 42 0.245887
24 43 0.188811
24 44 0.136662
24 45 0.0905517
24 46 0.0509065
24 47 0.0182425
24 48 -0.00661517
24 49 -0.0234237
24 50 -0.0318025
24 51 -0.0319452
24 52 -0.0234021
24 53 -0.0066734
24 54 0.0181838
24 55 0.0505525
24 56 0.0901009
24 57 0.136324
24 58 0.188195
24 59 0.245148
24 60 0.306203
24 61 0.370138
24 62 0.436035
24 63 0.502859
24 64 0.56954
24 65 0.634933
24 66 0.697874
24 67 0.757483
24 68 0.813137
24 69 0.863631
24 70 0.907792
24 71 0.945132
24 72 0.975304
24 73 0.997507
24 74 1.01144
24 75 1.01712
24 76 1.01442
24 77 1.00323
24 78 0.984021
24 79 0.957233
24 80 0.923122
24 81 0.881694
24 82 0.834231
24 83 0.781539
24 84 0.72415
24 85 0.663239
24 86 0.599705
24 87 0.534594
24 88 0.469012
24 89 0.404397
24 90 0.341756
24 91 0.281793
24 92 0.225559
24 93 0.173976
24 94 0.128149
24 95 0.0887047
24 96 0.0563809
24 97 0.0316351
24 98 0.0147369
24 99 0.00620403
24 100 0.000769059
24 101 0

25 0 0
25 1 0.00248355
25 2 0.0200052
25 3 0.0285251
25 4 0.0452078
25 5 0.0699854
25 6 0.102408
25 7 0.141718
25 8 0.187547
25 9 0.239134
25 10 0.29527
25 11 0.355368
25 12 0.418361
25 13 0.482829
25 14 0.548048
25 15 0.613033
25 16 0.676611
25 17 0.737638
25 18 0.795186
25 19 0.848127
25 20 0.895469
25 21 0.93669
25 22 0.971032
25 23 0.997744
25 24 1.01668
25 25 1.02743
25 26 1.02993
25 27 1.02431
25 28 1.01022
25 29 0.987893
25 30 0.957784
25 31 0.920285
25 32 0.875964
25 33 0.825713
25 34 0.770149
25 35 0.710465
25 36 0.64747
25 37 0.581886
25 38 0.515282
25 39 0.448399
25 40 0.382249
25 41 0.318111
25 42 0.25712
25 43 0.200038
25 44 0.148112
25 45 0.101879
25 46 0.0622934
25 47 0.0295344
25 48 0.00457675
25 49 -0.0122283
25 50 -0.020656
25 51 -0.0207345
25 52 -0.0121608
25 53 0.00458708
25 54 0.0294781
25 55 0.0618232
25 56 0.101384
25 57 0.147407
25 58 0.19939
25 59 0.256202
25 60 0.317222
25 61 0.381103
25 62 0.446904
25 63 0.513555
25 64 0.580175
25 65 0.645498
25 66 0.708467
25 67 0.768061
25 68 0.823368
25 69 0.873804
25 70 0.918171
25 71 0.955601
25 72 0.985746
25 73 1.00806
25 74 1.02201
25 75 1.02773
25 76 1.02512
25 77 1.01416
25 78 0.995157
25 79 0.96838
25 80 0.934315
25 81 0.893258
25 82 0.846048
25 83 0.793406
25 84 0.736145
25 85 0.675353
25 86 0.611883
25 87 0.547007
25 88 0.481852
25 89 0.417456
25 90 0.355025
25 91 0.295324
25 92 0.23917
25 93 0.187691
25 94 0.141934
25 95 0.102659
25 96 0.0703691
25 97 0.0456803
25 98 0.0289682
25 99 0.0204722
25 100 0.00253817
25 101 0

26 0 0
26 1 0.0031434
26 2 0.0252828
26 3 0.0337419
26 4 0.0505012
26 5 0.0751941
26 6 0.107729
26 7 0.147002
26 8 0.192617
26 9 0.243989
26 10 0.299913
26 11 0.359725
26 12 0.422651
26 13 0.487124
26 14 0.552107
26 15 0.617022
26 16 0.680487
26 17 0.741337
26 18 0.798537
26 19 0.851422
26 20 0.898655
26 21 0.939738
26 22 0.973937
26 23 1.00059
26 24 1.0194
26 25 1.02993
26 26 1.03237
26 27 1.02651
26 28 1.01246
26 29 0.990031
26 30 0.959844
26 31 0.922478
26 32 0.878179
26 33 0.827945
26 34 0.772572
26 35 0.713007
26 36 0.650056
26 37 0.584421
26 38 0.517824
26 39 0.451021
26 40 0.384864
26 41 0.32088
26 42 0.26007
26 43 0.202993
26 44 0.151045
26 45 0.104998
26 46 0.065298
26 47 0.0327463
26 48 0.0077357
26 49 -0.00892703
26 50 -0.0174658
26 51 -0.0174994
26 52 -0.00908905
26 53 0.00779752
26 54 0.0324487
26 55 0.0649557
26 56 0.104389
26 57 0.150422
26 58 0.20228
26 59 0.259015
26 60 0.319886
