0 0 0
0 1 0
0 2 0
0 3 0
0 4 0
0 5 0
0 6 0
0 7 0
0 8 0
0 9 0
0 10 0
0 11 0
0 12 0
0 13 0
0 14 0
0 15 0
0 16 0
0 17 0
0 18 0
0 19 0
0 20 0
0 21 0
0 22 0
0 23 0
0 24 0
0 25 0
0 26 0
0 27 0
0 28 0
0 29 0
0 30 0
0 31 0
0 32 0
0 33 0
0 34 0
0 35 0
0 36 0
0 37 0
0 38 0
0 39 0
0 40 0
0 41 0
0 42 0
0 43 0
0 44 0
0 45 0
0 46 0
0 47 0
0 48 0
0 49 0
0 50 0
0 51 0
0 52 0
0 53 0
0 54 0
0 55 0
0 56 0
0 57 0
0 58 0
0 59 0
0 60 0
0 61 0
0 62 0
0 63 0
0 64 0
0 65 0
0 66 0
0 67 0
0 68 0
0 69 0
0 70 0
0 71 0
0 72 0
0 73 0
0 74 0
0 75 0
0 76 0
0 77 0
0 78 0
0 79 0
0 80 0
0 81 0
0 82 0
0 83 0
0 84 0
0 85 0
0 86 0
0 87 0
0 88 0
0 89 0
0 90 0
0 91 0
0 92 0
0 93 0
0 94 0
0 95 0
0 96 0
0 97 0
0 98 0
0 99 0
0 100 0
0 101 0

1 0 0
1 1 0
1 2 0.00818163
1 3 0.00840406
1 4 0.00854322
1 5 0.00850103
1 6 0.00829476
1 7 0.00798181
1 8 0.00699979
1 9 0.00640394
1 10 0.00653953
1 11 0.00540488
1 12 0.00433503
1 13 0.00418551
1 14 0.00354357
1 15 0.0033338
1 16 0.00285834
1 17 0.00206321
1 18 0.0016192
1 19 0.00087635
1 20 0.0010335
1 21 0.000882599
1 22 0.000377317
1 23 6.20876e-05
1 24 -0.000567115
1 25 -0.000301908
1 26 -0.000515843
1 27 -0.000496969
1 28 -0.000517842
1 29 -0.000449999
1 30 6.46494e-05
1 31 1.30928e-06
1 32 0.00051767
1 33 0.000607234
1 34 0.00132174
1 35 0.00154831
1 36 0.0020077
1 37 0.00244069
1 38 0.00302249
1 39 0.00374892
1 40 0.00410524
1 41 0.00483985
1 42 0.0053861
1 43 0.00675136
1 44 0.00775086
1 45 0.00927768
1 46 0.0101156
1 47 0.0114576
1 48 0.0121204
1 49 0.0131202
1 50 0.0130781
1 51 0.0130578
1 52 0.011998
1 53 0.0112717
1 54 0.00986943
1 55 0.00897238
1 56 0.00737816
1 57 0.00633383
1 58 0.00488383
1 59 0.00432031
1 60 0.0034722
1 61 0.00313956
1 62 0.00226354
1 63 0.0017528
1 64 0.00113986
1 65 0.000787893
1 66 0.000379965
1 67 -0.000228748
1 68 -0.000445197
1 69 -0.000919885
1 70 -0.000861587
1 71 -0.00145749
1 72 -0.00137254
1 73 -0.00155487
1 74 -0.00131399
1 75 -0.00131289
1 76 -0.00136392
1 77 -0.000759418
1 78 -0.000437624
1 79 0.000355435
1 80 0.000318451
1 81 0.000609126
1 82 0.00124586
1 83 0.00189969
1 84 0.00295433
1 85 0.00320201
1 86 0.00386401
1 87 0.00425381
1 88 0.00447896
1 89 0.00583443
1 90 0.00662539
1 91 0.00700956
1 92 0.00767225
1 93 0.00862253
1 94 0.00959556
1 95 0.00960302
1 96 0.00981937
1 97 0.0101804
1 98 0.00967029
1 99 0.0097883
1 100 0
1 101 0

2 0 0
2 1 0.00818163
2 2 0.0664456
2 3 0.0673296
2 4 0.0684631
2 5 0.0676254
2 6 0.0657697
2 7 0.0629842
2 8 0.0577541
2 9 0.0531786
2 10 0.0491622
2 11 0.043067
2 12 0.0377523
2 13 0.0335005
2 14 0.0295089
2 15 0.0264069
2 16 0.0222928
2 17 0.0174648
2 18 0.0121833
2 19 0.00842298
2 20 0.00739987
2 21 0.00576681
2 22 0.00319441
2 23 -0.000557944
2 24 -0.00304765
2 25 -0.00342033
2 26 -0.00383923
2 27 -0.00403824
2 28 -0.00441936
2 29 -0.00276601
2 30 -0.00082385
2 31 0.0010015
2 32 0.00298695
2 33 0.00574923
2 34 0.00963648
2 35 0.0126284
2 36 0.0160204
2 37 0.0194987
2 38 0.0246819
2 39 0.0293103
2 40 0.0338958
2 41 0.0382756
2 42 0.0448483
2 43 0.0534823
2 44 0.0636129
2 45 0.0735073
2 46 0.0826482
2 47 0.0911157
2 48 0.0985747
2 49 0.104094
2 50 0.105898
2 51 0.103606
2 52 0.0975772
2 53 0.0896547
2 54 0.0806593
2 55 0.071084
2 56 0.0606471
2 57 0.0501162
2 58 0.0409335
2 59 0.0339967
2 60 0.0290801
2 61 0.0241632
2 62 0.0190416
2 63 0.013547
2 64 0.00966621
2 65 0.00596254
2 66 0.00271337
2 67 -0.00150306
2 68 -0.0043355
2 69 -0.00665852
2 70 -0.00836833
2 71 -0.0105913
2 72 -0.0120083
2 73 -0.0117165
2 74 -0.0112655
2 75 -0.0105792
2 76 -0.00999671
2 77 -0.00679724
2 78 -0.00278109
2 79 0.000816771
2 80 0.00301462
2 81 0.0050277
2 82 0.00982514
2 83 0.0157337
2 84 0.0218345
2 85 0.0263049
2 86 0.0302803
2 87 0.034892
2 88 0.0393124
2 89 0.0457493
2 90 0.0521338
2 91 0.0571796
2 92 0.0632518
2 93 0.0692299
2 94 0.0739948
2 95 0.0774285
2 96 0.0793601
2 97 0.0801474
2 98 0.0800197
2 99 0.0794665
2 100 0.0097883
2 101 0

3 0 0
3 1 0.00840406
3 2 0.0673296
3 3 0.0670104
3 4 0.0668472
3 5 0.0657649
3 6 0.063199
3 7 0.0596886
3 8 0.0592205
3 9 0.0547515
3 10 0.0440479
3 11 0.0418398
3 12 0.0408425
3 13 0.0341351
3 14 0.0306419
3 15 0.0251249
3 16 0.0209213
3 17 0.0173714
3 18 0.0112696
3 19 0.00961214
3 20 0.00510589
3 21 0.00291686
3 22 0.00155621
3 23 -0.00195868
3 24 -0.00182985
3 25 -0.00492355
3 26 -0.00404087
3 27 -0.00480749
3 28 -0.00450643
3 29 -0.00265932
3 30 -0.00257723
3 31 0.00108774
3 32 0.0014072
3 33 0.00600968
3 34 0.00768363
3 35 0.0121942
3 36 0.0150444
3 37 0.0192469
3 38 0.0240557
3 39 0.0281257
3 40 0.0339067
3 41 0.0378945
3 42 0.0461015
3 43 0.0528387
3 44 0.0641761
3 45 0.0720786
3 46 0.0831972
3 47 0.089732
3 48 0.0987467
3 49 0.101777
3 50 0.105285
3 51 0.101305
3 52 0.0977895
3 53 0.0883151
3 54 0.0813053
3 55 0.0697104
3 56 0.0613947
3 57 0.0495101
3 58 0.0424967
3 59 0.0335979
3 60 0.0295565
3 61 0.0228675
3 62 0.0190289
3 63 0.0130726
3 64 0.00937092
3 65 0.0052267
3 66 0.00132953
3 67 -0.00151175
3 68 -0.00570533
3 69 -0.00662273
3 70 -0.0104601
3 71 -0.0101335
3 72 -0.0129016
3 73 -0.0117159
3 74 -0.0122379
3 75 -0.0112012
3 76 -0.00876541
3 77 -0.00778672
3 78 -0.0032877
3 79 -0.00251548
3 80 0.00215331
3 81 0.00515934
3 82 0.00894225
3 83 0.0150239
3 84 0.0184068
3 85 0.025396
3 86 0.0293973
3 87 0.035969
3 88 0.0434139
3 89 0.0440444
3 90 0.0497888
3 91 0.0585088
3 92 0.064409
3 93 0.0670577
3 94 0.068914
3 95 0.0758944
3 96 0.0787049
3 97 0.0781011
3 98 0.0816935
3 99 0.0799325
3 100 0.00963352
3 101 0

4 0 0
4 1 0.00854322
4 2 0.0684631
4 3 0.0668472
4 4 0.0618982
4 5 0.0617384
4 6 0.0615892
4 7 0.0581547
4 8 0.0561314
4 9 0.051268
4 10 0.0467138
4 11 0.0442955
4 12 0.0379176
4 13 0.0336095
4 14 0.0293915
4 15 0.0231204
4 16 0.0197406
4 17 0.0151305
4 18 0.0135325
4 19 0.0103365
4 20 0.00359852
4 21 0.000869558
4 22 -0.00275344
4 23 -0.00270015
4 24 -0.00444286
4 25 -0.00704875
4 26 -0.00668892
4 27 -0.00759261
4 28 -0.00459047
4 29 -0.00501377
4 30 -0.00258977
4 31 -0.000701821
4 32 0.00207714
4 33 0.00551394
4 34 0.00720409
4 35 0.0120837
4 36 0.0144188
4 37 0.0201672
4 38 0.0224795
4 39 0.0283645
4 40 0.0321492
4 41 0.0392855
4 42 0.045264
4 43 0.0537203
4 44 0.0620422
4 45 0.0716147
4 46 0.0807927
4 47 0.0889562
4 48 0.095677
4 49 0.0994902
4 50 0.101117
4 51 0.0989901
4 52 0.0947915
4 53 0.0874551
4 54 0.0790246
4 55 0.0691133
4 56 0.0593953
4 57 0.0502304
4 58 0.0417388
4 59 0.0348462
4 60 0.0277408
4 61 0.0230653
4 62 0.0171817
4 63 0.0141691
4 64 0.00824502
4 65 0.00562425
4 66 0.00023464
4 67 -0.00112843
4 68 -0.00547163
4 69 -0.00729614
4 70 -0.0103119
4 71 -0.0114918
4 72 -0.011932
4 73 -0.0140945
4 74 -0.0131607
4 75 -0.0137661
4 76 -0.00994898
4 77 -0.00948946
4 78 -0.00772509
4 79 -0.00517853
4 80 -0.00132293
4 81 0.00624607
4 82 0.00909199
4 83 0.013553
4 84 0.0174105
4 85 0.0231224
4 86 0.0303776
4 87 0.033933
4 88 0.0409487
4 89 0.045887
4 90 0.0497172
4 91 0.0566528
4 92 0.0608754
4 93 0.0667806
4 94 0.0713398
4 95 0.0704233
4 96 0.0728963
4 97 0.0764645
4 98 0.0769527
4 99 0.0805098
4 100 0.0103388
4 101 0

5 0 0
5 1 0.00850103
5 2 0.0676254
5 3 0.0657649
5 4 0.0617384
5 5 0.0587037
5 6 0.0573783
5 7 0.0547517
5 8 0.0526596
5 9 0.0497044
5 10 0.0446749
5 11 0.0426484
5 12 0.0392113
5 13 0.0330605
5 14 0.0286711
5 15 0.0220689
5 16 0.0167722
5 17 0.0142734
5 18 0.0115296
5 19 0.00860785
5 20 0.00164427
5 21 -0.00308418
5 22 -0.00456031
5 23 -0.00536883
5 24 -0.00541489
5 25 -0.00875563
5 26 -0.00922649
5 27 -0.00879594
5 28 -0.00734377
5 29 -0.00616815
5 30 -0.00585137
5 31 -0.00235505
5 32 -0.000131923
5 33 0.00359614
5 34 0.00541471
5 35 0.00972539
5 36 0.0139028
5 37 0.018282
5 38 0.0221647
5 39 0.0261331
5 40 0.0324649
5 41 0.0386842
5 42 0.046684
5 43 0.0531176
5 44 0.0620732
5 45 0.0700398
5 46 0.0801647
5 47 0.087133
5 48 0.0938649
5 49 0.0960644
5 50 0.0979165
5 51 0.0956211
5 52 0.09297
5 53 0.0858021
5 54 0.0783871
5 55 0.0678185
5 56 0.0594387
5 57 0.0500041
5 58 0.0432347
5 59 0.0346843
5 60 0.0282591
5 61 0.0212739
5 62 0.0172739
5 63 0.0126338
5 64 0.0084029
5 65 0.00342935
5 66 -0.000625586
5 67 -0.00311702
5 68 -0.0066512
5 69 -0.00918106
5 70 -0.0127645
5 71 -0.0128054
5 72 -0.0144675
5 73 -0.0150718
5 74 -0.0161988
5 75 -0.0147148
5 76 -0.0117217
5 77 -0.0111765
5 78 -0.00978325
5 79 -0.00868674
5 80 -0.00252095
5 81 0.00380258
5 82 0.00799778
5 83 0.0111836
5 84 0.0138562
5 85 0.0211456
5 86 0.027516
5 87 0.0339499
5 88 0.04128
5 89 0.045194
5 90 0.0498472
5 91 0.0548404
5 92 0.0592985
5 93 0.0629808
5 94 0.0647111
5 95 0.0677243
5 96 0.0704547
5 97 0.0735409
5 98 0.0783585
5 99 0.079311
5 100 0.00983888
5 101 0

6 0 0
6 1 0.00829476
6 2 0.0657697
6 3 0.063199
6 4 0.0615892
6 5 0.0573783
6 6 0.052935
6 7 0.0504173
6 8 0.0487224
6 9 0.0475576
6 10 0.0435261
6 11 0.0397503
6 12 0.0380994
6 13 0.0324094
6 14 0.0262797
6 15 0.0207565
6 16 0.014734
6 17 0.0125748
6 18 0.00919885
6 19 0.00482332
6 20 -9.03476e-05
6 21 -0.00588957
6 22 -0.00693402
6 23 -0.00796025
6 24 -0.00849979
6 25 -0.0102839
6 26 -0.012275
6 27 -0.0107287
6 28 -0.0105721
6 29 -0.0089078
6 30 -0.00854797
6 31 -0.00553857
6 32 -0.00221404
6 33 0.000287605
6 34 0.00373466
6 35 0.00686077
6 36 0.012768
6 37 0.0161449
6 38 0.0209792
6 39 0.0245595
6 40 0.0318515
6 41 0.0387489
6 42 0.046782
6 43 0.0533138
6 44 0.061003
6 45 0.0693192
6 46 0.0781664
6 47 0.0856231
6 48 0.0903062
6 49 0.0927061
6 50 0.0929472
6 51 0.0923094
6 52 0.0894405
6 53 0.0844389
6 54 0.076444
6 55 0.0673637
6 56 0.0584456
6 57 0.0506107
6 58 0.0434316
6 59 0.0353245
6 60 0.0277783
6 61 0.0204353
6 62 0.016287
6 63 0.0113331
6 64 0.00758776
6 65 0.00137158
6 66 -0.00180097
6 67 -0.00583992
6 68 -0.00801547
6 69 -0.0121786
6 70 -0.0146059
6 71 -0.0157863
6 72 -0.0169318
6 73 -0.0174228
6 74 -0.0188976
6 75 -0.0163556
6 76 -0.0150614
6 77 -0.0132169
6 78 -0.0127886
6 79 -0.0105704
6 80 -0.00464185
6 81 0.000286778
6 82 0.00590625
6 83 0.00834398
6 84 0.012079
6 85 0.0182037
6 86 0.0244116
6 87 0.0332197
6 88 0.0391057
6 89 0.0437926
6 90 0.0492635
6 91 0.0530565
6 92 0.0566322
6 93 0.0570716
6 94 0.0589486
6 95 0.0656898
6 96 0.0683887
6 97 0.070782
6 98 0.076717
6 99 0.0770139
6 100 0.00944064
6 101 0

7 0 0
7 1 0.00798181
7 2 0.0629842
7 3 0.0596886
7 4 0.0581547
7 5 0.0547517
7 6 0.0504173
7 7 0.049718
7 8 0.0441281
7 9 0.0409072
7 10 0.0459811
7 11 0.0392395
7 12 0.0310687
7 13 0.029444
7 14 0.0218501
7 15 0.0191808
7 16 0.0145798
7 17 0.00916776
7 18 0.00831595
7 19 0.000524224
7 20 -0.0016105
7 21 -0.00684475
7 22 -0.01134
7 23 -0.0104222
7 24 -0.014726
7 25 -0.0125091
7 26 -0.0158474
7 27 -0.0142937
7 28 -0.0130866
7 29 -0.0133875
7 30 -0.00921104
7 31 -0.0097299
7 32 -0.00314856
7 33 -0.003325
7 34 0.00250091
7 35 0.00461156
7 36 0.0105174
7 37 0.0146037
7 38 0.018055
7 39 0.024188
7 40 0.0291271
7 41 0.0393649
7 42 0.0441898
7 43 0.053909
7 44 0.0577354
7 45 0.0688926
7 46 0.0737311
7 47 0.0835622
7 48 0.0840148
7 49 0.0885946
7 50 0.08542
7 51 0.0882042
7 52 0.0832671
7 53 0.0824049
7 54 0.0722168
7 55 0.0670108
7 56 0.0554177
7 57 0.0513745
7 58 0.04102
7 59 0.0362752
7 60 0.0250637
7 61 0.0206484
7 62 0.0131053
7 63 0.0106901
7 64 0.00480227
7 65 0.000316863
7 66 -0.0036771
7 67 -0.00813173
7 68 -0.00929626
7 69 -0.0152733
7 70 -0.0147861
7 71 -0.019821
7 72 -0.0178372
7 73 -0.0214155
7 74 -0.0201998
7 75 -0.0195616
7 76 -0.0197732
7 77 -0.0163432
7 78 -0.0179562
7 79 -0.0111202
7 80 -0.00901114
7 81 -0.00289475
7 82 0.00286054
7 83 0.00528599
7 84 0.0132869
7 85 0.0153887
7 86 0.0233287
7 87 0.0289312
7 88 0.0320415
7 89 0.043949
7 90 0.0474169
7 91 0.0476921
7 92 0.0507992
7 93 0.054625
7 94 0.0603591
7 95 0.0603695
7 96 0.0640399
7 97 0.0696323
7 98 0.0681909
7 99 0.0739315
7 100 0.00966687
7 101 0

8 0 0
8 1 0.00699979
8 2 0.0577541
8 3 0.0592205
8 4 0.0561314
8 5 0.0526596
8 6 0.0487224
8 7 0.0441281
8 8 0.0419718
8 9 0.0407979
8 10 0.0390293
8 11 0.0344025
8 12 0.0288464
8 13 0.0256761
8 14 0.0205339
8 15 0.0158052
8 16 0.0127204
8 17 0.00669398
8 18 0.00139773
8 19 -0.0026125
8 20 -0.00546806
8 21 -0.0082368
8 22 -0.0129054
8 23 -0.0151872
8 24 -0.0164708
8 25 -0.0165392
8 26 -0.0168558
8 27 -0.0179383
8 28 -0.0170486
8 29 -0.0163224
8 30 -0.0138977
8 31 -0.0120243
8 32 -0.00903621
8 33 -0.00570546
8 34 -0.00219504
8 35 0.00240784
8 36 0.00648131
8 37 0.0116361
8 38 0.0157239
8 39 0.0219512
8 40 0.0285163
8 41 0.0370175
8 42 0.0442555
8 43 0.0515358
8 44 0.058108
8 45 0.0656651
8 46 0.0726538
8 47 0.078118
8 48 0.0807191
8 49 0.0812651
8 50 0.081084
8 51 0.0809195
8 52 0.0800725
8 53 0.0770861
8 54 0.07137
8 55 0.0639625
8 56 0.0562049
8 57 0.0491919
8 58 0.0417559
8 59 0.0340786
8 60 0.0254425
8 61 0.0184808
8 62 0.0120908
8 63 0.00770798
8 64 0.00229282
8 65 -0.00191268
8 66 -0.00693673
8 67 -0.0103887
8 68 -0.0143013
8 69 -0.0170961
8 70 -0.0195855
8 71 -0.021844
8 72 -0.0229616
8 73 -0.023916
8 74 -0.0227392
8 75 -0.0227904
8 76 -0.0221226
8 77 -0.0212779
8 78 -0.0182685
8 79 -0.0136243
8 80 -0.0105544
8 81 -0.00695781
8 82 -0.00320314
8 83 0.00335864
8 84 0.0093537
8 85 0.0134381
8 86 0.0195699
8 87 0.0250599
8 88 0.0308246
8 89 0.0371288
8 90 0.0429227
8 91 0.0466694
8 92 0.046659
8 93 0.0498225
8 94 0.0545061
8 95 0.0567128
8 96 0.0632132
8 97 0.0678833
8 98 0.0666353
8 99 0.0685032
8 100 0.00851333
8 101 0

9 0 0
9 1 0.00640394
9 2 0.0531786
9 3 0.0547515
9 4 0.051268
9 5 0.0497044
9 6 0.0475576
9 7 0.0409072
9 8 0.0407979
9 9 0.0403812
9 10 0.0313956
9 11 0.0284351
9 12 0.0265332
9 13 0.0205146
9 14 0.0176692
9 15 0.0123473
9 16 0.00906989
9 17 0.00374636
9 18 -0.0046873
9 19 -0.00546392
9 20 -0.00873998
9 21 -0.0107847
9 22 -0.014576
9 23 -0.0201906
9 24 -0.0190024
9 25 -0.0208867
9 26 -0.0193714
9 27 -0.0214247
9 28 -0.0215886
9 29 -0.0189061
9 30 -0.0185194
9 31 -0.0143852
9 32 -0.0142039
9 33 -0.00833349
9 34 -0.00594394
9 35 -0.000473532
9 36 0.00296467
9 37 0.00790348
9 38 0.0137894
9 39 0.0191857
9 40 0.0276113
9 41 0.0337195
9 42 0.0433319
9 43 0.0485427
9 44 0.0575905
9 45 0.0619589
9 46 0.0700063
9 47 0.0716581
9 48 0.0754929
9 49 0.0731755
9 50 0.0750708
9 51 0.0728895
9 52 0.0748964
9 53 0.0707957
9 54 0.0688372
9 55 0.0605077
9 56 0.055898
9 57 0.0464838
9 58 0.0411891
9 59 0.0310328
9 60 0.0251048
9 61 0.0158631
9 62 0.0109899
9 63 0.00397176
9 64 -0.000122914
9 65 -0.0049225
9 66 -0.00943833
9 67 -0.0131231
9 68 -0.018366
9 69 -0.0192792
9 70 -0.0236581
9 71 -0.0237143
9 72 -0.0278034
9 73 -0.0261766
9 74 -0.0262251
9 75 -0.0259336
9 76 -0.0254574
9 77 -0.0259747
9 78 -0.0195868
9 79 -0.017163
9 80 -0.012313
9 81 -0.0111377
9 82 -0.00810477
9 83 0.000529582
9 84 0.00508875
9 85 0.0118169
9 86 0.0151047
9 87 0.0209259
9 88 0.0282401
9 89 0.0289909
9 90 0.0361354
9 91 0.0430141
9 92 0.0437815
9 93 0.0466577
9 94 0.0504655
9 95 0.0559438
9 96 0.0597515
9 97 0.0612762
9 98 0.06417
9 99 0.062532
9 100 0.00750922
9 101 0

10 0 0
10 1 0.00653953
10 2 0.0491622
10 3 0.0440479
10 4 0.0467138
10 5 0.0446749
10 6 0.0435261
10 7 0.0459811
10 8 0.0390293
10 9 0.0313956
10 10 0.0285726
10 11 0.0253327
10 12 0.0216759
10 13 0.0144939
10 14 0.0116882
10 15 0.0108278
10 16 0.00372521
10 17 -0.000996134
10 18 -0.00682643
10 19 -0.0102681
10 20 -0.0109742
10 21 -0.0155721
10 22 -0.0181215
10 23 -0.0235193
10 24 -0.0244865
10 25 -0.0234909
10 26 -0.0244715
10 27 -0.0235994
10 28 -0.0253351
10 29 -0.0216769
10 30 -0.0208487
10 31 -0.0183503
10 32 -0.0162068
10 33 -0.012895
10 34 -0.00762204
10 35 -0.00534942
10 36 0.000102613
10 37 0.00312427
10 38 0.011161
10 39 0.0160258
10 40 0.0245269
10 41 0.0304245
10 42 0.039435
10 43 0.0462305
10 44 0.053887
10 45 0.0591119
10 46 0.0635853
10 47 0.0658091
10 48 0.0664216
10 49 0.0661101
10 50 0.0655704
10 51 0.0659061
10 52 0.0658828
10 53 0.0651949
10 54 0.062502
10 55 0.058079
10 56 0.0522528
10 57 0.0447576
10 58 0.0372537
10 59 0.0284682
10 60 0.021827
10 61 0.0135131
10 62 0.00801032
10 63 -4.11335e-05
10 64 -0.00338888
10 65 -0.00925121
10 66 -0.0113279
10 67 -0.0175293
10 68 -0.0200495
10 69 -0.0235339
10 70 -0.0248874
10 71 -0.0270177
10 72 -0.0298035
10 73 -0.0286389
10 74 -0.0296621
10 75 -0.0280393
10 76 -0.0304463
10 77 -0.0279402
10 78 -0.0243333
10 79 -0.0205436
10 80 -0.0163599
10 81 -0.0158183
10 82 -0.0103084
10 83 -0.0056068
10 84 0.00228325
10 85 0.00938852
10 86 0.0110829
10 87 0.0161753
10 88 0.0208859
10 89 0.0265334
10 90 0.0288506
10 91 0.0307096
10 92 0.042226
10 93 0.0482288
10 94 0.0491105
10 95 0.0542236
10 96 0.0535033
10 97 0.052861
10 98 0.0573674
10 99 0.0568082
10 100 0.00706341
10 101 0

11 0 0
11 1 0.00540488
11 2 0.043067
11 3 0.0418398
11 4 0.0442955
11 5 0.0426484
11 6 0.0397503
11 7 0.0392395
11 8 0.0344025
11 9 0.0284351
11 10 0.0253327
11 11 0.0216998
11 12 0.0170493
11 13 0.0124108
11 14 0.00884763
11 15 0.00381363
11 16 -0.00293799
11 17 -0.00727269
11 18 -0.0109556
11 19 -0.0142779
11 20 -0.0164851
11 21 -0.0187849
11 22 -0.0215018
11 23 -0.025208
11 24 -0.0272781
11 25 -0.0276029
11 26 -0.02763
11 27 -0.0280385
11 28 -0.0280099
11 29 -0.0263734
11 30 -0.0246325
11 31 -0.0227324
11 32 -0.0204062
11 33 -0.0163705
11 34 -0.0122168
11 35 -0.00850553
11 36 -0.00469287
11 37 0.000641313
11 38 0.00752737
11 39 0.0143918
11 40 0.0212116
11 41 0.028121
11 42 0.036344
11 43 0.0443493
11 44 0.0514437
11 45 0.0558676
11 46 0.0584793
11 47 0.0590543
11 48 0.0590565
11 49 0.0583363
11 50 0.058209
11 51 0.058142
11 52 0.0586618
11 53 0.0584672
11 54 0.0576842
11 55 0.0548757
11 56 0.0502393
11 57 0.0429361
11 58 0.0347225
11 59 0.0262707
11 60 0.0191701
11 61 0.0120948
11 62 0.00506974
11 63 -0.00209995
11 64 -0.00755988
11 65 -0.0116749
11 66 -0.0154927
11 67 -0.0199455
11 68 -0.0241066
11 69 -0.0267022
11 70 -0.0287901
11 71 -0.0307564
11 72 -0.0326533
11 73 -0.03286
11 74 -0.0327316
11 75 -0.032791
11 76 -0.0326625
11 77 -0.030451
11 78 -0.0267329
11 79 -0.023544
11 80 -0.0208691
11 81 -0.0180836
11 82 -0.013925
11 83 -0.0100041
11 84 -0.00474475
11 85 0.00199813
11 86 0.00717566
11 87 0.0111212
11 88 0.0151802
11 89 0.0206675
11 90 0.0245329
11 91 0.0287298
11 92 0.0373348
11 93 0.0427057
11 94 0.0450453
11 95 0.0492593
11 96 0.049802
11 97 0.0490409
11 98 0.0509646
11 99 0.050576
11 100 0.00624298
11 101 0

12 0 0
12 1 0.00433503
12 2 0.0377523
12 3 0.0408425
12 4 0.0379176
12 5 0.0392113
12 6 0.0380994
12 7 0.0310687
12 8 0.0288464
12 9 0.0265332
12 10 0.0216759
12 11 0.0170493
12 12 0.0120907
12 13 0.0110862
12 14 0.00526606
12 15 -0.00426356
12 16 -0.00779858
12 17 -0.0123357
12 18 -0.0148566
12 19 -0.018725
12 20 -0.0233234
12 21 -0.0229032
12 22 -0.0262608
12 23 -0.0275208
12 24 -0.0307146
12 25 -0.0324615
12 26 -0.0310054
12 27 -0.0324588
12 28 -0.0300216
12 29 -0.0309203
12 30 -0.0278567
12 31 -0.0265787
12 32 -0.023793
12 33 -0.0195391
12 34 -0.0168353
12 35 -0.0115041
12 36 -0.0093021
12 37 -0.00151152
12 38 0.00345481
12 39 0.0123884
12 40 0.017208
12 41 0.0257215
12 42 0.0327927
12 43 0.0421382
12 44 0.0480548
12 45 0.0518324
12 46 0.052333
12 47 0.0516886
12 48 0.0510888
12 49 0.0503928
12 50 0.0505587
12 51 0.0502063
12 52 0.0508561
12 53 0.0511206
12 54 0.0518553
12 55 0.0508621
12 56 0.047306
12 57 0.0407463
12 58 0.0317297
12 59 0.0239119
12 60 0.0157659
12 61 0.0102116
12 62 0.0015436
12 63 -0.00394953
12 64 -0.01179
12 65 -0.0140691
12 66 -0.0199928
12 67 -0.0221523
12 68 -0.0276332
12 69 -0.0293396
12 70 -0.0322349
12 71 -0.0341751
12 72 -0.0346122
12 73 -0.0366655
12 74 -0.0354159
12 75 -0.0377639
12 76 -0.0347174
12 77 -0.0332505
12 78 -0.0299431
12 79 -0.0276162
12 80 -0.0269376
12 81 -0.0212918
12 82 -0.0184651
12 83 -0.0134922
12 84 -0.0110422
12 85 -0.00652355
12 86 0.00294101
12 87 0.00673514
12 88 0.0105496
12 89 0.0142425
12 90 0.0204503
12 91 0.0281629
12 92 0.0295639
12 93 0.035453
12 94 0.0428341
12 95 0.0426886
12 96 0.0446127
12 97 0.0461479
12 98 0.043332
12 99 0.0446467
12 100 0.0056793
12 101 0

13 0 0
13 1 0.00418551
13 2 0.0335005
13 3 0.0341351
13 4 0.0336095
13 5 0.0330605
13 6 0.0324094
13 7 0.029444
13 8 0.0256761
13 9 0.0205146
13 10 0.0144939
13 11 0.0124108
13 12 0.0110862
13 13 0.00591443
13 14 -0.00089565
13 15 -0.00717936
13 16 -0.0114075
13 17 -0.0150862
13 18 -0.019984
13 19 -0.0250222
13 20 -0.0292429
13 21 -0.0306163
13 22 -0.0307391
13 23 -0.0321129
13 24 -0.0344358
13 25 -0.0361687
13 26 -0.0353444
13 27 -0.0340352
13 28 -0.0334273
13 29 -0.0330593
13 30 -0.031818
13 31 -0.0295072
13 32 -0.0270678
13 33 -0.0241083
13 34 -0.0209083
13 35 -0.0169886
13 36 -0.0124971
13 37 -0.00651607
13 38 0.000300528
13 39 0.00736336
13 40 0.0141091
13 41 0.0215687
13 42 0.0301155
13 43 0.0385432
13 44 0.0445509
13 45 0.0467048
13 46 0.0460084
13 47 0.0442889
13 48 0.0433889
13 49 0.0431623
13 50 0.04332
13 51 0.0430912
13 52 0.043254
13 53 0.0440648
13 54 0.0457172
13 55 0.0462955
13 56 0.0440609
13 57 0.0378972
13 58 0.0293646
13 59 0.0206179
13 60 0.0130175
13 61 0.00602744
13 62 -0.00122323
13 63 -0.00832345
13 64 -0.0145447
13 65 -0.0193462
13 66 -0.0235491
13 67 -0.0270591
13 68 -0.030312
13 69 -0.0330086
13 70 -0.0355673
13 71 -0.0369239
13 72 -0.0374323
13 73 -0.0379226
13 74 -0.039223
13 75 -0.0397169
13 76 -0.0378276
13 77 -0.0352103
13 78 -0.0336006
13 79 -0.0335737
13 80 -0.0320622
13 81 -0.0283356
13 82 -0.023485
13 83 -0.0189388
13 84 -0.0156399
13 85 -0.0111394
13 86 -0.00477738
13 87 0.00287471
13 88 0.00867711
13 89 0.0109432
13 90 0.0144384
13 91 0.0202863
13 92 0.0261904
13 93 0.0309185
13 94 0.0341264
13 95 0.0372469
13 96 0.0394991
13 97 0.0402803
13 98 0.0404227
13 99 0.0389236
13 100 0.00464496
13 101 0

14 0 0
14 1 0.00354357
14 2 0.0295089
14 3 0.0306419
14 4 0.0293915
14 5 0.0286711
14 6 0.0262797
14 7 0.0218501
14 8 0.0205339
14 9 0.0176692
14 10 0.0116882
14 11 0.00884763
14 12 0.00526606
14 13 -0.00089565
14 14 -0.0059869
14 15 -0.0104803
14 16 -0.0143603
14 17 -0.0192304
14 18 -0.0244353
14 19 -0.0292434
14 20 -0.0340184
14 21 -0.0357414
14 22 -0.0360657
14 23 -0.0368381
14 24 -0.0392231
14 25 -0.0413211
14 26 -0.0402363
14 27 -0.0386576
14 28 -0.0374922
14 29 -0.0372831
14 30 -0.035548
14 31 -0.032813
14 32 -0.0302937
14 33 -0.0277428
14 34 -0.0247647
14 35 -0.020201
14 36 -0.0153041
14 37 -0.00924254
14 38 -0.00299048
14 39 0.00420069
14 40 0.0112553
14 41 0.0193399
14 42 0.0277033
14 43 0.0356753
14 44 0.0405032
14 45 0.0415563
14 46 0.0395764
14 47 0.037324
14 48 0.0362696
14 49 0.0365217
14 50 0.0367739
14 51 0.0365039
14 52 0.0362442
14 53 0.037255
14 54 0.0394942
14 55 0.0413909
14 56 0.0403032
14 57 0.0353419
14 58 0.0272994
14 59 0.0187478
14 60 0.0105452
14 61 0.00325342
14 62 -0.00410954
14 63 -0.0106269
14 64 -0.0169123
14 65 -0.0220616
14 66 -0.0268906
14 67 -0.0300488
14 68 -0.0328867
14 69 -0.0354519
14 70 -0.0384628
14 71 -0.040084
14 72 -0.0404997
14 73 -0.0414535
14 74 -0.0430857
14 75 -0.0440385
14 76 -0.0417925
14 77 -0.0395779
14 78 -0.0385766
14 79 -0.0387764
14 80 -0.0370679
14 81 -0.0328607
14 82 -0.0285018
14 83 -0.023447
14 84 -0.0190967
14 85 -0.0147283
14 86 -0.0102365
14 87 -0.00413398
14 88 0.00282696
14 89 0.00644062
14 90 0.0110769
14 91 0.0171594
14 92 0.0203893
14 93 0.0232724
14 94 0.0272376
14 95 0.031043
14 96 0.0332668
14 97 0.0342441
14 98 0.0350174
14 99 0.0339111
14 100 0.00406442
14 101 0

15 0 0
15 1 0.0033338
15 2 0.0264069
15 3 0.0251249
15 4 0.0231204
15 5 0.0220689
15 6 0.0207565
15 7 0.0191808
15 8 0.0158052
15 9 0.0123473
15 10 0.0108278
15 11 0.00381363
15 12 -0.00426356
15 13 -0.00717936
15 14 -0.0104803
15 15 -0.0129135
15 16 -0.0178265
15 17 -0.0237169
15 18 -0.0268061
15 19 -0.0328572
15 20 -0.0368146
15 21 -0.0403189
15 22 -0.0420616
15 23 -0.0418765
15 24 -0.0454659
15 25 -0.0458409
15 26 -0.0463752
15 27 -0.0439676
15 28 -0.0424336
15 29 -0.0420411
15 30 -0.0387272
15 31 -0.0370626
15 32 -0.0329982
15 33 -0.032094
15 34 -0.0275578
15 35 -0.0234834
15 36 -0.0175087
15 37 -0.0120724
15 38 -0.00622058
15 39 0.00146796
15 40 0.00864793
15 41 0.0180482
15 42 0.0250418
15 43 0.0330657
15 44 0.0353615
15 45 0.0366523
15 46 0.032653
15 47 0.031552
15 48 0.0293093
15 49 0.0313134
15 50 0.0303761
15 51 0.0313504
15 52 0.0293918
15 53 0.0316475
15 54 0.0327674
15 55 0.0367611
15 56 0.0354102
15 57 0.033119
15 58 0.0248904
15 59 0.0179635
15 60 0.00814898
15 61 0.00116196
15 62 -0.00718559
15 63 -0.0126691
15 64 -0.0189659
15 65 -0.0244118
15 66 -0.0293755
15 67 -0.0333581
15 68 -0.0348701
15 69 -0.0386323
15 70 -0.0402814
15 71 -0.0438698
15 72 -0.0435032
15 73 -0.0460192
15 74 -0.0473082
15 75 -0.0481154
15 76 -0.0471581
15 77 -0.0444476
15 78 -0.0454231
15 79 -0.0433986
15 80 -0.0418158
15 81 -0.0367576
15 82 -0.0320112
15 83 -0.0283963
15 84 -0.0215884
15 85 -0.0174634
15 86 -0.0130234
15 87 -0.010532
15 88 -0.00669479
15 89 0.0019884
15 90 0.00742926
15 91 0.0112085
15 92 0.0143048
15 93 0.018209
15 94 0.0229533
15 95 0.0232761
15 96 0.0254503
15 97 0.0285168
15 98 0.0272893
15 99 0.0296574
15 100 0.00390462
15 101 0

16 0 0
16 1 0.00285834
16 2 0.0222928
16 3 0.0209213
16 4 0.0197406
16 5 0.0167722
16 6 0.014734
16 7 0.0145798
16 8 0.0127204
16 9 0.00906989
16 10 0.00372521
16 11 -0.00293799
16 12 -0.00779858
16 13 -0.0114075
16 14 -0.0143603
16 15 -0.0178265
16 16 -0.0232897
16 17 -0.027755
16 18 -0.0318831
16 19 -0.0356678
16 20 -0.0394415
16 21 -0.0438733
16 22 -0.0453565
16 23 -0.0466841
16 24 -0.0479894
16 25 -0.0496904
16 26 -0.0510087
16 27 -0.0495602
16 28 -0.0489114
16 29 -0.0468892
16 30 -0.0452115
16 31 -0.0422494
16 32 -0.0395792
16 33 -0.0371449
16 34 -0.0325402
16 35 -0.0275013
16 36 -0.0208007
16 37 -0.0158071
16 38 -0.00872995
16 39 -0.00137768
16 40 0.00829911
16 41 0.0168333
16 42 0.0248217
16 43 0.0300613
16 44 0.0326034
16 45 0.0317878
16 46 0.0290935
16 47 0.0269228
16 48 0.0263414
16 49 0.0274465
16 50 0.0278742
16 51 0.0275697
16 52 0.0265375
16 53 0.0272791
16 54 0.0294559
16 55 0.032338
16 56 0.0330788
16 57 0.0307433
16 58 0.0253441
16 59 0.0175659
16 60 0.00880428
16 61 -0.000692906
16 62 -0.00829253
16 63 -0.0152852
16 64 -0.0204661
16 65 -0.027269
16 66 -0.0323453
16 67 -0.0373212
16 68 -0.0396011
16 69 -0.0429102
16 70 -0.0456117
16 71 -0.0480428
16 72 -0.049945
16 73 -0.0511788
16 74 -0.0529396
16 75 -0.0517897
16 76 -0.0508986
16 77 -0.0493581
16 78 -0.0489697
16 79 -0.0472478
16 80 -0.0432328
16 81 -0.0397604
16 82 -0.0355716
16 83 -0.0321722
16 84 -0.0270997
16 85 -0.0217437
16 86 -0.0183421
16 87 -0.0149807
16 88 -0.0115148
16 89 -0.00565486
16 90 0.00127909
16 91 0.00699774
16 92 0.0115789
16 93 0.0131189
16 94 0.0136041
16 95 0.0161668
16 96 0.0194047
16 97 0.0220269
16 98 0.0243359
16 99 0.0253177
16 100 0.00305911
16 101 0

17 0 0
17 1 0.00206321
17 2 0.0174648
17 3 0.0173714
17 4 0.0151305
17 5 0.0142734
17 6 0.0125748
17 7 0.00916776
17 8 0.00669398
17 9 0.00374636
17 10 -0.000996134
17 11 -0.00727269
17 12 -0.0123357
17 13 -0.0150862
17 14 -0.0192304
17 15 -0.0237169
17 16 -0.027755
17 17 -0.0324595
17 18 -0.0356563
17 19 -0.0386106
17 20 -0.0423274
17 21 -0.0464556
17 22 -0.0496501
17 23 -0.0502293
17 24 -0.0509704
17 25 -0.0528517
17 26 -0.0548933
17 27 -0.0550968
17 28 -0.0535069
17 29 -0.0519458
17 30 -0.0501387
17 31 -0.0480649
17 32 -0.0453189
17 33 -0.0420764
17 34 -0.0374676
17 35 -0.0317129
17 36 -0.0256367
17 37 -0.0197583
17 38 -0.012794
17 39 -0.00392855
17 40 0.00613921
17 41 0.0152939
17 42 0.0221056
17 43 0.0261699
17 44 0.0274626
17 45 0.0264987
17 46 0.0242409
17 47 0.0227162
17 48 0.0227077
17 49 0.0240003
17 50 0.0246477
17 51 0.0242155
17 52 0.0231246
17 53 0.0233477
17 54 0.0250468
17 55 0.027505
17 56 0.0286046
17 57 0.027485
17 58 0.0235104
17 59 0.0168303
17 60 0.00771663
17 61 -0.00227887
17 62 -0.0111541
17 63 -0.0181273
17 64 -0.0240782
17 65 -0.0302654
17 66 -0.0361877
17 67 -0.0410201
17 68 -0.0445706
17 69 -0.0476469
17 70 -0.0501824
17 71 -0.052417
17 72 -0.0545139
17 73 -0.0566291
17 74 -0.0568735
17 75 -0.0554133
17 76 -0.0537705
17 77 -0.0534879
17 78 -0.0529532
17 79 -0.0498772
17 80 -0.0457452
17 81 -0.0418127
17 82 -0.0391009
17 83 -0.0356744
17 84 -0.0315781
17 85 -0.0276779
17 86 -0.0230239
17 87 -0.0196291
17 88 -0.016322
17 89 -0.0112173
17 90 -0.0045779
17 91 0.00152355
17 92 0.00425108
17 93 0.00739811
17 94 0.0109005
17 95 0.0111284
17 96 0.0127303
17 97 0.015692
17 98 0.0172255
17 99 0.0203304
17 100 0.00271891
17 101 0

18 0 0
18 1 0.0016192
18 2 0.0121833
18 3 0.0112696
18 4 0.0135325
18 5 0.0115296
18 6 0.00919885
18 7 0.00831595
18 8 0.00139773
18 9 -0.0046873
18 10 -0.00682643
18 11 -0.0109556
18 12 -0.0148566
18 13 -0.019984
18 14 -0.0244353
18 15 -0.0268061
18 16 -0.0318831
18 17 -0.0356563
18 18 -0.039477
18 19 -0.0429544
18 20 -0.0457491
18 21 -0.0513994
18 22 -0.0536112
18 23 -0.0545447
18 24 -0.0541063
18 25 -0.0550915
18 26 -0.058233
18 27 -0.0575492
18 28 -0.0570127
18 29 -0.0544897
18 30 -0.0541598
18 31 -0.0524364
18 32 -0.0497114
18 33 -0.0465851
18 34 -0.0415925
18 35 -0.0372794
18 36 -0.0305926
18 37 -0.0253988
18 38 -0.0167644
18 39 -0.00809994
18 40 0.00320417
18 41 0.0113159
18 42 0.0176944
18 43 0.0198946
18 44 0.0208268
18 45 0.0197415
18 46 0.0186407
18 47 0.0179107
18 48 0.0185862
18 49 0.0199996
18 50 0.0207466
18 51 0.0203589
18 52 0.0192316
18 53 0.0189686
18 54 0.0198913
18 55 0.0214356
18 56 0.0226022
18 57 0.0221132
18 58 0.0198733
18 59 0.013889
18 60 0.00562465
18 61 -0.00540815
18 62 -0.0143021
18 63 -0.0228881
18 64 -0.0283198
18 65 -0.0352907
18 66 -0.0397587
18 67 -0.0454437
18 68 -0.0485593
18 69 -0.0523463
18 70 -0.0538804
18 71 -0.0553901
18 72 -0.0576899
18 73 -0.0590349
18 74 -0.0598119
18 75 -0.0566298
18 76 -0.0563991
18 77 -0.0560467
18 78 -0.056341
18 79 -0.0535104
18 80 -0.0487274
18 81 -0.0464186
18 82 -0.0427577
18 83 -0.0402754
18 84 -0.0356743
18 85 -0.031765
18 86 -0.0288353
18 87 -0.0234455
18 88 -0.0191052
18 89 -0.0134758
18 90 -0.0104996
18 91 -0.00892498
18 92 -0.00225017
18 93 0.00239067
18 94 0.0046215
18 95 0.00825257
18 96 0.010183
18 97 0.0114326
18 98 0.0131273
18 99 0.0136007
18 100 0.00166678
18 101 0

19 0 0
19 1 0.00087635
19 2 0.00842298
19 3 0.00961214
19 4 0.0103365
19 5 0.00860785
19 6 0.00482332
19 7 0.000524224
19 8 -0.0026125
19 9 -0.00546392
19 10 -0.0102681
19 11 -0.0142779
19 12 -0.018725
19 13 -0.0250222
19 14 -0.0292434
19 15 -0.0328572
19 16 -0.0356678
19 17 -0.0386106
19 18 -0.0429544
19 19 -0.0454288
19 20 -0.0494583
19 21 -0.0535508
19 22 -0.0567034
19 23 -0.0585102
19 24 -0.057589
19 25 -0.059744
19 26 -0.0612315
19 27 -0.061991
19 28 -0.0605887
19 29 -0.0584602
19 30 -0.0582384
19 31 -0.0556054
19 32 -0.0532012
19 33 -0.0483636
19 34 -0.0448922
19 35 -0.0397783
19 36 -0.0342859
19 37 -0.0273812
19 38 -0.0188076
19 39 -0.00930553
19 40 0.00127413
19 41 0.00854607
19 42 0.0136637
19 43 0.0142547
19 44 0.0149778
19 45 0.0136483
19 46 0.0142288
19 47 0.0136569
19 48 0.0155847
19 49 0.0160884
19 50 0.0176952
19 51 0.0164918
19 52 0.0163758
19 53 0.014839
19 54 0.0157666
19 55 0.0155252
19 56 0.0171737
19 57 0.0166869
19 58 0.0163848
19 59 0.0113429
19 60 0.00434481
19 61 -0.00637338
19 62 -0.015602
19 63 -0.0245564
19 64 -0.0311922
19 65 -0.0372813
19 66 -0.042182
19 67 -0.0463606
19 68 -0.0511673
19 69 -0.0542006
19 70 -0.0571784
19 71 -0.0577207
19 72 -0.0607168
19 73 -0.0619943
19 74 -0.0624778
19 75 -0.060641
19 76 -0.0594997
19 77 -0.0605014
19 78 -0.0588409
19 79 -0.0565896
19 80 -0.0519154
19 81 -0.0490322
19 82 -0.0462335
19 83 -0.0421554
19 84 -0.0394959
19 85 -0.0361838
19 86 -0.0336489
19 87 -0.0289778
19 88 -0.0233138
19 89 -0.0194666
19 90 -0.0149878
19 91 -0.0114927
19 92 -0.00821406
19 93 -0.00473721
19 94 -0.00100717
19 95 0.00459409
19 96 0.00739317
19 97 0.00775859
19 98 0.00898851
19 99 0.00741595
19 100 0.000730529
19 101 0

20 0 0
20 1 0.0010335
20 2 0.00739987
20 3 0.00510589
20 4 0.00359852
20 5 0.00164427
20 6 -9.03476e-05
20 7 -0.0016105
20 8 -0.00546806
20 9 -0.00873998
20 10 -0.0109742
20 11 -0.0164851
20 12 -0.0233234
20 13 -0.0292429
20 14 -0.0340184
20 15 -0.0368146
20 16 -0.0394415
20 17 -0.0423274
20 18 -0.0457491
20 19 -0.0494583
20 20 -0.0521074
20 21 -0.0556514
20 22 -0.0595038
20 23 -0.061666
20 24 -0.0624547
20 25 -0.0629982
20 26 -0.064461
20 27 -0.0651575
20 28 -0.0640879
20 29 -0.0625962
20 30 -0.0611602
20 31 -0.0588376
20 32 -0.055127
20 33 -0.0509862
20 34 -0.0472484
20 35 -0.0427987
20 36 -0.0366717
20 37 -0.0287872
20 38 -0.0196858
20 39 -0.0099544
20 40 -0.000684191
20 41 0.0060512
20 42 0.00937991
20 43 0.00982424
20 44 0.00958026
20 45 0.00963917
20 46 0.0105752
20 47 0.0117374
20 48 0.0132385
20 49 0.014385
20 50 0.0151225
20 51 0.0148448
20 52 0.0141516
20 53 0.0130902
20 54 0.0123493
20 55 0.0118051
20 56 0.0121123
20 57 0.0126723
20 58 0.0125178
20 59 0.00940374
20 60 0.00286411
20 61 -0.00631254
20 62 -0.015956
20 63 -0.0250926
20 64 -0.0330042
20 65 -0.0392852
20 66 -0.0438782
20 67 -0.0478612
20 68 -0.0522664
20 69 -0.0562849
20 70 -0.0590164
20 71 -0.0608331
20 72 -0.0628884
20 73 -0.0644918
20 74 -0.064407
20 75 -0.0636915
20 76 -0.0636361
20 77 -0.063583
20 78 -0.0618634
20 79 -0.0582937
20 80 -0.0552132
20 81 -0.0522846
20 82 -0.0488774
20 83 -0.0455454
20 84 -0.0423822
20 85 -0.0403708
20 86 -0.037661
20 87 -0.0337902
20 88 -0.029154
20 89 -0.0229268
20 90 -0.0186567
20 91 -0.0163249
20 92 -0.0123368
20 93 -0.00765377
20 94 -0.00375292
20 95 -0.00118044
20 96 0.00057624
20 97 0.00215987
20 98 0.00282112
20 99 0.00374593
20 100 0.000589943
20 101 0

21 0 0
21 1 0.000882599
21 2 0.00576681
21 3 0.00291686
21 4 0.000869558
21 5 -0.00308418
21 6 -0.00588957
21 7 -0.00684475
21 8 -0.0082368
21 9 -0.0107847
21 10 -0.0155721
21 11 -0.0187849
21 12 -0.0229032
21 13 -0.0306163
21 14 -0.0357414
21 15 -0.0403189
21 16 -0.0438733
21 17 -0.0464556
21 18 -0.0513994
21 19 -0.0535508
21 20 -0.0556514
21 21 -0.0580928
21 22 -0.061089
21 23 -0.0649091
21 24 -0.0647212
21 25 -0.0652892
21 26 -0.0656899
21 27 -0.0672662
21 28 -0.067554
21 29 -0.0658728
21 30 -0.0647897
21 31 -0.0613782
21 32 -0.0587085
21 33 -0.0540742
21 34 -0.0511167
21 35 -0.0458329
21 36 -0.0390591
21 37 -0.0299451
21 38 -0.0201413
21 39 -0.0110407
21 40 -0.00228739
21 41 0.00297368
21 42 0.00632577
21 43 0.00583245
21 44 0.00661371
21 45 0.00676089
21 46 0.00969659
21 47 0.0109912
21 48 0.0136066
21 49 0.0137679
21 50 0.015198
21 51 0.0143062
21 52 0.0146757
21 53 0.0125814
21 54 0.0117972
21 55 0.00932903
21 56 0.00967012
21 57 0.00925489
21 58 0.010221
21 59 0.00707632
21 60 0.00227983
21 61 -0.00648435
21 62 -0.0151364
21 63 -0.0252151
21 64 -0.0339415
21 65 -0.0412542
21 66 -0.0463141
21 67 -0.0499858
21 68 -0.0547174
21 69 -0.05808
21 70 -0.0620631
21 71 -0.0635949
21 72 -0.0663347
21 73 -0.0661739
21 74 -0.0658872
21 75 -0.0653967
21 76 -0.0658677
21 77 -0.0659617
21 78 -0.0623872
21 79 -0.0598299
21 80 -0.0568538
21 81 -0.055847
21 82 -0.0530363
21 83 -0.0494422
21 84 -0.0477335
21 85 -0.0446442
21 86 -0.0424305
21 87 -0.0369423
21 88 -0.0305008
21 89 -0.0265372
21 90 -0.0217898
21 91 -0.0177874
21 92 -0.0134357
21 93 -0.0118299
21 94 -0.0120981
21 95 -0.00768901
21 96 -0.00497074
21 97 -0.00347755
21 98 0.00115164
21 99 0.00134079
21 100 5.68764e-05
21 101 0

22 0 0
22 1 0.000377317
22 2 0.00319441
22 3 0.00155621
22 4 -0.00275344
22 5 -0.00456031
22 6 -0.00693402
22 7 -0.01134
22 8 -0.0129054
22 9 -0.014576
22 10 -0.0181215
22 11 -0.0215018
22 12 -0.0262608
22 13 -0.0307391
22 14 -0.0360657
22 15 -0.0420616
22 16 -0.0453565
22 17 -0.0496501
22 18 -0.0536112
22 19 -0.0567034
22 20 -0.0595038
22 21 -0.061089
22 22 -0.0655955
22 23 -0.0684352
22 24 -0.0690553
22 25 -0.0682497
22 26 -0.0676737
22 27 -0.0698513
22 28 -0.0692345
22 29 -0.0682116
22 30 -0.0650606
22 31 -0.0625869
22 32 -0.0595695
22 33 -0.0558471
22 34 -0.0526778
22 35 -0.0467154
22 36 -0.039896
22 37 -0.0296497
22 38 -0.0211136
22 39 -0.0119803
22 40 -0.00574428
22 41 -0.00029479
22 42 0.00145921
22 43 0.0021666
22 44 0.00229159
22 45 0.00430238
22 46 0.00729924
22 47 0.0102773
22 48 0.0122295
22 49 0.0129869
22 50 0.0134935
22 51 0.0135774
22 52 0.0134604
22 53 0.0120207
22 54 0.00970541
22 55 0.00711472
22 56 0.00575986
22 57 0.00591108
22 58 0.0058162
22 59 0.00419753
22 60 -0.000734194
22 61 -0.00696327
22 62 -0.0157472
22 63 -0.0243593
22 64 -0.0345238
22 65 -0.0414221
22 66 -0.0476792
22 67 -0.0508377
22 68 -0.0552849
22 69 -0.0581674
22 70 -0.061672
22 71 -0.0646928
22 72 -0.0667008
22 73 -0.0674959
22 74 -0.0658994
22 75 -0.0672228
22 76 -0.0681027
22 77 -0.0687753
22 78 -0.0656499
22 79 -0.062332
22 80 -0.0610832
22 81 -0.0589855
22 82 -0.0571875
22 83 -0.0532787
22 84 -0.0507138
22 85 -0.0475588
22 86 -0.04238
22 87 -0.0380498
22 88 -0.0329093
22 89 -0.0290112
22 90 -0.0247479
22 91 -0.0205301
22 92 -0.0193663
22 93 -0.0166967
22 94 -0.0134348
22 95 -0.0125207
22 96 -0.010607
22 97 -0.00736973
22 98 -0.00452771
22 99 -0.0014335
22 100 7.39168e-05
22 101 0

23 0 0
23 1 6.20876e-05
23 2 -0.000557944
23 3 -0.00195868
23 4 -0.00270015
23 5 -0.00536883
23 6 -0.00796025
23 7 -0.0104222
23 8 -0.0151872
23 9 -0.0201906
23 10 -0.0235193
23 11 -0.025208
23 12 -0.0275208
23 13 -0.0321129
23 14 -0.0368381
23 15 -0.0418765
23 16 -0.0466841
23 17 -0.0502293
23 18 -0.0545447
23 19 -0.0585102
23 20 -0.061666
23 21 -0.0649091
23 22 -0.0684352
23 23 -0.0720385
23 24 -0.0728348
23 25 -0.0715668
23 26 -0.0712216
23 27 -0.0720751
23 28 -0.0719923
23 29 -0.0695267
23 30 -0.0663703
23 31 -0.0636807
23 32 -0.0609385
23 33 -0.0574102
23 34 -0.0529236
23 35 -0.0467842
23 36 -0.0387263
23 37 -0.0293254
23 38 -0.0206123
23 39 -0.0132815
23 40 -0.00749574
23 41 -0.003258
23 42 -0.00101661
23 43 -0.00027986
23 44 0.000753323
23 45 0.00332977
23 46 0.00729409
23 47 0.010797
23 48 0.0128665
23 49 0.0134166
23 50 0.0137317
23 51 0.0140712
23 52 0.0141722
23 53 0.0127317
23 54 0.00984869
23 55 0.0064575
23 56 0.00444341
23 57 0.00389659
23 58 0.00364004
23 59 0.00176938
23 60 -0.00209364
23 61 -0.00764417
23 62 -0.0147303
23 63 -0.0233441
23 64 -0.0326585
23 65 -0.0407309
23 66 -0.046964
23 67 -0.0515589
23 68 -0.0553436
23 69 -0.0583135
23 70 -0.0613394
23 71 -0.0648861
23 72 -0.0677074
23 73 -0.0682962
23 74 -0.0679309
23 75 -0.0688767
23 76 -0.070938
23 77 -0.0710129
23 78 -0.0687158
23 79 -0.0660583
23 80 -0.064002
23 81 -0.0621317
23 82 -0.0588849
23 83 -0.0558314
23 84 -0.052642
23 85 -0.0480611
23 86 -0.0431576
23 87 -0.0376355
23 88 -0.0332194
23 89 -0.0307721
23 90 -0.0293825
23 91 -0.0275222
23 92 -0.0232463
23 93 -0.0199449
23 94 -0.01805
23 95 -0.0142668
23 96 -0.0112509
23 97 -0.00910072
23 98 -0.00637941
23 99 -0.00590412
23 100 -0.000767573
23 101 0

24 0 0
24 1 -0.000567115
24 2 -0.00304765
24 3 -0.00182985
24 4 -0.00444286
24 5 -0.00541489
24 6 -0.00849979
24 7 -0.014726
24 8 -0.0164708
24 9 -0.0190024
24 10 -0.0244865
24 11 -0.0272781
24 12 -0.0307146
24 13 -0.0344358
24 14 -0.0392231
24 15 -0.0454659
24 16 -0.0479894
24 17 -0.0509704
24 18 -0.0541063
24 19 -0.057589
24 20 -0.0624547
24 21 -0.0647212
24 22 -0.0690553
24 23 -0.0728348
24 24 -0.0750549
24 25 -0.075565
24 26 -0.0747102
24 27 -0.0761002
24 28 -0.0748314
24 29 -0.0729682
24 30 -0.0691891
24 31 -0.0666154
24 32 -0.0635519
24 33 -0.0587368
24 34 -0.053272
24 35 -0.0453869
24 36 -0.0377313
24 37 -0.0277738
24 38 -0.0204651
24 39 -0.0130327
24 40 -0.00863765
24 41 -0.00389624
24 42 -0.00188046
24 43 1.53457e-05
24 44 0.00136059
24 45 0.00489278
24 46 0.00926444
24 47 0.0133021
24 48 0.0153299
24 49 0.015691
24 50 0.0158818
24 51 0.0163644
24 52 0.016734
24 53 0.0152988
24 54 0.0120268
24 55 0.00814441
24 56 0.00539015
24 57 0.00441737
24 58 0.00328029
24 59 0.00152807
24 60 -0.00252619
24 61 -0.00672572
24 62 -0.0136265
24 63 -0.0207359
24 64 -0.0304255
24 65 -0.0378103
24 66 -0.0457864
24 67 -0.0509166
24 68 -0.0562191
24 69 -0.0590205
24 70 -0.0624644
24 71 -0.0662662
24 72 -0.0693111
24 73 -0.0711131
24 74 -0.0709131
24 75 -0.0730716
24 76 -0.0733586
24 77 -0.0729678
24 78 -0.069842
24 79 -0.0675147
24 80 -0.0654701
24 81 -0.0615095
24 82 -0.0586332
24 83 -0.0546934
24 84 -0.052976
24 85 -0.0495407
24 86 -0.0441499
24 87 -0.0403566
24 88 -0.0363542
24 89 -0.0353553
24 90 -0.0325599
24 91 -0.0278475
24 92 -0.0267528
24 93 -0.0236492
24 94 -0.0187038
24 95 -0.0154402
24 96 -0.0124458
24 97 -0.0105625
24 98 -0.0100307
24 99 -0.0100585
24 100 -0.0012819
24 101 0

25 0 0
25 1 -0.000301908
25 2 -0.00342033
25 3 -0.00492355
