0 0 0
0 1 0
0 2 0
0 3 0
0 4 0
0 5 0
0 6 0
0 7 0
0 8 0
0 9 0
0 10 0
0 11 0
0 12 0
0 13 0
0 14 0
0 15 0
0 16 0
0 17 0
0 18 0
0 19 0
0 20 0
0 21 0
0 22 0
0 23 0
0 24 0
0 25 0
0 26 0
0 27 0
0 28 0
0 29 0
0 30 0
0 31 0
0 32 0
0 33 0
0 34 0
0 35 0
0 36 0
0 37 0
0 38 0
0 39 0
0 40 0
0 41 0
0 42 0
0 43 0
0 44 0
0 45 0
0 46 0
0 47 0
0 48 0
0 49 0
0 50 0
0 51 0
0 52 0
0 53 0
0 54 0
0 55 0
0 56 0
0 57 0
0 58 0
0 59 0
0 60 0
0 61 0
0 62 0
0 63 0
0 64 0
0 65 0
0 66 0
0 67 0
0 68 0
0 69 0
0 70 0
0 71 0
0 72 0
0 73 0
0 74 0
0 75 0
0 76 0
0 77 0
0 78 0
0 79 0
0 80 0
0 81 0
0 82 0
0 83 0
0 84 0
0 85 0
0 86 0
0 87 0
0 88 0
0 89 0
0 90 0
0 91 0
0 92 0
0 93 0
0 94 0
0 95 0
0 96 0
0 97 0
0 98 0
0 99 0
0 100 0
0 101 0

1 0 0
1 1 0
1 2 -0.112103
1 3 -0.110912
1 4 -0.10881
1 5 -0.105829
1 6 -0.102011
1 7 -0.0974194
1 8 -0.0921244
1 9 -0.0862091
1 10 -0.0797699
1 11 -0.0728907
1 12 -0.0656904
1 13 -0.0582796
1 14 -0.0507806
1 15 -0.0432958
1 16 -0.0359433
1 17 -0.0288475
1 18 -0.0221096
1 19 -0.0158258
1 20 -0.0101078
1 21 -0.00504241
1 22 -0.000700363
1 23 0.00286394
1 24 0.0055916
1 25 0.00745495
1 26 0.00842037
1 27 0.00847054
1 28 0.0076328
1 29 0.00593069
1 30 0.00338342
1 31 3.6164e-05
1 32 -0.00404208
1 33 -0.0087717
1 34 -0.014074
1 35 -0.0198626
1 36 -0.026024
1 37 -0.0324478
1 38 -0.0390344
1 39 -0.0456712
1 40 -0.052244
1 41 -0.0586298
1 42 -0.0647209
1 43 -0.0704167
1 44 -0.075629
1 45 -0.0802778
1 46 -0.0842601
1 47 -0.0875115
1 48 -0.0899886
1 49 -0.0916388
1 50 -0.0924359
1 51 -0.0923767
1 52 -0.091441
1 53 -0.089657
1 54 -0.0870612
1 55 -0.0836776
1 56 -0.0795736
1 57 -0.0748284
1 58 -0.0695029
1 59 -0.0637003
1 60 -0.0575191
1 61 -0.0510478
1 62 -0.0444006
1 63 -0.0376908
1 64 -0.0310451
1 65 -0.024567
1 66 -0.018363
1 67 -0.0125571
1 68 -0.00722755
1 69 -0.00246789
1 70 0.00161333
1 71 0.00494936
1 72 0.0074877
1 73 0.00918362
1 74 0.00998964
1 75 0.00988459
1 76 0.00888157
1 77 0.00697447
1 78 0.00418699
1 79 0.00055817
1 80 -0.00386353
1 81 -0.00900602
1 82 -0.0147967
1 83 -0.0211462
1 84 -0.0279698
1 85 -0.0351426
1 86 -0.0425629
1 87 -0.0501187
1 88 -0.0576925
1 89 -0.0651686
1 90 -0.0724414
1 91 -0.0793823
1 92 -0.0858783
1 93 -0.0918328
1 94 -0.0971725
1 95 -0.101801
1 96 -0.105644
1 97 -0.108651
1 98 -0.110764
1 99 -0.111963
1 100 0
1 101 0

2 0 0
2 1 -0.112103
2 2 -0.900617
2 3 -0.891044
2 4 -0.874159
2 5 -0.850207
2 6 -0.819547
2 7 -0.782656
2 8 -0.74012
2 9 -0.692596
2 10 -0.640825
2 11 -0.585588
2 12 -0.527752
2 13 -0.46822
2 14 -0.407932
2 15 -0.347795
2 16 -0.288746
2 17 -0.231711
2 18 -0.177567
2 19 -0.127131
2 20 -0.0812055
2 21 -0.0404804
2 22 -0.00556192
2 23 0.0230623
2 24 0.0449855
2 25 0.059906
2 26 0.0676291
2 27 0.06809
2 28 0.061373
2 29 0.0476414
2 30 0.0271449
2 31 0.000285471
2 32 -0.0324462
2 33 -0.070453
2 34 -0.113061
2 35 -0.159522
2 36 -0.209016
2 37 -0.260658
2 38 -0.313589
2 39 -0.366894
2 40 -0.419655
2 41 -0.470955
2 42 -0.519915
2 43 -0.565722
2 44 -0.607615
2 45 -0.644875
2 46 -0.676857
2 47 -0.703011
2 48 -0.722889
2 49 -0.736154
2 50 -0.742586
2 51 -0.742056
2 52 -0.734573
2 53 -0.720262
2 54 -0.69936
2 55 -0.672218
2 56 -0.639296
2 57 -0.601145
2 58 -0.558393
2 59 -0.51175
2 60 -0.462019
2 61 -0.41003
2 62 -0.356642
2 63 -0.30278
2 64 -0.249373
2 65 -0.197307
2 66 -0.1475
2 67 -0.100797
2 68 -0.057993
2 69 -0.0198402
2 70 0.0129502
2 71 0.0397837
2 72 0.0601842
2 73 0.073778
2 74 0.080262
2 75 0.079474
2 76 0.0713858
2 77 0.0560599
2 78 0.0336685
2 79 0.00451183
2 80 -0.0309884
2 81 -0.0723105
2 82 -0.118852
2 83 -0.169893
2 84 -0.22466
2 85 -0.282301
2 86 -0.341935
2 87 -0.402646
2 88 -0.463503
2 89 -0.523567
2 90 -0.581936
2 91 -0.637667
2 92 -0.689885
2 93 -0.737803
2 94 -0.780688
2 95 -0.817865
2 96 -0.848753
2 97 -0.872873
2 98 -0.889871
2 99 -0.899494
2 100 -0.111963
2 101 0

3 0 0
3 1 -0.110912
3 2 -0.891044
3 3 -0.881514
3 4 -0.864697
3 5 -0.840825
3 6 -0.810288
3 7 -0.773521
3 8 -0.731128
3 9 -0.683755
3 10 -0.632115
3 11 -0.577105
3 12 -0.51947
3 13 -0.460143
3 14 -0.4
3 15 -0.340062
3 16 -0.281238
3 17 -0.224378
3 18 -0.170412
3 19 -0.120222
3 20 -0.0744782
3 21 -0.0338845
3 22 0.000936299
3 23 0.0294226
3 24 0.0512363
3 25 0.0659968
3 26 0.0735981
3 27 0.0740584
3 28 0.0673057
3 29 0.0534669
3 30 0.0329267
3 31 0.00610932
3 32 -0.0265526
3 33 -0.0645198
3 34 -0.107077
3 35 -0.153415
3 36 -0.202816
3 37 -0.25442
3 38 -0.307278
3 39 -0.360475
3 40 -0.413091
3 41 -0.464291
3 42 -0.5132
3 43 -0.558977
3 44 -0.600807
3 45 -0.637898
3 46 -0.669797
3 47 -0.695926
3 48 -0.715745
3 49 -0.728996
3 50 -0.735444
3 51 -0.734869
3 52 -0.727438
3 53 -0.713182
3 54 -0.692287
3 55 -0.665258
3 56 -0.632474
3 57 -0.594389
3 58 -0.551751
3 59 -0.505168
3 60 -0.455458
3 61 -0.403561
3 62 -0.350294
3 63 -0.296584
3 64 -0.243253
3 65 -0.191257
3 66 -0.141557
3 67 -0.0948633
3 68 -0.052142
3 69 -0.0141449
3 70 0.0186036
3 71 0.0454582
3 72 0.0658892
3 73 0.0794768
3 74 0.0860213
3 75 0.0853606
3 76 0.0773237
3 77 0.0620897
3 78 0.0398198
3 79 0.0108032
3 80 -0.0245159
3 81 -0.06569
3 82 -0.11207
3 83 -0.162952
3 84 -0.217458
3 85 -0.274915
3 86 -0.334368
3 87 -0.394886
3 88 -0.455544
3 89 -0.515402
3 90 -0.573486
3 91 -0.628992
3 92 -0.68108
3 93 -0.728929
3 94 -0.771664
3 95 -0.808699
3 96 -0.839488
3 97 -0.863483
3 98 -0.880423
3 99 -0.889991
3 100 -0.110779
3 101 0

4 0 0
4 1 -0.10881
4 2 -0.874159
4 3 -0.864697
4 4 -0.847953
4 5 -0.824175
4 6 -0.79378
4 7 -0.757211
4 8 -0.714999
4 9 -0.667858
4 10 -0.616439
4 11 -0.561622
4 12 -0.504247
4 13 -0.445178
4 14 -0.385287
4 15 -0.325647
4 16 -0.267114
4 17 -0.210526
4 18 -0.15683
4 19 -0.106926
4 20 -0.0613962
4 21 -0.0210085
4 22 0.0136216
4 23 0.0419436
4 24 0.0635521
4 25 0.0781511
4 26 0.0856279
4 27 0.0859448
4 28 0.0790337
4 29 0.0651408
4 30 0.0446118
4 31 0.0177834
4 32 -0.0148979
4 33 -0.0529001
4 34 -0.0954198
4 35 -0.141759
4 36 -0.191094
4 37 -0.242684
4 38 -0.295457
4 39 -0.348596
4 40 -0.401121
4 41 -0.452249
4 42 -0.50109
4 43 -0.54679
4 44 -0.588518
4 45 -0.625589
4 46 -0.65744
4 47 -0.68348
4 48 -0.703306
4 49 -0.716607
4 50 -0.723021
4 51 -0.722496
4 52 -0.715017
4 53 -0.700744
4 54 -0.679903
4 55 -0.652941
4 56 -0.620231
4 57 -0.582195
4 58 -0.539679
4 59 -0.493289
4 60 -0.443705
4 61 -0.391876
4 62 -0.338639
4 63 -0.284998
4 64 -0.231699
4 65 -0.179839
4 66 -0.130126
4 67 -0.0834471
4 68 -0.0407384
4 69 -0.00278192
4 70 0.0299374
4 71 0.0568454
4 72 0.0773231
4 73 0.0909458
4 74 0.0975775
4 75 0.0970379
4 76 0.0891819
4 77 0.0740908
4 78 0.0520406
4 79 0.0232341
4 80 -0.0119338
4 81 -0.0529109
4 82 -0.0990295
4 83 -0.1496
4 84 -0.203859
4 85 -0.261002
4 86 -0.320132
4 87 -0.380347
4 88 -0.440755
4 89 -0.5004
4 90 -0.558268
4 91 -0.613533
4 92 -0.665383
4 93 -0.712994
4 94 -0.755486
4 95 -0.792352
4 96 -0.823004
4 97 -0.846924
4 98 -0.863751
4 99 -0.873235
4 100 -0.108693
4 101 0

5 0 0
5 1 -0.105829
5 2 -0.850207
5 3 -0.840825
5 4 -0.824175
5 5 -0.800533
5 6 -0.770279
5 7 -0.73388
5 8 -0.691904
5 9 -0.645006
5 10 -0.593862
5 11 -0.539355
5 12 -0.482329
5 13 -0.423605
5 14 -0.364092
5 15 -0.304765
5 16 -0.246566
5 17 -0.190297
5 18 -0.136921
5 19 -0.0872823
5 20 -0.0421226
5 21 -0.00203345
5 22 0.0322998
5 23 0.0603598
5 24 0.081717
5 25 0.0961576
5 26 0.103437
5 27 0.103555
5 28 0.0964739
5 29 0.0824939
5 30 0.0618909
5 31 0.0349371
5 32 0.00216797
5 33 -0.035857
5 34 -0.0783717
5 35 -0.124762
5 36 -0.174066
5 37 -0.225643
5 38 -0.278348
5 39 -0.331472
5 40 -0.38393
5 41 -0.435043
5 42 -0.483791
5 43 -0.529446
5 44 -0.571128
5 45 -0.608199
5 46 -0.640037
5 47 -0.666016
5 48 -0.685826
5 49 -0.699074
5 50 -0.705415
5 51 -0.704928
5 52 -0.697521
5 53 -0.683309
5 54 -0.662594
5 55 -0.635677
5 56 -0.602984
5 57 -0.564993
5 58 -0.52252
5 59 -0.476252
5 60 -0.426729
5 61 -0.374954
5 62 -0.321798
5 63 -0.268254
5 64 -0.214988
5 65 -0.163204
5 66 -0.113495
5 67 -0.0668799
5 68 -0.0241209
5 69 0.0139173
5 70 0.0467569
5 71 0.0736958
5 72 0.0942423
5 73 0.107966
5 74 0.114718
5 75 0.11439
5 76 0.106709
5 77 0.0918987
5 78 0.0700216
5 79 0.0414967
5 80 0.00660232
5 81 -0.0340308
5 82 -0.0797673
5 83 -0.130037
5 84 -0.183975
5 85 -0.240777
5 86 -0.29954
5 87 -0.359397
5 88 -0.419469
5 89 -0.478787
5 90 -0.536355
5 91 -0.591311
5 92 -0.64286
5 93 -0.690136
5 94 -0.732395
5 95 -0.769092
5 96 -0.799623
5 97 -0.823404
5 98 -0.840135
5 99 -0.849495
5 100 -0.105734
5 101 0

6 0 0
6 1 -0.102011
6 2 -0.819547
6 3 -0.810288
6 4 -0.79378
6 5 -0.770279
6 6 -0.740236
6 7 -0.704089
6 8 -0.662344
6 9 -0.615758
6 10 -0.564932
6 11 -0.510712
6 12 -0.454048
6 13 -0.395762
6 14 -0.336649
6 15 -0.277674
6 16 -0.219839
6 17 -0.164052
6 18 -0.111046
6 19 -0.0617801
6 20 -0.0169571
6 21 0.0227768
6 22 0.0567849
6 23 0.0844804
6 24 0.1055
6 25 0.119665
6 26 0.12675
6 27 0.126644
6 28 0.119393
6 29 0.105224
6 30 0.0843937
6 31 0.0572587
6 32 0.0243992
6 33 -0.0136754
6 34 -0.0562682
6 35 -0.102662
6 36 -0.152029
6 37 -0.203543
6 38 -0.256268
6 39 -0.309355
6 40 -0.361858
6 41 -0.412922
6 42 -0.461676
6 43 -0.507288
6 44 -0.54894
6 45 -0.585991
6 46 -0.617762
6 47 -0.643764
6 48 -0.663543
6 49 -0.676747
6 50 -0.68309
6 51 -0.682629
6 52 -0.67526
6 53 -0.661148
6 54 -0.640494
6 55 -0.613605
6 56 -0.580908
6 57 -0.543042
6 58 -0.500643
6 59 -0.454401
6 60 -0.404951
6 61 -0.353199
6 62 -0.300134
6 63 -0.246602
6 64 -0.193377
6 65 -0.141564
6 66 -0.0918999
6 67 -0.0452693
6 68 -0.00248581
6 69 0.0356751
6 70 0.068574
6 71 0.0956535
6 72 0.116297
6 73 0.130245
6 74 0.137303
6 75 0.13712
6 76 0.129702
6 77 0.115138
6 78 0.0936016
6 79 0.0653633
6 80 0.0308373
6 81 -0.00936532
6 82 -0.0547341
6 83 -0.104581
6 84 -0.158127
6 85 -0.214551
6 86 -0.272891
6 87 -0.332334
6 88 -0.391957
6 89 -0.450907
6 90 -0.508134
6 91 -0.562726
6 92 -0.613942
6 93 -0.66094
6 94 -0.702974
6 95 -0.739414
6 96 -0.769627
6 97 -0.793249
6 98 -0.809838
6 99 -0.819134
6 100 -0.101959
6 101 0

7 0 0
7 1 -0.0974194
7 2 -0.782656
7 3 -0.773521
7 4 -0.757211
7 5 -0.73388
7 6 -0.704089
7 7 -0.668185
7 8 -0.62678
7 9 -0.580549
7 10 -0.5301
7 11 -0.476251
7 12 -0.41996
7 13 -0.362109
7 14 -0.303396
7 15 -0.244813
7 16 -0.187459
7 17 -0.132128
7 18 -0.0796093
7 19 -0.030757
7 20 0.0135928
7 21 0.0529425
7 22 0.0865444
7 23 0.113822
7 24 0.134514
7 25 0.148357
7 26 0.155184
7 27 0.154736
7 28 0.147223
7 29 0.132815
7 30 0.11173
7 31 0.084488
7 32 0.0514301
7 33 0.0132234
7 34 -0.0294405
7 35 -0.0759241
7 36 -0.125306
7 37 -0.176886
7 38 -0.229633
7 39 -0.282741
7 40 -0.33525
7 41 -0.386284
7 42 -0.435014
7 43 -0.480604
7 44 -0.522253
7 45 -0.559279
7 46 -0.591009
7 47 -0.617028
7 48 -0.636777
7 49 -0.649936
7 50 -0.656384
7 51 -0.655899
7 52 -0.648563
7 53 -0.634471
7 54 -0.613872
7 55 -0.587061
7 56 -0.554413
7 57 -0.51665
7 58 -0.474315
7 59 -0.428069
7 60 -0.378688
7 61 -0.327031
7 62 -0.274021
7 63 -0.220514
7 64 -0.167301
7 65 -0.115459
7 66 -0.0657343
7 67 -0.0190484
7 68 0.0238275
7 69 0.0620877
7 70 0.0951379
7 71 0.122364
7 72 0.143171
7 73 0.157395
7 74 0.164721
7 75 0.164804
7 76 0.157703
7 77 0.143483
7 78 0.122291
7 79 0.0944332
7 80 0.0603806
7 81 0.0206335
7 82 -0.0243313
7 83 -0.0737034
7 84 -0.126767
7 85 -0.182747
7 86 -0.240615
7 87 -0.299593
7 88 -0.358796
7 89 -0.417296
7 90 -0.474105
7 91 -0.528302
7 92 -0.579132
7 93 -0.625767
7 94 -0.66749
7 95 -0.703619
7 96 -0.733624
7 97 -0.756972
7 98 -0.773416
7 99 -0.782611
7 100 -0.0974145
7 101 0

8 0 0
8 1 -0.0921244
8 2 -0.74012
8 3 -0.731128
8 4 -0.714999
8 5 -0.691904
8 6 -0.662344
8 7 -0.62678
8 8 -0.585692
8 9 -0.539857
8 10 -0.489845
8 11 -0.43644
8 12 -0.380535
8 13 -0.323127
8 14 -0.264904
8 15 -0.206794
8 16 -0.149916
8 17 -0.0951241
8 18 -0.0431543
8 19 0.00522573
8 20 0.0490684
8 21 0.0878403
8 22 0.12101
8 23 0.147914
8 24 0.1682
8 25 0.181641
8 26 0.18804
8 27 0.187275
8 28 0.179466
8 29 0.164789
8 30 0.143551
8 31 0.11608
8 32 0.0828419
8 33 0.0444628
8 34 0.00158896
8 35 -0.0449831
8 36 -0.0944331
8 37 -0.145981
8 38 -0.198838
8 39 -0.251991
8 40 -0.304513
8 41 -0.355492
8 42 -0.404205
8 43 -0.449809
8 44 -0.491436
8 45 -0.528488
8 46 -0.560251
8 47 -0.586282
8 48 -0.606037
8 49 -0.619229
8 50 -0.625665
8 51 -0.625237
8 52 -0.617937
8 53 -0.60389
8 54 -0.583319
8 55 -0.556514
8 56 -0.523889
8 57 -0.486186
8 58 -0.443846
8 59 -0.397676
8 60 -0.348372
8 61 -0.296799
8 62 -0.24388
8 63 -0.190316
8 64 -0.137117
8 65 -0.0852347
8 66 -0.0354672
8 67 0.0113286
8 68 0.0543042
8 69 0.0927486
8 70 0.125899
8 71 0.153305
8 72 0.174433
8 73 0.188903
8 74 0.1965
8 75 0.196918
8 76 0.190204
8 77 0.176368
8 78 0.15558
8 79 0.128191
8 80 0.0946097
8 81 0.0553367
8 82 0.0109167
8 83 -0.0379182
8 84 -0.0904676
8 85 -0.145858
8 86 -0.203244
8 87 -0.26171
8 88 -0.320405
8 89 -0.378447
8 90 -0.434711
8 91 -0.488476
8 92 -0.538901
8 93 -0.585178
8 94 -0.626537
8 95 -0.662348
8 96 -0.69203
8 97 -0.715178
8 98 -0.731402
8 99 -0.740482
8 100 -0.0921742
8 101 0

9 0 0
9 1 -0.0862091
9 2 -0.692596
9 3 -0.683755
9 4 -0.667858
9 5 -0.645006
9 6 -0.615758
9 7 -0.580549
9 8 -0.539857
9 9 -0.49432
9 10 -0.444724
9 11 -0.391761
9 12 -0.336358
9 13 -0.279487
9 14 -0.22183
9 15 -0.164314
9 16 -0.107943
9 17 -0.0536858
9 18 -0.00227855
9 19 0.0455526
9 20 0.0888358
9 21 0.127036
9 22 0.159709
9 23 0.186172
9 24 0.206046
9 25 0.219008
9 26 0.224964
9 27 0.223819
9 28 0.215661
9 29 0.200646
9 30 0.179108
9 31 0.151414
9 32 0.117932
9 33 0.079421
9 34 0.0364267
9 35 -0.0102862
9 36 -0.0598623
9 37 -0.11147
9 38 -0.16436
9 39 -0.217577
9 40 -0.270131
9 41 -0.321151
9 42 -0.369898
9 43 -0.415533
9 44 -0.457151
9 45 -0.49418
9 46 -0.525958
9 47 -0.551967
9 48 -0.571757
9 49 -0.584977
9 50 -0.591443
9 51 -0.591028
9 52 -0.583794
9 53 -0.569764
9 54 -0.549202
9 55 -0.522477
9 56 -0.489976
9 57 -0.452323
9 58 -0.410034
9 59 -0.363868
9 60 -0.314573
9 61 -0.263039
9 62 -0.210084
9 63 -0.156511
9 64 -0.103297
9 65 -0.0513571
9 66 -0.00155822
9 67 0.0453254
9 68 0.0884142
9 69 0.127014
9 70 0.160383
9 71 0.187999
9 72 0.20943
9 73 0.224236
9 74 0.232116
9 75 0.23297
9 76 0.226681
9 77 0.213251
9 78 0.192967
9 79 0.166103
9 80 0.13303
9 81 0.0942938
9 82 0.050455
9 83 0.00215659
9 84 -0.049811
9 85 -0.104606
9 86 -0.161378
9 87 -0.219314
9 88 -0.277439
9 89 -0.334927
9 90 -0.390694
9 91 -0.443898
9 92 -0.493878
9 93 -0.539748
9 94 -0.580742
9 95 -0.616207
9 96 -0.645643
9 97 -0.668519
9 98 -0.684552
9 99 -0.693399
9 100 -0.0863057
9 101 0

10 0 0
10 1 -0.0797699
10 2 -0.640825
10 3 -0.632115
10 4 -0.616439
10 5 -0.593862
10 6 -0.564932
10 7 -0.5301
10 8 -0.489845
10 9 -0.444724
10 10 -0.395642
10 11 -0.343138
10 12 -0.288322
10 13 -0.231999
10 14 -0.17493
10 15 -0.118004
10 16 -0.0622852
10 17 -0.00857924
10 18 0.0422577
10 19 0.0895048
10 20 0.132216
10 21 0.169856
10 22 0.201917
10 23 0.227856
10 24 0.247206
10 25 0.259735
10 26 0.265268
10 27 0.263823
10 28 0.255312
10 29 0.239896
10 30 0.217975
10 31 0.189927
10 32 0.156234
10 33 0.117504
10 34 0.0743714
10 35 0.0275249
10 36 -0.022254
10 37 -0.07401
10 38 -0.126926
10 39 -0.180228
10 40 -0.232858
10 41 -0.283915
10 42 -0.332675
10 43 -0.378251
10 44 -0.419925
10 45 -0.456939
10 46 -0.488747
10 47 -0.514769
10 48 -0.534573
10 49 -0.547801
10 50 -0.554307
10 51 -0.553907
10 52 -0.546712
10 53 -0.532737
10 54 -0.51225
10 55 -0.485561
10 56 -0.45309
10 57 -0.415491
10 58 -0.373282
10 59 -0.32718
10 60 -0.277977
10 61 -0.226398
10 62 -0.173403
10 63 -0.119838
10 64 -0.066557
10 65 -0.0145244
10 66 0.0353704
10 67 0.0823455
10 68 0.125587
10 69 0.164356
10 70 0.197982
10 71 0.225913
10 72 0.24765
10 73 0.262827
10 74 0.271088
10 75 0.27232
10 76 0.266396
10 77 0.253441
10 78 0.233694
10 79 0.207429
10 80 0.174911
10 81 0.136784
10 82 0.0935243
10 83 0.0458641
10 84 -0.00547828
10 85 -0.0596815
10 86 -0.115869
10 87 -0.173179
10 88 -0.230651
10 89 -0.287499
10 90 -0.342716
10 91 -0.395337
10 92 -0.444834
10 93 -0.490193
10 94 -0.530806
10 95 -0.565871
10 96 -0.594967
10 97 -0.617623
10 98 -0.63344
10 99 -0.642103
10 100 -0.0799203
10 101 0

11 0 0
11 1 -0.0728907
11 2 -0.585588
11 3 -0.577105
11 4 -0.561622
11 5 -0.539355
11 6 -0.510712
11 7 -0.476251
11 8 -0.43644
11 9 -0.391761
11 10 -0.343138
11 11 -0.291259
11 12 -0.237007
11 13 -0.181268
11 14 -0.124777
11 15 -0.0685046
11 16 -0.0134447
11 17 0.0396071
11 18 0.089812
11 19 0.136412
11 20 0.178523
11 21 0.215576
11 22 0.247017
11 23 0.27232
11 24 0.29111
11 25 0.303164
11 26 0.308281
11 27 0.306406
11 28 0.297466
11 29 0.281684
11 30 0.259418
11 31 0.231002
11 32 0.197048
11 33 0.158091
11 34 0.114753
11 35 0.0677249
11 36 0.0177501
11 37 -0.0341482
11 38 -0.0871585
11 39 -0.140483
11 40 -0.19314
11 41 -0.244308
11 42 -0.293088
11 43 -0.338751
11 44 -0.380411
11 45 -0.41751
11 46 -0.44929
11 47 -0.475321
11 48 -0.495129
11 49 -0.508442
11 50 -0.514985
11 51 -0.51463
11 52 -0.507475
11 53 -0.493526
11 54 -0.473083
11 55 -0.446459
11 56 -0.413993
11 57 -0.376465
11 58 -0.33426
11 59 -0.28819
11 60 -0.238961
11 61 -0.187412
11 62 -0.134412
11 63 -0.0808576
11 64 -0.0275291
11 65 0.0246003
11 66 0.0746085
11 67 0.121748
11 68 0.165183
11 69 0.204167
11 70 0.238065
11 71 0.266276
11 72 0.288382
11 73 0.303875
11 74 0.312543
11 75 0.314221
11 76 0.308762
11 77 0.29634
11 78 0.277172
11 79 0.251481
11 80 0.21956
11 81 0.182089
11 82 0.139536
11 83 0.092586
11 84 0.041885
11 85 -0.0116718
11 86 -0.0671876
11 87 -0.123828
11 88 -0.180631
11 89 -0.236812
11 90 -0.291422
11 91 -0.343554
11 92 -0.392547
11 93 -0.437408
11 94 -0.4775
11 95 -0.512217
11 96 -0.540972
11 97 -0.56332
11 98 -0.578908
11 99 -0.587388
11 100 -0.0731095
11 101 0

12 0 0
12 1 -0.0656904
12 2 -0.527752
12 3 -0.51947
12 4 -0.504247
12 5 -0.482329
12 6 -0.454048
12 7 -0.41996
12 8 -0.380535
12 9 -0.336358
12 10 -0.288322
12 11 -0.237007
12 12 -0.183335
12 13 -0.128203
12 14 -0.0723352
12 15 -0.0167491
12 16 0.0375799
12 17 0.0899741
12 18 0.139532
12 19 0.185425
12 20 0.226907
12 21 0.26333
12 22 0.29417
12 23 0.318852
12 24 0.337078
12 25 0.348602
12 26 0.353165
12 27 0.350787
12 28 0.341408
12 29 0.325237
12 30 0.302639
12 31 0.273892
12 32 0.239669
12 33 0.200413
12 34 0.156774
12 35 0.109595
12 36 0.0595121
12 37 0.00751534
12 38 -0.045611
12 39 -0.0990402
12 40 -0.151781
12 41 -0.203021
12 42 -0.251906
12 43 -0.297558
12 44 -0.33928
12 45 -0.376358
12 46 -0.408169
12 47 -0.434171
12 48 -0.454034
12 49 -0.467366
12 50 -0.473973
12 51 -0.473666
12 52 -0.466528
12 53 -0.452632
12 54 -0.432248
12 55 -0.405664
12 56 -0.373276
12 57 -0.335789
12 58 -0.293658
12 59 -0.247542
12 60 -0.198314
12 61 -0.146765
12 62 -0.0937515
12 63 -0.0401519
12 64 0.0132012
12 65 0.0654174
12 66 0.115506
12 67 0.162777
12 68 0.206393
12 69 0.245618
12 70 0.279814
12 71 0.308358
12 72 0.330784
12 73 0.346692
12 74 0.355799
12 75 0.357981
12 76 0.353093
12 77 0.34124
12 78 0.322671
12 79 0.297508
12 80 0.266237
12 81 0.229426
12 82 0.187564
12 83 0.141337
12 84 0.0913527
12 85 0.0385128
12 86 -0.0162407
12 87 -0.0721779
12 88 -0.12834
12 89 -0.183866
12 90 -0.237815
12 91 -0.28936
12 92 -0.337796
12 93 -0.382151
12 94 -0.421756
12 95 -0.456041
12 96 -0.484398
12 97 -0.506418
12 98 -0.521748
12 99 -0.530089
12 100 -0.0659831
12 101 0

13 0 0
13 1 -0.0582796
13 2 -0.46822
13 3 -0.460143
13 4 -0.445178
13 5 -0.423605
13 6 -0.395762
13 7 -0.362109
13 8 -0.323127
13 9 -0.279487
13 10 -0.231999
13 11 -0.181268
13 12 -0.128203
13 13 -0.0736851
13 14 -0.0185094
13 15 0.0364095
13 16 0.0900634
13 17 0.141715
13 18 0.190578
13 19 0.235731
13 20 0.276501
13 21 0.31229
13 22 0.342513
13 23 0.366611
13 24 0.384181
13 25 0.395128
13 26 0.399151
13 27 0.396289
13 28 0.386506
13 29 0.369947
13 30 0.346962
13 31 0.317889
13 32 0.283339
13 33 0.243796
13 34 0.199958
13 35 0.152562
13 36 0.102391
13 37 0.0502409
13 38 -0.00305097
13 39 -0.0565975
13 40 -0.109414
13 41 -0.160709
13 42 -0.209588
13 43 -0.255301
13 44 -0.297018
13 45 -0.334098
13 46 -0.365918
13 47 -0.391979
13 48 -0.411822
13 49 -0.42518
13 50 -0.431791
13 51 -0.431543
13 52 -0.424442
13 53 -0.410604
13 54 -0.390302
13 55 -0.363824
13 56 -0.331491
13 57 -0.294015
13 58 -0.25193
13 59 -0.205889
13 60 -0.15671
13 61 -0.1052
13 62 -0.0521541
13 63 0.00153487
13 64 0.0549901
13 65 0.107237
13 66 0.157507
13 67 0.204884
13 68 0.248671
13 69 0.288122
13 70 0.322605
13 71 0.351454
13 72 0.374267
13 73 0.390602
13 74 0.400129
13 75 0.402786
13 76 0.398458
13 77 0.387212
13 78 0.369231
13 79 0.34477
13 80 0.314134
13 81 0.278007
13 82 0.236857
13 83 0.191378
13 84 0.142168
13 85 0.0900823
13 86 0.036085
13 87 -0.0191253
13 88 -0.074586
13 89 -0.129452
13 90 -0.182755
13 91 -0.233622
13 92 -0.281483
13 93 -0.325318
13 94 -0.364439
13 95 -0.398294
13 96 -0.426222
13 97 -0.44785
13 98 -0.462914
13 99 -0.471092
13 100 -0.058642
13 101 0

14 0 0
14 1 -0.0507806
14 2 -0.407932
14 3 -0.4
14 4 -0.385287
14 5 -0.364092
14 6 -0.336649
14 7 -0.303396
14 8 -0.264904
14 9 -0.22183
14 10 -0.17493
14 11 -0.124777
14 12 -0.0723352
14 13 -0.0185094
14 14 0.0360157
14 15 0.0902128
14 16 0.143113
14 17 0.19403
14 18 0.242088
14 19 0.286539
14 20 0.32662
14 21 0.361707
14 22 0.391288
14 23 0.414726
14 24 0.431677
14 25 0.442037
14 26 0.44548
14 27 0.442098
14 28 0.43186
14 29 0.414892
14 30 0.391578
14 31 0.36215
14 32 0.327258
14 33 0.287449
14 34 0.243377
14 35 0.195821
14 36 0.145462
14 37 0.0931708
14 38 0.0397343
14 39 -0.0138727
14 40 -0.0668106
14 41 -0.118105
14 42 -0.167018
14 43 -0.212764
14 44 -0.254495
14 45 -0.291562
14 46 -0.323433
14 47 -0.349506
14 48 -0.369361
14 49 -0.382745
14 50 -0.389404
14 51 -0.389201
14 52 -0.382176
14 53 -0.368374
14 54 -0.348089
14 55 -0.321697
14 56 -0.289431
14 57 -0.251999
14 58 -0.209964
14 59 -0.163992
14 60 -0.114895
14 61 -0.0634142
14 62 -0.0103891
14 63 0.0434084
14 64 0.0969173
14 65 0.149305
14 66 0.199638
14 67 0.247196
14 68 0.291176
14 69 0.330868
14 70 0.365629
14 71 0.394827
14 72 0.418015
14 73 0.434748
14 74 0.444739
14 75 0.447929
14 76 0.444195
14 77 0.433523
14 78 0.416158
14 79 0.392355
14 80 0.362492
14 81 0.327064
14 82 0.286598
14 83 0.241891
14 84 0.193492
14 85 0.142248
14 86 0.0889892
14 87 0.0345471
14 88 -0.0201451
14 89 -0.0743031
14 90 -0.126937
14 91 -0.177199
14 92 -0.224419
14 93 -0.267677
14 94 -0.306273
14 95 -0.339676
14 96 -0.367227
14 97 -0.388528
14 98 -0.403293
14 99 -0.411297
14 100 -0.0512031
14 101 0

15 0 0
15 1 -0.0432958
15 2 -0.347795
15 3 -0.340062
15 4 -0.325647
15 5 -0.304765
15 6 -0.277674
15 7 -0.244813
15 8 -0.206794
15 9 -0.164314
15 10 -0.118004
15 11 -0.0685046
15 12 -0.0167491
15 13 0.0364095
15 14 0.0902128
15 15 0.143638
15 16 0.195788
15 17 0.245945
15 18 0.293282
15 19 0.337043
15 20 0.376408
15 21 0.410795
15 22 0.439633
15 23 0.462394
15 24 0.478754
15 25 0.488509
15 26 0.491399
15 27 0.487444
15 28 0.476722
15 29 0.459301
15 30 0.435582
15 31 0.405845
15 32 0.370647
15 33 0.330571
15 34 0.28627
15 35 0.238479
15 36 0.188004
15 37 0.135565
15 38 0.0821211
15 39 0.0284497
15 40 -0.0245751
15 41 -0.0759284
15 42 -0.124856
15 43 -0.170633
15 44 -0.212395
15 45 -0.249486
15 46 -0.281393
15 47 -0.307478
15 48 -0.327352
15 49 -0.340803
15 50 -0.347473
15 51 -0.34731
15 52 -0.340319
15 53 -0.326561
15 54 -0.306312
15 55 -0.279997
15 56 -0.247835
15 57 -0.210436
15 58 -0.168461
15 59 -0.122572
15 60 -0.0735022
15 61 -0.0220078
15 62 0.03103
15 63 0.0847707
15 64 0.13833
15 65 0.190745
15 66 0.24119
15 67 0.288894
15 68 0.333109
15 69 0.373007
15 70 0.408065
15 71 0.43764
15 72 0.461238
15 73 0.478396
15 74 0.488872
15 75 0.492562
15 76 0.489408
15 77 0.479402
15 78 0.46268
15 79 0.439535
15 80 0.410388
15 81 0.375751
15 82 0.336041
15 83 0.292092
15 84 0.244532
15 85 0.194076
15 86 0.14158
15 87 0.0879249
15 88 0.0339992
15 89 -0.0194279
15 90 -0.0713468
15 91 -0.120915
15 92 -0.16749
15 93 -0.210159
15 94 -0.24823
15 95 -0.281179
15 96 -0.308359
15 97 -0.329361
15 98 -0.343878
15 99 -0.351631
15 100 -0.0437715
15 101 0

16 0 0
16 1 -0.0359433
16 2 -0.288746
16 3 -0.281238
16 4 -0.267114
16 5 -0.246566
16 6 -0.219839
16 7 -0.187459
16 8 -0.149916
16 9 -0.107943
16 10 -0.0622852
16 11 -0.0134447
16 12 0.0375799
16 13 0.0900634
16 14 0.143113
16 15 0.195788
16 16 0.247211
16 17 0.296698
16 18 0.343312
16 19 0.386328
16 20 0.424982
16 21 0.4586
16 22 0.48672
16 23 0.508829
16 24 0.524597
16 25 0.533787
16 26 0.536083
16 27 0.531612
16 28 0.52038
16 29 0.502522
16 30 0.478395
16 31 0.448313
16 32 0.412839
16 33 0.372511
16 34 0.327968
16 35 0.279987
16 36 0.229311
16 37 0.176785
16 38 0.123282
16 39 0.0696189
16 40 0.0165227
16 41 -0.0348494
16 42 -0.0837997
16 43 -0.129621
16 44 -0.171395
16 45 -0.20853
16 46 -0.2405
16 47 -0.266576
16 48 -0.286502
16 49 -0.299933
16 50 -0.306586
16 51 -0.306444
16 52 -0.299526
16 53 -0.285846
16 54 -0.26573
16 55 -0.239466
16 56 -0.20736
16 57 -0.17004
16 58 -0.128109
16 59 -0.0822661
16 60 -0.0332344
16 61 0.018288
16 62 0.0712551
16 63 0.124912
16 64 0.178466
16 65 0.230987
16 66 0.281537
16 67 0.329454
16 68 0.373868
16 69 0.413964
16 70 0.449263
16 71 0.479223
16 72 0.503195
16 73 0.52084
16 74 0.531809
16 75 0.53599
16 76 0.533385
16 77 0.523991
16 78 0.507942
16 79 0.48549
16 80 0.457089
16 81 0.423223
16 82 0.384334
16 83 0.341159
16 84 0.294317
16 85 0.244629
16 86 0.19291
16 87 0.140058
16 88 0.0869337
16 89 0.034284
16 90 -0.0169123
16 91 -0.0657639
16 92 -0.111727
16 93 -0.153819
16 94 -0.191351
16 95 -0.223816
16 96 -0.250572
16 97 -0.271224
16 98 -0.285464
16 99 -0.293008
16 100 -0.0364749
16 101 0

17 0 0
17 1 -0.0288475
17 2 -0.231711
17 3 -0.224378
17 4 -0.210526
17 5 -0.190297
17 6 -0.164052
17 7 -0.132128
17 8 -0.0951241
17 9 -0.0536858
17 10 -0.00857924
17 11 0.0396071
17 12 0.0899741
17 13 0.141715
17 14 0.19403
17 15 0.245945
17 16 0.296698
17 17 0.345467
17 18 0.391304
17 19 0.433534
17 20 0.471413
17 21 0.504312
17 22 0.531723
17 23 0.553181
17 24 0.568389
17 25 0.576972
17 26 0.578734
17 27 0.5737
17 28 0.561979
17 29 0.543702
17 30 0.519186
17 31 0.488802
17 32 0.453019
17 33 0.41245
17 34 0.367784
17 35 0.319611
17 36 0.268796
17 37 0.2161
17 38 0.162554
17 39 0.108851
17 40 0.0557593
17 41 0.00431514
17 42 -0.0446934
17 43 -0.0904757
17 44 -0.132189
17 45 -0.16936
17 46 -0.20132
17 47 -0.22742
17 48 -0.247369
17 49 -0.260828
17 50 -0.267526
17 51 -0.267427
17 52 -0.260554
17 53 -0.246917
17 54 -0.226861
17 55 -0.200695
17 56 -0.1687
17 57 -0.131468
17 58 -0.0895915
17 59 -0.0438065
17 60 0.00518351
17 61 0.0566007
17 62 0.109534
17 63 0.163185
17 64 0.216764
17 65 0.269318
17 66 0.320004
17 67 0.368035
17 68 0.412643
17 69 0.452949
17 70 0.488548
17 71 0.518802
17 72 0.54314
17 73 0.561174
17 74 0.57261
17 75 0.57735
17 76 0.575336
17 77 0.566551
17 78 0.551139
17 79 0.529414
17 80 0.501784
17 81 0.468656
17 82 0.430562
17 83 0.388135
17 84 0.34208
17 85 0.29323
17 86 0.242353
17 87 0.190292
17 88 0.137922
17 89 0.0860437
17 90 0.0355841
17 91 -0.0126563
17 92 -0.0579834
17 93 -0.0994744
17 94 -0.136451
17 95 -0.168389
17 96 -0.19478
17 97 -0.215047
17 98 -0.229015
17 99 -0.236332
17 100 -0.0294184
17 101 0

18 0 0
18 1 -0.0221096
18 2 -0.177567
18 3 -0.170412
18 4 -0.15683
18 5 -0.136921
18 6 -0.111046
18 7 -0.0796093
18 8 -0.0431543
18 9 -0.00227855
18 10 0.0422577
18 11 0.089812
18 12 0.139532
18 13 0.190578
18 14 0.242088
18 15 0.293282
18 16 0.343312
18 17 0.391304
18 18 0.43641
18 19 0.477835
18 20 0.514968
18 21 0.54716
18 22 0.573897
18 23 0.594692
18 24 0.609278
18 25 0.617275
18 26 0.618488
18 27 0.612948
18 28 0.600808
18 29 0.582134
18 30 0.55725
18 31 0.526591
18 32 0.490523
18 33 0.449725
18 34 0.404847
18 35 0.356573
18 36 0.305675
18 37 0.25293
18 38 0.19922
18 39 0.145451
18 40 0.0923675
18 41 0.0409278
18 42 -0.00805307
18 43 -0.0537755
18 44 -0.0954858
18 45 -0.132611
18 46 -0.164547
18 47 -0.19065
18 48 -0.210653
18 49 -0.224145
18 50 -0.230911
18 51 -0.230843
18 52 -0.224001
18 53 -0.210429
18 54 -0.190444
18 55 -0.164329
18 56 -0.13243
18 57 -0.0953015
18 58 -0.0535173
18 59 -0.00782564
18 60 0.0409998
18 61 0.0923364
18 62 0.145263
18 63 0.198932
18 64 0.252494
18 65 0.305093
18 66 0.355828
18 67 0.40395
18 68 0.448689
18 69 0.489261
18 70 0.525089
18 71 0.555638
18 72 0.580259
18 73 0.59874
18 74 0.610694
18 75 0.615918
18 76 0.614492
18 77 0.6063
18 78 0.591569
18 79 0.570546
18 80 0.543646
18 81 0.511244
18 82 0.473901
18 83 0.432278
18 84 0.387039
18 85 0.33902
18 86 0.288966
18 87 0.23767
18 88 0.186091
18 89 0.134975
18 90 0.0852042
18 91 0.0376416
18 92 -0.0070015
18 93 -0.0478902
18 94 -0.0843217
18 95 -0.11574
18 96 -0.141708
18 97 -0.161668
18 98 -0.175362
18 99 -0.182477
18 100 -0.0227146
18 101 0

19 0 0
19 1 -0.0158258
19 2 -0.127131
19 3 -0.120222
19 4 -0.106926
19 5 -0.0872823
19 6 -0.0617801
19 7 -0.030757
19 8 0.00522573
19 9 0.0455526
19 10 0.0895048
19 11 0.136412
19 12 0.185425
19 13 0.235731
19 14 0.286539
19 15 0.337043
19 16 0.386328
19 17 0.433534
19 18 0.477835
19 19 0.518564
19 20 0.554995
19 21 0.586503
19 22 0.612575
19 23 0.632717
19 24 0.646674
19 25 0.654074
19 26 0.654749
19 27 0.648748
19 28 0.636159
19 29 0.617114
19 30 0.591879
19 31 0.560915
19 32 0.5246
19 33 0.483645
19 34 0.438596
19 35 0.390176
19 36 0.339223
19 37 0.286401
19 38 0.232649
19 39 0.178873
19 40 0.125859
19 41 0.0744572
19 42 0.0255195
19 43 -0.0201739
19 44 -0.0618731
19 45 -0.0989709
19 46 -0.130842
19 47 -0.156925
19 48 -0.176886
19 49 -0.190376
19 50 -0.197209
19 51 -0.197226
19 52 -0.190444
19 53 -0.176934
19 54 -0.157009
19 55 -0.13101
19 56 -0.0992801
19 57 -0.0622777
19 58 -0.020588
19 59 0.0250336
19 60 0.0737634
19 61 0.12495
19 62 0.177834
19 63 0.231442
19 64 0.284947
19 65 0.337548
19 66 0.388367
19 67 0.436588
19 68 0.481442
19 69 0.522203
19 70 0.558273
19 71 0.589045
19 72 0.613996
19 73 0.632885
19 74 0.645305
19 75 0.651095
19 76 0.650181
19 77 0.642587
19 78 0.62846
19 79 0.608133
19 80 0.581957
19 81 0.550301
19 82 0.513752
19 83 0.472897
19 84 0.428467
19 85 0.381258
19 86 0.332015
19 87 0.28153
19 88 0.230676
19 89 0.180331
19 90 0.131286
19 91 0.0843935
19 92 0.0404501
19 93 0.000168699
19 94 -0.0357453
19 95 -0.0667367
19 96 -0.0923658
19 97 -0.111974
19 98 -0.125401
19 99 -0.132264
19 100 -0.0164578
19 101 0

20 0 0
20 1 -0.0101078
20 2 -0.0812055
20 3 -0.0744782
20 4 -0.0613962
20 5 -0.0421226
20 6 -0.0169571
20 7 0.0135928
20 8 0.0490684
20 9 0.0888358
20 10 0.132216
20 11 0.178523
20 12 0.226907
20 13 0.276501
20 14 0.32662
20 15 0.376408
20 16 0.424982
20 17 0.471413
20 18 0.514968
20 19 0.554995
20 20 0.590756
20 21 0.621597
20 22 0.647069
20 23 0.666583
20 24 0.679892
20 25 0.686703
20 26 0.686878
20 27 0.68047
20 28 0.667467
20 29 0.648077
20 30 0.622549
20 31 0.591263
20 32 0.55475
20 33 0.513613
20 34 0.468404
20 35 0.419902
20 36 0.36888
20 37 0.316054
20 38 0.262333
20 39 0.20865
20 40 0.155692
20 41 0.104327
20 42 0.0554736
20 43 0.00985075
20 44 -0.0317679
20 45 -0.0688419
20 46 -0.100668
20 47 -0.126737
20 48 -0.14668
20 49 -0.160219
20 50 -0.167083
20 51 -0.167149
20 52 -0.160437
20 53 -0.147027
20 54 -0.127149
20 55 -0.101216
20 56 -0.0695745
20 57 -0.0327048
20 58 0.00887386
20 59 0.054312
20 60 0.10288
20 61 0.153928
20 62 0.206695
20 63 0.260223
20 64 0.313638
20 65 0.3662
20 66 0.417066
20 67 0.465339
20 68 0.510294
20 69 0.551251
20 70 0.587489
20 71 0.618493
20 72 0.643777
20 73 0.663018
20 74 0.67587
20 75 0.682161
20 76 0.681762
20 77 0.674727
20 78 0.661252
20 79 0.641552
20 80 0.616059
20 81 0.585133
20 82 0.549356
20 83 0.509307
20 84 0.465687
20 85 0.419259
20 86 0.370771
20 87 0.321054
20 88 0.270938
20 89 0.221317
20 90 0.173009
20 91 0.12675
20 92 0.0834701
20 93 0.0437898
20 94 0.00838933
20 95 -0.0221642
20 96 -0.0473163
20 97 -0.0666186
20 98 -0.0797312
20 99 -0.0864721
20 100 -0.010765
20 101 0

21 0 0
21 1 -0.00504241
21 2 -0.0404804
21 3 -0.0338845
21 4 -0.0210085
21 5 -0.00203345
21 6 0.0227768
21 7 0.0529425
21 8 0.0878403
21 9 0.127036
21 10 0.169856
21 11 0.215576
21 12 0.26333
21 13 0.31229
21 14 0.361707
21 15 0.410795
21 16 0.4586
21 17 0.504312
21 18 0.54716
21 19 0.586503
21 20 0.621597
21 21 0.651828
21 22 0.676658
21 23 0.695597
21 24 0.708334
21 25 0.714595
21 26 0.714314
21 27 0.707438
21 28 0.694051
21 29 0.674364
21 30 0.648562
21 31 0.617071
21 32 0.580395
21 33 0.539064
21 34 0.493806
21 35 0.445248
21 36 0.394226
21 37 0.341374
21 38 0.287778
21 39 0.234145
21 40 0.181292
21 41 0.129999
21 42 0.0812333
21 43 0.0357327
21 44 -0.00582911
21 45 -0.0427978
21 46 -0.074541
21 47 -0.100567
21 48 -0.120479
21 49 -0.134055
21 50 -0.140951
21 51 -0.141014
21 52 -0.13438
21 53 -0.121074
21 54 -0.101289
21 55 -0.0754531
21 56 -0.0439453
21 57 -0.00723622
21 58 0.0341206
21 59 0.0793804
21 60 0.127816
21 61 0.178741
21 62 0.23138
21 63 0.284757
21 64 0.338105
21 65 0.390573
21 66 0.441432
21 67 0.489658
21 68 0.534707
21 69 0.575771
21 70 0.612204
21 71 0.643411
21 72 0.668987
21 73 0.688533
21 74 0.701733
21 75 0.708476
21 76 0.708613
21 77 0.702168
21 78 0.689284
21 79 0.67021
21 80 0.645375
21 81 0.615228
21 82 0.580167
21 83 0.540825
21 84 0.497986
21 85 0.452306
21 86 0.404559
21 87 0.355601
21 88 0.30626
21 89 0.257368
21 90 0.209729
21 91 0.164179
21 92 0.121485
21 93 0.082457
21 94 0.0475765
21 95 0.0174619
21 96 -0.0072844
21 97 -0.0262544
21 98 -0.0391833
21 99 -0.045789
21 100 -0.00570407
21 101 0

22 0 0
22 1 -0.000700363
22 2 -0.00556192
22 3 0.000936299
22 4 0.0136216
22 5 0.0322998
22 6 0.0567849
22 7 0.0865444
22 8 0.12101
22 9 0.159709
22 10 0.201917
22 11 0.247017
22 12 0.29417
22 13 0.342513
22 14 0.391288
22 15 0.439633
22 16 0.48672
22 17 0.531723
22 18 0.573897
22 19 0.612575
22 20 0.647069
22 21 0.676658
22 22 0.700795
22 23 0.719134
22 24 0.731357
22 25 0.737194
22 26 0.736461
22 27 0.729191
22 28 0.715472
22 29 0.695505
22 30 0.669472
22 31 0.637809
22 32 0.600993
22 33 0.559571
22 34 0.514262
22 35 0.465769
22 36 0.41475
22 37 0.361976
22 38 0.308426
22 39 0.254874
22 40 0.202135
22 41 0.151031
22 42 0.102411
22 43 0.0570371
22 44 0.0155667
22 45 -0.0212993
22 46 -0.052919
22 47 -0.0788839
22 48 -0.0987763
22 49 -0.112306
22 50 -0.119198
22 51 -0.119294
22 52 -0.112739
22 53 -0.0995606
22 54 -0.079907
22 55 -0.0541901
22 56 -0.0228099
22 57 0.0137272
22 58 0.0548246
22 59 0.0998735
22 60 0.148141
22 61 0.198912
22 62 0.251361
22 63 0.304613
22 64 0.357845
22 65 0.410192
22 66 0.460962
22 67 0.509158
22 68 0.554165
22 69 0.595341
22 70 0.631894
22 71 0.663283
22 72 0.6891
22 73 0.708974
22 74 0.722503
22 75 0.729627
22 76 0.7302
22 77 0.724278
22 78 0.711986
22 79 0.69355
22 80 0.66943
22 81 0.639991
22 82 0.60557
22 83 0.566926
22 84 0.524833
22 85 0.479913
22 86 0.432945
22 87 0.384744
22 88 0.336135
22 89 0.287962
22 90 0.240999
22 91 0.196068
22 92 0.154005
22 93 0.115523
22 94 0.0811256
22 95 0.0514523
22 96 0.0270839
22 97 0.00837195
22 98 -0.00432139
22 99 -0.0107844
22 100 -0.00134847
22 101 0

23 0 0
23 1 0.00286394
23 2 0.0230623
23 3 0.0294226
23 4 0.0419436
23 5 0.0603598
23 6 0.0844804
23 7 0.113822
23 8 0.147914
23 9 0.186172
23 10 0.227856
23 11 0.27232
23 12 0.318852
23 13 0.366611
23 14 0.414726
23 15 0.462394
23 16 0.508829
23 17 0.553181
23 18 0.594692
23 19 0.632717
23 20 0.666583
23 21 0.695597
23 22 0.719134
23 23 0.736916
23 24 0.748672
23 25 0.754076
23 26 0.752962
23 27 0.745373
23 28 0.731384
23 29 0.711142
23 30 0.684895
23 31 0.653102
23 32 0.616213
23 33 0.574751
23 34 0.529451
23 35 0.480971
23 36 0.430031
23 37 0.377391
23 38 0.323961
23 39 0.270526
23 40 0.217981
23 41 0.16706
23 42 0.118599
23 43 0.0734092
23 44 0.0320851
23 45 -0.00464614
23 46 -0.0360946
23 47 -0.0619982
23 48 -0.0818428
23 49 -0.0953087
23 50 -0.102171
23 51 -0.102299
23 52 -0.0958349
23 53 -0.0827872
23 54 -0.0633213
23 55 -0.0378033
23 56 -0.00654366
23 57 0.0298241
23 58 0.0707187
23 59 0.115532
23 60 0.163553
23 61 0.214108
23 62 0.26635
23 63 0.319422
23 64 0.372446
23 65 0.424617
23 66 0.475274
23 67 0.523421
23 68 0.568428
23 69 0.609607
23 70 0.646246
23 71 0.67776
23 72 0.703774
23 73 0.723924
23 74 0.737785
23 75 0.745221
23 76 0.746192
23 77 0.740771
23 78 0.729055
23 79 0.711209
23 80 0.687656
23 81 0.65882
23 82 0.625072
23 83 0.587156
23 84 0.545807
23 85 0.501656
23 86 0.455436
23 87 0.407908
23 88 0.359996
23 89 0.312506
23 90 0.266221
23 91 0.221956
23 92 0.180415
23 93 0.142427
23 94 0.10851
23 95 0.0792204
23 96 0.0552153
23 97 0.0367896
23 98 0.0243337
23 99 0.0180444
23 100 0.00224304
23 101 0

24 0 0
24 1 0.0055916
24 2 0.0449855
24 3 0.0512363
24 4 0.0635521
24 5 0.081717
24 6 0.1055
24 7 0.134514
24 8 0.1682
24 9 0.206046
24 10 0.247206
24 11 0.29111
24 12 0.337078
24 13 0.384181
24 14 0.431677
24 15 0.478754
24 16 0.524597
24 17 0.568389
24 18 0.609278
24 19 0.646674
24 20 0.679892
24 21 0.708334
24 22 0.731357
24 23 0.748672
24 24 0.76001
24 25 0.765016
24 26 0.763568
24 27 0.755659
24 28 0.741429
24 29 0.720926
24 30 0.694514
24 31 0.662631
24 32 0.625759
24 33 0.584333
24 34 0.539064
24 35 0.490659
24 36 0.439808
24 37 0.387372
24 38 0.33407
24 39 0.2808
24 40 0.22849
24 41 0.177804
24 42 0.129553
24 43 0.0845918
24 44 0.0434885
24 45 0.00693862
24 46 -0.0244002
24 47 -0.0501898
24 48 -0.0699631
24 49 -0.0833752
24 50 -0.0902401
24 51 -0.0903832
24 52 -0.0839697
24 53 -0.0710199
24 54 -0.051717
24 55 -0.0263767
24 56 0.00464404
24 57 0.0407794
24 58 0.0814466
24 59 0.126019
24 60 0.173772
24 61 0.224023
24 62 0.276003
24 63 0.328842
24 64 0.381659
24 65 0.433704
24 66 0.484179
24 67 0.532217
24 68 0.577138
24 69 0.618282
24 70 0.654948
24 71 0.68655
24 72 0.712756
24 73 0.733082
24 74 0.747224
24 75 0.755006
24 76 0.75637
24 77 0.751371
24 78 0.740118
24 79 0.722793
24 80 0.69982
24 81 0.671578
24 82 0.638482
24 83 0.601285
24 84 0.560596
24 85 0.517109
24 86 0.47154
24 87 0.424707
24 88 0.377458
24 89 0.330652
24 90 0.285066
24 91 0.241382
24 92 0.200395
24 93 0.162856
24 94 0.129335
24 95 0.100495
24 96 0.0767782
24 97 0.0586321
24 98 0.0464253
24 99 0.0402802
24 100 0.00501252
24 101 0

25 0 0
25 1 0.00745495
25 2 0.059906
25 3 0.0659968
25 4 0.0781511
25 5 0.0961576
25 6 0.119665
25 7 0.148357
25 8 0.181641
25 9 0.219008
25 10 0.259735
25 11 0.303164
25 12 0.348602
25 13 0.395128
25 14 0.442037
25 15 0.488509
25 16 0.533787
25 17 0.576972
25 18 0.617275
25 19 0.654074
25 20 0.686703
25 21 0.714595
25 22 0.737194
25 23 0.754076
25 24 0.765016
25 25 0.769645
25 26 0.76791
25 27 0.759735
25 28 0.745312
25 29 0.724652
25 30 0.69816
25 31 0.666267
25 32 0.629377
25 33 0.588036
25 34 0.542856
25 35 0.494581
25 36 0.44392
25 37 0.391739
25 38 0.338638
25 39 0.285609
25 40 0.233561
25 41 0.183176
25 42 0.135146
25 43 0.0904218
25 44 0.0495907
25 45 0.0132039
25 46 -0.0179819
25 47 -0.0436001
25 48 -0.063299
25 49 -0.0766741
25 50 -0.0835565
25 51 -0.0837236
25 52 -0.0773345
25 53 -0.0644648
25 54 -0.0452636
25 55 -0.0201058
25 56 0.0106462
25 57 0.0464692
25 58 0.086861
25 59 0.131134
25 60 0.178619
25 61 0.228584
25 62 0.280243
25 63 0.33282
25 64 0.385351
25 65 0.437197
25 66 0.487402
25 67 0.535275
25 68 0.580087
25 69 0.621163
25 70 0.657805
25 71 0.689457
25 72 0.715766
25 73 0.736214
25 74 0.750547
25 75 0.758611
25 76 0.760361
25 77 0.755711
25 78 0.744866
25 79 0.728067
25 80 0.705662
25 81 0.67798
25 82 0.64555
25 83 0.608976
25 84 0.568899
25 85 0.526023
25 86 0.481129
25 87 0.434968
25 88 0.388415
25 89 0.342216
25 90 0.297191
25 91 0.254049
25 92 0.213586
25 93 0.176551
25 94 0.143487
25 95 0.115006
25 96 0.0915416
25 97 0.0736449
25 98 0.0616199
25 99 0.0556154
25 100 0.0069247
25 101 0

26 0 0
26 1 0.00842037
26 2 0.0676291
26 3 0.0735981
26 4 0.0856279
26 5 0.103437
26 6 0.12675
26 7 0.155184
26 8 0.18804
26 9 0.224964
26 10 0.265268
26 11 0.308281
26 12 0.353165
26 13 0.399151
26 14 0.44548
26 15 0.491399
26 16 0.536083
26 17 0.578734
26 18 0.618488
26 19 0.654749
26 20 0.686878
26 21 0.714314
26 22 0.736461
26 23 0.752962
26 24 0.763568
26 25 0.76791
26 26 0.765884
26 27 0.757519
26 28 0.742952
26 29 0.72221
26 30 0.695736
26 31 0.663879
26 32 0.627034
26 33 0.585743
26 34 0.540751
26 35 0.492681
26 36 0.442299
26 37 0.390347
26 38 0.337555
26 39 0.284803
26 40 0.233063
26 41 0.182948
26 42 0.135272
26 43 0.0908006
26 44 0.0501984
26 45 0.0141328
26 46 -0.0168582
26 47 -0.0423263
26 48 -0.0619011
26 49 -0.0751848
26 50 -0.0820231
26 51 -0.0822269
26 52 -0.0759076
26 53 -0.0632241
26 54 -0.0442082
