0 0 0
0 1 0
0 2 0
0 3 0
0 4 0
0 5 0
0 6 0
0 7 0
0 8 0
0 9 0
0 10 0
0 11 0
0 12 0
0 13 0
0 14 0
0 15 0
0 16 0
0 17 0
0 18 0
0 19 0
0 20 0
0 21 0
0 22 0
0 23 0
0 24 0
0 25 0
0 26 0
0 27 0
0 28 0
0 29 0
0 30 0
0 31 0
0 32 0
0 33 0
0 34 0
0 35 0
0 36 0
0 37 0
0 38 0
0 39 0
0 40 0
0 41 0
0 42 0
0 43 0
0 44 0
0 45 0
0 46 0
0 47 0
0 48 0
0 49 0
0 50 0
0 51 0
0 52 0
0 53 0
0 54 0
0 55 0
0 56 0
0 57 0
0 58 0
0 59 0
0 60 0
0 61 0
0 62 0
0 63 0
0 64 0
0 65 0
0 66 0
0 67 0
0 68 0
0 69 0
0 70 0
0 71 0
0 72 0
0 73 0
0 74 0
0 75 0
0 76 0
0 77 0
0 78 0
0 79 0
0 80 0
0 81 0
0 82 0
0 83 0
0 84 0
0 85 0
0 86 0
0 87 0
0 88 0
0 89 0
0 90 0
0 91 0
0 92 0
0 93 0
0 94 0
0 95 0
0 96 0
0 97 0
0 98 0
0 99 0
0 100 0
0 101 0

1 0 0
1 1 0
1 2 0.0748894
1 3 0.074173
1 4 0.072919
1 5 0.0710545
1 6 0.0686462
1 7 0.0657513
1 8 0.0623853
1 9 0.0585862
1 10 0.0544664
1 11 0.050042
1 12 0.0454444
1 13 0.0407468
1 14 0.0360042
1 15 0.0313322
1 16 0.0267636
1 17 0.0223727
1 18 0.0182598
1 19 0.0144742
1 20 0.0110891
1 21 0.00821043
1 22 0.00583763
1 23 0.00394383
1 24 0.00265681
1 25 0.00197215
1 26 0.00184464
1 27 0.00232771
1 28 0.0034559
1 29 0.00513418
1 30 0.00733786
1 31 0.0101017
1 32 0.0133429
1 33 0.0170454
1 34 0.0210985
1 35 0.0255085
1 36 0.030193
1 37 0.0350581
1 38 0.0400186
1 39 0.0449863
1 40 0.0498985
1 41 0.0546781
1 42 0.0591694
1 43 0.063376
1 44 0.0672151
1 45 0.0706293
1 46 0.073607
1 47 0.0760652
1 48 0.077919
1 49 0.0791999
1 50 0.0798986
1 51 0.0799622
1 52 0.0793731
1 53 0.0781551
1 54 0.0763554
1 55 0.0740331
1 56 0.07114
1 57 0.0677478
1 58 0.0639882
1 59 0.0598389
1 60 0.0553479
1 61 0.0507004
1 62 0.0458362
1 63 0.0408794
1 64 0.0359849
1 65 0.0311677
1 66 0.0264805
1 67 0.0220849
1 68 0.0180183
1 69 0.0143262
1 70 0.0110525
1 71 0.00825394
1 72 0.00599887
1 73 0.00432846
1 74 0.00320152
1 75 0.00267259
1 76 0.00278494
1 77 0.00347898
1 78 0.0047293
1 79 0.00655021
1 80 0.00893152
1 81 0.0117874
1 82 0.0151153
1 83 0.0188615
1 84 0.0229403
1 85 0.0273117
1 86 0.0318436
1 87 0.0364958
1 88 0.04121
1 89 0.0458799
1 90 0.0504461
1 91 0.0548216
1 92 0.0589563
1 93 0.0627484
1 94 0.0661338
1 95 0.0690505
1 96 0.0714339
1 97 0.0732328
1 98 0.0745144
1 99 0.0751845
1 100 0
1 101 0

2 0 0
2 1 0.0748894
2 2 0.602283
2 3 0.596646
2 4 0.586361
2 5 0.571482
2 6 0.552188
2 7 0.528753
2 8 0.501649
2 9 0.471168
2 10 0.437973
2 11 0.402542
2 12 0.365584
2 13 0.327743
2 14 0.289653
2 15 0.251926
2 16 0.215136
2 17 0.179875
2 18 0.146744
2 19 0.116418
2 20 0.0893479
2 21 0.0660707
2 22 0.0467919
2 23 0.0317997
2 24 0.0213839
2 25 0.0157488
2 26 0.0148432
2 27 0.0188208
2 28 0.0275979
2 29 0.0410856
2 30 0.0589708
2 31 0.081118
2 32 0.107266
2 33 0.136979
2 34 0.169754
2 35 0.205212
2 36 0.242762
2 37 0.281877
2 38 0.321736
2 39 0.36183
2 40 0.401302
2 41 0.43953
2 42 0.475836
2 43 0.509612
2 44 0.540529
2 45 0.568005
2 46 0.591798
2 47 0.611444
2 48 0.62655
2 49 0.636927
2 50 0.64246
2 51 0.642884
2 52 0.638181
2 53 0.628444
2 54 0.614005
2 55 0.595088
2 56 0.571951
2 57 0.54491
2 58 0.514557
2 59 0.481115
2 60 0.445248
2 61 0.407523
2 62 0.368475
2 63 0.328875
2 64 0.289322
2 65 0.250549
2 66 0.213054
2 67 0.177642
2 68 0.144783
2 69 0.115017
2 70 0.0887191
2 71 0.0663344
2 72 0.048228
2 73 0.0346753
2 74 0.0257218
2 75 0.0216163
2 76 0.022376
2 77 0.0278867
2 78 0.0380339
2 79 0.0527713
2 80 0.0717809
2 81 0.0948503
2 82 0.121534
2 83 0.151603
2 84 0.184416
2 85 0.219456
2 86 0.256032
2 87 0.293555
2 88 0.331466
2 89 0.369064
2 90 0.405743
2 91 0.440929
2 92 0.474131
2 93 0.504612
2 94 0.531862
2 95 0.555228
2 96 0.574423
2 97 0.589158
2 98 0.599258
2 99 0.604663
2 100 0.0751845
2 101 0

3 0 0
3 1 0.074173
3 2 0.596646
3 3 0.591201
3 4 0.580708
3 5 0.565895
3 6 0.546651
3 7 0.523078
3 8 0.495911
3 9 0.465599
3 10 0.43236
3 11 0.397118
3 12 0.360206
3 13 0.322358
3 14 0.284363
3 15 0.246518
3 16 0.209667
3 17 0.174532
3 18 0.141475
3 19 0.111295
3 20 0.0844651
3 21 0.0610562
3 22 0.0415868
3 23 0.0268512
3 24 0.0163644
3 25 0.0105412
3 26 0.00981416
3 27 0.0138331
3 28 0.0222395
3 29 0.0355809
3 30 0.0536387
3 31 0.0757062
3 32 0.101922
3 33 0.131524
3 34 0.164492
3 35 0.199847
3 36 0.23723
3 37 0.276153
3 38 0.316002
3 39 0.35608
3 40 0.395489
3 41 0.433399
3 42 0.469828
3 43 0.503601
3 44 0.534447
3 45 0.561956
3 46 0.585554
3 47 0.605014
3 48 0.620375
3 49 0.630865
3 50 0.636263
3 51 0.636608
3 52 0.631878
3 53 0.622199
3 54 0.607809
3 55 0.588624
3 56 0.565643
3 57 0.53896
3 58 0.508458
3 59 0.475026
3 60 0.439403
3 61 0.40133
3 62 0.362498
3 63 0.323208
3 64 0.283625
3 65 0.244812
3 66 0.207681
3 67 0.172198
3 68 0.139185
3 69 0.109324
3 70 0.0831514
3 71 0.0609523
3 72 0.0429585
3 73 0.0292784
3 74 0.0205006
3 75 0.0165703
3 76 0.0171715
3 77 0.0226288
3 78 0.032925
3 79 0.0477606
3 80 0.0666691
3 81 0.0897239
3 82 0.116339
3 83 0.146231
3 84 0.178969
3 85 0.213796
3 86 0.25047
3 87 0.288131
3 88 0.325976
3 89 0.363583
3 90 0.400205
3 91 0.435406
3 92 0.468464
3 93 0.498876
3 94 0.526063
3 95 0.549347
3 96 0.56863
3 97 0.58368
3 98 0.593584
3 99 0.598998
3 100 0.0744765
3 101 0

4 0 0
4 1 0.072919
4 2 0.586361
4 3 0.580708
4 4 0.570118
4 5 0.555176
4 6 0.536001
4 7 0.512575
4 8 0.485476
4 9 0.455187
4 10 0.421886
4 11 0.386668
4 12 0.349815
4 13 0.312022
4 14 0.274078
4 15 0.236349
4 16 0.19965
4 17 0.164457
4 18 0.131455
4 19 0.101128
4 20 0.0743559
4 21 0.0509886
4 22 0.0316352
4 23 0.0167885
4 24 0.00637124
4 25 0.000429824
4 26 -0.00034732
4 27 0.00351495
4 28 0.0119105
4 29 0.0250457
4 30 0.0430843
4 31 0.0652636
4 32 0.0914151
4 33 0.121009
4 34 0.154022
4 35 0.189298
4 36 0.226678
4 37 0.265543
4 38 0.305206
4 39 0.344988
4 40 0.384271
4 41 0.422135
4 42 0.458441
4 43 0.492351
4 44 0.523042
4 45 0.550724
4 46 0.574184
4 47 0.593585
4 48 0.608999
4 49 0.619577
4 50 0.624856
4 51 0.625097
4 52 0.62036
4 53 0.610844
4 54 0.596408
4 55 0.577148
4 56 0.554136
4 57 0.527659
4 58 0.496941
4 59 0.463603
4 60 0.42793
4 61 0.390046
4 62 0.351362
4 63 0.31229
4 64 0.272786
4 65 0.23396
4 66 0.196888
4 67 0.161393
4 68 0.12852
4 69 0.0986455
4 70 0.0725132
4 71 0.0503971
4 72 0.0325027
4 73 0.0187014
4 74 0.010016
4 75 0.00602878
4 76 0.00670794
4 77 0.0123885
4 78 0.0229005
4 79 0.0375256
4 80 0.0564931
4 81 0.0795386
4 82 0.106242
4 83 0.135924
4 84 0.168627
4 85 0.203515
4 86 0.240226
4 87 0.277676
4 88 0.315488
4 89 0.353022
4 90 0.389587
4 91 0.424849
4 92 0.457856
4 93 0.488235
4 94 0.515251
4 95 0.538664
4 96 0.558061
4 97 0.572801
4 98 0.58299
4 99 0.588596
4 100 0.0731941
4 101 0

5 0 0
5 1 0.0710545
5 2 0.571482
5 3 0.565895
5 4 0.555176
5 5 0.539666
5 6 0.520635
5 7 0.497407
5 8 0.470153
5 9 0.439932
5 10 0.406881
5 11 0.371709
5 12 0.334983
5 13 0.297169
5 14 0.259176
5 15 0.221594
5 16 0.184941
5 17 0.1495
5 18 0.116581
5 19 0.086523
5 20 0.0594829
5 21 0.0361324
5 22 0.0167688
5 23 0.00176917
5 24 -0.00857455
5 25 -0.0143881
5 26 -0.0156395
5 27 -0.0119197
5 28 -0.00331559
5 29 0.00952992
5 30 0.0274075
5 31 0.0498901
5 32 0.0757242
5 33 0.105569
5 34 0.138396
5 35 0.173814
5 36 0.211025
5 37 0.249815
5 38 0.289527
5 39 0.328981
5 40 0.367811
5 41 0.405933
5 42 0.442031
5 43 0.475893
5 44 0.506793
5 45 0.534388
5 46 0.557785
5 47 0.577286
5 48 0.592556
5 49 0.603177
5 50 0.608416
5 51 0.608527
5 52 0.604013
5 53 0.594484
5 54 0.579698
5 55 0.560879
5 56 0.537728
5 57 0.510857
5 58 0.480431
5 59 0.447096
5 60 0.411258
5 61 0.373842
5 62 0.335231
5 63 0.295958
5 64 0.256717
5 65 0.218182
5 66 0.180785
5 67 0.145587
5 68 0.112792
5 69 0.0829475
5 70 0.0566205
5 71 0.034735
5 72 0.016679
5 73 0.00312864
5 74 -0.00552832
5 75 -0.009517
5 76 -0.00861742
5 77 -0.00293552
5 78 0.00764086
5 79 0.0225313
5 80 0.0413598
5 81 0.0644842
5 82 0.091249
5 83 0.12096
5 84 0.153612
5 85 0.188472
5 86 0.225186
5 87 0.262744
5 88 0.300334
5 89 0.33778
5 90 0.374655
5 91 0.409734
5 92 0.442406
5 93 0.472661
5 94 0.499617
5 95 0.523195
5 96 0.542668
5 97 0.55729
5 98 0.56793
5 99 0.573536
5 100 0.0713136
5 101 0

6 0 0
6 1 0.0686462
6 2 0.552188
6 3 0.546651
6 4 0.536001
6 5 0.520635
6 6 0.50114
6 7 0.477749
6 8 0.450579
6 9 0.420283
6 10 0.387216
6 11 0.352326
6 12 0.315537
6 13 0.277832
6 14 0.239945
6 15 0.202376
6 16 0.165626
6 17 0.130296
6 18 0.0973884
6 19 0.0672954
6 20 0.040442
6 21 0.0166689
6 22 -0.00280479
6 23 -0.0178472
6 24 -0.0282362
6 25 -0.0341735
6 26 -0.0354858
6 27 -0.0319002
6 28 -0.0236451
6 29 -0.0106391
6 30 0.00735622
6 31 0.0294365
6 32 0.0555542
6 33 0.0852234
6 34 0.118044
6 35 0.153088
6 36 0.190263
6 37 0.228904
6 38 0.268321
6 39 0.307868
6 40 0.346852
6 41 0.384672
6 42 0.420786
6 43 0.454434
6 44 0.485437
6 45 0.512959
6 46 0.536463
6 47 0.555985
6 48 0.571012
6 49 0.58166
6 50 0.587182
6 51 0.587286
6 52 0.582523
6 53 0.572907
6 54 0.55826
6 55 0.539321
6 56 0.516176
6 57 0.489193
6 58 0.458715
6 59 0.425626
6 60 0.390176
6 61 0.352417
6 62 0.31362
6 63 0.274455
6 64 0.235418
6 65 0.19699
6 66 0.159956
6 67 0.124744
6 68 0.0921197
6 69 0.0624249
6 70 0.0362165
6 71 0.0139543
6 72 -0.00397136
6 73 -0.017405
6 74 -0.0258723
6 75 -0.0296386
6 76 -0.0286343
6 77 -0.0229406
6 78 -0.0124109
6 79 0.0025085
6 80 0.0218077
6 81 0.0449226
6 82 0.07171
6 83 0.10149
6 84 0.134303
6 85 0.16897
6 86 0.205597
6 87 0.243087
6 88 0.280596
6 89 0.318161
6 90 0.354718
6 91 0.389965
6 92 0.422719
6 93 0.452705
6 94 0.479782
6 95 0.503418
6 96 0.522873
6 97 0.537932
6 98 0.548379
6 99 0.553957
6 100 0.0688718
6 101 0

7 0 0
7 1 0.0657513
7 2 0.528753
7 3 0.523078
7 4 0.512575
7 5 0.497407
7 6 0.477749
7 7 0.454308
7 8 0.427257
7 9 0.396788
7 10 0.363864
7 11 0.328929
7 12 0.292208
7 13 0.254348
7 14 0.216396
7 15 0.178801
7 16 0.141978
7 17 0.106986
7 18 0.0740719
7 19 0.0438666
7 20 0.0167923
7 21 -0.00702804
7 22 -0.0263822
7 23 -0.0416599
7 24 -0.0523844
7 25 -0.0585074
7 26 -0.0598595
7 27 -0.0561853
7 28 -0.0478602
7 29 -0.0348491
7 30 -0.0171775
7 31 0.00475299
7 32 0.0308579
7 33 0.0604518
7 34 0.0928916
7 35 0.127916
7 36 0.164878
7 37 0.20332
7 38 0.242621
7 39 0.282192
7 40 0.321035
7 41 0.358842
7 42 0.395094
7 43 0.428615
7 44 0.459545
7 45 0.486967
7 46 0.510514
7 47 0.530084
7 48 0.544969
7 49 0.555437
7 50 0.561009
7 51 0.561331
7 52 0.55653
7 53 0.546587
7 54 0.532085
7 55 0.51325
7 56 0.490148
7 57 0.463229
7 58 0.432732
7 59 0.399402
7 60 0.363956
7 61 0.326331
7 62 0.287621
7 63 0.248529
7 64 0.209363
7 65 0.171042
7 66 0.134171
7 67 0.0992574
7 68 0.0668397
7 69 0.0373927
7 70 0.0112269
7 71 -0.0109534
7 72 -0.0288319
7 73 -0.042143
7 74 -0.0505811
7 75 -0.0543262
7 76 -0.0531957
7 77 -0.0473053
7 78 -0.0366837
7 79 -0.0216848
7 80 -0.00225619
7 81 0.0211471
7 82 0.0479151
7 83 0.0777632
7 84 0.11041
7 85 0.145088
7 86 0.181606
7 87 0.219173
7 88 0.256728
7 89 0.294308
7 90 0.331097
7 91 0.36608
7 92 0.399118
7 93 0.42904
7 94 0.456035
7 95 0.479677
7 96 0.498898
7 97 0.514123
7 98 0.524534
7 99 0.53021
7 100 0.0659297
7 101 0

8 0 0
8 1 0.0623853
8 2 0.501649
8 3 0.495911
8 4 0.485476
8 5 0.470153
8 6 0.450579
8 7 0.427257
8 8 0.400107
8 9 0.36963
8 10 0.33662
8 11 0.301849
8 12 0.26517
8 13 0.227357
8 14 0.189497
8 15 0.151672
8 16 0.11497
8 17 0.0798546
8 18 0.0471128
8 19 0.0168379
8 20 -0.0106095
8 21 -0.0342816
8 22 -0.0540029
8 23 -0.0694744
8 24 -0.0802868
8 25 -0.0865116
8 26 -0.0879937
8 27 -0.0844144
8 28 -0.0761477
8 29 -0.0632051
8 30 -0.045574
8 31 -0.0236263
8 32 0.00217051
8 33 0.0314352
8 34 0.0638596
8 35 0.0987261
8 36 0.13559
8 37 0.173842
8 38 0.21298
8 39 0.252508
8 40 0.291379
8 41 0.329232
8 42 0.365217
8 43 0.398705
8 44 0.429252
8 45 0.456715
8 46 0.480304
8 47 0.499886
8 48 0.514829
8 49 0.524978
8 50 0.530434
8 51 0.53072
8 52 0.525949
8 53 0.516227
8 54 0.501722
8 55 0.483002
8 56 0.459735
8 57 0.432655
8 58 0.402425
8 59 0.369383
8 60 0.333852
8 61 0.296334
8 62 0.257558
8 63 0.218479
8 64 0.179396
8 65 0.141213
8 66 0.10445
8 67 0.0696105
8 68 0.0373545
8 69 0.00813456
8 70 -0.0178058
8 71 -0.0398593
8 72 -0.0575967
8 73 -0.0708074
8 74 -0.079301
8 75 -0.082911
8 76 -0.0816633
8 77 -0.0757115
8 78 -0.064898
8 79 -0.0495433
8 80 -0.0301338
8 81 -0.00664614
8 82 0.020362
8 83 0.0504541
8 84 0.0829921
8 85 0.117536
8 86 0.154176
8 87 0.191531
8 88 0.229378
8 89 0.266933
8 90 0.303482
8 91 0.338656
8 92 0.371523
8 93 0.401665
8 94 0.428639
8 95 0.452114
8 96 0.471392
8 97 0.48633
8 98 0.497088
8 99 0.502674
8 100 0.0624978
8 101 0

9 0 0
9 1 0.0585862
9 2 0.471168
9 3 0.465599
9 4 0.455187
9 5 0.439932
9 6 0.420283
9 7 0.396788
9 8 0.36963
9 9 0.339345
9 10 0.306503
9 11 0.271679
9 12 0.235101
9 13 0.197248
9 14 0.159139
9 15 0.121439
9 16 0.084729
9 17 0.0496332
9 18 0.0167153
9 19 -0.0137584
9 20 -0.0412873
9 21 -0.0650208
9 22 -0.0848156
9 23 -0.1007
9 24 -0.111807
9 25 -0.118176
9 26 -0.119769
9 27 -0.116163
9 28 -0.107756
9 29 -0.0949883
9 30 -0.0776335
9 31 -0.0558153
9 32 -0.0302194
9 33 -0.00110508
9 34 0.0311842
9 35 0.0660591
9 36 0.102943
9 37 0.140983
9 38 0.180171
9 39 0.219397
9 40 0.258165
9 41 0.295968
9 42 0.331899
9 43 0.365375
9 44 0.395935
9 45 0.423119
9 46 0.446614
9 47 0.466114
9 48 0.481011
9 49 0.491143
9 50 0.4964
9 51 0.496783
9 52 0.492209
9 53 0.48235
9 54 0.467806
9 55 0.449055
9 56 0.425916
9 57 0.399025
9 58 0.368895
9 59 0.335725
9 60 0.300087
9 61 0.262781
9 62 0.224234
9 63 0.184912
9 64 0.145961
9 65 0.107772
9 66 0.071155
9 67 0.0365377
9 68 0.00444957
9 69 -0.0248148
9 70 -0.0505143
9 71 -0.0723326
9 72 -0.0900053
9 73 -0.103102
9 74 -0.111634
9 75 -0.115203
9 76 -0.113773
9 77 -0.10759
9 78 -0.0967142
9 79 -0.0812765
9 80 -0.0615051
9 81 -0.0378143
9 82 -0.0105584
9 83 0.0194866
9 84 0.052042
9 85 0.0867943
9 86 0.123299
9 87 0.160889
9 88 0.198813
9 89 0.236411
9 90 0.273017
9 91 0.308043
9 92 0.340834
9 93 0.371008
9 94 0.397987
9 95 0.421324
9 96 0.440665
9 97 0.45556
9 98 0.466115
9 99 0.471786
9 100 0.0586712
9 101 0

10 0 0
10 1 0.0544664
10 2 0.437973
10 3 0.43236
10 4 0.421886
10 5 0.406881
10 6 0.387216
10 7 0.363864
10 8 0.33662
10 9 0.306503
10 10 0.273421
10 11 0.238661
10 12 0.201942
10 13 0.164335
10 14 0.126548
10 15 0.0888141
10 16 0.052138
10 17 0.0168649
10 18 -0.0162699
10 19 -0.0470045
10 20 -0.0743943
10 21 -0.0984446
10 22 -0.118727
10 23 -0.134791
10 24 -0.145885
10 25 -0.152613
10 26 -0.154036
10 27 -0.150896
10 28 -0.142788
10 29 -0.129854
10 30 -0.112636
10 31 -0.0911354
10 32 -0.0654339
10 33 -0.036527
10 34 -0.00443416
10 35 0.0300843
10 36 0.0667198
10 37 0.104776
10 38 0.143805
10 39 0.183148
10 40 0.221934
10 41 0.259393
10 42 0.294982
10 43 0.328574
10 44 0.359115
10 45 0.386515
10 46 0.409768
10 47 0.429062
10 48 0.444028
10 49 0.454162
10 50 0.459345
10 51 0.459717
10 52 0.45497
10 53 0.445311
10 54 0.430793
10 55 0.411961
10 56 0.388741
10 57 0.362115
10 58 0.331649
10 59 0.298529
10 60 0.26307
10 61 0.225888
10 62 0.18724
10 63 0.14812
10 64 0.109164
10 65 0.0711467
10 66 0.0347349
10 67 0.000117333
10 68 -0.0316967
10 69 -0.0606956
10 70 -0.0861749
10 71 -0.108019
10 72 -0.12555
10 73 -0.138476
10 74 -0.146741
10 75 -0.150253
10 76 -0.148502
10 77 -0.142368
10 78 -0.13118
10 79 -0.115649
10 80 -0.0955613
10 81 -0.071747
10 82 -0.0444396
10 83 -0.0143492
10 84 0.018619
10 85 0.0535574
10 86 0.0902909
10 87 0.127571
10 88 0.165465
10 89 0.203022
10 90 0.23915
10 91 0.274525
10 92 0.307497
10 93 0.337799
10 94 0.364646
10 95 0.388039
10 96 0.407054
10 97 0.42195
10 98 0.432264
10 99 0.438061
10 100 0.0544991
10 101 0

11 0 0
11 1 0.050042
11 2 0.402542
11 3 0.397118
11 4 0.386668
11 5 0.371709
11 6 0.352326
11 7 0.328929
11 8 0.301849
11 9 0.271679
11 10 0.238661
11 11 0.203518
11 12 0.166888
11 13 0.129141
11 14 0.0913093
11 15 0.0536452
11 16 0.0168285
11 17 -0.0185006
11 18 -0.0516696
11 19 -0.0825327
11 20 -0.110193
11 21 -0.134489
11 22 -0.154783
11 23 -0.170979
11 24 -0.182463
11 25 -0.189153
11 26 -0.190929
11 27 -0.18771
11 28 -0.179763
11 29 -0.167028
11 30 -0.14996
11 31 -0.12865
11 32 -0.103338
11 33 -0.07468
11 34 -0.042835
11 35 -0.00833654
11 36 0.0283191
11 37 0.0663465
11 38 0.105136
11 39 0.144214
11 40 0.182936
11 41 0.220338
11 42 0.255825
11 43 0.289284
11 44 0.320016
11 45 0.347246
11 46 0.370478
11 47 0.389733
11 48 0.404567
11 49 0.414712
11 50 0.419865
11 51 0.420074
11 52 0.41557
11 53 0.40606
11 54 0.391466
11 55 0.372433
11 56 0.349307
11 57 0.322481
11 58 0.29216
11 59 0.258932
11 60 0.223489
11 61 0.186374
11 62 0.147856
11 63 0.10874
11 64 0.0700224
11 65 0.0321158
11 66 -0.00441103
11 67 -0.0388571
11 68 -0.0705804
11 69 -0.0992951
11 70 -0.124492
11 71 -0.145963
11 72 -0.163209
11 73 -0.175876
11 74 -0.184155
11 75 -0.187516
11 76 -0.185842
11 77 -0.179272
11 78 -0.167998
11 79 -0.152214
11 80 -0.132146
11 81 -0.108407
11 82 -0.0808902
11 83 -0.0505463
11 84 -0.0174545
11 85 0.0176607
11 86 0.0542728
11 87 0.0917415
11 88 0.129789
11 89 0.16733
11 90 0.203854
11 91 0.239003
11 92 0.272115
11 93 0.302479
11 94 0.329423
11 95 0.352524
11 96 0.371597
11 97 0.386458
11 98 0.396645
11 99 0.402124
11 100 0.0500015
11 101 0

12 0 0
12 1 0.0454444
12 2 0.365584
12 3 0.360206
12 4 0.349815
12 5 0.334983
12 6 0.315537
12 7 0.292208
12 8 0.26517
12 9 0.235101
12 10 0.201942
12 11 0.166888
12 12 0.130481
12 13 0.0928037
12 14 0.0548999
12 15 0.0170015
12 16 -0.0199359
12 17 -0.0554407
12 18 -0.088903
12 19 -0.119798
12 20 -0.147774
12 21 -0.172296
12 22 -0.192688
12 23 -0.208764
12 24 -0.220516
12 25 -0.227556
12 26 -0.229418
12 27 -0.226506
12 28 -0.218741
12 29 -0.206239
12 30 -0.189227
12 31 -0.168079
12 32 -0.143224
12 33 -0.114587
12 34 -0.0829976
12 35 -0.0486604
12 36 -0.011986
12 37 0.0260537
12 38 0.06468
12 39 0.103433
12 40 0.141992
12 41 0.179337
12 42 0.214684
12 43 0.248137
12 44 0.27869
12 45 0.305859
12 46 0.329228
12 47 0.348562
12 48 0.363405
12 49 0.373433
12 50 0.378643
12 51 0.378801
12 52 0.374408
12 53 0.364752
12 54 0.349984
12 55 0.33088
12 56 0.307598
12 57 0.280756
12 58 0.25043
12 59 0.217352
12 60 0.182055
12 61 0.145032
12 62 0.106621
12 63 0.0676447
12 64 0.0290012
12 65 -0.00882905
12 66 -0.0452503
12 67 -0.0795701
12 68 -0.111296
12 69 -0.139817
12 70 -0.164749
12 71 -0.185907
12 72 -0.202934
12 73 -0.215429
12 74 -0.223494
12 75 -0.226678
12 76 -0.224698
12 77 -0.217976
12 78 -0.206754
12 79 -0.190851
12 80 -0.170671
12 81 -0.146803
12 82 -0.119137
12 83 -0.0883129
12 84 -0.0548804
12 85 -0.019664
12 86 0.0169636
12 87 0.0545508
12 88 0.0926412
12 89 0.130172
12 90 0.166863
12 91 0.201951
12 92 0.23476
12 93 0.265292
12 94 0.292284
12 95 0.315319
12 96 0.334253
12 97 0.349218
12 98 0.359488
12 99 0.364705
12 100 0.0453275
12 101 0

13 0 0
13 1 0.0407468
13 2 0.327743
13 3 0.322358
13 4 0.312022
13 5 0.297169
13 6 0.277832
13 7 0.254348
13 8 0.227357
13 9 0.197248
13 10 0.164335
13 11 0.129141
13 12 0.0928037
13 13 0.0554505
13 14 0.0174284
13 15 -0.0206478
13 16 -0.0578208
13 17 -0.0935247
13 18 -0.12716
13 19 -0.15841
13 20 -0.186488
13 21 -0.210969
13 22 -0.231552
13 23 -0.247938
13 24 -0.259881
13 25 -0.267078
13 26 -0.269371
13 27 -0.266659
13 28 -0.25912
13 29 -0.246853
13 30 -0.230011
13 31 -0.208953
13 32 -0.184074
13 33 -0.155736
13 34 -0.124169
13 35 -0.0899164
13 36 -0.053511
13 37 -0.0156021
13 38 0.022827
13 39 0.0615426
13 40 0.0999086
13 41 0.1371
13 42 0.172574
13 43 0.205838
13 44 0.236392
13 45 0.263476
13 46 0.286973
13 47 0.306177
13 48 0.320748
13 49 0.330608
13 50 0.335712
13 51 0.3361
13 52 0.331432
13 53 0.321781
13 54 0.307249
13 55 0.288228
13 56 0.26515
13 57 0.238101
13 58 0.207845
13 59 0.174645
13 60 0.139368
13 61 0.102397
13 62 0.064081
13 63 0.0253938
13 64 -0.0131743
13 65 -0.0509263
13 66 -0.087277
13 67 -0.121502
13 68 -0.153036
13 69 -0.181444
13 70 -0.206348
13 71 -0.227393
13 72 -0.244172
13 73 -0.256586
13 74 -0.264346
13 75 -0.267114
13 76 -0.265018
13 77 -0.258164
13 78 -0.24667
13 79 -0.230698
13 80 -0.210363
13 81 -0.186087
13 82 -0.158367
13 83 -0.127439
13 84 -0.0937202
13 85 -0.0582305
13 86 -0.0213501
13 87 0.0164731
13 88 0.0545606
13 89 0.0920926
13 90 0.128751
13 91 0.163746
13 92 0.196713
13 93 0.226901
13 94 0.253837
13 95 0.276942
13 96 0.295972
13 97 0.310925
13 98 0.321175
13 99 0.326496
13 100 0.0405905
13 101 0

14 0 0
14 1 0.0360042
14 2 0.289653
14 3 0.284363
14 4 0.274078
14 5 0.259176
14 6 0.239945
14 7 0.216396
14 8 0.189497
14 9 0.159139
14 10 0.126548
14 11 0.0913093
14 12 0.0548999
14 13 0.0174284
14 14 -0.0206357
14 15 -0.0588472
14 16 -0.0962626
14 17 -0.132008
14 18 -0.166071
14 19 -0.197419
14 20 -0.22534
14 21 -0.25004
14 22 -0.270862
14 23 -0.287565
14 24 -0.299843
14 25 -0.307112
14 26 -0.309854
14 27 -0.307516
14 28 -0.300213
14 29 -0.288103
14 30 -0.271471
14 31 -0.250619
14 32 -0.225787
14 33 -0.197472
14 34 -0.165992
14 35 -0.131616
14 36 -0.0954718
14 37 -0.0577611
14 38 -0.0195385
14 39 0.0190201
14 40 0.0573195
14 41 0.094364
14 42 0.129908
14 43 0.162929
14 44 0.193404
14 45 0.22044
14 46 0.243863
14 47 0.262991
14 48 0.277414
14 49 0.287156
14 50 0.292151
14 51 0.292632
14 52 0.2879
14 53 0.278209
14 54 0.264019
14 55 0.245094
14 56 0.22195
14 57 0.194701
14 58 0.164594
14 59 0.131468
14 60 0.0962767
14 61 0.0591552
14 62 0.0209805
14 63 -0.0175809
14 64 -0.0559376
14 65 -0.0934035
14 66 -0.129819
14 67 -0.163918
14 68 -0.19549
14 69 -0.223835
14 70 -0.24871
14 71 -0.269611
14 72 -0.286157
14 73 -0.298404
14 74 -0.305798
14 75 -0.308297
14 76 -0.306171
14 77 -0.298965
14 78 -0.287282
14 79 -0.270951
14 80 -0.250284
14 81 -0.225761
14 82 -0.197861
14 83 -0.166774
14 84 -0.133031
14 85 -0.0972044
14 86 -0.0602509
14 87 -0.0223421
14 88 0.0160185
14 89 0.0537089
14 90 0.0904668
14 91 0.125313
14 92 0.158462
14 93 0.188378
14 94 0.215339
14 95 0.238378
14 96 0.257633
14 97 0.272597
14 98 0.282732
14 99 0.288045
14 100 0.0358042
14 101 0

15 0 0
15 1 0.0313322
15 2 0.251926
15 3 0.246518
15 4 0.236349
15 5 0.221594
15 6 0.202376
15 7 0.178801
15 8 0.151672
15 9 0.121439
15 10 0.0888141
15 11 0.0536452
15 12 0.0170015
15 13 -0.0206478
15 14 -0.0588472
15 15 -0.0971294
15 16 -0.134383
15 17 -0.170455
15 18 -0.204708
15 19 -0.236133
15 20 -0.264394
15 21 -0.289343
15 22 -0.310282
15 23 -0.32702
15 24 -0.339614
15 25 -0.347219
15 26 -0.350209
15 27 -0.348206
15 28 -0.341161
15 29 -0.329204
15 30 -0.312719
15 31 -0.292104
15 32 -0.267436
15 33 -0.239303
15 34 -0.20786
15 35 -0.173621
15 36 -0.137429
15 37 -0.100079
15 38 -0.0618632
15 39 -0.0233872
15 40 0.0145787
15 41 0.0517557
15 42 0.0871915
15 43 0.120069
15 44 0.150328
15 45 0.177125
15 46 0.200531
15 47 0.219722
15 48 0.234176
15 49 0.24381
15 50 0.248752
15 51 0.249311
15 52 0.244569
15 53 0.234826
15 54 0.220581
15 55 0.201674
15 56 0.178405
15 57 0.151299
15 58 0.121275
15 59 0.0882887
15 60 0.0530732
15 61 0.0161497
15 62 -0.0220243
15 63 -0.0605047
15 64 -0.0987475
15 65 -0.136285
15 66 -0.17243
15 67 -0.206585
15 68 -0.237945
15 69 -0.266229
15 70 -0.290972
15 71 -0.311657
15 72 -0.327981
15 73 -0.340027
15 74 -0.347187
15 75 -0.349451
15 76 -0.347093
15 77 -0.339633
15 78 -0.327731
15 79 -0.31124
15 80 -0.290321
15 81 -0.265529
15 82 -0.237326
15 83 -0.205892
15 84 -0.171912
15 85 -0.136125
15 86 -0.0989981
15 87 -0.0610344
15 88 -0.0226885
15 89 0.0151992
15 90 0.0520984
15 91 0.0870284
15 92 0.120125
15 93 0.150178
15 94 0.17714
15 95 0.200407
15 96 0.219671
15 97 0.234481
15 98 0.244475
15 99 0.249908
15 100 0.0310806
15 101 0

16 0 0
16 1 0.0267636
16 2 0.215136
16 3 0.209667
16 4 0.19965
16 5 0.184941
16 6 0.165626
16 7 0.141978
16 8 0.11497
16 9 0.084729
16 10 0.052138
16 11 0.0168285
16 12 -0.0199359
16 13 -0.0578208
16 14 -0.0962626
16 15 -0.134383
16 16 -0.171861
16 17 -0.208087
16 18 -0.242498
16 19 -0.274179
16 20 -0.302763
16 21 -0.328026
16 22 -0.349103
16 23 -0.366069
16 24 -0.37909
16 25 -0.386934
16 26 -0.389961
16 27 -0.387982
16 28 -0.381242
16 29 -0.369516
16 30 -0.353233
16 31 -0.332666
16 32 -0.308097
16 33 -0.279833
16 34 -0.24879
16 35 -0.214786
16 36 -0.178758
16 37 -0.141628
16 38 -0.103458
16 39 -0.065075
16 40 -0.0270568
16 41 0.0100054
16 42 0.0453014
16 43 0.0783254
16 44 0.108461
16 45 0.135202
16 46 0.158448
16 47 0.177467
16 48 0.191871
16 49 0.201397
16 50 0.206258
16 51 0.20657
16 52 0.202034
16 53 0.192442
16 54 0.178349
16 55 0.159309
16 56 0.136213
16 57 0.109255
16 58 0.0791744
16 59 0.0461317
16 60 0.010765
16 61 -0.0260844
16 62 -0.0641114
16 63 -0.102657
16 64 -0.140905
16 65 -0.178407
16 66 -0.214389
16 67 -0.248165
16 68 -0.279385
16 69 -0.307513
16 70 -0.332259
16 71 -0.352845
16 72 -0.36917
16 73 -0.380962
16 74 -0.387913
16 75 -0.389962
16 76 -0.387473
16 77 -0.379765
16 78 -0.367748
16 79 -0.350918
16 80 -0.329727
16 81 -0.304634
16 82 -0.276049
16 83 -0.244457
16 84 -0.210376
16 85 -0.174182
16 86 -0.136817
16 87 -0.0985861
16 88 -0.0601982
16 89 -0.0223059
16 90 0.0147245
16 91 0.049775
16 92 0.0828215
16 93 0.112895
16 94 0.13997
16 95 0.163131
16 96 0.18246
16 97 0.197293
16 98 0.207262
16 99 0.212707
16 100 0.0264611
16 101 0

17 0 0
17 1 0.0223727
17 2 0.179875
17 3 0.174532
17 4 0.164457
17 5 0.1495
17 6 0.130296
17 7 0.106986
17 8 0.0798546
17 9 0.0496332
17 10 0.0168649
17 11 -0.0185006
17 12 -0.0554407
17 13 -0.0935247
17 14 -0.132008
17 15 -0.170455
17 16 -0.208087
17 17 -0.244564
17 18 -0.279067
17 19 -0.310886
17 20 -0.339872
17 21 -0.365281
17 22 -0.386918
17 23 -0.403971
17 24 -0.417099
17 25 -0.425162
17 26 -0.428289
17 27 -0.42665
17 28 -0.419991
17 29 -0.408557
17 30 -0.392348
17 31 -0.371916
17 32 -0.347374
17 33 -0.319407
17 34 -0.288218
17 35 -0.254489
17 36 -0.218535
17 37 -0.181607
17 38 -0.143492
17 39 -0.105225
17 40 -0.0670896
17 41 -0.0302242
17 42 0.00488672
17 43 0.0377341
17 44 0.0680219
17 45 0.0945938
17 46 0.117678
17 47 0.136495
17 48 0.151083
17 49 0.160786
17 50 0.165606
17 51 0.165769
17 52 0.161101
17 53 0.151514
17 54 0.137328
17 55 0.118343
17 56 0.0952734
17 57 0.0682704
17 58 0.0384549
17 59 0.0052794
17 60 -0.0299551
17 61 -0.0668221
17 62 -0.104737
17 63 -0.143393
17 64 -0.181415
17 65 -0.218706
17 66 -0.254603
17 67 -0.288453
17 68 -0.319581
17 69 -0.347634
17 70 -0.371995
17 71 -0.392706
17 72 -0.408972
17 73 -0.420631
17 74 -0.427361
17 75 -0.42933
17 76 -0.426461
17 77 -0.418765
17 78 -0.406449
17 79 -0.389121
17 80 -0.367752
17 81 -0.342399
17 82 -0.313648
17 83 -0.281671
17 84 -0.247368
17 85 -0.21097
17 86 -0.173162
17 87 -0.134764
17 88 -0.0963121
17 89 -0.0585249
17 90 -0.0213253
17 91 0.014015
17 92 0.0470219
17 93 0.0773721
17 94 0.104427
17 95 0.12756
17 96 0.146828
17 97 0.16161
17 98 0.171899
17 99 0.177037
17 100 0.0220018
17 101 0

18 0 0
18 1 0.0182598
18 2 0.146744
18 3 0.141475
18 4 0.131455
18 5 0.116581
18 6 0.0973884
18 7 0.0740719
18 8 0.0471128
18 9 0.0167153
18 10 -0.0162699
18 11 -0.0516696
18 12 -0.088903
18 13 -0.12716
18 14 -0.166071
18 15 -0.204708
18 16 -0.242498
18 17 -0.279067
18 18 -0.313684
18 19 -0.345864
18 20 -0.375032
18 21 -0.400749
18 22 -0.422407
18 23 -0.439811
18 24 -0.453042
18 25 -0.461414
18 26 -0.464835
18 27 -0.463363
18 28 -0.456813
18 29 -0.445336
18 30 -0.429521
18 31 -0.409102
18 32 -0.384609
18 33 -0.356822
18 34 -0.325792
18 35 -0.291998
18 36 -0.256193
18 37 -0.218908
18 38 -0.181133
18 39 -0.142986
18 40 -0.104937
18 41 -0.068311
18 42 -0.033138
18 43 -0.000246593
18 44 0.0297334
18 45 0.0563072
18 46 0.0791407
18 47 0.0979381
18 48 0.112371
18 49 0.122144
18 50 0.127019
18 51 0.127149
18 52 0.122443
18 53 0.112899
18 54 0.098611
18 55 0.0797099
18 56 0.0567205
18 57 0.0300122
18 58 -9.82007e-05
18 59 -0.0332252
18 60 -0.0683823
18 61 -0.105219
18 62 -0.143106
18 63 -0.181588
18 64 -0.219785
18 65 -0.256963
18 66 -0.292829
18 67 -0.326589
18 68 -0.357643
18 69 -0.385532
18 70 -0.409792
18 71 -0.430369
18 72 -0.446718
18 73 -0.458171
18 74 -0.464886
18 75 -0.466772
18 76 -0.463618
18 77 -0.455548
18 78 -0.442849
18 79 -0.42541
18 80 -0.403838
18 81 -0.37822
18 82 -0.349034
18 83 -0.316953
18 84 -0.282386
18 85 -0.245784
18 86 -0.207942
18 87 -0.169463
18 88 -0.130601
18 89 -0.0922938
18 90 -0.0550983
18 91 -0.0194185
18 92 0.013789
18 93 0.0439716
18 94 0.0710175
18 95 0.0942691
18 96 0.11362
18 97 0.128393
18 98 0.138435
18 99 0.143659
18 100 0.0178602
18 101 0

19 0 0
19 1 0.0144742
19 2 0.116418
19 3 0.111295
19 4 0.101128
19 5 0.086523
19 6 0.0672954
19 7 0.0438666
19 8 0.0168379
19 9 -0.0137584
19 10 -0.0470045
19 11 -0.0825327
19 12 -0.119798
19 13 -0.15841
19 14 -0.197419
19 15 -0.236133
19 16 -0.274179
19 17 -0.310886
19 18 -0.345864
19 19 -0.378392
19 20 -0.407761
19 21 -0.433905
19 22 -0.455742
19 23 -0.473264
19 24 -0.486494
19 25 -0.495183
19 26 -0.498944
19 27 -0.497642
19 28 -0.491231
19 29 -0.479847
19 30 -0.464196
19 31 -0.443832
19 32 -0.419286
19 33 -0.391468
19 34 -0.360579
19 35 -0.326851
19 36 -0.291185
19 37 -0.25383
19 38 -0.215947
19 39 -0.177938
19 40 -0.140056
19 41 -0.103559
19 42 -0.0684852
19 43 -0.0355497
19 44 -0.0056083
19 45 0.0209138
19 46 0.0438069
19 47 0.0624876
19 48 0.0766753
19 49 0.0863351
19 50 0.0910009
19 51 0.0910913
19 52 0.086362
19 53 0.0770129
19 54 0.0628889
19 55 0.0441453
19 56 0.0211464
19 57 -0.00570537
19 58 -0.0358294
19 59 -0.068898
19 60 -0.103991
19 61 -0.14074
19 62 -0.178701
19 63 -0.217137
19 64 -0.255203
19 65 -0.292486
19 66 -0.328343
19 67 -0.361943
19 68 -0.393127
19 69 -0.420898
19 70 -0.445117
19 71 -0.465627
19 72 -0.481866
19 73 -0.493208
19 74 -0.499897
19 75 -0.501848
19 76 -0.498441
19 77 -0.489877
19 78 -0.476697
19 79 -0.459183
19 80 -0.437326
19 81 -0.41164
19 82 -0.382185
19 83 -0.349673
19 84 -0.314894
19 85 -0.278058
19 86 -0.23998
19 87 -0.201258
19 88 -0.162158
19 89 -0.123723
19 90 -0.0862863
19 91 -0.0503671
19 92 -0.0170905
19 93 0.0130743
19 94 0.0404806
19 95 0.0637956
19 96 0.083024
19 97 0.098002
19 98 0.107699
19 99 0.113129
19 100 0.01409
19 101 0

20 0 0
20 1 0.0110891
20 2 0.0893479
20 3 0.0844651
20 4 0.0743559
20 5 0.0594829
20 6 0.040442
20 7 0.0167923
20 8 -0.0106095
20 9 -0.0412873
20 10 -0.0743943
20 11 -0.110193
20 12 -0.147774
20 13 -0.186488
20 14 -0.22534
20 15 -0.264394
20 16 -0.302763
20 17 -0.339872
20 18 -0.375032
20 19 -0.407761
20 20 -0.437378
20 21 -0.463601
20 22 -0.485918
20 23 -0.50377
20 24 -0.517174
20 25 -0.525856
20 26 -0.529968
20 27 -0.52894
20 28 -0.522504
20 29 -0.511356
20 30 -0.495701
20 31 -0.475151
20 32 -0.451047
20 33 -0.42314
20 34 -0.392249
20 35 -0.358588
20 36 -0.322913
20 37 -0.285685
20 38 -0.247492
20 39 -0.209516
20 40 -0.171881
20 41 -0.135169
20 42 -0.100236
20 43 -0.0672646
20 44 -0.0373514
20 45 -0.0110045
20 46 0.0119279
20 47 0.0303973
20 48 0.0446831
20 49 0.0542164
20 50 0.0591098
20 51 0.0590574
20 52 0.0543891
20 53 0.04461
20 54 0.0304294
20 55 0.0118062
20 56 -0.0109617
20 57 -0.037927
20 58 -0.067879
20 59 -0.100773
20 60 -0.136093
20 61 -0.172805
20 62 -0.210736
20 63 -0.249288
20 64 -0.287358
20 65 -0.324776
20 66 -0.360751
20 67 -0.394302
20 68 -0.425311
20 69 -0.453042
20 70 -0.477448
20 71 -0.497857
20 72 -0.514084
20 73 -0.525278
20 74 -0.531749
20 75 -0.533397
20 76 -0.529883
20 77 -0.521219
20 78 -0.507938
20 79 -0.489812
20 80 -0.467728
20 81 -0.4418
20 82 -0.412089
20 83 -0.379376
20 84 -0.344196
20 85 -0.307107
20 86 -0.268779
20 87 -0.229812
20 88 -0.190606
20 89 -0.152138
20 90 -0.11427
20 91 -0.0784422
20 92 -0.0449867
20 93 -0.0143437
20 94 0.0132298
20 95 0.0366001
20 96 0.0559391
20 97 0.0705591
20 98 0.0805827
20 99 0.0859773
20 100 0.010705
20 101 0

21 0 0
21 1 0.00821043
21 2 0.0660707
21 3 0.0610562
21 4 0.0509886
21 5 0.0361324
21 6 0.0166689
21 7 -0.00702804
21 8 -0.0342816
21 9 -0.0650208
21 10 -0.0984446
21 11 -0.134489
21 12 -0.172296
21 13 -0.210969
21 14 -0.25004
21 15 -0.289343
21 16 -0.328026
21 17 -0.365281
21 18 -0.400749
21 19 -0.433905
21 20 -0.463601
21 21 -0.489863
21 22 -0.512331
21 23 -0.530523
21 24 -0.544156
21 25 -0.553105
21 26 -0.55701
21 27 -0.556169
21 28 -0.550262
21 29 -0.53896
21 30 -0.523202
21 31 -0.503106
21 32 -0.47887
21 33 -0.451151
21 34 -0.420175
21 35 -0.386493
21 36 -0.351003
21 37 -0.313498
21 38 -0.275544
21 39 -0.237325
21 40 -0.199606
21 41 -0.163013
21 42 -0.128008
21 43 -0.0951229
21 44 -0.0654181
21 45 -0.0387069
21 46 -0.0158207
21 47 0.00267972
21 48 0.0167386
21 49 0.0262889
21 50 0.0309804
21 51 0.0311185
21 52 0.0261003
21 53 0.0166214
21 54 0.00252517
21 55 -0.016233
21 56 -0.0391751
21 57 -0.0659128
21 58 -0.096244
21 59 -0.128964
21 60 -0.163963
21 61 -0.200933
21 62 -0.239114
21 63 -0.277435
21 64 -0.315953
21 65 -0.353423
21 66 -0.389352
21 67 -0.422845
21 68 -0.453806
21 69 -0.48158
21 70 -0.505911
21 71 -0.526267
21 72 -0.542155
21 73 -0.553469
21 74 -0.559826
21 75 -0.561216
21 76 -0.557522
21 77 -0.548718
21 78 -0.535082
21 79 -0.516908
21 80 -0.494524
21 81 -0.468427
21 82 -0.438628
21 83 -0.405659
21 84 -0.370109
21 85 -0.332684
21 86 -0.294095
21 87 -0.254973
21 88 -0.215608
21 89 -0.176854
21 90 -0.139051
21 91 -0.102818
21 92 -0.0690134
21 93 -0.0383419
21 94 -0.0108486
21 95 0.0127013
21 96 0.032268
21 97 0.0472182
21 98 0.0571418
21 99 0.0625735
21 100 0.00780368
21 101 0

22 0 0
22 1 0.00583763
22 2 0.0467919
22 3 0.0415868
22 4 0.0316352
22 5 0.0167688
22 6 -0.00280479
22 7 -0.0263822
22 8 -0.0540029
22 9 -0.0848156
22 10 -0.118727
22 11 -0.154783
22 12 -0.192688
22 13 -0.231552
22 14 -0.270862
22 15 -0.310282
22 16 -0.349103
22 17 -0.386918
22 18 -0.422407
22 19 -0.455742
22 20 -0.485918
22 21 -0.512331
22 22 -0.534961
22 23 -0.55331
22 24 -0.567102
22 25 -0.576317
22 26 -0.58031
22 27 -0.579619
22 28 -0.573669
22 29 -0.562581
22 30 -0.546784
22 31 -0.526719
22 32 -0.502712
22 33 -0.475022
22 34 -0.443934
22 35 -0.410399
22 36 -0.374626
22 37 -0.33739
22 38 -0.299208
22 39 -0.261203
22 40 -0.223424
22 41 -0.186569
22 42 -0.151488
22 43 -0.118517
22 44 -0.0888165
22 45 -0.0619895
22 46 -0.0392479
22 47 -0.0208026
22 48 -0.00653842
22 49 0.00293341
22 50 0.00752292
22 51 0.00749687
22 52 0.00260042
22 53 -0.00692156
22 54 -0.021099
22 55 -0.0398063
22 56 -0.0627286
22 57 -0.0894337
22 58 -0.119991
22 59 -0.152796
22 60 -0.188027
22 61 -0.224981
22 62 -0.263108
22 63 -0.301757
22 64 -0.340184
22 65 -0.377856
22 66 -0.413555
22 67 -0.447174
22 68 -0.47799
22 69 -0.505915
22 70 -0.530284
22 71 -0.550464
22 72 -0.566132
22 73 -0.577493
22 74 -0.583912
22 75 -0.585023
22 76 -0.581051
22 77 -0.572247
22 78 -0.558365
22 79 -0.540039
22 80 -0.51742
22 81 -0.491073
22 82 -0.460926
22 83 -0.427755
22 84 -0.391917
22 85 -0.354387
22 86 -0.315464
22 87 -0.276131
22 88 -0.236548
22 89 -0.197463
22 90 -0.159559
22 91 -0.123194
22 92 -0.0893495
22 93 -0.0581983
22 94 -0.0307022
22 95 -0.00678943
22 96 0.012682
22 97 0.0276028
22 98 0.0378752
22 99 0.043254
22 100 0.00539465
22 101 0

23 0 0
23 1 0.00394383
23 2 0.0317997
23 3 0.0268512
23 4 0.0167885
23 5 0.00176917
23 6 -0.0178472
23 7 -0.0416599
23 8 -0.0694744
23 9 -0.1007
23 10 -0.134791
23 11 -0.170979
23 12 -0.208764
23 13 -0.247938
23 14 -0.287565
23 15 -0.32702
23 16 -0.366069
23 17 -0.403971
23 18 -0.439811
23 19 -0.473264
23 20 -0.50377
23 21 -0.530523
23 22 -0.55331
23 23 -0.571909
23 24 -0.585907
23 25 -0.595116
23 26 -0.599371
23 27 -0.598742
23 28 -0.592801
23 29 -0.581989
23 30 -0.566049
23 31 -0.545976
23 32 -0.52206
23 33 -0.494294
23 34 -0.463383
23 35 -0.42974
23 36 -0.393751
23 37 -0.356583
23 38 -0.318435
23 39 -0.280238
23 40 -0.242497
23 41 -0.205309
23 42 -0.170229
23 43 -0.137428
23 44 -0.107177
23 45 -0.0805061
23 46 -0.0577953
23 47 -0.0394142
23 48 -0.0251723
23 49 -0.0155352
23 50 -0.010913
23 51 -0.0112355
23 52 -0.0160605
23 53 -0.0256241
23 54 -0.039891
23 55 -0.0586537
23 56 -0.0814985
23 57 -0.10853
23 58 -0.138823
23 59 -0.171906
23 60 -0.207205
23 61 -0.244224
23 62 -0.282625
23 63 -0.321276
23 64 -0.359753
23 65 -0.397279
23 66 -0.433114
23 67 -0.466882
23 68 -0.497872
23 69 -0.525766
23 70 -0.550064
23 71 -0.570296
23 72 -0.585966
23 73 -0.59726
23 74 -0.603412
23 75 -0.604417
23 76 -0.600281
23 77 -0.591414
23 78 -0.577488
23 79 -0.55879
23 80 -0.53604
23 81 -0.509247
23 82 -0.478722
23 83 -0.44535
23 84 -0.409523
23 85 -0.371801
23 86 -0.332695
23 87 -0.292815
23 88 -0.253126
23 89 -0.213987
23 90 -0.175751
23 91 -0.139398
23 92 -0.105308
23 93 -0.0738752
23 94 -0.0461113
23 95 -0.0221402
23 96 -0.00232413
23 97 0.0127364
23 98 0.0231195
23 99 0.0282236
23 100 0.00349749
23 101 0

24 0 0
24 1 0.00265681
24 2 0.0213839
24 3 0.0163644
24 4 0.00637124
24 5 -0.00857455
24 6 -0.0282362
24 7 -0.0523844
24 8 -0.0802868
24 9 -0.111807
24 10 -0.145885
24 11 -0.182463
24 12 -0.220516
24 13 -0.259881
24 14 -0.299843
24 15 -0.339614
24 16 -0.37909
24 17 -0.417099
24 18 -0.453042
24 19 -0.486494
24 20 -0.517174
24 21 -0.544156
24 22 -0.567102
24 23 -0.585907
24 24 -0.600089
24 25 -0.6092
24 26 -0.613774
24 27 -0.613061
24 28 -0.607199
24 29 -0.596405
24 30 -0.580503
24 31 -0.560413
24 32 -0.536394
24 33 -0.508643
24 34 -0.47774
24 35 -0.443947
24 36 -0.407893
24 37 -0.370588
24 38 -0.332409
24 39 -0.294027
24 40 -0.256167
24 41 -0.219121
24 42 -0.18382
24 43 -0.151022
24 44 -0.120575
24 45 -0.0937624
24 46 -0.0711145
24 47 -0.0527319
24 48 -0.0386107
24 49 -0.0289097
24 50 -0.0242277
24 51 -0.0244402
24 52 -0.0294145
24 53 -0.0390338
24 54 -0.0534027
24 55 -0.0721738
24 56 -0.0949697
24 57 -0.122135
24 58 -0.152532
24 59 -0.185757
24 60 -0.221176
24 61 -0.25837
24 62 -0.296755
24 63 -0.335662
24 64 -0.374245
24 65 -0.411726
24 66 -0.447686
24 67 -0.481624
24 68 -0.512793
24 69 -0.540617
24 70 -0.564849
24 71 -0.585076
24 72 -0.600822
24 73 -0.612073
24 74 -0.618151
24 75 -0.618928
24 76 -0.614794
24 77 -0.605773
24 78 -0.591896
24 79 -0.573083
24 80 -0.550071
24 81 -0.522933
24 82 -0.492383
24 83 -0.458788
24 84 -0.422883
24 85 -0.38487
24 86 -0.345532
24 87 -0.305279
24 88 -0.265226
24 89 -0.225757
24 90 -0.187202
24 91 -0.150718
24 92 -0.11615
24 93 -0.084838
24 94 -0.0568657
24 95 -0.0326822
24 96 -0.0126811
24 97 0.0025097
24 98 0.0126549
24 99 0.0178192
24 100 0.00221983
24 101 0

25 0 0
25 1 0.00197215
25 2 0.0157488
25 3 0.0105412
25 4 0.000429824
25 5 -0.0143881
25 6 -0.0341735
25 7 -0.0585074
25 8 -0.0865116
25 9 -0.118176
25 10 -0.152613
25 11 -0.189153
25 12 -0.227556
25 13 -0.267078
25 14 -0.307112
25 15 -0.347219
25 16 -0.386934
25 17 -0.425162
25 18 -0.461414
25 19 -0.495183
25 20 -0.525856
25 21 -0.553105
25 22 -0.576317
25 23 -0.595116
25 24 -0.6092
25 25 -0.618841
25 26 -0.623287
25 27 -0.6227
25 28 -0.617085
25 29 -0.606213
25 30 -0.590303
25 31 -0.57024
25 32 -0.545975
25 33 -0.518234
25 34 -0.487119
25 35 -0.453208
25 36 -0.417029
25 37 -0.379434
25 38 -0.341357
25 39 -0.302619
25 40 -0.26468
25 41 -0.227879
25 42 -0.192287
25 43 -0.159466
25 44 -0.128979
25 45 -0.102051
25 46 -0.0790786
25 47 -0.0603817
25 48 -0.0463396
25 49 -0.0368575
25 50 -0.0320482
25 51 -0.0322384
25 52 -0.0373801
25 53 -0.0471208
25 54 -0.0614748
25 55 -0.0804073
25 56 -0.103403
25 57 -0.130499
25 58 -0.161081
25 59 -0.194562
25 60 -0.229812
25 61 -0.267392
25 62 -0.305894
25 63 -0.344523
25 64 -0.383579
25 65 -0.42118
25 66 -0.45714
25 67 -0.491387
25 68 -0.522758
25 69 -0.550627
25 70 -0.574815
25 71 -0.595109
25 72 -0.610887
25 73 -0.622176
25 74 -0.628092
25 75 -0.628915
25 76 -0.62461
25 77 -0.615548
25 78 -0.601343
25 79 -0.582545
25 80 -0.559276
25 81 -0.531919
25 82 -0.501257
25 83 -0.467444
25 84 -0.430973
25 85 -0.392788
25 86 -0.353127
25 87 -0.312725
25 88 -0.272523
25 89 -0.232683
25 90 -0.19416
25 91 -0.157316
25 92 -0.122719
25 93 -0.0911206
25 94 -0.0626955
25 95 -0.0384774
25 96 -0.018438
25 97 -0.00297379
25 98 0.00709733
25 99 0.0121896
25 100 0.00151447
25 101 0

26 0 0
26 1 0.00184464
26 2 0.0148432
26 3 0.00981416
26 4 -0.00034732
26 5 -0.0156395
26 6 -0.0354858
26 7 -0.0598595
26 8 -0.0879937
26 9 -0.119769
26 10 -0.154036
26 11 -0.190929
26 12 -0.229418
26 13 -0.269371
26 14 -0.309854
26 15 -0.350209
26 16 -0.389961
26 17 -0.428289
26 18 -0.464835
26 19 -0.498944
26 20 -0.529968
26 21 -0.55701
26 22 -0.58031
26 23 -0.599371
26 24 -0.613774
26 25 -0.623287
26 26 -0.627977
26 27 -0.62702
26 28 -0.621295
26 29 -0.610687
26 30 -0.594894
26 31 -0.57458
26 32 -0.550436
26 33 -0.522428
26 34 -0.491201
26 35 -0.457078
26 36 -0.420874
26 37 -0.383275
26 38 -0.345019
26 39 -0.30634
26 40 -0.268283
26 41 -0.231169
26 42 -0.195397
26 43 -0.16221
26 44 -0.131652
26 45 -0.104735
