0 0 0
0 1 0
0 2 0
0 3 0
0 4 0
0 5 0
0 6 0
0 7 0
0 8 0
0 9 0
0 10 0
0 11 0
0 12 0
0 13 0
0 14 0
0 15 0
0 16 0
0 17 0
0 18 0
0 19 0
0 20 0
0 21 0
0 22 0
0 23 0
0 24 0
0 25 0
0 26 0
0 27 0
0 28 0
0 29 0
0 30 0
0 31 0
0 32 0
0 33 0
0 34 0
0 35 0
0 36 0
0 37 0
0 38 0
0 39 0
0 40 0
0 41 0
0 42 0
0 43 0
0 44 0
0 45 0
0 46 0
0 47 0
0 48 0
0 49 0
0 50 0
0 51 0
0 52 0
0 53 0
0 54 0
0 55 0
0 56 0
0 57 0
0 58 0
0 59 0
0 60 0
0 61 0
0 62 0
0 63 0
0 64 0
0 65 0
0 66 0
0 67 0
0 68 0
0 69 0
0 70 0
0 71 0
0 72 0
0 73 0
0 74 0
0 75 0
0 76 0
0 77 0
0 78 0
0 79 0
0 80 0
0 81 0
0 82 0
0 83 0
0 84 0
0 85 0
0 86 0
0 87 0
0 88 0
0 89 0
0 90 0
0 91 0
0 92 0
0 93 0
0 94 0
0 95 0
0 96 0
0 97 0
0 98 0
0 99 0
0 100 0
0 101 0

1 0 0
1 1 0
1 2 0.0537978
1 3 0.0532902
1 4 0.0523485
1 5 0.0512519
1 6 0.0495434
1 7 0.047563
1 8 0.0453731
1 9 0.0427795
1 10 0.0398628
1 11 0.0367605
1 12 0.0335094
1 13 0.0302978
1 14 0.0270165
1 15 0.0238975
1 16 0.0209733
1 17 0.0181361
1 18 0.0154525
1 19 0.0131506
1 20 0.0109691
1 21 0.00927386
1 22 0.00794329
1 23 0.00667766
1 24 0.00587196
1 25 0.00543176
1 26 0.00525961
1 27 0.00575994
1 28 0.00648995
1 29 0.00766509
1 30 0.00939183
1 31 0.0117795
1 32 0.0145736
1 33 0.0176802
1 34 0.0212152
1 35 0.0249093
1 36 0.0287835
1 37 0.0325793
1 38 0.0364527
1 39 0.040198
1 40 0.0440907
1 41 0.0478368
1 42 0.0513965
1 43 0.0548306
1 44 0.0579117
1 45 0.0608024
1 46 0.0630452
1 47 0.0648919
1 48 0.0660366
1 49 0.0668489
1 50 0.0672292
1 51 0.0672039
1 52 0.0669539
1 53 0.06625
1 54 0.0650503
1 55 0.0634626
1 56 0.061045
1 57 0.0582644
1 58 0.055119
1 59 0.0517495
1 60 0.0481468
1 61 0.044508
1 62 0.0407625
1 63 0.0368838
1 64 0.0330804
1 65 0.0292062
1 66 0.025403
1 67 0.0216285
1 68 0.0182908
1 69 0.0150594
1 70 0.0123775
1 71 0.0102336
1 72 0.00844913
1 73 0.00734668
1 74 0.00656588
1 75 0.00625887
1 76 0.00626052
1 77 0.00677771
1 78 0.00755419
1 79 0.00870252
1 80 0.0103509
1 81 0.0121742
1 82 0.0142678
1 83 0.0167764
1 84 0.019381
1 85 0.0222158
1 86 0.0252209
1 87 0.0282982
1 88 0.0314189
1 89 0.03465
1 90 0.0377875
1 91 0.0408659
1 92 0.0436775
1 93 0.046165
1 94 0.0483905
1 95 0.0503213
1 96 0.0518172
1 97 0.0532122
1 98 0.0540845
1 99 0.0547271
1 100 0
1 101 0

2 0 0
2 1 0.0537978
2 2 0.432497
2 3 0.428366
2 4 0.421481
2 5 0.411576
2 6 0.398556
2 7 0.382842
2 8 0.364655
2 9 0.343924
2 10 0.320617
2 11 0.295682
2 12 0.269792
2 13 0.243548
2 14 0.217673
2 15 0.192604
2 16 0.168656
2 17 0.145852
2 18 0.124412
2 19 0.105118
2 20 0.0884745
2 21 0.0744245
2 22 0.0631341
2 23 0.053941
2 24 0.047061
2 25 0.0432541
2 26 0.0426701
2 27 0.0454954
2 28 0.0519383
2 29 0.0619286
2 30 0.0760863
2 31 0.0948215
2 32 0.117285
2 33 0.142721
2 34 0.170654
2 35 0.20039
2 36 0.231048
2 37 0.261774
2 38 0.292617
2 39 0.323505
2 40 0.354295
2 41 0.38459
2 42 0.41344
2 43 0.440631
2 44 0.465932
2 45 0.48828
2 46 0.506897
2 47 0.521081
2 48 0.531135
2 49 0.537428
2 50 0.5404
2 51 0.540784
2 52 0.538311
2 53 0.532561
2 54 0.523277
2 55 0.509522
2 56 0.490954
2 57 0.468348
2 58 0.443173
2 59 0.415985
2 60 0.387278
2 61 0.357758
2 62 0.327382
2 63 0.296477
2 64 0.265603
2 65 0.234719
2 66 0.204192
2 67 0.174585
2 68 0.146722
2 69 0.121582
2 70 0.0999358
2 71 0.0820984
2 72 0.0682371
2 73 0.0586579
2 74 0.0528634
2 75 0.0500435
2 76 0.0504329
2 77 0.0539798
2 78 0.0605191
2 79 0.0702291
2 80 0.0827264
2 81 0.0974961
2 82 0.114772
2 83 0.134237
2 84 0.155936
2 85 0.179162
2 86 0.20296
2 87 0.227571
2 88 0.253
2 89 0.278637
2 90 0.304121
2 91 0.328687
2 92 0.351252
2 93 0.371487
2 94 0.389239
2 95 0.404564
2 96 0.417183
2 97 0.427234
2 98 0.435105
2 99 0.439971
2 100 0.0547271
2 101 0

3 0 0
3 1 0.0532902
3 2 0.428366
3 3 0.424386
3 4 0.417866
3 5 0.407241
3 6 0.395108
3 7 0.37959
3 8 0.360694
3 9 0.340014
3 10 0.317121
3 11 0.292373
3 12 0.266846
3 13 0.240394
3 14 0.214863
3 15 0.18992
3 16 0.165466
3 17 0.142232
3 18 0.120479
3 19 0.100382
3 20 0.0843692
3 21 0.0697777
3 22 0.0574467
3 23 0.0490149
3 24 0.0420256
3 25 0.0379949
3 26 0.0379197
3 27 0.0395982
3 28 0.0465726
3 29 0.0576507
3 30 0.0723633
3 31 0.0904793
3 32 0.113013
3 33 0.13883
3 34 0.166092
3 35 0.195527
3 36 0.225456
3 37 0.256262
3 38 0.286861
3 39 0.318621
3 40 0.349045
3 41 0.379526
3 42 0.408818
3 43 0.435727
3 44 0.461155
3 45 0.482641
3 46 0.501421
3 47 0.515178
3 48 0.525881
3 49 0.532144
3 50 0.535322
3 51 0.536291
3 52 0.533396
3 53 0.527692
3 54 0.51838
3 55 0.503727
3 56 0.485791
3 57 0.463245
3 58 0.438101
3 59 0.410747
3 60 0.382411
3 61 0.35258
3 62 0.32181
3 63 0.291198
3 64 0.259886
3 65 0.229327
3 66 0.199166
3 67 0.170372
3 68 0.141772
3 69 0.117473
3 70 0.0958607
3 71 0.0772867
3 72 0.0635079
3 73 0.0530669
3 74 0.0476372
3 75 0.0448062
3 76 0.0453442
3 77 0.0482602
3 78 0.0552403
3 79 0.0655504
3 80 0.0774129
3 81 0.0923484
3 82 0.11006
3 83 0.129486
3 84 0.152327
3 85 0.176214
3 86 0.199916
3 87 0.224484
3 88 0.250041
3 89 0.275326
3 90 0.300728
3 91 0.324839
3 92 0.34757
3 93 0.368353
3 94 0.385914
3 95 0.400777
3 96 0.413678
3 97 0.422683
3 98 0.430912
3 99 0.435309
3 100 0.0541193
3 101 0

4 0 0
4 1 0.0523485
4 2 0.421481
4 3 0.417866
4 4 0.410729
4 5 0.400246
4 6 0.387098
4 7 0.3716
4 8 0.353316
4 9 0.332426
4 10 0.309571
4 11 0.285326
4 12 0.260008
4 13 0.233946
4 14 0.208324
4 15 0.182592
4 16 0.158456
4 17 0.13473
4 18 0.113642
4 19 0.0933968
4 20 0.0763099
4 21 0.0610063
4 22 0.0479476
4 23 0.038771
4 24 0.0321543
4 25 0.0281502
4 26 0.027874
4 27 0.0303653
4 28 0.0371091
4 29 0.0477369
4 30 0.0631913
4 31 0.0819788
4 32 0.103989
4 33 0.129638
4 34 0.156739
4 35 0.185886
4 36 0.216062
4 37 0.246851
4 38 0.277715
4 39 0.30928
4 40 0.339873
4 41 0.369975
4 42 0.399622
4 43 0.427473
4 44 0.452495
4 45 0.473829
4 46 0.491441
4 47 0.505044
4 48 0.515484
4 49 0.521786
4 50 0.525647
4 51 0.526517
4 52 0.524064
4 53 0.518135
4 54 0.508503
4 55 0.493993
4 56 0.476281
4 57 0.45446
4 58 0.428979
4 59 0.401865
4 60 0.373211
4 61 0.343022
4 62 0.31241
4 63 0.281888
4 64 0.250795
4 65 0.219979
4 66 0.189286
4 67 0.160158
4 68 0.132681
4 69 0.108471
4 70 0.0865522
4 71 0.0682245
4 72 0.0540626
4 73 0.043103
4 74 0.0369312
4 75 0.0340545
4 76 0.035045
4 77 0.0387315
4 78 0.0455349
4 79 0.0552764
4 80 0.0679137
4 81 0.0836763
4 82 0.102087
4 83 0.122236
4 84 0.145248
4 85 0.168416
4 86 0.19318
4 87 0.218173
4 88 0.243267
4 89 0.268016
4 90 0.293083
4 91 0.317024
4 92 0.339866
4 93 0.360492
4 94 0.378258
4 95 0.393292
4 96 0.405801
4 97 0.416293
4 98 0.423763
4 99 0.427262
4 100 0.0531057
4 101 0

5 0 0
5 1 0.0512519
5 2 0.411576
5 3 0.407241
5 4 0.400246
5 5 0.389119
5 6 0.376348
5 7 0.359942
5 8 0.341835
5 9 0.321016
5 10 0.29908
5 11 0.275693
5 12 0.250855
5 13 0.22478
5 14 0.199154
5 15 0.173472
5 16 0.148409
5 17 0.125403
5 18 0.103754
5 19 0.0829391
5 20 0.0643532
5 21 0.048813
5 22 0.0356808
5 23 0.0253939
5 24 0.0186958
5 25 0.0142368
5 26 0.013788
5 27 0.0168667
5 28 0.0245346
5 29 0.0349957
5 30 0.0501228
5 31 0.0684638
5 32 0.0900262
5 33 0.115466
5 34 0.142895
5 35 0.172201
5 36 0.202166
5 37 0.233131
5 38 0.264054
5 39 0.29542
5 40 0.32687
5 41 0.357362
5 42 0.386921
5 43 0.414214
5 44 0.439272
5 45 0.458995
5 46 0.477558
5 47 0.490672
5 48 0.501919
5 49 0.508485
5 50 0.512257
5 51 0.512931
5 52 0.510715
5 53 0.504237
5 54 0.494654
5 55 0.479501
5 56 0.462565
5 57 0.440146
5 58 0.415787
5 59 0.388769
5 60 0.36009
5 61 0.329542
5 62 0.298911
5 63 0.267543
5 64 0.236417
5 65 0.205541
5 66 0.174973
5 67 0.146755
5 68 0.119399
5 69 0.0947748
5 70 0.0727389
5 71 0.0545144
5 72 0.0407408
5 73 0.0298094
5 74 0.0232647
5 75 0.0197474
5 76 0.0207942
5 77 0.0246402
5 78 0.032333
5 79 0.0421169
5 80 0.0552946
5 81 0.0717742
5 82 0.0903999
5 83 0.111876
5 84 0.134742
5 85 0.158325
5 86 0.183736
5 87 0.208585
5 88 0.233273
5 89 0.258583
5 90 0.283441
5 91 0.306659
5 92 0.32835
5 93 0.348228
5 94 0.367021
5 95 0.381738
5 96 0.395611
5 97 0.405427
5 98 0.412642
5 99 0.4164
5 100 0.051787
5 101 0

6 0 0
6 1 0.0495434
6 2 0.398556
6 3 0.395108
6 4 0.387098
6 5 0.376348
6 6 0.36271
6 7 0.346046
6 8 0.327673
6 9 0.307451
6 10 0.285533
6 11 0.262595
6 12 0.237621
6 13 0.212612
6 14 0.186213
6 15 0.160678
6 16 0.135509
6 17 0.111617
6 18 0.0887727
6 19 0.0683399
6 20 0.0489555
6 21 0.0331566
6 22 0.0190518
6 23 0.00893249
6 24 0.00169673
6 25 -0.00225263
6 26 -0.00278819
6 27 0.000636887
6 28 0.00793268
6 29 0.0184938
6 30 0.0335631
6 31 0.0519375
6 32 0.0732951
6 33 0.097934
6 34 0.125154
6 35 0.153291
6 36 0.183738
6 37 0.215155
6 38 0.246622
6 39 0.277939
6 40 0.309373
6 41 0.339692
6 42 0.36965
6 43 0.396898
6 44 0.421469
6 45 0.442259
6 46 0.458988
6 47 0.473023
6 48 0.484054
6 49 0.491115
6 50 0.494921
6 51 0.495885
6 52 0.492865
6 53 0.486368
6 54 0.475673
6 55 0.461416
6 56 0.444093
6 57 0.42291
6 58 0.398467
6 59 0.371288
6 60 0.342267
6 61 0.311208
6 62 0.281063
6 63 0.249925
6 64 0.218188
6 65 0.186822
6 66 0.156667
6 67 0.127779
6 68 0.101792
6 69 0.0775479
6 70 0.056071
6 71 0.0383393
6 72 0.0240488
6 73 0.0130557
6 74 0.00599845
6 75 0.00270853
6 76 0.00372054
6 77 0.00802372
6 78 0.0146882
6 79 0.0255875
6 80 0.0386774
6 81 0.0556602
6 82 0.074914
6 83 0.0972107
6 84 0.120171
6 85 0.144361
6 86 0.169701
6 87 0.195733
6 88 0.220177
6 89 0.245316
6 90 0.269578
6 91 0.292716
6 92 0.314311
6 93 0.334719
6 94 0.352432
6 95 0.36799
6 96 0.381869
6 97 0.39263
6 98 0.399206
6 99 0.402649
6 100 0.0500384
6 101 0

7 0 0
7 1 0.047563
7 2 0.382842
7 3 0.37959
7 4 0.3716
7 5 0.359942
7 6 0.346046
7 7 0.330331
7 8 0.31081
7 9 0.290955
7 10 0.26942
7 11 0.246203
7 12 0.221878
7 13 0.196586
7 14 0.170242
7 15 0.143533
7 16 0.117784
7 17 0.0934526
7 18 0.0705895
7 19 0.0491424
7 20 0.0303906
7 21 0.0138223
7 22 0.000296397
7 23 -0.00990727
7 24 -0.0180791
7 25 -0.022622
7 26 -0.0231098
7 27 -0.0199935
7 28 -0.0131408
7 29 -0.00196721
7 30 0.0128943
7 31 0.0310601
7 32 0.0520725
7 33 0.0763703
7 34 0.103256
7 35 0.13146
7 36 0.1615
7 37 0.193345
7 38 0.224756
7 39 0.256018
7 40 0.287339
7 41 0.317771
7 42 0.347446
7 43 0.374335
7 44 0.398567
7 45 0.419768
7 46 0.43689
7 47 0.45166
7 48 0.463018
7 49 0.470103
7 50 0.473767
7 51 0.474316
7 52 0.47143
7 53 0.464784
7 54 0.453849
7 55 0.439386
7 56 0.421158
7 57 0.399794
7 58 0.375507
7 59 0.348462
7 60 0.319625
7 61 0.289136
7 62 0.258776
7 63 0.227818
7 64 0.19558
7 65 0.164368
7 66 0.134296
7 67 0.105722
7 68 0.0796293
7 69 0.0560723
7 70 0.0350936
7 71 0.0174355
7 72 0.00341581
7 73 -0.00744959
7 74 -0.015186
7 75 -0.0185729
7 76 -0.017292
7 77 -0.0125375
7 78 -0.00487423
7 79 0.00617361
7 80 0.0194722
7 81 0.0360446
7 82 0.0558325
7 83 0.0774202
7 84 0.101042
7 85 0.125947
7 86 0.151945
7 87 0.178512
7 88 0.203976
7 89 0.228644
7 90 0.252997
7 91 0.275791
7 92 0.297032
7 93 0.317408
7 94 0.335183
7 95 0.352049
7 96 0.365604
7 97 0.375942
7 98 0.382821
7 99 0.386177
7 100 0.0480241
7 101 0

8 0 0
8 1 0.0453731
8 2 0.364655
8 3 0.360694
8 4 0.353316
8 5 0.341835
8 6 0.327673
8 7 0.31081
8 8 0.292327
8 9 0.272312
8 10 0.250844
8 11 0.227274
8 12 0.202378
8 13 0.176877
8 14 0.150564
8 15 0.123496
8 16 0.0968034
8 17 0.0718222
8 18 0.0490111
8 19 0.0270436
8 20 0.00770897
8 21 -0.00821715
8 22 -0.0215595
8 23 -0.0328448
8 24 -0.0407676
8 25 -0.0450699
8 26 -0.0459492
8 27 -0.0431632
8 28 -0.0366098
8 29 -0.0264363
8 30 -0.0111865
8 31 0.00636898
8 32 0.0268565
8 33 0.0513844
8 34 0.0775417
8 35 0.105094
8 36 0.135066
8 37 0.16701
8 38 0.198621
8 39 0.230831
8 40 0.261464
8 41 0.291969
8 42 0.321484
8 43 0.348033
8 44 0.372719
8 45 0.393799
8 46 0.411781
8 47 0.426452
8 48 0.438276
8 49 0.445847
8 50 0.449533
8 51 0.450444
8 52 0.446675
8 53 0.439614
8 54 0.428313
8 55 0.412797
8 56 0.394804
8 57 0.373473
8 58 0.349121
8 59 0.322076
8 60 0.293418
8 61 0.263111
8 62 0.232541
8 63 0.201448
8 64 0.168726
8 65 0.137835
8 66 0.107817
8 67 0.0793452
8 68 0.0534968
8 69 0.0308804
8 70 0.010322
8 71 -0.00697944
8 72 -0.0208426
8 73 -0.0320327
8 74 -0.0383703
8 75 -0.0417595
8 76 -0.0409005
8 77 -0.0356849
8 78 -0.0277691
8 79 -0.0172169
8 80 -0.00330618
8 81 0.0131817
8 82 0.0328709
8 83 0.0548699
8 84 0.0785906
8 85 0.103757
8 86 0.130703
8 87 0.15772
8 88 0.183331
8 89 0.208724
8 90 0.233605
8 91 0.25635
8 92 0.277472
8 93 0.297927
8 94 0.316415
8 95 0.332219
8 96 0.34663
8 97 0.356864
8 98 0.363672
8 99 0.367574
8 100 0.0457481
8 101 0

9 0 0
9 1 0.0427795
9 2 0.343924
9 3 0.340014
9 4 0.332426
9 5 0.321016
9 6 0.307451
9 7 0.290955
9 8 0.272312
9 9 0.25275
9 10 0.230363
9 11 0.205874
9 12 0.180722
9 13 0.154453
9 14 0.127435
9 15 0.100138
9 16 0.0731668
9 17 0.0470858
9 18 0.0230012
9 19 0.00146179
9 20 -0.0168429
9 21 -0.033672
9 22 -0.0480412
9 23 -0.0585765
9 24 -0.0670543
9 25 -0.071607
9 26 -0.0716033
9 27 -0.0698408
9 28 -0.0631289
9 29 -0.0528877
9 30 -0.0390065
9 31 -0.0215566
9 32 -0.00127346
9 33 0.02271
9 34 0.0489154
9 35 0.0764185
9 36 0.105744
9 37 0.137313
9 38 0.169427
9 39 0.201147
9 40 0.232429
9 41 0.26291
9 42 0.292057
9 43 0.319353
9 44 0.343674
9 45 0.364641
9 46 0.383438
9 47 0.398318
9 48 0.410051
9 49 0.418028
9 50 0.42229
9 51 0.422449
9 52 0.418938
9 53 0.411236
9 54 0.399568
9 55 0.383491
9 56 0.365234
9 57 0.343766
9 58 0.319418
9 59 0.2928
9 60 0.263948
9 61 0.234066
9 62 0.202978
9 63 0.170761
9 64 0.139182
9 65 0.108394
9 66 0.0785411
9 67 0.0505554
9 68 0.0243394
9 69 0.0016055
9 70 -0.0180784
9 71 -0.0350303
9 72 -0.0487921
9 73 -0.0590079
9 74 -0.065202
9 75 -0.0683329
9 76 -0.0666303
9 77 -0.0626102
9 78 -0.0551388
9 79 -0.0435279
9 80 -0.0296713
9 81 -0.0130723
9 82 0.00654321
9 83 0.02835
9 84 0.0529717
9 85 0.0784267
9 86 0.104993
9 87 0.133365
9 88 0.16072
9 89 0.186375
9 90 0.21192
9 91 0.235447
9 92 0.257017
9 93 0.277164
9 94 0.295318
9 95 0.311461
9 96 0.324883
9 97 0.334995
9 98 0.342542
9 99 0.346399
9 100 0.0431099
9 101 0

10 0 0
10 1 0.0398628
10 2 0.320617
10 3 0.317121
10 4 0.309571
10 5 0.29908
10 6 0.285533
10 7 0.26942
10 8 0.250844
10 9 0.230363
10 10 0.207095
10 11 0.183142
10 12 0.157006
10 13 0.129687
10 14 0.101814
10 15 0.0743771
10 16 0.0469432
10 17 0.0207851
10 18 -0.00393672
10 19 -0.0252452
10 20 -0.0449919
10 21 -0.0617089
10 22 -0.0760077
10 23 -0.0874853
10 24 -0.0960598
10 25 -0.100857
10 26 -0.102044
10 27 -0.0994926
10 28 -0.0933343
10 29 -0.0831315
10 30 -0.0695407
10 31 -0.0521091
10 32 -0.0316363
10 33 -0.00836059
10 34 0.0177002
10 35 0.0447467
10 36 0.0742165
10 37 0.104949
10 38 0.137223
10 39 0.168987
10 40 0.200542
10 41 0.230567
10 42 0.259913
10 43 0.28765
10 44 0.312056
10 45 0.333719
10 46 0.352146
10 47 0.367301
10 48 0.378735
10 49 0.387243
10 50 0.392038
10 51 0.392413
10 52 0.388242
10 53 0.380266
10 54 0.368034
10 55 0.351782
10 56 0.333213
10 57 0.312033
10 58 0.287189
10 59 0.260277
10 60 0.231589
10 61 0.201215
10 62 0.170071
10 63 0.137972
10 64 0.107008
10 65 0.0761796
10 66 0.0466949
10 67 0.0184532
10 68 -0.00674002
10 69 -0.0299214
10 70 -0.0497427
10 71 -0.0663725
10 72 -0.0800246
10 73 -0.0895207
10 74 -0.09587
10 75 -0.0979543
10 76 -0.0965266
10 77 -0.0920299
10 78 -0.0843976
10 79 -0.0728489
10 80 -0.0584249
10 81 -0.0412881
10 82 -0.0222026
10 83 0.000567648
10 84 0.0248652
10 85 0.0505844
10 86 0.0778423
10 87 0.106953
10 88 0.135321
10 89 0.162304
10 90 0.187567
10 91 0.211799
10 92 0.233862
10 93 0.254661
10 94 0.272396
10 95 0.288205
10 96 0.301611
10 97 0.312441
10 98 0.319176
10 99 0.322573
10 100 0.0401066
10 101 0

11 0 0
11 1 0.0367605
11 2 0.295682
11 3 0.292373
11 4 0.285326
11 5 0.275693
11 6 0.262595
11 7 0.246203
11 8 0.227274
11 9 0.205874
11 10 0.183142
11 11 0.158332
11 12 0.131418
11 13 0.103718
11 14 0.0750824
11 15 0.0468791
11 16 0.0189227
11 17 -0.00728878
11 18 -0.0319999
11 19 -0.0543146
11 20 -0.0750667
11 21 -0.0927105
11 22 -0.106856
11 23 -0.118995
11 24 -0.127209
11 25 -0.13304
11 26 -0.135028
11 27 -0.132365
11 28 -0.126211
11 29 -0.116074
11 30 -0.102231
11 31 -0.0852657
11 32 -0.0647425
11 33 -0.0421714
11 34 -0.0165928
11 35 0.0115737
11 36 0.040784
11 37 0.0713543
11 38 0.102394
11 39 0.134521
11 40 0.166335
11 41 0.196637
11 42 0.226103
11 43 0.253435
11 44 0.278342
11 45 0.299836
11 46 0.318725
11 47 0.334364
11 48 0.345644
11 49 0.354042
11 50 0.358861
11 51 0.358775
11 52 0.354972
11 53 0.347236
11 54 0.334462
11 55 0.318592
11 56 0.299251
11 57 0.277073
11 58 0.252801
11 59 0.225538
11 60 0.197443
11 61 0.166714
11 62 0.134672
11 63 0.10341
11 64 0.0723409
11 65 0.0421154
11 66 0.0122739
11 67 -0.0156859
11 68 -0.040969
11 69 -0.0641613
11 70 -0.0842616
11 71 -0.100499
11 72 -0.113013
11 73 -0.122861
11 74 -0.129465
11 75 -0.131265
11 76 -0.129199
11 77 -0.124375
11 78 -0.115709
11 79 -0.104573
11 80 -0.0896775
11 81 -0.0721364
11 82 -0.0520557
11 83 -0.029281
11 84 -0.00515657
11 85 0.0213948
11 86 0.0496748
11 87 0.0790247
11 88 0.108041
11 89 0.13615
11 90 0.161682
11 91 0.186413
11 92 0.209328
11 93 0.229616
11 94 0.248142
11 95 0.263939
11 96 0.277409
11 97 0.287664
11 98 0.293768
11 99 0.296927
11 100 0.0369175
11 101 0

12 0 0
12 1 0.0335094
12 2 0.269792
12 3 0.266846
12 4 0.260008
12 5 0.250855
12 6 0.237621
12 7 0.221878
12 8 0.202378
12 9 0.180722
12 10 0.157006
12 11 0.131418
12 12 0.104247
12 13 0.0758042
12 14 0.0471173
12 15 0.0175726
12 16 -0.0105723
12 17 -0.0378253
12 18 -0.062911
12 19 -0.086553
12 20 -0.107129
12 21 -0.125729
12 22 -0.140562
12 23 -0.153354
12 24 -0.161894
12 25 -0.166897
12 26 -0.168898
12 27 -0.166775
12 28 -0.160175
12 29 -0.150019
12 30 -0.136635
12 31 -0.119334
12 32 -0.0995447
12 33 -0.0772962
12 34 -0.0522601
12 35 -0.0245952
12 36 0.00494189
12 37 0.03598
12 38 0.0675118
12 39 0.0990652
12 40 0.130918
12 41 0.161268
12 42 0.189952
12 43 0.217831
12 44 0.242726
12 45 0.26476
12 46 0.283617
12 47 0.298901
12 48 0.31021
12 49 0.318517
12 50 0.323797
12 51 0.323357
12 52 0.319749
12 53 0.311085
12 54 0.298595
12 55 0.282566
12 56 0.263315
12 57 0.241497
12 58 0.216906
12 59 0.190211
12 60 0.16107
12 61 0.130496
12 62 0.0987295
12 63 0.0673953
12 64 0.0365031
12 65 0.00563873
12 66 -0.0244647
12 67 -0.0520349
12 68 -0.0769059
12 69 -0.0997235
12 70 -0.119471
12 71 -0.135541
12 72 -0.148429
12 73 -0.158019
12 74 -0.164014
12 75 -0.165734
12 76 -0.163955
12 77 -0.159161
12 78 -0.150294
12 79 -0.13857
12 80 -0.123123
12 81 -0.105457
12 82 -0.0843788
12 83 -0.0621043
12 84 -0.0370173
12 85 -0.00972873
12 86 0.019471
12 87 0.0493995
12 88 0.0796971
12 89 0.10755
12 90 0.133932
12 91 0.159485
12 92 0.183266
12 93 0.204187
12 94 0.222747
12 95 0.238785
12 96 0.250649
12 97 0.261616
12 98 0.267827
12 99 0.270266
12 100 0.0335486
12 101 0

13 0 0
13 1 0.0302978
13 2 0.243548
13 3 0.240394
13 4 0.233946
13 5 0.22478
13 6 0.212612
13 7 0.196586
13 8 0.176877
13 9 0.154453
13 10 0.129687
13 11 0.103718
13 12 0.0758042
13 13 0.0473963
13 14 0.0173773
13 15 -0.0116341
13 16 -0.0401046
13 17 -0.068109
13 18 -0.0942286
13 19 -0.118591
13 20 -0.140234
13 21 -0.159014
13 22 -0.17545
13 23 -0.188041
13 24 -0.197269
13 25 -0.202222
13 26 -0.204285
13 27 -0.202954
13 28 -0.195887
13 29 -0.185196
13 30 -0.172048
13 31 -0.155406
13 32 -0.135758
13 33 -0.113258
13 34 -0.0881788
13 35 -0.0609093
13 36 -0.0310544
13 37 -3.89401e-05
13 38 0.0315415
13 39 0.0626644
13 40 0.0942203
13 41 0.124474
13 42 0.152739
13 43 0.179979
13 44 0.204978
13 45 0.227388
13 46 0.246662
13 47 0.262138
13 48 0.273319
13 49 0.282105
13 50 0.286689
13 51 0.286803
13 52 0.282211
13 53 0.273979
13 54 0.261358
13 55 0.24517
13 56 0.2258
13 57 0.2037
13 58 0.17911
13 59 0.152583
13 60 0.123507
13 61 0.0929722
13 62 0.0618848
13 63 0.0302976
13 64 -0.000608392
13 65 -0.031743
13 66 -0.0612055
13 67 -0.0884401
13 68 -0.11366
13 69 -0.1363
13 70 -0.15588
13 71 -0.17206
13 72 -0.184856
13 73 -0.194543
13 74 -0.200124
13 75 -0.201987
13 76 -0.200492
13 77 -0.195193
13 78 -0.185958
13 79 -0.172558
13 80 -0.157518
13 81 -0.139113
13 82 -0.117595
13 83 -0.0946674
13 84 -0.0685677
13 85 -0.0401254
13 86 -0.0112022
13 87 0.0191871
13 88 0.049335
13 89 0.0781501
13 90 0.104899
13 91 0.131581
13 92 0.156012
13 93 0.177599
13 94 0.196505
13 95 0.212475
13 96 0.224266
13 97 0.233852
13 98 0.240616
13 99 0.24329
13 100 0.0301903
13 101 0

14 0 0
14 1 0.0270165
14 2 0.217673
14 3 0.214863
14 4 0.208324
14 5 0.199154
14 6 0.186213
14 7 0.170242
14 8 0.150564
14 9 0.127435
14 10 0.101814
14 11 0.0750824
14 12 0.0471173
14 13 0.0173773
14 14 -0.0121925
14 15 -0.0424061
14 16 -0.071309
14 17 -0.100657
14 18 -0.126233
14 19 -0.151745
14 20 -0.173889
14 21 -0.194214
14 22 -0.21052
14 23 -0.223966
14 24 -0.232595
14 25 -0.238182
14 26 -0.240108
14 27 -0.238538
14 28 -0.231782
14 29 -0.221739
14 30 -0.208741
14 31 -0.192328
14 32 -0.172898
14 33 -0.14967
14 34 -0.124615
14 35 -0.0972851
14 36 -0.0673904
14 37 -0.036306
14 38 -0.00626418
14 39 0.0256326
14 40 0.0565653
14 41 0.0866642
14 42 0.115625
14 43 0.141864
14 44 0.166375
14 45 0.189596
14 46 0.209027
14 47 0.224394
14 48 0.236351
14 49 0.24394
14 50 0.248488
14 51 0.248273
14 52 0.24352
14 53 0.235781
14 54 0.224284
14 55 0.207213
14 56 0.187481
14 57 0.165408
14 58 0.140175
14 59 0.113833
14 60 0.085604
14 61 0.0550411
14 62 0.0238734
14 63 -0.00670812
14 64 -0.0389115
14 65 -0.0689018
14 66 -0.0983629
14 67 -0.125918
14 68 -0.150882
14 69 -0.173623
14 70 -0.193811
14 71 -0.209295
14 72 -0.221753
14 73 -0.231456
14 74 -0.236626
14 75 -0.238845
14 76 -0.236611
14 77 -0.231191
14 78 -0.221334
14 79 -0.209194
14 80 -0.193047
14 81 -0.174104
14 82 -0.151516
14 83 -0.128329
14 84 -0.101003
14 85 -0.0728527
14 86 -0.0428427
14 87 -0.012502
14 88 0.018408
14 89 0.0476314
14 90 0.0762514
14 91 0.102567
14 92 0.127198
14 93 0.149785
14 94 0.169231
14 95 0.185753
14 96 0.198292
14 97 0.207582
14 98 0.213356
14 99 0.216338
14 100 0.0269016
14 101 0

15 0 0
15 1 0.0238975
15 2 0.192604
15 3 0.18992
15 4 0.182592
15 5 0.173472
15 6 0.160678
15 7 0.143533
15 8 0.123496
15 9 0.100138
15 10 0.0743771
15 11 0.0468791
15 12 0.0175726
15 13 -0.0116341
15 14 -0.0424061
15 15 -0.0725202
15 16 -0.10213
15 17 -0.132296
15 18 -0.159832
15 19 -0.18438
15 20 -0.20833
15 21 -0.228243
15 22 -0.244967
15 23 -0.258985
15 24 -0.268176
15 25 -0.273857
15 26 -0.276522
15 27 -0.274064
15 28 -0.268189
15 29 -0.258575
15 30 -0.245938
15 31 -0.229728
15 32 -0.210122
15 33 -0.18721
15 34 -0.161632
15 35 -0.134447
15 36 -0.104808
15 37 -0.0740526
15 38 -0.0427577
15 39 -0.0119456
15 40 0.0192458
15 41 0.0490458
15 42 0.0773605
15 43 0.104002
15 44 0.128584
15 45 0.151601
15 46 0.171242
15 47 0.186707
15 48 0.197519
15 49 0.206573
15 50 0.211084
15 51 0.210454
15 52 0.205266
15 53 0.197575
15 54 0.185092
15 55 0.169001
15 56 0.149155
15 57 0.127228
15 58 0.102416
15 59 0.0752689
15 60 0.0467284
15 61 0.0169771
15 62 -0.0134876
15 63 -0.0448828
15 64 -0.0759381
15 65 -0.107024
15 66 -0.13656
15 67 -0.164339
15 68 -0.189028
15 69 -0.211852
15 70 -0.231515
15 71 -0.247109
15 72 -0.259718
15 73 -0.268151
15 74 -0.273545
15 75 -0.27526
15 76 -0.273098
15 77 -0.26666
15 78 -0.257488
15 79 -0.244902
15 80 -0.2281
15 81 -0.208288
15 82 -0.186617
15 83 -0.160938
15 84 -0.133831
15 85 -0.105241
15 86 -0.0741439
15 87 -0.0433641
15 88 -0.0127483
15 89 0.0179719
15 90 0.0460324
15 91 0.0734896
15 92 0.0985857
15 93 0.121536
15 94 0.142331
15 95 0.159018
15 96 0.172024
15 97 0.181833
15 98 0.187003
15 99 0.190261
15 100 0.0236925
15 101 0

16 0 0
16 1 0.0209733
16 2 0.168656
16 3 0.165466
16 4 0.158456
16 5 0.148409
16 6 0.135509
16 7 0.117784
16 8 0.0968034
16 9 0.0731668
16 10 0.0469432
16 11 0.0189227
16 12 -0.0105723
16 13 -0.0401046
16 14 -0.071309
16 15 -0.10213
16 16 -0.132528
16 17 -0.162145
16 18 -0.190782
16 19 -0.216025
16 20 -0.239936
16 21 -0.261128
16 22 -0.279109
16 23 -0.292669
16 24 -0.303153
16 25 -0.309307
16 26 -0.311637
16 27 -0.310149
16 28 -0.303548
16 29 -0.294171
16 30 -0.281815
16 31 -0.266212
16 32 -0.247614
16 33 -0.225077
16 34 -0.19912
16 35 -0.171569
16 36 -0.141973
16 37 -0.111218
16 38 -0.0802292
16 39 -0.0489641
16 40 -0.0178062
16 41 0.012109
16 42 0.0405103
16 43 0.0664961
16 44 0.0912162
16 45 0.114107
16 46 0.134854
16 47 0.150164
16 48 0.162066
16 49 0.17088
16 50 0.175192
16 51 0.173973
16 52 0.16854
16 53 0.160609
16 54 0.148773
16 55 0.13181
16 56 0.112113
16 57 0.0893921
16 58 0.0648888
16 59 0.037754
16 60 0.00926158
16 61 -0.0203984
16 62 -0.050895
16 63 -0.0828685
16 64 -0.114114
16 65 -0.145013
16 66 -0.174724
16 67 -0.202328
16 68 -0.227401
16 69 -0.249676
16 70 -0.268964
16 71 -0.284006
16 72 -0.295746
16 73 -0.304414
16 74 -0.309341
16 75 -0.311696
16 76 -0.308688
16 77 -0.301887
16 78 -0.292712
16 79 -0.278739
16 80 -0.262126
16 81 -0.241753
16 82 -0.218619
16 83 -0.192678
16 84 -0.165355
16 85 -0.136159
16 86 -0.105727
16 87 -0.0734685
16 88 -0.041866
16 89 -0.0112733
16 90 0.0174676
16 91 0.044935
16 92 0.0704254
16 93 0.0942806
16 94 0.115392
16 95 0.132596
16 96 0.146261
16 97 0.155785
16 98 0.162468
16 99 0.165562
16 100 0.0205825
16 101 0

17 0 0
17 1 0.0181361
17 2 0.145852
17 3 0.142232
17 4 0.13473
17 5 0.125403
17 6 0.111617
17 7 0.0934526
17 8 0.0718222
17 9 0.0470858
17 10 0.0207851
17 11 -0.00728878
17 12 -0.0378253
17 13 -0.068109
17 14 -0.100657
17 15 -0.132296
17 16 -0.162145
17 17 -0.192478
17 18 -0.2213
17 19 -0.24684
17 20 -0.271652
17 21 -0.293135
17 22 -0.31113
17 23 -0.326156
17 24 -0.337199
17 25 -0.344433
17 26 -0.347615
17 27 -0.345208
17 28 -0.33932
17 29 -0.329749
17 30 -0.317523
17 31 -0.302128
17 32 -0.282851
17 33 -0.260518
17 34 -0.234436
17 35 -0.206353
17 36 -0.177031
17 37 -0.14655
17 38 -0.115658
17 39 -0.0853019
17 40 -0.0546063
17 41 -0.0250084
17 42 0.00298983
17 43 0.029798
17 44 0.055046
17 45 0.0790826
17 46 0.0988756
17 47 0.114828
17 48 0.12615
17 49 0.135354
17 50 0.139611
17 51 0.138253
17 52 0.132925
17 53 0.124959
17 54 0.112593
17 55 0.096751
17 56 0.0761083
17 57 0.0533077
17 58 0.0282899
17 59 0.000672836
17 60 -0.0282158
17 61 -0.0575186
17 62 -0.0877767
17 63 -0.118881
17 64 -0.150092
17 65 -0.180942
17 66 -0.210595
17 67 -0.238369
17 68 -0.263353
17 69 -0.286236
17 70 -0.305361
17 71 -0.320435
17 72 -0.33189
17 73 -0.34016
17 74 -0.34582
17 75 -0.347525
17 76 -0.344841
17 77 -0.33737
17 78 -0.327109
17 79 -0.312454
17 80 -0.294329
17 81 -0.273976
17 82 -0.250677
17 83 -0.224029
17 84 -0.196516
17 85 -0.167218
17 86 -0.135476
17 87 -0.103207
17 88 -0.0712065
17 89 -0.0393357
17 90 -0.0107241
17 91 0.0175244
17 92 0.043829
17 93 0.0676387
17 94 0.0895492
17 95 0.108009
17 96 0.121905
17 97 0.132835
17 98 0.138592
17 99 0.141726
17 100 0.0176437
17 101 0

18 0 0
18 1 0.0154525
18 2 0.124412
18 3 0.120479
18 4 0.113642
18 5 0.103754
18 6 0.0887727
18 7 0.0705895
18 8 0.0490111
18 9 0.0230012
18 10 -0.00393672
18 11 -0.0319999
18 12 -0.062911
18 13 -0.0942286
18 14 -0.126233
18 15 -0.159832
18 16 -0.190782
18 17 -0.2213
18 18 -0.248901
18 19 -0.275242
18 20 -0.299783
18 21 -0.322725
18 22 -0.342324
18 23 -0.35807
18 24 -0.369532
18 25 -0.377286
18 26 -0.380356
18 27 -0.379511
18 28 -0.373321
18 29 -0.364411
18 30 -0.351798
18 31 -0.335767
18 32 -0.317003
18 33 -0.293654
18 34 -0.267914
18 35 -0.240002
18 36 -0.210695
18 37 -0.180705
18 38 -0.150572
18 39 -0.119287
18 40 -0.0890158
18 41 -0.0594594
18 42 -0.0308967
18 43 -0.00449754
18 44 0.0211151
18 45 0.0455646
18 46 0.0657651
18 47 0.0817707
18 48 0.095017
18 49 0.103183
18 50 0.107201
18 51 0.106015
18 52 0.100368
18 53 0.0919892
18 54 0.0805727
18 55 0.0633474
18 56 0.0426017
18 57 0.0192916
18 58 -0.00643875
18 59 -0.0333444
18 60 -0.0621054
18 61 -0.0922511
18 62 -0.122781
18 63 -0.153968
18 64 -0.18589
18 65 -0.215714
18 66 -0.244768
18 67 -0.272318
18 68 -0.29765
18 69 -0.320227
18 70 -0.340193
18 71 -0.354941
18 72 -0.366441
18 73 -0.375717
18 74 -0.380113
18 75 -0.381518
18 76 -0.377603
18 77 -0.370265
18 78 -0.35918
18 79 -0.344041
18 80 -0.325286
18 81 -0.30398
18 82 -0.279432
18 83 -0.253663
18 84 -0.225297
18 85 -0.195753
18 86 -0.164147
18 87 -0.131097
18 88 -0.0972522
18 89 -0.0658288
18 90 -0.0359929
18 91 -0.0075913
18 92 0.0190755
18 93 0.0433082
18 94 0.0658064
18 95 0.0849195
18 96 0.0993811
18 97 0.110195
18 98 0.116682
18 99 0.119462
18 100 0.0148336
18 101 0

19 0 0
19 1 0.0131506
19 2 0.105118
19 3 0.100382
19 4 0.0933968
19 5 0.0829391
19 6 0.0683399
19 7 0.0491424
19 8 0.0270436
19 9 0.00146179
19 10 -0.0252452
19 11 -0.0543146
19 12 -0.086553
19 13 -0.118591
19 14 -0.151745
19 15 -0.18438
19 16 -0.216025
19 17 -0.24684
19 18 -0.275242
19 19 -0.301522
19 20 -0.327575
19 21 -0.350127
19 22 -0.370274
19 23 -0.38705
19 24 -0.399414
19 25 -0.407336
19 26 -0.411387
19 27 -0.411448
19 28 -0.406219
19 29 -0.396871
19 30 -0.384117
19 31 -0.367802
19 32 -0.348112
19 33 -0.324521
19 34 -0.298407
19 35 -0.271041
19 36 -0.242166
19 37 -0.212352
19 38 -0.181124
19 39 -0.150042
19 40 -0.119779
19 41 -0.0903898
19 42 -0.0623209
19 43 -0.0354921
19 44 -0.00962416
19 45 0.0140548
19 46 0.0345229
19 47 0.0507108
19 48 0.0637131
19 49 0.0732304
19 50 0.0770128
19 51 0.0763626
19 52 0.0701716
19 53 0.0613325
19 54 0.0487354
19 55 0.0315158
19 56 0.0111727
19 57 -0.0119379
19 58 -0.0369351
19 59 -0.0640033
19 60 -0.0932925
19 61 -0.123596
19 62 -0.154465
19 63 -0.186498
19 64 -0.217696
19 65 -0.24788
19 66 -0.276301
19 67 -0.303635
19 68 -0.329218
19 69 -0.35193
19 70 -0.371484
19 71 -0.387217
19 72 -0.400145
19 73 -0.409358
19 74 -0.413096
19 75 -0.412827
19 76 -0.408744
19 77 -0.400599
19 78 -0.38887
19 79 -0.372762
19 80 -0.353597
19 81 -0.331177
19 82 -0.306982
19 83 -0.280343
19 84 -0.251822
19 85 -0.221437
19 86 -0.189301
19 87 -0.156752
19 88 -0.123419
19 89 -0.0900065
19 90 -0.060001
19 91 -0.0303043
19 92 -0.00290902
19 93 0.0213999
19 94 0.0440871
19 95 0.0627886
19 96 0.0779129
19 97 0.0889105
19 98 0.0961109
19 99 0.0994709
19 100 0.0123643
19 101 0

20 0 0
20 1 0.0109691
20 2 0.0884745
20 3 0.0843692
20 4 0.0763099
20 5 0.0643532
20 6 0.0489555
20 7 0.0303906
20 8 0.00770897
20 9 -0.0168429
20 10 -0.0449919
20 11 -0.0750667
20 12 -0.107129
20 13 -0.140234
20 14 -0.173889
20 15 -0.20833
20 16 -0.239936
20 17 -0.271652
20 18 -0.299783
20 19 -0.327575
20 20 -0.35392
20 21 -0.377202
20 22 -0.397579
20 23 -0.414313
20 24 -0.426683
20 25 -0.434941
20 26 -0.439032
20 27 -0.439528
20 28 -0.434483
20 29 -0.425584
20 30 -0.413711
20 31 -0.396848
20 32 -0.376482
20 33 -0.352983
20 34 -0.326412
20 35 -0.298245
20 36 -0.269979
20 37 -0.240184
20 38 -0.209337
20 39 -0.178184
20 40 -0.147649
20 41 -0.117976
20 42 -0.0902011
20 43 -0.0630044
20 44 -0.0380561
20 45 -0.0151377
20 46 0.00555296
20 47 0.0220948
20 48 0.034971
20 49 0.0441821
20 50 0.0482507
20 51 0.0467883
20 52 0.041486
20 53 0.0327569
20 54 0.0200539
20 55 0.00273389
20 56 -0.0176256
20 57 -0.0405118
20 58 -0.0652819
20 59 -0.0918291
20 60 -0.121262
20 61 -0.151162
20 62 -0.183015
20 63 -0.215368
20 64 -0.246299
20 65 -0.276148
20 66 -0.30523
20 67 -0.331908
20 68 -0.357731
20 69 -0.380934
20 70 -0.400409
20 71 -0.416404
20 72 -0.429498
20 73 -0.438513
20 74 -0.442326
20 75 -0.44168
20 76 -0.436693
20 77 -0.429103
20 78 -0.417195
20 79 -0.400854
20 80 -0.380803
20 81 -0.357749
20 82 -0.332526
20 83 -0.305601
20 84 -0.276508
20 85 -0.24655
20 86 -0.213065
20 87 -0.17995
20 88 -0.145841
20 89 -0.112597
20 90 -0.0807671
20 91 -0.0505073
20 92 -0.0230902
20 93 0.00195781
20 94 0.0239605
20 95 0.0436901
20 96 0.0589168
20 97 0.0709539
20 98 0.0788457
20 99 0.0820276
20 100 0.0101642
20 101 0

21 0 0
21 1 0.00927386
21 2 0.0744245
21 3 0.0697777
21 4 0.0610063
21 5 0.048813
21 6 0.0331566
21 7 0.0138223
21 8 -0.00821715
21 9 -0.033672
21 10 -0.0617089
21 11 -0.0927105
21 12 -0.125729
21 13 -0.159014
21 14 -0.194214
21 15 -0.228243
21 16 -0.261128
21 17 -0.293135
21 18 -0.322725
21 19 -0.350127
21 20 -0.377202
21 21 -0.401066
21 22 -0.421742
21 23 -0.438494
21 24 -0.451092
21 25 -0.459527
21 26 -0.464086
21 27 -0.463886
21 28 -0.459609
21 29 -0.450917
21 30 -0.43867
21 31 -0.421646
21 32 -0.40128
21 33 -0.378424
21 34 -0.351514
21 35 -0.323034
21 36 -0.294108
21 37 -0.264721
21 38 -0.233922
21 39 -0.202711
21 40 -0.172018
21 41 -0.142927
21 42 -0.114691
21 43 -0.0878148
21 44 -0.0634867
21 45 -0.0405666
21 46 -0.0205907
21 47 -0.00331723
21 48 0.00886421
21 49 0.0183222
21 50 0.022266
21 51 0.0208392
21 52 0.0154853
21 53 0.00756864
21 54 -0.00594721
21 55 -0.0225738
21 56 -0.0432091
21 57 -0.0652971
21 58 -0.0899583
21 59 -0.117194
21 60 -0.145988
21 61 -0.176461
21 62 -0.208457
21 63 -0.240433
21 64 -0.271149
21 65 -0.301239
21 66 -0.330043
21 67 -0.357619
21 68 -0.382519
21 69 -0.405946
21 70 -0.425894
21 71 -0.441975
21 72 -0.455135
21 73 -0.463908
21 74 -0.468288
21 75 -0.467067
21 76 -0.462327
21 77 -0.454153
21 78 -0.442569
21 79 -0.425771
21 80 -0.40494
21 81 -0.381016
21 82 -0.355621
21 83 -0.32799
21 84 -0.298507
21 85 -0.267053
21 86 -0.234005
21 87 -0.200142
21 88 -0.165894
21 89 -0.131667
21 90 -0.0996755
21 91 -0.068263
21 92 -0.0400016
21 93 -0.0154715
21 94 0.00724386
21 95 0.0271089
21 96 0.0427829
21 97 0.0546843
21 98 0.0633198
21 99 0.0675969
21 100 0.0084035
21 101 0

22 0 0
22 1 0.00794329
22 2 0.0631341
22 3 0.0574467
22 4 0.0479476
22 5 0.0356808
22 6 0.0190518
22 7 0.000296397
22 8 -0.0215595
22 9 -0.0480412
22 10 -0.0760077
22 11 -0.106856
22 12 -0.140562
22 13 -0.17545
22 14 -0.21052
22 15 -0.244967
22 16 -0.279109
22 17 -0.31113
22 18 -0.342324
22 19 -0.370274
22 20 -0.397579
22 21 -0.421742
22 22 -0.44176
22 23 -0.459726
22 24 -0.471943
22 25 -0.480141
22 26 -0.485011
22 27 -0.484645
22 28 -0.481313
22 29 -0.472305
22 30 -0.459388
22 31 -0.442743
22 32 -0.422516
22 33 -0.40005
22 34 -0.373561
22 35 -0.345105
22 36 -0.315932
22 37 -0.285784
22 38 -0.254595
22 39 -0.223505
22 40 -0.192921
22 41 -0.164078
22 42 -0.135372
22 43 -0.108431
22 44 -0.084072
22 45 -0.0614488
22 46 -0.0420696
22 47 -0.0253347
22 48 -0.0128833
22 49 -0.00394381
22 50 0.00073062
22 51 -0.00111391
22 52 -0.00608582
22 53 -0.0144625
22 54 -0.027498
22 55 -0.0442084
22 56 -0.0641005
22 57 -0.0856828
22 58 -0.110455
22 59 -0.138262
22 60 -0.167265
22 61 -0.198202
22 62 -0.229981
22 63 -0.261602
22 64 -0.292801
22 65 -0.322784
22 66 -0.351601
22 67 -0.379483
22 68 -0.40411
22 69 -0.427575
22 70 -0.447336
22 71 -0.464017
22 72 -0.477539
22 73 -0.485589
22 74 -0.490068
22 75 -0.48858
22 76 -0.484076
22 77 -0.475602
22 78 -0.462892
22 79 -0.446943
22 80 -0.425927
22 81 -0.40216
22 82 -0.376155
22 83 -0.347244
22 84 -0.317372
22 85 -0.28449
22 86 -0.251002
22 87 -0.216876
22 88 -0.181665
22 89 -0.147105
22 90 -0.114898
22 91 -0.0835174
22 92 -0.0547773
22 93 -0.0298223
22 94 -0.00647518
22 95 0.0126519
22 96 0.0279749
22 97 0.0415106
22 98 0.0507187
22 99 0.0556597
22 100 0.00696817
22 101 0

23 0 0
23 1 0.00667766
23 2 0.053941
23 3 0.0490149
23 4 0.038771
23 5 0.0253939
23 6 0.00893249
23 7 -0.00990727
23 8 -0.0328448
23 9 -0.0585765
23 10 -0.0874853
23 11 -0.118995
23 12 -0.153354
23 13 -0.188041
23 14 -0.223966
23 15 -0.258985
23 16 -0.292669
23 17 -0.326156
23 18 -0.35807
23 19 -0.38705
23 20 -0.414313
23 21 -0.438494
23 22 -0.459726
23 23 -0.476218
23 24 -0.488461
23 25 -0.496747
23 26 -0.501916
23 27 -0.502175
23 28 -0.498292
23 29 -0.489529
23 30 -0.477086
23 31 -0.459989
23 32 -0.439932
23 33 -0.417421
23 34 -0.39128
23 35 -0.3628
23 36 -0.332635
23 37 -0.301976
23 38 -0.270799
23 39 -0.240509
23 40 -0.210032
23 41 -0.18024
23 42 -0.152277
23 43 -0.124496
23 44 -0.100052
23 45 -0.0778646
23 46 -0.0592922
23 47 -0.0429235
23 48 -0.031456
23 49 -0.0215873
23 50 -0.0176153
23 51 -0.0190025
23 52 -0.024113
23 53 -0.0322035
23 54 -0.0456387
23 55 -0.0613309
23 56 -0.0810569
23 57 -0.102408
23 58 -0.126944
23 59 -0.154174
23 60 -0.184258
23 61 -0.214771
23 62 -0.246446
23 63 -0.278102
23 64 -0.30886
23 65 -0.339873
23 66 -0.368841
23 67 -0.396428
23 68 -0.422225
23 69 -0.44563
23 70 -0.465622
23 71 -0.481931
23 72 -0.494734
23 73 -0.503338
23 74 -0.508106
23 75 -0.50685
23 76 -0.501887
23 77 -0.492702
23 78 -0.480664
23 79 -0.463921
23 80 -0.443657
23 81 -0.419771
23 82 -0.392572
23 83 -0.362699
23 84 -0.331849
23 85 -0.299028
23 86 -0.264587
23 87 -0.229771
23 88 -0.194863
23 89 -0.160027
23 90 -0.127503
23 91 -0.095706
23 92 -0.0667188
23 93 -0.0405338
23 94 -0.0179824
23 95 0.00207084
23 96 0.0180222
23 97 0.0318605
23 98 0.0409533
23 99 0.0458283
23 100 0.00575683
23 101 0

24 0 0
24 1 0.00587196
24 2 0.047061
24 3 0.0420256
24 4 0.0321543
24 5 0.0186958
24 6 0.00169673
24 7 -0.0180791
24 8 -0.0407676
24 9 -0.0670543
24 10 -0.0960598
24 11 -0.127209
24 12 -0.161894
24 13 -0.197269
24 14 -0.232595
24 15 -0.268176
24 16 -0.303153
24 17 -0.337199
24 18 -0.369532
24 19 -0.399414
24 20 -0.426683
24 21 -0.451092
24 22 -0.471943
24 23 -0.488461
24 24 -0.501691
24 25 -0.510387
24 26 -0.515754
24 27 -0.516298
24 28 -0.511873
24 29 -0.503478
24 30 -0.490828
24 31 -0.473864
24 32 -0.453797
24 33 -0.430574
24 34 -0.404311
24 35 -0.375969
24 36 -0.345037
24 37 -0.314054
24 38 -0.283203
24 39 -0.25226
24 40 -0.221514
24 41 -0.191744
24 42 -0.163354
24 43 -0.136589
24 44 -0.112076
24 45 -0.0904094
24 46 -0.0722081
24 47 -0.0568116
24 48 -0.043776
24 49 -0.0343544
24 50 -0.0298492
24 51 -0.030752
24 52 -0.0362693
24 53 -0.0455052
24 54 -0.0584396
24 55 -0.0751638
24 56 -0.0938454
24 57 -0.114848
24 58 -0.138976
24 59 -0.165664
24 60 -0.195487
24 61 -0.22698
24 62 -0.258154
24 63 -0.289499
24 64 -0.321154
24 65 -0.352249
24 66 -0.381407
24 67 -0.409524
24 68 -0.435507
24 69 -0.459495
24 70 -0.480024
24 71 -0.496174
24 72 -0.509021
24 73 -0.51779
24 74 -0.521901
24 75 -0.52143
24 76 -0.516174
24 77 -0.50657
24 78 -0.49403
24 79 -0.477067
24 80 -0.456781
24 81 -0.432273
24 82 -0.404432
24 83 -0.374779
24 84 -0.342722
24 85 -0.308836
24 86 -0.274251
24 87 -0.239069
24 88 -0.203665
24 89 -0.168872
24 90 -0.135858
24 91 -0.104462
24 92 -0.0754851
24 93 -0.0488485
24 94 -0.0257462
24 95 -0.00582614
24 96 0.0109542
24 97 0.0243649
24 98 0.0337108
24 99 0.0389065
24 100 0.00486309
24 101 0

25 0 0
25 1 0.00543176
25 2 0.0432541
25 3 0.0379949
25 4 0.0281502
25 5 0.0142368
25 6 -0.00225263
25 7 -0.022622
25 8 -0.0450699
25 9 -0.071607
25 10 -0.100857
25 11 -0.13304
25 12 -0.166897
25 13 -0.202222
25 14 -0.238182
25 15 -0.273857
25 16 -0.309307
25 17 -0.344433
25 18 -0.377286
25 19 -0.407336
25 20 -0.434941
25 21 -0.459527
25 22 -0.480141
25 23 -0.496747
25 24 -0.510387
25 25 -0.519933
25 26 -0.525444
25 27 -0.526683
25 28 -0.522142
25 29 -0.513865
25 30 -0.500603
25 31 -0.483502
25 32 -0.463363
25 33 -0.439777
25 34 -0.413105
25 35 -0.384081
25 36 -0.353269
25 37 -0.321838
25 38 -0.290747
25 39 -0.259056
25 40 -0.228181
25 41 -0.197862
25 42 -0.169466
25 43 -0.143323
25 44 -0.119016
25 45 -0.0983983
25 46 -0.0797817
25 47 -0.0644229
25 48 -0.0509527
25 49 -0.0414801
25 50 -0.0367578
25 51 -0.0375001
25 52 -0.0429216
25 53 -0.0527255
25 54 -0.0661502
25 55 -0.083232
25 56 -0.101515
25 57 -0.122531
25 58 -0.145994
25 59 -0.172675
25 60 -0.202231
25 61 -0.233466
25 62 -0.26504
25 63 -0.296528
25 64 -0.328408
25 65 -0.359678
25 66 -0.389764
25 67 -0.418243
25 68 -0.445056
25 69 -0.468977
25 70 -0.489994
25 71 -0.506929
25 72 -0.519381
25 73 -0.528317
25 74 -0.531983
25 75 -0.531762
25 76 -0.525967
25 77 -0.515687
25 78 -0.502757
25 79 -0.485891
25 80 -0.465362
25 81 -0.440809
25 82 -0.412692
25 83 -0.382543
25 84 -0.349753
25 85 -0.31523
25 86 -0.280064
25 87 -0.244234
25 88 -0.208744
25 89 -0.174444
25 90 -0.140807
25 91 -0.109362
25 92 -0.0797819
25 93 -0.0534441
25 94 -0.0300231
25 95 -0.0106213
25 96 0.00640484
25 97 0.0193683
25 98 0.0295617
25 99 0.0350655
25 100 0.00438957
25 101 0

26 0 0
26 1 0.00525961
26 2 0.0426701
26 3 0.0379197
26 4 0.027874
26 5 0.013788
26 6 -0.00278819
26 7 -0.0231098
26 8 -0.0459492
26 9 -0.0716033
26 10 -0.102044
26 11 -0.135028
26 12 -0.168898
26 13 -0.204285
26 14 -0.240108
26 15 -0.276522
26 16 -0.311637
26 17 -0.347615
26 18 -0.380356
26 19 -0.411387
26 20 -0.439032
26 21 -0.464086
26 22 -0.485011
26 23 -0.501916
26 24 -0.515754
26 25 -0.525444
26 26 -0.530683
26 27 -0.532269
26 28 -0.528357
26 29 -0.520176
26 30 -0.506626
26 31 -0.488659
26 32 -0.46836
26 33 -0.444616
26 34 -0.417721
26 35 -0.388413
26 36 -0.357575
26 37 -0.325419
26 38 -0.293551
26 39 -0.261282
26 40 -0.230075
26 41 -0.199552
26 42 -0.17134
