0 0 0
0 1 0
0 2 0
0 3 0
0 4 0
0 5 0
0 6 0
0 7 0
0 8 0
0 9 0
0 10 0
0 11 0
0 12 0
0 13 0
0 14 0
0 15 0
0 16 0
0 17 0
0 18 0
0 19 0
0 20 0
0 21 0
0 22 0
0 23 0
0 24 0
0 25 0
0 26 0
0 27 0
0 28 0
0 29 0
0 30 0
0 31 0
0 32 0
0 33 0
0 34 0
0 35 0
0 36 0
0 37 0
0 38 0
0 39 0
0 40 0
0 41 0
0 42 0
0 43 0
0 44 0
0 45 0
0 46 0
0 47 0
0 48 0
0 49 0
0 50 0
0 51 0
0 52 0
0 53 0
0 54 0
0 55 0
0 56 0
0 57 0
0 58 0
0 59 0
0 60 0
0 61 0
0 62 0
0 63 0
0 64 0
0 65 0
0 66 0
0 67 0
0 68 0
0 69 0
0 70 0
0 71 0
0 72 0
0 73 0
0 74 0
0 75 0
0 76 0
0 77 0
0 78 0
0 79 0
0 80 0
0 81 0
0 82 0
0 83 0
0 84 0
0 85 0
0 86 0
0 87 0
0 88 0
0 89 0
0 90 0
0 91 0
0 92 0
0 93 0
0 94 0
0 95 0
0 96 0
0 97 0
0 98 0
0 99 0
0 100 0
0 101 0

1 0 0
1 1 0
1 2 0.122742
1 3 0.121521
1 4 0.119233
1 5 0.116074
1 6 0.112083
1 7 0.107216
1 8 0.101632
1 9 0.0953249
1 10 0.0884118
1 11 0.0810743
1 12 0.0732558
1 13 0.0651846
1 14 0.0569652
1 15 0.0488278
1 16 0.0408777
1 17 0.0331808
1 18 0.0258738
1 19 0.0191287
1 20 0.0130318
1 21 0.00768981
1 22 0.00314691
1 23 -0.000575343
1 24 -0.00337781
1 25 -0.00523611
1 26 -0.00608773
1 27 -0.00594788
1 28 -0.00481313
1 29 -0.00272482
1 30 0.000194519
1 31 0.00400553
1 32 0.00853503
1 33 0.0138578
1 34 0.0198604
1 35 0.0263663
1 36 0.0333128
1 37 0.0405102
1 38 0.0478472
1 39 0.0552315
1 40 0.0625575
1 41 0.0696919
1 42 0.076558
1 43 0.082907
1 44 0.088701
1 45 0.0938694
1 46 0.0982452
1 47 0.101891
1 48 0.104619
1 49 0.106459
1 50 0.107405
1 51 0.107324
1 52 0.106315
1 53 0.104375
1 54 0.101533
1 55 0.0978782
1 56 0.0933396
1 57 0.0881216
1 58 0.082246
1 59 0.075818
1 60 0.0689589
1 61 0.0617306
1 62 0.0543811
1 63 0.0469497
1 64 0.0395731
1 65 0.0323608
1 66 0.025423
1 67 0.0189252
1 68 0.0130155
1 69 0.00780291
1 70 0.00328286
1 71 -0.000434355
1 72 -0.00335144
1 73 -0.00539251
1 74 -0.00647403
1 75 -0.00659539
1 76 -0.00577263
1 77 -0.00390513
1 78 -0.00109237
1 79 0.00261551
1 80 0.00721755
1 81 0.0126162
1 82 0.0187847
1 83 0.0255792
1 84 0.0328705
1 85 0.0405582
1 86 0.0485278
1 87 0.05668
1 88 0.0648416
1 89 0.0729079
1 90 0.0806745
1 91 0.0881319
1 92 0.0950479
1 93 0.101364
1 94 0.10699
1 95 0.111833
1 96 0.115911
1 97 0.119085
1 98 0.121315
1 99 0.122585
1 100 0
1 101 0

2 0 0
2 1 0.122742
2 2 0.986377
2 3 0.976343
2 4 0.958313
2 5 0.933042
2 6 0.900607
2 7 0.861487
2 8 0.816569
2 9 0.765979
2 10 0.710547
2 11 0.651118
2 12 0.588475
2 13 0.52372
2 14 0.457961
2 15 0.392496
2 16 0.328464
2 17 0.26665
2 18 0.208042
2 19 0.153758
2 20 0.104755
2 21 0.0617372
2 22 0.0251376
2 23 -0.00473458
2 24 -0.0273394
2 25 -0.0422376
2 26 -0.0491099
2 27 -0.047881
2 28 -0.038771
2 29 -0.0221148
2 30 0.00156346
2 31 0.0319622
2 32 0.0687242
2 33 0.111454
2 34 0.159534
2 35 0.211922
2 36 0.267643
2 37 0.32556
2 38 0.384609
2 39 0.443927
2 40 0.502711
2 41 0.560056
2 42 0.61493
2 43 0.666132
2 44 0.712765
2 45 0.754144
2 46 0.789558
2 47 0.818612
2 48 0.840639
2 49 0.855369
2 50 0.86258
2 51 0.862052
2 52 0.853996
2 53 0.838549
2 54 0.815969
2 55 0.786451
2 56 0.750198
2 57 0.708052
2 58 0.660736
2 59 0.609108
2 60 0.553959
2 61 0.496201
2 62 0.437012
2 63 0.377298
2 64 0.317936
2 65 0.259912
2 66 0.204277
2 67 0.152204
2 68 0.104758
2 69 0.0626056
2 70 0.0263178
2 71 -0.00375756
2 72 -0.0271552
2 73 -0.0434066
2 74 -0.0521828
2 75 -0.0531513
2 76 -0.0462786
2 77 -0.0315252
2 78 -0.00895153
2 79 0.021011
2 80 0.0579114
2 81 0.101376
2 82 0.150813
2 83 0.205415
2 84 0.264263
2 85 0.326101
2 86 0.390106
2 87 0.455426
2 88 0.520924
2 89 0.585623
2 90 0.64837
2 91 0.708095
2 92 0.763793
2 93 0.814532
2 94 0.859749
2 95 0.898837
2 96 0.931424
2 97 0.95694
2 98 0.974862
2 99 0.985072
2 100 0.122585
2 101 0

3 0 0
3 1 0.121521
3 2 0.976343
3 3 0.96606
3 4 0.948811
3 5 0.923669
3 6 0.89093
3 7 0.851939
3 8 0.806785
3 9 0.756571
3 10 0.701535
3 11 0.641631
3 12 0.579411
3 13 0.51502
3 14 0.449759
3 15 0.384342
3 16 0.320205
3 17 0.258565
3 18 0.200248
3 19 0.14603
3 20 0.0971157
3 21 0.0540659
3 22 0.0173216
3 23 -0.0124049
3 24 -0.0350058
3 25 -0.049755
3 26 -0.0565039
3 27 -0.0551493
3 28 -0.0459584
3 29 -0.0294571
3 30 -0.00549485
3 31 0.0246741
3 32 0.0617567
3 33 0.104356
3 34 0.152092
3 35 0.204421
3 36 0.260011
3 37 0.317968
3 38 0.377158
3 39 0.4364
3 40 0.494934
3 41 0.552136
3 42 0.606507
3 43 0.657823
3 44 0.704454
3 45 0.745532
3 46 0.78113
3 47 0.809757
3 48 0.831857
3 49 0.846494
3 50 0.853179
3 51 0.852743
3 52 0.844773
3 53 0.829579
3 54 0.80739
3 55 0.777853
3 56 0.74202
3 57 0.69971
3 58 0.652421
3 59 0.600947
3 60 0.545855
3 61 0.48863
3 62 0.429344
3 63 0.369679
3 64 0.31034
3 65 0.252234
3 66 0.196871
3 67 0.145082
3 68 0.097787
3 69 0.0554492
3 70 0.0192355
3 71 -0.0110309
3 72 -0.0344346
3 73 -0.0506227
3 74 -0.0594151
3 75 -0.0604851
3 76 -0.053402
3 77 -0.0389711
3 78 -0.01662
3 79 0.0134989
3 80 0.0503429
3 81 0.0936901
3 82 0.142764
3 83 0.197352
3 84 0.256271
3 85 0.318125
3 86 0.38203
3 87 0.446852
3 88 0.512146
3 89 0.576545
3 90 0.6395
3 91 0.698945
3 92 0.754619
3 93 0.805202
3 94 0.85029
3 95 0.889548
3 96 0.921775
3 97 0.947054
3 98 0.964966
3 99 0.975034
3 100 0.121343
3 101 0

4 0 0
4 1 0.119233
4 2 0.958313
4 3 0.948811
4 4 0.932041
4 5 0.906221
4 6 0.8738
4 7 0.835225
4 8 0.789676
4 9 0.73956
4 10 0.684562
4 11 0.625522
4 12 0.563533
4 13 0.499137
4 14 0.433941
4 15 0.368853
4 16 0.304685
4 17 0.243221
4 18 0.185128
4 19 0.130999
4 20 0.081963
4 21 0.0389504
4 22 0.00223946
4 23 -0.0273021
4 24 -0.0495326
4 25 -0.0638652
4 26 -0.0704335
4 27 -0.0693431
4 28 -0.0602943
4 29 -0.0436471
4 30 -0.0197609
4 31 0.0106634
4 32 0.0479022
4 33 0.0903776
4 34 0.138026
4 35 0.190397
4 36 0.245675
4 37 0.303466
4 38 0.36284
4 39 0.421892
4 40 0.480388
4 41 0.53742
4 42 0.591411
4 43 0.642649
4 44 0.689192
4 45 0.730089
4 46 0.765724
4 47 0.794269
4 48 0.816287
4 49 0.831353
4 50 0.837909
4 51 0.837687
4 52 0.829396
4 53 0.814381
4 54 0.791854
4 55 0.762383
4 56 0.726634
4 57 0.684557
4 58 0.637507
4 59 0.586035
4 60 0.531014
4 61 0.474069
4 62 0.415012
4 63 0.355271
4 64 0.296224
4 65 0.238196
4 66 0.182859
4 67 0.131209
4 68 0.083877
4 69 0.0417421
4 70 0.00531064
4 71 -0.0251013
4 72 -0.0484096
4 73 -0.0647008
4 74 -0.0734012
4 75 -0.0745808
4 76 -0.0678849
4 77 -0.0535356
4 78 -0.0311121
4 79 -0.00121614
4 80 0.0354369
4 81 0.0787663
4 82 0.127721
4 83 0.182109
4 84 0.24072
4 85 0.30269
4 86 0.366434
4 87 0.431352
4 88 0.496543
4 89 0.560741
4 90 0.623204
4 91 0.682441
4 92 0.737607
4 93 0.788456
4 94 0.833354
4 95 0.872549
4 96 0.904975
4 97 0.929784
4 98 0.947631
4 99 0.957214
4 100 0.119083
4 101 0

5 0 0
5 1 0.116074
5 2 0.933042
5 3 0.923669
5 4 0.906221
5 5 0.881151
5 6 0.849268
5 7 0.81059
5 8 0.765206
5 9 0.715337
5 10 0.659627
5 11 0.601926
5 12 0.539577
5 13 0.475643
5 14 0.41048
5 15 0.34586
5 16 0.281633
5 17 0.220452
5 18 0.162538
5 19 0.108712
5 20 0.0596998
5 21 0.0166839
5 22 -0.0200323
5 23 -0.0493865
5 24 -0.0711219
5 25 -0.0851791
5 26 -0.0917532
5 27 -0.0903458
5 28 -0.0813739
5 29 -0.0644713
5 30 -0.0409047
5 31 -0.00983298
5 32 0.0270478
5 33 0.0697594
5 34 0.117048
5 35 0.169404
5 36 0.22444
5 37 0.282433
5 38 0.341487
5 39 0.40072
5 40 0.459219
5 41 0.516002
5 42 0.570317
5 43 0.621199
5 44 0.667945
5 45 0.709038
5 46 0.743969
5 47 0.772775
5 48 0.794444
5 49 0.80927
5 50 0.816009
5 51 0.815972
5 52 0.807701
5 53 0.792656
5 54 0.769959
5 55 0.740865
5 56 0.705235
5 57 0.663563
5 58 0.616552
5 59 0.564827
5 60 0.510049
5 61 0.452744
5 62 0.393969
5 63 0.334444
5 64 0.275149
5 65 0.21774
5 66 0.16218
5 67 0.110748
5 68 0.0629571
5 69 0.0212067
5 70 -0.0157828
5 71 -0.0459712
5 72 -0.0693649
5 73 -0.0854987
5 74 -0.0946352
5 75 -0.0954283
5 76 -0.0890425
5 77 -0.0748925
5 78 -0.0526888
5 79 -0.023318
5 80 0.0129245
5 81 0.0563278
5 82 0.105539
5 83 0.159602
5 84 0.217974
5 85 0.279833
5 86 0.343073
5 87 0.408486
5 88 0.473146
5 89 0.537631
5 90 0.599423
5 91 0.658638
5 92 0.712769
5 93 0.764206
5 94 0.809255
5 95 0.84781
5 96 0.880039
5 97 0.904804
5 98 0.922248
5 99 0.932064
5 100 0.115996
5 101 0

6 0 0
6 1 0.112083
6 2 0.900607
6 3 0.89093
6 4 0.8738
6 5 0.849268
6 6 0.817215
6 7 0.778806
6 8 0.734125
6 9 0.684063
6 10 0.62908
6 11 0.570755
6 12 0.509123
6 13 0.445259
6 14 0.380193
6 15 0.315823
6 16 0.251851
6 17 0.19063
6 18 0.133094
6 19 0.0795346
6 20 0.0308803
6 21 -0.0121882
6 22 -0.0484506
6 23 -0.0776395
6 24 -0.0991038
6 25 -0.113172
6 26 -0.119314
6 27 -0.117649
6 28 -0.108661
6 29 -0.0916759
6 30 -0.0681344
6 31 -0.0368746
6 32 -0.000171973
6 33 0.0428035
6 34 0.0903709
6 35 0.142575
6 36 0.197811
6 37 0.255467
6 38 0.314488
6 39 0.373326
6 40 0.43223
6 41 0.488906
6 42 0.543074
6 43 0.593937
6 44 0.640611
6 45 0.68153
6 46 0.7169
6 47 0.745529
6 48 0.767338
6 49 0.781507
6 50 0.789043
6 51 0.788124
6 52 0.780717
6 53 0.76522
6 54 0.743072
6 55 0.713655
6 56 0.67811
6 57 0.636271
6 58 0.589432
6 59 0.537747
6 60 0.483183
6 61 0.425793
6 62 0.367282
6 63 0.307667
6 64 0.248534
6 65 0.191069
6 66 0.135899
6 67 0.0844136
6 68 0.0366067
6 69 -0.00549939
6 70 -0.0428408
6 71 -0.0731894
6 72 -0.0966244
6 73 -0.112446
6 74 -0.121884
6 75 -0.122954
6 76 -0.116882
6 77 -0.102986
6 78 -0.0810328
6 79 -0.051829
6 80 -0.0154345
6 81 0.0275493
6 82 0.0767134
6 83 0.130326
6 84 0.188545
6 85 0.249875
6 86 0.31332
6 87 0.378637
6 88 0.443337
6 89 0.507151
6 90 0.568894
6 91 0.627734
6 92 0.682214
6 93 0.732712
6 94 0.77768
6 95 0.816328
6 96 0.848112
6 97 0.872884
6 98 0.890101
6 99 0.899767
6 100 0.11198
6 101 0

7 0 0
7 1 0.107216
7 2 0.861487
7 3 0.851939
7 4 0.835225
7 5 0.81059
7 6 0.778806
7 7 0.740106
7 8 0.69612
7 9 0.646062
7 10 0.591761
7 11 0.532748
7 12 0.471646
7 13 0.407435
7 14 0.343262
7 15 0.278859
7 16 0.215417
7 17 0.154358
7 18 0.0972949
7 19 0.0440463
7 20 -0.00414305
7 21 -0.0470679
7 22 -0.0832082
7 23 -0.112135
7 24 -0.133342
7 25 -0.147476
7 26 -0.153238
7 27 -0.151382
7 28 -0.141929
7 29 -0.125177
7 30 -0.100718
7 31 -0.0700813
7 32 -0.0326986
7 33 0.0102418
7 34 0.0581887
7 35 0.109835
7 36 0.165184
7 37 0.223034
7 38 0.281847
7 39 0.340644
7 40 0.399545
7 41 0.456371
7 42 0.51025
7 43 0.561411
7 44 0.60776
7 45 0.648656
7 46 0.684158
7 47 0.712819
7 48 0.734281
7 49 0.748518
7 50 0.755938
7 51 0.755296
7 52 0.747681
7 53 0.732596
7 54 0.710298
7 55 0.680784
7 56 0.645415
7 57 0.60394
7 58 0.556841
7 59 0.505602
7 60 0.450737
7 61 0.393407
7 62 0.334813
7 63 0.275544
7 64 0.216515
7 65 0.1588
7 66 0.10418
7 67 0.0523102
7 68 0.0045375
7 69 -0.0381682
7 70 -0.0749643
7 71 -0.106118
7 72 -0.129417
7 73 -0.145883
7 74 -0.155296
7 75 -0.157173
7 76 -0.150801
7 77 -0.137158
7 78 -0.115457
7 79 -0.0864086
7 80 -0.0499621
7 81 -0.00728463
7 82 0.0413668
7 83 0.0946017
7 84 0.152306
7 85 0.213364
7 86 0.277089
7 87 0.341709
7 88 0.406618
7 89 0.469577
7 90 0.531624
7 91 0.589821
7 92 0.644772
7 93 0.694655
7 94 0.739532
7 95 0.777929
7 96 0.809895
7 97 0.834512
7 98 0.851688
7 99 0.860879
7 100 0.107101
7 101 0

8 0 0
8 1 0.101632
8 2 0.816569
8 3 0.806785
8 4 0.789676
8 5 0.765206
8 6 0.734125
8 7 0.69612
8 8 0.651667
8 9 0.602227
8 10 0.547693
8 11 0.489385
8 12 0.427655
8 13 0.363906
8 14 0.299758
8 15 0.235919
8 16 0.172896
8 17 0.11237
8 18 0.0560016
8 19 0.00314621
8 20 -0.0449138
8 21 -0.0871656
8 22 -0.123258
8 23 -0.152117
8 24 -0.173301
8 25 -0.186926
8 26 -0.192911
8 27 -0.19089
8 28 -0.181019
8 29 -0.163754
8 30 -0.139296
8 31 -0.10805
8 32 -0.070566
8 33 -0.0272343
8 34 0.0208207
8 35 0.0725899
8 36 0.12783
8 37 0.185365
8 38 0.244188
8 39 0.30331
8 40 0.361912
8 41 0.418551
8 42 0.472722
8 43 0.523664
8 44 0.570336
8 45 0.611358
8 46 0.646525
8 47 0.674983
8 48 0.696322
8 49 0.710603
8 50 0.718061
8 51 0.717471
8 52 0.709936
8 53 0.694943
8 54 0.672673
8 55 0.643493
8 56 0.608096
8 57 0.566428
8 58 0.519587
8 59 0.468154
8 60 0.413513
8 61 0.356234
8 62 0.297437
8 63 0.238209
8 64 0.179662
8 65 0.12238
8 66 0.0674233
8 67 0.0153838
8 68 -0.0326731
8 69 -0.0754516
8 70 -0.112821
8 71 -0.143789
8 72 -0.167756
8 73 -0.185086
8 74 -0.194774
8 75 -0.196376
8 76 -0.190354
8 77 -0.1765
8 78 -0.15514
8 79 -0.126303
8 80 -0.0903876
8 81 -0.0477268
8 82 0.000610043
8 83 0.0531434
8 84 0.110467
8 85 0.171254
8 86 0.23432
8 87 0.29865
8 88 0.363291
8 89 0.426891
8 90 0.488045
8 91 0.546244
8 92 0.600644
8 93 0.650893
8 94 0.695236
8 95 0.733478
8 96 0.765238
8 97 0.789661
8 98 0.80681
8 99 0.816119
8 100 0.101561
8 101 0

9 0 0
9 1 0.0953249
9 2 0.765979
9 3 0.756571
9 4 0.73956
9 5 0.715337
9 6 0.684063
9 7 0.646062
9 8 0.602227
9 9 0.552355
9 10 0.497574
9 11 0.439209
9 12 0.378293
9 13 0.3149
9 14 0.251088
9 15 0.187228
9 16 0.125281
9 17 0.0658832
9 18 0.00937643
9 19 -0.0432072
9 20 -0.090592
9 21 -0.132264
9 22 -0.167722
9 23 -0.196589
9 24 -0.217702
9 25 -0.231325
9 26 -0.236944
9 27 -0.234645
9 28 -0.2247
9 29 -0.207038
9 30 -0.182364
9 31 -0.150854
9 32 -0.11295
9 33 -0.0696428
9 34 -0.020865
9 35 0.0317006
9 36 0.0868314
9 37 0.144088
9 38 0.202813
9 39 0.261664
9 40 0.320494
9 41 0.377319
9 42 0.4312
9 43 0.481573
9 44 0.528092
9 45 0.569465
9 46 0.604623
9 47 0.633277
9 48 0.654658
9 49 0.668969
9 50 0.676276
9 51 0.675704
9 52 0.668289
9 53 0.653153
9 54 0.631024
9 55 0.602001
9 56 0.566131
9 57 0.524668
9 58 0.477985
9 59 0.426894
9 60 0.372358
9 61 0.315043
9 62 0.256607
9 63 0.197397
9 64 0.138897
9 65 0.081599
9 66 0.0264735
9 67 -0.0256664
9 68 -0.0738408
9 69 -0.117394
9 70 -0.154981
9 71 -0.186554
9 72 -0.210747
9 73 -0.227997
9 74 -0.238377
9 75 -0.24034
9 76 -0.234474
9 77 -0.220974
9 78 -0.199478
9 79 -0.170959
9 80 -0.135263
9 81 -0.093014
9 82 -0.045308
9 83 0.00698743
9 84 0.0635386
9 85 0.123659
9 86 0.186644
9 87 0.250595
9 88 0.314533
9 89 0.377062
9 90 0.438444
9 91 0.496777
9 92 0.551452
9 93 0.601192
9 94 0.6455
9 95 0.683971
9 96 0.715665
9 97 0.740061
9 98 0.756739
9 99 0.766036
9 100 0.0953278
9 101 0

10 0 0
10 1 0.0884118
10 2 0.710547
10 3 0.701535
10 4 0.684562
10 5 0.659627
10 6 0.62908
10 7 0.591761
10 8 0.547693
10 9 0.497574
10 10 0.442775
10 11 0.385076
10 12 0.324058
10 13 0.260966
10 14 0.197819
10 15 0.134861
10 16 0.0731435
10 17 0.0137536
10 18 -0.041799
10 19 -0.0937764
10 20 -0.140854
10 21 -0.181828
10 22 -0.217059
10 23 -0.245452
10 24 -0.266003
10 25 -0.279065
10 26 -0.284384
10 27 -0.282244
10 28 -0.272094
10 29 -0.254046
10 30 -0.229033
10 31 -0.196763
10 32 -0.158638
10 33 -0.114776
10 34 -0.0662318
10 35 -0.0136596
10 36 0.0416916
10 37 0.0989468
10 38 0.157594
10 39 0.216683
10 40 0.275158
10 41 0.331796
10 42 0.385787
10 43 0.436196
10 44 0.482568
10 45 0.523946
10 46 0.5592
10 47 0.58815
10 48 0.60979
10 49 0.623711
10 50 0.631204
10 51 0.630771
10 52 0.623421
10 53 0.608186
10 54 0.585634
10 55 0.556282
10 56 0.520719
10 57 0.479471
10 58 0.432898
10 59 0.381599
10 60 0.327078
10 61 0.270193
10 62 0.211965
10 63 0.153081
10 64 0.0943614
10 65 0.0369742
10 66 -0.0181936
10 67 -0.0702885
10 68 -0.11873
10 69 -0.162211
10 70 -0.200557
10 71 -0.232289
10 72 -0.257373
10 73 -0.275365
10 74 -0.285454
10 75 -0.287451
10 76 -0.282079
10 77 -0.269039
10 78 -0.248246
10 79 -0.220108
10 80 -0.184953
10 81 -0.143145
10 82 -0.0957127
10 83 -0.0440617
10 84 0.0123261
10 85 0.0721219
10 86 0.134176
10 87 0.197302
10 88 0.260954
10 89 0.323728
10 90 0.384431
10 91 0.442645
10 92 0.497146
10 93 0.547161
10 94 0.591249
10 95 0.629097
10 96 0.660947
10 97 0.685135
10 98 0.702159
10 99 0.711052
10 100 0.0884687
10 101 0

11 0 0
11 1 0.0810743
11 2 0.651118
11 3 0.641631
11 4 0.625522
11 5 0.601926
11 6 0.570755
11 7 0.532748
11 8 0.489385
11 9 0.439209
11 10 0.385076
11 11 0.326449
11 12 0.266324
11 13 0.203886
11 14 0.141193
11 15 0.0783426
11 16 0.0175916
11 17 -0.0409429
11 18 -0.0962991
11 19 -0.147826
11 20 -0.194207
11 21 -0.234834
11 22 -0.268947
11 23 -0.296607
11 24 -0.317138
11 25 -0.330318
11 26 -0.335048
11 27 -0.332331
11 28 -0.322077
11 29 -0.304151
11 30 -0.278569
11 31 -0.246328
11 32 -0.20731
11 33 -0.163688
11 34 -0.114589
11 35 -0.0619623
11 36 -0.00660621
11 37 0.0507841
11 38 0.109366
11 39 0.168395
11 40 0.227291
11 41 0.28417
11 42 0.338015
11 43 0.388686
11 44 0.434706
11 45 0.47577
11 46 0.511176
11 47 0.540398
11 48 0.562284
11 49 0.576506
11 50 0.584163
11 51 0.583392
11 52 0.576261
11 53 0.560538
11 54 0.537982
11 55 0.508636
11 56 0.472875
11 57 0.431775
11 58 0.385227
11 59 0.334231
11 60 0.279564
11 61 0.222852
11 62 0.164648
11 63 0.105472
11 64 0.0466008
11 65 -0.0108432
11 66 -0.0658965
11 67 -0.118131
11 68 -0.166629
11 69 -0.211094
11 70 -0.249003
11 71 -0.28168
11 72 -0.306782
11 73 -0.324579
11 74 -0.335284
11 75 -0.338202
11 76 -0.332622
11 77 -0.319919
11 78 -0.299651
11 79 -0.271795
11 80 -0.237113
11 81 -0.196255
11 82 -0.149382
11 83 -0.0980527
11 84 -0.0423992
11 85 0.0164821
11 86 0.0784503
11 87 0.141045
11 88 0.204039
11 89 0.266044
11 90 0.327272
11 91 0.384739
11 92 0.439446
11 93 0.488753
11 94 0.533241
11 95 0.571375
11 96 0.602454
11 97 0.626474
11 98 0.643311
11 99 0.65214
11 100 0.0811426
11 101 0

12 0 0
12 1 0.0732558
12 2 0.588475
12 3 0.579411
12 4 0.563533
12 5 0.539577
12 6 0.509123
12 7 0.471646
12 8 0.427655
12 9 0.378293
12 10 0.324058
12 11 0.266324
12 12 0.206142
12 13 0.14397
12 14 0.0818097
12 15 0.0203402
12 16 -0.0402392
12 17 -0.0986636
12 18 -0.153203
12 19 -0.203734
12 20 -0.249874
12 21 -0.289771
12 22 -0.32381
12 23 -0.350928
12 24 -0.371135
12 25 -0.383239
12 26 -0.388024
12 27 -0.385364
12 28 -0.374332
12 29 -0.356024
12 30 -0.33004
12 31 -0.297616
12 32 -0.258293
12 33 -0.214314
12 34 -0.165302
12 35 -0.112507
12 36 -0.0570016
12 37 0.000216007
12 38 0.0590134
12 39 0.118639
12 40 0.177155
12 41 0.233669
12 42 0.287569
12 43 0.338417
12 44 0.385055
12 45 0.426238
12 46 0.461454
12 47 0.490644
12 48 0.512665
12 49 0.527646
12 50 0.535036
12 51 0.535039
12 52 0.526689
12 53 0.51127
12 54 0.488487
12 55 0.459182
12 56 0.423397
12 57 0.381951
12 58 0.335331
12 59 0.284483
12 60 0.230073
12 61 0.173214
12 62 0.114774
12 63 0.0555761
12 64 -0.0031731
12 65 -0.0604692
12 66 -0.115684
12 67 -0.168304
12 68 -0.216986
12 69 -0.26131
12 70 -0.29968
12 71 -0.332404
12 72 -0.358178
12 73 -0.377237
12 74 -0.387368
12 75 -0.390273
12 76 -0.385789
12 77 -0.373253
12 78 -0.353455
12 79 -0.326055
12 80 -0.292026
12 81 -0.251508
12 82 -0.205619
12 83 -0.154337
12 84 -0.0992249
12 85 -0.0407106
12 86 0.0198901
12 87 0.0818967
12 88 0.144853
12 89 0.206587
12 90 0.26686
12 91 0.324652
12 92 0.378628
12 93 0.428129
12 94 0.471981
12 95 0.50967
12 96 0.541098
12 97 0.564674
12 98 0.581252
12 99 0.590027
12 100 0.0734223
12 101 0

13 0 0
13 1 0.0651846
13 2 0.52372
13 3 0.51502
13 4 0.499137
13 5 0.475643
13 6 0.445259
13 7 0.407435
13 8 0.363906
13 9 0.3149
13 10 0.260966
13 11 0.203886
13 12 0.14397
13 13 0.0829314
13 14 0.0214701
13 15 -0.0398393
13 16 -0.0996178
13 17 -0.157289
13 18 -0.211844
13 19 -0.261832
13 20 -0.307174
13 21 -0.346724
13 22 -0.3802
13 23 -0.406777
13 24 -0.426456
13 25 -0.438586
13 26 -0.442623
13 27 -0.439285
13 28 -0.428018
13 29 -0.409224
13 30 -0.383614
13 31 -0.350279
13 32 -0.311085
13 33 -0.266802
13 34 -0.217751
13 35 -0.164695
13 36 -0.109032
13 37 -0.051439
13 38 0.00768145
13 39 0.0670663
13 40 0.125625
13 41 0.182222
13 42 0.236599
13 43 0.287264
13 44 0.333754
13 45 0.375467
13 46 0.41066
13 47 0.44028
13 48 0.462654
13 49 0.477519
13 50 0.485083
13 51 0.484709
13 52 0.476633
13 53 0.461006
13 54 0.438224
13 55 0.408984
13 56 0.372703
13 57 0.331211
13 58 0.284753
13 59 0.23379
13 60 0.179308
13 61 0.122429
13 62 0.0641203
13 63 0.00449918
13 64 -0.0545937
13 65 -0.11197
13 66 -0.167337
13 67 -0.219823
13 68 -0.269004
13 69 -0.313515
13 70 -0.352476
13 71 -0.38512
13 72 -0.411098
13 73 -0.42994
13 74 -0.441064
13 75 -0.44446
13 76 -0.440349
13 77 -0.42821
13 78 -0.40865
13 79 -0.381861
13 80 -0.348275
13 81 -0.308535
13 82 -0.263189
13 83 -0.212472
13 84 -0.157872
13 85 -0.100119
13 86 -0.039731
13 87 0.0220098
13 88 0.0836876
13 89 0.144725
13 90 0.204647
13 91 0.262276
13 92 0.315432
13 93 0.364899
13 94 0.408926
13 95 0.445925
13 96 0.477045
13 97 0.500664
13 98 0.517286
13 99 0.525885
13 100 0.0654209
13 101 0

14 0 0
14 1 0.0569652
14 2 0.457961
14 3 0.449759
14 4 0.433941
14 5 0.41048
14 6 0.380193
14 7 0.343262
14 8 0.299758
14 9 0.251088
14 10 0.197819
14 11 0.141193
14 12 0.0818097
14 13 0.0214701
14 14 -0.0396105
14 15 -0.100127
14 16 -0.159605
14 17 -0.216632
14 18 -0.27029
14 19 -0.320076
14 20 -0.364676
14 21 -0.404103
14 22 -0.436928
14 23 -0.463249
14 24 -0.481975
14 25 -0.493791
14 26 -0.497458
14 27 -0.493721
14 28 -0.482437
14 29 -0.46315
14 30 -0.437204
14 31 -0.40347
14 32 -0.36429
14 33 -0.319554
14 34 -0.270654
14 35 -0.217219
14 36 -0.161436
14 37 -0.103638
14 38 -0.0443689
14 39 0.0151135
14 40 0.0739687
14 41 0.130543
14 42 0.184968
14 43 0.23601
14 44 0.282684
14 45 0.324187
14 46 0.359941
14 47 0.389569
14 48 0.411936
14 49 0.426874
14 50 0.434662
14 51 0.434091
14 52 0.426342
14 53 0.410616
14 54 0.387855
14 55 0.358222
14 56 0.322227
14 57 0.280562
14 58 0.233894
14 59 0.182687
14 60 0.128322
14 61 0.0711572
14 62 0.012719
14 63 -0.0468856
14 64 -0.10603
14 65 -0.163747
14 66 -0.219527
14 67 -0.271743
14 68 -0.321369
14 69 -0.365955
14 70 -0.405496
14 71 -0.438268
14 72 -0.464688
14 73 -0.483363
14 74 -0.494924
14 75 -0.49876
14 76 -0.494828
14 77 -0.483286
14 78 -0.464187
14 79 -0.438073
14 80 -0.404793
14 81 -0.365855
14 82 -0.320618
14 83 -0.271057
14 84 -0.216917
14 85 -0.159716
14 86 -0.100039
14 87 -0.0385998
14 88 0.0223545
14 89 0.082997
14 90 0.142086
14 91 0.19926
14 92 0.252369
14 93 0.301059
14 94 0.344433
14 95 0.381653
14 96 0.412204
14 97 0.435657
14 98 0.452006
14 99 0.460665
14 100 0.057329
14 101 0

15 0 0
15 1 0.0488278
15 2 0.392496
15 3 0.384342
15 4 0.368853
15 5 0.34586
15 6 0.315823
15 7 0.278859
15 8 0.235919
15 9 0.187228
15 10 0.134861
15 11 0.0783426
15 12 0.0203402
15 13 -0.0398393
15 14 -0.100127
15 15 -0.160484
15 16 -0.219415
15 17 -0.275251
15 18 -0.328325
15 19 -0.377508
15 20 -0.421596
15 21 -0.460476
15 22 -0.493365
15 23 -0.519003
15 24 -0.537416
15 25 -0.548588
15 26 -0.552356
15 27 -0.548246
15 28 -0.536427
15 29 -0.517117
15 30 -0.490004
15 31 -0.456686
15 32 -0.416944
15 33 -0.372453
15 34 -0.32292
15 35 -0.269673
15 36 -0.213538
15 37 -0.155733
15 38 -0.0961376
15 39 -0.036295
15 40 0.0226555
15 41 0.0798578
15 42 0.134055
15 43 0.185593
15 44 0.232091
15 45 0.273716
15 46 0.309701
15 47 0.339039
15 48 0.361529
15 49 0.376599
15 50 0.384304
15 51 0.384071
15 52 0.376137
15 53 0.360578
15 54 0.338098
15 55 0.308246
15 56 0.27208
15 57 0.230426
15 58 0.183539
15 59 0.132777
15 60 0.0776582
15 61 0.0206666
15 62 -0.0382205
15 63 -0.0977133
15 64 -0.157111
15 65 -0.215395
15 66 -0.270882
15 67 -0.324135
15 68 -0.373369
15 69 -0.418529
15 70 -0.457674
15 71 -0.491178
15 72 -0.51745
15 73 -0.536725
15 74 -0.548771
15 75 -0.553048
15 76 -0.5492
15 77 -0.537943
15 78 -0.519403
15 79 -0.493576
15 80 -0.461124
15 81 -0.422025
15 82 -0.377656
15 83 -0.328649
15 84 -0.275509
15 85 -0.218965
15 86 -0.159774
15 87 -0.0994333
15 88 -0.0385615
15 89 0.021157
15 90 0.0799601
15 91 0.135969
15 92 0.189223
15 93 0.2374
15 94 0.280593
15 95 0.317551
15 96 0.347802
15 97 0.371002
15 98 0.387019
15 99 0.395575
15 100 0.0492249
15 101 0

16 0 0
16 1 0.0408777
16 2 0.328464
16 3 0.320205
16 4 0.304685
16 5 0.281633
16 6 0.251851
16 7 0.215417
16 8 0.172896
16 9 0.125281
16 10 0.0731435
16 11 0.0175916
16 12 -0.0402392
16 13 -0.0996178
16 14 -0.159605
16 15 -0.219415
16 16 -0.27762
16 17 -0.333108
16 18 -0.385221
16 19 -0.433979
16 20 -0.477786
16 21 -0.516034
16 22 -0.548255
16 23 -0.573681
16 24 -0.591648
16 25 -0.602289
16 26 -0.605633
16 27 -0.601216
16 28 -0.588974
16 29 -0.56921
16 30 -0.542116
16 31 -0.508708
16 32 -0.468889
16 33 -0.423957
16 34 -0.374559
16 35 -0.320998
16 36 -0.264913
16 37 -0.206917
16 38 -0.14684
16 39 -0.0861983
16 40 -0.0267976
16 41 0.0303208
16 42 0.0846393
16 43 0.136117
16 44 0.18284
16 45 0.22439
16 46 0.260551
16 47 0.289844
16 48 0.312255
16 49 0.327563
16 50 0.334957
16 51 0.335005
16 52 0.326811
16 53 0.311835
16 54 0.28942
16 55 0.25947
16 56 0.22314
16 57 0.181217
16 58 0.134555
16 59 0.0836051
16 60 0.0287419
16 61 -0.0285604
16 62 -0.0876113
16 63 -0.147454
16 64 -0.207136
16 65 -0.265707
16 66 -0.321781
16 67 -0.374918
16 68 -0.424751
16 69 -0.469809
16 70 -0.509107
16 71 -0.542559
16 72 -0.569137
16 73 -0.588743
16 74 -0.600883
16 75 -0.605604
16 76 -0.602441
16 77 -0.59166
16 78 -0.573451
16 79 -0.548299
16 80 -0.516117
16 81 -0.47747
16 82 -0.433593
16 83 -0.385182
16 84 -0.332737
16 85 -0.276955
16 86 -0.218486
16 87 -0.158895
16 88 -0.0983831
16 89 -0.0386249
16 90 0.0189663
16 91 0.0747027
16 92 0.127182
16 93 0.174967
16 94 0.217445
16 95 0.254038
16 96 0.284123
16 97 0.307075
16 98 0.323294
16 99 0.331706
16 100 0.041285
16 101 0

17 0 0
17 1 0.0331808
17 2 0.26665
17 3 0.258565
17 4 0.243221
17 5 0.220452
17 6 0.19063
17 7 0.154358
17 8 0.11237
17 9 0.0658832
17 10 0.0137536
17 11 -0.0409429
17 12 -0.0986636
17 13 -0.157289
17 14 -0.216632
17 15 -0.275251
17 16 -0.333108
17 17 -0.387606
17 18 -0.439687
17 19 -0.487845
17 20 -0.531323
17 21 -0.568957
17 22 -0.600756
17 23 -0.625742
17 24 -0.643474
17 25 -0.653701
17 26 -0.65665
17 27 -0.6516
17 28 -0.639162
17 29 -0.619066
17 30 -0.592167
17 31 -0.558225
17 32 -0.518756
17 33 -0.473891
17 34 -0.424256
17 35 -0.370355
17 36 -0.314141
17 37 -0.255776
17 38 -0.195198
17 39 -0.134106
17 40 -0.0742727
17 41 -0.0169794
17 42 0.037651
17 43 0.0889018
17 44 0.135539
17 45 0.177149
17 46 0.213189
17 47 0.242891
17 48 0.265233
17 49 0.280193
17 50 0.287547
17 51 0.287484
17 52 0.279857
17 53 0.264999
17 54 0.242605
17 55 0.212735
17 56 0.176177
17 57 0.134399
17 58 0.0878011
17 59 0.0367178
17 60 -0.0182216
17 61 -0.0757924
17 62 -0.134844
17 63 -0.194977
17 64 -0.255107
17 65 -0.313966
17 66 -0.370462
17 67 -0.423817
17 68 -0.473895
17 69 -0.518943
17 70 -0.558601
17 71 -0.591854
17 72 -0.618497
17 73 -0.63812
17 74 -0.650901
17 75 -0.655798
17 76 -0.653489
17 77 -0.643016
17 78 -0.625038
17 79 -0.599972
17 80 -0.568546
17 81 -0.530491
17 82 -0.487053
17 83 -0.438877
17 84 -0.387103
17 85 -0.33171
17 86 -0.274476
17 87 -0.215247
17 88 -0.155981
17 89 -0.0967117
17 90 -0.0395351
17 91 0.0160896
17 92 0.0673942
17 93 0.114973
17 94 0.156995
17 95 0.193049
17 96 0.222877
17 97 0.245938
17 98 0.261919
17 99 0.270004
17 100 0.0335886
17 101 0

18 0 0
18 1 0.0258738
18 2 0.208042
18 3 0.200248
18 4 0.185128
18 5 0.162538
18 6 0.133094
18 7 0.0972949
18 8 0.0560016
18 9 0.00937643
18 10 -0.041799
18 11 -0.0962991
18 12 -0.153203
18 13 -0.211844
18 14 -0.27029
18 15 -0.328325
18 16 -0.385221
18 17 -0.439687
18 18 -0.491118
18 19 -0.538399
18 20 -0.581438
18 21 -0.618871
18 22 -0.65017
18 23 -0.674957
18 24 -0.692264
18 25 -0.702122
18 26 -0.704443
18 27 -0.699179
18 28 -0.686214
18 29 -0.665938
18 30 -0.638328
18 31 -0.604327
18 32 -0.564938
18 33 -0.520194
18 34 -0.470591
18 35 -0.416658
18 36 -0.359939
18 37 -0.301154
18 38 -0.240251
18 39 -0.178927
18 40 -0.119062
18 41 -0.0614359
18 42 -0.00678023
18 43 0.0444188
18 44 0.0910929
18 45 0.132795
18 46 0.168744
18 47 0.198304
18 48 0.220685
18 49 0.235447
18 50 0.242638
18 51 0.242793
18 52 0.23534
18 53 0.220724
18 54 0.198509
18 55 0.168654
18 56 0.132068
18 57 0.0902755
18 58 0.0436889
18 59 -0.00733752
18 60 -0.0624679
18 61 -0.120002
18 62 -0.179162
18 63 -0.239441
18 64 -0.29986
18 65 -0.35909
18 66 -0.415805
18 67 -0.469408
18 68 -0.519432
18 69 -0.564603
18 70 -0.604119
18 71 -0.637661
18 72 -0.664594
18 73 -0.684802
18 74 -0.697785
18 75 -0.703476
18 76 -0.70131
18 77 -0.691117
18 78 -0.673343
18 79 -0.648719
18 80 -0.617558
18 81 -0.58026
18 82 -0.537428
18 83 -0.489591
18 84 -0.438202
18 85 -0.383716
18 86 -0.327085
18 87 -0.268747
18 88 -0.209628
18 89 -0.151492
18 90 -0.0944551
18 91 -0.039608
18 92 0.0115646
18 93 0.058237
18 94 0.0998622
18 95 0.1357
18 96 0.165316
18 97 0.188058
18 98 0.203573
18 99 0.211401
18 100 0.0262958
18 101 0

19 0 0
19 1 0.0191287
19 2 0.153758
19 3 0.14603
19 4 0.130999
19 5 0.108712
19 6 0.0795346
19 7 0.0440463
19 8 0.00314621
19 9 -0.0432072
19 10 -0.0937764
19 11 -0.147826
19 12 -0.203734
19 13 -0.261832
19 14 -0.320076
19 15 -0.377508
19 16 -0.433979
19 17 -0.487845
19 18 -0.538399
19 19 -0.585527
19 20 -0.628344
19 21 -0.665479
19 22 -0.696297
19 23 -0.720562
19 24 -0.737177
19 25 -0.746664
19 26 -0.748557
19 27 -0.742804
19 28 -0.729721
19 29 -0.70878
19 30 -0.680987
19 31 -0.647077
19 32 -0.607158
19 33 -0.562436
19 34 -0.512557
19 35 -0.458393
19 36 -0.401406
19 37 -0.342173
19 38 -0.281207
19 39 -0.219749
19 40 -0.159811
19 41 -0.10222
19 42 -0.047667
19 43 0.00350696
19 44 0.0504195
19 45 0.0919605
19 46 0.127762
19 47 0.157191
19 48 0.179628
19 49 0.194521
19 50 0.201809
19 51 0.201893
19 52 0.194555
19 53 0.179682
19 54 0.15767
19 55 0.127945
19 56 0.0916769
19 57 0.04989
19 58 0.00325828
19 59 -0.047782
19 60 -0.102792
19 61 -0.160214
19 62 -0.219663
19 63 -0.279944
19 64 -0.340438
19 65 -0.399896
19 66 -0.456838
19 67 -0.510732
19 68 -0.561018
19 69 -0.60651
19 70 -0.645796
19 71 -0.679668
19 72 -0.707096
19 73 -0.727515
19 74 -0.741315
19 75 -0.74719
19 76 -0.745107
19 77 -0.73551
19 78 -0.718071
19 79 -0.69412
19 80 -0.663477
19 81 -0.626274
19 82 -0.583754
19 83 -0.536741
19 84 -0.485913
19 85 -0.432144
19 86 -0.375884
19 87 -0.317873
19 88 -0.259556
19 89 -0.201929
19 90 -0.145346
19 91 -0.091535
19 92 -0.040725
19 93 0.00528142
19 94 0.0465071
19 95 0.0823813
19 96 0.111625
19 97 0.133986
19 98 0.149456
19 99 0.157006
19 100 0.0195097
19 101 0

20 0 0
20 1 0.0130318
20 2 0.104755
20 3 0.0971157
20 4 0.081963
20 5 0.0596998
20 6 0.0308803
20 7 -0.00414305
20 8 -0.0449138
20 9 -0.090592
20 10 -0.140854
20 11 -0.194207
20 12 -0.249874
20 13 -0.307174
20 14 -0.364676
20 15 -0.421596
20 16 -0.477786
20 17 -0.531323
20 18 -0.581438
20 19 -0.628344
20 20 -0.67081
20 21 -0.706941
20 22 -0.737119
20 23 -0.760804
20 24 -0.776876
20 25 -0.785751
20 26 -0.787694
20 27 -0.781637
20 28 -0.768095
20 29 -0.746998
20 30 -0.719139
20 31 -0.685078
20 32 -0.645013
20 33 -0.599581
20 34 -0.549562
20 35 -0.495073
20 36 -0.437922
20 37 -0.378835
20 38 -0.317594
20 39 -0.256261
20 40 -0.196145
20 41 -0.13855
20 42 -0.0839522
20 43 -0.0329314
20 44 0.013889
20 45 0.0553945
20 46 0.0913443
20 47 0.120611
20 48 0.143185
20 49 0.158239
20 50 0.165627
20 51 0.165841
20 52 0.158382
20 53 0.143407
20 54 0.121316
20 55 0.091538
20 56 0.0555404
20 57 0.0138099
20 58 -0.0327188
20 59 -0.0837435
20 60 -0.138481
20 61 -0.196121
20 62 -0.255451
20 63 -0.316174
20 64 -0.376665
20 65 -0.435919
20 66 -0.49302
20 67 -0.547165
20 68 -0.597693
20 69 -0.643297
20 70 -0.683172
20 71 -0.717009
20 72 -0.744742
20 73 -0.765744
20 74 -0.779723
20 75 -0.785576
20 76 -0.783853
20 77 -0.774589
20 78 -0.757874
20 79 -0.734363
20 80 -0.70436
20 81 -0.667632
20 82 -0.625733
20 83 -0.579265
20 84 -0.528865
20 85 -0.475526
20 86 -0.419695
20 87 -0.362342
20 88 -0.304696
20 89 -0.247258
20 90 -0.191634
20 91 -0.138623
20 92 -0.0884848
20 93 -0.0424381
20 94 -0.00153589
20 95 0.0337378
20 96 0.0624821
20 97 0.0849648
20 98 0.100411
20 99 0.10773
20 100 0.0133722
20 101 0

21 0 0
21 1 0.00768981
21 2 0.0617372
21 3 0.0540659
21 4 0.0389504
21 5 0.0166839
21 6 -0.0121882
21 7 -0.0470679
21 8 -0.0871656
21 9 -0.132264
21 10 -0.181828
21 11 -0.234834
21 12 -0.289771
21 13 -0.346724
21 14 -0.404103
21 15 -0.460476
21 16 -0.516034
21 17 -0.568957
21 18 -0.618871
21 19 -0.665479
21 20 -0.706941
21 21 -0.742453
21 22 -0.772146
21 23 -0.79528
21 24 -0.811181
21 25 -0.819504
21 26 -0.820913
21 27 -0.814862
21 28 -0.80118
21 29 -0.779843
21 30 -0.751992
21 31 -0.717941
21 32 -0.677347
21 33 -0.631719
21 34 -0.581278
21 35 -0.526522
21 36 -0.469392
21 37 -0.409955
21 38 -0.349029
21 39 -0.287672
21 40 -0.227504
21 41 -0.169663
21 42 -0.115486
21 43 -0.0643835
21 44 -0.0175251
21 45 0.0237112
21 46 0.059813
21 47 0.0889971
21 48 0.111416
21 49 0.126675
21 50 0.134029
21 51 0.134493
21 52 0.126958
21 53 0.112083
21 54 0.0897872
21 55 0.059927
21 56 0.0241877
21 57 -0.0175153
21 58 -0.0637849
21 59 -0.114342
21 60 -0.169321
21 61 -0.226772
21 62 -0.286298
21 63 -0.346845
21 64 -0.407483
21 65 -0.466803
21 66 -0.524266
21 67 -0.578652
21 68 -0.629222
21 69 -0.675084
21 70 -0.715198
21 71 -0.749528
21 72 -0.777341
21 73 -0.798041
21 74 -0.812019
21 75 -0.818289
21 76 -0.81685
21 77 -0.808066
21 78 -0.791915
21 79 -0.768788
21 80 -0.73922
21 81 -0.703331
21 82 -0.662281
21 83 -0.616186
21 84 -0.566049
21 85 -0.513304
21 86 -0.458332
21 87 -0.401146
21 88 -0.343747
21 89 -0.287282
21 90 -0.23212
21 91 -0.179588
21 92 -0.130167
21 93 -0.0848073
21 94 -0.0442348
21 95 -0.00925451
21 96 0.0195754
21 97 0.0415463
21 98 0.0568284
21 99 0.0645313
21 100 0.00803407
21 101 0

22 0 0
22 1 0.00314691
22 2 0.0251376
22 3 0.0173216
22 4 0.00223946
22 5 -0.0200323
22 6 -0.0484506
22 7 -0.0832082
22 8 -0.123258
22 9 -0.167722
22 10 -0.217059
22 11 -0.268947
22 12 -0.32381
22 13 -0.3802
22 14 -0.436928
22 15 -0.493365
22 16 -0.548255
22 17 -0.600756
22 18 -0.65017
22 19 -0.696297
22 20 -0.737119
22 21 -0.772146
22 22 -0.801205
22 23 -0.823642
22 24 -0.838906
22 25 -0.846957
22 26 -0.848242
22 27 -0.84193
22 28 -0.828068
22 29 -0.806709
22 30 -0.779203
22 31 -0.744497
22 32 -0.704007
22 33 -0.657828
22 34 -0.607374
22 35 -0.552679
22 36 -0.495133
22 37 -0.435609
22 38 -0.374836
22 39 -0.313629
22 40 -0.253444
22 41 -0.195651
22 42 -0.140934
22 43 -0.0902723
22 44 -0.0435936
22 45 -0.0022795
22 46 0.0334682
22 47 0.0627486
22 48 0.0855799
22 49 0.100627
22 50 0.108498
22 51 0.108925
22 52 0.101423
22 53 0.0862313
22 54 0.0639131
22 55 0.0338779
22 56 -0.00185565
22 57 -0.0433586
22 58 -0.0892058
22 59 -0.139927
22 60 -0.194478
22 61 -0.252116
22 62 -0.311461
22 63 -0.372014
22 64 -0.4329
22 65 -0.492414
22 66 -0.549999
22 67 -0.604376
22 68 -0.655076
22 69 -0.700673
22 70 -0.741436
22 71 -0.77565
22 72 -0.803703
22 73 -0.82441
22 74 -0.838663
22 75 -0.845015
22 76 -0.843896
22 77 -0.835339
22 78 -0.819877
22 79 -0.797364
22 80 -0.768067
22 81 -0.732948
22 82 -0.692401
22 83 -0.647154
22 84 -0.597409
22 85 -0.545076
22 86 -0.490487
22 87 -0.434119
22 88 -0.377064
22 89 -0.320802
22 90 -0.266258
22 91 -0.214119
22 92 -0.165941
22 93 -0.120787
22 94 -0.08053
22 95 -0.04592
22 96 -0.0172702
22 97 0.00450196
22 98 0.0198642
22 99 0.0276635
22 100 0.00346911
22 101 0

23 0 0
23 1 -0.000575343
23 2 -0.00473458
23 3 -0.0124049
23 4 -0.0273021
23 5 -0.0493865
23 6 -0.0776395
23 7 -0.112135
23 8 -0.152117
23 9 -0.196589
23 10 -0.245452
23 11 -0.296607
23 12 -0.350928
23 13 -0.406777
23 14 -0.463249
23 15 -0.519003
23 16 -0.573681
23 17 -0.625742
23 18 -0.674957
23 19 -0.720562
23 20 -0.760804
23 21 -0.79528
23 22 -0.823642
23 23 -0.845187
23 24 -0.85997
23 25 -0.867749
23 26 -0.868775
23 27 -0.862308
23 28 -0.848454
23 29 -0.827176
23 30 -0.799567
23 31 -0.764906
23 32 -0.72443
23 33 -0.67821
23 34 -0.627524
23 35 -0.572681
23 36 -0.514886
23 37 -0.454878
23 38 -0.394256
23 39 -0.333346
23 40 -0.273269
23 41 -0.215841
23 42 -0.161351
23 43 -0.110237
23 44 -0.0636335
23 45 -0.0223076
23 46 0.0133221
23 47 0.0426546
23 48 0.0648709
23 49 0.080457
23 50 0.0885541
23 51 0.0889937
23 52 0.0812445
23 53 0.0661835
23 54 0.0436103
23 55 0.0140229
23 56 -0.0217194
23 57 -0.0629096
23 58 -0.109075
23 59 -0.159473
23 60 -0.213876
23 61 -0.271522
23 62 -0.330791
23 63 -0.391174
23 64 -0.451985
23 65 -0.511658
23 66 -0.569474
23 67 -0.62404
23 68 -0.674977
23 69 -0.720559
23 70 -0.76104
23 71 -0.795518
23 72 -0.823663
23 73 -0.844375
23 74 -0.858589
23 75 -0.865191
23 76 -0.864257
23 77 -0.855947
23 78 -0.841068
23 79 -0.819215
23 80 -0.790837
23 81 -0.756292
23 82 -0.716184
23 83 -0.671333
23 84 -0.622162
23 85 -0.569911
23 86 -0.515758
23 87 -0.45976
23 88 -0.403558
23 89 -0.347999
23 90 -0.294175
23 91 -0.242292
23 92 -0.194368
23 93 -0.149702
23 94 -0.109798
23 95 -0.0752936
23 96 -0.0467751
23 97 -0.0253172
23 98 -0.00994031
23 99 -0.00245704
23 100 -0.000307724
23 101 0

24 0 0
24 1 -0.00337781
24 2 -0.0273394
24 3 -0.0350058
24 4 -0.0495326
24 5 -0.0711219
24 6 -0.0991038
24 7 -0.133342
24 8 -0.173301
24 9 -0.217702
24 10 -0.266003
24 11 -0.317138
24 12 -0.371135
24 13 -0.426456
24 14 -0.481975
24 15 -0.537416
24 16 -0.591648
24 17 -0.643474
24 18 -0.692264
24 19 -0.737177
24 20 -0.776876
24 21 -0.811181
24 22 -0.838906
24 23 -0.85997
24 24 -0.87448
24 25 -0.882517
24 26 -0.883176
24 27 -0.876386
24 28 -0.862311
24 29 -0.841197
24 30 -0.813736
24 31 -0.778818
24 32 -0.738202
24 33 -0.691788
24 34 -0.640868
24 35 -0.585711
24 36 -0.527696
24 37 -0.467909
24 38 -0.407033
24 39 -0.346266
24 40 -0.286857
24 41 -0.229444
24 42 -0.174606
24 43 -0.123805
24 44 -0.0773605
24 45 -0.0360465
24 46 -0.000665305
24 47 0.0285946
24 48 0.0511062
24 49 0.0661432
24 50 0.0744764
24 51 0.0747721
24 52 0.0675117
24 53 0.0520879
24 54 0.0298197
24 55 0.000601484
24 56 -0.0350577
24 57 -0.0762436
24 58 -0.121992
24 59 -0.172554
24 60 -0.226886
24 61 -0.284179
24 62 -0.343426
24 63 -0.4039
24 64 -0.464677
24 65 -0.524422
24 66 -0.582059
24 67 -0.636641
24 68 -0.687976
24 69 -0.733814
24 70 -0.774505
24 71 -0.808922
24 72 -0.837081
24 73 -0.858183
24 74 -0.872406
24 75 -0.879022
24 76 -0.878313
24 77 -0.870253
24 78 -0.855462
24 79 -0.83419
24 80 -0.806205
24 81 -0.77234
24 82 -0.732533
24 83 -0.688176
24 84 -0.639424
24 85 -0.58762
24 86 -0.533769
24 87 -0.478499
24 88 -0.422886
24 89 -0.368014
24 90 -0.31454
24 91 -0.263243
24 92 -0.215521
24 93 -0.171074
24 94 -0.131055
24 95 -0.096934
24 96 -0.0690464
24 97 -0.0476224
24 98 -0.032723
24 99 -0.0253783
24 100 -0.00315729
24 101 0

25 0 0
25 1 -0.00523611
25 2 -0.0422376
25 3 -0.049755
25 4 -0.0638652
25 5 -0.0851791
25 6 -0.113172
25 7 -0.147476
25 8 -0.186926
25 9 -0.231325
25 10 -0.279065
25 11 -0.330318
25 12 -0.383239
25 13 -0.438586
25 14 -0.493791
25 15 -0.548588
25 16 -0.602289
25 17 -0.653701
25 18 -0.702122
25 19 -0.746664
25 20 -0.785751
25 21 -0.819504
25 22 -0.846957
25 23 -0.867749
25 24 -0.882517
25 25 -0.890077
25 26 -0.890427
25 27 -0.883576
25 28 -0.86968
25 29 -0.848797
25 30 -0.820589
25 31 -0.785877
25 32 -0.744747
25 33 -0.69852
25 34 -0.647077
25 35 -0.592002
25 36 -0.534141
25 37 -0.474442
25 38 -0.413504
25 39 -0.352986
25 40 -0.293488
25 41 -0.236173
25 42 -0.18184
25 43 -0.130758
25 44 -0.084653
25 45 -0.0435416
25 46 -0.00788512
25 47 0.020992
25 48 0.0432608
25 49 0.0581877
25 50 0.0663935
25 51 0.0668638
25 52 0.059602
25 53 0.0444633
25 54 0.0226364
25 55 -0.00646304
25 56 -0.0418679
25 57 -0.083032
25 58 -0.128971
25 59 -0.17881
25 60 -0.233291
25 61 -0.290513
25 62 -0.34968
25 63 -0.410034
25 64 -0.470619
25 65 -0.530669
25 66 -0.588002
25 67 -0.642854
25 68 -0.693713
25 69 -0.740226
25 70 -0.780841
25 71 -0.815821
25 72 -0.843985
25 73 -0.865176
25 74 -0.879135
25 75 -0.886005
25 76 -0.885517
25 77 -0.877578
25 78 -0.862997
25 79 -0.841768
25 80 -0.814625
25 81 -0.781043
25 82 -0.74175
25 83 -0.697723
25 84 -0.649474
25 85 -0.598445
25 86 -0.544907
25 87 -0.489998
25 88 -0.434392
25 89 -0.380458
25 90 -0.327264
25 91 -0.276654
25 92 -0.228846
25 93 -0.185006
25 94 -0.145418
25 95 -0.111331
25 96 -0.0834669
25 97 -0.0622874
25 98 -0.0478298
25 99 -0.040551
25 100 -0.00504065
25 101 0

26 0 0
26 1 -0.00608773
26 2 -0.0491099
26 3 -0.0565039
26 4 -0.0704335
26 5 -0.0917532
26 6 -0.119314
26 7 -0.153238
26 8 -0.192911
26 9 -0.236944
26 10 -0.284384
26 11 -0.335048
26 12 -0.388024
26 13 -0.442623
26 14 -0.497458
26 15 -0.552356
26 16 -0.605633
26 17 -0.65665
26 18 -0.704443
26 19 -0.748557
26 20 -0.787694
26 21 -0.820913
26 22 -0.848242
26 23 -0.868775
26 24 -0.883176
26 25 -0.890427
26 26 -0.890768
26 27 -0.88389
26 28 -0.869927
26 29 -0.848637
26 30 -0.820401
26 31 -0.785385
26 32 -0.744284
26 33 -0.697965
26 34 -0.646644
26 35 -0.591473
26 36 -0.533728
26 37 -0.47415
26 38 -0.413334
26 39 -0.353123
26 40 -0.293952
26 41 -0.236884
26 42 -0.182447
26 43 -0.131693
26 44 -0.0858552
26 45 -0.0449442
26 46 -0.00941048
26 47 0.0199377
26 48 0.0417608
26 49 0.0569298
26 50 0.0649979
26 51 0.065523
26 52 0.0582433
26 53 0.0433262
26 54 0.0211254
26 55 -0.00739946
