0 0 0
0 1 0
0 2 0
0 3 0
0 4 0
0 5 0
0 6 0
0 7 0
0 8 0
0 9 0
0 10 0
0 11 0
0 12 0
0 13 0
0 14 0
0 15 0
0 16 0
0 17 0
0 18 0
0 19 0
0 20 0
0 21 0
0 22 0
0 23 0
0 24 0
0 25 0
0 26 0
0 27 0
0 28 0
0 29 0
0 30 0
0 31 0
0 32 0
0 33 0
0 34 0
0 35 0
0 36 0
0 37 0
0 38 0
0 39 0
0 40 0
0 41 0
0 42 0
0 43 0
0 44 0
0 45 0
0 46 0
0 47 0
0 48 0
0 49 0
0 50 0
0 51 0
0 52 0
0 53 0
0 54 0
0 55 0
0 56 0
0 57 0
0 58 0
0 59 0
0 60 0
0 61 0
0 62 0
0 63 0
0 64 0
0 65 0
0 66 0
0 67 0
0 68 0
0 69 0
0 70 0
0 71 0
0 72 0
0 73 0
0 74 0
0 75 0
0 76 0
0 77 0
0 78 0
0 79 0
0 80 0
0 81 0
0 82 0
0 83 0
0 84 0
0 85 0
0 86 0
0 87 0
0 88 0
0 89 0
0 90 0
0 91 0
0 92 0
0 93 0
0 94 0
0 95 0
0 96 0
0 97 0
0 98 0
0 99 0
0 100 0
0 101 0

1 0 0
1 1 0
1 2 0.139136
1 3 0.137743
1 4 0.135216
1 5 0.131575
1 6 0.126904
1 7 0.121233
1 8 0.11468
1 9 0.107383
1 10 0.0994252
1 11 0.0909436
1 12 0.0820751
1 13 0.0729507
1 14 0.0637041
1 15 0.0544837
1 16 0.045441
1 17 0.0367589
1 18 0.0285591
1 19 0.0209175
1 20 0.0139752
1 21 0.0078341
1 22 0.00261374
1 23 -0.00162046
1 24 -0.00481558
1 25 -0.00692017
1 26 -0.00790279
1 27 -0.00774779
1 28 -0.00648567
1 29 -0.00413828
1 30 -0.000711856
1 31 0.00371272
1 32 0.00903781
1 33 0.0152228
1 34 0.0220765
1 35 0.0295683
1 36 0.0375355
1 37 0.0458196
1 38 0.0542787
1 39 0.0628393
1 40 0.0712897
1 41 0.0794772
1 42 0.0873222
1 43 0.0946698
1 44 0.101338
1 45 0.107269
1 46 0.112334
1 47 0.116466
1 48 0.119619
1 49 0.121738
1 50 0.122748
1 51 0.1227
1 52 0.121543
1 53 0.119337
1 54 0.116083
1 55 0.11185
1 56 0.106678
1 57 0.100649
1 58 0.0938562
1 59 0.0864528
1 60 0.078554
1 61 0.0702679
1 62 0.0617593
1 63 0.0532011
1 64 0.0446969
1 65 0.0363873
1 66 0.0284091
1 67 0.0209427
1 68 0.0140714
1 69 0.00792097
1 70 0.00254879
1 71 -0.00187785
1 72 -0.0052591
1 73 -0.00756104
1 74 -0.00878295
1 75 -0.00885696
1 76 -0.00780003
1 77 -0.00563861
1 78 -0.00237218
1 79 0.00195285
1 80 0.00722039
1 81 0.0134321
1 82 0.0204876
1 83 0.0281651
1 84 0.0364315
1 85 0.0451764
1 86 0.0542426
1 87 0.0634916
1 88 0.0727693
1 89 0.0819206
1 90 0.0908383
1 91 0.0993915
1 92 0.107401
1 93 0.114764
1 94 0.12133
1 95 0.127041
1 96 0.131794
1 97 0.135447
1 98 0.138017
1 99 0.139461
1 100 0
1 101 0

2 0 0
2 1 0.139136
2 2 1.11817
2 3 1.10686
2 4 1.0865
2 5 1.05734
2 6 1.01975
2 7 0.974289
2 8 0.921739
2 9 0.862992
2 10 0.798988
2 11 0.730807
2 12 0.659515
2 13 0.586182
2 14 0.511857
2 15 0.437788
2 16 0.365254
2 17 0.295397
2 18 0.229331
2 19 0.167948
2 20 0.11221
2 21 0.0630081
2 22 0.0210426
2 23 -0.0130555
2 24 -0.0387143
2 25 -0.0555828
2 26 -0.0634829
2 27 -0.0623463
2 28 -0.0521987
2 29 -0.0332327
2 30 -0.00574141
2 31 0.0297527
2 32 0.0726375
2 33 0.122145
2 34 0.177433
2 35 0.237593
2 36 0.301546
2 37 0.368154
2 38 0.436332
2 39 0.504941
2 40 0.572774
2 41 0.638722
2 42 0.70171
2 43 0.760676
2 44 0.814402
2 45 0.861985
2 46 0.902707
2 47 0.935971
2 48 0.961296
2 49 0.97826
2 50 0.986597
2 51 0.986077
2 52 0.976862
2 53 0.959012
2 54 0.93283
2 55 0.898708
2 56 0.857163
2 57 0.80878
2 58 0.754326
2 59 0.694794
2 60 0.631188
2 61 0.564665
2 62 0.496365
2 63 0.427494
2 64 0.359094
2 65 0.292325
2 66 0.228361
2 67 0.168266
2 68 0.112991
2 69 0.0634033
2 70 0.0204316
2 71 -0.0150024
2 72 -0.0421943
2 73 -0.0608215
2 74 -0.070595
2 75 -0.0712639
2 76 -0.0627857
2 77 -0.0453182
2 78 -0.0190383
2 79 0.0156327
2 80 0.0581727
2 81 0.107983
2 82 0.164296
2 83 0.226209
2 84 0.292837
2 85 0.363064
2 86 0.435841
2 87 0.510116
2 88 0.584663
2 89 0.658373
2 90 0.730067
2 91 0.798661
2 92 0.863067
2 93 0.922212
2 94 0.975157
2 95 1.02101
2 96 1.05902
2 97 1.08855
2 98 1.10915
2 99 1.12068
2 100 0.139461
2 101 0

3 0 0
3 1 0.137743
3 2 1.10686
3 3 1.09536
3 4 1.07501
3 5 1.04601
3 6 1.00848
3 7 0.963348
3 8 0.91108
3 9 0.852366
3 10 0.788458
3 11 0.720374
3 12 0.649158
3 13 0.575974
3 14 0.501837
3 15 0.428069
3 16 0.355851
3 17 0.286097
3 18 0.219945
3 19 0.158752
3 20 0.10331
3 21 0.0544308
3 22 0.0126451
3 23 -0.0213347
3 24 -0.0468831
3 25 -0.0637067
3 26 -0.0715424
3 27 -0.070459
3 28 -0.060305
3 29 -0.0412151
3 30 -0.0137308
3 31 0.021639
3 32 0.0645651
3 33 0.113843
3 34 0.169351
3 35 0.229355
3 36 0.293206
3 37 0.359797
3 38 0.428068
3 39 0.496398
3 40 0.564153
3 41 0.630155
3 42 0.692983
3 43 0.751666
3 44 0.805465
3 45 0.852929
3 46 0.893616
3 47 0.926834
3 48 0.952093
3 49 0.968961
3 50 0.977521
3 51 0.976957
3 52 0.967768
3 53 0.949772
3 54 0.923607
3 55 0.889457
3 56 0.848019
3 57 0.799828
3 58 0.745675
3 59 0.686172
3 60 0.622589
3 61 0.556241
3 62 0.488111
3 63 0.419169
3 64 0.350815
3 65 0.284158
3 66 0.220403
3 67 0.16018
3 68 0.104865
3 69 0.0551098
3 70 0.0124199
3 71 -0.0228172
3 72 -0.050025
3 73 -0.0688337
3 74 -0.0785636
3 75 -0.0793635
3 76 -0.0709697
3 77 -0.0534557
3 78 -0.0272057
3 79 0.00725759
3 80 0.049806
3 81 0.0992761
3 82 0.155028
3 83 0.216983
3 84 0.283584
3 85 0.353631
3 86 0.426153
3 87 0.500142
3 88 0.574478
3 89 0.648243
3 90 0.719877
3 91 0.788172
3 92 0.852424
3 93 0.911407
3 94 0.964312
3 95 1.00995
3 96 1.04764
3 97 1.07724
3 98 1.09782
3 99 1.1092
3 100 0.138021
3 101 0

4 0 0
4 1 0.135216
4 2 1.0865
4 3 1.07501
4 4 1.05454
4 5 1.02555
4 6 0.988273
4 7 0.943449
4 8 0.891166
4 9 0.832782
4 10 0.76919
4 11 0.701529
4 12 0.630265
4 13 0.557011
4 14 0.48313
4 15 0.409751
4 16 0.337619
4 17 0.268037
4 18 0.202204
4 19 0.141363
4 20 0.0861128
4 21 0.0372842
4 22 -0.00425936
4 23 -0.0379565
4 24 -0.0631807
4 25 -0.0801393
4 26 -0.0878684
4 27 -0.0865563
4 28 -0.0763459
4 29 -0.0570642
4 30 -0.0297097
4 31 0.00578441
4 32 0.0487908
4 33 0.0981987
4 34 0.153797
4 35 0.213601
4 36 0.277429
4 37 0.344043
4 38 0.411967
4 39 0.480448
4 40 0.547955
4 41 0.614061
4 42 0.677026
4 43 0.735362
4 44 0.788981
4 45 0.836494
4 46 0.877208
4 47 0.910537
4 48 0.935752
4 49 0.952478
4 50 0.961039
4 51 0.960528
4 52 0.951421
4 53 0.933434
4 54 0.907265
4 55 0.873277
4 56 0.831767
4 57 0.783574
4 58 0.729485
4 59 0.669964
4 60 0.606621
4 61 0.540499
4 62 0.472298
4 63 0.403441
4 64 0.335164
4 65 0.268665
4 66 0.204991
4 67 0.14469
4 68 0.089194
4 69 0.0395386
4 70 -0.00318957
4 71 -0.0385632
4 72 -0.0660361
4 73 -0.0847808
4 74 -0.0945513
4 75 -0.0953262
4 76 -0.0869338
4 77 -0.0697622
4 78 -0.0437362
4 79 -0.00946933
4 80 0.0328722
4 81 0.0820956
4 82 0.137722
4 83 0.199491
4 84 0.265521
4 85 0.335248
4 86 0.40778
4 87 0.481779
4 88 0.55606
4 89 0.629434
4 90 0.70078
4 91 0.769221
4 92 0.832994
4 93 0.891772
4 94 0.944261
4 95 0.989871
4 96 1.0274
4 97 1.0566
4 98 1.07734
4 99 1.08878
4 100 0.135479
4 101 0

5 0 0
5 1 0.131575
5 2 1.05734
5 3 1.04601
5 4 1.02555
5 5 0.996825
5 6 0.959576
5 7 0.91464
5 8 0.862888
5 9 0.805007
5 10 0.741465
5 11 0.673763
5 12 0.602782
5 13 0.529837
5 14 0.456355
5 15 0.382981
5 16 0.311159
5 17 0.241997
5 18 0.176245
5 19 0.115522
5 20 0.0605245
5 21 0.0121217
5 22 -0.0291531
5 23 -0.0626119
5 24 -0.0877629
5 25 -0.104168
5 26 -0.111812
5 27 -0.110393
5 28 -0.0997911
5 29 -0.0806989
5 30 -0.0529532
5 31 -0.0173653
5 32 0.0257692
5 33 0.075249
5 34 0.130708
5 35 0.190519
5 36 0.254381
5 37 0.321
5 38 0.389114
5 39 0.457271
5 40 0.524673
5 41 0.590593
5 42 0.653549
5 43 0.712289
5 44 0.765553
5 45 0.813088
5 46 0.853824
5 47 0.887116
5 48 0.912734
5 49 0.929414
5 50 0.937713
5 51 0.937124
5 52 0.928131
5 53 0.910215
5 54 0.884332
5 55 0.850026
5 56 0.808502
5 57 0.760484
5 58 0.706081
5 59 0.646872
5 60 0.583456
5 61 0.51739
5 62 0.449558
5 63 0.380829
5 64 0.312531
5 65 0.245868
5 66 0.182098
5 67 0.12193
5 68 0.0664688
5 69 0.0166788
5 70 -0.0260314
5 71 -0.0617895
5 72 -0.0893321
5 73 -0.10811
5 74 -0.117963
5 75 -0.119274
5 76 -0.111023
5 77 -0.0939343
5 78 -0.068191
5 79 -0.0339625
5 80 0.00776796
5 81 0.0566868
5 82 0.112204
5 83 0.173554
5 84 0.239501
5 85 0.309149
5 86 0.381096
5 87 0.454816
5 88 0.529122
5 89 0.602276
5 90 0.673475
5 91 0.741624
5 92 0.805261
5 93 0.8636
5 94 0.915937
5 95 0.961254
5 96 0.998501
5 97 1.02779
5 98 1.04805
5 99 1.05946
5 100 0.131848
5 101 0

6 0 0
6 1 0.126904
6 2 1.01975
6 3 1.00848
6 4 0.988273
6 5 0.959576
6 6 0.922412
6 7 0.877933
6 8 0.82641
6 9 0.76873
6 10 0.705603
6 11 0.637898
6 12 0.567488
6 13 0.494736
6 14 0.421523
6 15 0.348585
6 16 0.277064
6 17 0.208171
6 18 0.142807
6 19 0.0821379
6 20 0.0274171
6 21 -0.0207762
6 22 -0.0617415
6 23 -0.0948258
6 24 -0.11986
6 25 -0.135779
6 26 -0.143031
6 27 -0.141448
6 28 -0.13071
6 29 -0.111189
6 30 -0.0832216
6 31 -0.0472205
6 32 -0.00411899
6 33 0.0456091
6 34 0.100979
6 35 0.161089
6 36 0.224748
6 37 0.291317
6 38 0.359462
6 39 0.427517
6 40 0.495075
6 41 0.560648
6 42 0.623585
6 43 0.682182
6 44 0.735572
6 45 0.78321
6 46 0.823904
6 47 0.857474
6 48 0.883009
6 49 0.899758
6 50 0.907862
6 51 0.907508
6 52 0.898343
6 53 0.880654
6 54 0.854571
6 55 0.820344
6 56 0.778749
6 57 0.73059
6 58 0.676295
6 59 0.617052
6 60 0.554068
6 61 0.487958
6 62 0.420238
6 63 0.351492
6 64 0.283276
6 65 0.21671
6 66 0.152663
6 67 0.0924971
6 68 0.03698
6 69 -0.0127943
6 70 -0.0557819
6 71 -0.0916466
6 72 -0.119574
6 73 -0.138557
6 74 -0.148797
6 75 -0.150268
6 76 -0.14254
6 77 -0.125446
6 78 -0.100086
6 79 -0.0664349
6 80 -0.024936
6 81 0.023845
6 82 0.0791611
6 83 0.140196
6 84 0.205785
6 85 0.27497
6 86 0.34687
6 87 0.420313
6 88 0.494286
6 89 0.567075
6 90 0.638316
6 91 0.705906
6 92 0.769246
6 93 0.827354
6 94 0.879201
6 95 0.924357
6 96 0.961288
6 97 0.990227
6 98 1.01069
6 99 1.0218
6 100 0.127146
6 101 0

7 0 0
7 1 0.121233
7 2 0.974289
7 3 0.963348
7 4 0.943449
7 5 0.91464
7 6 0.877933
7 7 0.833465
7 8 0.782408
7 9 0.724968
7 10 0.662074
7 11 0.594931
7 12 0.524822
7 13 0.45232
7 14 0.379328
7 15 0.30668
7 16 0.235606
7 17 0.167128
7 18 0.102012
7 19 0.04167
7 20 -0.0126767
7 21 -0.0604773
7 22 -0.101109
7 23 -0.133791
7 24 -0.158402
7 25 -0.1741
7 26 -0.180975
7 27 -0.179006
7 28 -0.168368
7 29 -0.14821
7 30 -0.120072
7 31 -0.0836386
7 32 -0.0406238
7 33 0.009538
7 34 0.0649825
7 35 0.125507
7 36 0.189119
7 37 0.255552
7 38 0.323227
7 39 0.39144
7 40 0.459159
7 41 0.524796
7 42 0.587488
7 43 0.645827
7 44 0.699259
7 45 0.747049
7 46 0.787858
7 47 0.821688
7 48 0.846953
7 49 0.863785
7 50 0.871698
7 51 0.871708
7 52 0.862451
7 53 0.84488
7 54 0.818622
7 55 0.784564
7 56 0.742772
7 57 0.694614
7 58 0.640444
7 59 0.581324
7 60 0.518519
7 61 0.452414
7 62 0.384556
7 63 0.315891
7 64 0.24793
7 65 0.18139
7 66 0.117108
7 67 0.0569353
7 68 0.00102714
7 69 -0.0485974
7 70 -0.0920969
7 71 -0.127926
7 72 -0.156497
7 73 -0.17564
7 74 -0.186327
7 75 -0.18771
7 76 -0.180359
7 77 -0.163835
7 78 -0.138887
7 79 -0.105542
7 80 -0.0645094
7 81 -0.015975
7 82 0.0391393
7 83 0.099561
7 84 0.164729
7 85 0.233718
7 86 0.305376
7 87 0.378391
7 88 0.452203
7 89 0.524793
7 90 0.59534
7 91 0.66267
7 92 0.725638
7 93 0.783547
7 94 0.835233
7 95 0.879792
7 96 0.916763
7 97 0.945211
7 98 0.9655
7 99 0.976345
7 100 0.121473
7 101 0

8 0 0
8 1 0.11468
8 2 0.921739
8 3 0.91108
8 4 0.891166
8 5 0.862888
8 6 0.82641
8 7 0.782408
8 8 0.731316
8 9 0.674128
8 10 0.611599
8 11 0.545129
8 12 0.475182
8 13 0.403326
8 14 0.330814
8 15 0.258512
8 16 0.187621
8 17 0.119631
8 18 0.054996
8 19 -0.00482649
8 20 -0.0588126
8 21 -0.106253
8 22 -0.14627
8 23 -0.178763
8 24 -0.20288
8 25 -0.218191
8 26 -0.224625
8 27 -0.222479
8 28 -0.211463
8 29 -0.191063
8 30 -0.162646
8 31 -0.126276
8 32 -0.0825052
8 33 -0.0325678
8 34 0.0233173
8 35 0.083718
8 36 0.147796
8 37 0.214289
8 38 0.281961
8 39 0.350164
8 40 0.417495
8 41 0.483185
8 42 0.545541
8 43 0.603981
8 44 0.657791
8 45 0.705374
8 46 0.746138
8 47 0.779852
8 48 0.80532
8 49 0.822169
8 50 0.83071
8 51 0.830353
8 52 0.821227
8 53 0.803227
8 54 0.777012
8 55 0.743076
8 56 0.701534
8 57 0.653254
8 58 0.599059
8 59 0.540027
8 60 0.477137
8 61 0.411313
8 62 0.343484
8 63 0.275044
8 64 0.206911
8 65 0.14029
8 66 0.0760852
8 67 0.0155981
8 68 -0.0401907
8 69 -0.0904425
8 70 -0.133974
8 71 -0.17037
8 72 -0.198814
8 73 -0.218473
8 74 -0.229247
8 75 -0.231142
8 76 -0.224155
8 77 -0.208079
8 78 -0.183323
8 79 -0.150497
8 80 -0.109681
8 81 -0.0619722
8 82 -0.00756906
8 83 0.0528553
8 84 0.117679
8 85 0.186282
8 86 0.257365
8 87 0.330259
8 88 0.403426
8 89 0.475577
8 90 0.545453
8 91 0.61236
8 92 0.675261
8 93 0.73297
8 94 0.78423
8 95 0.828612
8 96 0.864986
8 97 0.893146
8 98 0.912842
8 99 0.92382
8 100 0.114969
8 101 0

9 0 0
9 1 0.107383
9 2 0.862992
9 3 0.852366
9 4 0.832782
9 5 0.805007
9 6 0.76873
9 7 0.724968
9 8 0.674128
9 9 0.617146
9 10 0.554928
9 11 0.488868
9 12 0.41963
9 13 0.348268
9 14 0.276201
9 15 0.204498
9 16 0.134222
9 17 0.0666535
9 18 0.00242503
9 19 -0.0567862
9 20 -0.110069
9 21 -0.156956
9 22 -0.196888
9 23 -0.22876
9 24 -0.252369
9 25 -0.267435
9 26 -0.273583
9 27 -0.271349
9 28 -0.259559
9 29 -0.238973
9 30 -0.210208
9 31 -0.173779
9 32 -0.129653
9 33 -0.0792784
9 34 -0.0233778
9 35 0.037172
9 36 0.101237
9 37 0.167675
9 38 0.23577
9 39 0.303842
9 40 0.371343
9 41 0.436697
9 42 0.49913
9 43 0.557632
9 44 0.611357
9 45 0.658868
9 46 0.699635
9 47 0.733196
9 48 0.758846
9 49 0.775804
9 50 0.784312
9 51 0.78394
9 52 0.775041
9 53 0.75716
9 54 0.730816
9 55 0.696672
9 56 0.65527
9 57 0.607005
9 58 0.553092
9 59 0.49423
9 60 0.431289
9 61 0.365202
9 62 0.297581
9 63 0.229149
9 64 0.160909
9 65 0.0939177
9 66 0.0298651
9 67 -0.0305208
9 68 -0.0864153
9 69 -0.137041
9 70 -0.180766
9 71 -0.21751
9 72 -0.246187
9 73 -0.266313
9 74 -0.277387
9 75 -0.27971
9 76 -0.2729
9 77 -0.257344
9 78 -0.233036
9 79 -0.200484
9 80 -0.160327
9 81 -0.112981
9 82 -0.0590156
9 83 0.0005836
9 84 0.0648066
9 85 0.133197
9 86 0.203983
9 87 0.276109
9 88 0.348671
9 89 0.420242
9 90 0.489568
9 91 0.555948
9 92 0.618547
9 93 0.675948
9 94 0.726986
9 95 0.771075
9 96 0.806975
9 97 0.835167
9 98 0.854354
9 99 0.865064
9 100 0.107652
9 101 0

10 0 0
10 1 0.0994252
10 2 0.798988
10 3 0.788458
10 4 0.76919
10 5 0.741465
10 6 0.705603
10 7 0.662074
10 8 0.611599
10 9 0.554928
10 10 0.493708
10 11 0.42777
10 12 0.358873
10 13 0.287868
10 14 0.216921
10 15 0.145664
10 16 0.0760293
10 17 0.00888797
10 18 -0.0545425
10 19 -0.113196
10 20 -0.166006
10 21 -0.212395
10 22 -0.251831
10 23 -0.283221
10 24 -0.30633
10 25 -0.320934
10 26 -0.326697
10 27 -0.324107
10 28 -0.312169
10 29 -0.291248
10 30 -0.262477
10 31 -0.225458
10 32 -0.180978
10 33 -0.130427
10 34 -0.0743429
10 35 -0.0138502
10 36 0.0504299
10 37 0.117128
10 38 0.184968
10 39 0.253236
10 40 0.320727
10 41 0.386419
10 42 0.448808
10 43 0.506988
10 44 0.560363
10 45 0.607913
10 46 0.648518
10 47 0.682425
10 48 0.707892
10 49 0.725213
10 50 0.73375
10 51 0.733413
10 52 0.724492
10 53 0.706672
10 54 0.680136
10 55 0.646214
10 56 0.604651
10 57 0.556664
10 58 0.502964
10 59 0.444306
10 60 0.381292
10 61 0.315164
10 62 0.247223
10 63 0.1788
10 64 0.110456
10 65 0.0436322
10 66 -0.0203924
10 67 -0.0810856
10 68 -0.137299
10 69 -0.187946
10 70 -0.231891
10 71 -0.268626
10 72 -0.297834
10 73 -0.318442
10 74 -0.329787
10 75 -0.332386
10 76 -0.326108
10 77 -0.310937
10 78 -0.287091
10 79 -0.255023
10 80 -0.215258
10 81 -0.168597
10 82 -0.115126
10 83 -0.0560051
10 84 0.00767774
10 85 0.075362
10 86 0.14566
10 87 0.216966
10 88 0.289061
10 89 0.359681
10 90 0.428878
10 91 0.494732
10 92 0.55705
10 93 0.613559
10 94 0.664038
10 95 0.707839
10 96 0.74371
10 97 0.771347
10 98 0.790628
10 99 0.801106
10 100 0.0996818
10 101 0

11 0 0
11 1 0.0909436
11 2 0.730807
11 3 0.720374
11 4 0.701529
11 5 0.673763
11 6 0.637898
11 7 0.594931
11 8 0.545129
11 9 0.488868
11 10 0.42777
11 11 0.362452
11 12 0.294112
11 13 0.224064
11 14 0.153487
11 15 0.0829031
11 16 0.0138906
11 17 -0.0524072
11 18 -0.115082
11 19 -0.173175
11 20 -0.225389
11 21 -0.271372
11 22 -0.310111
11 23 -0.341151
11 24 -0.363918
11 25 -0.378082
11 26 -0.383565
11 27 -0.380355
11 28 -0.36816
11 29 -0.346861
11 30 -0.317706
11 31 -0.280491
11 32 -0.236116
11 33 -0.184969
11 34 -0.128749
11 35 -0.0681128
11 36 -0.00373288
11 37 0.0631891
11 38 0.13098
11 39 0.199317
11 40 0.266961
11 41 0.332342
11 42 0.394773
11 43 0.452934
11 44 0.506277
11 45 0.553899
11 46 0.594657
11 47 0.628401
11 48 0.654198
11 49 0.671306
11 50 0.679532
11 51 0.679551
11 52 0.670439
11 53 0.652965
11 54 0.626858
11 55 0.592683
11 56 0.551115
11 57 0.503172
11 58 0.449482
11 59 0.390721
11 60 0.327757
11 61 0.261554
11 62 0.193814
11 63 0.125154
11 64 0.0568486
11 65 -0.00993707
11 66 -0.0742956
11 67 -0.1349
11 68 -0.191319
11 69 -0.242171
11 70 -0.286384
11 71 -0.323225
11 72 -0.352958
11 73 -0.373774
11 74 -0.385639
11 75 -0.388473
11 76 -0.382516
11 77 -0.367864
11 78 -0.344628
11 79 -0.313024
11 80 -0.273853
11 81 -0.22768
11 82 -0.17466
11 83 -0.116328
11 84 -0.0531471
11 85 0.013858
11 86 0.0832876
11 87 0.154015
11 88 0.225173
11 89 0.295372
11 90 0.363955
11 91 0.429304
11 92 0.490769
11 93 0.547202
11 94 0.597447
11 95 0.640522
11 96 0.676056
11 97 0.703691
11 98 0.722773
11 99 0.732896
11 100 0.0911841
11 101 0

12 0 0
12 1 0.0820751
12 2 0.659515
12 3 0.649158
12 4 0.630265
12 5 0.602782
12 6 0.567488
12 7 0.524822
12 8 0.475182
12 9 0.41963
12 10 0.358873
12 11 0.294112
12 12 0.226786
12 13 0.157497
12 14 0.087377
12 15 0.01751
12 16 -0.0510669
12 17 -0.116699
12 18 -0.178554
12 19 -0.235901
12 20 -0.28789
12 21 -0.333066
12 22 -0.371261
12 23 -0.401822
12 24 -0.424068
12 25 -0.437862
12 26 -0.442742
12 27 -0.439356
12 28 -0.426777
12 29 -0.405108
12 30 -0.375807
12 31 -0.338102
12 32 -0.293176
12 33 -0.24224
12 34 -0.185723
12 35 -0.124871
12 36 -0.0602993
12 37 0.00667214
12 38 0.0745997
12 39 0.143235
12 40 0.210521
12 41 0.275975
12 42 0.338415
12 43 0.396505
12 44 0.44997
12 45 0.497576
12 46 0.538253
12 47 0.571894
12 48 0.597498
12 49 0.614941
12 50 0.623724
12 51 0.623197
12 52 0.614258
12 53 0.596638
12 54 0.570538
12 55 0.536809
12 56 0.495447
12 57 0.447248
12 58 0.393392
12 59 0.334671
12 60 0.271863
12 61 0.206001
12 62 0.138088
12 63 0.0696147
12 64 0.00084105
12 65 -0.0662198
12 66 -0.130374
12 67 -0.191331
12 68 -0.24793
12 69 -0.298744
12 70 -0.343249
12 71 -0.380708
12 72 -0.410562
12 73 -0.431639
12 74 -0.44381
12 75 -0.447243
12 76 -0.441771
12 77 -0.427604
12 78 -0.404671
12 79 -0.373699
12 80 -0.334973
12 81 -0.289416
12 82 -0.237396
12 83 -0.179381
12 84 -0.117004
12 85 -0.0506292
12 86 0.018071
12 87 0.0883033
12 88 0.15882
12 89 0.228273
12 90 0.29613
12 91 0.360856
12 92 0.421714
12 93 0.477574
12 94 0.527165
12 95 0.570205
12 96 0.60536
12 97 0.63242
12 98 0.651469
12 99 0.661628
12 100 0.0823343
12 101 0

13 0 0
13 1 0.0729507
13 2 0.586182
13 3 0.575974
13 4 0.557011
13 5 0.529837
13 6 0.494736
13 7 0.45232
13 8 0.403326
13 9 0.348268
13 10 0.287868
13 11 0.224064
13 12 0.157497
13 13 0.0886789
13 14 0.0190129
13 15 -0.0500764
13 16 -0.117766
13 17 -0.182682
13 18 -0.244042
13 19 -0.300695
13 20 -0.351871
13 21 -0.396658
13 22 -0.434294
13 23 -0.464187
13 24 -0.486037
13 25 -0.499409
13 26 -0.504027
13 27 -0.499987
13 28 -0.486801
13 29 -0.464891
13 30 -0.435027
13 31 -0.397202
13 32 -0.35247
13 33 -0.301087
13 34 -0.244071
13 35 -0.183014
13 36 -0.118316
13 37 -0.0511538
13 38 0.0169942
13 39 0.0854707
13 40 0.152942
13 41 0.218325
13 42 0.280733
13 43 0.338781
13 44 0.39227
13 45 0.439962
13 46 0.480637
13 47 0.514289
13 48 0.539965
13 49 0.557137
13 50 0.565873
13 51 0.565678
13 52 0.556591
13 53 0.539043
13 54 0.513142
13 55 0.479241
13 56 0.43797
13 57 0.390068
13 58 0.336361
13 59 0.277623
13 60 0.214873
13 61 0.14899
13 62 0.081181
13 63 0.0123853
13 64 -0.0562122
13 65 -0.123418
13 66 -0.188198
13 67 -0.249307
13 68 -0.305954
13 69 -0.357151
13 70 -0.401738
13 71 -0.439376
13 72 -0.469597
13 73 -0.491047
13 74 -0.503842
13 75 -0.507863
13 76 -0.502756
13 77 -0.488965
13 78 -0.466732
13 79 -0.436222
13 80 -0.398196
13 81 -0.352981
13 82 -0.301304
13 83 -0.244436
13 84 -0.182812
13 85 -0.117036
13 86 -0.0491523
13 87 0.0204191
13 88 0.0903272
13 89 0.159087
13 90 0.226183
13 91 0.290334
13 92 0.350401
13 93 0.405734
13 94 0.455013
13 95 0.497615
13 96 0.532574
13 97 0.559589
13 98 0.578285
13 99 0.588305
13 100 0.0732126
13 101 0

14 0 0
14 1 0.0637041
14 2 0.511857
14 3 0.501837
14 4 0.48313
14 5 0.456355
14 6 0.421523
14 7 0.379328
14 8 0.330814
14 9 0.276201
14 10 0.216921
14 11 0.153487
14 12 0.087377
14 13 0.0190129
14 14 -0.0496517
14 15 -0.118156
14 16 -0.185328
14 17 -0.249621
14 18 -0.310182
14 19 -0.366087
14 20 -0.416676
14 21 -0.460761
14 22 -0.497879
14 23 -0.527367
14 24 -0.548732
14 25 -0.561674
14 26 -0.565628
14 27 -0.560969
14 28 -0.547409
14 29 -0.525136
14 30 -0.49487
14 31 -0.456727
14 32 -0.411577
14 33 -0.360231
14 34 -0.302915
14 35 -0.241647
14 36 -0.176773
14 37 -0.109534
14 38 -0.0413263
14 39 0.0269975
14 40 0.094369
14 41 0.159829
14 42 0.222106
14 43 0.280354
14 44 0.333997
14 45 0.38173
14 46 0.42236
14 47 0.456058
14 48 0.481617
14 49 0.4988
14 50 0.50745
14 51 0.507487
14 52 0.498318
14 53 0.480741
14 54 0.455085
14 55 0.421312
14 56 0.379943
14 57 0.332165
14 58 0.278411
14 59 0.219664
14 60 0.156923
14 61 0.091255
14 62 0.0233848
14 63 -0.0453912
14 64 -0.113839
14 65 -0.181108
14 66 -0.24616
14 67 -0.30766
14 68 -0.364438
14 69 -0.415896
14 70 -0.460546
14 71 -0.498434
14 72 -0.528982
14 73 -0.550988
14 74 -0.564271
14 75 -0.568877
14 76 -0.564267
14 77 -0.551005
14 78 -0.529231
14 79 -0.499384
14 80 -0.461814
14 81 -0.417231
14 82 -0.366465
14 83 -0.31002
14 84 -0.248968
14 85 -0.184209
14 86 -0.116991
14 87 -0.0480227
14 88 0.0211777
14 89 0.0890116
14 90 0.155734
14 91 0.219214
14 92 0.279074
14 93 0.333455
14 94 0.382161
14 95 0.424387
14 96 0.459065
14 97 0.485963
14 98 0.504222
14 99 0.514035
14 100 0.0639709
14 101 0

15 0 0
15 1 0.0544837
15 2 0.437788
15 3 0.428069
15 4 0.409751
15 5 0.382981
15 6 0.348585
15 7 0.30668
15 8 0.258512
15 9 0.204498
15 10 0.145664
15 11 0.0829031
15 12 0.01751
15 13 -0.0500764
15 14 -0.118156
15 15 -0.185975
15 16 -0.252331
15 17 -0.316136
15 18 -0.376072
15 19 -0.431143
15 20 -0.480753
15 21 -0.524282
15 22 -0.561006
15 23 -0.589866
15 24 -0.610681
15 25 -0.622808
15 26 -0.626557
15 27 -0.621329
15 28 -0.607328
15 29 -0.584686
15 30 -0.554289
15 31 -0.515562
15 32 -0.470487
15 33 -0.418551
15 34 -0.361379
15 35 -0.299681
15 36 -0.235011
15 37 -0.167617
15 38 -0.0992215
15 39 -0.0308921
15 40 0.0366333
15 41 0.102072
15 42 0.164337
15 43 0.222635
15 44 0.276325
15 45 0.323964
15 46 0.364579
15 47 0.398383
15 48 0.42379
15 49 0.440929
15 50 0.449386
15 51 0.449464
15 52 0.440406
15 53 0.423296
15 54 0.397625
15 55 0.364008
15 56 0.32259
15 57 0.274737
15 58 0.221098
15 59 0.162329
15 60 0.0997155
15 61 0.0340205
15 62 -0.033827
15 63 -0.102682
15 64 -0.171154
15 65 -0.238429
15 66 -0.303776
15 67 -0.36518
15 68 -0.422305
15 69 -0.473776
15 70 -0.51909
15 71 -0.556921
15 72 -0.587939
15 73 -0.610265
15 74 -0.624102
15 75 -0.628947
15 76 -0.625088
15 77 -0.612027
15 78 -0.591062
15 79 -0.561938
15 80 -0.524988
15 81 -0.480858
15 82 -0.430698
15 83 -0.375231
15 84 -0.315008
15 85 -0.25111
15 86 -0.184419
15 87 -0.116335
15 88 -0.0479243
15 89 0.019499
15 90 0.0855654
15 91 0.148454
15 92 0.207342
15 93 0.261416
15 94 0.309712
15 95 0.351347
15 96 0.385856
15 97 0.41242
15 98 0.430814
15 99 0.440099
15 100 0.0547344
15 101 0

16 0 0
16 1 0.045441
16 2 0.365254
16 3 0.355851
16 4 0.337619
16 5 0.311159
16 6 0.277064
16 7 0.235606
16 8 0.187621
16 9 0.134222
16 10 0.0760293
16 11 0.0138906
16 12 -0.0510669
16 13 -0.117766
16 14 -0.185328
16 15 -0.252331
16 16 -0.318102
16 17 -0.380917
16 18 -0.440112
16 19 -0.494455
16 20 -0.543617
16 21 -0.586478
16 22 -0.62249
16 23 -0.65085
16 24 -0.671049
16 25 -0.682676
16 26 -0.685712
16 27 -0.680139
16 28 -0.665716
16 29 -0.642773
16 30 -0.612063
16 31 -0.573166
16 32 -0.52735
16 33 -0.475582
16 34 -0.418284
16 35 -0.356627
16 36 -0.291818
16 37 -0.224542
16 38 -0.156121
16 39 -0.0874924
16 40 -0.0199761
16 41 0.0456162
16 42 0.10799
16 43 0.166258
16 44 0.219773
16 45 0.267206
16 46 0.308014
16 47 0.341513
16 48 0.366838
16 49 0.384108
16 50 0.392786
16 51 0.39269
16 52 0.383901
16 53 0.366687
16 54 0.34097
16 55 0.307512
16 56 0.266527
16 57 0.2186
16 58 0.16498
16 59 0.106461
16 60 0.0438205
16 61 -0.021966
16 62 -0.0899267
16 63 -0.158741
16 64 -0.227421
16 65 -0.294719
16 66 -0.359817
16 67 -0.421473
16 68 -0.478726
16 69 -0.530361
16 70 -0.575662
16 71 -0.614036
16 72 -0.645097
16 73 -0.667886
16 74 -0.682156
16 75 -0.687647
16 76 -0.684208
16 77 -0.671922
16 78 -0.651485
16 79 -0.622809
16 80 -0.586383
16 81 -0.543081
16 82 -0.493767
16 83 -0.438673
16 84 -0.379333
16 85 -0.316363
16 86 -0.250725
16 87 -0.18315
16 88 -0.115491
16 89 -0.0485046
16 90 0.0167605
16 91 0.0790326
16 92 0.137347
16 93 0.190756
16 94 0.238473
16 95 0.279857
16 96 0.313913
16 97 0.340339
16 98 0.35849
16 99 0.367722
16 100 0.0457409
16 101 0

17 0 0
17 1 0.0367589
17 2 0.295397
17 3 0.286097
17 4 0.268037
17 5 0.241997
17 6 0.208171
17 7 0.167128
17 8 0.119631
17 9 0.0666535
17 10 0.00888797
17 11 -0.0524072
17 12 -0.116699
17 13 -0.182682
17 14 -0.249621
17 15 -0.316136
17 16 -0.380917
17 17 -0.442801
17 18 -0.501265
17 19 -0.555107
17 20 -0.603682
17 21 -0.645961
17 22 -0.681236
17 23 -0.70901
17 24 -0.728676
17 25 -0.740016
17 26 -0.742603
17 27 -0.736348
17 28 -0.721439
17 29 -0.698354
17 30 -0.666785
17 31 -0.628075
17 32 -0.581914
17 33 -0.52993
17 34 -0.472668
17 35 -0.411095
17 36 -0.346126
17 37 -0.278944
17 38 -0.210416
17 39 -0.141738
17 40 -0.0743875
17 41 -0.00884019
17 42 0.0535093
17 43 0.112
17 44 0.165345
17 45 0.2128
17 46 0.25365
17 47 0.286864
17 48 0.312349
17 49 0.329457
17 50 0.338254
17 51 0.33807
17 52 0.329643
17 53 0.312318
17 54 0.286728
17 55 0.253187
17 56 0.212283
17 57 0.164647
17 58 0.111116
17 59 0.0526696
17 60 -0.0100516
17 61 -0.0757131
17 62 -0.143726
17 63 -0.212408
17 64 -0.281056
17 65 -0.348495
17 66 -0.413522
17 67 -0.475237
17 68 -0.532485
17 69 -0.584251
17 70 -0.629493
17 71 -0.668494
17 72 -0.699645
17 73 -0.722983
17 74 -0.737554
17 75 -0.74355
17 76 -0.740571
17 77 -0.729177
17 78 -0.709109
17 79 -0.680869
17 80 -0.645227
17 81 -0.60259
17 82 -0.553854
17 83 -0.499607
17 84 -0.441042
17 85 -0.378699
17 86 -0.313776
17 87 -0.247236
17 88 -0.180227
17 89 -0.113867
17 90 -0.0496107
17 91 0.0121855
17 92 0.0699496
17 93 0.122734
17 94 0.170103
17 95 0.211054
17 96 0.244586
17 97 0.270856
17 98 0.28884
17 99 0.298044
17 100 0.03708
17 101 0

18 0 0
18 1 0.0285591
18 2 0.229331
18 3 0.219945
18 4 0.202204
18 5 0.176245
18 6 0.142807
18 7 0.102012
18 8 0.054996
18 9 0.00242503
18 10 -0.0545425
18 11 -0.115082
18 12 -0.178554
18 13 -0.244042
18 14 -0.310182
18 15 -0.376072
18 16 -0.440112
18 17 -0.501265
18 18 -0.559011
18 19 -0.612196
18 20 -0.660167
18 21 -0.702007
18 22 -0.736758
18 23 -0.763705
18 24 -0.7827
18 25 -0.793328
18 26 -0.795303
18 27 -0.788837
18 28 -0.773713
18 29 -0.750231
18 30 -0.718449
18 31 -0.679342
18 32 -0.633341
18 33 -0.581101
18 34 -0.523858
18 35 -0.462161
18 36 -0.397138
18 37 -0.329796
18 38 -0.261264
18 39 -0.192759
18 40 -0.125282
18 41 -0.0598874
18 42 0.00258994
18 43 0.0610593
18 44 0.114283
18 45 0.16152
18 46 0.202207
18 47 0.235393
18 48 0.260752
18 49 0.277955
18 50 0.286543
18 51 0.286631
18 52 0.278137
18 53 0.261063
18 54 0.235506
18 55 0.202056
18 56 0.161291
18 57 0.113831
18 58 0.0605924
18 59 0.00209185
18 60 -0.0605764
18 61 -0.126315
18 62 -0.194057
18 63 -0.262778
18 64 -0.331401
18 65 -0.398742
18 66 -0.463908
18 67 -0.525529
18 68 -0.5828
18 69 -0.634584
18 70 -0.6803
18 71 -0.719447
18 72 -0.750922
18 73 -0.774349
18 74 -0.789236
18 75 -0.795632
18 76 -0.79323
18 77 -0.782291
18 78 -0.763006
18 79 -0.735573
18 80 -0.70051
18 81 -0.658435
18 82 -0.61039
18 83 -0.557159
18 84 -0.499411
18 85 -0.437646
18 86 -0.373323
18 87 -0.307619
18 88 -0.241252
18 89 -0.175817
18 90 -0.112132
18 91 -0.0512007
18 92 0.00589721
18 93 0.0581082
18 94 0.104986
18 95 0.145617
18 96 0.179069
18 97 0.204837
18 98 0.222895
18 99 0.232158
18 100 0.028897
18 101 0

19 0 0
19 1 0.0209175
19 2 0.167948
19 3 0.158752
19 4 0.141363
19 5 0.115522
19 6 0.0821379
19 7 0.04167
19 8 -0.00482649
19 9 -0.0567862
19 10 -0.113196
19 11 -0.173175
19 12 -0.235901
19 13 -0.300695
19 14 -0.366087
19 15 -0.431143
19 16 -0.494455
19 17 -0.555107
19 18 -0.612196
19 19 -0.664743
19 20 -0.712267
19 21 -0.75369
19 22 -0.787911
19 23 -0.814225
19 24 -0.832562
19 25 -0.842388
19 26 -0.843864
19 27 -0.836714
19 28 -0.821501
19 29 -0.797579
19 30 -0.765661
19 31 -0.726343
19 32 -0.68029
19 33 -0.627888
19 34 -0.570564
19 35 -0.508818
19 36 -0.443833
19 37 -0.376474
19 38 -0.307913
19 39 -0.23943
19 40 -0.172019
19 41 -0.106629
19 42 -0.0442781
19 43 0.0141012
19 44 0.0673225
19 45 0.11446
19 46 0.15504
19 47 0.188118
19 48 0.213427
19 49 0.230773
19 50 0.239352
19 51 0.239481
19 52 0.230724
19 53 0.213708
19 54 0.188351
19 55 0.15517
19 56 0.114566
19 57 0.0672247
19 58 0.01404
19 59 -0.0443267
19 60 -0.106813
19 61 -0.172399
19 62 -0.240096
19 63 -0.308822
19 64 -0.377441
19 65 -0.444846
19 66 -0.509963
19 67 -0.571492
19 68 -0.628761
19 69 -0.68066
19 70 -0.726726
19 71 -0.765866
19 72 -0.797573
19 73 -0.821164
19 74 -0.836684
19 75 -0.843399
19 76 -0.841701
19 77 -0.831238
19 78 -0.812591
19 79 -0.7858
19 80 -0.751513
19 81 -0.710006
19 82 -0.662576
19 83 -0.610043
19 84 -0.552858
19 85 -0.491899
19 86 -0.428176
19 87 -0.363367
19 88 -0.297855
19 89 -0.233023
19 90 -0.170124
19 91 -0.109941
19 92 -0.0534902
19 93 -0.00163779
19 94 0.0447626
19 95 0.0849593
19 96 0.118375
19 97 0.143854
19 98 0.161814
19 99 0.170959
19 100 0.0212762
19 101 0

20 0 0
20 1 0.0139752
20 2 0.11221
20 3 0.10331
20 4 0.0861128
20 5 0.0605245
20 6 0.0274171
20 7 -0.0126767
20 8 -0.0588126
20 9 -0.110069
20 10 -0.166006
20 11 -0.225389
20 12 -0.28789
20 13 -0.351871
20 14 -0.416676
20 15 -0.480753
20 16 -0.543617
20 17 -0.603682
20 18 -0.660167
20 19 -0.712267
20 20 -0.759287
20 21 -0.80015
20 22 -0.83364
20 23 -0.859386
20 24 -0.877301
20 25 -0.886664
20 26 -0.887505
20 27 -0.879574
20 28 -0.863756
20 29 -0.839488
20 30 -0.807554
20 31 -0.768166
20 32 -0.721986
20 33 -0.669909
20 34 -0.612342
20 35 -0.550652
20 36 -0.485389
20 37 -0.418028
20 38 -0.34961
20 39 -0.280982
20 40 -0.213699
20 41 -0.148377
20 42 -0.0862905
20 43 -0.0281805
20 44 0.025012
20 45 0.0721856
20 46 0.112888
20 47 0.145834
20 48 0.171054
20 49 0.188207
20 50 0.1971
20 51 0.197123
20 52 0.188296
20 53 0.171243
20 54 0.146111
20 55 0.112958
20 56 0.0725442
20 57 0.0253472
20 58 -0.0277866
20 59 -0.0858369
20 60 -0.147956
20 61 -0.213302
20 62 -0.281061
20 63 -0.349803
20 64 -0.418382
20 65 -0.485771
20 66 -0.550918
20 67 -0.612761
20 68 -0.669852
20 69 -0.721784
20 70 -0.767797
20 71 -0.806995
20 72 -0.838857
20 73 -0.862791
20 74 -0.878683
20 75 -0.886073
20 76 -0.885008
20 77 -0.875159
20 78 -0.857156
20 79 -0.830957
20 80 -0.797302
20 81 -0.756542
20 82 -0.709725
20 83 -0.657604
20 84 -0.601064
20 85 -0.5408
20 86 -0.478011
20 87 -0.413612
20 88 -0.349089
20 89 -0.284806
20 90 -0.222651
20 91 -0.162914
20 92 -0.106988
20 93 -0.0554214
20 94 -0.00955938
20 95 0.0300659
20 96 0.0633035
20 97 0.0886443
20 98 0.106287
20 99 0.115345
20 100 0.0143581
20 101 0

21 0 0
21 1 0.0078341
21 2 0.0630081
21 3 0.0544308
21 4 0.0372842
21 5 0.0121217
21 6 -0.0207762
21 7 -0.0604773
21 8 -0.106253
21 9 -0.156956
21 10 -0.212395
21 11 -0.271372
21 12 -0.333066
21 13 -0.396658
21 14 -0.460761
21 15 -0.524282
21 16 -0.586478
21 17 -0.645961
21 18 -0.702007
21 19 -0.75369
21 20 -0.80015
21 21 -0.839909
21 22 -0.872787
21 23 -0.898074
21 24 -0.91532
21 25 -0.924186
21 26 -0.924468
21 27 -0.916216
21 28 -0.899782
21 29 -0.875678
21 30 -0.843637
21 31 -0.804312
21 32 -0.75802
21 33 -0.706058
21 34 -0.648426
21 35 -0.586496
21 36 -0.521395
21 37 -0.454334
21 38 -0.385817
21 39 -0.317222
21 40 -0.249807
21 41 -0.184758
21 42 -0.122762
21 43 -0.0649115
21 44 -0.0120472
21 45 0.0349632
21 46 0.0755423
21 47 0.108316
21 48 0.133601
21 49 0.150965
21 50 0.159882
21 51 0.159743
21 52 0.151209
21 53 0.134115
21 54 0.108937
21 55 0.0757727
21 56 0.0355747
21 57 -0.0114321
21 58 -0.064267
21 59 -0.121944
21 60 -0.183762
21 61 -0.249028
21 62 -0.316653
21 63 -0.385327
21 64 -0.453776
21 65 -0.52109
21 66 -0.586147
21 67 -0.647982
21 68 -0.705189
21 69 -0.757172
21 70 -0.803038
21 71 -0.842435
21 72 -0.874066
21 73 -0.89829
21 74 -0.91441
21 75 -0.922366
21 76 -0.921585
21 77 -0.912468
21 78 -0.895096
21 79 -0.869607
21 80 -0.836651
21 81 -0.796552
21 82 -0.750624
21 83 -0.699197
21 84 -0.643228
21 85 -0.583485
21 86 -0.521464
21 87 -0.457864
21 88 -0.393741
21 89 -0.330281
21 90 -0.268469
21 91 -0.209365
21 92 -0.15392
21 93 -0.102861
21 94 -0.0575647
21 95 -0.0181569
21 96 0.0146211
21 97 0.0399526
21 98 0.0572605
21 99 0.0661153
21 100 0.0082352
21 101 0

22 0 0
22 1 0.00261374
22 2 0.0210426
22 3 0.0126451
22 4 -0.00425936
22 5 -0.0291531
22 6 -0.0617415
22 7 -0.101109
22 8 -0.14627
22 9 -0.196888
22 10 -0.251831
22 11 -0.310111
22 12 -0.371261
22 13 -0.434294
22 14 -0.497879
22 15 -0.561006
22 16 -0.62249
22 17 -0.681236
22 18 -0.736758
22 19 -0.787911
22 20 -0.83364
22 21 -0.872787
22 22 -0.905131
22 23 -0.929864
22 24 -0.94645
22 25 -0.954655
22 26 -0.9546
22 27 -0.945961
22 28 -0.929292
22 29 -0.905073
22 30 -0.872872
22 31 -0.833613
22 32 -0.787522
22 33 -0.73532
22 34 -0.677839
22 35 -0.615794
22 36 -0.550865
22 37 -0.48382
22 38 -0.415388
22 39 -0.347119
22 40 -0.280018
22 41 -0.215245
22 42 -0.153472
22 43 -0.0957018
22 44 -0.0431223
22 45 0.00373479
22 46 0.044063
22 47 0.0769979
22 48 0.102492
22 49 0.119903
22 50 0.128697
22 51 0.128718
22 52 0.120005
22 53 0.102979
22 54 0.0779375
22 55 0.044771
22 56 0.00452728
22 57 -0.0421822
22 58 -0.0947584
22 59 -0.152216
22 60 -0.213834
22 61 -0.278754
22 62 -0.346047
22 63 -0.414452
22 64 -0.482581
22 65 -0.549789
22 66 -0.614831
22 67 -0.676377
22 68 -0.733598
22 69 -0.785809
22 70 -0.831807
22 71 -0.870913
22 72 -0.902653
22 73 -0.926892
22 74 -0.943348
22 75 -0.951596
22 76 -0.951389
22 77 -0.942875
22 78 -0.926172
22 79 -0.9013
22 80 -0.869139
22 81 -0.829705
22 82 -0.78431
22 83 -0.733717
22 84 -0.678427
22 85 -0.619416
22 86 -0.557939
22 87 -0.495004
22 88 -0.431539
22 89 -0.368716
22 90 -0.307336
22 91 -0.248703
22 92 -0.193833
22 93 -0.143258
22 94 -0.0979977
22 95 -0.0590699
22 96 -0.0268628
22 97 -0.00165439
22 98 0.015342
22 99 0.0239833
22 100 0.00299468
22 101 0

23 0 0
23 1 -0.00162046
23 2 -0.0130555
23 3 -0.0213347
23 4 -0.0379565
23 5 -0.0626119
23 6 -0.0948258
23 7 -0.133791
23 8 -0.178763
23 9 -0.22876
23 10 -0.283221
23 11 -0.341151
23 12 -0.401822
23 13 -0.464187
23 14 -0.527367
23 15 -0.589866
23 16 -0.65085
23 17 -0.70901
23 18 -0.763705
23 19 -0.814225
23 20 -0.859386
23 21 -0.898074
23 22 -0.929864
23 23 -0.954112
23 24 -0.970259
23 25 -0.978043
23 26 -0.977804
23 27 -0.968943
23 28 -0.952052
23 29 -0.927469
23 30 -0.895224
23 31 -0.855688
23 32 -0.809663
23 33 -0.757825
23 34 -0.700317
23 35 -0.638472
23 36 -0.573296
23 37 -0.506296
23 38 -0.438356
23 39 -0.370455
23 40 -0.303688
23 41 -0.239069
23 42 -0.177331
23 43 -0.119834
23 44 -0.067456
23 45 -0.0208695
23 46 0.0193442
23 47 0.0522317
23 48 0.0777017
23 49 0.0951667
23 50 0.1041
23 51 0.104088
23 52 0.0953654
23 53 0.0783208
23 54 0.0533379
23 55 0.0204835
23 56 -0.0195484
23 57 -0.0662002
23 58 -0.118501
23 59 -0.175699
23 60 -0.236995
23 61 -0.301692
23 62 -0.368738
23 63 -0.436903
23 64 -0.504773
23 65 -0.571571
23 66 -0.636377
23 67 -0.698047
23 68 -0.755257
23 69 -0.807381
23 70 -0.853364
23 71 -0.892502
23 72 -0.924319
23 73 -0.948758
23 74 -0.965399
23 75 -0.973998
23 76 -0.97443
23 77 -0.966305
23 78 -0.949886
23 79 -0.925564
23 80 -0.893903
23 81 -0.855269
23 82 -0.810507
23 83 -0.760325
23 84 -0.705703
23 85 -0.647533
23 86 -0.586744
23 87 -0.524206
23 88 -0.461599
23 89 -0.399365
23 90 -0.338528
23 91 -0.280281
23 92 -0.225994
23 93 -0.175835
23 94 -0.130974
23 95 -0.0923252
23 96 -0.0602783
23 97 -0.0357046
23 98 -0.018957
23 99 -0.010389
23 100 -0.00127656
23 101 0

24 0 0
24 1 -0.00481558
24 2 -0.0387143
24 3 -0.0468831
24 4 -0.0631807
24 5 -0.0877629
24 6 -0.11986
24 7 -0.158402
24 8 -0.20288
24 9 -0.252369
24 10 -0.30633
24 11 -0.363918
24 12 -0.424068
24 13 -0.486037
24 14 -0.548732
24 15 -0.610681
24 16 -0.671049
24 17 -0.728676
24 18 -0.7827
24 19 -0.832562
24 20 -0.877301
24 21 -0.91532
24 22 -0.94645
24 23 -0.970259
24 24 -0.986008
24 25 -0.993515
24 26 -0.993214
24 27 -0.984358
24 28 -0.967215
24 29 -0.942355
24 30 -0.909926
24 31 -0.870409
24 32 -0.824581
24 33 -0.772653
24 34 -0.715286
24 35 -0.653478
24 36 -0.588419
24 37 -0.521743
24 38 -0.454188
24 39 -0.386452
24 40 -0.319886
24 41 -0.255419
24 42 -0.193949
24 43 -0.13668
24 44 -0.0846594
24 45 -0.0382036
24 46 0.00191134
24 47 0.0348113
24 48 0.0601488
24 49 0.0774269
24 50 0.0862181
24 51 0.0861975
24 52 0.0778152
24 53 0.0610533
24 54 0.0361521
24 55 0.00340862
24 56 -0.0366292
24 57 -0.083029
24 58 -0.134958
24 59 -0.191863
24 60 -0.252999
24 61 -0.317402
24 62 -0.384271
24 63 -0.452063
24 64 -0.519562
24 65 -0.58603
24 66 -0.650568
24 67 -0.712179
24 68 -0.769466
24 69 -0.821427
24 70 -0.867386
24 71 -0.906472
24 72 -0.938474
24 73 -0.963189
24 74 -0.980151
24 75 -0.988898
24 76 -0.989413
24 77 -0.981539
24 78 -0.965583
24 79 -0.941915
24 80 -0.910837
24 81 -0.872733
24 82 -0.828709
24 83 -0.779108
24 84 -0.725115
24 85 -0.667655
24 86 -0.607561
24 87 -0.54564
24 88 -0.483406
24 89 -0.421574
24 90 -0.361249
24 91 -0.303767
24 92 -0.249909
24 93 -0.200234
24 94 -0.15585
24 95 -0.117439
24 96 -0.0854543
24 97 -0.0610727
24 98 -0.0447741
24 99 -0.0364496
24 100 -0.00453572
24 101 0

25 0 0
25 1 -0.00692017
25 2 -0.0555828
25 3 -0.0637067
25 4 -0.0801393
25 5 -0.104168
25 6 -0.135779
25 7 -0.1741
25 8 -0.218191
25 9 -0.267435
25 10 -0.320934
25 11 -0.378082
25 12 -0.437862
25 13 -0.499409
25 14 -0.561674
25 15 -0.622808
25 16 -0.682676
25 17 -0.740016
25 18 -0.793328
25 19 -0.842388
25 20 -0.886664
25 21 -0.924186
25 22 -0.954655
25 23 -0.978043
25 24 -0.993515
25 25 -1.00132
25 26 -1.00067
25 27 -0.991492
25 28 -0.97443
25 29 -0.949481
25 30 -0.916957
25 31 -0.877534
25 32 -0.831583
25 33 -0.779767
25 34 -0.722535
25 35 -0.661153
25 36 -0.596454
25 37 -0.529857
25 38 -0.46253
25 39 -0.395028
25 40 -0.328748
25 41 -0.264472
25 42 -0.203255
25 43 -0.146379
25 44 -0.0944122
25 45 -0.0483157
25 46 -0.00824013
25 47 0.024694
25 48 0.0496639
25 49 0.0668455
25 50 0.0755112
25 51 0.075491
25 52 0.0672228
25 53 0.0507485
25 54 0.0260426
25 55 -0.00640211
25 56 -0.046281
25 57 -0.0925481
25 58 -0.144051
25 59 -0.20085
25 60 -0.261727
25 61 -0.325893
25 62 -0.392586
25 63 -0.45987
25 64 -0.527
25 65 -0.593081
25 66 -0.657244
25 67 -0.718732
25 68 -0.775923
25 69 -0.827774
25 70 -0.873674
25 71 -0.912916
25 72 -0.944827
25 73 -0.969752
25 74 -0.986926
25 75 -0.995682
25 76 -0.996376
25 77 -0.988859
25 78 -0.972999
25 79 -0.949914
25 80 -0.919427
25 81 -0.882043
25 82 -0.838553
25 83 -0.789463
25 84 -0.73619
25 85 -0.679278
25 86 -0.619715
25 87 -0.558677
25 88 -0.496901
25 89 -0.435243
25 90 -0.375558
25 91 -0.318639
25 92 -0.265068
25 93 -0.215847
25 94 -0.171906
25 95 -0.133811
25 96 -0.102238
25 97 -0.0780911
25 98 -0.0620469
25 99 -0.0537767
25 100 -0.00668379
25 101 0

26 0 0
26 1 -0.00790279
26 2 -0.0634829
26 3 -0.0715424
26 4 -0.0878684
26 5 -0.111812
26 6 -0.143031
26 7 -0.180975
26 8 -0.224625
26 9 -0.273583
26 10 -0.326697
26 11 -0.383565
26 12 -0.442742
26 13 -0.504027
26 14 -0.565628
26 15 -0.626557
26 16 -0.685712
26 17 -0.742603
26 18 -0.795303
26 19 -0.843864
26 20 -0.887505
26 21 -0.924468
26 22 -0.9546
26 23 -0.977804
26 24 -0.993214
26 25 -1.00067
26 26 -1.00007
26 27 -0.991047
26 28 -0.973725
26 29 -0.948795
26 30 -0.916028
26 31 -0.87647
26 32 -0.83066
26 33 -0.778852
26 34 -0.722094
26 35 -0.660998
26 36 -0.596833
26 37 -0.530781
26 38 -0.463529
26 39 -0.39625
26 40 -0.330009
26 41 -0.266069
26 42 -0.20506
26 43 -0.148289
26 44 -0.0969551
26 45 -0.0507344
26 46 -0.0109843
26 47 0.0216086
26 48 0.0465159
26 49 0.0636375
26 50 0.0721757
26 51 0.0721097
26 52 0.0640061
26 53 0.0476694
26 54 0.0232127
26 55 -0.00891211
26 56 -0.0485454
26 57 -0.0942807
26 58 -0.145851
26 59 -0.202352
26 60 -0.262997
26 61 -0.326965
26 62 -0.393162
26 63 -0.460088
26 64 -0.526918
