0 0 0
0 1 0
0 2 0
0 3 0
0 4 0
0 5 0
0 6 0
0 7 0
0 8 0
0 9 0
0 10 0
0 11 0
0 12 0
0 13 0
0 14 0
0 15 0
0 16 0
0 17 0
0 18 0
0 19 0
0 20 0
0 21 0
0 22 0
0 23 0
0 24 0
0 25 0
0 26 0
0 27 0
0 28 0
0 29 0
0 30 0
0 31 0
0 32 0
0 33 0
0 34 0
0 35 0
0 36 0
0 37 0
0 38 0
0 39 0
0 40 0
0 41 0
0 42 0
0 43 0
0 44 0
0 45 0
0 46 0
0 47 0
0 48 0
0 49 0
0 50 0
0 51 0
0 52 0
0 53 0
0 54 0
0 55 0
0 56 0
0 57 0
0 58 0
0 59 0
0 60 0
0 61 0
0 62 0
0 63 0
0 64 0
0 65 0
0 66 0
0 67 0
0 68 0
0 69 0
0 70 0
0 71 0
0 72 0
0 73 0
0 74 0
0 75 0
0 76 0
0 77 0
0 78 0
0 79 0
0 80 0
0 81 0
0 82 0
0 83 0
0 84 0
0 85 0
0 86 0
0 87 0
0 88 0
0 89 0
0 90 0
0 91 0
0 92 0
0 93 0
0 94 0
0 95 0
0 96 0
0 97 0
0 98 0
0 99 0
0 100 0
0 101 0

1 0 0
1 1 0
1 2 -0.108721
1 3 -0.107555
1 4 -0.105501
1 5 -0.102623
1 6 -0.0989188
1 7 -0.0944835
1 8 -0.0893358
1 9 -0.083593
1 10 -0.0773358
1 11 -0.0706479
1 12 -0.0636542
1 13 -0.056468
1 14 -0.0491902
1 15 -0.0419435
1 16 -0.0348048
1 17 -0.0279243
1 18 -0.0213818
1 19 -0.0152941
1 20 -0.0097611
1 21 -0.00485145
1 22 -0.000628592
1 23 0.00283828
1 24 0.00549908
1 25 0.00732278
1 26 0.00829204
1 27 0.00838752
1 28 0.00761342
1 29 0.00599362
1 30 0.00354835
1 31 0.00034579
1 32 -0.00354583
1 33 -0.00807726
1 34 -0.0131789
1 35 -0.0187589
1 36 -0.0247042
1 37 -0.0309123
1 38 -0.0372821
1 39 -0.0437145
1 40 -0.0500783
1 41 -0.0562765
1 42 -0.0621884
1 43 -0.0677303
1 44 -0.0727873
1 45 -0.0772821
1 46 -0.0811402
1 47 -0.0843019
1 48 -0.0867167
1 49 -0.0883238
1 50 -0.0891131
1 51 -0.089051
1 52 -0.088163
1 53 -0.0864291
1 54 -0.0839104
1 55 -0.0806579
1 56 -0.0766925
1 57 -0.0720874
1 58 -0.0669198
1 59 -0.0612762
1 60 -0.0552731
1 61 -0.0490072
1 62 -0.0425703
1 63 -0.0360664
1 64 -0.029623
1 65 -0.0233678
1 66 -0.0173803
1 67 -0.0117848
1 68 -0.00667109
1 69 -0.00211948
1 70 0.00179221
1 71 0.00499065
1 72 0.00741874
1 73 0.00904135
1 74 0.00979498
1 75 0.00966407
1 76 0.00868043
1 77 0.00682445
1 78 0.00410222
1 79 0.000567903
1 80 -0.00372963
1 81 -0.0087183
1 82 -0.0143286
1 83 -0.0204803
1 84 -0.0270786
1 85 -0.034039
1 86 -0.041212
1 87 -0.0485441
1 88 -0.0558934
1 89 -0.0631611
1 90 -0.070235
1 91 -0.0769821
1 92 -0.0833114
1 93 -0.0891212
1 94 -0.0942996
1 95 -0.0988011
1 96 -0.102531
1 97 -0.10546
1 98 -0.107514
1 99 -0.108689
1 100 0
1 101 0

2 0 0
2 1 -0.108721
2 2 -0.873389
2 3 -0.864059
2 4 -0.847647
2 5 -0.824422
2 6 -0.794717
2 7 -0.758972
2 8 -0.717696
2 9 -0.671538
2 10 -0.621239
2 11 -0.567581
2 12 -0.511415
2 13 -0.453636
2 14 -0.395164
2 15 -0.336881
2 16 -0.279648
2 17 -0.224365
2 18 -0.171867
2 19 -0.122976
2 20 -0.0784704
2 21 -0.0390035
2 22 -0.00510175
2 23 0.022782
2 24 0.0442106
2 25 0.0589007
2 26 0.0666573
2 27 0.0673984
2 28 0.0611847
2 29 0.0481547
2 30 0.0285838
2 31 0.00288533
2 32 -0.0284426
2 33 -0.0648864
2 34 -0.105842
2 35 -0.150592
2 36 -0.198346
2 37 -0.248245
2 38 -0.299457
2 39 -0.351079
2 40 -0.402233
2 41 -0.45202
2 42 -0.499551
2 43 -0.544027
2 44 -0.584681
2 45 -0.620831
2 46 -0.65187
2 47 -0.677279
2 48 -0.696616
2 49 -0.709526
2 50 -0.715809
2 51 -0.715344
2 52 -0.708159
2 53 -0.694346
2 54 -0.674156
2 55 -0.647919
2 56 -0.616024
2 57 -0.579027
2 58 -0.537552
2 59 -0.492275
2 60 -0.444005
2 61 -0.393586
2 62 -0.341843
2 63 -0.289659
2 64 -0.237972
2 65 -0.187648
2 66 -0.13959
2 67 -0.0946225
2 68 -0.0535008
2 69 -0.0169205
2 70 0.0144971
2 71 0.0402075
2 72 0.0597273
2 73 0.0726635
2 74 0.07872
2 75 0.0777343
2 76 0.0697219
2 77 0.054718
2 78 0.0328765
2 79 0.00451994
2 80 -0.0299598
2 81 -0.0700394
2 82 -0.115129
2 83 -0.164547
2 84 -0.217579
2 85 -0.273409
2 86 -0.331166
2 87 -0.390024
2 88 -0.449086
2 89 -0.507455
2 90 -0.564223
2 91 -0.618466
2 92 -0.669305
2 93 -0.715924
2 94 -0.757586
2 95 -0.793692
2 96 -0.823718
2 97 -0.847196
2 98 -0.863751
2 99 -0.873148
2 100 -0.108689
2 101 0

3 0 0
3 1 -0.107555
3 2 -0.864059
3 3 -0.854808
3 4 -0.838572
3 5 -0.8153
3 6 -0.785761
3 7 -0.750016
3 8 -0.708971
3 9 -0.662973
3 10 -0.612817
3 11 -0.559389
3 12 -0.503408
3 13 -0.445769
3 14 -0.387473
3 15 -0.329329
3 16 -0.272458
3 17 -0.217368
3 18 -0.165124
3 19 -0.116449
3 20 -0.0720826
3 21 -0.0327416
3 22 0.00100385
3 23 0.0287844
3 24 0.0501644
3 25 0.0648008
3 26 0.0724517
3 27 0.0731094
3 28 0.0668434
3 29 0.0537905
3 30 0.0342953
3 31 0.00864517
3 32 -0.0227378
3 33 -0.059212
3 34 -0.100083
3 35 -0.144685
3 36 -0.192334
3 37 -0.242171
3 38 -0.293316
3 39 -0.344786
3 40 -0.395864
3 41 -0.445532
3 42 -0.493022
3 43 -0.537356
3 44 -0.577968
3 45 -0.614116
3 46 -0.645161
3 47 -0.670541
3 48 -0.689758
3 49 -0.702627
3 50 -0.708818
3 51 -0.708408
3 52 -0.7012
3 53 -0.687544
3 54 -0.667438
3 55 -0.641127
3 56 -0.60927
3 57 -0.572347
3 58 -0.530976
3 59 -0.485888
3 60 -0.437692
3 61 -0.387274
3 62 -0.335615
3 63 -0.283622
3 64 -0.232115
3 65 -0.18185
3 66 -0.133924
3 67 -0.0889885
3 68 -0.0478631
3 69 -0.0112834
3 70 0.0201295
3 71 0.0458243
3 72 0.0653448
3 73 0.0782098
3 74 0.084302
3 75 0.0834433
3 76 0.0753567
3 77 0.0603254
3 78 0.0386345
3 79 0.0104528
3 80 -0.0238129
3 81 -0.0637036
3 82 -0.108625
3 83 -0.157844
3 84 -0.210682
3 85 -0.26621
3 86 -0.323932
3 87 -0.382552
3 88 -0.441421
3 89 -0.49957
3 90 -0.55609
3 91 -0.610191
3 92 -0.660842
3 93 -0.707232
3 94 -0.7488
3 95 -0.784707
3 96 -0.814694
3 97 -0.838031
3 98 -0.854603
3 99 -0.863911
3 100 -0.107534
3 101 0

4 0 0
4 1 -0.105501
4 2 -0.847647
4 3 -0.838572
4 4 -0.822299
4 5 -0.799347
4 6 -0.769887
4 7 -0.734271
4 8 -0.693434
4 9 -0.647614
4 10 -0.597634
4 11 -0.544398
4 12 -0.488494
4 13 -0.43117
4 14 -0.373046
4 15 -0.315175
4 16 -0.258504
4 17 -0.203663
4 18 -0.151747
4 19 -0.103452
4 20 -0.0594104
4 21 -0.0202722
4 22 0.013392
4 23 0.0408816
4 24 0.0620983
4 25 0.0765772
4 26 0.0840698
4 27 0.0846283
4 28 0.0782127
4 29 0.0650333
4 30 0.0454149
4 31 0.0197659
4 32 -0.0116907
4 33 -0.0482083
4 34 -0.0890065
4 35 -0.133552
4 36 -0.181097
4 37 -0.230823
4 38 -0.281942
4 39 -0.333399
4 40 -0.384405
4 41 -0.433881
4 42 -0.481263
4 43 -0.525575
4 44 -0.566104
4 45 -0.602159
4 46 -0.633132
4 47 -0.658505
4 48 -0.677717
4 49 -0.690541
4 50 -0.696832
4 51 -0.696365
4 52 -0.689198
4 53 -0.675478
4 54 -0.655336
4 55 -0.629199
4 56 -0.597451
4 57 -0.560545
4 58 -0.519299
4 59 -0.474253
4 60 -0.426292
4 61 -0.376058
4 62 -0.324435
4 63 -0.272415
4 64 -0.221003
4 65 -0.170901
4 66 -0.123116
4 67 -0.078245
4 68 -0.0370613
4 69 -0.000444124
4 70 0.0310128
4 71 0.056793
4 72 0.0762733
4 73 0.0892074
4 74 0.0954808
4 75 0.0948011
4 76 0.0868485
4 77 0.071971
4 78 0.050425
4 79 0.0224432
4 80 -0.011583
4 81 -0.051269
4 82 -0.0957606
4 83 -0.144712
4 84 -0.19728
4 85 -0.25253
4 86 -0.309918
4 87 -0.368345
4 88 -0.426978
4 89 -0.48504
4 90 -0.541194
4 91 -0.595058
4 92 -0.645564
4 93 -0.691734
4 94 -0.733212
4 95 -0.76903
4 96 -0.798676
4 97 -0.82193
4 98 -0.838349
4 99 -0.847675
4 100 -0.105518
4 101 0

5 0 0
5 1 -0.102623
5 2 -0.824422
5 3 -0.8153
5 4 -0.799347
5 5 -0.776474
5 6 -0.747204
5 7 -0.711969
5 8 -0.671167
5 9 -0.625581
5 10 -0.575816
5 11 -0.522827
5 12 -0.467308
5 13 -0.410238
5 14 -0.352383
5 15 -0.294697
5 16 -0.238307
5 17 -0.183979
5 18 -0.132409
5 19 -0.0843992
5 20 -0.0405405
5 21 -0.0016683
5 22 0.0316496
5 23 0.0589106
5 24 0.0797426
5 25 0.0939607
5 26 0.101198
5 27 0.101567
5 28 0.0949406
5 29 0.0815299
5 30 0.0620038
5 31 0.0362718
5 32 0.00471903
5 33 -0.0318164
5 34 -0.0726436
5 35 -0.117165
5 36 -0.164694
5 37 -0.214537
5 38 -0.265534
5 39 -0.316966
5 40 -0.367846
5 41 -0.417279
5 42 -0.464584
5 43 -0.508883
5 44 -0.549319
5 45 -0.585246
5 46 -0.616108
5 47 -0.641415
5 48 -0.660661
5 49 -0.673659
5 50 -0.679903
5 51 -0.679497
5 52 -0.672223
5 53 -0.658519
5 54 -0.6385
5 55 -0.612338
5 56 -0.580646
5 57 -0.543904
5 58 -0.50271
5 59 -0.457853
5 60 -0.409914
5 61 -0.359733
5 62 -0.308277
5 63 -0.256459
5 64 -0.204982
5 65 -0.154933
5 66 -0.107092
5 67 -0.0621776
5 68 -0.0210869
5 69 0.0155568
5 70 0.0471234
5 71 0.0728395
5 72 0.0925454
5 73 0.105601
5 74 0.111892
5 75 0.111458
5 76 0.103859
5 77 0.0893395
5 78 0.0680126
5 79 0.0402293
5 80 0.00652145
5 81 -0.0327618
5 82 -0.0769823
5 83 -0.125658
5 84 -0.177867
5 85 -0.232861
5 86 -0.289798
5 87 -0.347865
5 88 -0.406292
5 89 -0.463987
5 90 -0.51997
5 91 -0.573533
5 92 -0.623644
5 93 -0.669719
5 94 -0.710926
5 95 -0.746545
5 96 -0.77603
5 97 -0.799021
5 98 -0.815394
5 99 -0.824638
5 100 -0.102652
5 101 0

6 0 0
6 1 -0.0989188
6 2 -0.794717
6 3 -0.785761
6 4 -0.769887
6 5 -0.747204
6 6 -0.718
6 7 -0.682866
6 8 -0.642401
6 9 -0.597129
6 10 -0.547755
6 11 -0.495169
6 12 -0.439979
6 13 -0.383203
6 14 -0.325841
6 15 -0.268606
6 16 -0.212481
6 17 -0.158549
6 18 -0.107419
6 19 -0.0596824
6 20 -0.016163
6 21 0.02236
6 22 0.0553712
6 23 0.0822552
6 24 0.102833
6 25 0.11664
6 26 0.123629
6 27 0.123765
6 28 0.116961
6 29 0.103429
6 30 0.0836641
6 31 0.0577355
6 32 0.0261494
6 33 -0.0103389
6 34 -0.0512706
6 35 -0.0960491
6 36 -0.143685
6 37 -0.193444
6 38 -0.244388
6 39 -0.295771
6 40 -0.346591
6 41 -0.395972
6 42 -0.443124
6 43 -0.487449
6 44 -0.527888
6 45 -0.563763
6 46 -0.594657
6 47 -0.6199
6 48 -0.639104
6 49 -0.65205
6 50 -0.658355
6 51 -0.657862
6 52 -0.650635
6 53 -0.636973
6 54 -0.617024
6 55 -0.59096
6 56 -0.559308
6 57 -0.522667
6 58 -0.481536
6 59 -0.436674
6 60 -0.388844
6 61 -0.338886
6 62 -0.287515
6 63 -0.235765
6 64 -0.184375
6 65 -0.134298
6 66 -0.0863321
6 67 -0.0413731
6 68 -0.000241605
6 69 0.0364569
6 70 0.0680968
6 71 0.0939741
6 72 0.113839
6 73 0.127116
6 74 0.133666
6 75 0.133399
6 76 0.126183
6 77 0.111964
6 78 0.0909473
6 79 0.0634226
6 80 0.0299916
6 81 -0.00898895
6 82 -0.0528886
6 83 -0.101057
6 84 -0.152873
6 85 -0.207473
6 86 -0.263985
6 87 -0.321743
6 88 -0.379755
6 89 -0.437051
6 90 -0.492606
6 91 -0.545681
6 92 -0.595447
6 93 -0.641155
6 94 -0.682104
6 95 -0.717529
6 96 -0.746848
6 97 -0.769896
6 98 -0.786187
6 99 -0.795153
6 100 -0.0989659
6 101 0

7 0 0
7 1 -0.0944835
7 2 -0.758972
7 3 -0.750016
7 4 -0.734271
7 5 -0.711969
7 6 -0.682866
7 7 -0.648195
7 8 -0.607718
7 9 -0.562773
7 10 -0.513833
7 11 -0.461543
7 12 -0.40686
7 13 -0.350615
7 14 -0.293608
7 15 -0.236929
7 16 -0.181313
7 17 -0.127843
7 18 -0.0770018
7 19 -0.0297116
7 20 0.0133008
7 21 0.05141
7 22 0.0840583
7 23 0.110661
7 24 0.13085
7 25 0.144376
7 26 0.150957
7 27 0.150819
7 28 0.143837
7 29 0.130175
7 30 0.110169
7 31 0.0840032
7 32 0.0522287
7 33 0.0156463
7 34 -0.0254242
7 35 -0.070357
7 36 -0.118047
7 37 -0.167925
7 38 -0.218803
7 39 -0.270224
7 40 -0.320938
7 41 -0.370372
7 42 -0.417362
7 43 -0.461665
7 44 -0.502099
7 45 -0.537946
7 46 -0.568763
7 47 -0.594014
7 48 -0.61333
7 49 -0.626254
7 50 -0.632597
7 51 -0.632123
7 52 -0.624926
7 53 -0.611174
7 54 -0.591259
7 55 -0.565334
7 56 -0.533766
7 57 -0.497103
7 58 -0.456045
7 59 -0.411341
7 60 -0.363504
7 61 -0.313581
7 62 -0.262406
7 63 -0.21072
7 64 -0.15919
7 65 -0.109281
7 66 -0.0612574
7 67 -0.0161964
7 68 0.0251496
7 69 0.0619466
7 70 0.0937019
7 71 0.119852
7 72 0.139856
7 73 0.153428
7 74 0.160215
7 75 0.160215
7 76 0.15322
7 77 0.139376
7 78 0.118725
7 79 0.0915603
7 80 0.0585108
7 81 0.0199794
7 82 -0.0234868
7 83 -0.0713363
7 84 -0.122624
7 85 -0.176847
7 86 -0.23279
7 87 -0.290046
7 88 -0.347567
7 89 -0.404364
7 90 -0.4595
7 91 -0.512069
7 92 -0.561469
7 93 -0.606926
7 94 -0.647532
7 95 -0.682853
7 96 -0.711849
7 97 -0.734752
7 98 -0.750784
7 99 -0.759642
7 100 -0.0945538
7 101 0

8 0 0
8 1 -0.0893358
8 2 -0.717696
8 3 -0.708971
8 4 -0.693434
8 5 -0.671167
8 6 -0.642401
8 7 -0.607718
8 8 -0.567823
8 9 -0.523213
8 10 -0.474568
8 11 -0.422871
8 12 -0.368659
8 13 -0.312845
8 14 -0.25638
8 15 -0.200213
8 16 -0.145046
8 17 -0.0919728
8 18 -0.0417228
8 19 0.00512533
8 20 0.0476114
8 21 0.0852076
8 22 0.117438
8 23 0.143691
8 24 0.163509
8 25 0.176632
8 26 0.182898
8 27 0.18231
8 28 0.175016
8 29 0.161088
8 30 0.140873
8 31 0.11443
8 32 0.0824686
8 33 0.0456304
8 34 0.00435149
8 35 -0.0406551
8 36 -0.0883232
8 37 -0.138228
8 38 -0.189372
8 39 -0.240642
8 40 -0.291429
8 41 -0.34083
8 42 -0.387891
8 43 -0.432107
8 44 -0.472512
8 45 -0.508273
8 46 -0.539036
8 47 -0.564387
8 48 -0.583693
8 49 -0.596646
8 50 -0.602948
8 51 -0.602592
8 52 -0.59542
8 53 -0.581764
8 54 -0.561782
8 55 -0.535753
8 56 -0.504265
8 57 -0.467792
8 58 -0.426933
8 59 -0.382229
8 60 -0.334387
8 61 -0.284603
8 62 -0.233429
8 63 -0.181654
8 64 -0.130271
8 65 -0.0801548
8 66 -0.0321368
8 67 0.0130186
8 68 0.0544915
8 69 0.091388
8 70 0.123325
8 71 0.149744
8 72 0.170137
8 73 0.183874
8 74 0.191031
8 75 0.191328
8 76 0.184684
8 77 0.171202
8 78 0.151017
8 79 0.124366
8 80 0.0917097
8 81 0.0536441
8 82 0.0106159
8 83 -0.0366288
8 84 -0.0874799
8 85 -0.141096
8 86 -0.196593
8 87 -0.253345
8 88 -0.310345
8 89 -0.366625
8 90 -0.421133
8 91 -0.473312
8 92 -0.522295
8 93 -0.567335
8 94 -0.607698
8 95 -0.642688
8 96 -0.671638
8 97 -0.694132
8 98 -0.709945
8 99 -0.718669
8 100 -0.0894533
8 101 0

9 0 0
9 1 -0.083593
9 2 -0.671538
9 3 -0.662973
9 4 -0.647614
9 5 -0.625581
9 6 -0.597129
9 7 -0.562773
9 8 -0.523213
9 9 -0.478869
9 10 -0.430653
9 11 -0.379404
9 12 -0.325745
9 13 -0.270409
9 14 -0.21455
9 15 -0.158864
9 16 -0.104294
9 17 -0.0517413
9 18 -0.00197857
9 19 0.0442683
9 20 0.0861568
9 21 0.123298
9 22 0.155017
9 23 0.18074
9 24 0.200015
9 25 0.212871
9 26 0.218775
9 27 0.21771
9 28 0.210012
9 29 0.195734
9 30 0.175245
9 31 0.148629
9 32 0.116379
9 33 0.0792433
9 34 0.0377913
9 35 -0.00725468
9 36 -0.0551353
9 37 -0.105119
9 38 -0.156292
9 39 -0.207619
9 40 -0.258437
9 41 -0.307899
9 42 -0.355097
9 43 -0.399204
9 44 -0.439626
9 45 -0.475384
9 46 -0.506177
9 47 -0.531439
9 48 -0.550666
9 49 -0.563578
9 50 -0.569902
9 51 -0.569507
9 52 -0.562461
9 53 -0.548872
9 54 -0.528915
9 55 -0.503024
9 56 -0.471657
9 57 -0.435239
9 58 -0.394464
9 59 -0.349783
9 60 -0.302079
9 61 -0.252211
9 62 -0.20104
9 63 -0.149218
9 64 -0.0978476
9 65 -0.0476542
9 66 0.000427477
9 67 0.0455806
9 68 0.0872465
9 69 0.124507
9 70 0.156706
9 71 0.183362
9 72 0.203929
9 73 0.218027
9 74 0.225593
9 75 0.226278
9 76 0.220058
9 77 0.206969
9 78 0.187196
9 79 0.161119
9 80 0.128988
9 81 0.0915271
9 82 0.0491149
9 83 0.00247097
9 84 -0.0478566
9 85 -0.101015
9 86 -0.155962
9 87 -0.211948
9 88 -0.268422
9 89 -0.324109
9 90 -0.37824
9 91 -0.429996
9 92 -0.478501
9 93 -0.523098
9 94 -0.563156
9 95 -0.597873
9 96 -0.626575
9 97 -0.648737
9 98 -0.664296
9 99 -0.672823
9 100 -0.0837449
9 101 0

10 0 0
10 1 -0.0773358
10 2 -0.621239
10 3 -0.612817
10 4 -0.597634
10 5 -0.575816
10 6 -0.547755
10 7 -0.513833
10 8 -0.474568
10 9 -0.430653
10 10 -0.382965
10 11 -0.332226
10 12 -0.278973
10 13 -0.224365
10 14 -0.168935
10 15 -0.113797
10 16 -0.0599042
10 17 -0.00798669
10 18 0.0412649
10 19 0.0868809
10 20 0.128275
10 21 0.164836
10 22 0.195982
10 23 0.221057
10 24 0.239828
10 25 0.25225
10 26 0.257799
10 27 0.256417
10 28 0.2483
10 29 0.233521
10 30 0.212571
10 31 0.185698
10 32 0.153221
10 33 0.115871
10 34 0.0741813
10 35 0.0290183
10 36 -0.0190196
10 37 -0.0690565
10 38 -0.120397
10 39 -0.171837
10 40 -0.222762
10 41 -0.272076
10 42 -0.319343
10 43 -0.363501
10 44 -0.403958
10 45 -0.439879
10 46 -0.470655
10 47 -0.495787
10 48 -0.514962
10 49 -0.527827
10 50 -0.534181
10 51 -0.533847
10 52 -0.526856
10 53 -0.513344
10 54 -0.493425
10 55 -0.467623
10 56 -0.436423
10 57 -0.39994
10 58 -0.359095
10 59 -0.314475
10 60 -0.266897
10 61 -0.217027
10 62 -0.165859
10 63 -0.114022
10 64 -0.0626611
10 65 -0.0123838
10 66 0.0357779
10 67 0.0812703
10 68 0.122962
10 69 0.160415
10 70 0.192947
10 71 0.219852
10 72 0.240686
10 73 0.255265
10 74 0.263262
10 75 0.264412
10 76 0.258615
10 77 0.245907
10 78 0.226661
10 79 0.201153
10 80 0.169691
10 81 0.13281
10 82 0.0910383
10 83 0.0448933
10 84 -0.00472287
10 85 -0.0572856
10 86 -0.111653
10 87 -0.16704
10 88 -0.222798
10 89 -0.278019
10 90 -0.33152
10 91 -0.382822
10 92 -0.430886
10 93 -0.475039
10 94 -0.514632
10 95 -0.548872
10 96 -0.577297
10 97 -0.599275
10 98 -0.614516
10 99 -0.622863
10 100 -0.0775254
10 101 0

11 0 0
11 1 -0.0706479
11 2 -0.567581
11 3 -0.559389
11 4 -0.544398
11 5 -0.522827
11 6 -0.495169
11 7 -0.461543
11 8 -0.422871
11 9 -0.379404
11 10 -0.332226
11 11 -0.281829
11 12 -0.229189
11 13 -0.175079
11 14 -0.120357
11 15 -0.0657867
11 16 -0.0126113
11 17 0.0386951
11 18 0.0871603
11 19 0.132209
11 20 0.172941
11 21 0.209005
11 22 0.239522
11 23 0.26416
11 24 0.282477
11 25 0.294251
11 26 0.299417
11 27 0.297632
11 28 0.289102
11 29 0.27385
11 30 0.252486
11 31 0.225292
11 32 0.192512
11 33 0.154841
11 34 0.112976
11 35 0.067607
11 36 0.0194085
11 37 -0.0307894
11 38 -0.0822765
11 39 -0.133873
11 40 -0.184837
11 41 -0.234222
11 42 -0.281512
11 43 -0.325671
11 44 -0.366138
11 45 -0.402099
11 46 -0.432875
11 47 -0.458015
11 48 -0.477194
11 49 -0.490086
11 50 -0.496448
11 51 -0.496175
11 52 -0.489184
11 53 -0.475821
11 54 -0.45593
11 55 -0.430144
11 56 -0.39891
11 57 -0.362467
11 58 -0.321605
11 59 -0.277131
11 60 -0.22974
11 61 -0.179803
11 62 -0.128432
11 63 -0.0765672
11 64 -0.0251674
11 65 0.0251778
11 66 0.0735324
11 67 0.119075
11 68 0.161031
11 69 0.198777
11 70 0.231527
11 71 0.258742
11 72 0.280047
11 73 0.295005
11 74 0.303457
11 75 0.304981
11 76 0.299779
11 77 0.287518
11 78 0.268825
11 79 0.243913
11 80 0.212913
11 81 0.176746
11 82 0.135428
11 83 0.0900707
11 84 0.0410809
11 85 -0.0106614
11 86 -0.0644317
11 87 -0.119135
11 88 -0.174386
11 89 -0.228829
11 90 -0.281707
11 91 -0.332479
11 92 -0.380149
11 93 -0.423809
11 94 -0.462957
11 95 -0.49668
11 96 -0.524737
11 97 -0.54645
11 98 -0.56152
11 99 -0.569565
11 100 -0.0708806
11 101 0

12 0 0
12 1 -0.0636542
12 2 -0.511415
12 3 -0.503408
12 4 -0.488494
12 5 -0.467308
12 6 -0.439979
12 7 -0.40686
12 8 -0.368659
12 9 -0.325745
12 10 -0.278973
12 11 -0.229189
12 12 -0.177143
12 13 -0.123605
12 14 -0.0695781
12 15 -0.0156704
12 16 0.0369494
12 17 0.0875761
12 18 0.135377
12 19 0.17958
12 20 0.21979
12 21 0.255166
12 22 0.285007
12 23 0.309127
12 24 0.326969
12 25 0.338097
12 26 0.342671
12 27 0.340438
12 28 0.331529
12 29 0.315984
12 30 0.294247
12 31 0.266592
12 32 0.233389
12 33 0.195429
12 34 0.153376
12 35 0.10784
12 36 0.0594804
12 37 0.00902624
12 38 -0.0425543
12 39 -0.0942283
12 40 -0.145247
12 41 -0.194834
12 42 -0.242136
12 43 -0.286235
12 44 -0.326677
12 45 -0.362569
12 46 -0.393324
12 47 -0.418608
12 48 -0.4379
12 49 -0.450829
12 50 -0.457165
12 51 -0.456794
12 52 -0.449858
12 53 -0.436513
12 54 -0.416787
12 55 -0.391104
12 56 -0.359847
12 57 -0.323454
12 58 -0.282668
12 59 -0.238266
12 60 -0.190849
12 61 -0.140905
12 62 -0.0895531
12 63 -0.037703
12 64 0.0137813
12 65 0.0643012
12 66 0.112855
12 67 0.158516
12 68 0.200749
12 69 0.238725
12 70 0.271701
12 71 0.299355
12 72 0.321094
12 73 0.336491
12 74 0.345232
12 75 0.347132
12 76 0.342477
12 77 0.330885
12 78 0.312861
12 79 0.288526
12 80 0.258224
12 81 0.222616
12 82 0.182073
12 83 0.137281
12 84 0.0890672
12 85 0.0380979
12 86 -0.0149456
12 87 -0.0691
12 88 -0.123613
12 89 -0.177391
12 90 -0.229708
12 91 -0.279833
12 92 -0.326995
12 93 -0.370162
12 94 -0.408703
12 95 -0.441971
12 96 -0.469597
12 97 -0.491092
12 98 -0.505836
12 99 -0.513821
12 100 -0.063955
12 101 0

13 0 0
13 1 -0.056468
13 2 -0.453636
13 3 -0.445769
13 4 -0.43117
13 5 -0.410238
13 6 -0.383203
13 7 -0.350615
13 8 -0.312845
13 9 -0.270409
13 10 -0.224365
13 11 -0.175079
13 12 -0.123605
13 13 -0.0707063
13 14 -0.0172871
13 15 0.0359184
13 16 0.0877864
13 17 0.137706
13 18 0.184804
13 19 0.228337
13 20 0.267831
13 21 0.302711
13 22 0.331938
13 23 0.355305
13 24 0.372532
13 25 0.383093
13 26 0.387034
13 27 0.384144
13 28 0.374778
13 29 0.358863
13 30 0.336713
13 31 0.308771
13 32 0.275315
13 33 0.23716
13 34 0.19477
13 35 0.148954
13 36 0.100409
13 37 0.0497289
13 38 -0.00195073
13 39 -0.0538184
13 40 -0.10484
13 41 -0.15443
13 42 -0.201747
13 43 -0.245919
13 44 -0.286269
13 45 -0.322188
13 46 -0.353039
13 47 -0.378238
13 48 -0.397582
13 49 -0.410366
13 50 -0.416751
13 51 -0.416423
13 52 -0.409624
13 53 -0.396363
13 54 -0.376587
13 55 -0.350996
13 56 -0.319897
13 57 -0.283602
13 58 -0.242879
13 59 -0.198508
13 60 -0.151081
13 61 -0.101239
13 62 -0.0499328
13 63 0.00200445
13 64 0.0537703
13 65 0.104317
13 66 0.153103
13 67 0.198978
13 68 0.241309
13 69 0.279472
13 70 0.31274
13 71 0.340751
13 72 0.362876
13 73 0.378766
13 74 0.38799
13 75 0.390311
13 76 0.386241
13 77 0.375342
13 78 0.358069
13 79 0.334345
13 80 0.304629
13 81 0.269825
13 82 0.229886
13 83 0.185854
13 84 0.138319
13 85 0.0881172
13 86 0.0359213
13 87 -0.0174887
13 88 -0.071325
13 89 -0.124438
13 90 -0.176199
13 91 -0.225707
13 92 -0.272255
13 93 -0.314842
13 94 -0.352938
13 95 -0.385867
13 96 -0.413002
13 97 -0.434166
13 98 -0.448616
13 99 -0.456493
13 100 -0.0568251
13 101 0

14 0 0
14 1 -0.0491902
14 2 -0.395164
14 3 -0.387473
14 4 -0.373046
14 5 -0.352383
14 6 -0.325841
14 7 -0.293608
14 8 -0.25638
14 9 -0.21455
14 10 -0.168935
14 11 -0.120357
14 12 -0.0695781
14 13 -0.0172871
14 14 0.0353889
14 15 0.0878831
14 16 0.139091
14 17 0.188308
14 18 0.23472
14 19 0.277608
14 20 0.316475
14 21 0.350577
14 22 0.379057
14 23 0.40165
14 24 0.418217
14 25 0.428261
14 26 0.431629
14 27 0.428231
14 28 0.418359
14 29 0.402027
14 30 0.379477
14 31 0.351133
14 32 0.317447
14 33 0.279021
14 34 0.23635
14 35 0.190307
14 36 0.141598
14 37 0.0908134
14 38 0.0390439
14 39 -0.0128575
14 40 -0.0640456
14 41 -0.113709
14 42 -0.160956
14 43 -0.205105
14 44 -0.245527
14 45 -0.281522
14 46 -0.312363
14 47 -0.337582
14 48 -0.356791
14 49 -0.369739
14 50 -0.376183
14 51 -0.376025
14 52 -0.369236
14 53 -0.355902
14 54 -0.33619
14 55 -0.310632
14 56 -0.279567
14 57 -0.243451
14 58 -0.202794
14 59 -0.158369
14 60 -0.110867
14 61 -0.0611042
14 62 -0.00982946
14 63 0.0421549
14 64 0.0939264
14 65 0.144687
14 66 0.193478
14 67 0.239442
14 68 0.282135
14 69 0.320555
14 70 0.354061
14 71 0.382411
14 72 0.404884
14 73 0.421145
14 74 0.430849
14 75 0.433786
14 76 0.430198
14 77 0.419934
14 78 0.403324
14 79 0.380317
14 80 0.351487
14 81 0.317439
14 82 0.278309
14 83 0.234978
14 84 0.188139
14 85 0.138565
14 86 0.0870909
14 87 0.034432
14 88 -0.0186248
14 89 -0.0709201
14 90 -0.122049
14 91 -0.170921
14 92 -0.216756
14 93 -0.258895
14 94 -0.29658
14 95 -0.328982
14 96 -0.355768
14 97 -0.376462
14 98 -0.390746
14 99 -0.398481
14 100 -0.049606
14 101 0

15 0 0
15 1 -0.0419435
15 2 -0.336881
15 3 -0.329329
15 4 -0.315175
15 5 -0.294697
15 6 -0.268606
15 7 -0.236929
15 8 -0.200213
15 9 -0.158864
15 10 -0.113797
15 11 -0.0657867
15 12 -0.0156704
15 13 0.0359184
15 14 0.0878831
15 15 0.139652
15 16 0.190082
15 17 0.238517
15 18 0.284282
15 19 0.32647
15 20 0.364516
15 21 0.397868
15 22 0.425649
15 23 0.447665
15 24 0.463548
15 25 0.473091
15 26 0.47588
15 27 0.471953
15 28 0.461678
15 29 0.444779
15 30 0.42176
15 31 0.393007
15 32 0.358968
15 33 0.320329
15 34 0.277428
15 35 0.23114
15 36 0.182164
15 37 0.13133
15 38 0.0795822
15 39 0.0276411
15 40 -0.0236513
15 41 -0.0733779
15 42 -0.120693
15 43 -0.164765
15 44 -0.205171
15 45 -0.241096
15 46 -0.271946
15 47 -0.297154
15 48 -0.316497
15 49 -0.329566
15 50 -0.336104
15 51 -0.335865
15 52 -0.329095
15 53 -0.315743
15 54 -0.29611
15 55 -0.270602
15 56 -0.239583
15 57 -0.20351
15 58 -0.162923
15 59 -0.118658
15 60 -0.0712973
15 61 -0.0215174
15 62 0.0297222
15 63 0.0817455
15 64 0.133551
15 65 0.184384
15 66 0.233307
15 67 0.279459
15 68 0.322323
15 69 0.361041
15 70 0.39489
15 71 0.423543
15 72 0.446408
15 73 0.46313
15 74 0.473371
15 75 0.476879
15 76 0.473927
15 77 0.464274
15 78 0.448173
15 79 0.425897
15 80 0.397788
15 81 0.364495
15 82 0.326104
15 83 0.28363
15 84 0.237599
15 85 0.188727
15 86 0.138005
15 87 0.0861655
15 88 0.0339328
15 89 -0.017573
15 90 -0.0681071
15 91 -0.116355
15 92 -0.161552
15 93 -0.203154
15 94 -0.240246
15 95 -0.272136
15 96 -0.298495
15 97 -0.31887
15 98 -0.333077
15 99 -0.340669
15 100 -0.0424141
15 101 0

16 0 0
16 1 -0.0348048
16 2 -0.279648
16 3 -0.272458
16 4 -0.258504
16 5 -0.238307
16 6 -0.212481
16 7 -0.181313
16 8 -0.145046
16 9 -0.104294
16 10 -0.0599042
16 11 -0.0126113
16 12 0.0369494
16 13 0.0877864
16 14 0.139091
16 15 0.190082
16 16 0.239736
16 17 0.287528
16 18 0.332577
16 19 0.374054
16 20 0.411378
16 21 0.443917
16 22 0.471203
16 23 0.492534
16 24 0.507677
16 25 0.516485
16 26 0.518674
16 27 0.514349
16 28 0.503583
16 29 0.486259
16 30 0.462761
16 31 0.433621
16 32 0.399313
16 33 0.36037
16 34 0.317212
16 35 0.270708
16 36 0.221633
16 37 0.170705
16 38 0.118942
16 39 0.0669512
16 40 0.0156779
16 41 -0.0340527
16 42 -0.0815111
16 43 -0.125735
16 44 -0.165945
16 45 -0.201845
16 46 -0.232631
16 47 -0.257951
16 48 -0.277349
16 49 -0.290364
16 50 -0.296873
16 51 -0.296736
16 52 -0.290039
16 53 -0.2769
16 54 -0.257252
16 55 -0.231713
16 56 -0.200727
16 57 -0.164794
16 58 -0.124337
16 59 -0.080132
16 60 -0.032782
16 61 0.016939
16 62 0.0682946
16 63 0.120276
16 64 0.172004
16 65 0.222821
16 66 0.271872
16 67 0.318285
16 68 0.361358
16 69 0.400232
16 70 0.434377
16 71 0.463429
16 72 0.48672
16 73 0.503842
16 74 0.5145
16 75 0.518567
16 76 0.516215
16 77 0.507301
16 78 0.491919
16 79 0.470339
16 80 0.443001
16 81 0.410294
16 82 0.372692
16 83 0.330962
16 84 0.285721
16 85 0.237682
16 86 0.187696
16 87 0.136624
16 88 0.0852068
16 89 0.0343182
16 90 -0.0153868
16 91 -0.0629644
16 92 -0.107509
16 93 -0.148512
16 94 -0.185024
16 95 -0.216423
16 96 -0.24241
16 97 -0.262602
16 98 -0.276479
16 99 -0.283892
16 100 -0.035346
16 101 0

17 0 0
17 1 -0.0279243
17 2 -0.224365
17 3 -0.217368
17 4 -0.203663
17 5 -0.183979
17 6 -0.158549
17 7 -0.127843
17 8 -0.0919728
17 9 -0.0517413
17 10 -0.00798669
17 11 0.0386951
17 12 0.0875761
17 13 0.137706
17 14 0.188308
17 15 0.238517
17 16 0.287528
17 17 0.33454
17 18 0.378966
17 19 0.419704
17 20 0.45627
17 21 0.488093
17 22 0.514615
17 23 0.535283
17 24 0.549674
17 25 0.557832
17 26 0.559523
17 27 0.554645
17 28 0.543362
17 29 0.525689
17 30 0.501867
17 31 0.472408
17 32 0.437709
17 33 0.39844
17 34 0.355117
17 35 0.308445
17 36 0.259205
17 37 0.208238
17 38 0.156507
17 39 0.104476
17 40 0.0532739
17 41 0.00345024
17 42 -0.0439163
17 43 -0.0882105
17 44 -0.128522
17 45 -0.164454
17 46 -0.195302
17 47 -0.220535
17 48 -0.239867
17 49 -0.252827
17 50 -0.259392
17 51 -0.259266
17 52 -0.252675
17 53 -0.239604
17 54 -0.220129
17 55 -0.19468
17 56 -0.163756
17 57 -0.127835
17 58 -0.087372
17 59 -0.0433034
17 60 0.00401675
17 61 0.053761
17 62 0.104999
17 63 0.156884
17 64 0.208743
17 65 0.259494
17 66 0.308638
17 67 0.355119
17 68 0.398325
17 69 0.437577
17 70 0.472013
17 71 0.501284
17 72 0.524906
17 73 0.542528
17 74 0.553661
17 75 0.558289
17 76 0.556531
17 77 0.548284
17 78 0.533579
17 79 0.512714
17 80 0.486025
17 81 0.454125
17 82 0.417442
17 83 0.376391
17 84 0.331965
17 85 0.284672
17 86 0.235573
17 87 0.185239
17 88 0.134518
17 89 0.0842715
17 90 0.0353123
17 91 -0.0114988
17 92 -0.0554301
17 93 -0.0957515
17 94 -0.131736
17 95 -0.162846
17 96 -0.188424
17 97 -0.208245
17 98 -0.221763
17 99 -0.228963
17 100 -0.0285092
17 101 0

18 0 0
18 1 -0.0213818
18 2 -0.171867
18 3 -0.165124
18 4 -0.151747
18 5 -0.132409
18 6 -0.107419
18 7 -0.0770018
18 8 -0.0417228
18 9 -0.00197857
18 10 0.0412649
18 11 0.0871603
18 12 0.135377
18 13 0.184804
18 14 0.23472
18 15 0.284282
18 16 0.332577
18 17 0.378966
18 18 0.422484
18 19 0.462534
18 20 0.498459
18 21 0.529499
18 22 0.555242
18 23 0.575128
18 24 0.588913
18 25 0.596558
18 26 0.597732
18 27 0.59238
18 28 0.580619
18 29 0.562467
18 30 0.538179
18 31 0.508389
18 32 0.4735
18 33 0.433924
18 34 0.39037
18 35 0.343639
18 36 0.294431
18 37 0.243439
18 38 0.191504
18 39 0.139504
18 40 0.0882631
18 41 0.0385459
18 42 -0.00884468
18 43 -0.0529567
18 44 -0.093349
18 45 -0.129334
18 46 -0.160173
18 47 -0.18551
18 48 -0.2048
18 49 -0.217772
18 50 -0.224342
18 51 -0.224295
18 52 -0.217719
18 53 -0.204654
18 54 -0.185245
18 55 -0.159966
18 56 -0.129132
18 57 -0.0932004
18 58 -0.0528879
18 59 -0.00877188
18 60 0.0384788
18 61 0.0879923
18 62 0.139165
18 63 0.191068
18 64 0.242863
18 65 0.293843
18 66 0.342895
18 67 0.389487
18 68 0.432847
18 69 0.472183
18 70 0.50688
18 71 0.536495
18 72 0.560553
18 73 0.578551
18 74 0.590233
18 75 0.595428
18 76 0.594164
18 77 0.586455
18 78 0.572381
18 79 0.552272
18 80 0.526434
18 81 0.495254
18 82 0.459337
18 83 0.419171
18 84 0.375489
18 85 0.329163
18 86 0.280679
18 87 0.231094
18 88 0.181037
18 89 0.131436
18 90 0.083405
18 91 0.0372044
18 92 -0.00609826
18 93 -0.0457913
18 94 -0.0813321
18 95 -0.111903
18 96 -0.137124
18 97 -0.156617
18 98 -0.169834
18 99 -0.17676
18 100 -0.0220022
18 101 0

19 0 0
19 1 -0.0152941
19 2 -0.122976
19 3 -0.116449
19 4 -0.103452
19 5 -0.0843992
19 6 -0.0596824
19 7 -0.0297116
19 8 0.00512533
19 9 0.0442683
19 10 0.0868809
19 11 0.132209
19 12 0.17958
19 13 0.228337
19 14 0.277608
19 15 0.32647
19 16 0.374054
19 17 0.419704
19 18 0.462534
19 19 0.501832
19 20 0.537001
19 21 0.567384
19 22 0.592415
19 23 0.611654
19 24 0.624926
19 25 0.632044
19 26 0.632556
19 27 0.626571
19 28 0.61431
19 29 0.59582
19 30 0.571333
19 31 0.541279
19 32 0.506123
19 33 0.466313
19 34 0.422581
19 35 0.375782
19 36 0.326466
19 37 0.275438
19 38 0.223454
19 39 0.171482
19 40 0.120265
19 41 0.07063
19 42 0.023313
19 43 -0.0208063
19 44 -0.0611871
19 45 -0.0971715
19 46 -0.128021
19 47 -0.153275
19 48 -0.172623
19 49 -0.185718
19 50 -0.192359
19 51 -0.192319
19 52 -0.185798
19 53 -0.172682
19 54 -0.153359
19 55 -0.128143
19 56 -0.097373
19 57 -0.0615703
19 58 -0.0212784
19 59 0.0227265
19 60 0.0698147
19 61 0.119354
19 62 0.17036
19 63 0.222226
19 64 0.274081
19 65 0.324966
19 66 0.373969
19 67 0.420595
19 68 0.46406
19 69 0.503724
19 70 0.538776
19 71 0.56859
19 72 0.592923
19 73 0.611256
19 74 0.623388
19 75 0.62915
19 76 0.628352
19 77 0.6213
19 78 0.607945
19 79 0.588474
19 80 0.563336
19 81 0.532988
19 82 0.497794
19 83 0.458383
19 84 0.415547
19 85 0.369916
19 86 0.322184
19 87 0.27336
19 88 0.224094
19 89 0.175299
19 90 0.127858
19 91 0.0823928
19 92 0.039739
19 93 0.000682804
19 94 -0.0342834
19 95 -0.0644216
19 96 -0.0891819
19 97 -0.108346
19 98 -0.121354
19 99 -0.128067
19 100 -0.0159426
19 101 0

20 0 0
20 1 -0.0097611
20 2 -0.0784704
20 3 -0.0720826
20 4 -0.0594104
20 5 -0.0405405
20 6 -0.016163
20 7 0.0133008
20 8 0.0476114
20 9 0.0861568
20 10 0.128275
20 11 0.172941
20 12 0.21979
20 13 0.267831
20 14 0.316475
20 15 0.364516
20 16 0.411378
20 17 0.45627
20 18 0.498459
20 19 0.537001
20 20 0.571387
20 21 0.601015
20 22 0.625313
20 23 0.643941
20 24 0.656722
20 25 0.663328
20 26 0.663366
20 27 0.656981
20 28 0.644268
20 29 0.625384
20 30 0.600569
20 31 0.570226
20 32 0.534775
20 33 0.494855
20 34 0.451091
20 35 0.404191
20 36 0.354865
20 37 0.303833
20 38 0.251759
20 39 0.199909
20 40 0.148747
20 41 0.0992381
20 42 0.0518797
20 43 0.0077461
20 44 -0.0326334
20 45 -0.0684335
20 46 -0.0992874
20 47 -0.124573
20 48 -0.143829
20 49 -0.156968
20 50 -0.163573
20 51 -0.163545
20 52 -0.157159
20 53 -0.144186
20 54 -0.124929
20 55 -0.0997379
20 56 -0.0691335
20 57 -0.0334335
20 58 0.0067474
20 59 0.0506866
20 60 0.0976369
20 61 0.147132
20 62 0.19806
20 63 0.249822
20 64 0.301461
20 65 0.35236
20 66 0.401449
20 67 0.448223
20 68 0.491699
20 69 0.53145
20 70 0.566657
20 71 0.596745
20 72 0.621394
20 73 0.640161
20 74 0.652672
20 75 0.658914
20 76 0.658665
20 77 0.652086
20 78 0.639327
20 79 0.620542
20 80 0.596118
20 81 0.566482
20 82 0.532114
20 83 0.49351
20 84 0.451527
20 85 0.406604
20 86 0.35968
20 87 0.311523
20 88 0.263104
20 89 0.214967
20 90 0.168262
20 91 0.123399
20 92 0.081451
20 93 0.0428875
20 94 0.00847847
20 95 -0.0211244
20 96 -0.0454638
20 97 -0.0642587
20 98 -0.077187
20 99 -0.0836424
20 100 -0.0104039
20 101 0

21 0 0
21 1 -0.00485145
21 2 -0.0390035
21 3 -0.0327416
21 4 -0.0202722
21 5 -0.0016683
21 6 0.02236
21 7 0.05141
21 8 0.0852076
21 9 0.123298
21 10 0.164836
21 11 0.209005
21 12 0.255166
21 13 0.302711
21 14 0.350577
21 15 0.397868
21 16 0.443917
21 17 0.488093
21 18 0.529499
21 19 0.567384
21 20 0.601015
21 21 0.62992
21 22 0.653689
21 23 0.671775
21 24 0.683959
21 25 0.690016
21 26 0.689618
21 27 0.682772
21 28 0.669647
21 29 0.650332
21 30 0.62523
21 31 0.594797
21 32 0.559242
21 33 0.519257
21 34 0.475402
21 35 0.428421
21 36 0.379078
21 37 0.327978
21 38 0.276008
21 39 0.224177
21 40 0.173088
21 41 0.123583
21 42 0.076414
21 43 0.032369
21 44 -0.00790278
21 45 -0.0436712
21 46 -0.0745234
21 47 -0.0997089
21 48 -0.11889
21 49 -0.131979
21 50 -0.138615
21 51 -0.13864
21 52 -0.132353
21 53 -0.119523
21 54 -0.100363
21 55 -0.0753246
21 56 -0.0447787
21 57 -0.00920411
21 58 0.0307977
21 59 0.0746112
21 60 0.121413
21 61 0.170737
21 62 0.221684
21 63 0.273304
21 64 0.324844
21 65 0.375673
21 66 0.42483
21 67 0.471555
21 68 0.51511
21 69 0.554884
21 70 0.59013
21 71 0.620441
21 72 0.645403
21 73 0.664519
21 74 0.677496
21 75 0.684148
21 76 0.684409
21 77 0.678391
21 78 0.666156
21 79 0.648015
21 80 0.624329
21 81 0.59539
21 82 0.561719
21 83 0.52397
21 84 0.48269
21 85 0.438631
21 86 0.39248
21 87 0.345158
21 88 0.297431
21 89 0.250049
21 90 0.203935
21 91 0.159807
21 92 0.118318
21 93 0.0803132
21 94 0.0464075
21 95 0.0172647
21 96 -0.00665557
21 97 -0.0251592
21 98 -0.0378725
21 99 -0.0441239
21 100 -0.00548164
21 101 0

22 0 0
22 1 -0.000628592
22 2 -0.00510175
22 3 0.00100385
22 4 0.013392
22 5 0.0316496
22 6 0.0553712
22 7 0.0840583
22 8 0.117438
22 9 0.155017
22 10 0.195982
22 11 0.239522
22 12 0.285007
22 13 0.331938
22 14 0.379057
22 15 0.425649
22 16 0.471203
22 17 0.514615
22 18 0.555242
22 19 0.592415
22 20 0.625313
22 21 0.653689
22 22 0.677019
22 23 0.694503
22 24 0.706128
22 25 0.711586
22 26 0.710719
22 27 0.703472
22 28 0.689956
22 29 0.670324
22 30 0.645034
22 31 0.614462
22 32 0.57882
22 33 0.538643
22 34 0.494767
22 35 0.447734
22 36 0.398435
22 37 0.347457
22 38 0.29564
22 39 0.243997
22 40 0.192883
22 41 0.143348
22 42 0.0964131
22 43 0.052495
22 44 0.0123457
22 45 -0.0232487
22 46 -0.053943
22 47 -0.0790293
22 48 -0.0981141
22 49 -0.111296
22 50 -0.117994
22 51 -0.118017
22 52 -0.111727
22 53 -0.0989526
22 54 -0.0799376
22 55 -0.0550994
22 56 -0.0247823
22 57 0.0105554
22 58 0.0504176
22 59 0.0940373
22 60 0.140742
22 61 0.189923
22 62 0.240697
22 63 0.292206
22 64 0.343598
22 65 0.394309
22 66 0.443386
22 67 0.489993
22 68 0.533637
22 69 0.573442
22 70 0.608838
22 71 0.6393
22 72 0.664507
22 73 0.683925
22 74 0.697283
22 75 0.704343
22 76 0.705086
22 77 0.699572
22 78 0.688019
22 79 0.670524
22 80 0.647382
22 81 0.619042
22 82 0.586095
22 83 0.549158
22 84 0.508606
22 85 0.465271
22 86 0.419981
22 87 0.373289
22 88 0.326262
22 89 0.279624
22 90 0.234169
22 91 0.190776
22 92 0.149919
22 93 0.112495
22 94 0.0790639
22 95 0.0502893
22 96 0.0267574
22 97 0.00854888
22 98 -0.00387359
22 99 -0.0100903
22 100 -0.00126005
22 101 0

23 0 0
23 1 0.00283828
23 2 0.022782
23 3 0.0287844
23 4 0.0408816
23 5 0.0589106
23 6 0.0822552
23 7 0.110661
23 8 0.143691
23 9 0.18074
23 10 0.221057
23 11 0.26416
23 12 0.309127
23 13 0.355305
23 14 0.40165
23 15 0.447665
23 16 0.492534
23 17 0.535283
23 18 0.575128
23 19 0.611654
23 20 0.643941
23 21 0.671775
23 22 0.694503
23 23 0.711393
23 24 0.722474
23 25 0.727464
23 26 0.726205
23 27 0.718658
23 28 0.704961
23 29 0.685115
23 30 0.659652
23 31 0.628889
23 32 0.59304
23 33 0.552853
23 34 0.508943
23 35 0.462019
23 36 0.412822
23 37 0.361988
23 38 0.310345
23 39 0.25876
23 40 0.207776
23 41 0.158435
23 42 0.111609
23 43 0.0678588
23 44 0.0279552
23 45 -0.00737985
23 46 -0.0379217
23 47 -0.0629119
23 48 -0.0820013
23 49 -0.0951497
23 50 -0.101846
23 51 -0.10185
23 52 -0.0956147
23 53 -0.0829839
23 54 -0.0640602
23 55 -0.0394414
23 56 -0.0093857
23 57 0.0257213
23 58 0.0653159
23 59 0.108756
23 60 0.155279
23 61 0.204277
23 62 0.25485
23 63 0.306193
23 64 0.357463
23 65 0.407917
23 66 0.456831
23 67 0.503455
23 68 0.54693
23 69 0.586813
23 70 0.622368
23 71 0.653076
23 72 0.678447
23 73 0.698007
23 74 0.711633
23 75 0.719006
23 76 0.720253
23 77 0.715191
23 78 0.704189
23 79 0.687294
23 80 0.664708
23 81 0.637027
23 82 0.604739
23 83 0.568607
23 84 0.528756
23 85 0.486208
23 86 0.441648
23 87 0.395734
23 88 0.349405
23 89 0.303443
23 90 0.258573
23 91 0.215809
23 92 0.175518
23 93 0.138679
23 94 0.105812
23 95 0.0773534
23 96 0.0540623
23 97 0.0362955
23 98 0.0240995
23 99 0.0180033
23 100 0.00223627
23 101 0

24 0 0
24 1 0.00549908
24 2 0.0442106
24 3 0.0501644
24 4 0.0620983
24 5 0.0797426
24 6 0.102833
24 7 0.13085
24 8 0.163509
24 9 0.200015
24 10 0.239828
24 11 0.282477
24 12 0.326969
24 13 0.372532
24 14 0.418217
24 15 0.463548
24 16 0.507677
24 17 0.549674
24 18 0.588913
24 19 0.624926
24 20 0.656722
24 21 0.683959
24 22 0.706128
24 23 0.722474
24 24 0.733055
24 25 0.737689
24 26 0.736051
24 27 0.728193
24 28 0.714274
24 29 0.694259
24 30 0.668641
24 31 0.637763
24 32 0.601936
24 33 0.561815
24 34 0.517997
24 35 0.471041
24 36 0.421938
24 37 0.371214
24 38 0.31981
24 39 0.268381
24 40 0.2177
24 41 0.168579
24 42 0.121995
24 43 0.0784571
24 44 0.0387155
24 45 0.00345435
24 46 -0.0268992
24 47 -0.0517302
24 48 -0.0707603
24 49 -0.083732
24 50 -0.0904126
24 51 -0.0905222
24 52 -0.0843272
24 53 -0.0718383
24 54 -0.0531816
24 55 -0.0287314
24 56 0.00114835
24 57 0.0360729
24 58 0.0754664
24 59 0.118649
24 60 0.164958
24 61 0.21364
24 62 0.263908
24 63 0.314987
24 64 0.366103
24 65 0.416352
24 66 0.46519
24 67 0.511624
24 68 0.555115
24 69 0.594921
24 70 0.630543
24 71 0.661306
24 72 0.686801
24 73 0.706528
24 74 0.72039
24 75 0.728177
24 76 0.729736
24 77 0.725115
24 78 0.714604
24 79 0.698194
24 80 0.676243
24 81 0.649338
24 82 0.617697
24 83 0.582066
24 84 0.542889
24 85 0.501066
24 86 0.457202
24 87 0.412014
24 88 0.366391
24 89 0.321065
24 90 0.276797
24 91 0.234621
24 92 0.194919
24 93 0.158623
24 94 0.126287
24 95 0.0981893
24 96 0.0751706
24 97 0.0575817
24 98 0.0457285
24 99 0.0397462
24 100 0.00494179
24 101 0

25 0 0
25 1 0.00732278
25 2 0.0589007
25 3 0.0648008
25 4 0.0765772
25 5 0.0939607
25 6 0.11664
25 7 0.144376
25 8 0.176632
25 9 0.212871
25 10 0.25225
25 11 0.294251
25 12 0.338097
25 13 0.383093
25 14 0.428261
25 15 0.473091
25 16 0.516485
25 17 0.557832
25 18 0.596558
25 19 0.632044
25 20 0.663328
25 21 0.690016
25 22 0.711586
25 23 0.727464
25 24 0.737689
25 25 0.742055
25 26 0.740107
25 27 0.731965
25 28 0.717824
25 29 0.697622
25 30 0.671942
25 31 0.640899
25 32 0.605099
25 33 0.56505
25 34 0.521304
25 35 0.474536
25 36 0.425543
25 37 0.375051
25 38 0.323851
25 39 0.272694
25 40 0.222288
25 41 0.173444
25 42 0.127048
25 43 0.0837948
25 44 0.0442775
25 45 0.00923441
25 46 -0.0208709
25 47 -0.0455704
25 48 -0.064429
25 49 -0.0772825
25 50 -0.0839583
25 51 -0.0842027
25 52 -0.0780894
25 53 -0.0657198
25 54 -0.0471809
25 55 -0.0228976
25 56 0.00677068
25 57 0.041344
25 58 0.0803388
25 59 0.123295
25 60 0.169371
25 61 0.21775
25 62 0.267749
25 63 0.31844
25 64 0.369206
25 65 0.419406
25 66 0.468026
25 67 0.514349
25 68 0.557773
25 69 0.597495
25 70 0.632967
25 71 0.663754
25 72 0.6895
25 73 0.709393
25 74 0.723529
25 75 0.731567
25 76 0.733405
25 77 0.729194
25 78 0.719027
25 79 0.703092
25 80 0.681821
25 81 0.655526
25 82 0.624419
25 83 0.589287
25 84 0.550767
25 85 0.509677
25 86 0.466512
25 87 0.422055
25 88 0.376978
25 89 0.332302
25 90 0.288724
25 91 0.247064
25 92 0.207913
25 93 0.172125
25 94 0.140131
25 95 0.112469
25 96 0.0897568
25 97 0.0724154
25 98 0.0606131
25 99 0.0548223
25 100 0.00682843
25 101 0

26 0 0
26 1 0.00829204
26 2 0.0666573
26 3 0.0724517
26 4 0.0840698
26 5 0.101198
26 6 0.123629
26 7 0.150957
26 8 0.182898
26 9 0.218775
26 10 0.257799
26 11 0.299417
26 12 0.342671
26 13 0.387034
26 14 0.431629
26 15 0.47588
26 16 0.518674
26 17 0.559523
26 18 0.597732
26 19 0.632556
26 20 0.663366
26 21 0.689618
26 22 0.710719
26 23 0.726205
26 24 0.736051
26 25 0.740107
26 26 0.737959
26 27 0.729537
26 28 0.715213
26 29 0.695023
26 30 0.669285
26 31 0.638247
26 32 0.60252
26 33 0.562638
26 34 0.519039
26 35 0.472507
26 36 0.423778
26 37 0.373495
26 38 0.322617
26 39 0.271632
26 40 0.221563
26 41 0.173073
26 42 0.126977
26 43 0.0840148
26 44 0.0448896
26 45 0.0101059
26 46 -0.0198072
26 47 -0.0443454
26 48 -0.0631577
26 49 -0.0758864
