0 0 0
0 1 0
0 2 0
0 3 0
0 4 0
0 5 0
0 6 0
0 7 0
0 8 0
0 9 0
0 10 0
0 11 0
0 12 0
0 13 0
0 14 0
0 15 0
0 16 0
0 17 0
0 18 0
0 19 0
0 20 0
0 21 0
0 22 0
0 23 0
0 24 0
0 25 0
0 26 0
0 27 0
0 28 0
0 29 0
0 30 0
0 31 0
0 32 0
0 33 0
0 34 0
0 35 0
0 36 0
0 37 0
0 38 0
0 39 0
0 40 0
0 41 0
0 42 0
0 43 0
0 44 0
0 45 0
0 46 0
0 47 0
0 48 0
0 49 0
0 50 0
0 51 0
0 52 0
0 53 0
0 54 0
0 55 0
0 56 0
0 57 0
0 58 0
0 59 0
0 60 0
0 61 0
0 62 0
0 63 0
0 64 0
0 65 0
0 66 0
0 67 0
0 68 0
0 69 0
0 70 0
0 71 0
0 72 0
0 73 0
0 74 0
0 75 0
0 76 0
0 77 0
0 78 0
0 79 0
0 80 0
0 81 0
0 82 0
0 83 0
0 84 0
0 85 0
0 86 0
0 87 0
0 88 0
0 89 0
0 90 0
0 91 0
0 92 0
0 93 0
0 94 0
0 95 0
0 96 0
0 97 0
0 98 0
0 99 0
0 100 0
0 101 0

1 0 0
1 1 0
1 2 -0.133722
1 3 -0.132344
1 4 -0.12992
1 5 -0.126446
1 6 -0.122031
1 7 -0.116655
1 8 -0.110515
1 9 -0.103633
1 10 -0.096117
1 11 -0.0880737
1 12 -0.0796762
1 13 -0.0710139
1 14 -0.0622489
1 15 -0.0534956
1 16 -0.0449751
1 17 -0.0367784
1 18 -0.0290349
1 19 -0.021859
1 20 -0.0153936
1 21 -0.00974543
1 22 -0.00498291
1 23 -0.00121888
1 24 0.00156683
1 25 0.00327504
1 26 0.00390382
1 27 0.00340103
1 28 0.0018377
1 29 -0.000772294
1 30 -0.00438275
1 31 -0.0089688
1 32 -0.0144689
1 33 -0.0207518
1 34 -0.0276648
1 35 -0.0351068
1 36 -0.0429863
1 37 -0.0511891
1 38 -0.0595234
1 39 -0.0678927
1 40 -0.0761689
1 41 -0.0842831
1 42 -0.0919887
1 43 -0.0992152
1 44 -0.105795
1 45 -0.111672
1 46 -0.116689
1 47 -0.12081
1 48 -0.123981
1 49 -0.126138
1 50 -0.127219
1 51 -0.12722
1 52 -0.126143
1 53 -0.123982
1 54 -0.120807
1 55 -0.11666
1 56 -0.111578
1 57 -0.105662
1 58 -0.0990201
1 59 -0.0918081
1 60 -0.0840555
1 61 -0.0759859
1 62 -0.0676708
1 63 -0.05924
1 64 -0.050816
1 65 -0.0426166
1 66 -0.0347414
1 67 -0.0272629
1 68 -0.0203253
1 69 -0.0140678
1 70 -0.00859823
1 71 -0.00403486
1 72 -0.000449932
1 73 0.00211214
1 74 0.00365643
1 75 0.00407862
1 76 0.00344842
1 77 0.0017405
1 78 -0.00103195
1 79 -0.00485056
1 80 -0.00963574
1 81 -0.0153397
1 82 -0.021829
1 83 -0.0289999
1 84 -0.0367762
1 85 -0.0450561
1 86 -0.05367
1 87 -0.0624483
1 88 -0.0712772
1 89 -0.0799603
1 90 -0.0884294
1 91 -0.0965114
1 92 -0.104055
1 93 -0.110929
1 94 -0.11713
1 95 -0.122486
1 96 -0.126966
1 97 -0.130434
1 98 -0.132925
1 99 -0.134314
1 100 0
1 101 0

2 0 0
2 1 -0.133722
2 2 -1.07482
2 3 -1.06391
2 4 -1.04434
2 5 -1.01645
2 6 -0.980756
2 7 -0.937795
2 8 -0.888309
2 9 -0.832945
2 10 -0.772515
2 11 -0.707994
2 12 -0.640373
2 13 -0.570753
2 14 -0.500272
2 15 -0.430128
2 16 -0.361532
2 17 -0.295606
2 18 -0.233395
2 19 -0.17582
2 20 -0.123839
2 21 -0.0784058
2 22 -0.0401573
2 23 -0.00969793
2 24 0.0125568
2 25 0.0262491
2 26 0.031254
2 27 0.0274488
2 28 0.0149194
2 29 -0.00603204
2 30 -0.0351919
2 31 -0.0721883
2 32 -0.116348
2 33 -0.166669
2 34 -0.222275
2 35 -0.282198
2 36 -0.345491
2 37 -0.41121
2 38 -0.47829
2 39 -0.545685
2 40 -0.612398
2 41 -0.677294
2 42 -0.739277
2 43 -0.797235
2 44 -0.850219
2 45 -0.897351
2 46 -0.937796
2 47 -0.971027
2 48 -0.996516
2 49 -1.0137
2 50 -1.02237
2 51 -1.02239
2 52 -1.01375
2 53 -0.996485
2 54 -0.970951
2 55 -0.937525
2 56 -0.896668
2 57 -0.849134
2 58 -0.795811
2 59 -0.73768
2 60 -0.675654
2 61 -0.610643
2 62 -0.543739
2 63 -0.475958
2 64 -0.408524
2 65 -0.342568
2 66 -0.279083
2 67 -0.219043
2 68 -0.16338
2 69 -0.113073
2 70 -0.0691454
2 71 -0.0324194
2 72 -0.00356079
2 73 0.0171161
2 74 0.0293163
2 75 0.0328955
2 76 0.0278179
2 77 0.0140033
2 78 -0.00841053
2 79 -0.0391043
2 80 -0.0775792
2 81 -0.123317
2 82 -0.175464
2 83 -0.233214
2 84 -0.29578
2 85 -0.362216
2 86 -0.431353
2 87 -0.501951
2 88 -0.572818
2 89 -0.642767
2 90 -0.710715
2 91 -0.775582
2 92 -0.836243
2 93 -0.891794
2 94 -0.941512
2 95 -0.984631
2 96 -1.02053
2 97 -1.04865
2 98 -1.06847
2 99 -1.07956
2 100 -0.134314
2 101 0

3 0 0
3 1 -0.132344
3 2 -1.06391
3 3 -1.05325
3 4 -1.03363
3 5 -1.0059
3 6 -0.970123
3 7 -0.927579
3 8 -0.878089
3 9 -0.822849
3 10 -0.762568
3 11 -0.698242
3 12 -0.630584
3 13 -0.561062
3 14 -0.490665
3 15 -0.420927
3 16 -0.352401
3 17 -0.28657
3 18 -0.224493
3 19 -0.167172
3 20 -0.115363
3 21 -0.0699275
3 22 -0.0317745
3 23 -0.00113955
3 24 0.0208753
3 25 0.0344929
3 26 0.0393294
3 27 0.0357417
3 28 0.0233472
3 29 0.00237997
3 30 -0.0269427
3 31 -0.0640591
3 32 -0.108074
3 33 -0.158117
3 34 -0.213589
3 35 -0.273421
3 36 -0.33652
3 37 -0.401915
3 38 -0.469024
3 39 -0.536448
3 40 -0.603216
3 41 -0.667772
3 42 -0.729683
3 43 -0.787349
3 44 -0.840313
3 45 -0.887227
3 46 -0.927813
3 47 -0.961074
3 48 -0.98643
3 49 -1.00349
3 50 -1.01211
3 51 -1.0121
3 52 -1.00343
3 53 -0.986395
3 54 -0.960906
3 55 -0.927381
3 56 -0.88661
3 57 -0.839229
3 58 -0.786176
3 59 -0.727962
3 60 -0.66622
3 61 -0.601178
3 62 -0.534279
3 63 -0.466636
3 64 -0.399583
3 65 -0.333728
3 66 -0.270235
3 67 -0.210307
3 68 -0.154914
3 69 -0.104788
3 70 -0.0609468
3 71 -0.0242081
3 72 0.00473335
3 73 0.0254397
3 74 0.037468
3 75 0.0413121
3 76 0.0361943
3 77 0.0223569
3 78 -0.000152238
3 79 -0.0307961
3 80 -0.0692741
3 81 -0.114728
3 82 -0.166721
3 83 -0.224481
3 84 -0.286956
3 85 -0.353111
3 86 -0.421978
3 87 -0.492421
3 88 -0.56303
3 89 -0.633024
3 90 -0.700738
3 91 -0.765374
3 92 -0.825953
3 93 -0.881713
3 94 -0.931148
3 95 -0.974216
3 96 -1.00987
3 97 -1.03809
3 98 -1.05763
3 99 -1.06856
3 100 -0.132936
3 101 0

4 0 0
4 1 -0.12992
4 2 -1.04434
4 3 -1.03363
4 4 -1.01436
4 5 -0.986617
4 6 -0.951492
4 7 -0.908691
4 8 -0.859286
4 9 -0.804446
4 10 -0.744172
4 11 -0.680151
4 12 -0.612487
4 13 -0.54294
4 14 -0.472917
4 15 -0.403111
4 16 -0.33478
4 17 -0.268971
4 18 -0.206998
4 19 -0.149946
4 20 -0.0984406
4 21 -0.0529109
4 22 -0.0146036
4 23 0.0154837
4 24 0.0377934
4 25 0.0511438
4 26 0.0561068
4 27 0.0520626
4 28 0.0398004
4 29 0.018787
4 30 -0.0108994
4 31 -0.0478959
4 32 -0.0916733
4 33 -0.14167
4 34 -0.196878
4 35 -0.256464
4 36 -0.319582
4 37 -0.385297
4 38 -0.451983
4 39 -0.519253
4 40 -0.58595
4 41 -0.65035
4 42 -0.712145
4 43 -0.77
4 44 -0.822677
4 45 -0.869676
4 46 -0.910295
4 47 -0.943361
4 48 -0.968584
4 49 -0.985791
4 50 -0.994525
4 51 -0.994253
4 52 -0.985721
4 53 -0.968625
4 54 -0.943199
4 55 -0.90975
4 56 -0.868926
4 57 -0.821691
4 58 -0.768693
4 59 -0.710648
4 60 -0.648829
4 61 -0.583751
4 62 -0.517406
4 63 -0.449789
4 64 -0.38255
4 65 -0.31693
4 66 -0.253297
4 67 -0.193685
4 68 -0.138293
4 69 -0.0884255
4 70 -0.0448963
4 71 -0.00799069
4 72 0.0210381
4 73 0.0419273
4 74 0.0542712
4 75 0.0576661
4 76 0.0529741
4 77 0.0389051
4 78 0.0169569
4 79 -0.0138487
4 80 -0.0523957
4 81 -0.0978421
4 82 -0.149482
4 83 -0.206958
4 84 -0.269583
4 85 -0.335574
4 86 -0.404241
4 87 -0.474327
4 88 -0.544911
4 89 -0.614754
4 90 -0.682468
4 91 -0.747153
4 92 -0.807378
4 93 -0.862961
4 94 -0.912314
4 95 -0.955107
4 96 -0.990816
4 97 -1.01853
4 98 -1.03801
4 99 -1.04882
4 100 -0.130476
4 101 0

5 0 0
5 1 -0.126446
5 2 -1.01645
5 3 -1.0059
5 4 -0.986617
5 5 -0.959396
5 6 -0.924326
5 7 -0.881767
5 8 -0.83269
5 9 -0.777466
5 10 -0.717488
5 11 -0.653311
5 12 -0.586135
5 13 -0.516927
5 14 -0.446828
5 15 -0.377193
5 16 -0.309124
5 17 -0.243483
5 18 -0.181705
5 19 -0.124727
5 20 -0.0732142
5 21 -0.0280444
5 22 0.010216
5 23 0.0404669
5 24 0.0625367
5 25 0.075914
5 26 0.0806665
5 27 0.0765604
5 28 0.0639408
5 29 0.0426504
5 30 0.0132401
5 31 -0.0237109
5 32 -0.0671584
5 33 -0.116966
5 34 -0.172232
5 35 -0.231893
5 36 -0.294979
5 37 -0.360297
5 38 -0.42697
5 39 -0.494239
5 40 -0.560626
5 41 -0.625231
5 42 -0.686887
5 43 -0.744939
5 44 -0.797735
5 45 -0.844538
5 46 -0.884912
5 47 -0.918
5 48 -0.94302
5 49 -0.960177
5 50 -0.969009
5 51 -0.968777
5 52 -0.960259
5 53 -0.943153
5 54 -0.917533
5 55 -0.88423
5 56 -0.843668
5 57 -0.79656
5 58 -0.743691
5 59 -0.685673
5 60 -0.623632
5 61 -0.558938
5 62 -0.492118
5 63 -0.424848
5 64 -0.357831
5 65 -0.292089
5 66 -0.22883
5 67 -0.169052
5 68 -0.113868
5 69 -0.0640013
5 70 -0.0203725
5 71 0.0160245
5 72 0.0453338
5 73 0.0662055
5 74 0.0785436
5 75 0.0824155
5 76 0.0775114
5 77 0.0636757
5 78 0.0415597
5 79 0.0109389
5 80 -0.027292
5 81 -0.0725251
5 82 -0.124369
5 83 -0.182042
5 84 -0.2441
5 85 -0.309762
5 86 -0.378274
5 87 -0.448403
5 88 -0.518757
5 89 -0.588377
5 90 -0.655907
5 91 -0.720076
5 92 -0.780541
5 93 -0.835889
5 94 -0.885312
5 95 -0.927798
5 96 -0.96316
5 97 -0.990719
5 98 -1.00995
5 99 -1.02068
5 100 -0.126992
5 101 0

6 0 0
6 1 -0.122031
6 2 -0.980756
6 3 -0.970123
6 4 -0.951492
6 5 -0.924326
6 6 -0.889165
6 7 -0.846963
6 8 -0.797914
6 9 -0.742918
6 10 -0.683104
6 11 -0.61914
6 12 -0.551977
6 13 -0.483051
6 14 -0.41319
6 15 -0.343774
6 16 -0.275939
6 17 -0.21051
6 18 -0.148917
6 19 -0.0920846
6 20 -0.0406277
6 21 0.00443627
6 22 0.0424341
6 23 0.0728065
6 24 0.0947206
6 25 0.107908
6 26 0.112477
6 27 0.108532
6 28 0.0955418
6 29 0.0742079
6 30 0.045025
6 31 0.00818718
6 32 -0.0353185
6 33 -0.0849074
6 34 -0.140167
6 35 -0.199607
6 36 -0.262768
6 37 -0.32819
6 38 -0.394727
6 39 -0.46195
6 40 -0.528159
6 41 -0.592689
6 42 -0.654437
6 43 -0.71271
6 44 -0.765405
6 45 -0.812046
6 46 -0.852135
6 47 -0.885173
6 48 -0.910403
6 49 -0.927391
6 50 -0.936099
6 51 -0.936197
6 52 -0.927595
6 53 -0.91028
6 54 -0.884673
6 55 -0.851325
6 56 -0.810987
6 57 -0.764243
6 58 -0.7113
6 59 -0.653273
6 60 -0.591271
6 61 -0.526676
6 62 -0.459769
6 63 -0.392882
6 64 -0.325834
6 65 -0.259802
6 66 -0.196824
6 67 -0.13704
6 68 -0.0818185
6 69 -0.0319674
6 70 0.0113434
6 71 0.047631
6 72 0.076989
6 73 0.0981007
6 74 0.110331
6 75 0.114187
6 76 0.109381
6 77 0.095942
6 78 0.0737217
6 79 0.043322
6 80 0.00513973
6 81 -0.0401944
6 82 -0.0917912
6 83 -0.149206
6 84 -0.211236
6 85 -0.276613
6 86 -0.344967
6 87 -0.414841
6 88 -0.484672
6 89 -0.554109
6 90 -0.621514
6 91 -0.6856
6 92 -0.745775
6 93 -0.800924
6 94 -0.850012
6 95 -0.892708
6 96 -0.927959
6 97 -0.955108
6 98 -0.974305
6 99 -0.984695
6 100 -0.122489
6 101 0

7 0 0
7 1 -0.116655
7 2 -0.937795
7 3 -0.927579
7 4 -0.908691
7 5 -0.881767
7 6 -0.846963
7 7 -0.804662
7 8 -0.756065
7 9 -0.701313
7 10 -0.64154
7 11 -0.577488
7 12 -0.510707
7 13 -0.441903
7 14 -0.372206
7 15 -0.302936
7 16 -0.235328
7 17 -0.17016
7 18 -0.108793
7 19 -0.0522479
7 20 -0.00088018
7 21 0.0440822
7 22 0.0818864
7 23 0.11191
7 24 0.133651
7 25 0.146852
7 26 0.151156
7 27 0.146894
7 28 0.134131
7 29 0.112971
7 30 0.0837262
7 31 0.0468591
7 32 0.00345538
7 33 -0.0462147
7 34 -0.101337
7 35 -0.160783
7 36 -0.223811
7 37 -0.289167
7 38 -0.355816
7 39 -0.423061
7 40 -0.489357
7 41 -0.553771
7 42 -0.61528
7 43 -0.673304
7 44 -0.72587
7 45 -0.77274
7 46 -0.81318
7 47 -0.846144
7 48 -0.871171
7 49 -0.888354
7 50 -0.896858
7 51 -0.896872
7 52 -0.888336
7 53 -0.871228
7 54 -0.845605
7 55 -0.812245
7 56 -0.771752
7 57 -0.724814
7 58 -0.671958
7 59 -0.614234
7 60 -0.552308
7 61 -0.487708
7 62 -0.421217
7 63 -0.354116
7 64 -0.286967
7 65 -0.221133
7 66 -0.157946
7 67 -0.0982039
7 68 -0.0430632
7 69 0.00666421
7 70 0.0500842
7 71 0.0863647
7 72 0.115618
7 73 0.136639
7 74 0.149009
7 75 0.15307
7 76 0.148221
7 77 0.134666
7 78 0.112773
7 79 0.0826354
7 80 0.0445896
7 81 -0.000434124
7 82 -0.0518327
7 83 -0.109149
7 84 -0.170834
7 85 -0.236234
7 86 -0.304344
7 87 -0.373759
7 88 -0.443559
7 89 -0.512533
7 90 -0.579706
7 91 -0.64373
7 92 -0.703816
7 93 -0.758644
7 94 -0.807758
7 95 -0.850138
7 96 -0.885236
7 97 -0.912386
7 98 -0.931251
7 99 -0.941435
7 100 -0.117106
7 101 0

8 0 0
8 1 -0.110515
8 2 -0.888309
8 3 -0.878089
8 4 -0.859286
8 5 -0.83269
8 6 -0.797914
8 7 -0.756065
8 8 -0.707499
8 9 -0.652872
8 10 -0.593136
8 11 -0.529412
8 12 -0.462716
8 13 -0.394156
8 14 -0.324702
8 15 -0.255611
8 16 -0.188228
8 17 -0.123517
8 18 -0.062343
8 19 -0.0059537
8 20 0.0453415
8 21 0.0902781
8 22 0.127499
8 23 0.157337
8 24 0.178792
8 25 0.192001
8 26 0.196113
8 27 0.192051
8 28 0.178973
8 29 0.157827
8 30 0.128378
8 31 0.0916454
8 32 0.0483428
8 33 -0.0012732
8 34 -0.0563441
8 35 -0.115994
8 36 -0.178899
8 37 -0.244337
8 38 -0.310845
8 39 -0.378138
8 40 -0.444567
8 41 -0.50878
8 42 -0.570391
8 43 -0.628233
8 44 -0.68069
8 45 -0.727512
8 46 -0.767931
8 47 -0.80083
8 48 -0.825836
8 49 -0.843132
8 50 -0.851695
8 51 -0.85158
8 52 -0.842908
8 53 -0.825816
8 54 -0.800319
8 55 -0.767109
8 56 -0.726573
8 57 -0.679844
8 58 -0.62697
8 59 -0.569206
8 60 -0.507524
8 61 -0.442822
8 62 -0.376276
8 63 -0.309188
8 64 -0.24215
8 65 -0.1766
8 66 -0.113162
8 67 -0.0535386
8 68 0.00174594
8 69 0.0515717
8 70 0.09491
8 71 0.131381
8 72 0.160256
8 73 0.181484
8 74 0.193826
8 75 0.198059
8 76 0.193283
8 77 0.180036
8 78 0.158047
8 79 0.128492
8 80 0.0906149
8 81 0.0456019
8 82 -0.0056606
8 83 -0.0626373
8 84 -0.124155
8 85 -0.189355
8 86 -0.257156
8 87 -0.326258
8 88 -0.395703
8 89 -0.464479
8 90 -0.531324
8 91 -0.595213
8 92 -0.654998
8 93 -0.709809
8 94 -0.758621
8 95 -0.800853
8 96 -0.835697
8 97 -0.862772
8 98 -0.881417
8 99 -0.891647
8 100 -0.110934
8 101 0

9 0 0
9 1 -0.103633
9 2 -0.832945
9 3 -0.822849
9 4 -0.804446
9 5 -0.777466
9 6 -0.742918
9 7 -0.701313
9 8 -0.652872
9 9 -0.598662
9 10 -0.539015
9 11 -0.475546
9 12 -0.409249
9 13 -0.340904
9 14 -0.271567
9 15 -0.20267
9 16 -0.135415
9 17 -0.0708876
9 18 -0.00989895
9 19 0.0461344
9 20 0.096903
9 21 0.141502
9 22 0.178474
9 23 0.207989
9 24 0.22965
9 25 0.242633
9 26 0.246775
9 27 0.242338
9 28 0.229326
9 29 0.208
9 30 0.178463
9 31 0.141819
9 32 0.0984302
9 33 0.0489074
9 34 -0.00622247
9 35 -0.0658384
9 36 -0.128825
9 37 -0.194226
9 38 -0.260846
9 39 -0.327828
9 40 -0.394336
9 41 -0.458549
9 42 -0.520216
9 43 -0.577822
9 44 -0.630344
9 45 -0.676948
9 46 -0.716982
9 47 -0.749881
9 48 -0.775178
9 49 -0.792364
9 50 -0.801042
9 51 -0.801072
9 52 -0.792327
9 53 -0.774985
9 54 -0.749594
9 55 -0.716411
9 56 -0.676016
9 57 -0.629243
9 58 -0.576604
9 59 -0.518962
9 60 -0.457453
9 61 -0.39258
9 62 -0.326286
9 63 -0.259156
9 64 -0.192233
9 65 -0.126527
9 66 -0.063195
9 67 -0.00349424
9 68 0.05183
9 69 0.101524
9 70 0.144783
9 71 0.18143
9 72 0.210463
9 73 0.231686
9 74 0.24432
9 75 0.248569
9 76 0.243866
9 77 0.230373
9 78 0.208948
9 79 0.179492
9 80 0.14196
9 81 0.0973188
9 82 0.046339
9 83 -0.0103301
9 84 -0.0716992
9 85 -0.13673
9 86 -0.204229
9 87 -0.273125
9 88 -0.342274
9 89 -0.410808
9 90 -0.477446
9 91 -0.540919
9 92 -0.600345
9 93 -0.654923
9 94 -0.703336
9 95 -0.745482
9 96 -0.780366
9 97 -0.807356
9 98 -0.825947
9 99 -0.835958
9 100 -0.103997
9 101 0

10 0 0
10 1 -0.096117
10 2 -0.772515
10 3 -0.762568
10 4 -0.744172
10 5 -0.717488
10 6 -0.683104
10 7 -0.64154
10 8 -0.593136
10 9 -0.539015
10 10 -0.479591
10 11 -0.416489
10 12 -0.350647
10 13 -0.282487
10 14 -0.213607
10 15 -0.145279
10 16 -0.0784005
10 17 -0.013883
10 18 0.0470029
10 19 0.103021
10 20 0.153376
10 21 0.197568
10 22 0.234361
10 23 0.263698
10 24 0.284899
10 25 0.29783
10 26 0.301857
10 27 0.29753
10 28 0.284227
10 29 0.262706
10 30 0.232983
10 31 0.196304
10 32 0.152874
10 33 0.103067
10 34 0.0481566
10 35 -0.0115884
10 36 -0.0744507
10 37 -0.140046
10 38 -0.206559
10 39 -0.27338
10 40 -0.339522
10 41 -0.403873
10 42 -0.465349
10 43 -0.522765
10 44 -0.575302
10 45 -0.621913
10 46 -0.661901
10 47 -0.695047
10 48 -0.720128
10 49 -0.737429
10 50 -0.746103
10 51 -0.746061
10 52 -0.737268
10 53 -0.719998
10 54 -0.694401
10 55 -0.661601
10 56 -0.621089
10 57 -0.57437
10 58 -0.521798
10 59 -0.464193
10 60 -0.402606
10 61 -0.338018
10 62 -0.271929
10 63 -0.204856
10 64 -0.13777
10 65 -0.072494
10 66 -0.00913259
10 67 0.0504617
10 68 0.106047
10 69 0.15576
10 70 0.199162
10 71 0.235976
10 72 0.265158
10 73 0.286727
10 74 0.299235
10 75 0.303542
10 76 0.298827
10 77 0.285767
10 78 0.264653
10 79 0.235303
10 80 0.197989
10 81 0.153868
10 82 0.102964
10 83 0.0464203
10 84 -0.0147687
10 85 -0.0794385
10 86 -0.146567
10 87 -0.215076
10 88 -0.28405
10 89 -0.352054
10 90 -0.418152
10 91 -0.481178
10 92 -0.540348
10 93 -0.594897
10 94 -0.643312
10 95 -0.685311
10 96 -0.720016
10 97 -0.746804
10 98 -0.765251
10 99 -0.775196
10 100 -0.0964394
10 101 0

11 0 0
11 1 -0.0880737
11 2 -0.707994
11 3 -0.698242
11 4 -0.680151
11 5 -0.653311
11 6 -0.61914
11 7 -0.577488
11 8 -0.529412
11 9 -0.475546
11 10 -0.416489
11 11 -0.353773
11 12 -0.288116
11 13 -0.220234
11 14 -0.151651
11 15 -0.0835081
11 16 -0.0170259
11 17 0.0470039
11 18 0.10754
11 19 0.163353
11 20 0.21355
11 21 0.257263
11 22 0.293848
11 23 0.322786
11 24 0.343812
11 25 0.356496
11 26 0.360533
11 27 0.355724
11 28 0.342424
11 29 0.320741
11 30 0.291156
11 31 0.254503
11 32 0.210887
11 33 0.161039
11 34 0.105986
11 35 0.0465969
11 36 -0.0163536
11 37 -0.081838
11 38 -0.148527
11 39 -0.21539
11 40 -0.281535
11 41 -0.345786
11 42 -0.407024
11 43 -0.4642
11 44 -0.516715
11 45 -0.563414
11 46 -0.603384
11 47 -0.636465
11 48 -0.661502
11 49 -0.678648
11 50 -0.687293
11 51 -0.687198
11 52 -0.678484
11 53 -0.661308
11 54 -0.635886
11 55 -0.603098
11 56 -0.562646
11 57 -0.515839
11 58 -0.463453
11 59 -0.405962
11 60 -0.34455
11 61 -0.280061
11 62 -0.213933
11 63 -0.146824
11 64 -0.0796638
11 65 -0.0141505
11 66 0.0488393
11 67 0.108494
11 68 0.163634
11 69 0.213422
11 70 0.256975
11 71 0.293672
11 72 0.323024
11 73 0.344549
11 74 0.357516
11 75 0.362004
11 76 0.35771
11 77 0.344709
11 78 0.323888
11 79 0.294639
11 80 0.257762
11 81 0.213873
11 82 0.163249
11 83 0.107052
11 84 0.0462798
11 85 -0.0180519
11 86 -0.084752
11 87 -0.152992
11 88 -0.221677
11 89 -0.289404
11 90 -0.3552
11 91 -0.417824
11 92 -0.476645
11 93 -0.530894
11 94 -0.57932
11 95 -0.620836
11 96 -0.655441
11 97 -0.682037
11 98 -0.700409
11 99 -0.710255
11 100 -0.0883645
11 101 0

12 0 0
12 1 -0.0796762
12 2 -0.640373
12 3 -0.630584
12 4 -0.612487
12 5 -0.586135
12 6 -0.551977
12 7 -0.510707
12 8 -0.462716
12 9 -0.409249
12 10 -0.350647
12 11 -0.288116
12 12 -0.222635
12 13 -0.154845
12 14 -0.0864857
12 15 -0.0188142
12 16 0.047554
12 17 0.111014
12 18 0.1711
12 19 0.22655
12 20 0.276151
12 21 0.319498
12 22 0.355844
12 23 0.384887
12 24 0.405395
12 25 0.418105
12 26 0.421992
12 27 0.417164
12 28 0.40351
12 29 0.381852
12 30 0.352144
12 31 0.315356
12 32 0.271643
12 33 0.221636
12 34 0.166527
12 35 0.106989
12 36 0.0441459
12 37 -0.0212952
12 38 -0.0878398
12 39 -0.154676
12 40 -0.220789
12 41 -0.284683
12 42 -0.34588
12 43 -0.403305
12 44 -0.455763
12 45 -0.502521
12 46 -0.542606
12 47 -0.575553
12 48 -0.600469
12 49 -0.617541
12 50 -0.626119
12 51 -0.626056
12 52 -0.617519
12 53 -0.60047
12 54 -0.575169
12 55 -0.542458
12 56 -0.501995
12 57 -0.455127
12 58 -0.402327
12 59 -0.344831
12 60 -0.283567
12 61 -0.219357
12 62 -0.153304
12 63 -0.0860757
12 64 -0.0191862
12 65 0.0461215
12 66 0.109389
12 67 0.168821
12 68 0.22397
12 69 0.273964
12 70 0.317648
12 71 0.354532
12 72 0.383826
12 73 0.405679
12 74 0.418652
12 75 0.4233
12 76 0.419204
12 77 0.406624
12 78 0.3855
12 79 0.356693
12 80 0.320043
12 81 0.276538
12 82 0.226417
12 83 0.170803
12 84 0.110516
12 85 0.0465337
12 86 -0.0197413
12 87 -0.0878902
12 88 -0.156308
12 89 -0.223665
12 90 -0.289181
12 91 -0.351584
12 92 -0.410068
12 93 -0.464028
12 94 -0.511992
12 95 -0.553429
12 96 -0.587679
12 97 -0.614184
12 98 -0.632433
12 99 -0.642171
12 100 -0.0798944
12 101 0

13 0 0
13 1 -0.0710139
13 2 -0.570753
13 3 -0.561062
13 4 -0.54294
13 5 -0.516927
13 6 -0.483051
13 7 -0.441903
13 8 -0.394156
13 9 -0.340904
13 10 -0.282487
13 11 -0.220234
13 12 -0.154845
13 13 -0.0877825
13 14 -0.0196601
13 15 0.0477108
13 16 0.113624
13 17 0.176943
13 18 0.236551
13 19 0.291224
13 20 0.340285
13 21 0.3832
13 22 0.419238
13 23 0.44801
13 24 0.468516
13 25 0.480939
13 26 0.484723
13 27 0.479629
13 28 0.466005
13 29 0.444458
13 30 0.414853
13 31 0.377942
13 32 0.334155
13 33 0.284225
13 34 0.229029
13 35 0.169323
13 36 0.106391
13 37 0.0411865
13 38 -0.0255226
13 39 -0.0922851
13 40 -0.158221
13 41 -0.222256
13 42 -0.283489
13 43 -0.340538
13 44 -0.393173
13 45 -0.439757
13 46 -0.479895
13 47 -0.512714
13 48 -0.537507
13 49 -0.55461
13 50 -0.563277
13 51 -0.563082
13 52 -0.554479
13 53 -0.537713
13 54 -0.512511
13 55 -0.479749
13 56 -0.439366
13 57 -0.392418
13 58 -0.339947
13 59 -0.282282
13 60 -0.2213
13 61 -0.15701
13 62 -0.0906805
13 63 -0.0235637
13 64 0.0431488
13 65 0.108451
13 66 0.171594
13 67 0.23125
13 68 0.286295
13 69 0.336126
13 70 0.379904
13 71 0.416714
13 72 0.446027
13 73 0.467785
13 74 0.481078
13 75 0.486067
13 76 0.482071
13 77 0.469457
13 78 0.448805
13 79 0.419967
13 80 0.383759
13 81 0.340839
13 82 0.291082
13 83 0.235947
13 84 0.176298
13 85 0.112893
13 86 0.046907
13 87 -0.0207791
13 88 -0.088676
13 89 -0.155816
13 90 -0.220977
13 91 -0.28328
13 92 -0.341415
13 93 -0.395132
13 94 -0.442813
13 95 -0.484022
13 96 -0.518005
13 97 -0.544492
13 98 -0.562446
13 99 -0.572046
13 100 -0.0711733
13 101 0

14 0 0
14 1 -0.0622489
14 2 -0.500272
14 3 -0.490665
14 4 -0.472917
14 5 -0.446828
14 6 -0.41319
14 7 -0.372206
14 8 -0.324702
14 9 -0.271567
14 10 -0.213607
14 11 -0.151651
14 12 -0.0864857
14 13 -0.0196601
14 14 0.0475953
14 15 0.114721
14 16 0.180261
14 17 0.243107
14 18 0.302354
14 19 0.356739
14 20 0.40567
14 21 0.448266
14 22 0.483787
14 23 0.512043
14 24 0.532414
14 25 0.544563
14 26 0.548236
14 27 0.543271
14 28 0.529617
14 29 0.507938
14 30 0.478256
14 31 0.441077
14 32 0.397276
14 33 0.347324
14 34 0.29207
14 35 0.232249
14 36 0.169205
14 37 0.103835
14 38 0.0375356
14 39 -0.0291198
14 40 -0.0951414
14 41 -0.158967
14 42 -0.220238
14 43 -0.277415
14 44 -0.329743
14 45 -0.376454
14 46 -0.416543
14 47 -0.449253
14 48 -0.474302
14 49 -0.491403
14 50 -0.49996
14 51 -0.499817
14 52 -0.491104
14 53 -0.474193
14 54 -0.449288
14 55 -0.41653
14 56 -0.376261
14 57 -0.329476
14 58 -0.276711
14 59 -0.219111
14 60 -0.158161
14 61 -0.0937882
14 62 -0.0276023
14 63 0.0392545
14 64 0.105875
14 65 0.171269
14 66 0.234455
14 67 0.293942
14 68 0.349063
14 69 0.398847
14 70 0.44287
14 71 0.479942
14 72 0.509275
14 73 0.531117
14 74 0.5446
14 75 0.549557
14 76 0.545778
14 77 0.533375
14 78 0.512741
14 79 0.484483
14 80 0.448743
14 81 0.405766
14 82 0.356495
14 83 0.301765
14 84 0.242481
14 85 0.17957
14 86 0.114104
14 87 0.0469954
14 88 -0.0205297
14 89 -0.0871434
14 90 -0.152107
14 91 -0.214062
14 92 -0.271928
14 93 -0.325228
14 94 -0.3728
14 95 -0.413774
14 96 -0.447687
14 97 -0.47367
14 98 -0.491708
14 99 -0.501117
14 100 -0.0623391
14 101 0

15 0 0
15 1 -0.0534956
15 2 -0.430128
15 3 -0.420927
15 4 -0.403111
15 5 -0.377193
15 6 -0.343774
15 7 -0.302936
15 8 -0.255611
15 9 -0.20267
15 10 -0.145279
15 11 -0.0835081
15 12 -0.0188142
15 13 0.0477108
15 14 0.114721
15 15 0.181333
15 16 0.246449
15 17 0.308997
15 18 0.367877
15 19 0.421897
15 20 0.470314
15 21 0.512539
15 22 0.547833
15 23 0.575855
15 24 0.596179
15 25 0.608099
15 26 0.611727
15 27 0.606708
15 28 0.59303
15 29 0.571049
15 30 0.541305
15 31 0.504075
15 32 0.460171
15 33 0.410086
15 34 0.354605
15 35 0.294844
15 36 0.231898
15 37 0.166478
15 38 0.100193
15 39 0.0334423
15 40 -0.0322754
15 41 -0.0963332
15 42 -0.157293
15 43 -0.214524
15 44 -0.266777
15 45 -0.313589
15 46 -0.353758
15 47 -0.386441
15 48 -0.411458
15 49 -0.428308
15 50 -0.436756
15 51 -0.436691
15 52 -0.428174
15 53 -0.41134
15 54 -0.386594
15 55 -0.353776
15 56 -0.313652
15 57 -0.266737
15 58 -0.213838
15 59 -0.156425
15 60 -0.0951702
15 61 -0.0312181
15 62 0.0348546
15 63 0.101576
15 64 0.168452
15 65 0.233791
15 66 0.296826
15 67 0.356422
15 68 0.411486
15 69 0.461334
15 70 0.505511
15 71 0.542742
15 72 0.572479
15 73 0.594279
15 74 0.60803
15 75 0.613059
15 76 0.60931
15 77 0.596876
15 78 0.576446
15 79 0.54841
15 80 0.512916
15 81 0.470484
15 82 0.421582
15 83 0.3672
15 84 0.308427
15 85 0.246024
15 86 0.180867
15 87 0.11405
15 88 0.0470036
15 89 -0.0192937
15 90 -0.083865
15 91 -0.145216
15 92 -0.202976
15 93 -0.255753
15 94 -0.303004
15 95 -0.343854
15 96 -0.377649
15 97 -0.403506
15 98 -0.421305
15 99 -0.430526
15 100 -0.0535532
15 101 0

16 0 0
16 1 -0.0449751
16 2 -0.361532
16 3 -0.352401
16 4 -0.33478
16 5 -0.309124
16 6 -0.275939
16 7 -0.235328
16 8 -0.188228
16 9 -0.135415
16 10 -0.0784005
16 11 -0.0170259
16 12 0.047554
16 13 0.113624
16 14 0.180261
16 15 0.246449
16 16 0.311076
16 17 0.373344
16 18 0.431867
16 19 0.485478
16 20 0.533507
16 21 0.57555
16 22 0.610765
16 23 0.638746
16 24 0.658753
16 25 0.670232
16 26 0.673639
16 27 0.668566
16 28 0.654614
16 29 0.632558
16 30 0.602962
16 31 0.565727
16 32 0.521627
16 33 0.471412
16 34 0.415914
16 35 0.356338
16 36 0.29338
16 37 0.227879
16 38 0.161374
16 39 0.0947189
16 40 0.029011
16 41 -0.034986
16 42 -0.095959
16 43 -0.152955
16 44 -0.205191
16 45 -0.251946
16 46 -0.29199
16 47 -0.324847
16 48 -0.349865
16 49 -0.366436
16 50 -0.374742
16 51 -0.374864
16 52 -0.366449
16 53 -0.349667
16 54 -0.324831
16 55 -0.292157
16 56 -0.252056
16 57 -0.205345
16 58 -0.152665
16 59 -0.0951878
16 60 -0.0340032
16 61 0.0300441
16 62 0.0960904
16 63 0.162834
16 64 0.229667
16 65 0.295038
16 66 0.357866
16 67 0.41746
16 68 0.472719
16 69 0.522703
16 70 0.56681
16 71 0.603998
16 72 0.633792
16 73 0.655768
16 74 0.669536
16 75 0.674779
16 76 0.671412
16 77 0.659496
16 78 0.639313
16 79 0.611146
16 80 0.575683
16 81 0.533614
16 82 0.48524
16 83 0.431247
16 84 0.372795
16 85 0.310838
16 86 0.246038
16 87 0.179781
16 88 0.113155
16 89 0.0470177
16 90 -0.0171934
16 91 -0.0781477
16 92 -0.135563
16 93 -0.187955
16 94 -0.234896
16 95 -0.275479
16 96 -0.309023
16 97 -0.334804
16 98 -0.352392
16 99 -0.361443
16 100 -0.0449547
16 101 0

17 0 0
17 1 -0.0367784
17 2 -0.295606
17 3 -0.28657
17 4 -0.268971
17 5 -0.243483
17 6 -0.21051
17 7 -0.17016
17 8 -0.123517
17 9 -0.0708876
17 10 -0.013883
17 11 0.0470039
17 12 0.111014
17 13 0.176943
17 14 0.243107
17 15 0.308997
17 16 0.373344
17 17 0.434982
17 18 0.492981
17 19 0.546461
17 20 0.594419
17 21 0.636075
17 22 0.671312
17 23 0.699022
17 24 0.718771
17 25 0.730227
17 26 0.733272
17 27 0.727824
17 28 0.713958
17 29 0.691781
17 30 0.662129
17 31 0.624739
17 32 0.580588
17 33 0.530363
17 34 0.474904
17 35 0.415357
17 36 0.352318
17 37 0.286756
17 38 0.220201
17 39 0.153486
17 40 0.0878768
17 41 0.0239343
17 42 -0.036797
17 43 -0.0939191
17 44 -0.145907
17 45 -0.192664
17 46 -0.232674
17 47 -0.265524
17 48 -0.290646
17 49 -0.307307
17 50 -0.315471
17 51 -0.315636
17 52 -0.307299
17 53 -0.290596
17 54 -0.2657
17 55 -0.233004
17 56 -0.19288
17 57 -0.146137
17 58 -0.0935624
17 59 -0.03649
17 60 0.024906
17 61 0.0887031
17 62 0.154719
17 63 0.221547
17 64 0.288259
17 65 0.353633
17 66 0.416745
17 67 0.476399
17 68 0.531326
17 69 0.581433
17 70 0.625702
17 71 0.662759
17 72 0.692769
17 73 0.714758
17 74 0.728817
17 75 0.734262
17 76 0.73105
17 77 0.719449
17 78 0.699365
17 79 0.671538
17 80 0.636356
17 81 0.594171
17 82 0.546176
17 83 0.492598
17 84 0.434629
17 85 0.373103
17 86 0.308758
17 87 0.242889
17 88 0.176557
17 89 0.110917
17 90 0.0471603
17 91 -0.0135459
17 92 -0.0706272
17 93 -0.122736
17 94 -0.169471
17 95 -0.209795
17 96 -0.243111
17 97 -0.268568
17 98 -0.286087
17 99 -0.294998
17 100 -0.0366891
17 101 0

18 0 0
18 1 -0.0290349
18 2 -0.233395
18 3 -0.224493
18 4 -0.206998
18 5 -0.181705
18 6 -0.148917
18 7 -0.108793
18 8 -0.062343
18 9 -0.00989895
18 10 0.0470029
18 11 0.10754
18 12 0.1711
18 13 0.236551
18 14 0.302354
18 15 0.367877
18 16 0.431867
18 17 0.492981
18 18 0.550618
18 19 0.603888
18 20 0.651741
18 21 0.693281
18 22 0.728209
18 23 0.755634
18 24 0.775103
18 25 0.78631
18 26 0.789509
18 27 0.783941
18 28 0.77009
18 29 0.747982
18 30 0.717847
18 31 0.680541
18 32 0.636384
18 33 0.586227
18 34 0.530751
18 35 0.471053
18 36 0.407979
18 37 0.342407
18 38 0.275618
18 39 0.208839
18 40 0.143215
18 41 0.0793365
18 42 0.0185042
18 43 -0.0383534
18 44 -0.0904329
18 45 -0.136972
18 46 -0.17694
18 47 -0.209521
18 48 -0.234643
18 49 -0.251491
18 50 -0.259909
18 51 -0.260031
18 52 -0.251535
18 53 -0.234585
18 54 -0.209873
18 55 -0.177173
18 56 -0.137267
18 57 -0.0905928
18 58 -0.0382308
18 59 0.0188826
18 60 0.0800301
18 61 0.143882
18 62 0.209858
18 63 0.276982
18 64 0.343635
18 65 0.408997
18 66 0.472336
18 67 0.531927
18 68 0.586851
18 69 0.636905
18 70 0.681086
18 71 0.718494
18 72 0.748439
18 73 0.770616
18 74 0.78473
18 75 0.790054
18 76 0.787034
18 77 0.77554
18 78 0.75595
18 79 0.728499
18 80 0.693499
18 81 0.651493
18 82 0.603606
18 83 0.550392
18 84 0.492864
18 85 0.431663
18 86 0.367811
18 87 0.302348
18 88 0.236402
18 89 0.171334
18 90 0.107947
18 91 0.0474264
18 92 -0.00934743
18 93 -0.0612988
18 94 -0.107853
18 95 -0.14783
18 96 -0.180798
18 97 -0.206172
18 98 -0.223359
18 99 -0.232302
18 100 -0.0289112
18 101 0

19 0 0
19 1 -0.021859
19 2 -0.17582
19 3 -0.167172
19 4 -0.149946
19 5 -0.124727
19 6 -0.0920846
19 7 -0.0522479
19 8 -0.0059537
19 9 0.0461344
19 10 0.103021
19 11 0.163353
19 12 0.22655
19 13 0.291224
19 14 0.356739
19 15 0.421897
19 16 0.485478
19 17 0.546461
19 18 0.603888
19 19 0.657137
19 20 0.704743
19 21 0.746122
19 22 0.780705
19 23 0.807913
19 24 0.827205
19 25 0.838488
19 26 0.841436
19 27 0.835867
19 28 0.821896
19 29 0.799612
19 30 0.769503
19 31 0.732131
19 32 0.687935
19 33 0.63771
19 34 0.582252
19 35 0.522423
19 36 0.459409
19 37 0.394076
19 38 0.327218
19 39 0.260284
19 40 0.194363
19 41 0.13044
19 42 0.0696148
19 43 0.0128347
19 44 -0.0393061
19 45 -0.0858594
19 46 -0.125709
19 47 -0.158208
19 48 -0.183098
19 49 -0.199995
19 50 -0.208441
19 51 -0.208574
19 52 -0.199996
19 53 -0.183156
19 54 -0.158279
19 55 -0.125824
19 56 -0.0860637
19 57 -0.0395246
19 58 0.0126782
19 59 0.0696945
19 60 0.1309
19 61 0.195072
19 62 0.261213
19 63 0.328298
19 64 0.394805
19 65 0.460179
19 66 0.523451
19 67 0.583037
19 68 0.638053
19 69 0.688172
19 70 0.732447
19 71 0.769869
19 72 0.799844
19 73 0.822164
19 74 0.836354
19 75 0.841864
19 76 0.838815
19 77 0.827588
19 78 0.808205
19 79 0.780974
19 80 0.74633
19 81 0.70468
19 82 0.656803
19 83 0.603905
19 84 0.546446
19 85 0.485514
19 86 0.421994
19 87 0.357023
19 88 0.29161
19 89 0.226772
19 90 0.163813
19 91 0.103444
19 92 0.04698
19 93 -0.00471124
19 94 -0.0508262
19 95 -0.0906688
19 96 -0.123368
19 97 -0.1485
19 98 -0.165585
19 99 -0.174263
19 100 -0.021677
19 101 0

20 0 0
20 1 -0.0153936
20 2 -0.123839
20 3 -0.115363
20 4 -0.0984406
20 5 -0.0732142
20 6 -0.0406277
20 7 -0.00088018
20 8 0.0453415
20 9 0.096903
20 10 0.153376
20 11 0.21355
20 12 0.276151
20 13 0.340285
20 14 0.40567
20 15 0.470314
20 16 0.533507
20 17 0.594419
20 18 0.651741
20 19 0.704743
20 20 0.752288
20 21 0.793368
20 22 0.827866
20 23 0.854909
20 24 0.87426
20 25 0.885376
20 26 0.888087
20 27 0.882581
20 28 0.8684
20 29 0.845827
20 30 0.815742
20 31 0.778363
20 32 0.73398
20 33 0.683801
20 34 0.628331
20 35 0.568603
20 36 0.505542
20 37 0.440308
20 38 0.373574
20 39 0.306506
20 40 0.240633
20 41 0.176552
20 42 0.115868
20 43 0.0590161
20 44 0.00664962
20 45 -0.0399057
20 46 -0.079562
20 47 -0.112089
20 48 -0.137003
20 49 -0.153612
20 50 -0.161856
20 51 -0.162173
20 52 -0.153562
20 53 -0.136787
20 54 -0.112081
20 55 -0.0796402
20 56 -0.0399341
20 57 0.00658934
20 58 0.058783
20 59 0.115699
20 60 0.176872
20 61 0.241055
20 62 0.307428
20 63 0.374169
20 64 0.440654
20 65 0.506156
20 66 0.569186
20 67 0.628801
20 68 0.683906
20 69 0.734144
20 70 0.778331
20 71 0.815797
20 72 0.846087
20 73 0.868371
20 74 0.882707
20 75 0.888566
20 76 0.885493
20 77 0.874385
20 78 0.855079
20 79 0.827876
20 80 0.793554
20 81 0.752131
20 82 0.704713
20 83 0.651793
20 84 0.594431
20 85 0.533796
20 86 0.47064
20 87 0.406019
20 88 0.34117
20 89 0.276675
20 90 0.213965
20 91 0.153931
20 92 0.0979518
20 93 0.0467077
20 94 0.000919525
20 95 -0.0388576
20 96 -0.0714913
20 97 -0.0964003
20 98 -0.113474
20 99 -0.121846
20 100 -0.0151374
20 101 0

21 0 0
21 1 -0.00974543
21 2 -0.0784058
21 3 -0.0699275
21 4 -0.0529109
21 5 -0.0280444
21 6 0.00443627
21 7 0.0440822
21 8 0.0902781
21 9 0.141502
21 10 0.197568
21 11 0.257263
21 12 0.319498
21 13 0.3832
21 14 0.448266
21 15 0.512539
21 16 0.57555
21 17 0.636075
21 18 0.693281
21 19 0.746122
21 20 0.793368
21 21 0.834758
21 22 0.868969
21 23 0.895798
21 24 0.914839
21 25 0.925918
21 26 0.928558
21 27 0.923083
21 28 0.908828
21 29 0.886243
21 30 0.85588
21 31 0.818486
21 32 0.774145
21 33 0.723936
21 34 0.668588
21 35 0.60874
21 36 0.545887
21 37 0.480567
21 38 0.413753
21 39 0.347063
21 40 0.281066
21 41 0.21717
21 42 0.156063
21 43 0.0992779
21 44 0.0470232
21 45 0.000590845
21 46 -0.0391884
21 47 -0.0715906
21 48 -0.0964365
21 49 -0.113063
21 50 -0.121461
21 51 -0.121556
21 52 -0.112954
21 53 -0.096139
21 54 -0.0715492
21 55 -0.0390421
21 56 0.000549715
21 57 0.0468605
21 58 0.0990512
21 59 0.156235
21 60 0.217271
21 61 0.281462
21 62 0.347304
21 63 0.414216
21 64 0.480677
21 65 0.545984
21 66 0.609058
21 67 0.668531
21 68 0.723907
21 69 0.774086
21 70 0.818233
21 71 0.856031
21 72 0.886126
21 73 0.908579
21 74 0.92287
21 75 0.928764
21 76 0.92593
21 77 0.915037
21 78 0.89599
21 79 0.868928
21 80 0.834394
21 81 0.793366
21 82 0.745927
21 83 0.693304
21 84 0.63623
21 85 0.575843
21 86 0.513127
21 87 0.448759
21 88 0.384288
21 89 0.320187
21 90 0.257948
21 91 0.198445
21 92 0.142913
21 93 0.0917717
21 94 0.0462533
21 95 0.00656139
21 96 -0.025881
21 97 -0.0508351
21 98 -0.0675758
21 99 -0.0759573
21 100 -0.00944193
21 101 0

22 0 0
22 1 -0.00498291
22 2 -0.0401573
22 3 -0.0317745
22 4 -0.0146036
22 5 0.010216
22 6 0.0424341
22 7 0.0818864
22 8 0.127499
22 9 0.178474
22 10 0.234361
22 11 0.293848
22 12 0.355844
22 13 0.419238
22 14 0.483787
22 15 0.547833
22 16 0.610765
22 17 0.671312
22 18 0.728209
22 19 0.780705
22 20 0.827866
22 21 0.868969
22 22 0.903194
22 23 0.929846
22 24 0.948865
22 25 0.959785
22 26 0.96227
22 27 0.956589
22 28 0.942549
22 29 0.920049
22 30 0.889734
22 31 0.852163
22 32 0.807759
22 33 0.757522
22 34 0.702464
22 35 0.642857
22 36 0.579937
22 37 0.514748
22 38 0.447967
22 39 0.381001
22 40 0.314892
22 41 0.25082
22 42 0.189943
22 43 0.133195
22 44 0.0811864
22 45 0.0347879
22 46 -0.0050386
22 47 -0.0376905
22 48 -0.0625583
22 49 -0.0792036
22 50 -0.0874693
22 51 -0.0875461
22 52 -0.0790314
22 53 -0.0623353
22 54 -0.0374885
22 55 -0.00494471
22 56 0.0346191
22 57 0.0808766
22 58 0.13297
22 59 0.189949
22 60 0.251023
22 61 0.315252
22 62 0.381147
22 63 0.447942
22 64 0.514473
22 65 0.579731
22 66 0.642632
22 67 0.702152
22 68 0.75747
22 69 0.80759
22 70 0.851796
22 71 0.889353
22 72 0.919602
22 73 0.941975
22 74 0.956355
22 75 0.962219
22 76 0.95955
22 77 0.948776
22 78 0.93
22 79 0.903136
22 80 0.868831
22 81 0.82766
22 82 0.780443
22 83 0.728096
22 84 0.671321
22 85 0.611285
22 86 0.548811
22 87 0.484654
22 88 0.420294
22 89 0.356599
22 90 0.294823
22 91 0.235526
22 92 0.180268
22 93 0.129498
22 94 0.0840175
22 95 0.0448385
22 96 0.0126098
22 97 -0.0122184
22 98 -0.0288984
22 99 -0.0373634
22 100 -0.00465453
22 101 0

23 0 0
23 1 -0.00121888
23 2 -0.00969793
23 3 -0.00113955
23 4 0.0154837
23 5 0.0404669
23 6 0.0728065
23 7 0.11191
23 8 0.157337
23 9 0.207989
23 10 0.263698
23 11 0.322786
23 12 0.384887
23 13 0.44801
23 14 0.512043
23 15 0.575855
23 16 0.638746
23 17 0.699022
23 18 0.755634
23 19 0.807913
23 20 0.854909
23 21 0.895798
23 22 0.929846
23 23 0.956481
23 24 0.975333
23 25 0.986088
23 26 0.988574
23 27 0.9828
23 28 0.968467
23 29 0.946205
23 30 0.916077
23 31 0.87856
23 32 0.834323
23 33 0.784244
23 34 0.729046
23 35 0.66958
23 36 0.606739
23 37 0.541391
23 38 0.47461
23 39 0.407664
23 40 0.341523
23 41 0.27766
23 42 0.216593
23 43 0.160032
23 44 0.108014
23 45 0.061733
23 46 0.022003
23 47 -0.0106316
23 48 -0.0356133
23 49 -0.0523814
23 50 -0.0607774
23 51 -0.0608143
23 52 -0.0522233
23 53 -0.0353823
23 54 -0.0104401
23 55 0.0220675
23 56 0.0616462
23 57 0.107612
23 58 0.159521
23 59 0.216738
23 60 0.277629
23 61 0.341862
23 62 0.407623
23 63 0.474478
23 64 0.541086
23 65 0.60618
23 66 0.669036
23 67 0.728503
23 68 0.783824
23 69 0.833912
23 70 0.877922
23 71 0.915507
23 72 0.945453
23 73 0.967938
23 74 0.98217
23 75 0.987973
23 76 0.985679
23 77 0.975295
23 78 0.956572
23 79 0.929689
23 80 0.895553
23 81 0.854487
23 82 0.807506
23 83 0.755596
23 84 0.699019
23 85 0.639201
23 86 0.576955
23 87 0.513118
23 88 0.449249
23 89 0.385725
23 90 0.324169
23 91 0.265109
23 92 0.210147
23 93 0.15941
23 94 0.114402
23 95 0.0752449
23 96 0.043126
23 97 0.0186047
23 98 0.00190438
23 99 -0.00656477
23 100 -0.000823914
23 101 0

24 0 0
24 1 0.00156683
24 2 0.0125568
24 3 0.0208753
24 4 0.0377934
24 5 0.0625367
24 6 0.0947206
24 7 0.133651
24 8 0.178792
24 9 0.22965
24 10 0.284899
24 11 0.343812
24 12 0.405395
24 13 0.468516
24 14 0.532414
24 15 0.596179
24 16 0.658753
24 17 0.718771
24 18 0.775103
24 19 0.827205
24 20 0.87426
24 21 0.914839
24 22 0.948865
24 23 0.975333
24 24 0.994198
24 25 1.0048
24 26 1.00703
24 27 1.0009
24 28 0.986643
24 29 0.964356
24 30 0.934343
24 31 0.89697
24 32 0.853133
24 33 0.803206
24 34 0.747999
24 35 0.688344
24 36 0.625481
24 37 0.560516
24 38 0.493721
24 39 0.426752
24 40 0.360766
24 41 0.296857
24 42 0.236285
24 43 0.179516
24 44 0.127354
24 45 0.0810744
24 46 0.0414585
24 47 0.00870799
24 48 -0.0161086
24 49 -0.0327609
24 50 -0.0411412
24 51 -0.0410802
24 52 -0.0326979
24 53 -0.0158892
24 54 0.00898988
24 55 0.041387
24 56 0.0808565
24 57 0.127134
24 58 0.179114
24 59 0.235942
24 60 0.296899
24 61 0.360727
24 62 0.426786
24 63 0.49352
24 64 0.559848
24 65 0.625054
24 66 0.687645
24 67 0.747234
24 68 0.802273
24 69 0.852145
24 70 0.896339
24 71 0.933529
24 72 0.96364
24 73 0.985751
24 74 1.00011
24 75 1.00631
24 76 1.00415
24 77 0.993774
24 78 0.975042
24 79 0.948265
24 80 0.914579
24 81 0.87379
24 82 0.826995
24 83 0.775046
24 84 0.718821
24 85 0.659174
24 86 0.597172
24 87 0.533609
24 88 0.469771
24 89 0.406618
24 90 0.345316
24 91 0.286742
24 92 0.231697
24 93 0.181371
24 94 0.136262
24 95 0.0973871
24 96 0.0655164
24 97 0.0410269
24 98 0.0244484
24 99 0.0160378
24 100 0.00198397
24 101 0

25 0 0
25 1 0.00327504
25 2 0.0262491
25 3 0.0344929
25 4 0.0511438
25 5 0.075914
25 6 0.107908
25 7 0.146852
25 8 0.192001
25 9 0.242633
25 10 0.29783
25 11 0.356496
25 12 0.418105
25 13 0.480939
25 14 0.544563
25 15 0.608099
25 16 0.670232
25 17 0.730227
25 18 0.78631
25 19 0.838488
25 20 0.885376
25 21 0.925918
25 22 0.959785
25 23 0.986088
25 24 1.0048
25 25 1.01539
25 26 1.01759
25 27 1.01129
25 28 0.996844
25 29 0.974701
25 30 0.944666
25 31 0.907361
25 32 0.863576
25 33 0.813789
25 34 0.758737
25 35 0.699265
25 36 0.636464
25 37 0.571339
25 38 0.504906
25 39 0.438187
25 40 0.372295
25 41 0.308107
25 42 0.24744
25 43 0.190792
25 44 0.138903
25 45 0.0926835
25 46 0.0530983
25 47 0.0205971
25 48 -0.00429894
25 49 -0.0211774
25 50 -0.0295999
25 51 -0.029317
25 52 -0.0206485
25 53 -0.0041029
25 54 0.020577
25 55 0.0528942
25 56 0.092536
25 57 0.138694
25 58 0.190338
25 59 0.247054
25 60 0.308088
25 61 0.371984
25 62 0.437849
25 63 0.504455
25 64 0.570896
25 65 0.635742
25 66 0.698314
25 67 0.757708
25 68 0.812753
25 69 0.862535
25 70 0.906381
25 71 0.943612
25 72 0.97361
25 73 0.99596
25 74 1.01023
25 75 1.01644
25 76 1.01446
25 77 1.00423
25 78 0.985703
25 79 0.959075
25 80 0.925429
25 81 0.884836
25 82 0.838117
25 83 0.78642
25 84 0.730161
25 85 0.670814
25 86 0.608887
25 87 0.545871
25 88 0.482465
25 89 0.419398
25 90 0.358234
25 91 0.299569
25 92 0.24484
25 93 0.194742
25 94 0.14974
25 95 0.110884
25 96 0.0789743
25 97 0.0547115
25 98 0.0383152
25 99 0.0300483
25 100 0.00373899
25 101 0

26 0 0
26 1 0.00390382
26 2 0.031254
26 3 0.0393294
26 4 0.0561068
26 5 0.0806665
26 6 0.112477
26 7 0.151156
26 8 0.196113
26 9 0.246775
26 10 0.301857
26 11 0.360533
26 12 0.421992
26 13 0.484723
26 14 0.548236
26 15 0.611727
26 16 0.673639
26 17 0.733272
26 18 0.789509
26 19 0.841436
26 20 0.888087
26 21 0.928558
26 22 0.96227
26 23 0.988574
26 24 1.00703
26 25 1.01759
26 26 1.01972
26 27 1.01332
26 28 0.999002
26 29 0.976785
26 30 0.946658
26 31 0.90953
26 32 0.865836
26 33 0.816105
26 34 0.761081
26 35 0.701796
26 36 0.639037
26 37 0.574158
26 38 0.507993
26 39 0.441444
26 40 0.375355
26 41 0.311459
26 42 0.250855
26 43 0.194204
26 44 0.142379
26 45 0.096319
26 46 0.0570008
26 47 0.0244961
26 48 -0.000568415
26 49 -0.0173511
26 50 -0.0256408
26 51 -0.0256089
26 52 -0.0172586
26 53 -0.000418072
26 54 0.0243365
26 55 0.0566567
26 56 0.0961732
26 57 0.142347
26 58 0.193999
26 59 0.250373
26 60 0.311175
26 61 0.374992
