0 0 0
0 1 0
0 2 0
0 3 0
0 4 0
0 5 0
0 6 0
0 7 0
0 8 0
0 9 0
0 10 0
0 11 0
0 12 0
0 13 0
0 14 0
0 15 0
0 16 0
0 17 0
0 18 0
0 19 0
0 20 0
0 21 0
0 22 0
0 23 0
0 24 0
0 25 0
0 26 0
0 27 0
0 28 0
0 29 0
0 30 0
0 31 0
0 32 0
0 33 0
0 34 0
0 35 0
0 36 0
0 37 0
0 38 0
0 39 0
0 40 0
0 41 0
0 42 0
0 43 0
0 44 0
0 45 0
0 46 0
0 47 0
0 48 0
0 49 0
0 50 0
0 51 0
0 52 0
0 53 0
0 54 0
0 55 0
0 56 0
0 57 0
0 58 0
0 59 0
0 60 0
0 61 0
0 62 0
0 63 0
0 64 0
0 65 0
0 66 0
0 67 0
0 68 0
0 69 0
0 70 0
0 71 0
0 72 0
0 73 0
0 74 0
0 75 0
0 76 0
0 77 0
0 78 0
0 79 0
0 80 0
0 81 0
0 82 0
0 83 0
0 84 0
0 85 0
0 86 0
0 87 0
0 88 0
0 89 0
0 90 0
0 91 0
0 92 0
0 93 0
0 94 0
0 95 0
0 96 0
0 97 0
0 98 0
0 99 0
0 100 0
0 101 0

1 0 0
1 1 0
1 2 -0.112258
1 3 -0.111063
1 4 -0.108963
1 5 -0.105987
1 6 -0.102168
1 7 -0.0975757
1 8 -0.0922777
1 9 -0.0863568
1 10 -0.0798985
1 11 -0.0730031
1 12 -0.065795
1 13 -0.0583738
1 14 -0.0508468
1 15 -0.0433402
1 16 -0.035978
1 17 -0.0288668
1 18 -0.022115
1 19 -0.0158242
1 20 -0.01009
1 21 -0.00501882
1 22 -0.000655229
1 23 0.00291826
1 24 0.00565612
1 25 0.00751983
1 26 0.00848488
1 27 0.00855598
1 28 0.00773888
1 29 0.00604347
1 30 0.00349887
1 31 0.000164661
1 32 -0.00391121
1 33 -0.00863957
1 34 -0.013936
1 35 -0.0197172
1 36 -0.0258778
1 37 -0.0323053
1 38 -0.0388873
1 39 -0.0455148
1 40 -0.0520606
1 41 -0.058429
1 42 -0.0645184
1 43 -0.0702157
1 44 -0.0754098
1 45 -0.0800235
1 46 -0.0839879
1 47 -0.0872452
1 48 -0.089717
1 49 -0.0913626
1 50 -0.0921562
1 51 -0.0920859
1 52 -0.0911506
1 53 -0.0893771
1 54 -0.086779
1 55 -0.0834144
1 56 -0.0793221
1 57 -0.0745807
1 58 -0.0692572
1 59 -0.0634541
1 60 -0.0572692
1 61 -0.0508024
1 62 -0.0441635
1 63 -0.0374693
1 64 -0.0308155
1 65 -0.0243295
1 66 -0.0181327
1 67 -0.0123248
1 68 -0.00700343
1 69 -0.00226734
1 70 0.00180047
1 71 0.00513757
1 72 0.00766525
1 73 0.00934146
1 74 0.0101247
1 75 0.0100059
1 76 0.00899237
1 77 0.00707942
1 78 0.00427957
1 79 0.000636643
1 80 -0.00379301
1 81 -0.00895543
1 82 -0.0147513
1 83 -0.0211237
1 84 -0.0279629
1 85 -0.0351608
1 86 -0.0426111
1 87 -0.050196
1 88 -0.0577981
1 89 -0.0652924
1 90 -0.072571
1 91 -0.0795226
1 92 -0.0860396
1 93 -0.0920221
1 94 -0.0973705
1 95 -0.101999
1 96 -0.105843
1 97 -0.108845
1 98 -0.110959
1 99 -0.11216
1 100 0
1 101 0

2 0 0
2 1 -0.112258
2 2 -0.901862
2 3 -0.892291
2 4 -0.875416
2 5 -0.85148
2 6 -0.820819
2 7 -0.783919
2 8 -0.741353
2 9 -0.693761
2 10 -0.641875
2 11 -0.586517
2 12 -0.52856
2 13 -0.468907
2 14 -0.40847
2 15 -0.348198
2 16 -0.289048
2 17 -0.231921
2 18 -0.177669
2 19 -0.127138
2 20 -0.0811135
2 21 -0.0402849
2 22 -0.00526076
2 23 0.0234515
2 24 0.0454509
2 25 0.0604453
2 26 0.0682472
2 27 0.0688151
2 28 0.0622032
2 29 0.0485586
2 30 0.0281371
2 31 0.00132065
2 32 -0.0313842
2 33 -0.0693704
2 34 -0.11195
2 35 -0.158378
2 36 -0.207837
2 37 -0.259446
2 38 -0.312322
2 39 -0.365545
2 40 -0.418194
2 41 -0.469384
2 42 -0.518258
2 43 -0.563976
2 44 -0.605742
2 45 -0.642872
2 46 -0.674753
2 47 -0.70085
2 48 -0.720684
2 49 -0.733906
2 50 -0.74029
2 51 -0.739738
2 52 -0.732255
2 53 -0.717982
2 54 -0.697135
2 55 -0.670055
2 56 -0.637175
2 57 -0.599056
2 58 -0.556336
2 59 -0.509738
2 60 -0.460049
2 61 -0.408097
2 62 -0.354752
2 63 -0.300918
2 64 -0.247509
2 65 -0.195442
2 66 -0.145643
2 67 -0.0989725
2 68 -0.0562263
2 69 -0.0181612
2 70 0.0145382
2 71 0.0412917
2 72 0.0615952
2 73 0.0750463
2 74 0.0813881
2 75 0.0804919
2 76 0.0723041
2 77 0.0568884
2 78 0.0344059
2 79 0.00515062
2 80 -0.0304543
2 81 -0.0718911
2 82 -0.118548
2 83 -0.169733
2 84 -0.224663
2 85 -0.282483
2 86 -0.342312
2 87 -0.403236
2 88 -0.464298
2 89 -0.524542
2 90 -0.583042
2 91 -0.638899
2 92 -0.691241
2 93 -0.739258
2 94 -0.782197
2 95 -0.819401
2 96 -0.850306
2 97 -0.874444
2 98 -0.891449
2 99 -0.901077
2 100 -0.11216
2 101 0

3 0 0
3 1 -0.111063
3 2 -0.892291
3 3 -0.882803
3 4 -0.865986
3 5 -0.842096
3 6 -0.811561
3 7 -0.774787
3 8 -0.732355
3 9 -0.684887
3 10 -0.63317
3 11 -0.578031
3 12 -0.520218
3 13 -0.460732
3 14 -0.400535
3 15 -0.340512
3 16 -0.281572
3 17 -0.224654
3 18 -0.17061
3 19 -0.120284
3 20 -0.0744713
3 21 -0.0337137
3 22 0.00113181
3 23 0.0297259
3 24 0.0516213
3 25 0.0665491
3 26 0.0743285
3 27 0.0748267
3 28 0.0681061
3 29 0.0543858
3 30 0.0339704
3 31 0.00714172
3 32 -0.0254904
3 33 -0.06343
3 34 -0.105978
3 35 -0.152312
3 36 -0.201644
3 37 -0.253133
3 38 -0.305904
3 39 -0.359015
3 40 -0.411649
3 41 -0.462777
3 42 -0.511507
3 43 -0.557085
3 44 -0.598835
3 45 -0.635983
3 46 -0.667834
3 47 -0.693798
3 48 -0.713575
3 49 -0.726779
3 50 -0.733173
3 51 -0.732645
3 52 -0.725224
3 53 -0.710949
3 54 -0.690171
3 55 -0.66309
3 56 -0.630267
3 57 -0.592187
3 58 -0.549599
3 59 -0.503132
3 60 -0.453544
3 61 -0.401687
3 62 -0.348431
3 63 -0.294646
3 64 -0.241383
3 65 -0.189464
3 66 -0.139745
3 67 -0.0931347
3 68 -0.0504478
3 69 -0.0124073
3 70 0.0202837
3 71 0.0469594
3 72 0.0672572
3 73 0.0807248
3 74 0.0871896
3 75 0.0864331
3 76 0.078282
3 77 0.0629049
3 78 0.0405383
3 79 0.0114336
3 80 -0.0240387
3 81 -0.0652784
3 82 -0.111867
3 83 -0.162852
3 84 -0.217548
3 85 -0.275137
3 86 -0.334719
3 87 -0.395413
3 88 -0.456253
3 89 -0.51633
3 90 -0.574666
3 91 -0.630347
3 92 -0.682498
3 93 -0.730293
3 94 -0.77305
3 95 -0.810144
3 96 -0.84097
3 97 -0.865052
3 98 -0.882037
3 99 -0.891612
3 100 -0.11098
3 101 0

4 0 0
4 1 -0.108963
4 2 -0.875416
4 3 -0.865986
4 4 -0.849248
4 5 -0.825459
4 6 -0.79505
4 7 -0.758482
4 8 -0.716191
4 9 -0.668937
4 10 -0.617455
4 11 -0.562606
4 12 -0.505031
4 13 -0.445741
4 14 -0.385803
4 15 -0.32606
4 16 -0.267394
4 17 -0.210734
4 18 -0.156924
4 19 -0.106906
4 20 -0.0613011
4 21 -0.0208317
4 22 0.0138392
4 23 0.0422471
4 24 0.0639833
4 25 0.0786735
4 26 0.0862757
4 27 0.0866901
4 28 0.0798827
4 29 0.0660982
4 30 0.0456044
4 31 0.0187642
4 32 -0.0139001
4 33 -0.0518081
4 34 -0.0943786
4 35 -0.1407
4 36 -0.189951
4 37 -0.241435
4 38 -0.294152
4 39 -0.347177
4 40 -0.399711
4 41 -0.45077
4 42 -0.499446
4 43 -0.545005
4 44 -0.586725
4 45 -0.623802
4 46 -0.655603
4 47 -0.681484
4 48 -0.701218
4 49 -0.714455
4 50 -0.720852
4 51 -0.72037
4 52 -0.712951
4 53 -0.698699
4 54 -0.677898
4 55 -0.650901
4 56 -0.618197
4 57 -0.580255
4 58 -0.537707
4 59 -0.491277
4 60 -0.441725
4 61 -0.389932
4 62 -0.336784
4 63 -0.283077
4 64 -0.229924
4 65 -0.178126
4 66 -0.128418
4 67 -0.0818057
4 68 -0.0391012
4 69 -0.00106622
4 70 0.031576
4 71 0.0582816
4 72 0.0785713
4 73 0.0921781
4 74 0.0987718
4 75 0.0981059
4 76 0.0901245
4 77 0.0748705
4 78 0.0527342
4 79 0.023874
4 80 -0.011377
4 81 -0.0524149
4 82 -0.0987202
4 83 -0.149478
4 84 -0.203873
4 85 -0.261204
4 86 -0.320536
4 87 -0.380882
4 88 -0.441427
4 89 -0.501273
4 90 -0.559355
4 91 -0.614818
4 92 -0.666703
4 93 -0.714346
4 94 -0.756934
4 95 -0.793876
4 96 -0.824516
4 97 -0.848464
4 98 -0.865362
4 99 -0.874909
4 100 -0.108905
4 101 0

5 0 0
5 1 -0.105987
5 2 -0.85148
5 3 -0.842096
5 4 -0.825459
5 5 -0.801816
5 6 -0.771618
5 7 -0.735194
5 8 -0.693135
5 9 -0.646169
5 10 -0.594946
5 11 -0.540351
5 12 -0.483075
5 13 -0.424121
5 14 -0.364515
5 15 -0.305104
5 16 -0.246757
5 17 -0.19041
5 18 -0.136953
5 19 -0.087229
5 20 -0.0420028
5 21 -0.00186582
5 22 0.0325113
5 23 0.0606781
5 24 0.0821151
5 25 0.0966297
5 26 0.104033
5 27 0.104279
5 28 0.0973729
5 29 0.0834654
5 30 0.0628889
5 31 0.0359268
5 32 0.00314745
5 33 -0.0348529
5 34 -0.0774117
5 35 -0.123745
5 36 -0.172969
5 37 -0.224452
5 38 -0.277168
5 39 -0.330141
5 40 -0.382605
5 41 -0.433627
5 42 -0.482278
5 43 -0.52778
5 44 -0.569423
5 45 -0.606459
5 46 -0.638264
5 47 -0.664217
5 48 -0.68392
5 49 -0.697095
5 50 -0.703527
5 51 -0.70303
5 52 -0.695685
5 53 -0.681487
5 54 -0.660714
5 55 -0.633728
5 56 -0.601107
5 57 -0.563204
5 58 -0.52072
5 59 -0.474361
5 60 -0.424845
5 61 -0.373107
5 62 -0.32002
5 63 -0.266407
5 64 -0.21329
5 65 -0.161545
5 66 -0.111866
5 67 -0.065239
5 68 -0.0225317
5 69 0.0154997
5 70 0.0482655
5 71 0.0750704
5 72 0.0955275
5 73 0.109272
5 74 0.115975
5 75 0.115389
5 76 0.107583
5 77 0.0926471
5 78 0.0707214
5 79 0.0421323
5 80 0.00715508
5 81 -0.0335544
5 82 -0.0794625
5 83 -0.129831
5 84 -0.183944
5 85 -0.240945
5 86 -0.299904
5 87 -0.359883
5 88 -0.420071
5 89 -0.479581
5 90 -0.537387
5 91 -0.592515
5 92 -0.644142
5 93 -0.691569
5 94 -0.73395
5 95 -0.770713
5 96 -0.801195
5 97 -0.824979
5 98 -0.841764
5 99 -0.851193
5 100 -0.105949
5 101 0

6 0 0
6 1 -0.102168
6 2 -0.820819
6 3 -0.811561
6 4 -0.79505
6 5 -0.771618
6 6 -0.741605
6 7 -0.705402
6 8 -0.663539
6 9 -0.616873
6 10 -0.565961
6 11 -0.511659
6 12 -0.454764
6 13 -0.396171
6 14 -0.336985
6 15 -0.277997
6 16 -0.220057
6 17 -0.164155
6 18 -0.111061
6 19 -0.0617059
6 20 -0.0168304
6 21 0.0228746
6 22 0.056918
6 23 0.0847066
6 24 0.105945
6 25 0.120156
6 26 0.127351
6 27 0.127397
6 28 0.120248
6 29 0.106193
6 30 0.0853773
6 31 0.0582578
6 32 0.0253263
6 33 -0.0127193
6 34 -0.0553254
6 35 -0.101688
6 36 -0.150961
6 37 -0.20249
6 38 -0.255159
6 39 -0.308133
6 40 -0.360596
6 41 -0.411586
6 42 -0.460246
6 43 -0.505751
6 44 -0.547349
6 45 -0.584334
6 46 -0.616164
6 47 -0.642138
6 48 -0.661864
6 49 -0.675043
6 50 -0.681459
6 51 -0.681012
6 52 -0.673651
6 53 -0.659515
6 54 -0.638818
6 55 -0.611899
6 56 -0.579276
6 57 -0.54139
6 58 -0.498913
6 59 -0.45264
6 60 -0.403188
6 61 -0.351479
6 62 -0.298451
6 63 -0.24489
6 64 -0.191733
6 65 -0.139957
6 66 -0.0903255
6 67 -0.0437183
6 68 -0.00097682
6 69 0.0371381
6 70 0.07
6 71 0.0970271
6 72 0.117643
6 73 0.131657
6 74 0.138536
6 75 0.138111
6 76 0.130588
6 77 0.1159
6 78 0.0942605
6 79 0.0659513
6 80 0.0313928
6 81 -0.00895626
6 82 -0.0544226
6 83 -0.104431
6 84 -0.158167
6 85 -0.214704
6 86 -0.273216
6 87 -0.332775
6 88 -0.392562
6 89 -0.451672
6 90 -0.509028
6 91 -0.563835
6 92 -0.615206
6 93 -0.66239
6 94 -0.704469
6 95 -0.740958
6 96 -0.771275
6 97 -0.794905
6 98 -0.811515
6 99 -0.820828
6 100 -0.102169
6 101 0

7 0 0
7 1 -0.0975757
7 2 -0.783919
7 3 -0.774787
7 4 -0.758482
7 5 -0.735194
7 6 -0.705402
7 7 -0.66946
7 8 -0.627926
7 9 -0.581538
7 10 -0.531001
7 11 -0.477103
7 12 -0.420616
7 13 -0.36249
7 14 -0.303744
7 15 -0.245165
7 16 -0.187674
7 17 -0.132229
7 18 -0.0796444
7 19 -0.0307378
7 20 0.0137308
7 21 0.0530161
7 22 0.0866547
7 23 0.114089
7 24 0.134975
7 25 0.14886
7 26 0.155682
7 27 0.155425
7 28 0.148036
7 29 0.133712
7 30 0.112694
7 31 0.0853976
7 32 0.0523719
7 33 0.0142597
7 34 -0.0284506
7 35 -0.0749143
7 36 -0.124315
7 37 -0.175845
7 38 -0.22854
7 39 -0.281593
7 40 -0.334108
7 41 -0.385103
7 42 -0.433748
7 43 -0.479291
7 44 -0.52085
7 45 -0.557819
7 46 -0.589632
7 47 -0.615621
7 48 -0.635362
7 49 -0.64862
7 50 -0.655067
7 51 -0.654654
7 52 -0.647241
7 53 -0.633092
7 54 -0.612453
7 55 -0.585633
7 56 -0.55306
7 57 -0.515227
7 58 -0.472762
7 59 -0.426532
7 60 -0.3771
7 61 -0.325447
7 62 -0.27244
7 63 -0.218844
7 64 -0.165646
7 65 -0.113797
7 66 -0.0641632
7 67 -0.0175109
7 68 0.0252534
7 69 0.0634574
7 70 0.0964481
7 71 0.123639
7 72 0.144501
7 73 0.158702
7 74 0.165861
7 75 0.165767
7 76 0.158563
7 77 0.144265
7 78 0.122997
7 79 0.095045
7 80 0.0609154
7 81 0.0209752
7 82 -0.0240728
7 83 -0.0735758
7 84 -0.126799
7 85 -0.182857
7 86 -0.24089
7 87 -0.30002
7 88 -0.359389
7 89 -0.417992
7 90 -0.474906
7 91 -0.529317
7 92 -0.58037
7 93 -0.627179
7 94 -0.668935
7 95 -0.70513
7 96 -0.735237
7 97 -0.758667
7 98 -0.775112
7 99 -0.784286
7 100 -0.0976187
7 101 0

8 0 0
8 1 -0.0922777
8 2 -0.741353
8 3 -0.732355
8 4 -0.716191
8 5 -0.693135
8 6 -0.663539
8 7 -0.627926
8 8 -0.586792
8 9 -0.54079
8 10 -0.490701
8 11 -0.437217
8 12 -0.381175
8 13 -0.323552
8 14 -0.265324
8 15 -0.207177
8 16 -0.150095
8 17 -0.0951228
8 18 -0.0431048
8 19 0.00522403
8 20 0.049211
8 21 0.0880547
8 22 0.121238
8 23 0.148198
8 24 0.168656
8 25 0.182177
8 26 0.18861
8 27 0.188034
8 28 0.180314
8 29 0.165688
8 30 0.144434
8 31 0.116958
8 32 0.0837517
8 33 0.0454303
8 34 0.00259574
8 35 -0.0439689
8 36 -0.093473
8 37 -0.145067
8 38 -0.19782
8 39 -0.250925
8 40 -0.303476
8 41 -0.354494
8 42 -0.403189
8 43 -0.448759
8 44 -0.490351
8 45 -0.527357
8 46 -0.55916
8 47 -0.585122
8 48 -0.604889
8 49 -0.618155
8 50 -0.624622
8 51 -0.624224
8 52 -0.61686
8 53 -0.602773
8 54 -0.582228
8 55 -0.555412
8 56 -0.522826
8 57 -0.485037
8 58 -0.442656
8 59 -0.39638
8 60 -0.346951
8 61 -0.295379
8 62 -0.242375
8 63 -0.188778
8 64 -0.135523
8 65 -0.0836166
8 66 -0.0339555
8 67 0.0127779
8 68 0.0556409
8 69 0.094004
8 70 0.127178
8 71 0.154522
8 72 0.175656
8 73 0.190142
8 74 0.197592
8 75 0.197933
8 76 0.191094
8 77 0.177197
8 78 0.156348
8 79 0.128856
8 80 0.0951806
8 81 0.0557039
8 82 0.0111963
8 83 -0.0377653
8 84 -0.0904157
8 85 -0.145902
8 86 -0.203461
8 87 -0.262131
8 88 -0.321001
8 89 -0.379127
8 90 -0.435566
8 91 -0.489497
8 92 -0.540069
8 93 -0.58641
8 94 -0.627871
8 95 -0.663791
8 96 -0.693617
8 97 -0.716837
8 98 -0.73307
8 99 -0.742128
8 100 -0.0923733
8 101 0

9 0 0
9 1 -0.0863568
9 2 -0.693761
9 3 -0.684887
9 4 -0.668937
9 5 -0.646169
9 6 -0.616873
9 7 -0.581538
9 8 -0.54079
9 9 -0.495232
9 10 -0.445618
9 11 -0.392616
9 12 -0.337028
9 13 -0.279887
9 14 -0.22219
9 15 -0.164633
9 16 -0.108154
9 17 -0.0537476
9 18 -0.00228628
9 19 0.0455137
9 20 0.0889818
9 21 0.127315
9 22 0.15995
9 23 0.186403
9 24 0.206391
9 25 0.219481
9 26 0.225576
9 27 0.22462
9 28 0.21655
9 29 0.201539
9 30 0.179999
9 31 0.152357
9 32 0.118898
9 33 0.0803279
9 34 0.0373188
9 35 -0.00935892
9 36 -0.0589883
9 37 -0.11066
9 38 -0.16347
9 39 -0.216658
9 40 -0.269235
9 41 -0.320258
9 42 -0.368997
9 43 -0.414621
9 44 -0.456261
9 45 -0.493284
9 46 -0.525106
9 47 -0.551141
9 48 -0.570962
9 49 -0.584237
9 50 -0.590718
9 51 -0.590324
9 52 -0.583039
9 53 -0.569012
9 54 -0.54843
9 55 -0.521643
9 56 -0.489083
9 57 -0.451316
9 58 -0.408975
9 59 -0.362724
9 60 -0.31333
9 61 -0.261793
9 62 -0.208791
9 63 -0.155142
9 64 -0.10188
9 65 -0.0499497
9 66 -0.000206215
9 67 0.0466867
9 68 0.0897244
9 69 0.128234
9 70 0.161602
9 71 0.18922
9 72 0.210611
9 73 0.225439
9 74 0.233266
9 75 0.233933
9 76 0.227521
9 77 0.214037
9 78 0.193689
9 79 0.16673
9 80 0.133597
9 81 0.0946884
9 82 0.0506786
9 83 0.00228203
9 84 -0.0497565
9 85 -0.104692
9 86 -0.161657
9 87 -0.219717
9 88 -0.278021
9 89 -0.335564
9 90 -0.391487
9 91 -0.444941
9 92 -0.494981
9 93 -0.540891
9 94 -0.582022
9 95 -0.61759
9 96 -0.647101
9 97 -0.670042
9 98 -0.686067
9 99 -0.69499
9 100 -0.0865094
9 101 0

10 0 0
10 1 -0.0798985
10 2 -0.641875
10 3 -0.63317
10 4 -0.617455
10 5 -0.594946
10 6 -0.565961
10 7 -0.531001
10 8 -0.490701
10 9 -0.445618
10 10 -0.396485
10 11 -0.343966
10 12 -0.288891
10 13 -0.232287
10 14 -0.175182
10 15 -0.118291
10 16 -0.0624634
10 17 -0.00860781
10 18 0.0422913
10 19 0.0894881
10 20 0.132384
10 21 0.170118
10 22 0.202215
10 23 0.228191
10 24 0.24762
10 25 0.260222
10 26 0.265834
10 27 0.264482
10 28 0.256015
10 29 0.240625
10 30 0.218796
10 31 0.19091
10 32 0.1572
10 33 0.118354
10 34 0.0751562
10 35 0.0283259
10 36 -0.0214194
10 37 -0.0731793
10 38 -0.126131
10 39 -0.179395
10 40 -0.232013
10 41 -0.283107
10 42 -0.331882
10 43 -0.377528
10 44 -0.419272
10 45 -0.456305
10 46 -0.488129
10 47 -0.51422
10 48 -0.534075
10 49 -0.547382
10 50 -0.553873
10 51 -0.553514
10 52 -0.546296
10 53 -0.532317
10 54 -0.511729
10 55 -0.484935
10 56 -0.452428
10 57 -0.414704
10 58 -0.372421
10 59 -0.326188
10 60 -0.27682
10 61 -0.225267
10 62 -0.172256
10 63 -0.118603
10 64 -0.0652976
10 65 -0.0132943
10 66 0.0365493
10 67 0.0835997
10 68 0.126771
10 69 0.165468
10 70 0.199153
10 71 0.227091
10 72 0.248804
10 73 0.263939
10 74 0.272106
10 75 0.273162
10 76 0.267172
10 77 0.254254
10 78 0.234425
10 79 0.208031
10 80 0.175499
10 81 0.137206
10 82 0.0938107
10 83 0.0460234
10 84 -0.00540185
10 85 -0.059718
10 86 -0.116026
10 87 -0.173443
10 88 -0.231105
10 89 -0.288055
10 90 -0.34346
10 91 -0.396418
10 92 -0.445984
10 93 -0.491389
10 94 -0.532055
10 95 -0.567176
10 96 -0.596332
10 97 -0.619049
10 98 -0.634864
10 99 -0.6436
10 100 -0.0801129
10 101 0

11 0 0
11 1 -0.0730031
11 2 -0.586517
11 3 -0.578031
11 4 -0.562606
11 5 -0.540351
11 6 -0.511659
11 7 -0.477103
11 8 -0.437217
11 9 -0.392616
11 10 -0.343966
11 11 -0.291995
11 12 -0.237535
11 13 -0.181573
11 14 -0.125073
11 15 -0.068848
11 16 -0.013701
11 17 0.0395227
11 18 0.089775
11 19 0.136364
11 20 0.178637
11 21 0.215745
11 22 0.247302
11 23 0.27276
11 24 0.291588
11 25 0.303613
11 26 0.308704
11 27 0.306863
11 28 0.298044
11 29 0.282331
11 30 0.260119
11 31 0.231918
11 32 0.197943
11 33 0.158874
11 34 0.115488
11 35 0.0684538
11 36 0.0185663
11 37 -0.0333547
11 38 -0.0864556
11 39 -0.139809
11 40 -0.192498
11 41 -0.243705
11 42 -0.292512
11 43 -0.33816
11 44 -0.379976
11 45 -0.41705
11 46 -0.448857
11 47 -0.474971
11 48 -0.494855
11 49 -0.508209
11 50 -0.514815
11 51 -0.514439
11 52 -0.507224
11 53 -0.493297
11 54 -0.472719
11 55 -0.446038
11 56 -0.413576
11 57 -0.375855
11 58 -0.333595
11 59 -0.287367
11 60 -0.238053
11 61 -0.18651
11 62 -0.133507
11 63 -0.0797685
11 64 -0.0263804
11 65 0.0256911
11 66 0.0757059
11 67 0.122857
11 68 0.166263
11 69 0.205162
11 70 0.239112
11 71 0.267408
11 72 0.289354
11 73 0.304857
11 74 0.313445
11 75 0.314948
11 76 0.309526
11 77 0.297107
11 78 0.277816
11 79 0.252048
11 80 0.220125
11 81 0.182527
11 82 0.139813
11 83 0.0926597
11 84 0.0419142
11 85 -0.0117207
11 86 -0.067367
11 87 -0.124111
11 88 -0.181137
11 89 -0.237426
11 90 -0.292175
11 91 -0.344549
11 92 -0.393571
11 93 -0.438536
11 94 -0.478717
11 95 -0.513428
11 96 -0.542235
11 97 -0.564708
11 98 -0.580286
11 99 -0.588757
11 100 -0.0732777
11 101 0

12 0 0
12 1 -0.065795
12 2 -0.52856
12 3 -0.520218
12 4 -0.505031
12 5 -0.483075
12 6 -0.454764
12 7 -0.420616
12 8 -0.381175
12 9 -0.337028
12 10 -0.288891
12 11 -0.237535
12 12 -0.183765
12 13 -0.12852
12 14 -0.0726979
12 15 -0.0170825
12 16 0.037435
12 17 0.0899092
12 18 0.13948
12 19 0.185371
12 20 0.226933
12 21 0.263461
12 22 0.29441
12 23 0.319317
12 24 0.337584
12 25 0.348985
12 26 0.35355
12 27 0.351183
12 28 0.341895
12 29 0.325793
12 30 0.303239
12 31 0.274623
12 32 0.240433
12 33 0.201078
12 34 0.157455
12 35 0.110243
12 36 0.0601831
12 37 0.00813631
12 38 -0.0451203
12 39 -0.0985413
12 40 -0.151294
12 41 -0.202571
12 42 -0.251454
12 43 -0.297119
12 44 -0.338998
12 45 -0.376122
12 46 -0.407984
12 47 -0.434132
12 48 -0.45407
12 49 -0.467474
12 50 -0.474132
12 51 -0.473802
12 52 -0.466605
12 53 -0.452624
12 54 -0.432165
12 55 -0.405526
12 56 -0.373058
12 57 -0.335391
12 58 -0.293207
12 59 -0.246943
12 60 -0.197644
12 61 -0.146114
12 62 -0.0930748
12 63 -0.0393507
12 64 0.0140844
12 65 0.0663161
12 66 0.11646
12 67 0.16375
12 68 0.207384
12 69 0.246542
12 70 0.280765
12 71 0.309313
12 72 0.331671
12 73 0.347516
12 74 0.356572
12 75 0.358653
12 76 0.353818
12 77 0.341968
12 78 0.323243
12 79 0.29807
12 80 0.266787
12 81 0.229895
12 82 0.187825
12 83 0.141371
12 84 0.0913896
12 85 0.038492
12 86 -0.0164181
12 87 -0.0724765
12 88 -0.128809
12 89 -0.184441
12 90 -0.238506
12 91 -0.290155
12 92 -0.338595
12 93 -0.383063
12 94 -0.422768
12 95 -0.457095
12 96 -0.485559
12 97 -0.507662
12 98 -0.523011
12 99 -0.531332
12 100 -0.0661345
12 101 0

13 0 0
13 1 -0.0583738
13 2 -0.468907
13 3 -0.460732
13 4 -0.445741
13 5 -0.424121
13 6 -0.396171
13 7 -0.36249
13 8 -0.323552
13 9 -0.279887
13 10 -0.232287
13 11 -0.181573
13 12 -0.12852
13 13 -0.0739647
13 14 -0.018813
13 15 0.036106
13 16 0.0899152
13 17 0.141711
13 18 0.190553
13 19 0.235802
13 20 0.27667
13 21 0.312431
13 22 0.342704
13 23 0.367027
13 24 0.384618
13 25 0.395554
13 26 0.399596
13 27 0.396737
13 28 0.386979
13 29 0.370418
13 30 0.347436
13 31 0.318448
13 32 0.283942
13 33 0.244329
13 34 0.200494
13 35 0.153002
13 36 0.102753
13 37 0.0505657
13 38 -0.00278864
13 39 -0.0562659
13 40 -0.109086
13 41 -0.160431
13 42 -0.209394
13 43 -0.255149
13 44 -0.29705
13 45 -0.334206
13 46 -0.366112
13 47 -0.392328
13 48 -0.412287
13 49 -0.425647
13 50 -0.432338
13 51 -0.432117
13 52 -0.424957
13 53 -0.411008
13 54 -0.390625
13 55 -0.364052
13 56 -0.331665
13 57 -0.294017
13 58 -0.251808
13 59 -0.205546
13 60 -0.156273
13 61 -0.104707
13 62 -0.0516909
13 63 0.0020443
13 64 0.0555429
13 65 0.107837
13 66 0.158143
13 67 0.205611
13 68 0.24952
13 69 0.288908
13 70 0.323384
13 71 0.352255
13 72 0.375052
13 73 0.39134
13 74 0.400875
13 75 0.403534
13 76 0.399212
13 77 0.387931
13 78 0.369802
13 79 0.345298
13 80 0.314656
13 81 0.278482
13 82 0.237144
13 83 0.191491
13 84 0.142253
13 85 0.0901071
13 86 0.0359335
13 87 -0.0194093
13 88 -0.0750196
13 89 -0.129921
13 90 -0.183302
13 91 -0.23426
13 92 -0.282104
13 93 -0.32599
13 94 -0.36519
13 95 -0.39914
13 96 -0.427163
13 97 -0.448914
13 98 -0.464016
13 99 -0.472207
13 100 -0.0587824
13 101 0

14 0 0
14 1 -0.0508468
14 2 -0.40847
14 3 -0.400535
14 4 -0.385803
14 5 -0.364515
14 6 -0.336985
14 7 -0.303744
14 8 -0.265324
14 9 -0.22219
14 10 -0.175182
14 11 -0.125073
14 12 -0.0726979
14 13 -0.018813
14 14 0.0356649
14 15 0.0898792
14 16 0.142922
14 17 0.193989
14 18 0.242135
14 19 0.286667
14 20 0.32682
14 21 0.361855
14 22 0.391443
14 23 0.415057
14 24 0.432084
14 25 0.442433
14 26 0.445956
14 27 0.442567
14 28 0.432291
14 29 0.415291
14 30 0.391895
14 31 0.362565
14 32 0.327729
14 33 0.287901
14 34 0.243781
14 35 0.19608
14 36 0.14565
14 37 0.0933479
14 38 0.039909
14 39 -0.01368
14 40 -0.0666142
14 41 -0.118057
14 42 -0.167115
14 43 -0.212898
14 44 -0.25469
14 45 -0.291901
14 46 -0.323907
14 47 -0.350134
14 48 -0.370099
14 49 -0.38347
14 50 -0.390174
14 51 -0.390055
14 52 -0.382988
14 53 -0.369111
14 54 -0.348795
14 55 -0.322231
14 56 -0.289851
14 57 -0.25229
14 58 -0.210108
14 59 -0.163911
14 60 -0.114658
14 61 -0.0631092
14 62 -0.0100189
14 63 0.0437477
14 64 0.0972725
14 65 0.149645
14 66 0.200068
14 67 0.247795
14 68 0.29186
14 69 0.33155
14 70 0.366255
14 71 0.395466
14 72 0.41868
14 73 0.435395
14 74 0.445407
14 75 0.448607
14 76 0.444833
14 77 0.434162
14 78 0.416737
14 79 0.39286
14 80 0.362966
14 81 0.327501
14 82 0.28696
14 83 0.242111
14 84 0.193632
14 85 0.142224
14 86 0.0888001
14 87 0.0342448
14 88 -0.0205371
14 89 -0.0747393
14 90 -0.127453
14 91 -0.17778
14 92 -0.22509
14 93 -0.268382
14 94 -0.307063
14 95 -0.340515
14 96 -0.368148
14 97 -0.38952
14 98 -0.404325
14 99 -0.412281
14 100 -0.0513189
14 101 0

15 0 0
15 1 -0.0433402
15 2 -0.348198
15 3 -0.340512
15 4 -0.32606
15 5 -0.305104
15 6 -0.277997
15 7 -0.245165
15 8 -0.207177
15 9 -0.164633
15 10 -0.118291
15 11 -0.068848
15 12 -0.0170825
15 13 0.036106
15 14 0.0898792
15 15 0.14336
15 16 0.195639
15 17 0.245936
15 18 0.293331
15 19 0.337145
15 20 0.376566
15 21 0.410927
15 22 0.439837
15 23 0.462782
15 24 0.479147
15 25 0.488904
15 26 0.49187
15 27 0.487927
15 28 0.477138
15 29 0.459647
15 30 0.435872
15 31 0.406236
15 32 0.371044
15 33 0.330925
15 34 0.286623
15 35 0.238732
15 36 0.188108
15 37 0.135648
15 38 0.0821138
15 39 0.0283937
15 40 -0.0246155
15 41 -0.0761122
15 42 -0.125184
15 43 -0.170944
15 44 -0.212699
15 45 -0.250013
15 46 -0.282048
15 47 -0.308322
15 48 -0.328305
15 49 -0.341711
15 50 -0.348447
15 51 -0.348357
15 52 -0.341331
15 53 -0.327547
15 54 -0.307289
15 55 -0.280776
15 56 -0.248422
15 57 -0.210914
15 58 -0.168798
15 59 -0.12274
15 60 -0.0735007
15 61 -0.0219545
15 62 0.0311676
15 63 0.0849169
15 64 0.138503
15 65 0.190965
15 66 0.241545
15 67 0.289441
15 68 0.333735
15 69 0.373661
15 70 0.408674
15 71 0.438213
15 72 0.461761
15 73 0.478943
15 74 0.48948
15 75 0.493216
15 76 0.490034
15 77 0.479993
15 78 0.463237
15 79 0.440077
15 80 0.410885
15 81 0.376168
15 82 0.33638
15 83 0.292317
15 84 0.244666
15 85 0.194066
15 86 0.141428
15 87 0.0876738
15 88 0.0336261
15 89 -0.0198577
15 90 -0.0718669
15 91 -0.121487
15 92 -0.168141
15 93 -0.210855
15 94 -0.249022
15 95 -0.28203
15 96 -0.309258
15 97 -0.330276
15 98 -0.344795
15 99 -0.3525
15 100 -0.0438737
15 101 0

16 0 0
16 1 -0.035978
16 2 -0.289048
16 3 -0.281572
16 4 -0.267394
16 5 -0.246757
16 6 -0.220057
16 7 -0.187674
16 8 -0.150095
16 9 -0.108154
16 10 -0.0624634
16 11 -0.013701
16 12 0.037435
16 13 0.0899152
16 14 0.142922
16 15 0.195639
16 16 0.247144
16 17 0.296668
16 18 0.343343
16 19 0.386369
16 20 0.425082
16 21 0.458715
16 22 0.486959
16 23 0.509132
16 24 0.524917
16 25 0.534042
16 26 0.536411
16 27 0.531958
16 28 0.520663
16 29 0.502714
16 30 0.478546
16 31 0.44859
16 32 0.413099
16 33 0.372692
16 34 0.328137
16 35 0.280095
16 36 0.229347
16 37 0.176752
16 38 0.123113
16 39 0.0692863
16 40 0.0162408
16 41 -0.0352215
16 42 -0.0843131
16 43 -0.130128
16 44 -0.17196
16 45 -0.209249
16 46 -0.241283
16 47 -0.267524
16 48 -0.287506
16 49 -0.300999
16 50 -0.307722
16 51 -0.307672
16 52 -0.300688
16 53 -0.286991
16 54 -0.266783
16 55 -0.240381
16 56 -0.208151
16 57 -0.170728
16 58 -0.128663
16 59 -0.0826375
16 60 -0.0334782
16 61 0.0180143
16 62 0.0711236
16 63 0.124921
16 64 0.178529
16 65 0.231045
16 66 0.281721
16 67 0.329788
16 68 0.374275
16 69 0.4145
16 70 0.449797
16 71 0.479641
16 72 0.503573
16 73 0.521208
16 74 0.53226
16 75 0.536529
16 76 0.533933
16 77 0.524488
16 78 0.508441
16 79 0.485974
16 80 0.457535
16 81 0.423554
16 82 0.384576
16 83 0.341284
16 84 0.294464
16 85 0.244694
16 86 0.192872
16 87 0.139889
16 88 0.0866189
16 89 0.0338842
16 90 -0.0173062
16 91 -0.0662413
16 92 -0.112197
16 93 -0.154355
16 94 -0.19198
16 95 -0.224529
16 96 -0.251323
16 97 -0.271986
16 98 -0.286273
16 99 -0.293808
16 100 -0.0365728
16 101 0

17 0 0
17 1 -0.0288668
17 2 -0.231921
17 3 -0.224654
17 4 -0.210734
17 5 -0.19041
17 6 -0.164155
17 7 -0.132229
17 8 -0.0951228
17 9 -0.0537476
17 10 -0.00860781
17 11 0.0395227
17 12 0.0899092
17 13 0.141711
17 14 0.193989
17 15 0.245936
17 16 0.296668
17 17 0.345445
17 18 0.391352
17 19 0.43364
17 20 0.471631
17 21 0.50449
17 22 0.531934
17 23 0.553422
17 24 0.568596
17 25 0.577106
17 26 0.578893
17 27 0.57392
17 28 0.562194
17 29 0.543791
17 30 0.51912
17 31 0.48881
17 32 0.453071
17 33 0.41247
17 34 0.367693
17 35 0.319511
17 36 0.268614
17 37 0.215891
17 38 0.162139
17 39 0.108244
17 40 0.0552178
17 41 0.00377091
17 42 -0.0452465
17 43 -0.0911434
17 44 -0.133072
17 45 -0.170321
17 46 -0.202292
17 47 -0.228504
17 48 -0.248503
17 49 -0.262057
17 50 -0.268839
17 51 -0.268786
17 52 -0.261906
17 53 -0.248261
17 54 -0.228048
17 55 -0.201742
17 56 -0.169672
17 57 -0.132331
17 58 -0.0902923
17 59 -0.0444069
17 60 0.00465343
17 61 0.0560462
17 62 0.109134
17 63 0.162972
17 64 0.216663
17 65 0.269232
17 66 0.319951
17 67 0.368148
17 68 0.412798
17 69 0.453241
17 70 0.488812
17 71 0.519017
17 72 0.543294
17 73 0.561433
17 74 0.572953
17 75 0.577692
17 76 0.575754
17 77 0.566954
17 78 0.551587
17 79 0.529845
17 80 0.502158
17 81 0.469003
17 82 0.430869
17 83 0.388347
17 84 0.342316
17 85 0.293369
17 86 0.242367
17 87 0.190175
17 88 0.13766
17 89 0.0857779
17 90 0.03526
17 91 -0.0130612
17 92 -0.0583337
17 93 -0.0998411
17 94 -0.136938
17 95 -0.168998
17 96 -0.195397
17 97 -0.2157
17 98 -0.229752
17 99 -0.237073
17 100 -0.0295101
17 101 0

18 0 0
18 1 -0.022115
18 2 -0.177669
18 3 -0.17061
18 4 -0.156924
18 5 -0.136953
18 6 -0.111061
18 7 -0.0796444
18 8 -0.0431048
18 9 -0.00228628
18 10 0.0422913
18 11 0.089775
18 12 0.13948
18 13 0.190553
18 14 0.242135
18 15 0.293331
18 16 0.343343
18 17 0.391352
18 18 0.436488
18 19 0.477944
18 20 0.515218
18 21 0.547364
18 22 0.574103
18 23 0.594916
18 24 0.609455
18 25 0.61731
18 26 0.618528
18 27 0.613009
18 28 0.600883
18 29 0.582094
18 30 0.557114
18 31 0.526406
18 32 0.490409
18 33 0.449519
18 34 0.404513
18 35 0.356214
18 36 0.305231
18 37 0.252435
18 38 0.198665
18 39 0.144806
18 40 0.0917635
18 41 0.0402913
18 42 -0.00871031
18 43 -0.0545738
18 44 -0.096523
18 45 -0.133743
18 46 -0.165738
18 47 -0.191932
18 48 -0.211963
18 49 -0.225532
18 50 -0.232324
18 51 -0.232276
18 52 -0.225461
18 53 -0.211927
18 54 -0.19183
18 55 -0.165535
18 56 -0.133554
18 57 -0.0963175
18 58 -0.0544515
18 59 -0.00861999
18 60 0.0404041
18 61 0.0917037
18 62 0.144734
18 63 0.1985
18 64 0.252155
18 65 0.304801
18 66 0.355546
18 67 0.403838
18 68 0.448637
18 69 0.489281
18 70 0.52519
18 71 0.555654
18 72 0.580357
18 73 0.598863
18 74 0.610824
18 75 0.616031
18 76 0.614752
18 77 0.606651
18 78 0.591941
18 79 0.570889
18 80 0.543924
18 81 0.511578
18 82 0.474332
18 83 0.43259
18 84 0.387348
18 85 0.339197
18 86 0.289005
18 87 0.237598
18 88 0.185897
18 89 0.134765
18 90 0.0849522
18 91 0.0372529
18 92 -0.00733091
18 93 -0.0482041
18 94 -0.0847116
18 95 -0.116317
18 96 -0.142269
18 97 -0.162305
18 98 -0.176026
18 99 -0.183138
18 100 -0.0227963
18 101 0

19 0 0
19 1 -0.0158242
19 2 -0.127138
19 3 -0.120284
19 4 -0.106906
19 5 -0.087229
19 6 -0.0617059
19 7 -0.0307378
19 8 0.00522403
19 9 0.0455137
19 10 0.0894881
19 11 0.136364
19 12 0.185371
19 13 0.235802
19 14 0.286667
19 15 0.337145
19 16 0.386369
19 17 0.43364
19 18 0.477944
19 19 0.518666
19 20 0.55519
19 21 0.586595
19 22 0.612616
19 23 0.632863
19 24 0.646773
19 25 0.654122
19 26 0.654747
19 27 0.648684
19 28 0.636073
19 29 0.616939
19 30 0.591679
19 31 0.56066
19 32 0.524336
19 33 0.483253
19 34 0.43809
19 35 0.389653
19 36 0.33856
19 37 0.285785
19 38 0.232023
19 39 0.178189
19 40 0.125154
19 41 0.0736872
19 42 0.0247055
19 43 -0.0210979
19 44 -0.0629976
19 45 -0.10016
19 46 -0.132095
19 47 -0.158338
19 48 -0.178339
19 49 -0.191915
19 50 -0.198694
19 51 -0.1987
19 52 -0.191941
19 53 -0.178501
19 54 -0.158513
19 55 -0.132334
19 56 -0.10048
19 57 -0.0633723
19 58 -0.0216357
19 59 0.0240541
19 60 0.0729929
19 61 0.124238
19 62 0.177179
19 63 0.230876
19 64 0.284458
19 65 0.337104
19 66 0.387919
19 67 0.436273
19 68 0.48117
19 69 0.522036
19 70 0.558185
19 71 0.588943
19 72 0.613957
19 73 0.632874
19 74 0.64531
19 75 0.651068
19 76 0.650317
19 77 0.642842
19 78 0.628729
19 79 0.608413
19 80 0.582176
19 81 0.550594
19 82 0.514123
19 83 0.473217
19 84 0.428766
19 85 0.381455
19 86 0.332081
19 87 0.281508
19 88 0.230537
19 89 0.180165
19 90 0.131045
19 91 0.0840988
19 92 0.0401228
19 93 -0.000167471
19 94 -0.0361798
19 95 -0.0672462
19 96 -0.0928299
19 97 -0.112483
19 98 -0.125918
19 99 -0.132845
19 100 -0.0165381
19 101 0

20 0 0
20 1 -0.01009
20 2 -0.0811135
20 3 -0.0744713
20 4 -0.0613011
20 5 -0.0420028
20 6 -0.0168304
20 7 0.0137308
20 8 0.049211
20 9 0.0889818
20 10 0.132384
20 11 0.178637
20 12 0.226933
20 13 0.27667
20 14 0.32682
20 15 0.376566
20 16 0.425082
20 17 0.471631
20 18 0.515218
20 19 0.55519
20 20 0.591016
20 21 0.621698
20 22 0.64706
20 23 0.666636
20 24 0.680013
20 25 0.686778
20 26 0.686927
20 27 0.680403
20 28 0.667273
20 29 0.647785
20 30 0.622191
20 31 0.590874
20 32 0.554274
20 33 0.513059
20 34 0.467759
20 35 0.419247
20 36 0.368122
20 37 0.315282
20 38 0.261593
20 39 0.207805
20 40 0.154811
20 41 0.103381
20 42 0.0544552
20 43 0.0087656
20 44 -0.0330056
20 45 -0.0700871
20 46 -0.102003
20 47 -0.128217
20 48 -0.148258
20 49 -0.161797
20 50 -0.16862
20 51 -0.168703
20 52 -0.162018
20 53 -0.148622
20 54 -0.128688
20 55 -0.102623
20 56 -0.0709047
20 57 -0.0339371
20 58 0.00762919
20 59 0.0531207
20 60 0.101947
20 61 0.153104
20 62 0.20589
20 63 0.259478
20 64 0.313042
20 65 0.365654
20 66 0.416461
20 67 0.464836
20 68 0.50975
20 69 0.550811
20 70 0.587195
20 71 0.618245
20 72 0.643591
20 73 0.662874
20 74 0.675792
20 75 0.682162
20 76 0.68188
20 77 0.674916
20 78 0.661499
20 79 0.641813
20 80 0.616369
20 81 0.585486
20 82 0.54977
20 83 0.509701
20 84 0.466023
20 85 0.419497
20 86 0.370943
20 87 0.321165
20 88 0.270904
20 89 0.221211
20 90 0.172828
20 91 0.126597
20 92 0.0832731
20 93 0.0435096
20 94 0.00802041
20 95 -0.0225599
20 96 -0.0476986
20 97 -0.0670305
20 98 -0.0801962
20 99 -0.0869599
20 100 -0.0108285
20 101 0

21 0 0
21 1 -0.00501882
21 2 -0.0402849
21 3 -0.0337137
21 4 -0.0208317
21 5 -0.00186582
21 6 0.0228746
21 7 0.0530161
21 8 0.0880547
21 9 0.127315
21 10 0.170118
21 11 0.215745
21 12 0.263461
21 13 0.312431
21 14 0.361855
21 15 0.410927
21 16 0.458715
21 17 0.50449
21 18 0.547364
21 19 0.586595
21 20 0.621698
21 21 0.65183
21 22 0.676602
21 23 0.695571
21 24 0.708268
21 25 0.714563
21 26 0.714251
21 27 0.707293
21 28 0.693836
21 29 0.673995
21 30 0.648106
21 31 0.616545
21 32 0.5798
21 33 0.538476
21 34 0.493138
21 35 0.44458
21 36 0.393443
21 37 0.340575
21 38 0.286844
21 39 0.233117
21 40 0.180208
21 41 0.128871
21 42 0.0800066
21 43 0.0344348
21 44 -0.00715363
21 45 -0.0441668
21 46 -0.0760271
21 47 -0.102227
21 48 -0.122184
21 49 -0.135704
21 50 -0.142562
21 51 -0.142729
21 52 -0.136057
21 53 -0.12275
21 54 -0.102956
21 55 -0.0770433
21 56 -0.0454216
21 57 -0.00863609
21 58 0.0327387
21 59 0.0780588
21 60 0.126674
21 61 0.177685
21 62 0.230375
21 63 0.28389
21 64 0.337364
21 65 0.389905
21 66 0.440747
21 67 0.489114
21 68 0.534049
21 69 0.575153
21 70 0.611731
21 71 0.643054
21 72 0.668675
21 73 0.688282
21 74 0.701605
21 75 0.708426
21 76 0.708664
21 77 0.70225
21 78 0.689405
21 79 0.670456
21 80 0.645579
21 81 0.615379
21 82 0.580422
21 83 0.541101
21 84 0.498235
21 85 0.452465
21 86 0.404714
21 87 0.355751
21 88 0.306334
21 89 0.257355
21 90 0.209669
21 91 0.164113
21 92 0.121339
21 93 0.0821698
21 94 0.0472326
21 95 0.0170846
21 96 -0.00767947
21 97 -0.0266822
21 98 -0.0396014
21 99 -0.0461433
21 100 -0.00574347
21 101 0

22 0 0
22 1 -0.000655229
22 2 -0.00526076
22 3 0.00113181
22 4 0.0138392
22 5 0.0325113
22 6 0.056918
22 7 0.0866547
22 8 0.121238
22 9 0.15995
22 10 0.202215
22 11 0.247302
22 12 0.29441
22 13 0.342704
22 14 0.391443
22 15 0.439837
22 16 0.486959
22 17 0.531934
22 18 0.574103
22 19 0.612616
22 20 0.64706
22 21 0.676602
22 22 0.700806
22 23 0.719113
22 24 0.731297
22 25 0.73703
22 26 0.736321
22 27 0.729025
22 28 0.715201
22 29 0.69511
22 30 0.668963
22 31 0.637271
22 32 0.600351
22 33 0.558873
22 34 0.513521
22 35 0.464948
22 36 0.413841
22 37 0.360986
22 38 0.307398
22 39 0.2538
22 40 0.201045
22 41 0.149836
22 42 0.101048
22 43 0.0555743
22 44 0.0140702
22 45 -0.0227667
22 46 -0.0545347
22 47 -0.0806309
22 48 -0.100573
22 49 -0.114065
22 50 -0.120951
22 51 -0.121131
22 52 -0.114489
22 53 -0.101229
22 54 -0.0816424
22 55 -0.0559566
22 56 -0.0244827
22 57 0.0121937
22 58 0.0533729
22 59 0.0984611
22 60 0.146901
22 61 0.197773
22 62 0.250282
22 63 0.303612
22 64 0.356922
22 65 0.409326
22 66 0.460132
22 67 0.508469
22 68 0.553476
22 69 0.594644
22 70 0.631294
22 71 0.662823
22 72 0.688721
22 73 0.708653
22 74 0.722281
22 75 0.729512
22 76 0.730227
22 77 0.724336
22 78 0.712107
22 79 0.693687
22 80 0.669534
22 81 0.640049
22 82 0.605791
22 83 0.567244
22 84 0.525136
22 85 0.480142
22 86 0.433166
22 87 0.384931
22 88 0.336267
22 89 0.288008
22 90 0.241031
22 91 0.196051
22 92 0.153881
22 93 0.115205
22 94 0.0808295
22 95 0.0511328
22 96 0.0266915
22 97 0.00800619
22 98 -0.00467655
22 99 -0.0110158
22 100 -0.00136687
22 101 0

23 0 0
23 1 0.00291826
23 2 0.0234515
23 3 0.0297259
23 4 0.0422471
23 5 0.0606781
23 6 0.0847066
23 7 0.114089
23 8 0.148198
23 9 0.186403
23 10 0.228191
23 11 0.27276
23 12 0.319317
23 13 0.367027
23 14 0.415057
23 15 0.462782
23 16 0.509132
23 17 0.553422
23 18 0.594916
23 19 0.632863
23 20 0.666636
23 21 0.695571
23 22 0.719113
23 23 0.736923
23 24 0.748582
23 25 0.753933
23 26 0.752795
23 27 0.745142
23 28 0.731052
23 29 0.710682
23 30 0.684359
23 31 0.652438
23 32 0.615452
23 33 0.573964
23 34 0.528633
23 35 0.480084
23 36 0.429042
23 37 0.376339
23 38 0.322808
23 39 0.269324
23 40 0.216761
23 41 0.165797
23 42 0.11724
23 43 0.0719214
23 44 0.03058
23 45 -0.00611784
23 46 -0.0377719
23 47 -0.0637699
23 48 -0.0836719
23 49 -0.0971747
23 50 -0.104088
23 51 -0.104295
23 52 -0.0976715
23 53 -0.08446
23 54 -0.0650132
23 55 -0.0394777
23 56 -0.00821218
23 57 0.0282319
23 58 0.0691613
23 59 0.114035
23 60 0.162195
23 61 0.212845
23 62 0.265135
23 63 0.318265
23 64 0.371393
23 65 0.423661
23 66 0.474384
23 67 0.522641
23 68 0.56763
23 69 0.608782
23 70 0.645526
23 71 0.677222
23 72 0.703323
23 73 0.723506
23 74 0.737496
23 75 0.745031
23 76 0.746142
23 77 0.74083
23 78 0.729134
23 79 0.711332
23 80 0.687747
23 81 0.658948
23 82 0.625355
23 83 0.587532
23 84 0.546174
23 85 0.501976
23 86 0.455706
23 87 0.408212
23 88 0.360221
23 89 0.31268
23 90 0.266371
23 91 0.222059
23 92 0.18041
23 93 0.142269
23 94 0.108314
23 95 0.0790029
23 96 0.0549268
23 97 0.0365565
23 98 0.0241137
23 99 0.0179097
23 100 0.00223261
23 101 0

24 0 0
24 1 0.00565612
24 2 0.0454509
24 3 0.0516213
24 4 0.0639833
24 5 0.0821151
24 6 0.105945
24 7 0.134975
24 8 0.168656
24 9 0.206391
24 10 0.24762
24 11 0.291588
24 12 0.337584
24 13 0.384618
24 14 0.432084
24 15 0.479147
24 16 0.524917
24 17 0.568596
24 18 0.609455
24 19 0.646773
24 20 0.680013
24 21 0.708268
24 22 0.731297
24 23 0.748582
24 24 0.759759
24 25 0.764734
24 26 0.763285
24 27 0.755278
24 28 0.740926
24 29 0.720346
24 30 0.693909
24 31 0.661888
24 32 0.624864
24 33 0.583409
24 34 0.538119
24 35 0.489603
24 36 0.438797
24 37 0.386281
24 38 0.332954
24 39 0.279657
24 40 0.227225
24 41 0.176478
24 42 0.128174
24 43 0.083064
24 44 0.0418967
24 45 0.00541048
24 46 -0.0260516
24 47 -0.0518658
24 48 -0.0716823
24 49 -0.0851835
24 50 -0.0921389
24 51 -0.092326
24 52 -0.0857697
24 53 -0.0727245
24 54 -0.0534012
24 55 -0.028034
24 56 0.00299663
24 57 0.0391541
24 58 0.0798333
24 59 0.124455
24 60 0.172358
24 61 0.222682
24 62 0.274705
24 63 0.327623
24 64 0.380557
24 65 0.432657
24 66 0.483178
24 67 0.53128
24 68 0.576215
24 69 0.617358
24 70 0.654172
24 71 0.685862
24 72 0.712147
24 73 0.732531
24 74 0.746802
24 75 0.754699
24 76 0.756158
24 77 0.75126
24 78 0.740061
24 79 0.722763
24 80 0.699837
24 81 0.671654
24 82 0.63875
24 83 0.601633
24 84 0.560956
24 85 0.517427
24 86 0.471847
24 87 0.42503
24 88 0.377821
24 89 0.33092
24 90 0.285272
24 91 0.241519
24 92 0.200484
24 93 0.162829
24 94 0.129311
24 95 0.100412
24 96 0.076781
24 97 0.0586078
24 98 0.0463651
24 99 0.0402216
24 100 0.00500397
24 101 0

25 0 0
25 1 0.00751983
25 2 0.0604453
25 3 0.0665491
25 4 0.0786735
25 5 0.0966297
25 6 0.120156
25 7 0.14886
25 8 0.182177
25 9 0.219481
25 10 0.260222
25 11 0.303613
25 12 0.348985
25 13 0.395554
25 14 0.442433
25 15 0.488904
25 16 0.534042
25 17 0.577106
25 18 0.61731
25 19 0.654122
25 20 0.686778
25 21 0.714563
25 22 0.73703
25 23 0.753933
25 24 0.764734
25 25 0.769347
25 26 0.767599
25 27 0.759338
25 28 0.744673
25 29 0.723954
25 30 0.697427
25 31 0.665353
25 32 0.628354
25 33 0.586959
25 34 0.541751
25 35 0.493433
25 36 0.442787
25 37 0.390567
25 38 0.337503
25 39 0.284464
25 40 0.232245
25 41 0.181771
25 42 0.133785
25 43 0.088963
25 44 0.0480097
25 45 0.011698
25 46 -0.0195428
25 47 -0.0452134
25 48 -0.0649648
25 49 -0.0783989
25 50 -0.0852527
25 51 -0.0854841
25 52 -0.0790433
25 53 -0.0660989
25 54 -0.0469079
25 55 -0.0217719
25 56 0.00900693
25 57 0.0449058
25 58 0.0852973
25 59 0.129642
25 60 0.177152
25 61 0.22716
25 62 0.278857
25 63 0.331522
25 64 0.384179
25 65 0.435991
25 66 0.486267
25 67 0.53416
25 68 0.57899
25 69 0.620133
25 70 0.656854
25 71 0.688587
25 72 0.714936
25 73 0.735509
25 74 0.750022
25 75 0.758249
25 76 0.760103
25 77 0.755566
25 78 0.744748
25 79 0.728007
25 80 0.705611
25 81 0.678026
25 82 0.645658
25 83 0.609223
25 84 0.569207
25 85 0.526303
25 86 0.481379
25 87 0.43531
25 88 0.388774
25 89 0.342542
25 90 0.297402
25 91 0.254241
25 92 0.213705
25 93 0.176552
25 94 0.143506
25 95 0.115044
25 96 0.0917012
25 97 0.0738072
25 98 0.0617109
25 99 0.0556549
25 100 0.00692299
25 101 0

26 0 0
26 1 0.00848488
26 2 0.0682472
26 3 0.0743285
26 4 0.0862757
26 5 0.104033
26 6 0.127351
26 7 0.155682
26 8 0.18861
26 9 0.225576
26 10 0.265834
26 11 0.308704
26 12 0.35355
26 13 0.399596
26 14 0.445956
26 15 0.49187
26 16 0.536411
26 17 0.578893
26 18 0.618528
26 19 0.654747
26 20 0.686927
26 21 0.714251
26 22 0.736321
26 23 0.752795
26 24 0.763285
26 25 0.767599
26 26 0.765535
26 27 0.756982
26 28 0.742149
26 29 0.721395
26 30 0.694803
26 31 0.662805
26 32 0.62587
26 33 0.584552
26 34 0.539531
26 35 0.491452
26 36 0.441059
26 37 0.389098
26 38 0.336375
26 39 0.283703
26 40 0.23184
26 41 0.181689
26 42 0.133971
26 43 0.0894593
26 44 0.048744
26 45 0.0126557
26 46 -0.0183491
26 47 -0.0438618
26 48 -0.0634804
26 49 -0.0767878
26 50 -0.0835832
26 51 -0.0837732
26 52 -0.077466
