0 0 0
0 1 0
0 2 0
0 3 0
0 4 0
0 5 0
0 6 0
0 7 0
0 8 0
0 9 0
0 10 0
0 11 0
0 12 0
0 13 0
0 14 0
0 15 0
0 16 0
0 17 0
0 18 0
0 19 0
0 20 0
0 21 0
0 22 0
0 23 0
0 24 0
0 25 0
0 26 0
0 27 0
0 28 0
0 29 0
0 30 0
0 31 0
0 32 0
0 33 0
0 34 0
0 35 0
0 36 0
0 37 0
0 38 0
0 39 0
0 40 0
0 41 0
0 42 0
0 43 0
0 44 0
0 45 0
0 46 0
0 47 0
0 48 0
0 49 0
0 50 0
0 51 0
0 52 0
0 53 0
0 54 0
0 55 0
0 56 0
0 57 0
0 58 0
0 59 0
0 60 0
0 61 0
0 62 0
0 63 0
0 64 0
0 65 0
0 66 0
0 67 0
0 68 0
0 69 0
0 70 0
0 71 0
0 72 0
0 73 0
0 74 0
0 75 0
0 76 0
0 77 0
0 78 0
0 79 0
0 80 0
0 81 0
0 82 0
0 83 0
0 84 0
0 85 0
0 86 0
0 87 0
0 88 0
0 89 0
0 90 0
0 91 0
0 92 0
0 93 0
0 94 0
0 95 0
0 96 0
0 97 0
0 98 0
0 99 0
0 100 0
0 101 0

1 0 0
1 1 0
1 2 -0.10519
1 3 -0.104062
1 4 -0.102082
1 5 -0.0992438
1 6 -0.0956517
1 7 -0.0913347
1 8 -0.0863482
1 9 -0.0807646
1 10 -0.0746825
1 11 -0.0682222
1 12 -0.0614626
1 13 -0.054524
1 14 -0.0474871
1 15 -0.0404508
1 16 -0.0335424
1 17 -0.0268744
1 18 -0.0205401
1 19 -0.0146153
1 20 -0.00920332
1 21 -0.00438646
1 22 -0.000243406
1 23 0.00318392
1 24 0.00581788
1 25 0.00762153
1 26 0.00859962
1 27 0.00874756
1 28 0.00802779
1 29 0.00648082
1 30 0.00417601
1 31 0.00113266
1 32 -0.00259355
1 33 -0.00693379
1 34 -0.0118007
1 35 -0.0171218
1 36 -0.0227884
1 37 -0.0286936
1 38 -0.0347506
1 39 -0.0408897
1 40 -0.046942
1 41 -0.0528272
1 42 -0.0584192
1 43 -0.0636531
1 44 -0.0684212
1 45 -0.0726613
1 46 -0.0762824
1 47 -0.0792562
1 48 -0.081516
1 49 -0.0830271
1 50 -0.0837433
1 51 -0.0836818
1 52 -0.0828557
1 53 -0.0812473
1 54 -0.0788496
1 55 -0.0757567
1 56 -0.072006
1 57 -0.0676429
1 58 -0.0627524
1 59 -0.0574522
1 60 -0.0517561
1 61 -0.0458017
1 62 -0.0396896
1 63 -0.033531
1 64 -0.0273818
1 65 -0.0214153
1 66 -0.0157351
1 67 -0.0104075
1 68 -0.00549429
1 69 -0.00109684
1 70 0.00268303
1 71 0.00576675
1 72 0.00810553
1 73 0.009617
1 74 0.0102933
1 75 0.0101299
1 76 0.00910758
1 77 0.00724921
1 78 0.00455163
1 79 0.00106953
1 80 -0.00314276
1 81 -0.00801835
1 82 -0.0135071
1 83 -0.0194937
1 84 -0.0258941
1 85 -0.0326459
1 86 -0.0396481
1 87 -0.0467553
1 88 -0.0538445
1 89 -0.0608385
1 90 -0.0676437
1 91 -0.0741611
1 92 -0.0802841
1 93 -0.08592
1 94 -0.090961
1 95 -0.0953155
1 96 -0.098931
1 97 -0.101758
1 98 -0.103782
1 99 -0.10492
1 100 0
1 101 0

2 0 0
2 1 -0.10519
2 2 -0.845035
2 3 -0.835966
2 4 -0.819999
2 5 -0.797377
2 6 -0.768469
2 7 -0.733718
2 8 -0.693601
2 9 -0.648791
2 10 -0.600026
2 11 -0.548117
2 12 -0.493828
2 13 -0.437962
2 14 -0.3814
2 15 -0.324928
2 16 -0.26945
2 17 -0.21588
2 18 -0.164928
2 19 -0.11734
2 20 -0.0738922
2 21 -0.035225
2 22 -0.0019364
2 23 0.0255201
2 24 0.046685
2 25 0.061291
2 26 0.0691441
2 27 0.0702327
2 28 0.0645131
2 29 0.0522212
2 30 0.0336235
2 31 0.00915014
2 32 -0.0208032
2 33 -0.055648
2 34 -0.09474
2 35 -0.137421
2 36 -0.182953
2 37 -0.230517
2 38 -0.279268
2 39 -0.328426
2 40 -0.377043
2 41 -0.424245
2 42 -0.469225
2 43 -0.511229
2 44 -0.549561
2 45 -0.583615
2 46 -0.612793
2 47 -0.636669
2 48 -0.654815
2 49 -0.666951
2 50 -0.672785
2 51 -0.67232
2 52 -0.665525
2 53 -0.652475
2 54 -0.633344
2 55 -0.608535
2 56 -0.578371
2 57 -0.54335
2 58 -0.504112
2 59 -0.461369
2 60 -0.415744
2 61 -0.367971
2 62 -0.318863
2 63 -0.269273
2 64 -0.22003
2 65 -0.172085
2 66 -0.12628
2 67 -0.083337
2 68 -0.0439071
2 69 -0.00870225
2 70 0.0215664
2 71 0.0463243
2 72 0.065017
2 73 0.0772721
2 74 0.0827793
2 75 0.0814515
2 76 0.0732151
2 77 0.0582025
2 78 0.0365527
2 79 0.00862385
2 80 -0.0251782
2 81 -0.0643724
2 82 -0.108419
2 83 -0.15656
2 84 -0.20809
2 85 -0.262326
2 86 -0.318414
2 87 -0.375437
2 88 -0.432512
2 89 -0.488785
2 90 -0.543507
2 91 -0.595841
2 92 -0.644994
2 93 -0.690206
2 94 -0.730654
2 95 -0.765691
2 96 -0.79478
2 97 -0.817551
2 98 -0.833686
2 99 -0.84285
2 100 -0.10492
2 101 0

3 0 0
3 1 -0.104062
3 2 -0.835966
3 3 -0.826953
3 4 -0.811003
3 5 -0.788661
3 6 -0.759807
3 7 -0.725034
3 8 -0.685013
3 9 -0.6404
3 10 -0.591944
3 11 -0.540234
3 12 -0.486143
3 13 -0.430356
3 14 -0.373891
3 15 -0.3177
3 16 -0.262466
3 17 -0.209054
3 18 -0.158211
3 19 -0.110824
3 20 -0.0675926
3 21 -0.0291623
3 22 0.00394005
3 23 0.0311413
3 24 0.0522017
3 25 0.0668228
3 26 0.0746236
3 27 0.075559
3 28 0.0699335
3 29 0.0577576
3 30 0.0390825
3 31 0.0145216
3 32 -0.0154416
3 33 -0.0502354
3 34 -0.0892494
3 35 -0.131813
3 36 -0.17728
3 37 -0.224898
3 38 -0.273656
3 39 -0.322541
3 40 -0.371033
3 41 -0.418036
3 42 -0.462964
3 43 -0.504876
3 44 -0.543203
3 45 -0.577211
3 46 -0.606473
3 47 -0.630311
3 48 -0.648493
3 49 -0.660614
3 50 -0.666553
3 51 -0.666115
3 52 -0.659125
3 53 -0.645928
3 54 -0.626991
3 55 -0.602255
3 56 -0.572098
3 57 -0.537147
3 58 -0.498024
3 59 -0.45518
3 60 -0.409777
3 61 -0.36219
3 62 -0.313196
3 63 -0.263592
3 64 -0.214603
3 65 -0.166732
3 66 -0.120788
3 67 -0.077732
3 68 -0.0383704
3 69 -0.00337067
3 70 0.0267702
3 71 0.0514581
3 72 0.0700882
3 73 0.0824646
3 74 0.0880847
3 75 0.0867777
3 76 0.0786237
3 77 0.0636027
3 78 0.0421013
3 79 0.0143873
3 80 -0.0191964
3 81 -0.0582535
3 82 -0.102079
3 83 -0.15008
3 84 -0.201562
3 85 -0.255585
3 86 -0.311262
3 87 -0.367991
3 88 -0.424976
3 89 -0.481199
3 90 -0.535771
3 91 -0.587916
3 92 -0.636851
3 93 -0.681763
3 94 -0.722055
3 95 -0.75704
3 96 -0.786092
3 97 -0.808819
3 98 -0.824718
3 99 -0.833837
3 100 -0.1038
3 101 0

4 0 0
4 1 -0.102082
4 2 -0.819999
4 3 -0.811003
4 4 -0.79522
4 5 -0.77291
4 6 -0.744092
4 7 -0.709438
4 8 -0.669704
4 9 -0.625464
4 10 -0.577313
4 11 -0.525849
4 12 -0.471909
4 13 -0.41641
4 14 -0.360174
4 15 -0.304217
4 16 -0.249359
4 17 -0.196095
4 18 -0.145492
4 19 -0.0984534
4 20 -0.0555172
4 21 -0.0172133
4 22 0.0156529
4 23 0.0426512
4 24 0.063421
4 25 0.0778368
4 26 0.0855953
4 27 0.0862962
4 28 0.0807103
4 29 0.0685024
4 30 0.0497123
4 31 0.0250036
4 32 -0.0048716
4 33 -0.0396321
4 34 -0.0787871
4 35 -0.121365
4 36 -0.166714
4 37 -0.214095
4 38 -0.262795
4 39 -0.311697
4 40 -0.36
4 41 -0.40708
4 42 -0.451814
4 43 -0.493657
4 44 -0.531934
4 45 -0.566022
4 46 -0.595296
4 47 -0.619334
4 48 -0.637504
4 49 -0.649548
4 50 -0.655478
4 51 -0.654868
4 52 -0.648014
4 53 -0.635121
4 54 -0.616174
4 55 -0.591251
4 56 -0.560941
4 57 -0.52619
4 58 -0.487154
4 59 -0.444398
4 60 -0.398835
4 61 -0.35139
4 62 -0.302447
4 63 -0.25299
4 64 -0.204109
4 65 -0.156352
4 66 -0.110497
4 67 -0.0674454
4 68 -0.0281174
4 69 0.00694992
4 70 0.0371457
4 71 0.0618062
4 72 0.0804719
4 73 0.0928085
4 74 0.098541
4 75 0.0973602
4 76 0.0894692
4 77 0.0746493
4 78 0.0533481
4 79 0.025871
4 80 -0.0075904
4 81 -0.0463983
4 82 -0.0899184
4 83 -0.137699
4 84 -0.189004
4 85 -0.24266
4 86 -0.298051
4 87 -0.354564
4 88 -0.411213
4 89 -0.467253
4 90 -0.521631
4 91 -0.573472
4 92 -0.622195
4 93 -0.666797
4 94 -0.7068
4 95 -0.741584
4 96 -0.770484
4 97 -0.793127
4 98 -0.808931
4 99 -0.81801
4 100 -0.101836
4 101 0

5 0 0
5 1 -0.0992438
5 2 -0.797377
5 3 -0.788661
5 4 -0.77291
5 5 -0.750648
5 6 -0.721905
5 7 -0.687639
5 8 -0.648095
5 9 -0.604027
5 10 -0.556257
5 11 -0.505111
5 12 -0.451488
5 13 -0.396299
5 14 -0.340408
5 15 -0.284663
5 16 -0.230104
5 17 -0.17724
5 18 -0.126961
5 19 -0.0802596
5 20 -0.0376706
5 21 0.000226046
5 22 0.0328934
5 23 0.0594816
5 24 0.0800211
5 25 0.094275
5 26 0.101847
5 27 0.102572
5 28 0.0965644
5 29 0.0841928
5 30 0.0653504
5 31 0.0406379
5 32 0.0107217
5 33 -0.0241725
5 34 -0.0634369
5 35 -0.106094
5 36 -0.151257
5 37 -0.198648
5 38 -0.247195
5 39 -0.295961
5 40 -0.344238
5 41 -0.391241
5 42 -0.436006
5 43 -0.477867
5 44 -0.516118
5 45 -0.550212
5 46 -0.579649
5 47 -0.603736
5 48 -0.621826
5 49 -0.63388
5 50 -0.639783
5 51 -0.639249
5 52 -0.632435
5 53 -0.619536
5 54 -0.600574
5 55 -0.575608
5 56 -0.545301
5 57 -0.51065
5 58 -0.471732
5 59 -0.428858
5 60 -0.383347
5 61 -0.335935
5 62 -0.287036
5 63 -0.237676
5 64 -0.188866
5 65 -0.14123
5 66 -0.0953459
5 67 -0.0524434
5 68 -0.0130735
5 69 0.0220459
5 70 0.052328
5 71 0.0771163
5 72 0.0958068
5 73 0.108265
5 74 0.114143
5 75 0.113236
5 76 0.105401
5 77 0.0908062
5 78 0.0699384
5 79 0.0427075
5 80 0.0095369
5 81 -0.0289966
5 82 -0.0721167
5 83 -0.119584
5 84 -0.170514
5 85 -0.223777
5 86 -0.278894
5 87 -0.335056
5 88 -0.391525
5 89 -0.447186
5 90 -0.501188
5 91 -0.552777
5 92 -0.601204
5 93 -0.645532
5 94 -0.685271
5 95 -0.719826
5 96 -0.748515
5 97 -0.771144
5 98 -0.786777
5 99 -0.795589
5 100 -0.0990313
5 101 0

6 0 0
6 1 -0.0956517
6 2 -0.768469
6 3 -0.759807
6 4 -0.744092
6 5 -0.721905
6 6 -0.693703
6 7 -0.659806
6 8 -0.620596
6 9 -0.57679
6 10 -0.529219
6 11 -0.478384
6 12 -0.425065
6 13 -0.370254
6 14 -0.314828
6 15 -0.259475
6 16 -0.205213
6 17 -0.152709
6 18 -0.102807
6 19 -0.0564906
6 20 -0.0142651
6 21 0.0231116
6 22 0.0552951
6 23 0.0817223
6 24 0.102011
6 25 0.11592
6 26 0.123271
6 27 0.123709
6 28 0.1175
6 29 0.104958
6 30 0.0859392
6 31 0.0610026
6 32 0.0308946
6 33 -0.00407881
6 34 -0.0433319
6 35 -0.0860775
6 36 -0.131312
6 37 -0.178634
6 38 -0.22718
6 39 -0.275933
6 40 -0.324127
6 41 -0.371077
6 42 -0.415976
6 43 -0.457752
6 44 -0.496192
6 45 -0.530302
6 46 -0.559728
6 47 -0.58377
6 48 -0.60188
6 49 -0.613964
6 50 -0.620054
6 51 -0.619483
6 52 -0.612576
6 53 -0.599621
6 54 -0.580637
6 55 -0.555734
6 56 -0.525726
6 57 -0.491035
6 58 -0.451969
6 59 -0.409069
6 60 -0.363628
6 61 -0.316181
6 62 -0.2674
6 63 -0.218048
6 64 -0.169251
6 65 -0.121589
6 66 -0.0757401
6 67 -0.0328574
6 68 0.00646596
6 69 0.0416377
6 70 0.0720861
6 71 0.0970562
6 72 0.116005
6 73 0.128675
6 74 0.134783
6 75 0.134038
6 76 0.126459
6 77 0.112247
6 78 0.0916847
6 79 0.0647422
6 80 0.0318765
6 81 -0.00612724
6 82 -0.0487657
6 83 -0.0959237
6 84 -0.146481
6 85 -0.199333
6 86 -0.254034
6 87 -0.309886
6 88 -0.365888
6 89 -0.421203
6 90 -0.474969
6 91 -0.526217
6 92 -0.574235
6 93 -0.618348
6 94 -0.657911
6 95 -0.692111
6 96 -0.720476
6 97 -0.742691
6 98 -0.758236
6 99 -0.766982
6 100 -0.0954733
6 101 0

7 0 0
7 1 -0.0913347
7 2 -0.733718
7 3 -0.725034
7 4 -0.709438
7 5 -0.687639
7 6 -0.659806
7 7 -0.626323
7 8 -0.58728
7 9 -0.543936
7 10 -0.496633
7 11 -0.446116
7 12 -0.393254
7 13 -0.338853
7 14 -0.283807
7 15 -0.228781
7 16 -0.174984
7 17 -0.12298
7 18 -0.0736688
7 19 -0.0277622
7 20 0.0141235
7 21 0.0510716
7 22 0.0828245
7 23 0.108736
7 24 0.128639
7 25 0.142183
7 26 0.149212
7 27 0.149313
7 28 0.142855
7 29 0.130098
7 30 0.110965
7 31 0.0857706
7 32 0.0553346
7 33 0.0203789
7 34 -0.0188824
7 35 -0.0616484
7 36 -0.107063
7 37 -0.154548
7 38 -0.203123
7 39 -0.25185
7 40 -0.299933
7 41 -0.346845
7 42 -0.391713
7 43 -0.433712
7 44 -0.472054
7 45 -0.506361
7 46 -0.5357
7 47 -0.559776
7 48 -0.577724
7 49 -0.590015
7 50 -0.596104
7 51 -0.5956
7 52 -0.58867
7 53 -0.575798
7 54 -0.556726
7 55 -0.532106
7 56 -0.502045
7 57 -0.467315
7 58 -0.428016
7 59 -0.385207
7 60 -0.339793
7 61 -0.292481
7 62 -0.243763
7 63 -0.194474
7 64 -0.145536
7 65 -0.0978437
7 66 -0.0520574
7 67 -0.00908358
7 68 0.0302692
7 69 0.0655382
7 70 0.0961614
7 71 0.121281
7 72 0.140432
7 73 0.15337
7 74 0.159714
7 75 0.159276
7 76 0.152062
7 77 0.138268
7 78 0.11815
7 79 0.0915508
7 80 0.059187
7 81 0.0215964
7 82 -0.0205867
7 83 -0.0672321
7 84 -0.117223
7 85 -0.169618
7 86 -0.223959
7 87 -0.27937
7 88 -0.33499
7 89 -0.38984
7 90 -0.44329
7 91 -0.494167
7 92 -0.541781
7 93 -0.585667
7 94 -0.624825
7 95 -0.658742
7 96 -0.686669
7 97 -0.708648
7 98 -0.723967
7 99 -0.73262
7 100 -0.0912022
7 101 0

8 0 0
8 1 -0.0863482
8 2 -0.693601
8 3 -0.685013
8 4 -0.669704
8 5 -0.648095
8 6 -0.620596
8 7 -0.58728
8 8 -0.548702
8 9 -0.505762
8 10 -0.458949
8 11 -0.408859
8 12 -0.356489
8 13 -0.302544
8 14 -0.247852
8 15 -0.193393
8 16 -0.140208
8 17 -0.0887569
8 18 -0.0399674
8 19 0.00538871
8 20 0.0468651
8 21 0.0835314
8 22 0.114746
8 23 0.140038
8 24 0.159323
8 25 0.172627
8 26 0.179251
8 27 0.179175
8 28 0.172386
8 29 0.159173
8 30 0.139924
8 31 0.114553
8 32 0.0839379
8 33 0.0488195
8 34 0.00946714
8 35 -0.0335119
8 36 -0.0790276
8 37 -0.126557
8 38 -0.175224
8 39 -0.223966
8 40 -0.272164
8 41 -0.31908
8 42 -0.364038
8 43 -0.406014
8 44 -0.444381
8 45 -0.478484
8 46 -0.507881
8 47 -0.531918
8 48 -0.550073
8 49 -0.562362
8 50 -0.568435
8 51 -0.568003
8 52 -0.561294
8 53 -0.548381
8 54 -0.529298
8 55 -0.504621
8 56 -0.474634
8 57 -0.439841
8 58 -0.400674
8 59 -0.35791
8 60 -0.312548
8 61 -0.26517
8 62 -0.216439
8 63 -0.167082
8 64 -0.118198
8 65 -0.0703606
8 66 -0.024512
8 67 0.0184295
8 68 0.0579254
8 69 0.0934607
8 70 0.124241
8 71 0.149434
8 72 0.168799
8 73 0.181882
8 74 0.188624
8 75 0.188529
8 76 0.18165
8 77 0.168394
8 78 0.14862
8 79 0.122666
8 80 0.0907543
8 81 0.0536985
8 82 0.0119184
8 83 -0.0342235
8 84 -0.0835888
8 85 -0.135509
8 86 -0.189271
8 87 -0.244063
8 88 -0.299176
8 89 -0.353581
8 90 -0.406561
8 91 -0.457069
8 92 -0.504282
8 93 -0.547701
8 94 -0.586471
8 95 -0.619863
8 96 -0.64766
8 97 -0.669434
8 98 -0.684605
8 99 -0.693043
8 100 -0.0862657
8 101 0

9 0 0
9 1 -0.0807646
9 2 -0.648791
9 3 -0.6404
9 4 -0.625464
9 5 -0.604027
9 6 -0.57679
9 7 -0.543936
9 8 -0.505762
9 9 -0.463353
9 10 -0.416739
9 11 -0.367037
9 12 -0.315066
9 13 -0.261696
9 14 -0.207726
9 15 -0.15389
9 16 -0.101217
9 17 -0.0502583
9 18 -0.00213828
9 19 0.0425611
9 20 0.0834108
9 21 0.119589
9 22 0.150389
9 23 0.1751
9 24 0.193944
9 25 0.206653
9 26 0.213037
9 27 0.21254
9 28 0.205368
9 29 0.191891
9 30 0.17221
9 31 0.146709
9 32 0.11596
9 33 0.0806219
9 34 0.0410171
9 35 -0.00205436
9 36 -0.0478031
9 37 -0.0953333
9 38 -0.144097
9 39 -0.192987
9 40 -0.241403
9 41 -0.288254
9 42 -0.333271
9 43 -0.375304
9 44 -0.413586
9 45 -0.447542
9 46 -0.476893
9 47 -0.501076
9 48 -0.519437
9 49 -0.531629
9 50 -0.537771
9 51 -0.537349
9 52 -0.530814
9 53 -0.517863
9 54 -0.498744
9 55 -0.473961
9 56 -0.444098
9 57 -0.409434
9 58 -0.370378
9 59 -0.327664
9 60 -0.282259
9 61 -0.23473
9 62 -0.186134
9 63 -0.136822
9 64 -0.0878867
9 65 -0.0398338
9 66 0.00616353
9 67 0.0493143
9 68 0.0888823
9 69 0.124588
9 70 0.155525
9 71 0.180842
9 72 0.200376
9 73 0.213991
9 74 0.221052
9 75 0.221359
9 76 0.215001
9 77 0.202091
9 78 0.182874
9 79 0.157333
9 80 0.12605
9 81 0.0894427
9 82 0.0482942
9 83 0.00288713
9 84 -0.0459094
9 85 -0.097268
9 86 -0.150408
9 87 -0.20454
9 88 -0.259063
9 89 -0.313026
9 90 -0.365426
9 91 -0.415464
9 92 -0.462338
9 93 -0.505415
9 94 -0.543601
9 95 -0.576711
9 96 -0.604218
9 97 -0.625597
9 98 -0.64062
9 99 -0.648854
9 100 -0.0807648
9 101 0

10 0 0
10 1 -0.0746825
10 2 -0.600026
10 3 -0.591944
10 4 -0.577313
10 5 -0.556257
10 6 -0.529219
10 7 -0.496633
10 8 -0.458949
10 9 -0.416739
10 10 -0.370622
10 11 -0.321459
10 12 -0.269974
10 13 -0.217338
10 14 -0.163916
10 15 -0.110832
10 16 -0.0586883
10 17 -0.00826234
10 18 0.0392422
10 19 0.0832129
10 20 0.123304
10 21 0.159034
10 22 0.189244
10 23 0.213515
10 24 0.231765
10 25 0.243905
10 26 0.24961
10 27 0.2486
10 28 0.241065
10 29 0.227405
10 30 0.207573
10 31 0.181954
10 32 0.150893
10 33 0.115181
10 34 0.0754995
10 35 0.0323427
10 36 -0.0136466
10 37 -0.0614502
10 38 -0.110237
10 39 -0.159294
10 40 -0.207651
10 41 -0.254724
10 42 -0.299784
10 43 -0.341848
10 44 -0.380219
10 45 -0.41415
10 46 -0.443509
10 47 -0.467726
10 48 -0.486001
10 49 -0.498252
10 50 -0.504255
10 51 -0.504083
10 52 -0.497458
10 53 -0.484645
10 54 -0.465583
10 55 -0.440918
10 56 -0.411072
10 57 -0.376405
10 58 -0.337405
10 59 -0.294691
10 60 -0.249254
10 61 -0.201778
10 62 -0.152991
10 63 -0.103784
10 64 -0.0547287
10 65 -0.00668612
10 66 0.0395296
10 67 0.0829808
10 68 0.122728
10 69 0.158544
10 70 0.189582
10 71 0.215123
10 72 0.234838
10 73 0.248696
10 74 0.256259
10 75 0.257072
10 76 0.251175
10 77 0.238856
10 78 0.220165
10 79 0.195327
10 80 0.164602
10 81 0.128623
10 82 0.088023
10 83 0.0433996
10 84 -0.00472764
10 85 -0.05551
10 86 -0.108071
10 87 -0.161596
10 88 -0.215535
10 89 -0.268965
10 90 -0.320534
10 91 -0.369983
10 92 -0.416412
10 93 -0.459022
10 94 -0.496879
10 95 -0.529705
10 96 -0.556979
10 97 -0.578096
10 98 -0.592765
10 99 -0.600797
10 100 -0.0747776
10 101 0

11 0 0
11 1 -0.0682222
11 2 -0.548117
11 3 -0.540234
11 4 -0.525849
11 5 -0.505111
11 6 -0.478384
11 7 -0.446116
11 8 -0.408859
11 9 -0.367037
11 10 -0.321459
11 11 -0.272925
11 12 -0.222146
11 13 -0.17001
11 14 -0.117283
11 15 -0.0648858
11 16 -0.0133513
11 17 0.0363534
11 18 0.0831629
11 19 0.126566
11 20 0.166009
11 21 0.200967
11 22 0.230455
11 23 0.254257
11 24 0.272055
11 25 0.283567
11 26 0.28866
11 27 0.287188
11 28 0.279348
11 29 0.265398
11 30 0.24518
11 31 0.219224
11 32 0.187931
11 33 0.152015
11 34 0.112185
11 35 0.0688241
11 36 0.0226983
11 37 -0.0251279
11 38 -0.0740939
11 39 -0.123299
11 40 -0.17185
11 41 -0.219143
11 42 -0.264184
11 43 -0.306259
11 44 -0.344585
11 45 -0.378645
11 46 -0.408029
11 47 -0.432166
11 48 -0.450488
11 49 -0.462732
11 50 -0.468838
11 51 -0.468686
11 52 -0.46218
11 53 -0.449443
11 54 -0.430462
11 55 -0.405837
11 56 -0.376029
11 57 -0.341327
11 58 -0.302272
11 59 -0.259729
11 60 -0.214305
11 61 -0.166732
11 62 -0.117729
11 63 -0.0682918
11 64 -0.0192373
11 65 0.0288239
11 66 0.0750095
11 67 0.118617
11 68 0.158675
11 69 0.19461
11 70 0.225737
11 71 0.251538
11 72 0.271631
11 73 0.285933
11 74 0.293842
11 75 0.294987
11 76 0.289675
11 77 0.277908
11 78 0.259794
11 79 0.235646
11 80 0.205634
11 81 0.170424
11 82 0.130439
11 83 0.0864143
11 84 0.038961
11 85 -0.0111299
11 86 -0.062925
11 87 -0.115836
11 88 -0.169192
11 89 -0.221886
11 90 -0.272767
11 91 -0.321537
11 92 -0.367461
11 93 -0.409485
11 94 -0.447007
11 95 -0.479505
11 96 -0.506479
11 97 -0.527189
11 98 -0.541641
11 99 -0.549601
11 100 -0.0684139
11 101 0

12 0 0
12 1 -0.0614626
12 2 -0.493828
12 3 -0.486143
12 4 -0.471909
12 5 -0.451488
12 6 -0.425065
12 7 -0.393254
12 8 -0.356489
12 9 -0.315066
12 10 -0.269974
12 11 -0.222146
12 12 -0.172043
12 13 -0.120634
12 14 -0.0686219
12 15 -0.0168903
12 16 0.0339731
12 17 0.0829795
12 18 0.129145
12 19 0.171959
12 20 0.210657
12 21 0.244742
12 22 0.273596
12 23 0.296802
12 24 0.314138
12 25 0.324933
12 26 0.32935
12 27 0.327485
12 28 0.319296
12 29 0.304789
12 30 0.284169
12 31 0.2579
12 32 0.226254
12 33 0.190127
12 34 0.150174
12 35 0.106734
12 36 0.0605124
12 37 0.0124931
12 38 -0.0366345
12 39 -0.0860777
12 40 -0.134814
12 41 -0.182153
12 42 -0.227239
12 43 -0.269341
12 44 -0.307663
12 45 -0.34176
12 46 -0.37109
12 47 -0.395244
12 48 -0.413623
12 49 -0.426045
12 50 -0.432137
12 51 -0.432042
12 52 -0.42551
12 53 -0.412807
12 54 -0.393972
12 55 -0.369376
12 56 -0.339499
12 57 -0.304865
12 58 -0.265956
12 59 -0.223501
12 60 -0.178032
12 61 -0.130448
12 62 -0.0813141
12 63 -0.0317169
12 64 0.0176018
12 65 0.0656979
12 66 0.111876
12 67 0.155497
12 68 0.19566
12 69 0.231843
12 70 0.26326
12 71 0.289421
12 72 0.309957
12 73 0.324599
12 74 0.332803
12 75 0.334573
12 76 0.329908
12 77 0.318791
12 78 0.301464
12 79 0.277725
12 80 0.248492
12 81 0.214072
12 82 0.174769
12 83 0.131394
12 84 0.0845893
12 85 0.0352257
12 86 -0.0158843
12 87 -0.0679756
12 88 -0.12055
12 89 -0.172541
12 90 -0.222793
12 91 -0.270937
12 92 -0.316232
12 93 -0.357757
12 94 -0.394751
12 95 -0.426885
12 96 -0.453513
12 97 -0.474013
12 98 -0.488164
12 99 -0.495989
12 100 -0.0617426
12 101 0

13 0 0
13 1 -0.054524
13 2 -0.437962
13 3 -0.430356
13 4 -0.41641
13 5 -0.396299
13 6 -0.370254
13 7 -0.338853
13 8 -0.302544
13 9 -0.261696
13 10 -0.217338
13 11 -0.17001
13 12 -0.120634
13 13 -0.0699557
13 14 -0.0185683
13 15 0.0324492
13 16 0.0827613
13 17 0.131007
13 18 0.176368
13 19 0.218429
13 20 0.25632
13 21 0.289719
13 22 0.317819
13 23 0.340435
13 24 0.356978
13 25 0.367161
13 26 0.37104
13 27 0.368796
13 28 0.359995
13 29 0.344953
13 30 0.323937
13 31 0.29754
13 32 0.265617
13 33 0.229156
13 34 0.188955
13 35 0.14536
13 36 0.098969
13 37 0.0506767
13 38 0.00152845
13 39 -0.0479994
13 40 -0.0966788
13 41 -0.144086
13 42 -0.18928
13 43 -0.231423
13 44 -0.269838
13 45 -0.303986
13 46 -0.333522
13 47 -0.35751
13 48 -0.375909
13 49 -0.388368
13 50 -0.394469
13 51 -0.394447
13 52 -0.387884
13 53 -0.375266
13 54 -0.356544
13 55 -0.332007
13 56 -0.302221
13 57 -0.267522
13 58 -0.228794
13 59 -0.18631
13 60 -0.140786
13 61 -0.0931851
13 62 -0.0440648
13 63 0.00551122
13 64 0.054918
13 65 0.103095
13 66 0.149488
13 67 0.193265
13 68 0.233625
13 69 0.269979
13 70 0.301632
13 71 0.328215
13 72 0.349009
13 73 0.364027
13 74 0.372722
13 75 0.375064
13 76 0.370907
13 77 0.360452
13 78 0.343797
13 79 0.320936
13 80 0.292353
13 81 0.258768
13 82 0.220166
13 83 0.177612
13 84 0.131635
13 85 0.0830027
13 86 0.0325583
13 87 -0.0189362
13 88 -0.0705953
13 89 -0.121868
13 90 -0.171597
13 91 -0.219024
13 92 -0.263661
13 93 -0.304619
13 94 -0.341056
13 95 -0.372642
13 96 -0.398941
13 97 -0.419139
13 98 -0.433186
13 99 -0.440746
13 100 -0.0548566
13 101 0

14 0 0
14 1 -0.0474871
14 2 -0.3814
14 3 -0.373891
14 4 -0.360174
14 5 -0.340408
14 6 -0.314828
14 7 -0.283807
14 8 -0.247852
14 9 -0.207726
14 10 -0.163916
14 11 -0.117283
14 12 -0.0686219
14 13 -0.0185683
14 14 0.0320226
14 15 0.0823107
14 16 0.131826
14 17 0.179342
14 18 0.223838
14 19 0.265013
14 20 0.302216
14 21 0.334777
14 22 0.362321
14 23 0.384232
14 24 0.400077
14 25 0.40975
14 26 0.413125
14 27 0.410297
14 28 0.401008
14 29 0.385429
14 30 0.364092
14 31 0.337227
14 32 0.30517
14 33 0.268456
14 34 0.227991
14 35 0.184103
14 36 0.137551
14 37 0.0892529
14 38 0.0399086
14 39 -0.00965187
14 40 -0.0584531
14 41 -0.10572
14 42 -0.151068
14 43 -0.19312
14 44 -0.231509
14 45 -0.265984
14 46 -0.295501
14 47 -0.319506
14 48 -0.33799
14 49 -0.350457
14 50 -0.356609
14 51 -0.356438
14 52 -0.350066
14 53 -0.337495
14 54 -0.318892
14 55 -0.294323
14 56 -0.264512
14 57 -0.23001
14 58 -0.191193
14 59 -0.148784
14 60 -0.103337
14 61 -0.055537
14 62 -0.00658694
14 63 0.0430257
14 64 0.0924371
14 65 0.140768
14 66 0.187221
14 67 0.231123
14 68 0.271784
14 69 0.308322
14 70 0.340295
14 71 0.367014
14 72 0.388295
14 73 0.40376
14 74 0.412927
14 75 0.415804
14 76 0.412209
14 77 0.402304
14 78 0.386259
14 79 0.364153
14 80 0.33645
14 81 0.303515
14 82 0.265639
14 83 0.223954
14 84 0.178948
14 85 0.131108
14 86 0.0814312
14 87 0.0306821
14 88 -0.0202015
14 89 -0.0706411
14 90 -0.119653
14 91 -0.1664
14 92 -0.21039
14 93 -0.250779
14 94 -0.286681
14 95 -0.317818
14 96 -0.343531
14 97 -0.363435
14 98 -0.377357
14 99 -0.384754
14 100 -0.0478931
14 101 0

15 0 0
15 1 -0.0404508
15 2 -0.324928
15 3 -0.3177
15 4 -0.304217
15 5 -0.284663
15 6 -0.259475
15 7 -0.228781
15 8 -0.193393
15 9 -0.15389
15 10 -0.110832
15 11 -0.0648858
15 12 -0.0168903
15 13 0.0324492
15 14 0.0823107
15 15 0.13183
15 16 0.18054
15 17 0.227418
15 18 0.271188
15 19 0.311598
15 20 0.347897
15 21 0.379697
15 22 0.406405
15 23 0.427638
15 24 0.442915
15 25 0.451959
15 26 0.454818
15 27 0.451318
15 28 0.441455
15 29 0.42537
15 30 0.403601
15 31 0.376398
15 32 0.344017
15 33 0.306991
15 34 0.266334
15 35 0.222253
15 36 0.175486
15 37 0.127239
15 38 0.077756
15 39 0.0281776
15 40 -0.0207544
15 41 -0.0682039
15 42 -0.113535
15 43 -0.155576
15 44 -0.193833
15 45 -0.228311
15 46 -0.257881
15 47 -0.281939
15 48 -0.300467
15 49 -0.31305
15 50 -0.319377
15 51 -0.319224
15 52 -0.312829
15 53 -0.300127
15 54 -0.281483
15 55 -0.257119
15 56 -0.227402
15 57 -0.193012
15 58 -0.154244
15 59 -0.111936
15 60 -0.0664826
15 61 -0.0186322
15 62 0.0303286
15 63 0.080069
15 64 0.129385
15 65 0.177709
15 66 0.224223
15 67 0.268295
15 68 0.309173
15 69 0.345986
15 70 0.378235
15 71 0.405288
15 72 0.426959
15 73 0.442853
15 74 0.452622
15 75 0.45604
15 76 0.453144
15 77 0.443879
15 78 0.428412
15 79 0.407057
15 80 0.380118
15 81 0.348109
15 82 0.311074
15 83 0.270198
15 84 0.225934
15 85 0.1788
15 86 0.130012
15 87 0.0801173
15 88 0.0298977
15 89 -0.0197078
15 90 -0.0680101
15 91 -0.114142
15 92 -0.157338
15 93 -0.196933
15 94 -0.232334
15 95 -0.262926
15 96 -0.288325
15 97 -0.30796
15 98 -0.321628
15 99 -0.328877
15 100 -0.0409393
15 101 0

16 0 0
16 1 -0.0335424
16 2 -0.26945
16 3 -0.262466
16 4 -0.249359
16 5 -0.230104
16 6 -0.205213
16 7 -0.174984
16 8 -0.140208
16 9 -0.101217
16 10 -0.0586883
16 11 -0.0133513
16 12 0.0339731
16 13 0.0827613
16 14 0.131826
16 15 0.18054
16 16 0.228676
16 17 0.274444
16 18 0.317397
16 19 0.356935
16 20 0.392448
16 21 0.423401
16 22 0.449319
16 23 0.469824
16 24 0.48434
16 25 0.492806
16 26 0.494983
16 27 0.490908
16 28 0.480543
16 29 0.464062
16 30 0.441862
16 31 0.414282
16 32 0.381669
16 33 0.344374
16 34 0.303425
16 35 0.259105
16 36 0.212181
16 37 0.163833
16 38 0.114492
16 39 0.0648726
16 40 0.0158779
16 41 -0.0316421
16 42 -0.0769871
16 43 -0.119022
16 44 -0.157435
16 45 -0.19181
16 46 -0.221448
16 47 -0.245582
16 48 -0.264148
16 49 -0.276752
16 50 -0.283192
16 51 -0.283022
16 52 -0.276559
16 53 -0.263886
16 54 -0.245369
16 55 -0.221015
16 56 -0.191508
16 57 -0.157137
16 58 -0.118404
16 59 -0.0759993
16 60 -0.0307015
16 61 0.0170511
16 62 0.0660738
16 63 0.115772
16 64 0.165187
16 65 0.213385
16 66 0.259947
16 67 0.304247
16 68 0.345371
16 69 0.382432
16 70 0.415063
16 71 0.442486
16 72 0.464413
16 73 0.480571
16 74 0.490813
16 75 0.494887
16 76 0.492566
16 77 0.48404
16 78 0.469262
16 79 0.448688
16 80 0.422563
16 81 0.391433
16 82 0.35543
16 83 0.31541
16 84 0.272012
16 85 0.225697
16 86 0.177848
16 87 0.128629
16 88 0.0792106
16 89 0.0304278
16 90 -0.0172095
16 91 -0.0627013
16 92 -0.105271
16 93 -0.144308
16 94 -0.179147
16 95 -0.209164
16 96 -0.234226
16 97 -0.253551
16 98 -0.2669
16 99 -0.273905
16 100 -0.0340935
16 101 0

17 0 0
17 1 -0.0268744
17 2 -0.21588
17 3 -0.209054
17 4 -0.196095
17 5 -0.17724
17 6 -0.152709
17 7 -0.12298
17 8 -0.0887569
17 9 -0.0502583
17 10 -0.00826234
17 11 0.0363534
17 12 0.0829795
17 13 0.131007
17 14 0.179342
17 15 0.227418
17 16 0.274444
17 17 0.319222
17 18 0.361162
17 19 0.400078
17 20 0.434957
17 21 0.465113
17 22 0.490433
17 23 0.510135
17 24 0.52399
17 25 0.531771
17 26 0.533225
17 27 0.528661
17 28 0.517898
17 29 0.50093
17 30 0.478324
17 31 0.450366
17 32 0.417336
17 33 0.379932
17 34 0.338696
17 35 0.294207
17 36 0.24729
17 37 0.198716
17 38 0.149284
17 39 0.0996065
17 40 0.0507442
17 41 0.00324173
17 42 -0.0419198
17 43 -0.0841819
17 44 -0.122603
17 45 -0.156971
17 46 -0.186722
17 47 -0.210918
17 48 -0.22946
17 49 -0.24212
17 50 -0.24837
17 51 -0.248461
17 52 -0.24194
17 53 -0.229479
17 54 -0.210886
17 55 -0.186557
17 56 -0.15717
17 57 -0.122847
17 58 -0.0841105
17 59 -0.0417709
17 60 0.00357965
17 61 0.0509478
17 62 0.100029
17 63 0.14963
17 64 0.19911
17 65 0.24748
17 66 0.294084
17 67 0.338477
17 68 0.379752
17 69 0.417014
17 70 0.449824
17 71 0.477621
17 72 0.499935
17 73 0.516484
17 74 0.527246
17 75 0.531979
17 76 0.530243
17 77 0.522374
17 78 0.508354
17 79 0.488463
17 80 0.463193
17 81 0.432614
17 82 0.397467
17 83 0.358338
17 84 0.315743
17 85 0.270614
17 86 0.223646
17 87 0.175384
17 88 0.126647
17 89 0.0785922
17 90 0.0318095
17 91 -0.0130004
17 92 -0.0548637
17 93 -0.0933138
17 94 -0.12771
17 95 -0.15727
17 96 -0.181835
17 97 -0.200814
17 98 -0.213836
17 99 -0.220763
17 100 -0.0274889
17 101 0

18 0 0
18 1 -0.0205401
18 2 -0.164928
18 3 -0.158211
18 4 -0.145492
18 5 -0.126961
18 6 -0.102807
18 7 -0.0736688
18 8 -0.0399674
18 9 -0.00213828
18 10 0.0392422
18 11 0.0831629
18 12 0.129145
18 13 0.176368
18 14 0.223838
18 15 0.271188
18 16 0.317397
18 17 0.361162
18 18 0.402481
18 19 0.440653
18 20 0.474779
18 21 0.504323
18 22 0.52885
18 23 0.547788
18 24 0.561052
18 25 0.568149
18 26 0.568932
18 27 0.563791
18 28 0.552635
18 29 0.535296
18 30 0.512311
18 31 0.483954
18 32 0.450732
18 33 0.413066
18 34 0.371398
18 35 0.326857
18 36 0.279814
18 37 0.231267
18 38 0.181717
18 39 0.132265
18 40 0.0834777
18 41 0.0360319
18 42 -0.00924333
18 43 -0.0515287
18 44 -0.0899367
18 45 -0.124251
18 46 -0.153939
18 47 -0.178268
18 48 -0.196916
18 49 -0.209587
18 50 -0.21574
18 51 -0.215799
18 52 -0.209616
18 53 -0.197113
18 54 -0.178476
18 55 -0.154191
18 56 -0.124709
18 57 -0.0905628
18 58 -0.0520371
18 59 -0.0096593
18 60 0.0356196
18 61 0.0828915
18 62 0.131772
18 63 0.18128
18 64 0.230472
18 65 0.279045
18 66 0.325755
18 67 0.370191
18 68 0.411627
18 69 0.44928
18 70 0.482223
18 71 0.510292
18 72 0.533106
18 73 0.549977
18 74 0.561075
18 75 0.566298
18 76 0.565295
18 77 0.558126
18 78 0.544818
18 79 0.525747
18 80 0.501195
18 81 0.471302
18 82 0.436916
18 83 0.398523
18 84 0.356915
18 85 0.312575
18 86 0.266519
18 87 0.219278
18 88 0.171462
18 89 0.124084
18 90 0.0779771
18 91 0.0338775
18 92 -0.00731109
18 93 -0.0450216
18 94 -0.0788779
18 95 -0.108133
18 96 -0.1321
18 97 -0.150656
18 98 -0.163379
18 99 -0.170168
18 100 -0.0211958
18 101 0

19 0 0
19 1 -0.0146153
19 2 -0.11734
19 3 -0.110824
19 4 -0.0984534
19 5 -0.0802596
19 6 -0.0564906
19 7 -0.0277622
19 8 0.00538871
19 9 0.0425611
19 10 0.0832129
19 11 0.126566
19 12 0.171959
19 13 0.218429
19 14 0.265013
19 15 0.311598
19 16 0.356935
19 17 0.400078
19 18 0.440653
19 19 0.478009
19 20 0.511363
19 21 0.540202
19 22 0.563896
19 23 0.582241
19 24 0.594837
19 25 0.601262
19 26 0.601583
19 27 0.595774
19 28 0.584119
19 29 0.566522
19 30 0.543214
19 31 0.514695
19 32 0.481146
19 33 0.442995
19 34 0.401242
19 35 0.356686
19 36 0.309511
19 37 0.261027
19 38 0.211582
19 39 0.162149
19 40 0.11343
19 41 0.0658618
19 42 0.0207007
19 43 -0.0214322
19 44 -0.0599821
19 45 -0.0942008
19 46 -0.123843
19 47 -0.148346
19 48 -0.166911
19 49 -0.179526
19 50 -0.18585
19 51 -0.185887
19 52 -0.179771
19 53 -0.167334
19 54 -0.148752
19 55 -0.124489
19 56 -0.0949351
19 57 -0.0607853
19 58 -0.022462
19 59 0.0197161
19 60 0.0647749
19 61 0.111928
19 62 0.160775
19 63 0.210165
19 64 0.259255
19 65 0.307699
19 66 0.354384
19 67 0.399031
19 68 0.440675
19 69 0.478422
19 70 0.511719
19 71 0.540141
19 72 0.563102
19 73 0.580372
19 74 0.591896
19 75 0.597517
19 76 0.597167
19 77 0.590628
19 78 0.577958
19 79 0.559739
19 80 0.535973
19 81 0.5068
19 82 0.473212
19 83 0.435727
19 84 0.394977
19 85 0.35154
19 86 0.306124
19 87 0.259698
19 88 0.21285
19 89 0.166327
19 90 0.120722
19 91 0.0773621
19 92 0.0368929
19 93 -0.000280937
19 94 -0.0334572
19 95 -0.0621384
19 96 -0.085839
19 97 -0.104005
19 98 -0.116403
19 99 -0.122872
19 100 -0.0152954
19 101 0

20 0 0
20 1 -0.00920332
20 2 -0.0738922
20 3 -0.0675926
20 4 -0.0555172
20 5 -0.0376706
20 6 -0.0142651
20 7 0.0141235
20 8 0.0468651
20 9 0.0834108
20 10 0.123304
20 11 0.166009
20 12 0.210657
20 13 0.25632
20 14 0.302216
20 15 0.347897
20 16 0.392448
20 17 0.434957
20 18 0.474779
20 19 0.511363
20 20 0.544125
20 21 0.572125
20 22 0.595167
20 23 0.612995
20 24 0.624981
20 25 0.630785
20 26 0.630481
20 27 0.624166
20 28 0.611965
20 29 0.594127
20 30 0.570499
20 31 0.541594
20 32 0.507893
20 33 0.469327
20 34 0.427565
20 35 0.382845
20 36 0.335658
20 37 0.287177
20 38 0.237801
20 39 0.188386
20 40 0.139799
20 41 0.0923967
20 42 0.0472337
20 43 0.00524923
20 44 -0.0334293
20 45 -0.0676152
20 46 -0.097277
20 47 -0.121649
20 48 -0.140227
20 49 -0.152741
20 50 -0.159056
20 51 -0.159031
20 52 -0.152984
20 53 -0.140697
20 54 -0.122307
20 55 -0.0981987
20 56 -0.0688526
20 57 -0.0345599
20 58 0.00367347
20 59 0.0456572
20 60 0.0904153
20 61 0.137499
20 62 0.186242
20 63 0.235476
20 64 0.284627
20 65 0.333
20 66 0.379646
20 67 0.42428
20 68 0.466075
20 69 0.50382
20 70 0.537478
20 71 0.566073
20 72 0.589354
20 73 0.607044
20 74 0.619099
20 75 0.625355
20 76 0.625511
20 77 0.619646
20 78 0.607545
20 79 0.590005
20 80 0.566953
20 81 0.538476
20 82 0.50571
20 83 0.469079
20 84 0.429113
20 85 0.386547
20 86 0.341833
20 87 0.296056
20 88 0.250147
20 89 0.204432
20 90 0.159754
20 91 0.117165
20 92 0.0772582
20 93 0.0406482
20 94 0.00815104
20 95 -0.0201352
20 96 -0.0435439
20 97 -0.0613846
20 98 -0.0734962
20 99 -0.0796491
20 100 -0.00990507
20 101 0

21 0 0
21 1 -0.00438646
21 2 -0.035225
21 3 -0.0291623
21 4 -0.0172133
21 5 0.000226046
21 6 0.0231116
21 7 0.0510716
21 8 0.0835314
21 9 0.119589
21 10 0.159034
21 11 0.200967
21 12 0.244742
21 13 0.289719
21 14 0.334777
21 15 0.379697
21 16 0.423401
21 17 0.465113
21 18 0.504323
21 19 0.540202
21 20 0.572125
21 21 0.599524
21 22 0.621878
21 23 0.639004
21 24 0.650512
21 25 0.655669
21 26 0.654791
21 27 0.648149
21 28 0.635571
21 29 0.617232
21 30 0.593306
21 31 0.564121
21 32 0.530208
21 33 0.491885
21 34 0.449881
21 35 0.405067
21 36 0.357842
21 37 0.309393
21 38 0.260175
21 39 0.210959
21 40 0.162333
21 41 0.115135
21 42 0.0701598
21 43 0.0280995
21 44 -0.0104977
21 45 -0.0446898
21 46 -0.0741645
21 47 -0.0983936
21 48 -0.116919
21 49 -0.129387
21 50 -0.135756
21 51 -0.135725
21 52 -0.129789
21 53 -0.117419
21 54 -0.0992098
21 55 -0.0753982
21 56 -0.0461865
21 57 -0.0121951
21 58 0.0259403
21 59 0.0678303
21 60 0.112542
21 61 0.159556
21 62 0.207956
21 63 0.257034
21 64 0.305939
21 65 0.354281
21 66 0.400989
21 67 0.445577
21 68 0.487307
21 69 0.525333
21 70 0.558925
21 71 0.587669
21 72 0.61136
21 73 0.629556
21 74 0.642076
21 75 0.648736
21 76 0.649333
21 77 0.643978
21 78 0.632654
21 79 0.615707
21 80 0.593317
21 81 0.565672
21 82 0.533681
21 83 0.497858
21 84 0.458659
21 85 0.416748
21 86 0.373038
21 87 0.328225
21 88 0.282909
21 89 0.238113
21 90 0.194251
21 91 0.152344
21 92 0.113078
21 93 0.0770015
21 94 0.0450079
21 95 0.0172869
21 96 -0.00574221
21 97 -0.0234521
21 98 -0.0352178
21 99 -0.0411785
21 100 -0.00511193
21 101 0

22 0 0
22 1 -0.000243406
22 2 -0.0019364
22 3 0.00394005
22 4 0.0156529
22 5 0.0328934
22 6 0.0552951
22 7 0.0828245
22 8 0.114746
22 9 0.150389
22 10 0.189244
22 11 0.230455
22 12 0.273596
22 13 0.317819
22 14 0.362321
22 15 0.406405
22 16 0.449319
22 17 0.490433
22 18 0.52885
22 19 0.563896
22 20 0.595167
22 21 0.621878
22 22 0.643638
22 23 0.660069
22 24 0.670903
22 25 0.675752
22 26 0.674596
22 27 0.667496
22 28 0.654595
22 29 0.635877
22 30 0.611649
22 31 0.582101
22 32 0.547862
22 33 0.509718
22 34 0.467672
22 35 0.422915
22 36 0.37571
22 37 0.327308
22 38 0.278189
22 39 0.229038
22 40 0.180554
22 41 0.133427
22 42 0.0888038
22 43 0.0467473
22 44 0.00825649
22 45 -0.0259057
22 46 -0.0551067
22 47 -0.0791463
22 48 -0.0974587
22 49 -0.110007
22 50 -0.116399
22 51 -0.116624
22 52 -0.110534
22 53 -0.0983443
22 54 -0.080136
22 55 -0.0565282
22 56 -0.0275753
22 57 0.00621625
22 58 0.0442255
22 59 0.0857185
22 60 0.130408
22 61 0.177068
22 62 0.225301
22 63 0.274151
22 64 0.322995
22 65 0.371264
22 66 0.417828
22 67 0.462477
22 68 0.504076
22 69 0.542145
22 70 0.575843
22 71 0.604999
22 72 0.629033
22 73 0.647587
22 74 0.660469
22 75 0.667425
22 76 0.668425
22 77 0.663533
22 78 0.652822
22 79 0.636502
22 80 0.614806
22 81 0.587807
22 82 0.556729
22 83 0.521746
22 84 0.483304
22 85 0.442193
22 86 0.399249
22 87 0.355177
22 88 0.310672
22 89 0.266609
22 90 0.223506
22 91 0.182352
22 92 0.143696
22 93 0.108103
22 94 0.076564
22 95 0.0493601
22 96 0.0267671
22 97 0.00946644
22 98 -0.00205329
22 99 -0.00798691
22 100 -0.000997432
22 101 0

23 0 0
23 1 0.00318392
23 2 0.0255201
23 3 0.0311413
23 4 0.0426512
23 5 0.0594816
23 6 0.0817223
23 7 0.108736
23 8 0.140038
23 9 0.1751
23 10 0.213515
23 11 0.254257
23 12 0.296802
23 13 0.340435
23 14 0.384232
23 15 0.427638
23 16 0.469824
23 17 0.510135
23 18 0.547788
23 19 0.582241
23 20 0.612995
23 21 0.639004
23 22 0.660069
23 23 0.675906
23 24 0.686275
23 25 0.690831
23 26 0.689266
23 27 0.681832
23 28 0.668455
23 29 0.649431
23 30 0.625076
23 31 0.595333
23 32 0.560942
23 33 0.522705
23 34 0.480724
23 35 0.435961
23 36 0.389088
23 37 0.340575
23 38 0.291576
23 39 0.242492
23 40 0.194102
23 41 0.147297
23 42 0.102767
23 43 0.0609987
23 44 0.0226884
23 45 -0.0112324
23 46 -0.0404215
23 47 -0.0642007
23 48 -0.0825323
23 49 -0.0949231
23 50 -0.101356
23 51 -0.101692
23 52 -0.0956336
23 53 -0.0835307
23 54 -0.0655344
23 55 -0.0419404
23 56 -0.0133039
23 57 0.0204498
23 58 0.0581748
23 59 0.0992774
23 60 0.143481
23 61 0.190022
23 62 0.238075
23 63 0.286784
23 64 0.335643
23 65 0.383723
23 66 0.430174
23 67 0.474563
23 68 0.51608
23 69 0.554108
23 70 0.588145
23 71 0.617479
23 72 0.641666
23 73 0.660491
23 74 0.673799
23 75 0.681298
23 76 0.682645
23 77 0.678126
23 78 0.667924
23 79 0.652173
23 80 0.63109
23 81 0.60475
23 82 0.574281
23 83 0.540073
23 84 0.502442
23 85 0.462288
23 86 0.420088
23 87 0.376754
23 88 0.333052
23 89 0.289698
23 90 0.247296
23 91 0.206595
23 92 0.168446
23 93 0.133427
23 94 0.102285
23 95 0.0755682
23 96 0.0536321
23 97 0.0366084
23 98 0.0253625
23 99 0.0194947
23 100 0.00241132
23 101 0

24 0 0
24 1 0.00581788
24 2 0.046685
24 3 0.0522017
24 4 0.063421
24 5 0.0800211
24 6 0.102011
24 7 0.128639
24 8 0.159323
24 9 0.193944
24 10 0.231765
24 11 0.272055
24 12 0.314138
24 13 0.356978
24 14 0.400077
24 15 0.442915
24 16 0.48434
24 17 0.52399
24 18 0.561052
24 19 0.594837
24 20 0.624981
24 21 0.650512
24 22 0.670903
24 23 0.686275
24 24 0.696371
24 25 0.700424
24 26 0.69837
24 27 0.690538
24 28 0.676774
24 29 0.65746
24 30 0.63298
24 31 0.603225
24 32 0.568916
24 33 0.53058
24 34 0.488606
24 35 0.443796
24 36 0.397127
24 37 0.348833
24 38 0.299948
24 39 0.25127
24 40 0.202858
24 41 0.156377
24 42 0.11212
24 43 0.0705432
24 44 0.0324957
24 45 -0.00132881
24 46 -0.0301883
24 47 -0.0539794
24 48 -0.0722518
24 49 -0.0845862
24 50 -0.0909817
24 51 -0.0911281
24 52 -0.0853075
24 53 -0.0732769
24 54 -0.0554438
24 55 -0.0321384
24 56 -0.00348956
24 57 0.0299022
24 58 0.0673261
24 59 0.108163
24 60 0.15204
24 61 0.198225
24 62 0.245851
24 63 0.294615
24 64 0.343144
24 65 0.391092
24 66 0.437536
24 67 0.481559
24 68 0.523087
24 69 0.561158
24 70 0.595186
24 71 0.624569
24 72 0.64896
24 73 0.668002
24 74 0.681627
24 75 0.689576
24 76 0.691461
24 77 0.68733
24 78 0.677498
24 79 0.662361
24 80 0.641712
24 81 0.616193
24 82 0.586359
24 83 0.552703
24 84 0.515997
24 85 0.476538
24 86 0.435046
24 87 0.392456
24 88 0.349533
24 89 0.306919
24 90 0.265106
24 91 0.224871
24 92 0.187307
24 93 0.152993
24 94 0.122252
24 95 0.0959441
24 96 0.0743128
24 97 0.0576152
24 98 0.0465785
24 99 0.0408568
24 100 0.00507613
24 101 0

25 0 0
25 1 0.00762153
25 2 0.061291
25 3 0.0668228
25 4 0.0778368
25 5 0.094275
25 6 0.11592
25 7 0.142183
25 8 0.172627
25 9 0.206653
25 10 0.243905
25 11 0.283567
25 12 0.324933
25 13 0.367161
25 14 0.40975
25 15 0.451959
25 16 0.492806
25 17 0.531771
25 18 0.568149
25 19 0.601262
25 20 0.630785
25 21 0.655669
25 22 0.675752
25 23 0.690831
25 24 0.700424
25 25 0.704176
25 26 0.701891
25 27 0.693714
25 28 0.679758
25 29 0.660223
25 30 0.635373
25 31 0.605606
25 32 0.5713
25 33 0.532951
25 34 0.49129
25 35 0.446523
25 36 0.400108
25 37 0.351941
25 38 0.303375
25 39 0.254818
25 40 0.206844
25 41 0.160557
25 42 0.116432
25 43 0.0751758
25 44 0.0374028
25 45 0.00375523
25 46 -0.0248011
25 47 -0.0484243
25 48 -0.0665025
25 49 -0.0786983
25 50 -0.0850129
25 51 -0.0852905
25 52 -0.0794265
25 53 -0.0676365
25 54 -0.0500102
25 55 -0.0269824
25 56 0.00139771
25 57 0.034293
25 58 0.0714605
25 59 0.112172
25 60 0.155834
25 61 0.201703
25 62 0.248967
25 63 0.297238
25 64 0.345585
25 65 0.393234
25 66 0.439693
25 67 0.483525
25 68 0.524971
25 69 0.562855
25 70 0.596807
25 71 0.626325
25 72 0.650917
25 73 0.670285
25 74 0.6841
25 75 0.692133
25 76 0.694468
25 77 0.690748
25 78 0.681355
25 79 0.666623
25 80 0.646472
25 81 0.621587
25 82 0.592428
25 83 0.55947
25 84 0.523378
25 85 0.484719
25 86 0.443958
25 87 0.401979
25 88 0.359807
25 89 0.317807
25 90 0.276666
25 91 0.237236
25 92 0.200264
25 93 0.166517
25 94 0.136274
25 95 0.110048
25 96 0.0887214
25 97 0.0723255
25 98 0.0613144
25 99 0.0558355
25 100 0.00695292
25 101 0

26 0 0
26 1 0.00859962
26 2 0.0691441
26 3 0.0746236
26 4 0.0855953
26 5 0.101847
26 6 0.123271
26 7 0.149212
26 8 0.179251
26 9 0.213037
26 10 0.24961
26 11 0.28866
26 12 0.32935
26 13 0.37104
26 14 0.413125
26 15 0.454818
26 16 0.494983
26 17 0.533225
26 18 0.568932
26 19 0.601583
26 20 0.630481
26 21 0.654791
26 22 0.674596
26 23 0.689266
26 24 0.69837
26 25 0.701891
26 26 0.699674
26 27 0.691175
26 28 0.676896
26 29 0.657259
26 30 0.63238
26 31 0.602753
26 32 0.568444
26 33 0.530128
26 34 0.4887
26 35 0.444345
26 36 0.398031
26 37 0.349979
26 38 0.30157
26 39 0.2534
26 40 0.205787
26 41 0.159795
26 42 0.115877
26 43 0.0750488
26 44 0.0375269
26 45 0.00425075
26 46 -0.0241143
26 47 -0.0475559
26 48 -0.0653844
26 49 -0.0774105
26 50 -0.0838604
