0 0 0
0 1 0
0 2 0
0 3 0
0 4 0
0 5 0
0 6 0
0 7 0
0 8 0
0 9 0
0 10 0
0 11 0
0 12 0
0 13 0
0 14 0
0 15 0
0 16 0
0 17 0
0 18 0
0 19 0
0 20 0
0 21 0
0 22 0
0 23 0
0 24 0
0 25 0
0 26 0
0 27 0
0 28 0
0 29 0
0 30 0
0 31 0
0 32 0
0 33 0
0 34 0
0 35 0
0 36 0
0 37 0
0 38 0
0 39 0
0 40 0
0 41 0
0 42 0
0 43 0
0 44 0
0 45 0
0 46 0
0 47 0
0 48 0
0 49 0
0 50 0
0 51 0
0 52 0
0 53 0
0 54 0
0 55 0
0 56 0
0 57 0
0 58 0
0 59 0
0 60 0
0 61 0
0 62 0
0 63 0
0 64 0
0 65 0
0 66 0
0 67 0
0 68 0
0 69 0
0 70 0
0 71 0
0 72 0
0 73 0
0 74 0
0 75 0
0 76 0
0 77 0
0 78 0
0 79 0
0 80 0
0 81 0
0 82 0
0 83 0
0 84 0
0 85 0
0 86 0
0 87 0
0 88 0
0 89 0
0 90 0
0 91 0
0 92 0
0 93 0
0 94 0
0 95 0
0 96 0
0 97 0
0 98 0
0 99 0
0 100 0
0 101 0

1 0 0
1 1 0
1 2 -0.0846426
1 3 -0.0836359
1 4 -0.0819703
1 5 -0.0796576
1 6 -0.076756
1 7 -0.073295
1 8 -0.0692612
1 9 -0.0647928
1 10 -0.0599063
1 11 -0.0546443
1 12 -0.049089
1 13 -0.0433488
1 14 -0.037542
1 15 -0.0318057
1 16 -0.0262132
1 17 -0.0207983
1 18 -0.0156661
1 19 -0.0108892
1 20 -0.00649343
1 21 -0.00251826
1 22 0.000967888
1 23 0.00381139
1 24 0.0060482
1 25 0.00766284
1 26 0.0085759
1 27 0.00883273
1 28 0.00842567
1 29 0.00736014
1 30 0.00568915
1 31 0.00342845
1 32 0.000562756
1 33 -0.00276866
1 34 -0.00647349
1 35 -0.0104929
1 36 -0.0147976
1 37 -0.0192684
1 38 -0.0238847
1 39 -0.0285905
1 40 -0.0332397
1 41 -0.0377969
1 42 -0.0421826
1 43 -0.0463212
1 44 -0.0500022
1 45 -0.0532744
1 46 -0.0560821
1 47 -0.0583447
1 48 -0.0600494
1 49 -0.0611445
1 50 -0.0616603
1 51 -0.0615689
1 52 -0.0609333
1 53 -0.0596829
1 54 -0.0578397
1 55 -0.0554651
1 56 -0.0525758
1 57 -0.0491858
1 58 -0.0453566
1 59 -0.0411899
1 60 -0.0367052
1 61 -0.0320595
1 62 -0.0272948
1 63 -0.0225579
1 64 -0.0179101
1 65 -0.013417
1 66 -0.00913451
1 67 -0.00507726
1 68 -0.0013779
1 69 0.0019351
1 70 0.00479034
1 71 0.00712174
1 72 0.00881306
1 73 0.0098469
1 74 0.0102281
1 75 0.00995258
1 76 0.00900908
1 77 0.00738319
1 78 0.00504141
1 79 0.00205937
1 80 -0.00146765
1 81 -0.00559655
1 82 -0.0101595
1 83 -0.0150448
1 84 -0.0202337
1 85 -0.025756
1 86 -0.0315209
1 87 -0.0373272
1 88 -0.0431765
1 89 -0.048972
1 90 -0.0545753
1 91 -0.0598837
1 92 -0.0648387
1 93 -0.0693771
1 94 -0.0734206
1 95 -0.0770265
1 96 -0.0800086
1 97 -0.0823156
1 98 -0.0839662
1 99 -0.0848986
1 100 0
1 101 0

2 0 0
2 1 -0.0846426
2 2 -0.67972
2 3 -0.671937
2 4 -0.658583
2 5 -0.639988
2 6 -0.616602
2 7 -0.588627
2 8 -0.556374
2 9 -0.520358
2 10 -0.481023
2 11 -0.438757
2 12 -0.394186
2 13 -0.348267
2 14 -0.301865
2 15 -0.255724
2 16 -0.210623
2 17 -0.167243
2 18 -0.126044
2 19 -0.0874579
2 20 -0.0519137
2 21 -0.0200612
2 22 0.00765381
2 23 0.0306617
2 24 0.0486787
2 25 0.0614788
2 26 0.0689208
2 27 0.0710685
2 28 0.0678518
2 29 0.0593139
2 30 0.0457047
2 31 0.0273061
2 32 0.00445621
2 33 -0.0221826
2 34 -0.0519315
2 35 -0.0842529
2 36 -0.118686
2 37 -0.154739
2 38 -0.191852
2 39 -0.229519
2 40 -0.266975
2 41 -0.303545
2 42 -0.338627
2 43 -0.37156
2 44 -0.401476
2 45 -0.42781
2 46 -0.450333
2 47 -0.468574
2 48 -0.4822
2 49 -0.491096
2 50 -0.49522
2 51 -0.494584
2 52 -0.489216
2 53 -0.479169
2 54 -0.464487
2 55 -0.445443
2 56 -0.422207
2 57 -0.39493
2 58 -0.364167
2 59 -0.330497
2 60 -0.294622
2 61 -0.257322
2 62 -0.219231
2 63 -0.181139
2 64 -0.14376
2 65 -0.107719
2 66 -0.0732525
2 67 -0.0408418
2 68 -0.0110893
2 69 0.0155898
2 70 0.0385479
2 71 0.0571182
2 72 0.0707719
2 73 0.0792226
2 74 0.082348
2 75 0.0800481
2 76 0.072366
2 77 0.0591942
2 78 0.0404968
2 79 0.0166565
2 80 -0.0119059
2 81 -0.0448251
2 82 -0.0813601
2 83 -0.120863
2 84 -0.16287
2 85 -0.207155
2 86 -0.253113
2 87 -0.299993
2 88 -0.34703
2 89 -0.393395
2 90 -0.438251
2 91 -0.480867
2 92 -0.520661
2 93 -0.557159
2 94 -0.589984
2 95 -0.618675
2 96 -0.642596
2 97 -0.661188
2 98 -0.674334
2 99 -0.681884
2 100 -0.0848986
2 101 0

3 0 0
3 1 -0.0836359
3 2 -0.671937
3 3 -0.664681
3 4 -0.651446
3 5 -0.633035
3 6 -0.609597
3 7 -0.581523
3 8 -0.54955
3 9 -0.513556
3 10 -0.474247
3 11 -0.432131
3 12 -0.387968
3 13 -0.342544
3 14 -0.296616
3 15 -0.250704
3 16 -0.205608
3 17 -0.162353
3 18 -0.121229
3 19 -0.0824757
3 20 -0.0468182
3 21 -0.0151956
3 22 0.011942
3 23 0.0350012
3 24 0.0528498
3 25 0.0654022
3 26 0.073007
3 27 0.075123
3 28 0.0718668
3 29 0.0632509
3 30 0.0492948
3 31 0.0304819
3 32 0.00777965
3 33 -0.0186236
3 34 -0.0483105
3 35 -0.0806574
3 36 -0.114936
3 37 -0.15102
3 38 -0.1881
3 39 -0.225507
3 40 -0.262973
3 41 -0.299382
3 42 -0.334128
3 43 -0.366526
3 44 -0.396634
3 45 -0.423157
3 46 -0.445669
3 47 -0.463955
3 48 -0.477527
3 49 -0.486466
3 50 -0.4906
3 51 -0.49002
3 52 -0.484456
3 53 -0.474321
3 54 -0.459798
3 55 -0.440866
3 56 -0.417625
3 57 -0.390351
3 58 -0.359578
3 59 -0.325861
3 60 -0.290364
3 61 -0.253221
3 62 -0.215447
3 63 -0.177472
3 64 -0.140156
3 65 -0.104125
3 66 -0.0696777
3 67 -0.0374799
3 68 -0.00765176
3 69 0.0189867
3 70 0.0418775
3 71 0.0603934
3 72 0.0743108
3 73 0.0830825
3 74 0.0863498
3 75 0.0840341
3 76 0.0762121
3 77 0.0629523
3 78 0.0445746
3 79 0.0210545
3 80 -0.00756583
3 81 -0.0399681
3 82 -0.0762074
3 83 -0.115881
3 84 -0.158241
3 85 -0.202345
3 86 -0.2478
3 87 -0.29469
3 88 -0.341575
3 89 -0.387429
3 90 -0.431809
3 91 -0.474174
3 92 -0.513811
3 93 -0.550226
3 94 -0.583249
3 95 -0.611559
3 96 -0.635257
3 97 -0.653851
3 98 -0.66672
3 99 -0.674274
3 100 -0.0839634
3 101 0

4 0 0
4 1 -0.0819703
4 2 -0.658583
4 3 -0.651446
4 4 -0.638982
4 5 -0.620547
4 6 -0.597371
4 7 -0.569354
4 8 -0.537435
4 9 -0.501646
4 10 -0.462549
4 11 -0.421005
4 12 -0.377214
4 13 -0.331915
4 14 -0.285909
4 15 -0.240446
4 16 -0.195552
4 17 -0.152815
4 18 -0.111398
4 19 -0.0730679
4 20 -0.0378823
4 21 -0.00619167
4 22 0.0212294
4 23 0.0434617
4 24 0.0611114
4 25 0.0737613
4 26 0.0811757
4 27 0.0830179
4 28 0.0791323
4 29 0.0703548
4 30 0.0566066
4 31 0.0379382
4 32 0.0152525
4 33 -0.0111245
4 34 -0.0410138
4 35 -0.073563
4 36 -0.108084
4 37 -0.144148
4 38 -0.181219
4 39 -0.218331
4 40 -0.255316
4 41 -0.291707
4 42 -0.326614
4 43 -0.358842
4 44 -0.38842
4 45 -0.415181
4 46 -0.437918
4 47 -0.455862
4 48 -0.469659
4 49 -0.478304
4 50 -0.482643
4 51 -0.481766
4 52 -0.476708
4 53 -0.466442
4 54 -0.452015
4 55 -0.432875
4 56 -0.409506
4 57 -0.382403
4 58 -0.351832
4 59 -0.318571
4 60 -0.283039
4 61 -0.245877
4 62 -0.208267
4 63 -0.170769
4 64 -0.133766
4 65 -0.0973346
4 66 -0.0627127
4 67 -0.0302678
4 68 -0.000258109
4 69 0.0262647
4 70 0.0488269
4 71 0.06744
4 72 0.0814554
4 73 0.0902875
4 74 0.0936773
4 75 0.0919553
4 76 0.0843664
4 77 0.0709318
4 78 0.0527574
4 79 0.0294764
4 80 0.00151662
4 81 -0.0311706
4 82 -0.0670062
4 83 -0.106409
4 84 -0.148251
4 85 -0.192598
4 86 -0.237958
4 87 -0.284246
4 88 -0.330693
4 89 -0.376478
4 90 -0.420839
4 91 -0.462909
4 92 -0.502051
4 93 -0.538271
4 94 -0.571018
4 95 -0.599283
4 96 -0.622758
4 97 -0.640956
4 98 -0.654127
4 99 -0.660979
4 100 -0.0822508
4 101 0

5 0 0
5 1 -0.0796576
5 2 -0.639988
5 3 -0.633035
5 4 -0.620547
5 5 -0.602997
5 6 -0.580085
5 7 -0.552194
5 8 -0.520449
5 9 -0.48468
5 10 -0.445775
5 11 -0.404524
5 12 -0.361136
5 13 -0.31637
5 14 -0.270929
5 15 -0.225514
5 16 -0.181071
5 17 -0.138322
5 18 -0.0975956
5 19 -0.0592176
5 20 -0.023985
5 21 0.007232
5 22 0.0339184
5 23 0.0562079
5 24 0.0738838
5 25 0.0861476
5 26 0.0932983
5 27 0.0948424
5 28 0.0908203
5 29 0.0817686
5 30 0.0678921
5 31 0.0492834
5 32 0.0263493
5 33 -0.000270523
5 34 -0.0303123
5 35 -0.0629902
5 36 -0.0975533
5 37 -0.133914
5 38 -0.171009
5 39 -0.207788
5 40 -0.244671
5 41 -0.28084
5 42 -0.315626
5 43 -0.347896
5 44 -0.377602
5 45 -0.403715
5 46 -0.425918
5 47 -0.444528
5 48 -0.458413
5 49 -0.467634
5 50 -0.471971
5 51 -0.471137
5 52 -0.465438
5 53 -0.455485
5 54 -0.44087
5 55 -0.421635
5 56 -0.398037
5 57 -0.37122
5 58 -0.341182
5 59 -0.307926
5 60 -0.272412
5 61 -0.235389
5 62 -0.198243
5 63 -0.160651
5 64 -0.123568
5 65 -0.0873394
5 66 -0.0524135
5 67 -0.0198549
5 68 0.0101391
5 69 0.0370792
5 70 0.0600511
5 71 0.0785819
5 72 0.0924801
5 73 0.10136
5 74 0.10507
5 75 0.103673
5 76 0.0963564
5 77 0.0832635
5 78 0.0653246
5 79 0.0420522
5 80 0.0141287
5 81 -0.0176317
5 82 -0.0532296
5 83 -0.0925461
5 84 -0.134609
5 85 -0.178087
5 86 -0.223031
5 87 -0.269187
5 88 -0.31523
5 89 -0.360541
5 90 -0.404516
5 91 -0.446467
5 92 -0.485321
5 93 -0.521263
5 94 -0.554076
5 95 -0.581859
5 96 -0.604991
5 97 -0.623116
5 98 -0.635445
5 99 -0.642398
5 100 -0.0799664
5 101 0

6 0 0
6 1 -0.076756
6 2 -0.616602
6 3 -0.609597
6 4 -0.597371
6 5 -0.580085
6 6 -0.557173
6 7 -0.529872
6 8 -0.498351
6 9 -0.462981
6 10 -0.424312
6 11 -0.383428
6 12 -0.340442
6 13 -0.295964
6 14 -0.250902
6 15 -0.20624
6 16 -0.162268
6 17 -0.119685
6 18 -0.0789266
6 19 -0.0411342
6 20 -0.00623827
6 21 0.024644
6 22 0.0511449
6 23 0.072879
6 24 0.0900881
6 25 0.102312
6 26 0.109212
6 27 0.110418
6 28 0.106471
6 29 0.0972206
6 30 0.0828739
6 31 0.0640396
6 32 0.0408937
6 33 0.0139255
6 34 -0.0163249
6 35 -0.0491026
6 36 -0.0838979
6 37 -0.120258
6 38 -0.157084
6 39 -0.194054
6 40 -0.231035
6 41 -0.267117
6 42 -0.301908
6 43 -0.333658
6 44 -0.362912
6 45 -0.389322
6 46 -0.411756
6 47 -0.430048
6 48 -0.443933
6 49 -0.453175
6 50 -0.457646
6 51 -0.456765
6 52 -0.451199
6 53 -0.441102
6 54 -0.42658
6 55 -0.407402
6 56 -0.383848
6 57 -0.357271
6 58 -0.327303
6 59 -0.294115
6 60 -0.259045
6 61 -0.222117
6 62 -0.184735
6 63 -0.147178
6 64 -0.110101
6 65 -0.0738947
6 66 -0.0390288
6 67 -0.00622531
6 68 0.0240727
6 69 0.0509411
6 70 0.0741699
6 71 0.0931604
6 72 0.10744
6 73 0.116801
6 74 0.120679
6 75 0.118949
6 76 0.111704
6 77 0.0989102
6 78 0.0811862
6 79 0.0584343
6 80 0.0313371
6 81 -0.000243014
6 82 -0.0355636
6 83 -0.0744718
6 84 -0.115838
6 85 -0.159226
6 86 -0.203897
6 87 -0.249367
6 88 -0.294808
6 89 -0.339862
6 90 -0.383592
6 91 -0.425161
6 92 -0.46389
6 93 -0.499548
6 94 -0.531474
6 95 -0.559229
6 96 -0.582008
6 97 -0.599984
6 98 -0.612349
6 99 -0.618947
6 100 -0.0770208
6 101 0

7 0 0
7 1 -0.073295
7 2 -0.588627
7 3 -0.581523
7 4 -0.569354
7 5 -0.552194
7 6 -0.529872
7 7 -0.502924
7 8 -0.471916
7 9 -0.437144
7 10 -0.399067
7 11 -0.358173
7 12 -0.315545
7 13 -0.27142
7 14 -0.226735
7 15 -0.182591
7 16 -0.139043
7 17 -0.0968241
7 18 -0.0565215
7 19 -0.0190134
7 20 0.0151971
7 21 0.0456013
7 22 0.0719529
7 23 0.0935469
7 24 0.110216
7 25 0.121856
7 26 0.128259
7 27 0.129509
7 28 0.12517
7 29 0.115844
7 30 0.101033
7 31 0.0816073
7 32 0.0583579
7 33 0.031379
7 34 0.00093456
7 35 -0.0321124
7 36 -0.0669365
7 37 -0.10349
7 38 -0.140431
7 39 -0.177529
7 40 -0.214511
7 41 -0.250592
7 42 -0.284909
7 43 -0.316695
7 44 -0.345937
7 45 -0.372416
7 46 -0.394752
7 47 -0.412981
7 48 -0.426694
7 49 -0.436024
7 50 -0.440526
7 51 -0.440037
7 52 -0.434167
7 53 -0.424094
7 54 -0.409708
7 55 -0.39053
7 56 -0.367003
7 57 -0.340534
7 58 -0.310433
7 59 -0.277602
7 60 -0.242665
7 61 -0.206247
7 62 -0.168995
7 63 -0.13108
7 64 -0.0935471
7 65 -0.0572028
7 66 -0.0222363
7 67 0.0105198
7 68 0.0411024
7 69 0.0681603
7 70 0.0913424
7 71 0.110604
7 72 0.125242
7 73 0.135028
7 74 0.139116
7 75 0.137797
7 76 0.13056
7 77 0.118238
7 78 0.101023
7 79 0.0788347
7 80 0.0520493
7 81 0.0208028
7 82 -0.0140558
7 83 -0.0523923
7 84 -0.0933642
7 85 -0.136206
7 86 -0.180452
7 87 -0.225504
7 88 -0.270596
7 89 -0.315276
7 90 -0.358581
7 91 -0.399713
7 92 -0.43831
7 93 -0.473435
7 94 -0.504844
7 95 -0.532073
7 96 -0.554526
7 97 -0.571957
7 98 -0.584169
7 99 -0.590971
7 100 -0.0735674
7 101 0

8 0 0
8 1 -0.0692612
8 2 -0.556374
8 3 -0.54955
8 4 -0.537435
8 5 -0.520449
8 6 -0.498351
8 7 -0.471916
8 8 -0.4413
8 9 -0.406718
8 10 -0.369188
8 11 -0.328827
8 12 -0.286777
8 13 -0.243206
8 14 -0.198911
8 15 -0.155117
8 16 -0.112084
8 17 -0.0702996
8 18 -0.0306627
8 19 0.00658775
8 20 0.0401973
8 21 0.0702661
8 22 0.0963609
8 23 0.11754
8 24 0.133839
8 25 0.144907
8 26 0.15097
8 27 0.151569
8 28 0.147114
8 29 0.137041
8 30 0.121891
8 31 0.102336
8 32 0.0787126
8 33 0.0514117
8 34 0.0208142
8 35 -0.0122978
8 36 -0.0472936
8 37 -0.0838156
8 38 -0.121236
8 39 -0.158341
8 40 -0.195296
8 41 -0.231134
8 42 -0.265371
8 43 -0.297183
8 44 -0.326495
8 45 -0.352828
8 46 -0.375041
8 47 -0.392983
8 48 -0.406551
8 49 -0.415998
8 50 -0.420469
8 51 -0.420142
8 52 -0.414434
8 53 -0.404717
8 54 -0.390213
8 55 -0.371037
8 56 -0.347692
8 57 -0.321118
8 58 -0.291359
8 59 -0.258546
8 60 -0.223663
8 61 -0.187235
8 62 -0.150133
8 63 -0.112219
8 64 -0.0746758
8 65 -0.0380515
8 66 -0.00298375
8 67 0.0300589
8 68 0.0607258
8 69 0.0880647
8 70 0.111565
8 71 0.131073
8 72 0.145942
8 73 0.155791
8 74 0.160606
8 75 0.159623
8 76 0.153157
8 77 0.141229
8 78 0.124267
8 79 0.102533
8 80 0.075939
8 81 0.0451532
8 82 0.0107305
8 83 -0.0268094
8 84 -0.0671811
8 85 -0.109441
8 86 -0.153207
8 87 -0.197996
8 88 -0.242702
8 89 -0.286769
8 90 -0.329286
8 91 -0.369926
8 92 -0.408325
8 93 -0.443192
8 94 -0.474236
8 95 -0.500919
8 96 -0.522855
8 97 -0.540074
8 98 -0.552074
8 99 -0.558733
8 100 -0.0695483
8 101 0

9 0 0
9 1 -0.0647928
9 2 -0.520358
9 3 -0.513556
9 4 -0.501646
9 5 -0.48468
9 6 -0.462981
9 7 -0.437144
9 8 -0.406718
9 9 -0.37248
9 10 -0.335742
9 11 -0.296104
9 12 -0.254496
9 13 -0.211348
9 14 -0.167549
9 15 -0.124095
9 16 -0.0815002
9 17 -0.0403348
9 18 -0.00101502
9 19 0.0357125
9 20 0.0686624
9 21 0.0984281
9 22 0.123797
9 23 0.144152
9 24 0.160067
9 25 0.170701
9 26 0.175963
9 27 0.176248
9 28 0.17129
9 29 0.160784
9 30 0.145509
9 31 0.125433
9 32 0.101464
9 33 0.0736345
9 34 0.042944
9 35 0.00976858
9 36 -0.0253982
9 37 -0.0620495
9 38 -0.0996592
9 39 -0.13715
9 40 -0.173893
9 41 -0.209692
9 42 -0.243728
9 43 -0.275382
9 44 -0.304685
9 45 -0.330905
9 46 -0.353367
9 47 -0.371013
9 48 -0.384512
9 49 -0.393799
9 50 -0.398068
9 51 -0.397802
9 52 -0.392472
9 53 -0.382885
9 54 -0.368614
9 55 -0.349338
9 56 -0.326358
9 57 -0.299503
9 58 -0.269869
9 59 -0.23752
9 60 -0.202472
9 61 -0.166186
9 62 -0.129207
9 63 -0.0913986
9 64 -0.0536645
9 65 -0.0168414
9 66 0.0185844
9 67 0.0520071
9 68 0.082677
9 69 0.110048
9 70 0.134096
9 71 0.153899
9 72 0.169238
9 73 0.179149
9 74 0.184211
9 75 0.183831
9 76 0.177964
9 77 0.16662
9 78 0.150227
9 79 0.129096
9 80 0.10312
9 81 0.0731464
9 82 0.0391635
9 83 0.00213818
9 84 -0.0375219
9 85 -0.079431
9 86 -0.122719
9 87 -0.166811
9 88 -0.210924
9 89 -0.254468
9 90 -0.296724
9 91 -0.337002
9 92 -0.374914
9 93 -0.408935
9 94 -0.439336
9 95 -0.465533
9 96 -0.487069
9 97 -0.504293
9 98 -0.516428
9 99 -0.522815
9 100 -0.0650472
9 101 0

10 0 0
10 1 -0.0599063
10 2 -0.481023
10 3 -0.474247
10 4 -0.462549
10 5 -0.445775
10 6 -0.424312
10 7 -0.399067
10 8 -0.369188
10 9 -0.335742
10 10 -0.299432
10 11 -0.260036
10 12 -0.218831
10 13 -0.176342
10 14 -0.133207
10 15 -0.0902846
10 16 -0.0481755
10 17 -0.00744593
10 18 0.0311811
10 19 0.0673304
10 20 0.0998026
10 21 0.128612
10 22 0.153163
10 23 0.173075
10 24 0.188217
10 25 0.198158
10 26 0.202894
10 27 0.202462
10 28 0.19721
10 29 0.186744
10 30 0.171126
10 31 0.150805
10 32 0.126326
10 33 0.098227
10 34 0.0671499
10 35 0.0337083
10 36 -0.00154528
10 37 -0.0383023
10 38 -0.0762621
10 39 -0.113587
10 40 -0.150397
10 41 -0.186213
10 42 -0.220097
10 43 -0.251861
10 44 -0.281366
10 45 -0.307472
10 46 -0.329586
10 47 -0.34742
10 48 -0.360877
10 49 -0.370293
10 50 -0.374769
10 51 -0.374336
10 52 -0.368894
10 53 -0.35936
10 54 -0.345044
10 55 -0.326117
10 56 -0.303154
10 57 -0.276398
10 58 -0.246783
10 59 -0.214311
10 60 -0.179567
10 61 -0.143526
10 62 -0.106476
10 63 -0.0684488
10 64 -0.0306832
10 65 0.00634402
10 66 0.0419912
10 67 0.0756128
10 68 0.10651
10 69 0.134389
10 70 0.158746
10 71 0.178913
10 72 0.194179
10 73 0.204363
10 74 0.20955
10 75 0.209606
10 76 0.204589
10 77 0.194034
10 78 0.178391
10 79 0.158002
10 80 0.132708
10 81 0.103371
10 82 0.0701369
10 83 0.0337105
10 84 -0.00572851
10 85 -0.0468429
10 86 -0.0892393
10 87 -0.132732
10 88 -0.176244
10 89 -0.219251
10 90 -0.261248
10 91 -0.301124
10 92 -0.338088
10 93 -0.371681
10 94 -0.401266
10 95 -0.42691
10 96 -0.44825
10 97 -0.465189
10 98 -0.476994
10 99 -0.483665
10 100 -0.0602165
10 101 0

11 0 0
11 1 -0.0546443
11 2 -0.438757
11 3 -0.432131
11 4 -0.421005
11 5 -0.404524
11 6 -0.383428
11 7 -0.358173
11 8 -0.328827
11 9 -0.296104
11 10 -0.260036
11 11 -0.220893
11 12 -0.180268
11 13 -0.138822
11 14 -0.0961148
11 15 -0.0537618
11 16 -0.0123928
11 17 0.0274711
11 18 0.0657381
11 19 0.100866
11 20 0.133001
11 21 0.160588
11 22 0.184614
11 23 0.204047
11 24 0.218386
11 25 0.227586
11 26 0.231863
11 27 0.230645
11 28 0.22469
11 29 0.214057
11 30 0.198265
11 31 0.177751
11 32 0.153055
11 33 0.124406
11 34 0.0929212
11 35 0.0589655
11 36 0.0233642
11 37 -0.0133423
11 38 -0.0511816
11 39 -0.0888523
11 40 -0.12545
11 41 -0.161238
11 42 -0.195385
11 43 -0.227041
11 44 -0.256312
11 45 -0.282458
11 46 -0.304179
11 47 -0.322136
11 48 -0.335153
11 49 -0.344812
11 50 -0.349498
11 51 -0.349012
11 52 -0.343718
11 53 -0.334044
11 54 -0.319361
11 55 -0.301405
11 56 -0.27819
11 57 -0.251932
11 58 -0.222509
11 59 -0.189917
11 60 -0.155439
11 61 -0.119325
11 62 -0.0820091
11 63 -0.0443652
11 64 -0.00646104
11 65 0.0308054
11 66 0.0663986
11 67 0.100527
11 68 0.132039
11 69 0.159976
11 70 0.184901
11 71 0.205289
11 72 0.22072
11 73 0.231244
11 74 0.23661
11 75 0.237382
11 76 0.23314
11 77 0.223247
11 78 0.208465
11 79 0.188681
11 80 0.164209
11 81 0.135205
11 82 0.103042
11 83 0.0672528
11 84 0.0290086
11 85 -0.0117199
11 86 -0.0532961
11 87 -0.0960412
11 88 -0.138819
11 89 -0.181192
11 90 -0.222508
11 91 -0.261848
11 92 -0.298258
11 93 -0.331469
11 94 -0.360741
11 95 -0.38606
11 96 -0.40703
11 97 -0.423402
11 98 -0.435336
11 99 -0.441648
11 100 -0.0549649
11 101 0

12 0 0
12 1 -0.049089
12 2 -0.394186
12 3 -0.387968
12 4 -0.377214
12 5 -0.361136
12 6 -0.340442
12 7 -0.315545
12 8 -0.286777
12 9 -0.254496
12 10 -0.218831
12 11 -0.180268
12 12 -0.140251
12 13 -0.0993749
12 14 -0.0575231
12 15 -0.015757
12 16 0.024985
12 17 0.0641852
12 18 0.101479
12 19 0.135792
12 20 0.166752
12 21 0.193874
12 22 0.216927
12 23 0.235633
12 24 0.249663
12 25 0.258287
12 26 0.261521
12 27 0.259808
12 28 0.253419
12 29 0.242278
12 30 0.226244
12 31 0.205507
12 32 0.180602
12 33 0.151847
12 34 0.119705
12 35 0.0857798
12 36 0.0498777
12 37 0.0128677
12 38 -0.0250174
12 39 -0.0628079
12 40 -0.099652
12 41 -0.135432
12 42 -0.169256
12 43 -0.200971
12 44 -0.230142
12 45 -0.256027
12 46 -0.277898
12 47 -0.295478
12 48 -0.308936
12 49 -0.318181
12 50 -0.32288
12 51 -0.322688
12 52 -0.317378
12 53 -0.307517
12 54 -0.293417
12 55 -0.27487
12 56 -0.252273
12 57 -0.226193
12 58 -0.196819
12 59 -0.164548
12 60 -0.130045
12 61 -0.0941473
12 62 -0.0568391
12 63 -0.0190081
12 64 0.0188263
12 65 0.0561686
12 66 0.0924
12 67 0.126918
12 68 0.15831
12 69 0.186888
12 70 0.211541
12 71 0.232112
12 72 0.248055
12 73 0.258975
12 74 0.265068
12 75 0.266141
12 76 0.262511
12 77 0.253755
12 78 0.239499
12 79 0.220174
12 80 0.196441
12 81 0.1685
12 82 0.137173
12 83 0.102319
12 84 0.0646974
12 85 0.0251954
12 86 -0.015955
12 87 -0.058016
12 88 -0.0998534
12 89 -0.141454
12 90 -0.182243
12 91 -0.22088
12 92 -0.256645
12 93 -0.289219
12 94 -0.318244
12 95 -0.343182
12 96 -0.363753
12 97 -0.379719
12 98 -0.391315
12 99 -0.397449
12 100 -0.0494691
12 101 0

13 0 0
13 1 -0.0433488
13 2 -0.348267
13 3 -0.342544
13 4 -0.331915
13 5 -0.31637
13 6 -0.295964
13 7 -0.27142
13 8 -0.243206
13 9 -0.211348
13 10 -0.176342
13 11 -0.138822
13 12 -0.0993749
13 13 -0.0590744
13 14 -0.0180448
13 15 0.0229084
13 16 0.0626775
13 17 0.101348
13 18 0.137519
13 19 0.17127
13 20 0.200788
13 21 0.227622
13 22 0.249736
13 23 0.267482
13 24 0.280752
13 25 0.288928
13 26 0.292004
13 27 0.289829
13 28 0.282935
13 29 0.271234
13 30 0.254864
13 31 0.233839
13 32 0.208626
13 33 0.179633
13 34 0.147533
13 35 0.113284
13 36 0.0772463
13 37 0.0400399
13 38 0.00209717
13 39 -0.0357238
13 40 -0.072424
13 41 -0.108216
13 42 -0.142148
13 43 -0.173959
13 44 -0.202948
13 45 -0.228555
13 46 -0.25052
13 47 -0.267971
13 48 -0.28178
13 49 -0.290828
13 50 -0.295471
13 51 -0.295154
13 52 -0.290154
13 53 -0.280123
13 54 -0.266245
13 55 -0.247472
13 56 -0.225516
13 57 -0.199655
13 58 -0.170355
13 59 -0.138333
13 60 -0.103594
13 61 -0.0676448
13 62 -0.030461
13 63 0.0072307
13 64 0.0451395
13 65 0.0826922
13 66 0.119159
13 67 0.153619
13 68 0.185166
13 69 0.213803
13 70 0.238551
13 71 0.259489
13 72 0.276129
13 73 0.287617
13 74 0.294157
13 75 0.295411
13 76 0.292259
13 77 0.283974
13 78 0.270602
13 79 0.252206
13 80 0.229003
13 81 0.202533
13 82 0.171521
13 83 0.137802
13 84 0.101022
13 85 0.0625413
13 86 0.0218446
13 87 -0.0192322
13 88 -0.0603177
13 89 -0.101026
13 90 -0.140623
13 91 -0.178519
13 92 -0.21363
13 93 -0.24555
13 94 -0.274144
13 95 -0.298858
13 96 -0.318968
13 97 -0.334883
13 98 -0.346031
13 99 -0.351916
13 100 -0.0437973
13 101 0

14 0 0
14 1 -0.037542
14 2 -0.301865
14 3 -0.296616
14 4 -0.285909
14 5 -0.270929
14 6 -0.250902
14 7 -0.226735
14 8 -0.198911
14 9 -0.167549
14 10 -0.133207
14 11 -0.0961148
14 12 -0.0575231
14 13 -0.0180448
14 14 0.0220621
14 15 0.0623614
14 16 0.101303
14 17 0.138726
14 18 0.174168
14 19 0.206499
14 20 0.235493
14 21 0.261307
14 22 0.283101
14 23 0.3003
14 24 0.312453
14 25 0.320048
14 26 0.322521
14 27 0.319943
14 28 0.312652
14 29 0.300365
14 30 0.283565
14 31 0.262219
14 32 0.236514
14 33 0.207539
14 34 0.175463
14 35 0.141065
14 36 0.104846
14 37 0.0672813
14 38 0.0293275
14 39 -0.00834831
14 40 -0.0451147
14 41 -0.0807303
14 42 -0.115143
14 43 -0.146956
14 44 -0.175701
14 45 -0.201249
14 46 -0.222672
14 47 -0.240553
14 48 -0.254062
14 49 -0.263233
14 50 -0.267951
14 51 -0.26759
14 52 -0.262404
14 53 -0.252721
14 54 -0.23852
14 55 -0.220539
14 56 -0.198691
14 57 -0.173132
14 58 -0.143785
14 59 -0.111707
14 60 -0.0771845
14 61 -0.040956
14 62 -0.00408073
14 63 0.0338594
14 64 0.0718529
14 65 0.10933
14 66 0.145871
14 67 0.180255
14 68 0.211908
14 69 0.24059
14 70 0.265801
14 71 0.287185
14 72 0.304231
14 73 0.316247
14 74 0.323175
14 75 0.325325
14 76 0.322333
14 77 0.314794
14 78 0.302245
14 79 0.284458
14 80 0.262194
14 81 0.236161
14 82 0.206591
14 83 0.173618
14 84 0.137734
14 85 0.100122
14 86 0.0606456
14 87 0.0203797
14 88 -0.0199064
14 89 -0.0595025
14 90 -0.0979342
14 91 -0.135186
14 92 -0.170088
14 93 -0.201343
14 94 -0.229424
14 95 -0.253619
14 96 -0.273642
14 97 -0.289669
14 98 -0.300176
14 99 -0.305889
14 100 -0.038076
14 101 0

15 0 0
15 1 -0.0318057
15 2 -0.255724
15 3 -0.250704
15 4 -0.240446
15 5 -0.225514
15 6 -0.20624
15 7 -0.182591
15 8 -0.155117
15 9 -0.124095
15 10 -0.0902846
15 11 -0.0537618
15 12 -0.015757
15 13 0.0229084
15 14 0.0623614
15 15 0.10132
15 16 0.139736
15 17 0.176111
15 18 0.210541
15 19 0.241575
15 20 0.269866
15 21 0.29473
15 22 0.316098
15 23 0.332452
15 24 0.344159
15 25 0.351049
15 26 0.352851
15 27 0.349515
15 28 0.341558
15 29 0.329006
15 30 0.311657
15 31 0.289992
15 32 0.26438
15 33 0.235125
15 34 0.202781
15 35 0.168283
15 36 0.132054
15 37 0.0945158
15 38 0.0566379
15 39 0.0187801
15 40 -0.0185021
15 41 -0.0539991
15 42 -0.0883698
15 43 -0.119953
15 44 -0.148387
15 45 -0.174262
15 46 -0.195776
15 47 -0.213748
15 48 -0.227308
15 49 -0.236513
15 50 -0.241126
15 51 -0.241021
15 52 -0.235939
15 53 -0.226096
15 54 -0.211975
15 55 -0.194032
15 56 -0.17174
15 57 -0.146671
15 58 -0.117391
15 59 -0.0853916
15 60 -0.0513271
15 61 -0.0149868
15 62 0.0221967
15 63 0.0602941
15 64 0.0981049
15 65 0.135591
15 66 0.171984
15 67 0.206464
15 68 0.238722
15 69 0.267296
15 70 0.292406
15 71 0.314126
15 72 0.331425
15 73 0.344194
15 74 0.352002
15 75 0.354663
15 76 0.352381
15 77 0.345531
15 78 0.333502
15 79 0.316376
15 80 0.295245
15 81 0.269575
15 82 0.241052
15 83 0.208927
15 84 0.174256
15 85 0.137565
15 86 0.0993957
15 87 0.0600031
15 88 0.0210256
15 89 -0.0181488
15 90 -0.0558781
15 91 -0.0922354
15 92 -0.126734
15 93 -0.157607
15 94 -0.185071
15 95 -0.208909
15 96 -0.228729
15 97 -0.244254
15 98 -0.254898
15 99 -0.26012
15 100 -0.0323396
15 101 0

16 0 0
16 1 -0.0262132
16 2 -0.210623
16 3 -0.205608
16 4 -0.195552
16 5 -0.181071
16 6 -0.162268
16 7 -0.139043
16 8 -0.112084
16 9 -0.0815002
16 10 -0.0481755
16 11 -0.0123928
16 12 0.024985
16 13 0.0626775
16 14 0.101303
16 15 0.139736
16 16 0.177154
16 17 0.212356
16 18 0.245913
16 19 0.275814
16 20 0.303511
16 21 0.327361
16 22 0.34802
16 23 0.363937
16 24 0.374829
16 25 0.381096
16 26 0.381986
16 27 0.37838
16 28 0.369853
16 29 0.356812
16 30 0.33907
16 31 0.31722
16 32 0.291495
16 33 0.262121
16 34 0.229476
16 35 0.194779
16 36 0.158499
16 37 0.121081
16 38 0.0828578
16 39 0.0450787
16 40 0.00787314
16 41 -0.0277428
16 42 -0.0620634
16 43 -0.093558
16 44 -0.122343
16 45 -0.148027
16 46 -0.169824
16 47 -0.18751
16 48 -0.201267
16 49 -0.209971
16 50 -0.214952
16 51 -0.214386
16 52 -0.209757
16 53 -0.200079
16 54 -0.186201
16 55 -0.168163
16 56 -0.146316
16 57 -0.120927
16 58 -0.0917994
16 59 -0.059745
16 60 -0.0257138
16 61 0.0104647
16 62 0.0475828
16 63 0.0860311
16 64 0.12374
16 65 0.161102
16 66 0.197469
16 67 0.232045
16 68 0.264296
16 69 0.29313
16 70 0.318563
16 71 0.340542
16 72 0.358177
16 73 0.3715
16 74 0.379693
16 75 0.383282
16 76 0.38138
16 77 0.374936
16 78 0.363628
16 79 0.347308
16 80 0.327021
16 81 0.302046
16 82 0.274836
16 83 0.243663
16 84 0.21009
16 85 0.174265
16 86 0.137141
16 87 0.0989024
16 88 0.0604372
16 89 0.0222801
16 90 -0.0145903
16 91 -0.0503376
16 92 -0.0840543
16 93 -0.114595
16 94 -0.141783
16 95 -0.164898
16 96 -0.184291
16 97 -0.199553
16 98 -0.209868
16 99 -0.215318
16 100 -0.0268017
16 101 0

17 0 0
17 1 -0.0207983
17 2 -0.167243
17 3 -0.162353
17 4 -0.152815
17 5 -0.138322
17 6 -0.119685
17 7 -0.0968241
17 8 -0.0702996
17 9 -0.0403348
17 10 -0.00744593
17 11 0.0274711
17 12 0.0641852
17 13 0.101348
17 14 0.138726
17 15 0.176111
17 16 0.212356
17 17 0.247101
17 18 0.279582
17 19 0.309239
17 20 0.335691
17 21 0.359094
17 22 0.37852
17 23 0.39349
17 24 0.403717
17 25 0.409384
17 26 0.410051
17 27 0.405769
17 28 0.396889
17 29 0.383407
17 30 0.365196
17 31 0.342984
17 32 0.317089
17 33 0.287534
17 34 0.254793
17 35 0.220011
17 36 0.183722
17 37 0.145895
17 38 0.107877
17 39 0.0700657
17 40 0.0328092
17 41 -0.00301468
17 42 -0.0370463
17 43 -0.0686461
17 44 -0.0972704
17 45 -0.123028
17 46 -0.144805
17 47 -0.162828
17 48 -0.176535
17 49 -0.185559
17 50 -0.190389
17 51 -0.190335
17 52 -0.185207
17 53 -0.175513
17 54 -0.161621
17 55 -0.143698
17 56 -0.121714
17 57 -0.0963904
17 58 -0.0673694
17 59 -0.0354369
17 60 -0.00134938
17 61 0.0344044
17 62 0.0717778
17 63 0.110021
17 64 0.147771
17 65 0.184909
17 66 0.221531
17 67 0.256413
17 68 0.288581
17 69 0.317632
17 70 0.343474
17 71 0.365723
17 72 0.383702
17 73 0.397223
17 74 0.406052
17 75 0.409965
17 76 0.40889
17 77 0.402952
17 78 0.39193
17 79 0.37696
17 80 0.35764
17 81 0.333898
17 82 0.306949
17 83 0.276963
17 84 0.244012
17 85 0.209455
17 86 0.172968
17 87 0.135698
17 88 0.0985166
17 89 0.0614148
17 90 0.0251667
17 91 -0.00987249
17 92 -0.0427144
17 93 -0.0728827
17 94 -0.0996363
17 95 -0.122694
17 96 -0.141842
17 97 -0.15655
17 98 -0.166764
17 99 -0.17188
17 100 -0.0213816
17 101 0

18 0 0
18 1 -0.0156661
18 2 -0.126044
18 3 -0.121229
18 4 -0.111398
18 5 -0.0975956
18 6 -0.0789266
18 7 -0.0565215
18 8 -0.0306627
18 9 -0.00101502
18 10 0.0311811
18 11 0.0657381
18 12 0.101479
18 13 0.137519
18 14 0.174168
18 15 0.210541
18 16 0.245913
18 17 0.279582
18 18 0.311606
18 19 0.340005
18 20 0.366215
18 21 0.388464
18 22 0.407184
18 23 0.421934
18 24 0.431399
18 25 0.436087
18 26 0.436012
18 27 0.431552
18 28 0.422203
18 29 0.408172
18 30 0.389519
18 31 0.366961
18 32 0.340676
18 33 0.311121
18 34 0.278321
18 35 0.243345
18 36 0.206853
18 37 0.169083
18 38 0.130811
18 39 0.0928478
18 40 0.0558803
18 41 0.0204931
18 42 -0.0137386
18 43 -0.0452401
18 44 -0.0739928
18 45 -0.099686
18 46 -0.12147
18 47 -0.139537
18 48 -0.153194
18 49 -0.162202
18 50 -0.166964
18 51 -0.166415
18 52 -0.161919
18 53 -0.152579
18 54 -0.138818
18 55 -0.121067
18 56 -0.0988866
18 57 -0.0734505
18 58 -0.0444358
18 59 -0.012643
18 60 0.0211548
18 61 0.0570291
18 62 0.0938189
18 63 0.131888
18 64 0.169847
18 65 0.207394
18 66 0.243893
18 67 0.278788
18 68 0.311183
18 69 0.340108
18 70 0.366377
18 71 0.389051
18 72 0.407305
18 73 0.421356
18 74 0.430443
18 75 0.435275
18 76 0.434436
18 77 0.429137
18 78 0.419301
18 79 0.404654
18 80 0.386193
18 81 0.363324
18 82 0.337675
18 83 0.308258
18 84 0.276265
18 85 0.242212
18 86 0.20698
18 87 0.170793
18 88 0.134666
18 89 0.0986123
18 90 0.0631101
18 91 0.0286133
18 92 -0.00380059
18 93 -0.0331569
18 94 -0.0595768
18 95 -0.0821056
18 96 -0.100972
18 97 -0.115788
18 98 -0.125158
18 99 -0.13056
18 100 -0.0162781
18 101 0

19 0 0
19 1 -0.0108892
19 2 -0.0874579
19 3 -0.0824757
19 4 -0.0730679
19 5 -0.0592176
19 6 -0.0411342
19 7 -0.0190134
19 8 0.00658775
19 9 0.0357125
19 10 0.0673304
19 11 0.100866
19 12 0.135792
19 13 0.17127
19 14 0.206499
19 15 0.241575
19 16 0.275814
19 17 0.309239
19 18 0.340005
19 19 0.368364
19 20 0.393538
19 21 0.41544
19 22 0.432906
19 23 0.446647
19 24 0.456197
19 25 0.460889
19 26 0.460095
19 27 0.454615
19 28 0.444609
19 29 0.430211
19 30 0.41133
19 31 0.388639
19 32 0.362363
19 33 0.332705
19 34 0.299887
19 35 0.26489
19 36 0.22809
19 37 0.190232
19 38 0.152088
19 39 0.114164
19 40 0.0770183
19 41 0.0414647
19 42 0.00748291
19 43 -0.0241742
19 44 -0.0528061
19 45 -0.0783965
19 46 -0.100557
19 47 -0.118245
19 48 -0.132243
19 49 -0.141404
19 50 -0.146094
19 51 -0.146032
19 52 -0.141298
19 53 -0.131782
19 54 -0.118205
19 55 -0.10003
19 56 -0.0783612
19 57 -0.0527651
19 58 -0.0240002
19 59 0.00759794
19 60 0.0415381
19 61 0.0773984
19 62 0.114469
19 63 0.152307
19 64 0.19012
19 65 0.227453
19 66 0.264274
19 67 0.29948
19 68 0.331648
19 69 0.360825
19 70 0.386847
19 71 0.409723
19 72 0.428235
19 73 0.442662
19 74 0.452584
19 75 0.457427
19 76 0.45777
19 77 0.453425
19 78 0.443646
19 79 0.42976
19 80 0.411933
19 81 0.390343
19 82 0.364802
19 83 0.336261
19 84 0.304951
19 85 0.272502
19 86 0.237923
19 87 0.20276
19 88 0.167562
19 89 0.132589
19 90 0.0978693
19 91 0.0645278
19 92 0.0330684
19 93 0.00415537
19 94 -0.0220318
19 95 -0.0445481
19 96 -0.0630292
19 97 -0.0771563
19 98 -0.0867127
19 99 -0.0916811
19 100 -0.011402
19 101 0

20 0 0
20 1 -0.00649343
20 2 -0.0519137
20 3 -0.0468182
20 4 -0.0378823
20 5 -0.023985
20 6 -0.00623827
20 7 0.0151971
20 8 0.0401973
20 9 0.0686624
20 10 0.0998026
20 11 0.133001
20 12 0.166752
20 13 0.200788
20 14 0.235493
20 15 0.269866
20 16 0.303511
20 17 0.335691
20 18 0.366215
20 19 0.393538
20 20 0.417892
20 21 0.438822
20 22 0.456379
20 23 0.469537
20 24 0.477949
20 25 0.481807
20 26 0.480863
20 27 0.474989
20 28 0.464457
20 29 0.449529
20 30 0.430595
20 31 0.407982
20 32 0.381392
20 33 0.35154
20 34 0.318746
20 35 0.283495
20 36 0.246932
20 37 0.20939
20 38 0.170971
20 39 0.13265
20 40 0.0956167
20 41 0.060485
20 42 0.0262105
20 43 -0.00555261
20 44 -0.0341304
20 45 -0.0601985
20 46 -0.0822496
20 47 -0.0997312
20 48 -0.113571
20 49 -0.123056
20 50 -0.127818
20 51 -0.127438
20 52 -0.122976
20 53 -0.113528
20 54 -0.0998211
20 55 -0.08208
20 56 -0.0601225
20 57 -0.0346555
20 58 -0.00567226
20 59 0.0255898
20 60 0.0593447
20 61 0.0953974
20 62 0.132101
20 63 0.16994
20 64 0.208077
20 65 0.245768
20 66 0.282231
20 67 0.317046
20 68 0.349488
20 69 0.378605
20 70 0.405048
20 71 0.428117
20 72 0.446554
20 73 0.461157
20 74 0.471525
20 75 0.477248
20 76 0.478006
20 77 0.474039
20 78 0.465375
20 79 0.452146
20 80 0.43507
20 81 0.41368
20 82 0.389509
20 83 0.361833
20 84 0.331452
20 85 0.299203
20 86 0.265897
20 87 0.231793
20 88 0.19732
20 89 0.162924
20 90 0.129377
20 91 0.0970643
20 92 0.0660146
20 93 0.0374667
20 94 0.0121745
20 95 -0.00959009
20 96 -0.0276376
20 97 -0.0413295
20 98 -0.051171
20 99 -0.0558696
20 100 -0.0069337
20 101 0

21 0 0
21 1 -0.00251826
21 2 -0.0200612
21 3 -0.0151956
21 4 -0.00619167
21 5 0.007232
21 6 0.024644
21 7 0.0456013
21 8 0.0702661
21 9 0.0984281
21 10 0.128612
21 11 0.160588
21 12 0.193874
21 13 0.227622
21 14 0.261307
21 15 0.29473
21 16 0.327361
21 17 0.359094
21 18 0.388464
21 19 0.41544
21 20 0.438822
21 21 0.459873
21 22 0.476396
21 23 0.488344
21 24 0.496332
21 25 0.500024
21 26 0.498375
21 27 0.492096
21 28 0.481196
21 29 0.466131
21 30 0.446761
21 31 0.423684
21 32 0.397075
21 33 0.367228
21 34 0.334152
21 35 0.299284
21 36 0.26282
21 37 0.225085
21 38 0.187018
21 39 0.148783
21 40 0.111439
21 41 0.0756479
21 42 0.042218
21 43 0.0104462
21 44 -0.0185083
21 45 -0.0444804
21 46 -0.0669365
21 47 -0.0843814
21 48 -0.09814
21 49 -0.107278
21 50 -0.112421
21 51 -0.112468
21 52 -0.107563
21 53 -0.0980541
21 54 -0.0848881
21 55 -0.0665351
21 56 -0.0449015
21 57 -0.0191418
21 58 0.00967834
21 59 0.0406297
21 60 0.0745968
21 61 0.110016
21 62 0.147094
21 63 0.185124
21 64 0.22317
21 65 0.260318
21 66 0.297012
21 67 0.331906
21 68 0.363803
21 69 0.393525
21 70 0.419889
21 71 0.44295
21 72 0.461902
21 73 0.477049
21 74 0.487729
21 75 0.493456
21 76 0.494979
21 77 0.491874
21 78 0.483587
21 79 0.471326
21 80 0.454787
21 81 0.434562
21 82 0.410483
21 83 0.383605
21 84 0.353969
21 85 0.323181
21 86 0.290399
21 87 0.257158
21 88 0.22365
21 89 0.190105
21 90 0.157217
21 91 0.125678
21 92 0.0953506
21 93 0.0675842
21 94 0.0426921
21 95 0.0213749
21 96 0.00411833
21 97 -0.00938687
21 98 -0.0188548
21 99 -0.0237675
21 100 -0.00297144
21 101 0

22 0 0
22 1 0.000967888
22 2 0.00765381
22 3 0.011942
22 4 0.0212294
22 5 0.0339184
22 6 0.0511449
22 7 0.0719529
22 8 0.0963609
22 9 0.123797
22 10 0.153163
22 11 0.184614
22 12 0.216927
22 13 0.249736
22 14 0.283101
22 15 0.316098
22 16 0.34802
22 17 0.37852
22 18 0.407184
22 19 0.432906
22 20 0.456379
22 21 0.476396
22 22 0.49256
22 23 0.50441
22 24 0.51152
22 25 0.514291
22 26 0.512296
22 27 0.505578
22 28 0.494571
22 29 0.479083
22 30 0.459404
22 31 0.436077
22 32 0.4091
22 33 0.379194
22 34 0.346364
22 35 0.311298
22 36 0.274996
22 37 0.237463
22 38 0.199199
22 39 0.161292
22 40 0.123851
22 41 0.0883138
22 42 0.0545009
22 43 0.023072
22 44 -0.0062792
22 45 -0.0323135
22 46 -0.0541428
22 47 -0.0719944
22 48 -0.0853057
22 49 -0.0944247
22 50 -0.0994242
22 51 -0.0993789
22 52 -0.0947385
22 53 -0.0857043
22 54 -0.0724112
22 55 -0.0546294
22 56 -0.0325342
22 57 -0.00709425
22 58 0.0215275
22 59 0.052948
22 60 0.0864542
22 61 0.121903
22 62 0.158361
22 63 0.196474
22 64 0.234345
22 65 0.27187
22 66 0.308362
22 67 0.342808
22 68 0.375028
22 69 0.404604
22 70 0.431397
22 71 0.454553
22 72 0.473893
22 73 0.489392
22 74 0.500234
22 75 0.506709
22 76 0.508479
22 77 0.505866
22 78 0.49876
22 79 0.486864
22 80 0.470797
22 81 0.450841
22 82 0.427892
22 83 0.401722
22 84 0.373084
22 85 0.342971
22 86 0.311388
22 87 0.278624
22 88 0.245848
22 89 0.213134
22 90 0.181294
22 91 0.15031
22 92 0.120744
22 93 0.0937366
22 94 0.0690487
22 95 0.0482302
22 96 0.0312956
22 97 0.0177079
22 98 0.00932771
22 99 0.00434778
22 100 0.000494108
22 101 0

23 0 0
23 1 0.00381139
23 2 0.0306617
23 3 0.0350012
23 4 0.0434617
23 5 0.0562079
23 6 0.072879
23 7 0.0935469
23 8 0.11754
23 9 0.144152
23 10 0.173075
23 11 0.204047
23 12 0.235633
23 13 0.267482
23 14 0.3003
23 15 0.332452
23 16 0.363937
23 17 0.39349
23 18 0.421934
23 19 0.446647
23 20 0.469537
23 21 0.488344
23 22 0.50441
23 23 0.515522
23 24 0.522326
23 25 0.524603
23 26 0.522231
23 27 0.515133
23 28 0.503543
23 29 0.487978
23 30 0.468271
23 31 0.444706
23 32 0.417721
23 33 0.387651
23 34 0.355092
23 35 0.320109
23 36 0.283919
23 37 0.24641
23 38 0.208464
23 39 0.170691
23 40 0.133368
23 41 0.0977294
23 42 0.0635291
23 43 0.0321363
23 44 0.00318734
23 45 -0.0231569
23 46 -0.0445114
23 47 -0.0624243
23 48 -0.0753387
23 49 -0.0848297
23 50 -0.0894554
23 51 -0.0896632
23 52 -0.0850332
23 53 -0.07643
23 54 -0.062769
23 55 -0.0456565
23 56 -0.0231127
23 57 0.0016481
23 58 0.0302482
23 59 0.0617765
23 60 0.0950521
23 61 0.130752
23 62 0.167241
23 63 0.204584
23 64 0.242134
23 65 0.279767
23 66 0.316046
23 67 0.350337
23 68 0.383098
23 69 0.412421
23 70 0.439371
23 71 0.462631
23 72 0.482031
23 73 0.49762
23 74 0.508553
23 75 0.515863
23 76 0.518116
23 77 0.515861
23 78 0.50936
23 79 0.49789
23 80 0.482969
23 81 0.46315
23 82 0.441069
23 83 0.415483
23 84 0.388217
23 85 0.358196
23 86 0.327432
23 87 0.295344
23 88 0.263544
23 89 0.231542
23 90 0.200576
23 91 0.170407
23 92 0.141487
23 93 0.114873
23 94 0.0909742
23 95 0.0702216
23 96 0.0533844
23 97 0.0409271
23 98 0.0321576
23 99 0.027999
23 100 0.00350056
23 101 0

24 0 0
24 1 0.0060482
24 2 0.0486787
24 3 0.0528498
24 4 0.0611114
24 5 0.0738838
24 6 0.0900881
24 7 0.110216
24 8 0.133839
24 9 0.160067
24 10 0.188217
24 11 0.218386
24 12 0.249663
24 13 0.280752
24 14 0.312453
24 15 0.344159
24 16 0.374829
24 17 0.403717
24 18 0.431399
24 19 0.456197
24 20 0.477949
24 21 0.496332
24 22 0.51152
24 23 0.522326
24 24 0.529003
24 25 0.531004
24 26 0.527942
24 27 0.520614
24 28 0.508628
24 29 0.492854
24 30 0.473036
24 31 0.449456
24 32 0.422529
24 33 0.392583
24 34 0.359832
24 35 0.325227
24 36 0.289206
24 37 0.251866
24 38 0.214221
24 39 0.176672
24 40 0.139473
24 41 0.103347
24 42 0.0695777
24 43 0.0382025
24 44 0.00927904
24 45 -0.0163147
24 46 -0.0379352
24 47 -0.0552308
24 48 -0.0685015
24 49 -0.0773658
24 50 -0.0821473
24 51 -0.0824004
24 52 -0.07788
24 53 -0.0693887
24 54 -0.0566235
24 55 -0.0388824
24 56 -0.0173423
24 57 0.00766734
24 58 0.0358655
24 59 0.0669196
24 60 0.100654
24 61 0.135936
24 62 0.172461
24 63 0.209625
24 64 0.246783
24 65 0.283863
24 66 0.320209
24 67 0.354558
24 68 0.386806
24 69 0.41674
24 70 0.443302
24 71 0.466612
24 72 0.486328
24 73 0.502134
24 74 0.513521
24 75 0.52084
24 76 0.523607
24 77 0.521734
24 78 0.515377
24 79 0.504751
24 80 0.490312
24 81 0.471592
24 82 0.449828
24 83 0.424809
24 84 0.397853
24 85 0.368898
24 86 0.338647
24 87 0.307593
24 88 0.276517
24 89 0.245655
24 90 0.215226
24 91 0.185538
24 92 0.157335
24 93 0.131363
24 94 0.107947
24 95 0.0877512
24 96 0.0713642
24 97 0.0592333
24 98 0.0507079
24 99 0.0465638
24 100 0.00579747
24 101 0

25 0 0
25 1 0.00766284
25 2 0.0614788
25 3 0.0654022
25 4 0.0737613
25 5 0.0861476
25 6 0.102312
25 7 0.121856
25 8 0.144907
25 9 0.170701
25 10 0.198158
25 11 0.227586
25 12 0.258287
25 13 0.288928
25 14 0.320048
25 15 0.351049
25 16 0.381096
25 17 0.409384
25 18 0.436087
25 19 0.460889
25 20 0.481807
25 21 0.500024
25 22 0.514291
25 23 0.524603
25 24 0.531004
25 25 0.532311
25 26 0.529391
25 27 0.521852
25 28 0.509892
25 29 0.493756
25 30 0.473758
25 31 0.450147
25 32 0.423252
25 33 0.393445
25 34 0.360955
25 35 0.326402
25 36 0.290484
25 37 0.253529
25 38 0.216052
25 39 0.178956
25 40 0.141969
25 41 0.105888
25 42 0.0723664
25 43 0.0410185
25 44 0.0123884
25 45 -0.0127763
25 46 -0.0342839
25 47 -0.0514108
25 48 -0.064694
25 49 -0.0738329
25 50 -0.0783826
25 51 -0.0788305
25 52 -0.074038
25 53 -0.0656541
25 54 -0.0533498
25 55 -0.0356463
25 56 -0.0145805
25 57 0.0103245
25 58 0.0384209
25 59 0.0691475
25 60 0.102756
25 61 0.137511
25 62 0.173719
25 63 0.210855
25 64 0.247732
25 65 0.284614
25 66 0.320731
25 67 0.354929
25 68 0.387028
25 69 0.41676
25 70 0.443337
25 71 0.466829
25 72 0.486688
25 73 0.502407
25 74 0.514172
25 75 0.521375
25 76 0.524671
25 77 0.523134
25 78 0.517279
25 79 0.507377
25 80 0.493148
25 81 0.475464
25 82 0.453884
25 83 0.429643
25 84 0.402887
25 85 0.374688
25 86 0.345324
25 87 0.314983
25 88 0.284765
25 89 0.254551
25 90 0.224764
25 91 0.195562
25 92 0.167973
25 93 0.142827
25 94 0.119776
25 95 0.100034
25 96 0.0842973
25 97 0.0721066
25 98 0.0638766
25 99 0.0599639
25 100 0.00748123
25 101 0

26 0 0
26 1 0.0085759
26 2 0.0689208
26 3 0.073007
26 4 0.0811757
26 5 0.0932983
26 6 0.109212
26 7 0.128259
26 8 0.15097
26 9 0.175963
26 10 0.202894
26 11 0.231863
26 12 0.261521
26 13 0.292004
26 14 0.322521
26 15 0.352851
26 16 0.381986
26 17 0.410051
26 18 0.436012
26 19 0.460095
26 20 0.480863
26 21 0.498375
26 22 0.512296
26 23 0.522231
26 24 0.527942
26 25 0.529391
26 26 0.526253
26 27 0.518638
26 28 0.506501
26 29 0.490238
26 30 0.470215
26 31 0.446568
26 32 0.419978
26 33 0.39038
26 34 0.357888
26 35 0.323623
26 36 0.287875
26 37 0.251206
26 38 0.214194
26 39 0.177418
