0 0 0
0 1 0
0 2 0
0 3 0
0 4 0
0 5 0
0 6 0
0 7 0
0 8 0
0 9 0
0 10 0
0 11 0
0 12 0
0 13 0
0 14 0
0 15 0
0 16 0
0 17 0
0 18 0
0 19 0
0 20 0
0 21 0
0 22 0
0 23 0
0 24 0
0 25 0
0 26 0
0 27 0
0 28 0
0 29 0
0 30 0
0 31 0
0 32 0
0 33 0
0 34 0
0 35 0
0 36 0
0 37 0
0 38 0
0 39 0
0 40 0
0 41 0
0 42 0
0 43 0
0 44 0
0 45 0
0 46 0
0 47 0
0 48 0
0 49 0
0 50 0
0 51 0
0 52 0
0 53 0
0 54 0
0 55 0
0 56 0
0 57 0
0 58 0
0 59 0
0 60 0
0 61 0
0 62 0
0 63 0
0 64 0
0 65 0
0 66 0
0 67 0
0 68 0
0 69 0
0 70 0
0 71 0
0 72 0
0 73 0
0 74 0
0 75 0
0 76 0
0 77 0
0 78 0
0 79 0
0 80 0
0 81 0
0 82 0
0 83 0
0 84 0
0 85 0
0 86 0
0 87 0
0 88 0
0 89 0
0 90 0
0 91 0
0 92 0
0 93 0
0 94 0
0 95 0
0 96 0
0 97 0
0 98 0
0 99 0
0 100 0
0 101 0

1 0 0
1 1 0
1 2 -0.0409909
1 3 -0.0404388
1 4 -0.0395411
1 5 -0.0383363
1 6 -0.036907
1 7 -0.0351536
1 8 -0.033313
1 9 -0.0311354
1 10 -0.0285336
1 11 -0.0259414
1 12 -0.0229797
1 13 -0.0198599
1 14 -0.0168168
1 15 -0.0136984
1 16 -0.0106915
1 17 -0.00779913
1 18 -0.0047638
1 19 -0.0018968
1 20 0.000595832
1 21 0.00292319
1 22 0.00497347
1 23 0.0064803
1 24 0.0076684
1 25 0.00862778
1 26 0.00912841
1 27 0.00966201
1 28 0.0102468
1 29 0.0105198
1 30 0.0105488
1 31 0.0102779
1 32 0.00984211
1 33 0.00912361
1 34 0.00813201
1 35 0.0071154
1 36 0.00577901
1 37 0.00441375
1 38 0.00295751
1 39 0.00112666
1 40 -0.000478236
1 41 -0.00196042
1 42 -0.00333172
1 43 -0.00467682
1 44 -0.00610158
1 45 -0.00717576
1 46 -0.0078939
1 47 -0.00858656
1 48 -0.00908486
1 49 -0.00948451
1 50 -0.00967875
1 51 -0.00951537
1 52 -0.00921663
1 53 -0.00862865
1 54 -0.00803659
1 55 -0.00740496
1 56 -0.00631408
1 57 -0.00511213
1 58 -0.00382386
1 59 -0.00246466
1 60 -0.0010374
1 61 0.000716867
1 62 0.00252755
1 63 0.00413976
1 64 0.00582113
1 65 0.00728245
1 66 0.00871633
1 67 0.0101128
1 68 0.0111695
1 69 0.0119883
1 70 0.0123488
1 71 0.012571
1 72 0.0126521
1 73 0.0121984
1 74 0.0117558
1 75 0.0111115
1 76 0.0100937
1 77 0.00916472
1 78 0.00790941
1 79 0.00608516
1 80 0.00392169
1 81 0.0015882
1 82 -0.00114936
1 83 -0.00408567
1 84 -0.00693257
1 85 -0.009944
1 86 -0.0129793
1 87 -0.0161115
1 88 -0.0193561
1 89 -0.0224622
1 90 -0.0254295
1 91 -0.0282361
1 92 -0.0307049
1 93 -0.033
1 94 -0.0350672
1 95 -0.0367958
1 96 -0.0381482
1 97 -0.0392113
1 98 -0.0401023
1 99 -0.0407001
1 100 0
1 101 0

2 0 0
2 1 -0.0409909
2 2 -0.32894
2 3 -0.324691
2 4 -0.317656
2 5 -0.30809
2 6 -0.296636
2 7 -0.283002
2 8 -0.267752
2 9 -0.250076
2 10 -0.229904
2 11 -0.208123
2 12 -0.184624
2 13 -0.159794
2 14 -0.134741
2 15 -0.110065
2 16 -0.0859346
2 17 -0.0618848
2 18 -0.0381929
2 19 -0.0154921
2 20 0.00522287
2 21 0.0235356
2 22 0.0394166
2 23 0.0520545
2 24 0.0617681
2 25 0.068926
2 26 0.0740422
2 27 0.0782209
2 28 0.0819239
2 29 0.0841949
2 30 0.0842459
2 31 0.0825157
2 32 0.0785781
2 33 0.0729755
2 34 0.065792
2 35 0.0567707
2 36 0.0466081
2 37 0.0353744
2 38 0.0226381
2 39 0.00944013
2 40 -0.00341433
2 41 -0.0154572
2 42 -0.0268553
2 43 -0.0381084
2 44 -0.0483631
2 45 -0.0570114
2 46 -0.0637211
2 47 -0.0687721
2 48 -0.0730682
2 49 -0.0759447
2 50 -0.0771675
2 51 -0.0765366
2 52 -0.073696
2 53 -0.0696739
2 54 -0.0649469
2 55 -0.0587082
2 56 -0.0507175
2 57 -0.0411698
2 58 -0.0308654
2 59 -0.0196929
2 60 -0.00731622
2 61 0.00567669
2 62 0.0194946
2 63 0.0333849
2 64 0.0463698
2 65 0.0587518
2 66 0.070273
2 67 0.0808421
2 68 0.0896667
2 69 0.0957921
2 70 0.0992578
2 71 0.100874
2 72 0.100607
2 73 0.0984814
2 74 0.0944859
2 75 0.0889059
2 76 0.0819323
2 77 0.0736945
2 78 0.0632467
2 79 0.0490322
2 80 0.0318846
2 81 0.0124699
2 82 -0.00919459
2 83 -0.032266
2 84 -0.0558084
2 85 -0.079707
2 86 -0.104305
2 87 -0.12961
2 88 -0.155462
2 89 -0.180465
2 90 -0.204386
2 91 -0.226954
2 92 -0.247009
2 93 -0.265384
2 94 -0.28199
2 95 -0.295463
2 96 -0.306547
2 97 -0.315164
2 98 -0.32199
2 99 -0.326614
2 100 -0.0407001
2 101 0

3 0 0
3 1 -0.0404388
3 2 -0.324691
3 3 -0.320388
3 4 -0.31307
3 5 -0.304012
3 6 -0.292657
3 7 -0.280172
3 8 -0.26491
3 9 -0.247326
3 10 -0.228323
3 11 -0.205319
3 12 -0.182117
3 13 -0.157472
3 14 -0.132211
3 15 -0.107928
3 16 -0.0837033
3 17 -0.0589405
3 18 -0.0358279
3 19 -0.0139383
3 20 0.00697056
3 21 0.0246219
3 22 0.0392077
3 23 0.0523283
3 24 0.0621669
3 25 0.0688965
3 26 0.0751464
3 27 0.0791575
3 28 0.0816997
3 29 0.083303
3 30 0.0833675
3 31 0.0817074
3 32 0.0776601
3 33 0.072339
3 34 0.0662378
3 35 0.056481
3 36 0.0465807
3 37 0.0347279
3 38 0.0214943
3 39 0.0100174
3 40 -0.00256727
3 41 -0.0148129
3 42 -0.0271713
3 43 -0.0388088
3 44 -0.0480502
3 45 -0.0567363
3 46 -0.0642587
3 47 -0.0691878
3 48 -0.0730443
3 49 -0.0758113
3 50 -0.0765396
3 51 -0.0763348
3 52 -0.0731044
3 53 -0.0703392
3 54 -0.065725
3 55 -0.0587104
3 56 -0.0512652
3 57 -0.042047
3 58 -0.0316666
3 59 -0.019768
3 60 -0.00662879
3 61 0.00558518
3 62 0.0184536
3 63 0.0329761
3 64 0.0459281
3 65 0.0588671
3 66 0.0705497
3 67 0.0799992
3 68 0.0889223
3 69 0.0944633
3 70 0.0986965
3 71 0.100084
3 72 0.0994154
3 73 0.0985257
3 74 0.0942019
3 75 0.088429
3 76 0.0829811
3 77 0.0741273
3 78 0.0632264
3 79 0.0499189
3 80 0.0332605
3 81 0.0136476
3 82 -0.00738125
3 83 -0.0298922
3 84 -0.054077
3 85 -0.0778436
3 86 -0.102393
3 87 -0.127415
3 88 -0.152796
3 89 -0.177926
3 90 -0.202446
3 91 -0.224814
3 92 -0.245173
3 93 -0.262876
3 94 -0.27851
3 95 -0.291184
3 96 -0.301988
3 97 -0.311276
3 98 -0.317858
3 99 -0.322344
3 100 -0.0401741
3 101 0

4 0 0
4 1 -0.0395411
4 2 -0.317656
4 3 -0.31307
4 4 -0.305997
4 5 -0.296867
4 6 -0.285915
4 7 -0.273275
4 8 -0.25852
4 9 -0.241492
4 10 -0.222985
4 11 -0.201566
4 12 -0.177742
4 13 -0.153522
4 14 -0.129312
4 15 -0.104632
4 16 -0.0803078
4 17 -0.0563665
4 18 -0.0331621
4 19 -0.0110026
4 20 0.00882786
4 21 0.0263286
4 22 0.0409791
4 23 0.0526828
4 24 0.0623313
4 25 0.0703689
4 26 0.0760439
4 27 0.0804291
4 28 0.0831204
4 29 0.0842005
4 30 0.0832425
4 31 0.081177
4 32 0.078188
4 33 0.0732165
4 34 0.0653495
4 35 0.057463
4 36 0.0469544
4 37 0.0349839
4 38 0.0236572
4 39 0.0105781
4 40 -0.00220362
4 41 -0.0144959
4 42 -0.0261704
4 43 -0.038396
4 44 -0.0491638
4 45 -0.0566302
4 46 -0.0629072
4 47 -0.070198
4 48 -0.0749564
4 49 -0.0766015
4 50 -0.0771393
4 51 -0.0768508
4 52 -0.0761525
4 53 -0.0716722
4 54 -0.0653797
4 55 -0.0597091
4 56 -0.0522367
4 57 -0.0423951
4 58 -0.030571
4 59 -0.0195685
4 60 -0.0078476
4 61 0.00578218
4 62 0.0195299
4 63 0.0326699
4 64 0.0469597
4 65 0.059395
4 66 0.0705444
4 67 0.081005
4 68 0.0883848
4 69 0.0938553
4 70 0.0974991
4 71 0.10048
4 72 0.100777
4 73 0.0982541
4 74 0.0947277
4 75 0.0896346
4 76 0.0826671
4 77 0.0743437
4 78 0.0633568
4 79 0.0505331
4 80 0.0348799
4 81 0.0164115
4 82 -0.0044702
4 83 -0.027141
4 84 -0.050689
4 85 -0.0748834
4 86 -0.099815
4 87 -0.124325
4 88 -0.149076
4 89 -0.174464
4 90 -0.198448
4 91 -0.21968
4 92 -0.240038
4 93 -0.256936
4 94 -0.271089
4 95 -0.284049
4 96 -0.294877
4 97 -0.304072
4 98 -0.311559
4 99 -0.315066
4 100 -0.0392105
4 101 0

5 0 0
5 1 -0.0383363
5 2 -0.30809
5 3 -0.304012
5 4 -0.296867
5 5 -0.287385
5 6 -0.276364
5 7 -0.263675
5 8 -0.249412
5 9 -0.233495
5 10 -0.216087
5 11 -0.194818
5 12 -0.172629
5 13 -0.148967
5 14 -0.12508
5 15 -0.100887
5 16 -0.0762573
5 17 -0.0513563
5 18 -0.029054
5 19 -0.00753476
5 20 0.0122914
5 21 0.0290237
5 22 0.0430957
5 23 0.0547262
5 24 0.0647643
5 25 0.0715692
5 26 0.0785228
5 27 0.0824776
5 28 0.0834875
5 29 0.0844675
5 30 0.0840674
5 31 0.0821667
5 32 0.0787431
5 33 0.073583
5 34 0.0670729
5 35 0.0583202
5 36 0.048556
5 37 0.0364282
5 38 0.0238475
5 39 0.0120806
5 40 -0.000512427
5 41 -0.0139105
5 42 -0.0266893
5 43 -0.0380744
5 44 -0.0475352
5 45 -0.056631
5 46 -0.0649381
5 47 -0.0710805
5 48 -0.0753814
5 49 -0.0784589
5 50 -0.0795885
5 51 -0.0793502
5 52 -0.0769366
5 53 -0.0738787
5 54 -0.0683276
5 55 -0.0604355
5 56 -0.0519364
5 57 -0.0423726
5 58 -0.0316645
5 59 -0.0195539
5 60 -0.00629186
5 61 0.00632731
5 62 0.0195447
5 63 0.033764
5 64 0.0477168
5 65 0.0603858
5 66 0.0715858
5 67 0.0809703
5 68 0.0888602
5 69 0.0943251
5 70 0.0987363
5 71 0.100246
5 72 0.0997152
5 73 0.0989558
5 74 0.0953539
5 75 0.0903479
5 76 0.0849612
5 77 0.0756822
5 78 0.0647446
5 79 0.051869
5 80 0.0376041
5 81 0.0192766
5 82 -0.000743549
5 83 -0.0218119
5 84 -0.0462498
5 85 -0.0708416
5 86 -0.0962198
5 87 -0.121158
5 88 -0.145685
5 89 -0.169428
5 90 -0.192329
5 91 -0.212748
5 92 -0.231428
5 93 -0.247655
5 94 -0.262057
5 95 -0.274625
5 96 -0.286826
5 97 -0.296268
5 98 -0.302528
5 99 -0.30529
5 100 -0.0379507
5 101 0

6 0 0
6 1 -0.036907
6 2 -0.296636
6 3 -0.292657
6 4 -0.285915
6 5 -0.276364
6 6 -0.265384
6 7 -0.253113
6 8 -0.239126
6 9 -0.222797
6 10 -0.205357
6 11 -0.185144
6 12 -0.163537
6 13 -0.140972
6 14 -0.117801
6 15 -0.093185
6 16 -0.0687967
6 17 -0.0449029
6 18 -0.0228015
6 19 -0.00228903
6 20 0.0165215
6 21 0.0339103
6 22 0.0476792
6 23 0.0586207
6 24 0.0680055
6 25 0.0749793
6 26 0.0811709
6 27 0.0848289
6 28 0.0856357
6 29 0.0862248
6 30 0.0851908
6 31 0.0839797
6 32 0.0803597
6 33 0.0752071
6 34 0.0678135
6 35 0.0592875
6 36 0.0487022
6 37 0.0373499
6 38 0.0254342
6 39 0.0128567
6 40 0.000105667
6 41 -0.0132357
6 42 -0.0256457
6 43 -0.0373794
6 44 -0.0477422
6 45 -0.0577512
6 46 -0.0662459
6 47 -0.0727807
6 48 -0.0772322
6 49 -0.0803208
6 50 -0.0818849
6 51 -0.0811792
6 52 -0.0793289
6 53 -0.0759003
6 54 -0.0702034
6 55 -0.0626186
6 56 -0.0533179
6 57 -0.0432862
6 58 -0.0315257
6 59 -0.0192979
6 60 -0.00618115
6 61 0.00698665
6 62 0.0209241
6 63 0.034303
6 64 0.047752
6 65 0.0608996
6 66 0.0719042
6 67 0.0818112
6 68 0.0892107
6 69 0.0953685
6 70 0.0992178
6 71 0.101307
6 72 0.100885
6 73 0.0999116
6 74 0.0967959
6 75 0.0925446
6 76 0.0867371
6 77 0.0777088
6 78 0.0678032
6 79 0.0558512
6 80 0.0415069
6 81 0.0245648
6 82 0.00510846
6 83 -0.0156185
6 84 -0.0391246
6 85 -0.0637946
6 86 -0.0898384
6 87 -0.114763
6 88 -0.138557
6 89 -0.161235
6 90 -0.18281
6 91 -0.20228
6 92 -0.22106
6 93 -0.237057
6 94 -0.251291
6 95 -0.264495
6 96 -0.27668
6 97 -0.285698
6 98 -0.29178
6 99 -0.293814
6 100 -0.036495
6 101 0

7 0 0
7 1 -0.0351536
7 2 -0.283002
7 3 -0.280172
7 4 -0.273275
7 5 -0.263675
7 6 -0.253113
7 7 -0.240056
7 8 -0.226862
7 9 -0.211059
7 10 -0.19303
7 11 -0.173503
7 12 -0.152113
7 13 -0.128688
7 14 -0.106634
7 15 -0.0825118
7 16 -0.0589588
7 17 -0.0364075
7 18 -0.0151511
7 19 0.00513273
7 20 0.0227696
7 21 0.0392182
7 22 0.0536888
7 23 0.06378
7 24 0.0733678
7 25 0.0801921
7 26 0.0859553
7 27 0.0887957
7 28 0.089087
7 29 0.0891835
7 30 0.0884689
7 31 0.0858385
7 32 0.0829223
7 33 0.0771454
7 34 0.0693853
7 35 0.0610442
7 36 0.0503037
7 37 0.0383831
7 38 0.0265386
7 39 0.0136262
7 40 0.000982613
7 41 -0.0129297
7 42 -0.0257677
7 43 -0.0365748
7 44 -0.0478116
7 45 -0.058678
7 46 -0.0666338
7 47 -0.0733274
7 48 -0.0778833
7 49 -0.0820734
7 50 -0.0837176
7 51 -0.083338
7 52 -0.0811137
7 53 -0.0771277
7 54 -0.0712137
7 55 -0.0641433
7 56 -0.0538651
7 57 -0.0435833
7 58 -0.0322412
7 59 -0.0193986
7 60 -0.00608241
7 61 0.00757254
7 62 0.0212987
7 63 0.0345994
7 64 0.0490801
7 65 0.0619641
7 66 0.0734291
7 67 0.0832789
7 68 0.0904906
7 69 0.096727
7 70 0.101217
7 71 0.102656
7 72 0.102936
7 73 0.101672
7 74 0.100064
7 75 0.0963695
7 76 0.0900814
7 77 0.0817172
7 78 0.07265
7 79 0.0603874
7 80 0.0477109
7 81 0.0312782
7 82 0.0118198
7 83 -0.00847007
7 84 -0.0313
7 85 -0.0551158
7 86 -0.0796226
7 87 -0.103385
7 88 -0.127349
7 89 -0.149301
7 90 -0.170967
7 91 -0.190806
7 92 -0.209035
7 93 -0.225051
7 94 -0.239547
7 95 -0.252586
7 96 -0.264842
7 97 -0.273096
7 98 -0.278804
7 99 -0.280953
7 100 -0.0349027
7 101 0

8 0 0
8 1 -0.033313
8 2 -0.267752
8 3 -0.26491
8 4 -0.25852
8 5 -0.249412
8 6 -0.239126
8 7 -0.226862
8 8 -0.212816
8 9 -0.196602
8 10 -0.17842
8 11 -0.1592
8 12 -0.13841
8 13 -0.116432
8 14 -0.0941654
8 15 -0.0710301
8 16 -0.048122
8 17 -0.0265086
8 18 -0.00556044
8 19 0.0137213
8 20 0.0306288
8 21 0.0467406
8 22 0.0603259
8 23 0.0707019
8 24 0.0791797
8 25 0.0855455
8 26 0.0905279
8 27 0.0925443
8 28 0.0926528
8 29 0.0920429
8 30 0.0899517
8 31 0.0873674
8 32 0.0841292
8 33 0.0782599
8 34 0.0710348
8 35 0.0617574
8 36 0.0508925
8 37 0.0390168
8 38 0.0265161
8 39 0.0138919
8 40 0.000867696
8 41 -0.0127589
8 42 -0.0251401
8 43 -0.0364107
8 44 -0.0481872
8 45 -0.0593107
8 46 -0.0679078
8 47 -0.0744356
8 48 -0.0802397
8 49 -0.0840341
8 50 -0.0856381
8 51 -0.0854575
8 52 -0.0833663
8 53 -0.0786968
8 54 -0.0727326
8 55 -0.0651809
8 56 -0.0553953
8 57 -0.0441997
8 58 -0.0326102
8 59 -0.0196374
8 60 -0.00585351
8 61 0.00781124
8 62 0.0214391
8 63 0.0347126
8 64 0.0484222
8 65 0.0621297
8 66 0.0739152
8 67 0.0834152
8 68 0.0909114
8 69 0.0966662
8 70 0.101776
8 71 0.104106
8 72 0.104432
8 73 0.103936
8 74 0.102646
8 75 0.0996831
8 76 0.0940465
8 77 0.0865766
8 78 0.0782595
8 79 0.06704
8 80 0.0539894
8 81 0.0386401
8 82 0.019872
8 83 -0.000376393
8 84 -0.0220264
8 85 -0.0450342
8 86 -0.0682388
8 87 -0.0914701
8 88 -0.114443
8 89 -0.136367
8 90 -0.157157
8 91 -0.176926
8 92 -0.195138
8 93 -0.211567
8 94 -0.22649
8 95 -0.239715
8 96 -0.250752
8 97 -0.258491
8 98 -0.263776
8 99 -0.266695
8 100 -0.0331764
8 101 0

9 0 0
9 1 -0.0311354
9 2 -0.250076
9 3 -0.247326
9 4 -0.241492
9 5 -0.233495
9 6 -0.222797
9 7 -0.211059
9 8 -0.196602
9 9 -0.180194
9 10 -0.162867
9 11 -0.143688
9 12 -0.123903
9 13 -0.102409
9 14 -0.079851
9 15 -0.0570315
9 16 -0.0353697
9 17 -0.0148637
9 18 0.00494834
9 19 0.0228848
9 20 0.0395782
9 21 0.0547123
9 22 0.0664868
9 23 0.0762808
9 24 0.0843656
9 25 0.0900951
9 26 0.095017
9 27 0.0974291
9 28 0.0971747
9 29 0.0958697
9 30 0.0934938
9 31 0.0902932
9 32 0.0848432
9 33 0.0785444
9 34 0.0720804
9 35 0.0622409
9 36 0.0519476
9 37 0.0401056
9 38 0.0262288
9 39 0.0132956
9 40 -0.000111934
9 41 -0.0132495
9 42 -0.0264853
9 43 -0.0382894
9 44 -0.0486304
9 45 -0.0591664
9 46 -0.0686556
9 47 -0.0756194
9 48 -0.0815878
9 49 -0.0854814
9 50 -0.0867975
9 51 -0.0872798
9 52 -0.0848075
9 53 -0.0806281
9 54 -0.073904
9 55 -0.0650307
9 56 -0.0561351
9 57 -0.0458901
9 58 -0.0342894
9 59 -0.0208593
9 60 -0.00700073
9 61 0.00642291
9 62 0.0206656
9 63 0.0353388
9 64 0.0484593
9 65 0.0624874
9 66 0.0745873
9 67 0.0827044
9 68 0.0905354
9 69 0.0972117
9 70 0.102913
9 71 0.105675
9 72 0.106468
9 73 0.107614
9 74 0.10592
9 75 0.102686
9 76 0.0978189
9 77 0.0903116
9 78 0.0826971
9 79 0.0730427
9 80 0.0604198
9 81 0.0454469
9 82 0.0286502
9 83 0.00968508
9 84 -0.0111112
9 85 -0.032223
9 86 -0.0547603
9 87 -0.077796
9 88 -0.10024
9 89 -0.122195
9 90 -0.142755
9 91 -0.161522
9 92 -0.17979
9 93 -0.196129
9 94 -0.210859
9 95 -0.224349
9 96 -0.23424
9 97 -0.241376
9 98 -0.246738
9 99 -0.250145
9 100 -0.0311541
9 101 0

10 0 0
10 1 -0.0285336
10 2 -0.229904
10 3 -0.228323
10 4 -0.222985
10 5 -0.216087
10 6 -0.205357
10 7 -0.19303
10 8 -0.17842
10 9 -0.162867
10 10 -0.144321
10 11 -0.126769
10 12 -0.106497
10 13 -0.0851846
10 14 -0.0632184
10 15 -0.0420449
10 16 -0.0205842
10 17 -0.00276813
10 18 0.015788
10 19 0.032445
10 20 0.0476732
10 21 0.0615101
10 22 0.0730589
10 23 0.0835117
10 24 0.0898861
10 25 0.0956526
10 26 0.0992427
10 27 0.100837
10 28 0.101857
10 29 0.099107
10 30 0.0965225
10 31 0.090332
10 32 0.086293
10 33 0.0787223
10 34 0.071234
10 35 0.062402
10 36 0.051807
10 37 0.0394774
10 38 0.0267894
10 39 0.0130883
10 40 -0.00157984
10 41 -0.0150576
10 42 -0.0274139
10 43 -0.038323
10 44 -0.0506348
10 45 -0.0605239
10 46 -0.0685128
10 47 -0.0769678
10 48 -0.083481
10 49 -0.0868397
10 50 -0.0874432
10 51 -0.0880216
10 52 -0.086954
10 53 -0.0815417
10 54 -0.0740397
10 55 -0.0669116
10 56 -0.0576828
10 57 -0.0465413
10 58 -0.0355036
10 59 -0.0229326
10 60 -0.00958497
10 61 0.00642652
10 62 0.0205977
10 63 0.0340373
10 64 0.0483401
10 65 0.061212
10 66 0.0729104
10 67 0.081635
10 68 0.0896902
10 69 0.0959022
10 70 0.103381
10 71 0.106839
10 72 0.109595
10 73 0.108804
10 74 0.108817
10 75 0.10635
10 76 0.101145
10 77 0.0958511
10 78 0.0872782
10 79 0.0781055
10 80 0.0661176
10 81 0.0528754
10 82 0.0373814
10 83 0.0195578
10 84 0.00165795
10 85 -0.0200012
10 86 -0.0395224
10 87 -0.0617884
10 88 -0.0838827
10 89 -0.105603
10 90 -0.125397
10 91 -0.144622
10 92 -0.161975
10 93 -0.179022
10 94 -0.193428
10 95 -0.207409
10 96 -0.216245
10 97 -0.223996
10 98 -0.227988
10 99 -0.2309
10 100 -0.0287509
10 101 0

11 0 0
11 1 -0.0259414
11 2 -0.208123
11 3 -0.205319
11 4 -0.201566
11 5 -0.194818
11 6 -0.185144
11 7 -0.173503
11 8 -0.1592
11 9 -0.143688
11 10 -0.126769
11 11 -0.109391
11 12 -0.0895841
11 13 -0.069314
11 14 -0.0476489
11 15 -0.0262444
11 16 -0.00679076
11 17 0.0107218
11 18 0.0274166
11 19 0.0424104
11 20 0.0563146
11 21 0.0689558
11 22 0.0793001
11 23 0.0882878
11 24 0.095649
11 25 0.10036
11 26 0.103144
11 27 0.105579
11 28 0.104995
11 29 0.102379
11 30 0.0989536
11 31 0.0944418
11 32 0.0874322
11 33 0.0799905
11 34 0.071741
11 35 0.0620156
11 36 0.0508407
11 37 0.0394042
11 38 0.0262873
11 39 0.0113531
11 40 -0.00258298
11 41 -0.0156246
11 42 -0.0287671
11 43 -0.0411707
11 44 -0.0513839
11 45 -0.0602013
11 46 -0.0694883
11 47 -0.0776458
11 48 -0.0835717
11 49 -0.0861583
11 50 -0.0872892
11 51 -0.0870562
11 52 -0.0861462
11 53 -0.0819122
11 54 -0.0749859
11 55 -0.0667731
11 56 -0.0589581
11 57 -0.0494715
11 58 -0.0373524
11 59 -0.0241877
11 60 -0.0108468
11 61 0.00409585
11 62 0.0198321
11 63 0.0336631
11 64 0.0466801
11 65 0.0599841
11 66 0.0715321
11 67 0.0806037
11 68 0.0888505
11 69 0.0978645
11 70 0.10427
11 71 0.108373
11 72 0.111174
11 73 0.112301
11 74 0.111252
11 75 0.109378
11 76 0.104948
11 77 0.0985596
11 78 0.0913448
11 79 0.0831909
11 80 0.072226
11 81 0.0600636
11 82 0.046909
11 83 0.03115
11 84 0.0135339
11 85 -0.00542699
11 86 -0.0258286
11 87 -0.0472599
11 88 -0.0684368
11 89 -0.0899981
11 90 -0.108798
11 91 -0.126622
11 92 -0.144332
11 93 -0.160452
11 94 -0.173848
11 95 -0.18631
11 96 -0.195309
11 97 -0.201756
11 98 -0.207358
11 99 -0.210179
11 100 -0.0261499
11 101 0

12 0 0
12 1 -0.0229797
12 2 -0.184624
12 3 -0.182117
12 4 -0.177742
12 5 -0.172629
12 6 -0.163537
12 7 -0.152113
12 8 -0.13841
12 9 -0.123903
12 10 -0.106497
12 11 -0.0895841
12 12 -0.0700638
12 13 -0.051343
12 14 -0.0311194
12 15 -0.0124226
12 16 0.00623899
12 17 0.0225745
12 18 0.038204
12 19 0.0516439
12 20 0.0643978
12 21 0.0755529
12 22 0.0850121
12 23 0.0948143
12 24 0.101726
12 25 0.105771
12 26 0.107982
12 27 0.108691
12 28 0.107843
12 29 0.103824
12 30 0.101402
12 31 0.0955068
12 32 0.0901034
12 33 0.0815276
12 34 0.0736567
12 35 0.0626005
12 36 0.0514501
12 37 0.0398003
12 38 0.0266741
12 39 0.0129204
12 40 -0.00218548
12 41 -0.0161562
12 42 -0.0293871
12 43 -0.0407423
12 44 -0.0512385
12 45 -0.0610842
12 46 -0.0704798
12 47 -0.0775361
12 48 -0.083284
12 49 -0.0872581
12 50 -0.0884978
12 51 -0.0884576
12 52 -0.0858049
12 53 -0.0821328
12 54 -0.0761621
12 55 -0.0678425
12 56 -0.0591246
12 57 -0.0487169
12 58 -0.0379285
12 59 -0.024762
12 60 -0.0106735
12 61 0.00465883
12 62 0.0192414
12 63 0.0329687
12 64 0.0459864
12 65 0.059122
12 66 0.0711927
12 67 0.0800462
12 68 0.0899269
12 69 0.0979
12 70 0.105825
12 71 0.108707
12 72 0.112373
12 73 0.113495
12 74 0.113864
12 75 0.112681
12 76 0.109022
12 77 0.103357
12 78 0.0956056
12 79 0.0882109
12 80 0.0782972
12 81 0.0669511
12 82 0.0551835
12 83 0.0405573
12 84 0.0243106
12 85 0.00559676
12 86 -0.011611
12 87 -0.0315756
12 88 -0.0512119
12 89 -0.0713731
12 90 -0.0891284
12 91 -0.107587
12 92 -0.124076
12 93 -0.140379
12 94 -0.152975
12 95 -0.164488
12 96 -0.172712
12 97 -0.180423
12 98 -0.184613
12 99 -0.187288
12 100 -0.0233569
12 101 0

13 0 0
13 1 -0.0198599
13 2 -0.159794
13 3 -0.157472
13 4 -0.153522
13 5 -0.148967
13 6 -0.140972
13 7 -0.128688
13 8 -0.116432
13 9 -0.102409
13 10 -0.0851846
13 11 -0.069314
13 12 -0.051343
13 13 -0.0326925
13 14 -0.0160636
13 15 0.00119718
13 16 0.0179835
13 17 0.0324208
13 18 0.0475523
13 19 0.0611532
13 20 0.0715546
13 21 0.0815172
13 22 0.0904005
13 23 0.0980679
13 24 0.105287
13 25 0.109905
13 26 0.111661
13 27 0.113015
13 28 0.111283
13 29 0.10765
13 30 0.104259
13 31 0.0991806
13 32 0.092781
13 33 0.0845076
13 34 0.0746524
13 35 0.0644587
13 36 0.0521146
13 37 0.0402542
13 38 0.027822
13 39 0.0121194
13 40 -0.00249664
13 41 -0.0164828
13 42 -0.0296388
13 43 -0.0410713
13 44 -0.0522469
13 45 -0.0619847
13 46 -0.0700892
13 47 -0.0776495
13 48 -0.0829376
13 49 -0.0868704
13 50 -0.0887951
13 51 -0.0881375
13 52 -0.0865518
13 53 -0.0820233
13 54 -0.0760246
13 55 -0.0690949
13 56 -0.0594629
13 57 -0.0494408
13 58 -0.0378238
13 59 -0.0251026
13 60 -0.0122058
13 61 0.00319063
13 62 0.0185634
13 63 0.0319661
13 64 0.0462535
13 65 0.0594481
13 66 0.0713093
13 67 0.0815675
13 68 0.0906436
13 69 0.100356
13 70 0.106453
13 71 0.110268
13 72 0.114422
13 73 0.115818
13 74 0.116476
13 75 0.115939
13 76 0.111134
13 77 0.105414
13 78 0.0991396
13 79 0.0914558
13 80 0.083099
13 81 0.0736815
13 82 0.0620507
13 83 0.049121
13 84 0.0338078
13 85 0.016779
13 86 0.000955925
13 87 -0.0162256
13 88 -0.0350801
13 89 -0.0531091
13 90 -0.0702122
13 91 -0.087189
13 92 -0.103391
13 93 -0.118382
13 94 -0.130412
13 95 -0.141017
13 96 -0.149695
13 97 -0.156245
13 98 -0.161136
13 99 -0.163145
13 100 -0.0202811
13 101 0

14 0 0
14 1 -0.0168168
14 2 -0.134741
14 3 -0.132211
14 4 -0.129312
14 5 -0.12508
14 6 -0.117801
14 7 -0.106634
14 8 -0.0941654
14 9 -0.079851
14 10 -0.0632184
14 11 -0.0476489
14 12 -0.0311194
14 13 -0.0160636
14 14 -0.0012614
14 15 0.0131429
14 16 0.0273965
14 17 0.0415136
14 18 0.0557751
14 19 0.0681601
14 20 0.0779707
14 21 0.0869513
14 22 0.0951496
14 23 0.102935
14 24 0.109574
14 25 0.113598
14 26 0.115507
14 27 0.115357
14 28 0.113747
14 29 0.110758
14 30 0.106948
14 31 0.101403
14 32 0.0950739
14 33 0.0865695
14 34 0.0772494
14 35 0.0652804
14 36 0.0530169
14 37 0.0408525
14 38 0.0269487
14 39 0.0124913
14 40 -0.00192216
14 41 -0.0162208
14 42 -0.0285986
14 43 -0.040569
14 44 -0.0519062
14 45 -0.0630744
14 46 -0.0720325
14 47 -0.078009
14 48 -0.0833613
14 49 -0.0866784
14 50 -0.0880494
14 51 -0.0882307
14 52 -0.0860189
14 53 -0.0822201
14 54 -0.0773677
14 55 -0.0700699
14 56 -0.0604015
14 57 -0.0494111
14 58 -0.0381015
14 59 -0.0256643
14 60 -0.0114267
14 61 0.00265448
14 62 0.0175943
14 63 0.0317733
14 64 0.0454645
14 65 0.0594414
14 66 0.071611
14 67 0.0819685
14 68 0.0918526
14 69 0.100536
14 70 0.108223
14 71 0.11197
14 72 0.115062
14 73 0.117085
14 74 0.118136
14 75 0.117789
14 76 0.114498
14 77 0.109127
14 78 0.10318
14 79 0.0957835
14 80 0.0868607
14 81 0.0779281
14 82 0.0676876
14 83 0.0552211
14 84 0.0414166
14 85 0.0264809
14 86 0.0122047
14 87 -0.00260209
14 88 -0.0184158
14 89 -0.0348311
14 90 -0.049935
14 91 -0.0663766
14 92 -0.0819923
14 93 -0.0963815
14 94 -0.108529
14 95 -0.119002
14 96 -0.127115
14 97 -0.13293
14 98 -0.136845
14 99 -0.138272
14 100 -0.0171668
14 101 0

15 0 0
15 1 -0.0136984
15 2 -0.110065
15 3 -0.107928
15 4 -0.104632
15 5 -0.100887
15 6 -0.093185
15 7 -0.0825118
15 8 -0.0710301
15 9 -0.0570315
15 10 -0.0420449
15 11 -0.0262444
15 12 -0.0124226
15 13 0.00119718
15 14 0.0131429
15 15 0.0251083
15 16 0.0375381
15 17 0.0507663
15 18 0.0636505
15 19 0.0752546
15 20 0.0847176
15 21 0.0933212
15 22 0.100376
15 23 0.107442
15 24 0.113859
15 25 0.116572
15 26 0.118966
15 27 0.118738
15 28 0.11661
15 29 0.113978
15 30 0.110506
15 31 0.105515
15 32 0.0977945
15 33 0.0883141
15 34 0.0795527
15 35 0.0673534
15 36 0.0557886
15 37 0.0426694
15 38 0.0277256
15 39 0.0137338
15 40 -0.000707357
15 41 -0.0146259
15 42 -0.0281549
15 43 -0.0401193
15 44 -0.0508964
15 45 -0.062481
15 46 -0.0720811
15 47 -0.0781467
15 48 -0.0827625
15 49 -0.0860401
15 50 -0.0868385
15 51 -0.0879783
15 52 -0.0854672
15 53 -0.0824721
15 54 -0.0772467
15 55 -0.0690537
15 56 -0.0595801
15 57 -0.0492608
15 58 -0.0384059
15 59 -0.0252414
15 60 -0.0108518
15 61 0.00289585
15 62 0.0174334
15 63 0.032714
15 64 0.046666
15 65 0.060538
15 66 0.0728511
15 67 0.0824492
15 68 0.093423
15 69 0.102369
15 70 0.109814
15 71 0.113615
15 72 0.116564
15 73 0.119787
15 74 0.120316
15 75 0.119545
15 76 0.117426
15 77 0.111902
15 78 0.107131
15 79 0.0999089
15 80 0.0916405
15 81 0.0828795
15 82 0.0734377
15 83 0.0629656
15 84 0.049147
15 85 0.0363539
15 86 0.0237344
15 87 0.0111319
15 88 -0.00234902
15 89 -0.0157829
15 90 -0.0304783
15 91 -0.045689
15 92 -0.0605584
15 93 -0.0736942
15 94 -0.085705
15 95 -0.0955004
15 96 -0.103618
15 97 -0.109038
15 98 -0.112199
15 99 -0.113887
15 100 -0.0141735
15 101 0

16 0 0
16 1 -0.0106915
16 2 -0.0859346
16 3 -0.0837033
16 4 -0.0803078
16 5 -0.0762573
16 6 -0.0687967
16 7 -0.0589588
16 8 -0.048122
16 9 -0.0353697
16 10 -0.0205842
16 11 -0.00679076
16 12 0.00623899
16 13 0.0179835
16 14 0.0273965
16 15 0.0375381
16 16 0.0490365
16 17 0.0594261
16 18 0.0718377
16 19 0.0831163
16 20 0.0920969
16 21 0.100288
16 22 0.107113
16 23 0.113669
16 24 0.117387
16 25 0.120026
16 26 0.121041
16 27 0.119674
16 28 0.11836
16 29 0.116201
16 30 0.111907
16 31 0.105667
16 32 0.0993567
16 33 0.0904474
16 34 0.0797752
16 35 0.0691398
16 36 0.0564867
16 37 0.0429954
16 38 0.0294511
16 39 0.0145893
16 40 -0.000231984
16 41 -0.0145529
16 42 -0.0267813
16 43 -0.0387216
16 44 -0.0516265
16 45 -0.0624138
16 46 -0.0704015
16 47 -0.0784092
16 48 -0.0836321
16 49 -0.0853007
16 50 -0.0855811
16 51 -0.0865753
16 52 -0.0868548
16 53 -0.0820545
16 54 -0.0756773
16 55 -0.0694841
16 56 -0.0596709
16 57 -0.0487425
16 58 -0.0373297
16 59 -0.0252739
16 60 -0.0113694
16 61 0.00402891
16 62 0.0180586
16 63 0.031193
16 64 0.0460065
16 65 0.05975
16 66 0.071997
16 67 0.0836265
16 68 0.0933094
16 69 0.101502
16 70 0.109273
16 71 0.114762
16 72 0.117904
16 73 0.119747
16 74 0.121503
16 75 0.121022
16 76 0.118524
16 77 0.115569
16 78 0.111221
16 79 0.105215
16 80 0.0972724
16 81 0.0898669
16 82 0.0804327
16 83 0.0698727
16 84 0.0589364
16 85 0.0460384
16 86 0.0356496
16 87 0.0248031
16 88 0.0131275
16 89 0.00167273
16 90 -0.0112119
16 91 -0.025414
16 92 -0.0394726
16 93 -0.0517358
16 94 -0.0628866
16 95 -0.0732463
16 96 -0.0800222
16 97 -0.0851481
16 98 -0.0882347
16 99 -0.0899304
16 100 -0.0112117
16 101 0

17 0 0
17 1 -0.00779913
17 2 -0.0618848
17 3 -0.0589405
17 4 -0.0563665
17 5 -0.0513563
17 6 -0.0449029
17 7 -0.0364075
17 8 -0.0265086
17 9 -0.0148637
17 10 -0.00276813
17 11 0.0107218
17 12 0.0225745
17 13 0.0324208
17 14 0.0415136
17 15 0.0507663
17 16 0.0594261
17 17 0.0705169
17 18 0.0801949
17 19 0.0899625
17 20 0.0990248
17 21 0.106015
17 22 0.112554
17 23 0.118077
17 24 0.122266
17 25 0.122783
17 26 0.123733
17 27 0.122325
17 28 0.11913
17 29 0.11646
17 30 0.112143
17 31 0.106434
17 32 0.099043
17 33 0.090214
17 34 0.0805603
17 35 0.0688197
17 36 0.0564113
17 37 0.0424329
17 38 0.0275644
17 39 0.0134091
17 40 -0.000557255
17 41 -0.0150327
17 42 -0.028843
17 43 -0.041629
17 44 -0.0515503
17 45 -0.0614776
17 46 -0.0706619
17 47 -0.077241
17 48 -0.0815969
17 49 -0.0839391
17 50 -0.0846892
17 51 -0.0858348
17 52 -0.0846207
17 53 -0.0819836
17 54 -0.0761629
17 55 -0.0679689
17 56 -0.0595756
17 57 -0.0504563
17 58 -0.0393176
17 59 -0.0262884
17 60 -0.0117749
17 61 0.00136427
17 62 0.0151501
17 63 0.0291666
17 64 0.0435458
17 65 0.0580956
17 66 0.071022
17 67 0.0822952
17 68 0.092382
17 69 0.10098
17 70 0.108767
17 71 0.113782
17 72 0.117048
17 73 0.12066
17 74 0.122197
17 75 0.121767
17 76 0.121566
17 77 0.118755
17 78 0.115393
17 79 0.109954
17 80 0.103143
17 81 0.0944303
17 82 0.0867377
17 83 0.0782667
17 84 0.0670685
17 85 0.0577611
17 86 0.0472667
17 87 0.0376803
17 88 0.0274145
17 89 0.0167119
17 90 0.00532179
17 91 -0.00708411
17 92 -0.0195813
17 93 -0.0309482
17 94 -0.0417648
17 95 -0.0506237
17 96 -0.0577413
17 97 -0.0610968
17 98 -0.0643431
17 99 -0.06619
17 100 -0.00826902
17 101 0

18 0 0
18 1 -0.0047638
18 2 -0.0381929
18 3 -0.0358279
18 4 -0.0331621
18 5 -0.029054
18 6 -0.0228015
18 7 -0.0151511
18 8 -0.00556044
18 9 0.00494834
18 10 0.015788
18 11 0.0274166
18 12 0.038204
18 13 0.0475523
18 14 0.0557751
18 15 0.0636505
18 16 0.0718377
18 17 0.0801949
18 18 0.0878718
18 19 0.0958964
18 20 0.104165
18 21 0.111782
18 22 0.118275
18 23 0.122768
18 24 0.125537
18 25 0.126204
18 26 0.126005
18 27 0.124868
18 28 0.121596
18 29 0.117383
18 30 0.111433
18 31 0.105333
18 32 0.0983264
18 33 0.0887524
18 34 0.0785165
18 35 0.0672937
18 36 0.0543941
18 37 0.0402882
18 38 0.026308
18 39 0.0119486
18 40 -0.00249747
18 41 -0.0159299
18 42 -0.0295892
18 43 -0.042776
18 44 -0.0536425
18 45 -0.0625434
18 46 -0.0705606
18 47 -0.0769951
18 48 -0.0813351
18 49 -0.0834873
18 50 -0.0842564
18 51 -0.0848687
18 52 -0.0841139
18 53 -0.0815469
18 54 -0.0762993
18 55 -0.0691935
18 56 -0.061471
18 57 -0.0515689
18 58 -0.039671
18 59 -0.0271606
18 60 -0.0143666
18 61 -0.000818288
18 62 0.0124975
18 63 0.0257738
18 64 0.0404342
18 65 0.0552834
18 66 0.0681765
18 67 0.0795445
18 68 0.0901811
18 69 0.0986041
18 70 0.106106
18 71 0.112801
18 72 0.117669
18 73 0.121235
18 74 0.12311
18 75 0.123678
18 76 0.123041
18 77 0.12188
18 78 0.119386
18 79 0.114492
18 80 0.107696
18 81 0.0993285
18 82 0.0923436
18 83 0.0856237
18 84 0.0768372
18 85 0.0685578
18 86 0.0598996
18 87 0.0511365
18 88 0.0421765
18 89 0.0322303
18 90 0.0219174
18 91 0.0108505
18 92 -0.000823515
18 93 -0.0118166
18 94 -0.0215226
18 95 -0.030209
18 96 -0.0359364
18 97 -0.0389197
18 98 -0.0417892
18 99 -0.0431122
18 100 -0.00535615
18 101 0

19 0 0
19 1 -0.0018968
19 2 -0.0154921
19 3 -0.0139383
19 4 -0.0110026
19 5 -0.00753476
19 6 -0.00228903
19 7 0.00513273
19 8 0.0137213
19 9 0.0228848
19 10 0.032445
19 11 0.0424104
19 12 0.0516439
19 13 0.0611532
19 14 0.0681601
19 15 0.0752546
19 16 0.0831163
19 17 0.0899625
19 18 0.0958964
19 19 0.102553
19 20 0.110209
19 21 0.117138
19 22 0.122824
19 23 0.127155
19 24 0.129575
19 25 0.129793
19 26 0.129518
19 27 0.127497
19 28 0.123406
19 29 0.118521
19 30 0.112469
19 31 0.105016
19 32 0.0972948
19 33 0.0875396
19 34 0.0763143
19 35 0.0650224
19 36 0.0522928
19 37 0.038361
19 38 0.0246501
19 39 0.0107783
19 40 -0.00290146
19 41 -0.017149
19 42 -0.0315858
19 43 -0.0435704
19 44 -0.0545518
19 45 -0.0642422
19 46 -0.0715948
19 47 -0.077297
19 48 -0.0804913
19 49 -0.0833519
19 50 -0.084491
19 51 -0.0841904
19 52 -0.0832916
19 53 -0.0813045
19 54 -0.0771508
19 55 -0.0708996
19 56 -0.0619811
19 57 -0.0527386
19 58 -0.0417025
19 59 -0.0287077
19 60 -0.0159459
19 61 -0.0028103
19 62 0.0097918
19 63 0.0233721
19 64 0.0384908
19 65 0.0523312
19 66 0.0651141
19 67 0.0766647
19 68 0.0869334
19 69 0.0965075
19 70 0.105058
19 71 0.111862
19 72 0.117299
19 73 0.121643
19 74 0.124878
19 75 0.126068
19 76 0.126165
19 77 0.125531
19 78 0.123139
19 79 0.118666
19 80 0.112733
19 81 0.104911
19 82 0.098448
19 83 0.0931479
19 84 0.0860172
19 85 0.0784711
19 86 0.0714097
19 87 0.063544
19 88 0.0546626
19 89 0.0460913
19 90 0.0364687
19 91 0.026991
19 92 0.0165059
19 93 0.00637969
19 94 -0.00250141
19 95 -0.00999987
19 96 -0.014893
19 97 -0.0177771
19 98 -0.0202086
19 99 -0.0217074
19 100 -0.00271025
19 101 0

20 0 0
20 1 0.000595832
20 2 0.00522287
20 3 0.00697056
20 4 0.00882786
20 5 0.0122914
20 6 0.0165215
20 7 0.0227696
20 8 0.0306288
20 9 0.0395782
20 10 0.0476732
20 11 0.0563146
20 12 0.0643978
20 13 0.0715546
20 14 0.0779707
20 15 0.0847176
20 16 0.0920969
20 17 0.0990248
20 18 0.104165
20 19 0.110209
20 20 0.116867
20 21 0.122686
20 22 0.127656
20 23 0.130876
20 24 0.132981
20 25 0.133285
20 26 0.13233
20 27 0.129926
20 28 0.124944
20 29 0.11946
20 30 0.112414
20 31 0.105592
20 32 0.0964333
20 33 0.0864416
20 34 0.0749732
20 35 0.0628406
20 36 0.0502537
20 37 0.0373112
20 38 0.0237125
20 39 0.00978861
20 40 -0.00357303
20 41 -0.0180029
20 42 -0.0320088
20 43 -0.0446421
20 44 -0.0549178
20 45 -0.0648512
20 46 -0.072858
20 47 -0.0780787
20 48 -0.0817276
20 49 -0.0837432
20 50 -0.0846495
20 51 -0.0845031
20 52 -0.0837793
20 53 -0.0818215
20 54 -0.0778759
20 55 -0.0711572
20 56 -0.0629352
20 57 -0.0540931
20 58 -0.0428182
20 59 -0.0302345
20 60 -0.0170807
20 61 -0.00488847
20 62 0.00845039
20 63 0.0220871
20 64 0.0359674
20 65 0.0499676
20 66 0.0624778
20 67 0.0738086
20 68 0.0845719
20 69 0.0952634
20 70 0.103694
20 71 0.111114
20 72 0.116796
20 73 0.122173
20 74 0.125571
20 75 0.127762
20 76 0.128949
20 77 0.128709
20 78 0.126862
20 79 0.123061
20 80 0.117558
20 81 0.110977
20 82 0.105903
20 83 0.100953
20 84 0.093964
20 85 0.0873561
20 86 0.0799685
20 87 0.0730045
20 88 0.0658409
20 89 0.0575539
20 90 0.0497794
20 91 0.0418355
20 92 0.0318647
20 93 0.0233353
20 94 0.0155299
20 95 0.00872948
20 96 0.00393539
20 97 0.00157939
20 98 -0.00138809
20 99 -0.00221995
20 100 -0.000229177
20 101 0

21 0 0
21 1 0.00292319
21 2 0.0235356
21 3 0.0246219
21 4 0.0263286
21 5 0.0290237
21 6 0.0339103
21 7 0.0392182
21 8 0.0467406
21 9 0.0547123
21 10 0.0615101
21 11 0.0689558
21 12 0.0755529
21 13 0.0815172
21 14 0.0869513
21 15 0.0933212
21 16 0.100288
21 17 0.106015
21 18 0.111782
21 19 0.117138
21 20 0.122686
21 21 0.128153
21 22 0.131811
21 23 0.133749
21 24 0.134908
21 25 0.135261
21 26 0.133969
21 27 0.131017
21 28 0.126203
21 29 0.119814
21 30 0.112675
21 31 0.104879
21 32 0.0955456
21 33 0.0848889
21 34 0.0734203
21 35 0.0612226
21 36 0.0491531
21 37 0.0364716
21 38 0.0226839
21 39 0.00868
21 40 -0.00490612
21 41 -0.0187661
21 42 -0.0327292
21 43 -0.0445552
21 44 -0.0556904
21 45 -0.0656154
21 46 -0.0730834
21 47 -0.0790659
21 48 -0.0832894
21 49 -0.0857844
21 50 -0.0862944
21 51 -0.0865269
21 52 -0.0856538
21 53 -0.0826658
21 54 -0.078003
21 55 -0.0720038
21 56 -0.063787
21 57 -0.0545253
21 58 -0.0438322
21 59 -0.0312823
21 60 -0.0190608
21 61 -0.00659294
21 62 0.00650383
21 63 0.0202365
21 64 0.0339876
21 65 0.0475129
21 66 0.0603906
21 67 0.0715067
21 68 0.0825386
21 69 0.0931887
21 70 0.102357
21 71 0.109945
21 72 0.116492
21 73 0.121906
21 74 0.125541
21 75 0.128376
21 76 0.12981
21 77 0.130186
21 78 0.129455
21 79 0.12638
21 80 0.121517
21 81 0.116681
21 82 0.112299
21 83 0.107479
21 84 0.101611
21 85 0.0947812
21 86 0.0880371
21 87 0.081556
21 88 0.0754428
21 89 0.068744
21 90 0.0619747
21 91 0.0552596
21 92 0.0465068
21 93 0.0387634
21 94 0.032254
21 95 0.0253361
21 96 0.0210085
21 97 0.0178629
21 98 0.0154866
21 99 0.0149282
21 100 0.00190079
21 101 0

22 0 0
22 1 0.00497347
22 2 0.0394166
22 3 0.0392077
22 4 0.0409791
22 5 0.0430957
22 6 0.0476792
22 7 0.0536888
22 8 0.0603259
22 9 0.0664868
22 10 0.0730589
22 11 0.0793001
22 12 0.0850121
22 13 0.0904005
22 14 0.0951496
22 15 0.100376
22 16 0.107113
22 17 0.112554
22 18 0.118275
22 19 0.122824
22 20 0.127656
22 21 0.131811
22 22 0.133684
22 23 0.135719
22 24 0.135947
22 25 0.135453
22 26 0.134574
22 27 0.131221
22 28 0.125842
22 29 0.120097
22 30 0.113764
22 31 0.104525
22 32 0.0950377
22 33 0.0841147
22 34 0.0723622
22 35 0.0603727
22 36 0.0481724
22 37 0.0346362
22 38 0.0203816
22 39 0.00740459
22 40 -0.00521718
22 41 -0.0195078
22 42 -0.0336812
22 43 -0.0445062
22 44 -0.0560107
22 45 -0.0661729
22 46 -0.0728793
22 47 -0.078514
22 48 -0.0832523
22 49 -0.087181
22 50 -0.0885257
22 51 -0.0882654
22 52 -0.0864595
22 53 -0.0824997
22 54 -0.0781618
22 55 -0.0728798
22 56 -0.0641177
22 57 -0.0550673
22 58 -0.04542
22 59 -0.0326163
22 60 -0.0200585
22 61 -0.00781618
22 62 0.00409717
22 63 0.017811
22 64 0.0322855
22 65 0.0453672
22 66 0.0582843
22 67 0.0698515
22 68 0.0806649
22 69 0.091777
22 70 0.10233
22 71 0.109153
22 72 0.115275
22 73 0.120759
22 74 0.12445
22 75 0.127242
22 76 0.12974
22 77 0.13103
22 78 0.130049
22 79 0.128114
22 80 0.124813
22 81 0.121275
22 82 0.117142
22 83 0.113088
22 84 0.10803
22 85 0.100729
22 86 0.0954876
22 87 0.0889354
22 88 0.0829903
22 89 0.0783011
22 90 0.0723807
22 91 0.0658468
22 92 0.05952
22 93 0.0522035
22 94 0.0455857
22 95 0.0398436
22 96 0.035224
22 97 0.0314641
22 98 0.0306911
22 99 0.029402
22 100 0.00361942
22 101 0

23 0 0
23 1 0.0064803
23 2 0.0520545
23 3 0.0523283
23 4 0.0526828
23 5 0.0547262
23 6 0.0586207
23 7 0.06378
23 8 0.0707019
23 9 0.0762808
23 10 0.0835117
23 11 0.0882878
23 12 0.0948143
23 13 0.0980679
23 14 0.102935
23 15 0.107442
23 16 0.113669
23 17 0.118077
23 18 0.122768
23 19 0.127155
23 20 0.130876
23 21 0.133749
23 22 0.135719
23 23 0.136148
23 24 0.135042
23 25 0.135385
23 26 0.132789
23 27 0.129737
23 28 0.124668
23 29 0.119779
23 30 0.112385
23 31 0.104359
23 32 0.0935746
23 33 0.0835687
23 34 0.0711109
23 35 0.0597184
23 36 0.0459881
23 37 0.0330221
23 38 0.0197276
23 39 0.00667044
23 40 -0.0057647
23 41 -0.0185693
23 42 -0.0308778
23 43 -0.0445239
23 44 -0.0566393
23 45 -0.0652673
23 46 -0.0720659
23 47 -0.0779233
23 48 -0.085257
23 49 -0.0876172
23 50 -0.0896749
23 51 -0.0891493
23 52 -0.0883916
23 53 -0.0827715
23 54 -0.078025
23 55 -0.0727534
23 56 -0.0661667
23 57 -0.0557607
23 58 -0.0436172
23 59 -0.0324093
23 60 -0.020366
23 61 -0.00833748
23 62 0.00412991
23 63 0.0161456
23 64 0.0289889
23 65 0.043747
23 66 0.0559798
23 67 0.068185
23 68 0.0781392
23 69 0.0902178
23 70 0.0996693
23 71 0.108195
23 72 0.113416
23 73 0.118462
23 74 0.122224
23 75 0.125947
23 76 0.127792
23 77 0.130543
23 78 0.129726
23 79 0.128862
23 80 0.126591
23 81 0.124224
23 82 0.121069
23 83 0.116763
23 84 0.113046
23 85 0.10666
23 86 0.101326
23 87 0.0955504
23 88 0.0919046
23 89 0.0865393
23 90 0.0824533
23 91 0.0759026
23 92 0.0696785
23 93 0.0628399
23 94 0.0572962
23 95 0.0505561
23 96 0.0465404
23 97 0.043815
23 98 0.0417808
23 99 0.0410238
23 100 0.00515013
23 101 0

24 0 0
24 1 0.0076684
24 2 0.0617681
24 3 0.0621669
24 4 0.0623313
24 5 0.0647643
24 6 0.0680055
24 7 0.0733678
24 8 0.0791797
24 9 0.0843656
24 10 0.0898861
24 11 0.095649
24 12 0.101726
24 13 0.105287
24 14 0.109574
24 15 0.113859
24 16 0.117387
24 17 0.122266
24 18 0.125537
24 19 0.129575
24 20 0.132981
24 21 0.134908
24 22 0.135947
24 23 0.135042
24 24 0.134737
24 25 0.133382
24 26 0.131174
24 27 0.128418
24 28 0.12322
24 29 0.117207
24 30 0.110138
24 31 0.102053
24 32 0.0917602
24 33 0.0804285
24 34 0.0690924
24 35 0.0568413
24 36 0.0441474
24 37 0.0313565
24 38 0.0180735
24 39 0.00649634
24 40 -0.00528815
24 41 -0.0179178
24 42 -0.0311416
24 43 -0.044631
24 44 -0.0549108
24 45 -0.0637171
24 46 -0.0721185
24 47 -0.0779328
24 48 -0.0844564
24 49 -0.0885938
24 50 -0.0907486
24 51 -0.0910859
24 52 -0.0881692
24 53 -0.0844926
24 54 -0.0792768
24 55 -0.0718431
24 56 -0.0653548
24 57 -0.0556325
24 58 -0.0442354
24 59 -0.0323759
24 60 -0.0199957
24 61 -0.00904201
24 62 0.00271144
24 63 0.0145161
24 64 0.0264897
24 65 0.0408051
24 66 0.0533902
24 67 0.0645081
24 68 0.0753393
24 69 0.086233
24 70 0.0960964
24 71 0.104102
24 72 0.110762
24 73 0.116326
24 74 0.120155
24 75 0.123894
24 76 0.126886
24 77 0.128503
24 78 0.129015
24 79 0.128411
24 80 0.127453
24 81 0.125141
24 82 0.122691
24 83 0.119567
24 84 0.115294
24 85 0.111507
24 86 0.106029
24 87 0.101888
24 88 0.0982666
24 89 0.0938727
24 90 0.0895588
24 91 0.083613
24 92 0.0784564
24 93 0.0723396
24 94 0.0661076
24 95 0.0608228
24 96 0.0560437
24 97 0.0540529
24 98 0.0517007
24 99 0.0500286
24 100 0.00620993
24 101 0

25 0 0
25 1 0.00862778
25 2 0.068926
25 3 0.0688965
25 4 0.0703689
25 5 0.0715692
25 6 0.0749793
25 7 0.0801921
25 8 0.0855455
25 9 0.0900951
25 10 0.0956526
25 11 0.10036
25 12 0.105771
25 13 0.109905
25 14 0.113598
25 15 0.116572
25 16 0.120026
25 17 0.122783
25 18 0.126204
25 19 0.129793
25 20 0.133285
25 21 0.135261
25 22 0.135453
25 23 0.135385
25 24 0.133382
25 25 0.131379
25 26 0.129075
25 27 0.125211
25 28 0.120236
25 29 0.114836
25 30 0.106617
25 31 0.0980804
25 32 0.0888222
25 33 0.0782029
25 34 0.0661182
25 35 0.0540288
25 36 0.0409586
25 37 0.0279091
25 38 0.0158381
25 39 0.00565387
25 40 -0.006479
25 41 -0.0191833
25 42 -0.0307778
25 43 -0.0421973
25 44 -0.0536852
25 45 -0.0634803
25 46 -0.071863
25 47 -0.0778493
25 48 -0.0837325
25 49 -0.0874373
25 50 -0.0897738
25 51 -0.0892772
25 52 -0.0875382
25 53 -0.0840937
25 54 -0.0796945
25 55 -0.073033
25 56 -0.0651516
25 57 -0.0546425
25 58 -0.0443418
25 59 -0.0334691
25 60 -0.0210687
25 61 -0.00909584
25 62 0.000926853
25 63 0.0112183
25 64 0.0230229
25 65 0.0368001
25 66 0.0492692
25 67 0.0612462
25 68 0.0715463
25 69 0.0816957
25 70 0.0924565
25 71 0.101533
25 72 0.107009
25 73 0.112498
25 74 0.11694
25 75 0.121073
25 76 0.124359
25 77 0.126956
25 78 0.127927
25 79 0.128172
