0 0 0
0 1 0
0 2 0
0 3 0
0 4 0
0 5 0
0 6 0
0 7 0
0 8 0
0 9 0
0 10 0
0 11 0
0 12 0
0 13 0
0 14 0
0 15 0
0 16 0
0 17 0
0 18 0
0 19 0
0 20 0
0 21 0
0 22 0
0 23 0
0 24 0
0 25 0
0 26 0
0 27 0
0 28 0
0 29 0
0 30 0
0 31 0
0 32 0
0 33 0
0 34 0
0 35 0
0 36 0
0 37 0
0 38 0
0 39 0
0 40 0
0 41 0
0 42 0
0 43 0
0 44 0
0 45 0
0 46 0
0 47 0
0 48 0
0 49 0
0 50 0
0 51 0
0 52 0
0 53 0
0 54 0
0 55 0
0 56 0
0 57 0
0 58 0
0 59 0
0 60 0
0 61 0
0 62 0
0 63 0
0 64 0
0 65 0
0 66 0
0 67 0
0 68 0
0 69 0
0 70 0
0 71 0
0 72 0
0 73 0
0 74 0
0 75 0
0 76 0
0 77 0
0 78 0
0 79 0
0 80 0
0 81 0
0 82 0
0 83 0
0 84 0
0 85 0
0 86 0
0 87 0
0 88 0
0 89 0
0 90 0
0 91 0
0 92 0
0 93 0
0 94 0
0 95 0
0 96 0
0 97 0
0 98 0
0 99 0
0 100 0
0 101 0

1 0 0
1 1 0
1 2 -0.0232898
1 3 -0.0238001
1 4 -0.0241589
1 5 -0.0241033
1 6 -0.0243846
1 7 -0.0237485
1 8 -0.0229823
1 9 -0.0217366
1 10 -0.0205019
1 11 -0.0186204
1 12 -0.0168136
1 13 -0.0152615
1 14 -0.0132146
1 15 -0.0111803
1 16 -0.00884846
1 17 -0.0065381
1 18 -0.00407908
1 19 -0.00201203
1 20 2.85921e-05
1 21 0.00177885
1 22 0.00317984
1 23 0.00468796
1 24 0.006512
1 25 0.00778213
1 26 0.0091174
1 27 0.00976475
1 28 0.0101317
1 29 0.0102858
1 30 0.0104966
1 31 0.0106354
1 32 0.0105101
1 33 0.010571
1 34 0.0100499
1 35 0.00965398
1 36 0.00866877
1 37 0.0074196
1 38 0.0062198
1 39 0.0048919
1 40 0.00343253
1 41 0.00229263
1 42 0.000574131
1 43 -0.000538862
1 44 -0.00186298
1 45 -0.00278499
1 46 -0.00350355
1 47 -0.00413232
1 48 -0.00469901
1 49 -0.00476999
1 50 -0.00499566
1 51 -0.00457741
1 52 -0.00451473
1 53 -0.00402431
1 54 -0.00329922
1 55 -0.0023356
1 56 -0.00122923
1 57 0.000120532
1 58 0.00119745
1 59 0.00296844
1 60 0.00428444
1 61 0.00595964
1 62 0.00740796
1 63 0.00862443
1 64 0.00984156
1 65 0.0109205
1 66 0.0115305
1 67 0.0122771
1 68 0.012217
1 69 0.0123458
1 70 0.0123262
1 71 0.0123413
1 72 0.012163
1 73 0.0117964
1 74 0.0112334
1 75 0.0101532
1 76 0.00899532
1 77 0.00722324
1 78 0.00549498
1 79 0.00383066
1 80 0.00204818
1 81 0.000238946
1 82 -0.00176038
1 83 -0.00442508
1 84 -0.00686248
1 85 -0.00933934
1 86 -0.0115518
1 87 -0.0139896
1 88 -0.0157658
1 89 -0.0177589
1 90 -0.0195679
1 91 -0.0209746
1 92 -0.0225457
1 93 -0.0236322
1 94 -0.0245833
1 95 -0.024819
1 96 -0.0253754
1 97 -0.024974
1 98 -0.0245308
1 99 -0.0242287
1 100 0
1 101 0

2 0 0
2 1 -0.0232898
2 2 -0.188513
2 3 -0.191264
2 4 -0.193448
2 5 -0.19436
2 6 -0.193985
2 7 -0.190504
2 8 -0.183767
2 9 -0.174822
2 10 -0.163297
2 11 -0.149362
2 12 -0.135121
2 13 -0.121406
2 14 -0.106324
2 15 -0.089406
2 16 -0.07112
2 17 -0.0518505
2 18 -0.0333315
2 19 -0.0161795
2 20 -0.000416379
2 21 0.0136964
2 22 0.0262339
2 23 0.0389628
2 24 0.0519878
2 25 0.0630891
2 26 0.0720549
2 27 0.0778201
2 28 0.0809073
2 29 0.0828497
2 30 0.0845299
2 31 0.0854406
2 32 0.0851983
2 33 0.0840528
2 34 0.0815174
2 35 0.0770199
2 36 0.0698777
2 37 0.0603543
2 38 0.050055
2 39 0.0389332
2 40 0.0276758
2 41 0.016529
2 42 0.00508488
2 43 -0.00525356
2 44 -0.0143826
2 45 -0.0219084
2 46 -0.0277501
2 47 -0.0329839
2 48 -0.03699
2 49 -0.0390928
2 50 -0.0393911
2 51 -0.0377989
2 52 -0.0356032
2 53 -0.031888
2 54 -0.0258833
2 55 -0.0183429
2 56 -0.00951697
2 57 -7.77908e-05
2 58 0.01021
2 59 0.0221978
2 60 0.0346588
2 61 0.0473877
2 62 0.059401
2 63 0.0699419
2 64 0.0795544
2 65 0.0874313
2 66 0.0934847
2 67 0.0974526
2 68 0.0989373
2 69 0.0992489
2 70 0.0993846
2 71 0.0990448
2 72 0.0973808
2 73 0.094203
2 74 0.0892986
2 75 0.0818391
2 76 0.0717962
2 77 0.0588175
2 78 0.0448165
2 79 0.0305964
2 80 0.0162853
2 81 0.00157908
2 82 -0.0153193
2 83 -0.0348091
2 84 -0.0549959
2 85 -0.0744604
2 86 -0.0935201
2 87 -0.111128
2 88 -0.126702
2 89 -0.141793
2 90 -0.155992
2 91 -0.168722
2 92 -0.180281
2 93 -0.189579
2 94 -0.195685
2 95 -0.19992
2 96 -0.202447
2 97 -0.200902
2 98 -0.197467
2 99 -0.195505
2 100 -0.0242287
2 101 0

3 0 0
3 1 -0.0238001
3 2 -0.191264
3 3 -0.190757
3 4 -0.191769
3 5 -0.193805
3 6 -0.189626
3 7 -0.186806
3 8 -0.180382
3 9 -0.171748
3 10 -0.157914
3 11 -0.145574
3 12 -0.132254
3 13 -0.116301
3 14 -0.102557
3 15 -0.0865277
3 16 -0.068778
3 17 -0.0494965
3 18 -0.0327516
3 19 -0.0158035
3 20 -0.000924886
3 21 0.0128501
3 22 0.0276337
3 23 0.0412815
3 24 0.0515732
3 25 0.063367
3 26 0.0704
3 27 0.0769328
3 28 0.0810486
3 29 0.0836586
3 30 0.0851685
3 31 0.0860687
3 32 0.08632
3 33 0.0834212
3 34 0.0824791
3 35 0.0765467
3 36 0.0696322
3 37 0.0608429
3 38 0.0490202
3 39 0.037571
3 40 0.0263492
3 41 0.0126237
3 42 0.00394545
3 43 -0.00740747
3 44 -0.0146054
3 45 -0.0214581
3 46 -0.0279944
3 47 -0.0326257
3 48 -0.0360633
3 49 -0.0397224
3 50 -0.0383564
3 51 -0.0390521
3 52 -0.0349198
3 53 -0.0310089
3 54 -0.0256713
3 55 -0.0182308
3 56 -0.0104522
3 57 -0.00244713
3 58 0.00947488
3 59 0.018603
3 60 0.0331059
3 61 0.0454949
3 62 0.0580949
3 63 0.0704127
3 64 0.0794404
3 65 0.0868806
3 66 0.0941817
3 67 0.0962591
3 68 0.0998878
3 69 0.0998865
3 70 0.100016
3 71 0.0991023
3 72 0.09701
3 73 0.0930592
3 74 0.0879365
3 75 0.0817409
3 76 0.0704159
3 77 0.0595747
3 78 0.0457899
3 79 0.0305925
3 80 0.0163837
3 81 0.000809775
3 82 -0.0164766
3 83 -0.0325793
3 84 -0.0518946
3 85 -0.0714248
3 86 -0.0911928
3 87 -0.106597
3 88 -0.123294
3 89 -0.136793
3 90 -0.150816
3 91 -0.165613
3 92 -0.176395
3 93 -0.186009
3 94 -0.191544
3 95 -0.197708
3 96 -0.198053
3 97 -0.200058
3 98 -0.198761
3 99 -0.196946
3 100 -0.0244879
3 101 0

4 0 0
4 1 -0.0241589
4 2 -0.193448
4 3 -0.191769
4 4 -0.191112
4 5 -0.189624
4 6 -0.185766
4 7 -0.180931
4 8 -0.174897
4 9 -0.164843
4 10 -0.152668
4 11 -0.139632
4 12 -0.125107
4 13 -0.109892
4 14 -0.0958806
4 15 -0.0816853
4 16 -0.0645328
4 17 -0.0474977
4 18 -0.0303115
4 19 -0.0151324
4 20 -0.00126463
4 21 0.0130978
4 22 0.028042
4 23 0.0417313
4 24 0.0526831
4 25 0.063173
4 26 0.0707814
4 27 0.0774591
4 28 0.0819683
4 29 0.0843591
4 30 0.086087
4 31 0.0870103
4 32 0.0866753
4 33 0.085494
4 34 0.0820208
4 35 0.0766487
4 36 0.0687207
4 37 0.0592888
4 38 0.048153
4 39 0.0366652
4 40 0.0244778
4 41 0.0121152
4 42 0.00149672
4 43 -0.00826626
4 44 -0.0162889
4 45 -0.0231842
4 46 -0.0294089
4 47 -0.0332058
4 48 -0.0358473
4 49 -0.0376825
4 50 -0.0377868
4 51 -0.0376559
4 52 -0.0349661
4 53 -0.0311074
4 54 -0.0266836
4 55 -0.0204072
4 56 -0.0129748
4 57 -0.00366486
4 58 0.00732554
4 59 0.0183099
4 60 0.0308638
4 61 0.0438573
4 62 0.0567122
4 63 0.0687276
4 64 0.078507
4 65 0.0867807
4 66 0.093093
4 67 0.0976658
4 68 0.0998845
4 69 0.100956
4 70 0.100544
4 71 0.099048
4 72 0.0971055
4 73 0.0936068
4 74 0.0882081
4 75 0.0811955
4 76 0.0702012
4 77 0.0587014
4 78 0.0454874
4 79 0.031446
4 80 0.0163821
4 81 0.000666824
4 82 -0.0153463
4 83 -0.0312382
4 84 -0.047828
4 85 -0.0671375
4 86 -0.0850558
4 87 -0.100951
4 88 -0.115857
4 89 -0.130366
4 90 -0.145171
4 91 -0.15963
4 92 -0.171203
4 93 -0.179473
4 94 -0.186917
4 95 -0.192742
4 96 -0.195336
4 97 -0.19723
4 98 -0.198621
4 99 -0.199326
4 100 -0.0248562
4 101 0

5 0 0
5 1 -0.0241033
5 2 -0.19436
5 3 -0.193805
5 4 -0.189624
5 5 -0.183109
5 6 -0.182001
5 7 -0.176056
5 8 -0.167038
5 9 -0.155933
5 10 -0.146877
5 11 -0.13295
5 12 -0.11669
5 13 -0.103684
5 14 -0.0883379
5 15 -0.0732249
5 16 -0.058833
5 17 -0.0439363
5 18 -0.0265989
5 19 -0.0124769
5 20 0.00074187
5 21 0.0162706
5 22 0.0293832
5 23 0.0416121
5 24 0.0553256
5 25 0.0631272
5 26 0.0723932
5 27 0.0785571
5 28 0.0821343
5 29 0.0845209
5 30 0.0862397
5 31 0.0864946
5 32 0.0861316
5 33 0.0865605
5 34 0.0805744
5 35 0.0754924
5 36 0.0670993
5 37 0.0558983
5 38 0.0469401
5 39 0.0347428
5 40 0.0217371
5 41 0.0121223
5 42 -0.00191073
5 43 -0.00942003
5 44 -0.018642
5 45 -0.0268278
5 46 -0.0310972
5 47 -0.0358127
5 48 -0.0375939
5 49 -0.0369101
5 50 -0.0400697
5 51 -0.0371852
5 52 -0.0368681
5 53 -0.0335673
5 54 -0.0283106
5 55 -0.024369
5 56 -0.0159249
5 57 -0.00529862
5 58 0.00371288
5 59 0.0183022
5 60 0.0278269
5 61 0.0412496
5 62 0.0545927
5 63 0.0648201
5 64 0.07664
5 65 0.0853311
5 66 0.0906962
5 67 0.0977793
5 68 0.0987404
5 69 0.100263
5 70 0.0998036
5 71 0.0981579
5 72 0.0965025
5 73 0.094566
5 74 0.0890103
5 75 0.0800411
5 76 0.0716109
5 77 0.0576537
5 78 0.0458363
5 79 0.033925
5 80 0.0180648
5 81 0.00320419
5 82 -0.011698
5 83 -0.028961
5 84 -0.0441625
5 85 -0.0601061
5 86 -0.0765082
5 87 -0.0940744
5 88 -0.107823
5 89 -0.124226
5 90 -0.138845
5 91 -0.151197
5 92 -0.164334
5 93 -0.173884
5 94 -0.181681
5 95 -0.185116
5 96 -0.191817
5 97 -0.194842
5 98 -0.198389
5 99 -0.200294
5 100 -0.0249038
5 101 0

6 0 0
6 1 -0.0243846
6 2 -0.193985
6 3 -0.189626
6 4 -0.185766
6 5 -0.182001
6 6 -0.174481
6 7 -0.16659
6 8 -0.157984
6 9 -0.149675
6 10 -0.13744
6 11 -0.123502
6 12 -0.109813
6 13 -0.0961893
6 14 -0.082387
6 15 -0.0653877
6 16 -0.0511252
6 17 -0.0359882
6 18 -0.0234158
6 19 -0.0087767
6 20 0.00552823
6 21 0.0193212
6 22 0.0333107
6 23 0.045179
6 24 0.0567265
6 25 0.0646455
6 26 0.0729504
6 27 0.0775398
6 28 0.0813481
6 29 0.084905
6 30 0.0853157
6 31 0.0848623
6 32 0.08583
6 33 0.0830776
6 34 0.0804201
6 35 0.0733436
6 36 0.0654244
6 37 0.0556429
6 38 0.0447956
6 39 0.0320453
6 40 0.0196239
6 41 0.00800424
6 42 -0.0028524
6 43 -0.0117997
6 44 -0.0200213
6 45 -0.0278657
6 46 -0.0328135
6 47 -0.0377295
6 48 -0.0400523
6 49 -0.04105
6 50 -0.0426691
6 51 -0.0411539
6 52 -0.039326
6 53 -0.0357827
6 54 -0.03039
6 55 -0.0254808
6 56 -0.017453
6 57 -0.00822698
6 58 0.00197517
6 59 0.0138799
6 60 0.0256693
6 61 0.0381158
6 62 0.0513088
6 63 0.063591
6 64 0.0745854
6 65 0.0829282
6 66 0.0896781
6 67 0.093133
6 68 0.097727
6 69 0.0980024
6 70 0.0978838
6 71 0.0973255
6 72 0.0953959
6 73 0.0930619
6 74 0.0884222
6 75 0.0797417
6 76 0.0723012
6 77 0.0605621
6 78 0.0487066
6 79 0.0351136
6 80 0.0219842
6 81 0.00704579
6 82 -0.00811457
6 83 -0.0226892
6 84 -0.039927
6 85 -0.0543492
6 86 -0.0694597
6 87 -0.0844184
6 88 -0.101578
6 89 -0.116146
6 90 -0.129845
6 91 -0.144207
6 92 -0.156186
6 93 -0.164867
6 94 -0.171912
6 95 -0.179731
6 96 -0.186178
6 97 -0.191707
6 98 -0.195966
6 99 -0.198521
6 100 -0.024745
6 101 0

7 0 0
7 1 -0.0237485
7 2 -0.190504
7 3 -0.186806
7 4 -0.180931
7 5 -0.176056
7 6 -0.16659
7 7 -0.15964
7 8 -0.148692
7 9 -0.139942
7 10 -0.127999
7 11 -0.116291
7 12 -0.103067
7 13 -0.0890045
7 14 -0.0748701
7 15 -0.0565343
7 16 -0.0424075
7 17 -0.0292466
7 18 -0.0170254
7 19 -0.00213765
7 20 0.0113211
7 21 0.0247494
7 22 0.0372613
7 23 0.0483173
7 24 0.0580118
7 25 0.068313
7 26 0.0734559
7 27 0.0785736
7 28 0.0814053
7 29 0.0845879
7 30 0.0853687
7 31 0.0845979
7 32 0.0851682
7 33 0.0820336
7 34 0.0791343
7 35 0.0709953
7 36 0.0634271
7 37 0.0541965
7 38 0.0429521
7 39 0.0302902
7 40 0.0187487
7 41 0.00601252
7 42 -0.00260774
7 43 -0.0141238
7 44 -0.0219985
7 45 -0.0301178
7 46 -0.0355157
7 47 -0.0404616
7 48 -0.0427673
7 49 -0.0455642
7 50 -0.044678
7 51 -0.0452262
7 52 -0.0419609
7 53 -0.0391742
7 54 -0.033732
7 55 -0.0277373
7 56 -0.0192685
7 57 -0.0112565
7 58 0.00100821
7 59 0.0111473
7 60 0.0248571
7 61 0.0359571
7 62 0.048222
7 63 0.0605825
7 64 0.0719222
7 65 0.0801581
7 66 0.0877208
7 67 0.0906638
7 68 0.0959434
7 69 0.0965078
7 70 0.0968781
7 71 0.0958571
7 72 0.0950942
7 73 0.0932421
7 74 0.0874339
7 75 0.0816012
7 76 0.0728753
7 77 0.0631734
7 78 0.0514054
7 79 0.0388954
7 80 0.0267574
7 81 0.0137537
7 82 -0.00208823
7 83 -0.0172265
7 84 -0.0339304
7 85 -0.0469069
7 86 -0.0617991
7 87 -0.0753417
7 88 -0.0940011
7 89 -0.109242
7 90 -0.121898
7 91 -0.135304
7 92 -0.146163
7 93 -0.156562
7 94 -0.162448
7 95 -0.172571
7 96 -0.178986
7 97 -0.187518
7 98 -0.191728
7 99 -0.194182
7 100 -0.0242274
7 101 0

8 0 0
8 1 -0.0229823
8 2 -0.183767
8 3 -0.180382
8 4 -0.174897
8 5 -0.167038
8 6 -0.157984
8 7 -0.148692
8 8 -0.139418
8 9 -0.128152
8 10 -0.118298
8 11 -0.107819
8 12 -0.0951772
8 13 -0.0812461
8 14 -0.0659178
8 15 -0.0495234
8 16 -0.0330468
8 17 -0.0217181
8 18 -0.0083045
8 19 0.00464606
8 20 0.0174232
8 21 0.0303075
8 22 0.0417832
8 23 0.0517997
8 24 0.0600768
8 25 0.0695842
8 26 0.0738698
8 27 0.0781257
8 28 0.0814131
8 29 0.083944
8 30 0.0855427
8 31 0.0851474
8 32 0.0838067
8 33 0.0821892
8 34 0.0762317
8 35 0.0695957
8 36 0.0614927
8 37 0.0526971
8 38 0.0412904
8 39 0.0288229
8 40 0.0167362
8 41 0.00575408
8 42 -0.00390583
8 43 -0.0147787
8 44 -0.0242519
8 45 -0.0316109
8 46 -0.0380229
8 47 -0.0423799
8 48 -0.046171
8 49 -0.0486632
8 50 -0.0480954
8 51 -0.0479691
8 52 -0.0453488
8 53 -0.0417381
8 54 -0.0368419
8 55 -0.0292529
8 56 -0.0213896
8 57 -0.0125856
8 58 -0.00151078
8 59 0.010054
8 60 0.0227707
8 61 0.0341936
8 62 0.045406
8 63 0.0575178
8 64 0.0690156
8 65 0.0784711
8 66 0.0843742
8 67 0.0897114
8 68 0.0929741
8 69 0.0957586
8 70 0.0960248
8 71 0.0946798
8 72 0.0943081
8 73 0.091849
8 74 0.0861156
8 75 0.081555
8 76 0.0736233
8 77 0.0656746
8 78 0.0543501
8 79 0.0433653
8 80 0.0317034
8 81 0.0192577
8 82 0.00473028
8 83 -0.0112156
8 84 -0.025412
8 85 -0.0408559
8 86 -0.0537964
8 87 -0.0680346
8 88 -0.0844666
8 89 -0.0999067
8 90 -0.113065
8 91 -0.125298
8 92 -0.135404
8 93 -0.142774
8 94 -0.152256
8 95 -0.163227
8 96 -0.17146
8 97 -0.178316
8 98 -0.184078
8 99 -0.18828
8 100 -0.0235524
8 101 0

9 0 0
9 1 -0.0217366
9 2 -0.174822
9 3 -0.171748
9 4 -0.164843
9 5 -0.155933
9 6 -0.149675
9 7 -0.139942
9 8 -0.128152
9 9 -0.116752
9 10 -0.109072
9 11 -0.0996035
9 12 -0.0866388
9 13 -0.073125
9 14 -0.0564605
9 15 -0.039941
9 16 -0.025683
9 17 -0.0127922
9 18 0.000684602
9 19 0.0127374
9 20 0.0241994
9 21 0.0372214
9 22 0.0472492
9 23 0.0554344
9 24 0.0645371
9 25 0.0697786
9 26 0.0755548
9 27 0.0787971
9 28 0.0813393
9 29 0.0843795
9 30 0.0857063
9 31 0.084775
9 32 0.0829046
9 33 0.0803993
9 34 0.0729353
9 35 0.0666724
9 36 0.0592996
9 37 0.0491578
9 38 0.0391942
9 39 0.0255854
9 40 0.0129631
9 41 0.00436713
9 42 -0.00788374
9 43 -0.0166427
9 44 -0.0267668
9 45 -0.0353438
9 46 -0.0398542
9 47 -0.0463383
9 48 -0.0505307
9 49 -0.0518666
9 50 -0.0543855
9 51 -0.051225
9 52 -0.0499103
9 53 -0.0460386
9 54 -0.0390328
9 55 -0.0332079
9 56 -0.0242346
9 57 -0.0151039
9 58 -0.00647575
9 59 0.00786345
9 60 0.0184269
9 61 0.0304068
9 62 0.0421679
9 63 0.052523
9 64 0.0654816
9 65 0.0749708
9 66 0.0805065
9 67 0.0867598
9 68 0.0899801
9 69 0.0936099
9 70 0.0949963
9 71 0.094353
9 72 0.0928512
9 73 0.09082
9 74 0.0859948
9 75 0.0801092
9 76 0.0762032
9 77 0.0673343
9 78 0.058424
9 79 0.0493704
9 80 0.0372876
9 81 0.0248008
9 82 0.0112471
9 83 -0.00341161
9 84 -0.0172459
9 85 -0.0310687
9 86 -0.0452361
9 87 -0.0611591
9 88 -0.0753332
9 89 -0.090206
9 90 -0.102934
9 91 -0.113664
9 92 -0.123417
9 93 -0.132385
9 94 -0.143278
9 95 -0.151281
9 96 -0.16011
9 97 -0.168269
9 98 -0.17611
9 99 -0.17904
9 100 -0.0222514
9 101 0

10 0 0
10 1 -0.0205019
10 2 -0.163297
10 3 -0.157914
10 4 -0.152668
10 5 -0.146877
10 6 -0.13744
10 7 -0.127999
10 8 -0.118298
10 9 -0.109072
10 10 -0.0992028
10 11 -0.0892895
10 12 -0.0773487
10 13 -0.063188
10 14 -0.0488354
10 15 -0.0323931
10 16 -0.0180111
10 17 -0.00406688
10 18 0.00772831
10 19 0.0200048
10 20 0.0306971
10 21 0.041526
10 22 0.0527885
10 23 0.0608083
10 24 0.0681151
10 25 0.0733192
10 26 0.0782142
10 27 0.0807637
10 28 0.0835213
10 29 0.0860463
10 30 0.0860435
10 31 0.0845476
10 32 0.0822927
10 33 0.0764991
10 34 0.0705758
10 35 0.0627777
10 36 0.0556869
10 37 0.0467091
10 38 0.0353188
10 39 0.0225458
10 40 0.0107397
10 41 0.000412294
10 42 -0.00983303
10 43 -0.0201472
10 44 -0.0299652
10 45 -0.0383782
10 46 -0.0442268
10 47 -0.0499077
10 48 -0.0538008
10 49 -0.055944
10 50 -0.0573133
10 51 -0.0558345
10 52 -0.053606
10 53 -0.0496035
10 54 -0.0434658
10 55 -0.0367893
10 56 -0.0283258
10 57 -0.0193306
10 58 -0.00903502
10 59 0.00314915
10 60 0.0151425
10 61 0.0263144
10 62 0.0372077
10 63 0.0488234
10 64 0.0605068
10 65 0.070063
10 66 0.0773558
10 67 0.0815804
10 68 0.0873889
10 69 0.0914249
10 70 0.0940707
10 71 0.0948646
10 72 0.0934961
10 73 0.0908662
10 74 0.0870111
10 75 0.0817617
10 76 0.0777673
10 77 0.0708038
10 78 0.0631195
10 79 0.0528689
10 80 0.0422014
10 81 0.0294071
10 82 0.0163798
10 83 0.00506531
10 84 -0.00866821
10 85 -0.0228997
10 86 -0.0379362
10 87 -0.0520299
10 88 -0.0673533
10 89 -0.0800661
10 90 -0.0912941
10 91 -0.103333
10 92 -0.113784
10 93 -0.122311
10 94 -0.131161
10 95 -0.140579
10 96 -0.148267
10 97 -0.156111
10 98 -0.16315
10 99 -0.166719
10 100 -0.0207675
10 101 0

11 0 0
11 1 -0.0186204
11 2 -0.149362
11 3 -0.145574
11 4 -0.139632
11 5 -0.13295
11 6 -0.123502
11 7 -0.116291
11 8 -0.107819
11 9 -0.0996035
11 10 -0.0892895
11 11 -0.0782418
11 12 -0.0661565
11 13 -0.0535344
11 14 -0.0405173
11 15 -0.0247286
11 16 -0.0111897
11 17 0.00185505
11 18 0.0148449
11 19 0.0271041
11 20 0.0369004
11 21 0.0468161
11 22 0.0569043
11 23 0.0653546
11 24 0.072451
11 25 0.078692
11 26 0.0814587
11 27 0.0841354
11 28 0.0855291
11 29 0.0866733
11 30 0.0862714
11 31 0.0839223
11 32 0.0807066
11 33 0.0743129
11 34 0.0672104
11 35 0.058716
11 36 0.0512168
11 37 0.0422498
11 38 0.0310733
11 39 0.0190967
11 40 0.00788632
11 41 -0.00327209
11 42 -0.0126584
11 43 -0.0240614
11 44 -0.0335823
11 45 -0.0423765
11 46 -0.0489342
11 47 -0.053728
11 48 -0.0566378
11 49 -0.059171
11 50 -0.0594714
11 51 -0.0598174
11 52 -0.0569318
11 53 -0.0532284
11 54 -0.0480729
11 55 -0.0415688
11 56 -0.0331215
11 57 -0.0240036
11 58 -0.0121712
11 59 -0.00126771
11 60 0.0109697
11 61 0.0213951
11 62 0.0319118
11 63 0.0433287
11 64 0.0548628
11 65 0.0646086
11 66 0.0727867
11 67 0.0779707
11 68 0.0842192
11 69 0.0889974
11 70 0.0927678
11 71 0.0938307
11 72 0.0938559
11 73 0.0924704
11 74 0.0884707
11 75 0.0848814
11 76 0.0799036
11 77 0.0739779
11 78 0.066426
11 79 0.0567869
11 80 0.0459729
11 81 0.0344693
11 82 0.0226303
11 83 0.0113206
11 84 -0.00172722
11 85 -0.0151701
11 86 -0.0297595
11 87 -0.042659
11 88 -0.0576849
11 89 -0.0704085
11 90 -0.0807159
11 91 -0.0914262
11 92 -0.102066
11 93 -0.111978
11 94 -0.119038
11 95 -0.127989
11 96 -0.134906
11 97 -0.142391
11 98 -0.148075
11 99 -0.152394
11 100 -0.019029
11 101 0

12 0 0
12 1 -0.0168136
12 2 -0.135121
12 3 -0.132254
12 4 -0.125107
12 5 -0.11669
12 6 -0.109813
12 7 -0.103067
12 8 -0.0951772
12 9 -0.0866388
12 10 -0.0773487
12 11 -0.0661565
12 12 -0.0550223
12 13 -0.0436683
12 14 -0.0301695
12 15 -0.0163637
12 16 -0.00415123
12 17 0.00792689
12 18 0.0215331
12 19 0.0337214
12 20 0.0443889
12 21 0.053848
12 22 0.0620197
12 23 0.070294
12 24 0.077582
12 25 0.082469
12 26 0.0847775
12 27 0.0860988
12 28 0.0868374
12 29 0.0871499
12 30 0.0858794
12 31 0.0824581
12 32 0.0783018
12 33 0.072383
12 34 0.0639579
12 35 0.0558784
12 36 0.0473904
12 37 0.03771
12 38 0.0266563
12 39 0.0141501
12 40 0.00227404
12 41 -0.00831936
12 42 -0.0185604
12 43 -0.0281534
12 44 -0.0374574
12 45 -0.0458111
12 46 -0.052423
12 47 -0.0573617
12 48 -0.0603903
12 49 -0.0625073
12 50 -0.0640871
12 51 -0.0637209
12 52 -0.061046
12 53 -0.0567438
12 54 -0.0516229
12 55 -0.0458167
12 56 -0.038099
12 57 -0.0287784
12 58 -0.0184338
12 59 -0.00709082
12 60 0.00393675
12 61 0.0149192
12 62 0.0263374
12 63 0.0379076
12 64 0.0498706
12 65 0.0601796
12 66 0.0677124
12 67 0.0745014
12 68 0.0803945
12 69 0.0859915
12 70 0.0903134
12 71 0.0921428
12 72 0.0931401
12 73 0.0927615
12 74 0.0896734
12 75 0.08613
12 76 0.0827074
12 77 0.0777266
12 78 0.0702901
12 79 0.0614963
12 80 0.0506929
12 81 0.0398185
12 82 0.0295061
12 83 0.0176268
12 84 0.00497407
12 85 -0.00753192
12 86 -0.0198487
12 87 -0.0332768
12 88 -0.0469261
12 89 -0.0592407
12 90 -0.0692756
12 91 -0.0778204
12 92 -0.0874819
12 93 -0.0978447
12 94 -0.106869
12 95 -0.113688
12 96 -0.119954
12 97 -0.126912
12 98 -0.133303
12 99 -0.13743
12 100 -0.0171226
12 101 0

13 0 0
13 1 -0.0152615
13 2 -0.121406
13 3 -0.116301
13 4 -0.109892
13 5 -0.103684
13 6 -0.0961893
13 7 -0.0890045
13 8 -0.0812461
13 9 -0.073125
13 10 -0.063188
13 11 -0.0535344
13 12 -0.0436683
13 13 -0.0316091
13 14 -0.0191854
13 15 -0.00693452
13 16 0.0050097
13 17 0.0166099
13 18 0.0277989
13 19 0.0404611
13 20 0.0521239
13 21 0.0605224
13 22 0.0684223
13 23 0.0761364
13 24 0.081527
13 25 0.0860476
13 26 0.0876242
13 27 0.0878979
13 28 0.0888827
13 29 0.0892113
13 30 0.0861669
13 31 0.082088
13 32 0.0773008
13 33 0.0700032
13 34 0.0625283
13 35 0.0533574
13 36 0.0441086
13 37 0.0345392
13 38 0.0221308
13 39 0.00916705
13 40 -0.0029729
13 41 -0.0148124
13 42 -0.0241472
13 43 -0.0338045
13 44 -0.0423593
13 45 -0.0499938
13 46 -0.0568118
13 47 -0.0615135
13 48 -0.0645823
13 49 -0.0671606
13 50 -0.0682168
13 51 -0.0684734
13 52 -0.0653764
13 53 -0.0611273
13 54 -0.0565166
13 55 -0.0507749
13 56 -0.0438066
13 57 -0.0350971
13 58 -0.0247773
13 59 -0.0147022
13 60 -0.00277746
13 61 0.0084433
13 62 0.0205272
13 63 0.0335877
13 64 0.0451694
13 65 0.0556449
13 66 0.0640248
13 67 0.0701928
13 68 0.0778802
13 69 0.0837922
13 70 0.088161
13 71 0.0914315
13 72 0.0927324
13 73 0.0924221
13 74 0.090393
13 75 0.0873165
13 76 0.084616
13 77 0.0820504
13 78 0.0750175
13 79 0.0657256
13 80 0.056539
13 81 0.0463888
13 82 0.0364635
13 83 0.0264969
13 84 0.0138722
13 85 0.0015481
13 86 -0.00974434
13 87 -0.0219208
13 88 -0.0353034
13 89 -0.0458761
13 90 -0.0554453
13 91 -0.0649629
13 92 -0.0732097
13 93 -0.0823385
13 94 -0.0921516
13 95 -0.101092
13 96 -0.106271
13 97 -0.111836
13 98 -0.117624
13 99 -0.122058
13 100 -0.0152899
13 101 0

14 0 0
14 1 -0.0132146
14 2 -0.106324
14 3 -0.102557
14 4 -0.0958806
14 5 -0.0883379
14 6 -0.082387
14 7 -0.0748701
14 8 -0.0659178
14 9 -0.0564605
14 10 -0.0488354
14 11 -0.0405173
14 12 -0.0301695
14 13 -0.0191854
14 14 -0.00737431
14 15 0.00337961
14 16 0.0147368
14 17 0.0242044
14 18 0.0359038
14 19 0.0471967
14 20 0.0579411
14 21 0.0666259
14 22 0.0734569
14 23 0.079791
14 24 0.0845206
14 25 0.088894
14 26 0.0892095
14 27 0.0899631
14 28 0.0906041
14 29 0.0899837
14 30 0.0871823
14 31 0.0829878
14 32 0.0766221
14 33 0.0701047
14 34 0.0606285
14 35 0.0510332
14 36 0.0407733
14 37 0.0307602
14 38 0.0183819
14 39 0.00593252
14 40 -0.00677007
14 41 -0.0187589
14 42 -0.0291427
14 43 -0.039508
14 44 -0.0485849
14 45 -0.0557675
14 46 -0.0625585
14 47 -0.0664925
14 48 -0.0694082
14 49 -0.0715233
14 50 -0.0720212
14 51 -0.0724741
14 52 -0.0701309
14 53 -0.0667156
14 54 -0.0631454
14 55 -0.0572243
14 56 -0.0504583
14 57 -0.0414708
14 58 -0.0308808
14 59 -0.0201177
14 60 -0.00796873
14 61 0.00389972
14 62 0.0155848
14 63 0.0283938
14 64 0.0400841
14 65 0.0510369
14 66 0.0598411
14 67 0.0683393
14 68 0.07543
14 69 0.0825648
14 70 0.0866159
14 71 0.0895004
14 72 0.0916183
14 73 0.0919645
14 74 0.089989
14 75 0.0887002
14 76 0.0858105
14 77 0.0836917
14 78 0.0777857
14 79 0.070275
14 80 0.0618121
14 81 0.0537082
14 82 0.0446892
14 83 0.0337093
14 84 0.023349
14 85 0.0117108
14 86 0.000909036
14 87 -0.0108471
14 88 -0.0215371
14 89 -0.0319714
14 90 -0.0410759
14 91 -0.0493964
14 92 -0.0579405
14 93 -0.0673293
14 94 -0.0769854
14 95 -0.0852128
14 96 -0.0921185
14 97 -0.0979651
14 98 -0.103057
14 99 -0.106245
14 100 -0.0132433
14 101 0

15 0 0
15 1 -0.0111803
15 2 -0.089406
15 3 -0.0865277
15 4 -0.0816853
15 5 -0.0732249
15 6 -0.0653877
15 7 -0.0565343
15 8 -0.0495234
15 9 -0.039941
15 10 -0.0323931
15 11 -0.0247286
15 12 -0.0163637
15 13 -0.00693452
15 14 0.00337961
15 15 0.0123913
15 16 0.0227276
15 17 0.0314246
15 18 0.0414965
15 19 0.0513735
15 20 0.0618874
15 21 0.0707931
15 22 0.0777858
15 23 0.0825867
15 24 0.0863417
15 25 0.088501
15 26 0.0899256
15 27 0.0901881
15 28 0.0910348
15 29 0.089393
15 30 0.0865054
15 31 0.0819151
15 32 0.0751398
15 33 0.0687118
15 34 0.05917
15 35 0.0499478
15 36 0.039379
15 37 0.0285348
15 38 0.0157829
15 39 0.00299059
15 40 -0.0104441
15 41 -0.0219916
15 42 -0.0336182
15 43 -0.04358
15 44 -0.0532047
15 45 -0.0599405
15 46 -0.0668442
15 47 -0.070849
15 48 -0.0748034
15 49 -0.0765093
15 50 -0.0774531
15 51 -0.0769142
15 52 -0.0754144
15 53 -0.071823
15 54 -0.0683999
15 55 -0.0618961
15 56 -0.0553539
15 57 -0.0461764
15 58 -0.036601
15 59 -0.0248068
15 60 -0.01298
15 61 -3.45194e-05
15 62 0.0119629
15 63 0.0248688
15 64 0.0366793
15 65 0.0477841
15 66 0.0563801
15 67 0.0654726
15 68 0.0720437
15 69 0.0792959
15 70 0.0836383
15 71 0.0868411
15 72 0.0893712
15 73 0.08961
15 74 0.0892081
15 75 0.0878206
15 76 0.0862366
15 77 0.0839164
15 78 0.0798302
15 79 0.0737413
15 80 0.0664392
15 81 0.0581664
15 82 0.0494746
15 83 0.0392862
15 84 0.0305313
15 85 0.0197319
15 86 0.0101986
15 87 -0.000281014
15 88 -0.00825751
15 89 -0.0166639
15 90 -0.0250319
15 91 -0.032586
15 92 -0.0411508
15 93 -0.0491808
15 94 -0.0598108
15 95 -0.0678904
15 96 -0.0762719
15 97 -0.0816963
15 98 -0.0869537
15 99 -0.0900428
15 100 -0.0112469
15 101 0

16 0 0
16 1 -0.00884846
16 2 -0.07112
16 3 -0.068778
16 4 -0.0645328
16 5 -0.058833
16 6 -0.0511252
16 7 -0.0424075
16 8 -0.0330468
16 9 -0.025683
16 10 -0.0180111
16 11 -0.0111897
16 12 -0.00415123
16 13 0.0050097
16 14 0.0147368
16 15 0.0227276
16 16 0.0288843
16 17 0.0387668
16 18 0.0468833
16 19 0.0559196
16 20 0.0663594
16 21 0.0748502
16 22 0.0808646
16 23 0.0849477
16 24 0.0876775
16 25 0.0877042
16 26 0.0905545
16 27 0.0913289
16 28 0.0905811
16 29 0.0894929
16 30 0.0853581
16 31 0.0799571
16 32 0.0740089
16 33 0.0652229
16 34 0.0570782
16 35 0.0472443
16 36 0.036551
16 37 0.0249089
16 38 0.0124348
16 39 -0.000960317
16 40 -0.0137291
16 41 -0.0256097
16 42 -0.0374996
16 43 -0.0476669
16 44 -0.0572222
16 45 -0.0652168
16 46 -0.0711331
16 47 -0.0769574
16 48 -0.0809957
16 49 -0.0830004
16 50 -0.0844934
16 51 -0.083064
16 52 -0.0816696
16 53 -0.078596
16 54 -0.0734287
16 55 -0.0676156
16 56 -0.0598791
16 57 -0.0510808
16 58 -0.0416699
16 59 -0.0297631
16 60 -0.017686
16 61 -0.00515096
16 62 0.00752689
16 63 0.0198156
16 64 0.0316386
16 65 0.0426463
16 66 0.0523671
16 67 0.06036
16 68 0.0687872
16 69 0.0745855
16 70 0.0802191
16 71 0.0848844
16 72 0.0864018
16 73 0.0879415
16 74 0.0884569
16 75 0.0864322
16 76 0.0861841
16 77 0.0835028
16 78 0.0811892
16 79 0.0777276
16 80 0.071826
16 81 0.0626085
16 82 0.0535772
16 83 0.0447682
16 84 0.0353078
16 85 0.0290682
16 86 0.0204556
16 87 0.0111159
16 88 0.00330992
16 89 -0.00383068
16 90 -0.0111486
16 91 -0.0167862
16 92 -0.023204
16 93 -0.0349927
16 94 -0.0462801
16 95 -0.0528127
16 96 -0.0577137
16 97 -0.0642421
16 98 -0.0703168
16 99 -0.0724777
16 100 -0.00899599
16 101 0

17 0 0
17 1 -0.0065381
17 2 -0.0518505
17 3 -0.0494965
17 4 -0.0474977
17 5 -0.0439363
17 6 -0.0359882
17 7 -0.0292466
17 8 -0.0217181
17 9 -0.0127922
17 10 -0.00406688
17 11 0.00185505
17 12 0.00792689
17 13 0.0166099
17 14 0.0242044
17 15 0.0314246
17 16 0.0387668
17 17 0.0452319
17 18 0.0515327
17 19 0.0597772
17 20 0.0692412
17 21 0.0769041
17 22 0.0838428
17 23 0.087955
17 24 0.087298
17 25 0.0888505
17 26 0.0898152
17 27 0.0915281
17 28 0.0919216
17 29 0.089572
17 30 0.0853746
17 31 0.0797431
17 32 0.0719675
17 33 0.0620202
17 34 0.0537759
17 35 0.043297
17 36 0.0320235
17 37 0.0212865
17 38 0.00784852
17 39 -0.00420119
17 40 -0.0159726
17 41 -0.0296586
17 42 -0.0393611
17 43 -0.0515374
17 44 -0.0611981
17 45 -0.0688834
17 46 -0.0770606
17 47 -0.0817235
17 48 -0.0860782
17 49 -0.0896767
17 50 -0.0888243
17 51 -0.089821
17 52 -0.0870752
17 53 -0.0837982
17 54 -0.0796952
17 55 -0.0717847
17 56 -0.0647665
17 57 -0.0560367
17 58 -0.0444653
17 59 -0.0349226
17 60 -0.0213889
17 61 -0.00996862
17 62 0.00167224
17 63 0.0146394
17 64 0.0250092
17 65 0.0361671
17 66 0.0470857
17 67 0.0552908
17 68 0.0645503
17 69 0.0716729
17 70 0.0780975
17 71 0.0832135
17 72 0.0857664
17 73 0.0860102
17 74 0.0865101
17 75 0.0867091
17 76 0.0843112
17 77 0.0847366
17 78 0.0835131
17 79 0.0802433
17 80 0.0747496
17 81 0.0658225
17 82 0.0567381
17 83 0.0494788
17 84 0.0431225
17 85 0.0365359
17 86 0.0292672
17 87 0.0226155
17 88 0.0148285
17 89 0.00855327
17 90 0.00278894
17 91 -0.00320968
17 92 -0.011174
17 93 -0.0213594
17 94 -0.0302695
17 95 -0.0390038
17 96 -0.0432742
17 97 -0.0458391
17 98 -0.048592
17 99 -0.0539937
17 100 -0.00697018
17 101 0

18 0 0
18 1 -0.00407908
18 2 -0.0333315
18 3 -0.0327516
18 4 -0.0303115
18 5 -0.0265989
18 6 -0.0234158
18 7 -0.0170254
18 8 -0.0083045
18 9 0.000684602
18 10 0.00772831
18 11 0.0148449
18 12 0.0215331
18 13 0.0277989
18 14 0.0359038
18 15 0.0414965
18 16 0.0468833
18 17 0.0515327
18 18 0.0580122
18 19 0.0640085
18 20 0.0722226
18 21 0.0796259
18 22 0.0847227
18 23 0.089364
18 24 0.089644
18 25 0.0894896
18 26 0.0897524
18 27 0.0914204
18 28 0.0904924
18 29 0.0883658
18 30 0.0843443
18 31 0.0783179
18 32 0.0692345
18 33 0.0593625
18 34 0.0483393
18 35 0.0384082
18 36 0.0264806
18 37 0.0154245
18 38 0.00352474
18 39 -0.00811753
18 40 -0.0201821
18 41 -0.0327287
18 42 -0.0441934
18 43 -0.0551791
18 44 -0.0653963
18 45 -0.0739546
18 46 -0.0814303
18 47 -0.0865147
18 48 -0.0905009
18 49 -0.0934103
18 50 -0.0939167
18 51 -0.0939606
18 52 -0.0919746
18 53 -0.0887912
18 54 -0.0841114
18 55 -0.0774551
18 56 -0.0701642
18 57 -0.0608519
18 58 -0.04995
18 59 -0.0388562
18 60 -0.0270732
18 61 -0.0157295
18 62 -0.0041674
18 63 0.00723727
18 64 0.0175529
18 65 0.0289625
18 66 0.0393874
18 67 0.0504838
18 68 0.059467
18 69 0.0679032
18 70 0.0750368
18 71 0.080466
18 72 0.0828506
18 73 0.0845142
18 74 0.0851469
18 75 0.0859611
18 76 0.0848847
18 77 0.0853162
18 78 0.0843855
18 79 0.0829345
18 80 0.0763502
18 81 0.0683554
18 82 0.061563
18 83 0.0539913
18 84 0.0490681
18 85 0.0451511
18 86 0.0405202
18 87 0.0335891
18 88 0.0284762
18 89 0.0216649
18 90 0.0149009
18 91 0.0099754
18 92 0.00263617
18 93 -0.00838822
18 94 -0.0176033
18 95 -0.0229654
18 96 -0.0269845
18 97 -0.0296194
18 98 -0.0319354
18 99 -0.0345405
18 100 -0.00434655
18 101 0

19 0 0
19 1 -0.00201203
19 2 -0.0161795
19 3 -0.0158035
19 4 -0.0151324
19 5 -0.0124769
19 6 -0.0087767
19 7 -0.00213765
19 8 0.00464606
19 9 0.0127374
19 10 0.0200048
19 11 0.0271041
19 12 0.0337214
19 13 0.0404611
19 14 0.0471967
19 15 0.0513735
19 16 0.0559196
19 17 0.0597772
19 18 0.0640085
19 19 0.0695962
19 20 0.0767113
19 21 0.0820892
19 22 0.0865961
19 23 0.0905503
19 24 0.0909993
19 25 0.0896215
19 26 0.0899339
19 27 0.0897956
19 28 0.0889459
19 29 0.0861157
19 30 0.0813389
19 31 0.0748589
19 32 0.0653808
19 33 0.054792
19 34 0.0440576
19 35 0.03348
19 36 0.0215472
19 37 0.0103142
19 38 -0.00161706
19 39 -0.0130596
19 40 -0.0253489
19 41 -0.0377385
19 42 -0.0491874
19 43 -0.0592312
19 44 -0.0693542
19 45 -0.077791
19 46 -0.0854974
19 47 -0.0900925
19 48 -0.0938592
19 49 -0.0962856
19 50 -0.0974257
19 51 -0.0972653
19 52 -0.0957775
19 53 -0.0924917
19 54 -0.0883161
19 55 -0.0820359
19 56 -0.0754139
19 57 -0.0659238
19 58 -0.0555525
19 59 -0.044719
19 60 -0.033911
19 61 -0.0225683
19 62 -0.0110438
19 63 0.000655563
19 64 0.0108005
19 65 0.0219968
19 66 0.0326967
19 67 0.0436051
19 68 0.0533497
19 69 0.0624951
19 70 0.0703314
19 71 0.076916
19 72 0.0802267
19 73 0.0818461
19 74 0.0838454
19 75 0.0844473
19 76 0.084945
19 77 0.0861626
19 78 0.0863858
19 79 0.084265
19 80 0.0785667
19 81 0.0714755
19 82 0.0659186
19 83 0.0605467
19 84 0.0567143
19 85 0.0540703
19 86 0.0515543
19 87 0.0458431
19 88 0.0408133
19 89 0.0347741
19 90 0.027727
19 91 0.0214301
19 92 0.014323
19 93 0.0061354
19 94 -0.00277344
19 95 -0.00840531
19 96 -0.0128741
19 97 -0.0143881
19 98 -0.0152281
19 99 -0.0158747
19 100 -0.00196208
19 101 0

20 0 0
20 1 2.85921e-05
20 2 -0.000416379
20 3 -0.000924886
20 4 -0.00126463
20 5 0.00074187
20 6 0.00552823
20 7 0.0113211
20 8 0.0174232
20 9 0.0241994
20 10 0.0306971
20 11 0.0369004
20 12 0.0443889
20 13 0.0521239
20 14 0.0579411
20 15 0.0618874
20 16 0.0663594
20 17 0.0692412
20 18 0.0722226
20 19 0.0767113
20 20 0.0820559
20 21 0.0852157
20 22 0.0881301
20 23 0.0907083
20 24 0.0900242
20 25 0.0892047
20 26 0.087946
20 27 0.0872835
20 28 0.0855696
20 29 0.0826162
20 30 0.07765
20 31 0.0710001
20 32 0.061121
20 33 0.0498809
20 34 0.0390519
20 35 0.0277809
20 36 0.0156655
20 37 0.0046986
20 38 -0.00733623
20 39 -0.018256
20 40 -0.0301762
20 41 -0.0430371
20 42 -0.0535389
20 43 -0.0635613
20 44 -0.0726926
20 45 -0.0807839
20 46 -0.0886241
20 47 -0.0929364
20 48 -0.0965137
20 49 -0.0993016
20 50 -0.0999136
20 51 -0.100452
20 52 -0.098641
20 53 -0.095546
20 54 -0.0918844
20 55 -0.0859118
20 56 -0.0797718
20 57 -0.0709548
20 58 -0.0604815
20 59 -0.0511537
20 60 -0.0405378
20 61 -0.0296388
20 62 -0.018305
20 63 -0.006432
20 64 0.00324749
20 65 0.0142239
20 66 0.0254991
20 67 0.0364876
20 68 0.0473359
20 69 0.0570705
20 70 0.0654249
20 71 0.0725087
20 72 0.0760668
20 73 0.0780109
20 74 0.079962
20 75 0.0823382
20 76 0.0834154
20 77 0.0861338
20 78 0.0870227
20 79 0.0852596
20 80 0.0810423
20 81 0.0761149
20 82 0.072165
20 83 0.0686847
20 84 0.0664381
20 85 0.064654
20 86 0.0620778
20 87 0.0571732
20 88 0.0517172
20 89 0.0458235
20 90 0.039052
20 91 0.0321518
20 92 0.0258419
20 93 0.0187066
20 94 0.0113505
20 95 0.00488874
20 96 0.00138859
20 97 0.000458729
20 98 0.000727352
20 99 0.000731701
20 100 9.49908e-05
20 101 0

21 0 0
21 1 0.00177885
21 2 0.0136964
21 3 0.0128501
21 4 0.0130978
21 5 0.0162706
21 6 0.0193212
21 7 0.0247494
21 8 0.0303075
21 9 0.0372214
21 10 0.041526
21 11 0.0468161
21 12 0.053848
21 13 0.0605224
21 14 0.0666259
21 15 0.0707931
21 16 0.0748502
21 17 0.0769041
21 18 0.0796259
21 19 0.0820892
21 20 0.0852157
21 21 0.087852
21 22 0.0887328
21 23 0.0891983
21 24 0.0891629
21 25 0.0872349
21 26 0.0860905
21 27 0.0843339
21 28 0.0819111
21 29 0.0779412
21 30 0.0740075
21 31 0.066652
21 32 0.0560155
21 33 0.045763
21 34 0.0335583
21 35 0.0227947
21 36 0.0110277
21 37 -0.000773194
21 38 -0.0112243
21 39 -0.0220736
21 40 -0.0342667
21 41 -0.0460133
21 42 -0.0579129
21 43 -0.0663929
21 44 -0.0750578
21 45 -0.0829108
21 46 -0.0899809
21 47 -0.0947751
21 48 -0.0986132
21 49 -0.100646
21 50 -0.102327
21 51 -0.101657
21 52 -0.100737
21 53 -0.0977542
21 54 -0.094027
21 55 -0.0889491
21 56 -0.0828385
21 57 -0.0741774
21 58 -0.0655191
21 59 -0.0555252
21 60 -0.0465875
21 61 -0.0351715
21 62 -0.0234779
21 63 -0.0131261
21 64 -0.00309812
21 65 0.00716955
21 66 0.017922
21 67 0.0308574
21 68 0.0410631
21 69 0.0518581
21 70 0.0609379
21 71 0.0675639
21 72 0.0719314
21 73 0.0736568
21 74 0.0760544
21 75 0.0792259
21 76 0.082629
21 77 0.0845093
21 78 0.0858276
21 79 0.0851786
21 80 0.0817855
21 81 0.0794074
21 82 0.0780043
21 83 0.0754286
21 84 0.0750752
21 85 0.073758
21 86 0.0707216
21 87 0.0650702
21 88 0.0612055
21 89 0.055754
21 90 0.0495402
21 91 0.0442761
21 92 0.0377509
21 93 0.0309695
21 94 0.0238106
21 95 0.020603
21 96 0.0174068
21 97 0.0160067
21 98 0.014751
21 99 0.0149927
21 100 0.00193797
21 101 0

22 0 0
22 1 0.00317984
22 2 0.0262339
22 3 0.0276337
22 4 0.028042
22 5 0.0293832
22 6 0.0333107
22 7 0.0372613
22 8 0.0417832
22 9 0.0472492
22 10 0.0527885
22 11 0.0569043
22 12 0.0620197
22 13 0.0684223
22 14 0.0734569
22 15 0.0777858
22 16 0.0808646
22 17 0.0838428
22 18 0.0847227
22 19 0.0865961
22 20 0.0881301
22 21 0.0887328
22 22 0.0883932
22 23 0.0875201
22 24 0.0869468
22 25 0.0852302
22 26 0.0848691
22 27 0.0820324
22 28 0.0779872
22 29 0.0738165
22 30 0.0688758
22 31 0.0610931
22 32 0.0512968
22 33 0.0401251
22 34 0.029766
22 35 0.018358
22 36 0.00670718
22 37 -0.00519268
22 38 -0.0152915
22 39 -0.0258068
22 40 -0.0372918
22 41 -0.0495273
22 42 -0.0611337
22 43 -0.0698276
22 44 -0.0777526
22 45 -0.0857684
22 46 -0.0919765
22 47 -0.0973052
22 48 -0.100666
22 49 -0.102645
22 50 -0.104099
22 51 -0.103416
22 52 -0.102779
22 53 -0.1008
22 54 -0.0969134
22 55 -0.0926186
22 56 -0.0860821
22 57 -0.0780377
22 58 -0.0695695
22 59 -0.0605535
22 60 -0.0515741
22 61 -0.0405943
22 62 -0.0286958
22 63 -0.018593
22 64 -0.00904509
22 65 0.000601051
22 66 0.0122149
22 67 0.0241762
22 68 0.0358771
22 69 0.0457485
22 70 0.0551898
22 71 0.0628717
22 72 0.0673698
22 73 0.0696551
22 74 0.0729207
22 75 0.0762676
22 76 0.080403
22 77 0.0818265
22 78 0.0832023
22 79 0.0832264
22 80 0.0827387
22 81 0.0822878
22 82 0.0820121
22 83 0.0822431
22 84 0.0816254
22 85 0.0809592
22 86 0.0774888
22 87 0.0732292
22 88 0.069158
22 89 0.065196
22 90 0.059941
22 91 0.054043
22 92 0.0482998
22 93 0.0424333
22 94 0.037474
22 95 0.0345692
22 96 0.0329578
22 97 0.0311107
22 98 0.0290064
22 99 0.0278594
22 100 0.00343526
22 101 0

23 0 0
23 1 0.00468796
23 2 0.0389628
23 3 0.0412815
23 4 0.0417313
23 5 0.0416121
23 6 0.045179
23 7 0.0483173
23 8 0.0517997
23 9 0.0554344
23 10 0.0608083
23 11 0.0653546
23 12 0.070294
23 13 0.0761364
23 14 0.079791
23 15 0.0825867
23 16 0.0849477
23 17 0.087955
23 18 0.089364
23 19 0.0905503
23 20 0.0907083
23 21 0.0891983
23 22 0.0875201
23 23 0.085719
23 24 0.0833246
23 25 0.0825071
23 26 0.0815593
23 27 0.0788279
23 28 0.0737721
23 29 0.0691367
23 30 0.0636287
23 31 0.0559516
23 32 0.0467049
23 33 0.0358491
23 34 0.0263116
23 35 0.014574
23 36 0.0022574
23 37 -0.00937517
23 38 -0.0198342
23 39 -0.0296869
23 40 -0.0407044
23 41 -0.0535749
23 42 -0.0640671
23 43 -0.0733868
23 44 -0.0808423
23 45 -0.088582
23 46 -0.0951693
23 47 -0.100196
23 48 -0.103589
23 49 -0.106212
23 50 -0.106629
23 51 -0.106926
23 52 -0.105904
23 53 -0.104262
23 54 -0.10075
23 55 -0.0959921
23 56 -0.0897461
23 57 -0.0824003
23 58 -0.0735051
23 59 -0.0659341
23 60 -0.0565948
23 61 -0.0461382
23 62 -0.0344551
23 63 -0.0237787
23 64 -0.0147767
23 65 -0.00498904
23 66 0.00722277
23 67 0.0191573
23 68 0.0313396
23 69 0.0405092
23 70 0.0494507
23 71 0.057064
23 72 0.0617028
23 73 0.06472
23 74 0.0681224
23 75 0.072638
23 76 0.0759614
23 77 0.078125
23 78 0.0798036
23 79 0.0817413
23 80 0.0837593
23 81 0.0849417
23 82 0.0859157
23 83 0.0868972
23 84 0.0862234
23 85 0.0856155
23 86 0.0834614
23 87 0.0812512
23 88 0.0771165
23 89 0.072651
23 90 0.0672664
23 91 0.0619376
23 92 0.0577758
23 93 0.0530168
23 94 0.0499975
23 95 0.0474675
23 96 0.0469625
23 97 0.0447742
23 98 0.0424674
23 99 0.0406967
23 100 0.00500956
23 101 0

24 0 0
24 1 0.006512
24 2 0.0519878
24 3 0.0515732
24 4 0.0526831
24 5 0.0553256
24 6 0.0567265
24 7 0.0580118
24 8 0.0600768
24 9 0.0645371
24 10 0.0681151
24 11 0.072451
24 12 0.077582
24 13 0.081527
24 14 0.0845206
24 15 0.0863417
24 16 0.0876775
24 17 0.087298
24 18 0.089644
24 19 0.0909993
24 20 0.0900242
24 21 0.0891629
24 22 0.0869468
24 23 0.0833246
24 24 0.0798001
24 25 0.0786534
24 26 0.0770383
24 27 0.0750799
24 28 0.071033
24 29 0.0644946
24 30 0.059153
24 31 0.0514052
24 32 0.0414629
24 33 0.0331232
24 34 0.0226667
24 35 0.011824
24 36 -0.000153531
24 37 -0.0122175
24 38 -0.0220295
24 39 -0.0318862
24 40 -0.0435195
24 41 -0.055643
24 42 -0.0665287
24 43 -0.0753271
24 44 -0.0832236
24 45 -0.0908783
24 46 -0.0977216
24 47 -0.102318
24 48 -0.106271
24 49 -0.109091
24 50 -0.10976
24 51 -0.110062
24 52 -0.109099
24 53 -0.106935
24 54 -0.103595
24 55 -0.0985653
24 56 -0.092867
24 57 -0.0856185
24 58 -0.0771826
24 59 -0.0689368
24 60 -0.0604232
24 61 -0.0497304
24 62 -0.0380439
24 63 -0.0276232
24 64 -0.017968
24 65 -0.00859298
24 66 0.0027085
24 67 0.0159409
24 68 0.0262128
24 69 0.0363907
24 70 0.0447521
24 71 0.0510948
24 72 0.0569977
24 73 0.0597432
24 74 0.0630841
24 75 0.0681824
24 76 0.0709285
24 77 0.0738196
24 78 0.0774582
24 79 0.0809605
24 80 0.0824705
24 81 0.0844172
24 82 0.0856119
24 83 0.086715
24 84 0.089264
24 85 0.0887083
24 86 0.0875149
24 87 0.0860523
24 88 0.0834207
24 89 0.0783272
24 90 0.0739281
24 91 0.0700821
24 92 0.0648358
24 93 0.0623206
24 94 0.0621046
24 95 0.0609386
24 96 0.0576239
24 97 0.0564363
24 98 0.0559977
24 99 0.0538428
24 100 0.00659958
24 101 0

25 0 0
25 1 0.00778213
25 2 0.0630891
25 3 0.063367
25 4 0.063173
25 5 0.0631272
25 6 0.0646455
25 7 0.068313
25 8 0.0695842
25 9 0.0697786
25 10 0.0733192
25 11 0.078692
25 12 0.082469
25 13 0.0860476
25 14 0.088894
25 15 0.088501
25 16 0.0877042
25 17 0.0888505
25 18 0.0894896
25 19 0.0896215
25 20 0.0892047
25 21 0.0872349
25 22 0.0852302
25 23 0.0825071
25 24 0.0786534
25 25 0.0746743
25 26 0.0731943
25 27 0.0703703
25 28 0.0660164
25 29 0.0606202
25 30 0.0537748
25 31 0.0463451
25 32 0.0376103
25 33 0.0280385
25 34 0.0181759
25 35 0.00733932
25 36 -0.00408923
25 37 -0.01464
25 38 -0.0238404
25 39 -0.0335205
25 40 -0.0450117
25 41 -0.0569
25 42 -0.0683313
25 43 -0.0770629
25 44 -0.0860501
25 45 -0.0944052
25 46 -0.100646
25 47 -0.105481
25 48 -0.109159
25 49 -0.111539
25 50 -0.113462
25 51 -0.112938
25 52 -0.112637
