0 0 0
0 1 0
0 2 0
0 3 0
0 4 0
0 5 0
0 6 0
0 7 0
0 8 0
0 9 0
0 10 0
0 11 0
0 12 0
0 13 0
0 14 0
0 15 0
0 16 0
0 17 0
0 18 0
0 19 0
0 20 0
0 21 0
0 22 0
0 23 0
0 24 0
0 25 0
0 26 0
0 27 0
0 28 0
0 29 0
0 30 0
0 31 0
0 32 0
0 33 0
0 34 0
0 35 0
0 36 0
0 37 0
0 38 0
0 39 0
0 40 0
0 41 0
0 42 0
0 43 0
0 44 0
0 45 0
0 46 0
0 47 0
0 48 0
0 49 0
0 50 0
0 51 0
0 52 0
0 53 0
0 54 0
0 55 0
0 56 0
0 57 0
0 58 0
0 59 0
0 60 0
0 61 0
0 62 0
0 63 0
0 64 0
0 65 0
0 66 0
0 67 0
0 68 0
0 69 0
0 70 0
0 71 0
0 72 0
0 73 0
0 74 0
0 75 0
0 76 0
0 77 0
0 78 0
0 79 0
0 80 0
0 81 0
0 82 0
0 83 0
0 84 0
0 85 0
0 86 0
0 87 0
0 88 0
0 89 0
0 90 0
0 91 0
0 92 0
0 93 0
0 94 0
0 95 0
0 96 0
0 97 0
0 98 0
0 99 0
0 100 0
0 101 0

1 0 0
1 1 0
1 2 0.0268222
1 3 0.0264848
1 4 0.025914
1 5 0.0251167
1 6 0.0241196
1 7 0.02293
1 8 0.0215728
1 9 0.0200611
1 10 0.0184191
1 11 0.0166564
1 12 0.0147951
1 13 0.0128776
1 14 0.0109216
1 15 0.0089584
1 16 0.00703494
1 17 0.00516094
1 18 0.00336647
1 19 0.00163998
1 20 3.85536e-05
1 21 -0.00143356
1 22 -0.0027256
1 23 -0.00384677
1 24 -0.00478456
1 25 -0.00554175
1 26 -0.00608096
1 27 -0.00641851
1 28 -0.00653976
1 29 -0.00644802
1 30 -0.00617494
1 31 -0.00572345
1 32 -0.00508286
1 33 -0.00427948
1 34 -0.0033464
1 35 -0.00229838
1 36 -0.00116702
1 37 3.37332e-05
1 38 0.00128919
1 39 0.00256166
1 40 0.00381324
1 41 0.00505809
1 42 0.00626551
1 43 0.00739141
1 44 0.00842954
1 45 0.00934586
1 46 0.0101477
1 47 0.0107879
1 48 0.0112609
1 49 0.0115591
1 50 0.0116771
1 51 0.0116304
1 52 0.0113952
1 53 0.0109907
1 54 0.0104117
1 55 0.00966932
1 56 0.00878895
1 57 0.00776743
1 58 0.00664749
1 59 0.00543246
1 60 0.00415543
1 61 0.00283836
1 62 0.00149222
1 63 0.000157992
1 64 -0.00114589
1 65 -0.00238856
1 66 -0.00355025
1 67 -0.0046256
1 68 -0.00558479
1 69 -0.00637931
1 70 -0.00701724
1 71 -0.00748127
1 72 -0.00774609
1 73 -0.0078146
1 74 -0.00768344
1 75 -0.00733336
1 76 -0.00675281
1 77 -0.00596835
1 78 -0.00497279
1 79 -0.00379524
1 80 -0.0024321
1 81 -0.000919776
1 82 0.000748564
1 83 0.00252686
1 84 0.00439956
1 85 0.00633046
1 86 0.00833551
1 87 0.0103584
1 88 0.0123611
1 89 0.0143204
1 90 0.0162347
1 91 0.0180575
1 92 0.0197429
1 93 0.0212942
1 94 0.022692
1 95 0.0239007
1 96 0.0249361
1 97 0.0257517
1 98 0.026339
1 99 0.0266834
1 100 0
1 101 0

2 0 0
2 1 0.0268222
2 2 0.215085
2 3 0.212325
2 4 0.207732
2 5 0.201385
2 6 0.193401
2 7 0.18389
2 8 0.172996
2 9 0.160852
2 10 0.147616
2 11 0.133458
2 12 0.118568
2 13 0.103187
2 14 0.087513
2 15 0.0718179
2 16 0.0563305
2 17 0.0412592
2 18 0.0267739
2 19 0.0130514
2 20 0.000241751
2 21 -0.0114819
2 22 -0.0219207
2 23 -0.0309616
2 24 -0.0385242
2 25 -0.0445088
2 26 -0.0488594
2 27 -0.0515308
2 28 -0.0525303
2 29 -0.0518745
2 30 -0.0496779
2 31 -0.0459912
2 32 -0.0408905
2 33 -0.0345254
2 34 -0.0270367
2 35 -0.0186441
2 36 -0.00951142
2 37 0.000161374
2 38 0.0101899
2 39 0.0203483
2 40 0.0304656
2 41 0.0403999
2 42 0.0499845
2 43 0.0590241
2 44 0.0673389
2 45 0.0747416
2 46 0.0810817
2 47 0.0862027
2 48 0.0899853
2 49 0.092387
2 50 0.0933664
2 51 0.0929262
2 52 0.0910587
2 53 0.0878033
2 54 0.083172
2 55 0.0772523
2 56 0.0701765
2 57 0.0620648
2 58 0.0530605
2 59 0.0433478
2 60 0.0331127
2 61 0.0225241
2 62 0.0117785
2 63 0.0010862
2 64 -0.00935073
2 65 -0.0193488
2 66 -0.0287113
2 67 -0.0373063
2 68 -0.0449076
2 69 -0.0513269
2 70 -0.0564276
2 71 -0.0601178
2 72 -0.0622754
2 73 -0.0628166
2 74 -0.0617027
2 75 -0.0588446
2 76 -0.0542426
2 77 -0.0479423
2 78 -0.0400136
2 79 -0.0305279
2 80 -0.0196248
2 81 -0.00744211
2 82 0.00587589
2 83 0.0201421
2 84 0.0351602
2 85 0.0507495
2 86 0.066743
2 87 0.0829113
2 88 0.0989915
2 89 0.114794
2 90 0.130087
2 91 0.144655
2 92 0.15826
2 93 0.170751
2 94 0.181956
2 95 0.191727
2 96 0.199941
2 97 0.206451
2 98 0.211151
2 99 0.213966
2 100 0.0266834
2 101 0

3 0 0
3 1 0.0264848
3 2 0.212325
3 3 0.209511
3 4 0.204933
3 5 0.1987
3 6 0.190802
3 7 0.181409
3 8 0.170566
3 9 0.158464
3 10 0.145214
3 11 0.131132
3 12 0.1164
3 13 0.101124
3 14 0.0855864
3 15 0.0700607
3 16 0.0546241
3 17 0.0395885
3 18 0.0251334
3 19 0.0116684
3 20 -0.000984711
3 21 -0.012491
3 22 -0.022916
3 23 -0.031934
3 24 -0.0394418
3 25 -0.0452543
3 26 -0.0495571
3 27 -0.0521347
3 28 -0.0531212
3 29 -0.0525282
3 30 -0.0502738
3 31 -0.0464749
3 32 -0.0413921
3 33 -0.0351127
3 34 -0.027638
3 35 -0.019219
3 36 -0.0100277
3 37 -0.000290624
3 38 0.00968724
3 39 0.0197781
3 40 0.0299445
3 41 0.0397882
3 42 0.0492356
3 43 0.0582549
3 44 0.0665266
3 45 0.0739558
3 46 0.0801756
3 47 0.0852411
3 48 0.0890029
3 49 0.0914028
3 50 0.0924257
3 51 0.0919218
3 52 0.0900746
3 53 0.0868122
3 54 0.0822217
3 55 0.0763834
3 56 0.0693373
3 57 0.0613385
3 58 0.052375
3 59 0.042731
3 60 0.0325181
3 61 0.0219488
3 62 0.0113045
3 63 0.000648149
3 64 -0.00975192
3 65 -0.0197524
3 66 -0.0291856
3 67 -0.0377331
3 68 -0.0452359
3 69 -0.0517148
3 70 -0.0568168
3 71 -0.0604944
3 72 -0.062733
3 73 -0.0633065
3 74 -0.0621436
3 75 -0.0592881
3 76 -0.0548173
3 77 -0.0486027
3 78 -0.040835
3 79 -0.0314299
3 80 -0.0206554
3 81 -0.0085279
3 82 0.0045898
3 83 0.0187393
3 84 0.0336394
3 85 0.0492109
3 86 0.0649935
3 87 0.080972
3 88 0.0969546
3 89 0.112731
3 90 0.127855
3 91 0.142273
3 92 0.155906
3 93 0.168399
3 94 0.179542
3 95 0.189325
3 96 0.197359
3 97 0.203773
3 98 0.208428
3 99 0.211289
3 100 0.0263557
3 101 0

4 0 0
4 1 0.025914
4 2 0.207732
4 3 0.204933
4 4 0.200477
4 5 0.194249
4 6 0.186494
4 7 0.177105
4 8 0.166412
4 9 0.154443
4 10 0.141366
4 11 0.127399
4 12 0.112778
4 13 0.0976225
4 14 0.0822584
4 15 0.0668454
4 16 0.0515834
4 17 0.0367906
4 18 0.0224693
4 19 0.00910204
4 20 -0.00332757
4 21 -0.0146158
4 22 -0.0248918
4 23 -0.0337853
4 24 -0.0411461
4 25 -0.0469082
4 26 -0.0510681
4 27 -0.0535509
4 28 -0.0544203
4 29 -0.053791
4 30 -0.0515065
4 31 -0.0476322
4 32 -0.0425181
4 33 -0.0361265
4 34 -0.0286179
4 35 -0.0202434
4 36 -0.0109705
4 37 -0.00126794
4 38 0.00871777
4 39 0.018831
4 40 0.028973
4 41 0.0387719
4 42 0.048263
4 43 0.0572106
4 44 0.0655102
4 45 0.0728816
4 46 0.0791476
4 47 0.084209
4 48 0.0879977
4 49 0.0903474
4 50 0.0914117
4 51 0.0909205
4 52 0.0891158
4 53 0.0857845
4 54 0.0813057
4 55 0.0754825
4 56 0.0684566
4 57 0.0603651
4 58 0.0514399
4 59 0.0417372
4 60 0.0315962
4 61 0.0210264
4 62 0.0104154
4 63 -0.000102603
4 64 -0.0104448
4 65 -0.0205364
4 66 -0.0300039
4 67 -0.0385128
4 68 -0.0460192
4 69 -0.052515
4 70 -0.0577513
4 71 -0.061525
4 72 -0.0637758
4 73 -0.064395
4 74 -0.0632631
4 75 -0.0604779
4 76 -0.0560914
4 77 -0.0500518
4 78 -0.0423652
4 79 -0.0332064
4 80 -0.0226067
4 81 -0.0105916
4 82 0.00234089
4 83 0.0162324
4 84 0.0309493
4 85 0.0463855
4 86 0.062008
4 87 0.0778419
4 88 0.0937161
4 89 0.1093
4 90 0.124225
4 91 0.138528
4 92 0.152071
4 93 0.164416
4 94 0.17552
4 95 0.185147
4 96 0.193103
4 97 0.199326
4 98 0.204053
4 99 0.206866
4 100 0.0258012
4 101 0

5 0 0
5 1 0.0251167
5 2 0.201385
5 3 0.1987
5 4 0.194249
5 5 0.188122
5 6 0.1804
5 7 0.171129
5 8 0.160559
5 9 0.148782
5 10 0.135919
5 11 0.122118
5 12 0.107681
5 13 0.0927303
5 14 0.0776179
5 15 0.0623913
5 16 0.0473113
5 17 0.0326988
5 18 0.0186945
5 19 0.00548241
5 20 -0.00680392
5 21 -0.0178925
5 22 -0.0278477
5 23 -0.0365296
5 24 -0.0437809
5 25 -0.0494157
5 26 -0.0534366
5 27 -0.0557972
5 28 -0.0564766
5 29 -0.0556202
5 30 -0.0532049
5 31 -0.0492958
5 32 -0.0440899
5 33 -0.0375954
5 34 -0.0300555
5 35 -0.0216464
5 36 -0.0124114
5 37 -0.00266287
5 38 0.00731513
5 39 0.0174417
5 40 0.0276673
5 41 0.0375074
5 42 0.0469463
5 43 0.0559129
5 44 0.0641241
5 45 0.071547
5 46 0.0777302
5 47 0.0828275
5 48 0.0866282
5 49 0.088985
5 50 0.0900261
5 51 0.0895425
5 52 0.0877429
5 53 0.0845337
5 54 0.08007
5 55 0.0743281
5 56 0.067262
5 57 0.0591984
5 58 0.0502161
5 59 0.0406474
5 60 0.0304689
5 61 0.0199326
5 62 0.00937188
5 63 -0.00123383
5 64 -0.0116106
5 65 -0.0216505
5 66 -0.031153
5 67 -0.0396969
5 68 -0.0472004
5 69 -0.053729
5 70 -0.0590411
5 71 -0.0628992
5 72 -0.0652638
5 73 -0.0660141
5 74 -0.0650426
5 75 -0.0624359
5 76 -0.0582097
5 77 -0.0523344
5 78 -0.0448346
5 79 -0.035845
5 80 -0.0254737
5 81 -0.0137075
5 82 -0.000925223
5 83 0.0127233
5 84 0.027146
5 85 0.0423362
5 86 0.0577967
5 87 0.0734188
5 88 0.0891233
5 89 0.104435
5 90 0.119268
5 91 0.133394
5 92 0.14668
5 93 0.158795
5 94 0.169736
5 95 0.179271
5 96 0.187133
5 97 0.193417
5 98 0.198023
5 99 0.200744
5 100 0.0250358
5 101 0

6 0 0
6 1 0.0241196
6 2 0.193401
6 3 0.190802
6 4 0.186494
6 5 0.1804
6 6 0.172783
6 7 0.163615
6 8 0.153202
6 9 0.1416
6 10 0.128936
6 11 0.115347
6 12 0.101073
6 13 0.0864767
6 14 0.0716375
6 15 0.0566551
6 16 0.0418681
6 17 0.0274778
6 18 0.013798
6 19 0.000730745
6 20 -0.0113247
6 21 -0.0221104
6 22 -0.0317612
6 23 -0.0401609
6 24 -0.0471706
6 25 -0.0525798
6 26 -0.0563594
6 27 -0.0586294
6 28 -0.0591441
6 29 -0.0581278
6 30 -0.0555268
6 31 -0.0514932
6 32 -0.0461944
6 33 -0.0394284
6 34 -0.0318875
6 35 -0.02338
6 36 -0.0141037
6 37 -0.0044055
6 38 0.00558311
6 39 0.0157012
6 40 0.0259577
6 41 0.0359676
6 42 0.0454363
6 43 0.0543764
6 44 0.06255
6 45 0.0699126
6 46 0.0760854
6 47 0.0811617
6 48 0.0850249
6 49 0.0874064
6 50 0.088356
6 51 0.087855
6 52 0.0862221
6 53 0.0830642
6 54 0.07858
6 55 0.0728226
6 56 0.0658243
6 57 0.0578368
6 58 0.0488846
6 59 0.0393023
6 60 0.0291322
6 61 0.0186417
6 62 0.00804828
6 63 -0.00263115
6 64 -0.01303
6 65 -0.023095
6 66 -0.0324864
6 67 -0.0409649
6 68 -0.0487148
6 69 -0.0552564
6 70 -0.0607736
6 71 -0.0647856
6 72 -0.067257
6 73 -0.0681457
6 74 -0.0672867
6 75 -0.0649365
6 76 -0.060954
6 77 -0.0552972
6 78 -0.0479337
6 79 -0.0392329
6 80 -0.0292232
6 81 -0.0178801
6 82 -0.0053813
6 83 0.00807827
6 84 0.0223217
6 85 0.0372792
6 86 0.0524479
6 87 0.0677516
6 88 0.083107
6 89 0.0981648
6 90 0.112887
6 91 0.126786
6 92 0.139849
6 93 0.151771
6 94 0.162535
6 95 0.171926
6 96 0.179748
6 97 0.185941
6 98 0.190407
6 99 0.193033
6 100 0.0240717
6 101 0

7 0 0
7 1 0.02293
7 2 0.18389
7 3 0.181409
7 4 0.177105
7 5 0.171129
7 6 0.163615
7 7 0.154564
7 8 0.144337
7 9 0.133037
7 10 0.120594
7 11 0.107194
7 12 0.0932368
7 13 0.0789309
7 14 0.0644884
7 15 0.0498855
7 16 0.0353327
7 17 0.0212097
7 18 0.00784467
7 19 -0.00489466
7 20 -0.0165393
7 21 -0.0270221
7 22 -0.0364584
7 23 -0.0446482
7 24 -0.0513245
7 25 -0.0564143
7 26 -0.0599276
7 27 -0.0619908
7 28 -0.0624228
7 29 -0.0611216
7 30 -0.0583389
7 31 -0.0541637
7 32 -0.0486024
7 33 -0.0418075
7 34 -0.034051
7 35 -0.0255214
7 36 -0.0162469
7 37 -0.00653207
7 38 0.00357761
7 39 0.0138664
7 40 0.0241316
7 41 0.0340944
7 42 0.0435981
7 43 0.0525652
7 44 0.0606955
7 45 0.068027
7 46 0.0742349
7 47 0.0793124
7 48 0.0831258
7 49 0.0854932
7 50 0.0865421
7 51 0.0862149
7 52 0.0844604
7 53 0.0812813
7 54 0.0768159
7 55 0.0710879
7 56 0.0641426
7 57 0.0561128
7 58 0.0472079
7 59 0.0377828
7 60 0.027685
7 61 0.0170899
7 62 0.00649243
7 63 -0.00407246
7 64 -0.0145865
7 65 -0.0246272
7 66 -0.0339643
7 67 -0.0427112
7 68 -0.0505389
7 69 -0.0572472
7 70 -0.062719
7 71 -0.0669213
7 72 -0.0696689
7 73 -0.0706752
7 74 -0.0701379
7 75 -0.0680414
7 76 -0.0643063
7 77 -0.0589043
7 78 -0.0518049
7 79 -0.0433713
7 80 -0.0336954
7 81 -0.0226864
7 82 -0.0105148
7 83 0.00255812
7 84 0.0165521
7 85 0.0310968
7 86 0.0460007
7 87 0.0609466
7 88 0.0759847
7 89 0.0908663
7 90 0.10526
7 91 0.118913
7 92 0.131581
7 93 0.143291
7 94 0.153954
7 95 0.163122
7 96 0.170839
7 97 0.17692
7 98 0.181245
7 99 0.183849
7 100 0.0229328
7 101 0

8 0 0
8 1 0.0215728
8 2 0.172996
8 3 0.170566
8 4 0.166412
8 5 0.160559
8 6 0.153202
8 7 0.144337
8 8 0.134223
8 9 0.12316
8 10 0.111033
8 11 0.0980698
8 12 0.0844479
8 13 0.0703844
8 14 0.0561168
8 15 0.0417787
8 16 0.0276478
8 17 0.0138949
8 18 0.000920107
8 19 -0.0113657
8 20 -0.022636
8 21 -0.0327814
8 22 -0.0418695
8 23 -0.0497585
8 24 -0.056121
8 25 -0.0609515
8 26 -0.064173
8 27 -0.0658963
8 28 -0.0660553
8 29 -0.0645941
8 30 -0.0616019
8 31 -0.0572674
8 32 -0.0514835
8 33 -0.0444817
8 34 -0.0366599
8 35 -0.0280026
8 36 -0.0186509
8 37 -0.00879908
8 38 0.00139995
8 39 0.0117482
8 40 0.0220203
8 41 0.0320103
8 42 0.0415413
8 43 0.0504895
8 44 0.0588046
8 45 0.0660844
8 46 0.072259
8 47 0.0772356
8 48 0.0810468
8 49 0.0835219
8 50 0.0846149
8 51 0.0842951
8 52 0.0826307
8 53 0.0794309
8 54 0.0749207
8 55 0.0692641
8 56 0.0624866
8 57 0.0544493
8 58 0.0455413
8 59 0.0360041
8 60 0.0259566
8 61 0.015442
8 62 0.00487254
8 63 -0.00572206
8 64 -0.0162891
8 65 -0.0263799
8 66 -0.0358421
8 67 -0.0446811
8 68 -0.0527058
8 69 -0.0595076
8 70 -0.0651686
8 71 -0.0695421
8 72 -0.0724416
8 73 -0.0737101
8 74 -0.0733423
8 75 -0.0715537
8 76 -0.0680868
8 77 -0.0629871
8 78 -0.0562432
8 79 -0.0482573
8 80 -0.0389042
8 81 -0.0282784
8 82 -0.0165775
8 83 -0.00380348
8 84 0.00975282
8 85 0.0238644
8 86 0.038463
8 87 0.0531558
8 88 0.0679183
8 89 0.0825056
8 90 0.0965463
8 91 0.109747
8 92 0.122195
8 93 0.13386
8 94 0.144203
8 95 0.153079
8 96 0.160622
8 97 0.166647
8 98 0.170852
8 99 0.173315
8 100 0.0216121
8 101 0

9 0 0
9 1 0.0200611
9 2 0.160852
9 3 0.158464
9 4 0.154443
9 5 0.148782
9 6 0.1416
9 7 0.133037
9 8 0.12316
9 9 0.11229
9 10 0.100359
9 11 0.0877599
9 12 0.0744891
9 13 0.0607501
9 14 0.046833
9 15 0.0328886
9 16 0.0191481
9 17 0.00586982
9 18 -0.00672924
9 19 -0.0185799
9 20 -0.0295971
9 21 -0.03935
9 22 -0.0480697
9 23 -0.0554406
9 24 -0.0614503
9 25 -0.0659482
9 26 -0.0689082
9 27 -0.0702767
9 28 -0.0700882
9 29 -0.0682875
9 30 -0.0650891
9 31 -0.0605842
9 32 -0.054601
9 33 -0.0475294
9 34 -0.0395187
9 35 -0.0306664
9 36 -0.0211562
9 37 -0.0113235
9 38 -0.000990774
9 39 0.00939876
9 40 0.0197185
9 41 0.0297951
9 42 0.0393697
9 43 0.0483269
9 44 0.0566331
9 45 0.0640214
9 46 0.070197
9 47 0.0752265
9 48 0.0790566
9 49 0.0815454
9 50 0.0825922
9 51 0.0824025
9 52 0.0807052
9 53 0.0776206
9 54 0.0730864
9 55 0.0674001
9 56 0.0605842
9 57 0.0526183
9 58 0.0437821
9 59 0.0343248
9 60 0.0242258
9 61 0.0136759
9 62 0.00310275
9 63 -0.00757782
9 64 -0.0181069
9 65 -0.0282931
9 66 -0.0378156
9 67 -0.0468762
9 68 -0.0550112
9 69 -0.0620225
9 70 -0.0677138
9 71 -0.0722419
9 72 -0.0754367
9 73 -0.0769858
9 74 -0.0770428
9 75 -0.0754897
9 76 -0.0723007
9 77 -0.0675294
9 78 -0.0613999
9 79 -0.0537906
9 80 -0.0448231
9 81 -0.0344874
9 82 -0.0231913
9 83 -0.0108438
9 84 0.00230617
9 85 0.0159959
9 86 0.0301381
9 87 0.0444353
9 88 0.0588183
9 89 0.0730818
9 90 0.0867687
9 91 0.0997639
9 92 0.111841
9 93 0.123185
9 94 0.133272
9 95 0.141992
9 96 0.149341
9 97 0.155181
9 98 0.159273
9 99 0.161575
9 100 0.0201397
9 101 0

10 0 0
10 1 0.0184191
10 2 0.147616
10 3 0.145214
10 4 0.141366
10 5 0.135919
10 6 0.128936
10 7 0.120594
10 8 0.111033
10 9 0.100359
10 10 0.0887838
10 11 0.0764967
10 12 0.0635197
10 13 0.050172
10 14 0.0367036
10 15 0.0232662
10 16 0.00999896
10 17 -0.00284841
10 18 -0.0150471
10 19 -0.0264908
10 20 -0.0370762
10 21 -0.0465312
10 22 -0.0547746
10 23 -0.0616395
10 24 -0.0671531
10 25 -0.0712803
10 26 -0.0739336
10 27 -0.074994
10 28 -0.0744913
10 29 -0.0724033
10 30 -0.0689108
10 31 -0.0641286
10 32 -0.0580055
10 33 -0.0507169
10 34 -0.0425399
10 35 -0.0335221
10 36 -0.0238512
10 37 -0.0139118
10 38 -0.00359097
10 39 0.0068705
10 40 0.0173072
10 41 0.0274678
10 42 0.0371359
10 43 0.0461357
10 44 0.0544735
10 45 0.0618338
10 46 0.0680947
10 47 0.0732357
10 48 0.0770696
10 49 0.079533
10 50 0.0806781
10 51 0.080418
10 52 0.0787865
10 53 0.0756647
10 54 0.0712042
10 55 0.0655307
10 56 0.0586902
10 57 0.0507637
10 58 0.042057
10 59 0.0325842
10 60 0.0224728
10 61 0.0118645
10 62 0.00117899
10 63 -0.00945124
10 64 -0.0200298
10 65 -0.0303303
10 66 -0.039949
10 67 -0.0490876
10 68 -0.0574187
10 69 -0.0645299
10 70 -0.0705264
10 71 -0.0752926
10 72 -0.0786618
10 73 -0.0805283
10 74 -0.0809264
10 75 -0.0797285
10 76 -0.0768579
10 77 -0.0725556
10 78 -0.0668527
10 79 -0.059711
10 80 -0.0511542
10 81 -0.0412795
10 82 -0.0304702
10 83 -0.0185464
10 84 -0.00577573
10 85 0.00747354
10 86 0.0211443
10 87 0.0350024
10 88 0.0489003
10 89 0.0627366
10 90 0.0760651
10 91 0.0887144
10 92 0.100533
10 93 0.11146
10 94 0.121233
10 95 0.129736
10 96 0.136919
10 97 0.142538
10 98 0.146531
10 99 0.148822
10 100 0.0185576
10 101 0

11 0 0
11 1 0.0166564
11 2 0.133458
11 3 0.131132
11 4 0.127399
11 5 0.122118
11 6 0.115347
11 7 0.107194
11 8 0.0980698
11 9 0.0877599
11 10 0.0764967
11 11 0.0644581
11 12 0.0518519
11 13 0.0388675
11 14 0.0259137
11 15 0.0129318
11 16 0.000162072
11 17 -0.012243
11 18 -0.0239684
11 19 -0.034858
11 20 -0.0449211
11 21 -0.0539684
11 22 -0.0616979
11 23 -0.0681654
11 24 -0.0733198
11 25 -0.0770862
11 26 -0.0792385
11 27 -0.0799197
11 28 -0.0790487
11 29 -0.0767058
11 30 -0.0728432
11 31 -0.0678096
11 32 -0.0613851
11 33 -0.0539246
11 34 -0.0456235
11 35 -0.0364397
11 36 -0.0267534
11 37 -0.016581
11 38 -0.0061616
11 39 0.00434406
11 40 0.0149479
11 41 0.0251753
11 42 0.0348827
11 43 0.0439305
11 44 0.0522639
11 45 0.0596403
11 46 0.0659387
11 47 0.0710428
11 48 0.0749828
11 49 0.077495
11 50 0.0786367
11 51 0.0783808
11 52 0.0767534
11 53 0.0736377
11 54 0.0692513
11 55 0.0635968
11 56 0.0568648
11 57 0.0490035
11 58 0.0402617
11 59 0.0308385
11 60 0.0207281
11 61 0.010091
11 62 -0.000590879
11 63 -0.0113863
11 64 -0.0219858
11 65 -0.0322762
11 66 -0.0421535
11 67 -0.0513503
11 68 -0.0597898
11 69 -0.0671094
11 70 -0.0732926
11 71 -0.0783392
11 72 -0.0819612
11 73 -0.0841958
11 74 -0.08494
11 75 -0.0841891
11 76 -0.0817126
11 77 -0.0778568
11 78 -0.0725416
11 79 -0.0657709
11 80 -0.0577221
11 81 -0.0484432
11 82 -0.0381113
11 83 -0.0267784
11 84 -0.0145564
11 85 -0.00175665
11 86 0.0114828
11 87 0.0248673
11 88 0.0383744
11 89 0.0516767
11 90 0.0646347
11 91 0.0768815
11 92 0.0884242
11 93 0.0989474
11 94 0.108465
11 95 0.116647
11 96 0.123577
11 97 0.129009
11 98 0.13295
11 99 0.135198
11 100 0.0168646
11 101 0

12 0 0
12 1 0.0147951
12 2 0.118568
12 3 0.1164
12 4 0.112778
12 5 0.107681
12 6 0.101073
12 7 0.0932368
12 8 0.0844479
12 9 0.0744891
12 10 0.0635197
12 11 0.0518519
12 12 0.0397001
12 13 0.0271871
12 14 0.0146375
12 15 0.00216703
12 16 -0.0100822
12 17 -0.0219259
12 18 -0.0331029
12 19 -0.0434699
12 20 -0.0531816
12 21 -0.0616353
12 22 -0.0688785
12 23 -0.0749611
12 24 -0.0797614
12 25 -0.0830125
12 26 -0.0846968
12 27 -0.0849116
12 28 -0.0837142
12 29 -0.0810121
12 30 -0.0768833
12 31 -0.0715878
12 32 -0.0649221
12 33 -0.0572592
12 34 -0.0487975
12 35 -0.039584
12 36 -0.0297273
12 37 -0.0192631
12 38 -0.00873514
12 39 0.00189133
12 40 0.0125101
12 41 0.0228497
12 42 0.0326265
12 43 0.0417575
12 44 0.0501403
12 45 0.0575223
12 46 0.0638196
12 47 0.0689207
12 48 0.0728616
12 49 0.0754129
12 50 0.0765319
12 51 0.0763019
12 52 0.0746942
12 53 0.0716977
12 54 0.0673293
12 55 0.0618109
12 56 0.0551185
12 57 0.0472681
12 58 0.0386072
12 59 0.0291435
12 60 0.0189684
12 61 0.00841834
12 62 -0.00234225
12 63 -0.0132152
12 64 -0.0239749
12 65 -0.0344168
12 66 -0.0443633
12 67 -0.0536757
12 68 -0.062209
12 69 -0.0697273
12 70 -0.0762206
12 71 -0.0814507
12 72 -0.0853231
12 73 -0.087892
12 74 -0.0889747
12 75 -0.0886379
12 76 -0.0867443
12 77 -0.0833236
12 78 -0.0784886
12 79 -0.0721485
12 80 -0.0645688
12 81 -0.0557314
12 82 -0.0459369
12 83 -0.0351719
12 84 -0.0235919
12 85 -0.0113
12 86 0.00141405
12 87 0.0142951
12 88 0.0272723
12 89 0.0401563
12 90 0.0526177
12 91 0.0644448
12 92 0.075652
12 93 0.0859429
12 94 0.0950954
12 95 0.102973
12 96 0.109565
12 97 0.114835
12 98 0.118691
12 99 0.12084
12 100 0.0150758
12 101 0

13 0 0
13 1 0.0128776
13 2 0.103187
13 3 0.101124
13 4 0.0976225
13 5 0.0927303
13 6 0.0864767
13 7 0.0789309
13 8 0.0703844
13 9 0.0607501
13 10 0.050172
13 11 0.0388675
13 12 0.0271871
13 13 0.0151319
13 14 0.00310558
13 15 -0.00890566
13 16 -0.0206639
13 17 -0.031937
13 18 -0.0425696
13 19 -0.0525024
13 20 -0.0615342
13 21 -0.0696223
13 22 -0.0763509
13 23 -0.082012
13 24 -0.0862464
13 25 -0.0890351
13 26 -0.0902477
13 27 -0.0900958
13 28 -0.088469
13 29 -0.085469
13 30 -0.081084
13 31 -0.075437
13 32 -0.0685915
13 33 -0.0606932
13 34 -0.0519809
13 35 -0.0425579
13 36 -0.0325536
13 37 -0.0219314
13 38 -0.0112809
13 39 -0.000490524
13 40 0.0101769
13 41 0.0205087
13 42 0.0304733
13 43 0.0396617
13 44 0.0480951
13 45 0.0554841
13 46 0.0617862
13 47 0.066952
13 48 0.0709429
13 49 0.073513
13 50 0.0747439
13 51 0.0745572
13 52 0.072953
13 53 0.0699486
13 54 0.065695
13 55 0.0601672
13 56 0.0534491
13 57 0.0455885
13 58 0.0369958
13 59 0.0275128
13 60 0.0173845
13 61 0.00682872
13 62 -0.0040239
13 63 -0.0149567
13 64 -0.025937
13 65 -0.0364589
13 66 -0.0464497
13 67 -0.055895
13 68 -0.0646942
13 69 -0.0724589
13 70 -0.0791455
13 71 -0.0846094
13 72 -0.0888509
13 73 -0.0917198
13 74 -0.0931214
13 75 -0.093236
13 76 -0.0918274
13 77 -0.088864
13 78 -0.0844193
13 79 -0.078712
13 80 -0.0715712
13 81 -0.0633193
13 82 -0.0540136
13 83 -0.0439283
13 84 -0.0328723
13 85 -0.0211178
13 86 -0.0089248
13 87 0.00337359
13 88 0.015877
13 89 0.0282092
13 90 0.0402276
13 91 0.0516924
13 92 0.0625623
13 93 0.0724296
13 94 0.0812854
13 95 0.0888595
13 96 0.0951768
13 97 0.100271
13 98 0.104016
13 99 0.105934
13 100 0.013206
13 101 0

14 0 0
14 1 0.0109216
14 2 0.087513
14 3 0.0855864
14 4 0.0822584
14 5 0.0776179
14 6 0.0716375
14 7 0.0644884
14 8 0.0561168
14 9 0.046833
14 10 0.0367036
14 11 0.0259137
14 12 0.0146375
14 13 0.00310558
14 14 -0.00840153
14 15 -0.0198938
14 16 -0.031118
14 17 -0.0418707
14 18 -0.0520617
14 19 -0.0614744
14 20 -0.0699355
14 21 -0.0773782
14 22 -0.0836468
14 23 -0.0887367
14 24 -0.0925657
14 25 -0.094868
14 26 -0.0957113
14 27 -0.0951687
14 28 -0.0931365
14 29 -0.0897851
14 30 -0.0850691
14 31 -0.0790896
14 32 -0.0720398
14 33 -0.0639314
14 34 -0.0550004
14 35 -0.0454402
14 36 -0.0352235
14 37 -0.0244835
14 38 -0.0137953
14 39 -0.00287025
14 40 0.00789585
14 41 0.0183877
14 42 0.028369
14 43 0.0376867
14 44 0.0461192
14 45 0.0535099
14 46 0.0597762
14 47 0.0649765
14 48 0.0690003
14 49 0.0717182
14 50 0.0729078
14 51 0.0727968
14 52 0.0712021
14 53 0.0682978
14 54 0.0639832
14 55 0.0585362
14 56 0.051805
14 57 0.0440757
14 58 0.0354297
14 59 0.0259911
14 60 0.0158686
14 61 0.00529057
14 62 -0.00562973
14 63 -0.0166362
14 64 -0.0276389
14 65 -0.0382676
14 66 -0.0483552
14 67 -0.0580184
14 68 -0.0669967
14 69 -0.0749162
14 70 -0.081835
14 71 -0.0875703
14 72 -0.0921492
14 73 -0.0954369
14 74 -0.0972444
14 75 -0.0976985
14 76 -0.0967586
14 77 -0.0941639
14 78 -0.0902453
14 79 -0.0850117
14 80 -0.0785022
14 81 -0.0708231
14 82 -0.0620903
14 83 -0.0524626
14 84 -0.0419658
14 85 -0.0307942
14 86 -0.019241
14 87 -0.00750851
14 88 0.00448299
14 89 0.0162871
14 90 0.0278017
14 91 0.0389275
14 92 0.0493195
14 93 0.0588153
14 94 0.0672245
14 95 0.0744803
14 96 0.0806075
14 97 0.0855444
14 98 0.0889894
14 99 0.0907079
14 100 0.0113008
14 101 0

15 0 0
15 1 0.0089584
15 2 0.0718179
15 3 0.0700607
15 4 0.0668454
15 5 0.0623913
15 6 0.0566551
15 7 0.0498855
15 8 0.0417787
15 9 0.0328886
15 10 0.0232662
15 11 0.0129318
15 12 0.00216703
15 13 -0.00890566
15 14 -0.0198938
15 15 -0.0307998
15 16 -0.0414252
15 17 -0.0516408
15 18 -0.0613132
15 19 -0.0702962
15 20 -0.0782063
15 21 -0.0850934
15 22 -0.0908521
15 23 -0.0953837
15 24 -0.0986685
15 25 -0.10045
15 26 -0.1009
15 27 -0.100037
15 28 -0.0975315
15 29 -0.0937684
15 30 -0.0887474
15 31 -0.0824485
15 32 -0.0752403
15 33 -0.0670488
15 34 -0.0578298
15 35 -0.0480383
15 36 -0.0376573
15 37 -0.0267701
15 38 -0.0159753
15 39 -0.00501498
15 40 0.00578752
15 41 0.0163511
15 42 0.0264669
15 43 0.0357488
15 44 0.0441881
15 45 0.0515464
15 46 0.0578794
15 47 0.0630125
15 48 0.0670646
15 49 0.0698454
15 50 0.0710025
15 51 0.070979
15 52 0.0694158
15 53 0.066604
15 54 0.0623162
15 55 0.0568662
15 56 0.0503056
15 57 0.0425623
15 58 0.0340445
15 59 0.0245799
15 60 0.0144766
15 61 0.00395497
15 62 -0.00697222
15 63 -0.0179788
15 64 -0.0290195
15 65 -0.03976
15 66 -0.0501035
15 67 -0.0599417
15 68 -0.0689403
15 69 -0.077099
15 70 -0.0842784
15 71 -0.0902372
15 72 -0.095194
15 73 -0.0988634
15 74 -0.101041
15 75 -0.101853
15 76 -0.101261
15 77 -0.0991864
15 78 -0.0959019
15 79 -0.0912757
15 80 -0.0852626
15 81 -0.078161
15 82 -0.0699832
15 83 -0.0609205
15 84 -0.0509544
15 85 -0.0404308
15 86 -0.0295146
15 87 -0.0183323
15 88 -0.0068715
15 89 0.00442446
15 90 0.0154596
15 91 0.0260509
15 92 0.0359335
15 93 0.0449959
15 94 0.0530479
15 95 0.0601175
15 96 0.0659229
15 97 0.0705621
15 98 0.0737525
15 99 0.0754396
15 100 0.00940776
15 101 0

16 0 0
16 1 0.00703494
16 2 0.0563305
16 3 0.0546241
16 4 0.0515834
16 5 0.0473113
16 6 0.0418681
16 7 0.0353327
16 8 0.0276478
16 9 0.0191481
16 10 0.00999896
16 11 0.000162072
16 12 -0.0100822
16 13 -0.0206639
16 14 -0.031118
16 15 -0.0414252
16 16 -0.051543
16 17 -0.0611544
16 18 -0.0702997
16 19 -0.0786914
16 20 -0.0860963
16 21 -0.0925146
16 22 -0.0977638
16 23 -0.101776
16 24 -0.104432
16 25 -0.105759
16 26 -0.105877
16 27 -0.104569
16 28 -0.101689
16 29 -0.0975707
16 30 -0.0921978
16 31 -0.0855853
16 32 -0.0781049
16 33 -0.0697634
16 34 -0.0604024
16 35 -0.0504007
16 36 -0.0398815
16 37 -0.029012
16 38 -0.0180482
16 39 -0.00700205
16 40 0.0039957
16 41 0.0145774
16 42 0.0247641
16 43 0.0341003
16 44 0.0424774
16 45 0.0499489
16 46 0.0562548
16 47 0.0614068
16 48 0.0654583
16 49 0.0681794
16 50 0.0695279
16 51 0.0694411
16 52 0.0679284
16 53 0.0649936
16 54 0.0608839
16 55 0.0555211
16 56 0.0490524
16 57 0.0414334
16 58 0.0327748
16 59 0.0234559
16 60 0.0134415
16 61 0.00274694
16 62 -0.00815968
16 63 -0.0191813
16 64 -0.0301961
16 65 -0.0410664
16 66 -0.0515171
16 67 -0.0614584
16 68 -0.0706204
16 69 -0.0789532
16 70 -0.086383
16 71 -0.0927783
16 72 -0.0980449
16 73 -0.102044
16 74 -0.104489
16 75 -0.105652
16 76 -0.105547
16 77 -0.104011
16 78 -0.101349
16 79 -0.0972133
16 80 -0.0916999
16 81 -0.085135
16 82 -0.0774681
16 83 -0.0690298
16 84 -0.0597405
16 85 -0.0498075
16 86 -0.0395413
16 87 -0.0288556
16 88 -0.017969
16 89 -0.00728819
16 90 0.00320874
16 91 0.0132888
16 92 0.0227144
16 93 0.0313306
16 94 0.0390671
16 95 0.0457523
16 96 0.0513219
16 97 0.0557352
16 98 0.058767
16 99 0.0603466
16 100 0.00752456
16 101 0

17 0 0
17 1 0.00516094
17 2 0.0412592
17 3 0.0395885
17 4 0.0367906
17 5 0.0326988
17 6 0.0274778
17 7 0.0212097
17 8 0.0138949
17 9 0.00586982
17 10 -0.00284841
17 11 -0.012243
17 12 -0.0219259
17 13 -0.031937
17 14 -0.0418707
17 15 -0.0516408
17 16 -0.0611544
17 17 -0.0701225
17 18 -0.0786539
17 19 -0.086555
17 20 -0.0934323
17 21 -0.0994078
17 22 -0.104164
17 23 -0.107687
17 24 -0.109795
17 25 -0.110816
17 26 -0.110406
17 27 -0.108588
17 28 -0.105387
17 29 -0.101041
17 30 -0.0953929
17 31 -0.0885724
17 32 -0.0807623
17 33 -0.0721147
17 34 -0.0625675
17 35 -0.0523786
17 36 -0.04188
17 37 -0.0308704
17 38 -0.0197946
17 39 -0.00857786
17 40 0.00249803
17 41 0.0130914
17 42 0.0231871
17 43 0.0325329
17 44 0.0409961
17 45 0.0485397
17 46 0.0548808
17 47 0.060097
17 48 0.0641828
17 49 0.0668761
17 50 0.0683124
17 51 0.0682107
17 52 0.0667439
17 53 0.0638822
17 54 0.059725
17 55 0.0543618
17 56 0.0479549
17 57 0.0404255
17 58 0.0317991
17 59 0.022538
17 60 0.0126006
17 61 0.00188228
17 62 -0.00906995
17 63 -0.0200498
17 64 -0.0311279
17 65 -0.0420198
17 66 -0.0526332
17 67 -0.0626238
17 68 -0.0720309
17 69 -0.0805632
17 70 -0.0883169
17 71 -0.0949866
17 72 -0.100413
17 73 -0.104704
17 74 -0.107539
17 75 -0.10921
17 76 -0.109544
17 77 -0.108548
17 78 -0.106229
17 79 -0.102614
17 80 -0.0976367
17 81 -0.0916613
17 82 -0.0845172
17 83 -0.076641
17 84 -0.067977
17 85 -0.0586393
17 86 -0.048907
17 87 -0.0388001
17 88 -0.0286417
17 89 -0.0186191
17 90 -0.00865379
17 91 0.000877741
17 92 0.00989939
17 93 0.0181547
17 94 0.0254886
17 95 0.0317115
17 96 0.0369563
17 97 0.0411755
17 98 0.0441235
17 99 0.0456037
17 100 0.00568619
17 101 0

18 0 0
18 1 0.00336647
18 2 0.0267739
18 3 0.0251334
18 4 0.0224693
18 5 0.0186945
18 6 0.013798
18 7 0.00784467
18 8 0.000920107
18 9 -0.00672924
18 10 -0.0150471
18 11 -0.0239684
18 12 -0.0331029
18 13 -0.0425696
18 14 -0.0520617
18 15 -0.0613132
18 16 -0.0702997
18 17 -0.0786539
18 18 -0.0866452
18 19 -0.0939766
18 20 -0.100375
18 21 -0.10573
18 22 -0.10996
18 23 -0.11297
18 24 -0.114686
18 25 -0.115141
18 26 -0.114352
18 27 -0.112077
18 28 -0.108569
18 29 -0.103876
18 30 -0.0978245
18 31 -0.0907494
18 32 -0.0827866
18 33 -0.0739486
18 34 -0.0642715
18 35 -0.0540316
18 36 -0.0433842
18 37 -0.0323119
18 38 -0.021109
18 39 -0.00982165
18 40 0.00127341
18 41 0.0118148
18 42 0.0218961
18 43 0.0312288
18 44 0.0397885
18 45 0.0472478
18 46 0.0536265
18 47 0.0589389
18 48 0.063027
18 49 0.0656847
18 50 0.0669928
18 51 0.0669628
18 52 0.065578
18 53 0.0629119
18 54 0.0588794
18 55 0.0534946
18 56 0.0470798
18 57 0.0395476
18 58 0.0311079
18 59 0.021906
18 60 0.0119988
18 61 0.00136533
18 62 -0.00958149
18 63 -0.0206766
18 64 -0.031714
18 65 -0.0426074
18 66 -0.0531949
18 67 -0.0633491
18 68 -0.0728824
18 69 -0.0816105
18 70 -0.0896254
18 71 -0.0965225
18 72 -0.10212
18 73 -0.106762
18 74 -0.110048
18 75 -0.112112
18 76 -0.112995
18 77 -0.11232
18 78 -0.110579
18 79 -0.107522
18 80 -0.103146
18 81 -0.0977498
18 82 -0.0912058
18 83 -0.0837747
18 84 -0.0756976
18 85 -0.0669689
18 86 -0.0578246
18 87 -0.0482845
18 88 -0.0387896
18 89 -0.0292877
18 90 -0.0198758
18 91 -0.010927
18 92 -0.0023581
18 93 0.00556064
18 94 0.0125001
18 95 0.0183818
18 96 0.0232396
18 97 0.0271063
18 98 0.029931
18 99 0.0314067
18 100 0.00392647
18 101 0

19 0 0
19 1 0.00163998
19 2 0.0130514
19 3 0.0116684
19 4 0.00910204
19 5 0.00548241
19 6 0.000730745
19 7 -0.00489466
19 8 -0.0113657
19 9 -0.0185799
19 10 -0.0264908
19 11 -0.034858
19 12 -0.0434699
19 13 -0.0525024
19 14 -0.0614744
19 15 -0.0702962
19 16 -0.0786914
19 17 -0.086555
19 18 -0.0939766
19 19 -0.100854
19 20 -0.106549
19 21 -0.111334
19 22 -0.11497
19 23 -0.117465
19 24 -0.118757
19 25 -0.118815
19 26 -0.117528
19 27 -0.114952
19 28 -0.111146
19 29 -0.10604
19 30 -0.0996878
19 31 -0.0924699
19 32 -0.0843552
19 33 -0.0753828
19 34 -0.0655473
19 35 -0.0551992
19 36 -0.0444128
19 37 -0.0332365
19 38 -0.0220246
19 39 -0.0107056
19 40 0.000298975
19 41 0.0108897
19 42 0.0209648
19 43 0.0302998
19 44 0.0389162
19 45 0.0463247
19 46 0.0526708
19 47 0.0579077
19 48 0.0619985
19 49 0.0646983
19 50 0.0660762
19 51 0.0661052
19 52 0.0646997
19 53 0.062112
19 54 0.0581811
19 55 0.0528764
19 56 0.0465253
19 57 0.0390562
19 58 0.030692
19 59 0.0214693
19 60 0.0116204
19 61 0.00116186
19 62 -0.00975523
19 63 -0.0207692
19 64 -0.0318212
19 65 -0.042713
19 66 -0.0533579
19 67 -0.0637285
19 68 -0.0733802
19 69 -0.0822085
19 70 -0.0903435
19 71 -0.0974272
19 72 -0.103289
19 73 -0.108234
19 74 -0.111954
19 75 -0.114422
19 76 -0.115679
19 77 -0.115472
19 78 -0.114104
19 79 -0.111621
19 80 -0.107858
19 81 -0.103129
19 82 -0.0972419
19 83 -0.0904464
19 84 -0.0828403
19 85 -0.0747248
19 86 -0.0661109
19 87 -0.0572232
19 88 -0.0481485
19 89 -0.0392014
19 90 -0.0302881
19 91 -0.0218852
19 92 -0.0139881
19 93 -0.00658754
19 94 7.52207e-06
19 95 0.00569439
19 96 0.0103101
19 97 0.0139527
19 98 0.0165556
19 99 0.0178912
19 100 0.00223763
19 101 0

20 0 0
20 1 3.85536e-05
20 2 0.000241751
20 3 -0.000984711
20 4 -0.00332757
20 5 -0.00680392
20 6 -0.0113247
20 7 -0.0165393
20 8 -0.022636
20 9 -0.0295971
20 10 -0.0370762
20 11 -0.0449211
20 12 -0.0531816
20 13 -0.0615342
20 14 -0.0699355
20 15 -0.0782063
20 16 -0.0860963
20 17 -0.0934323
20 18 -0.100375
20 19 -0.106549
20 20 -0.111636
20 21 -0.115907
20 22 -0.119074
20 23 -0.121107
20 24 -0.122037
20 25 -0.121654
20 26 -0.11996
20 27 -0.11704
20 28 -0.112967
20 29 -0.107707
20 30 -0.101127
20 31 -0.0936631
20 32 -0.0853383
20 33 -0.0761075
20 34 -0.0661944
20 35 -0.0558132
20 36 -0.0449499
20 37 -0.0336811
20 38 -0.0224892
20 39 -0.0111768
20 40 -0.000228642
20 41 0.0103313
20 42 0.0203417
20 43 0.0297317
20 44 0.0382867
20 45 0.0457789
20 46 0.0520962
20 47 0.0573221
20 48 0.0612806
20 49 0.0640447
20 50 0.0654453
20 51 0.0656524
20 52 0.0641313
20 53 0.0615988
20 54 0.0577347
20 55 0.0526107
20 56 0.0462479
20 57 0.0389415
20 58 0.0305393
20 59 0.0213381
20 60 0.0116407
20 61 0.00134541
20 62 -0.0094321
20 63 -0.0203424
20 64 -0.0314855
20 65 -0.0424053
20 66 -0.0530691
20 67 -0.0635451
20 68 -0.0732813
20 69 -0.082097
20 70 -0.0904015
20 71 -0.097839
20 72 -0.104008
20 73 -0.109173
20 74 -0.113181
20 75 -0.115958
20 76 -0.117619
20 77 -0.117877
20 78 -0.116908
20 79 -0.114884
20 80 -0.111685
20 81 -0.107437
20 82 -0.102191
20 83 -0.096037
20 84 -0.0890443
20 85 -0.0815136
20 86 -0.0735304
20 87 -0.0651336
20 88 -0.0567342
20 89 -0.0483448
20 90 -0.0400478
20 91 -0.0321059
20 92 -0.0246634
20 93 -0.0177708
20 94 -0.0115658
20 95 -0.00618292
20 96 -0.00174667
20 97 0.00162925
20 98 0.00399171
20 99 0.00521089
20 100 0.000657224
20 101 0

21 0 0
21 1 -0.00143356
21 2 -0.0114819
21 3 -0.012491
21 4 -0.0146158
21 5 -0.0178925
21 6 -0.0221104
21 7 -0.0270221
21 8 -0.0327814
21 9 -0.03935
21 10 -0.0465312
21 11 -0.0539684
21 12 -0.0616353
21 13 -0.0696223
21 14 -0.0773782
21 15 -0.0850934
21 16 -0.0925146
21 17 -0.0994078
21 18 -0.10573
21 19 -0.111334
21 20 -0.115907
21 21 -0.119605
21 22 -0.122255
21 23 -0.123902
21 24 -0.124327
21 25 -0.123522
21 26 -0.121499
21 27 -0.11831
21 28 -0.113968
21 29 -0.108394
21 30 -0.10167
21 31 -0.0940924
21 32 -0.0855335
21 33 -0.0761845
21 34 -0.0660711
21 35 -0.0556009
21 36 -0.0448387
21 37 -0.0336711
21 38 -0.0225204
21 39 -0.0112826
21 40 -0.000370867
21 41 0.0100987
21 42 0.0200851
21 43 0.0293604
21 44 0.0379069
21 45 0.0454445
21 46 0.0518458
21 47 0.0569441
21 48 0.0609237
21 49 0.0636474
21 50 0.0651041
21 51 0.0652865
21 52 0.0638769
21 53 0.0613974
21 54 0.0576805
21 55 0.0524973
21 56 0.0462981
21 57 0.0390103
21 58 0.0307065
21 59 0.0216647
21 60 0.0120167
21 61 0.00180122
21 62 -0.00881995
21 63 -0.0196622
21 64 -0.0306479
21 65 -0.0414246
21 66 -0.0521561
21 67 -0.0626888
21 68 -0.0724232
21 69 -0.0814364
21 70 -0.0897761
21 71 -0.097318
21 72 -0.103804
21 73 -0.109238
21 74 -0.113523
21 75 -0.116657
21 76 -0.118663
21 77 -0.119355
21 78 -0.118792
21 79 -0.11728
21 80 -0.114641
21 81 -0.110927
21 82 -0.106273
21 83 -0.100762
21 84 -0.0943909
21 85 -0.0874536
21 86 -0.0799597
21 87 -0.0722214
21 88 -0.0643158
21 89 -0.0565626
21 90 -0.0488051
21 91 -0.0412768
21 92 -0.0342455
21 93 -0.0278182
21 94 -0.0220174
21 95 -0.0169258
21 96 -0.0127621
21 97 -0.00963029
21 98 -0.00749536
21 99 -0.00647381
21 100 -0.000808633
21 101 0

22 0 0
22 1 -0.0027256
22 2 -0.0219207
22 3 -0.022916
22 4 -0.0248918
22 5 -0.0278477
22 6 -0.0317612
22 7 -0.0364584
22 8 -0.0418695
22 9 -0.0480697
22 10 -0.0547746
22 11 -0.0616979
22 12 -0.0688785
22 13 -0.0763509
22 14 -0.0836468
22 15 -0.0908521
22 16 -0.0977638
22 17 -0.104164
22 18 -0.10996
22 19 -0.11497
22 20 -0.119074
22 21 -0.122255
22 22 -0.124582
22 23 -0.125765
22 24 -0.12571
22 25 -0.124488
22 26 -0.122157
22 27 -0.118676
22 28 -0.114091
22 29 -0.108253
22 30 -0.101321
22 31 -0.0935391
22 32 -0.0849751
22 33 -0.0755164
22 34 -0.0653426
22 35 -0.0548438
22 36 -0.0441937
22 37 -0.0330742
22 38 -0.0219958
22 39 -0.0108772
22 40 -5.27918e-05
22 41 0.0103231
22 42 0.0202463
22 43 0.0294332
22 44 0.0378873
22 45 0.0453828
22 46 0.0517825
22 47 0.0568553
22 48 0.0608852
22 49 0.0636947
22 50 0.0650672
22 51 0.0652631
22 52 0.0639524
22 53 0.0615997
22 54 0.0578537
22 55 0.0527149
22 56 0.0466371
22 57 0.0394078
22 58 0.031228
22 59 0.022339
22 60 0.0128407
22 61 0.00264408
22 62 -0.00785701
22 63 -0.0184685
22 64 -0.0292604
22 65 -0.0399144
22 66 -0.0506217
22 67 -0.0610439
22 68 -0.0709017
22 69 -0.0800254
22 70 -0.088485
22 71 -0.0960878
22 72 -0.102793
22 73 -0.1085
22 74 -0.113099
22 75 -0.116537
22 76 -0.118905
22 77 -0.120008
22 78 -0.119873
22 79 -0.118744
22 80 -0.116644
22 81 -0.113434
22 82 -0.109337
22 83 -0.104382
22 84 -0.0986199
22 85 -0.0922068
22 86 -0.0853038
22 87 -0.0781359
22 88 -0.0708175
22 89 -0.0635607
22 90 -0.0563862
22 91 -0.0494565
22 92 -0.0428249
22 93 -0.0367436
22 94 -0.0313538
22 95 -0.0266754
22 96 -0.0227541
22 97 -0.0198084
22 98 -0.0178888
22 99 -0.0169786
22 100 -0.00211708
22 101 0

23 0 0
23 1 -0.00384677
23 2 -0.0309616
23 3 -0.031934
23 4 -0.0337853
23 5 -0.0365296
23 6 -0.0401609
23 7 -0.0446482
23 8 -0.0497585
23 9 -0.0554406
23 10 -0.0616395
23 11 -0.0681654
23 12 -0.0749611
23 13 -0.082012
23 14 -0.0887367
23 15 -0.0953837
23 16 -0.101776
23 17 -0.107687
23 18 -0.11297
23 19 -0.117465
23 20 -0.121107
23 21 -0.123902
23 22 -0.125765
23 23 -0.126644
23 24 -0.126131
23 25 -0.124586
23 26 -0.12188
23 27 -0.118134
23 28 -0.113291
23 29 -0.107368
23 30 -0.100376
23 31 -0.0924273
23 32 -0.0836704
23 33 -0.0742126
23 34 -0.0639763
23 35 -0.0534624
23 36 -0.0428399
23 37 -0.0317896
23 38 -0.0207963
23 39 -0.00972526
23 40 0.000971269
23 41 0.0111079
23 42 0.0208443
23 43 0.02986
23 44 0.0381117
23 45 0.0455019
23 46 0.0519297
23 47 0.0570628
23 48 0.061135
23 49 0.0638133
23 50 0.0652132
23 51 0.0653836
23 52 0.06426
23 53 0.0618748
23 54 0.0582864
23 55 0.0532395
23 56 0.0471607
23 57 0.0400443
23 58 0.0320747
23 59 0.023469
23 60 0.0141374
23 61 0.00409772
23 62 -0.00616611
23 63 -0.016592
23 64 -0.0273195
23 65 -0.0378897
23 66 -0.0485052
23 67 -0.0588485
23 68 -0.0687349
23 69 -0.0780483
23 70 -0.0864912
23 71 -0.0941843
23 72 -0.101093
23 73 -0.107015
23 74 -0.111808
23 75 -0.115519
23 76 -0.118179
23 77 -0.1198
23 78 -0.120034
23 79 -0.11937
23 80 -0.117664
23 81 -0.114924
23 82 -0.111363
23 83 -0.106939
23 84 -0.101657
23 85 -0.0957965
23 86 -0.0895092
23 87 -0.0830261
23 88 -0.0762322
23 89 -0.069424
23 90 -0.0627304
23 91 -0.0563396
23 92 -0.0502393
23 93 -0.0446515
23 94 -0.0396235
23 95 -0.0352687
23 96 -0.0315864
23 97 -0.0288282
23 98 -0.0269912
23 99 -0.0261675
23 100 -0.0032632
23 101 0

24 0 0
24 1 -0.00478456
24 2 -0.0385242
24 3 -0.0394418
24 4 -0.0411461
24 5 -0.0437809
24 6 -0.0471706
24 7 -0.0513245
24 8 -0.056121
24 9 -0.0614503
24 10 -0.0671531
24 11 -0.0733198
24 12 -0.0797614
24 13 -0.0862464
24 14 -0.0925657
24 15 -0.0986685
24 16 -0.104432
24 17 -0.109795
24 18 -0.114686
24 19 -0.118757
24 20 -0.122037
24 21 -0.124327
24 22 -0.12571
24 23 -0.126131
24 24 -0.125428
24 25 -0.123583
24 26 -0.120605
24 27 -0.116607
24 28 -0.111431
24 29 -0.105435
24 30 -0.0983739
24 31 -0.0903196
24 32 -0.0815675
24 33 -0.0720248
24 34 -0.0619257
24 35 -0.0515481
24 36 -0.040899
24 37 -0.0299415
24 38 -0.0191554
24 39 -0.00823151
24 40 0.00237972
24 41 0.0124349
24 42 0.0219348
24 43 0.030838
24 44 0.038931
24 45 0.0462103
24 46 0.0524411
24 47 0.0574831
24 48 0.0614671
24 49 0.0641522
24 50 0.0654573
24 51 0.065658
24 52 0.0645951
24 53 0.0623041
24 54 0.0587943
24 55 0.054009
24 56 0.0481602
24 57 0.0412341
24 58 0.033428
24 59 0.0250176
24 60 0.0158717
24 61 0.00609887
24 62 -0.00409309
24 63 -0.0143379
24 64 -0.0248984
24 65 -0.035457
24 66 -0.0459322
24 67 -0.0561302
24 68 -0.0659819
24 69 -0.0751095
24 70 -0.0836748
24 71 -0.0914728
24 72 -0.0983428
24 73 -0.10446
24 74 -0.109488
24 75 -0.11352
24 76 -0.11649
24 77 -0.11842
24 78 -0.119151
24 79 -0.1189
24 80 -0.117563
24 81 -0.115258
24 82 -0.112192
24 83 -0.108195
24 84 -0.103547
24 85 -0.0982186
24 86 -0.0925852
24 87 -0.0866191
24 88 -0.0804018
24 89 -0.0741337
24 90 -0.0678783
24 91 -0.0619599
24 92 -0.0562835
24 93 -0.0511392
24 94 -0.0465138
24 95 -0.0424396
24 96 -0.0390056
24 97 -0.03643
24 98 -0.0347024
24 99 -0.0339613
24 100 -0.00423395
24 101 0

25 0 0
25 1 -0.00554175
25 2 -0.0445088
25 3 -0.0452543
25 4 -0.0469082
25 5 -0.0494157
25 6 -0.0525798
25 7 -0.0564143
25 8 -0.0609515
25 9 -0.0659482
25 10 -0.0712803
25 11 -0.0770862
25 12 -0.0830125
25 13 -0.0890351
25 14 -0.094868
25 15 -0.10045
25 16 -0.105759
25 17 -0.110816
25 18 -0.115141
25 19 -0.118815
25 20 -0.121654
25 21 -0.123522
25 22 -0.124488
25 23 -0.124586
25 24 -0.123583
25 25 -0.121498
25 26 -0.118231
25 27 -0.114011
25 28 -0.10866
25 29 -0.102508
25 30 -0.095434
25 31 -0.0873767
25 32 -0.0785585
25 33 -0.0690169
25 34 -0.0590793
25 35 -0.0487872
25 36 -0.0381883
25 37 -0.0274454
25 38 -0.0168445
25 39 -0.00615457
25 40 0.00419732
25 41 0.0140812
25 42 0.0233403
25 43 0.0319437
25 44 0.0399675
25 45 0.0469506
25 46 0.0530161
