0 0 0
0 1 0
0 2 0
0 3 0
0 4 0
0 5 0
0 6 0
0 7 0
0 8 0
0 9 0
0 10 0
0 11 0
0 12 0
0 13 0
0 14 0
0 15 0
0 16 0
0 17 0
0 18 0
0 19 0
0 20 0
0 21 0
0 22 0
0 23 0
0 24 0
0 25 0
0 26 0
0 27 0
0 28 0
0 29 0
0 30 0
0 31 0
0 32 0
0 33 0
0 34 0
0 35 0
0 36 0
0 37 0
0 38 0
0 39 0
0 40 0
0 41 0
0 42 0
0 43 0
0 44 0
0 45 0
0 46 0
0 47 0
0 48 0
0 49 0
0 50 0
0 51 0
0 52 0
0 53 0
0 54 0
0 55 0
0 56 0
0 57 0
0 58 0
0 59 0
0 60 0
0 61 0
0 62 0
0 63 0
0 64 0
0 65 0
0 66 0
0 67 0
0 68 0
0 69 0
0 70 0
0 71 0
0 72 0
0 73 0
0 74 0
0 75 0
0 76 0
0 77 0
0 78 0
0 79 0
0 80 0
0 81 0
0 82 0
0 83 0
0 84 0
0 85 0
0 86 0
0 87 0
0 88 0
0 89 0
0 90 0
0 91 0
0 92 0
0 93 0
0 94 0
0 95 0
0 96 0
0 97 0
0 98 0
0 99 0
0 100 0
0 101 0

1 0 0
1 1 0
1 2 0.0219288
1 3 0.0216389
1 4 0.0211805
1 5 0.0205609
1 6 0.0197499
1 7 0.0187812
1 8 0.0176363
1 9 0.0163676
1 10 0.0149842
1 11 0.0134836
1 12 0.0119351
1 13 0.0103163
1 14 0.00868957
1 15 0.00706663
1 16 0.00547644
1 17 0.00393611
1 18 0.00245008
1 19 0.00103342
1 20 -0.000288661
1 21 -0.00150588
1 22 -0.00259824
1 23 -0.00354263
1 24 -0.00435188
1 25 -0.00501992
1 26 -0.00553823
1 27 -0.00587835
1 28 -0.00606402
1 29 -0.0061086
1 30 -0.00601232
1 31 -0.00577889
1 32 -0.00543264
1 33 -0.00494406
1 34 -0.00435282
1 35 -0.00367371
1 36 -0.00293012
1 37 -0.00208377
1 38 -0.00118577
1 39 -0.000284028
1 40 0.00061489
1 41 0.00150395
1 42 0.00235679
1 43 0.00316116
1 44 0.00390313
1 45 0.00456162
1 46 0.00511095
1 47 0.00557841
1 48 0.00592123
1 49 0.00613152
1 50 0.00621059
1 51 0.0061735
1 52 0.00600411
1 53 0.00568549
1 54 0.00526827
1 55 0.00474935
1 56 0.004102
1 57 0.00335719
1 58 0.00252882
1 59 0.00165193
1 60 0.000720055
1 61 -0.000212276
1 62 -0.0011504
1 63 -0.00210125
1 64 -0.00304777
1 65 -0.00394086
1 66 -0.0047476
1 67 -0.00545145
1 68 -0.00607807
1 69 -0.00659368
1 70 -0.00699406
1 71 -0.00724138
1 72 -0.00734102
1 73 -0.00728834
1 74 -0.00707362
1 75 -0.00669388
1 76 -0.00615472
1 77 -0.00545731
1 78 -0.00461823
1 79 -0.00361971
1 80 -0.00249138
1 81 -0.00125781
1 82 7.4101e-05
1 83 0.00150503
1 84 0.00304936
1 85 0.00466597
1 86 0.00631195
1 87 0.00798535
1 88 0.00967484
1 89 0.0113421
1 90 0.0129777
1 91 0.0144913
1 92 0.0159179
1 93 0.0172248
1 94 0.0183749
1 95 0.0193947
1 96 0.0202223
1 97 0.0208794
1 98 0.0213442
1 99 0.0216069
1 100 0
1 101 0

2 0 0
2 1 0.0219288
2 2 0.175765
2 3 0.173487
2 4 0.169779
2 5 0.164688
2 6 0.158216
2 7 0.150396
2 8 0.141332
2 9 0.131188
2 10 0.120046
2 11 0.108119
2 12 0.0955948
2 13 0.082673
2 14 0.0695989
2 15 0.0565902
2 16 0.0438368
2 17 0.0314568
2 18 0.0195609
2 19 0.008246
2 20 -0.00234194
2 21 -0.0120797
2 22 -0.0208498
2 23 -0.0285439
2 24 -0.0350886
2 25 -0.0404021
2 26 -0.0444511
2 27 -0.0472316
2 28 -0.0487807
2 29 -0.0491635
2 30 -0.0484047
2 31 -0.0465512
2 32 -0.0436595
2 33 -0.039806
2 34 -0.035077
2 35 -0.029622
2 36 -0.023485
2 37 -0.0168034
2 38 -0.00975965
2 39 -0.00256065
2 40 0.004664
2 41 0.0117779
2 42 0.018614
2 43 0.0250508
2 44 0.0309583
2 45 0.0362282
2 46 0.0407432
2 47 0.0444004
2 48 0.0471039
2 49 0.0488124
2 50 0.0494929
2 51 0.0491424
2 52 0.0477641
2 53 0.0453647
2 54 0.0419911
2 55 0.0376931
2 56 0.0325163
2 57 0.0265758
2 58 0.0200254
2 59 0.0129902
2 60 0.00560121
2 61 -0.00195093
2 62 -0.00955904
2 63 -0.0171586
2 64 -0.0245924
2 65 -0.0316474
2 66 -0.0381196
2 67 -0.043933
2 68 -0.0489622
2 69 -0.0531118
2 70 -0.0562362
2 71 -0.058238
2 72 -0.0590526
2 73 -0.058624
2 74 -0.0568999
2 75 -0.0538833
2 76 -0.0495416
2 77 -0.0439078
2 78 -0.037072
2 79 -0.0290933
2 80 -0.0200713
2 81 -0.0101346
2 82 0.00059482
2 83 0.012103
2 84 0.0243657
2 85 0.0372131
2 86 0.0504651
2 87 0.0639604
2 88 0.0775182
2 89 0.0908956
2 90 0.103851
2 91 0.116132
2 92 0.127544
2 93 0.137992
2 94 0.147305
2 95 0.155354
2 96 0.162027
2 97 0.167251
2 98 0.170964
2 99 0.173196
2 100 0.0216069
2 101 0

3 0 0
3 1 0.0216389
3 2 0.173487
3 3 0.171281
3 4 0.167595
3 5 0.162378
3 6 0.155968
3 7 0.148178
3 8 0.139337
3 9 0.12928
3 10 0.118216
3 11 0.106468
3 12 0.0939113
3 13 0.0811395
3 14 0.0681405
3 15 0.0552272
3 16 0.0425473
3 17 0.0302372
3 18 0.0184242
3 19 0.00725031
3 20 -0.00322142
3 21 -0.0128397
3 22 -0.0215808
3 23 -0.0293486
3 24 -0.035876
3 25 -0.0410691
3 26 -0.0449284
3 27 -0.0476948
3 28 -0.0492851
3 29 -0.0496772
3 30 -0.0488842
3 31 -0.0469727
3 32 -0.0439386
3 33 -0.0401186
3 34 -0.0354009
3 35 -0.0298845
3 36 -0.0235396
3 37 -0.0169614
3 38 -0.010088
3 39 -0.00291805
3 40 0.00429899
3 41 0.0113598
3 42 0.0181936
3 43 0.0246178
3 44 0.0304609
3 45 0.0357051
3 46 0.0403198
3 47 0.0438885
3 48 0.0465467
3 49 0.0482663
3 50 0.0490003
3 51 0.0485973
3 52 0.0472092
3 53 0.04499
3 54 0.0415972
3 55 0.037159
3 56 0.0319991
3 57 0.0261347
3 58 0.0197096
3 59 0.0127337
3 60 0.00548388
3 61 -0.00214461
3 62 -0.00988406
3 63 -0.0174607
3 64 -0.0247094
3 65 -0.0316289
3 66 -0.0381338
3 67 -0.0441573
3 68 -0.0492343
3 69 -0.0534194
3 70 -0.0564916
3 71 -0.058537
3 72 -0.0593947
3 73 -0.0589878
3 74 -0.0573289
3 75 -0.0543962
3 76 -0.0501192
3 77 -0.0445178
3 78 -0.0376253
3 79 -0.0297321
3 80 -0.0208132
3 81 -0.0109041
3 82 -0.000172426
3 83 0.0113102
3 84 0.0233211
3 85 0.0359282
3 86 0.0491269
3 87 0.0626258
3 88 0.0761032
3 89 0.0893816
3 90 0.102056
3 91 0.114373
3 92 0.125726
3 93 0.136042
3 94 0.145362
3 95 0.153215
3 96 0.159879
3 97 0.165008
3 98 0.16871
3 99 0.171041
3 100 0.0213517
3 101 0

4 0 0
4 1 0.0211805
4 2 0.169779
4 3 0.167595
4 4 0.164003
4 5 0.158783
4 6 0.152626
4 7 0.144854
4 8 0.136132
4 9 0.126025
4 10 0.115147
4 11 0.103474
4 12 0.0911911
4 13 0.0786209
4 14 0.065828
4 15 0.0530087
4 16 0.0403213
4 17 0.0280456
4 18 0.0163224
4 19 0.00534675
4 20 -0.00509619
4 21 -0.0146632
4 22 -0.0232324
4 23 -0.030834
4 24 -0.0371114
4 25 -0.0421633
4 26 -0.0461135
4 27 -0.0488033
4 28 -0.0504215
4 29 -0.0505614
4 30 -0.0496448
4 31 -0.0477053
4 32 -0.0444803
4 33 -0.0407191
4 34 -0.036125
4 35 -0.0304432
4 36 -0.0242423
4 37 -0.0175395
4 38 -0.0106387
4 39 -0.00350099
4 40 0.00383584
4 41 0.0108462
4 42 0.0176698
4 43 0.0240754
4 44 0.0299524
4 45 0.0351482
4 46 0.0398468
4 47 0.0433636
4 48 0.0460477
4 49 0.0476405
4 50 0.0483272
4 51 0.0480108
4 52 0.046727
4 53 0.0444383
4 54 0.0411123
4 55 0.0366148
4 56 0.0315743
4 57 0.0257823
4 58 0.01921
4 59 0.0123198
4 60 0.00516732
4 61 -0.00245075
4 62 -0.0102125
4 63 -0.0179488
4 64 -0.0251242
4 65 -0.0321312
4 66 -0.0386726
4 67 -0.0445376
4 68 -0.0496328
4 69 -0.0537858
4 70 -0.056912
4 71 -0.0590835
4 72 -0.0599846
4 73 -0.0596675
4 74 -0.0582251
4 75 -0.0552723
4 76 -0.0511095
4 77 -0.0456373
4 78 -0.0389015
4 79 -0.0311159
4 80 -0.0223319
4 81 -0.0126069
4 82 -0.00189797
4 83 0.00960785
4 84 0.0214872
4 85 0.0340203
4 86 0.0470948
4 87 0.060438
4 88 0.0737043
4 89 0.0868165
4 90 0.099408
4 91 0.111441
4 92 0.122712
4 93 0.132909
4 94 0.142165
4 95 0.149864
4 96 0.156657
4 97 0.161667
4 98 0.165297
4 99 0.167558
4 100 0.0209045
4 101 0

5 0 0
5 1 0.0205609
5 2 0.164688
5 3 0.162378
5 4 0.158783
5 5 0.154009
5 6 0.147713
5 7 0.140188
5 8 0.131367
5 9 0.12141
5 10 0.110795
5 11 0.0993238
5 12 0.0872736
5 13 0.0748681
5 14 0.0621329
5 15 0.049469
5 16 0.0370634
5 17 0.0249209
5 18 0.0135109
5 19 0.00264449
5 20 -0.00764702
5 21 -0.0172051
5 22 -0.0255583
5 23 -0.0328593
5 24 -0.0390827
5 25 -0.0438385
5 26 -0.0477197
5 27 -0.0503793
5 28 -0.05173
5 29 -0.0518014
5 30 -0.0509143
5 31 -0.0487275
5 32 -0.0455842
5 33 -0.0413827
5 34 -0.036598
5 35 -0.031011
5 36 -0.0247428
5 37 -0.0181044
5 38 -0.0112577
5 39 -0.00398971
5 40 0.00332861
5 41 0.0105982
5 42 0.0174216
5 43 0.0237003
5 44 0.0295531
5 45 0.0347953
5 46 0.0391958
5 47 0.0428325
5 48 0.0455217
5 49 0.0472077
5 50 0.0479603
5 51 0.047744
5 52 0.0463848
5 53 0.0440401
5 54 0.040628
5 55 0.0362384
5 56 0.0312091
5 57 0.0256123
5 58 0.0191726
5 59 0.0122152
5 60 0.00495378
5 61 -0.00266744
5 62 -0.0104859
5 63 -0.0180776
5 64 -0.0254972
5 65 -0.032525
5 66 -0.0390671
5 67 -0.0448719
5 68 -0.0500894
5 69 -0.0542648
5 70 -0.0575969
5 71 -0.0598463
5 72 -0.0610397
5 73 -0.0607714
5 74 -0.0592839
5 75 -0.0564273
5 76 -0.0524581
5 77 -0.0471342
5 78 -0.0406957
5 79 -0.0331051
5 80 -0.024446
5 81 -0.0149038
5 82 -0.00438114
5 83 0.00684058
5 84 0.0187747
5 85 0.0311893
5 86 0.0440533
5 87 0.0570767
5 88 0.0701347
5 89 0.0830826
5 90 0.0955672
5 91 0.107317
5 92 0.118359
5 93 0.128458
5 94 0.137687
5 95 0.145573
5 96 0.151848
5 97 0.156767
5 98 0.160337
5 99 0.162694
5 100 0.0203175
5 101 0

6 0 0
6 1 0.0197499
6 2 0.158216
6 3 0.155968
6 4 0.152626
6 5 0.147713
6 6 0.141397
6 7 0.133792
6 8 0.125292
6 9 0.115575
6 10 0.105148
6 11 0.0938554
6 12 0.0820782
6 13 0.0699737
6 14 0.0575541
6 15 0.045277
6 16 0.033042
6 17 0.0212308
6 18 0.00985986
6 19 -0.000803044
6 20 -0.0109271
6 21 -0.020263
6 22 -0.0284532
6 23 -0.035461
6 24 -0.0413776
6 25 -0.0460365
6 26 -0.0497669
6 27 -0.0522381
6 28 -0.0535206
6 29 -0.0534621
6 30 -0.0522193
6 31 -0.0498964
6 32 -0.0466396
6 33 -0.04252
6 34 -0.0375014
6 35 -0.0316629
6 36 -0.0253922
6 37 -0.0187263
6 38 -0.0115719
6 39 -0.00428205
6 40 0.00296521
6 41 0.0101227
6 42 0.0169078
6 43 0.0231964
6 44 0.0292025
6 45 0.0342868
6 46 0.0387083
6 47 0.0422683
6 48 0.0450422
6 49 0.0467915
6 50 0.0475548
6 51 0.0473735
6 52 0.0460897
6 53 0.0435424
6 54 0.0401448
6 55 0.0358612
6 56 0.0309868
6 57 0.0253561
6 58 0.0189481
6 59 0.0119712
6 60 0.00473683
6 61 -0.00275418
6 62 -0.01047
6 63 -0.0182421
6 64 -0.0256106
6 65 -0.0328009
6 66 -0.0394524
6 67 -0.045511
6 68 -0.0507143
6 69 -0.0549587
6 70 -0.0584827
6 71 -0.0609405
6 72 -0.0620543
6 73 -0.0619995
6 74 -0.0607512
6 75 -0.0579512
6 76 -0.0541389
6 77 -0.0490417
6 78 -0.0428338
6 79 -0.035479
6 80 -0.027078
6 81 -0.0177032
6 82 -0.00744854
6 83 0.00374152
6 84 0.0154364
6 85 0.0276186
6 86 0.0401225
6 87 0.0529328
6 88 0.0656145
6 89 0.078277
6 90 0.0904798
6 91 0.101961
6 92 0.112815
6 93 0.122726
6 94 0.131804
6 95 0.139511
6 96 0.146024
6 97 0.150947
6 98 0.154516
6 99 0.156537
6 100 0.0195167
6 101 0

7 0 0
7 1 0.0187812
7 2 0.150396
7 3 0.148178
7 4 0.144854
7 5 0.140188
7 6 0.133792
7 7 0.126561
7 8 0.118241
7 9 0.108759
7 10 0.0985906
7 11 0.0875078
7 12 0.0761704
7 13 0.0642928
7 14 0.0521385
7 15 0.040233
7 16 0.0281814
7 17 0.0164859
7 18 0.00541617
7 19 -0.00506898
7 20 -0.0149034
7 21 -0.0238407
7 22 -0.0317393
7 23 -0.0385486
7 24 -0.044394
7 25 -0.048804
7 26 -0.0521186
7 27 -0.0543189
7 28 -0.0552745
7 29 -0.0552017
7 30 -0.053821
7 31 -0.0513506
7 32 -0.0481227
7 33 -0.0436601
7 34 -0.0384128
7 35 -0.0325425
7 36 -0.0260651
7 37 -0.019142
7 38 -0.012073
7 39 -0.00475563
7 40 0.00246476
7 41 0.00972793
7 42 0.0166136
7 43 0.0227805
7 44 0.0286206
7 45 0.0338663
7 46 0.0382305
7 47 0.0418585
7 48 0.0446182
7 49 0.0463916
7 50 0.0471624
7 51 0.0469336
7 52 0.0456239
7 53 0.0431225
7 54 0.0399187
7 55 0.0357231
7 56 0.0306918
7 57 0.0250873
7 58 0.01881
7 59 0.0119515
7 60 0.00457819
7 61 -0.00303427
7 62 -0.0107577
7 63 -0.0183248
7 64 -0.0258116
7 65 -0.0330397
7 66 -0.0398221
7 67 -0.0459744
7 68 -0.0514331
7 69 -0.0558172
7 70 -0.0593556
7 71 -0.0618548
7 72 -0.0632285
7 73 -0.0634952
7 74 -0.0623136
7 75 -0.0596995
7 76 -0.0561284
7 77 -0.0513541
7 78 -0.0454208
7 79 -0.0383648
7 80 -0.0302539
7 81 -0.021087
7 82 -0.0110464
7 83 -0.000250854
7 84 0.0112053
7 85 0.0233037
7 86 0.0355452
7 87 0.0480777
7 88 0.0604297
7 89 0.0725811
7 90 0.0845026
7 91 0.0958114
7 92 0.106568
7 93 0.11617
7 94 0.124948
7 95 0.132549
7 96 0.138657
7 97 0.143623
7 98 0.147093
7 99 0.149138
7 100 0.0186059
7 101 0

8 0 0
8 1 0.0176363
8 2 0.141332
8 3 0.139337
8 4 0.136132
8 5 0.131367
8 6 0.125292
8 7 0.118241
8 8 0.110244
8 9 0.10088
8 10 0.0909542
8 11 0.0800936
8 12 0.069112
8 13 0.0576974
8 14 0.0459453
8 15 0.0344435
8 16 0.0225596
8 17 0.0112291
8 18 0.000352046
8 19 -0.00977528
8 20 -0.0192748
8 21 -0.0279874
8 22 -0.0356349
8 23 -0.0421373
8 24 -0.0476224
8 25 -0.0518766
8 26 -0.0549116
8 27 -0.0567362
8 28 -0.0575807
8 29 -0.0571305
8 30 -0.0554698
8 31 -0.0528477
8 32 -0.0492889
8 33 -0.0447981
8 34 -0.0393891
8 35 -0.033337
8 36 -0.026802
8 37 -0.0197866
8 38 -0.0124579
8 39 -0.00503881
8 40 0.00226279
8 41 0.00933943
8 42 0.0161682
8 43 0.022473
8 44 0.0285163
8 45 0.0335337
8 46 0.0380113
8 47 0.0416256
8 48 0.0442536
8 49 0.0460478
8 50 0.0467924
8 51 0.0465063
8 52 0.0453553
8 53 0.0429043
8 54 0.03968
8 55 0.0355845
8 56 0.030729
8 57 0.0249398
8 58 0.0187284
8 59 0.0119608
8 60 0.00458692
8 61 -0.00298888
8 62 -0.0105983
8 63 -0.018369
8 64 -0.025917
8 65 -0.0332795
8 66 -0.0401039
8 67 -0.0464331
8 68 -0.0518926
8 69 -0.0565452
8 70 -0.0603978
8 71 -0.0630299
8 72 -0.0644867
8 73 -0.0649924
8 74 -0.0640778
8 75 -0.0616488
8 76 -0.0584893
8 77 -0.0540603
8 78 -0.0483267
8 79 -0.0415729
8 80 -0.0338019
8 81 -0.0249767
8 82 -0.015184
8 83 -0.00456082
8 84 0.00653155
8 85 0.0183378
8 86 0.0302332
8 87 0.0424672
8 88 0.0542972
8 89 0.0660703
8 90 0.0776538
8 91 0.0887422
8 92 0.0992842
8 93 0.108506
8 94 0.117082
8 95 0.124351
8 96 0.130447
8 97 0.13531
8 98 0.138713
8 99 0.140591
8 100 0.0175284
8 101 0

9 0 0
9 1 0.0163676
9 2 0.131188
9 3 0.12928
9 4 0.126025
9 5 0.12141
9 6 0.115575
9 7 0.108759
9 8 0.10088
9 9 0.0919448
9 10 0.0823026
9 11 0.0719293
9 12 0.061264
9 13 0.0502149
9 14 0.0388299
9 15 0.0276889
9 16 0.0162641
9 17 0.00527986
9 18 -0.00518121
9 19 -0.0151273
9 20 -0.0244179
9 21 -0.0327323
9 22 -0.0398758
9 23 -0.0459126
9 24 -0.0510092
9 25 -0.0550475
9 26 -0.0577088
9 27 -0.0594762
9 28 -0.0598514
9 29 -0.0592057
9 30 -0.0573118
9 31 -0.0545531
9 32 -0.0507427
9 33 -0.0460237
9 34 -0.0402815
9 35 -0.0340427
9 36 -0.0273348
9 37 -0.0203166
9 38 -0.0128647
9 39 -0.00526567
9 40 0.00207196
9 41 0.00917582
9 42 0.0160071
9 43 0.0223132
9 44 0.0282143
9 45 0.0332869
9 46 0.0378258
9 47 0.041581
9 48 0.0441579
9 49 0.0459578
9 50 0.0468582
9 51 0.0465346
9 52 0.0452547
9 53 0.0428196
9 54 0.0397064
9 55 0.035663
9 56 0.0307768
9 57 0.0250982
9 58 0.0189494
9 59 0.0121087
9 60 0.00487692
9 61 -0.00266637
9 62 -0.0104467
9 63 -0.0182956
9 64 -0.0260034
9 65 -0.0334311
9 66 -0.0402862
9 67 -0.0467334
9 68 -0.0523927
9 69 -0.0573747
9 70 -0.0613366
9 71 -0.0642674
9 72 -0.0658779
9 73 -0.0664862
9 74 -0.0658181
9 75 -0.0639667
9 76 -0.0609894
9 77 -0.0569335
9 78 -0.0514198
9 79 -0.0450327
9 80 -0.0377492
9 81 -0.0293645
9 82 -0.0198353
9 83 -0.00945532
9 84 0.00119324
9 85 0.0125366
9 86 0.024188
9 87 0.0359467
9 88 0.0474481
9 89 0.0588923
9 90 0.0699812
9 91 0.0808207
9 92 0.0908413
9 93 0.0997186
9 94 0.108062
9 95 0.115158
9 96 0.120989
9 97 0.125745
9 98 0.129025
9 99 0.131034
9 100 0.0163566
9 101 0

10 0 0
10 1 0.0149842
10 2 0.120046
10 3 0.118216
10 4 0.115147
10 5 0.110795
10 6 0.105148
10 7 0.0985906
10 8 0.0909542
10 9 0.0823026
10 10 0.0732595
10 11 0.0633259
10 12 0.05285
10 13 0.042074
10 14 0.0310945
10 15 0.0203409
10 16 0.00931565
10 17 -0.00134076
10 18 -0.0114123
10 19 -0.0209818
10 20 -0.0298686
10 21 -0.0377509
10 22 -0.0444789
10 23 -0.0501047
10 24 -0.0548524
10 25 -0.0584785
10 26 -0.0609537
10 27 -0.0623735
10 28 -0.0624697
10 29 -0.0614239
10 30 -0.0594525
10 31 -0.0564108
10 32 -0.0522451
10 33 -0.047233
10 34 -0.0414629
10 35 -0.0350366
10 36 -0.0280545
10 37 -0.0209134
10 38 -0.0134194
10 39 -0.00580423
10 40 0.00170161
10 41 0.00899337
10 42 0.0158814
10 43 0.0222515
10 44 0.0281538
10 45 0.0331997
10 46 0.037703
10 47 0.0415138
10 48 0.0441928
10 49 0.0460121
10 50 0.0469812
10 51 0.0467037
10 52 0.0453236
10 53 0.0429339
10 54 0.0398611
10 55 0.0358687
10 56 0.0309256
10 57 0.0253199
10 58 0.019123
10 59 0.0123353
10 60 0.00505393
10 61 -0.00259344
10 62 -0.0104735
10 63 -0.0183362
10 64 -0.0260131
10 65 -0.0336108
10 66 -0.0405929
10 67 -0.0470813
10 68 -0.0529912
10 69 -0.0581633
10 70 -0.0622737
10 71 -0.065334
10 72 -0.0672683
10 73 -0.06816
10 74 -0.0678838
10 75 -0.0664472
10 76 -0.0638992
10 77 -0.0600626
10 78 -0.0549587
10 79 -0.0488916
10 80 -0.041965
10 81 -0.033977
10 82 -0.0248371
10 83 -0.0149008
10 84 -0.0046075
10 85 0.0062836
10 86 0.0174906
10 87 0.0288498
10 88 0.0399876
10 89 0.051161
10 90 0.0619147
10 91 0.0722354
10 92 0.0819419
10 93 0.0903477
10 94 0.0983269
10 95 0.105353
10 96 0.110898
10 97 0.115404
10 98 0.118631
10 99 0.12053
10 100 0.015039
10 101 0

11 0 0
11 1 0.0134836
11 2 0.108119
11 3 0.106468
11 4 0.103474
11 5 0.0993238
11 6 0.0938554
11 7 0.0875078
11 8 0.0800936
11 9 0.0719293
11 10 0.0633259
11 11 0.0537122
11 12 0.0436904
11 13 0.0333652
11 14 0.0229135
11 15 0.0125446
11 16 0.00196707
11 17 -0.00836121
11 18 -0.0180206
11 19 -0.0271267
11 20 -0.0354405
11 21 -0.0429383
11 22 -0.0492651
11 23 -0.054559
11 24 -0.0588249
11 25 -0.0621411
11 26 -0.0643034
11 27 -0.0653427
11 28 -0.0651526
11 29 -0.0639007
11 30 -0.0615113
11 31 -0.0580606
11 32 -0.0535253
11 33 -0.0483973
11 34 -0.0425669
11 35 -0.0359507
11 36 -0.0288365
11 37 -0.0215077
11 38 -0.0138704
11 39 -0.00613975
11 40 0.00142322
11 41 0.00881206
11 42 0.015845
11 43 0.0223359
11 44 0.0282627
11 45 0.0333641
11 46 0.0377934
11 47 0.0417019
11 48 0.0444587
11 49 0.0463208
11 50 0.047172
11 51 0.0469984
11 52 0.0456977
11 53 0.0433745
11 54 0.0403176
11 55 0.0363554
11 56 0.0314276
11 57 0.0257912
11 58 0.0195763
11 59 0.0127736
11 60 0.00543021
11 61 -0.00227345
11 62 -0.0102794
11 63 -0.0182852
11 64 -0.0260822
11 65 -0.033713
11 66 -0.0408179
11 67 -0.0474424
11 68 -0.0535075
11 69 -0.0587003
11 70 -0.0630294
11 71 -0.0664821
11 72 -0.0686496
11 73 -0.0698241
11 74 -0.0700079
11 75 -0.0689675
11 76 -0.0666856
11 77 -0.0632702
11 78 -0.058608
11 79 -0.0529992
11 80 -0.0463803
11 81 -0.0388201
11 82 -0.030081
11 83 -0.0206661
11 84 -0.0107961
11 85 -0.000354517
11 86 0.0104918
11 87 0.0213365
11 88 0.0321195
11 89 0.0427986
11 90 0.0530067
11 91 0.0627835
11 92 0.0720983
11 93 0.0802722
11 94 0.0877853
11 95 0.0944596
11 96 0.0999615
11 97 0.104397
11 98 0.107374
11 99 0.10927
11 100 0.0136383
11 101 0

12 0 0
12 1 0.0119351
12 2 0.0955948
12 3 0.0939113
12 4 0.0911911
12 5 0.0872736
12 6 0.0820782
12 7 0.0761704
12 8 0.069112
12 9 0.061264
12 10 0.05285
12 11 0.0436904
12 12 0.0339583
12 13 0.0242365
12 14 0.0142882
12 15 0.00421533
12 16 -0.00580869
12 17 -0.0156962
12 18 -0.024979
12 19 -0.0336487
12 20 -0.0414363
12 21 -0.0483623
12 22 -0.0541571
12 23 -0.0590331
12 24 -0.0629143
12 25 -0.0658891
12 26 -0.0676998
12 27 -0.0683436
12 28 -0.0677287
12 29 -0.0661799
12 30 -0.0634702
12 31 -0.0597334
12 32 -0.0549944
12 33 -0.0494911
12 34 -0.0433957
12 35 -0.0367331
12 36 -0.0295633
12 37 -0.0220969
12 38 -0.0143013
12 39 -0.00636358
12 40 0.00136371
12 41 0.00879923
12 42 0.0159567
12 43 0.0225064
12 44 0.0284888
12 45 0.0338124
12 46 0.0383259
12 47 0.0421255
12 48 0.0448618
12 49 0.0467017
12 50 0.0475665
12 51 0.0475133
12 52 0.0462141
12 53 0.0440315
12 54 0.0410301
12 55 0.0370702
12 56 0.0320928
12 57 0.0264526
12 58 0.020171
12 59 0.0132467
12 60 0.0059086
12 61 -0.0018217
12 62 -0.00988711
12 63 -0.0180278
12 64 -0.0260165
12 65 -0.0336174
12 66 -0.0407724
12 67 -0.0475545
12 68 -0.0537468
12 69 -0.0591011
12 70 -0.0637242
12 71 -0.0675015
12 72 -0.0700715
12 73 -0.0716772
12 74 -0.072122
12 75 -0.0714168
12 76 -0.0694607
12 77 -0.0664099
12 78 -0.0622178
12 79 -0.0571934
12 80 -0.0510101
12 81 -0.043787
12 82 -0.0355599
12 83 -0.026751
12 84 -0.0172758
12 85 -0.00736546
12 86 0.00294693
12 87 0.0133704
12 88 0.0237704
12 89 0.0339443
12 90 0.0435656
12 91 0.0529087
12 92 0.0618609
12 93 0.0699209
12 94 0.0770675
12 95 0.0833873
12 96 0.0884387
12 97 0.0925839
12 98 0.0955175
12 99 0.0973925
12 100 0.0121623
12 101 0

13 0 0
13 1 0.0103163
13 2 0.082673
13 3 0.0811395
13 4 0.0786209
13 5 0.0748681
13 6 0.0699737
13 7 0.0642928
13 8 0.0576974
13 9 0.0502149
13 10 0.042074
13 11 0.0333652
13 12 0.0242365
13 13 0.0149282
13 14 0.00526798
13 15 -0.00438362
13 16 -0.0139521
13 17 -0.0233496
13 18 -0.0320817
13 19 -0.0401623
13 20 -0.0475103
13 21 -0.0538191
13 22 -0.0592579
13 23 -0.0637352
13 24 -0.0671289
13 25 -0.0697261
13 26 -0.0712318
13 27 -0.0713296
13 28 -0.0703693
13 29 -0.0683159
13 30 -0.0653448
13 31 -0.0613406
13 32 -0.0563377
13 33 -0.0505969
13 34 -0.0442962
13 35 -0.0373409
13 36 -0.0300097
13 37 -0.0223385
13 38 -0.0143184
13 39 -0.00632165
13 40 0.00149488
13 41 0.00898084
13 42 0.0160802
13 43 0.0228215
13 44 0.0288767
13 45 0.0343679
13 46 0.0390066
13 47 0.0427169
13 48 0.0455281
13 49 0.0473751
13 50 0.0482733
13 51 0.048187
13 52 0.0469933
13 53 0.0449222
13 54 0.0418813
13 55 0.0379224
13 56 0.0329829
13 57 0.0272825
13 58 0.0208849
13 59 0.0139888
13 60 0.00653909
13 61 -0.00119841
13 62 -0.00914683
13 63 -0.0173881
13 64 -0.0254826
13 65 -0.0332394
13 66 -0.0405893
13 67 -0.0475209
13 68 -0.0539059
13 69 -0.059525
13 70 -0.0644812
13 71 -0.0684268
13 72 -0.0713524
13 73 -0.0732876
13 74 -0.0741979
13 75 -0.0738378
13 76 -0.0724295
13 77 -0.0698566
13 78 -0.0660227
13 79 -0.061297
13 80 -0.0556019
13 81 -0.0487974
13 82 -0.0412113
13 83 -0.0329405
13 84 -0.0239354
13 85 -0.0145362
13 86 -0.00479853
13 87 0.00518562
13 88 0.0150165
13 89 0.0246243
13 90 0.0339203
13 91 0.0428999
13 92 0.0512956
13 93 0.0590487
13 94 0.0658982
13 95 0.0718385
13 96 0.0767987
13 97 0.0805612
13 98 0.0833552
13 99 0.0850736
13 100 0.0106208
13 101 0

14 0 0
14 1 0.00868957
14 2 0.0695989
14 3 0.0681405
14 4 0.065828
14 5 0.0621329
14 6 0.0575541
14 7 0.0521385
14 8 0.0459453
14 9 0.0388299
14 10 0.0310945
14 11 0.0229135
14 12 0.0142882
14 13 0.00526798
14 14 -0.00385697
14 15 -0.0130138
14 16 -0.022053
14 17 -0.0309119
14 18 -0.0390769
14 19 -0.0466023
14 20 -0.0534741
14 21 -0.0593485
14 22 -0.0643283
14 23 -0.0684627
14 24 -0.0714925
14 25 -0.0734793
14 26 -0.074428
14 27 -0.0741784
14 28 -0.0728262
14 29 -0.0704589
14 30 -0.0669661
14 31 -0.0624668
14 32 -0.0572666
14 33 -0.0513266
14 34 -0.0448057
14 35 -0.0377417
14 36 -0.0301048
14 37 -0.0221931
14 38 -0.0141625
14 39 -0.00608463
14 40 0.00174716
14 41 0.00925907
14 42 0.0165714
14 43 0.023297
14 44 0.0295269
14 45 0.0351038
14 46 0.0397471
14 47 0.0434651
14 48 0.0463581
14 49 0.0482147
14 50 0.0491281
14 51 0.0491293
14 52 0.0478589
14 53 0.0457786
14 54 0.0428827
14 55 0.0389085
14 56 0.0340007
14 57 0.0283723
14 58 0.0220232
14 59 0.0149784
14 60 0.00749493
14 61 -0.000364951
14 62 -0.00832186
14 63 -0.0164799
14 64 -0.0246408
14 65 -0.0325348
14 66 -0.0400396
14 67 -0.047176
14 68 -0.0537823
14 69 -0.0596304
14 70 -0.0648393
14 71 -0.0691871
14 72 -0.072509
14 73 -0.0747074
14 74 -0.0758608
14 75 -0.0760913
14 76 -0.0752308
14 77 -0.0731185
14 78 -0.0697675
14 79 -0.0653574
14 80 -0.0600476
14 81 -0.0538484
14 82 -0.0468346
14 83 -0.0391201
14 84 -0.0305985
14 85 -0.021687
14 86 -0.0124988
14 87 -0.00314816
14 88 0.00609
14 89 0.0151376
14 90 0.0241139
14 91 0.0326652
14 92 0.0405608
14 93 0.04775
14 94 0.0543059
14 95 0.05993
14 96 0.0647008
14 97 0.0683187
14 98 0.0709765
14 99 0.0725477
14 100 0.00905463
14 101 0

15 0 0
15 1 0.00706663
15 2 0.0565902
15 3 0.0552272
15 4 0.0530087
15 5 0.049469
15 6 0.045277
15 7 0.040233
15 8 0.0344435
15 9 0.0276889
15 10 0.0203409
15 11 0.0125446
15 12 0.00421533
15 13 -0.00438362
15 14 -0.0130138
15 15 -0.0217727
15 16 -0.0302325
15 17 -0.0385881
15 18 -0.0462298
15 19 -0.0532348
15 20 -0.05958
15 21 -0.0648906
15 22 -0.0694048
15 23 -0.0730171
15 24 -0.0755661
15 25 -0.0771056
15 26 -0.0774991
15 27 -0.0767906
15 28 -0.0751625
15 29 -0.0723395
15 30 -0.0685268
15 31 -0.0635943
15 32 -0.0580813
15 33 -0.0518894
15 34 -0.045245
15 35 -0.0379402
15 36 -0.0301486
15 37 -0.0220918
15 38 -0.0141056
15 39 -0.00593056
15 40 0.00208713
15 41 0.00976241
15 42 0.0170498
15 43 0.0240393
15 44 0.0302864
15 45 0.0358639
15 46 0.040689
15 47 0.0444942
15 48 0.0473876
15 49 0.0490808
15 50 0.0499643
15 51 0.0499752
15 52 0.0488744
15 53 0.0469947
15 54 0.0439883
15 55 0.0400613
15 56 0.0351548
15 57 0.0294143
15 58 0.0230401
15 59 0.0160776
15 60 0.00846322
15 61 0.000585538
15 62 -0.00739809
15 63 -0.0155144
15 64 -0.02378
15 65 -0.0316768
15 66 -0.0393815
15 67 -0.0466678
15 68 -0.0533876
15 69 -0.0595268
15 70 -0.065131
15 71 -0.0697091
15 72 -0.0734621
15 73 -0.0759454
15 74 -0.0775566
15 75 -0.0781968
15 76 -0.0777023
15 77 -0.0760916
15 78 -0.0731708
15 79 -0.0693284
15 80 -0.0646914
15 81 -0.0590145
15 82 -0.0525537
15 83 -0.0453487
15 84 -0.0373839
15 85 -0.0291766
15 86 -0.0204718
15 87 -0.0116581
15 88 -0.00277128
15 89 0.00588393
15 90 0.0144366
15 91 0.0225837
15 92 0.0299824
15 93 0.0367587
15 94 0.0428611
15 95 0.0480889
15 96 0.0526542
15 97 0.0560219
15 98 0.0587041
15 99 0.0600347
15 100 0.00747777
15 101 0

16 0 0
16 1 0.00547644
16 2 0.0438368
16 3 0.0425473
16 4 0.0403213
16 5 0.0370634
16 6 0.033042
16 7 0.0281814
16 8 0.0225596
16 9 0.0162641
16 10 0.00931565
16 11 0.00196707
16 12 -0.00580869
16 13 -0.0139521
16 14 -0.022053
16 15 -0.0302325
16 16 -0.0382718
16 17 -0.0461082
16 18 -0.0531903
16 19 -0.0595677
16 20 -0.0654234
16 21 -0.0702887
16 22 -0.0742403
16 23 -0.0772232
16 24 -0.0792891
16 25 -0.0802885
16 26 -0.0802375
16 27 -0.0791209
16 28 -0.0770291
16 29 -0.0738657
16 30 -0.0697105
16 31 -0.0646244
16 32 -0.0587838
16 33 -0.0522694
16 34 -0.0452989
16 35 -0.0377979
16 36 -0.0298624
16 37 -0.0217346
16 38 -0.01366
16 39 -0.00541744
16 40 0.00260241
16 41 0.010364
16 42 0.0177325
16 43 0.0247125
16 44 0.0310336
16 45 0.036673
16 46 0.0416157
16 47 0.0455845
16 48 0.0485263
16 49 0.0502261
16 50 0.0510882
16 51 0.0511954
16 52 0.050188
16 53 0.048215
16 54 0.0452907
16 55 0.0412576
16 56 0.0364316
16 57 0.0306886
16 58 0.0242465
16 59 0.0172595
16 60 0.00973288
16 61 0.00193155
16 62 -0.00616241
16 63 -0.0143217
16 64 -0.0226424
16 65 -0.0307006
16 66 -0.0384816
16 67 -0.0458414
16 68 -0.0529016
16 69 -0.0593032
16 70 -0.0649475
16 71 -0.0698656
16 72 -0.0739503
16 73 -0.076898
16 74 -0.0789041
16 75 -0.0799458
16 76 -0.0798264
16 77 -0.0786057
16 78 -0.0763651
16 79 -0.0731126
16 80 -0.0691232
16 81 -0.0640817
16 82 -0.0580909
16 83 -0.0513336
16 84 -0.0441052
16 85 -0.036429
16 86 -0.0282683
16 87 -0.0199604
16 88 -0.0115972
16 89 -0.00347059
16 90 0.00456001
16 91 0.0121196
16 92 0.019099
16 93 0.025606
16 94 0.0314354
16 95 0.036479
16 96 0.0406065
16 97 0.0438115
16 98 0.0464011
16 99 0.0477138
16 100 0.00595417
16 101 0

17 0 0
17 1 0.00393611
17 2 0.0314568
17 3 0.0302372
17 4 0.0280456
17 5 0.0249209
17 6 0.0212308
17 7 0.0164859
17 8 0.0112291
17 9 0.00527986
17 10 -0.00134076
17 11 -0.00836121
17 12 -0.0156962
17 13 -0.0233496
17 14 -0.0309119
17 15 -0.0385881
17 16 -0.0461082
17 17 -0.0534319
17 18 -0.0599747
17 19 -0.0656485
17 20 -0.0708708
17 21 -0.0752522
17 22 -0.0786663
17 23 -0.0811667
17 24 -0.0827894
17 25 -0.0834325
17 26 -0.0828948
17 27 -0.0812423
17 28 -0.0785601
17 29 -0.0749056
17 30 -0.0704444
17 31 -0.0651373
17 32 -0.0590356
17 33 -0.0522953
17 34 -0.0451794
17 35 -0.0374611
17 36 -0.0293962
17 37 -0.0210567
17 38 -0.0128141
17 39 -0.00462799
17 40 0.00334979
17 41 0.0111507
17 42 0.0186326
17 43 0.0257084
17 44 0.0320559
17 45 0.0376581
17 46 0.0427184
17 47 0.0466601
17 48 0.0496678
17 49 0.0515622
17 50 0.0525445
17 51 0.0526162
17 52 0.0515955
17 53 0.0497232
17 54 0.0467311
17 55 0.042672
17 56 0.0378339
17 57 0.0320596
17 58 0.0255729
17 59 0.0185939
17 60 0.0111124
17 61 0.00339718
17 62 -0.00458055
17 63 -0.0127763
17 64 -0.0210038
17 65 -0.0292472
17 66 -0.0372829
17 67 -0.0448253
17 68 -0.0520743
17 69 -0.0585678
17 70 -0.0644499
17 71 -0.0696223
17 72 -0.074028
17 73 -0.0774667
17 74 -0.0799085
17 75 -0.0814891
17 76 -0.0819045
17 77 -0.0811067
17 78 -0.0793346
17 79 -0.0766369
17 80 -0.0730923
17 81 -0.0687248
17 82 -0.0633886
17 83 -0.0572731
17 84 -0.0506439
17 85 -0.0435001
17 86 -0.0358988
17 87 -0.0281775
17 88 -0.0202857
17 89 -0.0126546
17 90 -0.00514243
17 91 0.00204039
17 92 0.00865689
17 93 0.0147579
17 94 0.02035
17 95 0.0250908
17 96 0.0290168
17 97 0.0320099
17 98 0.0344498
17 99 0.0357177
17 100 0.00446398
17 101 0

18 0 0
18 1 0.00245008
18 2 0.0195609
18 3 0.0184242
18 4 0.0163224
18 5 0.0135109
18 6 0.00985986
18 7 0.00541617
18 8 0.000352046
18 9 -0.00518121
18 10 -0.0114123
18 11 -0.0180206
18 12 -0.024979
18 13 -0.0320817
18 14 -0.0390769
18 15 -0.0462298
18 16 -0.0531903
18 17 -0.0599747
18 18 -0.0661559
18 19 -0.0712746
18 20 -0.0757265
18 21 -0.0796833
18 22 -0.0825796
18 23 -0.0845732
18 24 -0.0856826
18 25 -0.0858414
18 26 -0.0849284
18 27 -0.0828513
18 28 -0.0797172
18 29 -0.0756519
18 30 -0.0707909
18 31 -0.0652481
18 32 -0.0588543
18 33 -0.0520397
18 34 -0.0447844
18 35 -0.0368317
18 36 -0.0286886
18 37 -0.0202206
18 38 -0.0117987
18 39 -0.00362011
18 40 0.00438156
18 41 0.0122622
18 42 0.0196907
18 43 0.026751
18 44 0.0332601
18 45 0.0389706
18 46 0.0438812
18 47 0.0479525
18 48 0.0509185
18 49 0.0530209
18 50 0.0541516
18 51 0.0541758
18 52 0.0531588
18 53 0.0511721
18 54 0.0481906
18 55 0.0442885
18 56 0.0395113
18 57 0.0336328
18 58 0.0270722
18 59 0.0201807
18 60 0.0127074
18 61 0.00503254
18 62 -0.00293583
18 63 -0.011107
18 64 -0.0193358
18 65 -0.0276203
18 66 -0.0358184
18 67 -0.043448
18 68 -0.0507664
18 69 -0.0574126
18 70 -0.063552
18 71 -0.0690979
18 72 -0.073816
18 73 -0.0776601
18 74 -0.0804282
18 75 -0.0824098
18 76 -0.0832888
18 77 -0.082978
18 78 -0.0818237
18 79 -0.0796602
18 80 -0.0765665
18 81 -0.0728905
18 82 -0.0681733
18 83 -0.0625899
18 84 -0.0564985
18 85 -0.0498684
18 86 -0.0428178
18 87 -0.0356741
18 88 -0.0283532
18 89 -0.0212441
18 90 -0.01424
18 91 -0.00749696
18 92 -0.00126474
18 93 0.00446159
18 94 0.00955039
18 95 0.0142398
18 96 0.0179329
18 97 0.0207518
18 98 0.0229267
18 99 0.0241083
18 100 0.00301827
18 101 0

19 0 0
19 1 0.00103342
19 2 0.008246
19 3 0.00725031
19 4 0.00534675
19 5 0.00264449
19 6 -0.000803044
19 7 -0.00506898
19 8 -0.00977528
19 9 -0.0151273
19 10 -0.0209818
19 11 -0.0271267
19 12 -0.0336487
19 13 -0.0401623
19 14 -0.0466023
19 15 -0.0532348
19 16 -0.0595677
19 17 -0.0656485
19 18 -0.0712746
19 19 -0.0760373
19 20 -0.0801058
19 21 -0.0835267
19 22 -0.0859736
19 23 -0.0874711
19 24 -0.0880617
19 25 -0.0876449
19 26 -0.0863433
19 27 -0.0839478
19 28 -0.0804542
19 29 -0.0761346
19 30 -0.0710292
19 31 -0.0650886
19 32 -0.0585756
19 33 -0.0514597
19 34 -0.0439053
19 35 -0.035916
19 36 -0.0275856
19 37 -0.0192
19 38 -0.0107735
19 39 -0.00227581
19 40 0.0057202
19 41 0.0136375
19 42 0.0210828
19 43 0.028129
19 44 0.0347531
19 45 0.0405251
19 46 0.0453305
19 47 0.0492778
19 48 0.052254
19 49 0.0544548
19 50 0.0557152
19 51 0.0557688
19 52 0.0547735
19 53 0.0528086
19 54 0.0497959
19 55 0.0460481
19 56 0.0412223
19 57 0.0354365
19 58 0.0289872
19 59 0.0220927
19 60 0.0147217
19 61 0.00708604
19 62 -0.0010866
19 63 -0.0092716
19 64 -0.0174578
19 65 -0.0257801
19 66 -0.0340018
19 67 -0.0418396
19 68 -0.0491838
19 69 -0.0560351
19 70 -0.0625544
19 71 -0.0683328
19 72 -0.0733256
19 73 -0.0774116
19 74 -0.0805442
19 75 -0.0829022
19 76 -0.0842469
19 77 -0.08439
19 78 -0.0836998
19 79 -0.0821755
19 80 -0.0796755
19 81 -0.0763115
19 82 -0.0720703
19 83 -0.0670632
19 84 -0.0615096
19 85 -0.0555178
19 86 -0.0491497
19 87 -0.0426449
19 88 -0.0358372
19 89 -0.0292307
19 90 -0.0228921
19 91 -0.0165427
19 92 -0.010692
19 93 -0.00539468
19 94 -0.000523675
19 95 0.00375244
19 96 0.00741768
19 97 0.0101569
19 98 0.0120834
19 99 0.0130227
19 100 0.00161976
19 101 0

20 0 0
20 1 -0.000288661
20 2 -0.00234194
20 3 -0.00322142
20 4 -0.00509619
20 5 -0.00764702
20 6 -0.0109271
20 7 -0.0149034
20 8 -0.0192748
20 9 -0.0244179
20 10 -0.0298686
20 11 -0.0354405
20 12 -0.0414363
20 13 -0.0475103
20 14 -0.0534741
20 15 -0.05958
20 16 -0.0654234
20 17 -0.0708708
20 18 -0.0757265
20 19 -0.0801058
20 20 -0.0837093
20 21 -0.0865364
20 22 -0.0885811
20 23 -0.089776
20 24 -0.0898597
20 25 -0.088862
20 26 -0.0872117
20 27 -0.0843899
20 28 -0.0804865
20 29 -0.0760281
20 30 -0.0707311
20 31 -0.0645164
20 32 -0.0577504
20 33 -0.0503143
20 34 -0.0426298
20 35 -0.0347421
20 36 -0.0263388
20 37 -0.0178053
20 38 -0.00933392
20 39 -0.000841872
20 40 0.00727052
20 41 0.0152255
20 42 0.0228306
20 43 0.0297862
20 44 0.0363341
20 45 0.0420621
20 46 0.0468354
20 47 0.050836
20 48 0.0539286
20 49 0.056136
20 50 0.0574295
20 51 0.0574904
20 52 0.0565383
20 53 0.0545659
20 54 0.0516146
20 55 0.0478366
20 56 0.043003
20 57 0.0373946
20 58 0.0311897
20 59 0.0243279
20 60 0.0169935
20 61 0.00922259
20 62 0.00114673
20 63 -0.00711511
20 64 -0.0153003
20 65 -0.0235501
20 66 -0.0318731
20 67 -0.0398273
20 68 -0.0473758
20 69 -0.054441
20 70 -0.0610569
20 71 -0.0669432
20 72 -0.0721824
20 73 -0.0766162
20 74 -0.0800507
20 75 -0.0827833
20 76 -0.0846249
20 77 -0.0852459
20 78 -0.0850995
20 79 -0.0840785
20 80 -0.0819953
20 81 -0.0790037
20 82 -0.0752539
20 83 -0.0710194
20 84 -0.0660925
20 85 -0.0606796
20 86 -0.0548675
20 87 -0.0489343
20 88 -0.0427918
20 89 -0.0366407
20 90 -0.0307311
20 91 -0.0249871
20 92 -0.0195988
20 93 -0.0146014
20 94 -0.00999675
20 95 -0.00612613
20 96 -0.00268293
20 97 -8.39793e-06
20 98 0.00163581
20 99 0.00262986
20 100 0.00034121
20 101 0

21 0 0
21 1 -0.00150588
21 2 -0.0120797
21 3 -0.0128397
21 4 -0.0146632
21 5 -0.0172051
21 6 -0.020263
21 7 -0.0238407
21 8 -0.0279874
21 9 -0.0327323
21 10 -0.0377509
21 11 -0.0429383
21 12 -0.0483623
21 13 -0.0538191
21 14 -0.0593485
21 15 -0.0648906
21 16 -0.0702887
21 17 -0.0752522
21 18 -0.0796833
21 19 -0.0835267
21 20 -0.0865364
21 21 -0.0887727
21 22 -0.0903865
21 23 -0.0910434
21 24 -0.0906716
21 25 -0.0893595
21 26 -0.0872953
21 27 -0.0841339
21 28 -0.0801235
21 29 -0.0752659
21 30 -0.0696574
21 31 -0.0633124
21 32 -0.0562846
21 33 -0.0488371
21 34 -0.0410944
21 35 -0.0331222
21 36 -0.0247243
21 37 -0.0160951
21 38 -0.00747335
21 39 0.00105366
21 40 0.00919604
21 41 0.0170295
21 42 0.0245043
21 43 0.0315712
21 44 0.0380368
21 45 0.0436546
21 46 0.0486029
21 47 0.0526489
21 48 0.0558035
21 49 0.0579481
21 50 0.0589798
21 51 0.0591208
21 52 0.0583595
21 53 0.0564392
21 54 0.0534765
21 55 0.0497459
21 56 0.0451093
21 57 0.0395776
21 58 0.0334505
21 59 0.026687
21 60 0.0193466
21 61 0.011707
21 62 0.00365963
21 63 -0.0046428
21 64 -0.0129259
21 65 -0.0211288
21 66 -0.0292409
21 67 -0.0374057
21 68 -0.0450857
21 69 -0.0522546
21 70 -0.0590566
21 71 -0.0651201
21 72 -0.0704588
21 73 -0.0751399
21 74 -0.078949
21 75 -0.0818842
21 76 -0.0841815
21 77 -0.085379
21 78 -0.0856744
21 79 -0.085101
21 80 -0.0835722
21 81 -0.0810657
21 82 -0.0779563
21 83 -0.0743515
21 84 -0.0699505
21 85 -0.0650064
21 86 -0.059743
21 87 -0.0542697
21 88 -0.0487997
21 89 -0.0432132
21 90 -0.0377448
21 91 -0.0326022
21 92 -0.0276616
21 93 -0.0229593
21 94 -0.018847
21 95 -0.0151872
21 96 -0.0119415
21 97 -0.00952067
21 98 -0.00785832
21 99 -0.00699092
21 100 -0.000865021
21 101 0

22 0 0
22 1 -0.00259824
22 2 -0.0208498
22 3 -0.0215808
22 4 -0.0232324
22 5 -0.0255583
22 6 -0.0284532
22 7 -0.0317393
22 8 -0.0356349
22 9 -0.0398758
22 10 -0.0444789
22 11 -0.0492651
22 12 -0.0541571
22 13 -0.0592579
22 14 -0.0643283
22 15 -0.0694048
22 16 -0.0742403
22 17 -0.0786663
22 18 -0.0825796
22 19 -0.0859736
22 20 -0.0885811
22 21 -0.0903865
22 22 -0.0913804
22 23 -0.0915897
22 24 -0.0907124
22 25 -0.0891025
22 26 -0.0866501
22 27 -0.0831309
22 28 -0.0788913
22 29 -0.0738875
22 30 -0.0680984
22 31 -0.0615973
22 32 -0.0544998
22 33 -0.0469785
22 34 -0.0390726
22 35 -0.0308986
22 36 -0.0225029
22 37 -0.0138958
22 38 -0.00535037
22 39 0.00308125
22 40 0.0112085
22 41 0.018896
22 42 0.0264285
22 43 0.0334753
22 44 0.0398355
22 45 0.0455461
22 46 0.0503427
22 47 0.0543736
22 48 0.0574378
22 49 0.0596128
22 50 0.0606427
22 51 0.0608488
22 52 0.0601007
22 53 0.0582533
22 54 0.0553841
22 55 0.0517008
22 56 0.0471347
22 57 0.0417822
22 58 0.0357262
22 59 0.0290517
22 60 0.0218439
22 61 0.0143082
22 62 0.00638509
22 63 -0.00183737
22 64 -0.0101365
22 65 -0.018334
22 66 -0.0264407
22 67 -0.0345285
22 68 -0.0422956
22 69 -0.049652
22 70 -0.0565634
22 71 -0.0627194
22 72 -0.0681814
22 73 -0.0730147
22 74 -0.0771288
22 75 -0.0804032
22 76 -0.0830382
22 77 -0.0847613
22 78 -0.085445
22 79 -0.0853678
22 80 -0.0843494
22 81 -0.0825162
22 82 -0.0799469
22 83 -0.0767683
22 84 -0.072908
22 85 -0.0685592
22 86 -0.0637644
22 87 -0.0588367
22 88 -0.0538118
22 89 -0.0488065
22 90 -0.0438613
22 91 -0.0391865
22 92 -0.0347052
22 93 -0.0303889
22 94 -0.0265763
22 95 -0.0231816
22 96 -0.0203054
22 97 -0.0180167
22 98 -0.016604
22 99 -0.0157641
22 100 -0.00195244
22 101 0

23 0 0
23 1 -0.00354263
23 2 -0.0285439
23 3 -0.0293486
23 4 -0.030834
23 5 -0.0328593
23 6 -0.035461
23 7 -0.0385486
23 8 -0.0421373
23 9 -0.0459126
23 10 -0.0501047
23 11 -0.054559
23 12 -0.0590331
23 13 -0.0637352
23 14 -0.0684627
23 15 -0.0730171
23 16 -0.0772232
23 17 -0.0811667
23 18 -0.0845732
23 19 -0.0874711
23 20 -0.089776
23 21 -0.0910434
23 22 -0.0915897
23 23 -0.0912066
23 24 -0.089991
23 25 -0.0880949
23 26 -0.0853708
23 27 -0.081597
23 28 -0.0771942
23 29 -0.0719671
23 30 -0.0659609
23 31 -0.0594301
23 32 -0.0522078
23 33 -0.0447416
23 34 -0.0367824
23 35 -0.028429
23 36 -0.0200057
23 37 -0.0114757
23 38 -0.0029605
23 39 0.00528042
23 40 0.0133481
23 41 0.0210292
23 42 0.0283798
23 43 0.0352675
23 44 0.0416894
23 45 0.0473879
23 46 0.0521433
23 47 0.0557983
23 48 0.0588247
23 49 0.0609431
23 50 0.0621085
23 51 0.0622785
23 52 0.0615929
23 53 0.0597544
23 54 0.0571876
23 55 0.0536505
23 56 0.0492032
23 57 0.0438983
23 58 0.0379794
23 59 0.0314047
23 60 0.0243852
23 61 0.0169663
23 62 0.0091584
23 63 0.0011296
23 64 -0.00702929
23 65 -0.015399
23 66 -0.0233745
23 67 -0.0313205
23 68 -0.0391942
23 69 -0.0466823
23 70 -0.0536288
23 71 -0.0598712
23 72 -0.0653824
23 73 -0.0705017
23 74 -0.0748635
23 75 -0.0783436
23 76 -0.0813179
23 77 -0.0832837
23 78 -0.0844498
23 79 -0.0848099
23 80 -0.0843856
23 81 -0.0831527
23 82 -0.0810803
23 83 -0.0782753
23 84 -0.0749416
23 85 -0.071214
23 86 -0.0670797
23 87 -0.0625919
23 88 -0.0580579
23 89 -0.0535655
23 90 -0.0489826
23 91 -0.044764
23 92 -0.0406586
23 93 -0.0367556
23 94 -0.0334199
23 95 -0.0301986
23 96 -0.0275989
23 97 -0.0256515
23 98 -0.0242658
23 99 -0.023576
23 100 -0.00293082
23 101 0

24 0 0
24 1 -0.00435188
24 2 -0.0350886
24 3 -0.035876
24 4 -0.0371114
24 5 -0.0390827
24 6 -0.0413776
24 7 -0.044394
24 8 -0.0476224
24 9 -0.0510092
24 10 -0.0548524
24 11 -0.0588249
24 12 -0.0629143
24 13 -0.0671289
24 14 -0.0714925
24 15 -0.0755661
24 16 -0.0792891
24 17 -0.0827894
24 18 -0.0856826
24 19 -0.0880617
24 20 -0.0898597
24 21 -0.0906716
24 22 -0.0907124
24 23 -0.089991
24 24 -0.088565
24 25 -0.0863928
24 26 -0.0833483
24 27 -0.0793283
24 28 -0.0747158
24 29 -0.0693903
24 30 -0.0633112
24 31 -0.0566212
24 32 -0.0496041
24 33 -0.0420443
24 34 -0.0339762
24 35 -0.0256489
24 36 -0.0172898
24 37 -0.00891764
24 38 -0.00032264
24 39 0.00795894
24 40 0.0158794
24 41 0.023499
24 42 0.0306645
24 43 0.0372651
24 44 0.0433581
24 45 0.0489304
24 46 0.0535837
24 47 0.0572678
24 48 0.0603699
24 49 0.0624224
24 50 0.0635421
24 51 0.0636922
24 52 0.0629596
24 53 0.0614013
24 54 0.0588946
24 55 0.0555727
24 56 0.051144
24 57 0.0460193
24 58 0.0403416
24 59 0.0339198
24 60 0.0271735
24 61 0.0198535
24 62 0.0121476
24 63 0.0043094
24 64 -0.00371891
24 65 -0.0119861
24 66 -0.0200297
24 67 -0.0279825
24 68 -0.0357503
24 69 -0.0431801
24 70 -0.0501425
24 71 -0.0564612
24 72 -0.0621984
24 73 -0.0673782
24 74 -0.0720063
24 75 -0.0757107
24 76 -0.0788151
24 77 -0.0812019
24 78 -0.082733
24 79 -0.0834842
24 80 -0.0834839
24 81 -0.0827092
24 82 -0.0812476
24 83 -0.0789417
24 84 -0.0761717
24 85 -0.0730498
24 86 -0.0693521
24 87 -0.0654378
24 88 -0.0614493
24 89 -0.057316
24 90 -0.0533217
24 91 -0.0493754
24 92 -0.045819
24 93 -0.042448
24 94 -0.0392839
24 95 -0.0363903
24 96 -0.0337151
24 97 -0.0320289
24 98 -0.0308073
24 99 -0.0303254
24 100 -0.00378461
24 101 0

25 0 0
25 1 -0.00501992
25 2 -0.0404021
25 3 -0.0410691
25 4 -0.0421633
25 5 -0.0438385
25 6 -0.0460365
25 7 -0.048804
25 8 -0.0518766
25 9 -0.0550475
25 10 -0.0584785
25 11 -0.0621411
25 12 -0.0658891
25 13 -0.0697261
25 14 -0.0734793
25 15 -0.0771056
25 16 -0.0802885
25 17 -0.0834325
25 18 -0.0858414
25 19 -0.0876449
25 20 -0.088862
25 21 -0.0893595
25 22 -0.0891025
