0 0 0
0 1 0
0 2 0
0 3 0
0 4 0
0 5 0
0 6 0
0 7 0
0 8 0
0 9 0
0 10 0
0 11 0
0 12 0
0 13 0
0 14 0
0 15 0
0 16 0
0 17 0
0 18 0
0 19 0
0 20 0
0 21 0
0 22 0
0 23 0
0 24 0
0 25 0
0 26 0
0 27 0
0 28 0
0 29 0
0 30 0
0 31 0
0 32 0
0 33 0
0 34 0
0 35 0
0 36 0
0 37 0
0 38 0
0 39 0
0 40 0
0 41 0
0 42 0
0 43 0
0 44 0
0 45 0
0 46 0
0 47 0
0 48 0
0 49 0
0 50 0
0 51 0
0 52 0
0 53 0
0 54 0
0 55 0
0 56 0
0 57 0
0 58 0
0 59 0
0 60 0
0 61 0
0 62 0
0 63 0
0 64 0
0 65 0
0 66 0
0 67 0
0 68 0
0 69 0
0 70 0
0 71 0
0 72 0
0 73 0
0 74 0
0 75 0
0 76 0
0 77 0
0 78 0
0 79 0
0 80 0
0 81 0
0 82 0
0 83 0
0 84 0
0 85 0
0 86 0
0 87 0
0 88 0
0 89 0
0 90 0
0 91 0
0 92 0
0 93 0
0 94 0
0 95 0
0 96 0
0 97 0
0 98 0
0 99 0
0 100 0
0 101 0

1 0 0
1 1 0
1 2 0.0327404
1 3 0.032335
1 4 0.0316533
1 5 0.0307049
1 6 0.0295096
1 7 0.0280853
1 8 0.0264537
1 9 0.0246303
1 10 0.0226376
1 11 0.0205146
1 12 0.0182865
1 13 0.0159898
1 14 0.0136568
1 15 0.0113229
1 16 0.00900912
1 17 0.00676334
1 18 0.00461845
1 19 0.00258208
1 20 0.00069851
1 21 -0.00101267
1 22 -0.00252403
1 23 -0.00382097
1 24 -0.00488223
1 25 -0.00569381
1 26 -0.00626399
1 27 -0.006579
1 28 -0.00664131
1 29 -0.00645685
1 30 -0.00603278
1 31 -0.00538371
1 32 -0.00452758
1 33 -0.00347893
1 34 -0.0022612
1 35 -0.000902685
1 36 0.000564207
1 37 0.00211827
1 38 0.00372622
1 39 0.00535302
1 40 0.00698073
1 41 0.00857119
1 42 0.0100932
1 43 0.0115166
1 44 0.0128214
1 45 0.0139836
1 46 0.0149756
1 47 0.0157848
1 48 0.0163899
1 49 0.0167805
1 50 0.0169471
1 51 0.0168858
1 52 0.0166041
1 53 0.0161079
1 54 0.0154008
1 55 0.0144899
1 56 0.0133915
1 57 0.012134
1 58 0.010736
1 59 0.00923158
1 60 0.00764001
1 61 0.00597608
1 62 0.00427759
1 63 0.00258288
1 64 0.000928569
1 65 -0.000669469
1 66 -0.00217836
1 67 -0.00355928
1 68 -0.00479128
1 69 -0.00585246
1 70 -0.00671688
1 71 -0.00735855
1 72 -0.00777227
1 73 -0.00794537
1 74 -0.00785648
1 75 -0.00751011
1 76 -0.00690788
1 77 -0.00603912
1 78 -0.00492844
1 79 -0.0035826
1 80 -0.00202155
1 81 -0.000265466
1 82 0.00167618
1 83 0.00376324
1 84 0.00597534
1 85 0.00827803
1 86 0.0106457
1 87 0.0130347
1 88 0.0154124
1 89 0.0177582
1 90 0.0200339
1 91 0.0222095
1 92 0.0242421
1 93 0.0261126
1 94 0.0277805
1 95 0.0292261
1 96 0.0304423
1 97 0.0314049
1 98 0.0320983
1 99 0.0325022
1 100 0
1 101 0

2 0 0
2 1 0.0327404
2 2 0.26264
2 3 0.259382
2 4 0.253922
2 5 0.24634
2 6 0.236757
2 7 0.225319
2 8 0.212188
2 9 0.197536
2 10 0.181571
2 11 0.164531
2 12 0.146676
2 13 0.128259
2 14 0.109545
2 15 0.090794
2 16 0.0722683
2 17 0.0542408
2 18 0.0369609
2 19 0.0206488
2 20 0.00553277
2 21 -0.00817547
2 22 -0.0202983
2 23 -0.0306849
2 24 -0.0392028
2 25 -0.0457664
2 26 -0.0503295
2 27 -0.0528559
2 28 -0.0533656
2 29 -0.0518839
2 30 -0.048494
2 31 -0.0432992
2 32 -0.0364278
2 33 -0.0280303
2 34 -0.0182901
2 35 -0.00741862
2 36 0.00436087
2 37 0.0168263
2 38 0.0297287
2 39 0.0428135
2 40 0.055842
2 41 0.0685777
2 42 0.0807803
2 43 0.0922152
2 44 0.102686
2 45 0.11199
2 46 0.119953
2 47 0.126425
2 48 0.131271
2 49 0.134398
2 50 0.135743
2 51 0.135275
2 52 0.133021
2 53 0.129022
2 54 0.123329
2 55 0.116033
2 56 0.107266
2 57 0.0971947
2 58 0.0860023
2 59 0.0738908
2 60 0.0610705
2 61 0.0477383
2 62 0.0341472
2 63 0.0205683
2 64 0.0072521
2 65 -0.00556569
2 66 -0.0176355
2 67 -0.0287183
2 68 -0.0385976
2 69 -0.0470847
2 70 -0.0539973
2 71 -0.059169
2 72 -0.0624796
2 73 -0.0638209
2 74 -0.0631237
2 75 -0.0603352
2 76 -0.0554628
2 77 -0.0485334
2 78 -0.0396205
2 79 -0.0288323
2 80 -0.0163041
2 81 -0.00217664
2 82 0.0133808
2 83 0.030141
2 84 0.0478815
2 85 0.0663666
2 86 0.0853343
2 87 0.104514
2 88 0.123635
2 89 0.142446
2 90 0.160702
2 91 0.178126
2 92 0.194452
2 93 0.209433
2 94 0.222837
2 95 0.234484
2 96 0.244225
2 97 0.251922
2 98 0.257455
2 99 0.260733
2 100 0.0325022
2 101 0

3 0 0
3 1 0.032335
3 2 0.259382
3 3 0.256145
3 4 0.250739
3 5 0.243242
3 6 0.233724
3 7 0.222343
3 8 0.209243
3 9 0.194657
3 10 0.178812
3 11 0.161879
3 12 0.144159
3 13 0.125877
3 14 0.107294
3 15 0.0886398
3 16 0.0702729
3 17 0.0523481
3 18 0.0351025
3 19 0.0189247
3 20 0.00391766
3 21 -0.0096593
3 22 -0.0216763
3 23 -0.0319484
3 24 -0.0403894
3 25 -0.0469347
3 26 -0.0514139
3 27 -0.0538792
3 28 -0.0543447
3 29 -0.0528277
3 30 -0.0494234
3 31 -0.0442168
3 32 -0.0373285
3 33 -0.0289482
3 34 -0.0192435
3 35 -0.00841668
3 36 0.00335557
3 37 0.0158073
3 38 0.0287032
3 39 0.0418008
3 40 0.0547711
3 41 0.0674444
3 42 0.0796028
3 43 0.0910265
3 44 0.101478
3 45 0.11074
3 46 0.118686
3 47 0.125118
3 48 0.129946
3 49 0.133062
3 50 0.134421
3 51 0.133988
3 52 0.13175
3 53 0.12774
3 54 0.122044
3 55 0.114793
3 56 0.106115
3 57 0.0961015
3 58 0.0849704
3 59 0.0728443
3 60 0.0599942
3 61 0.046714
3 62 0.0332042
3 63 0.0196707
3 64 0.00633161
3 65 -0.006455
3 66 -0.018468
3 67 -0.0295376
3 68 -0.039404
3 69 -0.0478692
3 70 -0.054766
3 71 -0.0599797
3 72 -0.0633069
3 73 -0.0646387
3 74 -0.064
3 75 -0.0612622
3 76 -0.0564199
3 77 -0.0496107
3 78 -0.0407904
3 79 -0.0301122
3 80 -0.0176777
3 81 -0.00361699
3 82 0.0118013
3 83 0.0284611
3 84 0.0460766
3 85 0.064445
3 86 0.0832603
3 87 0.102328
3 88 0.121374
3 89 0.140062
3 90 0.158193
3 91 0.175468
3 92 0.191707
3 93 0.206568
3 94 0.219912
3 95 0.231541
3 96 0.241197
3 97 0.248805
3 98 0.254263
3 99 0.257569
3 100 0.0321125
3 101 0

4 0 0
4 1 0.0316533
4 2 0.253922
4 3 0.250739
4 4 0.245371
4 5 0.237925
4 6 0.228545
4 7 0.217251
4 8 0.204279
4 9 0.189823
4 10 0.174126
4 11 0.157326
4 12 0.13977
4 13 0.121623
4 14 0.103184
4 15 0.0847204
4 16 0.0665282
4 17 0.0487794
4 18 0.0316939
4 19 0.0156634
4 20 0.000831383
4 21 -0.0126013
4 22 -0.0244603
4 23 -0.0345484
4 24 -0.0428509
4 25 -0.049258
4 26 -0.053632
4 27 -0.0560306
4 28 -0.0564013
4 29 -0.0548139
4 30 -0.0513336
4 31 -0.0460355
4 32 -0.0391001
4 33 -0.0306727
4 34 -0.0209697
4 35 -0.0101247
4 36 0.00167728
4 37 0.0140919
4 38 0.0269275
4 39 0.040001
4 40 0.0529788
4 41 0.0656676
4 42 0.0777877
4 43 0.0892214
4 44 0.0996439
4 45 0.108894
4 46 0.116839
4 47 0.123252
4 48 0.128064
4 49 0.13121
4 50 0.132568
4 51 0.132202
4 52 0.129957
4 53 0.125952
4 54 0.120238
4 55 0.113018
4 56 0.104379
4 57 0.0944054
4 58 0.0833058
4 59 0.0712158
4 60 0.0583395
4 61 0.0451281
4 62 0.0316447
4 63 0.0181193
4 64 0.0048082
4 65 -0.0079675
4 66 -0.0199652
4 67 -0.0310395
4 68 -0.0409529
4 69 -0.0494562
4 70 -0.056394
4 71 -0.0616233
4 72 -0.0650169
4 73 -0.0663921
4 74 -0.0657957
4 75 -0.0631877
4 76 -0.0584982
4 77 -0.0518515
4 78 -0.0432035
4 79 -0.0326785
4 80 -0.0203644
4 81 -0.00644817
4 82 0.00881812
4 83 0.0253085
4 84 0.0427528
4 85 0.0609535
4 86 0.0795572
4 87 0.0984297
4 88 0.117327
4 89 0.135864
4 90 0.153837
4 91 0.170919
4 92 0.186996
4 93 0.201739
4 94 0.214994
4 95 0.226503
4 96 0.236066
4 97 0.2436
4 98 0.249016
4 99 0.252266
4 100 0.0314497
4 101 0

5 0 0
5 1 0.0307049
5 2 0.24634
5 3 0.243242
5 4 0.237925
5 5 0.23058
5 6 0.221284
5 7 0.210156
5 8 0.197309
5 9 0.183023
5 10 0.167522
5 11 0.150938
5 12 0.133563
5 13 0.115623
5 14 0.0973832
5 15 0.079133
5 16 0.0611301
5 17 0.0435918
5 18 0.0267676
5 19 0.0109638
5 20 -0.00364029
5 21 -0.0168971
5 22 -0.0285231
5 23 -0.0384256
5 24 -0.0465065
5 25 -0.0527417
5 26 -0.0569724
5 27 -0.0592689
5 28 -0.0595018
5 29 -0.0577688
5 30 -0.0541625
5 31 -0.0487871
5 32 -0.0417683
5 33 -0.0332922
5 34 -0.0235074
5 35 -0.0125968
5 36 -0.000724093
5 37 0.0116826
5 38 0.0244773
5 39 0.0375303
5 40 0.0505455
5 41 0.0632587
5 42 0.0754028
5 43 0.0868541
5 44 0.0972389
5 45 0.106497
5 46 0.114443
5 47 0.120857
5 48 0.125685
5 49 0.128828
5 50 0.130206
5 51 0.129843
5 52 0.127661
5 53 0.123666
5 54 0.118004
5 55 0.110776
5 56 0.102129
5 57 0.0921676
5 58 0.0810623
5 59 0.0690141
5 60 0.0561623
5 61 0.0429463
5 62 0.0294657
5 63 0.0159673
5 64 0.00269871
5 65 -0.0100907
5 66 -0.0221016
5 67 -0.0332355
5 68 -0.0431836
5 69 -0.051752
5 70 -0.0587393
5 71 -0.0640774
5 72 -0.0675862
5 73 -0.069109
5 74 -0.0686366
5 75 -0.0661618
5 76 -0.0616299
5 77 -0.055174
5 78 -0.0466962
5 79 -0.0363834
5 80 -0.0242555
5 81 -0.0105777
5 82 0.00444289
5 83 0.0206925
5 84 0.0379237
5 85 0.0559116
5 86 0.0742931
5 87 0.0929354
5 88 0.111573
5 89 0.12994
5 90 0.14771
5 91 0.164583
5 92 0.18046
5 93 0.194987
5 94 0.208063
5 95 0.219464
5 96 0.228937
5 97 0.236428
5 98 0.241786
5 99 0.244911
5 100 0.0305257
5 101 0

6 0 0
6 1 0.0295096
6 2 0.236757
6 3 0.233724
6 4 0.228545
6 5 0.221284
6 6 0.212085
6 7 0.201123
6 8 0.188452
6 9 0.174371
6 10 0.159112
6 11 0.142771
6 12 0.125586
6 13 0.107897
6 14 0.0898949
6 15 0.0719379
6 16 0.0541948
6 17 0.0369315
6 18 0.0204407
6 19 0.0048903
6 20 -0.00941204
6 21 -0.0224074
6 22 -0.0338075
6 23 -0.0435129
6 24 -0.0513831
6 25 -0.0573426
6 26 -0.0613729
6 27 -0.0634437
6 28 -0.0634898
6 29 -0.0616225
6 30 -0.0578671
6 31 -0.0523758
6 32 -0.0452515
6 33 -0.036661
6 34 -0.0267989
6 35 -0.0158383
6 36 -0.00391158
6 37 0.00854107
6 38 0.0214192
6 39 0.034515
6 40 0.0475686
6 41 0.0602909
6 42 0.0724366
6 43 0.0838894
6 44 0.0942581
6 45 0.103503
6 46 0.111485
6 47 0.117943
6 48 0.122777
6 49 0.125946
6 50 0.127315
6 51 0.126925
6 52 0.124775
6 53 0.120839
6 54 0.115242
6 55 0.10802
6 56 0.0993355
6 57 0.0893976
6 58 0.0783046
6 59 0.0662746
6 60 0.0535093
6 61 0.0402955
6 62 0.0267672
6 63 0.0132711
6 64 8.36509e-06
6 65 -0.0128155
6 66 -0.0248881
6 67 -0.03608
6 68 -0.0461043
6 69 -0.054756
6 70 -0.0618522
6 71 -0.0673177
6 72 -0.070958
6 73 -0.072679
6 74 -0.0723929
6 75 -0.0700866
6 76 -0.0657774
6 77 -0.059502
6 78 -0.0512614
6 79 -0.0411633
6 80 -0.0292931
6 81 -0.0159535
6 82 -0.00120443
6 83 0.0147327
6 84 0.0316897
6 85 0.0493668
6 86 0.067497
6 87 0.0858891
6 88 0.104248
6 89 0.12234
6 90 0.139835
6 91 0.156517
6 92 0.17215
6 93 0.18646
6 94 0.199335
6 95 0.210585
6 96 0.219917
6 97 0.227284
6 98 0.232572
6 99 0.235629
6 100 0.029368
6 101 0

7 0 0
7 1 0.0280853
7 2 0.225319
7 3 0.222343
7 4 0.217251
7 5 0.210156
7 6 0.201123
7 7 0.190363
7 8 0.17791
7 9 0.164065
7 10 0.148976
7 11 0.132894
7 12 0.115974
7 13 0.0986105
7 14 0.0809228
7 15 0.0632506
7 16 0.0458746
7 17 0.0289278
7 18 0.0127695
7 19 -0.0024626
7 20 -0.0164642
7 21 -0.0291476
7 22 -0.0402409
7 23 -0.049699
7 24 -0.0572998
7 25 -0.0629999
7 26 -0.066742
7 27 -0.0685326
7 28 -0.0683739
7 29 -0.0662674
7 30 -0.0623826
7 31 -0.0567202
7 32 -0.0494374
7 33 -0.0407108
7 34 -0.0307568
7 35 -0.0196979
7 36 -0.00769493
7 37 0.00487429
7 38 0.0178505
7 39 0.0309902
7 40 0.044043
7 41 0.0567913
7 42 0.0689812
7 43 0.0804567
7 44 0.0908291
7 45 0.100075
7 46 0.108046
7 47 0.114516
7 48 0.119371
7 49 0.122572
7 50 0.12393
7 51 0.123542
7 52 0.121414
7 53 0.117503
7 54 0.111958
7 55 0.104778
7 56 0.0961281
7 57 0.086197
7 58 0.0751142
7 59 0.0631337
7 60 0.0503867
7 61 0.0371846
7 62 0.023636
7 63 0.010095
7 64 -0.00319058
7 65 -0.0160725
7 66 -0.0282617
7 67 -0.0395027
7 68 -0.0495798
7 69 -0.0583706
7 70 -0.0656133
7 71 -0.0712173
7 72 -0.0750831
7 73 -0.0769605
7 74 -0.0769039
7 75 -0.0748474
7 76 -0.0707957
7 77 -0.0647994
7 78 -0.0568247
7 79 -0.0470217
7 80 -0.0354743
7 81 -0.0224533
7 82 -0.00804886
7 83 0.00759309
7 84 0.024209
7 85 0.0414913
7 86 0.0593086
7 87 0.0773843
7 88 0.095419
7 89 0.113193
7 90 0.130362
7 91 0.146803
7 92 0.162207
7 93 0.176289
7 94 0.18893
7 95 0.199989
7 96 0.209132
7 97 0.216341
7 98 0.221521
7 99 0.224556
7 100 0.027993
7 101 0

8 0 0
8 1 0.0264537
8 2 0.212188
8 3 0.209243
8 4 0.204279
8 5 0.197309
8 6 0.188452
8 7 0.17791
8 8 0.165777
8 9 0.152157
8 10 0.137344
8 11 0.121507
8 12 0.104959
8 13 0.0879504
8 14 0.0706301
8 15 0.0532886
8 16 0.0362403
8 17 0.0196811
8 18 0.00387037
8 19 -0.0109792
8 20 -0.024638
8 21 -0.0369549
8 22 -0.0477046
8 23 -0.0567758
8 24 -0.0640669
8 25 -0.0694853
8 26 -0.0729596
8 27 -0.0744691
8 28 -0.0740413
8 29 -0.0716948
8 30 -0.0675626
8 31 -0.0617427
8 32 -0.0543085
8 33 -0.0453909
8 34 -0.0352736
8 35 -0.0240725
8 36 -0.0120123
8 37 0.000666044
8 38 0.0137016
8 39 0.0268604
8 40 0.0399757
8 41 0.0527819
8 42 0.0650418
8 43 0.0765394
8 44 0.0869649
8 45 0.0962501
8 46 0.104224
8 47 0.110696
8 48 0.115586
8 49 0.118758
8 50 0.120132
8 51 0.119792
8 52 0.117664
8 53 0.113782
8 54 0.108283
8 55 0.101147
8 56 0.0925154
8 57 0.0826211
8 58 0.071549
8 59 0.059569
8 60 0.0468374
8 61 0.0335803
8 62 0.0200225
8 63 0.00643497
8 64 -0.00689708
8 65 -0.0198086
8 66 -0.0321019
8 67 -0.0434161
8 68 -0.053603
8 69 -0.0625211
8 70 -0.0699501
8 71 -0.075735
8 72 -0.0797914
8 73 -0.0819325
8 74 -0.082145
8 75 -0.0803562
8 76 -0.0765725
8 77 -0.0708695
8 78 -0.0632253
8 79 -0.053794
8 80 -0.0426447
8 81 -0.0299689
8 82 -0.0159427
8 83 -0.000701689
8 84 0.0155003
8 85 0.0323962
8 86 0.049843
8 87 0.0675786
8 88 0.0853178
8 89 0.102706
8 90 0.119518
8 91 0.135621
8 92 0.150743
8 93 0.164559
8 94 0.176951
8 95 0.187742
8 96 0.196719
8 97 0.20377
8 98 0.208845
8 99 0.211839
8 100 0.0264115
8 101 0

9 0 0
9 1 0.0246303
9 2 0.197536
9 3 0.194657
9 4 0.189823
9 5 0.183023
9 6 0.174371
9 7 0.164065
9 8 0.152157
9 9 0.13888
9 10 0.124324
9 11 0.108843
9 12 0.09266
9 13 0.076047
9 14 0.0590883
9 15 0.0421439
9 16 0.0254545
9 17 0.00927734
9 18 -0.00608271
9 19 -0.0205513
9 20 -0.0337734
9 21 -0.0457063
9 22 -0.0560326
9 23 -0.0647035
9 24 -0.0715997
9 25 -0.0767336
9 26 -0.0798932
9 27 -0.0811186
9 28 -0.0803859
9 29 -0.077712
9 30 -0.0733244
9 31 -0.0672601
9 32 -0.0596539
9 33 -0.0505769
9 34 -0.0402471
9 35 -0.0289211
9 36 -0.0167894
9 37 -0.00402549
9 38 0.00909373
9 39 0.022381
9 40 0.0356261
9 41 0.0484958
9 42 0.0607647
9 43 0.0722796
9 44 0.0827578
9 45 0.0921063
9 46 0.100093
9 47 0.106577
9 48 0.111453
9 49 0.114666
9 50 0.116062
9 51 0.115797
9 52 0.113672
9 53 0.109828
9 54 0.104329
9 55 0.0972243
9 56 0.0886406
9 57 0.0787303
9 58 0.0676547
9 59 0.0556879
9 60 0.0429652
9 61 0.0296994
9 62 0.0161341
9 63 0.00250993
9 64 -0.0109431
9 65 -0.0239177
9 66 -0.0362875
9 67 -0.0477276
9 68 -0.0580399
9 69 -0.0671301
9 70 -0.0747465
9 71 -0.0807326
9 72 -0.0850103
9 73 -0.0874227
9 74 -0.0879696
9 75 -0.086524
9 76 -0.0830255
9 77 -0.0776661
9 78 -0.0704195
9 79 -0.0614087
9 80 -0.050662
9 81 -0.0384184
9 82 -0.0247982
9 83 -0.00998561
9 84 0.00580587
9 85 0.0222861
9 86 0.0393215
9 87 0.0566389
9 88 0.0739151
9 89 0.0909289
9 90 0.107388
9 91 0.123162
9 92 0.137936
9 93 0.151499
9 94 0.163614
9 95 0.174136
9 96 0.182869
9 97 0.189775
9 98 0.194731
9 99 0.197645
9 100 0.0246432
9 101 0

10 0 0
10 1 0.0226376
10 2 0.181571
10 3 0.178812
10 4 0.174126
10 5 0.167522
10 6 0.159112
10 7 0.148976
10 8 0.137344
10 9 0.124324
10 10 0.110181
10 11 0.0950579
10 12 0.0792814
10 13 0.0630183
10 14 0.0464749
10 15 0.0299695
10 16 0.0137307
10 17 -0.00198608
10 18 -0.0169062
10 19 -0.0308765
10 20 -0.043673
10 21 -0.0551348
10 22 -0.0650772
10 23 -0.0733016
10 24 -0.079839
10 25 -0.0845714
10 26 -0.0873916
10 27 -0.0882509
10 28 -0.0871986
10 29 -0.0842441
10 30 -0.0795618
10 31 -0.0732577
10 32 -0.0654643
10 33 -0.0561388
10 34 -0.0455849
10 35 -0.0340607
10 36 -0.0218268
10 37 -0.00895698
10 38 0.00424201
10 39 0.0176044
10 40 0.0309149
10 41 0.0438381
10 42 0.056159
10 43 0.0676994
10 44 0.0782501
10 45 0.0876234
10 46 0.0956541
10 47 0.102173
10 48 0.107088
10 49 0.110315
10 50 0.111749
10 51 0.111493
10 52 0.109387
10 53 0.105591
10 54 0.100126
10 55 0.093046
10 56 0.0844667
10 57 0.0745817
10 58 0.0635016
10 59 0.0515052
10 60 0.0387911
10 61 0.0255083
10 62 0.0119828
10 63 -0.00164566
10 64 -0.0151716
10 65 -0.0282314
10 66 -0.0407008
10 67 -0.0522707
10 68 -0.0627887
10 69 -0.0720441
10 70 -0.0799076
10 71 -0.0861518
10 72 -0.0906733
10 73 -0.093362
10 74 -0.0942261
10 75 -0.0931221
10 76 -0.0900288
10 77 -0.0850534
10 78 -0.0782289
10 79 -0.0696053
10 80 -0.0593306
10 81 -0.0475235
10 82 -0.0343984
10 83 -0.0200881
10 84 -0.00478735
10 85 0.0112851
10 86 0.0278711
10 87 0.0446935
10 88 0.0615332
10 89 0.0781188
10 90 0.0942213
10 91 0.109576
10 92 0.123967
10 93 0.137208
10 94 0.149092
10 95 0.159319
10 96 0.167851
10 97 0.174552
10 98 0.179364
10 99 0.182165
10 100 0.0227126
10 101 0

11 0 0
11 1 0.0205146
11 2 0.164531
11 3 0.161879
11 4 0.157326
11 5 0.150938
11 6 0.142771
11 7 0.132894
11 8 0.121507
11 9 0.108843
11 10 0.0950579
11 11 0.0803572
11 12 0.0649824
11 13 0.0491037
11 14 0.0330137
11 15 0.017013
11 16 0.0012739
11 17 -0.0139269
11 18 -0.0283692
11 19 -0.0418604
11 20 -0.054191
11 21 -0.0651987
11 22 -0.0746684
11 23 -0.0824624
11 24 -0.0885459
11 25 -0.0928715
11 26 -0.0952591
11 27 -0.0957412
11 28 -0.0943484
11 29 -0.0910832
11 30 -0.0861342
11 31 -0.0795454
11 32 -0.0714713
11 33 -0.0619981
11 34 -0.0512759
11 35 -0.039591
11 36 -0.027194
11 37 -0.0141805
11 38 -0.000848104
11 39 0.0125957
11 40 0.0259657
11 41 0.0389851
11 42 0.0513794
11 43 0.0630152
11 44 0.0735936
11 45 0.082941
11 46 0.0909475
11 47 0.0975193
11 48 0.102506
11 49 0.105802
11 50 0.107299
11 51 0.107
11 52 0.10493
11 53 0.101187
11 54 0.0957321
11 55 0.0886687
11 56 0.0801181
11 57 0.0702603
11 58 0.0592253
11 59 0.0472341
11 60 0.034471
11 61 0.0211901
11 62 0.00762372
11 63 -0.00603915
11 64 -0.0196323
11 65 -0.0328229
11 66 -0.0453958
11 67 -0.0570922
11 68 -0.067749
11 69 -0.0772165
11 70 -0.0853034
11 71 -0.091805
11 72 -0.0966163
11 73 -0.0996004
11 74 -0.100767
11 75 -0.100042
11 76 -0.0974065
11 77 -0.0928673
11 78 -0.086427
11 79 -0.078302
11 80 -0.0685456
11 81 -0.0572367
11 82 -0.0445656
11 83 -0.0307518
11 84 -0.0159994
11 85 -0.000438703
11 86 0.0156391
11 87 0.03196
11 88 0.0482998
11 89 0.0644599
11 90 0.0801442
11 91 0.0950665
11 92 0.109072
11 93 0.121963
11 94 0.133502
11 95 0.143501
11 96 0.151819
11 97 0.158337
11 98 0.162969
11 99 0.165624
11 100 0.020648
11 101 0

12 0 0
12 1 0.0182865
12 2 0.146676
12 3 0.144159
12 4 0.13977
12 5 0.133563
12 6 0.125586
12 7 0.115974
12 8 0.104959
12 9 0.09266
12 10 0.0792814
12 11 0.0649824
12 12 0.0499993
12 13 0.03455
12 14 0.018972
12 15 0.00349938
12 16 -0.011666
12 17 -0.0263463
12 18 -0.0402684
12 19 -0.0532636
12 20 -0.0651319
12 21 -0.0756348
12 22 -0.0846106
12 23 -0.0919344
12 24 -0.0975602
12 25 -0.101403
12 26 -0.103389
12 27 -0.10349
12 28 -0.101769
12 29 -0.0982302
12 30 -0.092966
12 31 -0.0860254
12 32 -0.0776499
12 33 -0.0679734
12 34 -0.0570983
12 35 -0.0452368
12 36 -0.03268
12 37 -0.0195364
12 38 -0.00602861
12 39 0.007561
12 40 0.0210187
12 41 0.034073
12 42 0.046549
12 43 0.0581947
12 44 0.0688493
12 45 0.0782036
12 46 0.0862686
12 47 0.0928732
12 48 0.0978881
12 49 0.101224
12 50 0.102748
12 51 0.102432
12 52 0.100416
12 53 0.0967339
12 54 0.0913284
12 55 0.0842773
12 56 0.0757688
12 57 0.0659429
12 58 0.0549423
12 59 0.0429321
12 60 0.0302013
12 61 0.0168416
12 62 0.00320921
12 63 -0.010521
12 64 -0.0241658
12 65 -0.0374498
12 66 -0.050141
12 67 -0.0620021
12 68 -0.0728413
12 69 -0.0825177
12 70 -0.0908456
12 71 -0.0976147
12 72 -0.10273
12 73 -0.106039
12 74 -0.107523
12 75 -0.107177
12 76 -0.104984
12 77 -0.100884
12 78 -0.0949347
12 79 -0.0872872
12 80 -0.0780664
12 81 -0.0672808
12 82 -0.0551082
12 83 -0.0418338
12 84 -0.0276796
12 85 -0.0127054
12 86 0.00286235
12 87 0.018671
12 88 0.0345273
12 89 0.050184
12 90 0.065411
12 91 0.0799033
12 92 0.0935013
12 93 0.105982
12 94 0.117151
12 95 0.126878
12 96 0.134991
12 97 0.141334
12 98 0.145766
12 99 0.14827
12 100 0.0184819
12 101 0

13 0 0
13 1 0.0159898
13 2 0.128259
13 3 0.125877
13 4 0.121623
13 5 0.115623
13 6 0.107897
13 7 0.0986105
13 8 0.0879504
13 9 0.076047
13 10 0.0630183
13 11 0.0491037
13 12 0.03455
13 13 0.0196038
13 14 0.004592
13 15 -0.0103503
13 16 -0.0249985
13 17 -0.039125
13 18 -0.0525163
13 19 -0.0649631
13 20 -0.0762836
13 21 -0.0862348
13 22 -0.0947128
13 23 -0.101593
13 24 -0.106748
13 25 -0.110105
13 26 -0.111666
13 27 -0.111357
13 28 -0.109256
13 29 -0.105374
13 30 -0.0997707
13 31 -0.0925204
13 32 -0.0838741
13 33 -0.0739811
13 34 -0.0629122
13 35 -0.0508756
13 36 -0.0381186
13 37 -0.0248211
13 38 -0.0111933
13 39 0.00250823
13 40 0.0160027
13 41 0.029131
13 42 0.0416481
13 43 0.0533455
13 44 0.064047
13 45 0.0735058
13 46 0.0816315
13 47 0.0882483
13 48 0.0932467
13 49 0.0965685
13 50 0.0981535
13 51 0.0978843
13 52 0.0959201
13 53 0.0922771
13 54 0.0868948
13 55 0.0798855
13 56 0.0714229
13 57 0.0616491
13 58 0.0506625
13 59 0.0386603
13 60 0.0259095
13 61 0.0125564
13 62 -0.0011462
13 63 -0.0149403
13 64 -0.0286567
13 65 -0.0420361
13 66 -0.0548311
13 67 -0.0668591
13 68 -0.0779154
13 69 -0.0877993
13 70 -0.0963589
13 71 -0.1034
13 72 -0.108833
13 73 -0.112499
13 74 -0.114361
13 75 -0.114375
13 76 -0.112628
13 77 -0.10903
13 78 -0.103577
13 79 -0.0964605
13 80 -0.0877714
13 81 -0.0775393
13 82 -0.0659452
13 83 -0.053236
13 84 -0.039615
13 85 -0.0251997
13 86 -0.0102042
13 87 0.00505167
13 88 0.0203257
13 89 0.0354406
13 90 0.0501791
13 91 0.0642359
13 92 0.0774582
13 93 0.0895607
13 94 0.100344
13 95 0.109787
13 96 0.117643
13 97 0.123758
13 98 0.127989
13 99 0.130357
13 100 0.0162475
13 101 0

14 0 0
14 1 0.0136568
14 2 0.109545
14 3 0.107294
14 4 0.103184
14 5 0.0973832
14 6 0.0898949
14 7 0.0809228
14 8 0.0706301
14 9 0.0590883
14 10 0.0464749
14 11 0.0330137
14 12 0.018972
14 13 0.004592
14 14 -0.00985596
14 15 -0.0242507
14 16 -0.0383715
14 17 -0.0519575
14 18 -0.0647777
14 19 -0.0767113
14 20 -0.087467
14 21 -0.0968691
14 22 -0.104804
14 23 -0.111195
14 24 -0.115847
14 25 -0.118725
14 26 -0.119851
14 27 -0.11913
14 28 -0.116582
14 29 -0.112364
14 30 -0.106439
14 31 -0.0989436
14 32 -0.0900588
14 33 -0.079886
14 34 -0.0685755
14 35 -0.0563455
14 36 -0.0434022
14 37 -0.0299666
14 38 -0.0162368
14 39 -0.00250667
14 40 0.011115
14 41 0.0243083
14 42 0.0368853
14 43 0.0485917
14 44 0.0593295
14 45 0.0688739
14 46 0.0770158
14 47 0.0836431
14 48 0.0886398
14 49 0.0919395
14 50 0.0935485
14 51 0.0933862
14 52 0.0914608
14 53 0.0878533
14 54 0.0825261
14 55 0.0755764
14 56 0.0671626
14 57 0.0574339
14 58 0.0464642
14 59 0.0344799
14 60 0.0217412
14 61 0.00836232
14 62 -0.00534657
14 63 -0.0192098
14 64 -0.0329581
14 65 -0.0464087
14 66 -0.0593099
14 67 -0.0715325
14 68 -0.0828066
14 69 -0.0929265
14 70 -0.101733
14 71 -0.109061
14 72 -0.11477
14 73 -0.118831
14 74 -0.121071
14 75 -0.121514
14 76 -0.120208
14 77 -0.117093
14 78 -0.11221
14 79 -0.105626
14 80 -0.0974384
14 81 -0.0877559
14 82 -0.0767496
14 83 -0.06466
14 84 -0.0515857
14 85 -0.037759
14 86 -0.0233516
14 87 -0.00867338
14 88 0.0060344
14 89 0.02059
14 90 0.0347634
14 91 0.0482975
14 92 0.0610902
14 93 0.0728275
14 94 0.0832528
14 95 0.0923715
14 96 0.0999727
14 97 0.105849
14 98 0.109904
14 99 0.112138
14 100 0.0139755
14 101 0

15 0 0
15 1 0.0113229
15 2 0.090794
15 3 0.0886398
15 4 0.0847204
15 5 0.079133
15 6 0.0719379
15 7 0.0632506
15 8 0.0532886
15 9 0.0421439
15 10 0.0299695
15 11 0.017013
15 12 0.00349938
15 13 -0.0103503
15 14 -0.0242507
15 15 -0.038095
15 16 -0.0516458
15 17 -0.0646473
15 18 -0.0769206
15 19 -0.0882931
15 20 -0.0984945
15 21 -0.107326
15 22 -0.114718
15 23 -0.120615
15 24 -0.124757
15 25 -0.127166
15 26 -0.127835
15 27 -0.12667
15 28 -0.123736
15 29 -0.119147
15 30 -0.11288
15 31 -0.105085
15 32 -0.0959381
15 33 -0.0855135
15 34 -0.0739685
15 35 -0.0615624
15 36 -0.048453
15 37 -0.0348533
15 38 -0.0210688
15 39 -0.00723726
15 40 0.00645467
15 41 0.0197463
15 42 0.0323628
15 43 0.0440816
15 44 0.0548373
15 45 0.0643892
15 46 0.0725393
15 47 0.0792154
15 48 0.0842956
15 49 0.0876212
15 50 0.0892584
15 51 0.0891855
15 52 0.0872758
15 53 0.0836623
15 54 0.0783538
15 55 0.0714476
15 56 0.063104
15 57 0.0534133
15 58 0.0425108
15 59 0.0305854
15 60 0.0178425
15 61 0.00444305
15 62 -0.00931145
15 63 -0.0231992
15 64 -0.0370092
15 65 -0.0505244
15 66 -0.0635592
15 67 -0.0759167
15 68 -0.0873487
15 69 -0.0977045
15 70 -0.10681
15 71 -0.114455
15 72 -0.120489
15 73 -0.124891
15 74 -0.127582
15 75 -0.128481
15 76 -0.127611
15 77 -0.12497
15 78 -0.120583
15 79 -0.114534
15 80 -0.106868
15 81 -0.0977823
15 82 -0.0874332
15 83 -0.0759532
15 84 -0.0634638
15 85 -0.0502381
15 86 -0.0364699
15 87 -0.0223911
15 88 -0.00823788
15 89 0.00580824
15 90 0.0194727
15 91 0.0324884
15 92 0.044779
15 93 0.0560878
15 94 0.0661565
15 95 0.0749019
15 96 0.0821794
15 97 0.0878167
15 98 0.0917141
15 99 0.0938727
15 100 0.011704
15 101 0

16 0 0
16 1 0.00900912
16 2 0.0722683
16 3 0.0702729
16 4 0.0665282
16 5 0.0611301
16 6 0.0541948
16 7 0.0458746
16 8 0.0362403
16 9 0.0254545
16 10 0.0137307
16 11 0.0012739
16 12 -0.011666
16 13 -0.0249985
16 14 -0.0383715
16 15 -0.0516458
16 16 -0.0645779
16 17 -0.0769988
16 18 -0.0887336
16 19 -0.0995272
16 20 -0.109116
16 21 -0.117378
16 22 -0.124245
16 23 -0.129594
16 24 -0.133273
16 25 -0.135196
16 26 -0.13538
16 27 -0.133796
16 28 -0.130463
16 29 -0.125492
16 30 -0.118886
16 31 -0.110834
16 32 -0.101402
16 33 -0.0907598
16 34 -0.0790024
16 35 -0.0664625
16 36 -0.0532132
16 37 -0.0395152
16 38 -0.0256028
16 39 -0.0116832
16 40 0.00207089
16 41 0.0154293
16 42 0.0280823
16 43 0.039821
16 44 0.0506069
16 45 0.0601833
16 46 0.0683418
16 47 0.0750758
16 48 0.0802075
16 49 0.0835695
16 50 0.0852527
16 51 0.0852074
16 52 0.0833217
16 53 0.079715
16 54 0.0744683
16 55 0.0676251
16 56 0.0592956
16 57 0.0496375
16 58 0.0388145
16 59 0.026964
16 60 0.014203
16 61 0.000844127
16 62 -0.0129292
16 63 -0.0268852
16 64 -0.0407315
16 65 -0.0543504
16 66 -0.0674951
16 67 -0.0799932
16 68 -0.0915752
16 69 -0.102133
16 70 -0.111433
16 71 -0.119375
16 72 -0.125749
16 73 -0.130563
16 74 -0.133659
16 75 -0.134986
16 76 -0.134568
16 77 -0.132411
16 78 -0.128561
16 79 -0.123056
16 80 -0.115977
16 81 -0.107505
16 82 -0.0977561
16 83 -0.0868504
16 84 -0.0749921
16 85 -0.0623894
16 86 -0.0492524
16 87 -0.0357979
16 88 -0.0222079
16 89 -0.00875128
16 90 0.00440162
16 91 0.0169033
16 92 0.0286966
16 93 0.0395747
16 94 0.049263
16 95 0.0576515
16 96 0.0646214
16 97 0.0700205
16 98 0.073757
16 99 0.0757973
16 100 0.00945119
16 101 0

17 0 0
17 1 0.00676334
17 2 0.0542408
17 3 0.0523481
17 4 0.0487794
17 5 0.0435918
17 6 0.0369315
17 7 0.0289278
17 8 0.0196811
17 9 0.00927734
17 10 -0.00198608
17 11 -0.0139269
17 12 -0.0263463
17 13 -0.039125
17 14 -0.0519575
17 15 -0.0646473
17 16 -0.0769988
17 17 -0.0888537
17 18 -0.100019
17 19 -0.11018
17 20 -0.119178
17 21 -0.126847
17 22 -0.133152
17 23 -0.137952
17 24 -0.141138
17 25 -0.142603
17 26 -0.142351
17 27 -0.140334
17 28 -0.136608
17 29 -0.131306
17 30 -0.12437
17 31 -0.116036
17 32 -0.10638
17 33 -0.0955103
17 34 -0.0836148
17 35 -0.0709056
17 36 -0.0575476
17 37 -0.0437441
17 38 -0.0297211
17 39 -0.0157063
17 40 -0.00192702
17 41 0.0114304
17 42 0.0241257
17 43 0.0358544
17 44 0.0466889
17 45 0.0562573
17 46 0.0644349
17 47 0.0711713
17 48 0.0762922
17 49 0.0796824
17 50 0.0814153
17 51 0.0813753
17 52 0.0795414
17 53 0.0759883
17 54 0.0708421
17 55 0.0640998
17 56 0.0558479
17 57 0.0462085
17 58 0.0354343
17 59 0.0235701
17 60 0.0108615
17 61 -0.00246436
17 62 -0.0161574
17 63 -0.0301038
17 64 -0.044016
17 65 -0.057697
17 66 -0.0709693
17 67 -0.0835843
17 68 -0.0953348
17 69 -0.10607
17 70 -0.115597
17 71 -0.123807
17 72 -0.13051
17 73 -0.135663
17 74 -0.139123
17 75 -0.140882
17 76 -0.140899
17 77 -0.139242
17 78 -0.135967
17 79 -0.130985
17 80 -0.124519
17 81 -0.11668
17 82 -0.107515
17 83 -0.0972317
17 84 -0.0860301
17 85 -0.0740674
17 86 -0.061531
17 87 -0.0486531
17 88 -0.0356835
17 89 -0.0228202
17 90 -0.0102571
17 91 0.00176077
17 92 0.0130531
17 93 0.0234785
17 94 0.0328213
17 95 0.0408517
17 96 0.047527
17 97 0.0526782
17 98 0.0562246
17 99 0.0581585
17 100 0.007254
17 101 0

18 0 0
18 1 0.00461845
18 2 0.0369609
18 3 0.0351025
18 4 0.0316939
18 5 0.0267676
18 6 0.0204407
18 7 0.0127695
18 8 0.00387037
18 9 -0.00608271
18 10 -0.0169062
18 11 -0.0283692
18 12 -0.0402684
18 13 -0.0525163
18 14 -0.0647777
18 15 -0.0769206
18 16 -0.0887336
18 17 -0.100019
18 18 -0.110522
18 19 -0.120032
18 20 -0.128453
18 21 -0.135599
18 22 -0.141338
18 23 -0.145609
18 24 -0.148262
18 25 -0.149275
18 26 -0.148557
18 27 -0.146167
18 28 -0.142099
18 29 -0.136442
18 30 -0.129217
18 31 -0.120603
18 32 -0.110676
18 33 -0.0996465
18 34 -0.0876064
18 35 -0.07474
18 36 -0.0612526
18 37 -0.0473624
18 38 -0.0332771
18 39 -0.0191885
18 40 -0.00542748
18 41 0.00793632
18 42 0.020645
18 43 0.0324175
18 44 0.0432435
18 45 0.0527644
18 46 0.0609249
18 47 0.0676727
18 48 0.0727923
18 49 0.0762388
18 50 0.0779911
18 51 0.0779818
18 52 0.0762175
18 53 0.0727333
18 54 0.067621
18 55 0.0609664
18 56 0.0527835
18 57 0.043224
18 58 0.0324944
18 59 0.0206989
18 60 0.0080528
18 61 -0.0051935
18 62 -0.0188747
18 63 -0.032813
18 64 -0.0467743
18 65 -0.0605341
18 66 -0.0738932
18 67 -0.0865731
18 68 -0.0984365
18 69 -0.109358
18 70 -0.119095
18 71 -0.127565
18 72 -0.134577
18 73 -0.140052
18 74 -0.143893
18 75 -0.146095
18 76 -0.146565
18 77 -0.14541
18 78 -0.14262
18 79 -0.138225
18 80 -0.13232
18 81 -0.125116
18 82 -0.116585
18 83 -0.106904
18 84 -0.0963643
18 85 -0.0850528
18 86 -0.0731163
18 87 -0.0608662
18 88 -0.0484928
18 89 -0.0362001
18 90 -0.0241561
18 91 -0.0126581
18 92 -0.00185304
18 93 0.00810208
18 94 0.0170238
18 95 0.0247295
18 96 0.0310935
18 97 0.0360057
18 98 0.0393696
18 99 0.0411986
18 100 0.00514223
18 101 0

19 0 0
19 1 0.00258208
19 2 0.0206488
19 3 0.0189247
19 4 0.0156634
19 5 0.0109638
19 6 0.0048903
19 7 -0.0024626
19 8 -0.0109792
19 9 -0.0205513
19 10 -0.0308765
19 11 -0.0418604
19 12 -0.0532636
19 13 -0.0649631
19 14 -0.0767113
19 15 -0.0882931
19 16 -0.0995272
19 17 -0.11018
19 18 -0.120032
19 19 -0.128968
19 20 -0.13683
19 21 -0.143441
19 22 -0.148647
19 23 -0.15235
19 24 -0.154519
19 25 -0.155035
19 26 -0.153909
19 27 -0.15116
19 28 -0.146718
19 29 -0.140746
19 30 -0.133249
19 31 -0.1244
19 32 -0.114231
19 33 -0.102979
19 34 -0.0908257
19 35 -0.0778388
19 36 -0.0643019
19 37 -0.0503531
19 38 -0.0362025
19 39 -0.0221226
19 40 -0.00833566
19 41 0.00497051
19 42 0.0176499
19 43 0.0294264
19 44 0.0402231
19 45 0.0497415
19 46 0.0579194
19 47 0.0646788
19 48 0.0697964
19 49 0.0732447
19 50 0.0750084
19 51 0.074983
19 52 0.0732955
19 53 0.0699237
19 54 0.0648978
19 55 0.0582862
19 56 0.0501494
19 57 0.0406644
19 58 0.0300393
19 59 0.0183543
19 60 0.00579418
19 61 -0.00738397
19 62 -0.0210206
19 63 -0.0349775
19 64 -0.0489177
19 65 -0.0626682
19 66 -0.0760579
19 67 -0.0888287
19 68 -0.100861
19 69 -0.111922
19 70 -0.121832
19 71 -0.130524
19 72 -0.137784
19 73 -0.143622
19 74 -0.147847
19 75 -0.150491
19 76 -0.151439
19 77 -0.150716
19 78 -0.148473
19 79 -0.144594
19 80 -0.139264
19 81 -0.132662
19 82 -0.124748
19 83 -0.115721
19 84 -0.105778
19 85 -0.0951055
19 86 -0.0838244
19 87 -0.0722057
19 88 -0.0604062
19 89 -0.0486729
19 90 -0.0372337
19 91 -0.0262415
19 92 -0.0158963
19 93 -0.00640215
19 94 0.00213084
19 95 0.00950108
19 96 0.0155811
19 97 0.0202488
19 98 0.0234571
19 99 0.0251469
19 100 0.00313907
19 101 0

20 0 0
20 1 0.00069851
20 2 0.00553277
20 3 0.00391766
20 4 0.000831383
20 5 -0.00364029
20 6 -0.00941204
20 7 -0.0164642
20 8 -0.024638
20 9 -0.0337734
20 10 -0.043673
20 11 -0.054191
20 12 -0.0651319
20 13 -0.0762836
20 14 -0.087467
20 15 -0.0984945
20 16 -0.109116
20 17 -0.119178
20 18 -0.128453
20 19 -0.13683
20 20 -0.144166
20 21 -0.150229
20 22 -0.154875
20 23 -0.158061
20 24 -0.159744
20 25 -0.159843
20 26 -0.158283
20 27 -0.155125
20 28 -0.150332
20 29 -0.144054
20 30 -0.136358
20 31 -0.127338
20 32 -0.116953
20 33 -0.105537
20 34 -0.0932495
20 35 -0.0801808
20 36 -0.066569
20 37 -0.0525706
20 38 -0.0384519
20 39 -0.0243767
20 40 -0.0106427
20 41 0.00258944
20 42 0.0152348
20 43 0.0270081
20 44 0.0377817
20 45 0.0472695
20 46 0.0554271
20 47 0.0621423
20 48 0.0672441
20 49 0.0707507
20 50 0.0725371
20 51 0.0725644
20 52 0.070892
20 53 0.0675745
20 54 0.0625909
20 55 0.0560831
20 56 0.0480612
20 57 0.0386915
20 58 0.0281639
20 59 0.016554
20 60 0.00412048
20 61 -0.00900148
20 62 -0.022566
20 63 -0.0364268
20 64 -0.0503541
20 65 -0.0640819
20 66 -0.0774792
20 67 -0.0903206
20 68 -0.102459
20 69 -0.113648
20 70 -0.123745
20 71 -0.132671
20 72 -0.140165
20 73 -0.146259
20 74 -0.150866
20 75 -0.153924
20 76 -0.155288
20 77 -0.155044
20 78 -0.153267
20 79 -0.149993
20 80 -0.145239
20 81 -0.139172
20 82 -0.131884
20 83 -0.123453
20 84 -0.11411
20 85 -0.104068
20 86 -0.0934238
20 87 -0.0824199
20 88 -0.0712284
20 89 -0.0600888
20 90 -0.0492333
20 91 -0.038741
20 92 -0.0288272
20 93 -0.0197671
20 94 -0.0116442
20 95 -0.00461558
20 96 0.00117104
20 97 0.00563994
20 98 0.00867539
20 99 0.0102187
20 100 0.00127562
20 101 0

21 0 0
21 1 -0.00101267
21 2 -0.00817547
21 3 -0.0096593
21 4 -0.0126013
21 5 -0.0168971
21 6 -0.0224074
21 7 -0.0291476
21 8 -0.0369549
21 9 -0.0457063
21 10 -0.0551348
21 11 -0.0651987
21 12 -0.0756348
21 13 -0.0862348
21 14 -0.0968691
21 15 -0.107326
21 16 -0.117378
21 17 -0.126847
21 18 -0.135599
21 19 -0.143441
21 20 -0.150229
21 21 -0.155761
21 22 -0.159921
21 23 -0.162582
21 24 -0.163829
21 25 -0.163498
21 26 -0.161532
21 27 -0.158026
21 28 -0.152929
21 29 -0.146376
21 30 -0.138467
21 31 -0.129266
21 32 -0.118718
21 33 -0.10714
21 34 -0.0947673
21 35 -0.0816681
21 36 -0.0680301
21 37 -0.0540551
21 38 -0.039981
21 39 -0.0259567
21 40 -0.0122341
21 41 0.000919049
21 42 0.0134944
21 43 0.0251634
21 44 0.0358664
21 45 0.045316
21 46 0.0534413
21 47 0.0601132
21 48 0.0652113
21 49 0.0687231
21 50 0.0705286
21 51 0.0705591
21 52 0.0689491
21 53 0.0656959
21 54 0.0608214
21 55 0.0543939
21 56 0.046458
21 57 0.0372031
21 58 0.0268258
21 59 0.0153736
21 60 0.0030783
21 61 -0.00997156
21 62 -0.0234508
21 63 -0.0372141
21 64 -0.0510538
21 65 -0.0647467
21 66 -0.0781195
21 67 -0.090981
21 68 -0.103173
21 69 -0.114462
21 70 -0.124715
21 71 -0.133848
21 72 -0.141563
21 73 -0.147944
21 74 -0.152858
21 75 -0.156249
21 76 -0.158036
21 77 -0.158232
21 78 -0.156975
21 79 -0.154225
21 80 -0.150055
21 81 -0.144493
21 82 -0.137785
21 83 -0.129996
21 84 -0.121239
21 85 -0.111814
21 86 -0.101786
21 87 -0.0913515
21 88 -0.0807507
21 89 -0.070234
21 90 -0.059943
21 91 -0.0499715
21 92 -0.0405331
21 93 -0.0318694
21 94 -0.0241271
21 95 -0.0174591
21 96 -0.0119447
21 97 -0.00770828
21 98 -0.00481572
21 99 -0.0033834
21 100 -0.000419755
21 101 0

22 0 0
22 1 -0.00252403
22 2 -0.0202983
22 3 -0.0216763
22 4 -0.0244603
22 5 -0.0285231
22 6 -0.0338075
22 7 -0.0402409
22 8 -0.0477046
22 9 -0.0560326
22 10 -0.0650772
22 11 -0.0746684
22 12 -0.0846106
22 13 -0.0947128
22 14 -0.104804
22 15 -0.114718
22 16 -0.124245
22 17 -0.133152
22 18 -0.141338
22 19 -0.148647
22 20 -0.154875
22 21 -0.159921
22 22 -0.163624
22 23 -0.165823
22 24 -0.166611
22 25 -0.165895
22 26 -0.163572
22 27 -0.159747
22 28 -0.154396
22 29 -0.147603
22 30 -0.139477
22 31 -0.130109
22 32 -0.119446
22 33 -0.107822
22 34 -0.0953766
22 35 -0.082285
22 36 -0.0686395
22 37 -0.0547046
22 38 -0.0407032
22 39 -0.0267621
22 40 -0.0131203
22 41 -3.88366e-05
22 42 0.0124411
22 43 0.0240585
22 44 0.0346106
22 45 0.0439649
22 46 0.05201
22 47 0.0586211
22 48 0.0636926
22 49 0.0671653
22 50 0.068973
22 51 0.0690673
22 52 0.0675457
22 53 0.0643493
22 54 0.0595538
22 55 0.0531988
22 56 0.0454076
22 57 0.0363379
22 58 0.0261158
22 59 0.0148395
22 60 0.00266276
22 61 -0.0102345
22 62 -0.0235842
22 63 -0.0372234
22 64 -0.0509558
22 65 -0.0646298
22 66 -0.0779725
22 67 -0.0908299
22 68 -0.102992
22 69 -0.114327
22 70 -0.124692
22 71 -0.13394
22 72 -0.141871
22 73 -0.148486
22 74 -0.153688
22 75 -0.157424
22 76 -0.159613
22 77 -0.160291
22 78 -0.159465
22 79 -0.157222
22 80 -0.153551
22 81 -0.148528
22 82 -0.142381
22 83 -0.135166
22 84 -0.127038
22 85 -0.118195
22 86 -0.108787
22 87 -0.0989399
22 88 -0.088924
22 89 -0.0789524
22 90 -0.0691375
22 91 -0.0597082
22 92 -0.0507836
22 93 -0.0425276
22 94 -0.0351422
22 95 -0.0287616
22 96 -0.0235377
22 97 -0.0195395
22 98 -0.0168291
22 99 -0.0154929
22 100 -0.00192752
22 101 0

23 0 0
23 1 -0.00382097
23 2 -0.0306849
23 3 -0.0319484
23 4 -0.0345484
23 5 -0.0384256
23 6 -0.0435129
23 7 -0.049699
23 8 -0.0567758
23 9 -0.0647035
23 10 -0.0733016
23 11 -0.0824624
23 12 -0.0919344
23 13 -0.101593
23 14 -0.111195
23 15 -0.120615
23 16 -0.129594
23 17 -0.137952
23 18 -0.145609
23 19 -0.15235
23 20 -0.158061
23 21 -0.162582
23 22 -0.165823
23 23 -0.167609
23 24 -0.168034
23 25 -0.166964
23 26 -0.164341
23 27 -0.160239
23 28 -0.154691
23 29 -0.147691
23 30 -0.139369
23 31 -0.129847
23 32 -0.119153
23 33 -0.107483
23 34 -0.095012
23 35 -0.0819373
23 36 -0.0683416
23 37 -0.0545083
23 38 -0.0406113
23 39 -0.0267912
23 40 -0.01329
23 41 -0.000316763
23 42 0.0120396
23 43 0.0235118
23 44 0.0339324
23 45 0.0431644
23 46 0.0511695
23 47 0.05777
23 48 0.0627904
23 49 0.0662106
23 50 0.0680288
23 51 0.0681637
23 52 0.0667022
23 53 0.0635705
23 54 0.058849
23 55 0.0526209
23 56 0.0449709
23 57 0.0360759
23 58 0.0260097
23 59 0.0148656
23 60 0.00288563
23 61 -0.00983655
23 62 -0.0230248
23 63 -0.0364788
23 64 -0.0500519
23 65 -0.0635831
23 66 -0.0768762
23 67 -0.0897216
23 68 -0.101868
23 69 -0.113264
23 70 -0.123686
23 71 -0.133007
23 72 -0.141107
23 73 -0.147927
23 74 -0.153412
23 75 -0.157435
23 76 -0.159971
23 77 -0.161012
23 78 -0.160596
23 79 -0.158774
23 80 -0.155647
23 81 -0.15119
23 82 -0.145595
23 83 -0.138963
23 84 -0.131423
23 85 -0.123169
23 86 -0.114335
23 87 -0.105074
23 88 -0.0955816
23 89 -0.0860891
23 90 -0.0767529
23 91 -0.0678312
23 92 -0.0593982
23 93 -0.0516017
23 94 -0.0445743
23 95 -0.0385182
23 96 -0.0335504
23 97 -0.0297503
23 98 -0.0272017
23 99 -0.0259644
23 100 -0.00323272
23 101 0

24 0 0
24 1 -0.00488223
24 2 -0.0392028
24 3 -0.0403894
24 4 -0.0428509
24 5 -0.0465065
24 6 -0.0513831
24 7 -0.0572998
24 8 -0.0640669
24 9 -0.0715997
24 10 -0.079839
24 11 -0.0885459
24 12 -0.0975602
24 13 -0.106748
24 14 -0.115847
24 15 -0.124757
24 16 -0.133273
24 17 -0.141138
24 18 -0.148262
24 19 -0.154519
24 20 -0.159744
24 21 -0.163829
24 22 -0.166611
24 23 -0.168034
24 24 -0.16808
24 25 -0.166701
24 26 -0.163782
24 27 -0.159451
24 28 -0.153691
24 29 -0.146524
24 30 -0.13806
24 31 -0.128439
24 32 -0.117697
24 33 -0.10605
24 34 -0.093619
24 35 -0.0806457
24 36 -0.0671742
24 37 -0.0534557
24 38 -0.0396721
24 39 -0.0259935
24 40 -0.012639
24 41 0.000161676
24 42 0.0123347
24 43 0.0236706
24 44 0.0339156
24 45 0.0430245
24 46 0.0509301
24 47 0.0574182
24 48 0.0623919
24 49 0.0658081
24 50 0.0676045
24 51 0.0677814
24 52 0.0663621
24 53 0.0633069
24 54 0.0587122
24 55 0.0526084
24 56 0.0451447
24 57 0.03639
24 58 0.0264884
24 59 0.0155895
24 60 0.0038
24 61 -0.00868115
24 62 -0.0216726
24 63 -0.0349472
24 64 -0.0483294
24 65 -0.0617228
24 66 -0.0748718
24 67 -0.0876348
24 68 -0.0997554
24 69 -0.111165
24 70 -0.12161
24 71 -0.130978
24 72 -0.139207
24 73 -0.146207
24 74 -0.151903
24 75 -0.156234
24 76 -0.159038
24 77 -0.160423
24 78 -0.160426
24 79 -0.159055
24 80 -0.156361
24 81 -0.15246
24 82 -0.147368
24 83 -0.141255
24 84 -0.134282
24 85 -0.126518
24 86 -0.118214
24 87 -0.109541
24 88 -0.10063
24 89 -0.0916654
24 90 -0.082824
24 91 -0.0743607
24 92 -0.0663717
24 93 -0.0589538
24 94 -0.0523021
24 95 -0.0465615
24 96 -0.0418463
24 97 -0.0382316
24 98 -0.0357767
24 99 -0.0346756
24 100 -0.00432383
24 101 0

25 0 0
25 1 -0.00569381
25 2 -0.0457664
25 3 -0.0469347
25 4 -0.049258
25 5 -0.0527417
25 6 -0.0573426
25 7 -0.0629999
25 8 -0.0694853
25 9 -0.0767336
25 10 -0.0845714
25 11 -0.0928715
25 12 -0.101403
25 13 -0.110105
25 14 -0.118725
25 15 -0.127166
25 16 -0.135196
25 17 -0.142603
25 18 -0.149275
25 19 -0.155035
25 20 -0.159843
25 21 -0.163498
25 22 -0.165895
25 23 -0.166964
25 24 -0.166701
25 25 -0.165033
25 26 -0.161885
25 27 -0.157331
25 28 -0.151409
25 29 -0.144112
25 30 -0.135584
25 31 -0.1259
25 32 -0.115167
25 33 -0.103554
25 34 -0.0912472
25 35 -0.0783707
25 36 -0.0650487
25 37 -0.051492
25 38 -0.0378803
25 39 -0.024408
25 40 -0.0112743
25 41 0.0013561
25 42 0.0133132
25 43 0.0244589
25 44 0.034572
25 45 0.0435378
25 46 0.0512679
25 47 0.0575871
25 48 0.0624634
25 49 0.0658374
25 50 0.0676402
25 51 0.0678543
25 52 0.0664975
25 53 0.0635108
25 54 0.0590355
25 55 0.0531514
25 56 0.0458656
25 57 0.0372944
25 58 0.0276167
25 59 0.0169228
25 60 0.00536997
25 61 -0.00683067
25 62 -0.019577
25 63 -0.0326384
25 64 -0.0458135
25 65 -0.0590233
25 66 -0.0720436
25 67 -0.0846354
25 68 -0.096661
25 69 -0.108012
25 70 -0.118453
25 71 -0.127844
