0 0 0
0 1 0
0 2 0
0 3 0
0 4 0
0 5 0
0 6 0
0 7 0
0 8 0
0 9 0
0 10 0
0 11 0
0 12 0
0 13 0
0 14 0
0 15 0
0 16 0
0 17 0
0 18 0
0 19 0
0 20 0
0 21 0
0 22 0
0 23 0
0 24 0
0 25 0
0 26 0
0 27 0
0 28 0
0 29 0
0 30 0
0 31 0
0 32 0
0 33 0
0 34 0
0 35 0
0 36 0
0 37 0
0 38 0
0 39 0
0 40 0
0 41 0
0 42 0
0 43 0
0 44 0
0 45 0
0 46 0
0 47 0
0 48 0
0 49 0
0 50 0
0 51 0
0 52 0
0 53 0
0 54 0
0 55 0
0 56 0
0 57 0
0 58 0
0 59 0
0 60 0
0 61 0
0 62 0
0 63 0
0 64 0
0 65 0
0 66 0
0 67 0
0 68 0
0 69 0
0 70 0
0 71 0
0 72 0
0 73 0
0 74 0
0 75 0
0 76 0
0 77 0
0 78 0
0 79 0
0 80 0
0 81 0
0 82 0
0 83 0
0 84 0
0 85 0
0 86 0
0 87 0
0 88 0
0 89 0
0 90 0
0 91 0
0 92 0
0 93 0
0 94 0
0 95 0
0 96 0
0 97 0
0 98 0
0 99 0
0 100 0
0 101 0

1 0 0
1 1 0
1 2 -0.002323
1 3 -0.00250664
1 4 -0.0025192
1 5 -0.00247277
1 6 -0.0024076
1 7 -0.00229601
1 8 -0.002204
1 9 -0.00211563
1 10 -0.00212698
1 11 -0.00230148
1 12 -0.00234378
1 13 -0.00248238
1 14 -0.00269909
1 15 -0.00296196
1 16 -0.00320734
1 17 -0.00351724
1 18 -0.00411384
1 19 -0.00462933
1 20 -0.00520775
1 21 -0.00575622
1 22 -0.00638388
1 23 -0.0070834
1 24 -0.00767072
1 25 -0.00836128
1 26 -0.00914911
1 27 -0.00998528
1 28 -0.0108206
1 29 -0.0117261
1 30 -0.0126028
1 31 -0.0134133
1 32 -0.0142447
1 33 -0.0150493
1 34 -0.0157791
1 35 -0.0164773
1 36 -0.0172249
1 37 -0.0180506
1 38 -0.0189854
1 39 -0.0199592
1 40 -0.020961
1 41 -0.0217597
1 42 -0.0224105
1 43 -0.0229714
1 44 -0.0233759
1 45 -0.0238532
1 46 -0.0242185
1 47 -0.0246255
1 48 -0.0249913
1 49 -0.0251994
1 50 -0.0254152
1 51 -0.0254298
1 52 -0.0253931
1 53 -0.0251117
1 54 -0.0247603
1 55 -0.0243705
1 56 -0.0239823
1 57 -0.0236996
1 58 -0.0233549
1 59 -0.0229807
1 60 -0.0224287
1 61 -0.0217139
1 62 -0.0209082
1 63 -0.0200247
1 64 -0.0191446
1 65 -0.0183401
1 66 -0.0176048
1 67 -0.0169854
1 68 -0.0163129
1 69 -0.0156126
1 70 -0.0149718
1 71 -0.0141065
1 72 -0.0132364
1 73 -0.0123763
1 74 -0.0114932
1 75 -0.0106951
1 76 -0.00998417
1 77 -0.00939174
1 78 -0.00874736
1 79 -0.00819695
1 80 -0.00755683
1 81 -0.00683721
1 82 -0.00619969
1 83 -0.00551764
1 84 -0.0050683
1 85 -0.00466985
1 86 -0.00433819
1 87 -0.00402481
1 88 -0.00377419
1 89 -0.00366446
1 90 -0.00356307
1 91 -0.00355103
1 92 -0.00344307
1 93 -0.00334238
1 94 -0.00332049
1 95 -0.00339028
1 96 -0.00349613
1 97 -0.0033965
1 98 -0.00325686
1 99 -0.00324111
1 100 0
1 101 0

2 0 0
2 1 -0.002323
2 2 -0.019252
2 3 -0.0198957
2 4 -0.0201203
2 5 -0.0199806
2 6 -0.0194282
2 7 -0.0187475
2 8 -0.018091
2 9 -0.0175173
2 10 -0.0175899
2 11 -0.0182339
2 12 -0.0191084
2 13 -0.0204281
2 14 -0.0219377
2 15 -0.0238266
2 16 -0.025936
2 17 -0.0288871
2 18 -0.0330156
2 19 -0.0374784
2 20 -0.0420084
2 21 -0.0467606
2 22 -0.0516429
2 23 -0.0568825
2 24 -0.0619936
2 25 -0.0676373
2 26 -0.0738218
2 27 -0.0802445
2 28 -0.0870931
2 29 -0.0941561
2 30 -0.10104
2 31 -0.107774
2 32 -0.114361
2 33 -0.120809
2 34 -0.126826
2 35 -0.132805
2 36 -0.138903
2 37 -0.145397
2 38 -0.152724
2 39 -0.160484
2 40 -0.168144
2 41 -0.174894
2 42 -0.180496
2 43 -0.184928
2 44 -0.188529
2 45 -0.191904
2 46 -0.194949
2 47 -0.198071
2 48 -0.20084
2 49 -0.202819
2 50 -0.204288
2 51 -0.20468
2 52 -0.204194
2 53 -0.202089
2 54 -0.199108
2 55 -0.195967
2 56 -0.193053
2 57 -0.190792
2 58 -0.188271
2 59 -0.184842
2 60 -0.180283
2 61 -0.174548
2 62 -0.168033
2 63 -0.161031
2 64 -0.15415
2 65 -0.147708
2 66 -0.141851
2 67 -0.136629
2 68 -0.131264
2 69 -0.125662
2 70 -0.119833
2 71 -0.113268
2 72 -0.106241
2 73 -0.0993086
2 74 -0.0926497
2 75 -0.0864047
2 76 -0.080674
2 77 -0.0755092
2 78 -0.0706205
2 79 -0.066073
2 80 -0.0609115
2 81 -0.0553151
2 82 -0.0497555
2 83 -0.0447635
2 84 -0.0408389
2 85 -0.037729
2 86 -0.0351554
2 87 -0.0328733
2 88 -0.0307872
2 89 -0.0295916
2 90 -0.0287643
2 91 -0.028226
2 92 -0.0277555
2 93 -0.0273199
2 94 -0.0273021
2 95 -0.0275091
2 96 -0.0276798
2 97 -0.0273824
2 98 -0.0268155
2 99 -0.0264422
2 100 -0.00324111
2 101 0

3 0 0
3 1 -0.00250664
3 2 -0.0198957
3 3 -0.0193765
3 4 -0.0196133
3 5 -0.0195359
3 6 -0.0190916
3 7 -0.0186712
3 8 -0.0180213
3 9 -0.0177573
3 10 -0.0178127
3 11 -0.0176689
3 12 -0.019109
3 13 -0.0206078
3 14 -0.0217445
3 15 -0.0232398
3 16 -0.0253293
3 17 -0.0287928
3 18 -0.0319023
3 19 -0.0365657
3 20 -0.0407748
3 21 -0.0459137
3 22 -0.0507182
3 23 -0.0556182
3 24 -0.061307
3 25 -0.06717
3 26 -0.0730752
3 27 -0.0790386
3 28 -0.0855232
3 29 -0.0917038
3 30 -0.098313
3 31 -0.105267
3 32 -0.11184
3 33 -0.118103
3 34 -0.124411
3 35 -0.130663
3 36 -0.136924
3 37 -0.143166
3 38 -0.15
3 39 -0.157275
3 40 -0.164101
3 41 -0.171253
3 42 -0.17725
3 43 -0.182139
3 44 -0.186423
3 45 -0.189282
3 46 -0.192207
3 47 -0.19512
3 48 -0.197395
3 49 -0.199833
3 50 -0.200679
3 51 -0.201423
3 52 -0.200628
3 53 -0.199209
3 54 -0.196139
3 55 -0.193116
3 56 -0.190477
3 57 -0.1881
3 58 -0.185504
3 59 -0.181521
3 60 -0.176617
3 61 -0.171104
3 62 -0.164708
3 63 -0.158147
3 64 -0.151535
3 65 -0.145119
3 66 -0.139656
3 67 -0.134132
3 68 -0.129012
3 69 -0.123362
3 70 -0.116654
3 71 -0.110591
3 72 -0.103915
3 73 -0.0972138
3 74 -0.0914266
3 75 -0.0856049
3 76 -0.0799246
3 77 -0.0743255
3 78 -0.0696455
3 79 -0.0647912
3 80 -0.0593332
3 81 -0.0540095
3 82 -0.0480869
3 83 -0.0438296
3 84 -0.039497
3 85 -0.0367713
3 86 -0.0346854
3 87 -0.0329979
3 88 -0.0308022
3 89 -0.0291628
3 90 -0.0281948
3 91 -0.0270734
3 92 -0.0270017
3 93 -0.0272889
3 94 -0.0275662
3 95 -0.0271828
3 96 -0.0265647
3 97 -0.0270575
3 98 -0.0274798
3 99 -0.0268439
3 100 -0.00327955
3 101 0

4 0 0
4 1 -0.0025192
4 2 -0.0201203
4 3 -0.0196133
4 4 -0.019614
4 5 -0.0194069
4 6 -0.0189502
4 7 -0.0180028
4 8 -0.0176814
4 9 -0.0177174
4 10 -0.0169805
4 11 -0.0171089
4 12 -0.0182946
4 13 -0.0194199
4 14 -0.0207884
4 15 -0.0219745
4 16 -0.0238597
4 17 -0.0264427
4 18 -0.029179
4 19 -0.0332502
4 20 -0.0378531
4 21 -0.0425084
4 22 -0.0477993
4 23 -0.0529445
4 24 -0.0589312
4 25 -0.0645079
4 26 -0.0702276
4 27 -0.0760418
4 28 -0.0814626
4 29 -0.0872695
4 30 -0.0942443
4 31 -0.101013
4 32 -0.10727
4 33 -0.113426
4 34 -0.119672
4 35 -0.125601
4 36 -0.131878
4 37 -0.138466
4 38 -0.144815
4 39 -0.151378
4 40 -0.158344
4 41 -0.164675
4 42 -0.170471
4 43 -0.175925
4 44 -0.180464
4 45 -0.183841
4 46 -0.186871
4 47 -0.189317
4 48 -0.191535
4 49 -0.193601
4 50 -0.194365
4 51 -0.194816
4 52 -0.193934
4 53 -0.193184
4 54 -0.190958
4 55 -0.18786
4 56 -0.185292
4 57 -0.182231
4 58 -0.178749
4 59 -0.174836
4 60 -0.169945
4 61 -0.164365
4 62 -0.158874
4 63 -0.153044
4 64 -0.146722
4 65 -0.140371
4 66 -0.13469
4 67 -0.128969
4 68 -0.123553
4 69 -0.118338
4 70 -0.112305
4 71 -0.10597
4 72 -0.0998901
4 73 -0.0937924
4 74 -0.0877376
4 75 -0.0818547
4 76 -0.0766279
4 77 -0.0712782
4 78 -0.0663523
4 79 -0.061023
4 80 -0.0558996
4 81 -0.050318
4 82 -0.0448549
4 83 -0.0403355
4 84 -0.0369106
4 85 -0.034676
4 86 -0.0323583
4 87 -0.0305093
4 88 -0.0294754
4 89 -0.0276846
4 90 -0.0265921
4 91 -0.0261835
4 92 -0.026192
4 93 -0.0270035
4 94 -0.0270053
4 95 -0.0264728
4 96 -0.0265846
4 97 -0.0270973
4 98 -0.0274949
4 99 -0.0270588
4 100 -0.00331003
4 101 0

5 0 0
5 1 -0.00247277
5 2 -0.0199806
5 3 -0.0195359
5 4 -0.0194069
5 5 -0.0193477
5 6 -0.0183707
5 7 -0.0176464
5 8 -0.0176251
5 9 -0.0174803
5 10 -0.0167964
5 11 -0.0163545
5 12 -0.0174985
5 13 -0.0181656
5 14 -0.018936
5 15 -0.0194368
5 16 -0.0212745
5 17 -0.0232311
5 18 -0.0255082
5 19 -0.0289539
5 20 -0.0335449
5 21 -0.0381082
5 22 -0.0432134
5 23 -0.048177
5 24 -0.054204
5 25 -0.0598148
5 26 -0.0651771
5 27 -0.0704784
5 28 -0.0760033
5 29 -0.082094
5 30 -0.0882003
5 31 -0.0948668
5 32 -0.10143
5 33 -0.107472
5 34 -0.113335
5 35 -0.119488
5 36 -0.125332
5 37 -0.131527
5 38 -0.137639
5 39 -0.143778
5 40 -0.150053
5 41 -0.156003
5 42 -0.161959
5 43 -0.166729
5 44 -0.171438
5 45 -0.175217
5 46 -0.178891
5 47 -0.181079
5 48 -0.18376
5 49 -0.185278
5 50 -0.18606
5 51 -0.186555
5 52 -0.185972
5 53 -0.184751
5 54 -0.18315
5 55 -0.180183
5 56 -0.17726
5 57 -0.173411
5 58 -0.169734
5 59 -0.165198
5 60 -0.160784
5 61 -0.156108
5 62 -0.151005
5 63 -0.145177
5 64 -0.13971
5 65 -0.134007
5 66 -0.127925
5 67 -0.122247
5 68 -0.116777
5 69 -0.111625
5 70 -0.106016
5 71 -0.100265
5 72 -0.0941738
5 73 -0.0880975
5 74 -0.0819922
5 75 -0.076533
5 76 -0.0711826
5 77 -0.065809
5 78 -0.0609188
5 79 -0.0550089
5 80 -0.0503542
5 81 -0.0453357
5 82 -0.0403466
5 83 -0.0362834
5 84 -0.0334891
5 85 -0.031054
5 86 -0.0288683
5 87 -0.0270852
5 88 -0.0270378
5 89 -0.0259238
5 90 -0.0252271
5 91 -0.0250776
5 92 -0.0259879
5 93 -0.0264833
5 94 -0.0260171
5 95 -0.0260523
5 96 -0.0263406
5 97 -0.0269269
5 98 -0.0269704
5 99 -0.0268919
5 100 -0.00330866
5 101 0

6 0 0
6 1 -0.0024076
6 2 -0.0194282
6 3 -0.0190916
6 4 -0.0189502
6 5 -0.0183707
6 6 -0.0176757
6 7 -0.0175733
6 8 -0.0177718
6 9 -0.0178947
6 10 -0.0167817
6 11 -0.0165008
6 12 -0.0165673
6 13 -0.0168928
6 14 -0.0166302
6 15 -0.0168978
6 16 -0.0181612
6 17 -0.0199613
6 18 -0.0218243
6 19 -0.0242225
6 20 -0.0279095
6 21 -0.0327807
6 22 -0.037729
6 23 -0.0424125
6 24 -0.0479686
6 25 -0.0538902
6 26 -0.0587226
6 27 -0.0638429
6 28 -0.069087
6 29 -0.0749521
6 30 -0.0802565
6 31 -0.0865408
6 32 -0.0933077
6 33 -0.0993189
6 34 -0.105324
6 35 -0.111524
6 36 -0.117465
6 37 -0.123157
6 38 -0.128578
6 39 -0.134328
6 40 -0.140195
6 41 -0.146366
6 42 -0.151928
6 43 -0.156989
6 44 -0.161224
6 45 -0.164878
6 46 -0.168479
6 47 -0.1708
6 48 -0.173216
6 49 -0.175048
6 50 -0.176536
6 51 -0.176833
6 52 -0.176047
6 53 -0.174096
6 54 -0.172505
6 55 -0.169782
6 56 -0.167033
6 57 -0.163249
6 58 -0.159243
6 59 -0.15521
6 60 -0.150835
6 61 -0.146573
6 62 -0.141036
6 63 -0.135693
6 64 -0.130553
6 65 -0.125423
6 66 -0.119637
6 67 -0.113792
6 68 -0.108417
6 69 -0.10276
6 70 -0.097043
6 71 -0.0916192
6 72 -0.086206
6 73 -0.0805847
6 74 -0.0749263
6 75 -0.0699904
6 76 -0.0642971
6 77 -0.0593292
6 78 -0.0541461
6 79 -0.048291
6 80 -0.0433458
6 81 -0.0395567
6 82 -0.035437
6 83 -0.0318121
6 84 -0.0291579
6 85 -0.0271421
6 86 -0.0251613
6 87 -0.0240014
6 88 -0.0241946
6 89 -0.0243315
6 90 -0.023869
6 91 -0.0244038
6 92 -0.0253699
6 93 -0.0260003
6 94 -0.0253641
6 95 -0.0251275
6 96 -0.0253168
6 97 -0.0256259
6 98 -0.0262104
6 99 -0.0264633
6 100 -0.00326853
6 101 0

7 0 0
7 1 -0.00229601
7 2 -0.0187475
7 3 -0.0186712
7 4 -0.0180028
7 5 -0.0176464
7 6 -0.0175733
7 7 -0.0180466
7 8 -0.0185783
7 9 -0.017751
7 10 -0.0164535
7 11 -0.0156273
7 12 -0.0152257
7 13 -0.0143909
7 14 -0.0143051
7 15 -0.0139318
7 16 -0.0149148
7 17 -0.015648
7 18 -0.0175118
7 19 -0.0187737
7 20 -0.0223952
7 21 -0.0266076
7 22 -0.0315451
7 23 -0.0356351
7 24 -0.0409145
7 25 -0.0459139
7 26 -0.0508763
7 27 -0.0559063
7 28 -0.0603333
7 29 -0.065308
7 30 -0.0713603
7 31 -0.0773778
7 32 -0.0833583
7 33 -0.0898737
7 34 -0.0961182
7 35 -0.102107
7 36 -0.108013
7 37 -0.113716
7 38 -0.118347
7 39 -0.122999
7 40 -0.12905
7 41 -0.134573
7 42 -0.140278
7 43 -0.145278
7 44 -0.149202
7 45 -0.15259
7 46 -0.15598
7 47 -0.157916
7 48 -0.160274
7 49 -0.161594
7 50 -0.163747
7 51 -0.163966
7 52 -0.163226
7 53 -0.160977
7 54 -0.159535
7 55 -0.15717
7 56 -0.15493
7 57 -0.151368
7 58 -0.147269
7 59 -0.143312
7 60 -0.139235
7 61 -0.134414
7 62 -0.129924
7 63 -0.124928
7 64 -0.119659
7 65 -0.114983
7 66 -0.10992
7 67 -0.104474
7 68 -0.098439
7 69 -0.0928934
7 70 -0.0869143
7 71 -0.0804183
7 72 -0.0759442
7 73 -0.0714627
7 74 -0.0660833
7 75 -0.0610523
7 76 -0.0561877
7 77 -0.0511024
7 78 -0.0462375
7 79 -0.0408087
7 80 -0.0368407
7 81 -0.0325576
7 82 -0.0295505
7 83 -0.0259595
7 84 -0.0241269
7 85 -0.0223531
7 86 -0.0212423
7 87 -0.0201729
7 88 -0.021476
7 89 -0.0215661
7 90 -0.0221162
7 91 -0.0233146
7 92 -0.0244738
7 93 -0.0251902
7 94 -0.0249634
7 95 -0.0244176
7 96 -0.0243593
7 97 -0.024553
7 98 -0.0249899
7 99 -0.025714
7 100 -0.00322228
7 101 0

8 0 0
8 1 -0.002204
8 2 -0.018091
8 3 -0.0180213
8 4 -0.0176814
8 5 -0.0176251
8 6 -0.0177718
8 7 -0.0185783
8 8 -0.0184757
8 9 -0.017432
8 10 -0.015899
8 11 -0.0146121
8 12 -0.0132178
8 13 -0.0125853
8 14 -0.0116893
8 15 -0.011067
8 16 -0.0109941
8 17 -0.0113745
8 18 -0.0120441
8 19 -0.0130851
8 20 -0.0159366
8 21 -0.0202163
8 22 -0.0238781
8 23 -0.0275435
8 24 -0.031876
8 25 -0.0364233
8 26 -0.0406653
8 27 -0.0451215
8 28 -0.0494445
8 29 -0.0546776
8 30 -0.0599166
8 31 -0.0661567
8 32 -0.072454
8 33 -0.0786201
8 34 -0.0852148
8 35 -0.0909499
8 36 -0.0961141
8 37 -0.101162
8 38 -0.105743
8 39 -0.110744
8 40 -0.115678
8 41 -0.121208
8 42 -0.126609
8 43 -0.131403
8 44 -0.135456
8 45 -0.138382
8 46 -0.141414
8 47 -0.14336
8 48 -0.145394
8 49 -0.147282
8 50 -0.148914
8 51 -0.149338
8 52 -0.148383
8 53 -0.146309
8 54 -0.145016
8 55 -0.143109
8 56 -0.141009
8 57 -0.137412
8 58 -0.133493
8 59 -0.129493
8 60 -0.125074
8 61 -0.120851
8 62 -0.1162
8 63 -0.111477
8 64 -0.106583
8 65 -0.10246
8 66 -0.0980285
8 67 -0.0926868
8 68 -0.0871396
8 69 -0.0809897
8 70 -0.0743791
8 71 -0.0686936
8 72 -0.0639603
8 73 -0.0594133
8 74 -0.0545537
8 75 -0.0505168
8 76 -0.0458777
8 77 -0.0411026
8 78 -0.0367256
8 79 -0.0325677
8 80 -0.0286819
8 81 -0.0251185
8 82 -0.021751
8 83 -0.0200149
8 84 -0.0184267
8 85 -0.0168244
8 86 -0.0164237
8 87 -0.0166845
8 88 -0.0177851
8 89 -0.0193595
8 90 -0.0203935
8 91 -0.0218673
8 92 -0.0233281
8 93 -0.0237135
8 94 -0.0237514
8 95 -0.0245822
8 96 -0.0243194
8 97 -0.0239184
8 98 -0.0238642
8 99 -0.0245816
8 100 -0.00306393
8 101 0

9 0 0
9 1 -0.00211563
9 2 -0.0175173
9 3 -0.0177573
9 4 -0.0177174
9 5 -0.0174803
9 6 -0.0178947
9 7 -0.017751
9 8 -0.017432
9 9 -0.0167773
9 10 -0.0162232
9 11 -0.0144157
9 12 -0.0124311
9 13 -0.0110507
9 14 -0.00993947
9 15 -0.00853301
9 16 -0.00725735
9 17 -0.00713266
9 18 -0.00654258
9 19 -0.00710162
9 20 -0.00835602
9 21 -0.0121999
9 22 -0.0158206
9 23 -0.0187797
9 24 -0.0222348
9 25 -0.0264763
9 26 -0.0302364
9 27 -0.0337192
9 28 -0.038377
9 29 -0.0426986
9 30 -0.0479774
9 31 -0.0532817
9 32 -0.0591871
9 33 -0.065706
9 34 -0.0718284
9 35 -0.0770634
9 36 -0.0821524
9 37 -0.0869184
9 38 -0.0923396
9 39 -0.0976884
9 40 -0.102227
9 41 -0.106944
9 42 -0.111681
9 43 -0.116367
9 44 -0.120186
9 45 -0.122897
9 46 -0.125165
9 47 -0.127436
9 48 -0.129048
9 49 -0.131437
9 50 -0.132987
9 51 -0.132739
9 52 -0.131675
9 53 -0.130169
9 54 -0.128612
9 55 -0.127509
9 56 -0.125201
9 57 -0.122101
9 58 -0.118282
9 59 -0.11451
9 60 -0.110989
9 61 -0.106611
9 62 -0.101808
9 63 -0.0972422
9 64 -0.0921765
9 65 -0.0875494
9 66 -0.0835425
9 67 -0.0782256
9 68 -0.0728001
9 69 -0.0669597
9 70 -0.0608523
9 71 -0.0557536
9 72 -0.0514024
9 73 -0.0466849
9 74 -0.0429048
9 75 -0.0388207
9 76 -0.0347996
9 77 -0.030781
9 78 -0.0267625
9 79 -0.0229712
9 80 -0.0192671
9 81 -0.0166232
9 82 -0.0142339
9 83 -0.0134641
9 84 -0.0124409
9 85 -0.0121483
9 86 -0.0118477
9 87 -0.0127583
9 88 -0.0148126
9 89 -0.0173962
9 90 -0.0193811
9 91 -0.0205013
9 92 -0.0216144
9 93 -0.0220219
9 94 -0.0228811
9 95 -0.023629
9 96 -0.0241805
9 97 -0.0232273
9 98 -0.022898
9 99 -0.0233041
9 100 -0.00286914
9 101 0

10 0 0
10 1 -0.00212698
10 2 -0.0175899
10 3 -0.0178127
10 4 -0.0169805
10 5 -0.0167964
10 6 -0.0167817
10 7 -0.0164535
10 8 -0.015899
10 9 -0.0162232
10 10 -0.015417
10 11 -0.0140093
10 12 -0.0114993
10 13 -0.00868584
10 14 -0.00732111
10 15 -0.00520965
10 16 -0.00326102
10 17 -0.00264932
10 18 -0.000981409
10 19 -0.000665027
10 20 -0.00156875
10 21 -0.00386229
10 22 -0.0065809
10 23 -0.00919586
10 24 -0.0123886
10 25 -0.0154908
10 26 -0.018597
10 27 -0.0222428
10 28 -0.0259465
10 29 -0.0299368
10 30 -0.0345273
10 31 -0.0396711
10 32 -0.0450203
10 33 -0.0504569
10 34 -0.0563298
10 35 -0.0612673
10 36 -0.066367
10 37 -0.0726228
10 38 -0.0782265
10 39 -0.0831557
10 40 -0.0878953
10 41 -0.0919058
10 42 -0.0962548
10 43 -0.100015
10 44 -0.102808
10 45 -0.105577
10 46 -0.107858
10 47 -0.109816
10 48 -0.112491
10 49 -0.114354
10 50 -0.115279
10 51 -0.115372
10 52 -0.114366
10 53 -0.11275
10 54 -0.111171
10 55 -0.109374
10 56 -0.107564
10 57 -0.105005
10 58 -0.101936
10 59 -0.0991334
10 60 -0.0955537
10 61 -0.0910931
10 62 -0.0870537
10 63 -0.0822659
10 64 -0.0766601
10 65 -0.0715164
10 66 -0.066804
10 67 -0.061851
10 68 -0.0568698
10 69 -0.0518362
10 70 -0.0464683
10 71 -0.0413376
10 72 -0.0376561
10 73 -0.033873
10 74 -0.0294441
10 75 -0.0258521
10 76 -0.0228068
10 77 -0.019324
10 78 -0.0158902
10 79 -0.0126454
10 80 -0.00992042
10 81 -0.00768933
10 82 -0.00610208
10 83 -0.00624184
10 84 -0.00613831
10 85 -0.00683398
10 86 -0.00700837
10 87 -0.00822301
10 88 -0.0115493
10 89 -0.0145044
10 90 -0.0172206
10 91 -0.0186537
10 92 -0.0191805
10 93 -0.0204708
10 94 -0.0210656
10 95 -0.0222475
10 96 -0.0227314
10 97 -0.0222608
10 98 -0.0220632
10 99 -0.0224964
10 100 -0.00279299
10 101 0

11 0 0
11 1 -0.00230148
11 2 -0.0182339
11 3 -0.0176689
11 4 -0.0171089
11 5 -0.0163545
11 6 -0.0165008
11 7 -0.0156273
11 8 -0.0146121
11 9 -0.0144157
11 10 -0.0140093
11 11 -0.0117649
11 12 -0.00905715
11 13 -0.00658213
11 14 -0.00405998
11 15 -0.00098674
11 16 0.00177551
11 17 0.00250248
11 18 0.00507748
11 19 0.00534779
11 20 0.00552283
11 21 0.00392784
11 22 0.00268212
11 23 0.00155499
11 24 -0.000671364
11 25 -0.00390014
11 26 -0.00620628
11 27 -0.00922751
11 28 -0.0134669
11 29 -0.016739
11 30 -0.0206001
11 31 -0.0249622
11 32 -0.0297613
11 33 -0.034512
11 34 -0.0402067
11 35 -0.0454081
11 36 -0.0510919
11 37 -0.0566681
11 38 -0.0622654
11 39 -0.0672911
11 40 -0.071608
11 41 -0.0763049
11 42 -0.0800409
11 43 -0.0833101
11 44 -0.0858648
11 45 -0.0885409
11 46 -0.0907885
11 47 -0.0930076
11 48 -0.094381
11 49 -0.0964332
11 50 -0.0972478
11 51 -0.0973376
11 52 -0.0968019
11 53 -0.0958356
11 54 -0.0935955
11 55 -0.0918064
11 56 -0.0897408
11 57 -0.0877686
11 58 -0.0851031
11 59 -0.0825841
11 60 -0.0790721
11 61 -0.0745861
11 62 -0.0697792
11 63 -0.0655211
11 64 -0.0605299
11 65 -0.0551967
11 66 -0.0504677
11 67 -0.0447753
11 68 -0.0406072
11 69 -0.0358292
11 70 -0.0305115
11 71 -0.0262673
11 72 -0.0228167
11 73 -0.018981
11 74 -0.015955
11 75 -0.0127342
11 76 -0.00929583
11 77 -0.00644993
11 78 -0.00380176
11 79 -0.00197222
11 80 5.23534e-05
11 81 0.000905319
11 82 0.00163735
11 83 0.000765207
11 84 0.00105715
11 85 -0.000231365
11 86 -0.00151503
11 87 -0.00417249
11 88 -0.0068374
11 89 -0.0105179
11 90 -0.0138122
11 91 -0.0154817
11 92 -0.0168816
11 93 -0.0181379
11 94 -0.0198261
11 95 -0.0210787
11 96 -0.0217534
11 97 -0.0210889
11 98 -0.0215248
11 99 -0.0221067
11 100 -0.00277026
11 101 0

12 0 0
12 1 -0.00234378
12 2 -0.0191084
12 3 -0.019109
12 4 -0.0182946
12 5 -0.0174985
12 6 -0.0165673
12 7 -0.0152257
12 8 -0.0132178
12 9 -0.0124311
12 10 -0.0114993
12 11 -0.00905715
12 12 -0.00585283
12 13 -0.00329182
12 14 -0.000124612
12 15 0.00283014
12 16 0.00591758
12 17 0.00870134
12 18 0.0110099
12 19 0.0124509
12 20 0.0133368
12 21 0.0132785
12 22 0.0131318
12 23 0.0123549
12 24 0.0113608
12 25 0.00910161
12 26 0.00707798
12 27 0.00423875
12 28 0.00123486
12 29 -0.00219612
12 30 -0.00563836
12 31 -0.00950961
12 32 -0.0140424
12 33 -0.0187345
12 34 -0.024021
12 35 -0.0290319
12 36 -0.033999
12 37 -0.0400212
12 38 -0.0452641
12 39 -0.049739
12 40 -0.0548264
12 41 -0.0587163
12 42 -0.062371
12 43 -0.0664829
12 44 -0.0693943
12 45 -0.072425
12 46 -0.0745288
12 47 -0.0758611
12 48 -0.0771163
12 49 -0.0781602
12 50 -0.0797887
12 51 -0.0793944
12 52 -0.0793852
12 53 -0.0786129
12 54 -0.0771668
12 55 -0.0753759
12 56 -0.0736966
12 57 -0.0708021
12 58 -0.0669202
12 59 -0.064476
12 60 -0.0610581
12 61 -0.056147
12 62 -0.0518858
12 63 -0.0477046
12 64 -0.0427838
12 65 -0.0380202
12 66 -0.0329878
12 67 -0.0280137
12 68 -0.0229731
12 69 -0.0184613
12 70 -0.0143747
12 71 -0.00976295
12 72 -0.00670314
12 73 -0.00363049
12 74 -0.000355415
12 75 0.00190695
12 76 0.00495012
12 77 0.00665049
12 78 0.0083417
12 79 0.00979454
12 80 0.0106711
12 81 0.0106562
12 82 0.0107708
12 83 0.00923877
12 84 0.00763142
12 85 0.00602237
12 86 0.00359293
12 87 0.000590115
12 88 -0.00221621
12 89 -0.00584392
12 90 -0.00922666
12 91 -0.0119899
12 92 -0.0141994
12 93 -0.0162252
12 94 -0.0179414
12 95 -0.0203287
12 96 -0.0217157
12 97 -0.0212798
12 98 -0.0215148
12 99 -0.0218509
12 100 -0.00271521
12 101 0

13 0 0
13 1 -0.00248238
13 2 -0.0204281
13 3 -0.0206078
13 4 -0.0194199
13 5 -0.0181656
13 6 -0.0168928
13 7 -0.0143909
13 8 -0.0125853
13 9 -0.0110507
13 10 -0.00868584
13 11 -0.00658213
13 12 -0.00329182
13 13 0.000792726
13 14 0.00391118
13 15 0.00778143
13 16 0.0114463
13 17 0.0152233
13 18 0.0182359
13 19 0.0207474
13 20 0.0216509
13 21 0.0233607
13 22 0.023973
13 23 0.0236718
13 24 0.0231649
13 25 0.0220727
13 26 0.0201438
13 27 0.0177192
13 28 0.0156698
13 29 0.0126393
13 30 0.00994613
13 31 0.00697783
13 32 0.00259604
13 33 -0.00172072
13 34 -0.0067501
13 35 -0.0118369
13 36 -0.0166261
13 37 -0.0224519
13 38 -0.02809
13 39 -0.0331374
13 40 -0.0379393
13 41 -0.0414865
13 42 -0.0454572
13 43 -0.0494161
13 44 -0.0523529
13 45 -0.0560333
13 46 -0.0579451
13 47 -0.0587082
13 48 -0.0605712
13 49 -0.0614178
13 50 -0.0625255
13 51 -0.0626746
13 52 -0.0621684
13 53 -0.061129
13 54 -0.0603645
13 55 -0.0586831
13 56 -0.0567939
13 57 -0.0535206
13 58 -0.0495882
13 59 -0.0468587
13 60 -0.0431716
13 61 -0.0389905
13 62 -0.0346142
13 63 -0.0294336
13 64 -0.0244824
13 65 -0.0196522
13 66 -0.0144187
13 67 -0.0098395
13 68 -0.00462207
13 69 0.000165304
13 70 0.00314618
13 71 0.00701846
13 72 0.00990199
13 73 0.0122314
13 74 0.0152216
13 75 0.0170618
13 76 0.0185294
13 77 0.0197477
13 78 0.0212684
13 79 0.0217718
13 80 0.0213932
13 81 0.0215499
13 82 0.0200459
13 83 0.0180619
13 84 0.015281
13 85 0.0129497
13 86 0.00977905
13 87 0.0064016
13 88 0.00225885
13 89 -0.0010732
13 90 -0.00472692
13 91 -0.00855863
13 92 -0.0116982
13 93 -0.0142774
13 94 -0.0164141
13 95 -0.0193621
13 96 -0.0217417
13 97 -0.0218701
13 98 -0.0219444
13 99 -0.021804
13 100 -0.00266383
13 101 0

14 0 0
14 1 -0.00269909
14 2 -0.0219377
14 3 -0.0217445
14 4 -0.0207884
14 5 -0.018936
14 6 -0.0166302
14 7 -0.0143051
14 8 -0.0116893
14 9 -0.00993947
14 10 -0.00732111
14 11 -0.00405998
14 12 -0.000124612
14 13 0.00391118
14 14 0.00837096
14 15 0.0120495
14 16 0.0163677
14 17 0.0206159
14 18 0.0243308
14 19 0.0277584
14 20 0.030897
14 21 0.0325221
14 22 0.033757
14 23 0.0344342
14 24 0.0352832
14 25 0.0352526
14 26 0.0346075
14 27 0.0327549
14 28 0.0307677
14 29 0.0280921
14 30 0.0258432
14 31 0.0236007
14 32 0.0198417
14 33 0.0152092
14 34 0.0104379
14 35 0.00547798
14 36 0.000694443
14 37 -0.00460399
14 38 -0.0101514
14 39 -0.0153847
14 40 -0.0207948
14 41 -0.0244621
14 42 -0.0284107
14 43 -0.0326555
14 44 -0.0356555
14 45 -0.0389304
14 46 -0.0411583
14 47 -0.0425885
14 48 -0.0437982
14 49 -0.0440377
14 50 -0.0453345
14 51 -0.0447219
14 52 -0.0450657
14 53 -0.0444152
14 54 -0.0435493
14 55 -0.0416365
14 56 -0.0393771
14 57 -0.0363492
14 58 -0.032544
14 59 -0.0293707
14 60 -0.0255816
14 61 -0.0207426
14 62 -0.0161138
14 63 -0.0111835
14 64 -0.00600751
14 65 -0.0010506
14 66 0.00383495
14 67 0.00874366
14 68 0.0144378
14 69 0.0189361
14 70 0.0212552
14 71 0.024213
14 72 0.0267128
14 73 0.0292292
14 74 0.0317923
14 75 0.0323875
14 76 0.0328792
14 77 0.0327858
14 78 0.0334246
14 79 0.0337106
14 80 0.0330814
14 81 0.031016
14 82 0.0286794
14 83 0.0256265
14 84 0.0224651
14 85 0.0189835
14 86 0.0155612
14 87 0.0114962
14 88 0.00731522
14 89 0.00276684
14 90 -0.00145807
14 91 -0.00567002
14 92 -0.00911128
14 93 -0.0124778
14 94 -0.0149546
14 95 -0.0178647
14 96 -0.0207844
14 97 -0.0218076
14 98 -0.0223249
14 99 -0.0220147
14 100 -0.00268516
14 101 0

15 0 0
15 1 -0.00296196
15 2 -0.0238266
15 3 -0.0232398
15 4 -0.0219745
15 5 -0.0194368
15 6 -0.0168978
15 7 -0.0139318
15 8 -0.011067
15 9 -0.00853301
15 10 -0.00520965
15 11 -0.00098674
15 12 0.00283014
15 13 0.00778143
15 14 0.0120495
15 15 0.0168986
15 16 0.0222281
15 17 0.0263272
15 18 0.0321536
15 19 0.0355622
15 20 0.0398064
15 21 0.0423337
15 22 0.0446
15 23 0.0466199
15 24 0.0481434
15 25 0.0492591
15 26 0.0495703
15 27 0.0485072
15 28 0.0461541
15 29 0.0439466
15 30 0.0416679
15 31 0.0393613
15 32 0.0361816
15 33 0.0322929
15 34 0.0274045
15 35 0.022615
15 36 0.0176972
15 37 0.0130306
15 38 0.00789926
15 39 0.0021847
15 40 -0.00260699
15 41 -0.00730577
15 42 -0.0112146
15 43 -0.0147356
15 44 -0.0178596
15 45 -0.0206358
15 46 -0.0232896
15 47 -0.0257389
15 48 -0.0264764
15 49 -0.0272968
15 50 -0.0267741
15 51 -0.0276183
15 52 -0.0273532
15 53 -0.0274272
15 54 -0.0257112
15 55 -0.0237487
15 56 -0.0209648
15 57 -0.0180347
15 58 -0.0152205
15 59 -0.0117679
15 60 -0.00710448
15 61 -0.00229351
15 62 0.00279105
15 63 0.00755691
15 64 0.0123462
15 65 0.0173924
15 66 0.0218491
15 67 0.0275215
15 68 0.0325622
15 69 0.0362779
15 70 0.0392821
15 71 0.0413598
15 72 0.0438511
15 73 0.0463256
15 74 0.0480048
15 75 0.0487536
15 76 0.0478627
15 77 0.0475889
15 78 0.0475102
15 79 0.0464514
15 80 0.0448298
15 81 0.0414606
15 82 0.0385064
15 83 0.0341485
15 84 0.0309675
15 85 0.025744
15 86 0.0215136
15 87 0.0166757
15 88 0.011561
15 89 0.00699294
15 90 0.00180568
15 91 -0.00229135
15 92 -0.00641194
15 93 -0.010367
15 94 -0.0137999
15 95 -0.016818
15 96 -0.0198895
15 97 -0.0216609
15 98 -0.0226552
15 99 -0.0228826
15 100 -0.0028361
15 101 0

16 0 0
16 1 -0.00320734
16 2 -0.025936
16 3 -0.0253293
16 4 -0.0238597
16 5 -0.0212745
16 6 -0.0181612
16 7 -0.0149148
16 8 -0.0109941
16 9 -0.00725735
16 10 -0.00326102
16 11 0.00177551
16 12 0.00591758
16 13 0.0114463
16 14 0.0163677
16 15 0.0222281
16 16 0.0276663
16 17 0.0333983
16 18 0.0393312
16 19 0.0437897
16 20 0.0483003
16 21 0.0523535
16 22 0.0560011
16 23 0.0596251
16 24 0.0611403
16 25 0.0632894
16 26 0.064296
16 27 0.0642445
16 28 0.0625574
16 29 0.0605713
16 30 0.0581014
16 31 0.0551752
16 32 0.0524324
16 33 0.0487813
16 34 0.0444653
16 35 0.0401059
16 36 0.0351737
16 37 0.0302786
16 38 0.0253951
16 39 0.0196966
16 40 0.0151261
16 41 0.0109417
16 42 0.00710689
16 43 0.00426864
16 44 -4.46416e-06
16 45 -0.00247748
16 46 -0.00618979
16 47 -0.00897119
16 48 -0.00968527
16 49 -0.010855
16 50 -0.00998249
16 51 -0.0104194
16 52 -0.00981291
16 53 -0.0102267
16 54 -0.00883084
16 55 -0.00661767
16 56 -0.00358587
16 57 0.000559703
16 58 0.00349348
16 59 0.00771268
16 60 0.0118499
16 61 0.0166267
16 62 0.0214038
16 63 0.0259114
16 64 0.0307934
16 65 0.0357659
16 66 0.0402322
16 67 0.046063
16 68 0.0507967
16 69 0.0536381
16 70 0.0569073
16 71 0.0588445
16 72 0.0615537
16 73 0.0635191
16 74 0.0645723
16 75 0.0650608
16 76 0.0633903
16 77 0.0631585
16 78 0.0614056
16 79 0.059305
16 80 0.0561958
16 81 0.0527455
16 82 0.0487493
16 83 0.0435305
16 84 0.038454
16 85 0.0331887
16 86 0.0275511
16 87 0.0222567
16 88 0.0162011
16 89 0.0109436
16 90 0.00509204
16 91 0.000471385
16 92 -0.00447665
16 93 -0.00878344
16 94 -0.0128758
16 95 -0.0170869
16 96 -0.0201453
16 97 -0.0228429
16 98 -0.0237432
16 99 -0.0241198
16 100 -0.00298268
16 101 0

17 0 0
17 1 -0.00351724
17 2 -0.0288871
17 3 -0.0287928
17 4 -0.0264427
17 5 -0.0232311
17 6 -0.0199613
17 7 -0.015648
17 8 -0.0113745
17 9 -0.00713266
17 10 -0.00264932
17 11 0.00250248
17 12 0.00870134
17 13 0.0152233
17 14 0.0206159
17 15 0.0263272
17 16 0.0333983
17 17 0.0388905
17 18 0.0453755
17 19 0.0504782
17 20 0.0567393
17 21 0.0614892
17 22 0.0660555
17 23 0.0698255
17 24 0.0737662
17 25 0.0768617
17 26 0.0783619
17 27 0.0787657
17 28 0.0778653
17 29 0.0764422
17 30 0.0747984
17 31 0.0731842
17 32 0.0702199
17 33 0.0665983
17 34 0.0618749
17 35 0.0572301
17 36 0.0522104
17 37 0.0471495
17 38 0.04217
17 39 0.0371036
17 40 0.0322482
17 41 0.0282909
17 42 0.0245576
17 43 0.0202529
17 44 0.0165687
17 45 0.0128126
17 46 0.00993696
17 47 0.0075052
17 48 0.00633021
17 49 0.00518145
17 50 0.00535019
17 51 0.00504037
17 52 0.00639413
17 53 0.00652017
17 54 0.00783863
17 55 0.00981464
17 56 0.0128957
17 57 0.0169333
17 58 0.0212365
17 59 0.0249111
17 60 0.0295668
17 61 0.0345909
17 62 0.0396239
17 63 0.0446853
17 64 0.0488694
17 65 0.053433
17 66 0.0582698
17 67 0.0642368
17 68 0.0697626
17 69 0.0736359
17 70 0.0756542
17 71 0.0773804
17 72 0.0788609
17 73 0.0799095
17 74 0.0804977
17 75 0.0800853
17 76 0.0781973
17 77 0.076245
17 78 0.0741721
17 79 0.0707691
17 80 0.0669892
17 81 0.0620822
17 82 0.0577479
17 83 0.0514265
17 84 0.0458498
17 85 0.0389834
17 86 0.0336296
17 87 0.0272501
17 88 0.0203271
17 89 0.0135589
17 90 0.00751589
17 91 0.00239045
17 92 -0.00287484
17 93 -0.00820336
17 94 -0.0131438
17 95 -0.0171548
17 96 -0.0210198
17 97 -0.0237432
17 98 -0.0255037
17 99 -0.026203
17 100 -0.00323769
17 101 0

18 0 0
18 1 -0.00411384
18 2 -0.0330156
18 3 -0.0319023
18 4 -0.029179
18 5 -0.0255082
18 6 -0.0218243
18 7 -0.0175118
18 8 -0.0120441
18 9 -0.00654258
18 10 -0.000981409
18 11 0.00507748
18 12 0.0110099
18 13 0.0182359
18 14 0.0243308
18 15 0.0321536
18 16 0.0393312
18 17 0.0453755
18 18 0.0519476
18 19 0.0582193
18 20 0.06493
18 21 0.0716055
18 22 0.07729
18 23 0.0828858
18 24 0.0864816
18 25 0.0897655
18 26 0.0919112
18 27 0.0932581
18 28 0.0928021
18 29 0.091849
18 30 0.0914013
18 31 0.0896659
18 32 0.0871258
18 33 0.0838874
18 34 0.0796097
18 35 0.0742904
18 36 0.0686199
18 37 0.0638916
18 38 0.058618
18 39 0.0529576
18 40 0.0496228
18 41 0.0449349
18 42 0.0408027
18 43 0.0379968
18 44 0.033357
18 45 0.0296115
18 46 0.0254434
18 47 0.0226728
18 48 0.0212276
18 49 0.0199272
18 50 0.0205652
18 51 0.0201521
18 52 0.0211822
18 53 0.0223051
18 54 0.0238752
18 55 0.0260048
18 56 0.0295025
18 57 0.0340684
18 58 0.0378382
18 59 0.043056
18 60 0.0475629
18 61 0.0515346
18 62 0.0572373
18 63 0.0620299
18 64 0.0665657
18 65 0.0717701
18 66 0.07698
18 67 0.082753
18 68 0.0872857
18 69 0.0910216
18 70 0.0938465
18 71 0.0939991
18 72 0.0958121
18 73 0.0967892
18 74 0.0961836
18 75 0.0953162
18 76 0.0928289
18 77 0.0913888
18 78 0.0880855
18 79 0.0834337
18 80 0.0780244
18 81 0.0728599
18 82 0.0671017
18 83 0.0600872
18 84 0.0531797
18 85 0.0464313
18 86 0.0394186
18 87 0.0324467
18 88 0.0242973
18 89 0.0171697
18 90 0.0100766
18 91 0.00444523
18 92 -0.00167782
18 93 -0.00762319
18 94 -0.013329
18 95 -0.0185534
18 96 -0.0225139
18 97 -0.0262362
18 98 -0.0282474
18 99 -0.0292252
18 100 -0.00362522
18 101 0

19 0 0
19 1 -0.00462933
19 2 -0.0374784
19 3 -0.0365657
19 4 -0.0332502
19 5 -0.0289539
19 6 -0.0242225
19 7 -0.0187737
19 8 -0.0130851
19 9 -0.00710162
19 10 -0.000665027
19 11 0.00534779
19 12 0.0124509
19 13 0.0207474
19 14 0.0277584
19 15 0.0355622
19 16 0.0437897
19 17 0.0504782
19 18 0.0582193
19 19 0.0651852
19 20 0.0738931
19 21 0.0814593
19 22 0.0873703
19 23 0.0933751
19 24 0.0989563
19 25 0.103339
19 26 0.105759
19 27 0.107225
19 28 0.107842
19 29 0.107461
19 30 0.106588
19 31 0.105775
19 32 0.104137
19 33 0.100641
19 34 0.0956824
19 35 0.0907872
19 36 0.0849899
19 37 0.0797699
19 38 0.0752563
19 39 0.0705822
19 40 0.0656441
19 41 0.0610984
19 42 0.0568346
19 43 0.0521572
19 44 0.0477057
19 45 0.0432914
19 46 0.0395763
19 47 0.0371124
19 48 0.0359504
19 49 0.0348435
19 50 0.0346997
19 51 0.0347652
19 52 0.0361006
19 53 0.036838
19 54 0.0384628
19 55 0.0409552
19 56 0.0440391
19 57 0.0483083
19 58 0.0536869
19 59 0.0586798
19 60 0.0639435
19 61 0.0696088
19 62 0.0750024
19 63 0.0795307
19 64 0.0841405
19 65 0.0894066
19 66 0.0943159
19 67 0.0998256
19 68 0.104624
19 69 0.10842
19 70 0.110713
19 71 0.111954
19 72 0.112715
19 73 0.112394
19 74 0.111891
19 75 0.110873
19 76 0.107629
19 77 0.104217
19 78 0.100614
19 79 0.0958673
19 80 0.0894943
19 81 0.0823778
19 82 0.0757019
19 83 0.0679962
19 84 0.0603401
19 85 0.0512926
19 86 0.0439216
19 87 0.0358611
19 88 0.0269683
19 89 0.0191891
19 90 0.0115981
19 91 0.00475046
19 92 -0.00116249
19 93 -0.00776472
19 94 -0.014264
19 95 -0.0199157
19 96 -0.0248639
19 97 -0.0283649
19 98 -0.0310596
19 99 -0.0332984
19 100 -0.00418443
19 101 0

20 0 0
20 1 -0.00520775
20 2 -0.0420084
20 3 -0.0407748
20 4 -0.0378531
20 5 -0.0335449
20 6 -0.0279095
20 7 -0.0223952
20 8 -0.0159366
20 9 -0.00835602
20 10 -0.00156875
20 11 0.00552283
20 12 0.0133368
20 13 0.0216509
20 14 0.030897
20 15 0.0398064
20 16 0.0483003
20 17 0.0567393
20 18 0.06493
20 19 0.0738931
20 20 0.0825174
20 21 0.0909716
20 22 0.0988965
20 23 0.105468
20 24 0.111139
20 25 0.115802
20 26 0.119008
20 27 0.121626
20 28 0.122159
20 29 0.121954
20 30 0.122108
20 31 0.12076
20 32 0.118998
20 33 0.116074
20 34 0.111709
20 35 0.106624
20 36 0.101278
20 37 0.0962133
20 38 0.0907801
20 39 0.0855775
20 40 0.0816671
20 41 0.0764716
20 42 0.0719216
20 43 0.0679704
20 44 0.062134
20 45 0.0576681
20 46 0.0531075
20 47 0.0504063
20 48 0.0492059
20 49 0.0483227
20 50 0.0488504
20 51 0.0490172
20 52 0.0496451
20 53 0.0507206
20 54 0.0521469
20 55 0.05457
20 56 0.0582335
20 57 0.0633595
20 58 0.0685614
20 59 0.0750467
20 60 0.0807151
20 61 0.0857944
20 62 0.0914846
20 63 0.0962976
20 64 0.101159
20 65 0.106605
20 66 0.11185
20 67 0.116952
20 68 0.120599
20 69 0.123874
20 70 0.12703
20 71 0.127762
20 72 0.128888
20 73 0.128895
20 74 0.127464
20 75 0.125638
20 76 0.122108
20 77 0.118372
20 78 0.113673
20 79 0.107894
20 80 0.100864
20 81 0.092851
20 82 0.0846237
20 83 0.0757661
20 84 0.0668672
20 85 0.0583884
20 86 0.0483656
20 87 0.0386286
20 88 0.0297783
20 89 0.0203524
20 90 0.0119257
20 91 0.00431326
20 92 -0.0033176
20 93 -0.00925125
20 94 -0.0161171
20 95 -0.0231822
20 96 -0.0279578
20 97 -0.0321886
20 98 -0.0348815
20 99 -0.0374737
20 100 -0.00470129
20 101 0

21 0 0
21 1 -0.00575622
21 2 -0.0467606
21 3 -0.0459137
21 4 -0.0425084
21 5 -0.0381082
21 6 -0.0327807
21 7 -0.0266076
21 8 -0.0202163
21 9 -0.0121999
21 10 -0.00386229
21 11 0.00392784
21 12 0.0132785
21 13 0.0233607
21 14 0.0325221
21 15 0.0423337
21 16 0.0523535
21 17 0.0614892
21 18 0.0716055
21 19 0.0814593
21 20 0.0909716
21 21 0.100672
21 22 0.109276
21 23 0.115956
21 24 0.122421
21 25 0.128059
21 26 0.131805
21 27 0.134283
21 28 0.135376
21 29 0.135479
21 30 0.135876
21 31 0.135485
21 32 0.133639
21 33 0.130817
21 34 0.12625
21 35 0.121187
21 36 0.116042
21 37 0.110075
21 38 0.104721
21 39 0.0998356
21 40 0.0952755
21 41 0.0910628
21 42 0.0863534
21 43 0.0811702
21 44 0.0757963
21 45 0.0703196
21 46 0.0663075
21 47 0.0635906
21 48 0.0617172
21 49 0.0609432
21 50 0.0613361
21 51 0.0612372
21 52 0.0626463
21 53 0.063404
21 54 0.0650068
21 55 0.0679365
21 56 0.0718713
21 57 0.0769329
21 58 0.0827643
21 59 0.0888214
21 60 0.0951075
21 61 0.100856
21 62 0.106236
21 63 0.111693
21 64 0.116465
21 65 0.121631
21 66 0.127646
21 67 0.132457
21 68 0.136456
21 69 0.13992
21 70 0.141821
21 71 0.143203
21 72 0.143967
21 73 0.143168
21 74 0.142126
21 75 0.139835
21 76 0.135759
21 77 0.131326
21 78 0.126386
21 79 0.119429
21 80 0.110822
21 81 0.101994
21 82 0.0925279
21 83 0.0824596
21 84 0.0732283
21 85 0.0628966
21 86 0.0521778
21 87 0.0413392
21 88 0.0306868
21 89 0.0208746
21 90 0.0113646
21 91 0.00219377
21 92 -0.00610319
21 93 -0.0134937
21 94 -0.0204102
21 95 -0.0265812
21 96 -0.0317739
21 97 -0.0358827
21 98 -0.0391835
21 99 -0.0418371
21 100 -0.00522673
21 101 0

22 0 0
22 1 -0.00638388
22 2 -0.0516429
22 3 -0.0507182
22 4 -0.0477993
22 5 -0.0432134
22 6 -0.037729
22 7 -0.0315451
22 8 -0.0238781
22 9 -0.0158206
22 10 -0.0065809
22 11 0.00268212
22 12 0.0131318
22 13 0.023973
22 14 0.033757
22 15 0.0446
22 16 0.0560011
22 17 0.0660555
22 18 0.07729
22 19 0.0873703
22 20 0.0988965
22 21 0.109276
22 22 0.117834
22 23 0.126062
22 24 0.13304
22 25 0.138873
22 26 0.143573
22 27 0.146194
22 28 0.148325
22 29 0.149493
22 30 0.149237
22 31 0.148809
22 32 0.147186
22 33 0.143304
22 34 0.138882
22 35 0.134311
22 36 0.128908
22 37 0.122763
22 38 0.117538
22 39 0.112954
22 40 0.107503
22 41 0.103633
22 42 0.0992191
22 43 0.0930264
22 44 0.0875605
22 45 0.0824207
22 46 0.0780435
22 47 0.0744966
22 48 0.0727937
22 49 0.0721962
22 50 0.0710275
22 51 0.0725333
22 52 0.0733156
22 53 0.0741029
22 54 0.0760934
22 55 0.0796611
22 56 0.0838917
22 57 0.0892229
22 58 0.0959403
22 59 0.101746
22 60 0.107606
22 61 0.114368
22 62 0.119816
22 63 0.12467
22 64 0.130059
22 65 0.135418
22 66 0.140854
22 67 0.14648
22 68 0.151217
22 69 0.154115
22 70 0.156221
22 71 0.158028
22 72 0.158224
22 73 0.157441
22 74 0.155915
22 75 0.152849
22 76 0.14852
22 77 0.143241
22 78 0.137633
22 79 0.129919
22 80 0.119881
22 81 0.109593
22 82 0.0993372
22 83 0.0882902
22 84 0.078435
22 85 0.0664827
22 86 0.0553456
22 87 0.0438771
22 88 0.0317736
22 89 0.0210691
22 90 0.0101404
22 91 -0.000345976
22 92 -0.00856688
22 93 -0.0175328
22 94 -0.0249299
22 95 -0.0308009
22 96 -0.0364964
22 97 -0.0407897
22 98 -0.0442274
22 99 -0.0460258
22 100 -0.00570408
22 101 0

23 0 0
23 1 -0.0070834
23 2 -0.0568825
23 3 -0.0556182
23 4 -0.0529445
23 5 -0.048177
23 6 -0.0424125
23 7 -0.0356351
23 8 -0.0275435
23 9 -0.0187797
23 10 -0.00919586
23 11 0.00155499
23 12 0.0123549
23 13 0.0236718
23 14 0.0344342
23 15 0.0466199
23 16 0.0596251
23 17 0.0698255
23 18 0.0828858
23 19 0.0933751
23 20 0.105468
23 21 0.115956
23 22 0.126062
23 23 0.13526
23 24 0.142695
23 25 0.149019
23 26 0.154056
23 27 0.157932
23 28 0.160199
23 29 0.162026
23 30 0.162563
23 31 0.161631
23 32 0.158551
23 33 0.155521
23 34 0.150938
23 35 0.145851
23 36 0.140167
23 37 0.134586
23 38 0.128943
23 39 0.123758
23 40 0.119015
23 41 0.113478
23 42 0.108371
23 43 0.102705
23 44 0.0972533
23 45 0.0922127
23 46 0.0878727
23 47 0.0837727
23 48 0.0818488
23 49 0.0802076
23 50 0.0806171
23 51 0.0802467
23 52 0.0821832
23 53 0.0832907
23 54 0.0859077
23 55 0.0892941
23 56 0.0943365
23 57 0.0997161
23 58 0.105573
23 59 0.111718
23 60 0.118744
23 61 0.12487
23 62 0.130973
23 63 0.136853
23 64 0.141872
23 65 0.147716
23 66 0.153542
23 67 0.159413
23 68 0.163637
23 69 0.167609
23 70 0.170515
23 71 0.171454
23 72 0.171604
23 73 0.171259
23 74 0.168774
23 75 0.165004
23 76 0.159837
23 77 0.154528
23 78 0.147577
23 79 0.13834
23 80 0.127725
23 81 0.116375
23 82 0.106045
23 83 0.0933246
23 84 0.0830984
23 85 0.0701146
23 86 0.057885
23 87 0.0449197
23 88 0.0325899
23 89 0.0205531
23 90 0.0084938
23 91 -0.00173465
23 92 -0.0113354
23 93 -0.0205679
23 94 -0.0287742
23 95 -0.0357553
23 96 -0.0414932
23 97 -0.0458306
23 98 -0.0494902
23 99 -0.0507065
23 100 -0.00625461
23 101 0

24 0 0
24 1 -0.00767072
24 2 -0.0619936
24 3 -0.061307
24 4 -0.0589312
24 5 -0.054204
24 6 -0.0479686
24 7 -0.0409145
24 8 -0.031876
24 9 -0.0222348
24 10 -0.0123886
24 11 -0.000671364
24 12 0.0113608
24 13 0.0231649
24 14 0.0352832
24 15 0.0481434
24 16 0.0611403
24 17 0.0737662
24 18 0.0864816
24 19 0.0989563
24 20 0.111139
24 21 0.122421
24 22 0.13304
24 23 0.142695
24 24 0.150878
24 25 0.158158
24 26 0.163514
24 27 0.168246
24 28 0.17166
24 29 0.17321
24 30 0.173534
24 31 0.171749
24 32 0.168483
24 33 0.165383
24 34 0.161021
24 35 0.155538
24 36 0.15039
24 37 0.144267
24 38 0.138747
24 39 0.133354
24 40 0.127606
24 41 0.12193
24 42 0.116141
24 43 0.110056
24 44 0.104259
24 45 0.0990381
24 46 0.094365
24 47 0.0905405
24 48 0.0882379
24 49 0.0870533
24 50 0.087016
24 51 0.0873467
24 52 0.0890684
24 53 0.0903354
24 54 0.0923635
24 55 0.0959139
24 56 0.10105
24 57 0.10708
24 58 0.113422
24 59 0.120043
24 60 0.127404
24 61 0.134325
24 62 0.140458
24 63 0.14661
24 64 0.152209
24 65 0.157852
24 66 0.164383
24 67 0.169732
24 68 0.17466
24 69 0.178763
24 70 0.18172
24 71 0.183416
24 72 0.183622
24 73 0.182886
24 74 0.180828
24 75 0.176303
24 76 0.17049
24 77 0.163972
24 78 0.155318
24 79 0.145719
24 80 0.134522
24 81 0.123094
24 82 0.111551
24 83 0.0983889
24 84 0.085525
24 85 0.0727667
24 86 0.0592165
24 87 0.0459884
24 88 0.0328891
24 89 0.0193248
24 90 0.00670687
24 91 -0.00407161
24 92 -0.0149397
24 93 -0.0249087
24 94 -0.0334851
24 95 -0.0415712
24 96 -0.0475019
24 97 -0.0519631
24 98 -0.0550863
24 99 -0.0557475
24 100 -0.00686064
24 101 0

25 0 0
25 1 -0.00836128
25 2 -0.0676373
25 3 -0.06717
25 4 -0.0645079
25 5 -0.0598148
25 6 -0.0538902
25 7 -0.0459139
25 8 -0.0364233
25 9 -0.0264763
25 10 -0.0154908
25 11 -0.00390014
25 12 0.00910161
25 13 0.0220727
25 14 0.0352526
25 15 0.0492591
25 16 0.0632894
25 17 0.0768617
25 18 0.0897655
25 19 0.103339
25 20 0.115802
25 21 0.128059
25 22 0.138873
25 23 0.149019
25 24 0.158158
25 25 0.165616
25 26 0.171982
25 27 0.176838
25 28 0.180638
25 29 0.182597
25 30 0.182172
25 31 0.180552
25 32 0.177868
25 33 0.174246
25 34 0.16937
25 35 0.163964
