0 0 0
0 1 0
0 2 0
0 3 0
0 4 0
0 5 0
0 6 0
0 7 0
0 8 0
0 9 0
0 10 0
0 11 0
0 12 0
0 13 0
0 14 0
0 15 0
0 16 0
0 17 0
0 18 0
0 19 0
0 20 0
0 21 0
0 22 0
0 23 0
0 24 0
0 25 0
0 26 0
0 27 0
0 28 0
0 29 0
0 30 0
0 31 0
0 32 0
0 33 0
0 34 0
0 35 0
0 36 0
0 37 0
0 38 0
0 39 0
0 40 0
0 41 0
0 42 0
0 43 0
0 44 0
0 45 0
0 46 0
0 47 0
0 48 0
0 49 0
0 50 0
0 51 0
0 52 0
0 53 0
0 54 0
0 55 0
0 56 0
0 57 0
0 58 0
0 59 0
0 60 0
0 61 0
0 62 0
0 63 0
0 64 0
0 65 0
0 66 0
0 67 0
0 68 0
0 69 0
0 70 0
0 71 0
0 72 0
0 73 0
0 74 0
0 75 0
0 76 0
0 77 0
0 78 0
0 79 0
0 80 0
0 81 0
0 82 0
0 83 0
0 84 0
0 85 0
0 86 0
0 87 0
0 88 0
0 89 0
0 90 0
0 91 0
0 92 0
0 93 0
0 94 0
0 95 0
0 96 0
0 97 0
0 98 0
0 99 0
0 100 0
0 101 0

1 0 0
1 1 0
1 2 0.00537257
1 3 0.00526578
1 4 0.00509527
1 5 0.00490588
1 6 0.00464295
1 7 0.00435124
1 8 0.00401762
1 9 0.00365429
1 10 0.00327251
1 11 0.00282615
1 12 0.00237974
1 13 0.00193085
1 14 0.00142126
1 15 0.000937393
1 16 0.000424543
1 17 -8.33321e-05
1 18 -0.000650977
1 19 -0.00120408
1 20 -0.00175356
1 21 -0.00226846
1 22 -0.00274699
1 23 -0.00322832
1 24 -0.0036344
1 25 -0.00404207
1 26 -0.00443439
1 27 -0.00483466
1 28 -0.00524798
1 29 -0.00564991
1 30 -0.00603577
1 31 -0.00641712
1 32 -0.00676963
1 33 -0.00710286
1 34 -0.00741639
1 35 -0.00773906
1 36 -0.00803145
1 37 -0.00830102
1 38 -0.00852201
1 39 -0.00871453
1 40 -0.00890992
1 41 -0.00908069
1 42 -0.00925962
1 43 -0.00942838
1 44 -0.00958926
1 45 -0.00974101
1 46 -0.00991484
1 47 -0.0100941
1 48 -0.0102102
1 49 -0.010283
1 50 -0.0103107
1 51 -0.0103517
1 52 -0.010345
1 53 -0.0103524
1 54 -0.0103504
1 55 -0.0103332
1 56 -0.010271
1 57 -0.0102064
1 58 -0.0101579
1 59 -0.0101136
1 60 -0.0100502
1 61 -0.00992309
1 62 -0.00976423
1 63 -0.009578
1 64 -0.00937247
1 65 -0.00915808
1 66 -0.00893583
1 67 -0.00869506
1 68 -0.00840838
1 69 -0.00808309
1 70 -0.00773146
1 71 -0.00736923
1 72 -0.00696818
1 73 -0.00656148
1 74 -0.00617357
1 75 -0.00577154
1 76 -0.00532394
1 77 -0.00487321
1 78 -0.00440236
1 79 -0.00394355
1 80 -0.0033722
1 81 -0.00277686
1 82 -0.00219027
1 83 -0.0015719
1 84 -0.000965184
1 85 -0.000334126
1 86 0.000252842
1 87 0.000869026
1 88 0.00139234
1 89 0.00192039
1 90 0.00243179
1 91 0.00291576
1 92 0.00345791
1 93 0.00389687
1 94 0.00427587
1 95 0.00465294
1 96 0.00494889
1 97 0.00516234
1 98 0.00528193
1 99 0.00538665
1 100 0
1 101 0

2 0 0
2 1 0.00537257
2 2 0.0427536
2 3 0.0418326
2 4 0.0405137
2 5 0.0388238
2 6 0.0368782
2 7 0.0345395
2 8 0.0319274
2 9 0.0290076
2 10 0.0258861
2 11 0.0225019
2 12 0.018891
2 13 0.015104
2 14 0.0112056
2 15 0.00728686
2 16 0.00327427
2 17 -0.000844564
2 18 -0.00528724
2 19 -0.00980297
2 20 -0.0141623
2 21 -0.0183084
2 22 -0.0221396
2 23 -0.0257435
2 24 -0.0290736
2 25 -0.0324282
2 26 -0.0357269
2 27 -0.0390485
2 28 -0.0422578
2 29 -0.0454427
2 30 -0.0485956
2 31 -0.0516121
2 32 -0.0545302
2 33 -0.0573108
2 34 -0.0599449
2 35 -0.0624147
2 36 -0.0647735
2 37 -0.0668672
2 38 -0.0687034
2 39 -0.0702817
2 40 -0.0717951
2 41 -0.0732111
2 42 -0.074673
2 43 -0.076115
2 44 -0.077481
2 45 -0.0788044
2 46 -0.0801899
2 47 -0.0814739
2 48 -0.0823751
2 49 -0.0829527
2 50 -0.0832468
2 51 -0.083455
2 52 -0.0835402
2 53 -0.0835982
2 54 -0.08357
2 55 -0.0834602
2 56 -0.0831474
2 57 -0.0826576
2 58 -0.0821261
2 59 -0.0814955
2 60 -0.0807359
2 61 -0.0797801
2 62 -0.0786904
2 63 -0.0773388
2 64 -0.0757257
2 65 -0.0739041
2 66 -0.072014
2 67 -0.0699578
2 68 -0.0676713
2 69 -0.0650594
2 70 -0.0622275
2 71 -0.0592049
2 72 -0.0560868
2 73 -0.0529556
2 74 -0.0497486
2 75 -0.0463886
2 76 -0.0427836
2 77 -0.0391485
2 78 -0.0353811
2 79 -0.0314939
2 80 -0.0271809
2 81 -0.0225221
2 82 -0.0176208
2 83 -0.0126761
2 84 -0.00780826
2 85 -0.00290529
2 86 0.00185916
2 87 0.00650867
2 88 0.0109318
2 89 0.0151673
2 90 0.0192694
2 91 0.0232818
2 92 0.0272555
2 93 0.0308865
2 94 0.0341348
2 95 0.0369071
2 96 0.0392059
2 97 0.0408691
2 98 0.0420672
2 99 0.0429032
2 100 0.00538665
2 101 0

3 0 0
3 1 0.00526578
3 2 0.0418326
3 3 0.0408087
3 4 0.0394709
3 5 0.0376813
3 6 0.0358664
3 7 0.0336432
3 8 0.0310844
3 9 0.0282564
3 10 0.0251341
3 11 0.0220479
3 12 0.0184482
3 13 0.0144761
3 14 0.0107444
3 15 0.00681453
3 16 0.00296686
3 17 -0.00116742
3 18 -0.00542412
3 19 -0.00993162
3 20 -0.0141904
3 21 -0.0182133
3 22 -0.0218501
3 23 -0.025017
3 24 -0.0284171
3 25 -0.0318174
3 26 -0.0354129
3 27 -0.0388795
3 28 -0.041977
3 29 -0.0449925
3 30 -0.0481168
3 31 -0.0510465
3 32 -0.0540176
3 33 -0.0568695
3 34 -0.0596044
3 35 -0.0618956
3 36 -0.0641667
3 37 -0.0660916
3 38 -0.0679639
3 39 -0.0695775
3 40 -0.070987
3 41 -0.0724909
3 42 -0.0740145
3 43 -0.0755073
3 44 -0.0770047
3 45 -0.0784519
3 46 -0.0797792
3 47 -0.0807666
3 48 -0.0816083
3 49 -0.0821303
3 50 -0.0825216
3 51 -0.0826003
3 52 -0.0828673
3 53 -0.0829248
3 54 -0.0830013
3 55 -0.0829487
3 56 -0.0828594
3 57 -0.0823429
3 58 -0.0816051
3 59 -0.0806081
3 60 -0.0795519
3 61 -0.0786742
3 62 -0.0778276
3 63 -0.0767433
3 64 -0.0752528
3 65 -0.0733291
3 66 -0.0713375
3 67 -0.0691524
3 68 -0.0669013
3 69 -0.0643643
3 70 -0.0615659
3 71 -0.05848
3 72 -0.0555984
3 73 -0.0526639
3 74 -0.0493889
3 75 -0.0458225
3 76 -0.0422307
3 77 -0.0384807
3 78 -0.0347871
3 79 -0.0307972
3 80 -0.0269327
3 81 -0.0225465
3 82 -0.0175588
3 83 -0.0126502
3 84 -0.00777678
3 85 -0.00312127
3 86 0.00156735
3 87 0.00584874
3 88 0.010485
3 89 0.0147677
3 90 0.0188484
3 91 0.0229051
3 92 0.0263277
3 93 0.0300984
3 94 0.0334936
3 95 0.0360121
3 96 0.0381255
3 97 0.0397822
3 98 0.0412203
3 99 0.0420444
3 100 0.0052793
3 101 0

4 0 0
4 1 0.00509527
4 2 0.0405137
4 3 0.0394709
4 4 0.0381192
4 5 0.0365664
4 6 0.0346246
4 7 0.0324366
4 8 0.0298319
4 9 0.0270963
4 10 0.0240526
4 11 0.0209918
4 12 0.0175794
4 13 0.0139434
4 14 0.0102407
4 15 0.00663825
4 16 0.00262164
4 17 -0.00171394
4 18 -0.00586149
4 19 -0.0099306
4 20 -0.0141485
4 21 -0.0178187
4 22 -0.0212626
4 23 -0.0242129
4 24 -0.0277752
4 25 -0.0311977
4 26 -0.0347542
4 27 -0.0378178
4 28 -0.0409489
4 29 -0.0440645
4 30 -0.0469395
4 31 -0.0497835
4 32 -0.0526958
4 33 -0.0555499
4 34 -0.0580548
4 35 -0.0604538
4 36 -0.0624802
4 37 -0.0643979
4 38 -0.0659294
4 39 -0.0675707
4 40 -0.0691813
4 41 -0.071058
4 42 -0.0726709
4 43 -0.0741078
4 44 -0.0754436
4 45 -0.0770772
4 46 -0.0780636
4 47 -0.0790732
4 48 -0.0800851
4 49 -0.0805253
4 50 -0.0809632
4 51 -0.081184
4 52 -0.081353
4 53 -0.0814637
4 54 -0.0815744
4 55 -0.0814385
4 56 -0.0811457
4 57 -0.0808655
4 58 -0.0799474
4 59 -0.0790435
4 60 -0.077822
4 61 -0.0766868
4 62 -0.0756403
4 63 -0.0746882
4 64 -0.0732936
4 65 -0.0716153
4 66 -0.0696693
4 67 -0.0676425
4 68 -0.0652447
4 69 -0.0627265
4 70 -0.0598975
4 71 -0.05703
4 72 -0.054306
4 73 -0.0514291
4 74 -0.0483444
4 75 -0.0448599
4 76 -0.0413667
4 77 -0.0375745
4 78 -0.0340557
4 79 -0.0301097
4 80 -0.0263768
4 81 -0.0220385
4 82 -0.0172532
4 83 -0.0124646
4 84 -0.00788488
4 85 -0.00331482
4 86 0.00132354
4 87 0.00571329
4 88 0.00973916
4 89 0.0139757
4 90 0.0180747
4 91 0.0220666
4 92 0.0255891
4 93 0.0291895
4 94 0.0323326
4 95 0.0348414
4 96 0.0368605
4 97 0.0386403
4 98 0.0399776
4 99 0.0408713
4 100 0.00514199
4 101 0

5 0 0
5 1 0.00490588
5 2 0.0388238
5 3 0.0376813
5 4 0.0365664
5 5 0.0347154
5 6 0.0328975
5 7 0.0305536
5 8 0.0284374
5 9 0.0257869
5 10 0.0227612
5 11 0.0196609
5 12 0.0164598
5 13 0.0129498
5 14 0.00944599
5 15 0.00574476
5 16 0.00176302
5 17 -0.00251061
5 18 -0.00621223
5 19 -0.00991045
5 20 -0.0135615
5 21 -0.0169648
5 22 -0.0203665
5 23 -0.0235472
5 24 -0.0270373
5 25 -0.0303642
5 26 -0.0334803
5 27 -0.0364742
5 28 -0.039401
5 29 -0.042441
5 30 -0.0454272
5 31 -0.0481395
5 32 -0.0507777
5 33 -0.0534408
5 34 -0.0557546
5 35 -0.0580361
5 36 -0.0598371
5 37 -0.0616018
5 38 -0.0630851
5 39 -0.0649191
5 40 -0.066788
5 41 -0.0686419
5 42 -0.0703282
5 43 -0.0718325
5 44 -0.073071
5 45 -0.0744998
5 46 -0.0755748
5 47 -0.0766853
5 48 -0.0775163
5 49 -0.0782054
5 50 -0.0785117
5 51 -0.0787347
5 52 -0.0789957
5 53 -0.0794403
5 54 -0.0793033
5 55 -0.0789767
5 56 -0.0785334
5 57 -0.0781743
5 58 -0.0773282
5 59 -0.0763689
5 60 -0.0752969
5 61 -0.0741843
5 62 -0.0726743
5 63 -0.0713063
5 64 -0.0700028
5 65 -0.0686671
5 66 -0.0670092
5 67 -0.065234
5 68 -0.0629371
5 69 -0.060552
5 70 -0.0577412
5 71 -0.0550227
5 72 -0.0524796
5 73 -0.0498206
5 74 -0.0465518
5 75 -0.0431425
5 76 -0.039978
5 77 -0.0366189
5 78 -0.0331227
5 79 -0.0291044
5 80 -0.025327
5 81 -0.0211281
5 82 -0.016635
5 83 -0.0125796
5 84 -0.00822655
5 85 -0.00389364
5 86 0.000651749
5 87 0.00499655
5 88 0.0091284
5 89 0.0130278
5 90 0.0170558
5 91 0.0211532
5 92 0.0247612
5 93 0.0277923
5 94 0.0308404
5 95 0.0331799
5 96 0.0353844
5 97 0.0369881
5 98 0.0385823
5 99 0.0394882
5 100 0.00496319
5 101 0

6 0 0
6 1 0.00464295
6 2 0.0368782
6 3 0.0358664
6 4 0.0346246
6 5 0.0328975
6 6 0.030755
6 7 0.0285456
6 8 0.0264226
6 9 0.0240199
6 10 0.0209956
6 11 0.0178364
6 12 0.0151137
6 13 0.0117021
6 14 0.00831084
6 15 0.00481496
6 16 0.00103266
6 17 -0.00307999
6 18 -0.006502
6 19 -0.00977756
6 20 -0.0130773
6 21 -0.0163326
6 22 -0.0196443
6 23 -0.0226677
6 24 -0.0260142
6 25 -0.0288859
6 26 -0.0317039
6 27 -0.0344085
6 28 -0.037493
6 29 -0.040353
6 30 -0.0431345
6 31 -0.0456992
6 32 -0.048451
6 33 -0.0510446
6 34 -0.0528949
6 35 -0.0548047
6 36 -0.0565185
6 37 -0.0580591
6 38 -0.0596538
6 39 -0.0616471
6 40 -0.0634868
6 41 -0.0651683
6 42 -0.0667337
6 43 -0.0682035
6 44 -0.0696676
6 45 -0.0710544
6 46 -0.0721102
6 47 -0.0731134
6 48 -0.0742068
6 49 -0.0748506
6 50 -0.0754286
6 51 -0.0755819
6 52 -0.0757497
6 53 -0.0760023
6 54 -0.0759291
6 55 -0.0753313
6 56 -0.0749733
6 57 -0.0745641
6 58 -0.0735963
6 59 -0.0724964
6 60 -0.0714902
6 61 -0.0704508
6 62 -0.0689403
6 63 -0.0674259
6 64 -0.0661497
6 65 -0.0649288
6 66 -0.0636305
6 67 -0.0620449
6 68 -0.059811
6 69 -0.0576409
6 70 -0.0550409
6 71 -0.0524546
6 72 -0.0500365
6 73 -0.0470253
6 74 -0.0440517
6 75 -0.041173
6 76 -0.038387
6 77 -0.0350871
6 78 -0.0317742
6 79 -0.0278708
6 80 -0.0241966
6 81 -0.0203002
6 82 -0.0164351
6 83 -0.0125491
6 84 -0.00824842
6 85 -0.00414958
6 86 -2.84783e-05
6 87 0.00416716
6 88 0.00828497
6 89 0.0120096
6 90 0.0159678
6 91 0.0194939
6 92 0.023091
6 93 0.0262729
6 94 0.0289942
6 95 0.0315158
6 96 0.0337662
6 97 0.0355209
6 98 0.0369227
6 99 0.0379
6 100 0.00477109
6 101 0

7 0 0
7 1 0.00435124
7 2 0.0345395
7 3 0.0336432
7 4 0.0324366
7 5 0.0305536
7 6 0.0285456
7 7 0.0263
7 8 0.0241803
7 9 0.02189
7 10 0.0191025
7 11 0.016118
7 12 0.0134504
7 13 0.010289
7 14 0.00683289
7 15 0.00361685
7 16 0.000282121
7 17 -0.00305601
7 18 -0.00640319
7 19 -0.0095363
7 20 -0.0125717
7 21 -0.015647
7 22 -0.0186046
7 23 -0.0215822
7 24 -0.0244734
7 25 -0.027117
7 26 -0.0295436
7 27 -0.0324119
7 28 -0.0350871
7 29 -0.0377586
7 30 -0.0403276
7 31 -0.042812
7 32 -0.0451859
7 33 -0.0475278
7 34 -0.0492999
7 35 -0.0508568
7 36 -0.0523306
7 37 -0.0537192
7 38 -0.0554606
7 39 -0.0573855
7 40 -0.0591112
7 41 -0.0607113
7 42 -0.0619893
7 43 -0.0634299
7 44 -0.0652645
7 45 -0.066734
7 46 -0.0676588
7 47 -0.0686526
7 48 -0.0695747
7 49 -0.0705497
7 50 -0.0711714
7 51 -0.071416
7 52 -0.0714966
7 53 -0.0715786
7 54 -0.0711874
7 55 -0.0707574
7 56 -0.0703623
7 57 -0.0697027
7 58 -0.0688435
7 59 -0.0675955
7 60 -0.0663919
7 61 -0.0656174
7 62 -0.0642745
7 63 -0.0627613
7 64 -0.0616035
7 65 -0.0604514
7 66 -0.0591716
7 67 -0.0575736
7 68 -0.0557244
7 69 -0.0539631
7 70 -0.0517253
7 71 -0.0492404
7 72 -0.0467465
7 73 -0.0440873
7 74 -0.0412349
7 75 -0.0388112
7 76 -0.0362267
7 77 -0.0332997
7 78 -0.0298987
7 79 -0.0264802
7 80 -0.0229211
7 81 -0.0193985
7 82 -0.0159171
7 83 -0.0120943
7 84 -0.00793145
7 85 -0.00415842
7 86 -0.000686876
7 87 0.00324034
7 88 0.00714185
7 89 0.0109262
7 90 0.0145477
7 91 0.0179194
7 92 0.0213869
7 93 0.0244747
7 94 0.0272172
7 95 0.0295756
7 96 0.0318167
7 97 0.0335816
7 98 0.0350633
7 99 0.0361083
7 100 0.00455131
7 101 0

8 0 0
8 1 0.00401762
8 2 0.0319274
8 3 0.0310844
8 4 0.0298319
8 5 0.0284374
8 6 0.0264226
8 7 0.0241803
8 8 0.0219695
8 9 0.0194684
8 10 0.0166776
8 11 0.0139565
8 12 0.0110862
8 13 0.0082309
8 14 0.00547923
8 15 0.00235217
8 16 -0.000405274
8 17 -0.00326179
8 18 -0.00628624
8 19 -0.00932452
8 20 -0.0121387
8 21 -0.0146512
8 22 -0.0174488
8 23 -0.0200621
8 24 -0.0226382
8 25 -0.0250222
8 26 -0.0272891
8 27 -0.0298166
8 28 -0.0322775
8 29 -0.0345454
8 30 -0.0368182
8 31 -0.0393814
8 32 -0.0417364
8 33 -0.0434357
8 34 -0.0448395
8 35 -0.0464889
8 36 -0.0478555
8 37 -0.0491319
8 38 -0.0502472
8 39 -0.051995
8 40 -0.053864
8 41 -0.0554354
8 42 -0.0568319
8 43 -0.0583352
8 44 -0.0599211
8 45 -0.0613255
8 46 -0.0621662
8 47 -0.0631764
8 48 -0.0643171
8 49 -0.0651736
8 50 -0.0658513
8 51 -0.0659014
8 52 -0.0661978
8 53 -0.0660491
8 54 -0.065726
8 55 -0.0652357
8 56 -0.0646577
8 57 -0.0642688
8 58 -0.063413
8 59 -0.0621285
8 60 -0.0610363
8 61 -0.0598566
8 62 -0.0584672
8 63 -0.0573141
8 64 -0.0561185
8 65 -0.0552956
8 66 -0.0540208
8 67 -0.0526773
8 68 -0.0513338
8 69 -0.0495914
8 70 -0.0475417
8 71 -0.0454847
8 72 -0.0431089
8 73 -0.0406196
8 74 -0.0380391
8 75 -0.0357814
8 76 -0.0335686
8 77 -0.030897
8 78 -0.0279625
8 79 -0.0247608
8 80 -0.0214881
8 81 -0.0182309
8 82 -0.0150149
8 83 -0.0115976
8 84 -0.0079066
8 85 -0.00427039
8 86 -0.00108871
8 87 0.00209105
8 88 0.00582045
8 89 0.00926346
8 90 0.0127443
8 91 0.016101
8 92 0.0191344
8 93 0.0225089
8 94 0.0253328
8 95 0.0276741
8 96 0.0298706
8 97 0.0315269
8 98 0.032885
8 99 0.0340926
8 100 0.00431372
8 101 0

9 0 0
9 1 0.00365429
9 2 0.0290076
9 3 0.0282564
9 4 0.0270963
9 5 0.0257869
9 6 0.0240199
9 7 0.02189
9 8 0.0194684
9 9 0.0168825
9 10 0.0143837
9 11 0.0116151
9 12 0.00910173
9 13 0.00658385
9 14 0.00417021
9 15 0.00143978
9 16 -0.00123238
9 17 -0.00357248
9 18 -0.00590496
9 19 -0.00837982
9 20 -0.0108702
9 21 -0.013389
9 22 -0.0161355
9 23 -0.0183769
9 24 -0.0205293
9 25 -0.022476
9 26 -0.0245998
9 27 -0.0267489
9 28 -0.0287324
9 29 -0.031148
9 30 -0.0333005
9 31 -0.0353963
9 32 -0.037027
9 33 -0.0385656
9 34 -0.0399475
9 35 -0.0414247
9 36 -0.0426664
9 37 -0.0439566
9 38 -0.0449975
9 39 -0.0463363
9 40 -0.0480744
9 41 -0.049967
9 42 -0.0513588
9 43 -0.0527415
9 44 -0.0542751
9 45 -0.0552549
9 46 -0.0561165
9 47 -0.0568788
9 48 -0.0579646
9 49 -0.0587091
9 50 -0.05896
9 51 -0.0591588
9 52 -0.0594037
9 53 -0.0595121
9 54 -0.0592169
9 55 -0.0588321
9 56 -0.0587654
9 57 -0.0581619
9 58 -0.0575147
9 59 -0.0563304
9 60 -0.0548454
9 61 -0.0538979
9 62 -0.052824
9 63 -0.0515463
9 64 -0.0503236
9 65 -0.0492671
9 66 -0.048174
9 67 -0.0471613
9 68 -0.045709
9 69 -0.0444273
9 70 -0.0429228
9 71 -0.0410973
9 72 -0.0387226
9 73 -0.0366755
9 74 -0.0345492
9 75 -0.0323567
9 76 -0.0300824
9 77 -0.0279538
9 78 -0.0256467
9 79 -0.0227051
9 80 -0.0196429
9 81 -0.0164651
9 82 -0.0136813
9 83 -0.0108488
9 84 -0.00773007
9 85 -0.00439587
9 86 -0.00142242
9 87 0.00150047
9 88 0.00471964
9 89 0.00787282
9 90 0.0111929
9 91 0.014136
9 92 0.017448
9 93 0.0204361
9 94 0.0230656
9 95 0.0255176
9 96 0.0275806
9 97 0.0293744
9 98 0.0307529
9 99 0.0317748
9 100 0.00400257
9 101 0

10 0 0
10 1 0.00327251
10 2 0.0258861
10 3 0.0251341
10 4 0.0240526
10 5 0.0227612
10 6 0.0209956
10 7 0.0191025
10 8 0.0166776
10 9 0.0143837
10 10 0.0121595
10 11 0.00980431
10 12 0.00718051
10 13 0.00497277
10 14 0.00282763
10 15 0.000558018
10 16 -0.00158036
10 17 -0.00335796
10 18 -0.00556785
10 19 -0.00772926
10 20 -0.0100103
10 21 -0.0118397
10 22 -0.014323
10 23 -0.0165457
10 24 -0.0184616
10 25 -0.019973
10 26 -0.0217273
10 27 -0.0234476
10 28 -0.0250159
10 29 -0.0269454
10 30 -0.0287341
10 31 -0.0305535
10 32 -0.0319052
10 33 -0.0330443
10 34 -0.034239
10 35 -0.0356508
10 36 -0.0367877
10 37 -0.0380622
10 38 -0.0390951
10 39 -0.0406449
10 40 -0.042148
10 41 -0.0436753
10 42 -0.0449205
10 43 -0.0465315
10 44 -0.0474234
10 45 -0.0482333
10 46 -0.0491819
10 47 -0.0500686
10 48 -0.0507306
10 49 -0.0512626
10 50 -0.0516168
10 51 -0.0515408
10 52 -0.0521976
10 53 -0.0523801
10 54 -0.0520052
10 55 -0.0515676
10 56 -0.0513828
10 57 -0.0511651
10 58 -0.0504033
10 59 -0.0495024
10 60 -0.0484827
10 61 -0.0475924
10 62 -0.0462549
10 63 -0.0451153
10 64 -0.0438539
10 65 -0.0430627
10 66 -0.0418496
10 67 -0.0408834
10 68 -0.0396917
10 69 -0.0383365
10 70 -0.0371434
10 71 -0.0358036
10 72 -0.0339954
10 73 -0.032348
10 74 -0.0304283
10 75 -0.0284562
10 76 -0.0268649
10 77 -0.0249882
10 78 -0.0228358
10 79 -0.0202355
10 80 -0.0176291
10 81 -0.0147968
10 82 -0.0121624
10 83 -0.0094789
10 84 -0.00711686
10 85 -0.00427842
10 86 -0.00166514
10 87 0.000820501
10 88 0.00374133
10 89 0.00685183
10 90 0.0097663
10 91 0.0127553
10 92 0.0152047
10 93 0.0180036
10 94 0.0204777
10 95 0.0231154
10 96 0.0251926
10 97 0.0267256
10 98 0.0281421
10 99 0.0292028
10 100 0.00368941
10 101 0

11 0 0
11 1 0.00282615
11 2 0.0225019
11 3 0.0220479
11 4 0.0209918
11 5 0.0196609
11 6 0.0178364
11 7 0.016118
11 8 0.0139565
11 9 0.0116151
11 10 0.00980431
11 11 0.00749793
11 12 0.00527857
11 13 0.0033056
11 14 0.00141406
11 15 -0.000585111
11 16 -0.00212012
11 17 -0.00359539
11 18 -0.00519559
11 19 -0.00678016
11 20 -0.00849341
11 21 -0.0102195
11 22 -0.0122054
11 23 -0.0140107
11 24 -0.0157109
11 25 -0.0173259
11 26 -0.0185956
11 27 -0.0198251
11 28 -0.0211556
11 29 -0.0225715
11 30 -0.0238004
11 31 -0.0249676
11 32 -0.0262416
11 33 -0.0274081
11 34 -0.0281356
11 35 -0.029603
11 36 -0.030365
11 37 -0.0316378
11 38 -0.0326502
11 39 -0.034047
11 40 -0.0357061
11 41 -0.0368363
11 42 -0.0380585
11 43 -0.0393248
11 44 -0.0404367
11 45 -0.0413116
11 46 -0.0416876
11 47 -0.0419201
11 48 -0.0422421
11 49 -0.0426921
11 50 -0.0431832
11 51 -0.0433074
11 52 -0.043647
11 53 -0.0439338
11 54 -0.0439379
11 55 -0.0437761
11 56 -0.0437087
11 57 -0.0435891
11 58 -0.0429812
11 59 -0.0421506
11 60 -0.0412949
11 61 -0.040184
11 62 -0.0390983
11 63 -0.0382068
11 64 -0.0371007
11 65 -0.0360181
11 66 -0.0348134
11 67 -0.0342579
11 68 -0.0331884
11 69 -0.0321939
11 70 -0.0310799
11 71 -0.0302163
11 72 -0.0287829
11 73 -0.0272008
11 74 -0.0257666
11 75 -0.0244708
11 76 -0.0228958
11 77 -0.0211896
11 78 -0.0195539
11 79 -0.0174449
11 80 -0.015222
11 81 -0.0129185
11 82 -0.010528
11 83 -0.0083844
11 84 -0.00638882
11 85 -0.00427681
11 86 -0.00207226
11 87 0.000469169
11 88 0.00305339
11 89 0.00547126
11 90 0.00817347
11 91 0.0105557
11 92 0.0132085
11 93 0.0155944
11 94 0.0180512
11 95 0.0204955
11 96 0.0223248
11 97 0.0239068
11 98 0.0250545
11 99 0.0263257
11 100 0.0033563
11 101 0

12 0 0
12 1 0.00237974
12 2 0.018891
12 3 0.0184482
12 4 0.0175794
12 5 0.0164598
12 6 0.0151137
12 7 0.0134504
12 8 0.0110862
12 9 0.00910173
12 10 0.00718051
12 11 0.00527857
12 12 0.00325043
12 13 0.0016855
12 14 9.37515e-05
12 15 -0.00120631
12 16 -0.00214627
12 17 -0.00328698
12 18 -0.00472695
12 19 -0.00606608
12 20 -0.00735703
12 21 -0.00861499
12 22 -0.0102417
12 23 -0.0113084
12 24 -0.0129815
12 25 -0.0140894
12 26 -0.0152867
12 27 -0.0159031
12 28 -0.0167147
12 29 -0.0179711
12 30 -0.0188626
12 31 -0.0195723
12 32 -0.0199504
12 33 -0.0206799
12 34 -0.0216409
12 35 -0.0227901
12 36 -0.0234668
12 37 -0.0246529
12 38 -0.0256211
12 39 -0.0270077
12 40 -0.0281553
12 41 -0.0294394
12 42 -0.0302905
12 43 -0.031607
12 44 -0.0324154
12 45 -0.0329922
12 46 -0.0332115
12 47 -0.0332692
12 48 -0.033649
12 49 -0.0339898
12 50 -0.03432
12 51 -0.0344845
12 52 -0.0348005
12 53 -0.0350221
12 54 -0.0351271
12 55 -0.035188
12 56 -0.0351701
12 57 -0.0351075
12 58 -0.0346
12 59 -0.0340426
12 60 -0.0330954
12 61 -0.032259
12 62 -0.0311729
12 63 -0.0303522
12 64 -0.0293532
12 65 -0.028618
12 66 -0.0274008
12 67 -0.0266185
12 68 -0.0259691
12 69 -0.025617
12 70 -0.0249929
12 71 -0.0242647
12 72 -0.0231414
12 73 -0.0218107
12 74 -0.0206913
12 75 -0.019817
12 76 -0.018883
12 77 -0.0175358
12 78 -0.0162829
12 79 -0.014238
12 80 -0.0127376
12 81 -0.010888
12 82 -0.00902213
12 83 -0.00706223
12 84 -0.00537099
12 85 -0.00385035
12 86 -0.00193891
12 87 0.000120739
12 88 0.00225111
12 89 0.00428629
12 90 0.00622512
12 91 0.00873551
12 92 0.010946
12 93 0.0134244
12 94 0.0155914
12 95 0.0178943
12 96 0.0196069
12 97 0.0210498
12 98 0.0220506
12 99 0.0229833
12 100 0.00291307
12 101 0

13 0 0
13 1 0.00193085
13 2 0.015104
13 3 0.0144761
13 4 0.0139434
13 5 0.0129498
13 6 0.0117021
13 7 0.010289
13 8 0.0082309
13 9 0.00658385
13 10 0.00497277
13 11 0.0033056
13 12 0.0016855
13 13 0.000517422
13 14 -0.000475586
13 15 -0.00158524
13 16 -0.00239749
13 17 -0.00285588
13 18 -0.00409084
13 19 -0.00498118
13 20 -0.00578206
13 21 -0.00676341
13 22 -0.00782989
13 23 -0.00865304
13 24 -0.0098033
13 25 -0.0110007
13 26 -0.0115552
13 27 -0.0120387
13 28 -0.0122584
13 29 -0.0127216
13 30 -0.0132108
13 31 -0.0133004
13 32 -0.0133398
13 33 -0.0137072
13 34 -0.0146322
13 35 -0.0154976
13 36 -0.0165295
13 37 -0.017137
13 38 -0.0184749
13 39 -0.0192145
13 40 -0.0202814
13 41 -0.0210817
13 42 -0.0222626
13 43 -0.023193
13 44 -0.0239151
13 45 -0.0243427
13 46 -0.0244789
13 47 -0.024566
13 48 -0.0246977
13 49 -0.0248357
13 50 -0.0251405
13 51 -0.0252004
13 52 -0.0255811
13 53 -0.0258167
13 54 -0.0262006
13 55 -0.0261042
13 56 -0.0260575
13 57 -0.0259799
13 58 -0.025753
13 59 -0.0250476
13 60 -0.0243825
13 61 -0.0236069
13 62 -0.0228643
13 63 -0.0218673
13 64 -0.0216356
13 65 -0.0206741
13 66 -0.0196609
13 67 -0.0187511
13 68 -0.0183998
13 69 -0.018038
13 70 -0.0177295
13 71 -0.0175515
13 72 -0.0172257
13 73 -0.0164345
13 74 -0.0155757
13 75 -0.0151258
13 76 -0.0145233
13 77 -0.013623
13 78 -0.0124555
13 79 -0.0109818
13 80 -0.00973281
13 81 -0.00857912
13 82 -0.00711787
13 83 -0.00567703
13 84 -0.00440323
13 85 -0.00274402
13 86 -0.00138881
13 87 7.89084e-05
13 88 0.00173505
13 89 0.00327492
13 90 0.00462339
13 91 0.0068837
13 92 0.00896473
13 93 0.0112326
13 94 0.0131229
13 95 0.014947
13 96 0.0165019
13 97 0.0176976
13 98 0.0187424
13 99 0.0193378
13 100 0.00244266
13 101 0

14 0 0
14 1 0.00142126
14 2 0.0112056
14 3 0.0107444
14 4 0.0102407
14 5 0.00944599
14 6 0.00831084
14 7 0.00683289
14 8 0.00547923
14 9 0.00417021
14 10 0.00282763
14 11 0.00141406
14 12 9.37515e-05
14 13 -0.000475586
14 14 -0.00113948
14 15 -0.0021077
14 16 -0.00230021
14 17 -0.00287572
14 18 -0.00347356
14 19 -0.00376753
14 20 -0.00425881
14 21 -0.00461554
14 22 -0.00512966
14 23 -0.00566412
14 24 -0.0062404
14 25 -0.00718058
14 26 -0.00751526
14 27 -0.00735781
14 28 -0.00728636
14 29 -0.00721297
14 30 -0.00701926
14 31 -0.00662781
14 32 -0.0066587
14 33 -0.00693546
14 34 -0.00725
14 35 -0.00804658
14 36 -0.00861535
14 37 -0.00966474
14 38 -0.0106292
14 39 -0.0112919
14 40 -0.0121485
14 41 -0.0129184
14 42 -0.0138516
14 43 -0.0144089
14 44 -0.0150366
14 45 -0.0157885
14 46 -0.0155591
14 47 -0.0155841
14 48 -0.0158217
14 49 -0.0155635
14 50 -0.0156286
14 51 -0.0158233
14 52 -0.0164727
14 53 -0.0165256
14 54 -0.0169293
14 55 -0.0170355
14 56 -0.0166805
14 57 -0.0167898
14 58 -0.0164865
14 59 -0.0159655
14 60 -0.0155564
14 61 -0.0146976
14 62 -0.0140943
14 63 -0.0135362
14 64 -0.0127737
14 65 -0.0121796
14 66 -0.0114201
14 67 -0.0109222
14 68 -0.0106178
14 69 -0.0103524
14 70 -0.0100073
14 71 -0.0103657
14 72 -0.0106818
14 73 -0.0104009
14 74 -0.0101179
14 75 -0.00998533
14 76 -0.00955429
14 77 -0.00887518
14 78 -0.0081853
14 79 -0.00738835
14 80 -0.00662408
14 81 -0.00590122
14 82 -0.00520821
14 83 -0.00434747
14 84 -0.00324789
14 85 -0.00210235
14 86 -0.000985893
14 87 -2.68928e-05
14 88 0.00116241
14 89 0.00235698
14 90 0.00353131
14 91 0.00513805
14 92 0.00700325
14 93 0.00882104
14 94 0.0104924
14 95 0.011739
14 96 0.0132832
14 97 0.0145252
14 98 0.0152153
14 99 0.0156511
14 100 0.00197035
14 101 0

15 0 0
15 1 0.000937393
15 2 0.00728686
15 3 0.00681453
15 4 0.00663825
15 5 0.00574476
15 6 0.00481496
15 7 0.00361685
15 8 0.00235217
15 9 0.00143978
15 10 0.000558018
15 11 -0.000585111
15 12 -0.00120631
15 13 -0.00158524
15 14 -0.0021077
15 15 -0.00219549
15 16 -0.00244866
15 17 -0.00243533
15 18 -0.00256196
15 19 -0.0026404
15 20 -0.00240394
15 21 -0.00225068
15 22 -0.00247802
15 23 -0.00250648
15 24 -0.00255766
15 25 -0.00289557
15 26 -0.00278444
15 27 -0.00253468
15 28 -0.00171984
15 29 -0.00104967
15 30 -0.000709633
15 31 0.000144054
15 32 0.000385435
15 33 0.00033279
15 34 6.50343e-05
15 35 -0.000275062
15 36 -0.000807019
15 37 -0.00138196
15 38 -0.00252572
15 39 -0.00294789
15 40 -0.00379547
15 41 -0.00437013
15 42 -0.00525856
15 43 -0.0056648
15 44 -0.00620611
15 45 -0.00665876
15 46 -0.00656634
15 47 -0.00639009
15 48 -0.00661218
15 49 -0.00656276
15 50 -0.00656204
15 51 -0.00682307
15 52 -0.00705445
15 53 -0.00720497
15 54 -0.00745029
15 55 -0.00732989
15 56 -0.00739993
15 57 -0.00734288
15 58 -0.00730182
15 59 -0.00685822
15 60 -0.00638561
15 61 -0.005806
15 62 -0.00527834
15 63 -0.00429409
15 64 -0.00402942
15 65 -0.00327792
15 66 -0.00284395
15 67 -0.00254612
15 68 -0.00240022
15 69 -0.0023854
15 70 -0.00247861
15 71 -0.00279163
15 72 -0.00367201
15 73 -0.0038566
15 74 -0.00382135
15 75 -0.00420435
15 76 -0.0041346
15 77 -0.00398245
15 78 -0.00386985
15 79 -0.00348889
15 80 -0.00330926
15 81 -0.0032306
15 82 -0.00287196
15 83 -0.00269259
15 84 -0.00212134
15 85 -0.0011477
15 86 -0.000732168
15 87 -0.000126263
15 88 0.000560609
15 89 0.00165422
15 90 0.00232515
15 91 0.00329883
15 92 0.00468928
15 93 0.00596033
15 94 0.00738273
15 95 0.008745
15 96 0.0100901
15 97 0.0110259
15 98 0.011716
15 99 0.0119631
15 100 0.00148715
15 101 0

16 0 0
16 1 0.000424543
16 2 0.00327427
16 3 0.00296686
16 4 0.00262164
16 5 0.00176302
16 6 0.00103266
16 7 0.000282121
16 8 -0.000405274
16 9 -0.00123238
16 10 -0.00158036
16 11 -0.00212012
16 12 -0.00214627
16 13 -0.00239749
16 14 -0.00230021
16 15 -0.00244866
16 16 -0.0023803
16 17 -0.00192399
16 18 -0.001563
16 19 -0.00133168
16 20 -0.000138263
16 21 0.000340751
16 22 0.000682859
16 23 0.00104906
16 24 0.00157651
16 25 0.00146829
16 26 0.00219155
16 27 0.00276101
16 28 0.00392023
16 29 0.00520021
16 30 0.00590355
16 31 0.00686544
16 32 0.00748291
16 33 0.00763936
16 34 0.00753052
16 35 0.00727035
16 36 0.00695297
16 37 0.00665324
16 38 0.00574482
16 39 0.00529782
16 40 0.00460285
16 41 0.00404802
16 42 0.00332738
16 43 0.00296424
16 44 0.00246425
16 45 0.00232269
16 46 0.00253566
16 47 0.00254832
16 48 0.00243458
16 49 0.00236184
16 50 0.00236664
16 51 0.00221678
16 52 0.0020674
16 53 0.00192555
16 54 0.00209719
16 55 0.00210027
16 56 0.00182552
16 57 0.0019301
16 58 0.00195893
16 59 0.00226724
16 60 0.00268822
16 61 0.00309375
16 62 0.00374579
16 63 0.00464533
16 64 0.00478585
16 65 0.00537316
16 66 0.00591178
16 67 0.00596091
16 68 0.00590443
16 69 0.00570259
16 70 0.00528162
16 71 0.004676
16 72 0.00362032
16 73 0.00306164
16 74 0.00264358
16 75 0.00182776
16 76 0.0016203
16 77 0.00107526
16 78 0.000862749
16 79 0.000721955
16 80 0.000458308
16 81 -0.000202626
16 82 -0.000239193
16 83 -0.000828557
16 84 -0.000803367
16 85 -0.00037944
16 86 -0.000107425
16 87 3.32217e-05
16 88 0.000460812
16 89 0.00083862
16 90 0.00136652
16 91 0.00166377
16 92 0.00266197
16 93 0.00324318
16 94 0.00450753
16 95 0.00547803
16 96 0.0064294
16 97 0.00717923
16 98 0.00768305
16 99 0.00811681
16 100 0.00104549
16 101 0

17 0 0
17 1 -8.33321e-05
17 2 -0.000844564
17 3 -0.00116742
17 4 -0.00171394
17 5 -0.00251061
17 6 -0.00307999
17 7 -0.00305601
17 8 -0.00326179
17 9 -0.00357248
17 10 -0.00335796
17 11 -0.00359539
17 12 -0.00328698
17 13 -0.00285588
17 14 -0.00287572
17 15 -0.00243533
17 16 -0.00192399
17 17 -0.0013941
17 18 -0.000377327
17 19 0.000719391
17 20 0.00209618
17 21 0.00327512
17 22 0.00413893
17 23 0.00486768
17 24 0.00574361
17 25 0.00612025
17 26 0.00717013
17 27 0.00829687
17 28 0.0100889
17 29 0.0113535
17 30 0.0123813
17 31 0.0138207
17 32 0.0143431
17 33 0.0146835
17 34 0.0152605
17 35 0.0149872
17 36 0.0150279
17 37 0.0144585
17 38 0.0139501
17 39 0.0135641
17 40 0.0127752
17 41 0.0127675
17 42 0.0123945
17 43 0.0118891
17 44 0.01139
17 45 0.0108024
17 46 0.0111277
17 47 0.0112723
17 48 0.0112384
17 49 0.0110438
17 50 0.0110126
17 51 0.010874
17 52 0.0110711
17 53 0.0110146
17 54 0.0111969
17 55 0.0112643
17 56 0.0111723
17 57 0.0110996
17 58 0.0114489
17 59 0.0115908
17 60 0.0117775
17 61 0.0122626
17 62 0.0126751
17 63 0.0132382
17 64 0.0135013
17 65 0.014016
17 66 0.0145591
17 67 0.0144542
17 68 0.0144589
17 69 0.0138264
17 70 0.0131855
17 71 0.0123804
17 72 0.0111879
17 73 0.0101146
17 74 0.00906657
17 75 0.00769422
17 76 0.00743203
17 77 0.00669154
17 78 0.00576576
17 79 0.00511694
17 80 0.00424216
17 81 0.00319683
17 82 0.00248391
17 83 0.00134801
17 84 0.000841391
17 85 0.000809383
17 86 0.000715601
17 87 0.000599093
17 88 0.000185609
17 89 9.71467e-05
17 90 4.51395e-05
17 91 0.000126689
17 92 0.000853063
17 93 0.000824259
17 94 0.00133646
17 95 0.00201288
17 96 0.00250332
17 97 0.00311718
17 98 0.00350904
17 99 0.00410614
17 100 0.000559948
17 101 0

18 0 0
18 1 -0.000650977
18 2 -0.00528724
18 3 -0.00542412
18 4 -0.00586149
18 5 -0.00621223
18 6 -0.006502
18 7 -0.00640319
18 8 -0.00628624
18 9 -0.00590496
18 10 -0.00556785
18 11 -0.00519559
18 12 -0.00472695
18 13 -0.00409084
18 14 -0.00347356
18 15 -0.00256196
18 16 -0.001563
18 17 -0.000377327
18 18 0.00103009
18 19 0.00262358
18 20 0.00452679
18 21 0.00645226
18 22 0.00794065
18 23 0.00924295
18 24 0.0102057
18 25 0.0113134
18 26 0.012541
18 27 0.0139945
18 28 0.0159083
18 29 0.0173422
18 30 0.0185836
18 31 0.0200096
18 32 0.0210034
18 33 0.0216125
18 34 0.0225415
18 35 0.022934
18 36 0.022826
18 37 0.0223811
18 38 0.0219411
18 39 0.0214239
18 40 0.0214317
18 41 0.0213884
18 42 0.0213096
18 43 0.0207827
18 44 0.0201139
18 45 0.0196173
18 46 0.0196919
18 47 0.0196235
18 48 0.0193454
18 49 0.0194411
18 50 0.0194783
18 51 0.0195685
18 52 0.0194731
18 53 0.0197237
18 54 0.0200156
18 55 0.020202
18 56 0.0201847
18 57 0.0201791
18 58 0.0207196
18 59 0.0209902
18 60 0.021056
18 61 0.0211481
18 62 0.0215148
18 63 0.0218568
18 64 0.0225067
18 65 0.0227574
18 66 0.0228504
18 67 0.0229033
18 68 0.0226129
18 69 0.0215656
18 70 0.0206424
18 71 0.019629
18 72 0.0182251
18 73 0.0170663
18 74 0.0158262
18 75 0.0143532
18 76 0.0133835
18 77 0.0123372
18 78 0.0109474
18 79 0.00983645
18 80 0.00834864
18 81 0.00660253
18 82 0.00529105
18 83 0.00381198
18 84 0.00270873
18 85 0.0021469
18 86 0.00138905
18 87 0.000581859
18 88 -0.000246244
18 89 -0.00100698
18 90 -0.00148768
18 91 -0.00136155
18 92 -0.00158574
18 93 -0.00171909
18 94 -0.00170849
18 95 -0.00148868
18 96 -0.00120136
18 97 -0.000782138
18 98 -0.000762661
18 99 -0.000323279
18 100 -2.15597e-06
18 101 0

19 0 0
19 1 -0.00120408
19 2 -0.00980297
19 3 -0.00993162
19 4 -0.0099306
19 5 -0.00991045
19 6 -0.00977756
19 7 -0.0095363
19 8 -0.00932452
19 9 -0.00837982
19 10 -0.00772926
19 11 -0.00678016
19 12 -0.00606608
19 13 -0.00498118
19 14 -0.00376753
19 15 -0.0026404
19 16 -0.00133168
19 17 0.000719391
19 18 0.00262358
19 19 0.0047552
19 20 0.00720211
19 21 0.00954628
19 22 0.011575
19 23 0.0132373
19 24 0.0146828
19 25 0.0163483
19 26 0.0179675
19 27 0.0196108
19 28 0.021505
19 29 0.0234108
19 30 0.0250341
19 31 0.0263726
19 32 0.0275931
19 33 0.0287777
19 34 0.0297298
19 35 0.0305615
19 36 0.0303211
19 37 0.0303975
19 38 0.0299292
19 39 0.0298165
19 40 0.029826
19 41 0.0299206
19 42 0.0297123
19 43 0.0291465
19 44 0.0285752
19 45 0.0280956
19 46 0.0280891
19 47 0.0278977
19 48 0.0276426
19 49 0.0276628
19 50 0.027535
19 51 0.0279312
19 52 0.0278493
19 53 0.0281414
19 54 0.0284245
19 55 0.0288989
19 56 0.0291323
19 57 0.0290566
19 58 0.029628
19 59 0.0300582
19 60 0.0300246
19 61 0.0301165
19 62 0.0302878
19 63 0.03084
19 64 0.0311234
19 65 0.0314402
19 66 0.0311425
19 67 0.0311548
19 68 0.0305111
19 69 0.0294061
19 70 0.0282987
19 71 0.0269874
19 72 0.0253284
19 73 0.0237712
19 74 0.0223736
19 75 0.0209556
19 76 0.0192411
19 77 0.0177247
19 78 0.0160251
19 79 0.0142977
19 80 0.0122794
19 81 0.010104
19 82 0.00849204
19 83 0.00647209
19 84 0.00450593
19 85 0.00336509
19 86 0.0020703
19 87 0.000599352
19 88 -0.000582738
19 89 -0.00157121
19 90 -0.002896
19 91 -0.00310238
19 92 -0.00412509
19 93 -0.00436262
19 94 -0.00455666
19 95 -0.0049762
19 96 -0.00488384
19 97 -0.0048934
19 98 -0.00507084
19 99 -0.00497869
19 100 -0.000593626
19 101 0

20 0 0
20 1 -0.00175356
20 2 -0.0141623
20 3 -0.0141904
20 4 -0.0141485
20 5 -0.0135615
20 6 -0.0130773
20 7 -0.0125717
20 8 -0.0121387
20 9 -0.0108702
20 10 -0.0100103
20 11 -0.00849341
20 12 -0.00735703
20 13 -0.00578206
20 14 -0.00425881
20 15 -0.00240394
20 16 -0.000138263
20 17 0.00209618
20 18 0.00452679
20 19 0.00720211
20 20 0.0098706
20 21 0.0127204
20 22 0.0148611
20 23 0.0171901
20 24 0.0189345
20 25 0.0211448
20 26 0.0229202
20 27 0.0250555
20 28 0.02736
20 29 0.02926
20 30 0.0312658
20 31 0.0326513
20 32 0.0342556
20 33 0.0353334
20 34 0.036583
20 35 0.0373558
20 36 0.0376654
20 37 0.0377144
20 38 0.0378686
20 39 0.0376556
20 40 0.0378436
20 41 0.0374943
20 42 0.0377327
20 43 0.0371269
20 44 0.0363872
20 45 0.0358683
20 46 0.036014
20 47 0.035984
20 48 0.035379
20 49 0.0353031
20 50 0.0351016
20 51 0.0356098
20 52 0.0357617
20 53 0.0363066
20 54 0.036589
20 55 0.0368486
20 56 0.0372114
20 57 0.0374368
20 58 0.0380717
20 59 0.0383848
20 60 0.0387828
20 61 0.0386738
20 62 0.0389223
20 63 0.0391123
20 64 0.0395634
20 65 0.0395313
20 66 0.0392064
20 67 0.0388377
20 68 0.0382195
20 69 0.0367618
20 70 0.0356257
20 71 0.0340978
20 72 0.0324352
20 73 0.0304524
20 74 0.02874
20 75 0.0269739
20 76 0.0249207
20 77 0.0229968
20 78 0.0206092
20 79 0.0187298
20 80 0.0162662
20 81 0.0138987
20 82 0.0115287
20 83 0.00931409
20 84 0.0069505
20 85 0.00454037
20 86 0.00264051
20 87 0.000839394
20 88 -0.000703338
20 89 -0.00227483
20 90 -0.00405146
20 91 -0.00500814
20 92 -0.00660142
20 93 -0.00689598
20 94 -0.00791989
20 95 -0.00852463
20 96 -0.0087467
20 97 -0.00881192
20 98 -0.00915444
20 99 -0.00943154
20 100 -0.00118535
20 101 0

21 0 0
21 1 -0.00226846
21 2 -0.0183084
21 3 -0.0182133
21 4 -0.0178187
21 5 -0.0169648
21 6 -0.0163326
21 7 -0.015647
21 8 -0.0146512
21 9 -0.013389
21 10 -0.0118397
21 11 -0.0102195
21 12 -0.00861499
21 13 -0.00676341
21 14 -0.00461554
21 15 -0.00225068
21 16 0.000340751
21 17 0.00327512
21 18 0.00645226
21 19 0.00954628
21 20 0.0127204
21 21 0.0152477
21 22 0.0180133
21 23 0.0209138
21 24 0.0234719
21 25 0.0258208
21 26 0.0281884
21 27 0.030624
21 28 0.0328938
21 29 0.0350706
21 30 0.0370296
21 31 0.0387717
21 32 0.0402434
21 33 0.0418096
21 34 0.0432882
21 35 0.0439668
21 36 0.0446609
21 37 0.0447866
21 38 0.0449657
21 39 0.0448659
21 40 0.0447779
21 41 0.0449731
21 42 0.0449474
21 43 0.0443701
21 44 0.0436123
21 45 0.0429867
21 46 0.0429537
21 47 0.0428633
21 48 0.0426477
21 49 0.0424769
21 50 0.042475
21 51 0.0429662
21 52 0.0432685
21 53 0.0433643
21 54 0.0438121
21 55 0.0441786
21 56 0.0445273
21 57 0.0450026
21 58 0.0456045
21 59 0.0462318
21 60 0.0467389
21 61 0.0466286
21 62 0.0467283
21 63 0.0471232
21 64 0.0472487
21 65 0.0472747
21 66 0.0471915
21 67 0.0462637
21 68 0.0453823
21 69 0.0440413
21 70 0.0425022
21 71 0.0409021
21 72 0.0391446
21 73 0.0371904
21 74 0.0350348
21 75 0.0330068
21 76 0.0307738
21 77 0.0282512
21 78 0.0254379
21 79 0.0227743
21 80 0.0200589
21 81 0.0171522
21 82 0.0145797
21 83 0.0115448
21 84 0.00870418
21 85 0.00575685
21 86 0.00310503
21 87 0.00100508
21 88 -0.00101153
21 89 -0.00306437
21 90 -0.0051419
21 91 -0.0071736
21 92 -0.00859658
21 93 -0.00973018
21 94 -0.0109232
21 95 -0.0117551
21 96 -0.0125022
21 97 -0.0130183
21 98 -0.0132799
21 99 -0.013625
21 100 -0.00170593
21 101 0

22 0 0
22 1 -0.00274699
22 2 -0.0221396
22 3 -0.0218501
22 4 -0.0212626
22 5 -0.0203665
22 6 -0.0196443
22 7 -0.0186046
22 8 -0.0174488
22 9 -0.0161355
22 10 -0.014323
22 11 -0.0122054
22 12 -0.0102417
22 13 -0.00782989
22 14 -0.00512966
22 15 -0.00247802
22 16 0.000682859
22 17 0.00413893
22 18 0.00794065
22 19 0.011575
22 20 0.0148611
22 21 0.0180133
22 22 0.0213523
22 23 0.0244671
22 24 0.0274725
22 25 0.0302756
22 26 0.0331804
22 27 0.035908
22 28 0.0383561
22 29 0.0405873
22 30 0.0426685
22 31 0.0444374
22 32 0.046188
22 33 0.0479404
22 34 0.0493552
22 35 0.050299
22 36 0.0509517
22 37 0.0513074
22 38 0.0515642
22 39 0.0515891
22 40 0.0516339
22 41 0.0518291
22 42 0.0515679
22 43 0.0509078
22 44 0.0505346
22 45 0.0500461
22 46 0.0496019
22 47 0.0489881
22 48 0.0487021
22 49 0.0486451
22 50 0.0487793
22 51 0.0494023
22 52 0.0494066
22 53 0.0495162
22 54 0.0502712
22 55 0.0509015
22 56 0.0515616
22 57 0.0521031
22 58 0.0528257
22 59 0.0535631
22 60 0.0539642
22 61 0.0539342
22 62 0.0542522
22 63 0.0546818
22 64 0.0546745
22 65 0.0544413
22 66 0.054073
22 67 0.0532385
22 68 0.052167
22 69 0.050898
22 70 0.0493227
22 71 0.0474386
22 72 0.0455381
22 73 0.0434614
22 74 0.0411446
22 75 0.0386322
22 76 0.0359559
22 77 0.033125
22 78 0.0301722
22 79 0.026985
22 80 0.0236863
22 81 0.0203294
22 82 0.0171278
22 83 0.0135543
22 84 0.0100607
22 85 0.00651436
22 86 0.00349265
22 87 0.000696962
22 88 -0.00191322
22 89 -0.00436547
22 90 -0.00698637
22 91 -0.00928888
22 92 -0.0111989
22 93 -0.0127885
22 94 -0.0141895
22 95 -0.0151462
22 96 -0.016109
22 97 -0.0169361
22 98 -0.0173571
22 99 -0.0175873
22 100 -0.00217376
22 101 0

23 0 0
23 1 -0.00322832
23 2 -0.0257435
23 3 -0.025017
23 4 -0.0242129
23 5 -0.0235472
23 6 -0.0226677
23 7 -0.0215822
23 8 -0.0200621
23 9 -0.0183769
23 10 -0.0165457
23 11 -0.0140107
23 12 -0.0113084
23 13 -0.00865304
23 14 -0.00566412
23 15 -0.00250648
23 16 0.00104906
23 17 0.00486768
23 18 0.00924295
23 19 0.0132373
23 20 0.0171901
23 21 0.0209138
23 22 0.0244671
23 23 0.0281482
23 24 0.0313313
23 25 0.034421
23 26 0.0376419
23 27 0.0407077
23 28 0.0432918
23 29 0.0458124
23 30 0.0479645
23 31 0.0500296
23 32 0.0520539
23 33 0.0533269
23 34 0.0545835
23 35 0.0556821
23 36 0.056613
23 37 0.0569748
23 38 0.0574283
23 39 0.0574974
23 40 0.0575543
23 41 0.0573888
23 42 0.0572489
23 43 0.056681
23 44 0.0558579
23 45 0.0552724
23 46 0.0548209
23 47 0.0545959
23 48 0.054275
23 49 0.054161
23 50 0.0543689
23 51 0.0547211
23 52 0.054881
23 53 0.0552223
23 54 0.0558927
23 55 0.0564212
23 56 0.0571196
23 57 0.0581247
23 58 0.0587997
23 59 0.0595759
23 60 0.0604164
23 61 0.0604854
23 62 0.0607098
23 63 0.0611436
23 64 0.0611956
23 65 0.0607987
23 66 0.0604243
23 67 0.059434
23 68 0.0585094
23 69 0.0570845
23 70 0.0554866
23 71 0.053843
23 72 0.0519113
23 73 0.0494764
23 74 0.0466428
23 75 0.0438525
23 76 0.0408473
23 77 0.0377057
23 78 0.0345025
23 79 0.0310082
23 80 0.0270734
23 81 0.0233279
23 82 0.0193601
23 83 0.0151713
23 84 0.0111515
23 85 0.00706651
23 86 0.00384752
23 87 0.000605659
23 88 -0.00251754
23 89 -0.00552676
23 90 -0.00839365
23 91 -0.0110646
23 92 -0.0133418
23 93 -0.0155354
23 94 -0.0175283
23 95 -0.0185078
23 96 -0.0192895
23 97 -0.0203334
23 98 -0.0209173
23 99 -0.0214624
23 100 -0.00269389
23 101 0

24 0 0
24 1 -0.0036344
24 2 -0.0290736
24 3 -0.0284171
24 4 -0.0277752
24 5 -0.0270373
24 6 -0.0260142
24 7 -0.0244734
24 8 -0.0226382
24 9 -0.0205293
24 10 -0.0184616
24 11 -0.0157109
24 12 -0.0129815
24 13 -0.0098033
24 14 -0.0062404
24 15 -0.00255766
24 16 0.00157651
24 17 0.00574361
24 18 0.0102057
24 19 0.0146828
24 20 0.0189345
24 21 0.0234719
24 22 0.0274725
24 23 0.0313313
24 24 0.0349367
24 25 0.0385067
24 26 0.041848
24 27 0.045101
24 28 0.0480272
24 29 0.050799
24 30 0.0533042
24 31 0.0553093
24 32 0.0570882
24 33 0.0587259
24 34 0.0600549
24 35 0.0609137
24 36 0.0616915
24 37 0.062202
24 38 0.0627542
24 39 0.062821
24 40 0.0626942
24 41 0.0623519
24 42 0.0618756
24 43 0.0612093
24 44 0.0606616
24 45 0.0598701
24 46 0.0595023
24 47 0.058992
24 48 0.0586181
24 49 0.0587495
24 50 0.0586486
24 51 0.0591811
24 52 0.0592024
24 53 0.0596348
24 54 0.0601521
24 55 0.0609814
24 56 0.0623086
24 57 0.0630576
24 58 0.0639863
24 59 0.0648039
24 60 0.0654104
24 61 0.0662083
24 62 0.0668724
24 63 0.0670287
24 64 0.0671398
24 65 0.0666862
24 66 0.0662633
24 67 0.0654846
24 68 0.0643747
24 69 0.0631715
24 70 0.0617912
24 71 0.0598768
24 72 0.057564
24 73 0.0549199
24 74 0.0520265
24 75 0.0489287
24 76 0.0453639
24 77 0.0419812
24 78 0.0384441
24 79 0.0345874
24 80 0.0302494
24 81 0.0258846
24 82 0.0212206
24 83 0.0166462
