0 0 0
0 1 0
0 2 0
0 3 0
0 4 0
0 5 0
0 6 0
0 7 0
0 8 0
0 9 0
0 10 0
0 11 0
0 12 0
0 13 0
0 14 0
0 15 0
0 16 0
0 17 0
0 18 0
0 19 0
0 20 0
0 21 0
0 22 0
0 23 0
0 24 0
0 25 0
0 26 0
0 27 0
0 28 0
0 29 0
0 30 0
0 31 0
0 32 0
0 33 0
0 34 0
0 35 0
0 36 0
0 37 0
0 38 0
0 39 0
0 40 0
0 41 0
0 42 0
0 43 0
0 44 0
0 45 0
0 46 0
0 47 0
0 48 0
0 49 0
0 50 0
0 51 0
0 52 0
0 53 0
0 54 0
0 55 0
0 56 0
0 57 0
0 58 0
0 59 0
0 60 0
0 61 0
0 62 0
0 63 0
0 64 0
0 65 0
0 66 0
0 67 0
0 68 0
0 69 0
0 70 0
0 71 0
0 72 0
0 73 0
0 74 0
0 75 0
0 76 0
0 77 0
0 78 0
0 79 0
0 80 0
0 81 0
0 82 0
0 83 0
0 84 0
0 85 0
0 86 0
0 87 0
0 88 0
0 89 0
0 90 0
0 91 0
0 92 0
0 93 0
0 94 0
0 95 0
0 96 0
0 97 0
0 98 0
0 99 0
0 100 0
0 101 0

1 0 0
1 1 0
1 2 -0.0674552
1 3 -0.0666053
1 4 -0.0652657
1 5 -0.0632713
1 6 -0.0608124
1 7 -0.0578901
1 8 -0.0544927
1 9 -0.0507658
1 10 -0.0466913
1 11 -0.0423907
1 12 -0.0379289
1 13 -0.0333547
1 14 -0.0287113
1 15 -0.0241124
1 16 -0.0195506
1 17 -0.0151946
1 18 -0.0109578
1 19 -0.00701014
1 20 -0.00349716
1 21 -0.000284045
1 22 0.00256595
1 23 0.00493969
1 24 0.00674838
1 25 0.00802551
1 26 0.00876836
1 27 0.009092
1 28 0.00878555
1 29 0.00793501
1 30 0.00655701
1 31 0.00469108
1 32 0.00249213
1 33 4.16755e-05
1 34 -0.00274421
1 35 -0.00578257
1 36 -0.00908356
1 37 -0.0125706
1 38 -0.0161701
1 39 -0.0198277
1 40 -0.0233128
1 41 -0.0267158
1 42 -0.0299613
1 43 -0.0329387
1 44 -0.0357687
1 45 -0.0383769
1 46 -0.0405607
1 47 -0.0423279
1 48 -0.0437863
1 49 -0.0447309
1 50 -0.0451586
1 51 -0.0452192
1 52 -0.0446293
1 53 -0.0435436
1 54 -0.0420352
1 55 -0.0400819
1 56 -0.0378006
1 57 -0.0351466
1 58 -0.0322229
1 59 -0.0290145
1 60 -0.0256104
1 61 -0.0221219
1 62 -0.0184988
1 63 -0.0148166
1 64 -0.0111996
1 65 -0.00773796
1 66 -0.0043275
1 67 -0.00119617
1 68 0.00157421
1 69 0.00411907
1 70 0.0062674
1 71 0.00801124
1 72 0.00930502
1 73 0.0100795
1 74 0.0103212
1 75 0.0101159
1 76 0.00926124
1 77 0.00785128
1 78 0.00591962
1 79 0.00353853
1 80 0.00072797
1 81 -0.00247237
1 82 -0.00615294
1 83 -0.0101886
1 84 -0.0144543
1 85 -0.0189241
1 86 -0.0234565
1 87 -0.0280607
1 88 -0.0326217
1 89 -0.0371557
1 90 -0.0416137
1 91 -0.0459804
1 92 -0.05006
1 93 -0.0537917
1 94 -0.0570803
1 95 -0.0600738
1 96 -0.0626505
1 97 -0.0645386
1 98 -0.0659773
1 99 -0.0667857
1 100 0
1 101 0

2 0 0
2 1 -0.0674552
2 2 -0.541685
2 3 -0.53525
2 4 -0.524103
2 5 -0.508431
2 6 -0.488445
2 7 -0.46476
2 8 -0.437667
2 9 -0.407536
2 10 -0.374909
2 11 -0.340422
2 12 -0.304595
2 13 -0.267821
2 14 -0.230752
2 15 -0.193717
2 16 -0.157118
2 17 -0.121822
2 18 -0.0881609
2 19 -0.0566541
2 20 -0.0279951
2 21 -0.00220058
2 22 0.0205016
2 23 0.0394387
2 24 0.0542127
2 25 0.0646643
2 26 0.070728
2 27 0.0726939
2 28 0.0703115
2 29 0.0635551
2 30 0.0526371
2 31 0.0380713
2 32 0.0203954
2 33 0.000164197
2 34 -0.0222165
2 35 -0.0466888
2 36 -0.073056
2 37 -0.100933
2 38 -0.129879
2 39 -0.158928
2 40 -0.187319
2 41 -0.214562
2 42 -0.240351
2 43 -0.264652
2 44 -0.287356
2 45 -0.307921
2 46 -0.325715
2 47 -0.340239
2 48 -0.351487
2 49 -0.359121
2 50 -0.362866
2 51 -0.362739
2 52 -0.358326
2 53 -0.349853
2 54 -0.337646
2 55 -0.322058
2 56 -0.303572
2 57 -0.282255
2 58 -0.25851
2 59 -0.23284
2 60 -0.205734
2 61 -0.177575
2 62 -0.148519
2 63 -0.119055
2 64 -0.0900953
2 65 -0.0619875
2 66 -0.0350821
2 67 -0.00995974
2 68 0.0129927
2 69 0.033291
2 70 0.0505035
2 71 0.0643905
2 72 0.0745486
2 73 0.0808396
2 74 0.0830543
2 75 0.0810176
2 76 0.0743237
2 77 0.0630849
2 78 0.0476916
2 79 0.028546
2 80 0.00584003
2 81 -0.0202849
2 82 -0.0496643
2 83 -0.081811
2 84 -0.116122
2 85 -0.151871
2 86 -0.18834
2 87 -0.225201
2 88 -0.262039
2 89 -0.298502
2 90 -0.334331
2 91 -0.369
2 92 -0.401762
2 93 -0.431858
2 94 -0.458867
2 95 -0.48273
2 96 -0.502787
2 97 -0.518635
2 98 -0.529872
2 99 -0.536306
2 100 -0.0667857
2 101 0

3 0 0
3 1 -0.0666053
3 2 -0.53525
3 3 -0.529355
3 4 -0.517982
3 5 -0.502623
3 6 -0.482677
3 7 -0.458913
3 8 -0.432107
3 9 -0.401947
3 10 -0.369608
3 11 -0.335345
3 12 -0.299648
3 13 -0.263223
3 14 -0.226517
3 15 -0.189482
3 16 -0.153159
3 17 -0.117661
3 18 -0.0844007
3 19 -0.0533124
3 20 -0.0244373
3 21 0.00122416
3 22 0.0233713
3 23 0.0420593
3 24 0.0570306
3 25 0.0677587
3 26 0.0739831
3 27 0.0752173
3 28 0.0725624
3 29 0.0658537
3 30 0.0551518
3 31 0.0411621
3 32 0.0235504
3 33 0.00278389
3 34 -0.0199898
3 35 -0.0446123
3 36 -0.0707481
3 37 -0.098416
3 38 -0.127248
3 39 -0.155936
3 40 -0.184676
3 41 -0.211802
3 42 -0.237257
3 43 -0.261962
3 44 -0.284624
3 45 -0.304707
3 46 -0.322739
3 47 -0.337655
3 48 -0.348369
3 49 -0.356047
3 50 -0.360184
3 51 -0.359261
3 52 -0.355197
3 53 -0.347079
3 54 -0.334968
3 55 -0.319623
3 56 -0.300875
3 57 -0.279323
3 58 -0.255233
3 59 -0.229717
3 60 -0.20299
3 61 -0.174832
3 62 -0.146042
3 63 -0.11687
3 64 -0.0880056
3 65 -0.0596904
3 66 -0.033235
3 67 -0.00786604
3 68 0.0158323
3 69 0.0359817
3 70 0.0530299
3 71 0.0667688
3 72 0.076788
3 73 0.0833345
3 74 0.0857539
3 75 0.0833342
3 76 0.0768177
3 77 0.0658394
3 78 0.0506255
3 79 0.0315906
3 80 0.00882534
3 81 -0.0174754
3 82 -0.0464661
3 83 -0.0780437
3 84 -0.112172
3 85 -0.14758
3 86 -0.183928
3 87 -0.220552
3 88 -0.257371
3 89 -0.293827
3 90 -0.329499
3 91 -0.363531
3 92 -0.396064
3 93 -0.426323
3 94 -0.453989
3 95 -0.477247
3 96 -0.49654
3 97 -0.512891
3 98 -0.523819
3 99 -0.530133
3 100 -0.0660107
3 101 0

4 0 0
4 1 -0.0652657
4 2 -0.524103
4 3 -0.517982
4 4 -0.507147
4 5 -0.492108
4 6 -0.472243
4 7 -0.44902
4 8 -0.422299
4 9 -0.392487
4 10 -0.360141
4 11 -0.325954
4 12 -0.29091
4 13 -0.254826
4 14 -0.218119
4 15 -0.180457
4 16 -0.145165
4 17 -0.110179
4 18 -0.0767607
4 19 -0.046198
4 20 -0.0171473
4 21 0.00796347
4 22 0.0296763
4 23 0.048069
4 24 0.0630169
4 25 0.0736789
4 26 0.0801803
4 27 0.0811552
4 28 0.0787722
4 29 0.0713121
4 30 0.0609473
4 31 0.0460558
4 32 0.0288226
4 33 0.0085805
4 34 -0.0145863
4 35 -0.0394942
4 36 -0.0658526
4 37 -0.0934542
4 38 -0.122104
4 39 -0.150938
4 40 -0.179216
4 41 -0.206436
4 42 -0.23258
4 43 -0.256965
4 44 -0.279626
4 45 -0.300083
4 46 -0.317323
4 47 -0.332116
4 48 -0.343159
4 49 -0.350699
4 50 -0.354463
4 51 -0.354366
4 52 -0.350105
4 53 -0.34187
4 54 -0.329596
4 55 -0.314618
4 56 -0.295572
4 57 -0.274201
4 58 -0.250597
4 59 -0.224998
4 60 -0.197891
4 61 -0.169786
4 62 -0.141137
4 63 -0.112088
4 64 -0.0832714
4 65 -0.0552479
4 66 -0.0284112
4 67 -0.00258896
4 68 0.0204925
4 69 0.0409491
4 70 0.0584587
4 71 0.0716811
4 72 0.0825321
4 73 0.088739
4 74 0.0915337
4 75 0.0889125
4 76 0.0826175
4 77 0.0715532
4 78 0.0566318
4 79 0.037212
4 80 0.0150466
4 81 -0.0106447
4 82 -0.0392863
4 83 -0.0712024
4 84 -0.104588
4 85 -0.139127
4 86 -0.175636
4 87 -0.21203
4 88 -0.248809
4 89 -0.284582
4 90 -0.32054
4 91 -0.354555
4 92 -0.386941
4 93 -0.416801
4 94 -0.443889
4 95 -0.467127
4 96 -0.485992
4 97 -0.501864
4 98 -0.513008
4 99 -0.519423
4 100 -0.0646804
4 101 0

5 0 0
5 1 -0.0632713
5 2 -0.508431
5 3 -0.502623
5 4 -0.492108
5 5 -0.476768
5 6 -0.457729
5 7 -0.434775
5 8 -0.408594
5 9 -0.378958
5 10 -0.34686
5 11 -0.313168
5 12 -0.27838
5 13 -0.24198
5 14 -0.205521
5 15 -0.169546
5 16 -0.13359
5 17 -0.0988091
5 18 -0.0660324
5 19 -0.035702
5 20 -0.00695192
5 21 0.0180286
5 22 0.0399624
5 23 0.0578729
5 24 0.0727958
5 25 0.0828106
5 26 0.0887524
5 27 0.0897922
5 28 0.0876881
5 29 0.0804396
5 30 0.0694016
5 31 0.054755
5 32 0.0371492
5 33 0.0160685
5 34 -0.00637458
5 35 -0.0315808
5 36 -0.0581369
5 37 -0.0858728
5 38 -0.11427
5 39 -0.143185
5 40 -0.171994
5 41 -0.199502
5 42 -0.225973
5 43 -0.249985
5 44 -0.27222
5 45 -0.292227
5 46 -0.310109
5 47 -0.324916
5 48 -0.336033
5 49 -0.343329
5 50 -0.346765
5 51 -0.346839
5 52 -0.342738
5 53 -0.334839
5 54 -0.322766
5 55 -0.307035
5 56 -0.288268
5 57 -0.26703
5 58 -0.243866
5 59 -0.21823
5 60 -0.191349
5 61 -0.162944
5 62 -0.133958
5 63 -0.10506
5 64 -0.0759147
5 65 -0.0475558
5 66 -0.0205408
5 67 0.00430717
5 68 0.0278628
5 69 0.0485376
5 70 0.0663634
5 71 0.0804669
5 72 0.0910604
5 73 0.0971035
5 74 0.099659
5 75 0.0972039
5 76 0.0913779
5 77 0.0804798
5 78 0.0660718
5 79 0.0468704
5 80 0.0246483
5 81 -0.000842695
5 82 -0.0288715
5 83 -0.0604381
5 84 -0.093611
5 85 -0.128225
5 86 -0.163866
5 87 -0.200013
5 88 -0.236552
5 89 -0.272526
5 90 -0.307629
5 91 -0.341785
5 92 -0.374287
5 93 -0.403566
5 94 -0.429601
5 95 -0.452505
5 96 -0.471734
5 97 -0.486816
5 98 -0.498035
5 99 -0.504066
5 100 -0.062753
5 101 0

6 0 0
6 1 -0.0608124
6 2 -0.488445
6 3 -0.482677
6 4 -0.472243
6 5 -0.457729
6 6 -0.439235
6 7 -0.416617
6 8 -0.390828
6 9 -0.36166
6 10 -0.330377
6 11 -0.297158
6 12 -0.262145
6 13 -0.226556
6 14 -0.19036
6 15 -0.154601
6 16 -0.118872
6 17 -0.0848426
6 18 -0.0528665
6 19 -0.0221446
6 20 0.00604941
6 21 0.0310494
6 22 0.0526729
6 23 0.0710311
6 24 0.085029
6 25 0.0945563
6 26 0.100229
6 27 0.101809
6 28 0.0989872
6 29 0.0918224
6 30 0.0805799
6 31 0.0662214
6 32 0.0478863
6 33 0.0270172
6 34 0.0041099
6 35 -0.0217894
6 36 -0.0484131
6 37 -0.0757995
6 38 -0.1049
6 39 -0.133782
6 40 -0.162265
6 41 -0.190381
6 42 -0.216594
6 43 -0.240989
6 44 -0.262983
6 45 -0.283538
6 46 -0.30105
6 47 -0.315514
6 48 -0.326656
6 49 -0.333727
6 50 -0.33714
6 51 -0.337098
6 52 -0.33374
6 53 -0.325463
6 54 -0.313881
6 55 -0.2983
6 56 -0.279015
6 57 -0.258157
6 58 -0.234816
6 59 -0.209723
6 60 -0.182354
6 61 -0.154294
6 62 -0.125185
6 63 -0.0955371
6 64 -0.0670707
6 65 -0.0383155
6 66 -0.0106528
6 67 0.0144051
6 68 0.0379478
6 69 0.0586622
6 70 0.0765159
6 71 0.0910269
6 72 0.101502
6 73 0.108439
6 74 0.110765
6 75 0.108619
6 76 0.102816
6 77 0.0926488
6 78 0.0777077
6 79 0.0593459
6 80 0.037017
6 81 0.0115874
6 82 -0.0166802
6 83 -0.0472203
6 84 -0.0795523
6 85 -0.113903
6 86 -0.149421
6 87 -0.185306
6 88 -0.220968
6 89 -0.257179
6 90 -0.292076
6 91 -0.325637
6 92 -0.357412
6 93 -0.386229
6 94 -0.412356
6 95 -0.434358
6 96 -0.45276
6 97 -0.467835
6 98 -0.478441
6 99 -0.48451
6 100 -0.060334
6 101 0

7 0 0
7 1 -0.0578901
7 2 -0.46476
7 3 -0.458913
7 4 -0.44902
7 5 -0.434775
7 6 -0.416617
7 7 -0.394394
7 8 -0.36883
7 9 -0.340614
7 10 -0.309855
7 11 -0.277327
7 12 -0.242949
7 13 -0.207719
7 14 -0.171914
7 15 -0.136904
7 16 -0.102107
7 17 -0.0679189
7 18 -0.0358033
7 19 -0.00553534
7 20 0.0216658
7 21 0.0466093
7 22 0.0679254
7 23 0.0852363
7 24 0.0989367
7 25 0.108485
7 26 0.114371
7 27 0.115716
7 28 0.112255
7 29 0.105079
7 30 0.0938516
7 31 0.0794392
7 32 0.0611125
7 33 0.0398536
7 34 0.0159853
7 35 -0.009443
7 36 -0.0362263
7 37 -0.0643229
7 38 -0.0930921
7 39 -0.122275
7 40 -0.151117
7 41 -0.179013
7 42 -0.205676
7 43 -0.230306
7 44 -0.252547
7 45 -0.273044
7 46 -0.290277
7 47 -0.304602
7 48 -0.315817
7 49 -0.322958
7 50 -0.326698
7 51 -0.326458
7 52 -0.322747
7 53 -0.314842
7 54 -0.303375
7 55 -0.287828
7 56 -0.26895
7 57 -0.247948
7 58 -0.22443
7 59 -0.199316
7 60 -0.17211
7 61 -0.143484
7 62 -0.114172
7 63 -0.0845901
7 64 -0.0555281
7 65 -0.0270052
7 66 0.000383659
7 67 0.0261664
7 68 0.0498274
7 69 0.0710078
7 70 0.0886798
7 71 0.103118
7 72 0.114107
7 73 0.121396
7 74 0.124005
7 75 0.122244
7 76 0.115967
7 77 0.10594
7 78 0.0920462
7 79 0.0735868
7 80 0.0514739
7 81 0.0266965
7 82 -0.00115672
7 83 -0.0309826
7 84 -0.0631497
7 85 -0.0969962
7 86 -0.131923
7 87 -0.167494
7 88 -0.202931
7 89 -0.238279
7 90 -0.272521
7 91 -0.305531
7 92 -0.336362
7 93 -0.364878
7 94 -0.39039
7 95 -0.412436
7 96 -0.430789
7 97 -0.444746
7 98 -0.455182
7 99 -0.461408
7 100 -0.0574706
7 101 0

8 0 0
8 1 -0.0544927
8 2 -0.437667
8 3 -0.432107
8 4 -0.422299
8 5 -0.408594
8 6 -0.390828
8 7 -0.36883
8 8 -0.343837
8 9 -0.315955
8 10 -0.285916
8 11 -0.253862
8 12 -0.220217
8 13 -0.185706
8 14 -0.150993
8 15 -0.116588
8 16 -0.082227
8 17 -0.0485984
8 18 -0.0161962
8 19 0.0137794
8 20 0.0406459
8 21 0.0646786
8 22 0.0855807
8 23 0.102723
8 24 0.116045
8 25 0.125465
8 26 0.130734
8 27 0.131669
8 28 0.128205
8 29 0.120685
8 30 0.109386
8 31 0.0944886
8 32 0.0759991
8 33 0.0548777
8 34 0.030976
8 35 0.0049899
8 36 -0.0225938
8 37 -0.0513377
8 38 -0.0805152
8 39 -0.109333
8 40 -0.13832
8 41 -0.166267
8 42 -0.193212
8 43 -0.218291
8 44 -0.240775
8 45 -0.260701
8 46 -0.278047
8 47 -0.292445
8 48 -0.303794
8 49 -0.311352
8 50 -0.315309
8 51 -0.315139
8 52 -0.311147
8 53 -0.303021
8 54 -0.291247
8 55 -0.275622
8 56 -0.257133
8 57 -0.23616
8 58 -0.212755
8 59 -0.18733
8 60 -0.160112
8 61 -0.131227
8 62 -0.102006
8 63 -0.0724094
8 64 -0.0431791
8 65 -0.0141916
8 66 0.0135123
8 67 0.0395228
8 68 0.0637319
8 69 0.0852612
8 70 0.103197
8 71 0.118066
8 72 0.129028
8 73 0.13625
8 74 0.139506
8 75 0.138042
8 76 0.132217
8 77 0.122294
8 78 0.108203
8 79 0.0903834
8 80 0.068942
8 81 0.0445595
8 82 0.0174907
8 83 -0.0120799
8 84 -0.0438684
8 85 -0.077701
8 86 -0.112213
8 87 -0.146963
8 88 -0.181802
8 89 -0.216459
8 90 -0.249799
8 91 -0.281509
8 92 -0.311835
8 93 -0.33976
8 94 -0.365153
8 95 -0.387247
8 96 -0.405393
8 97 -0.419271
8 98 -0.428921
8 99 -0.434913
8 100 -0.0541776
8 101 0

9 0 0
9 1 -0.0507658
9 2 -0.407536
9 3 -0.401947
9 4 -0.392487
9 5 -0.378958
9 6 -0.36166
9 7 -0.340614
9 8 -0.315955
9 9 -0.288518
9 10 -0.259187
9 11 -0.227565
9 12 -0.195111
9 13 -0.161279
9 14 -0.126757
9 15 -0.0925273
9 16 -0.0590325
9 17 -0.0261309
9 18 0.00593187
9 19 0.0352503
9 20 0.061652
9 21 0.0850436
9 22 0.105618
9 23 0.122244
9 24 0.135026
9 25 0.143586
9 26 0.148294
9 27 0.148946
9 28 0.145273
9 29 0.137582
9 30 0.126006
9 31 0.110481
9 32 0.0919713
9 33 0.070649
9 34 0.0465802
9 35 0.0202788
9 36 -0.00773392
9 37 -0.0369836
9 38 -0.065894
9 39 -0.0950584
9 40 -0.124035
9 41 -0.152154
9 42 -0.179276
9 43 -0.204401
9 44 -0.227103
9 45 -0.247384
9 46 -0.264913
9 47 -0.279269
9 48 -0.290835
9 49 -0.298606
9 50 -0.302388
9 51 -0.302463
9 52 -0.298048
9 53 -0.289953
9 54 -0.278287
9 55 -0.262451
9 56 -0.244013
9 57 -0.222955
9 58 -0.199408
9 59 -0.174016
9 60 -0.146657
9 61 -0.117775
9 62 -0.0886093
9 63 -0.0590921
9 64 -0.0292052
9 65 -0.0002633
9 66 0.0279709
9 67 0.0540952
9 68 0.0782192
9 69 0.100044
9 70 0.118559
9 71 0.13372
9 72 0.145209
9 73 0.152489
9 74 0.155854
9 75 0.155083
9 76 0.150029
9 77 0.140294
9 78 0.126666
9 79 0.109183
9 80 0.0883767
9 81 0.0645201
9 82 0.038078
9 83 0.00895119
9 84 -0.0219994
9 85 -0.0549777
9 86 -0.08905
9 87 -0.123391
9 88 -0.157843
9 89 -0.191677
9 90 -0.22428
9 91 -0.255005
9 92 -0.284774
9 93 -0.312122
9 94 -0.336852
9 95 -0.358703
9 96 -0.376608
9 97 -0.390131
9 98 -0.399893
9 99 -0.405575
9 100 -0.0505178
9 101 0

10 0 0
10 1 -0.0466913
10 2 -0.374909
10 3 -0.369608
10 4 -0.360141
10 5 -0.34686
10 6 -0.330377
10 7 -0.309855
10 8 -0.285916
10 9 -0.259187
10 10 -0.230098
10 11 -0.199373
10 12 -0.167612
10 13 -0.13428
10 14 -0.0996294
10 15 -0.0657784
10 16 -0.0327729
10 17 -0.000603294
10 18 0.0302084
10 19 0.0588066
10 20 0.0844156
10 21 0.10759
10 22 0.12747
10 23 0.142968
10 24 0.154934
10 25 0.163078
10 26 0.167134
10 27 0.167286
10 28 0.163076
10 29 0.155207
10 30 0.142962
10 31 0.127645
10 32 0.108702
10 33 0.086899
10 34 0.062716
10 35 0.0366915
10 36 0.00863086
10 37 -0.0208214
10 38 -0.0500342
10 39 -0.0795181
10 40 -0.108885
10 41 -0.137141
10 42 -0.163862
10 43 -0.189225
10 44 -0.212364
10 45 -0.232614
10 46 -0.250231
10 47 -0.265002
10 48 -0.276175
10 49 -0.28384
10 50 -0.287796
10 51 -0.287288
10 52 -0.28295
10 53 -0.275284
10 54 -0.263689
10 55 -0.248266
10 56 -0.229834
10 57 -0.208547
10 58 -0.184904
10 59 -0.15957
10 60 -0.132517
10 61 -0.103643
10 62 -0.0738307
10 63 -0.0440184
10 64 -0.0138023
10 65 0.0154714
10 66 0.0432633
10 67 0.0694589
10 68 0.0938101
10 69 0.115461
10 70 0.134038
10 71 0.14985
10 72 0.161488
10 73 0.169618
10 74 0.173363
10 75 0.173191
10 76 0.168406
10 77 0.159443
10 78 0.146644
10 79 0.129935
10 80 0.109729
10 81 0.0865153
10 82 0.0607145
10 83 0.0324567
10 84 0.00216635
10 85 -0.0297129
10 86 -0.0630713
10 87 -0.0971784
10 88 -0.131264
10 89 -0.164559
10 90 -0.196287
10 91 -0.226772
10 92 -0.255583
10 93 -0.282656
10 94 -0.306943
10 95 -0.327814
10 96 -0.3453
10 97 -0.358605
10 98 -0.368302
10 99 -0.373788
10 100 -0.0465582
10 101 0

11 0 0
11 1 -0.0423907
11 2 -0.340422
11 3 -0.335345
11 4 -0.325954
11 5 -0.313168
11 6 -0.297158
11 7 -0.277327
11 8 -0.253862
11 9 -0.227565
11 10 -0.199373
11 11 -0.168748
11 12 -0.137019
11 13 -0.104203
11 14 -0.0709994
11 15 -0.0375355
11 16 -0.00477941
11 17 0.0264525
11 18 0.055884
11 19 0.0836148
11 20 0.108786
11 21 0.131507
11 22 0.150334
11 23 0.165724
11 24 0.176695
11 25 0.184391
11 26 0.187874
11 27 0.187252
11 28 0.182205
11 29 0.174149
11 30 0.161704
11 31 0.146117
11 32 0.126587
11 33 0.104345
11 34 0.0797921
11 35 0.05362
11 36 0.0254313
11 37 -0.00427716
11 38 -0.0341782
11 39 -0.0636259
11 40 -0.0929477
11 41 -0.121319
11 42 -0.147696
11 43 -0.173335
11 44 -0.19636
11 45 -0.216521
11 46 -0.234382
11 47 -0.249215
11 48 -0.26012
11 49 -0.267751
11 50 -0.271235
11 51 -0.270816
11 52 -0.266552
11 53 -0.258947
11 54 -0.247518
11 55 -0.232237
11 56 -0.214226
11 57 -0.193193
11 58 -0.169335
11 59 -0.14452
11 60 -0.117508
11 61 -0.0888115
11 62 -0.0591015
11 63 -0.0286313
11 64 0.00174985
11 65 0.03131
11 66 0.0594026
11 67 0.0857843
11 68 0.110252
11 69 0.132196
11 70 0.151133
11 71 0.167309
11 72 0.178968
11 73 0.187784
11 74 0.192314
11 75 0.19246
11 76 0.188278
11 77 0.180426
11 78 0.167901
11 79 0.152333
11 80 0.132753
11 81 0.11021
11 82 0.0847304
11 83 0.0576604
11 84 0.028111
11 85 -0.00324343
11 86 -0.0355399
11 87 -0.0686709
11 88 -0.102311
11 89 -0.135136
11 90 -0.166686
11 91 -0.196255
11 92 -0.224722
11 93 -0.251195
11 94 -0.275015
11 95 -0.295175
11 96 -0.312136
11 97 -0.325537
11 98 -0.334689
11 99 -0.339968
11 100 -0.0423494
11 101 0

12 0 0
12 1 -0.0379289
12 2 -0.304595
12 3 -0.299648
12 4 -0.29091
12 5 -0.27838
12 6 -0.262145
12 7 -0.242949
12 8 -0.220217
12 9 -0.195111
12 10 -0.167612
12 11 -0.137019
12 12 -0.105031
12 13 -0.0727533
12 14 -0.0406654
12 15 -0.0075283
12 16 0.0237287
12 17 0.0537153
12 18 0.0825907
12 19 0.109679
12 20 0.134186
12 21 0.15572
12 22 0.173867
12 23 0.188522
12 24 0.199262
12 25 0.206093
12 26 0.209152
12 27 0.207752
12 28 0.20224
12 29 0.193036
12 30 0.181064
12 31 0.164458
12 32 0.145091
12 33 0.122784
12 34 0.0976284
12 35 0.0713186
12 36 0.0428592
12 37 0.0129508
12 38 -0.0170633
12 39 -0.0470494
12 40 -0.0765206
12 41 -0.104658
12 42 -0.13178
12 43 -0.156231
12 44 -0.179368
12 45 -0.199815
12 46 -0.217205
12 47 -0.231743
12 48 -0.243153
12 49 -0.250263
12 50 -0.253827
12 51 -0.253394
12 52 -0.249194
12 53 -0.24136
12 54 -0.230123
12 55 -0.215503
12 56 -0.197552
12 57 -0.176624
12 58 -0.1539
12 59 -0.128732
12 60 -0.102108
12 61 -0.0731605
12 62 -0.0431508
12 63 -0.0125312
12 64 0.0180761
12 65 0.0477322
12 66 0.0762305
12 67 0.103196
12 68 0.127015
12 69 0.149343
12 70 0.168889
12 71 0.184274
12 72 0.197415
12 73 0.206242
12 74 0.211299
12 75 0.212281
12 76 0.208679
12 77 0.201207
12 78 0.190015
12 79 0.174658
12 80 0.156596
12 81 0.135167
12 82 0.10999
12 83 0.0831749
12 84 0.0546457
12 85 0.0244964
12 86 -0.00696008
12 87 -0.0390058
12 88 -0.0719018
12 89 -0.103854
12 90 -0.135456
12 91 -0.164924
12 92 -0.192897
12 93 -0.218731
12 94 -0.24137
12 95 -0.261492
12 96 -0.278082
12 97 -0.290794
12 98 -0.299724
12 99 -0.304796
12 100 -0.0379587
12 101 0

13 0 0
13 1 -0.0333547
13 2 -0.267821
13 3 -0.263223
13 4 -0.254826
13 5 -0.24198
13 6 -0.226556
13 7 -0.207719
13 8 -0.185706
13 9 -0.161279
13 10 -0.13428
13 11 -0.104203
13 12 -0.0727533
13 13 -0.0406257
13 14 -0.00881713
13 15 0.0225197
13 16 0.0534849
13 17 0.0823016
13 18 0.109576
13 19 0.136006
13 20 0.159612
13 21 0.180625
13 22 0.198096
13 23 0.211774
13 24 0.222119
13 25 0.228398
13 26 0.230482
13 27 0.228463
13 28 0.222165
13 29 0.212931
13 30 0.199985
13 31 0.183485
13 32 0.163912
13 33 0.141417
13 34 0.116463
13 35 0.0895859
13 36 0.0608283
13 37 0.0306825
13 38 0.000517281
13 39 -0.0295429
13 40 -0.0588788
13 41 -0.0873389
13 42 -0.114594
13 43 -0.139528
13 44 -0.162325
13 45 -0.182531
13 46 -0.200149
13 47 -0.214326
13 48 -0.225359
13 49 -0.232455
13 50 -0.235675
13 51 -0.235788
13 52 -0.231568
13 53 -0.223912
13 54 -0.212881
13 55 -0.198214
13 56 -0.180996
13 57 -0.16054
13 58 -0.137713
13 59 -0.112439
13 60 -0.0853348
13 61 -0.0562783
13 62 -0.0262061
13 63 0.00415097
13 64 0.0348764
13 65 0.0648801
13 66 0.0938768
13 67 0.120498
13 68 0.144719
13 69 0.166849
13 70 0.186033
13 71 0.202198
13 72 0.215132
13 73 0.224845
13 74 0.230427
13 75 0.232195
13 76 0.22955
13 77 0.222701
13 78 0.212302
13 79 0.198236
13 80 0.180632
13 81 0.1596
13 82 0.135328
13 83 0.109548
13 84 0.0820266
13 85 0.0529016
13 86 0.0227247
13 87 -0.00830201
13 88 -0.0403262
13 89 -0.0722434
13 90 -0.103046
13 91 -0.132287
13 92 -0.159754
13 93 -0.185038
13 94 -0.207273
13 95 -0.226759
13 96 -0.243322
13 97 -0.254852
13 98 -0.263681
13 99 -0.268674
13 100 -0.0334631
13 101 0

14 0 0
14 1 -0.0287113
14 2 -0.230752
14 3 -0.226517
14 4 -0.218119
14 5 -0.205521
14 6 -0.19036
14 7 -0.171914
14 8 -0.150993
14 9 -0.126757
14 10 -0.0996294
14 11 -0.0709994
14 12 -0.0406654
14 13 -0.00881713
14 14 0.0224642
14 15 0.052774
14 16 0.0826324
14 17 0.110674
14 18 0.137247
14 19 0.162277
14 20 0.184741
14 21 0.205313
14 22 0.222647
14 23 0.235898
14 24 0.245263
14 25 0.250925
14 26 0.252134
14 27 0.249451
14 28 0.242965
14 29 0.233237
14 30 0.219325
14 31 0.20277
14 32 0.183051
14 33 0.160019
14 34 0.13509
14 35 0.107728
14 36 0.0788457
14 37 0.0489831
14 38 0.0184979
14 39 -0.0117331
14 40 -0.0410664
14 41 -0.0696874
14 42 -0.0965976
14 43 -0.121835
14 44 -0.144667
14 45 -0.164797
14 46 -0.182539
14 47 -0.196934
14 48 -0.207963
14 49 -0.21516
14 50 -0.218273
14 51 -0.218342
14 52 -0.214223
14 53 -0.206446
14 54 -0.195466
14 55 -0.181093
14 56 -0.164034
14 57 -0.143533
14 58 -0.120288
14 59 -0.0950543
14 60 -0.0678105
14 61 -0.039208
14 62 -0.00920755
14 63 0.0210318
14 64 0.0514513
14 65 0.0819565
14 66 0.111154
14 67 0.137731
14 68 0.162517
14 69 0.18437
14 70 0.203884
14 71 0.22083
14 72 0.233936
14 73 0.243872
14 74 0.249666
14 75 0.251906
14 76 0.250316
14 77 0.244898
14 78 0.235195
14 79 0.221732
14 80 0.204433
14 81 0.184326
14 82 0.161186
14 83 0.135861
14 84 0.109308
14 85 0.0813206
14 86 0.0521358
14 87 0.0218788
14 88 -0.00959136
14 89 -0.040511
14 90 -0.0702882
14 91 -0.0993325
14 92 -0.12604
14 93 -0.150486
14 94 -0.172496
14 95 -0.191559
14 96 -0.20763
14 97 -0.218981
14 98 -0.227515
14 99 -0.232064
14 100 -0.0288856
14 101 0

15 0 0
15 1 -0.0241124
15 2 -0.193717
15 3 -0.189482
15 4 -0.180457
15 5 -0.169546
15 6 -0.154601
15 7 -0.136904
15 8 -0.116588
15 9 -0.0925273
15 10 -0.0657784
15 11 -0.0375355
15 12 -0.0075283
15 13 0.0225197
15 14 0.052774
15 15 0.0832067
15 16 0.11144
15 17 0.139302
15 18 0.164232
15 19 0.188886
15 20 0.210905
15 21 0.230721
15 22 0.246321
15 23 0.259459
15 24 0.268261
15 25 0.272884
15 26 0.273899
15 27 0.271001
15 28 0.264003
15 29 0.253501
15 30 0.239281
15 31 0.222316
15 32 0.20141
15 33 0.179074
15 34 0.153991
15 35 0.126269
15 36 0.0969521
15 37 0.0674289
15 38 0.0361588
15 39 0.0064219
15 40 -0.0227023
15 41 -0.0515428
15 42 -0.0784448
15 43 -0.104035
15 44 -0.126978
15 45 -0.147666
15 46 -0.164828
15 47 -0.17943
15 48 -0.190426
15 49 -0.197673
15 50 -0.201623
15 51 -0.200833
15 52 -0.197395
15 53 -0.188956
15 54 -0.177918
15 55 -0.164425
15 56 -0.146594
15 57 -0.126495
15 58 -0.102918
15 59 -0.0774693
15 60 -0.0497663
15 61 -0.0215124
15 62 0.00782191
15 63 0.0384201
15 64 0.0680162
15 65 0.0992145
15 66 0.128282
15 67 0.155314
15 68 0.179758
15 69 0.202382
15 70 0.222425
15 71 0.239261
15 72 0.252768
15 73 0.263311
15 74 0.269222
15 75 0.272046
15 76 0.271185
15 77 0.266427
15 78 0.257331
15 79 0.245077
15 80 0.228959
15 81 0.209553
15 82 0.186358
15 83 0.162622
15 84 0.136453
15 85 0.109621
15 86 0.0807272
15 87 0.0515297
15 88 0.0214977
15 89 -0.00858026
15 90 -0.0383715
15 91 -0.0664857
15 92 -0.0924885
15 93 -0.116737
15 94 -0.138827
15 95 -0.156319
15 96 -0.170426
15 97 -0.183166
15 98 -0.190635
15 99 -0.195503
15 100 -0.0243938
15 101 0

16 0 0
16 1 -0.0195506
16 2 -0.157118
16 3 -0.153159
16 4 -0.145165
16 5 -0.13359
16 6 -0.118872
16 7 -0.102107
16 8 -0.082227
16 9 -0.0590325
16 10 -0.0327729
16 11 -0.00477941
16 12 0.0237287
16 13 0.0534849
16 14 0.0826324
16 15 0.11144
16 16 0.139062
16 17 0.165885
16 18 0.191222
16 19 0.214024
16 20 0.235451
16 21 0.254101
16 22 0.269361
16 23 0.280969
16 24 0.289076
16 25 0.293677
16 26 0.294002
16 27 0.290612
16 28 0.283723
16 29 0.272424
16 30 0.258343
16 31 0.240811
16 32 0.220554
16 33 0.197355
16 34 0.171616
16 35 0.144126
16 36 0.114918
16 37 0.0848144
16 38 0.0545411
16 39 0.0244366
16 40 -0.00459285
16 41 -0.0331525
16 42 -0.0608404
16 43 -0.0863811
16 44 -0.109877
16 45 -0.130161
16 46 -0.147621
16 47 -0.161968
16 48 -0.173097
16 49 -0.18061
16 50 -0.184301
16 51 -0.184382
16 52 -0.180003
16 53 -0.17221
16 54 -0.161158
16 55 -0.147274
16 56 -0.130185
16 57 -0.109275
16 58 -0.085911
16 59 -0.0598762
16 60 -0.0326589
16 61 -0.00428752
16 62 0.0251456
16 63 0.0549742
16 64 0.0854466
16 65 0.115452
16 66 0.144621
16 67 0.171906
16 68 0.196788
16 69 0.219814
16 70 0.240033
16 71 0.256975
16 72 0.27083
16 73 0.280848
16 74 0.287706
16 75 0.290849
16 76 0.290524
16 77 0.286247
16 78 0.278569
16 79 0.266628
16 80 0.251043
16 81 0.232698
16 82 0.211562
16 83 0.187725
16 84 0.162468
16 85 0.136193
16 86 0.10871
16 87 0.0803286
16 88 0.0510147
16 89 0.0219716
16 90 -0.00704151
16 91 -0.0344305
16 92 -0.0602769
16 93 -0.0835281
16 94 -0.104055
16 95 -0.1216
16 96 -0.135507
16 97 -0.146954
16 98 -0.155093
16 99 -0.159506
16 100 -0.0198659
16 101 0

17 0 0
17 1 -0.0151946
17 2 -0.121822
17 3 -0.117661
17 4 -0.110179
17 5 -0.0988091
17 6 -0.0848426
17 7 -0.0679189
17 8 -0.0485984
17 9 -0.0261309
17 10 -0.000603294
17 11 0.0264525
17 12 0.0537153
17 13 0.0823016
17 14 0.110674
17 15 0.139302
17 16 0.165885
17 17 0.191352
17 18 0.216274
17 19 0.238169
17 20 0.259038
17 21 0.276176
17 22 0.291115
17 23 0.301899
17 24 0.309381
17 25 0.313233
17 26 0.313522
17 27 0.30943
17 28 0.302614
17 29 0.290285
17 30 0.276586
17 31 0.258429
17 32 0.238747
17 33 0.215144
17 34 0.18923
17 35 0.161163
17 36 0.132077
17 37 0.101821
17 38 0.0716978
17 39 0.0415653
17 40 0.0124666
17 41 -0.0158264
17 42 -0.043812
17 43 -0.0692358
17 44 -0.0932221
17 45 -0.113435
17 46 -0.130991
17 47 -0.14517
17 48 -0.156371
17 49 -0.163934
17 50 -0.167696
17 51 -0.168108
17 52 -0.16361
17 53 -0.155903
17 54 -0.144728
17 55 -0.130927
17 56 -0.113848
17 57 -0.0923845
17 58 -0.0693998
17 59 -0.0432972
17 60 -0.0164506
17 61 0.0119316
17 62 0.041263
17 63 0.0706176
17 64 0.101425
17 65 0.131036
17 66 0.160479
17 67 0.187948
17 68 0.21328
17 69 0.236389
17 70 0.257164
17 71 0.273677
17 72 0.288172
17 73 0.297874
17 74 0.30572
17 75 0.309005
17 76 0.309349
17 77 0.305414
17 78 0.298441
17 79 0.286786
17 80 0.272687
17 81 0.254739
17 82 0.23468
17 83 0.211714
17 84 0.187828
17 85 0.1621
17 86 0.134935
17 87 0.107522
17 88 0.0790569
17 89 0.0511896
17 90 0.0230403
17 91 -0.00369582
17 92 -0.0284367
17 93 -0.0510475
17 94 -0.0707735
17 95 -0.0877192
17 96 -0.101656
17 97 -0.112081
17 98 -0.120337
17 99 -0.12452
17 100 -0.015491
17 101 0

18 0 0
18 1 -0.0109578
18 2 -0.0881609
18 3 -0.0844007
18 4 -0.0767607
18 5 -0.0660324
18 6 -0.0528665
18 7 -0.0358033
18 8 -0.0161962
18 9 0.00593187
18 10 0.0302084
18 11 0.055884
18 12 0.0825907
18 13 0.109576
18 14 0.137247
18 15 0.164232
18 16 0.191222
18 17 0.216274
18 18 0.239428
18 19 0.261395
18 20 0.280687
18 21 0.2974
18 22 0.311061
18 23 0.321756
18 24 0.328688
18 25 0.331863
18 26 0.331237
18 27 0.327633
18 28 0.319464
18 29 0.308239
18 30 0.293361
18 31 0.27611
18 32 0.255056
18 33 0.231283
18 34 0.205143
18 35 0.176786
18 36 0.147745
18 37 0.117798
18 38 0.0876603
18 39 0.0577972
18 40 0.0285802
18 41 -0.000315098
18 42 -0.027522
18 43 -0.053622
18 44 -0.0771173
18 45 -0.0974081
18 46 -0.115357
18 47 -0.129773
18 48 -0.140211
18 49 -0.147903
18 50 -0.152127
18 51 -0.151781
18 52 -0.14793
18 53 -0.140205
18 54 -0.129226
18 55 -0.115112
18 56 -0.0978828
18 57 -0.0770501
18 58 -0.053654
18 59 -0.0283131
18 60 -0.00111217
18 61 0.0270229
18 62 0.0562158
18 63 0.08562
18 64 0.115664
18 65 0.145712
18 66 0.174858
18 67 0.201973
18 68 0.228149
18 69 0.252005
18 70 0.272823
18 71 0.290318
18 72 0.303746
18 73 0.314899
18 74 0.321932
18 75 0.32618
18 76 0.326726
18 77 0.323803
18 78 0.316551
18 79 0.306589
18 80 0.293034
18 81 0.275606
18 82 0.255567
18 83 0.234716
18 84 0.211549
18 85 0.186064
18 86 0.160023
18 87 0.132996
18 88 0.105921
18 89 0.0783556
18 90 0.0520171
18 91 0.0263288
18 92 0.00240793
18 93 -0.0196988
18 94 -0.0395708
18 95 -0.0556719
18 96 -0.0693895
18 97 -0.0796524
18 98 -0.0867513
18 99 -0.090858
18 100 -0.0113447
18 101 0

19 0 0
19 1 -0.00701014
19 2 -0.0566541
19 3 -0.0533124
19 4 -0.046198
19 5 -0.035702
19 6 -0.0221446
19 7 -0.00553534
19 8 0.0137794
19 9 0.0352503
19 10 0.0588066
19 11 0.0836148
19 12 0.109679
19 13 0.136006
19 14 0.162277
19 15 0.188886
19 16 0.214024
19 17 0.238169
19 18 0.261395
19 19 0.281745
19 20 0.300246
19 21 0.316067
19 22 0.329318
19 23 0.339146
19 24 0.344838
19 25 0.347887
19 26 0.34728
19 27 0.342821
19 28 0.335092
19 29 0.323006
19 30 0.308242
19 31 0.290236
19 32 0.269334
19 33 0.245441
19 34 0.218726
19 35 0.190588
19 36 0.161593
19 37 0.132101
19 38 0.102082
19 39 0.071953
19 40 0.0430125
19 41 0.0141055
19 42 -0.0133507
19 43 -0.0385029
19 44 -0.0619214
19 45 -0.0824391
19 46 -0.10029
19 47 -0.114834
19 48 -0.125576
19 49 -0.13277
19 50 -0.13672
19 51 -0.136512
19 52 -0.132867
19 53 -0.125461
19 54 -0.114436
19 55 -0.100657
19 56 -0.0831572
19 57 -0.0622792
19 58 -0.039637
19 59 -0.0142016
19 60 0.0124968
19 61 0.0404823
19 62 0.0696812
19 63 0.098634
19 64 0.128766
19 65 0.158227
19 66 0.186994
19 67 0.214957
19 68 0.240753
19 69 0.264881
19 70 0.286185
19 71 0.30366
19 72 0.318143
19 73 0.328758
19 74 0.336455
19 75 0.340737
19 76 0.34162
19 77 0.339155
19 78 0.33288
19 79 0.323182
19 80 0.310565
19 81 0.294829
19 82 0.276182
19 83 0.255165
19 84 0.232738
19 85 0.208591
19 86 0.18325
19 87 0.157258
19 88 0.131143
19 89 0.105229
19 90 0.0793175
19 91 0.0540868
19 92 0.030557
19 93 0.00949084
19 94 -0.0092434
19 95 -0.0262058
19 96 -0.0397924
19 97 -0.0497095
19 98 -0.0559954
19 99 -0.0594053
19 100 -0.00738677
19 101 0

20 0 0
20 1 -0.00349716
20 2 -0.0279951
20 3 -0.0244373
20 4 -0.0171473
20 5 -0.00695192
20 6 0.00604941
20 7 0.0216658
20 8 0.0406459
20 9 0.061652
20 10 0.0844156
20 11 0.108786
20 12 0.134186
20 13 0.159612
20 14 0.184741
20 15 0.210905
20 16 0.235451
20 17 0.259038
20 18 0.280687
20 19 0.300246
20 20 0.317892
20 21 0.332841
20 22 0.344815
20 23 0.353683
20 24 0.359172
20 25 0.361686
20 26 0.361102
20 27 0.35609
20 28 0.348284
20 29 0.335898
20 30 0.321072
20 31 0.302534
20 32 0.281057
20 33 0.25701
20 34 0.230287
20 35 0.202633
20 36 0.173826
20 37 0.144841
20 38 0.11477
20 39 0.0847901
20 40 0.0553245
20 41 0.026539
20 42 -0.00110449
20 43 -0.0260584
20 44 -0.0491312
20 45 -0.0696473
20 46 -0.0871411
20 47 -0.101351
20 48 -0.111845
20 49 -0.118762
20 50 -0.122257
20 51 -0.122093
20 52 -0.118555
20 53 -0.111638
20 54 -0.10122
20 55 -0.0878104
20 56 -0.0705264
20 57 -0.0503968
20 58 -0.0279329
20 59 -0.00264574
20 60 0.0241292
20 61 0.0524187
20 62 0.0814694
20 63 0.110888
20 64 0.140331
20 65 0.169618
20 66 0.197733
20 67 0.225603
20 68 0.251221
20 69 0.275577
20 70 0.296977
20 71 0.314779
20 72 0.330032
20 73 0.340825
20 74 0.34909
20 75 0.353342
20 76 0.354413
20 77 0.352048
20 78 0.346898
20 79 0.338184
20 80 0.326324
20 81 0.311183
20 82 0.29341
20 83 0.273905
20 84 0.252432
20 85 0.229448
20 86 0.204838
20 87 0.179931
20 88 0.154096
20 89 0.128785
20 90 0.103401
20 91 0.0793307
20 92 0.0564956
20 93 0.0358498
20 94 0.017648
20 95 0.00143912
20 96 -0.0113831
20 97 -0.0212508
20 98 -0.0276016
20 99 -0.0308618
20 100 -0.00384947
20 101 0

21 0 0
21 1 -0.000284045
21 2 -0.00220058
21 3 0.00122416
21 4 0.00796347
21 5 0.0180286
21 6 0.0310494
21 7 0.0466093
21 8 0.0646786
21 9 0.0850436
21 10 0.10759
21 11 0.131507
21 12 0.15572
21 13 0.180625
21 14 0.205313
21 15 0.230721
21 16 0.254101
21 17 0.276176
21 18 0.2974
21 19 0.316067
21 20 0.332841
21 21 0.346627
21 22 0.358329
21 23 0.366649
21 24 0.371543
21 25 0.373827
21 26 0.372432
21 27 0.366888
21 28 0.358592
21 29 0.345987
21 30 0.330765
21 31 0.312094
21 32 0.290843
21 33 0.266561
21 34 0.240019
21 35 0.2125
21 36 0.184148
21 37 0.155238
21 38 0.12555
21 39 0.0953798
21 40 0.0658001
21 41 0.0370169
21 42 0.0096498
21 43 -0.0151666
21 44 -0.0384591
21 45 -0.0584962
21 46 -0.0757816
21 47 -0.0894791
21 48 -0.0994726
21 49 -0.106305
21 50 -0.109624
21 51 -0.109565
21 52 -0.10592
21 53 -0.0995729
21 54 -0.0896433
21 55 -0.0765822
21 56 -0.0598985
21 57 -0.0397878
21 58 -0.0179174
21 59 0.00712339
21 60 0.033726
21 61 0.0622523
21 62 0.0916795
21 63 0.12075
21 64 0.150147
21 65 0.17869
21 66 0.206578
21 67 0.234231
21 68 0.260255
21 69 0.284208
21 70 0.305351
21 71 0.323517
21 72 0.338891
21 73 0.350259
21 74 0.358985
21 75 0.363758
21 76 0.36534
21 77 0.363472
21 78 0.358787
21 79 0.350523
21 80 0.339487
21 81 0.325291
21 82 0.308546
21 83 0.289564
21 84 0.269451
21 85 0.247531
21 86 0.22399
21 87 0.199799
21 88 0.174764
21 89 0.150056
21 90 0.125135
21 91 0.101698
21 92 0.0795682
21 93 0.0596388
21 94 0.0417778
21 95 0.0260298
21 96 0.0133233
21 97 0.00356719
21 98 -0.00259355
21 99 -0.00529828
21 100 -0.000634096
21 101 0

22 0 0
22 1 0.00256595
22 2 0.0205016
22 3 0.0233713
22 4 0.0296763
22 5 0.0399624
22 6 0.0526729
22 7 0.0679254
22 8 0.0855807
22 9 0.105618
22 10 0.12747
22 11 0.150334
22 12 0.173867
22 13 0.198096
22 14 0.222647
22 15 0.246321
22 16 0.269361
22 17 0.291115
22 18 0.311061
22 19 0.329318
22 20 0.344815
22 21 0.358329
22 22 0.368873
22 23 0.37668
22 24 0.381457
22 25 0.383283
22 26 0.381445
22 27 0.375571
22 28 0.366761
22 29 0.354539
22 30 0.33824
22 31 0.319983
22 32 0.298335
22 33 0.273667
22 34 0.247946
22 35 0.220358
22 36 0.192036
22 37 0.163291
22 38 0.133478
22 39 0.103928
22 40 0.0743132
22 41 0.0453323
22 42 0.0184332
22 43 -0.00714501
22 44 -0.0296579
22 45 -0.0489862
22 46 -0.0660437
22 47 -0.0794864
22 48 -0.0886417
22 49 -0.0951891
22 50 -0.0986462
22 51 -0.0982399
22 52 -0.095318
22 53 -0.0892065
22 54 -0.0797261
22 55 -0.0666787
22 56 -0.0507342
22 57 -0.0319219
22 58 -0.00983246
22 59 0.0144169
22 60 0.0416224
22 61 0.0703884
22 62 0.0995346
22 63 0.128699
22 64 0.157429
22 65 0.186076
22 66 0.213316
22 67 0.240245
22 68 0.267069
22 69 0.290668
22 70 0.311911
22 71 0.330594
22 72 0.345616
22 73 0.357985
22 74 0.36686
22 75 0.37206
22 76 0.373974
22 77 0.37242
22 78 0.367779
22 79 0.360987
22 80 0.349991
22 81 0.336296
22 82 0.320759
22 83 0.302942
22 84 0.28337
22 85 0.262348
22 86 0.239683
22 87 0.216484
22 88 0.192256
22 89 0.167521
22 90 0.143927
22 91 0.120945
22 92 0.0993716
22 93 0.0800553
22 94 0.0625922
22 95 0.047492
22 96 0.0348071
22 97 0.0255536
22 98 0.0197149
22 99 0.0168657
22 100 0.00211615
22 101 0

23 0 0
23 1 0.00493969
23 2 0.0394387
23 3 0.0420593
23 4 0.048069
23 5 0.0578729
23 6 0.0710311
23 7 0.0852363
23 8 0.102723
23 9 0.122244
23 10 0.142968
23 11 0.165724
23 12 0.188522
23 13 0.211774
23 14 0.235898
23 15 0.259459
23 16 0.280969
23 17 0.301899
23 18 0.321756
23 19 0.339146
23 20 0.353683
23 21 0.366649
23 22 0.37668
23 23 0.384186
23 24 0.388539
23 25 0.389342
23 26 0.387214
23 27 0.381241
23 28 0.371912
23 29 0.35923
23 30 0.343306
23 31 0.324155
23 32 0.302777
23 33 0.278816
23 34 0.252779
23 35 0.22546
23 36 0.197481
23 37 0.169228
23 38 0.139296
23 39 0.109781
23 40 0.0803472
23 41 0.0516017
23 42 0.0246649
23 43 -0.000305333
23 44 -0.0223703
23 45 -0.0416834
23 46 -0.0580573
23 47 -0.0710272
23 48 -0.0805576
23 49 -0.0865955
23 50 -0.089637
23 51 -0.0895921
23 52 -0.0867775
23 53 -0.0808802
23 54 -0.0719896
23 55 -0.0594051
23 56 -0.0437116
23 57 -0.0252721
23 58 -0.00370422
23 59 0.0202006
23 60 0.0473958
23 61 0.0759015
23 62 0.104666
23 63 0.134347
23 64 0.162688
23 65 0.190679
23 66 0.217817
23 67 0.244584
23 68 0.270365
23 69 0.294266
23 70 0.315742
23 71 0.334078
23 72 0.350005
23 73 0.362763
23 74 0.371755
23 75 0.377185
23 76 0.379684
23 77 0.378394
23 78 0.374372
23 79 0.367656
23 80 0.357654
23 81 0.345139
23 82 0.329673
23 83 0.31266
23 84 0.294206
23 85 0.273918
23 86 0.251867
23 87 0.229226
23 88 0.205832
23 89 0.182277
23 90 0.158865
23 91 0.136798
23 92 0.115607
23 93 0.0968212
23 94 0.0799501
23 95 0.0648235
23 96 0.0531802
23 97 0.0439198
23 98 0.0384452
23 99 0.0353603
23 100 0.00438316
23 101 0

24 0 0
24 1 0.00674838
24 2 0.0542127
24 3 0.0570306
24 4 0.0630169
24 5 0.0727958
24 6 0.085029
24 7 0.0989367
24 8 0.116045
24 9 0.135026
24 10 0.154934
24 11 0.176695
24 12 0.199262
24 13 0.222119
24 14 0.245263
24 15 0.268261
24 16 0.289076
24 17 0.309381
24 18 0.328688
24 19 0.344838
24 20 0.359172
24 21 0.371543
24 22 0.381457
24 23 0.388539
24 24 0.392307
24 25 0.39296
24 26 0.389998
24 27 0.383674
24 28 0.374268
24 29 0.361158
24 30 0.345028
24 31 0.32584
24 32 0.304478
24 33 0.280912
24 34 0.255465
24 35 0.228029
24 36 0.200198
24 37 0.172001
24 38 0.142653
24 39 0.113327
24 40 0.0842104
24 41 0.0561851
24 42 0.0292132
24 43 0.00467818
24 44 -0.0171549
24 45 -0.0363408
24 46 -0.0522565
24 47 -0.0649607
24 48 -0.0746531
24 49 -0.0809204
24 50 -0.0837957
24 51 -0.0840051
24 52 -0.0810951
24 53 -0.0752099
24 54 -0.066432
24 55 -0.0540955
24 56 -0.0385549
24 57 -0.0204743
24 58 0.000697991
24 59 0.0245069
24 60 0.0510704
24 61 0.079137
24 62 0.107502
24 63 0.136716
24 64 0.165126
24 65 0.19276
24 66 0.219774
24 67 0.2463
24 68 0.271886
24 69 0.295623
24 70 0.316924
24 71 0.335297
24 72 0.351642
24 73 0.364473
24 74 0.373486
24 75 0.379563
24 76 0.382576
24 77 0.381694
24 78 0.377829
24 79 0.371575
24 80 0.361842
24 81 0.349563
24 82 0.33562
24 83 0.319016
24 84 0.301463
24 85 0.281998
24 86 0.260408
24 87 0.238876
24 88 0.215673
24 89 0.191949
24 90 0.169997
24 91 0.149282
24 92 0.128394
24 93 0.110018
24 94 0.0936895
24 95 0.0787538
24 96 0.0674928
24 97 0.0587532
24 98 0.0528954
24 99 0.0498997
24 100 0.00620712
24 101 0

25 0 0
25 1 0.00802551
25 2 0.0646643
25 3 0.0677587
25 4 0.0736789
25 5 0.0828106
25 6 0.0945563
25 7 0.108485
25 8 0.125465
25 9 0.143586
25 10 0.163078
25 11 0.184391
25 12 0.206093
25 13 0.228398
25 14 0.250925
25 15 0.272884
25 16 0.293677
25 17 0.313233
25 18 0.331863
25 19 0.347887
25 20 0.361686
25 21 0.373827
25 22 0.383283
25 23 0.389342
25 24 0.39296
25 25 0.392835
25 26 0.389684
25 27 0.383065
25 28 0.373693
25 29 0.360622
25 30 0.344232
25 31 0.324768
25 32 0.303796
25 33 0.28041
25 34 0.25513
25 35 0.228198
25 36 0.200254
25 37 0.172053
25 38 0.143362
25 39 0.114485
25 40 0.0856807
25 41 0.0580139
25 42 0.0317445
25 43 0.00727707
25 44 -0.0145243
25 45 -0.0332339
25 46 -0.0492847
25 47 -0.0619469
25 48 -0.0711302
25 49 -0.0769219
25 50 -0.0798565
25 51 -0.0798408
25 52 -0.077122
25 53 -0.0719424
25 54 -0.0633723
25 55 -0.0509854
25 56 -0.0360867
25 57 -0.0181377
25 58 0.00291077
25 59 0.0262562
25 60 0.0524191
25 61 0.0800147
25 62 0.107797
25 63 0.13658
25 64 0.165062
25 65 0.192714
25 66 0.219315
25 67 0.245539
25 68 0.271127
25 69 0.294268
25 70 0.315304
25 71 0.334098
25 72 0.350653
25 73 0.36337
25 74 0.372645
25 75 0.378689
25 76 0.382297
25 77 0.381653
25 78 0.378399
25 79 0.372262
25 80 0.36321
25 81 0.351689
25 82 0.33808
25 83 0.322282
25 84 0.30517
25 85 0.285987
25 86 0.265661
25 87 0.244495
25 88 0.221742
25 89 0.198967
25 90 0.177727
25 91 0.157483
25 92 0.137529
25 93 0.119358
25 94 0.103284
25 95 0.0889486
25 96 0.0774839
25 97 0.0690702
25 98 0.0635053
25 99 0.0601282
25 100 0.00746455
25 101 0

26 0 0
26 1 0.00876836
26 2 0.070728
26 3 0.0739831
26 4 0.0801803
26 5 0.0887524
26 6 0.100229
26 7 0.114371
26 8 0.130734
26 9 0.148294
26 10 0.167134
26 11 0.187874
26 12 0.209152
26 13 0.230482
26 14 0.252134
26 15 0.273899
26 16 0.294002
26 17 0.313522
26 18 0.331237
26 19 0.34728
26 20 0.361102
26 21 0.372432
26 22 0.381445
26 23 0.387214
26 24 0.389998
26 25 0.389684
26 26 0.38624
26 27 0.379302
26 28 0.370005
26 29 0.356965
26 30 0.340737
