0 0 0
0 1 0
0 2 0
0 3 0
0 4 0
0 5 0
0 6 0
0 7 0
0 8 0
0 9 0
0 10 0
0 11 0
0 12 0
0 13 0
0 14 0
0 15 0
0 16 0
0 17 0
0 18 0
0 19 0
0 20 0
0 21 0
0 22 0
0 23 0
0 24 0
0 25 0
0 26 0
0 27 0
0 28 0
0 29 0
0 30 0
0 31 0
0 32 0
0 33 0
0 34 0
0 35 0
0 36 0
0 37 0
0 38 0
0 39 0
0 40 0
0 41 0
0 42 0
0 43 0
0 44 0
0 45 0
0 46 0
0 47 0
0 48 0
0 49 0
0 50 0
0 51 0
0 52 0
0 53 0
0 54 0
0 55 0
0 56 0
0 57 0
0 58 0
0 59 0
0 60 0
0 61 0
0 62 0
0 63 0
0 64 0
0 65 0
0 66 0
0 67 0
0 68 0
0 69 0
0 70 0
0 71 0
0 72 0
0 73 0
0 74 0
0 75 0
0 76 0
0 77 0
0 78 0
0 79 0
0 80 0
0 81 0
0 82 0
0 83 0
0 84 0
0 85 0
0 86 0
0 87 0
0 88 0
0 89 0
0 90 0
0 91 0
0 92 0
0 93 0
0 94 0
0 95 0
0 96 0
0 97 0
0 98 0
0 99 0
0 100 0
0 101 0
0 102 0
0 103 0
0 104 0
0 105 0
0 106 0
0 107 0
0 108 0
0 109 0
0 110 0
0 111 0
0 112 0
0 113 0
0 114 0
0 115 0
0 116 0
0 117 0
0 118 0
0 119 0

1 0 0
1 1 -0.0219984
1 2 -0.0189049
1 3 -0.01112
1 4 -0.00292217
1 5 0.00598078
1 6 0.014265
1 7 0.0183754
1 8 0.0202741
1 9 0.0179381
1 10 0.0118137
1 11 0.00468322
1 12 -0.0042513
1 13 -0.0116151
1 14 -0.0169357
1 15 -0.019705
1 16 -0.0182764
1 17 -0.0146331
1 18 -0.00806142
1 19 -0.000376557
1 20 0.00723348
1 21 0.0140055
1 22 0.0187614
1 23 0.0220815
1 24 0.0222697
1 25 0.0211802
1 26 0.0185379
1 27 0.0144078
1 28 0.0100471
1 29 0.00494799
1 30 -0.00025192
1 31 -0.00614829
1 32 -0.011475
1 33 -0.0172702
1 34 -0.0226039
1 35 -0.0268016
1 36 -0.0297592
1 37 -0.0310621
1 38 -0.0304631
1 39 -0.0273843
1 40 -0.023344
1 41 -0.0180969
1 42 -0.0126711
1 43 -0.00738921
1 44 -0.00379442
1 45 -0.00114752
1 46 0.000625704
1 47 0.00219635
1 48 0.00376424
1 49 0.00655996
1 50 0.0107078
1 51 0.0153027
1 52 0.0189751
1 53 0.0211826
1 54 0.0221417
1 55 0.0219595
1 56 0.0209991
1 57 0.0195833
1 58 0.0185551
1 59 0.0181731
1 60 0.0188109
1 61 0.020103
1 62 0.0218206
1 63 0.023105
1 64 0.0236839
1 65 0.0231512
1 66 0.0214694
1 67 0.0183466
1 68 0.0144129
1 69 0.0109232
1 70 0.00888497
1 71 0.00801634
1 72 0.00719756
1 73 0.00603084
1 74 0.00395486
1 75 0.000673722
1 76 -0.00445703
1 77 -0.0101009
1 78 -0.015875
1 79 -0.0208767
1 80 -0.0253516
1 81 -0.0277369
1 82 -0.0287006
1 83 -0.0281906
1 84 -0.0268204
1 85 -0.0241137
1 86 -0.0210334
1 87 -0.0177526
1 88 -0.0135187
1 89 -0.00894848
1 90 -0.00355714
1 91 0.00215272
1 92 0.00892324
1 93 0.0148151
1 94 0.020326
1 95 0.0243763
1 96 0.0256215
1 97 0.0245065
1 98 0.0202738
1 99 0.0139919
1 100 0.0052848
1 101 -0.0032966
1 102 -0.0112308
1 103 -0.017514
1 104 -0.0199709
1 105 -0.0199669
1 106 -0.0157197
1 107 -0.0091008
1 108 -0.00124584
1 109 0.00774834
1 110 0.0141349
1 111 0.018689
1 112 0.0198915
1 113 0.0167511
1 114 0.0115777
1 115 0.00341493
1 116 -0.00540504
1 117 -0.0129364
1 118 -0.019266
1 119 0

2 0 0
2 1 -0.0189049
2 2 -0.0139768
2 3 -0.00648744
2 4 0.00163574
2 5 0.00966341
2 6 0.0152811
2 7 0.0178176
2 8 0.0173165
2 9 0.013078
2 10 0.00703895
2 11 -0.00028847
2 12 -0.00760502
2 13 -0.0130346
2 14 -0.0163095
2 15 -0.0163257
2 16 -0.01359
2 17 -0.00797938
2 18 -0.0011155
2 19 0.00596908
2 20 0.0133028
2 21 0.0178487
2 22 0.02052
2 23 0.0208027
2 24 0.0183827
2 25 0.0144804
2 26 0.00927772
2 27 0.00398538
2 28 -0.00167747
2 29 -0.00591378
2 30 -0.00998773
2 31 -0.0134692
2 32 -0.0159733
2 33 -0.0183985
2 34 -0.0203699
2 35 -0.0220687
2 36 -0.0221989
2 37 -0.0221486
2 38 -0.0202644
2 39 -0.0170414
2 40 -0.0124181
2 41 -0.00763343
2 42 -0.00246477
2 43 0.00236044
2 44 0.00555213
2 45 0.00739821
2 46 0.00814175
2 47 0.00900894
2 48 0.00939298
2 49 0.0109674
2 50 0.0131786
2 51 0.0163299
2 52 0.0179841
2 53 0.0188762
2 54 0.0185469
2 55 0.0186307
2 56 0.0178561
2 57 0.0170861
2 58 0.0156514
2 59 0.0153966
2 60 0.0156707
2 61 0.0171317
2 62 0.01796
2 63 0.0188154
2 64 0.0188727
2 65 0.0193853
2 66 0.0187551
2 67 0.0174296
2 68 0.0146865
2 69 0.0129776
2 70 0.0119572
2 71 0.0122453
2 72 0.0120341
2 73 0.0120747
2 74 0.0108812
2 75 0.00845312
2 76 0.00410229
2 77 -0.000537638
2 78 -0.00525528
2 79 -0.0098569
2 80 -0.0136512
2 81 -0.0162801
2 82 -0.0176783
2 83 -0.019186
2 84 -0.0195394
2 85 -0.0199504
2 86 -0.0199061
2 87 -0.0200056
2 88 -0.0185603
2 89 -0.0164502
2 90 -0.013103
2 91 -0.00782129
2 92 -0.00167149
2 93 0.00529822
2 94 0.0118184
2 95 0.0178521
2 96 0.0211595
2 97 0.0225894
2 98 0.0211745
2 99 0.0164404
2 100 0.0105285
2 101 0.00319563
2 102 -0.0040016
2 103 -0.0102739
2 104 -0.0141183
2 105 -0.0155297
2 106 -0.014364
2 107 -0.010038
2 108 -0.00472808
2 109 0.00197534
2 110 0.00838105
2 111 0.0129656
2 112 0.0160262
2 113 0.0155492
2 114 0.0125346
2 115 0.0072595
2 116 -0.000131139
2 117 -0.00706079
2 118 -0.0133828
2 119 0

3 0 0
3 1 -0.01112
3 2 -0.00648744
3 3 0.000628758
3 4 0.00560632
3 5 0.00948987
3 6 0.0125589
3 7 0.0117142
3 8 0.0100395
3 9 0.00649364
3 10 0.000870628
3 11 -0.00363703
3 12 -0.008121
3 13 -0.0109202
3 14 -0.0111373
3 15 -0.00945394
3 16 -0.00523374
3 17 0.000265633
3 18 0.00660293
3 19 0.0122576
3 20 0.016442
3 21 0.0186556
3 22 0.0177581
3 23 0.0150545
3 24 0.00983004
3 25 0.00322643
3 26 -0.00297605
3 27 -0.00912546
3 28 -0.013811
3 29 -0.0166845
3 30 -0.0176845
3 31 -0.0175977
3 32 -0.0162977
3 33 -0.0141218
3 34 -0.0125441
3 35 -0.0106599
3 36 -0.0087853
3 37 -0.00686851
3 38 -0.00494102
3 39 -0.00202804
3 40 0.00157147
3 41 0.00492293
3 42 0.00841151
3 43 0.0113284
3 44 0.0131973
3 45 0.0130771
3 46 0.0124368
3 47 0.0114339
3 48 0.0106649
3 49 0.00999659
3 50 0.0102756
3 51 0.0107795
3 52 0.0106402
3 53 0.00950479
3 54 0.00839634
3 55 0.00804127
3 56 0.00791583
3 57 0.00729021
3 58 0.00612222
3 59 0.00552716
3 60 0.00588696
3 61 0.00683385
3 62 0.00723158
3 63 0.00717363
3 64 0.00733448
3 65 0.00832869
3 66 0.00934043
3 67 0.00947698
3 68 0.00897013
3 69 0.00885055
3 70 0.00969633
3 71 0.0108352
3 72 0.0122518
3 73 0.0134974
3 74 0.0142935
3 75 0.0132369
3 76 0.0112183
3 77 0.00863579
3 78 0.00626171
3 79 0.00344879
3 80 0.00132678
3 81 -0.000226744
3 82 -0.00189678
3 83 -0.00410741
3 84 -0.00663452
3 85 -0.0094317
3 86 -0.0132924
3 87 -0.0165996
3 88 -0.0191675
3 89 -0.020507
3 90 -0.0201639
3 91 -0.0173794
3 92 -0.0127143
3 93 -0.00711663
3 94 -3.11458e-07
3 95 0.00647548
3 96 0.0118179
3 97 0.0156634
3 98 0.0171164
3 99 0.016457
3 100 0.0135556
3 101 0.0094777
3 102 0.00423903
3 103 -0.000607483
3 104 -0.00456818
3 105 -0.0078749
3 106 -0.00840752
3 107 -0.00806707
3 108 -0.00611705
3 109 -0.00205922
3 110 0.000990294
3 111 0.00491703
3 112 0.00814195
3 113 0.0092049
3 114 0.0101442
3 115 0.00836367
3 116 0.00496319
3 117 0.00101135
3 118 -0.00492358
3 119 0

4 0 0
4 1 -0.00292217
4 2 0.00163574
4 3 0.00560632
4 4 0.00758691
4 5 0.00846968
4 6 0.00718248
4 7 0.00466398
4 8 0.00153224
4 9 -0.00228924
4 10 -0.00490827
4 11 -0.00708001
4 12 -0.00744386
4 13 -0.0058151
4 14 -0.00333011
4 15 0.00123728
4 16 0.00561494
4 17 0.0102561
4 18 0.0142947
4 19 0.0160127
4 20 0.0167926
4 21 0.0145264
4 22 0.0102713
4 23 0.00450036
4 24 -0.0025822
4 25 -0.00970542
4 26 -0.0162687
4 27 -0.0205881
4 28 -0.023476
4 29 -0.0232234
4 30 -0.0206643
4 31 -0.0166031
4 32 -0.0111417
4 33 -0.00540206
4 34 -3.48808e-05
4 35 0.00387326
4 36 0.00747221
4 37 0.00957186
4 38 0.010996
4 39 0.0120765
4 40 0.0135138
4 41 0.0144649
4 42 0.0150959
4 43 0.0155812
4 44 0.0150718
4 45 0.0133411
4 46 0.0106949
4 47 0.00845262
4 48 0.00607514
4 49 0.00402124
4 50 0.00193428
4 51 0.000405168
4 52 -0.00182902
4 53 -0.00410522
4 54 -0.00607466
4 55 -0.00629953
4 56 -0.00608513
4 57 -0.00600819
4 58 -0.00695979
4 59 -0.00738873
4 60 -0.00733965
4 61 -0.00677386
4 62 -0.00723979
4 63 -0.00785719
4 64 -0.00803735
4 65 -0.0064836
4 66 -0.00461544
4 67 -0.00277776
4 68 -0.00161609
4 69 0.00016187
4 70 0.00196939
4 71 0.00423212
4 72 0.00646274
4 73 0.00932123
4 74 0.0114011
4 75 0.0125746
4 76 0.0128939
4 77 0.0134374
4 78 0.0137469
4 79 0.0139117
4 80 0.0143874
4 81 0.0147068
4 82 0.0141026
4 83 0.0118922
4 84 0.00890724
4 85 0.00396662
4 86 -0.00194119
4 87 -0.00842672
4 88 -0.0140352
4 89 -0.0191287
4 90 -0.0221164
4 91 -0.0226531
4 92 -0.0214721
4 93 -0.017945
4 94 -0.0131411
4 95 -0.00722363
4 96 -0.00175755
4 97 0.0040651
4 98 0.00855736
4 99 0.0115543
4 100 0.0138801
4 101 0.0138749
4 102 0.0131051
4 103 0.0106847
4 104 0.00737888
4 105 0.00367659
4 106 -0.000504346
4 107 -0.00355616
4 108 -0.00619472
4 109 -0.00692961
4 110 -0.0063508
4 111 -0.00450744
4 112 -0.000790505
4 113 0.00225447
4 114 0.00583146
4 115 0.00820252
4 116 0.00808173
4 117 0.00744423
4 118 0.00384613
4 119 0

5 0 0
5 1 0.00598078
5 2 0.00966341
5 3 0.00948987
5 4 0.00846968
5 5 0.00526148
5 6 2.43813e-06
5 7 -0.00373621
5 8 -0.00795393
5 9 -0.0101173
5 10 -0.00934071
5 11 -0.00780097
5 12 -0.00331844
5 13 0.00152059
5 14 0.00667361
5 15 0.0120759
5 16 0.0151633
5 17 0.0178148
5 18 0.0178721
5 19 0.0158166
5 20 0.0125176
5 21 0.00700284
5 22 0.00069165
5 23 -0.00688031
5 24 -0.0136349
5 25 -0.0201127
5 26 -0.025072
5 27 -0.0271669
5 28 -0.0274566
5 29 -0.0243532
5 30 -0.0190706
5 31 -0.0117667
5 32 -0.00389132
5 33 0.00431336
5 34 0.0115319
5 35 0.0166082
5 36 0.0202952
5 37 0.0218512
5 38 0.0219142
5 39 0.0206553
5 40 0.0194993
5 41 0.0177511
5 42 0.0157823
5 43 0.0137095
5 44 0.0114934
5 45 0.00851773
5 46 0.00508115
5 47 0.00205161
5 48 -0.000736585
5 49 -0.0036536
5 50 -0.00697765
5 51 -0.0102255
5 52 -0.0135763
5 53 -0.0165453
5 54 -0.0184718
5 55 -0.0185004
5 56 -0.0175294
5 57 -0.0167463
5 58 -0.0169078
5 59 -0.017183
5 60 -0.0172748
5 61 -0.0174938
5 62 -0.0186788
5 63 -0.0200891
5 64 -0.0205365
5 65 -0.0191364
5 66 -0.0167339
5 67 -0.0139922
5 68 -0.0113777
5 69 -0.00869121
5 70 -0.0063958
5 71 -0.00415425
5 72 -0.00158998
5 73 0.00157712
5 74 0.00444675
5 75 0.00689967
5 76 0.00944963
5 77 0.0123696
5 78 0.0153469
5 79 0.0182505
5 80 0.0214953
5 81 0.0238087
5 82 0.0247269
5 83 0.0235433
5 84 0.020836
5 85 0.0154499
5 86 0.00867008
5 87 0.00108894
5 88 -0.00656073
5 89 -0.0136207
5 90 -0.0192465
5 91 -0.0225831
5 92 -0.0247567
5 93 -0.0241253
5 94 -0.0222256
5 95 -0.0187539
5 96 -0.0139788
5 97 -0.00835082
5 98 -0.00208709
5 99 0.00363109
5 100 0.0101282
5 101 0.0146507
5 102 0.0179373
5 103 0.0195036
5 104 0.0178804
5 105 0.0150116
5 106 0.00924404
5 107 0.00299352
5 108 -0.00326914
5 109 -0.00930649
5 110 -0.0118661
5 111 -0.0127168
5 112 -0.0104966
5 113 -0.00543822
5 114 -0.000207705
5 115 0.0059548
5 116 0.0104713
5 117 0.0123587
5 118 0.0121526
5 119 0

6 0 0
6 1 0.014265
6 2 0.0152811
6 3 0.0125589
6 4 0.00718248
6 5 2.43813e-06
6 6 -0.00691795
6 7 -0.0122261
6 8 -0.0151759
6 9 -0.0144427
6 10 -0.0110128
6 11 -0.00522148
6 12 0.00225461
6 13 0.00938631
6 14 0.0156132
6 15 0.0198992
6 16 0.021583
6 17 0.0204535
6 18 0.0172615
6 19 0.0120991
6 20 0.00503425
6 21 -0.00184977
6 22 -0.00917088
6 23 -0.0159728
6 24 -0.0213474
6 25 -0.0255981
6 26 -0.0276392
6 27 -0.0274902
6 28 -0.0247176
6 29 -0.0201191
6 30 -0.0129822
6 31 -0.00458709
6 32 0.00390968
6 33 0.0123869
6 34 0.0192951
6 35 0.0241464
6 36 0.0262119
6 37 0.0266098
6 38 0.0244659
6 39 0.0211025
6 40 0.0171909
6 41 0.0133955
6 42 0.00943825
6 43 0.00578419
6 44 0.00287603
6 45 -9.66654e-05
6 46 -0.00282577
6 47 -0.00540369
6 48 -0.00723057
6 49 -0.00991508
6 50 -0.0131464
6 51 -0.0172304
6 52 -0.0206075
6 53 -0.0235254
6 54 -0.0245403
6 55 -0.0240984
6 56 -0.0220297
6 57 -0.0204436
6 58 -0.0193802
6 59 -0.0194261
6 60 -0.0195577
6 61 -0.0208115
6 62 -0.0226287
6 63 -0.0249664
6 64 -0.0257527
6 65 -0.0251423
6 66 -0.0227236
6 67 -0.0199211
6 68 -0.016499
6 69 -0.0140055
6 70 -0.0120973
6 71 -0.0110982
6 72 -0.00928389
6 73 -0.00731202
6 74 -0.00487255
6 75 -0.00239893
6 76 0.00124235
6 77 0.00539735
6 78 0.00999562
6 79 0.0150144
6 80 0.0201721
6 81 0.024432
6 82 0.0267144
6 83 0.0275309
6 84 0.0257282
6 85 0.0217816
6 86 0.01579
6 87 0.00927798
6 88 0.00169389
6 89 -0.00553123
6 90 -0.0118071
6 91 -0.0173213
6 92 -0.0215797
6 93 -0.024436
6 94 -0.0254605
6 95 -0.0253741
6 96 -0.0227942
6 97 -0.0186534
6 98 -0.0127448
6 99 -0.00478825
6 100 0.00349297
6 101 0.0116558
6 102 0.0186633
6 103 0.023538
6 104 0.0247876
6 105 0.0228582
6 106 0.0177289
6 107 0.00956152
6 108 0.000947797
6 109 -0.00766349
6 110 -0.0143771
6 111 -0.0174802
6 112 -0.0172832
6 113 -0.0129996
6 114 -0.00593569
6 115 0.00219909
6 116 0.0101703
6 117 0.0156909
6 118 0.0177515
6 119 0

7 0 0
7 1 0.0183754
7 2 0.0178176
7 3 0.0117142
7 4 0.00466398
7 5 -0.00373621
7 6 -0.0122261
7 7 -0.0165767
7 8 -0.0186243
7 9 -0.0162468
7 10 -0.00962208
7 11 -0.00175352
7 12 0.0078633
7 13 0.0160983
7 14 0.0218649
7 15 0.02468
7 16 0.0233653
7 17 0.0191871
7 18 0.0122461
7 19 0.00430686
7 20 -0.00405249
7 21 -0.0115073
7 22 -0.0172287
7 23 -0.0219068
7 24 -0.0237987
7 25 -0.0242823
7 26 -0.0232477
7 27 -0.0202708
7 28 -0.0160138
7 29 -0.0105668
7 30 -0.00421229
7 31 0.00319534
7 32 0.00986983
7 33 0.0160999
7 34 0.0210225
7 35 0.0236417
7 36 0.0237861
7 37 0.0219505
7 38 0.0183418
7 39 0.0130152
7 40 0.00765669
7 41 0.00261897
7 42 -0.0018104
7 43 -0.00564125
7 44 -0.00789755
7 45 -0.00924609
7 46 -0.00999667
7 47 -0.0104261
7 48 -0.010473
7 49 -0.0114227
7 50 -0.0138865
7 51 -0.0173765
7 52 -0.0204041
7 53 -0.0221434
7 54 -0.0221866
7 55 -0.0205657
7 56 -0.0177619
7 57 -0.0148696
7 58 -0.0128733
7 59 -0.0121536
7 60 -0.0127523
7 61 -0.01464
7 62 -0.0174602
7 63 -0.0202294
7 64 -0.0218896
7 65 -0.0219487
7 66 -0.020422
7 67 -0.0176923
7 68 -0.0146397
7 69 -0.0127094
7 70 -0.0124433
7 71 -0.0131609
7 72 -0.0136203
7 73 -0.0137821
7 74 -0.0133902
7 75 -0.0120024
7 76 -0.00893964
7 77 -0.00503044
7 78 -0.000215092
7 79 0.00533843
7 80 0.0113609
7 81 0.0161842
7 82 0.0198573
7 83 0.0220009
7 84 0.0222244
7 85 0.0202801
7 86 0.0172386
7 87 0.0133484
7 88 0.00832238
7 89 0.00335833
7 90 -0.00181351
7 91 -0.00710688
7 92 -0.0127036
7 93 -0.017426
7 94 -0.0220157
7 95 -0.025409
7 96 -0.0262944
7 97 -0.0252226
7 98 -0.0209634
7 99 -0.0140874
7 100 -0.00480914
7 101 0.00519701
7 102 0.0149841
7 103 0.0228489
7 104 0.0267777
7 105 0.0274157
7 106 0.0228512
7 107 0.0151374
7 108 0.00562736
7 109 -0.00534789
7 110 -0.0133011
7 111 -0.0187178
7 112 -0.0201326
7 113 -0.0162244
7 114 -0.0100706
7 115 -0.000980613
7 116 0.00825735
7 117 0.0150044
7 118 0.0197493
7 119 0

8 0 0
8 1 0.0202741
8 2 0.0173165
8 3 0.0100395
8 4 0.00153224
8 5 -0.00795393
8 6 -0.0151759
8 7 -0.0186243
8 8 -0.018339
8 9 -0.0131086
8 10 -0.00525911
8 11 0.004511
8 12 0.0138823
8 13 0.0204886
8 14 0.0242794
8 15 0.0232741
8 16 0.0190942
8 17 0.0117736
8 18 0.00273253
8 19 -0.00548042
8 20 -0.013516
8 21 -0.018367
8 22 -0.0209218
8 23 -0.0213485
8 24 -0.0191785
8 25 -0.0160815
8 26 -0.0119972
8 27 -0.0080902
8 28 -0.00353003
8 29 0.000177445
8 30 0.00393705
8 31 0.00788521
8 32 0.0108716
8 33 0.0134913
8 34 0.0149791
8 35 0.0153359
8 36 0.0132723
8 37 0.0102904
8 38 0.00580095
8 39 0.000387725
8 40 -0.00517143
8 41 -0.00967787
8 42 -0.0131609
8 43 -0.0155675
8 44 -0.0158689
8 45 -0.0145731
8 46 -0.0121628
8 47 -0.0097662
8 48 -0.00718486
8 49 -0.00616873
8 50 -0.0070138
8 51 -0.00968668
8 52 -0.0116817
8 53 -0.0124065
8 54 -0.0110993
8 55 -0.008721
8 56 -0.0050289
8 57 -0.00137003
8 58 0.00178226
8 59 0.00288541
8 60 0.00217298
8 61 -0.000593057
8 62 -0.00388659
8 63 -0.0072303
8 64 -0.00930638
8 65 -0.0103506
8 66 -0.00944071
8 67 -0.00733561
8 68 -0.00466716
8 69 -0.0039493
8 70 -0.00523902
8 71 -0.00826736
8 72 -0.0112661
8 73 -0.0144866
8 74 -0.0167064
8 75 -0.0175294
8 76 -0.0162426
8 77 -0.0140039
8 78 -0.0105305
8 79 -0.00597515
8 80 -0.00108956
8 81 0.00310961
8 82 0.00650944
8 83 0.0094228
8 84 0.0106762
8 85 0.0113095
8 86 0.0112938
8 87 0.0112892
8 88 0.010154
8 89 0.00920371
8 90 0.00728988
8 91 0.00396772
8 92 -0.00032751
8 93 -0.00586813
8 94 -0.0119133
8 95 -0.0182597
8 96 -0.0224167
8 97 -0.0251718
8 98 -0.0244582
8 99 -0.0200368
8 100 -0.0132186
8 101 -0.00352373
8 102 0.006323
8 103 0.0157146
8 104 0.0222607
8 105 0.0252505
8 106 0.02423
8 107 0.0185009
8 108 0.0106229
8 109 0.000545133
8 110 -0.00851314
8 111 -0.0150427
8 112 -0.0188281
8 113 -0.017029
8 114 -0.01235
8 115 -0.00455107
8 116 0.00523425
8 117 0.0124847
8 118 0.0183627
8 119 0

9 0 0
9 1 0.0179381
9 2 0.013078
9 3 0.00649364
9 4 -0.00228924
9 5 -0.0101173
9 6 -0.0144427
9 7 -0.0162468
9 8 -0.0131086
9 9 -0.00665668
9 10 0.00115133
9 11 0.0102727
9 12 0.0169642
9 13 0.0212406
9 14 0.0215518
9 15 0.0173281
9 16 0.0110476
9 17 0.00156614
9 18 -0.00741484
9 19 -0.0147605
9 20 -0.0204782
9 21 -0.0220622
9 22 -0.0207864
9 23 -0.0164159
9 24 -0.01078
9 25 -0.00428178
9 26 0.00169334
9 27 0.00585686
9 28 0.00928456
9 29 0.0102133
9 30 0.010295
9 31 0.0095361
9 32 0.00826816
9 33 0.00653638
9 34 0.00461536
9 35 0.00262229
9 36 -0.000750412
9 37 -0.00421855
9 38 -0.00834612
9 39 -0.0126507
9 40 -0.0170118
9 41 -0.0199205
9 42 -0.0214605
9 43 -0.0215223
9 44 -0.0193577
9 45 -0.0150363
9 46 -0.00942047
9 47 -0.00398896
9 48 0.000915236
9 49 0.00388244
9 50 0.00440358
9 51 0.00280219
9 52 0.00153806
9 53 0.00178617
9 54 0.00386696
9 55 0.00689511
9 56 0.0108684
9 57 0.0151539
9 58 0.0189061
9 59 0.0204812
9 60 0.0194461
9 61 0.0162425
9 62 0.0125053
9 63 0.0091014
9 64 0.00663341
9 65 0.00513175
9 66 0.0054291
9 67 0.00723102
9 68 0.00929232
9 69 0.00916497
9 70 0.00645241
9 71 0.001646
9 72 -0.00389088
9 73 -0.00987888
9 74 -0.0148132
9 75 -0.0179538
9 76 -0.0190793
9 77 -0.019118
9 78 -0.0178658
9 79 -0.0154498
9 80 -0.0129246
9 81 -0.0105884
9 82 -0.00844837
9 83 -0.00598821
9 84 -0.00422312
9 85 -0.00166658
9 86 0.00136659
9 87 0.00502599
9 88 0.0084855
9 89 0.0119289
9 90 0.014222
9 91 0.0139678
9 92 0.0120964
9 93 0.00714744
9 94 0.000599449
9 95 -0.00719989
9 96 -0.0144807
9 97 -0.0204069
9 98 -0.0235731
9 99 -0.0225071
9 100 -0.0192811
9 101 -0.0120576
9 102 -0.00328051
9 103 0.00538683
9 104 0.0134839
9 105 0.0182494
9 106 0.0203602
9 107 0.0182559
9 108 0.0133154
9 109 0.00677624
9 110 -0.00144055
9 111 -0.00775961
9 112 -0.0122773
9 113 -0.0137856
9 114 -0.0111692
9 115 -0.00645557
9 116 0.000540096
9 117 0.00773892
9 118 0.0130114
9 119 0

10 0 0
10 1 0.0118137
10 2 0.00703895
10 3 0.000870628
10 4 -0.00490827
10 5 -0.00934071
10 6 -0.0110128
10 7 -0.00962208
10 8 -0.00525911
10 9 0.00115133
10 10 0.00811558
10 11 0.0144692
10 12 0.0180414
10 13 0.0183843
10 14 0.0153006
10 15 0.00843594
10 16 -3.20359e-05
10 17 -0.00908701
10 18 -0.0173583
10 19 -0.0224822
10 20 -0.0241367
10 21 -0.022006
10 22 -0.0162123
10 23 -0.0082718
10 24 0.000503632
10 25 0.00889177
10 26 0.0151386
10 27 0.0183738
10 28 0.0188808
10 29 0.0166365
10 30 0.0120822
10 31 0.00682033
10 32 0.00144705
10 33 -0.00376833
10 34 -0.00794952
10 35 -0.0111634
10 36 -0.014
10 37 -0.0166258
10 38 -0.0186322
10 39 -0.0206509
10 40 -0.0224397
10 41 -0.0231327
10 42 -0.0222767
10 43 -0.0199171
10 44 -0.0156064
10 45 -0.00890871
10 46 -0.0010703
10 47 0.00651778
10 48 0.012573
10 49 0.0165365
10 50 0.0174957
10 51 0.0164337
10 52 0.0151782
10 53 0.0156899
10 54 0.0177084
10 55 0.0207699
10 56 0.0244033
10 57 0.0287686
10 58 0.0325976
10 59 0.0343962
10 60 0.0330664
10 61 0.0297198
10 62 0.0258728
10 63 0.0227952
10 64 0.0203511
10 65 0.018999
10 66 0.0192196
10 67 0.0212459
10 68 0.0231141
10 69 0.0229569
10 70 0.0197545
10 71 0.0143747
10 72 0.00729619
10 73 -0.000233476
10 74 -0.00694564
10 75 -0.011595
10 76 -0.014761
10 77 -0.0168285
10 78 -0.0178714
10 79 -0.0181931
10 80 -0.0186923
10 81 -0.0193756
10 82 -0.0195045
10 83 -0.0192112
10 84 -0.0180808
10 85 -0.0152986
10 86 -0.0104952
10 87 -0.00448802
10 88 0.00263416
10 89 0.0100913
10 90 0.0161488
10 91 0.0199606
10 92 0.0210469
10 93 0.0186385
10 94 0.0129433
10 95 0.00535858
10 96 -0.00326081
10 97 -0.0116406
10 98 -0.0179265
10 99 -0.0216184
10 100 -0.0220555
10 101 -0.0188172
10 102 -0.0133551
10 103 -0.00622728
10 104 0.0015658
10 105 0.0081274
10 106 0.0128706
10 107 0.0151593
10 108 0.0144761
10 109 0.0113483
10 110 0.00688674
10 111 0.0015003
10 112 -0.00344449
10 113 -0.00639342
10 114 -0.00780399
10 115 -0.00656783
10 116 -0.00307958
10 117 0.000827085
10 118 0.00561438
10 119 0

11 0 0
11 1 0.00468322
11 2 -0.00028847
11 3 -0.00363703
11 4 -0.00708001
11 5 -0.00780097
11 6 -0.00522148
11 7 -0.00175352
11 8 0.004511
11 9 0.0102727
11 10 0.0144692
11 11 0.0173928
11 12 0.0160783
11 13 0.0124513
11 14 0.00578902
11 15 -0.00294893
11 16 -0.0112036
11 17 -0.0191098
11 18 -0.0239594
11 19 -0.0256378
11 20 -0.0231817
11 21 -0.0173009
11 22 -0.00882127
11 23 0.00176146
11 24 0.0109467
11 25 0.0192911
11 26 0.0241324
11 27 0.0250982
11 28 0.0226777
11 29 0.0168764
11 30 0.00925214
11 31 0.00039038
11 32 -0.00700259
11 33 -0.0139193
11 34 -0.0183862
11 35 -0.0208871
11 36 -0.0217978
11 37 -0.0218147
11 38 -0.0211395
11 39 -0.0198069
11 40 -0.019148
11 41 -0.01742
11 42 -0.0151239
11 43 -0.0109901
11 44 -0.00595167
11 45 0.00169899
11 46 0.00996907
11 47 0.018051
11 48 0.0237021
11 49 0.0271299
11 50 0.0274837
11 51 0.0259494
11 52 0.0240846
11 53 0.0238068
11 54 0.0251318
11 55 0.0273393
11 56 0.0303056
11 57 0.033968
11 58 0.0375975
11 59 0.0391063
11 60 0.0377902
11 61 0.0343625
11 62 0.0309753
11 63 0.0283088
11 64 0.0265435
11 65 0.0256918
11 66 0.0266422
11 67 0.0291984
11 68 0.031653
11 69 0.0321948
11 70 0.0298723
11 71 0.0252157
11 72 0.0182459
11 73 0.0108453
11 74 0.00400306
11 75 -0.000627459
11 76 -0.00466695
11 77 -0.00739969
11 78 -0.0101455
11 79 -0.0123681
11 80 -0.0160197
11 81 -0.019362
11 82 -0.022713
11 83 -0.0250596
11 84 -0.0261362
11 85 -0.0244924
11 86 -0.0200389
11 87 -0.0137727
11 88 -0.00491406
11 89 0.0042019
11 90 0.0130774
11 91 0.0195168
11 92 0.0239027
11 93 0.024155
11 94 0.0211253
11 95 0.0156804
11 96 0.00744118
11 97 -0.000879706
11 98 -0.00921725
11 99 -0.0156803
11 100 -0.0203779
11 101 -0.021852
11 102 -0.0205311
11 103 -0.0172696
11 104 -0.010909
11 105 -0.00453091
11 106 0.00269244
11 107 0.00903729
11 108 0.0129346
11 109 0.0156188
11 110 0.0146029
11 111 0.0117626
11 112 0.00745484
11 113 0.00169196
11 114 -0.00247094
11 115 -0.005829
11 116 -0.00695161
11 117 -0.00533442
11 118 -0.00293151
11 119 0

12 0 0
12 1 -0.0042513
12 2 -0.00760502
12 3 -0.008121
12 4 -0.00744386
12 5 -0.00331844
12 6 0.00225461
12 7 0.0078633
12 8 0.0138823
12 9 0.0169642
12 10 0.0180414
12 11 0.0160783
12 12 0.0106607
12 13 0.00422149
12 14 -0.00431971
12 15 -0.0123547
12 16 -0.0191474
12 17 -0.0240151
12 18 -0.0253038
12 19 -0.023875
12 20 -0.018193
12 21 -0.0107021
12 22 -0.00132433
12 23 0.0090039
12 24 0.0170602
12 25 0.0236154
12 26 0.0262388
12 27 0.0251207
12 28 0.0202462
12 29 0.0127232
12 30 0.00358993
12 31 -0.00617229
12 32 -0.013792
12 33 -0.0199522
12 34 -0.0230752
12 35 -0.0234555
12 36 -0.0214803
12 37 -0.0185268
12 38 -0.0148919
12 39 -0.010984
12 40 -0.00814558
12 41 -0.00546968
12 42 -0.00262108
12 43 0.0012663
12 44 0.00582937
12 45 0.0121739
12 46 0.0193385
12 47 0.025832
12 48 0.029849
12 49 0.0312752
12 50 0.0302332
12 51 0.0274874
12 52 0.0245616
12 53 0.0229422
12 54 0.0230002
12 55 0.0240172
12 56 0.025912
12 57 0.0286442
12 58 0.0315641
12 59 0.0327373
12 60 0.0313819
12 61 0.0282991
12 62 0.0254533
12 63 0.0235032
12 64 0.0225331
12 65 0.0226178
12 66 0.0245381
12 67 0.0278899
12 68 0.0312702
12 69 0.0330784
12 70 0.0326515
12 71 0.029727
12 72 0.0245279
12 73 0.0186455
12 74 0.0136637
12 75 0.0102714
12 76 0.00740535
12 77 0.00516058
12 78 0.00262429
12 79 -0.000682428
12 80 -0.00582959
12 81 -0.0113404
12 82 -0.0170759
12 83 -0.0222149
12 84 -0.0256821
12 85 -0.0262267
12 86 -0.0237387
12 87 -0.0189072
12 88 -0.0109311
12 89 -0.00220658
12 90 0.00680307
12 91 0.0144498
12 92 0.0203685
12 93 0.0230368
12 94 0.0226959
12 95 0.0201792
12 96 0.0141886
12 97 0.00756613
12 98 -0.000315613
12 99 -0.00814461
12 100 -0.0149692
12 101 -0.0202635
12 102 -0.0227803
12 103 -0.0234705
12 104 -0.0202448
12 105 -0.0151031
12 106 -0.00795578
12 107 0.00105616
12 108 0.00866592
12 109 0.0158084
12 110 0.0194342
12 111 0.0196962
12 112 0.0174883
12 113 0.0109795
12 114 0.00431918
12 115 -0.00277043
12 116 -0.00912631
12 117 -0.0109825
12 118 -0.011179
12 119 0

13 0 0
13 1 -0.0116151
13 2 -0.0130346
13 3 -0.0109202
13 4 -0.0058151
13 5 0.00152059
13 6 0.00938631
13 7 0.0160983
13 8 0.0204886
13 9 0.0212406
13 10 0.0183843
13 11 0.0124513
13 12 0.00422149
13 13 -0.00496616
13 14 -0.0132181
13 15 -0.0197339
13 16 -0.0239567
13 17 -0.0243142
13 18 -0.0220948
13 19 -0.017394
13 20 -0.00996233
13 21 -0.00200614
13 22 0.00626038
13 23 0.0135823
13 24 0.0188703
13 25 0.0215965
13 26 0.0213051
13 27 0.017874
13 28 0.0114411
13 29 0.00387891
13 30 -0.00470598
13 31 -0.0126155
13 32 -0.0182199
13 33 -0.021207
13 34 -0.0212243
13 35 -0.0182754
13 36 -0.0128068
13 37 -0.00685345
13 38 -0.000647128
13 39 0.00479993
13 40 0.00869522
13 41 0.0109036
13 42 0.0126606
13 43 0.0146123
13 44 0.0169086
13 45 0.0203172
13 46 0.0244783
13 47 0.0280087
13 48 0.0290536
13 49 0.0277919
13 50 0.0246055
13 51 0.0205022
13 52 0.0162177
13 53 0.0132262
13 54 0.0117048
13 55 0.0115205
13 56 0.0121862
13 57 0.0139367
13 58 0.0158623
13 59 0.016668
13 60 0.0153257
13 61 0.0128725
13 62 0.0106246
13 63 0.0094936
13 64 0.00928145
13 65 0.0104753
13 66 0.0132602
13 67 0.0174616
13 68 0.0216653
13 69 0.0251426
13 70 0.0269359
13 71 0.0266735
13 72 0.0241857
13 73 0.0213365
13 74 0.0194377
13 75 0.0188518
13 76 0.0186237
13 77 0.0186002
13 78 0.0178264
13 79 0.0150709
13 80 0.0100937
13 81 0.00372654
13 82 -0.00332505
13 83 -0.0107261
13 84 -0.0164892
13 85 -0.0199971
13 86 -0.0208783
13 87 -0.0192931
13 88 -0.014789
13 89 -0.00887371
13 90 -0.00238983
13 91 0.00451935
13 92 0.0103855
13 93 0.0148545
13 94 0.0175292
13 95 0.0185332
13 96 0.0170108
13 97 0.0136944
13 98 0.00842138
13 99 0.00110417
13 100 -0.00632346
13 101 -0.0142
13 102 -0.021076
13 103 -0.0252221
13 104 -0.0262079
13 105 -0.023452
13 106 -0.0168742
13 107 -0.00729277
13 108 0.00322482
13 109 0.0135332
13 110 0.0213624
13 111 0.0248903
13 112 0.0241808
13 113 0.0187278
13 114 0.0101359
13 115 0.000407686
13 116 -0.00871075
13 117 -0.0148117
13 118 -0.0170353
13 119 0

14 0 0
14 1 -0.0169357
14 2 -0.0163095
14 3 -0.0111373
14 4 -0.00333011
14 5 0.00667361
14 6 0.0156132
14 7 0.0218649
14 8 0.0242794
14 9 0.0215518
14 10 0.0153006
14 11 0.00578902
14 12 -0.00431971
14 13 -0.0132181
14 14 -0.0201731
14 15 -0.0229627
14 16 -0.0229701
14 17 -0.0193499
14 18 -0.0134879
14 19 -0.00714402
14 20 0.000248559
14 21 0.00591339
14 22 0.0105617
14 23 0.0135078
14 24 0.0142675
14 25 0.0131092
14 26 0.0099904
14 27 0.0058312
14 28 -0.000204714
14 29 -0.00571851
14 30 -0.0111636
14 31 -0.0153211
14 32 -0.0169999
14 33 -0.0160983
14 34 -0.012426
14 35 -0.00671055
14 36 0.00134141
14 37 0.00889772
14 38 0.0160445
14 39 0.0212735
14 40 0.0244714
14 41 0.0248133
14 42 0.0240133
14 43 0.0229264
14 44 0.0219198
14 45 0.0217296
14 46 0.0221203
14 47 0.0223764
14 48 0.0203246
14 49 0.0167444
14 50 0.0117495
14 51 0.00696964
14 52 0.00188066
14 53 -0.00178281
14 54 -0.00451724
14 55 -0.00538214
14 56 -0.0056988
14 57 -0.00460832
14 58 -0.00372786
14 59 -0.00312384
14 60 -0.00442253
14 61 -0.00600375
14 62 -0.00779742
14 63 -0.00819375
14 64 -0.00803625
14 65 -0.0059977
14 66 -0.00299666
14 67 0.00150211
14 68 0.00577806
14 69 0.0104487
14 70 0.0138642
14 71 0.0160759
14 72 0.0162114
14 73 0.0166847
14 74 0.0179971
14 75 0.0206837
14 76 0.02363
14 77 0.0267853
14 78 0.0287453
14 79 0.0280677
14 80 0.0249268
14 81 0.0196012
14 82 0.0130219
14 83 0.00512356
14 84 -0.00150259
14 85 -0.00726979
14 86 -0.0111024
14 87 -0.0134057
14 88 -0.0132792
14 89 -0.0121516
14 90 -0.00988614
14 91 -0.00620775
14 92 -0.00248938
14 93 0.00205873
14 94 0.00644024
14 95 0.0108062
14 96 0.0134272
14 97 0.0149536
14 98 0.013939
14 99 0.00965842
14 100 0.0036447
14 101 -0.00504778
14 102 -0.0137229
14 103 -0.0214768
14 104 -0.026471
14 105 -0.0270914
14 106 -0.0233867
14 107 -0.0148627
14 108 -0.0038824
14 109 0.00850322
14 110 0.0190307
14 111 0.0256324
14 112 0.0278199
14 113 0.0233564
14 114 0.015211
14 115 0.00425083
14 116 -0.00757055
14 117 -0.0154471
14 118 -0.0201682
14 119 0

15 0 0
15 1 -0.019705
15 2 -0.0163257
15 3 -0.00945394
15 4 0.00123728
15 5 0.0120759
15 6 0.0198992
15 7 0.02468
15 8 0.0232741
15 9 0.0173281
15 10 0.00843594
15 11 -0.00294893
15 12 -0.0123547
15 13 -0.0197339
15 14 -0.0229627
15 15 -0.0213109
15 16 -0.017265
15 17 -0.00979328
15 18 -0.0023033
15 19 0.00428085
15 20 0.00941175
15 21 0.0114752
15 22 0.0114539
15 23 0.00886309
15 24 0.00547235
15 25 0.000736291
15 26 -0.00367739
15 27 -0.00740819
15 28 -0.0111592
15 29 -0.0130214
15 30 -0.0140418
15 31 -0.0132641
15 32 -0.0109527
15 33 -0.00613464
15 34 4.47194e-05
15 35 0.00751031
15 36 0.0160481
15 37 0.0236191
15 38 0.0296872
15 39 0.0331746
15 40 0.0342757
15 41 0.0318935
15 42 0.0280973
15 43 0.0236064
15 44 0.0196043
15 45 0.0159017
15 46 0.0132665
15 47 0.0105302
15 48 0.00665611
15 49 0.00148605
15 50 -0.00377998
15 51 -0.00851566
15 52 -0.0128928
15 53 -0.0166236
15 54 -0.0193379
15 55 -0.0206109
15 56 -0.0209815
15 57 -0.0205698
15 58 -0.0201498
15 59 -0.019994
15 60 -0.0207411
15 61 -0.0217674
15 62 -0.0228338
15 63 -0.0231559
15 64 -0.0226604
15 65 -0.0207623
15 66 -0.0179425
15 67 -0.0144768
15 68 -0.0107141
15 69 -0.00632808
15 70 -0.00201022
15 71 0.00125944
15 72 0.00356348
15 73 0.00621108
15 74 0.0102676
15 75 0.0152472
15 76 0.0211829
15 77 0.0271041
15 78 0.0320642
15 79 0.0340331
15 80 0.0338318
15 81 0.0310371
15 82 0.0264989
15 83 0.0202321
15 84 0.0142699
15 85 0.00812018
15 86 0.00225436
15 87 -0.00281395
15 88 -0.00722887
15 89 -0.0109346
15 90 -0.0139103
15 91 -0.0146271
15 92 -0.0144592
15 93 -0.0115895
15 94 -0.00684554
15 95 -0.000705556
15 96 0.0059444
15 97 0.0116773
15 98 0.0155139
15 99 0.015307
15 100 0.0124402
15 101 0.00528729
15 102 -0.00390948
15 103 -0.0130203
15 104 -0.0215274
15 105 -0.0255635
15 106 -0.0254968
15 107 -0.0201228
15 108 -0.010537
15 109 0.000726069
15 110 0.0127419
15 111 0.0214305
15 112 0.0259191
15 113 0.0249941
15 114 0.0181928
15 115 0.00832452
15 116 -0.00338409
15 117 -0.0135012
15 118 -0.0194324
15 119 0

16 0 0
16 1 -0.0182764
16 2 -0.01359
16 3 -0.00523374
16 4 0.00561494
16 5 0.0151633
16 6 0.021583
16 7 0.0233653
16 8 0.0190942
16 9 0.0110476
16 10 -3.20359e-05
16 11 -0.0112036
16 12 -0.0191474
16 13 -0.0239567
16 14 -0.0229701
16 15 -0.017265
16 16 -0.0090823
16 17 0.00101808
16 18 0.00965154
16 19 0.0154631
16 20 0.0171761
16 21 0.0152082
16 22 0.00988199
16 23 0.0021188
16 24 -0.00521953
16 25 -0.012447
16 26 -0.0171328
16 27 -0.0192708
16 28 -0.019391
16 29 -0.0168227
16 30 -0.0127724
16 31 -0.00721959
16 32 -0.0012736
16 33 0.00609304
16 34 0.013397
16 35 0.0205847
16 36 0.0276896
16 37 0.0332264
16 38 0.036682
16 39 0.0371776
16 40 0.0354227
16 41 0.0302943
16 42 0.0237533
16 43 0.0167552
16 44 0.0105405
16 45 0.00483305
16 46 0.000174514
16 47 -0.00388329
16 48 -0.00842411
16 49 -0.0132644
16 50 -0.017677
16 51 -0.0207126
16 52 -0.0235081
16 53 -0.0258815
16 54 -0.0279926
16 55 -0.0286798
16 56 -0.0288885
16 57 -0.0285031
16 58 -0.028591
16 59 -0.0284626
16 60 -0.0288393
16 61 -0.0290284
16 62 -0.0297545
16 63 -0.029968
16 64 -0.0298267
16 65 -0.0283786
16 66 -0.0268393
16 67 -0.0249937
16 68 -0.0230965
16 69 -0.019874
16 70 -0.0163732
16 71 -0.0130714
16 72 -0.0102813
16 73 -0.00654391
16 74 -0.00157765
16 75 0.00454238
16 76 0.011884
16 77 0.0196603
16 78 0.0266715
16 79 0.0312202
16 80 0.0341813
16 81 0.0347171
16 82 0.0335286
16 83 0.0304941
16 84 0.0270976
16 85 0.0222803
16 86 0.0163574
16 87 0.009824
16 88 0.00214861
16 89 -0.00588099
16 90 -0.0137612
16 91 -0.0194807
16 92 -0.0234669
16 93 -0.0234596
16 94 -0.0196746
16 95 -0.0129525
16 96 -0.00345536
16 97 0.0060146
16 98 0.0142194
16 99 0.0188927
16 100 0.019624
16 101 0.0151372
16 102 0.0067201
16 103 -0.00291492
16 104 -0.0135991
16 105 -0.0211019
16 106 -0.0243943
16 107 -0.0232063
16 108 -0.016428
16 109 -0.00675756
16 110 0.00450679
16 111 0.0144506
16 112 0.0205911
16 113 0.0224067
16 114 0.0185202
16 115 0.0108006
16 116 0.00118328
16 117 -0.00873011
16 118 -0.0153374
16 119 0

17 0 0
17 1 -0.0146331
17 2 -0.00797938
17 3 0.000265633
17 4 0.0102561
17 5 0.0178148
17 6 0.0204535
17 7 0.0191871
17 8 0.0117736
17 9 0.00156614
17 10 -0.00908701
17 11 -0.0191098
17 12 -0.0240151
17 13 -0.0243142
17 14 -0.0193499
17 15 -0.00979328
17 16 0.00101808
17 17 0.011802
17 18 0.0194173
17 19 0.0227089
17 20 0.0207366
17 21 0.0142636
17 22 0.00472862
17 23 -0.00626722
17 24 -0.0153877
17 25 -0.0226446
17 26 -0.0257581
17 27 -0.0246797
17 28 -0.020477
17 29 -0.013644
17 30 -0.00556469
17 31 0.00300582
17 32 0.0103439
17 33 0.017558
17 34 0.0231869
17 35 0.0276147
17 36 0.0308805
17 37 0.0327623
17 38 0.0324813
17 39 0.029788
17 40 0.0255072
17 41 0.0187575
17 42 0.0111957
17 43 0.00352351
17 44 -0.00262906
17 45 -0.00835878
17 46 -0.0126582
17 47 -0.0163667
17 48 -0.0193832
17 49 -0.022444
17 50 -0.0241471
17 51 -0.0245991
17 52 -0.0244671
17 53 -0.0248979
17 54 -0.025382
17 55 -0.0252833
17 56 -0.0247383
17 57 -0.0244251
17 58 -0.024601
17 59 -0.0246546
17 60 -0.02438
17 61 -0.0240016
17 62 -0.0241923
17 63 -0.0246726
17 64 -0.0248703
17 65 -0.024585
17 66 -0.0246008
17 67 -0.0253158
17 68 -0.0257611
17 69 -0.0251016
17 70 -0.0234114
17 71 -0.0218602
17 72 -0.0198544
17 73 -0.0172035
17 74 -0.0131245
17 75 -0.00831159
17 76 -0.00160168
17 77 0.00562323
17 78 0.0128504
17 79 0.0184673
17 80 0.0236144
17 81 0.0271556
17 82 0.0295737
17 83 0.0309069
17 84 0.0314899
17 85 0.0302365
17 86 0.0267239
17 87 0.0214438
17 88 0.013168
17 89 0.00328041
17 90 -0.00753142
17 91 -0.0171761
17 92 -0.025076
17 93 -0.0285275
17 94 -0.0273677
17 95 -0.022155
17 96 -0.0126758
17 97 -0.00168205
17 98 0.0092645
17 99 0.0174588
17 100 0.0219302
17 101 0.0211681
17 102 0.0158558
17 103 0.0073574
17 104 -0.00344535
17 105 -0.0125791
17 106 -0.019727
17 107 -0.0225263
17 108 -0.0200812
17 109 -0.0145331
17 110 -0.0053219
17 111 0.00408194
17 112 0.0117865
17 113 0.0168367
17 114 0.0167885
17 115 0.0131568
17 116 0.00636494
17 117 -0.00182158
17 118 -0.00824832
17 119 0

18 0 0
18 1 -0.00806142
18 2 -0.0011155
18 3 0.00660293
18 4 0.0142947
18 5 0.0178721
18 6 0.0172615
18 7 0.0122461
18 8 0.00273253
18 9 -0.00741484
18 10 -0.0173583
18 11 -0.0239594
18 12 -0.0253038
18 13 -0.0220948
18 14 -0.0134879
18 15 -0.0023033
18 16 0.00965154
18 17 0.0194173
18 18 0.0249782
18 19 0.0256277
18 20 0.0198493
18 21 0.0108313
18 22 -0.00112702
18 23 -0.0130996
18 24 -0.0220978
18 25 -0.0277132
18 26 -0.0278447
18 27 -0.0236175
18 28 -0.0153481
18 29 -0.00571376
18 30 0.00479583
18 31 0.0140504
18 32 0.0205953
18 33 0.0253293
18 34 0.0272573
18 35 0.0274417
18 36 0.0256706
18 37 0.0235315
18 38 0.0194989
18 39 0.0146063
18 40 0.00880451
18 41 0.00239822
18 42 -0.00441467
18 43 -0.0104449
18 44 -0.0148114
18 45 -0.018476
18 46 -0.0209732
18 47 -0.0228141
18 48 -0.023334
18 49 -0.0235705
18 50 -0.0219849
18 51 -0.0194645
18 52 -0.0162356
18 53 -0.0145793
18 54 -0.0132992
18 55 -0.012521
18 56 -0.0112754
18 57 -0.0112376
18 58 -0.0114316
18 59 -0.0118079
18 60 -0.0108113
18 61 -0.010009
18 62 -0.00948103
18 63 -0.0102051
18 64 -0.010559
18 65 -0.0115154
18 66 -0.0130171
18 67 -0.016278
18 68 -0.0190812
18 69 -0.0212401
18 70 -0.0218885
18 71 -0.0226289
18 72 -0.0223446
18 73 -0.0217822
18 74 -0.0201869
18 75 -0.0181193
18 76 -0.0141655
18 77 -0.00932691
18 78 -0.00415333
18 79 0.000969006
18 80 0.00643275
18 81 0.0119658
18 82 0.0170464
18 83 0.0227097
18 84 0.0274092
18 85 0.0307766
18 86 0.0311451
18 87 0.0290991
18 88 0.022606
18 89 0.0132471
18 90 0.001977
18 91 -0.00983167
18 92 -0.0200096
18 93 -0.0268604
18 94 -0.0285737
18 95 -0.0261872
18 96 -0.0183868
18 97 -0.00830591
18 98 0.00283572
18 99 0.0132762
18 100 0.0200302
18 101 0.0229395
18 102 0.0208038
18 103 0.0150181
18 104 0.00579701
18 105 -0.00392855
18 106 -0.0124695
18 107 -0.0192043
18 108 -0.0210481
18 109 -0.0197196
18 110 -0.0143917
18 111 -0.00638775
18 112 0.00120296
18 113 0.00885113
18 114 0.0129144
18 115 0.0136187
18 116 0.0117448
18 117 0.00600131
18 118 0.000439854
18 119 0

19 0 0
19 1 -0.000376557
19 2 0.00596908
19 3 0.0122576
19 4 0.0160127
19 5 0.0158166
19 6 0.0120991
19 7 0.00430686
19 8 -0.00548042
19 9 -0.0147605
19 10 -0.0224822
19 11 -0.0256378
19 12 -0.023875
19 13 -0.017394
19 14 -0.00714402
19 15 0.00428085
19 16 0.0154631
19 17 0.0227089
19 18 0.0256277
19 19 0.0234775
19 20 0.0153943
19 21 0.00509206
19 22 -0.00693715
19 23 -0.0175586
19 24 -0.0243159
19 25 -0.0265668
19 26 -0.0232792
19 27 -0.015859
19 28 -0.00491355
19 29 0.00610962
19 30 0.0165089
19 31 0.0242112
19 32 0.0276427
19 33 0.0279858
19 34 0.0248945
19 35 0.0199007
19 36 0.013266
19 37 0.0072161
19 38 0.000880367
19 39 -0.00508978
19 40 -0.0102043
19 41 -0.0146696
19 42 -0.0183349
19 43 -0.0211331
19 44 -0.0219273
19 45 -0.0223947
19 46 -0.0220547
19 47 -0.0214408
19 48 -0.0192773
19 49 -0.0165105
19 50 -0.0120655
19 51 -0.00679844
19 52 -0.00136291
19 53 0.00221744
19 54 0.00442809
19 55 0.00580043
19 56 0.00682576
19 57 0.00667206
19 58 0.00581446
19 59 0.00545941
19 60 0.00659905
19 61 0.00825943
19 62 0.00919889
19 63 0.00900282
19 64 0.00840488
19 65 0.00700458
19 66 0.0041035
19 67 -0.000676229
19 68 -0.00554022
19 69 -0.00972485
19 70 -0.0126348
19 71 -0.0152459
19 72 -0.0168372
19 73 -0.0186067
19 74 -0.0201036
19 75 -0.0217628
19 76 -0.0217223
19 77 -0.0211247
19 78 -0.0195018
19 79 -0.0171009
19 80 -0.0128762
19 81 -0.00756206
19 82 -0.000916193
19 83 0.00750429
19 84 0.0159888
19 85 0.0237231
19 86 0.0288784
19 87 0.0313337
19 88 0.0286876
19 89 0.0224396
19 90 0.0130232
19 91 0.00164661
19 92 -0.00924816
19 93 -0.018151
19 94 -0.0230302
19 95 -0.0241815
19 96 -0.020008
19 97 -0.0129127
19 98 -0.00371661
19 99 0.00653073
19 100 0.0142958
19 101 0.0197941
19 102 0.0212995
19 103 0.0188001
19 104 0.0126672
19 105 0.0041272
19 106 -0.004907
19 107 -0.0138643
19 108 -0.0195104
19 109 -0.0219527
19 110 -0.0208674
19 111 -0.015431
19 112 -0.00836147
19 113 3.23266e-05
19 114 0.00769057
19 115 0.0125613
19 116 0.0147973
19 117 0.0132584
19 118 0.00918892
19 119 0

20 0 0
20 1 0.00723348
20 2 0.0133028
20 3 0.016442
20 4 0.0167926
20 5 0.0125176
20 6 0.00503425
20 7 -0.00405249
20 8 -0.013516
20 9 -0.0204782
20 10 -0.0241367
20 11 -0.0231817
20 12 -0.018193
20 13 -0.00996233
20 14 0.000248559
20 15 0.00941175
20 16 0.0171761
20 17 0.0207366
20 18 0.0198493
20 19 0.0153943
20 20 0.00693158
20 21 -0.00229056
20 22 -0.0114891
20 23 -0.0181163
20 24 -0.0205227
20 25 -0.0184401
20 26 -0.0119373
20 27 -0.00251748
20 28 0.00901305
20 29 0.0188374
20 30 0.0265831
20 31 0.0302391
20 32 0.0290897
20 33 0.0239895
20 34 0.0158638
20 35 0.00640517
20 36 -0.00377587
20 37 -0.011798
20 38 -0.018621
20 39 -0.0231403
20 40 -0.0258576
20 41 -0.0261746
20 42 -0.0255327
20 43 -0.0236493
20 44 -0.0205993
20 45 -0.0175075
20 46 -0.0147205
20 47 -0.0121651
20 48 -0.00823441
20 49 -0.00364126
20 50 0.00254927
20 51 0.00897884
20 52 0.0155341
20 53 0.019575
20 54 0.0221092
20 55 0.02282
20 56 0.0232721
20 57 0.0219526
20 58 0.0205824
20 59 0.0196082
20 60 0.0211957
20 61 0.0232098
20 62 0.025224
20 63 0.0255466
20 64 0.0256954
20 65 0.0241124
20 66 0.0211055
20 67 0.0156198
20 68 0.0102823
20 69 0.00506871
20 70 0.00134251
20 71 -0.00208646
20 72 -0.00443901
20 73 -0.00769415
20 74 -0.0117297
20 75 -0.0166387
20 76 -0.0208946
20 77 -0.024828
20 78 -0.0280706
20 79 -0.0294264
20 80 -0.0286603
20 81 -0.0252679
20 82 -0.0195761
20 83 -0.0103947
20 84 -0.000274718
20 85 0.0104837
20 86 0.0196973
20 87 0.0266288
20 88 0.0290555
20 89 0.027646
20 90 0.0226783
20 91 0.0143284
20 92 0.00531559
20 93 -0.00365784
20 94 -0.0106309
20 95 -0.0153481
20 96 -0.0160393
20 97 -0.0139219
20 98 -0.00919366
20 99 -0.0022482
20 100 0.00451622
20 101 0.0113342
20 102 0.0157117
20 103 0.0173559
20 104 0.0158154
20 105 0.0108003
20 106 0.00340354
20 107 -0.00566302
20 108 -0.0139821
20 109 -0.0209505
20 110 -0.023996
20 111 -0.0226204
20 112 -0.0177831
20 113 -0.00856986
20 114 0.00112334
20 115 0.0102689
20 116 0.0173796
20 117 0.019072
20 118 0.0176042
20 119 0

21 0 0
21 1 0.0140055
21 2 0.0178487
21 3 0.0186556
21 4 0.0145264
21 5 0.00700284
21 6 -0.00184977
21 7 -0.0115073
21 8 -0.018367
21 9 -0.0220622
