0 0 0
0 1 0
0 2 0
0 3 0
0 4 0
0 5 0
0 6 0
0 7 0
0 8 0
0 9 0
0 10 0
0 11 0
0 12 0
0 13 0
0 14 0
0 15 0
0 16 0
0 17 0
0 18 0
0 19 0
0 20 0
0 21 0
0 22 0
0 23 0
0 24 0
0 25 0
0 26 0
0 27 0
0 28 0
0 29 0
0 30 0
0 31 0
0 32 0
0 33 0
0 34 0
0 35 0
0 36 0
0 37 0
0 38 0
0 39 0
0 40 0
0 41 0
0 42 0
0 43 0
0 44 0
0 45 0
0 46 0
0 47 0
0 48 0
0 49 0
0 50 0
0 51 0
0 52 0
0 53 0
0 54 0
0 55 0
0 56 0
0 57 0
0 58 0
0 59 0
0 60 0
0 61 0
0 62 0
0 63 0
0 64 0
0 65 0
0 66 0
0 67 0
0 68 0
0 69 0
0 70 0
0 71 0
0 72 0
0 73 0
0 74 0
0 75 0
0 76 0
0 77 0
0 78 0
0 79 0
0 80 0
0 81 0
0 82 0
0 83 0
0 84 0
0 85 0
0 86 0
0 87 0
0 88 0
0 89 0
0 90 0
0 91 0
0 92 0
0 93 0
0 94 0
0 95 0
0 96 0
0 97 0
0 98 0
0 99 0
0 100 0
0 101 0
0 102 0
0 103 0
0 104 0
0 105 0
0 106 0
0 107 0
0 108 0
0 109 0
0 110 0
0 111 0
0 112 0
0 113 0
0 114 0
0 115 0
0 116 0
0 117 0
0 118 0
0 119 0

1 0 0
1 1 -0.0228533
1 2 -0.0190173
1 3 -0.0120009
1 4 -0.00266784
1 5 0.00646949
1 6 0.0144706
1 7 0.0194288
1 8 0.0205304
1 9 0.0181965
1 10 0.0120556
1 11 0.00429185
1 12 -0.00436713
1 13 -0.0121229
1 14 -0.0173562
1 15 -0.0198463
1 16 -0.0185295
1 17 -0.0145143
1 18 -0.00775389
1 19 -0.000210653
1 20 0.00758471
1 21 0.0145302
1 22 0.018801
1 23 0.0218023
1 24 0.0215956
1 25 0.019967
1 26 0.0171335
1 27 0.0135631
1 28 0.0100055
1 29 0.00603954
1 30 0.00210604
1 31 -0.00355399
1 32 -0.00952442
1 33 -0.0170822
1 34 -0.0236745
1 35 -0.0290016
1 36 -0.0321594
1 37 -0.0327563
1 38 -0.0311317
1 39 -0.02733
1 40 -0.0226034
1 41 -0.0162417
1 42 -0.0111776
1 43 -0.00673974
1 44 -0.00423194
1 45 -0.00182893
1 46 -0.000523348
1 47 0.00171339
1 48 0.0038244
1 49 0.00694918
1 50 0.0105985
1 51 0.0150453
1 52 0.0183894
1 53 0.0206173
1 54 0.0218522
1 55 0.0220564
1 56 0.0208375
1 57 0.0191158
1 58 0.0182217
1 59 0.0180664
1 60 0.0184831
1 61 0.0196348
1 62 0.0216751
1 63 0.0231994
1 64 0.0234189
1 65 0.0225789
1 66 0.0209124
1 67 0.0180747
1 68 0.0143301
1 69 0.0112872
1 70 0.00896058
1 71 0.00749542
1 72 0.00604206
1 73 0.00529914
1 74 0.00347799
1 75 0.00126468
1 76 -0.00304349
1 77 -0.00830443
1 78 -0.0152544
1 79 -0.0208713
1 80 -0.0261663
1 81 -0.0294621
1 82 -0.0312437
1 83 -0.0304019
1 84 -0.0279912
1 85 -0.0239243
1 86 -0.0191057
1 87 -0.0151553
1 88 -0.0110983
1 89 -0.00785754
1 90 -0.00348476
1 91 0.00131194
1 92 0.00761833
1 93 0.0136238
1 94 0.0196821
1 95 0.0241339
1 96 0.0256331
1 97 0.0250561
1 98 0.0206231
1 99 0.0141622
1 100 0.0056924
1 101 -0.00312995
1 102 -0.011332
1 103 -0.0174842
1 104 -0.0203661
1 105 -0.0202947
1 106 -0.016052
1 107 -0.00967408
1 108 -0.00132607
1 109 0.00732036
1 110 0.0142278
1 111 0.0192363
1 112 0.0201709
1 113 0.0178174
1 114 0.0120662
1 115 0.0036856
1 116 -0.00506785
1 117 -0.0136555
1 118 -0.0195585
1 119 0

2 0 0
2 1 -0.0190173
2 2 -0.0140352
2 3 -0.00652112
2 4 0.00199496
2 5 0.00976784
2 6 0.0157673
2 7 0.0183333
2 8 0.0176978
2 9 0.0135797
2 10 0.00711502
2 11 -0.000303417
2 12 -0.00791988
2 13 -0.0133005
2 14 -0.0168973
2 15 -0.0168662
2 16 -0.0137754
2 17 -0.00861171
2 18 -0.000718685
2 19 0.00640828
2 20 0.0135444
2 21 0.0184513
2 22 0.020603
2 23 0.0205494
2 24 0.0175767
2 25 0.0134624
2 26 0.00796973
2 27 0.00354809
2 28 -0.000937409
2 29 -0.0040413
2 30 -0.00735076
2 31 -0.011085
2 32 -0.0146151
2 33 -0.0191865
2 34 -0.022408
2 35 -0.0247548
2 36 -0.0246129
2 37 -0.0239427
2 38 -0.0207196
2 39 -0.0169181
2 40 -0.0117175
2 41 -0.00616997
2 42 -0.00121192
2 43 0.00221252
2 44 0.0044529
2 45 0.00660098
2 46 0.00753833
2 47 0.00888544
2 48 0.00973364
2 49 0.0117312
2 50 0.0133698
2 51 0.0162332
2 52 0.0175368
2 53 0.0188903
2 54 0.0189481
2 55 0.0194169
2 56 0.0178376
2 57 0.0168727
2 58 0.015809
2 59 0.0162685
2 60 0.0158361
2 61 0.0169341
2 62 0.0179654
2 63 0.0196348
2 64 0.0193146
2 65 0.0194522
2 66 0.0183657
2 67 0.0174075
2 68 0.0149518
2 69 0.0138381
2 70 0.0123837
2 71 0.0122372
2 72 0.0115193
2 73 0.011402
2 74 0.0098586
2 75 0.00842215
2 76 0.00540055
2 77 0.00101296
2 78 -0.00455997
2 79 -0.00969915
2 80 -0.014174
2 81 -0.0181074
2 82 -0.0202169
2 83 -0.0219712
2 84 -0.0217312
2 85 -0.020882
2 86 -0.0186853
2 87 -0.0177762
2 88 -0.0160017
2 89 -0.0147165
2 90 -0.0123687
2 91 -0.00837321
2 92 -0.00294122
2 93 0.00419112
2 94 0.0110475
2 95 0.0175685
2 96 0.0212599
2 97 0.0233067
2 98 0.0214652
2 99 0.017208
2 100 0.0110687
2 101 0.00300253
2 102 -0.00398005
2 103 -0.0106013
2 104 -0.0145945
2 105 -0.0161203
2 106 -0.0148158
2 107 -0.010745
2 108 -0.00500284
2 109 0.00209298
2 110 0.00841784
2 111 0.0137992
2 112 0.0164078
2 113 0.0161285
2 114 0.0131498
2 115 0.00718027
2 116 0.000335873
2 117 -0.00723106
2 118 -0.0135272
2 119 0

3 0 0
3 1 -0.0120009
3 2 -0.00652112
3 3 0.000309818
3 4 0.00620916
3 5 0.0109096
3 6 0.0135317
3 7 0.0130075
3 8 0.0107574
3 9 0.00608691
3 10 0.000489015
3 11 -0.00469308
3 12 -0.00947416
3 13 -0.0115872
3 14 -0.0118158
3 15 -0.00933796
3 16 -0.00467976
3 17 0.000841023
3 18 0.00759231
3 19 0.0127903
3 20 0.0171249
3 21 0.0189431
3 22 0.0174287
3 23 0.0140769
3 24 0.00820624
3 25 0.00169571
3 26 -0.00463246
3 27 -0.00931293
3 28 -0.0128846
3 29 -0.0143903
3 30 -0.0146866
3 31 -0.0154196
3 32 -0.0153464
3 33 -0.0155681
3 34 -0.0147315
3 35 -0.0131147
3 36 -0.0104657
3 37 -0.00793622
3 38 -0.00468664
3 39 -0.000991399
3 40 0.00262616
3 41 0.0066093
3 42 0.0094102
3 43 0.0110369
3 44 0.0115589
3 45 0.0124578
3 46 0.0121502
3 47 0.0116565
3 48 0.0108482
3 49 0.0106647
3 50 0.0102565
3 51 0.01032
3 52 0.00986849
3 53 0.00934495
3 54 0.0088079
3 55 0.00849339
3 56 0.00746897
3 57 0.00647616
3 58 0.00612855
3 59 0.00619894
3 60 0.00590049
3 61 0.00601464
3 62 0.00680611
3 63 0.00761493
3 64 0.00778077
3 65 0.0081517
3 66 0.00861467
3 67 0.00899396
3 68 0.00900368
3 69 0.00949042
3 70 0.00993089
3 71 0.0110291
3 72 0.0120024
3 73 0.0128559
3 74 0.012661
3 75 0.0129385
3 76 0.0121729
3 77 0.0103375
3 78 0.0072087
3 79 0.004522
3 80 0.00141277
3 81 -0.00125053
3 82 -0.00377444
3 83 -0.006537
3 84 -0.00898229
3 85 -0.0108973
3 86 -0.0123802
3 87 -0.0144883
3 88 -0.0160294
3 89 -0.0182885
3 90 -0.0189492
3 91 -0.0175856
3 92 -0.0140917
3 93 -0.00857775
3 94 -0.00158243
3 95 0.00558286
3 96 0.0111684
3 97 0.0158982
3 98 0.0172907
3 99 0.0167514
3 100 0.0143071
3 101 0.00988595
3 102 0.0052009
3 103 -0.000175052
3 104 -0.00440086
3 105 -0.00778337
3 106 -0.00928311
3 107 -0.00877966
3 108 -0.00701352
3 109 -0.00333002
3 110 0.000603214
3 111 0.00489245
3 112 0.00854634
3 113 0.0106508
3 114 0.0112522
3 115 0.00942395
3 116 0.00584764
3 117 0.000726578
3 118 -0.00500521
3 119 0

4 0 0
4 1 -0.00266784
4 2 0.00199496
4 3 0.00620916
4 4 0.00854204
4 5 0.00910949
4 6 0.00790637
4 7 0.00484966
4 8 0.00148729
4 9 -0.00249846
4 10 -0.00548423
4 11 -0.0072329
4 12 -0.00782323
4 13 -0.00591826
4 14 -0.00342806
4 15 0.000980562
4 16 0.00581687
4 17 0.0100908
4 18 0.0145572
4 19 0.0163971
4 20 0.0168601
4 21 0.014682
4 22 0.0101002
4 23 0.00370652
4 24 -0.00373496
4 25 -0.0107779
4 26 -0.0171399
4 27 -0.0201508
4 28 -0.021705
4 29 -0.020357
4 30 -0.0179591
4 31 -0.0150227
4 32 -0.0113261
4 33 -0.00772368
4 34 -0.00323614
4 35 0.00101561
4 36 0.00583815
4 37 0.00852835
4 38 0.0113849
4 39 0.0131237
4 40 0.014803
4 41 0.0155904
4 42 0.0158269
4 43 0.0148248
4 44 0.0134987
4 45 0.0128085
4 46 0.0111572
4 47 0.00922288
4 48 0.00665648
4 49 0.0049619
4 50 0.00227861
4 51 0.000377864
4 52 -0.00219561
4 53 -0.00355612
4 54 -0.00517142
4 55 -0.00531081
4 56 -0.00628056
4 57 -0.00619427
4 58 -0.00654716
4 59 -0.00602156
4 60 -0.00692376
4 61 -0.00695365
4 62 -0.00742519
4 63 -0.00685363
4 64 -0.00711662
4 65 -0.0059067
4 66 -0.00495607
4 67 -0.00275802
4 68 -0.00123614
4 69 0.00117609
4 70 0.0025972
4 71 0.0051091
4 72 0.00698312
4 73 0.00893163
4 74 0.00989749
4 75 0.0119929
4 76 0.013704
4 77 0.0147528
4 78 0.0151191
4 79 0.015133
4 80 0.0148519
4 81 0.0137774
4 82 0.0125179
4 83 0.00904224
4 84 0.00570317
4 85 0.00151711
4 86 -0.00220537
4 87 -0.00709786
4 88 -0.0114927
4 89 -0.0165697
4 90 -0.0205549
4 91 -0.0224679
4 92 -0.0225136
4 93 -0.0191073
4 94 -0.0143225
4 95 -0.00790716
4 96 -0.0017796
4 97 0.00446575
4 98 0.0088498
4 99 0.0121869
4 100 0.0142543
4 101 0.0138549
4 102 0.0132376
4 103 0.010452
4 104 0.00723867
4 105 0.0035175
4 106 -0.000648492
4 107 -0.00381009
4 108 -0.00648054
4 109 -0.00726353
4 110 -0.00669902
4 111 -0.00445341
4 112 -0.000986006
4 113 0.0027204
4 114 0.00641512
4 115 0.00863418
4 116 0.00929018
4 117 0.00775374
4 118 0.00424066
4 119 0

5 0 0
5 1 0.00646949
5 2 0.00976784
5 3 0.0109096
5 4 0.00910949
5 5 0.00570952
5 6 0.000825495
5 7 -0.00405227
5 8 -0.0077457
5 9 -0.0102526
5 10 -0.00993666
5 11 -0.00797373
5 12 -0.00402947
5 13 0.0013321
5 14 0.00648324
5 15 0.0118385
5 16 0.015598
5 17 0.0179781
5 18 0.0183513
5 19 0.0166685
5 20 0.0129161
5 21 0.00707334
5 22 0.000332914
5 23 -0.007988
5 24 -0.0152011
5 25 -0.021705
5 26 -0.0258573
5 27 -0.0268569
5 28 -0.0255609
5 29 -0.0214043
5 30 -0.0165606
5 31 -0.010572
5 32 -0.00483297
5 33 0.00200404
5 34 0.00825192
5 35 0.0144055
5 36 0.0193127
5 37 0.0218057
5 38 0.0228585
5 39 0.0223071
5 40 0.0212761
5 41 0.0186244
5 42 0.0162359
5 43 0.0126303
5 44 0.0101969
5 45 0.0078451
5 46 0.00603487
5 47 0.00283132
5 48 3.14678e-05
5 49 -0.00318222
5 50 -0.0065653
5 51 -0.0105083
5 52 -0.0137211
5 53 -0.0161359
5 54 -0.017532
5 55 -0.0179471
5 56 -0.0177087
5 57 -0.0170294
5 58 -0.0164667
5 59 -0.0162045
5 60 -0.0168368
5 61 -0.0177643
5 62 -0.0188671
5 63 -0.01951
5 64 -0.019611
5 65 -0.0186873
5 66 -0.0168959
5 67 -0.0142212
5 68 -0.0109822
5 69 -0.00815391
5 70 -0.00563834
5 71 -0.00330177
5 72 -0.000632314
5 73 0.000974475
5 74 0.00317879
5 75 0.00587424
5 76 0.00996566
5 77 0.0132665
5 78 0.0172244
5 79 0.019888
5 80 0.0225718
5 81 0.0237177
5 82 0.0238855
5 83 0.0212893
5 84 0.0176681
5 85 0.0131196
5 86 0.00776917
5 87 0.00231641
5 88 -0.00410671
5 89 -0.0106062
5 90 -0.0174898
5 91 -0.0222486
5 92 -0.0257081
5 93 -0.025815
5 94 -0.0239172
5 95 -0.0200727
5 96 -0.014391
5 97 -0.0084515
5 98 -0.00169121
5 99 0.00455036
5 100 0.0106402
5 101 0.0151258
5 102 0.0185032
5 103 0.0195392
5 104 0.0179975
5 105 0.0147988
5 106 0.00888529
5 107 0.00268221
5 108 -0.00386863
5 109 -0.00933797
5 110 -0.0122342
5 111 -0.0129819
5 112 -0.0103354
5 113 -0.00566204
5 114 0.000391507
5 115 0.0066543
5 116 0.0111683
5 117 0.0135029
5 118 0.0124203
5 119 0

6 0 0
6 1 0.0144706
6 2 0.0157673
6 3 0.0135317
6 4 0.00790637
6 5 0.000825495
6 6 -0.00654288
6 7 -0.0123493
6 8 -0.0153327
6 9 -0.0151316
6 10 -0.0115185
6 11 -0.00557684
6 12 0.00187656
6 13 0.00931348
6 14 0.0158048
6 15 0.0202104
6 16 0.0220252
6 17 0.0212854
6 18 0.0176084
6 19 0.0124079
6 20 0.00533486
6 21 -0.00227731
6 22 -0.0099055
6 23 -0.0174271
6 24 -0.0230721
6 25 -0.027059
6 26 -0.0280625
6 27 -0.026487
6 28 -0.0224695
6 29 -0.0170496
6 30 -0.0105975
6 31 -0.00397097
6 32 0.00239301
6 33 0.00962549
6 34 0.0161916
6 35 0.0220992
6 36 0.0257831
6 37 0.0271692
6 38 0.0257687
6 39 0.0231567
6 40 0.0191392
6 41 0.014208
6 42 0.0092881
6 43 0.00488694
6 44 0.00176489
6 45 -0.000348436
6 46 -0.00179237
6 47 -0.00418175
6 48 -0.00650687
6 49 -0.00947325
6 50 -0.0128718
6 51 -0.0173059
6 52 -0.0205763
6 53 -0.0229664
6 54 -0.0237706
6 55 -0.0237936
6 56 -0.0221569
6 57 -0.020504
6 58 -0.0189784
6 59 -0.0188041
6 60 -0.0191581
6 61 -0.0208768
6 62 -0.0227626
6 63 -0.0246716
6 64 -0.0249943
6 65 -0.0245977
6 66 -0.0227079
6 67 -0.0200142
6 68 -0.0162427
6 69 -0.0135812
6 70 -0.011391
6 71 -0.00988817
6 72 -0.00826031
6 73 -0.00756148
6 74 -0.0059762
6 75 -0.00326975
6 76 0.00112828
6 77 0.00626819
6 78 0.0120173
6 79 0.0171589
6 80 0.0215849
6 81 0.0250995
6 82 0.0264157
6 83 0.0255796
6 84 0.0227398
6 85 0.0190659
6 86 0.0143295
6 87 0.00986502
6 88 0.0040453
6 89 -0.00255116
6 90 -0.00967252
6 91 -0.0164062
6 92 -0.022139
6 93 -0.0259103
6 94 -0.0272687
6 95 -0.0267556
6 96 -0.0235293
6 97 -0.0190208
6 98 -0.0124085
6 99 -0.00456932
6 100 0.00384245
6 101 0.0122638
6 102 0.0190969
6 103 0.0237671
6 104 0.0250895
6 105 0.0231348
6 106 0.0176322
6 107 0.00980348
6 108 0.000671042
6 109 -0.00820721
6 110 -0.0146985
6 111 -0.0182922
6 112 -0.0174579
6 113 -0.012972
6 114 -0.00569658
6 115 0.00313182
6 116 0.0108523
6 117 0.0165627
6 118 0.0182647
6 119 0

7 0 0
7 1 0.0194288
7 2 0.0183333
7 3 0.0130075
7 4 0.00484966
7 5 -0.00405227
7 6 -0.0123493
7 7 -0.0174651
7 8 -0.0189379
7 9 -0.0163195
7 10 -0.00964523
7 11 -0.00129782
7 12 0.00827535
7 13 0.0164399
7 14 0.0220846
7 15 0.0246283
7 16 0.0232606
7 17 0.0192909
7 18 0.0122289
7 19 0.00465294
7 20 -0.0039104
7 21 -0.0119723
7 22 -0.0178023
7 23 -0.0231433
7 24 -0.0251384
7 25 -0.0253297
7 26 -0.0230914
7 27 -0.0189377
7 28 -0.0134423
7 29 -0.00754863
7 30 -0.00252737
7 31 0.0030893
7 32 0.00752253
7 33 0.0131936
7 34 0.0178565
7 35 0.0218162
7 36 0.0236334
7 37 0.0229804
7 38 0.019926
7 39 0.0150511
7 40 0.00978036
7 41 0.00301485
7 42 -0.00224358
7 43 -0.00665465
7 44 -0.00831083
7 45 -0.0092916
7 46 -0.00856689
7 47 -0.00901221
7 48 -0.00933513
7 49 -0.0109657
7 50 -0.0132922
7 51 -0.0170292
7 52 -0.0197105
7 53 -0.021181
7 54 -0.0212517
7 55 -0.0201439
7 56 -0.0173807
7 57 -0.0142211
7 58 -0.0121615
7 59 -0.0114979
7 60 -0.0120473
7 61 -0.0139867
7 62 -0.0170989
7 63 -0.0197969
7 64 -0.0209857
7 65 -0.0209673
7 66 -0.0197665
7 67 -0.0173149
7 68 -0.0140837
7 69 -0.0122083
7 70 -0.0113325
7 71 -0.0116868
7 72 -0.0121904
7 73 -0.0137509
7 74 -0.0137562
7 75 -0.0129245
7 76 -0.00925843
7 77 -0.0045332
7 78 0.00210237
7 79 0.00747924
7 80 0.0132108
7 81 0.0173145
7 82 0.0200025
7 83 0.0202602
7 84 0.0193113
7 85 0.0174264
7 86 0.0149997
7 87 0.0132386
7 88 0.00989226
7 89 0.00629178
7 90 0.000425033
7 91 -0.00594075
7 92 -0.0129621
7 93 -0.0186651
7 94 -0.0236154
7 95 -0.026737
7 96 -0.0267774
7 97 -0.025559
7 98 -0.0204124
7 99 -0.0134271
7 100 -0.0044161
7 101 0.00552909
7 102 0.0149195
7 103 0.0226363
7 104 0.0266404
7 105 0.0273169
7 106 0.0229527
7 107 0.015504
7 108 0.00578896
7 109 -0.00477796
7 110 -0.0131165
7 111 -0.019009
7 112 -0.0201864
7 113 -0.0171159
7 114 -0.0104156
7 115 -0.00102378
7 116 0.00815822
7 117 0.016123
7 118 0.0202917
7 119 0

8 0 0
8 1 0.0205304
8 2 0.0176978
8 3 0.0107574
8 4 0.00148729
8 5 -0.0077457
8 6 -0.0153327
8 7 -0.0189379
8 8 -0.0183957
8 9 -0.0133906
8 10 -0.00525485
8 11 0.0042287
8 12 0.0137558
8 13 0.020408
8 14 0.0244466
8 15 0.0238769
8 16 0.0195994
8 17 0.0129393
8 18 0.00347711
8 19 -0.00492859
8 20 -0.0131864
8 21 -0.019114
8 22 -0.0223017
8 23 -0.023315
8 24 -0.0213019
8 25 -0.017712
8 26 -0.0120036
8 27 -0.00668693
8 28 -0.000916038
8 29 0.00286214
8 30 0.00572311
8 31 0.00772431
8 32 0.00881656
8 33 0.0111915
8 34 0.0130134
8 35 0.0147114
8 36 0.0139819
8 37 0.0124256
8 38 0.0078698
8 39 0.00287997
8 40 -0.00326888
8 41 -0.009365
8 42 -0.0143241
8 43 -0.0166203
8 44 -0.016297
8 45 -0.0146163
8 46 -0.0112779
8 47 -0.00878477
8 48 -0.00649957
8 49 -0.00631813
8 50 -0.00688432
8 51 -0.00970604
8 52 -0.0110628
8 53 -0.0119781
8 54 -0.0107009
8 55 -0.00908886
8 56 -0.00472392
8 57 -0.00100295
8 58 0.00220927
8 59 0.00260329
8 60 0.00260092
8 61 -0.00022283
8 62 -0.00357873
8 63 -0.00759386
8 64 -0.00890286
8 65 -0.0099207
8 66 -0.00881429
8 67 -0.0073627
8 68 -0.00452789
8 69 -0.00412361
8 70 -0.00454264
8 71 -0.00733677
8 72 -0.0103711
8 73 -0.0146135
8 74 -0.0171292
8 75 -0.0187001
8 76 -0.01741
8 77 -0.0138331
8 78 -0.00864448
8 79 -0.00362319
8 80 0.000953657
8 81 0.0051488
8 82 0.00719929
8 83 0.00879774
8 84 0.0087254
8 85 0.00914389
8 86 0.00932309
8 87 0.0113964
8 88 0.0121103
8 89 0.0122258
8 90 0.0101249
8 91 0.00565445
8 92 -0.000165211
8 93 -0.00740289
8 94 -0.0140504
8 95 -0.0203825
8 96 -0.0240405
8 97 -0.0262609
8 98 -0.0244613
8 99 -0.0198324
8 100 -0.0126131
8 101 -0.00251456
8 102 0.00704176
8 103 0.0164556
8 104 0.0227809
8 105 0.0255617
8 106 0.0241942
8 107 0.0186664
8 108 0.0104406
8 109 0.000434509
8 110 -0.00854959
8 111 -0.0156774
8 112 -0.0186984
8 113 -0.0175019
8 114 -0.0124717
8 115 -0.00402703
8 116 0.00483557
8 117 0.0133055
8 118 0.0186581
8 119 0

9 0 0
9 1 0.0181965
9 2 0.0135797
9 3 0.00608691
9 4 -0.00249846
9 5 -0.0102526
9 6 -0.0151316
9 7 -0.0163195
9 8 -0.0133906
9 9 -0.00682767
9 10 0.00149431
9 11 0.010451
9 12 0.0176209
9 13 0.0215446
9 14 0.0219879
9 15 0.017947
9 16 0.0110988
9 17 0.00229662
9 18 -0.00708128
9 19 -0.0149086
9 20 -0.0205542
9 21 -0.0229732
9 22 -0.0220923
9 23 -0.0181039
9 24 -0.0122701
9 25 -0.00482383
9 26 0.00238497
9 27 0.00819678
9 28 0.0121735
9 29 0.0126944
9 30 0.0113446
9 31 0.00853581
9 32 0.00578749
9 33 0.00375228
9 34 0.00296349
9 35 0.00188995
9 36 0.00017949
9 37 -0.00213359
9 38 -0.0060263
9 39 -0.0103757
9 40 -0.0153209
9 41 -0.0196896
9 42 -0.022763
9 43 -0.0221484
9 44 -0.0192562
9 45 -0.0142814
9 46 -0.0085244
9 47 -0.00257621
9 48 0.00172073
9 49 0.00430027
9 50 0.00466083
9 51 0.00355548
9 52 0.00254148
9 53 0.00277293
9 54 0.00419191
9 55 0.00693238
9 56 0.0114992
9 57 0.0162515
9 58 0.0194251
9 59 0.0204205
9 60 0.0199649
9 61 0.0173264
9 62 0.0131359
9 63 0.00911161
9 64 0.00695869
9 65 0.00607932
9 66 0.00643419
9 67 0.00793597
9 68 0.00955343
9 69 0.00953142
9 70 0.00726471
9 71 0.00301487
9 72 -0.00298446
9 73 -0.00914487
9 74 -0.0146972
9 75 -0.0185588
9 76 -0.0203616
9 77 -0.0188069
9 78 -0.0161459
9 79 -0.0130299
9 80 -0.0105615
9 81 -0.00831106
9 82 -0.00745506
9 83 -0.00652779
9 84 -0.0057898
9 85 -0.00432566
9 86 -0.00101773
9 87 0.0040265
9 88 0.00961431
9 89 0.01429
9 90 0.0171348
9 91 0.0161591
9 92 0.012736
9 93 0.00656968
9 94 -0.000983556
9 95 -0.00873907
9 96 -0.0158236
9 97 -0.0210961
9 98 -0.0235432
9 99 -0.0226036
9 100 -0.0187498
9 101 -0.0115561
9 102 -0.00316472
9 103 0.0057337
9 104 0.0136704
9 105 0.0186062
9 106 0.0206604
9 107 0.0187814
9 108 0.013739
9 109 0.00679107
9 110 -0.0010775
9 111 -0.00788034
9 112 -0.0123992
9 113 -0.0138983
9 114 -0.0118258
9 115 -0.00680182
9 116 6.28244e-05
9 117 0.00746238
9 118 0.0133325
9 119 0

10 0 0
10 1 0.0120556
10 2 0.00711502
10 3 0.000489015
10 4 -0.00548423
10 5 -0.00993666
10 6 -0.0115185
10 7 -0.00964523
10 8 -0.00525485
10 9 0.00149431
10 10 0.00850111
10 11 0.0145927
10 12 0.0184482
10 13 0.0185609
10 14 0.0156122
10 15 0.00895267
10 16 0.000465908
10 17 -0.00840514
10 18 -0.0166932
10 19 -0.021955
10 20 -0.0242689
10 21 -0.022799
10 22 -0.0178563
10 23 -0.0101104
10 24 -0.0010232
10 25 0.00820326
10 26 0.0161026
10 27 0.0204718
10 28 0.0217846
10 29 0.0186211
10 30 0.0126964
10 31 0.00567574
10 32 -0.000884705
10 33 -0.00569587
10 34 -0.00881385
10 35 -0.0106921
10 36 -0.0126121
10 37 -0.0138249
10 38 -0.0159983
10 39 -0.0183366
10 40 -0.0211043
10 41 -0.0231779
10 42 -0.0236429
10 43 -0.0207409
10 44 -0.015209
10 45 -0.00831301
10 46 -0.000383859
10 47 0.007192
10 48 0.0132519
10 49 0.0164866
10 50 0.0177013
10 51 0.016878
10 52 0.0162606
10 53 0.0161924
10 54 0.017772
10 55 0.020386
10 56 0.0250831
10 57 0.0296038
10 58 0.0329672
10 59 0.0338392
10 60 0.0334338
10 61 0.0305529
10 62 0.0265467
10 63 0.022406
10 64 0.0204061
10 65 0.0194905
10 66 0.0202925
10 67 0.0216695
10 68 0.023311
10 69 0.0228714
10 70 0.0204268
10 71 0.0149917
10 72 0.00797777
10 73 0.000277733
10 74 -0.00655363
10 75 -0.0125321
10 76 -0.0161373
10 77 -0.0170077
10 78 -0.0165545
10 79 -0.0160102
10 80 -0.0160842
10 81 -0.0166628
10 82 -0.0181381
10 83 -0.0187329
10 84 -0.0189376
10 85 -0.0170824
10 86 -0.0127596
10 87 -0.00535376
10 88 0.0033922
10 89 0.0124156
10 90 0.0192476
10 91 0.0223175
10 92 0.0221784
10 93 0.0179865
10 94 0.0114595
10 95 0.00330409
10 96 -0.00502023
10 97 -0.0127474
10 98 -0.0182368
10 99 -0.0212448
10 100 -0.0214582
10 101 -0.018002
10 102 -0.0127509
10 103 -0.00546772
10 104 0.00198757
10 105 0.00834546
10 106 0.0131843
10 107 0.0151128
10 108 0.0147168
10 109 0.0117355
10 110 0.00710056
10 111 0.00182218
10 112 -0.00328421
10 113 -0.00671005
10 114 -0.00820845
10 115 -0.00718704
10 116 -0.0039059
10 117 0.000608064
10 118 0.00557307
10 119 0

11 0 0
11 1 0.00429185
11 2 -0.000303417
11 3 -0.00469308
11 4 -0.0072329
11 5 -0.00797373
11 6 -0.00557684
11 7 -0.00129782
11 8 0.0042287
11 9 0.010451
11 10 0.0145927
11 11 0.0172763
11 12 0.0165294
11 13 0.0125575
11 14 0.00653149
11 15 -0.00197763
11 16 -0.0102489
11 17 -0.0180078
11 18 -0.023137
11 19 -0.0254482
11 20 -0.0238056
11 21 -0.0183491
11 22 -0.0109199
11 23 -0.000218352
11 24 0.00956226
11 25 0.019045
11 26 0.0255848
11 27 0.0278286
11 28 0.0257445
11 29 0.0185587
11 30 0.00963516
11 31 -0.000874562
11 32 -0.00894265
11 33 -0.015604
11 34 -0.0184581
11 35 -0.019925
11 36 -0.0200808
11 37 -0.0191081
11 38 -0.0184967
11 39 -0.0178835
11 40 -0.0185574
11 41 -0.017796
11 42 -0.0167696
11 43 -0.0117875
11 44 -0.00578144
11 45 0.00241301
11 46 0.0100057
11 47 0.0183492
11 48 0.0237968
11 49 0.0270794
11 50 0.0272894
11 51 0.0264494
11 52 0.0248007
11 53 0.0241336
11 54 0.0246901
11 55 0.0269447
11 56 0.0306976
11 57 0.0346862
11 58 0.0375633
11 59 0.0384526
11 60 0.037759
11 61 0.0350729
11 62 0.0313762
11 63 0.0278983
11 64 0.0261162
11 65 0.0259943
11 66 0.0273766
11 67 0.0296649
11 68 0.0314774
11 69 0.0321007
11 70 0.0299796
11 71 0.0254588
11 72 0.0182785
11 73 0.0114915
11 74 0.00413835
11 75 -0.00150647
11 76 -0.00639401
11 77 -0.00787035
11 78 -0.00969348
11 79 -0.0105477
11 80 -0.0135698
11 81 -0.016754
11 82 -0.0212157
11 83 -0.0241678
11 84 -0.0263961
11 85 -0.0261835
11 86 -0.0220543
11 87 -0.0149416
11 88 -0.00442127
11 89 0.00609978
11 90 0.0164523
11 91 0.0225439
11 92 0.0257709
11 93 0.0241709
11 94 0.0200754
11 95 0.0137682
11 96 0.00540121
11 97 -0.00214467
11 98 -0.0101103
11 99 -0.0158755
11 100 -0.0199719
11 101 -0.0209803
11 102 -0.0198259
11 103 -0.0161117
11 104 -0.010064
11 105 -0.00397822
11 106 0.0034755
11 107 0.00909754
11 108 0.0133003
11 109 0.0155304
11 110 0.01447
11 111 0.0119876
11 112 0.00716396
11 113 0.00201436
11 114 -0.00264895
11 115 -0.0062327
11 116 -0.0071294
11 117 -0.0062312
11 118 -0.00307872
11 119 0

12 0 0
12 1 -0.00436713
12 2 -0.00791988
12 3 -0.00947416
12 4 -0.00782323
12 5 -0.00402947
12 6 0.00187656
12 7 0.00827535
12 8 0.0137558
12 9 0.0176209
12 10 0.0184482
12 11 0.0165294
12 12 0.0116528
12 13 0.00467703
12 14 -0.00358478
12 15 -0.0118142
12 16 -0.0187579
12 17 -0.0236508
12 18 -0.025076
12 19 -0.0238007
12 20 -0.0188527
12 21 -0.0115499
12 22 -0.00257574
12 23 0.00773873
12 24 0.016823
12 25 0.0245124
12 26 0.0284346
12 27 0.0280341
12 28 0.0227966
12 29 0.0138598
12 30 0.00255824
12 31 -0.00833962
12 32 -0.0163359
12 33 -0.0217341
12 34 -0.0231926
12 35 -0.0224757
12 36 -0.0196634
12 37 -0.0161275
12 38 -0.0120695
12 39 -0.00948338
12 40 -0.00767149
12 41 -0.00600362
12 42 -0.00358696
12 43 0.000748228
12 44 0.00651002
12 45 0.0131217
12 46 0.0194889
12 47 0.0259486
12 48 0.0299315
12 49 0.0314056
12 50 0.0301116
12 51 0.0281348
12 52 0.0250964
12 53 0.0231535
12 54 0.0222824
12 55 0.0237591
12 56 0.0260127
12 57 0.029174
12 58 0.0311373
12 59 0.0321451
12 60 0.0309442
12 61 0.0288057
12 62 0.0255209
12 63 0.0232
12 64 0.0217585
12 65 0.022765
12 66 0.0249908
12 67 0.0284591
12 68 0.0310403
12 69 0.033124
12 70 0.0326008
12 71 0.0297629
12 72 0.024527
12 73 0.0195292
12 74 0.0141895
12 75 0.00971832
12 76 0.00630535
12 77 0.00462898
12 78 0.00301641
12 79 0.000857225
12 80 -0.00300701
12 81 -0.00887852
12 82 -0.0151646
12 83 -0.0211741
12 84 -0.0256368
12 85 -0.0279778
12 86 -0.0261241
12 87 -0.0210921
12 88 -0.0119065
12 89 -0.001131
12 90 0.00924682
12 91 0.0172881
12 92 0.0223464
12 93 0.0238831
12 94 0.0223106
12 95 0.0189153
12 96 0.0130504
12 97 0.00678297
12 98 -0.000615598
12 99 -0.00793962
12 100 -0.0144527
12 101 -0.0197268
12 102 -0.0225299
12 103 -0.0228251
12 104 -0.019992
12 105 -0.0147887
12 106 -0.00719655
12 107 0.00114835
12 108 0.00941845
12 109 0.0162182
12 110 0.0198752
12 111 0.0206355
12 112 0.0172282
12 113 0.0113207
12 114 0.00384392
12 115 -0.0039133
12 116 -0.00925472
12 117 -0.0122942
12 118 -0.0114652
12 119 0

13 0 0
13 1 -0.0121229
13 2 -0.0133005
13 3 -0.0115872
13 4 -0.00591826
13 5 0.0013321
13 6 0.00931348
13 7 0.0164399
13 8 0.020408
13 9 0.0215446
13 10 0.0185609
13 11 0.0125575
13 12 0.00467703
13 13 -0.0042998
13 14 -0.0123115
13 15 -0.0186892
13 16 -0.0224939
13 17 -0.0235057
13 18 -0.0214105
13 19 -0.0171978
13 20 -0.0108984
13 21 -0.00324908
13 22 0.00420262
13 23 0.0121283
13 24 0.0183191
13 25 0.0225086
13 26 0.0237151
13 27 0.0207222
13 28 0.0140518
13 29 0.00458264
13 30 -0.00560223
13 31 -0.014651
13 32 -0.0199734
13 33 -0.0222462
13 34 -0.0207386
13 35 -0.0166258
13 36 -0.011036
13 37 -0.00463312
13 38 0.00136456
13 39 0.00563759
13 40 0.00780578
13 41 0.00961905
13 42 0.0110259
13 43 0.0135529
13 44 0.0166483
13 45 0.0203632
13 46 0.0236131
13 47 0.0269325
13 48 0.0282126
13 49 0.0270814
13 50 0.0239456
13 51 0.0203131
13 52 0.0160681
13 53 0.0124441
13 54 0.0105362
13 55 0.0106598
13 56 0.0118104
13 57 0.0134624
13 58 0.0149973
13 59 0.0155172
13 60 0.0144591
13 61 0.0123892
13 62 0.0102441
13 63 0.00861452
13 64 0.00810509
13 65 0.00966516
13 66 0.0130996
13 67 0.0172338
13 68 0.0209896
13 69 0.0243803
13 70 0.026071
13 71 0.0255282
13 72 0.0232814
13 73 0.0212896
13 74 0.0191114
13 75 0.017667
13 76 0.01688
13 77 0.0171498
13 78 0.0167673
13 79 0.0157001
13 80 0.0118641
13 81 0.00570824
13 82 -0.00185854
13 83 -0.00930978
13 84 -0.0163278
13 85 -0.0212055
13 86 -0.0228918
13 87 -0.0213686
13 88 -0.0157723
13 89 -0.00804709
13 90 0.00038595
13 91 0.00761106
13 92 0.0131852
13 93 0.0160005
13 94 0.0174087
13 95 0.017146
13 96 0.0151423
13 97 0.0122895
13 98 0.00724795
13 99 0.00103308
13 100 -0.00617087
13 101 -0.0135299
13 102 -0.0199958
13 103 -0.0240711
13 104 -0.0251577
13 105 -0.022584
13 106 -0.0159262
13 107 -0.0070793
13 108 0.00377877
13 109 0.0137529
13 110 0.0211814
13 111 0.0252635
13 112 0.0239268
13 113 0.0189018
13 114 0.0102557
13 115 0.000140823
13 116 -0.00863328
13 117 -0.0153926
13 118 -0.0173257
13 119 0

14 0 0
14 1 -0.0173562
14 2 -0.0168973
14 3 -0.0118158
14 4 -0.00342806
14 5 0.00648324
14 6 0.0158048
14 7 0.0220846
14 8 0.0244466
14 9 0.0219879
14 10 0.0156122
14 11 0.00653149
14 12 -0.00358478
14 13 -0.0123115
14 14 -0.0192623
14 15 -0.0220823
14 16 -0.0219669
14 17 -0.0189816
14 18 -0.0130866
14 19 -0.00754031
14 20 -0.000790847
14 21 0.00471585
14 22 0.00919744
14 23 0.0127803
14 24 0.014559
14 25 0.0150678
14 26 0.0127393
14 27 0.00885041
14 28 0.00161967
14 29 -0.00583327
14 30 -0.0133275
14 31 -0.0182622
14 32 -0.0192692
14 33 -0.0176396
14 34 -0.0122799
14 35 -0.0056548
14 36 0.00283823
14 37 0.0101672
14 38 0.0174863
14 39 0.0212023
14 40 0.0230206
14 41 0.0230325
14 42 0.0226092
14 43 0.0219225
14 44 0.0214613
14 45 0.0215052
14 46 0.0209449
14 47 0.0210079
14 48 0.0190588
14 49 0.0160192
14 50 0.0108965
14 51 0.00671264
14 52 0.00116935
14 53 -0.00279288
14 54 -0.00600365
14 55 -0.00612851
14 56 -0.00660259
14 57 -0.00545712
14 58 -0.00506855
14 59 -0.0041499
14 60 -0.00577027
14 61 -0.00686824
14 62 -0.00872266
14 63 -0.00897035
14 64 -0.00955931
14 65 -0.00704998
14 66 -0.00376086
14 67 0.00119509
14 68 0.00485517
14 69 0.00967151
14 70 0.0125116
14 71 0.0146609
14 72 0.014934
14 73 0.0164262
14 74 0.017425
14 75 0.0196621
14 76 0.0221058
14 77 0.0249996
14 78 0.0271723
14 79 0.0279892
14 80 0.0262456
14 81 0.020832
14 82 0.01439
14 83 0.00607185
14 84 -0.00150148
14 85 -0.00901702
14 86 -0.0135413
14 87 -0.0166478
14 88 -0.0156285
14 89 -0.0126038
14 90 -0.00822379
14 91 -0.00345153
14 92 0.000184629
14 93 0.00394432
14 94 0.00678887
14 95 0.0102323
14 96 0.0122145
14 97 0.0140329
14 98 0.0130057
14 99 0.00945611
14 100 0.00396052
14 101 -0.00472393
14 102 -0.0129693
14 103 -0.0208363
14 104 -0.0257137
14 105 -0.0263761
14 106 -0.0225252
14 107 -0.0142057
14 108 -0.00323077
14 109 0.00904847
14 110 0.0192813
14 111 0.0261732
14 112 0.0277935
14 113 0.0236515
14 114 0.0153137
14 115 0.00387472
14 116 -0.00738351
14 117 -0.0161771
14 118 -0.020593
14 119 0

15 0 0
15 1 -0.0198463
15 2 -0.0168662
15 3 -0.00933796
15 4 0.000980562
15 5 0.0118385
15 6 0.0202104
15 7 0.0246283
15 8 0.0238769
15 9 0.017947
15 10 0.00895267
15 11 -0.00197763
15 12 -0.0118142
15 13 -0.0186892
15 14 -0.0220823
15 15 -0.0206957
15 16 -0.0162794
15 17 -0.0095209
15 18 -0.00214533
15 19 0.00408245
15 20 0.00850647
15 21 0.0103121
15 22 0.0102604
15 23 0.00829362
15 24 0.00594263
15 25 0.00262551
15 26 -0.00104013
15 27 -0.00539056
15 28 -0.0104642
15 29 -0.0142212
15 30 -0.0171283
15 31 -0.0167798
15 32 -0.0134947
15 33 -0.00729833
15 34 7.0537e-05
15 35 0.00873969
15 36 0.017334
15 37 0.0246565
15 38 0.0304121
15 39 0.0325347
15 40 0.0321919
15 41 0.0296215
15 42 0.0266742
15 43 0.0222918
15 44 0.0186234
15 45 0.0146897
15 46 0.0115488
15 47 0.00818398
15 48 0.00476659
15 49 -8.14602e-05
15 50 -0.00498333
15 51 -0.00968249
15 52 -0.0142985
15 53 -0.0185923
15 54 -0.021151
15 55 -0.021986
15 56 -0.0224612
15 57 -0.0224666
15 58 -0.0219472
15 59 -0.0215607
15 60 -0.0225436
15 61 -0.0236654
15 62 -0.0243298
15 63 -0.0245353
15 64 -0.0245035
15 65 -0.0227423
15 66 -0.0193957
15 67 -0.0156675
15 68 -0.0119866
15 69 -0.0079395
15 70 -0.00399349
15 71 -0.00115911
15 72 0.00172713
15 73 0.00489072
15 74 0.00914729
15 75 0.0137841
15 76 0.0196093
15 77 0.0246467
15 78 0.0298323
15 79 0.0331852
15 80 0.0344243
15 81 0.031869
15 82 0.0276738
15 83 0.0212878
15 84 0.0141974
15 85 0.00683273
15 86 -0.000397537
15 87 -0.00641497
15 88 -0.0104649
15 89 -0.0122292
15 90 -0.0134122
15 91 -0.0127724
15 92 -0.012034
15 93 -0.0099416
15 94 -0.00653797
15 95 -0.00150508
15 96 0.00468587
15 97 0.0104496
15 98 0.0146185
15 99 0.0152713
15 100 0.0125961
15 101 0.00576426
15 102 -0.00299339
15 103 -0.0124899
15 104 -0.0207607
15 105 -0.0249077
15 106 -0.0249156
15 107 -0.0194771
15 108 -0.0099489
15 109 0.00160526
15 110 0.0132905
15 111 0.0220123
15 112 0.0262254
15 113 0.0249605
15 114 0.0183752
15 115 0.00820344
15 116 -0.00330784
15 117 -0.0134864
15 118 -0.0197733
15 119 0

16 0 0
16 1 -0.0185295
16 2 -0.0137754
16 3 -0.00467976
16 4 0.00581687
16 5 0.015598
16 6 0.0220252
16 7 0.0232606
16 8 0.0195994
16 9 0.0110988
16 10 0.000465908
16 11 -0.0102489
16 12 -0.0187579
16 13 -0.0224939
16 14 -0.0219669
16 15 -0.0162794
16 16 -0.00778681
16 17 0.00128797
16 18 0.00972949
16 19 0.0143994
16 20 0.0157052
16 21 0.0132563
16 22 0.00802052
16 23 0.00145629
16 24 -0.00490234
16 25 -0.0103459
16 26 -0.0148265
16 27 -0.0173098
16 28 -0.0192411
16 29 -0.0187941
16 30 -0.0162254
16 31 -0.0111089
16 32 -0.00370874
16 33 0.00454819
16 34 0.0131283
16 35 0.0210241
16 36 0.0283469
16 37 0.0331207
16 38 0.0360508
16 39 0.0354098
16 40 0.0323084
16 41 0.0274306
16 42 0.0219093
16 43 0.0153854
16 44 0.00888175
16 45 0.00320494
16 46 -0.00195889
16 47 -0.00624481
16 48 -0.0105694
16 49 -0.0146137
16 50 -0.0187256
16 51 -0.0216432
16 52 -0.0249391
16 53 -0.0275133
16 54 -0.0293375
16 55 -0.0294647
16 56 -0.0301221
16 57 -0.0301257
16 58 -0.0299578
16 59 -0.0293267
16 60 -0.0301976
16 61 -0.0306358
16 62 -0.030963
16 63 -0.0307225
16 64 -0.0311296
16 65 -0.0299648
16 66 -0.0282116
16 67 -0.0258643
16 68 -0.0240705
16 69 -0.0211501
16 70 -0.0184309
16 71 -0.0153494
16 72 -0.0123213
16 73 -0.00808418
16 74 -0.00315143
16 75 0.00325389
16 76 0.0100928
16 77 0.0168536
16 78 0.0235439
16 79 0.0294591
16 80 0.033433
16 81 0.0345357
16 82 0.033939
16 83 0.030744
16 84 0.026461
16 85 0.0204168
16 86 0.013499
16 87 0.00550995
16 88 -0.00166252
16 89 -0.00830218
16 90 -0.0137776
16 91 -0.0178609
16 92 -0.021094
16 93 -0.0214591
16 94 -0.0191814
16 95 -0.0134486
16 96 -0.00528461
16 97 0.00432653
16 98 0.0124522
16 99 0.0178702
16 100 0.0191913
16 101 0.015009
16 102 0.00768186
16 103 -0.00253944
16 104 -0.0125301
16 105 -0.0200035
16 106 -0.0236797
16 107 -0.0219443
16 108 -0.0158534
16 109 -0.00611163
16 110 0.00474176
16 111 0.014429
16 112 0.0209327
16 113 0.0224149
16 114 0.0190813
16 115 0.0113961
16 116 0.00144085
16 117 -0.00823322
16 118 -0.0154481
16 119 0

17 0 0
17 1 -0.0145143
17 2 -0.00861171
17 3 0.000841023
17 4 0.0100908
17 5 0.0179781
17 6 0.0212854
17 7 0.0192909
17 8 0.0129393
17 9 0.00229662
17 10 -0.00840514
17 11 -0.0180078
17 12 -0.0236508
17 13 -0.0235057
17 14 -0.0189816
17 15 -0.0095209
17 16 0.00128797
17 17 0.0116314
17 18 0.0189889
17 19 0.0216593
17 20 0.0193728
17 21 0.0124273
17 22 0.003592
17 23 -0.00676463
17 24 -0.0147922
17 25 -0.0209828
17 26 -0.0241449
17 27 -0.0241291
17 28 -0.0222771
17 29 -0.0170695
17 30 -0.0104929
17 31 -0.00161544
17 32 0.00713531
17 33 0.0161134
17 34 0.0227183
17 35 0.0280514
17 36 0.031678
17 37 0.0327166
17 38 0.0318959
17 39 0.0280842
17 40 0.0230891
17 41 0.0163953
17 42 0.0104363
17 43 0.00283015
17 44 -0.00363536
17 45 -0.00988865
17 46 -0.0141691
17 47 -0.0183752
17 48 -0.0209987
17 49 -0.0234354
17 50 -0.0245873
17 51 -0.0252829
17 52 -0.0255916
17 53 -0.026157
17 54 -0.0260888
17 55 -0.0256064
17 56 -0.0256469
17 57 -0.025792
17 58 -0.0254959
17 59 -0.0249653
17 60 -0.0252688
17 61 -0.0253451
17 62 -0.0250838
17 63 -0.0249509
17 64 -0.0255519
17 65 -0.0257817
17 66 -0.0256966
17 67 -0.025925
17 68 -0.0261741
17 69 -0.0260128
17 70 -0.0250048
17 71 -0.0237898
17 72 -0.0213485
17 73 -0.0186611
17 74 -0.0141139
17 75 -0.00894193
17 76 -0.00233194
17 77 0.00331633
17 78 0.0104911
17 79 0.0168161
17 80 0.0231334
17 81 0.0271639
17 82 0.0305236
17 83 0.0313934
17 84 0.0311949
17 85 0.0288124
17 86 0.0236435
17 87 0.0167673
17 88 0.00822757
17 89 -0.000327672
17 90 -0.00956642
17 91 -0.0169512
17 92 -0.0239235
17 93 -0.02727
17 94 -0.0273338
17 95 -0.0229889
17 96 -0.0142517
17 97 -0.00364413
17 98 0.00776988
17 99 0.0164884
17 100 0.0216608
17 101 0.0210568
17 102 0.0162818
17 103 0.00743892
17 104 -0.00311943
17 105 -0.0122902
17 106 -0.0197329
17 107 -0.0218446
17 108 -0.0198911
17 109 -0.0136806
17 110 -0.00442464
17 111 0.00461862
17 112 0.012834
17 113 0.0170819
17 114 0.0173006
17 115 0.0135411
17 116 0.00632944
17 117 -0.00138653
17 118 -0.00856263
17 119 0

18 0 0
18 1 -0.00775389
18 2 -0.000718685
18 3 0.00759231
18 4 0.0145572
18 5 0.0183513
18 6 0.0176084
18 7 0.0122289
18 8 0.00347711
18 9 -0.00708128
18 10 -0.0166932
18 11 -0.023137
18 12 -0.025076
18 13 -0.0214105
18 14 -0.0130866
18 15 -0.00214533
18 16 0.00972949
18 17 0.0189889
18 18 0.0238804
18 19 0.0238303
18 20 0.0176913
18 21 0.00825634
18 22 -0.00318147
18 23 -0.014091
18 24 -0.0219485
18 25 -0.0265141
18 26 -0.0266698
18 27 -0.0237294
18 28 -0.017665
18 29 -0.00964744
18 30 0.000208476
18 31 0.00978693
18 32 0.018068
18 33 0.0245058
18 34 0.0272495
18 35 0.0281029
18 36 0.0265511
18 37 0.0235862
18 38 0.0184635
18 39 0.0129486
18 40 0.00649156
18 41 0.000618828
18 42 -0.00480573
18 43 -0.0104074
18 44 -0.0155716
18 45 -0.0196014
18 46 -0.022
18 47 -0.0239916
18 48 -0.0242077
18 49 -0.023651
18 50 -0.0214502
18 51 -0.0192512
18 52 -0.0163714
18 53 -0.0146658
18 54 -0.0126014
18 55 -0.0116578
18 56 -0.0109608
18 57 -0.0114582
18 58 -0.0109068
18 59 -0.0108034
18 60 -0.0102647
18 61 -0.0101865
18 62 -0.00910094
18 63 -0.00925691
18 64 -0.00975267
18 65 -0.0114772
18 66 -0.0130029
18 67 -0.0159047
18 68 -0.0183583
18 69 -0.0211319
18 70 -0.0225425
18 71 -0.0235993
18 72 -0.0231315
18 73 -0.0226953
18 74 -0.0207039
18 75 -0.01788
18 76 -0.0143322
18 77 -0.0109307
18 78 -0.00628503
18 79 -0.0005511
18 80 0.00551629
18 81 0.0121159
18 82 0.017979
18 83 0.0234301
18 84 0.0274039
18 85 0.0299884
18 86 0.0286075
18 87 0.0248568
18 88 0.0180317
18 89 0.00931768
18 90 -0.000299891
18 91 -0.00997315
18 92 -0.0188194
18 93 -0.0257421
18 94 -0.0285182
18 95 -0.0273101
18 96 -0.020687
18 97 -0.0110454
18 98 0.000351292
18 99 0.011282
18 100 0.0186785
18 101 0.0222736
18 102 0.02072
18 103 0.0147624
18 104 0.00606282
18 105 -0.00366942
18 106 -0.0125546
18 107 -0.0185552
18 108 -0.0208022
18 109 -0.0192403
18 110 -0.0137727
18 111 -0.00630479
18 112 0.00182025
18 113 0.00905104
18 114 0.0133167
18 115 0.0143739
18 116 0.01199
18 117 0.00679709
18 118 0.000799887
18 119 0

19 0 0
19 1 -0.000210653
19 2 0.00640828
19 3 0.0127903
19 4 0.0163971
19 5 0.0166685
19 6 0.0124079
19 7 0.00465294
19 8 -0.00492859
19 9 -0.0149086
19 10 -0.021955
19 11 -0.0254482
19 12 -0.0238007
19 13 -0.0171978
19 14 -0.00754031
19 15 0.00408245
19 16 0.0143994
19 17 0.0216593
19 18 0.0238303
19 19 0.020827
19 20 0.0128693
19 21 0.00203598
19 22 -0.00863859
19 23 -0.0184009
19 24 -0.0235976
19 25 -0.0251159
19 26 -0.022498
19 27 -0.0161858
19 28 -0.00791694
19 29 0.00195068
19 30 0.0115765
19 31 0.0203326
19 32 0.0254484
19 33 0.0276304
19 34 0.0254032
19 35 0.0208888
19 36 0.0149139
19 37 0.00780402
19 38 0.000689214
19 39 -0.00589438
19 40 -0.0107765
19 41 -0.0148091
19 42 -0.0168261
19 43 -0.0193626
19 44 -0.0209334
19 45 -0.021997
19 46 -0.0213578
19 47 -0.0207791
19 48 -0.0183982
19 49 -0.0148597
19 50 -0.00992988
19 51 -0.0049943
19 52 1.15938e-06
19 53 0.0039146
19 54 0.00675799
19 55 0.00825776
19 56 0.00851529
19 57 0.00806179
19 58 0.00780336
19 59 0.00806382
19 60 0.00859874
19 61 0.00967445
19 62 0.0109212
19 63 0.0115119
19 64 0.0107909
19 65 0.00878255
19 66 0.00554921
19 67 0.00124199
19 68 -0.00329386
19 69 -0.0079203
19 70 -0.0116109
19 71 -0.0143825
19 72 -0.0159546
19 73 -0.0179495
19 74 -0.0188749
19 75 -0.0196669
19 76 -0.0199211
19 77 -0.020873
19 78 -0.0197184
19 79 -0.017465
19 80 -0.0126505
19 81 -0.00652495
19 82 0.00119302
19 83 0.0088855
19 84 0.0169642
19 85 0.0236322
19 86 0.0270906
19 87 0.0275464
19 88 0.0240171
19 89 0.018226
19 90 0.0100638
19 91 0.00123227
19 92 -0.00865085
19 93 -0.0166765
19 94 -0.0226213
19 95 -0.0248404
19 96 -0.0219424
19 97 -0.0157748
19 98 -0.00622287
19 99 0.0038075
19 100 0.0126901
19 101 0.0183273
19 102 0.020371
19 103 0.0180193
19 104 0.0119278
19 105 0.00400884
19 106 -0.00562252
19 107 -0.0136468
19 108 -0.0196406
19 109 -0.0222117
19 110 -0.0203557
19 111 -0.0156167
19 112 -0.00779328
19 113 0.000503718
19 114 0.00800133
19 115 0.0133912
19 116 0.0150549
19 117 0.0138503
19 118 0.00956296
19 119 0

20 0 0
20 1 0.00758471
20 2 0.0135444
20 3 0.0171249
20 4 0.0168601
20 5 0.0129161
20 6 0.00533486
20 7 -0.0039104
20 8 -0.0131864
20 9 -0.0205542
20 10 -0.0242689
20 11 -0.0238056
20 12 -0.0188527
20 13 -0.0108984
20 14 -0.000790847
20 15 0.00850647
20 16 0.0157052
20 17 0.0193728
20 18 0.0176913
20 19 0.0128693
20 20 0.00419873
20 21 -0.00509488
20 22 -0.0131717
20 23 -0.0186903
20 24 -0.0196902
20 25 -0.0173375
20 26 -0.0110232
20 27 -0.00325899
20 28 0.00614952
20 29 0.0149892
20 30 0.0230406
20 31 0.0280209
20 32 0.0285406
20 33 0.0256245
20 34 0.0181086
20 35 0.0092014
20 36 -0.000889089
20 37 -0.00961026
20 38 -0.0178061
20 39 -0.0225715
20 40 -0.0250468
20 41 -0.0247392
20 42 -0.0229137
20 43 -0.0208432
20 44 -0.0187568
20 45 -0.0164773
20 46 -0.0133102
20 47 -0.0108015
20 48 -0.00659528
20 49 -0.0015463
20 50 0.00523189
20 51 0.0110903
20 52 0.0175145
20 53 0.021795
20 54 0.0251389
20 55 0.0255697
20 56 0.0255276
20 57 0.0237791
20 58 0.0232104
20 59 0.0225174
20 60 0.0238329
20 61 0.0250561
20 62 0.0275072
20 63 0.0283355
20 64 0.0287719
20 65 0.0263903
20 66 0.0231524
20 67 0.0178059
20 68 0.0130509
20 69 0.00725156
20 70 0.00308621
20 71 -0.000626177
20 72 -0.00290672
20 73 -0.00656267
20 74 -0.00974753
20 75 -0.0137277
20 76 -0.0181144
20 77 -0.0232778
20 78 -0.0270662
20 79 -0.0287155
20 80 -0.0276005
20 81 -0.02288
20 82 -0.0163692
20 83 -0.00730152
20 84 0.00238342
20 85 0.0125444
20 86 0.0196484
20 87 0.024963
20 88 0.0260481
20 89 0.024414
20 90 0.020284
20 91 0.0141371
20 92 0.00651938
20 93 -0.0022219
20 94 -0.00973695
20 95 -0.0158833
20 96 -0.017801
20 97 -0.0169006
20 98 -0.0119444
20 99 -0.00491124
20 100 0.00250145
20 101 0.00994238
20 102 0.0144978
20 103 0.0165279
20 104 0.0147618
20 105 0.00980572
20 106 0.00215289
20 107 -0.00666068
20 108 -0.0150094
20 109 -0.0216084
20 110 -0.0241399
20 111 -0.0230101
20 112 -0.017282
20 113 -0.00849618
20 114 0.00136498
20 115 0.0109477
20 116 0.017205
20 117 0.0197969
20 118 0.0178265
20 119 0

21 0 0
21 1 0.0145302
21 2 0.0184513
21 3 0.0189431
21 4 0.014682
21 5 0.00707334
21 6 -0.00227731
21 7 -0.0119723
21 8 -0.019114
