0 0 0
0 1 0
0 2 0
0 3 0
0 4 0
0 5 0
0 6 0
0 7 0
0 8 0
0 9 0
0 10 0
0 11 0
0 12 0
0 13 0
0 14 0
0 15 0
0 16 0
0 17 0
0 18 0
0 19 0
0 20 0
0 21 0
0 22 0
0 23 0
0 24 0
0 25 0
0 26 0
0 27 0
0 28 0
0 29 0
0 30 0
0 31 0
0 32 0
0 33 0
0 34 0
0 35 0
0 36 0
0 37 0
0 38 0
0 39 0
0 40 0
0 41 0
0 42 0
0 43 0
0 44 0
0 45 0
0 46 0
0 47 0
0 48 0
0 49 0
0 50 0
0 51 0
0 52 0
0 53 0
0 54 0
0 55 0
0 56 0
0 57 0
0 58 0
0 59 0
0 60 0
0 61 0
0 62 0
0 63 0
0 64 0
0 65 0
0 66 0
0 67 0
0 68 0
0 69 0
0 70 0
0 71 0
0 72 0
0 73 0
0 74 0
0 75 0
0 76 0
0 77 0
0 78 0
0 79 0
0 80 0
0 81 0
0 82 0
0 83 0
0 84 0
0 85 0
0 86 0
0 87 0
0 88 0
0 89 0
0 90 0
0 91 0
0 92 0
0 93 0
0 94 0
0 95 0
0 96 0
0 97 0
0 98 0
0 99 0
0 100 0
0 101 0
0 102 0
0 103 0
0 104 0
0 105 0
0 106 0
0 107 0
0 108 0
0 109 0
0 110 0
0 111 0
0 112 0
0 113 0
0 114 0
0 115 0
0 116 0
0 117 0
0 118 0
0 119 0

1 0 0
1 1 -0.0209611
1 2 -0.0146388
1 3 -0.00824479
1 4 -5.71414e-05
1 5 0.0103028
1 6 0.0171135
1 7 0.0205682
1 8 0.0225611
1 9 0.019577
1 10 0.0122552
1 11 0.00365637
1 12 -0.00624492
1 13 -0.0146376
1 14 -0.0200546
1 15 -0.0235108
1 16 -0.0223953
1 17 -0.0175941
1 18 -0.0119142
1 19 -0.0044928
1 20 0.00314201
1 21 0.0102482
1 22 0.016476
1 23 0.0193858
1 24 0.0202119
1 25 0.0194924
1 26 0.0175144
1 27 0.0154199
1 28 0.0118063
1 29 0.00724407
1 30 0.00162888
1 31 -0.00479948
1 32 -0.0106794
1 33 -0.0162577
1 34 -0.0203381
1 35 -0.0232283
1 36 -0.0246901
1 37 -0.0246384
1 38 -0.023637
1 39 -0.0212965
1 40 -0.0184619
1 41 -0.0147836
1 42 -0.0109235
1 43 -0.00680268
1 44 -0.00268378
1 45 0.00121687
1 46 0.00501889
1 47 0.00831533
1 48 0.0114708
1 49 0.0140193
1 50 0.0164191
1 51 0.0182419
1 52 0.0199303
1 53 0.0211398
1 54 0.0222405
1 55 0.0229775
1 56 0.0236337
1 57 0.0240253
1 58 0.0243591
1 59 0.0244929
1 60 0.0245817
1 61 0.0244929
1 62 0.0243591
1 63 0.0240253
1 64 0.0236337
1 65 0.0229775
1 66 0.0222405
1 67 0.0211398
1 68 0.0199303
1 69 0.0182419
1 70 0.0164191
1 71 0.0140193
1 72 0.0114708
1 73 0.00831535
1 74 0.00501893
1 75 0.001217
1 76 -0.00268336
1 77 -0.00680142
1 78 -0.0109199
1 79 -0.014774
1 80 -0.0184385
1 81 -0.0212434
1 82 -0.0235269
1 83 -0.024431
1 84 -0.0243423
1 85 -0.022724
1 86 -0.0197439
1 87 -0.0157872
1 88 -0.0107123
1 89 -0.00577149
1 90 -0.000487425
1 91 0.0043716
1 92 0.0093009
1 93 0.0147259
1 94 0.0194508
1 95 0.0234298
1 96 0.0242834
1 97 0.0218576
1 98 0.0170371
1 99 0.00972989
1 100 0.00198518
1 101 -0.00682621
1 102 -0.0155451
1 103 -0.0210404
1 104 -0.0239246
1 105 -0.0231766
1 106 -0.0189421
1 107 -0.012697
1 108 -0.00295858
1 109 0.00711108
1 110 0.0141804
1 111 0.020209
1 112 0.022549
1 113 0.0189973
1 114 0.013972
1 115 0.00753752
1 116 -0.00206867
1 117 -0.0104438
1 118 -0.01572
1 119 0

2 0 0
2 1 -0.0146388
2 2 -0.0109089
2 3 -0.00410167
2 4 0.00550654
2 5 0.0125888
2 6 0.0171183
2 7 0.0205208
2 8 0.0185801
2 9 0.0122496
2 10 0.00584284
2 11 -0.00256548
2 12 -0.0110577
2 13 -0.0156628
2 14 -0.019223
2 15 -0.0207515
2 16 -0.0179094
2 17 -0.0130505
2 18 -0.00562596
2 19 0.00262318
2 20 0.00926029
2 21 0.0157766
2 22 0.0197445
2 23 0.0204461
2 24 0.018776
2 25 0.0141812
2 26 0.00957455
2 27 0.00505503
2 28 0.00068994
2 29 -0.00293128
2 30 -0.00721383
2 31 -0.0108373
2 32 -0.0142722
2 33 -0.0168725
2 34 -0.018101
2 35 -0.0185751
2 36 -0.0174533
2 37 -0.0158112
2 38 -0.0131244
2 39 -0.010074
2 40 -0.00673712
2 41 -0.00313967
2 42 0.000152345
2 43 0.00358129
2 44 0.00640888
2 45 0.00922463
2 46 0.0114053
2 47 0.0134373
2 48 0.0149611
2 49 0.0162428
2 50 0.0172051
2 51 0.0178838
2 52 0.0184283
2 53 0.0186888
2 54 0.0189651
2 55 0.0189802
2 56 0.0191177
2 57 0.0190225
2 58 0.0191156
2 59 0.0189978
2 60 0.0190992
2 61 0.0189978
2 62 0.0191156
2 63 0.0190225
2 64 0.0191177
2 65 0.0189802
2 66 0.0189651
2 67 0.0186888
2 68 0.0184283
2 69 0.0178838
2 70 0.0172051
2 71 0.0162428
2 72 0.0149611
2 73 0.0134373
2 74 0.0114054
2 75 0.00922491
2 76 0.00640974
2 77 0.00358376
2 78 0.000159034
2 79 -0.00312283
2 80 -0.00669789
2 81 -0.00999004
2 82 -0.0129607
2 83 -0.015525
2 84 -0.017015
2 85 -0.0180137
2 86 -0.0175669
2 87 -0.0166795
2 88 -0.0148442
2 89 -0.0124917
2 90 -0.00981602
2 91 -0.0056416
2 92 -0.000765673
2 93 0.0059777
2 94 0.0128257
2 95 0.0183019
2 96 0.0218685
2 97 0.0216205
2 98 0.0195009
2 99 0.0148319
2 100 0.0074291
2 101 -0.000499718
2 102 -0.00917056
2 103 -0.0152276
2 104 -0.0180648
2 105 -0.0197812
2 106 -0.0176228
2 107 -0.0129407
2 108 -0.00766619
2 109 -0.000175985
2 110 0.00668115
2 111 0.0122359
2 112 0.0175019
2 113 0.0179959
2 114 0.0143403
2 115 0.0103754
2 116 0.0033986
2 117 -0.005224
2 118 -0.0100032
2 119 0

3 0 0
3 1 -0.00824479
3 2 -0.00410167
3 3 0.00351368
3 4 0.00965741
3 5 0.011535
3 6 0.0139497
3 7 0.0144531
3 8 0.00916941
3 9 0.00389667
3 10 -0.000589704
3 11 -0.00746845
3 12 -0.0123758
3 13 -0.0147859
3 14 -0.0162535
3 15 -0.0137308
3 16 -0.00940993
3 17 -0.00390503
3 18 0.00433296
3 19 0.0104582
3 20 0.0144253
3 21 0.017068
3 22 0.0163659
3 23 0.0145727
3 24 0.0102206
3 25 0.00384971
3 26 -0.00160146
3 27 -0.00695998
3 28 -0.00991242
3 29 -0.0116351
3 30 -0.012851
3 31 -0.0127194
3 32 -0.0129857
3 33 -0.0118369
3 34 -0.0104318
3 35 -0.00824746
3 36 -0.00519821
3 37 -0.00239684
3 38 0.00124184
3 39 0.00401553
3 40 0.00714197
3 41 0.00941301
3 42 0.0114273
3 43 0.0129696
3 44 0.0137858
3 45 0.0145754
3 46 0.0144272
3 47 0.0145771
3 48 0.0138162
3 49 0.0135113
3 50 0.0124729
3 51 0.0119141
3 52 0.0108551
3 53 0.0102218
3 54 0.00931019
3 55 0.00874282
3 56 0.00807229
3 57 0.0076705
3 58 0.00728207
3 59 0.00711145
3 60 0.00701142
3 61 0.00711145
3 62 0.00728207
3 63 0.0076705
3 64 0.00807229
3 65 0.00874282
3 66 0.00931019
3 67 0.0102218
3 68 0.0108551
3 69 0.0119141
3 70 0.0124729
3 71 0.0135113
3 72 0.0138163
3 73 0.0145772
3 74 0.0144274
3 75 0.014576
3 76 0.0137875
3 77 0.0129743
3 78 0.0114393
3 79 0.00944185
3 80 0.00720558
3 81 0.00414369
3 82 0.00147485
3 83 -0.00202208
3 84 -0.00468384
3 85 -0.00769246
3 86 -0.0100866
3 87 -0.0120926
3 88 -0.0142209
3 89 -0.0149908
3 90 -0.0155789
3 91 -0.0136014
3 92 -0.00982983
3 93 -0.00442093
3 94 0.00235692
3 95 0.00731827
3 96 0.0118703
3 97 0.0145541
3 98 0.0155587
3 99 0.0156373
3 100 0.0118228
3 101 0.00700373
3 102 0.00174044
3 103 -0.00439357
3 104 -0.00844799
3 105 -0.0123227
3 106 -0.0140564
3 107 -0.011599
3 108 -0.00973812
3 109 -0.00662515
3 110 -0.000778136
3 111 0.00316471
3 112 0.00705037
3 113 0.0114752
3 114 0.0118118
3 115 0.0101129
3 116 0.00854265
3 117 0.003952
3 118 -0.00233819
3 119 0

4 0 0
4 1 -5.71414e-05
4 2 0.00550654
4 3 0.00965741
4 4 0.00995553
4 5 0.00940546
4 6 0.00855941
4 7 0.00386186
4 8 -0.00133077
4 9 -0.00419933
4 10 -0.00810721
4 11 -0.0108568
4 12 -0.0110306
4 13 -0.0115013
4 14 -0.00853776
4 15 -0.00262278
4 16 0.001586
4 17 0.00707603
4 18 0.0122353
4 19 0.014395
4 20 0.0156138
4 21 0.0133407
4 22 0.00956711
4 23 0.00589319
4 24 -0.000388438
4 25 -0.00640104
4 26 -0.012659
4 27 -0.0176504
4 28 -0.0189168
4 29 -0.0187852
4 30 -0.015649
4 31 -0.0118866
4 32 -0.00772973
4 33 -0.00271789
4 34 0.00127579
4 35 0.00618271
4 36 0.00980714
4 37 0.0134543
4 38 0.0162119
4 39 0.0178854
4 40 0.0192994
4 41 0.0190458
4 42 0.0190031
4 43 0.0173826
4 44 0.0161144
4 45 0.0138082
4 46 0.0117296
4 47 0.00929924
4 48 0.00685169
4 49 0.00466327
4 50 0.00221181
4 51 0.000454814
4 52 -0.00175387
4 53 -0.00301363
4 54 -0.00484596
4 55 -0.005612
4 56 -0.00701715
4 57 -0.00731986
4 58 -0.00829305
4 59 -0.00816183
4 60 -0.0087127
4 61 -0.00816183
4 62 -0.00829305
4 63 -0.00731986
4 64 -0.00701715
4 65 -0.005612
4 66 -0.00484596
4 67 -0.00301363
4 68 -0.00175387
4 69 0.000454814
4 70 0.00221182
4 71 0.00466328
4 72 0.00685172
4 73 0.00929936
4 74 0.01173
4 75 0.0138094
4 76 0.0161176
4 77 0.0173911
4 78 0.019024
4 79 0.0190932
4 80 0.0193982
4 81 0.018072
4 82 0.0165267
4 83 0.0139146
4 84 0.0103573
4 85 0.00663331
4 86 0.00128141
4 87 -0.00356583
4 88 -0.00964452
4 89 -0.0145417
4 90 -0.0180165
4 91 -0.0194863
4 92 -0.0171099
4 93 -0.0138775
4 94 -0.00874907
4 95 -0.00417086
4 96 -0.000236025
4 97 0.00492306
4 98 0.00823598
4 99 0.0112762
4 100 0.0124728
4 101 0.0113787
4 102 0.0111804
4 103 0.00813872
4 104 0.00335266
4 105 -0.000689654
4 106 -0.00582423
4 107 -0.00861622
4 108 -0.00977625
4 109 -0.011433
4 110 -0.00925947
4 111 -0.00592241
4 112 -0.00412645
4 113 0.00119682
4 114 0.00721659
4 115 0.00901219
4 116 0.0104795
4 117 0.0113401
4 118 0.00751223
4 119 0

5 0 0
5 1 0.0103028
5 2 0.0125888
5 3 0.011535
5 4 0.00940546
5 5 0.00675586
5 6 0.00029662
5 7 -0.00701677
5 8 -0.0101182
5 9 -0.0127698
5 10 -0.0149572
5 11 -0.0118683
5 12 -0.00786929
5 13 -0.00401691
5 14 0.00320634
5 15 0.00869754
5 16 0.0119907
5 17 0.0151127
5 18 0.0148399
5 19 0.0143225
5 20 0.0127045
5 21 0.00729962
5 22 0.00257794
5 23 -0.00345602
5 24 -0.00993915
5 25 -0.0152058
5 26 -0.0215659
5 27 -0.0243453
5 28 -0.0243827
5 29 -0.0212056
5 30 -0.0141484
5 31 -0.00726759
5 32 0.00125512
5 33 0.00810874
5 34 0.0142243
5 35 0.0194729
5 36 0.0224131
5 37 0.0253578
5 38 0.0255413
5 39 0.0258091
5 40 0.0240201
5 41 0.0218665
5 42 0.0189716
5 43 0.0151869
5 44 0.011911
5 45 0.00743739
5 46 0.00426986
5 47 -0.000106589
5 48 -0.00289183
5 49 -0.00667091
5 50 -0.00895715
5 51 -0.011917
5 52 -0.0136881
5 53 -0.0158099
5 54 -0.0171037
5 55 -0.0184821
5 56 -0.0193537
5 57 -0.0201222
5 58 -0.0206145
5 59 -0.0208953
5 60 -0.0210187
5 61 -0.0208953
5 62 -0.0206145
5 63 -0.0201222
5 64 -0.0193537
5 65 -0.0184821
5 66 -0.0171037
5 67 -0.0158099
5 68 -0.0136881
5 69 -0.011917
5 70 -0.00895714
5 71 -0.00667089
5 72 -0.00289175
5 73 -0.000106349
5 74 0.0042706
5 75 0.00743954
5 76 0.0119168
5 77 0.0152017
5 78 0.0190062
5 79 0.0219411
5 80 0.0241665
5 81 0.0260676
5 82 0.0259424
5 83 0.0258813
5 84 0.0229282
5 85 0.0196929
5 86 0.0137437
5 87 0.00659632
5 88 -0.00121148
5 89 -0.00992002
5 90 -0.0156387
5 91 -0.0203188
5 92 -0.0210357
5 93 -0.0200062
5 94 -0.0183976
5 95 -0.0144272
5 96 -0.0110236
5 97 -0.00516346
5 98 0.000592144
5 99 0.00455849
5 100 0.00958707
5 101 0.01253
5 102 0.0154585
5 103 0.017248
5 104 0.0143555
5 105 0.0113025
5 106 0.00605655
5 107 -0.0022929
5 108 -0.00821095
5 109 -0.0134052
5 110 -0.0170187
5 111 -0.0156886
5 112 -0.013076
5 113 -0.00850591
5 114 4.29976e-05
5 115 0.00720167
5 116 0.0112645
5 117 0.014414
5 118 0.0151067
5 119 0

6 0 0
6 1 0.0171135
6 2 0.0171183
6 3 0.0139497
6 4 0.00855941
6 5 0.00029662
6 6 -0.00958278
6 7 -0.0153211
6 8 -0.0172557
6 9 -0.0189621
6 10 -0.0165748
6 11 -0.00990849
6 12 -0.00319612
6 13 0.00515132
6 14 0.0125713
6 15 0.0162652
6 16 0.0195168
6 17 0.0190565
6 18 0.0152653
6 19 0.0124165
6 20 0.00663218
6 21 -8.18168e-06
6 22 -0.00624184
6 23 -0.013654
6 24 -0.0177266
6 25 -0.0213905
6 26 -0.0239287
6 27 -0.0231826
6 28 -0.0214726
6 29 -0.0150332
6 30 -0.00736741
6 31 0.00123518
6 32 0.0101604
6 33 0.0161525
6 34 0.0220792
6 35 0.0245833
6 36 0.0265532
6 37 0.0266128
6 38 0.0251749
6 39 0.0235741
6 40 0.0197846
6 41 0.016982
6 42 0.012101
6 43 0.00854493
6 44 0.0036905
6 45 -0.000141695
6 46 -0.00423669
6 47 -0.00792585
6 48 -0.0109428
6 49 -0.0142027
6 50 -0.0161334
6 51 -0.0188324
6 52 -0.0198424
6 53 -0.0219782
6 54 -0.0222927
6 55 -0.0239435
6 56 -0.0237721
6 57 -0.0250444
6 58 -0.0245416
6 59 -0.0255284
6 60 -0.0247776
6 61 -0.0255284
6 62 -0.0245416
6 63 -0.0250444
6 64 -0.0237721
6 65 -0.0239435
6 66 -0.0222927
6 67 -0.0219782
6 68 -0.0198424
6 69 -0.0188324
6 70 -0.0161334
6 71 -0.0142027
6 72 -0.0109427
6 73 -0.00792537
6 74 -0.00423528
6 75 -0.00013776
6 76 0.00370072
6 77 0.00856958
6 78 0.0121559
6 79 0.017094
6 80 0.0199913
6 81 0.0239132
6 82 0.025653
6 83 0.027152
6 84 0.0269332
6 85 0.0244342
6 86 0.0210035
6 87 0.0140124
6 88 0.00742025
6 89 -0.000936039
6 90 -0.00755137
6 91 -0.0125276
6 92 -0.0171025
6 93 -0.0190514
6 94 -0.0219683
6 95 -0.0219342
6 96 -0.0196564
6 97 -0.0159788
6 98 -0.0090037
6 99 -0.0032193
6 100 0.00422459
6 101 0.0123285
6 102 0.0173119
6 103 0.0217806
6 104 0.0223514
6 105 0.0194076
6 106 0.0149853
6 107 0.00527083
6 108 -0.00496065
6 109 -0.0121599
6 110 -0.0194568
6 111 -0.0225671
6 112 -0.0196997
6 113 -0.0155738
6 114 -0.00884509
6 115 0.00183909
6 116 0.0116657
6 117 0.0174132
6 118 0.0195272
6 119 0

7 0 0
7 1 0.0205682
7 2 0.0205208
7 3 0.0144531
7 4 0.00386186
7 5 -0.00701677
7 6 -0.0153211
7 7 -0.0201705
7 8 -0.0226344
7 9 -0.0210182
7 10 -0.0142004
7 11 -0.00599476
7 12 0.00347919
7 13 0.013312
7 14 0.0181582
7 15 0.0207546
7 16 0.0220497
7 17 0.0179479
7 18 0.0125142
7 19 0.005975
7 20 -0.0021089
7 21 -0.00782475
7 22 -0.0143256
7 23 -0.0188274
7 24 -0.0196465
7 25 -0.0202081
7 26 -0.0176547
7 27 -0.0153788
7 28 -0.0119257
7 29 -0.00574759
7 30 9.54883e-05
7 31 0.00830122
7 32 0.0142942
7 33 0.0193844
7 34 0.0226226
7 35 0.0229285
7 36 0.0231412
7 37 0.0202408
7 38 0.0181374
7 39 0.0139338
7 40 0.0102145
7 41 0.00599568
7 42 0.00146964
7 43 -0.00203576
7 44 -0.00651904
7 45 -0.00902471
7 46 -0.0128193
7 47 -0.0143551
7 48 -0.0171452
7 49 -0.0179149
7 50 -0.019684
7 51 -0.0199471
7 52 -0.0208701
7 53 -0.0208675
7 54 -0.021198
7 55 -0.0211164
7 56 -0.0211062
7 57 -0.0210658
7 58 -0.0209206
7 59 -0.0209751
7 60 -0.0208372
7 61 -0.0209751
7 62 -0.0209206
7 63 -0.0210658
7 64 -0.0211062
7 65 -0.0211164
7 66 -0.021198
7 67 -0.0208675
7 68 -0.0208701
7 69 -0.0199471
7 70 -0.019684
7 71 -0.0179148
7 72 -0.0171449
7 73 -0.0143542
7 74 -0.0128167
7 75 -0.0090178
7 76 -0.00650187
7 77 -0.00199626
7 78 0.00155322
7 79 0.00615666
7 80 0.0104925
7 81 0.0143536
7 82 0.0186647
7 83 0.0207218
7 84 0.0232651
7 85 0.0222844
7 86 0.0209163
7 87 0.0167828
7 88 0.0116791
7 89 0.00708791
7 90 0.00145077
7 91 -0.00190573
7 92 -0.00725406
7 93 -0.0121416
7 94 -0.0170715
7 95 -0.0217433
7 96 -0.0220756
7 97 -0.0217055
7 98 -0.0177753
7 99 -0.0110298
7 100 -0.00326265
7 101 0.00758838
7 102 0.0155436
7 103 0.02099
7 104 0.025206
7 105 0.0238893
7 106 0.019546
7 107 0.0119654
7 108 0.000734253
7 109 -0.00897629
7 110 -0.0176919
7 111 -0.0242915
7 112 -0.0239946
7 113 -0.0196804
7 114 -0.0137434
7 115 -0.00394604
7 116 0.00775587
7 117 0.017321
7 118 0.0223226
7 119 0

8 0 0
8 1 0.0225611
8 2 0.0185801
8 3 0.00916941
8 4 -0.00133077
8 5 -0.0101182
8 6 -0.0172557
8 7 -0.0226344
8 8 -0.023956
8 9 -0.0186021
8 10 -0.00950446
8 11 -0.000108562
8 12 0.010352
8 13 0.0182208
8 14 0.0209457
8 15 0.0216232
8 16 0.0185038
8 17 0.012033
8 18 0.00490227
8 19 -0.00414933
8 20 -0.0106863
8 21 -0.0142746
8 22 -0.0174106
8 23 -0.0168364
8 24 -0.0151365
8 25 -0.0116488
8 26 -0.00667203
8 27 -0.00381535
8 28 0.000172723
8 29 0.00320374
8 30 0.00711629
8 31 0.0118672
8 32 0.0147184
8 33 0.0176743
8 34 0.0171446
8 35 0.0159623
8 36 0.0127418
8 37 0.00856208
8 38 0.00463548
8 39 -0.000488193
8 40 -0.00389383
8 41 -0.00842301
8 42 -0.0108696
8 43 -0.0139445
8 44 -0.0153871
8 45 -0.0167615
8 46 -0.0173549
8 47 -0.0172421
8 48 -0.0172405
8 49 -0.0160893
8 50 -0.0157678
8 51 -0.0140639
8 52 -0.0136655
8 53 -0.0118124
8 54 -0.0115247
8 55 -0.00980253
8 56 -0.00975686
8 57 -0.00833068
8 58 -0.00861198
8 59 -0.00755991
8 60 -0.00821757
8 61 -0.00755991
8 62 -0.00861198
8 63 -0.00833068
8 64 -0.00975686
8 65 -0.00980253
8 66 -0.0115247
8 67 -0.0118124
8 68 -0.0136655
8 69 -0.0140639
8 70 -0.0157677
8 71 -0.0160891
8 72 -0.0172399
8 73 -0.0172404
8 74 -0.0173503
8 75 -0.0167499
8 76 -0.0153594
8 77 -0.0138838
8 78 -0.0107477
8 79 -0.0082019
8 80 -0.00353866
8 81 -6.96331e-07
8 82 0.00516173
8 83 0.00888726
8 84 0.0124845
8 85 0.0147395
8 86 0.0148728
8 87 0.0149019
8 88 0.0126833
8 89 0.0119822
8 90 0.00998
8 91 0.00784226
8 92 0.00439267
8 93 -0.0019223
8 94 -0.00736723
8 95 -0.0138128
8 96 -0.0178581
8 97 -0.020167
8 98 -0.0211562
8 99 -0.0168395
8 100 -0.0103573
8 101 -0.00127624
8 102 0.00842944
8 103 0.0153059
8 104 0.0217401
8 105 0.0239983
8 106 0.0208732
8 107 0.0158624
8 108 0.00717795
8 109 -0.00368404
8 110 -0.0132123
8 111 -0.0208258
8 112 -0.0239667
8 113 -0.0214323
8 114 -0.0148392
8 115 -0.00619051
8 116 0.0022914
8 117 0.0112776
8 118 0.0199213
8 119 0

9 0 0
9 1 0.019577
9 2 0.0122496
9 3 0.00389667
9 4 -0.00419933
9 5 -0.0127698
9 6 -0.0189621
9 7 -0.0210182
9 8 -0.0186021
9 9 -0.011229
9 10 -0.00219961
9 11 0.00611651
9 12 0.01385
9 13 0.0185382
9 14 0.0197707
9 15 0.0176184
9 16 0.0111478
9 17 0.00366601
9 18 -0.00461289
9 19 -0.0130937
9 20 -0.0171958
9 21 -0.0183049
9 22 -0.0163936
9 23 -0.0116937
9 24 -0.00673455
9 25 0.000332647
9 26 0.00646037
9 27 0.0106444
9 28 0.0132682
9 29 0.0130394
9 30 0.0132018
9 31 0.0122831
9 32 0.0112497
9 33 0.00947323
9 34 0.00582422
9 35 0.00206375
9 36 -0.00333671
9 37 -0.00774562
9 38 -0.0123986
9 39 -0.0157458
9 40 -0.0181714
9 41 -0.0197704
9 42 -0.019845
9 43 -0.0197726
9 44 -0.0180673
9 45 -0.0167357
9 46 -0.0140167
9 47 -0.0119389
9 48 -0.00890254
9 49 -0.0065539
9 50 -0.00370641
9 51 -0.00144725
9 52 0.000915374
9 53 0.00285788
9 54 0.00461009
9 55 0.00611915
9 56 0.00724429
9 57 0.00827291
9 58 0.00880562
9 59 0.00933638
9 60 0.00932112
9 61 0.00933638
9 62 0.00880562
9 63 0.00827291
9 64 0.00724429
9 65 0.00611915
9 66 0.00461009
9 67 0.00285788
9 68 0.000915383
9 69 -0.00144722
9 70 -0.0037063
9 71 -0.00655356
9 72 -0.0089015
9 73 -0.011936
9 74 -0.0140089
9 75 -0.0167167
9 76 -0.0180242
9 77 -0.0196828
9 78 -0.0196744
9 79 -0.0194804
9 80 -0.0177419
9 81 -0.0152209
9 82 -0.011946
9 83 -0.00768804
9 84 -0.00408283
9 85 0.000249064
9 86 0.0031648
9 87 0.00691156
9 88 0.0102223
9 89 0.0139036
9 90 0.0172726
9 91 0.0177936
9 92 0.0164151
9 93 0.0110403
9 94 0.00475559
9 95 -0.00218888
9 96 -0.00966794
9 97 -0.0152565
9 98 -0.0198042
9 99 -0.0196302
9 100 -0.0154861
9 101 -0.00961196
9 102 -0.00102
9 103 0.00705985
9 104 0.0140822
9 105 0.0186337
9 106 0.0181492
9 107 0.0156051
9 108 0.0106477
9 109 0.00241567
9 110 -0.00543912
9 111 -0.0121198
9 112 -0.0173859
9 113 -0.018952
9 114 -0.0158482
9 115 -0.00901633
9 116 -0.00150138
9 117 0.00533314
9 118 0.0125908
9 119 0

10 0 0
10 1 0.0122552
10 2 0.00584284
10 3 -0.000589704
10 4 -0.00810721
10 5 -0.0149572
10 6 -0.0165748
10 7 -0.0142004
10 8 -0.00950446
10 9 -0.00219961
10 10 0.00507372
10 11 0.0110429
10 12 0.0152768
10 13 0.0163204
10 14 0.0148689
10 15 0.00962298
10 16 0.00106517
10 17 -0.00656892
10 18 -0.0137885
10 19 -0.0192655
10 20 -0.0202459
10 21 -0.0179573
10 22 -0.0115616
10 23 -0.00348141
10 24 0.00429877
10 25 0.0127806
10 26 0.0189695
10 27 0.0226681
10 28 0.0227361
10 29 0.01898
10 30 0.0142545
10 31 0.00833649
10 32 0.00315893
10 33 -0.00202738
10 34 -0.00737152
10 35 -0.0122505
10 36 -0.0173412
10 37 -0.0210269
10 38 -0.0240364
10 39 -0.025293
10 40 -0.0253219
10 41 -0.0240727
10 42 -0.0216082
10 43 -0.0185941
10 44 -0.0146859
10 45 -0.0108135
10 46 -0.00646197
10 47 -0.0024885
10 48 0.0015892
10 49 0.00515589
10 50 0.00856055
10 51 0.0114613
10 52 0.0140536
10 53 0.0162224
10 54 0.0180299
10 55 0.0195168
10 56 0.0206447
10 57 0.0215436
10 58 0.022105
10 59 0.0224988
10 60 0.022572
10 61 0.0224988
10 62 0.022105
10 63 0.0215436
10 64 0.0206447
10 65 0.0195168
10 66 0.0180299
10 67 0.0162224
10 68 0.0140536
10 69 0.0114614
10 70 0.00856076
10 71 0.00515653
10 72 0.00159105
10 73 -0.00248349
10 74 -0.0064493
10 75 -0.0107838
10 76 -0.0146214
10 77 -0.0184663
10 78 -0.0213792
10 79 -0.0237101
10 80 -0.0248329
10 81 -0.02478
10 82 -0.0237484
10 83 -0.021348
10 84 -0.0186411
10 85 -0.0145798
10 86 -0.0101381
10 87 -0.00396331
10 88 0.00345475
10 89 0.0113987
10 90 0.0190152
10 91 0.0231682
10 92 0.0244298
10 93 0.0216826
10 94 0.0165766
10 95 0.0100436
10 96 0.00119619
10 97 -0.00691188
10 98 -0.0139522
10 99 -0.0176704
10 100 -0.0174874
10 101 -0.0157615
10 102 -0.0104662
10 103 -0.00336994
10 104 0.00317641
10 105 0.00905765
10 106 0.0120441
10 107 0.0131205
10 108 0.0121722
10 109 0.00784152
10 110 0.00318778
10 111 -0.00165047
10 112 -0.00752086
10 113 -0.011477
10 114 -0.0129978
10 115 -0.0118725
10 116 -0.00674673
10 117 -0.000411124
10 118 0.00473648
10 119 0

11 0 0
11 1 0.00365637
11 2 -0.00256548
11 3 -0.00746845
11 4 -0.0108568
11 5 -0.0118683
11 6 -0.00990849
11 7 -0.00599476
11 8 -0.000108562
11 9 0.00611651
11 10 0.0110429
11 11 0.0149546
11 12 0.0152111
11 13 0.0117895
11 14 0.00718573
11 15 -0.000756508
11 16 -0.00972103
11 17 -0.0158892
11 18 -0.0205696
11 19 -0.0214216
11 20 -0.0186442
11 21 -0.0133216
11 22 -0.0035579
11 23 0.00604551
11 24 0.0146773
11 25 0.022429
11 26 0.0263799
11 27 0.0283201
11 28 0.0253808
11 29 0.0186301
11 30 0.0105904
11 31 0.00105792
11 32 -0.00606309
11 33 -0.0128061
11 34 -0.0178405
11 35 -0.0217036
11 36 -0.0252707
11 37 -0.0265217
11 38 -0.0276453
11 39 -0.0260971
11 40 -0.0241402
11 41 -0.0204597
11 42 -0.0161217
11 43 -0.0115165
11 44 -0.00609635
11 45 -0.00159357
11 46 0.00374959
11 47 0.00755229
11 48 0.0120852
11 49 0.0149688
11 50 0.0183907
11 51 0.0203884
11 52 0.022717
11 53 0.0239921
11 54 0.02542
11 55 0.0261721
11 56 0.0269459
11 57 0.0273472
11 58 0.0276877
11 59 0.0278464
11 60 0.027905
11 61 0.0278464
11 62 0.0276877
11 63 0.0273472
11 64 0.0269459
11 65 0.0261721
11 66 0.02542
11 67 0.0239922
11 68 0.022717
11 69 0.0203885
11 70 0.0183911
11 71 0.0149699
11 72 0.0120883
11 73 0.00756053
11 74 0.0037696
11 75 -0.00154858
11 76 -0.00600334
11 77 -0.0113416
11 78 -0.0158274
11 79 -0.0200287
11 80 -0.0236214
11 81 -0.0256638
11 82 -0.0276228
11 83 -0.0273134
11 84 -0.0271255
11 85 -0.024374
11 86 -0.0203628
11 87 -0.0137375
11 88 -0.0043072
11 89 0.00526082
11 90 0.0154079
11 91 0.0216977
11 92 0.0255178
11 93 0.0262465
11 94 0.0235797
11 95 0.0195291
11 96 0.0115135
11 97 0.00321256
11 98 -0.00439871
11 99 -0.0113895
11 100 -0.0152628
11 101 -0.0182477
11 102 -0.0177515
11 103 -0.0134044
11 104 -0.00898967
11 105 -0.00277018
11 106 0.0037751
11 107 0.00859091
11 108 0.0122869
11 109 0.0127996
11 110 0.0110733
11 111 0.00804354
11 112 0.00235973
11 113 -0.00288184
11 114 -0.00645989
11 115 -0.0100349
11 116 -0.0110112
11 117 -0.00858754
11 118 -0.00494658
11 119 0

12 0 0
12 1 -0.00624492
12 2 -0.0110577
12 3 -0.0123758
12 4 -0.0110306
12 5 -0.00786929
12 6 -0.00319612
12 7 0.00347919
12 8 0.010352
12 9 0.01385
12 10 0.0152768
12 11 0.0152111
12 12 0.0107929
12 13 0.00465676
12 14 -0.00185133
12 15 -0.0100977
12 16 -0.0164073
12 17 -0.0206614
12 18 -0.0222499
12 19 -0.018724
12 20 -0.0141277
12 21 -0.00665734
12 22 0.00385906
12 23 0.0126809
12 24 0.0214488
12 25 0.0264385
12 26 0.0281571
12 27 0.0280198
12 28 0.0220949
12 29 0.0144276
12 30 0.00357163
12 31 -0.00713526
12 32 -0.014958
12 33 -0.0218633
12 34 -0.024251
12 35 -0.0264957
12 36 -0.0259042
12 37 -0.0244971
12 38 -0.02222
12 39 -0.0177985
12 40 -0.0141751
12 41 -0.00808386
12 42 -0.00380011
12 43 0.00220215
12 44 0.00633401
12 45 0.0109903
12 46 0.0144414
12 47 0.0172872
12 48 0.0198759
12 49 0.0210429
12 50 0.0228371
12 51 0.0227521
12 52 0.0239542
12 53 0.0231056
12 54 0.0239597
12 55 0.0227654
12 56 0.0234966
12 57 0.0222528
12 58 0.0230345
12 59 0.0219123
12 60 0.0228502
12 61 0.0219123
12 62 0.0230345
12 63 0.0222528
12 64 0.0234966
12 65 0.0227654
12 66 0.0239597
12 67 0.0231057
12 68 0.0239542
12 69 0.0227523
12 70 0.0228378
12 71 0.0210448
12 72 0.0198812
12 73 0.0173003
12 74 0.014472
12 75 0.011056
12 76 0.00646342
12 77 0.00243231
12 78 -0.00343803
12 79 -0.00759932
12 80 -0.0136726
12 81 -0.0175273
12 82 -0.0225606
12 83 -0.025812
12 84 -0.0282363
12 85 -0.0292484
12 86 -0.0261555
12 87 -0.0215153
12 88 -0.0118167
12 89 -0.00227829
12 90 0.00781518
12 91 0.0160326
12 92 0.0208135
12 93 0.0252175
12 94 0.0251467
12 95 0.0234185
12 96 0.0184583
12 97 0.0109154
12 98 0.00479606
12 99 -0.0033802
12 100 -0.0105357
12 101 -0.0159981
12 102 -0.0200965
12 103 -0.0194366
12 104 -0.0174453
12 105 -0.0132366
12 106 -0.00527116
12 107 0.00176269
12 108 0.00836558
12 109 0.0144711
12 110 0.0171396
12 111 0.0168888
12 112 0.0133601
12 113 0.00669654
12 114 -0.000804102
12 115 -0.00772152
12 116 -0.0123431
12 117 -0.014599
12 118 -0.014687
12 119 0

13 0 0
13 1 -0.0146376
13 2 -0.0156628
13 3 -0.0147859
13 4 -0.0115013
13 5 -0.00401691
13 6 0.00515132
13 7 0.013312
13 8 0.0182208
13 9 0.0185382
13 10 0.0163204
13 11 0.0117895
13 12 0.00465676
13 13 -0.0029119
13 14 -0.0107081
13 15 -0.0165795
13 16 -0.0192832
13 17 -0.0207828
13 18 -0.0178766
13 19 -0.0119279
13 20 -0.00623691
13 21 0.00185403
13 22 0.00927998
13 23 0.0162482
13 24 0.0223149
13 25 0.0233385
13 26 0.0232698
13 27 0.0196554
13 28 0.0132483
13 29 0.00559478
13 30 -0.00544286
13 31 -0.0138256
13 32 -0.0212296
13 33 -0.0244238
13 34 -0.0239984
13 35 -0.0223568
13 36 -0.0173582
13 37 -0.0136966
13 38 -0.00763722
13 39 -0.00309575
13 40 0.00229184
13 41 0.00705441
13 42 0.0107744
13 43 0.0148587
13 44 0.0165112
13 45 0.0192623
13 46 0.0190951
13 47 0.0203723
13 48 0.0190039
13 49 0.0190568
13 50 0.0171524
13 51 0.0164009
13 52 0.014488
13 53 0.0133578
13 54 0.0117772
13 55 0.0106169
13 56 0.00954518
13 57 0.0086059
13 58 0.00810378
13 59 0.00755316
13 60 0.00760807
13 61 0.00755316
13 62 0.00810378
13 63 0.0086059
13 64 0.00954518
13 65 0.0106169
13 66 0.0117772
13 67 0.0133579
13 68 0.0144882
13 69 0.0164013
13 70 0.0171535
13 71 0.0190601
13 72 0.0190123
13 73 0.0203925
13 74 0.0191402
13 75 0.0193551
13 76 0.016685
13 77 0.01515
13 78 0.0111998
13 79 0.00756495
13 80 0.00271699
13 81 -0.00307591
13 82 -0.00842058
13 83 -0.015532
13 84 -0.0200089
13 85 -0.0248755
13 86 -0.0249464
13 87 -0.0226774
13 88 -0.0169821
13 89 -0.00890113
13 90 -0.00229466
13 91 0.00563727
13 92 0.0108491
13 93 0.0164569
13 94 0.020172
13 95 0.0203071
13 96 0.01985
13 97 0.0159122
13 98 0.0118824
13 99 0.00595341
13 100 -0.00277588
13 101 -0.00965409
13 102 -0.0165293
13 103 -0.0211792
13 104 -0.0221175
13 105 -0.0204436
13 106 -0.0138148
13 107 -0.00523283
13 108 0.00324412
13 109 0.0127045
13 110 0.0195426
13 111 0.0222118
13 112 0.0216292
13 113 0.0162285
13 114 0.00606167
13 115 -0.00540917
13 116 -0.0139149
13 117 -0.0182671
13 118 -0.0198574
13 119 0

14 0 0
14 1 -0.0200546
14 2 -0.019223
14 3 -0.0162535
14 4 -0.00853776
14 5 0.00320634
14 6 0.0125713
14 7 0.0181582
14 8 0.0209457
14 9 0.0197707
14 10 0.0148689
14 11 0.00718573
14 12 -0.00185133
14 13 -0.0107081
14 14 -0.0176793
14 15 -0.0198866
14 16 -0.0185901
14 17 -0.015293
14 18 -0.00884623
14 19 -0.0020426
14 20 0.00433348
14 21 0.00978673
14 22 0.0128188
14 23 0.0159353
14 24 0.0165709
14 25 0.0144469
14 26 0.011237
14 27 0.00560301
14 28 0.000596328
14 29 -0.00587334
14 30 -0.0125951
14 31 -0.0176063
14 32 -0.0212115
14 33 -0.0198538
14 34 -0.0165719
14 35 -0.0101986
14 36 -0.00339394
14 37 0.00299788
14 38 0.00935029
14 39 0.0134705
14 40 0.0178635
14 41 0.0196373
14 42 0.0216457
14 43 0.0214658
14 44 0.0211198
14 45 0.0195235
14 46 0.017329
14 47 0.0149685
14 48 0.0117001
14 49 0.00918307
14 50 0.005585
14 51 0.00335056
14 52 -3.46146e-05
14 53 -0.00173754
14 54 -0.00459871
14 55 -0.00566771
14 56 -0.00787491
14 57 -0.00829094
14 58 -0.009821
14 59 -0.00959286
14 60 -0.0104638
14 61 -0.00959286
14 62 -0.009821
14 63 -0.00829094
14 64 -0.00787491
14 65 -0.00566771
14 66 -0.00459869
14 67 -0.00173747
14 68 -3.43888e-05
14 69 0.00335124
14 70 0.00558695
14 71 0.00918826
14 72 0.011713
14 73 0.0149986
14 74 0.0173935
14 75 0.0196502
14 76 0.021345
14 77 0.0218201
14 78 0.0221207
14 79 0.020133
14 80 0.0181387
14 81 0.0131531
14 82 0.008078
14 83 0.000710789
14 84 -0.00613326
14 85 -0.0121493
14 86 -0.0163139
14 87 -0.0167709
14 88 -0.016298
14 89 -0.0132026
14 90 -0.0108801
14 91 -0.00727537
14 92 -0.00255252
14 93 0.00226275
14 94 0.00814322
14 95 0.011616
14 96 0.0150307
14 97 0.0171927
14 98 0.0166945
14 99 0.0141194
14 100 0.00740769
14 101 -0.000251405
14 102 -0.00846741
14 103 -0.0173688
14 104 -0.0228264
14 105 -0.0240295
14 106 -0.0203853
14 107 -0.0122935
14 108 -0.00179259
14 109 0.00982145
14 110 0.0189107
14 111 0.0235403
14 112 0.0243073
14 113 0.0203255
14 114 0.0120106
14 115 0.000543866
14 116 -0.0120261
14 117 -0.0205044
14 118 -0.0229799
14 119 0

15 0 0
15 1 -0.0235108
15 2 -0.0207515
15 3 -0.0137308
15 4 -0.00262278
15 5 0.00869754
15 6 0.0162652
15 7 0.0207546
15 8 0.0216232
15 9 0.0176184
15 10 0.00962298
15 11 -0.000756508
15 12 -0.0100977
15 13 -0.0165795
15 14 -0.0198866
15 15 -0.0179323
15 16 -0.0123413
15 17 -0.0056961
15 18 0.0017981
15 19 0.00823633
15 20 0.0129986
15 21 0.0149195
15 22 0.0135529
15 23 0.0113638
15 24 0.00748482
15 25 0.00233713
15 26 -0.00317891
15 27 -0.00873758
15 28 -0.0122621
15 29 -0.0151011
15 30 -0.0169426
15 31 -0.0175066
15 32 -0.016343
15 33 -0.0117956
15 34 -0.00517671
15 35 0.00336505
15 36 0.0116288
15 37 0.018748
15 38 0.0240797
15 39 0.0270651
15 40 0.0284417
15 41 0.0277104
15 42 0.0259544
15 43 0.0227273
15 44 0.0189507
15 45 0.0144165
15 46 0.00971216
15 47 0.00489857
15 48 0.000191506
15 49 -0.00416163
15 50 -0.00826084
15 51 -0.0117608
15 52 -0.0149765
15 53 -0.0175208
15 54 -0.0198261
15 55 -0.0214893
15 56 -0.0229883
15 57 -0.0239107
15 58 -0.0247373
15 59 -0.0250432
15 60 -0.0252929
15 61 -0.0250432
15 62 -0.0247373
15 63 -0.0239107
15 64 -0.0229883
15 65 -0.0214893
15 66 -0.019826
15 67 -0.0175207
15 68 -0.0149761
15 69 -0.0117596
15 70 -0.0082577
15 71 -0.00415353
15 72 0.000211008
15 73 0.0049421
15 74 0.00980164
15 75 0.0145842
15 76 0.0192324
15 77 0.0231405
15 78 0.0264552
15 79 0.0281381
15 80 0.0284888
15 81 0.0263398
15 82 0.0223186
15 83 0.016146
15 84 0.00907917
15 85 0.002288
15 86 -0.00359372
15 87 -0.00761396
15 88 -0.0112955
15 89 -0.0141237
15 90 -0.0167854
15 91 -0.0176728
15 92 -0.0158062
15 93 -0.0120494
15 94 -0.00615805
15 95 9.92658e-06
15 96 0.00721329
15 97 0.0141382
15 98 0.0181491
15 99 0.0189684
15 100 0.0155024
15 101 0.00941321
15 102 0.00103816
15 103 -0.00921184
15 104 -0.0172882
15 105 -0.0218823
15 106 -0.0221499
15 107 -0.0173205
15 108 -0.00842511
15 109 0.00330628
15 110 0.0140058
15 111 0.0211701
15 112 0.0244364
15 113 0.0215887
15 114 0.0142466
15 115 0.00525208
15 116 -0.00660162
15 117 -0.0180514
15 118 -0.0236801
15 119 0

16 0 0
16 1 -0.0223953
16 2 -0.0179094
16 3 -0.00940993
16 4 0.001586
16 5 0.0119907
16 6 0.0195168
16 7 0.0220497
16 8 0.0185038
16 9 0.0111478
16 10 0.00106517
16 11 -0.00972103
16 12 -0.0164073
16 13 -0.0192832
16 14 -0.0185901
16 15 -0.0123413
16 16 -0.00381357
16 17 0.0051864
16 18 0.0132348
16 19 0.0176166
16 20 0.0198085
16 21 0.0174337
16 22 0.0107629
16 23 0.0038435
16 24 -0.00442689
16 25 -0.0112815
16 26 -0.0168987
16 27 -0.0212132
16 28 -0.0210557
16 29 -0.0197284
16 30 -0.0160093
16 31 -0.0117635
16 32 -0.00721206
16 33 -5.55178e-05
16 34 0.00697666
16 35 0.0159228
16 36 0.0229661
16 37 0.0285275
16 38 0.0315875
16 39 0.0313366
16 40 0.0299401
16 41 0.025412
16 42 0.0211677
16 43 0.0148101
16 44 0.00932523
16 45 0.00297485
16 46 -0.00258081
16 47 -0.00784458
16 48 -0.0127203
16 49 -0.0164598
16 50 -0.0203116
16 51 -0.0225591
16 52 -0.0253745
16 53 -0.0264226
16 54 -0.0283875
16 55 -0.0286051
16 56 -0.0299726
16 57 -0.0296842
16 58 -0.0306809
16 59 -0.0301054
16 60 -0.0308752
16 61 -0.0301054
16 62 -0.0306809
16 63 -0.0296842
16 64 -0.0299726
16 65 -0.0286051
16 66 -0.0283874
16 67 -0.0264223
16 68 -0.0253739
16 69 -0.0225572
16 70 -0.0203066
16 71 -0.0164475
16 72 -0.0126918
16 73 -0.00778345
16 74 -0.00246047
16 75 0.00318946
16 76 0.0096651
16 77 0.015271
16 78 0.0216596
16 79 0.0257091
16 80 0.0296837
16 81 0.03016
16 82 0.0293923
16 83 0.0258069
16 84 0.0209017
16 85 0.0159538
16 86 0.00985166
16 87 0.00484488
16 88 -0.00257436
16 89 -0.00974807
16 90 -0.0173336
16 91 -0.0231148
16 92 -0.0247053
16 93 -0.0243838
16 94 -0.0195987
16 95 -0.0127643
16 96 -0.00323321
16 97 0.00783458
16 98 0.0154962
16 99 0.0208308
16 100 0.021604
16 101 0.0179611
16 102 0.0112241
16 103 0.000679867
16 104 -0.00870907
16 105 -0.0156571
16 106 -0.0202538
16 107 -0.0190425
16 108 -0.0133367
16 109 -0.00487834
16 110 0.00535266
16 111 0.0142933
16 112 0.0202967
16 113 0.021179
16 114 0.0163295
16 115 0.00823478
16 116 -0.00250565
16 117 -0.0131683
16 118 -0.0193334
16 119 0

17 0 0
17 1 -0.0175941
17 2 -0.0130505
17 3 -0.00390503
17 4 0.00707603
17 5 0.0151127
17 6 0.0190565
17 7 0.0179479
17 8 0.012033
17 9 0.00366601
17 10 -0.00656892
17 11 -0.0158892
17 12 -0.0206614
17 13 -0.0207828
17 14 -0.015293
17 15 -0.0056961
17 16 0.0051864
17 17 0.0164508
17 18 0.0231551
17 19 0.0250509
17 20 0.0236624
17 21 0.0159036
17 22 0.00569516
17 23 -0.0056535
17 24 -0.0165063
17 25 -0.0226587
17 26 -0.0275616
17 27 -0.0277393
17 28 -0.0239225
17 29 -0.0181078
17 30 -0.00894115
17 31 -0.00221633
17 32 0.00531324
17 33 0.0114002
17 34 0.0170279
17 35 0.0233051
17 36 0.026347
17 37 0.0294458
17 38 0.0278054
17 39 0.0255159
17 40 0.0202382
17 41 0.0141776
17 42 0.00803698
17 43 0.000860026
17 44 -0.00423859
17 45 -0.0106813
17 46 -0.0140701
17 47 -0.0188807
17 48 -0.0206287
17 49 -0.0236176
17 50 -0.0241314
17 51 -0.0255606
17 52 -0.0253417
17 53 -0.0256811
17 54 -0.0251798
17 55 -0.02492
17 56 -0.0244661
17 57 -0.0240146
17 58 -0.0238024
17 59 -0.0234459
17 60 -0.0235426
17 61 -0.0234459
17 62 -0.0238024
17 63 -0.0240146
17 64 -0.0244661
17 65 -0.0249199
17 66 -0.0251796
17 67 -0.0256807
17 68 -0.0253407
17 69 -0.0255577
17 70 -0.0241239
17 71 -0.0235995
17 72 -0.0205882
17 73 -0.0187973
17 74 -0.013913
17 75 -0.0104151
17 76 -0.00384343
17 77 0.00134889
17 78 0.00847504
17 79 0.0142767
17 80 0.0196145
17 81 0.0238817
17 82 0.0252863
17 83 0.0268455
17 84 0.0250446
17 85 0.0245732
17 86 0.0210116
17 87 0.0165504
17 88 0.0090601
17 89 -0.0017307
17 90 -0.011515
17 91 -0.0219453
17 92 -0.0274693
17 93 -0.0306732
17 94 -0.0297596
17 95 -0.0229932
17 96 -0.0138528
17 97 -0.00090488
17 98 0.0100562
17 99 0.0184398
17 100 0.0246329
17 101 0.0243349
17 102 0.0199203
17 103 0.0115047
17 104 0.000974027
17 105 -0.00804166
17 106 -0.0160811
17 107 -0.0193868
17 108 -0.0166064
17 109 -0.0110446
17 110 -0.0028627
17 111 0.00609562
17 112 0.0125035
17 113 0.0155291
17 114 0.015123
17 115 0.0111885
17 116 0.00328708
17 117 -0.00618925
17 118 -0.0126294
17 119 0

18 0 0
18 1 -0.0119142
18 2 -0.00562596
18 3 0.00433296
18 4 0.0122353
18 5 0.0148399
18 6 0.0152653
18 7 0.0125142
18 8 0.00490227
18 9 -0.00461289
18 10 -0.0137885
18 11 -0.0205696
18 12 -0.0222499
18 13 -0.0178766
18 14 -0.00884623
18 15 0.0017981
18 16 0.0132348
18 17 0.0231551
18 18 0.0276057
18 19 0.0274012
18 20 0.0219789
18 21 0.0120267
18 22 0.000128285
18 23 -0.0135292
18 24 -0.0235404
18 25 -0.029145
18 26 -0.0310651
18 27 -0.0272322
18 28 -0.0209975
18 29 -0.0106875
18 30 7.49345e-05
18 31 0.00871942
18 32 0.015979
18 33 0.0189697
18 34 0.0220005
18 35 0.0224854
18 36 0.0224042
18 37 0.0207274
18 38 0.0164332
18 39 0.0119294
18 40 0.00467812
18 41 -0.000939466
18 42 -0.00798832
18 43 -0.0126361
18 44 -0.0173359
18 45 -0.0201502
18 46 -0.0220072
18 47 -0.0230931
18 48 -0.0225979
18 49 -0.0224642
18 50 -0.0204596
18 51 -0.0196927
18 52 -0.0170058
18 53 -0.0161133
18 54 -0.0133818
18 55 -0.0127332
18 56 -0.0103668
18 57 -0.0101972
18 58 -0.00841394
18 59 -0.00885593
18 60 -0.007742
18 61 -0.00885593
18 62 -0.00841394
18 63 -0.0101972
18 64 -0.0103668
18 65 -0.0127332
18 66 -0.0133816
18 67 -0.0161127
18 68 -0.0170041
18 69 -0.0196883
18 70 -0.0204484
18 71 -0.0224383
18 72 -0.022542
18 73 -0.0229824
18 74 -0.021808
18 75 -0.0198307
18 76 -0.0168942
18 77 -0.0121476
18 78 -0.00765666
18 79 -0.00110429
18 80 0.0036445
18 81 0.00987498
18 82 0.0137509
18 83 0.018505
18 84 0.0220878
18 85 0.0249955
18 86 0.0267827
18 87 0.0238751
18 88 0.0184742
18 89 0.00769479
18 90 -0.00342189
18 91 -0.0146562
18 92 -0.024303
18 93 -0.0298165
18 94 -0.032505
18 95 -0.0281353
18 96 -0.0196386
18 97 -0.00855094
18 98 0.00374175
18 99 0.0136158
18 100 0.022017
18 101 0.0254779
18 102 0.0233606
18 103 0.0183288
18 104 0.0101065
18 105 0.000611052
18 106 -0.00846976
18 107 -0.0152085
18 108 -0.0176782
18 109 -0.016386
18 110 -0.0111038
18 111 -0.00329621
18 112 0.00385903
18 113 0.00889531
18 114 0.0110566
18 115 0.0111519
18 116 0.00937847
18 117 0.0038006
18 118 -0.00370332
18 119 0

19 0 0
19 1 -0.0044928
19 2 0.00262318
19 3 0.0104582
19 4 0.014395
19 5 0.0143225
19 6 0.0124165
19 7 0.005975
19 8 -0.00414933
19 9 -0.0130937
19 10 -0.0192655
19 11 -0.0214216
19 12 -0.018724
19 13 -0.0119279
19 14 -0.0020426
19 15 0.00823633
19 16 0.0176166
19 17 0.0250509
19 18 0.0274012
19 19 0.024212
19 20 0.0165054
19 21 0.00571201
19 22 -0.00653191
19 23 -0.0185152
19 24 -0.0264961
19 25 -0.0291873
19 26 -0.0266978
19 27 -0.019953
19 28 -0.0107216
19 29 0.000613852
19 30 0.0111165
19 31 0.018954
19 32 0.0225857
19 33 0.0219633
19 34 0.0191477
19 35 0.0145909
19 36 0.0100063
19 37 0.00464364
19 38 -0.000886421
19 39 -0.00671859
19 40 -0.0124623
19 41 -0.0172042
19 42 -0.0211388
19 43 -0.0231599
19 44 -0.024186
19 45 -0.0233439
19 46 -0.0218224
19 47 -0.019024
19 48 -0.0159678
19 49 -0.0123214
19 50 -0.00873183
19 51 -0.00511392
19 52 -0.00171608
19 53 0.00133449
19 54 0.00412451
19 55 0.00635825
19 56 0.00836175
19 57 0.00971453
19 58 0.0108878
19 59 0.0113777
19 60 0.0117227
19 61 0.0113777
19 62 0.0108878
19 63 0.00971454
19 64 0.00836178
19 65 0.00635836
19 66 0.00412483
19 67 0.00133542
19 68 -0.0017135
19 69 -0.00510726
19 70 -0.00871573
19 71 -0.0122852
19 72 -0.0158926
19 73 -0.0188809
19 74 -0.0215768
19 75 -0.0229726
19 76 -0.0237128
19 77 -0.0227081
19 78 -0.0209706
19 79 -0.0176907
19 80 -0.0139202
19 81 -0.00911069
19 82 -0.00353328
19 83 0.00304787
19 84 0.010819
19 85 0.0182211
19 86 0.0243305
19 87 0.0261649
19 88 0.0236214
19 89 0.0165911
19 90 0.00705551
19 91 -0.00323644
19 92 -0.0136906
19 93 -0.0220416
19 94 -0.0271358
19 95 -0.026793
19 96 -0.021723
19 97 -0.0138141
19 98 -0.00389184
19 99 0.00633775
19 100 0.0155226
19 101 0.0210833
19 102 0.0225357
19 103 0.020839
19 104 0.0157474
19 105 0.00826465
19 106 -0.000325874
19 107 -0.00806319
19 108 -0.0140986
19 109 -0.0182789
19 110 -0.0178512
19 111 -0.0132781
19 112 -0.00683689
19 113 0.00160634
19 114 0.00850389
19 115 0.011316
19 116 0.0128112
19 117 0.0116994
19 118 0.00595577
19 119 0

20 0 0
20 1 0.00314201
20 2 0.00926029
20 3 0.0144253
20 4 0.0156138
20 5 0.0127045
20 6 0.00663218
20 7 -0.0021089
20 8 -0.0106863
20 9 -0.0171958
20 10 -0.0202459
20 11 -0.0186442
20 12 -0.0141277
20 13 -0.00623691
20 14 0.00433348
20 15 0.0129986
20 16 0.0198085
20 17 0.0236624
20 18 0.0219789
20 19 0.0165054
20 20 0.00712149
20 21 -0.00334463
20 22 -0.0124732
20 23 -0.0208814
20 24 -0.0241534
20 25 -0.0224816
20 26 -0.0164049
20 27 -0.00654993
20 28 0.00298608
20 29 0.0134434
20 30 0.0212931
20 31 0.0252633
20 32 0.0248327
20 33 0.018542
20 34 0.0108185
20 35 0.00115468
20 36 -0.00680988
20 37 -0.0137772
20 38 -0.0195709
20 39 -0.0233424
20 40 -0.0268661
20 41 -0.027539
20 42 -0.0279748
20 43 -0.0255162
20 44 -0.0227397
20 45 -0.0180933
20 46 -0.0131888
20 47 -0.00782411
20 48 -0.00220974
20 49 0.00268746
20 50 0.00794503
20 51 0.0117517
20 52 0.0160994
20 53 0.018662
20 54 0.0219549
20 55 0.0233923
20 56 0.0257188
20 57 0.0262436
20 58 0.0277672
20 59 0.0275621
20 60 0.028411
20 61 0.0275621
20 62 0.0277672
20 63 0.0262436
20 64 0.0257189
20 65 0.0233925
20 66 0.0219554
20 67 0.0186635
20 68 0.0161032
20 69 0.0117614
20 70 0.00796774
20 71 0.0027368
20 72 -0.00211097
20 73 -0.00764402
20 74 -0.0128947
20 75 -0.0176761
20 76 -0.0222571
20 77 -0.0251441
20 78 -0.0280271
20 79 -0.02839
20 80 -0.0287285
20 81 -0.0259476
20 82 -0.0219632
20 83 -0.0145328
20 84 -0.0048234
20 85 0.00567069
20 86 0.0159645
20 87 0.0216674
20 88 0.0243609
20 89 0.0218404
20 90 0.0170077
20 91 0.00988708
20 92 0.000435079
20 93 -0.00796813
20 94 -0.01566
20 95 -0.0188325
20 96 -0.0189825
20 97 -0.0168742
20 98 -0.0109013
20 99 -0.00367062
20 100 0.00507326
20 101 0.0123467
20 102 0.016995
20 103 0.0204453
20 104 0.0192118
20 105 0.0142116
20 106 0.00737693
20 107 -0.00149653
20 108 -0.009884
20 109 -0.0166748
20 110 -0.0201767
20 111 -0.0190647
20 112 -0.0148444
20 113 -0.00674813
20 114 0.00328216
20 115 0.0106461
20 116 0.0157537
20 117 0.0174882
20 118 0.0134795
20 119 0

21 0 0
21 1 0.0102482
21 2 0.0157766
21 3 0.017068
21 4 0.0133407
21 5 0.00729962
21 6 -8.18168e-06
21 7 -0.00782475
21 8 -0.0142746
21 9 -0.0183049
21 10 -0.0179573
