0 0 0
0 1 0
0 2 0
0 3 0
0 4 0
0 5 0
0 6 0
0 7 0
0 8 0
0 9 0
0 10 0
0 11 0
0 12 0
0 13 0
0 14 0
0 15 0
0 16 0
0 17 0
0 18 0
0 19 0
0 20 0
0 21 0
0 22 0
0 23 0
0 24 0
0 25 0
0 26 0
0 27 0
0 28 0
0 29 0
0 30 0
0 31 0
0 32 0
0 33 0
0 34 0
0 35 0
0 36 0
0 37 0
0 38 0
0 39 0
0 40 0
0 41 0
0 42 0
0 43 0
0 44 0
0 45 0
0 46 0
0 47 0
0 48 0
0 49 0
0 50 0
0 51 0
0 52 0
0 53 0
0 54 0
0 55 0
0 56 0
0 57 0
0 58 0
0 59 0
0 60 0
0 61 0
0 62 0
0 63 0
0 64 0
0 65 0
0 66 0
0 67 0
0 68 0
0 69 0
0 70 0
0 71 0
0 72 0
0 73 0
0 74 0
0 75 0
0 76 0
0 77 0
0 78 0
0 79 0
0 80 0
0 81 0
0 82 0
0 83 0
0 84 0
0 85 0
0 86 0
0 87 0
0 88 0
0 89 0
0 90 0
0 91 0
0 92 0
0 93 0
0 94 0
0 95 0
0 96 0
0 97 0
0 98 0
0 99 0
0 100 0
0 101 0
0 102 0
0 103 0
0 104 0
0 105 0
0 106 0
0 107 0
0 108 0
0 109 0
0 110 0
0 111 0
0 112 0
0 113 0
0 114 0
0 115 0
0 116 0
0 117 0
0 118 0
0 119 0

1 0 0
1 1 -0.0200349
1 2 -0.0179317
1 3 -0.0127931
1 4 -0.00491016
1 5 0.00378576
1 6 0.0121085
1 7 0.01763
1 8 0.019371
1 9 0.0169691
1 10 0.0107091
1 11 0.00235189
1 12 -0.00734693
1 13 -0.0159667
1 14 -0.022358
1 15 -0.0248237
1 16 -0.0229306
1 17 -0.0175998
1 18 -0.00970049
1 19 -0.00119488
1 20 0.00734198
1 21 0.0140457
1 22 0.0188453
1 23 0.0207355
1 24 0.0208765
1 25 0.0199074
1 26 0.0176698
1 27 0.0154208
1 28 0.0119838
1 29 0.0086671
1 30 0.00429535
1 31 -0.00106845
1 32 -0.00765228
1 33 -0.0142147
1 34 -0.0207527
1 35 -0.0261858
1 36 -0.0294203
1 37 -0.0303926
1 38 -0.0282351
1 39 -0.0245847
1 40 -0.0190972
1 41 -0.0134608
1 42 -0.00790754
1 43 -0.00406497
1 44 -0.000722917
1 45 0.00109529
1 46 0.00278457
1 47 0.00426712
1 48 0.00667306
1 49 0.00962722
1 50 0.0134597
1 51 0.0172456
1 52 0.0208502
1 53 0.0233486
1 54 0.0245105
1 55 0.0245512
1 56 0.0236368
1 57 0.0221772
1 58 0.0211158
1 59 0.0209433
1 60 0.0213627
1 61 0.0226949
1 62 0.0244319
1 63 0.0256936
1 64 0.0260094
1 65 0.025314
1 66 0.023285
1 67 0.0202871
1 68 0.0170898
1 69 0.0139881
1 70 0.0117045
1 71 0.0100816
1 72 0.00925461
1 73 0.00825876
1 74 0.0069162
1 75 0.00396476
1 76 0.000196938
1 77 -0.00552535
1 78 -0.0117204
1 79 -0.0181692
1 80 -0.0231709
1 81 -0.027182
1 82 -0.0283266
1 83 -0.0276797
1 84 -0.0248104
1 85 -0.0210894
1 86 -0.0168962
1 87 -0.0125346
1 88 -0.00849447
1 89 -0.00481444
1 90 -0.00100614
1 91 0.0039293
1 92 0.00876361
1 93 0.0146244
1 94 0.0197085
1 95 0.0242557
1 96 0.0265623
1 97 0.0256409
1 98 0.0213402
1 99 0.0139255
1 100 0.00462607
1 101 -0.00583486
1 102 -0.0151395
1 103 -0.0223363
1 104 -0.0252111
1 105 -0.0241353
1 106 -0.0192873
1 107 -0.0117231
1 108 -0.00315144
1 109 0.00574332
1 110 0.0124861
1 111 0.0166596
1 112 0.0169139
1 113 0.0137899
1 114 0.00833433
1 115 0.00120347
1 116 -0.00561812
1 117 -0.0120389
1 118 -0.01646
1 119 0

2 0 0
2 1 -0.0179317
2 2 -0.0146697
2 3 -0.00872079
2 4 -0.0012847
2 5 0.00658318
2 6 0.0131154
2 7 0.0165194
2 8 0.0164869
2 9 0.0124638
2 10 0.00602978
2 11 -0.00217251
2 12 -0.0103848
2 13 -0.0170075
2 14 -0.0209062
2 15 -0.0202441
2 16 -0.0163483
2 17 -0.00897197
2 18 -0.000859911
2 19 0.00747287
2 20 0.0148595
2 21 0.0193604
2 22 0.0217805
2 23 0.0204694
2 24 0.0179966
2 25 0.0140949
2 26 0.00985917
2 27 0.00544175
2 28 0.00153164
2 29 -0.00191999
2 30 -0.00548539
2 31 -0.00902099
2 32 -0.0134716
2 33 -0.0166697
2 34 -0.020332
2 35 -0.022376
2 36 -0.0233779
2 37 -0.0218307
2 38 -0.0188941
2 39 -0.0144744
2 40 -0.00941674
2 41 -0.00394951
2 42 0.00067098
2 43 0.00392674
2 44 0.00696861
2 45 0.00836222
2 46 0.00936494
2 47 0.0100293
2 48 0.0117051
2 49 0.0128013
2 50 0.0151348
2 51 0.0168727
2 52 0.0190343
2 53 0.0198233
2 54 0.0206614
2 55 0.0199457
2 56 0.0194618
2 57 0.0179598
2 58 0.0175448
2 59 0.0169006
2 60 0.0175562
2 61 0.0179976
2 62 0.0195437
2 63 0.0201151
2 64 0.0209564
2 65 0.0203093
2 66 0.0197737
2 67 0.0179405
2 68 0.0166205
2 69 0.014768
2 70 0.0142671
2 71 0.0132047
2 72 0.0132829
2 73 0.0129517
2 74 0.0123527
2 75 0.00989664
2 76 0.00731389
2 77 0.00298105
2 78 -0.00217778
2 79 -0.00749391
2 80 -0.0122346
2 81 -0.0161828
2 82 -0.0188723
2 83 -0.0196854
2 84 -0.0195954
2 85 -0.0183239
2 86 -0.0175651
2 87 -0.0155135
2 88 -0.0142313
2 89 -0.0122454
2 90 -0.00998605
2 91 -0.00601816
2 92 -0.000985257
2 93 0.00533475
2 94 0.0118373
2 95 0.0179914
2 96 0.0231672
2 97 0.0246842
2 98 0.0237452
2 99 0.0187236
2 100 0.0118392
2 101 0.00311359
2 102 -0.00598052
2 103 -0.0134718
2 104 -0.018425
2 105 -0.0193189
2 106 -0.0172459
2 107 -0.0121864
2 108 -0.00589614
2 109 0.0011831
2 110 0.00745264
2 111 0.0117168
2 112 0.0134447
2 113 0.0119732
2 114 0.00863562
2 115 0.00363285
2 116 -0.0016738
2 117 -0.00693462
2 118 -0.0116362
2 119 0

3 0 0
3 1 -0.0127931
3 2 -0.00872079
3 3 -0.00325535
3 4 0.00256112
3 5 0.00795542
3 6 0.0115668
3 7 0.0123243
3 8 0.0105357
3 9 0.00611048
3 10 0.000678634
3 11 -0.00521913
3 12 -0.0105405
3 13 -0.013656
3 14 -0.0142683
3 15 -0.0108868
3 16 -0.0050646
3 17 0.00236913
3 18 0.00973993
3 19 0.0157453
3 20 0.0200946
3 21 0.021009
3 22 0.0193874
3 23 0.0147062
3 24 0.00925999
3 25 0.00352537
3 26 -0.00234736
3 27 -0.00696385
3 28 -0.0106791
3 29 -0.0126931
3 30 -0.0139331
3 31 -0.0146407
3 32 -0.015279
3 33 -0.0145912
3 34 -0.0142835
3 35 -0.0133293
3 36 -0.0110866
3 37 -0.00829342
3 38 -0.00472579
3 39 -0.00107485
3 40 0.00282702
3 41 0.00624564
3 42 0.00914376
3 43 0.0104821
3 44 0.0119161
3 45 0.0120421
3 46 0.0116678
3 47 0.0111147
3 48 0.0109421
3 49 0.0101677
3 50 0.0100826
3 51 0.00994028
3 52 0.00965583
3 53 0.00917415
3 54 0.00885109
3 55 0.00807671
3 56 0.0072893
3 57 0.00658377
3 58 0.00608959
3 59 0.00577356
3 60 0.00585735
3 61 0.00613322
3 62 0.00661479
3 63 0.00722159
3 64 0.00780751
3 65 0.00801884
3 66 0.00838505
3 67 0.00866845
3 68 0.00881788
3 69 0.00906288
3 70 0.0100238
3 71 0.0105658
3 72 0.0115347
3 73 0.0125135
3 74 0.0130499
3 75 0.0124276
3 76 0.0119488
3 77 0.00995532
3 78 0.00744594
3 79 0.00432136
3 80 0.00137415
3 81 -0.0018516
3 82 -0.00447198
3 83 -0.00712605
3 84 -0.00873201
3 85 -0.0103905
3 86 -0.0126594
3 87 -0.0141973
3 88 -0.0157574
3 89 -0.0169934
3 90 -0.0172816
3 91 -0.0154614
3 92 -0.0122563
3 93 -0.00676028
3 94 -0.000719457
3 95 0.00637309
3 96 0.0133087
3 97 0.0182133
3 98 0.0207775
3 99 0.019978
3 100 0.017094
3 101 0.0117059
3 102 0.00530039
3 103 -0.0013702
3 104 -0.00663027
3 105 -0.00939813
3 106 -0.0101542
3 107 -0.00872213
3 108 -0.00626314
3 109 -0.00260002
3 110 0.00129888
3 111 0.0048207
3 112 0.00712954
3 113 0.00775244
3 114 0.00715583
3 115 0.00529053
3 116 0.00292025
3 117 -0.000447278
3 118 -0.00441894
3 119 0

4 0 0
4 1 -0.00491016
4 2 -0.0012847
4 3 0.00256112
4 4 0.00540576
4 5 0.00744281
4 6 0.00770031
4 7 0.00587542
4 8 0.00306471
4 9 -0.000922943
4 10 -0.00397036
4 11 -0.00663414
4 12 -0.00773388
4 13 -0.00685145
4 14 -0.0040629
4 15 0.0017168
4 16 0.00759809
4 17 0.0140459
4 18 0.0181709
4 19 0.0204971
4 20 0.0206507
4 21 0.0171347
4 22 0.0120483
4 23 0.00430347
4 24 -0.00277789
4 25 -0.00959959
4 26 -0.0150099
4 27 -0.0190554
4 28 -0.0204694
4 29 -0.0200932
4 30 -0.0185244
4 31 -0.0154597
4 32 -0.0126155
4 33 -0.00783773
4 34 -0.00423844
4 35 -7.1682e-05
4 36 0.00348537
4 37 0.00751667
4 38 0.0100689
4 39 0.0123017
4 40 0.0135266
4 41 0.0142841
4 42 0.0140857
4 43 0.0129829
4 44 0.0124825
4 45 0.0108078
4 46 0.00900351
4 47 0.00685516
4 48 0.00546915
4 49 0.00244453
4 50 0.000586651
4 51 -0.00196792
4 52 -0.00372881
4 53 -0.00603114
4 54 -0.00659526
4 55 -0.00801714
4 56 -0.00806568
4 57 -0.00863965
4 58 -0.00824789
4 59 -0.009001
4 60 -0.00863273
4 61 -0.00941006
4 62 -0.00923403
4 63 -0.00958466
4 64 -0.00857652
4 65 -0.00842517
4 66 -0.00653204
4 67 -0.00517308
4 68 -0.00296924
4 69 -0.00144446
4 70 0.00138102
4 71 0.00259666
4 72 0.00482424
4 73 0.00673968
4 74 0.00890802
4 75 0.0099134
4 76 0.0120206
4 77 0.0131703
4 78 0.0139139
4 79 0.0140117
4 80 0.0135797
4 81 0.0124644
4 82 0.0101166
4 83 0.00767127
4 84 0.00448283
4 85 0.00114459
4 86 -0.00394463
4 87 -0.00778308
4 88 -0.0127473
4 89 -0.0165846
4 90 -0.0201685
4 91 -0.0217359
4 92 -0.0212257
4 93 -0.0184142
4 94 -0.0140019
4 95 -0.0078973
4 96 -0.000133163
4 97 0.00633139
4 98 0.0126473
4 99 0.0158627
4 100 0.0180128
4 101 0.0176989
4 102 0.015128
4 103 0.0114478
4 104 0.00669372
4 105 0.00317385
4 106 -0.000227089
4 107 -0.00235709
4 108 -0.00412322
4 109 -0.00466295
4 110 -0.00391652
4 111 -0.0025115
4 112 -0.000271007
4 113 0.00149962
4 114 0.00355567
4 115 0.00516955
4 116 0.00629941
4 117 0.00620943
4 118 0.00395193
4 119 0

5 0 0
5 1 0.00378576
5 2 0.00658318
5 3 0.00795542
5 4 0.00744281
5 5 0.00579781
5 6 0.00262484
5 7 -0.0011406
5 8 -0.00460112
5 9 -0.00707761
5 10 -0.00734478
5 11 -0.00623793
5 12 -0.00323922
5 13 0.00104267
5 14 0.00656915
5 15 0.0130111
5 16 0.0183521
5 17 0.0220488
5 18 0.0226764
5 19 0.0208065
5 20 0.0164187
5 21 0.00960535
5 22 0.00130974
5 23 -0.00732791
5 24 -0.0147383
5 25 -0.0204645
5 26 -0.0242463
5 27 -0.0260901
5 28 -0.0250273
5 29 -0.0222378
5 30 -0.0177695
5 31 -0.0124824
5 32 -0.00642707
5 33 0.000328711
5 34 0.00633582
5 35 0.0116313
5 36 0.0161505
5 37 0.0193719
5 38 0.0204398
5 39 0.0202863
5 40 0.0185279
5 41 0.0162259
5 42 0.0130658
5 43 0.00997419
5 44 0.00734803
5 45 0.00500959
5 46 0.00220907
5 47 -0.000119244
5 48 -0.00274457
5 49 -0.00623518
5 50 -0.00976888
5 51 -0.0131102
5 52 -0.0165124
5 53 -0.0190718
5 54 -0.020279
5 55 -0.020948
5 56 -0.0208086
5 57 -0.0200734
5 58 -0.0195216
5 59 -0.0196383
5 60 -0.0198854
5 61 -0.0208177
5 62 -0.0219485
5 63 -0.0225304
5 64 -0.0223276
5 65 -0.0216546
5 66 -0.0196467
5 67 -0.0168676
5 68 -0.0141379
5 69 -0.0112649
5 70 -0.00836444
5 71 -0.00632225
5 72 -0.00441517
5 73 -0.00193864
5 74 0.000351756
5 75 0.00313875
5 76 0.00677612
5 77 0.0107918
5 78 0.0143894
5 79 0.0177921
5 80 0.0199694
5 81 0.0211932
5 82 0.0204142
5 83 0.0183698
5 84 0.0152994
5 85 0.0111831
5 86 0.00557997
5 87 -4.16686e-05
5 88 -0.00602483
5 89 -0.0121208
5 90 -0.0177235
5 91 -0.0223761
5 92 -0.0248493
5 93 -0.0255637
5 94 -0.0241221
5 95 -0.0202987
5 96 -0.0139552
5 97 -0.00651035
5 98 0.00140237
5 99 0.0084583
5 100 0.01467
5 101 0.0192078
5 102 0.0210713
5 103 0.0207632
5 104 0.0180622
5 105 0.0145593
5 106 0.0099541
5 107 0.00471692
5 108 -0.000578309
5 109 -0.00535433
5 110 -0.00810576
5 111 -0.00899747
5 112 -0.00770471
5 113 -0.00482312
5 114 -0.000706201
5 115 0.00430988
5 116 0.008973
5 117 0.0121379
5 118 0.012149
5 119 0

6 0 0
6 1 0.0121085
6 2 0.0131154
6 3 0.0115668
6 4 0.00770031
6 5 0.00262484
6 6 -0.0030225
6 7 -0.00808421
6 8 -0.01115
6 9 -0.0116092
6 10 -0.00889747
6 11 -0.00409226
6 12 0.00220748
6 13 0.00916087
6 14 0.015893
6 15 0.021784
6 16 0.0249732
6 17 0.0250415
6 18 0.0216805
6 19 0.0156658
6 20 0.00796971
6 21 -0.00110761
6 22 -0.0101636
6 23 -0.0179938
6 24 -0.0235519
6 25 -0.0266231
6 26 -0.0275129
6 27 -0.0264176
6 28 -0.0229722
6 29 -0.0181964
6 30 -0.0125591
6 31 -0.00612361
6 32 0.000661891
6 33 0.00777808
6 34 0.0139977
6 35 0.0190308
6 36 0.0227671
6 37 0.0245103
6 38 0.0235332
6 39 0.0207424
6 40 0.0164276
6 41 0.0113477
6 42 0.00627276
6 43 0.00188627
6 44 -0.00129869
6 45 -0.003663
6 46 -0.00567963
6 47 -0.00741258
6 48 -0.00945815
6 49 -0.0126904
6 50 -0.0162197
6 51 -0.019856
6 52 -0.0233893
6 53 -0.0259346
6 54 -0.0267211
6 55 -0.0266367
6 56 -0.0254665
6 57 -0.0236864
6 58 -0.0223537
6 59 -0.0221517
6 60 -0.022527
6 61 -0.0240503
6 62 -0.0260537
6 63 -0.027498
6 64 -0.0279172
6 65 -0.0275437
6 66 -0.0254893
6 67 -0.0225397
6 68 -0.019562
6 69 -0.0167756
6 70 -0.0143258
6 71 -0.0131032
6 72 -0.012154
6 73 -0.0108738
6 74 -0.00908087
6 75 -0.00628999
6 76 -0.00197383
6 77 0.00335611
6 78 0.00916481
6 79 0.0146479
6 80 0.0191508
6 81 0.0222838
6 82 0.0231456
6 83 0.0222779
6 84 0.020242
6 85 0.0168925
6 86 0.0122482
6 87 0.00728111
6 88 0.0016802
6 89 -0.00423769
6 90 -0.0106539
6 91 -0.0169721
6 92 -0.0221715
6 93 -0.0261694
6 94 -0.0284423
6 95 -0.0280177
6 96 -0.0245474
6 97 -0.0184769
6 98 -0.0104867
6 99 -0.00181193
6 100 0.00739199
6 101 0.015662
6 102 0.0218022
6 103 0.0251153
6 104 0.0251928
6 105 0.0229162
6 106 0.0181552
6 107 0.0114909
6 108 0.00362048
6 109 -0.00415777
6 110 -0.0101019
6 111 -0.01342
6 112 -0.0135733
6 113 -0.0108056
6 114 -0.00546388
6 115 0.00172699
6 116 0.00940934
6 117 0.0156843
6 118 0.0184451
6 119 0

7 0 0
7 1 0.01763
7 2 0.0165194
7 3 0.0123243
7 4 0.00587542
7 5 -0.0011406
7 6 -0.00808421
7 7 -0.0128794
7 8 -0.0148508
7 9 -0.013047
7 10 -0.00779277
7 11 -0.000754882
7 12 0.00763822
7 13 0.0151102
7 14 0.0217187
7 15 0.0255898
7 16 0.0258149
7 17 0.0223962
7 18 0.0152977
7 19 0.00672899
7 20 -0.00299726
7 21 -0.0119009
7 22 -0.0198135
7 23 -0.024554
7 24 -0.0266509
7 25 -0.0262063
7 26 -0.0234253
7 27 -0.0201094
7 28 -0.0147384
7 29 -0.00985853
7 30 -0.00459492
7 31 0.000415561
7 32 0.00602259
7 33 0.0110594
7 34 0.0158214
7 35 0.0194106
7 36 0.021218
7 37 0.0213459
7 38 0.0182949
7 39 0.01395
7 40 0.00768452
7 41 0.00168142
7 42 -0.00439635
7 43 -0.00810323
7 44 -0.010745
7 45 -0.0111635
7 46 -0.0114361
7 47 -0.0108862
7 48 -0.0113922
7 49 -0.0128045
7 50 -0.0155128
7 51 -0.0182897
7 52 -0.0212655
7 53 -0.0229899
7 54 -0.023052
7 55 -0.0218121
7 56 -0.019483
7 57 -0.0165625
7 58 -0.0144319
7 59 -0.013815
7 60 -0.0143046
7 61 -0.0163383
7 62 -0.0191628
7 63 -0.0214877
7 64 -0.0227255
7 65 -0.0228148
7 66 -0.0212442
7 67 -0.0186329
7 68 -0.0162181
7 69 -0.014124
7 70 -0.0133053
7 71 -0.0136513
7 72 -0.0149904
7 73 -0.0157125
7 74 -0.0161507
7 75 -0.0144375
7 76 -0.0114145
7 77 -0.00587392
7 78 -4.88632e-05
7 79 0.00645823
7 80 0.0114723
7 81 0.0158603
7 82 0.0174401
7 83 0.0181116
7 84 0.0171143
7 85 0.0155501
7 86 0.0133501
7 87 0.0106997
7 88 0.00769952
7 89 0.00385686
7 90 -0.000995832
7 91 -0.00758032
7 92 -0.013489
7 93 -0.0203109
7 94 -0.0254808
7 95 -0.0290317
7 96 -0.029357
7 97 -0.0262312
7 98 -0.0202339
7 99 -0.0117871
7 100 -0.00207342
7 101 0.0084634
7 102 0.0169812
7 103 0.0234961
7 104 0.026146
7 105 0.0258365
7 106 0.0224829
7 107 0.0159455
7 108 0.00784885
7 109 -0.0014791
7 110 -0.00910685
7 111 -0.0145242
7 112 -0.0163618
7 113 -0.014553
7 114 -0.00959113
7 115 -0.00148096
7 116 0.0074581
7 117 0.0160517
7 118 0.0211517
7 119 0

8 0 0
8 1 0.019371
8 2 0.0164869
8 3 0.0105357
8 4 0.00306471
8 5 -0.00460112
8 6 -0.01115
8 7 -0.0148508
8 8 -0.0151251
8 9 -0.0112772
8 10 -0.00464142
8 11 0.00365225
8 12 0.0118234
8 13 0.0185466
8 14 0.0231149
8 15 0.0238503
8 16 0.0211604
8 17 0.0141745
8 18 0.00532413
8 19 -0.00453502
8 20 -0.0138832
8 21 -0.0208167
8 22 -0.0256521
8 23 -0.0259577
8 24 -0.0237503
8 25 -0.0189812
8 26 -0.0134737
8 27 -0.00785053
8 28 -0.0028735
8 29 0.000848249
8 30 0.00356756
8 31 0.00540598
8 32 0.00788968
8 33 0.00942356
8 34 0.0115932
8 35 0.0125377
8 36 0.0131058
8 37 0.0112823
8 38 0.00763014
8 39 0.0022959
8 40 -0.00372426
8 41 -0.00989251
8 42 -0.0145485
8 43 -0.0166736
8 44 -0.0171505
8 45 -0.0149925
8 46 -0.0120272
8 47 -0.00858673
8 48 -0.0067978
8 49 -0.00579357
8 50 -0.00701095
8 51 -0.00833438
8 52 -0.0105432
8 53 -0.0109904
8 54 -0.0105043
8 55 -0.00782304
8 56 -0.00479591
8 57 -0.000559176
8 58 0.00186014
8 59 0.00326519
8 60 0.00226692
8 61 0.00024365
8 62 -0.00360624
8 63 -0.00628012
8 64 -0.00863531
8 65 -0.00885494
8 66 -0.00820222
8 67 -0.00587587
8 68 -0.00454801
8 69 -0.00343835
8 70 -0.00472997
8 71 -0.00692422
8 72 -0.0110158
8 73 -0.0147157
8 74 -0.0178937
8 75 -0.0184203
8 76 -0.0175645
8 77 -0.0139791
8 78 -0.00904248
8 79 -0.00380231
8 80 0.000780104
8 81 0.00439409
8 82 0.00643259
8 83 0.00694592
8 84 0.00749622
8 85 0.00758178
8 86 0.00868951
8 87 0.00913589
8 88 0.0103253
8 89 0.0101235
8 90 0.00852413
8 91 0.00429707
8 92 -0.00143871
8 93 -0.00890312
8 94 -0.0166035
8 95 -0.0232309
8 96 -0.0278402
8 97 -0.0281288
8 98 -0.0258339
8 99 -0.019621
8 100 -0.0114292
8 101 -0.00158089
8 102 0.00816369
8 103 0.0159588
8 104 0.0212759
8 105 0.0231731
8 106 0.0222216
8 107 0.0177278
8 108 0.0109298
8 109 0.00237337
8 110 -0.00574128
8 111 -0.0119681
8 112 -0.0154224
8 113 -0.0151071
8 114 -0.0115986
8 115 -0.0045785
8 116 0.00419935
8 117 0.0131773
8 118 0.0198463
8 119 0

9 0 0
9 1 0.0169691
9 2 0.0124638
9 3 0.00611048
9 4 -0.000922943
9 5 -0.00707761
9 6 -0.0116092
9 7 -0.013047
9 8 -0.0112772
9 9 -0.0063359
9 10 0.000588627
9 11 0.00776131
9 12 0.0142321
9 13 0.0183125
9 14 0.0198696
9 15 0.017549
9 16 0.0117171
9 17 0.00308011
9 18 -0.00676477
9 19 -0.0156677
9 20 -0.0228679
9 21 -0.0262866
9 22 -0.026375
9 23 -0.0219077
9 24 -0.0150628
9 25 -0.00724222
9 26 0.000654103
9 27 0.00630608
9 28 0.0102811
9 29 0.0110848
9 30 0.00990311
9 31 0.00768442
9 32 0.00583872
9 33 0.00368995
9 34 0.00279536
9 35 0.00222711
9 36 0.00105889
9 37 -0.000756448
9 38 -0.00442184
9 39 -0.00869232
9 40 -0.0137294
9 41 -0.0179983
9 42 -0.0208388
9 43 -0.0203081
9 44 -0.018049
9 45 -0.0129869
9 46 -0.0069924
9 47 -0.000952382
9 48 0.00337936
9 49 0.00623593
9 50 0.00668611
9 51 0.00608022
9 52 0.00504977
9 53 0.00495844
9 54 0.0062752
9 55 0.00923767
9 56 0.0132665
9 57 0.0176118
9 58 0.0207896
9 59 0.0220444
9 60 0.0213333
9 61 0.0186931
9 62 0.0149145
9 63 0.0114297
9 64 0.00906029
9 65 0.00828416
9 66 0.00896712
9 67 0.0104871
9 68 0.0116094
9 69 0.0115018
9 70 0.00896083
9 71 0.00468472
9 72 -0.00140466
9 73 -0.00778714
9 74 -0.0134238
9 75 -0.0166273
9 76 -0.0183382
9 77 -0.0169795
9 78 -0.0143998
9 79 -0.0111412
9 80 -0.0087186
9 81 -0.00662965
9 82 -0.00622323
9 83 -0.00575854
9 84 -0.00547012
9 85 -0.00381157
9 86 -0.000344484
9 87 0.00388231
9 88 0.00889042
9 89 0.0134554
9 90 0.0159702
9 91 0.0149893
9 92 0.0116176
9 93 0.00465462
9 94 -0.00341358
9 95 -0.0124032
9 96 -0.0200831
9 97 -0.0246743
9 98 -0.0261661
9 99 -0.023908
9 100 -0.0189574
9 101 -0.011345
9 102 -0.00310075
9 103 0.00497392
9 104 0.0111425
9 105 0.0152744
9 106 0.0170758
9 107 0.0160328
9 108 0.0126783
9 109 0.00682588
9 110 0.000465654
9 111 -0.00577518
9 112 -0.0101702
9 113 -0.0121867
9 114 -0.0114519
9 115 -0.00720789
9 116 -0.000827124
9 117 0.00731353
9 118 0.0143441
9 119 0

10 0 0
10 1 0.0107091
10 2 0.00602978
10 3 0.000678634
10 4 -0.00397036
10 5 -0.00734478
10 6 -0.00889747
10 7 -0.00779277
10 8 -0.00464142
10 9 0.000588627
10 10 0.00595618
10 11 0.0107286
10 12 0.013701
10 13 0.0142597
10 14 0.0125028
10 15 0.00718269
10 16 7.53473e-05
10 17 -0.00904449
10 18 -0.0171667
10 19 -0.0234729
10 20 -0.0270707
10 21 -0.0260392
10 22 -0.0217369
10 23 -0.0129073
10 24 -0.00296634
10 25 0.00701123
10 26 0.014961
10 27 0.0198989
10 28 0.0208083
10 29 0.0179246
10 30 0.0125376
10 31 0.00584488
10 32 0.000325454
10 33 -0.00512389
10 34 -0.00782867
10 35 -0.00959033
10 36 -0.0101641
10 37 -0.011566
10 38 -0.0132973
10 39 -0.0158151
10 40 -0.0182878
10 41 -0.0204515
10 42 -0.0205564
10 43 -0.0176462
10 44 -0.0130826
10 45 -0.00581023
10 46 0.00233141
10 47 0.010227
10 48 0.0156802
10 49 0.0198466
10 50 0.0207685
10 51 0.0207448
10 52 0.0195877
10 53 0.0198425
10 54 0.0206743
10 55 0.0239695
10 56 0.0276202
10 57 0.0322463
10 58 0.0350196
10 59 0.0366938
10 60 0.0354839
10 61 0.0331885
10 62 0.0290771
10 63 0.0259788
10 64 0.0232974
10 65 0.0231324
10 66 0.0236045
10 67 0.0255396
10 68 0.02636
10 69 0.0262582
10 70 0.0228357
10 71 0.0180919
10 72 0.0106773
10 73 0.00289984
10 74 -0.00442964
10 75 -0.00924871
10 76 -0.0130221
10 77 -0.0140116
10 78 -0.0136509
10 79 -0.0131334
10 80 -0.013201
10 81 -0.0139684
10 82 -0.0153724
10 83 -0.0171327
10 84 -0.0174668
10 85 -0.0159734
10 86 -0.0108882
10 87 -0.004632
10 88 0.00403865
10 89 0.0122768
10 90 0.019143
10 91 0.0223123
10 92 0.0218626
10 93 0.0173785
10 94 0.010179
10 95 0.00108517
10 96 -0.00848367
10 97 -0.015492
10 98 -0.0208866
10 99 -0.022468
10 100 -0.022004
10 101 -0.0186426
10 102 -0.0133602
10 103 -0.00750959
10 104 -0.00138439
10 105 0.00367594
10 106 0.00822122
10 107 0.0109237
10 108 0.0119108
10 109 0.0103142
10 110 0.00696213
10 111 0.00249745
10 112 -0.00217977
10 113 -0.00580549
10 114 -0.0081987
10 115 -0.00780365
10 116 -0.00509474
10 117 8.31122e-05
10 118 0.00611345
10 119 0

11 0 0
11 1 0.00235189
11 2 -0.00217251
11 3 -0.00521913
11 4 -0.00663414
11 5 -0.00623793
11 6 -0.00409226
11 7 -0.000754882
11 8 0.00365225
11 9 0.00776131
11 10 0.0107286
11 11 0.0119619
11 12 0.0108447
11 13 0.00818251
11 14 0.00328723
11 15 -0.00330444
11 16 -0.0108347
11 17 -0.0184359
11 18 -0.0238339
11 19 -0.0267257
11 20 -0.026064
11 21 -0.0214877
11 22 -0.0131782
11 23 -0.00218905
11 24 0.009386
11 25 0.0191706
11 26 0.0258684
11 27 0.0286272
11 28 0.0261491
11 29 0.0199013
11 30 0.0106702
11 31 0.00133345
11 32 -0.00702006
11 33 -0.0134622
11 34 -0.016901
11 35 -0.0177328
11 36 -0.0171044
11 37 -0.0163187
11 38 -0.0156034
11 39 -0.0156349
11 40 -0.0155532
11 41 -0.0156985
11 42 -0.0137045
11 43 -0.00966798
11 44 -0.00371064
11 45 0.00376515
11 46 0.0126561
11 47 0.0201907
11 48 0.0258623
11 49 0.0292714
11 50 0.0301386
11 51 0.0290327
11 52 0.0276232
11 53 0.0267417
11 54 0.0271056
11 55 0.029293
11 56 0.0326504
11 57 0.0362588
11 58 0.0389658
11 59 0.0401226
11 60 0.0391481
11 61 0.0366533
11 62 0.0332889
11 63 0.0302631
11 64 0.0284658
11 65 0.0286293
11 66 0.0301095
11 67 0.0322858
11 68 0.034217
11 69 0.0343388
11 70 0.0319223
11 71 0.0273475
11 72 0.0208036
11 73 0.0128782
11 74 0.00609714
11 75 0.000615699
11 76 -0.00340612
11 77 -0.00582214
11 78 -0.00670568
11 79 -0.00841049
11 80 -0.0106046
11 81 -0.0141232
11 82 -0.0180563
11 83 -0.0221255
11 84 -0.0245336
11 85 -0.0240805
11 86 -0.0197092
11 87 -0.0125292
11 88 -0.00286566
11 89 0.00800332
11 90 0.017453
11 91 0.0242813
11 92 0.0267108
11 93 0.0254778
11 94 0.0206052
11 95 0.0129322
11 96 0.00386842
11 97 -0.00452089
11 98 -0.0117027
11 99 -0.0169222
11 100 -0.0201852
11 101 -0.0215545
11 102 -0.0202048
11 103 -0.0175684
11 104 -0.0133352
11 105 -0.00816218
11 106 -0.00229536
11 107 0.00413748
11 108 0.00932437
11 109 0.0126948
11 110 0.0133222
11 111 0.0112661
11 112 0.00729725
11 113 0.00190721
11 114 -0.00347887
11 115 -0.0076574
11 116 -0.00936891
11 117 -0.00783325
11 118 -0.00370062
11 119 0

12 0 0
12 1 -0.00734693
12 2 -0.0103848
12 3 -0.0105405
12 4 -0.00773388
12 5 -0.00323922
12 6 0.00220748
12 7 0.00763822
12 8 0.0118234
12 9 0.0142321
12 10 0.013701
12 11 0.0108447
12 12 0.00609271
12 13 0.000288476
12 14 -0.00587103
12 15 -0.0125377
12 16 -0.0183379
12 17 -0.0228756
12 18 -0.0246661
12 19 -0.0236374
12 20 -0.0198215
12 21 -0.0126507
12 22 -0.00308935
12 23 0.00811394
12 24 0.018376
12 25 0.0260134
12 26 0.0299265
12 27 0.0295359
12 28 0.0242105
12 29 0.0152682
12 30 0.00446586
12 31 -0.00607647
12 32 -0.0143439
12 33 -0.020145
12 34 -0.0218637
12 35 -0.0204244
12 36 -0.0172248
12 37 -0.0137391
12 38 -0.0102427
12 39 -0.00773698
12 40 -0.00587942
12 41 -0.00439416
12 42 -0.00199038
12 43 0.00203327
12 44 0.00717321
12 45 0.0136705
12 46 0.0207187
12 47 0.0267097
12 48 0.0304896
12 49 0.0324562
12 50 0.0316499
12 51 0.0292674
12 52 0.0264475
12 53 0.0244437
12 54 0.0233694
12 55 0.0244617
12 56 0.026612
12 57 0.0292649
12 58 0.031192
12 59 0.0321296
12 60 0.0309901
12 61 0.028883
12 62 0.0260937
12 63 0.0238744
12 64 0.0228011
12 65 0.0240105
12 66 0.0262793
12 67 0.0295277
12 68 0.0324974
12 69 0.0340873
12 70 0.0330592
12 71 0.030409
12 72 0.0256385
12 73 0.0199311
12 74 0.0147167
12 75 0.0108227
12 76 0.00775043
12 77 0.00602765
12 78 0.00464641
12 79 0.00237565
12 80 -0.00134336
12 81 -0.00670924
12 82 -0.0128739
12 83 -0.0192933
12 84 -0.0244161
12 85 -0.0264619
12 86 -0.0241679
12 87 -0.0187593
12 88 -0.0099245
12 89 0.000516772
12 90 0.0108831
12 91 0.0191933
12 92 0.0242347
12 93 0.0259092
12 94 0.0244285
12 95 0.0198664
12 96 0.0132106
12 97 0.00623414
12 98 -0.000914193
12 99 -0.00728657
12 100 -0.0134868
12 101 -0.0184844
12 102 -0.021677
12 103 -0.0229898
12 104 -0.0218271
12 105 -0.0184489
12 106 -0.0121492
12 107 -0.00383499
12 108 0.00519587
12 109 0.0129334
12 110 0.0177236
12 111 0.0189313
12 112 0.0162428
12 113 0.0104437
12 114 0.00250663
12 115 -0.00564012
12 116 -0.0119587
12 117 -0.0147561
12 118 -0.013268
12 119 0

13 0 0
13 1 -0.0159667
13 2 -0.0170075
13 3 -0.013656
13 4 -0.00685145
13 5 0.00104267
13 6 0.00916087
13 7 0.0151102
13 8 0.0185466
13 9 0.0183125
13 10 0.0142597
13 11 0.00818251
13 12 0.000288476
13 13 -0.00656078
13 14 -0.0130038
13 15 -0.0179444
13 16 -0.0208993
13 17 -0.0219881
13 18 -0.0198581
13 19 -0.0161739
13 20 -0.0102347
13 21 -0.00317444
13 22 0.00564804
13 23 0.0139794
13 24 0.0210736
13 25 0.0252924
13 26 0.0255081
13 27 0.0230022
13 28 0.0154137
13 29 0.00622752
13 30 -0.00423624
13 31 -0.0128243
13 32 -0.0191978
13 33 -0.0216887
13 34 -0.0205629
13 35 -0.0161605
13 36 -0.00984331
13 37 -0.0040227
13 38 0.00183022
13 39 0.00542272
13 40 0.00838396
13 41 0.00933143
13 42 0.011347
13 43 0.0130991
13 44 0.0163008
13 45 0.0193833
13 46 0.0238085
13 47 0.0264285
13 48 0.0277753
13 49 0.0269828
13 50 0.0245833
13 51 0.0203586
13 52 0.0163838
13 53 0.0129173
13 54 0.0106984
13 55 0.010414
13 56 0.0114565
13 57 0.0128693
13 58 0.0141061
13 59 0.0146606
13 60 0.0135589
13 61 0.0118056
13 62 0.00986349
13 63 0.00838871
13 64 0.0082238
13 65 0.0101696
13 66 0.0133565
13 67 0.0173217
13 68 0.0215561
13 69 0.0243329
13 70 0.0255535
13 71 0.025077
13 72 0.0233922
13 73 0.0203498
13 74 0.0186789
13 75 0.0172172
13 76 0.0171172
13 77 0.0167982
13 78 0.0172601
13 79 0.0153178
13 80 0.0122338
13 81 0.00601971
13 82 -0.000787972
13 83 -0.00927984
13 84 -0.0163186
13 85 -0.0211839
13 86 -0.022341
13 87 -0.0200929
13 88 -0.0146876
13 89 -0.00684259
13 90 0.00144271
13 91 0.00969419
13 92 0.0147237
13 93 0.0189192
13 94 0.0200699
13 95 0.0194524
13 96 0.0167613
13 97 0.0130024
13 98 0.00838374
13 99 0.00266088
13 100 -0.00393341
13 101 -0.0115966
13 102 -0.0176527
13 103 -0.0230189
13 104 -0.0251186
13 105 -0.0243332
13 106 -0.0195674
13 107 -0.010533
13 108 0.000130101
13 109 0.0114169
13 110 0.019545
13 111 0.0240257
13 112 0.0233974
13 113 0.0178951
13 114 0.00889414
13 115 -0.00245211
13 116 -0.0123982
13 117 -0.01936
13 118 -0.0208194
13 119 0

14 0 0
14 1 -0.022358
14 2 -0.0209062
14 3 -0.0142683
14 4 -0.0040629
14 5 0.00656915
14 6 0.015893
14 7 0.0217187
14 8 0.0231149
14 9 0.0198696
14 10 0.0125028
14 11 0.00328723
14 12 -0.00587103
14 13 -0.0130038
14 14 -0.0175772
14 15 -0.0194846
14 16 -0.018894
14 17 -0.015826
14 18 -0.0111155
14 19 -0.00564845
14 20 -6.84822e-05
14 21 0.00523143
14 22 0.0106711
14 23 0.014724
14 24 0.0171875
14 25 0.0170148
14 26 0.0144948
14 27 0.00984395
14 28 0.00278219
14 29 -0.00496786
14 30 -0.0121428
14 31 -0.0171014
14 32 -0.0192161
14 33 -0.0176849
14 34 -0.0129754
14 35 -0.00530445
14 36 0.00272201
14 37 0.01029
14 38 0.0165972
14 39 0.0204905
14 40 0.0221063
14 41 0.0221775
14 42 0.0214085
14 43 0.0203679
14 44 0.0199323
14 45 0.0196703
14 46 0.019903
14 47 0.0192146
14 48 0.0176138
14 49 0.0146719
14 50 0.0106034
14 51 0.00525464
14 52 0.000551388
14 53 -0.00369429
14 54 -0.00661479
14 55 -0.00793528
14 56 -0.00769232
14 57 -0.00742254
14 58 -0.00664283
14 59 -0.0065243
14 60 -0.00734411
14 61 -0.00882687
14 62 -0.00981057
14 63 -0.0107664
14 64 -0.0101658
14 65 -0.00794251
14 66 -0.00436917
14 67 -0.000264979
14 68 0.0045793
14 69 0.00829886
14 70 0.0110929
14 71 0.0128037
14 72 0.013926
14 73 0.0144723
14 74 0.0159295
14 75 0.0179179
14 76 0.0209198
14 77 0.023875
14 78 0.0262229
14 79 0.0269297
14 80 0.0252294
14 81 0.0205478
14 82 0.0140118
14 83 0.00599411
14 84 -0.00261737
14 85 -0.00945899
14 86 -0.0140462
14 87 -0.0158011
14 88 -0.015057
14 89 -0.0119455
14 90 -0.00759614
14 91 -0.00257982
14 92 0.00161838
14 93 0.00579137
14 94 0.00937055
14 95 0.0120356
14 96 0.013847
14 97 0.0143626
14 98 0.0139106
14 99 0.0111981
14 100 0.00598161
14 101 -0.00153314
14 102 -0.00990694
14 103 -0.0178544
14 104 -0.0237401
14 105 -0.0262561
14 106 -0.0239111
14 107 -0.0163409
14 108 -0.00506647
14 109 0.00781312
14 110 0.0187372
14 111 0.0260541
14 112 0.0278459
14 113 0.0238121
14 114 0.0148012
14 115 0.00209881
14 116 -0.0105546
14 117 -0.0206571
14 118 -0.0250397
14 119 0

15 0 0
15 1 -0.0248237
15 2 -0.0202441
15 3 -0.0108868
15 4 0.0017168
15 5 0.0130111
15 6 0.021784
15 7 0.0255898
15 8 0.0238503
15 9 0.017549
15 10 0.00718269
15 11 -0.00330444
15 12 -0.0125377
15 13 -0.0179444
15 14 -0.0194846
15 15 -0.0177867
15 16 -0.0129853
15 17 -0.00676979
15 18 0.000120535
15 19 0.00559268
15 20 0.00950406
15 21 0.0111855
15 22 0.0118697
15 23 0.0105477
15 24 0.00785468
15 25 0.00425321
15 26 -0.000664475
15 27 -0.00503023
15 28 -0.0104876
15 29 -0.0145748
15 30 -0.0170985
15 31 -0.0170199
15 32 -0.014485
15 33 -0.00886429
15 34 -0.00113855
15 35 0.00787168
15 36 0.0167745
15 37 0.0237188
15 38 0.0292324
15 39 0.0312027
15 40 0.0310565
15 41 0.0284856
15 42 0.0251797
15 43 0.0206613
15 44 0.0170276
15 45 0.0131585
15 46 0.0102268
15 47 0.00676722
15 48 0.00321294
15 49 -0.00101393
15 50 -0.00555394
15 51 -0.0107363
15 52 -0.0151843
15 53 -0.0190389
15 54 -0.021994
15 55 -0.0233838
15 56 -0.0237441
15 57 -0.0238995
15 58 -0.0236793
15 59 -0.023479
15 60 -0.024274
15 61 -0.0250967
15 62 -0.0256074
15 63 -0.0259304
15 64 -0.0253376
15 65 -0.0231855
15 66 -0.0202691
15 67 -0.0167174
15 68 -0.0125414
15 69 -0.00886721
15 70 -0.00552827
15 71 -0.00256898
15 72 0.000425816
15 73 0.00337042
15 74 0.00757102
15 75 0.0121698
15 76 0.0181268
15 77 0.0235302
15 78 0.0286905
15 79 0.0318654
15 80 0.0332029
15 81 0.0309131
15 82 0.0270154
15 83 0.0203323
15 84 0.0128093
15 85 0.00506118
15 86 -0.00166396
15 87 -0.00702048
15 88 -0.0108104
15 89 -0.0131153
15 90 -0.0138923
15 91 -0.0130579
15 92 -0.0121601
15 93 -0.00895088
15 94 -0.00512186
15 95 0.000279728
15 96 0.00586581
15 97 0.0111362
15 98 0.0153109
15 99 0.0168501
15 100 0.0147176
15 101 0.00866098
15 102 0.000343512
15 103 -0.00951607
15 104 -0.0178691
15 105 -0.0240772
15 106 -0.0250805
15 107 -0.0204651
15 108 -0.0110359
15 109 0.00182846
15 110 0.0137395
15 111 0.0236589
15 112 0.0281414
15 113 0.0269918
15 114 0.0200308
15 115 0.00793484
15 116 -0.00523713
15 117 -0.0175713
15 118 -0.024407
15 119 0

16 0 0
16 1 -0.0229306
16 2 -0.0163483
16 3 -0.0050646
16 4 0.00759809
16 5 0.0183521
16 6 0.0249732
16 7 0.0258149
16 8 0.0211604
16 9 0.0117171
16 10 7.53473e-05
16 11 -0.0108347
16 12 -0.0183379
16 13 -0.0208993
16 14 -0.018894
16 15 -0.0129853
16 16 -0.00515813
16 17 0.00367534
16 18 0.0106389
16 19 0.0149662
16 20 0.0157779
16 21 0.0131871
16 22 0.00916482
16 23 0.00273164
16 24 -0.00357619
16 25 -0.0098477
16 26 -0.0147022
16 27 -0.0179557
16 28 -0.0196938
16 29 -0.0193426
16 30 -0.0166488
16 31 -0.011618
16 32 -0.00537489
16 33 0.00310518
16 34 0.0115388
16 35 0.020348
16 36 0.0270215
16 37 0.0320905
16 38 0.034498
16 39 0.0340408
16 40 0.0308201
16 41 0.0261668
16 42 0.0201953
16 43 0.0134304
16 44 0.00749431
16 45 0.00164374
16 46 -0.00314618
16 47 -0.00785563
16 48 -0.011637
16 49 -0.015684
16 50 -0.0189566
16 51 -0.022826
16 52 -0.0253544
16 53 -0.0280712
16 54 -0.029651
16 55 -0.0308636
16 56 -0.0307905
16 57 -0.0314645
16 58 -0.0310051
16 59 -0.0311317
16 60 -0.0312377
16 61 -0.0319574
16 62 -0.0316087
16 63 -0.0320887
16 64 -0.0314031
16 65 -0.0304777
16 66 -0.028566
16 67 -0.0269945
16 68 -0.0242154
16 69 -0.0221668
16 70 -0.0193826
16 71 -0.0169131
16 72 -0.0133601
16 73 -0.00961278
16 74 -0.00436015
16 75 0.00130895
16 76 0.00857565
16 77 0.0155702
16 78 0.0222446
16 79 0.0280356
16 80 0.0320181
16 81 0.0334124
16 82 0.0326434
16 83 0.029933
16 84 0.0247356
16 85 0.0187943
16 86 0.0114975
16 87 0.0047748
16 88 -0.0026014
16 89 -0.00912144
16 90 -0.0148361
16 91 -0.0188143
16 92 -0.0215248
16 93 -0.0212936
16 94 -0.0182312
16 95 -0.0125183
16 96 -0.00430107
16 97 0.00391382
16 98 0.0124808
16 99 0.0181067
16 100 0.0199888
16 101 0.0170871
16 102 0.0100122
16 103 0.000493939
16 104 -0.00984463
16 105 -0.018504
16 106 -0.0234307
16 107 -0.0224404
16 108 -0.0161001
16 109 -0.00535132
16 110 0.00656803
16 111 0.0172265
16 112 0.0244178
16 113 0.0261233
16 114 0.022277
16 115 0.0128613
16 116 0.000658366
16 117 -0.0113849
16 118 -0.0197737
16 119 0

17 0 0
17 1 -0.0175998
17 2 -0.00897197
17 3 0.00236913
17 4 0.0140459
17 5 0.0220488
17 6 0.0250415
17 7 0.0223962
17 8 0.0141745
17 9 0.00308011
17 10 -0.00904449
17 11 -0.0184359
17 12 -0.0228756
17 13 -0.0219881
17 14 -0.015826
17 15 -0.00676979
17 16 0.00367534
17 17 0.0132503
17 18 0.0194962
17 19 0.0214178
17 20 0.0186265
17 21 0.0122043
17 22 0.00365871
17 23 -0.00586822
17 24 -0.0148231
17 25 -0.0213943
17 26 -0.0251457
17 27 -0.0257258
17 28 -0.0234011
17 29 -0.0185267
17 30 -0.0111337
17 31 -0.0029071
17 32 0.00576197
17 33 0.0142634
17 34 0.0217751
17 35 0.0276068
17 36 0.0309768
17 37 0.0320384
17 38 0.0310332
17 39 0.0275873
17 40 0.0221522
17 41 0.0162353
17 42 0.00924353
17 43 0.00199992
17 44 -0.00443545
17 45 -0.00995122
17 46 -0.0149088
17 47 -0.0186751
17 48 -0.0214258
17 49 -0.0232237
17 50 -0.0244538
17 51 -0.0252496
17 52 -0.0255141
17 53 -0.0256591
17 54 -0.0258958
17 55 -0.0258323
17 56 -0.0257145
17 57 -0.0259735
17 58 -0.0258504
17 59 -0.0255707
17 60 -0.0256105
17 61 -0.0255261
17 62 -0.0251131
17 63 -0.025176
17 64 -0.0252947
17 65 -0.0252826
17 66 -0.0255288
17 67 -0.025889
17 68 -0.0259248
17 69 -0.0257934
17 70 -0.0252934
17 71 -0.02407
17 72 -0.0219328
17 73 -0.0186804
17 74 -0.0147513
17 75 -0.00968957
17 76 -0.00336863
17 77 0.00329475
17 78 0.00968598
17 79 0.0165237
17 80 0.0223599
17 81 0.0267499
17 82 0.0298546
17 83 0.0312383
17 84 0.0302222
17 85 0.0272103
17 86 0.0221888
17 87 0.015592
17 88 0.00747601
17 89 -0.0018809
17 90 -0.0108044
17 91 -0.0188815
17 92 -0.0250345
17 93 -0.0281902
17 94 -0.027509
17 95 -0.0226413
17 96 -0.0144476
17 97 -0.0043164
17 98 0.00656844
17 99 0.0159599
17 100 0.0215556
17 101 0.0225042
17 102 0.018107
17 103 0.0100523
17 104 -0.000223385
17 105 -0.0109463
17 106 -0.0188166
17 107 -0.0225208
17 108 -0.0203726
17 109 -0.0133163
17 110 -0.00354474
17 111 0.00731789
17 112 0.0161071
17 113 0.021605
17 114 0.0219475
17 115 0.0167972
17 116 0.00788563
17 117 -0.00288677
17 118 -0.0114762
17 119 0

18 0 0
18 1 -0.00970049
18 2 -0.000859911
18 3 0.00973993
18 4 0.0181709
18 5 0.0226764
18 6 0.0216805
18 7 0.0152977
18 8 0.00532413
18 9 -0.00676477
18 10 -0.0171667
18 11 -0.0238339
18 12 -0.0246661
18 13 -0.0198581
18 14 -0.0111155
18 15 0.000120535
18 16 0.0106389
18 17 0.0194962
18 18 0.023357
18 19 0.022421
18 20 0.0167365
18 21 0.00734062
18 22 -0.00282872
18 23 -0.0138832
18 24 -0.0222187
18 25 -0.0273885
18 26 -0.0281763
18 27 -0.025374
18 28 -0.0191558
18 29 -0.0107512
18 30 -0.000968007
18 31 0.00887844
18 32 0.0165501
18 33 0.0234149
18 34 0.0269825
18 35 0.0283353
18 36 0.026528
18 37 0.023601
18 38 0.0188045
18 39 0.0132468
18 40 0.00694123
18 41 0.00115524
18 42 -0.0046323
18 43 -0.0103702
18 44 -0.0147587
18 45 -0.0187224
18 46 -0.0214279
18 47 -0.0232839
18 48 -0.0231232
18 49 -0.0225793
18 50 -0.0203294
18 51 -0.0182622
18 52 -0.0152497
18 53 -0.0134362
18 54 -0.0115058
18 55 -0.0109091
18 56 -0.0101047
18 57 -0.0106892
18 58 -0.0102787
18 59 -0.0103671
18 60 -0.0096367
18 61 -0.00941968
18 62 -0.00824474
18 63 -0.00851104
18 64 -0.00865497
18 65 -0.0102482
18 66 -0.0118741
18 67 -0.0149092
18 68 -0.0172209
18 69 -0.0200398
18 70 -0.0214254
18 71 -0.0228479
18 72 -0.0225013
18 73 -0.0217382
18 74 -0.0197951
18 75 -0.0177182
18 76 -0.0140104
18 77 -0.0102133
18 78 -0.0056198
18 79 -1.25717e-05
18 80 0.00614844
18 81 0.012421
18 82 0.0183153
18 83 0.0239767
18 84 0.027531
18 85 0.0291931
18 86 0.0274511
18 87 0.0241737
18 88 0.0170895
18 89 0.0083244
18 90 -0.00177482
18 91 -0.0116394
18 92 -0.0205608
18 93 -0.0267478
18 94 -0.0291996
18 95 -0.0272972
18 96 -0.0207479
18 97 -0.0121873
18 98 -0.000835076
18 99 0.00961819
18 100 0.0181661
18 101 0.0224936
18 102 0.0217195
18 103 0.0167655
18 104 0.00792511
18 105 -0.00237038
18 106 -0.0127026
18 107 -0.0196617
18 108 -0.0222877
18 109 -0.0197017
18 110 -0.0129379
18 111 -0.0040338
18 112 0.00582729
18 113 0.0136549
18 114 0.0182809
18 115 0.0180898
18 116 0.0132515
18 117 0.00587431
18 118 -0.00195069
18 119 0

19 0 0
19 1 -0.00119488
19 2 0.00747287
19 3 0.0157453
19 4 0.0204971
19 5 0.0208065
19 6 0.0156658
19 7 0.00672899
19 8 -0.00453502
19 9 -0.0156677
19 10 -0.0234729
19 11 -0.0267257
19 12 -0.0236374
19 13 -0.0161739
19 14 -0.00564845
19 15 0.00559268
19 16 0.0149662
19 17 0.0214178
19 18 0.022421
19 19 0.0187422
19 20 0.0108872
19 21 0.00107912
19 22 -0.00922077
19 23 -0.0181895
19 24 -0.0242207
19 25 -0.0260624
19 26 -0.0232335
19 27 -0.0174683
19 28 -0.0083981
19 29 0.00152054
19 30 0.0119424
19 31 0.0200498
19 32 0.0254133
19 33 0.0276405
19 34 0.0264577
19 35 0.0222914
19 36 0.0157493
19 37 0.00879445
19 38 0.0016009
19 39 -0.00446489
19 40 -0.0101167
19 41 -0.0134268
19 42 -0.0165035
19 43 -0.0186175
19 44 -0.0201467
19 45 -0.0204043
19 46 -0.0208112
19 47 -0.0196341
19 48 -0.0172745
19 49 -0.0135725
19 50 -0.00907271
19 51 -0.00389567
19 52 0.000925362
19 53 0.00490446
19 54 0.00763132
19 55 0.0089485
19 56 0.00920634
19 57 0.00869645
19 58 0.00839295
19 59 0.00844519
19 60 0.00918945
19 61 0.0102837
19 62 0.011616
19 63 0.0121524
19 64 0.0116717
19 65 0.00969856
19 66 0.00648607
19 67 0.0022463
19 68 -0.0024181
19 69 -0.00674191
19 70 -0.0104631
19 71 -0.0133502
19 72 -0.0153808
19 73 -0.0164565
19 74 -0.0180618
19 75 -0.0189848
19 76 -0.0195774
19 77 -0.0194874
19 78 -0.019045
19 79 -0.0159365
19 80 -0.0117299
19 81 -0.00532053
19 82 0.00204494
19 83 0.0106136
19 84 0.0180669
19 85 0.0240443
19 86 0.02717
19 87 0.027677
19 88 0.0245978
19 89 0.0181423
19 90 0.00991107
19 91 0.000170789
19 92 -0.00897554
19 93 -0.017533
19 94 -0.0228385
19 95 -0.0246203
19 96 -0.0222568
19 97 -0.0167479
19 98 -0.00820251
19 99 0.00168942
19 100 0.0110067
19 101 0.0180197
19 102 0.0205308
19 103 0.0194041
19 104 0.0135447
19 105 0.00483507
19 106 -0.00560438
19 107 -0.0153614
19 108 -0.0216369
19 109 -0.0239162
19 110 -0.0210941
19 111 -0.0147052
19 112 -0.00549071
19 113 0.00441556
19 114 0.0126147
19 115 0.017483
19 116 0.0174538
19 117 0.013742
19 118 0.00768383
19 119 0

20 0 0
20 1 0.00734198
20 2 0.0148595
20 3 0.0200946
20 4 0.0206507
20 5 0.0164187
20 6 0.00796971
20 7 -0.00299726
20 8 -0.0138832
20 9 -0.0228679
20 10 -0.0270707
20 11 -0.026064
20 12 -0.0198215
20 13 -0.0102347
20 14 -6.84822e-05
20 15 0.00950406
20 16 0.0157779
20 17 0.0186265
20 18 0.0167365
20 19 0.0108872
20 20 0.00321466
20 21 -0.00540761
20 22 -0.0125937
20 23 -0.0179371
20 24 -0.0197966
20 25 -0.0175282
20 26 -0.0116458
20 27 -0.00356785
20 28 0.00606712
20 29 0.0155588
20 30 0.0234796
20 31 0.0284885
20 32 0.0290404
20 33 0.0264039
20 34 0.0199231
20 35 0.0108451
20 36 0.000684606
20 37 -0.0085091
20 38 -0.0161939
20 39 -0.021236
20 40 -0.0237936
20 41 -0.0237351
20 42 -0.0222298
20 43 -0.0203327
20 44 -0.0177431
20 45 -0.0152364
20 46 -0.0128625
20 47 -0.00990644
20 48 -0.00554241
20 49 -0.000684117
20 50 0.00545773
20 51 0.0118205
20 52 0.0177737
20 53 0.0221325
20 54 0.0251574
20 55 0.0258332
20 56 0.025343
20 57 0.0239533
20 58 0.0230005
20 59 0.0225284
20 60 0.023611
20 61 0.0252028
20 62 0.0272861
20 63 0.0285448
20 64 0.0287275
20 65 0.0266486
20 66 0.0233193
20 67 0.0184351
20 68 0.0131516
20 69 0.00799567
20 70 0.00397853
20 71 0.00014063
20 72 -0.00265466
20 73 -0.00545071
20 74 -0.00895765
20 75 -0.0133345
20 76 -0.017664
20 77 -0.022364
20 78 -0.026023
20 79 -0.0274265
20 80 -0.0261266
20 81 -0.0217669
20 82 -0.0148084
20 83 -0.00557974
20 84 0.00435098
20 85 0.0134643
20 86 0.0204693
20 87 0.0256197
20 88 0.0269203
20 89 0.0252017
20 90 0.0206341
20 91 0.0140588
20 92 0.00619757
20 93 -0.00217648
20 94 -0.00974652
20 95 -0.0148838
20 96 -0.0172737
20 97 -0.0169579
20 98 -0.0129496
20 99 -0.00665945
20 100 0.00173512
20 101 0.00941336
20 102 0.0150511
20 103 0.0177226
20 104 0.0160512
20 105 0.0105764
20 106 0.00130007
20 107 -0.0092113
20 108 -0.018717
20 109 -0.0249443
20 110 -0.0265687
20 111 -0.0234212
20 112 -0.015799
20 113 -0.00539389
20 114 0.00570971
20 115 0.0146075
20 116 0.0195249
20 117 0.019688
20 118 0.0160144
20 119 0

21 0 0
21 1 0.0140457
21 2 0.0193604
21 3 0.021009
21 4 0.0171347
21 5 0.00960535
21 6 -0.00110761
