0 0 0
0 1 0
0 2 0
0 3 0
0 4 0
0 5 0
0 6 0
0 7 0
0 8 0
0 9 0
0 10 0
0 11 0
0 12 0
0 13 0
0 14 0
0 15 0
0 16 0
0 17 0
0 18 0
0 19 0
0 20 0
0 21 0
0 22 0
0 23 0
0 24 0
0 25 0
0 26 0
0 27 0
0 28 0
0 29 0
0 30 0
0 31 0
0 32 0
0 33 0
0 34 0
0 35 0
0 36 0
0 37 0
0 38 0
0 39 0
0 40 0
0 41 0
0 42 0
0 43 0
0 44 0
0 45 0
0 46 0
0 47 0
0 48 0
0 49 0
0 50 0
0 51 0
0 52 0
0 53 0
0 54 0
0 55 0
0 56 0
0 57 0
0 58 0
0 59 0
0 60 0
0 61 0
0 62 0
0 63 0
0 64 0
0 65 0
0 66 0
0 67 0
0 68 0
0 69 0
0 70 0
0 71 0
0 72 0
0 73 0
0 74 0
0 75 0
0 76 0
0 77 0
0 78 0
0 79 0
0 80 0
0 81 0
0 82 0
0 83 0
0 84 0
0 85 0
0 86 0
0 87 0
0 88 0
0 89 0
0 90 0
0 91 0
0 92 0
0 93 0
0 94 0
0 95 0
0 96 0
0 97 0
0 98 0
0 99 0
0 100 0
0 101 0
0 102 0
0 103 0
0 104 0
0 105 0
0 106 0
0 107 0
0 108 0
0 109 0
0 110 0
0 111 0
0 112 0
0 113 0
0 114 0
0 115 0
0 116 0
0 117 0
0 118 0
0 119 0

1 0 0
1 1 -0.0204412
1 2 -0.0159452
1 3 -0.00836726
1 4 0.00041792
1 5 0.00994077
1 6 0.0173055
1 7 0.0215519
1 8 0.022498
1 9 0.0186324
1 10 0.0121099
1 11 0.00355439
1 12 -0.00624018
1 13 -0.0139185
1 14 -0.0202231
1 15 -0.0232599
1 16 -0.0218475
1 17 -0.0186073
1 18 -0.0121674
1 19 -0.00431831
1 20 0.00335112
1 21 0.0105821
1 22 0.0156203
1 23 0.0196318
1 24 0.0205979
1 25 0.0197589
1 26 0.0182689
1 27 0.0147377
1 28 0.0110247
1 29 0.00618203
1 30 0.00189853
1 31 -0.00319563
1 32 -0.00901327
1 33 -0.0140142
1 34 -0.0190993
1 35 -0.0227009
1 36 -0.0263272
1 37 -0.0273471
1 38 -0.0265426
1 39 -0.0235402
1 40 -0.0194435
1 41 -0.0149059
1 42 -0.00925859
1 43 -0.00418198
1 44 0.000931484
1 45 0.0036881
1 46 0.0060246
1 47 0.00695406
1 48 0.00908047
1 49 0.0111938
1 50 0.0144966
1 51 0.0172614
1 52 0.0200272
1 53 0.0217768
1 54 0.0231351
1 55 0.023832
1 56 0.0243159
1 57 0.0245848
1 58 0.0247561
1 59 0.0249162
1 60 0.0249839
1 61 0.0250809
1 62 0.0250551
1 63 0.0249337
1 64 0.0245453
1 65 0.023687
1 66 0.0223483
1 67 0.0202388
1 68 0.0180007
1 69 0.0154866
1 70 0.0139921
1 71 0.0126991
1 72 0.0124059
1 73 0.0107805
1 74 0.00854157
1 75 0.00377489
1 76 -0.00109685
1 77 -0.00703763
1 78 -0.0119089
1 79 -0.0171591
1 80 -0.0212307
1 81 -0.0240823
1 82 -0.0249362
1 83 -0.0239737
1 84 -0.0228678
1 85 -0.0204358
1 86 -0.0180127
1 87 -0.0139857
1 88 -0.0106566
1 89 -0.00653171
1 90 -0.0016222
1 91 0.00388015
1 92 0.00992743
1 93 0.0147872
1 94 0.0201469
1 95 0.023136
1 96 0.0238473
1 97 0.0220033
1 98 0.0172041
1 99 0.0105851
1 100 0.00129566
1 101 -0.00724338
1 102 -0.0151153
1 103 -0.0215917
1 104 -0.0238194
1 105 -0.0232546
1 106 -0.0188947
1 107 -0.0116434
1 108 -0.00304942
1 109 0.00653526
1 110 0.014225
1 111 0.019821
1 112 0.0220016
1 113 0.0196454
1 114 0.0149191
1 115 0.00697706
1 116 -0.00229884
1 117 -0.00988896
1 118 -0.0167424
1 119 0

2 0 0
2 1 -0.0159452
2 2 -0.0101303
2 3 -0.0029061
2 4 0.00583357
2 5 0.0125597
2 6 0.0167346
2 7 0.0195168
2 8 0.0174652
2 9 0.0128532
2 10 0.0071773
2 11 -0.00210891
2 12 -0.00999989
2 13 -0.0161165
2 14 -0.0210496
2 15 -0.0209257
2 16 -0.0186309
2 17 -0.012753
2 18 -0.00470965
2 19 0.00240454
2 20 0.0111234
2 21 0.0158638
2 22 0.0188608
2 23 0.0203875
2 24 0.0174584
2 25 0.014801
2 26 0.00938345
2 27 0.00518983
2 28 0.000564743
2 29 -0.00446177
2 30 -0.00650795
2 31 -0.0102976
2 32 -0.0117648
2 33 -0.0149334
2 34 -0.0161229
2 35 -0.017127
2 36 -0.0184989
2 37 -0.0176003
2 38 -0.0170325
2 39 -0.0124117
2 40 -0.00936235
2 41 -0.00370021
2 42 0.000206752
2 43 0.00569736
2 44 0.00962772
2 45 0.0124765
2 46 0.0137941
2 47 0.0132898
2 48 0.0138495
2 49 0.0135214
2 50 0.0158178
2 51 0.0164439
2 52 0.0192121
2 53 0.0191745
2 54 0.0210274
2 55 0.0199854
2 56 0.0211658
2 57 0.0197791
2 58 0.0208782
2 59 0.0195972
2 60 0.0208655
2 61 0.0197759
2 62 0.0211792
2 63 0.0200693
2 64 0.0212207
2 65 0.0195235
2 66 0.0198354
2 67 0.0173132
2 68 0.0171982
2 69 0.0152175
2 70 0.0163428
2 71 0.0161174
2 72 0.0176969
2 73 0.0166511
2 74 0.0150438
2 75 0.0112249
2 76 0.00688665
2 77 0.00284276
2 78 -0.00215615
2 79 -0.00563852
2 80 -0.0105458
2 81 -0.0118387
2 82 -0.014296
2 83 -0.0139119
2 84 -0.0156452
2 85 -0.0157001
2 86 -0.0157312
2 87 -0.0157702
2 88 -0.0144045
2 89 -0.0139676
2 90 -0.00938812
2 91 -0.00585451
2 92 0.000231091
2 93 0.00621202
2 94 0.0122289
2 95 0.0182997
2 96 0.0200768
2 97 0.0220727
2 98 0.0195398
2 99 0.0146148
2 100 0.00832639
2 101 -0.000509154
2 102 -0.00749825
2 103 -0.0151145
2 104 -0.019218
2 105 -0.0198331
2 106 -0.0193082
2 107 -0.0133755
2 108 -0.00664052
2 109 0.000123457
2 110 0.00815888
2 111 0.0129847
2 112 0.0160916
2 113 0.0170608
2 114 0.0141523
2 115 0.0100243
2 116 0.00393768
2 117 -0.00368492
2 118 -0.00977885
2 119 0

3 0 0
3 1 -0.00836726
3 2 -0.0029061
3 3 0.00296797
3 4 0.00846944
3 5 0.0122832
3 6 0.0140841
3 7 0.0136129
3 8 0.0102237
3 9 0.0050174
3 10 -0.00149853
3 11 -0.00781564
3 12 -0.0126326
3 13 -0.0159931
3 14 -0.0156906
3 15 -0.0132391
3 16 -0.00908823
3 17 -0.00207948
3 18 0.00363604
3 19 0.00951059
3 20 0.0145797
3 21 0.0161329
3 22 0.0166435
3 23 0.0138873
3 24 0.010138
3 25 0.00479338
3 26 -0.00154704
3 27 -0.0054934
3 28 -0.0102804
3 29 -0.0123883
3 30 -0.013591
3 31 -0.01293
3 32 -0.0112481
3 33 -0.0106269
3 34 -0.00796219
3 35 -0.00687784
3 36 -0.00450109
3 37 -0.0038328
3 38 -0.00168002
3 39 0.00117176
3 40 0.00437757
3 41 0.00824612
3 42 0.010693
3 43 0.0145795
3 44 0.016297
3 45 0.0186263
3 46 0.0173297
3 47 0.0162635
3 48 0.0130907
3 49 0.0118064
3 50 0.0103526
3 51 0.0106718
3 52 0.0106566
3 53 0.0110273
3 54 0.0107991
3 55 0.0103722
3 56 0.00982473
3 57 0.00912064
3 58 0.00880748
3 59 0.00838036
3 60 0.0085496
3 61 0.00855772
3 62 0.00907517
3 63 0.00929481
3 64 0.00963643
3 65 0.00954733
3 66 0.00923085
3 67 0.00899005
3 68 0.00890645
3 69 0.0102395
3 70 0.0119725
3 71 0.015254
3 72 0.0169805
3 73 0.0187122
3 74 0.0171926
3 75 0.0162955
3 76 0.013225
3 77 0.0119427
3 78 0.00867931
3 79 0.0067712
3 80 0.00407572
3 81 0.00293878
3 82 0.00181524
3 83 -0.000377624
3 84 -0.0025168
3 85 -0.00628634
3 86 -0.00834666
3 87 -0.012427
3 88 -0.0145849
3 89 -0.0163362
3 90 -0.0154983
3 91 -0.0128517
3 92 -0.00973738
3 93 -0.00344323
3 94 0.00183942
3 95 0.00783862
3 96 0.0118929
3 97 0.01471
3 98 0.0161483
3 99 0.0137669
3 100 0.0115098
3 101 0.0069296
3 102 0.0014463
3 103 -0.00327558
3 104 -0.00838806
3 105 -0.0113762
3 106 -0.0132962
3 107 -0.0130033
3 108 -0.0102711
3 109 -0.00688077
3 110 -0.00128544
3 111 0.00404237
3 112 0.00775198
3 113 0.0111587
3 114 0.0119516
3 115 0.0102793
3 116 0.00780508
3 117 0.00360185
3 118 -0.00174287
3 119 0

4 0 0
4 1 0.00041792
4 2 0.00583357
4 3 0.00846944
4 4 0.00964569
4 5 0.0103245
4 6 0.00789276
4 7 0.00404573
4 8 0.000331741
4 9 -0.00488703
4 10 -0.00920591
4 11 -0.0109058
4 12 -0.0119959
4 13 -0.01062
4 14 -0.00688273
4 15 -0.00322219
4 16 0.00205979
4 17 0.00706954
4 18 0.010863
4 19 0.0141077
4 20 0.0146802
4 21 0.0142237
4 22 0.0108489
4 23 0.00550094
4 24 0.000381189
4 25 -0.00695322
4 26 -0.0125037
4 27 -0.0170055
4 28 -0.019259
4 29 -0.0189021
4 30 -0.0174161
4 31 -0.012048
4 32 -0.00724665
4 33 -0.0013294
4 34 0.00349823
4 35 0.00797156
4 36 0.0117569
4 37 0.012934
4 38 0.014729
4 39 0.0149575
4 40 0.0170772
4 41 0.0173191
4 42 0.0183697
4 43 0.0182487
4 44 0.0185212
4 45 0.0179026
4 46 0.0155532
4 47 0.0122373
4 48 0.00719332
4 49 0.00365225
4 50 -0.000139844
4 51 -0.00114925
4 52 -0.00292158
4 53 -0.00266471
4 54 -0.00418101
4 55 -0.00411193
4 56 -0.00587902
4 57 -0.00585072
4 58 -0.00735473
4 59 -0.00686547
4 60 -0.00777768
4 61 -0.00671141
4 62 -0.00716576
4 63 -0.00585711
4 64 -0.00637286
4 65 -0.00531693
4 66 -0.006046
4 67 -0.00468049
4 68 -0.00414854
4 69 -0.000610455
4 70 0.00250513
4 71 0.00758608
4 72 0.0106303
4 73 0.0134576
4 74 0.014101
4 75 0.0148534
4 76 0.0154539
4 77 0.0159564
4 78 0.0167638
4 79 0.0165043
4 80 0.0178708
4 81 0.017797
4 82 0.0184849
4 83 0.0157053
4 84 0.0127744
4 85 0.00775821
4 86 0.00224705
4 87 -0.00404074
4 88 -0.0108152
4 89 -0.0146742
4 90 -0.0182161
4 91 -0.0184572
4 92 -0.0177471
4 93 -0.0140744
4 94 -0.00912592
4 95 -0.0047805
4 96 0.00117179
4 97 0.00527942
4 98 0.00906565
4 99 0.0111224
4 100 0.011836
4 101 0.0120963
4 102 0.00957389
4 103 0.00734769
4 104 0.00400301
4 105 -0.000773349
4 106 -0.00420542
4 107 -0.00808578
4 108 -0.0108998
4 109 -0.0110908
4 110 -0.0101108
4 111 -0.00717963
4 112 -0.00254528
4 113 0.00201349
4 114 0.00628806
4 115 0.0095715
4 116 0.0106167
4 117 0.0100316
4 118 0.00763602
4 119 0

5 0 0
5 1 0.00994077
5 2 0.0125597
5 3 0.0122832
5 4 0.0103245
5 5 0.00561309
5 6 -0.000319188
5 7 -0.00588785
5 8 -0.010971
5 9 -0.0134767
5 10 -0.0136235
5 11 -0.0119319
5 12 -0.00780619
5 13 -0.00298469
5 14 0.0024161
5 15 0.00778301
5 16 0.0115005
5 17 0.0145722
5 18 0.016042
5 19 0.0149791
5 20 0.0125324
5 21 0.00841377
5 22 0.00255766
5 23 -0.00415592
5 24 -0.0107051
5 25 -0.0165619
5 26 -0.0213813
5 27 -0.0237419
5 28 -0.0230716
5 29 -0.0201329
5 30 -0.0148856
5 31 -0.00749176
5 32 0.000958632
5 33 0.0089368
5 34 0.015516
5 35 0.0209262
5 36 0.0243741
5 37 0.0255602
5 38 0.0247526
5 39 0.0232
5 40 0.0217114
5 41 0.0199378
5 42 0.0179577
5 43 0.0156514
5 44 0.0137479
5 45 0.0115251
5 46 0.00860157
5 47 0.00413797
5 48 -0.00117964
5 49 -0.00653521
5 50 -0.0107695
5 51 -0.0135413
5 52 -0.0150663
5 53 -0.0158346
5 54 -0.0164698
5 55 -0.0170731
5 56 -0.0178817
5 57 -0.0185462
5 58 -0.019201
5 59 -0.0194637
5 60 -0.0196052
5 61 -0.0193609
5 62 -0.019144
5 63 -0.0187987
5 64 -0.0187274
5 65 -0.0186371
5 66 -0.0185021
5 67 -0.0176011
5 68 -0.0155394
5 69 -0.0119573
5 70 -0.00730384
5 71 -0.00255406
5 72 0.0013724
5 73 0.00398878
5 74 0.00606225
5 75 0.00813868
5 76 0.0109311
5 77 0.0137712
5 78 0.016853
5 79 0.01999
5 80 0.0236737
5 81 0.0268
5 82 0.028258
5 83 0.0273688
5 84 0.0244458
5 85 0.0199197
5 86 0.0133585
5 87 0.00555626
5 88 -0.00231744
5 89 -0.00901126
5 90 -0.0145989
5 91 -0.0187949
5 92 -0.0205952
5 93 -0.0202865
5 94 -0.0185387
5 95 -0.0154707
5 96 -0.0109195
5 97 -0.00555217
5 98 -0.000368304
5 99 0.00508832
5 100 0.0102707
5 101 0.0137175
5 102 0.0159227
5 103 0.0163868
5 104 0.0144481
5 105 0.0105284
5 106 0.00486149
5 107 -0.00137769
5 108 -0.00785247
5 109 -0.0132481
5 110 -0.0160353
5 111 -0.0166292
5 112 -0.0134099
5 113 -0.00744239
5 114 -0.00112416
5 115 0.00662512
5 116 0.0124053
5 117 0.014402
5 118 0.0153849
5 119 0

6 0 0
6 1 0.0173055
6 2 0.0167346
6 3 0.0140841
6 4 0.00789276
6 5 -0.000319188
6 6 -0.00758708
6 7 -0.0147501
6 8 -0.0188346
6 9 -0.018738
6 10 -0.0165776
6 11 -0.0103906
6 12 -0.0025106
6 13 0.00470449
6 14 0.012209
6 15 0.017075
6 16 0.0193738
6 17 0.0192702
6 18 0.016339
6 19 0.012069
6 20 0.00563314
6 21 -0.000518649
6 22 -0.00674309
6 23 -0.013337
6 24 -0.0176719
6 25 -0.0213237
6 26 -0.0228891
6 27 -0.0227124
6 28 -0.0199326
6 29 -0.0145392
6 30 -0.00850138
6 31 -7.81188e-05
6 32 0.00830971
6 33 0.0166334
6 34 0.0227353
6 35 0.0269556
6 36 0.0294474
6 37 0.0288044
6 38 0.0265149
6 39 0.0220652
6 40 0.018505
6 41 0.0143662
6 42 0.0110377
6 43 0.00732347
6 44 0.0045261
6 45 0.00209265
6 46 -0.000602315
6 47 -0.00405871
6 48 -0.00900791
6 49 -0.0137171
6 50 -0.0183252
6 51 -0.0207323
6 52 -0.0224993
6 53 -0.0224261
6 54 -0.0228619
6 55 -0.0224075
6 56 -0.0230422
6 57 -0.0228691
6 58 -0.0236167
6 59 -0.023332
6 60 -0.0238292
6 61 -0.023313
6 62 -0.0237484
6 63 -0.0234265
6 64 -0.0242603
6 65 -0.0242657
6 66 -0.0248901
6 67 -0.0237113
6 68 -0.0220518
6 69 -0.0181509
6 70 -0.0143555
6 71 -0.0101382
6 72 -0.00764747
6 73 -0.00553568
6 74 -0.00390041
6 75 -0.00129439
6 76 0.00210696
6 77 0.00590106
6 78 0.0105686
6 79 0.0154451
6 80 0.0215286
6 81 0.0259827
6 82 0.029345
6 83 0.0295562
6 84 0.0286543
6 85 0.0251502
6 86 0.0197426
6 87 0.0129873
6 88 0.00579288
6 89 -0.000384628
6 90 -0.0072382
6 91 -0.0123286
6 92 -0.0166508
6 93 -0.0192256
6 94 -0.02097
6 95 -0.0213399
6 96 -0.0189061
6 97 -0.015898
6 98 -0.0104044
6 99 -0.00358354
6 100 0.00410044
6 101 0.0117502
6 102 0.0176706
6 103 0.0223413
6 104 0.0226746
6 105 0.0198418
6 106 0.0143928
6 107 0.00511901
6 108 -0.00412764
6 109 -0.0128524
6 110 -0.019719
6 111 -0.0220704
6 112 -0.0208942
6 113 -0.015492
6 114 -0.00708032
6 115 0.00185345
6 116 0.0107849
6 117 0.0171099
6 118 0.0196275
6 119 0

7 0 0
7 1 0.0215519
7 2 0.0195168
7 3 0.0136129
7 4 0.00404573
7 5 -0.00588785
7 6 -0.0147501
7 7 -0.0213708
7 8 -0.0229605
7 9 -0.0206772
7 10 -0.0146018
7 11 -0.00543986
7 12 0.00378024
7 13 0.0127149
7 14 0.0186623
7 15 0.0215158
7 16 0.0216826
7 17 0.0172616
7 18 0.0122085
7 19 0.00546516
7 20 -0.00234825
7 21 -0.0078644
7 22 -0.0136127
7 23 -0.0169693
7 24 -0.0192649
7 25 -0.0197528
7 26 -0.0179753
7 27 -0.0165372
7 28 -0.0116006
7 29 -0.00661799
7 30 -0.000162898
7 31 0.0066229
7 32 0.0132193
7 33 0.0203113
7 34 0.0237695
7 35 0.0267824
7 36 0.026148
7 37 0.0246217
7 38 0.0198705
7 39 0.0140134
7 40 0.00845742
7 41 0.00299736
7 42 -0.000489005
7 43 -0.00481144
7 44 -0.00647895
7 45 -0.0089059
7 46 -0.00906754
7 47 -0.0114792
7 48 -0.0134088
7 49 -0.0174346
7 50 -0.0200324
7 51 -0.0224204
7 52 -0.0226667
7 53 -0.0223238
7 54 -0.0211736
7 55 -0.0201962
7 56 -0.0195074
7 57 -0.0190163
7 58 -0.0189477
7 59 -0.018715
7 60 -0.0188646
7 61 -0.0188145
7 62 -0.0193232
7 63 -0.0199222
7 64 -0.0210849
7 65 -0.0222402
7 66 -0.0229992
7 67 -0.02292
7 68 -0.0212229
7 69 -0.0190127
7 70 -0.0159484
7 71 -0.0146575
7 72 -0.0133855
7 73 -0.014083
7 74 -0.0127579
7 75 -0.012039
7 76 -0.00843316
7 77 -0.00572371
7 78 -0.000173507
7 79 0.00515968
7 80 0.0122625
7 81 0.0177637
7 82 0.0217471
7 83 0.0243697
7 84 0.0245882
7 85 0.0241962
7 86 0.0201552
7 87 0.0168811
7 88 0.011781
7 89 0.007453
7 90 0.00192988
7 91 -0.00361107
7 92 -0.00783793
7 93 -0.0135323
7 94 -0.0171786
7 95 -0.0207792
7 96 -0.0214802
7 97 -0.0205063
7 98 -0.0174789
7 99 -0.0102618
7 100 -0.00304024
7 101 0.00619474
7 102 0.014876
7 103 0.0211281
7 104 0.0250248
7 105 0.0240222
7 106 0.0199877
7 107 0.01175
7 108 0.0011108
7 109 -0.00865419
7 110 -0.018246
7 111 -0.0236918
7 112 -0.0242228
7 113 -0.021204
7 114 -0.0129931
7 115 -0.00265081
7 116 0.0074837
7 117 0.0167114
7 118 0.021702
7 119 0

8 0 0
8 1 0.022498
8 2 0.0174652
8 3 0.0102237
8 4 0.000331741
8 5 -0.010971
8 6 -0.0188346
8 7 -0.0229605
8 8 -0.0233012
8 9 -0.0178555
8 10 -0.00915359
8 11 6.03266e-05
8 12 0.0100094
8 13 0.0174542
8 14 0.020949
8 15 0.0218869
8 16 0.0182388
8 17 0.0119663
8 18 0.00481847
8 19 -0.00338154
8 20 -0.00973236
8 21 -0.0149813
8 22 -0.0171313
8 23 -0.0168011
8 24 -0.015844
8 25 -0.0115848
8 26 -0.00792062
8 27 -0.00364051
8 28 0.000667156
8 29 0.00448451
8 30 0.00906263
8 31 0.0113306
8 32 0.0150213
8 33 0.0169469
8 34 0.0181055
8 35 0.0172729
8 36 0.0144963
8 37 0.0115156
8 38 0.00549313
8 39 0.000122279
8 40 -0.00668544
8 41 -0.0104406
8 42 -0.014004
8 43 -0.0153442
8 44 -0.0160737
8 45 -0.0153201
8 46 -0.0134485
8 47 -0.0123526
8 48 -0.0114284
8 49 -0.0128974
8 50 -0.0133864
8 51 -0.0148717
8 52 -0.0135423
8 53 -0.0129118
8 54 -0.00995814
8 55 -0.00885199
8 56 -0.00633502
8 57 -0.00612733
8 58 -0.0045619
8 59 -0.00511591
8 60 -0.00418301
8 61 -0.00536731
8 62 -0.00522748
8 63 -0.00740236
8 64 -0.00822095
8 65 -0.0109359
8 66 -0.0113757
8 67 -0.0126631
8 68 -0.0111326
8 69 -0.0109144
8 70 -0.00960135
8 71 -0.0112218
8 72 -0.0127206
8 73 -0.0157698
8 74 -0.0171812
8 75 -0.0180335
8 76 -0.0175404
8 77 -0.0156771
8 78 -0.0127868
8 79 -0.00727951
8 80 -0.00250231
8 81 0.0032703
8 82 0.0063002
8 83 0.0103966
8 84 0.0122664
8 85 0.0140014
8 86 0.0142186
8 87 0.0141868
8 88 0.0147896
8 89 0.0131112
8 90 0.0118293
8 91 0.00810172
8 92 0.00445897
8 93 -0.00153213
8 94 -0.00825917
8 95 -0.0134771
8 96 -0.018916
8 97 -0.0209191
8 98 -0.0206526
8 99 -0.0164671
8 100 -0.00952128
8 101 -0.00157273
8 102 0.00846501
8 103 0.016058
8 104 0.0213246
8 105 0.0237852
8 106 0.0209713
8 107 0.0152962
8 108 0.00687611
8 109 -0.00363226
8 110 -0.0129502
8 111 -0.0198822
8 112 -0.0234234
8 113 -0.0219677
8 114 -0.0159619
8 115 -0.00710812
8 116 0.00338564
8 117 0.0128266
8 118 0.0190268
8 119 0

9 0 0
9 1 0.0186324
9 2 0.0128532
9 3 0.0050174
9 4 -0.00488703
9 5 -0.0134767
9 6 -0.018738
9 7 -0.0206772
9 8 -0.0178555
9 9 -0.011398
9 10 -0.00312664
9 11 0.0061034
9 12 0.0138727
9 13 0.0187978
9 14 0.0201065
9 15 0.0172429
9 16 0.0115819
9 17 0.0035916
9 18 -0.00526951
9 19 -0.012054
9 20 -0.016952
9 21 -0.0188597
9 22 -0.0165623
9 23 -0.0122804
9 24 -0.00621372
9 25 0.000419558
9 26 0.00647922
9 27 0.0111438
9 28 0.0132068
9 29 0.0146607
9 30 0.0141966
9 31 0.0125202
9 32 0.0105393
9 33 0.0082705
9 34 0.00628098
9 35 0.00258721
9 36 -0.000839659
9 37 -0.00504441
9 38 -0.00927735
9 39 -0.0141919
9 40 -0.018765
9 41 -0.021304
9 42 -0.0223948
9 43 -0.0211653
9 44 -0.0195096
9 45 -0.0157318
9 46 -0.0118187
9 47 -0.00704646
9 48 -0.00409005
9 49 -0.00213165
9 50 -0.00182719
9 51 -0.00127985
9 52 -0.000300043
9 53 0.00175405
9 54 0.00432535
9 55 0.0068909
9 56 0.00914086
9 57 0.0106284
9 58 0.0117326
9 59 0.0120979
9 60 0.0122624
9 61 0.0116666
9 62 0.0107461
9 63 0.00899357
9 64 0.00703574
9 65 0.00493914
9 66 0.00350525
9 67 0.00292985
9 68 0.00293805
9 69 0.00287727
9 70 0.00127382
9 71 -0.00172657
9 72 -0.0065302
9 73 -0.01091
9 74 -0.0152996
9 75 -0.0179332
9 76 -0.0204743
9 77 -0.0208398
9 78 -0.0202402
9 79 -0.0173791
9 80 -0.0146595
9 81 -0.0119608
9 82 -0.00951264
9 83 -0.00687041
9 84 -0.00364091
9 85 -0.0011609
9 86 0.00256157
9 87 0.00652068
9 88 0.0114572
9 89 0.015024
9 90 0.0174731
9 91 0.0185728
9 92 0.0165235
9 93 0.0121115
9 94 0.00513702
9 95 -0.00218701
9 96 -0.00991341
9 97 -0.0164255
9 98 -0.0192533
9 99 -0.0193655
9 100 -0.0158569
9 101 -0.00921419
9 102 -0.00107135
9 103 0.00726757
9 104 0.0139086
9 105 0.0183007
9 106 0.0190255
9 107 0.0156864
9 108 0.0102237
9 109 0.00250522
9 110 -0.00593503
9 111 -0.0122776
9 112 -0.0171271
9 113 -0.0185264
9 114 -0.0151992
9 115 -0.0101117
9 116 -0.0022526
9 117 0.00696858
9 118 0.0127746
9 119 0

10 0 0
10 1 0.0121099
10 2 0.0071773
10 3 -0.00149853
10 4 -0.00920591
10 5 -0.0136235
10 6 -0.0165776
10 7 -0.0146018
10 8 -0.00915359
10 9 -0.00312664
10 10 0.00515088
10 11 0.0117063
10 12 0.0154303
10 13 0.0173376
10 14 0.0142083
10 15 0.00858049
10 16 0.00147268
10 17 -0.007224
10 18 -0.0140213
10 19 -0.0187082
10 20 -0.0197019
10 21 -0.0172324
10 22 -0.0117727
10 23 -0.00322063
10 24 0.00492738
10 25 0.0128829
10 26 0.0190646
10 27 0.0220434
10 28 0.0220569
10 29 0.0191475
10 30 0.0150774
10 31 0.00901879
10 32 0.00295399
10 33 -0.0023879
10 34 -0.00685203
10 35 -0.010845
10 36 -0.0147747
10 37 -0.0174912
10 38 -0.0201627
10 39 -0.0224156
10 40 -0.0247312
10 41 -0.0252167
10 42 -0.0239123
10 43 -0.020722
10 44 -0.0165002
10 45 -0.0113061
10 46 -0.00517628
10 47 0.000961492
10 48 0.00630512
10 49 0.0095161
10 50 0.0112881
10 51 0.0118761
10 52 0.0130452
10 53 0.0145741
10 54 0.0171673
10 55 0.0195372
10 56 0.022032
10 57 0.0235381
10 58 0.024836
10 59 0.0251347
10 60 0.0253117
10 61 0.0245051
10 62 0.0235198
10 63 0.0215866
10 64 0.0198312
10 65 0.0178997
10 66 0.0170956
10 67 0.0166719
10 68 0.0168804
10 69 0.0158522
10 70 0.0133937
10 71 0.0086228
10 72 0.00299096
10 73 -0.00298411
10 74 -0.00818789
10 75 -0.0129488
10 76 -0.0169308
10 77 -0.0196696
10 78 -0.0208988
10 79 -0.0208907
10 80 -0.0211395
10 81 -0.0212624
10 82 -0.0213104
10 83 -0.0198765
10 84 -0.0180281
10 85 -0.0147504
10 86 -0.00994366
10 87 -0.00294494
10 88 0.00482567
10 89 0.0120168
10 90 0.0186727
10 91 0.0229418
10 92 0.0244342
10 93 0.0218017
10 94 0.0169329
10 95 0.00973987
10 96 0.000939364
10 97 -0.00682216
10 98 -0.0133005
10 99 -0.0167426
10 100 -0.0177469
10 101 -0.0151391
10 102 -0.00990745
10 103 -0.00434496
10 104 0.00288146
10 105 0.00842611
10 106 0.0119073
10 107 0.0138134
10 108 0.0119498
10 109 0.00868319
10 110 0.00360637
10 111 -0.00273669
10 112 -0.00747013
10 113 -0.011563
10 114 -0.0129872
10 115 -0.0109464
10 116 -0.0073517
10 117 -0.0011778
10 118 0.00536157
10 119 0

11 0 0
11 1 0.00355439
11 2 -0.00210891
11 3 -0.00781564
11 4 -0.0109058
11 5 -0.0119319
11 6 -0.0103906
11 7 -0.00543986
11 8 6.03266e-05
11 9 0.0061034
11 10 0.0117063
11 11 0.0143447
11 12 0.0147116
11 13 0.0118696
11 14 0.0065028
11 15 -0.000592615
11 16 -0.00882641
11 17 -0.0150898
11 18 -0.0202269
11 19 -0.0217573
11 20 -0.0187273
11 21 -0.0136737
11 22 -0.0045719
11 23 0.005395
11 24 0.0151615
11 25 0.0231753
11 26 0.0275579
11 27 0.0294138
11 28 0.025646
11 29 0.0197669
11 30 0.0115659
11 31 0.00232697
11 32 -0.00624939
11 33 -0.0141695
11 34 -0.0184752
11 35 -0.0224914
11 36 -0.0239043
11 37 -0.0248341
11 38 -0.0239658
11 39 -0.0230099
11 40 -0.0222927
11 41 -0.0201355
11 42 -0.017401
11 43 -0.0120446
11 44 -0.00730676
11 45 -0.0006707
11 46 0.00501128
11 47 0.0121664
11 48 0.0171966
11 49 0.0214062
11 50 0.0225557
11 51 0.0230361
11 52 0.0226959
11 53 0.0233582
11 54 0.0245751
11 55 0.0263941
11 56 0.0282046
11 57 0.029557
11 58 0.0305456
11 59 0.0307866
11 60 0.0307531
11 61 0.0299542
11 62 0.0289181
11 63 0.0273671
11 64 0.0260573
11 65 0.0252448
11 66 0.0253455
11 67 0.0262824
11 68 0.0268276
11 69 0.0264632
11 70 0.0234608
11 71 0.0193182
11 72 0.01334
11 73 0.00845478
11 74 0.00260697
11 75 -0.00172752
11 76 -0.00714593
11 77 -0.0102316
11 78 -0.0137273
11 79 -0.0158485
11 80 -0.0195743
11 81 -0.0229497
11 82 -0.0258394
11 83 -0.0276479
11 84 -0.0274488
11 85 -0.0261656
11 86 -0.0205392
11 87 -0.0135077
11 88 -0.00368739
11 89 0.00559915
11 90 0.0152358
11 91 0.0230007
11 92 0.0267503
11 93 0.0280355
11 94 0.0248659
11 95 0.0197179
11 96 0.0113165
11 97 0.00282684
11 98 -0.00478576
11 99 -0.0122367
11 100 -0.015994
11 101 -0.017864
11 102 -0.0168013
11 103 -0.0133173
11 104 -0.0084648
11 105 -0.00210643
11 106 0.00314012
11 107 0.00846628
11 108 0.0119422
11 109 0.0121981
11 110 0.0115675
11 111 0.00798453
11 112 0.00266574
11 113 -0.00210385
11 114 -0.00717354
11 115 -0.0103288
11 116 -0.0106854
11 117 -0.00901197
11 118 -0.004769
11 119 0

12 0 0
12 1 -0.00624018
12 2 -0.00999989
12 3 -0.0126326
12 4 -0.0119959
12 5 -0.00780619
12 6 -0.0025106
12 7 0.00378024
12 8 0.0100094
12 9 0.0138727
12 10 0.0154303
12 11 0.0147116
12 12 0.0106266
12 13 0.00481387
12 14 -0.00187725
12 15 -0.009929
12 16 -0.0160503
12 17 -0.0200328
12 18 -0.0220075
12 19 -0.0196071
12 20 -0.014442
12 21 -0.00626906
12 22 0.00325397
12 23 0.0129026
12 24 0.0222021
12 25 0.0271638
12 26 0.0298082
12 27 0.0281933
12 28 0.0223234
12 29 0.0140937
12 30 0.00356179
12 31 -0.00558652
12 32 -0.0152134
12 33 -0.021469
12 34 -0.0249832
12 35 -0.0257646
12 36 -0.0241814
12 37 -0.0220908
12 38 -0.0175064
12 39 -0.0143017
12 40 -0.0102627
12 41 -0.00791055
12 42 -0.00386064
12 43 0.000168583
12 44 0.00496889
12 45 0.00965679
12 46 0.0141913
12 47 0.0194048
12 48 0.0231801
12 49 0.0264016
12 50 0.0261984
12 51 0.0256624
12 52 0.0230664
12 53 0.0225094
12 54 0.0213862
12 55 0.0227116
12 56 0.0228579
12 57 0.0245259
12 58 0.0243042
12 59 0.0252096
12 60 0.0241285
12 61 0.0241865
12 62 0.0224141
12 63 0.022208
12 64 0.0209276
12 65 0.0221986
12 66 0.023022
12 67 0.0260814
12 68 0.0271572
12 69 0.028226
12 70 0.025821
12 71 0.0233293
12 72 0.0191228
12 73 0.0161673
12 74 0.0124629
12 75 0.00921157
12 76 0.0057924
12 77 0.0027199
12 78 0.000177376
12 79 -0.00411296
12 80 -0.00866552
12 81 -0.0152421
12 82 -0.0199073
12 83 -0.0252026
12 84 -0.0277973
12 85 -0.0288131
12 86 -0.0257531
12 87 -0.0196902
12 88 -0.0122207
12 89 -0.00225187
12 90 0.00699643
12 91 0.0163659
12 92 0.0220135
12 93 0.0258491
12 94 0.026755
12 95 0.0236618
12 96 0.0189699
12 97 0.0117038
12 98 0.00434447
12 99 -0.00399367
12 100 -0.0111358
12 101 -0.0158064
12 102 -0.0196395
12 103 -0.019663
12 104 -0.0170029
12 105 -0.0125158
12 106 -0.0056478
12 107 0.0016187
12 108 0.0085985
12 109 0.0141604
12 110 0.0169936
12 111 0.0167019
12 112 0.0132781
12 113 0.00719467
12 114 -0.000458837
12 115 -0.0076178
12 116 -0.0129888
12 117 -0.0152651
12 118 -0.013645
12 119 0

13 0 0
13 1 -0.0139185
13 2 -0.0161165
13 3 -0.0159931
13 4 -0.01062
13 5 -0.00298469
13 6 0.00470449
13 7 0.0127149
13 8 0.0174542
13 9 0.0187978
13 10 0.0173376
13 11 0.0118696
13 12 0.00481387
13 13 -0.00308552
13 14 -0.0109627
13 15 -0.0165134
13 16 -0.0201176
13 17 -0.0203925
13 18 -0.0174994
13 19 -0.0128952
13 20 -0.00540924
13 21 0.00265375
13 22 0.0100518
13 23 0.0173343
13 24 0.02214
13 25 0.0242214
13 26 0.0231735
13 27 0.0192552
13 28 0.0129721
13 29 0.00393224
13 30 -0.00474941
13 31 -0.0127271
13 32 -0.0191349
13 33 -0.0228031
13 34 -0.0234252
13 35 -0.0203257
13 36 -0.0161317
13 37 -0.0103875
13 38 -0.0045206
13 39 0.00121019
13 40 0.00547667
13 41 0.00802139
13 42 0.0103751
13 43 0.0122615
13 44 0.0147772
13 45 0.0163016
13 46 0.0184446
13 47 0.0201097
13 48 0.022272
13 49 0.022831
13 50 0.0219791
13 51 0.0190233
13 52 0.0155328
13 53 0.0122971
13 54 0.0103057
13 55 0.00955171
13 56 0.00956982
13 57 0.00999658
13 58 0.0101682
13 59 0.0101984
13 60 0.00966103
13 61 0.00901562
13 62 0.00809482
13 63 0.00768812
13 64 0.00802051
13 65 0.00978122
13 66 0.0127548
13 67 0.0162719
13 68 0.0192433
13 69 0.0204929
13 70 0.0203598
13 71 0.0190561
13 72 0.0183265
13 73 0.0175016
13 74 0.0174094
13 75 0.0164975
13 76 0.0163235
13 77 0.0154581
13 78 0.0144272
13 79 0.0109382
13 80 0.00583116
13 81 -0.000581319
13 82 -0.00727234
13 83 -0.0136475
13 84 -0.0195379
13 85 -0.0224074
13 86 -0.0228119
13 87 -0.0201029
13 88 -0.0159211
13 89 -0.00952957
13 90 -0.00190559
13 91 0.00493756
13 92 0.0113081
13 93 0.0161793
13 94 0.0199223
13 95 0.0209793
13 96 0.0199537
13 97 0.0176248
13 98 0.0123008
13 99 0.00568411
13 100 -0.00181836
13 101 -0.00975612
13 102 -0.0164088
13 103 -0.0212818
13 104 -0.0224311
13 105 -0.020154
13 106 -0.0146635
13 107 -0.00551639
13 108 0.00384442
13 109 0.012919
13 110 0.0202891
13 111 0.0223041
13 112 0.021101
13 113 0.0156164
13 114 0.00537036
13 115 -0.00393664
13 116 -0.0130036
13 117 -0.020166
13 118 -0.0199087
13 119 0

14 0 0
14 1 -0.0202231
14 2 -0.0210496
14 3 -0.0156906
14 4 -0.00688273
14 5 0.0024161
14 6 0.012209
14 7 0.0186623
14 8 0.020949
14 9 0.0201065
14 10 0.0142083
14 11 0.0065028
14 12 -0.00187725
14 13 -0.0109627
14 14 -0.0161382
14 15 -0.0189001
14 16 -0.0190241
14 17 -0.0148948
14 18 -0.00968426
14 19 -0.00290974
14 20 0.00387633
14 21 0.00971826
14 22 0.0143844
14 23 0.0164125
14 24 0.0174793
14 25 0.0156024
14 26 0.0117468
14 27 0.00694048
14 28 0.000507978
14 29 -0.00605927
14 30 -0.0126364
14 31 -0.0167588
14 32 -0.0192821
14 33 -0.0193053
14 34 -0.0161069
14 35 -0.0102935
14 36 -0.00270021
14 37 0.00448483
14 38 0.0118778
14 39 0.0176688
14 40 0.0217685
14 41 0.0228717
14 42 0.0225465
14 43 0.021408
14 44 0.0201138
14 45 0.0185504
14 46 0.0167753
14 47 0.0156384
14 48 0.0146459
14 49 0.0137017
14 50 0.0110732
14 51 0.00732793
14 52 0.0022247
14 53 -0.0020923
14 54 -0.00567483
14 55 -0.00722793
14 56 -0.00809122
14 57 -0.00782534
14 58 -0.00798876
14 59 -0.00789283
14 60 -0.00866602
14 61 -0.00918531
14 62 -0.0101381
14 63 -0.00996928
14 64 -0.00910923
14 65 -0.00620316
14 66 -0.00253691
14 67 0.0019973
14 68 0.00524714
14 69 0.0075753
14 70 0.00835986
14 71 0.00953951
14 72 0.0110692
14 73 0.0137367
14 74 0.0164189
14 75 0.0194151
14 76 0.0224025
14 77 0.0250828
14 78 0.0262582
14 79 0.0246318
14 80 0.0208848
14 81 0.0151899
14 82 0.00890943
14 83 0.00125213
14 84 -0.00557514
14 85 -0.0111616
14 86 -0.0141993
14 87 -0.0159436
14 88 -0.0160029
14 89 -0.0138768
14 90 -0.0107255
14 91 -0.00649786
14 92 -0.00229361
14 93 0.00341
14 94 0.00845085
14 95 0.0129095
14 96 0.016665
14 97 0.0181439
14 98 0.0175184
14 99 0.0133306
14 100 0.0074773
14 101 -0.000862599
14 102 -0.0100406
14 103 -0.0168665
14 104 -0.0224348
14 105 -0.0233081
14 106 -0.019414
14 107 -0.0122334
14 108 -0.00163342
14 109 0.00885099
14 110 0.0182728
14 111 0.0241295
14 112 0.0243146
14 113 0.0205387
14 114 0.0116422
14 115 5.8622e-05
14 116 -0.0106199
14 117 -0.0200107
14 118 -0.0242984
14 119 0

15 0 0
15 1 -0.0232599
15 2 -0.0209257
15 3 -0.0132391
15 4 -0.00322219
15 5 0.00778301
15 6 0.017075
15 7 0.0215158
15 8 0.0218869
15 9 0.0172429
15 10 0.00858049
15 11 -0.000592615
15 12 -0.009929
15 13 -0.0165134
15 14 -0.0189001
15 15 -0.0178848
15 16 -0.0128868
15 17 -0.00610886
15 18 0.00196594
15 19 0.00878144
15 20 0.0129302
15 21 0.0158935
15 22 0.014719
15 23 0.0117737
15 24 0.00759659
15 25 0.00207509
15 26 -0.0029521
15 27 -0.00843524
15 28 -0.0116557
15 29 -0.0149312
15 30 -0.0165001
15 31 -0.0157711
15 32 -0.0137943
15 33 -0.00922576
15 34 -0.00397518
15 35 0.00442116
15 36 0.0122164
15 37 0.019962
15 38 0.025876
15 39 0.0301643
15 40 0.0321971
15 41 0.0303845
15 42 0.0271021
15 43 0.0216402
15 44 0.0173685
15 45 0.011841
15 46 0.00790364
15 47 0.00355132
15 48 0.00139125
15 49 -0.00119532
15 50 -0.00352466
15 51 -0.00771054
15 52 -0.0123793
15 53 -0.017294
15 54 -0.0209246
15 55 -0.02302
15 56 -0.0237713
15 57 -0.0235903
15 58 -0.0234568
15 59 -0.023373
15 60 -0.0240237
15 61 -0.0247075
15 62 -0.0255522
15 63 -0.0254076
15 64 -0.0241344
15 65 -0.0212067
15 66 -0.0172841
15 67 -0.0133934
15 68 -0.0102938
15 69 -0.00870643
15 70 -0.00710248
15 71 -0.00543193
15 72 -0.00162881
15 73 0.00237237
15 74 0.0081975
15 75 0.0133885
15 76 0.020354
15 77 0.0255597
15 78 0.0301596
15 79 0.0308589
15 80 0.0301929
15 81 0.0271542
15 82 0.0227833
15 83 0.016946
15 84 0.0101892
15 85 0.00489911
15 86 -0.000996474
15 87 -0.00549715
15 88 -0.0105847
15 89 -0.0133613
15 90 -0.0157708
15 91 -0.0168375
15 92 -0.0153029
15 93 -0.0121284
15 94 -0.00609638
15 95 0.000166307
15 96 0.00827875
15 97 0.0147892
15 98 0.0184415
15 99 0.0197399
15 100 0.0162093
15 101 0.0096435
15 102 0.000177183
15 103 -0.00920315
15 104 -0.0169855
15 105 -0.0222322
15 106 -0.0214962
15 107 -0.0168675
15 108 -0.00834198
15 109 0.00311715
15 110 0.0131407
15 111 0.0211042
15 112 0.0246328
15 113 0.0220743
15 114 0.0151111
15 115 0.00448326
15 116 -0.0074197
15 117 -0.0174089
15 118 -0.0236052
15 119 0

16 0 0
16 1 -0.0218475
16 2 -0.0186309
16 3 -0.00908823
16 4 0.00205979
16 5 0.0115005
16 6 0.0193738
16 7 0.0216826
16 8 0.0182388
16 9 0.0115819
16 10 0.00147268
16 11 -0.00882641
16 12 -0.0160503
16 13 -0.0201176
16 14 -0.0190241
16 15 -0.0128868
16 16 -0.00456352
16 17 0.00532839
16 18 0.014191
16 19 0.0192153
16 20 0.0207767
16 21 0.018056
16 22 0.0119808
16 23 0.0037231
16 24 -0.00502321
16 25 -0.0117756
16 26 -0.0177212
16 27 -0.0205187
16 28 -0.0203738
16 29 -0.0186031
16 30 -0.0147244
16 31 -0.0102053
16 32 -0.0035672
16 33 0.0025707
16 34 0.00941118
16 35 0.0166813
16 36 0.0233327
16 37 0.029122
16 38 0.0320153
16 39 0.0340567
16 40 0.0325814
16 41 0.0290719
16 42 0.0221698
16 43 0.0148441
16 44 0.0074294
16 45 0.000781793
16 46 -0.00487291
16 47 -0.00971038
16 48 -0.012318
16 49 -0.0144679
16 50 -0.0155539
16 51 -0.0185531
16 52 -0.0215288
16 53 -0.0259483
16 54 -0.0284685
16 55 -0.0307468
16 56 -0.0304811
16 57 -0.0305448
16 58 -0.0293379
16 59 -0.0296968
16 60 -0.0295499
16 61 -0.0309915
16 62 -0.0312345
16 63 -0.0318779
16 64 -0.0301029
16 65 -0.0282114
16 66 -0.0245571
16 67 -0.022529
16 68 -0.0205509
16 69 -0.0207134
16 70 -0.0197167
16 71 -0.0184978
16 72 -0.0146637
16 73 -0.0101906
16 74 -0.00396057
16 75 0.00299905
16 76 0.0109897
16 77 0.0187277
16 78 0.0243305
16 79 0.0282788
16 80 0.0296642
16 81 0.0306649
16 82 0.0288696
16 83 0.0265058
16 84 0.0224029
16 85 0.0185132
16 86 0.013171
16 87 0.00637648
16 88 -0.000581628
16 89 -0.00842023
16 90 -0.0152725
16 91 -0.0218207
16 92 -0.0245654
16 93 -0.0241214
16 94 -0.0204464
16 95 -0.0126978
16 96 -0.00297659
16 97 0.0077172
16 98 0.0160867
16 99 0.0217778
16 100 0.0232281
16 101 0.0188634
16 102 0.01138
16 103 0.00134446
16 104 -0.0091363
16 105 -0.0166547
16 106 -0.0205054
16 107 -0.0194311
16 108 -0.0132744
16 109 -0.00432423
16 110 0.0058794
16 111 0.0149228
16 112 0.0199997
16 113 0.0207073
16 114 0.0164263
16 115 0.00773606
16 116 -0.00250813
16 117 -0.0126033
16 118 -0.0197738
16 119 0

17 0 0
17 1 -0.0186073
17 2 -0.012753
17 3 -0.00207948
17 4 0.00706954
17 5 0.0145722
17 6 0.0192702
17 7 0.0172616
17 8 0.0119663
17 9 0.0035916
17 10 -0.007224
17 11 -0.0150898
17 12 -0.0200328
17 13 -0.0203925
17 14 -0.0148948
17 15 -0.00610886
17 16 0.00532839
17 17 0.0155811
17 18 0.0228911
17 19 0.0263757
17 20 0.0234472
17 21 0.0168034
17 22 0.00677503
17 23 -0.00512286
17 24 -0.0151517
17 25 -0.0228738
17 26 -0.0267134
17 27 -0.0268828
17 28 -0.0230206
17 29 -0.0163474
17 30 -0.00920998
17 31 -0.00112151
17 32 0.00661163
17 33 0.0134764
17 34 0.0188562
17 35 0.0233403
17 36 0.02722
17 37 0.0292103
17 38 0.0294758
17 39 0.0278349
17 40 0.024621
17 41 0.0190013
17 42 0.0112607
17 43 0.00277347
17 44 -0.00512321
17 45 -0.011563
17 46 -0.016814
17 47 -0.0203447
17 48 -0.0221334
17 49 -0.0220759
17 50 -0.0214915
17 51 -0.0214473
17 52 -0.0227123
17 53 -0.0247525
17 54 -0.0266302
17 55 -0.0275072
17 56 -0.0271783
17 57 -0.0261418
17 58 -0.0250235
17 59 -0.024531
17 60 -0.024782
17 61 -0.0256946
17 62 -0.0265711
17 63 -0.0268498
17 64 -0.0260169
17 65 -0.0243704
17 66 -0.0227046
17 67 -0.0220707
17 68 -0.0229248
17 69 -0.0246097
17 70 -0.0259415
17 71 -0.0256696
17 72 -0.0237496
17 73 -0.0201707
17 74 -0.0153141
17 75 -0.00872701
17 76 -0.00118322
17 77 0.00632133
17 78 0.0123692
17 79 0.0170803
17 80 0.0210555
17 81 0.0242161
17 82 0.026361
17 83 0.0271547
17 84 0.027515
17 85 0.026401
17 86 0.0230981
17 87 0.0171192
17 88 0.0091889
17 89 -0.000131357
17 90 -0.0109811
17 91 -0.0205362
17 92 -0.02745
17 93 -0.0302213
17 94 -0.0287478
17 95 -0.0226151
17 96 -0.0120169
17 97 -0.000629394
17 98 0.0110187
17 99 0.0201599
17 100 0.0246832
17 101 0.0247303
17 102 0.0194512
17 103 0.011212
17 104 0.000687706
17 105 -0.00897773
17 106 -0.0150022
17 107 -0.0186054
17 108 -0.0164647
17 109 -0.0103437
17 110 -0.00328072
17 111 0.00591852
17 112 0.0122451
17 113 0.0149957
17 114 0.0155878
17 115 0.0103696
17 116 0.00317406
17 117 -0.00386323
17 118 -0.0126383
17 119 0

18 0 0
18 1 -0.0121674
18 2 -0.00470965
18 3 0.00363604
18 4 0.010863
18 5 0.016042
18 6 0.016339
18 7 0.0122085
18 8 0.00481847
18 9 -0.00526951
18 10 -0.0140213
18 11 -0.0202269
18 12 -0.0220075
18 13 -0.0174994
18 14 -0.00968426
18 15 0.00196594
18 16 0.014191
18 17 0.0228911
18 18 0.028892
18 19 0.0284859
18 20 0.022374
18 21 0.0122707
18 22 -0.000694993
18 23 -0.0128713
18 24 -0.0236238
18 25 -0.0290642
18 26 -0.0299299
18 27 -0.026473
18 28 -0.0182249
18 29 -0.00865651
18 30 0.00173551
18 31 0.0100646
18 32 0.0173943
18 33 0.0218469
18 34 0.0233723
18 35 0.0234436
18 36 0.0219997
18 37 0.0203285
18 38 0.0164944
18 39 0.0127729
18 40 0.00772086
18 41 0.00237678
18 42 -0.00470964
18 43 -0.011804
18 44 -0.017932
18 45 -0.0223427
18 46 -0.0247608
18 47 -0.0259442
18 48 -0.0247031
18 49 -0.0223335
18 50 -0.0183473
18 51 -0.0156935
18 52 -0.0136851
18 53 -0.0139604
18 54 -0.0138811
18 55 -0.0142584
18 56 -0.0129016
18 57 -0.0118367
18 58 -0.00995193
18 59 -0.00960319
18 60 -0.00929862
18 61 -0.0105409
18 62 -0.0110052
18 63 -0.0118053
18 64 -0.0109626
18 65 -0.0106846
18 66 -0.0102016
18 67 -0.012217
18 68 -0.0150825
18 69 -0.0196355
18 70 -0.0227976
18 71 -0.0253235
18 72 -0.0255848
18 73 -0.0251668
18 74 -0.0227056
18 75 -0.0189826
18 76 -0.0138621
18 77 -0.00887807
18 78 -0.00471881
18 79 -0.000453561
18 80 0.00379019
18 81 0.00909702
18 82 0.0135371
18 83 0.0189705
18 84 0.023501
18 85 0.0274742
18 86 0.0278108
18 87 0.0251614
18 88 0.0193815
18 89 0.0100845
18 90 -0.00111144
18 91 -0.0133562
18 92 -0.0225453
18 93 -0.0294133
18 94 -0.0310988
18 95 -0.0275192
18 96 -0.0196671
18 97 -0.00837582
18 98 0.00326619
18 99 0.0150092
18 100 0.0223517
18 101 0.0256288
18 102 0.0249359
18 103 0.0185888
18 104 0.0102623
18 105 0.000329438
18 106 -0.00866373
18 107 -0.0147514
18 108 -0.017734
18 109 -0.0157231
18 110 -0.0111759
18 111 -0.00431935
18 112 0.003596
18 113 0.00877531
18 114 0.0122336
18 115 0.0122457
18 116 0.00819147
18 117 0.00318784
18 118 -0.00323482
18 119 0

19 0 0
19 1 -0.00431831
19 2 0.00240454
19 3 0.00951059
19 4 0.0141077
19 5 0.0149791
19 6 0.012069
19 7 0.00546516
19 8 -0.00338154
19 9 -0.012054
19 10 -0.0187082
19 11 -0.0217573
19 12 -0.0196071
19 13 -0.0128952
19 14 -0.00290974
19 15 0.00878144
19 16 0.0192153
19 17 0.0263757
19 18 0.0284859
19 19 0.0253515
19 20 0.0170233
19 21 0.00489329
19 22 -0.00707163
19 23 -0.0184523
19 24 -0.0262683
19 25 -0.0284434
19 26 -0.0258467
19 27 -0.0182836
19 28 -0.00847908
19 29 0.00323276
19 30 0.0130887
19 31 0.0199543
19 32 0.0240899
19 33 0.0239053
19 34 0.0211487
19 35 0.0152606
19 36 0.00995325
19 37 0.00411913
19 38 -0.00121677
19 39 -0.00615425
19 40 -0.0104339
19 41 -0.01371
19 42 -0.0180403
19 43 -0.0214023
19 44 -0.0247531
19 45 -0.0251587
19 46 -0.0249436
19 47 -0.0222834
19 48 -0.0190714
19 49 -0.0135487
19 50 -0.00784869
19 51 -0.00215327
19 52 0.00146353
19 53 0.00337206
19 54 0.00394601
19 55 0.00437828
19 56 0.00539359
19 57 0.00674537
19 58 0.00827142
19 59 0.0089574
19 60 0.00908038
19 61 0.00833765
19 62 0.00784255
19 63 0.00759525
19 64 0.00805796
19 65 0.00819433
19 66 0.0071361
19 67 0.00404405
19 68 -0.00103333
19 69 -0.00661744
19 70 -0.0120452
19 71 -0.0158306
19 72 -0.0192484
19 73 -0.0209519
19 74 -0.0223737
19 75 -0.0214122
19 76 -0.0208308
19 77 -0.019339
19 78 -0.0191486
19 79 -0.0171968
19 80 -0.0144649
19 81 -0.00970324
19 82 -0.00383655
19 83 0.00357778
19 84 0.0125154
19 85 0.0198932
19 86 0.0255036
19 87 0.0267845
19 88 0.0253527
19 89 0.0188838
19 90 0.00935407
19 91 -0.0015239
19 92 -0.0123176
19 93 -0.020634
19 94 -0.0260736
19 95 -0.0257237
19 96 -0.021761
19 97 -0.0142629
19 98 -0.00382319
19 99 0.00658898
19 100 0.0157916
19 101 0.0216965
19 102 0.0242573
19 103 0.0223555
19 104 0.0164576
19 105 0.00869756
19 106 -0.000756912
19 107 -0.00935146
19 108 -0.0151282
19 109 -0.0181333
19 110 -0.0171995
19 111 -0.0124966
19 112 -0.00613338
19 113 0.00120528
19 114 0.0081415
19 115 0.0117663
19 116 0.0126547
19 117 0.0109388
19 118 0.00552152
19 119 0

20 0 0
20 1 0.00335112
20 2 0.0111234
20 3 0.0145797
20 4 0.0146802
20 5 0.0125324
20 6 0.00563314
20 7 -0.00234825
20 8 -0.00973236
20 9 -0.016952
20 10 -0.0197019
20 11 -0.0187273
20 12 -0.014442
20 13 -0.00540924
20 14 0.00387633
20 15 0.0129302
20 16 0.0207767
20 17 0.0234472
20 18 0.022374
20 19 0.0170233
20 20 0.00782164
20 21 -0.00233907
20 22 -0.0122918
20 23 -0.0193876
20 24 -0.0230013
20 25 -0.0216651
20 26 -0.0150858
20 27 -0.00624093
20 28 0.00452603
20 29 0.0148784
20 30 0.0225365
20 31 0.0261326
20 32 0.0251029
20 33 0.0207459
20 34 0.0126314
20 35 0.0031036
20 36 -0.00595804
20 37 -0.0133876
20 38 -0.0189139
20 39 -0.0229862
20 40 -0.0245068
20 41 -0.0248282
20 42 -0.0242818
20 43 -0.0240534
20 44 -0.0229581
20 45 -0.0206331
20 46 -0.0169982
20 47 -0.0123729
20 48 -0.00709659
20 49 -0.00054898
20 50 0.0063103
20 51 0.0130417
20 52 0.0175803
20 53 0.0202588
20 54 0.0207436
20 55 0.021028
20 56 0.0211009
20 57 0.0220978
20 58 0.0227944
20 59 0.0235984
20 60 0.0234225
20 61 0.0233792
20 62 0.0230957
20 63 0.0238049
20 64 0.0243966
20 65 0.0248767
20 66 0.0232354
20 67 0.0197998
20 68 0.0141352
20 69 0.00832327
20 70 0.00257373
20 71 -0.00207588
20 72 -0.00662043
20 73 -0.0105328
20 74 -0.0139704
20 75 -0.0166747
20 76 -0.0194587
20 77 -0.0230227
20 78 -0.0263975
20 79 -0.0287207
20 80 -0.0284183
20 81 -0.0262236
20 82 -0.0209788
20 83 -0.0130101
20 84 -0.00255687
20 85 0.00791929
20 86 0.0166175
20 87 0.0230899
20 88 0.0255666
20 89 0.023978
20 90 0.018147
20 91 0.0104092
20 92 0.00147388
20 93 -0.00773044
20 94 -0.014293
20 95 -0.0180736
20 96 -0.0183313
20 97 -0.0156721
20 98 -0.00997998
20 99 -0.00206863
20 100 0.00534147
20 101 0.0129982
20 102 0.0183092
20 103 0.0199765
20 104 0.0193769
20 105 0.0144894
20 106 0.00711312
20 107 -0.00138085
20 108 -0.0102327
20 109 -0.0162191
20 110 -0.0196614
20 111 -0.018983
20 112 -0.0137345
20 113 -0.00691603
20 114 0.00199448
20 115 0.0103573
20 116 0.0152515
20 117 0.0175657
20 118 0.0149299
20 119 0

21 0 0
21 1 0.0105821
21 2 0.0158638
21 3 0.0161329
21 4 0.0142237
21 5 0.00841377
21 6 -0.000518649
21 7 -0.0078644
21 8 -0.0149813
21 9 -0.0188597
21 10 -0.0172324
21 11 -0.0136737
21 12 -0.00626906
21 13 0.00265375
