0 0 0
0 1 0
0 2 0
0 3 0
0 4 0
0 5 0
0 6 0
0 7 0
0 8 0
0 9 0
0 10 0
0 11 0
0 12 0
0 13 0
0 14 0
0 15 0
0 16 0
0 17 0
0 18 0
0 19 0
0 20 0
0 21 0
0 22 0
0 23 0
0 24 0
0 25 0
0 26 0
0 27 0
0 28 0
0 29 0
0 30 0
0 31 0
0 32 0
0 33 0
0 34 0
0 35 0
0 36 0
0 37 0
0 38 0
0 39 0
0 40 0
0 41 0
0 42 0
0 43 0
0 44 0
0 45 0
0 46 0
0 47 0
0 48 0
0 49 0
0 50 0
0 51 0
0 52 0
0 53 0
0 54 0
0 55 0
0 56 0
0 57 0
0 58 0
0 59 0
0 60 0
0 61 0
0 62 0
0 63 0
0 64 0
0 65 0
0 66 0
0 67 0
0 68 0
0 69 0
0 70 0
0 71 0
0 72 0
0 73 0
0 74 0
0 75 0
0 76 0
0 77 0
0 78 0
0 79 0
0 80 0
0 81 0
0 82 0
0 83 0
0 84 0
0 85 0
0 86 0
0 87 0
0 88 0
0 89 0
0 90 0
0 91 0
0 92 0
0 93 0
0 94 0
0 95 0
0 96 0
0 97 0
0 98 0
0 99 0
0 100 0
0 101 0
0 102 0
0 103 0
0 104 0
0 105 0
0 106 0
0 107 0
0 108 0
0 109 0
0 110 0
0 111 0
0 112 0
0 113 0
0 114 0
0 115 0
0 116 0
0 117 0
0 118 0
0 119 0

1 0 0
1 1 -0.0190935
1 2 -0.0158719
1 3 -0.00914586
1 4 0.000234603
1 5 0.00978056
1 6 0.0176871
1 7 0.0218857
1 8 0.0221104
1 9 0.0187348
1 10 0.0119594
1 11 0.00344882
1 12 -0.0057475
1 13 -0.0139868
1 14 -0.020047
1 15 -0.0236275
1 16 -0.0224179
1 17 -0.0182781
1 18 -0.0125889
1 19 -0.00385811
1 20 0.00395849
1 21 0.0106654
1 22 0.0160787
1 23 0.0186847
1 24 0.0208227
1 25 0.019537
1 26 0.0172055
1 27 0.0148606
1 28 0.0108266
1 29 0.00746714
1 30 0.00164621
1 31 -0.0032465
1 32 -0.00830652
1 33 -0.0137252
1 34 -0.0182161
1 35 -0.0239673
1 36 -0.0265653
1 37 -0.0285189
1 38 -0.0266412
1 39 -0.0236423
1 40 -0.0193521
1 41 -0.0143935
1 42 -0.0104461
1 43 -0.00543868
1 44 -0.00229969
1 45 0.00239366
1 46 0.00503088
1 47 0.00916756
1 48 0.0113703
1 49 0.0146576
1 50 0.016392
1 51 0.0187239
1 52 0.0200215
1 53 0.0214878
1 54 0.0224328
1 55 0.023216
1 56 0.0238958
1 57 0.0241873
1 58 0.0246605
1 59 0.0246161
1 60 0.0248958
1 61 0.0246161
1 62 0.0246606
1 63 0.0241875
1 64 0.0238962
1 65 0.0232171
1 66 0.0224359
1 67 0.0214957
1 68 0.0200404
1 69 0.0187655
1 70 0.0164768
1 71 0.0148153
1 72 0.0116339
1 73 0.0095535
1 74 0.00550119
1 75 0.00280723
1 76 -0.00221372
1 77 -0.0060288
1 78 -0.0119584
1 79 -0.0166927
1 80 -0.0217113
1 81 -0.0248705
1 82 -0.0256905
1 83 -0.0253134
1 84 -0.0223717
1 85 -0.0207464
1 86 -0.0172654
1 87 -0.0148369
1 88 -0.0103742
1 89 -0.00562226
1 90 -0.00117144
1 91 0.00445314
1 92 0.0089854
1 93 0.0154404
1 94 0.0197312
1 95 0.022488
1 96 0.0235838
1 97 0.0214164
1 98 0.0179751
1 99 0.0103784
1 100 0.00174342
1 101 -0.00658491
1 102 -0.0154725
1 103 -0.0213745
1 104 -0.0244276
1 105 -0.0235277
1 106 -0.0186793
1 107 -0.0119043
1 108 -0.00253978
1 109 0.00678211
1 110 0.0138894
1 111 0.0195288
1 112 0.0219938
1 113 0.0201387
1 114 0.0149117
1 115 0.00705128
1 116 -0.00237451
1 117 -0.0110382
1 118 -0.016457
1 119 0

2 0 0
2 1 -0.0158719
2 2 -0.0123153
2 3 -0.00318471
2 4 0.0066361
2 5 0.0127394
2 6 0.0175957
2 7 0.0197029
2 8 0.0168096
2 9 0.0124721
2 10 0.00686424
2 11 -0.0019224
2 12 -0.0100676
2 13 -0.0159579
2 14 -0.0207377
2 15 -0.0212921
2 16 -0.0178939
2 17 -0.012695
2 18 -0.00486216
2 19 0.00272369
2 20 0.0098864
2 21 0.0162252
2 22 0.0183354
2 23 0.0195453
2 24 0.0184828
2 25 0.0146834
2 26 0.0107361
2 27 0.00482571
2 28 0.000936043
2 29 -0.0032387
2 30 -0.00755832
2 31 -0.0102767
2 32 -0.0137092
2 33 -0.0144662
2 34 -0.0166359
2 35 -0.0177948
2 36 -0.0187819
2 37 -0.0188353
2 38 -0.0158788
2 39 -0.0129146
2 40 -0.00719367
2 41 -0.00337024
2 42 0.00171344
2 43 0.00466004
2 44 0.00796806
2 45 0.0102332
2 46 0.0121335
2 47 0.0141334
2 48 0.0150014
2 49 0.0167809
2 50 0.0168485
2 51 0.0183576
2 52 0.0178606
2 53 0.0191156
2 54 0.0182886
2 55 0.0193609
2 56 0.0183894
2 57 0.0193652
2 58 0.0183661
2 59 0.0193192
2 60 0.0183443
2 61 0.0193192
2 62 0.0183662
2 63 0.0193655
2 64 0.0183901
2 65 0.019363
2 66 0.0182939
2 67 0.0191287
2 68 0.0178904
2 69 0.0184204
2 70 0.0169699
2 71 0.0169934
2 72 0.0153314
2 73 0.0145718
2 74 0.0125897
2 75 0.0104945
2 76 0.00771051
2 77 0.00356849
2 78 -0.000273989
2 79 -0.00579711
2 80 -0.00903576
2 81 -0.0129766
2 82 -0.013581
2 83 -0.0148714
2 84 -0.0149482
2 85 -0.0158424
2 86 -0.0170314
2 87 -0.0163192
2 88 -0.0159899
2 89 -0.012816
2 90 -0.0104689
2 91 -0.00567363
2 92 0.000487344
2 93 0.00673725
2 94 0.0136964
2 95 0.0174556
2 96 0.0210648
2 97 0.0217887
2 98 0.0189614
2 99 0.0145947
2 100 0.0071849
2 101 2.33145e-05
2 102 -0.00770797
2 103 -0.0151492
2 104 -0.0185245
2 105 -0.0201495
2 106 -0.0188726
2 107 -0.0132746
2 108 -0.00679094
2 109 0.00032853
2 110 0.00776232
2 111 0.012753
2 112 0.0156388
2 113 0.0168697
2 114 0.0149542
2 115 0.0106446
2 116 0.00446237
2 117 -0.0041737
2 118 -0.011598
2 119 0

3 0 0
3 1 -0.00914586
3 2 -0.00318471
3 3 0.00429301
3 4 0.00873979
3 5 0.0117434
3 6 0.013973
3 7 0.0128442
3 8 0.0100306
3 9 0.00572999
3 10 -0.00114431
3 11 -0.00756933
3 12 -0.0127695
3 13 -0.0162392
3 14 -0.0158425
3 15 -0.0133879
3 16 -0.00907272
3 17 -0.00221081
3 18 0.00398967
3 19 0.00933448
3 20 0.0142587
3 21 0.0166056
3 22 0.0165848
3 23 0.0141647
3 24 0.00993414
3 25 0.00519877
3 26 -0.000967782
3 27 -0.00654993
3 28 -0.0103446
3 29 -0.0127683
3 30 -0.0133209
3 31 -0.0135628
3 32 -0.0122754
3 33 -0.0100818
3 34 -0.00790834
3 35 -0.00582692
3 36 -0.00508155
3 37 -0.00357326
3 38 -0.00184521
3 39 0.00139581
3 40 0.00506645
3 41 0.00858547
3 42 0.0117055
3 43 0.0133789
3 44 0.0148027
3 45 0.0148004
3 46 0.0150974
3 47 0.0143469
3 48 0.0141014
3 49 0.0131271
3 50 0.0125823
3 51 0.0116038
3 52 0.0109032
3 53 0.010051
3 54 0.00933307
3 55 0.00869723
3 56 0.00808074
3 57 0.00771119
3 58 0.00728216
3 59 0.00719511
3 60 0.00700875
3 61 0.00719515
3 62 0.00728232
3 63 0.00771166
3 64 0.00808207
3 65 0.00870079
3 66 0.00934202
3 67 0.010072
3 68 0.0109488
3 69 0.0116953
3 70 0.0127494
3 71 0.0134009
3 72 0.0144925
3 73 0.0148063
3 74 0.0154704
3 75 0.0148081
3 76 0.0141082
3 77 0.011779
3 78 0.00940522
3 79 0.00637346
3 80 0.00413194
3 81 0.00268199
3 82 0.00156001
3 83 0.000540293
3 84 -0.00221749
3 85 -0.00534757
3 86 -0.00940297
3 87 -0.0123382
3 88 -0.0146495
3 89 -0.0162014
3 90 -0.0159571
3 91 -0.0140715
3 92 -0.00924337
3 93 -0.00373618
3 94 0.00194466
3 95 0.00763608
3 96 0.0121298
3 97 0.0154019
3 98 0.0156813
3 99 0.0140194
3 100 0.0115304
3 101 0.00682496
3 102 0.00155698
3 103 -0.00342037
3 104 -0.00821324
3 105 -0.0114721
3 106 -0.0135994
3 107 -0.013373
3 108 -0.0101874
3 109 -0.00652316
3 110 -0.00119053
3 111 0.00478796
3 112 0.00768153
3 113 0.0102115
3 114 0.0120141
3 115 0.00983836
3 116 0.00770995
3 117 0.00512636
3 118 -0.00181526
3 119 0

4 0 0
4 1 0.000234603
4 2 0.0066361
4 3 0.00873979
4 4 0.0089629
4 5 0.010272
4 6 0.00795962
4 7 0.00377283
4 8 0.000839555
4 9 -0.00468765
4 10 -0.00955074
4 11 -0.0107531
4 12 -0.0122064
4 13 -0.0108659
4 14 -0.00648082
4 15 -0.00318633
4 16 0.0017931
4 17 0.00713577
4 18 0.0107979
4 19 0.014119
4 20 0.0148215
4 21 0.0140984
4 22 0.0114817
4 23 0.00551247
4 24 -0.000341057
4 25 -0.00669034
4 26 -0.0127517
4 27 -0.0171783
4 28 -0.0200053
4 29 -0.0190462
4 30 -0.0163644
4 31 -0.012299
4 32 -0.00707938
4 33 -0.00170311
4 34 0.00430347
4 35 0.0085111
4 36 0.0113982
4 37 0.0126757
4 38 0.0134583
4 39 0.0148219
4 40 0.0160691
4 41 0.0177588
4 42 0.0181926
4 43 0.0181665
4 44 0.0167481
4 45 0.0148922
4 46 0.0124673
4 47 0.00986401
4 48 0.00740829
4 49 0.00479611
4 50 0.00270777
4 51 0.000377848
4 52 -0.00124993
4 53 -0.00318202
4 54 -0.00433761
4 55 -0.00582369
4 56 -0.00651948
4 57 -0.00755294
4 58 -0.00780921
4 59 -0.00840379
4 60 -0.00823476
4 61 -0.0084037
4 62 -0.00780892
4 63 -0.0075521
4 64 -0.00651716
4 65 -0.0058177
4 66 -0.00432315
4 67 -0.00314955
4 68 -0.00118248
4 69 0.000506227
4 70 0.00292874
4 71 0.00513261
4 72 0.00784342
4 73 0.0102959
4 74 0.0126727
4 75 0.0145476
4 76 0.0155627
4 77 0.016132
4 78 0.015832
4 79 0.0161346
4 80 0.0163361
4 81 0.0174251
4 82 0.0175279
4 83 0.0163072
4 84 0.0128871
4 85 0.00757724
4 86 0.00204895
4 87 -0.00412805
4 88 -0.00949423
4 89 -0.0148507
4 90 -0.0182501
4 91 -0.0188506
4 92 -0.0175433
4 93 -0.0139852
4 94 -0.0101852
4 95 -0.00468972
4 96 0.00112336
4 97 0.00533164
4 98 0.00917509
4 99 0.0110728
4 100 0.0123386
4 101 0.0119758
4 102 0.00928766
4 103 0.00752869
4 104 0.00389074
4 105 -0.000800496
4 106 -0.00398696
4 107 -0.00828146
4 108 -0.0108637
4 109 -0.0110497
4 110 -0.0106707
4 111 -0.00681574
4 112 -0.00201101
4 113 0.0016887
4 114 0.00652816
4 115 0.00927369
4 116 0.00981178
4 117 0.0107522
4 118 0.00824876
4 119 0

5 0 0
5 1 0.00978056
5 2 0.0127394
5 3 0.0117434
5 4 0.010272
5 5 0.00637124
5 6 -0.000546476
5 7 -0.00562421
5 8 -0.0104734
5 9 -0.0146284
5 10 -0.0138495
5 11 -0.0115693
5 12 -0.00813173
5 13 -0.00228695
5 14 0.00253085
5 15 0.00768472
5 16 0.0119289
5 17 0.0138633
5 18 0.0160263
5 19 0.0150498
5 20 0.0120302
5 21 0.00862503
5 22 0.0025945
5 23 -0.00372287
5 24 -0.010842
5 25 -0.0168226
5 26 -0.0206944
5 27 -0.0238605
5 28 -0.0235069
5 29 -0.0206348
5 30 -0.0146292
5 31 -0.00724127
5 32 0.000209275
5 33 0.00838836
5 34 0.0153481
5 35 0.0214718
5 36 0.024404
5 37 0.0252187
5 38 0.0241704
5 39 0.0226538
5 40 0.0214582
5 41 0.0199717
5 42 0.0185982
5 43 0.0159434
5 44 0.0130991
5 45 0.00906012
5 46 0.00532418
5 47 0.00107382
5 48 -0.00247573
5 49 -0.00608522
5 50 -0.00897465
5 51 -0.0117252
5 52 -0.0139086
5 53 -0.0158568
5 54 -0.0174125
5 55 -0.0186792
5 56 -0.0197023
5 57 -0.0204098
5 58 -0.0209805
5 59 -0.0212255
5 60 -0.0213894
5 61 -0.0212254
5 62 -0.02098
5 63 -0.0204083
5 64 -0.0196984
5 65 -0.0186695
5 66 -0.0173899
5 67 -0.0158082
5 68 -0.0138124
5 69 -0.0115518
5 70 -0.00869477
5 71 -0.00569285
5 72 -0.0020278
5 73 0.00141298
5 74 0.00527033
5 75 0.00828457
5 76 0.0114292
5 77 0.0136355
5 78 0.0164928
5 79 0.0192742
5 80 0.0230574
5 81 0.0263208
5 82 0.0283414
5 83 0.027841
5 84 0.0243785
5 85 0.0193857
5 86 0.0126539
5 87 0.00590779
5 88 -0.00218067
5 89 -0.00937979
5 90 -0.0153105
5 91 -0.0188762
5 92 -0.0201376
5 93 -0.0207424
5 94 -0.018592
5 95 -0.0154003
5 96 -0.0105089
5 97 -0.00546242
5 98 -0.00066934
5 99 0.00562326
5 100 0.00991018
5 101 0.0135356
5 102 0.0159092
5 103 0.0158394
5 104 0.0148041
5 105 0.0103037
5 106 0.00507377
5 107 -0.000471329
5 108 -0.00832842
5 109 -0.0132459
5 110 -0.0159928
5 111 -0.017377
5 112 -0.0132728
5 113 -0.00737413
5 114 -0.00110254
5 115 0.0072612
5 116 0.0124405
5 117 0.0140246
5 118 0.0152262
5 119 0

6 0 0
6 1 0.0176871
6 2 0.0175957
6 3 0.013973
6 4 0.00795962
6 5 -0.000546476
6 6 -0.0086086
6 7 -0.0144668
6 8 -0.0186817
6 9 -0.0187546
6 10 -0.0155362
6 11 -0.0106542
6 12 -0.00263841
6 13 0.00487726
6 14 0.0111572
6 15 0.0173298
6 16 0.0192844
6 17 0.0189465
6 18 0.017088
6 19 0.0119253
6 20 0.00625569
6 21 -0.000630633
6 22 -0.00705263
6 23 -0.0126455
6 24 -0.0185626
6 25 -0.021552
6 26 -0.0231506
6 27 -0.0226354
6 28 -0.0200228
6 29 -0.0155191
6 30 -0.00779323
6 31 0.000113934
6 32 0.00862221
6 33 0.0159606
6 34 0.0225172
6 35 0.0275136
6 36 0.029353
6 37 0.0287801
6 38 0.0251845
6 39 0.0214402
6 40 0.0171788
6 41 0.0140583
6 42 0.010793
6 43 0.00766917
6 44 0.00408566
6 45 0.000102146
6 46 -0.0037581
6 47 -0.00781371
6 48 -0.0110557
6 49 -0.0143815
6 50 -0.0166271
6 51 -0.0190592
6 52 -0.0204201
6 53 -0.022107
6 54 -0.0228166
6 55 -0.0239533
6 56 -0.0242154
6 57 -0.0249664
6 58 -0.0249249
6 59 -0.0254056
6 60 -0.0251392
6 61 -0.0254054
6 62 -0.024924
6 63 -0.0249638
6 64 -0.024209
6 65 -0.023938
6 66 -0.0227825
6 67 -0.0220368
6 68 -0.0202878
6 69 -0.0188339
6 70 -0.0162884
6 71 -0.0139507
6 72 -0.0106413
6 73 -0.0076445
6 74 -0.0041573
6 75 -0.00114391
6 76 0.00201149
6 77 0.00532706
6 78 0.00927716
6 79 0.0145292
6 80 0.0200417
6 81 0.0257339
6 82 0.0288787
6 83 0.0300617
6 84 0.0279315
6 85 0.0246421
6 86 0.0196226
6 87 0.0134609
6 88 0.00639589
6 89 -0.00121126
6 90 -0.00697864
6 91 -0.0124415
6 92 -0.0163089
6 93 -0.0198993
6 94 -0.0215434
6 95 -0.0209118
6 96 -0.0196536
6 97 -0.0157563
6 98 -0.0106912
6 99 -0.0032865
6 100 0.00458853
6 101 0.011361
6 102 0.0185728
6 103 0.0221231
6 104 0.0224983
6 105 0.0200598
6 106 0.013349
6 107 0.00532701
6 108 -0.00427034
6 109 -0.0131414
6 110 -0.0185517
6 111 -0.0221492
6 112 -0.0209493
6 113 -0.0150433
6 114 -0.00800415
6 115 0.00151427
6 116 0.0109709
6 117 0.0168779
6 118 0.0204052
6 119 0

7 0 0
7 1 0.0218857
7 2 0.0197029
7 3 0.0128442
7 4 0.00377283
7 5 -0.00562421
7 6 -0.0144668
7 7 -0.021116
7 8 -0.0231357
7 9 -0.0204669
7 10 -0.014793
7 11 -0.005969
7 12 0.00415807
7 13 0.0124453
7 14 0.0186952
7 15 0.0218394
7 16 0.0213572
7 17 0.0178663
7 18 0.0119022
7 19 0.00557384
7 20 -0.00171764
7 21 -0.00877052
7 22 -0.013471
7 23 -0.0173846
7 24 -0.0194306
7 25 -0.0200785
7 26 -0.0187512
7 27 -0.0153324
7 28 -0.0118661
7 29 -0.00635706
7 30 -0.000122203
7 31 0.00715016
7 32 0.013922
7 33 0.0189972
7 34 0.0235617
7 35 0.0256239
7 36 0.0263255
7 37 0.0233724
7 38 0.0186201
7 39 0.012544
7 40 0.00677929
7 41 0.00248971
7 42 -0.00133077
7 43 -0.00370924
7 44 -0.00685096
7 45 -0.00900409
7 46 -0.012113
7 47 -0.0140767
7 48 -0.0165301
7 49 -0.0178236
7 50 -0.019275
7 51 -0.0198894
7 52 -0.0205108
7 53 -0.0207077
7 54 -0.0208137
7 55 -0.0208388
7 56 -0.0206931
7 57 -0.020706
7 58 -0.0204919
7 59 -0.0205755
7 60 -0.0204037
7 61 -0.020575
7 62 -0.0204903
7 63 -0.0207019
7 64 -0.0206829
7 65 -0.0208154
7 66 -0.0207638
7 67 -0.0206096
7 68 -0.0203352
7 69 -0.0196084
7 70 -0.0188848
7 71 -0.0173843
7 72 -0.0162093
7 73 -0.0141593
7 74 -0.0129237
7 75 -0.0107057
7 76 -0.00917266
7 77 -0.00579371
7 78 -0.0019561
7 79 0.00422481
7 80 0.0106404
7 81 0.0169183
7 82 0.0213452
7 83 0.023214
7 84 0.0238161
7 85 0.0223453
7 86 0.0206206
7 87 0.0165172
7 88 0.0120852
7 89 0.00699197
7 90 0.00221869
7 91 -0.00242287
7 92 -0.00831964
7 93 -0.0131456
7 94 -0.0176931
7 95 -0.0204347
7 96 -0.0219798
7 97 -0.0214058
7 98 -0.0169553
7 99 -0.010891
7 100 -0.00277391
7 101 0.00621482
7 102 0.014843
7 103 0.0217
7 104 0.0245478
7 105 0.0244202
7 106 0.0200904
7 107 0.0113875
7 108 0.00142954
7 109 -0.00900255
7 110 -0.0183847
7 111 -0.0238304
7 112 -0.0243385
7 113 -0.0205097
7 114 -0.012965
7 115 -0.00265111
7 116 0.00752764
7 117 0.0158652
7 118 0.0217878
7 119 0

8 0 0
8 1 0.0221104
8 2 0.0168096
8 3 0.0100306
8 4 0.000839555
8 5 -0.0104734
8 6 -0.0186817
8 7 -0.0231357
8 8 -0.0236734
8 9 -0.0181074
8 10 -0.00936414
8 11 0.000256133
8 12 0.0104202
8 13 0.0176311
8 14 0.0210004
8 15 0.0215593
8 16 0.0183165
8 17 0.0119792
8 18 0.00440951
8 19 -0.00316477
8 20 -0.00981692
8 21 -0.0149542
8 22 -0.0174442
8 23 -0.0169566
8 24 -0.0150654
8 25 -0.012165
8 26 -0.00788823
8 27 -0.00336576
8 28 0.000875086
8 29 0.00433715
8 30 0.00776927
8 31 0.0116062
8 32 0.0144416
8 33 0.0163989
8 34 0.016812
8 35 0.0164306
8 36 0.0146925
8 37 0.0108591
8 38 0.00546839
8 39 -0.00124351
8 40 -0.00688914
8 41 -0.0114209
8 42 -0.0137173
8 43 -0.0149913
8 44 -0.0153507
8 45 -0.0155291
8 46 -0.0157016
8 47 -0.0155823
8 48 -0.0155758
8 49 -0.0149367
8 50 -0.0145154
8 51 -0.0134035
8 52 -0.0127183
8 53 -0.0114447
8 54 -0.0107634
8 55 -0.0096035
8 56 -0.00911807
8 57 -0.0082315
8 58 -0.00804837
8 59 -0.00750884
8 60 -0.00767944
8 61 -0.00750799
8 62 -0.00804581
8 63 -0.00822493
8 64 -0.00910244
8 65 -0.00956893
8 66 -0.0106927
8 67 -0.0113122
8 68 -0.0124938
8 69 -0.0130675
8 70 -0.0140905
8 71 -0.0145318
8 72 -0.0154184
8 73 -0.0159927
8 74 -0.0169553
8 75 -0.0176075
8 76 -0.0176972
8 77 -0.016512
8 78 -0.0132359
8 79 -0.0084966
8 80 -0.00245205
8 81 0.00265067
8 82 0.00689376
8 83 0.00937589
8 84 0.0114954
8 85 0.0130669
8 86 0.013932
8 87 0.0140506
8 88 0.013274
8 89 0.0128028
8 90 0.0113801
8 91 0.00857803
8 92 0.00389857
8 93 -0.00180912
8 94 -0.0075154
8 95 -0.01366
8 96 -0.0187876
8 97 -0.021274
8 98 -0.0204106
8 99 -0.0164311
8 100 -0.0100233
8 101 -0.00123715
8 102 0.00832806
8 103 0.0159201
8 104 0.0212146
8 105 0.0235665
8 106 0.0212351
8 107 0.0154026
8 108 0.00699077
8 109 -0.00333368
8 110 -0.0128719
8 111 -0.0203047
8 112 -0.0238796
8 113 -0.0220063
8 114 -0.0160058
8 115 -0.00654361
8 116 0.0041617
8 117 0.0123619
8 118 0.0183094
8 119 0

9 0 0
9 1 0.0187348
9 2 0.0124721
9 3 0.00572999
9 4 -0.00468765
9 5 -0.0146284
9 6 -0.0187546
9 7 -0.0204669
9 8 -0.0181074
9 9 -0.0104742
9 10 -0.00278502
9 11 0.00564909
9 12 0.0138327
9 13 0.0180778
9 14 0.0198966
9 15 0.0176457
9 16 0.0115485
9 17 0.00422795
9 18 -0.00508531
9 19 -0.0124891
9 20 -0.0168053
9 21 -0.0192402
9 22 -0.0171292
9 23 -0.0123174
9 24 -0.00601593
9 25 0.000681605
9 26 0.00608334
9 27 0.0111855
9 28 0.0137837
9 29 0.0141186
9 30 0.0133342
9 31 0.011788
9 32 0.0104492
9 33 0.00790448
9 34 0.00499248
9 35 0.00186375
9 36 -0.00140583
9 37 -0.00502909
9 38 -0.009936
9 39 -0.0150385
9 40 -0.0197177
9 41 -0.022374
9 42 -0.02288
9 43 -0.0215133
9 44 -0.018972
9 45 -0.0161928
9 46 -0.0132663
9 47 -0.0107145
9 48 -0.00810219
9 49 -0.00577754
9 50 -0.00335512
9 51 -0.00116898
9 52 0.00098614
9 53 0.00287779
9 54 0.00458871
9 55 0.00603287
9 56 0.00720757
9 57 0.00814319
9 58 0.00877135
9 59 0.00919014
9 60 0.00928933
9 61 0.00919153
9 62 0.00877545
9 63 0.00815336
9 64 0.00723088
9 65 0.00608244
9 66 0.0046858
9 67 0.00305105
9 68 0.00126299
9 69 -0.000785003
9 70 -0.00292291
9 71 -0.00546097
9 72 -0.00818123
9 73 -0.0115108
9 74 -0.0149476
9 75 -0.0185046
9 76 -0.0210774
9 77 -0.0221944
9 78 -0.0212008
9 79 -0.0185016
9 80 -0.0152163
9 81 -0.0121081
9 82 -0.00994123
9 83 -0.00756507
9 84 -0.00489444
9 85 -0.00135035
9 86 0.00228565
9 87 0.00590373
9 88 0.0102215
9 89 0.0142931
9 90 0.0177237
9 91 0.0181455
9 92 0.0161073
9 93 0.0120636
9 94 0.00557872
9 95 -0.00195133
9 96 -0.0103712
9 97 -0.0162994
9 98 -0.0193769
9 99 -0.0199977
9 100 -0.0159264
9 101 -0.00940427
9 102 -0.00086937
9 103 0.00775767
9 104 0.0139793
9 105 0.0187255
9 106 0.0186731
9 107 0.0150031
9 108 0.0103319
9 109 0.00204377
9 110 -0.00576649
9 111 -0.0113625
9 112 -0.0172039
9 113 -0.0184254
9 114 -0.0152514
9 115 -0.0109876
9 116 -0.00229578
9 117 0.00747981
9 118 0.0127869
9 119 0

10 0 0
10 1 0.0119594
10 2 0.00686424
10 3 -0.00114431
10 4 -0.00955074
10 5 -0.0138495
10 6 -0.0155362
10 7 -0.014793
10 8 -0.00936414
10 9 -0.00278502
10 10 0.00426845
10 11 0.0117439
10 12 0.015378
10 13 0.0169651
10 14 0.0154667
10 15 0.00851137
10 16 0.00139979
10 17 -0.00670069
10 18 -0.0149338
10 19 -0.0188269
10 20 -0.0202179
10 21 -0.0173926
10 22 -0.0114411
10 23 -0.0038779
10 24 0.00577558
10 25 0.0130052
10 26 0.0186869
10 27 0.0219722
10 28 0.021837
10 29 0.0193252
10 30 0.0136772
10 31 0.00828625
10 32 0.00264791
10 33 -0.00267159
10 34 -0.0076724
10 35 -0.0123296
10 36 -0.0153125
10 37 -0.0181987
10 38 -0.0205518
10 39 -0.023605
10 40 -0.0257508
10 41 -0.0265203
10 42 -0.024955
10 43 -0.0213477
10 44 -0.0165894
10 45 -0.0112615
10 46 -0.00640409
10 47 -0.00177304
10 48 0.00202295
10 49 0.00567711
10 50 0.0086271
10 51 0.0115577
10 52 0.0138408
10 53 0.016105
10 54 0.0177351
10 55 0.0193414
10 56 0.0203531
10 57 0.0213633
10 58 0.0218301
10 59 0.0223225
10 60 0.0223049
10 61 0.0223247
10 62 0.0218365
10 63 0.0213786
10 64 0.0203868
10 65 0.0194104
10 66 0.0178644
10 67 0.016324
10 68 0.0141691
10 69 0.0119745
10 70 0.00902859
10 71 0.00584325
10 72 0.00163979
10 73 -0.00298391
10 74 -0.00844382
10 75 -0.0136079
10 76 -0.0181765
10 77 -0.0209862
10 78 -0.0221329
10 79 -0.0220749
10 80 -0.0217064
10 81 -0.0219746
10 82 -0.0219225
10 83 -0.0214345
10 84 -0.0187687
10 85 -0.0152425
10 86 -0.0100526
10 87 -0.0040283
10 88 0.00355179
10 89 0.0118255
10 90 0.0182309
10 91 0.0227174
10 92 0.023408
10 93 0.0221241
10 94 0.017153
10 95 0.00941687
10 96 0.00142275
10 97 -0.00699939
10 98 -0.0128432
10 99 -0.0173488
10 100 -0.0181784
10 101 -0.0149237
10 102 -0.0110424
10 103 -0.00400963
10 104 0.00308081
10 105 0.00843534
10 106 0.0128868
10 107 0.0134005
10 108 0.0122204
10 109 0.00874289
10 110 0.00230449
10 111 -0.00233063
10 112 -0.00724311
10 113 -0.0119456
10 114 -0.0121602
10 115 -0.0110016
10 116 -0.00784752
10 117 -0.000732401
10 118 0.00528943
10 119 0

11 0 0
11 1 0.00344882
11 2 -0.0019224
11 3 -0.00756933
11 4 -0.0107531
11 5 -0.0115693
11 6 -0.0106542
11 7 -0.005969
11 8 0.000256133
11 9 0.00564909
11 10 0.0117439
11 11 0.0150795
11 12 0.0144635
11 13 0.0125427
11 14 0.00658152
11 15 -0.0015064
11 16 -0.00866955
11 17 -0.0158908
11 18 -0.0201758
11 19 -0.0215628
11 20 -0.0192517
11 21 -0.0123845
11 22 -0.00464624
11 23 0.00534107
11 24 0.0153432
11 25 0.0227285
11 26 0.0275018
11 27 0.0277355
11 28 0.0254071
11 29 0.0191704
11 30 0.0104256
11 31 0.00150247
11 32 -0.00705786
11 33 -0.0134816
11 34 -0.0193484
11 35 -0.0229607
11 36 -0.0248991
11 37 -0.024942
11 38 -0.0242154
11 39 -0.0238387
11 40 -0.0230353
11 41 -0.0218369
11 42 -0.0184632
11 43 -0.0138879
11 44 -0.00768494
11 45 -0.00168554
11 46 0.00422229
11 47 0.00897307
11 48 0.0130688
11 49 0.0162214
11 50 0.0188605
11 51 0.0209725
11 52 0.0226749
11 53 0.0240945
11 54 0.0251204
11 55 0.0260193
11 56 0.0265449
11 57 0.0270674
11 58 0.0272496
11 59 0.0275124
11 60 0.0274586
11 61 0.0275159
11 62 0.0272592
11 63 0.0270897
11 64 0.0265925
11 65 0.0261126
11 66 0.0252873
11 67 0.0243621
11 68 0.0230484
11 69 0.0213983
11 70 0.0191838
11 71 0.0161725
11 72 0.0123288
11 73 0.00735826
11 74 0.00194775
11 75 -0.00383117
11 76 -0.00850142
11 77 -0.0123873
11 78 -0.0146979
11 79 -0.0172746
11 80 -0.019903
11 81 -0.02366
11 82 -0.0267277
11 83 -0.0285161
11 84 -0.0281005
11 85 -0.0254752
11 86 -0.0212012
11 87 -0.013885
11 88 -0.00496612
11 89 0.00564439
11 90 0.0145436
11 91 0.021633
11 92 0.0262074
11 93 0.0271037
11 94 0.0249345
11 95 0.0185547
11 96 0.0115568
11 97 0.00340047
11 98 -0.00507418
11 99 -0.0114191
11 100 -0.0162238
11 101 -0.0173812
11 102 -0.0170152
11 103 -0.0142683
11 104 -0.00816645
11 105 -0.00290905
11 106 0.00321368
11 107 0.0089958
11 108 0.0116437
11 109 0.0130628
11 110 0.0116168
11 111 0.00755148
11 112 0.00288943
11 113 -0.00285808
11 114 -0.0074254
11 115 -0.00969794
11 116 -0.0105915
11 117 -0.0088793
11 118 -0.00458773
11 119 0

12 0 0
12 1 -0.0057475
12 2 -0.0100676
12 3 -0.0127695
12 4 -0.0122064
12 5 -0.00813173
12 6 -0.00263841
12 7 0.00415807
12 8 0.0104202
12 9 0.0138327
12 10 0.015378
12 11 0.0144635
12 12 0.0104885
12 13 0.00482446
12 14 -0.00214911
12 15 -0.00949222
12 16 -0.0160149
12 17 -0.0202926
12 18 -0.0215726
12 19 -0.0201365
12 20 -0.0146021
12 21 -0.00616444
12 22 0.00310827
12 23 0.0128416
12 24 0.0214027
12 25 0.0276001
12 26 0.0294569
12 27 0.0271714
12 28 0.0219389
12 29 0.0135648
12 30 0.00351197
12 31 -0.00704578
12 32 -0.0156316
12 33 -0.0217144
12 34 -0.0255214
12 35 -0.0268594
12 36 -0.0260347
12 37 -0.0227557
12 38 -0.0188208
12 39 -0.0149164
12 40 -0.0120331
12 41 -0.00925674
12 42 -0.00592718
12 43 -0.00152336
12 44 0.00377682
12 45 0.00903295
12 46 0.0138647
12 47 0.0174335
12 48 0.0201679
12 49 0.0216966
12 50 0.0228191
12 51 0.0231854
12 52 0.0235182
12 53 0.0233749
12 54 0.0233612
12 55 0.0230231
12 56 0.022895
12 57 0.0225492
12 58 0.0224667
12 59 0.0222372
12 60 0.0223001
12 61 0.0222424
12 62 0.0224808
12 63 0.022581
12 64 0.0229603
12 65 0.0231458
12 66 0.0235702
12 67 0.0236907
12 68 0.0239243
12 69 0.0235875
12 70 0.0230102
12 71 0.0213722
12 72 0.0190425
12 73 0.0154703
12 74 0.0115261
12 75 0.0073354
12 76 0.00392391
12 77 0.00108795
12 78 -0.00153888
12 79 -0.00505182
12 80 -0.0101433
12 81 -0.016155
12 82 -0.0221505
12 83 -0.026352
12 84 -0.0288533
12 85 -0.0288974
12 86 -0.0266223
12 87 -0.0209289
12 88 -0.0124608
12 89 -0.00278969
12 90 0.00673106
12 91 0.0149312
12 92 0.0219159
12 93 0.0256913
12 94 0.0260475
12 95 0.0233628
12 96 0.0185864
12 97 0.01216
12 98 0.00376535
12 99 -0.00413821
12 100 -0.0109281
12 101 -0.0163386
12 102 -0.0194184
12 103 -0.0197531
12 104 -0.0169401
12 105 -0.0123009
12 106 -0.0058186
12 107 0.00182675
12 108 0.00832712
12 109 0.0137434
12 110 0.0170836
12 111 0.0168167
12 112 0.0134508
12 113 0.00749001
12 114 -0.000206298
12 115 -0.00803896
12 116 -0.0135567
12 117 -0.0151515
12 118 -0.013616
12 119 0

13 0 0
13 1 -0.0139868
13 2 -0.0159579
13 3 -0.0162392
13 4 -0.0108659
13 5 -0.00228695
13 6 0.00487726
13 7 0.0124453
13 8 0.0176311
13 9 0.0180778
13 10 0.0169651
13 11 0.0125427
13 12 0.00482446
13 13 -0.00286247
13 14 -0.0106793
13 15 -0.0167561
13 16 -0.0202265
13 17 -0.0209972
13 18 -0.0176673
13 19 -0.0126249
13 20 -0.00572963
13 21 0.00289908
13 22 0.0103231
13 23 0.01686
13 24 0.0215541
13 25 0.0238142
13 26 0.0229013
13 27 0.0182035
13 28 0.011885
13 29 0.00388755
13 30 -0.00495552
13 31 -0.0134875
13 32 -0.0200761
13 33 -0.023234
13 34 -0.0238031
13 35 -0.0218033
13 36 -0.0179083
13 37 -0.0120994
13 38 -0.00563374
13 39 1.74835e-05
13 40 0.0040029
13 41 0.0063583
13 42 0.00828259
13 43 0.0103683
13 44 0.0131071
13 45 0.0158012
13 46 0.0181217
13 47 0.0193771
13 48 0.0197249
13 49 0.0191048
13 50 0.0180121
13 51 0.0165262
13 52 0.015025
13 53 0.0134836
13 54 0.0121196
13 55 0.0108559
13 56 0.00983343
13 57 0.00897563
13 58 0.00838768
13 59 0.00800006
13 60 0.00789664
13 61 0.00800772
13 62 0.00840798
13 63 0.00901978
13 64 0.00992059
13 65 0.0110128
13 66 0.0123734
13 67 0.0138426
13 68 0.0154438
13 69 0.0168642
13 70 0.0180143
13 71 0.0184561
13 72 0.0182175
13 73 0.0171666
13 74 0.0159231
13 75 0.0147821
13 76 0.0143238
13 77 0.0139364
13 78 0.0128933
13 79 0.00977573
13 80 0.00447805
13 81 -0.0024471
13 82 -0.00941926
13 83 -0.0154759
13 84 -0.0202789
13 85 -0.0232772
13 86 -0.0239462
13 87 -0.0211708
13 88 -0.0160965
13 89 -0.00957051
13 90 -0.00289258
13 91 0.00411173
13 92 0.0109449
13 93 0.0158265
13 94 0.0189982
13 95 0.0200952
13 96 0.0199534
13 97 0.0173369
13 98 0.0120792
13 99 0.00602092
13 100 -0.00179078
13 101 -0.00977027
13 102 -0.0167497
13 103 -0.0215317
13 104 -0.0225084
13 105 -0.0207252
13 106 -0.0143533
13 107 -0.00500675
13 108 0.00382505
13 109 0.0133096
13 110 0.01998
13 111 0.0218308
13 112 0.02113
13 113 0.0153091
13 114 0.00569844
13 115 -0.00355108
13 116 -0.0132068
13 117 -0.0199479
13 118 -0.0200532
13 119 0

14 0 0
14 1 -0.020047
14 2 -0.0207377
14 3 -0.0158425
14 4 -0.00648082
14 5 0.00253085
14 6 0.0111572
14 7 0.0186952
14 8 0.0210004
14 9 0.0198966
14 10 0.0154667
14 11 0.00658152
14 12 -0.00214911
14 13 -0.0106793
14 14 -0.0174323
14 15 -0.0191134
14 16 -0.019141
14 17 -0.0154866
14 18 -0.00852941
14 19 -0.00265211
14 20 0.00419819
14 21 0.0098073
14 22 0.0137431
14 23 0.0163198
14 24 0.0158134
14 25 0.014909
14 26 0.0112882
14 27 0.00570124
14 28 -0.00018147
14 29 -0.00677116
14 30 -0.0121642
14 31 -0.0176122
14 32 -0.0203387
14 33 -0.0200052
14 34 -0.0168085
14 35 -0.011226
14 36 -0.00487197
14 37 0.00303947
14 38 0.0103982
14 39 0.0168759
14 40 0.0203352
14 41 0.0213725
14 42 0.0205482
14 43 0.0192582
14 44 0.0183118
14 45 0.0174481
14 46 0.0166723
14 47 0.0150399
14 48 0.0130183
14 49 0.0100653
14 50 0.00714945
14 51 0.00384084
14 52 0.00106391
14 53 -0.00176187
14 54 -0.00388451
14 55 -0.0059689
14 56 -0.00735326
14 57 -0.00870019
14 58 -0.00938152
14 59 -0.0100352
14 60 -0.0100432
14 61 -0.0100242
14 62 -0.00935316
14 63 -0.00864049
14 64 -0.00723989
14 65 -0.00577387
14 66 -0.00358589
14 67 -0.00136965
14 68 0.00146835
14 69 0.00406838
14 70 0.00690896
14 71 0.0090625
14 72 0.011169
14 73 0.0127239
14 74 0.0148313
14 75 0.0172931
14 76 0.0206006
14 77 0.02352
14 78 0.0249513
14 79 0.0236674
14 80 0.0193875
14 81 0.0134845
14 82 0.00649991
14 83 4.59331e-05
14 84 -0.00675455
14 85 -0.0120279
14 86 -0.0158528
14 87 -0.0167591
14 88 -0.0159454
14 89 -0.0143924
14 90 -0.0113074
14 91 -0.00763081
14 92 -0.00211939
14 93 0.00244445
14 94 0.00730192
14 95 0.0122074
14 96 0.0155473
14 97 0.0178095
14 98 0.016484
14 99 0.0138071
14 100 0.00801428
14 101 -0.00098889
14 102 -0.00894559
14 103 -0.0172135
14 104 -0.0225648
14 105 -0.0235739
14 106 -0.0207096
14 107 -0.0120312
14 108 -0.00188247
14 109 0.00903376
14 110 0.0195709
14 111 0.0238474
14 112 0.0242181
14 113 0.0206325
14 114 0.0107176
14 115 0.00014475
14 116 -0.0101379
14 117 -0.0202781
14 118 -0.0241831
14 119 0

15 0 0
15 1 -0.0236275
15 2 -0.0212921
15 3 -0.0133879
15 4 -0.00318633
15 5 0.00768472
15 6 0.0173298
15 7 0.0218394
15 8 0.0215593
15 9 0.0176457
15 10 0.00851137
15 11 -0.0015064
15 12 -0.00949222
15 13 -0.0167561
15 14 -0.0191134
15 15 -0.0170826
15 16 -0.0131779
15 17 -0.00569513
15 18 0.00177961
15 19 0.0082082
15 20 0.012976
15 21 0.0143187
15 22 0.0146437
15 23 0.0115901
15 24 0.00671069
15 25 0.00218041
15 26 -0.00345988
15 27 -0.00812539
15 28 -0.0128189
15 29 -0.0155757
15 30 -0.0166876
15 31 -0.017248
15 32 -0.0153306
15 33 -0.0116778
15 34 -0.00496055
15 35 0.00245128
15 36 0.0102701
15 37 0.0178619
15 38 0.0244473
15 39 0.0295377
15 40 0.0310679
15 41 0.0297402
15 42 0.0254441
15 43 0.0206375
15 44 0.0156967
15 45 0.0117426
15 46 0.00805553
15 47 0.0045863
15 48 0.000857713
15 49 -0.00304948
15 50 -0.00693186
15 51 -0.0106788
15 52 -0.013926
15 53 -0.0168285
15 54 -0.0190773
15 55 -0.0210256
15 56 -0.0223684
15 57 -0.0235251
15 58 -0.0241523
15 59 -0.0246741
15 60 -0.0247075
15 61 -0.0246588
15 62 -0.0241136
15 63 -0.0234463
15 64 -0.0222246
15 65 -0.0207897
15 66 -0.0187371
15 67 -0.0164188
15 68 -0.0135695
15 69 -0.0106105
15 70 -0.00746052
15 71 -0.0044111
15 72 -0.00125587
15 73 0.00233653
15 74 0.00678137
15 75 0.0125701
15 76 0.0189535
15 77 0.0252517
15 78 0.0292314
15 79 0.0307056
15 80 0.0288348
15 81 0.0255708
15 82 0.0207229
15 83 0.0153497
15 84 0.00892098
15 85 0.00244001
15 86 -0.002866
15 87 -0.00751832
15 88 -0.0109814
15 89 -0.0149641
15 90 -0.0169347
15 91 -0.0173849
15 92 -0.0157465
15 93 -0.0121166
15 94 -0.00713928
15 95 0.000783251
15 96 0.00776938
15 97 0.0139963
15 98 0.018183
15 99 0.0187204
15 100 0.0162265
15 101 0.00870202
15 102 0.000178361
15 103 -0.00866999
15 104 -0.0175106
15 105 -0.0213441
15 106 -0.0215308
15 107 -0.0172872
15 108 -0.00800799
15 109 0.00239137
15 110 0.0131474
15 111 0.021283
15 112 0.024234
15 113 0.0227028
15 114 0.0153772
15 115 0.00408973
15 116 -0.00731028
15 117 -0.0174434
15 118 -0.0240166
15 119 0

16 0 0
16 1 -0.0224179
16 2 -0.0178939
16 3 -0.00907272
16 4 0.0017931
16 5 0.0119289
16 6 0.0192844
16 7 0.0213572
16 8 0.0183165
16 9 0.0115485
16 10 0.00139979
16 11 -0.00866955
16 12 -0.0160149
16 13 -0.0202265
16 14 -0.019141
16 15 -0.0131779
16 16 -0.00438148
16 17 0.00540711
16 18 0.0137447
16 19 0.0194863
16 20 0.020449
16 21 0.0172011
16 22 0.0116261
16 23 0.00317969
16 24 -0.00559953
16 25 -0.0130389
16 26 -0.0181532
16 27 -0.0206313
16 28 -0.0214874
16 29 -0.019322
16 30 -0.0154949
16 31 -0.0107735
16 32 -0.00543677
16 33 0.000555736
16 34 0.00804098
16 35 0.0151979
16 36 0.021806
16 37 0.0269049
16 38 0.0307981
16 39 0.0328403
16 40 0.031876
16 41 0.0278615
16 42 0.0209542
16 43 0.0133376
16 44 0.005892
16 45 7.15043e-06
16 46 -0.00484509
16 47 -0.00868815
16 48 -0.0122574
16 49 -0.015575
16 50 -0.0187016
16 51 -0.0215392
16 52 -0.0238694
16 53 -0.0258227
16 54 -0.0271846
16 55 -0.0282974
16 56 -0.0289276
16 57 -0.029489
16 58 -0.0296881
16 59 -0.0299368
16 60 -0.0298848
16 61 -0.0299159
16 62 -0.0296366
16 63 -0.0293876
16 64 -0.0287499
16 65 -0.0280201
16 66 -0.0268102
16 67 -0.0254171
16 68 -0.0235994
16 69 -0.0216778
16 70 -0.0195499
16 71 -0.0172712
16 72 -0.0145229
16 73 -0.0106837
16 74 -0.00537358
16 75 0.00185251
16 76 0.00991607
16 77 0.0179232
16 78 0.0237842
16 79 0.0274313
16 80 0.0286053
16 81 0.0286496
16 82 0.0274596
16 83 0.0249294
16 84 0.0210555
16 85 0.0160817
16 86 0.0111943
16 87 0.00523099
16 88 -0.00157878
16 89 -0.00954793
16 90 -0.0166712
16 91 -0.0219091
16 92 -0.0252584
16 93 -0.0250447
16 94 -0.0211906
16 95 -0.0131024
16 96 -0.00337957
16 97 0.00643138
16 98 0.0157639
16 99 0.021436
16 100 0.0226696
16 101 0.0188952
16 102 0.0112673
16 103 0.00142687
16 104 -0.00926551
16 105 -0.0168269
16 106 -0.0204012
16 107 -0.0196611
16 108 -0.0133852
16 109 -0.00408366
16 110 0.00589245
16 111 0.0147919
16 112 0.0201404
16 113 0.0205196
16 114 0.0160025
16 115 0.00808865
16 116 -0.0022574
16 117 -0.0127039
16 118 -0.0193877
16 119 0

17 0 0
17 1 -0.0182781
17 2 -0.012695
17 3 -0.00221081
17 4 0.00713577
17 5 0.0138633
17 6 0.0189465
17 7 0.0178663
17 8 0.0119792
17 9 0.00422795
17 10 -0.00670069
17 11 -0.0158908
17 12 -0.0202926
17 13 -0.0209972
17 14 -0.0154866
17 15 -0.00569513
17 16 0.00540711
17 17 0.0161148
17 18 0.0229591
17 19 0.0259943
17 20 0.0234319
17 21 0.0155797
17 22 0.00593311
17 23 -0.00560699
17 24 -0.0161325
17 25 -0.0238359
17 26 -0.0275556
17 27 -0.0268725
17 28 -0.0239736
17 29 -0.0178033
17 30 -0.0101831
17 31 -0.00220689
17 32 0.00501619
17 33 0.0111073
17 34 0.0173935
17 35 0.0222954
17 36 0.0261597
17 37 0.027766
17 38 0.0282329
17 39 0.0271358
17 40 0.0239442
17 41 0.0183425
17 42 0.0101918
17 43 0.00162749
17 44 -0.00664232
17 45 -0.0125718
17 46 -0.017048
17 47 -0.0195172
17 48 -0.0215601
17 49 -0.0227494
17 50 -0.0240309
17 51 -0.024771
17 52 -0.0254495
17 53 -0.0256473
17 54 -0.025697
17 55 -0.0254767
17 56 -0.0251861
17 57 -0.0248694
17 58 -0.0245744
17 59 -0.0244092
17 60 -0.0243083
17 61 -0.0243813
17 62 -0.0245073
17 63 -0.0247418
17 64 -0.0249718
17 65 -0.0251597
17 66 -0.0253004
17 67 -0.0252728
17 68 -0.0253075
17 69 -0.0251586
17 70 -0.0252112
17 71 -0.0247251
17 72 -0.0238376
17 73 -0.0210715
17 74 -0.0167015
17 75 -0.00976123
17 76 -0.00212749
17 77 0.00580547
17 78 0.0118223
17 79 0.0165841
17 80 0.0199501
17 81 0.0230338
17 82 0.0254181
17 83 0.0263627
17 84 0.0260898
17 85 0.024133
17 86 0.0214072
17 87 0.0158402
17 88 0.00801261
17 89 -0.00206105
17 90 -0.0121098
17 91 -0.0209945
17 92 -0.0283073
17 93 -0.0312502
17 94 -0.0296694
17 95 -0.0227296
17 96 -0.013053
17 97 -0.00165718
17 98 0.0104255
17 99 0.0191719
17 100 0.0243044
17 101 0.0243603
17 102 0.0198418
17 103 0.0116002
17 104 0.00060814
17 105 -0.00841718
17 106 -0.0156126
17 107 -0.0192827
17 108 -0.0166121
17 109 -0.0111144
17 110 -0.00288161
17 111 0.00650188
17 112 0.0123775
17 113 0.0156143
17 114 0.0151678
17 115 0.00987243
17 116 0.00320941
17 117 -0.00443553
17 118 -0.0123481
17 119 0

18 0 0
18 1 -0.0125889
18 2 -0.00486216
18 3 0.00398967
18 4 0.0107979
18 5 0.0160263
18 6 0.017088
18 7 0.0119022
18 8 0.00440951
18 9 -0.00508531
18 10 -0.0149338
18 11 -0.0201758
18 12 -0.0215726
18 13 -0.0176673
18 14 -0.00852941
18 15 0.00177961
18 16 0.0137447
18 17 0.0229591
18 18 0.0270607
18 19 0.027861
18 20 0.021771
18 21 0.0115374
18 22 -0.000517856
18 23 -0.0133225
18 24 -0.0230116
18 25 -0.0299113
18 26 -0.0307168
18 27 -0.0267254
18 28 -0.0200997
18 29 -0.0105212
18 30 -0.000957861
18 31 0.0086536
18 32 0.0151622
18 33 0.0193126
18 34 0.02178
18 35 0.0224061
18 36 0.0219515
18 37 0.0191576
18 38 0.0161585
18 39 0.0121345
18 40 0.00799453
18 41 0.00218339
18 42 -0.0047849
18 43 -0.0122351
18 44 -0.0187274
18 45 -0.022865
18 46 -0.0248834
18 47 -0.024607
18 48 -0.0236152
18 49 -0.0217017
18 50 -0.0201867
18 51 -0.0182346
18 52 -0.0168301
18 53 -0.014981
18 54 -0.0136652
18 55 -0.0119823
18 56 -0.0109196
18 57 -0.00963191
18 58 -0.00905328
18 59 -0.00834393
18 60 -0.00838018
18 61 -0.00830755
18 62 -0.00896791
18 63 -0.00947501
18 64 -0.0106676
18 65 -0.0116306
18 66 -0.0132627
18 67 -0.0146688
18 68 -0.0168574
18 69 -0.0189037
18 70 -0.0216893
18 71 -0.0238732
18 72 -0.0257473
18 73 -0.0255508
18 74 -0.0235959
18 75 -0.019226
18 76 -0.0140455
18 77 -0.00880362
18 78 -0.00447965
18 79 -0.000724601
18 80 0.00361354
18 81 0.00837031
18 82 0.0139436
18 83 0.018359
18 84 0.0226444
18 85 0.0251833
18 86 0.0263582
18 87 0.0236545
18 88 0.0170482
18 89 0.00777742
18 90 -0.00348801
18 91 -0.0141564
18 92 -0.0246277
18 93 -0.030548
18 94 -0.0316819
18 95 -0.0278715
18 96 -0.019428
18 97 -0.00896387
18 98 0.00396228
18 99 0.014158
18 100 0.0212562
18 101 0.0252654
18 102 0.0233997
18 103 0.0183774
18 104 0.00977575
18 105 0.000327414
18 106 -0.00764916
18 107 -0.0149743
18 108 -0.0171022
18 109 -0.0156808
18 110 -0.0122795
18 111 -0.00414303
18 112 0.00337971
18 113 0.0084864
18 114 0.0128268
18 115 0.0122465
18 116 0.0081209
18 117 0.00355884
18 118 -0.00321684
18 119 0

19 0 0
19 1 -0.00385811
19 2 0.00272369
19 3 0.00933448
19 4 0.014119
19 5 0.0150498
19 6 0.0119253
19 7 0.00557384
19 8 -0.00316477
19 9 -0.0124891
19 10 -0.0188269
19 11 -0.0215628
19 12 -0.0201365
19 13 -0.0126249
19 14 -0.00265211
19 15 0.0082082
19 16 0.0194863
19 17 0.0259943
19 18 0.027861
19 19 0.0249584
19 20 0.0162746
19 21 0.00480293
19 22 -0.00842959
19 23 -0.0193371
19 24 -0.0265303
19 25 -0.0299239
19 26 -0.0266521
19 27 -0.0194055
19 28 -0.00922632
19 29 0.0015016
19 30 0.0111195
19 31 0.0191409
19 32 0.0224684
19 33 0.0224363
19 34 0.0191896
19 35 0.014726
19 36 0.00936758
19 37 0.00312736
19 38 -0.00242778
19 39 -0.00741117
19 40 -0.01083
19 41 -0.0144789
19 42 -0.0181691
19 43 -0.0222282
19 44 -0.0251699
19 45 -0.0261233
19 46 -0.0247488
19 47 -0.0213137
19 48 -0.0169882
19 49 -0.0122071
19 50 -0.00795195
19 51 -0.0039517
19 52 -0.000709409
19 53 0.00232551
19 54 0.00473415
19 55 0.00699558
19 56 0.00867529
19 57 0.0101755
19 58 0.011091
19 59 0.0117972
19 60 0.0119246
19 61 0.0118436
19 62 0.0111973
19 63 0.0103641
19 64 0.00896442
19 65 0.00737361
19 66 0.00512176
19 67 0.00254122
19 68 -0.000944346
19 69 -0.00492093
19 70 -0.00974293
19 71 -0.0144658
19 72 -0.0188122
19 73 -0.0215114
19 74 -0.0225249
19 75 -0.0218636
19 76 -0.0206598
19 77 -0.0198119
19 78 -0.0191968
19 79 -0.018279
19 80 -0.0152772
19 81 -0.0106602
19 82 -0.00400921
19 83 0.00297009
19 84 0.0108831
19 85 0.0183403
19 86 0.0239733
19 87 0.0260051
19 88 0.0231324
19 89 0.0173571
19 90 0.00809761
19 91 -0.00242438
19 92 -0.0135548
19 93 -0.0222044
19 94 -0.0263286
19 95 -0.0271627
19 96 -0.0227443
19 97 -0.0149604
19 98 -0.00446546
19 99 0.00620583
19 100 0.0145621
19 101 0.0216279
19 102 0.0237767
19 103 0.0216964
19 104 0.0168514
19 105 0.0082953
19 106 -0.000712781
19 107 -0.00914958
19 108 -0.0155055
19 109 -0.0179348
19 110 -0.0173903
19 111 -0.0128494
19 112 -0.00584056
19 113 0.00105887
19 114 0.00788784
19 115 0.01225
19 116 0.0127103
19 117 0.0104117
19 118 0.0059314
19 119 0

20 0 0
20 1 0.00395849
20 2 0.0098864
20 3 0.0142587
20 4 0.0148215
20 5 0.0120302
20 6 0.00625569
20 7 -0.00171764
20 8 -0.00981692
20 9 -0.0168053
20 10 -0.0202179
20 11 -0.0192517
20 12 -0.0146021
20 13 -0.00572963
20 14 0.00419819
20 15 0.012976
20 16 0.020449
20 17 0.0234319
20 18 0.021771
20 19 0.0162746
20 20 0.00736269
20 21 -0.00297744
20 22 -0.0134145
20 23 -0.0204087
20 24 -0.023442
20 25 -0.0226935
20 26 -0.016719
20 27 -0.00762805
20 28 0.00331345
20 29 0.0129871
20 30 0.0203428
20 31 0.0248328
20 32 0.0241728
20 33 0.0196029
20 34 0.0114334
20 35 0.00278882
20 36 -0.00581267
20 37 -0.0136957
20 38 -0.0197093
20 39 -0.0238283
20 40 -0.0248576
20 41 -0.0250768
20 42 -0.0243574
20 43 -0.0243214
20 44 -0.023361
20 45 -0.0212978
20 46 -0.017199
20 47 -0.0114997
20 48 -0.0051507
20 49 0.00138135
20 50 0.00686595
20 51 0.0118771
20 52 0.0154703
20 53 0.0188581
20 54 0.0210351
20 55 0.0233251
20 56 0.0245582
20 57 0.0260453
20 58 0.0265425
20 59 0.0273522
20 60 0.0272107
20 61 0.0274101
20 62 0.0266721
20 63 0.026267
20 64 0.0248815
20 65 0.0237176
20 66 0.0213833
20 67 0.0189423
20 68 0.0149957
20 69 0.0106055
20 70 0.00484423
20 71 -0.000838047
20 72 -0.00651163
20 73 -0.0108613
20 74 -0.0141136
20 75 -0.0166765
20 76 -0.0193454
20 77 -0.0230986
20 78 -0.0266192
20 79 -0.0294686
20 80 -0.0290933
20 81 -0.0264527
20 82 -0.0206476
20 83 -0.0131726
20 84 -0.00345925
20 85 0.00705034
20 86 0.016043
20 87 0.0221202
20 88 0.0236302
20 89 0.0222902
20 90 0.0169242
20 91 0.00893646
20 92 -0.000447748
20 93 -0.00907739
20 94 -0.01509
20 95 -0.0193718
20 96 -0.0196428
20 97 -0.0164002
20 98 -0.0104999
20 99 -0.00299904
20 100 0.00469825
20 101 0.0125317
20 102 0.0175483
20 103 0.0197565
20 104 0.0193374
20 105 0.0146004
20 106 0.0072221
20 107 -0.00163857
20 108 -0.0103273
20 109 -0.0168707
20 110 -0.020163
20 111 -0.0186913
20 112 -0.0138696
20 113 -0.00642705
20 114 0.00282679
20 115 0.00993397
20 116 0.0149076
20 117 0.0173249
20 118 0.0142068
20 119 0

21 0 0
21 1 0.0106654
21 2 0.0162252
21 3 0.0166056
21 4 0.0140984
21 5 0.00862503
21 6 -0.000630633
21 7 -0.00877052
21 8 -0.0149542
21 9 -0.0192402
21 10 -0.0173926
