0 0 0
0 1 0
0 2 0
0 3 0
0 4 0
0 5 0
0 6 0
0 7 0
0 8 0
0 9 0
0 10 0
0 11 0
0 12 0
0 13 0
0 14 0
0 15 0
0 16 0
0 17 0
0 18 0
0 19 0
0 20 0
0 21 0
0 22 0
0 23 0
0 24 0
0 25 0
0 26 0
0 27 0
0 28 0
0 29 0
0 30 0
0 31 0
0 32 0
0 33 0
0 34 0
0 35 0
0 36 0
0 37 0
0 38 0
0 39 0
0 40 0
0 41 0
0 42 0
0 43 0
0 44 0
0 45 0
0 46 0
0 47 0
0 48 0
0 49 0
0 50 0
0 51 0
0 52 0
0 53 0
0 54 0
0 55 0
0 56 0
0 57 0
0 58 0
0 59 0
0 60 0
0 61 0
0 62 0
0 63 0
0 64 0
0 65 0
0 66 0
0 67 0
0 68 0
0 69 0
0 70 0
0 71 0
0 72 0
0 73 0
0 74 0
0 75 0
0 76 0
0 77 0
0 78 0
0 79 0
0 80 0
0 81 0
0 82 0
0 83 0
0 84 0
0 85 0
0 86 0
0 87 0
0 88 0
0 89 0
0 90 0
0 91 0
0 92 0
0 93 0
0 94 0
0 95 0
0 96 0
0 97 0
0 98 0
0 99 0
0 100 0
0 101 0
0 102 0
0 103 0
0 104 0
0 105 0
0 106 0
0 107 0
0 108 0
0 109 0
0 110 0
0 111 0
0 112 0
0 113 0
0 114 0
0 115 0
0 116 0
0 117 0
0 118 0
0 119 0

1 0 0
1 1 -0.0228981
1 2 -0.0189985
1 3 -0.0119553
1 4 -0.00289685
1 5 0.00660713
1 6 0.0142738
1 7 0.0194595
1 8 0.0205991
1 9 0.0179758
1 10 0.0122807
1 11 0.0039898
1 12 -0.00424505
1 13 -0.0121169
1 14 -0.0174585
1 15 -0.0195336
1 16 -0.0189319
1 17 -0.0143635
1 18 -0.00829299
1 19 -0.000548455
1 20 0.00734503
1 21 0.0137318
1 22 0.0189955
1 23 0.0216449
1 24 0.0225709
1 25 0.0211267
1 26 0.0187483
1 27 0.0148933
1 28 0.0103466
1 29 0.00586726
1 30 0.00020629
1 31 -0.00499839
1 32 -0.0110516
1 33 -0.0168379
1 34 -0.0229499
1 35 -0.0276826
1 36 -0.0313725
1 37 -0.0329448
1 38 -0.0314315
1 39 -0.0278851
1 40 -0.0222774
1 41 -0.0165176
1 42 -0.0107023
1 43 -0.00727384
1 44 -0.00433433
1 45 -0.00255986
1 46 -0.000391511
1 47 0.00123815
1 48 0.00399802
1 49 0.00689851
1 50 0.0106006
1 51 0.0144757
1 52 0.0185112
1 53 0.0210602
1 54 0.0218531
1 55 0.0215366
1 56 0.0208518
1 57 0.0197201
1 58 0.0182097
1 59 0.0176118
1 60 0.0184659
1 61 0.0202625
1 62 0.0216738
1 63 0.0227267
1 64 0.0233937
1 65 0.0230926
1 66 0.0209981
1 67 0.0175975
1 68 0.0142875
1 69 0.0113446
1 70 0.00908502
1 71 0.00713174
1 72 0.0061273
1 73 0.00466333
1 74 0.00334254
1 75 0.000782165
1 76 -0.00257373
1 77 -0.00860193
1 78 -0.0148923
1 79 -0.0215434
1 80 -0.0263806
1 81 -0.0298625
1 82 -0.0303281
1 83 -0.0293524
1 84 -0.0271228
1 85 -0.0239282
1 86 -0.0205236
1 87 -0.016724
1 88 -0.0129799
1 89 -0.00794995
1 90 -0.00324859
1 91 0.00292265
1 92 0.00903414
1 93 0.0151396
1 94 0.0204671
1 95 0.0241979
1 96 0.0257784
1 97 0.0241761
1 98 0.0205376
1 99 0.013468
1 100 0.00541232
1 101 -0.00334575
1 102 -0.0115984
1 103 -0.0172292
1 104 -0.0206158
1 105 -0.0199732
1 106 -0.0162406
1 107 -0.00960426
1 108 -0.00122561
1 109 0.0071255
1 110 0.0145478
1 111 0.0189441
1 112 0.0203208
1 113 0.0177318
1 114 0.0118133
1 115 0.0039015
1 116 -0.0054421
1 117 -0.0134837
1 118 -0.0195575
1 119 0

2 0 0
2 1 -0.0189985
2 2 -0.0138828
2 3 -0.00623476
2 4 0.002468
2 5 0.00982426
2 6 0.0157917
2 7 0.0181884
2 8 0.016999
2 9 0.0135555
2 10 0.00660026
2 11 -0.000468134
2 12 -0.00741467
2 13 -0.0136569
2 14 -0.0161034
2 15 -0.0166963
2 16 -0.0137002
2 17 -0.00823926
2 18 -0.00146251
2 19 0.00608005
2 20 0.0122767
2 21 0.0180459
2 22 0.0200983
2 23 0.0207205
2 24 0.018755
2 25 0.0145011
2 26 0.0103538
2 27 0.00425384
2 28 -0.000176446
2 29 -0.00516223
2 30 -0.00875454
2 31 -0.0125515
2 32 -0.0155617
2 33 -0.018243
2 34 -0.0217612
2 35 -0.0231795
2 36 -0.0250555
2 37 -0.0239417
2 38 -0.0220199
2 39 -0.0167415
2 40 -0.0118856
2 41 -0.00600712
2 42 -0.00138183
2 43 0.00188515
2 44 0.00411211
2 45 0.00576009
2 46 0.00782457
2 47 0.00841665
2 48 0.0101693
2 49 0.0111694
2 50 0.0139307
2 51 0.0153867
2 52 0.0183212
2 53 0.018817
2 54 0.0196824
2 55 0.0183508
2 56 0.0186492
2 57 0.0170238
2 58 0.0166009
2 59 0.0151661
2 60 0.0166287
2 61 0.0170981
2 62 0.0187817
2 63 0.018592
2 64 0.0200656
2 65 0.019407
2 66 0.0191917
2 67 0.0165852
2 68 0.0155957
2 69 0.013284
2 70 0.0129612
2 71 0.0117437
2 72 0.0120181
2 73 0.0104874
2 74 0.0097994
2 75 0.00795993
2 76 0.00555474
2 77 0.000979252
2 78 -0.00442029
2 79 -0.00976099
2 80 -0.015272
2 81 -0.0183408
2 82 -0.0206605
2 83 -0.0205583
2 84 -0.0213496
2 85 -0.0199578
2 86 -0.0201269
2 87 -0.0190802
2 88 -0.0179607
2 89 -0.0155253
2 90 -0.0119499
2 91 -0.0073245
2 92 -0.000443269
2 93 0.00543451
2 94 0.0128088
2 95 0.0176798
2 96 0.0214718
2 97 0.0225955
2 98 0.0205053
2 99 0.0165171
2 100 0.00990568
2 101 0.00320219
2 102 -0.00474332
2 103 -0.0102999
2 104 -0.0142587
2 105 -0.0161626
2 106 -0.0138844
2 107 -0.0106708
2 108 -0.00468411
2 109 0.00205126
2 110 0.00794644
2 111 0.0134061
2 112 0.0158276
2 113 0.0159294
2 114 0.0131268
2 115 0.00750371
2 116 0.000782203
2 117 -0.0068698
2 118 -0.0133926
2 119 0

3 0 0
3 1 -0.0119553
3 2 -0.00623476
3 3 8.16848e-05
3 4 0.0059623
3 5 0.0105857
3 6 0.0128875
3 7 0.0130044
3 8 0.0105106
3 9 0.00625704
3 10 0.00110172
3 11 -0.00459364
3 12 -0.00874929
3 13 -0.0113425
3 14 -0.0119413
3 15 -0.00942767
3 16 -0.0054928
3 17 7.63228e-05
3 18 0.0066911
3 19 0.0121677
3 20 0.0166074
3 21 0.0186005
3 22 0.0179267
3 23 0.0151872
3 24 0.00994333
3 25 0.00372291
3 26 -0.00266506
3 27 -0.00844172
3 28 -0.0132444
3 29 -0.0159905
3 30 -0.0169982
3 31 -0.0172831
3 32 -0.0160267
3 33 -0.0149329
3 34 -0.0138045
3 35 -0.012616
3 36 -0.0108621
3 37 -0.00872363
3 38 -0.00542093
3 39 -0.000846854
3 40 0.00321108
3 41 0.0069594
3 42 0.00947003
3 43 0.0111087
3 44 0.0113885
3 45 0.0121677
3 46 0.0123899
3 47 0.012043
3 48 0.0109957
3 49 0.0106408
3 50 0.0104879
3 51 0.010424
3 52 0.0102374
3 53 0.00984131
3 54 0.00908088
3 55 0.00823506
3 56 0.00781613
3 57 0.00721448
3 58 0.00643538
3 59 0.00581291
3 60 0.00620552
3 61 0.00674924
3 62 0.00714879
3 63 0.00735024
3 64 0.00804932
3 65 0.00864135
3 66 0.00898384
3 67 0.00909446
3 68 0.00924629
3 69 0.0094713
3 70 0.0101084
3 71 0.0114348
3 72 0.0122984
3 73 0.0126061
3 74 0.0125791
3 75 0.0130765
3 76 0.0123534
3 77 0.0107799
3 78 0.00793708
3 79 0.00477633
3 80 0.000822342
3 81 -0.00193209
3 82 -0.00406248
3 83 -0.00597062
3 84 -0.00802597
3 85 -0.0102719
3 86 -0.0131465
3 87 -0.0164637
3 88 -0.0185479
3 89 -0.0200867
3 90 -0.019587
3 91 -0.0169229
3 92 -0.0123614
3 93 -0.00665066
3 94 0.000100191
3 95 0.00679558
3 96 0.0118831
3 97 0.0158343
3 98 0.0171922
3 99 0.0163973
3 100 0.0137638
3 101 0.00914318
3 102 0.00435994
3 103 -0.000545834
3 104 -0.00502595
3 105 -0.0078714
3 106 -0.00914959
3 107 -0.00871969
3 108 -0.00645451
3 109 -0.00288318
3 110 0.00102682
3 111 0.00512375
3 112 0.00858822
3 113 0.0102891
3 114 0.0107891
3 115 0.0090896
3 116 0.00526133
3 117 0.000777336
3 118 -0.0049602
3 119 0

4 0 0
4 1 -0.00289685
4 2 0.002468
4 3 0.0059623
4 4 0.00884916
4 5 0.00910962
4 6 0.00749074
4 7 0.00510535
4 8 0.000953701
4 9 -0.00233469
4 10 -0.00539286
4 11 -0.00745249
4 12 -0.00732268
4 13 -0.00630941
4 14 -0.00313858
4 15 0.000900302
4 16 0.00552165
4 17 0.0101134
4 18 0.0136845
4 19 0.016096
4 20 0.01612
4 21 0.014666
4 22 0.0102878
4 23 0.00460694
4 24 -0.00195925
4 25 -0.00940987
4 26 -0.015236
4 27 -0.0201097
4 28 -0.0223743
4 29 -0.0224997
4 30 -0.0199789
4 31 -0.0162662
4 32 -0.0114491
4 33 -0.00619119
4 34 -0.00221272
4 35 0.00186235
4 36 0.00492582
4 37 0.00809982
4 38 0.0105846
4 39 0.013717
4 40 0.0153577
4 41 0.0160389
4 42 0.0156786
4 43 0.0146823
4 44 0.0133387
4 45 0.0121756
4 46 0.0113565
4 47 0.00919009
4 48 0.00679635
4 49 0.0041903
4 50 0.00255165
4 51 9.97765e-05
4 52 -0.00175668
4 53 -0.00389422
4 54 -0.00483144
4 55 -0.00594237
4 56 -0.00584241
4 57 -0.00626097
4 58 -0.00616017
4 59 -0.00678232
4 60 -0.00653848
4 61 -0.00701925
4 62 -0.00699064
4 63 -0.00748465
4 64 -0.00677754
4 65 -0.00624818
4 66 -0.00450776
4 67 -0.00304852
4 68 -0.0009334
4 69 0.000376459
4 70 0.00279813
4 71 0.00502542
4 72 0.00728407
4 73 0.00821896
4 74 0.00988228
4 75 0.0117399
4 76 0.0137337
4 77 0.0150666
4 78 0.0158573
4 79 0.0155856
4 80 0.0141946
4 81 0.0132338
4 82 0.0116515
4 83 0.00983883
4 84 0.00663058
4 85 0.00309799
4 86 -0.00256887
4 87 -0.00818783
4 88 -0.0138298
4 89 -0.0184943
4 90 -0.0214818
4 91 -0.0222337
4 92 -0.0206545
4 93 -0.0176771
4 94 -0.0123093
4 95 -0.00713177
4 96 -0.00117942
4 97 0.00419471
4 98 0.00842272
4 99 0.0116692
4 100 0.0133251
4 101 0.0138703
4 102 0.0125082
4 103 0.0105869
4 104 0.00707301
4 105 0.00336235
4 106 -0.000168155
4 107 -0.00402019
4 108 -0.00591854
4 109 -0.00733131
4 110 -0.00679419
4 111 -0.00439079
4 112 -0.00154226
4 113 0.00282494
4 114 0.00621615
4 115 0.00865232
4 116 0.00962611
4 117 0.00766286
4 118 0.00448758
4 119 0

5 0 0
5 1 0.00660713
5 2 0.00982426
5 3 0.0105857
5 4 0.00910962
5 5 0.00529313
5 6 0.000721944
5 7 -0.0041041
5 8 -0.00794283
5 9 -0.00985065
5 10 -0.00992825
5 11 -0.00752351
5 12 -0.00378495
5 13 0.00129112
5 14 0.00652538
5 15 0.011199
5 16 0.0153011
5 17 0.0171175
5 18 0.0178457
5 19 0.0160456
5 20 0.012334
5 21 0.00753208
5 22 0.000674245
5 23 -0.00614955
5 24 -0.0134568
5 25 -0.0196615
5 26 -0.0245289
5 27 -0.0269041
5 28 -0.0267075
5 29 -0.0241567
5 30 -0.0184629
5 31 -0.012115
5 32 -0.00425198
5 33 0.0029376
5 34 0.00946273
5 35 0.0143251
5 36 0.018318
5 37 0.0210244
5 38 0.0222898
5 39 0.0230645
5 40 0.0217787
5 41 0.0195016
5 42 0.0158371
5 43 0.0130369
5 44 0.0098243
5 45 0.00799964
5 46 0.00581038
5 47 0.00347953
5 48 -0.000231075
5 49 -0.00342313
5 50 -0.00671346
5 51 -0.0100361
5 52 -0.0136517
5 53 -0.016237
5 54 -0.0175525
5 55 -0.0178828
5 56 -0.0175854
5 57 -0.017028
5 58 -0.0163899
5 59 -0.0163307
5 60 -0.0167561
5 61 -0.0177895
5 62 -0.0187315
5 63 -0.0194983
5 64 -0.0196086
5 65 -0.0188648
5 66 -0.0167905
5 67 -0.0138443
5 68 -0.0110786
5 69 -0.00849939
5 70 -0.00583234
5 71 -0.0027514
5 72 -0.000774283
5 73 0.00106084
5 74 0.00289396
5 75 0.00627016
5 76 0.00964363
5 77 0.0142168
5 78 0.0177695
5 79 0.0208154
5 80 0.021986
5 81 0.0231886
5 82 0.0227965
5 83 0.0214892
5 84 0.0187119
5 85 0.0142696
5 86 0.00814845
5 87 0.000823118
5 88 -0.00617462
5 89 -0.0135366
5 90 -0.018686
5 91 -0.0226601
5 92 -0.0242703
5 93 -0.0241541
5 94 -0.0219444
5 95 -0.0184026
5 96 -0.0138299
5 97 -0.00780056
5 98 -0.00221124
5 99 0.00438439
5 100 0.00998561
5 101 0.0146442
5 102 0.0179586
5 103 0.0188522
5 104 0.0178968
5 105 0.0142806
5 106 0.00919792
5 107 0.00266971
5 108 -0.00368455
5 109 -0.00888348
5 110 -0.0123369
5 111 -0.0125021
5 112 -0.0104744
5 113 -0.005708
5 114 0.000357532
5 115 0.0061171
5 116 0.0111617
5 117 0.0131251
5 118 0.0124266
5 119 0

6 0 0
6 1 0.0142738
6 2 0.0157917
6 3 0.0128875
6 4 0.00749074
6 5 0.000721944
6 6 -0.00686522
6 7 -0.011981
6 8 -0.0148675
6 9 -0.0149497
6 10 -0.0108754
6 11 -0.0055671
6 12 0.00162527
6 13 0.0093502
6 14 0.0149838
6 15 0.0197449
6 16 0.0213666
6 17 0.0204419
6 18 0.0172925
6 19 0.0120009
6 20 0.00584556
6 21 -0.00189529
6 22 -0.00863838
6 23 -0.0156764
6 24 -0.0212408
6 25 -0.025162
6 26 -0.0278267
6 27 -0.0268889
6 28 -0.0249594
6 29 -0.0196663
6 30 -0.0130888
6 31 -0.00492082
6 32 0.00319469
6 33 0.0107488
6 34 0.0176145
6 35 0.0216508
6 36 0.0254158
6 37 0.0262079
6 38 0.0263147
6 39 0.0236443
6 40 0.0203665
6 41 0.0147832
6 42 0.00943193
6 43 0.00496613
6 44 0.00168017
6 45 -0.000268898
6 46 -0.00221608
6 47 -0.00378464
6 48 -0.00718248
6 49 -0.0098302
6 50 -0.0136808
6 51 -0.0167481
6 52 -0.0212757
6 53 -0.023258
6 54 -0.0246568
6 55 -0.0233979
6 56 -0.0229322
6 57 -0.020725
6 58 -0.0198316
6 59 -0.0185207
6 60 -0.0200145
6 61 -0.0211139
6 62 -0.0235495
6 63 -0.0243064
6 64 -0.0259065
6 65 -0.0249307
6 66 -0.0234574
6 67 -0.0195025
6 68 -0.0171379
6 69 -0.0139797
6 70 -0.0122009
6 71 -0.0095153
6 72 -0.00887358
6 73 -0.00747451
6 74 -0.00630117
6 75 -0.00313828
6 76 0.00100544
6 77 0.0069469
6 78 0.0130009
6 79 0.0177937
6 80 0.0219814
6 81 0.0243021
6 82 0.0260673
6 83 0.0252659
6 84 0.0243898
6 85 0.0202406
6 86 0.0155263
6 87 0.00884453
6 88 0.00197065
6 89 -0.00535503
6 90 -0.0119431
6 91 -0.0170465
6 92 -0.0220558
6 93 -0.0241942
6 94 -0.0259346
6 95 -0.0250316
6 96 -0.0228007
6 97 -0.0184934
6 98 -0.0120513
6 99 -0.00474608
6 100 0.00394119
6 101 0.0115895
6 102 0.0190771
6 103 0.0232991
6 104 0.0244727
6 105 0.0229887
6 106 0.0168807
6 107 0.00955251
6 108 0.000679974
6 109 -0.00817383
6 110 -0.0141886
6 111 -0.0177703
6 112 -0.0171318
6 113 -0.0126937
6 114 -0.00586419
6 115 0.00273069
6 116 0.0104792
6 117 0.0159823
6 118 0.0181899
6 119 0

7 0 0
7 1 0.0194595
7 2 0.0181884
7 3 0.0130044
7 4 0.00510535
7 5 -0.0041041
7 6 -0.011981
7 7 -0.0175175
7 8 -0.0189081
7 9 -0.0161879
7 10 -0.0101189
7 11 -0.00109065
7 12 0.00781677
7 13 0.0161366
7 14 0.0220606
7 15 0.0240621
7 16 0.0234131
7 17 0.0188717
7 18 0.0121522
7 19 0.00429239
7 20 -0.00412223
7 21 -0.0111733
7 22 -0.0172389
7 23 -0.0214669
7 24 -0.0236607
7 25 -0.0239845
7 26 -0.0229395
7 27 -0.02005
7 28 -0.0155351
7 29 -0.0103961
7 30 -0.00393061
7 31 0.0026875
7 32 0.00892941
7 33 0.014483
7 34 0.0189289
7 35 0.0215166
7 36 0.0226897
7 37 0.0224322
7 38 0.0199612
7 39 0.01575
7 40 0.0101242
7 41 0.00361718
7 42 -0.00264199
7 43 -0.00670245
7 44 -0.00872936
7 45 -0.00930391
7 46 -0.00925635
7 47 -0.00914805
7 48 -0.0100611
7 49 -0.0117331
7 50 -0.0140418
7 51 -0.0169646
7 52 -0.0202404
7 53 -0.0221442
7 54 -0.0218865
7 55 -0.0200885
7 56 -0.0178607
7 57 -0.015233
7 58 -0.0126953
7 59 -0.0114965
7 60 -0.0125772
7 61 -0.0150142
7 62 -0.0175674
7 63 -0.0197735
7 64 -0.0216032
7 65 -0.0219803
7 66 -0.0202764
7 67 -0.0173187
7 68 -0.0148157
7 69 -0.0130622
7 70 -0.0120509
7 71 -0.0119233
7 72 -0.0128925
7 73 -0.0138693
7 74 -0.0142196
7 75 -0.0130695
7 76 -0.00974477
7 77 -0.0039998
7 78 0.00230969
7 79 0.00815791
7 80 0.0130679
7 81 0.0168093
7 82 0.0188649
7 83 0.0200664
7 84 0.0202214
7 85 0.0188601
7 86 0.0163369
7 87 0.0129703
7 88 0.00856284
7 89 0.0035047
7 90 -0.00144716
7 91 -0.00711301
7 92 -0.0125209
7 93 -0.0174955
7 94 -0.0219361
7 95 -0.0252734
7 96 -0.0262621
7 97 -0.0248804
7 98 -0.0209578
7 99 -0.0137174
7 100 -0.00491904
7 101 0.00533333
7 102 0.0149034
7 103 0.0222511
7 104 0.0269176
7 105 0.0269486
7 106 0.0230318
7 107 0.015436
7 108 0.00550526
7 109 -0.00481271
7 110 -0.0135474
7 111 -0.0188931
7 112 -0.0203932
7 113 -0.0168708
7 114 -0.0101047
7 115 -0.00113548
7 116 0.00871877
7 117 0.0158515
7 118 0.0202907
7 119 0

8 0 0
8 1 0.0205991
8 2 0.016999
8 3 0.0105106
8 4 0.000953701
8 5 -0.00794283
8 6 -0.0148675
8 7 -0.0189081
8 8 -0.0176317
8 9 -0.0132587
8 10 -0.00521882
8 11 0.00449275
8 12 0.0130404
8 13 0.020514
8 14 0.0236477
8 15 0.0232154
8 16 0.0191601
8 17 0.0118321
8 18 0.00352441
8 19 -0.00535561
8 20 -0.0126149
8 21 -0.0183152
8 22 -0.0208172
8 23 -0.0212599
8 24 -0.0197418
8 25 -0.0160881
8 26 -0.0126728
8 27 -0.00788312
8 28 -0.00379752
8 29 0.000328619
8 30 0.00397069
8 31 0.00743458
8 32 0.010107
8 33 0.0118644
8 34 0.0136963
8 35 0.0135826
8 36 0.0133828
8 37 0.0114587
8 38 0.00848697
8 39 0.00307521
8 40 -0.00267604
8 41 -0.00908433
8 42 -0.0142652
8 43 -0.0166956
8 44 -0.0164304
8 45 -0.0143463
8 46 -0.01192
8 47 -0.0088389
8 48 -0.00733803
8 49 -0.0066207
8 50 -0.00786329
8 51 -0.0093134
8 52 -0.011948
8 53 -0.0125361
8 54 -0.0117075
8 55 -0.00848511
8 56 -0.00563545
8 57 -0.00168573
8 58 0.00123597
8 59 0.0032229
8 60 0.00162516
8 61 -0.000918461
8 62 -0.00449942
8 63 -0.00701406
8 64 -0.00993059
8 65 -0.01051
8 66 -0.00974106
8 67 -0.00700221
8 68 -0.00557942
8 69 -0.00444992
8 70 -0.00549544
8 71 -0.00739414
8 72 -0.0111765
8 73 -0.0143128
8 74 -0.017473
8 75 -0.0186991
8 76 -0.0175913
8 77 -0.0134262
8 78 -0.0082844
8 79 -0.00326214
8 80 0.00140235
8 81 0.00435666
8 82 0.00655974
8 83 0.007801
8 84 0.00954037
8 85 0.0098447
8 86 0.0109076
8 87 0.010984
8 88 0.0107203
8 89 0.00942282
8 90 0.0075057
8 91 0.00412144
8 92 -0.000847697
8 93 -0.00603739
8 94 -0.0128415
8 95 -0.0183602
8 96 -0.0230907
8 97 -0.0252252
8 98 -0.0242618
8 99 -0.0198862
8 100 -0.012458
8 101 -0.00337931
8 102 0.00716495
8 103 0.0156924
8 104 0.022523
8 105 0.025275
8 106 0.0234273
8 107 0.0185825
8 108 0.00980506
8 109 0.000599318
8 110 -0.00834642
8 111 -0.0152895
8 112 -0.0180075
8 113 -0.0173594
8 114 -0.0122068
8 115 -0.004408
8 116 0.00436885
8 117 0.0129102
8 118 0.018222
8 119 0

9 0 0
9 1 0.0179758
9 2 0.0135555
9 3 0.00625704
9 4 -0.00233469
9 5 -0.00985065
9 6 -0.0149497
9 7 -0.0161879
9 8 -0.0132587
9 9 -0.00712444
9 10 0.00134026
9 11 0.00997863
9 12 0.0171063
9 13 0.0212339
9 14 0.0216087
9 15 0.0178798
9 16 0.0108659
9 17 0.00223063
9 18 -0.00736319
9 19 -0.0149218
9 20 -0.020194
9 21 -0.0224218
9 22 -0.0206844
9 23 -0.0169918
9 24 -0.0108425
9 25 -0.00443601
9 26 0.00157075
9 27 0.00623693
9 28 0.00933834
9 29 0.0107382
9 30 0.0101566
9 31 0.00941182
9 32 0.00700521
9 33 0.00509231
9 34 0.00304006
9 35 0.0013397
9 36 -0.000597571
9 37 -0.00263738
9 38 -0.00560554
9 39 -0.0104414
9 40 -0.0151674
9 41 -0.0201118
9 42 -0.0227324
9 43 -0.0230114
9 44 -0.0193808
9 45 -0.0148893
9 46 -0.00909973
9 47 -0.00382141
9 48 0.000934583
9 49 0.00316696
9 50 0.00381538
9 51 0.00288586
9 52 0.00172506
9 53 0.00148167
9 54 0.0033414
9 55 0.00678024
9 56 0.0107029
9 57 0.0149202
9 58 0.0185919
9 59 0.0204324
9 60 0.0191292
9 61 0.0160172
9 62 0.0123308
9 63 0.00900192
9 64 0.00608969
9 65 0.00484713
9 66 0.00558415
9 67 0.00733484
9 68 0.00865279
9 69 0.00846402
9 70 0.00639583
9 71 0.00181522
9 72 -0.00367307
9 73 -0.00975054
9 74 -0.0149623
9 75 -0.0194878
9 76 -0.0204856
9 77 -0.0193823
9 78 -0.0161365
9 79 -0.0133375
9 80 -0.0102408
9 81 -0.00911591
9 82 -0.00825371
9 83 -0.00737082
9 84 -0.0056372
9 85 -0.00317399
9 86 0.000359894
9 87 0.00490854
9 88 0.00861356
9 89 0.0125616
9 90 0.0144262
9 91 0.0145625
9 92 0.0119072
9 93 0.0072583
9 94 0.000268426
9 95 -0.00760438
9 96 -0.0146787
9 97 -0.0208704
9 98 -0.0233926
9 99 -0.0230995
9 100 -0.0190669
9 101 -0.0118928
9 102 -0.0032485
9 103 0.00585022
9 104 0.0135077
9 105 0.0187647
9 106 0.020266
9 107 0.0185748
9 108 0.0135073
9 109 0.00624614
9 110 -0.00116947
9 111 -0.00818766
9 112 -0.0124942
9 113 -0.0136579
9 114 -0.0116535
9 115 -0.00635581
9 116 0.000436379
9 117 0.00758203
9 118 0.0133632
9 119 0

10 0 0
10 1 0.0122807
10 2 0.00660026
10 3 0.00110172
10 4 -0.00539286
10 5 -0.00992825
10 6 -0.0108754
10 7 -0.0101189
10 8 -0.00521882
10 9 0.00134026
10 10 0.00782789
10 11 0.0147012
10 12 0.018102
10 13 0.0184588
10 14 0.0155303
10 15 0.00858879
10 16 0.000232837
10 17 -0.00902223
10 18 -0.0169265
10 19 -0.0223596
10 20 -0.0243782
10 21 -0.02198
10 22 -0.0166645
10 23 -0.00851397
10 24 0.000166349
10 25 0.00870765
10 26 0.0152324
10 27 0.0184113
10 28 0.0194727
10 29 0.0167542
10 30 0.0122767
10 31 0.00632875
10 32 0.000251359
10 33 -0.0053116
10 34 -0.00951309
10 35 -0.0118501
10 36 -0.0138305
10 37 -0.0144395
10 38 -0.0162362
10 39 -0.018541
10 40 -0.0217335
10 41 -0.0235632
10 42 -0.0239024
10 43 -0.0211479
10 44 -0.0154382
10 45 -0.00841389
10 46 -0.000801872
10 47 0.00629473
10 48 0.0127001
10 49 0.015975
10 50 0.0173101
10 51 0.0164152
10 52 0.0158769
10 53 0.0154462
10 54 0.0175165
10 55 0.0204209
10 56 0.0248573
10 57 0.0287342
10 58 0.0327552
10 59 0.0340285
10 60 0.0332245
10 61 0.0296927
10 62 0.0263295
10 63 0.0224594
10 64 0.0201668
10 65 0.0187713
10 66 0.0199349
10 67 0.0212406
10 68 0.0229591
10 69 0.0223978
10 70 0.0199302
10 71 0.0141328
10 72 0.00763125
10 73 0.000209968
10 74 -0.0066995
10 75 -0.0129177
10 76 -0.0163138
10 77 -0.0173899
10 78 -0.0171228
10 79 -0.016235
10 80 -0.016312
10 81 -0.0173226
10 82 -0.0194234
10 83 -0.0199581
10 84 -0.0197871
10 85 -0.0167797
10 86 -0.0118248
10 87 -0.00478521
10 88 0.00279711
10 89 0.0104752
10 90 0.0168811
10 91 0.0202101
10 92 0.0214231
10 93 0.0184851
10 94 0.0128658
10 95 0.00494062
10 96 -0.00369594
10 97 -0.0118654
10 98 -0.0184752
10 99 -0.0216234
10 100 -0.0220462
10 101 -0.0186976
10 102 -0.0132486
10 103 -0.00600935
10 104 0.00205369
10 105 0.00810437
10 106 0.0132812
10 107 0.0152954
10 108 0.0142076
10 109 0.0118022
10 110 0.00664791
10 111 0.00145695
10 112 -0.00312391
10 113 -0.0070068
10 114 -0.00783817
10 115 -0.00693877
10 116 -0.00382156
10 117 0.00105874
10 118 0.00533666
10 119 0

11 0 0
11 1 0.0039898
11 2 -0.000468134
11 3 -0.00459364
11 4 -0.00745249
11 5 -0.00752351
11 6 -0.0055671
11 7 -0.00109065
11 8 0.00449275
11 9 0.00997863
11 10 0.0147012
11 11 0.0165473
11 12 0.0162014
11 13 0.0123089
11 14 0.00587529
11 15 -0.00195348
11 16 -0.011108
11 17 -0.0181917
11 18 -0.0237797
11 19 -0.0254442
11 20 -0.0231038
11 21 -0.0179567
11 22 -0.00897311
11 23 0.000727955
11 24 0.0107473
11 25 0.0186913
11 26 0.0240786
11 27 0.0254266
11 28 0.022861
11 29 0.0175138
11 30 0.0089062
11 31 0.000428385
11 32 -0.00840691
11 33 -0.0150807
11 34 -0.0195846
11 35 -0.0209796
11 36 -0.0207884
11 37 -0.0196182
11 38 -0.0182496
11 39 -0.0185418
11 40 -0.0187401
11 41 -0.0187908
11 42 -0.0163909
11 43 -0.0125434
11 44 -0.00550115
11 45 0.00191584
11 46 0.0100335
11 47 0.0170873
11 48 0.0234405
11 49 0.026537
11 50 0.0270701
11 51 0.0256907
11 52 0.0243781
11 53 0.0236486
11 54 0.0244416
11 55 0.0268523
11 56 0.0303766
11 57 0.0342379
11 58 0.0372716
11 59 0.0386042
11 60 0.0374632
11 61 0.0346623
11 62 0.0310423
11 63 0.0278809
11 64 0.0258448
11 65 0.02562
11 66 0.0269197
11 67 0.0290482
11 68 0.0312122
11 69 0.0317215
11 70 0.0295683
11 71 0.0243632
11 72 0.0182493
11 73 0.0111355
11 74 0.00437294
11 75 -0.0021828
11 76 -0.00603013
11 77 -0.00888586
11 78 -0.00983793
11 79 -0.0113546
11 80 -0.0132139
11 81 -0.0175385
11 82 -0.0217438
11 83 -0.0255724
11 84 -0.0273033
11 85 -0.0259831
11 86 -0.0213261
11 87 -0.013803
11 88 -0.00507399
11 89 0.00514944
11 90 0.0134577
11 91 0.020486
11 92 0.0239699
11 93 0.0242439
11 94 0.0208993
11 95 0.0149477
11 96 0.00711961
11 97 -0.00192819
11 98 -0.00934663
11 99 -0.0164025
11 100 -0.0202999
11 101 -0.0216715
11 102 -0.020386
11 103 -0.0161252
11 104 -0.0107405
11 105 -0.00373757
11 106 0.00278573
11 107 0.00885617
11 108 0.0130807
11 109 0.0149668
11 110 0.01472
11 111 0.0115139
11 112 0.00745348
11 113 0.00206345
11 114 -0.00269912
11 115 -0.00567523
11 116 -0.00743453
11 117 -0.00591837
11 118 -0.00322177
11 119 0

12 0 0
12 1 -0.00424505
12 2 -0.00741467
12 3 -0.00874929
12 4 -0.00732268
12 5 -0.00378495
12 6 0.00162527
12 7 0.00781677
12 8 0.0130404
12 9 0.0171063
12 10 0.018102
12 11 0.0162014
12 12 0.0117981
12 13 0.00433851
12 14 -0.00356618
12 15 -0.0119832
12 16 -0.0192908
12 17 -0.0238113
12 18 -0.0259136
12 19 -0.0240114
12 20 -0.0189711
12 21 -0.010953
12 22 -0.0014108
12 23 0.00863566
12 24 0.0175036
12 25 0.0236719
12 26 0.0270561
12 27 0.0254604
12 28 0.0208779
12 29 0.0129411
12 30 0.00307145
12 31 -0.00696928
12 32 -0.0156574
12 33 -0.0216516
12 34 -0.0246319
12 35 -0.0233598
12 36 -0.0206152
12 37 -0.016207
12 38 -0.0125794
12 39 -0.00986997
12 40 -0.00865567
12 41 -0.00670758
12 42 -0.0037372
12 43 0.000552352
12 44 0.00651718
12 45 0.0129992
12 46 0.0195821
12 47 0.0250463
12 48 0.0298016
12 49 0.031269
12 50 0.0303982
12 51 0.0274009
12 52 0.0252461
12 53 0.0230983
12 54 0.0228206
12 55 0.0235463
12 56 0.0265068
12 57 0.0291726
12 58 0.0317424
12 59 0.0321382
12 60 0.0315603
12 61 0.0288342
12 62 0.0260491
12 63 0.0230459
12 64 0.0223571
12 65 0.0227942
12 66 0.0252318
12 67 0.0278298
12 68 0.031454
12 69 0.0331026
12 70 0.0326372
12 71 0.028972
12 72 0.0248234
12 73 0.0194949
12 74 0.0144255
12 75 0.0095649
12 76 0.00638503
12 77 0.00390103
12 78 0.00222457
12 79 0.000369675
12 80 -0.00341052
12 81 -0.00912585
12 82 -0.0161403
12 83 -0.0222537
12 84 -0.0272476
12 85 -0.0280514
12 86 -0.02573
12 87 -0.0197607
12 88 -0.0116918
12 89 -0.00191989
12 90 0.00715665
12 91 0.0149938
12 92 0.02104
12 93 0.0233579
12 94 0.0233067
12 95 0.0199847
12 96 0.0146018
12 97 0.00726411
12 98 -0.000559414
12 99 -0.00854139
12 100 -0.0155227
12 101 -0.0203296
12 102 -0.0235927
12 103 -0.0231672
12 104 -0.0203798
12 105 -0.0148762
12 106 -0.00693777
12 107 0.00125241
12 108 0.00955852
12 109 0.0159161
12 110 0.0194867
12 111 0.0198211
12 112 0.0166571
12 113 0.0109301
12 114 0.00369419
12 115 -0.00335286
12 116 -0.0088656
12 117 -0.0115581
12 118 -0.0111037
12 119 0

13 0 0
13 1 -0.0121169
13 2 -0.0136569
13 3 -0.0113425
13 4 -0.00630941
13 5 0.00129112
13 6 0.0093502
13 7 0.0161366
13 8 0.020514
13 9 0.0212339
13 10 0.0184588
13 11 0.0123089
13 12 0.00433851
13 13 -0.00448649
13 14 -0.0130734
13 15 -0.0192841
13 16 -0.0235391
13 17 -0.0244751
13 18 -0.0219749
13 19 -0.0174916
13 20 -0.010259
13 21 -0.00235926
13 22 0.0058516
13 23 0.0135609
13 24 0.0187221
13 25 0.0218578
13 26 0.0216488
13 27 0.0182846
13 28 0.0119343
13 29 0.00385949
13 30 -0.00516368
13 31 -0.0138659
13 32 -0.0196695
13 33 -0.02304
13 34 -0.0221132
13 35 -0.0178243
13 36 -0.0112618
13 37 -0.00451028
13 38 0.0014614
13 39 0.00559537
13 40 0.00754952
13 41 0.00963295
13 42 0.011635
13 43 0.0145093
13 44 0.0174182
13 45 0.021358
13 46 0.0244333
13 47 0.0273073
13 48 0.0286795
13 49 0.0281679
13 50 0.0247565
13 51 0.0205106
13 52 0.0166149
13 53 0.0136
13 54 0.0114803
13 55 0.0111195
13 56 0.0126414
13 57 0.014642
13 58 0.0159496
13 59 0.0160825
13 60 0.0154166
13 61 0.0135733
13 62 0.0110911
13 63 0.00908456
13 64 0.00907794
13 65 0.0108392
13 66 0.0136912
13 67 0.0174612
13 68 0.0218657
13 69 0.0255149
13 70 0.0266283
13 71 0.0259778
13 72 0.0242212
13 73 0.0223963
13 74 0.0200319
13 75 0.0187818
13 76 0.0176672
13 77 0.0173712
13 78 0.0167065
13 79 0.0159036
13 80 0.0121558
13 81 0.00608383
13 82 -0.00191397
13 83 -0.0103011
13 84 -0.0175805
13 85 -0.0218992
13 86 -0.0225318
13 87 -0.0206311
13 88 -0.0153465
13 89 -0.00894704
13 90 -0.00179861
13 91 0.00496709
13 92 0.0110269
13 93 0.0152634
13 94 0.0177338
13 95 0.0187122
13 96 0.0167688
13 97 0.0134685
13 98 0.00795036
13 99 0.000942786
13 100 -0.00659789
13 101 -0.0146149
13 102 -0.0209175
13 103 -0.0250513
13 104 -0.025957
13 105 -0.0230548
13 106 -0.0165124
13 107 -0.00715447
13 108 0.00330737
13 109 0.0137612
13 110 0.0212089
13 111 0.0248779
13 112 0.0243194
13 113 0.0184048
13 114 0.0101729
13 115 0.000280462
13 116 -0.0093078
13 117 -0.0149663
13 118 -0.0176078
13 119 0

14 0 0
14 1 -0.0174585
14 2 -0.0161034
14 3 -0.0119413
14 4 -0.00313858
14 5 0.00652538
14 6 0.0149838
14 7 0.0220606
14 8 0.0236477
14 9 0.0216087
14 10 0.0155303
14 11 0.00587529
14 12 -0.00356618
14 13 -0.0130734
14 14 -0.0195864
14 15 -0.0227728
14 16 -0.0228611
14 17 -0.0192629
14 18 -0.0141984
14 19 -0.00727538
14 20 -0.000396859
14 21 0.00571135
14 22 0.0104481
14 23 0.0134934
14 24 0.0147826
14 25 0.013362
14 26 0.010934
14 27 0.00622449
14 28 0.000367914
14 29 -0.00586735
14 30 -0.0120378
14 31 -0.0166983
14 32 -0.018889
14 33 -0.0176567
14 34 -0.0134561
14 35 -0.00571813
14 36 0.00295642
14 37 0.0112186
14 38 0.0176191
14 39 0.0215892
14 40 0.022945
14 41 0.0232828
14 42 0.0234255
14 43 0.0230288
14 44 0.0226375
14 45 0.022409
14 46 0.0222782
14 47 0.0214584
14 48 0.0201484
14 49 0.0170558
14 50 0.0123356
14 51 0.00681247
14 52 0.00238117
14 53 -0.00148631
14 54 -0.00434583
14 55 -0.00580535
14 56 -0.00505208
14 57 -0.00395743
14 58 -0.00336522
14 59 -0.0037019
14 60 -0.00405818
14 61 -0.00534629
14 62 -0.00714449
14 63 -0.00860372
14 64 -0.00785098
14 65 -0.00568121
14 66 -0.00246951
14 67 0.00137142
14 68 0.00641024
14 69 0.0107921
14 70 0.0137605
14 71 0.0151931
14 72 0.0164734
14 73 0.017398
14 74 0.0188508
14 75 0.020811
14 76 0.0232007
14 77 0.0252607
14 78 0.0273762
14 79 0.0283588
14 80 0.0266181
14 81 0.0218585
14 82 0.0146632
14 83 0.00601518
14 84 -0.00264081
14 85 -0.00894612
14 86 -0.0132434
14 87 -0.0148759
14 88 -0.0144911
14 89 -0.0123149
14 90 -0.00959804
14 91 -0.00571377
14 92 -0.00159582
14 93 0.00250712
14 94 0.00725411
14 95 0.0109866
14 96 0.0138691
14 97 0.0148167
14 98 0.0137603
14 99 0.00940542
14 100 0.00289946
14 101 -0.00516989
14 102 -0.0142354
14 103 -0.021393
14 104 -0.0265875
14 105 -0.026876
14 106 -0.022774
14 107 -0.0147333
14 108 -0.00292489
14 109 0.00845184
14 110 0.0191029
14 111 0.0258101
14 112 0.0269412
14 113 0.0235977
14 114 0.0147658
14 115 0.00389341
14 116 -0.00709475
14 117 -0.0162112
14 118 -0.0201262
14 119 0

15 0 0
15 1 -0.0195336
15 2 -0.0166963
15 3 -0.00942767
15 4 0.000900302
15 5 0.011199
15 6 0.0197449
15 7 0.0240621
15 8 0.0232154
15 9 0.0178798
15 10 0.00858879
15 11 -0.00195348
15 12 -0.0119832
15 13 -0.0192841
15 14 -0.0227728
15 15 -0.0220054
15 16 -0.017262
15 17 -0.0107484
15 18 -0.00257029
15 19 0.00412295
15 20 0.00908323
15 21 0.0120333
15 22 0.011555
15 23 0.00987886
15 24 0.00587266
15 25 0.00162298
15 26 -0.00296352
15 27 -0.00731302
15 28 -0.0110291
15 29 -0.0140639
15 30 -0.0151958
15 31 -0.0157402
15 32 -0.0127897
15 33 -0.00804906
15 34 -0.00040303
15 35 0.0087298
15 36 0.018276
15 37 0.0261097
15 38 0.0310756
15 39 0.0336776
15 40 0.0327251
15 41 0.0310965
15 42 0.027914
15 43 0.0248433
15 44 0.0202856
15 45 0.0170146
15 46 0.0132927
15 47 0.0102587
15 48 0.00631782
15 49 0.00222797
15 50 -0.00323689
15 51 -0.00839262
15 52 -0.0127664
15 53 -0.0162264
15 54 -0.0192144
15 55 -0.0208595
15 56 -0.0206362
15 57 -0.0200306
15 58 -0.0199647
15 59 -0.0204692
15 60 -0.0205542
15 61 -0.0212514
15 62 -0.0224828
15 63 -0.0234514
15 64 -0.0225263
15 65 -0.0204358
15 66 -0.0177992
15 67 -0.0144463
15 68 -0.0101458
15 69 -0.00569483
15 70 -0.00231295
15 71 0.000875516
15 72 0.003637
15 73 0.00722889
15 74 0.0110075
15 75 0.0164361
15 76 0.0210656
15 77 0.0263405
15 78 0.0305773
15 79 0.0346794
15 80 0.0352649
15 81 0.0337857
15 82 0.0287308
15 83 0.0217842
15 84 0.0137657
15 85 0.00651577
15 86 0.000295946
15 87 -0.00514288
15 88 -0.00854188
15 89 -0.0121167
15 90 -0.0139091
15 91 -0.0149658
15 92 -0.0137556
15 93 -0.0112365
15 94 -0.00628271
15 95 4.26014e-05
15 96 0.00633022
15 97 0.0125411
15 98 0.0154201
15 99 0.0159313
15 100 0.0121671
15 101 0.0049613
15 102 -0.00417667
15 103 -0.0139586
15 104 -0.0216555
15 105 -0.0260793
15 106 -0.0251843
15 107 -0.0198944
15 108 -0.0102028
15 109 0.00173314
15 110 0.0128415
15 111 0.0219927
15 112 0.0258221
15 113 0.0244081
15 114 0.018015
15 115 0.0075274
15 116 -0.00358387
15 117 -0.0136303
15 118 -0.0197246
15 119 0

16 0 0
16 1 -0.0189319
16 2 -0.0137002
16 3 -0.0054928
16 4 0.00552165
16 5 0.0153011
16 6 0.0213666
16 7 0.0234131
16 8 0.0191601
16 9 0.0108659
16 10 0.000232837
16 11 -0.011108
16 12 -0.0192908
16 13 -0.0235391
16 14 -0.0228611
16 15 -0.017262
16 16 -0.00884833
16 17 0.000789259
16 18 0.00943339
16 19 0.0152292
16 20 0.01718
16 21 0.0152017
16 22 0.00984552
16 23 0.00262637
16 24 -0.00476836
16 25 -0.0117492
16 26 -0.0165821
16 27 -0.018875
16 28 -0.019369
16 29 -0.0175222
16 30 -0.0140904
16 31 -0.00933213
16 32 -0.00301586
16 33 0.00479698
16 34 0.0133702
16 35 0.0221512
16 36 0.0301912
16 37 0.0353326
16 38 0.0376038
16 39 0.0369158
16 40 0.0338639
16 41 0.0291536
16 42 0.0239301
16 43 0.0178895
16 44 0.0112637
16 45 0.00531289
16 46 0.000254238
16 47 -0.00420049
16 48 -0.00861917
16 49 -0.0126722
16 50 -0.0169336
16 51 -0.0205417
16 52 -0.0234448
16 53 -0.0255083
16 54 -0.0276177
16 55 -0.0286218
16 56 -0.0285699
16 57 -0.0279768
16 58 -0.0282956
16 59 -0.0285347
16 60 -0.0285442
16 61 -0.0285061
16 62 -0.0294364
16 63 -0.0299178
16 64 -0.0294509
16 65 -0.028016
16 66 -0.0267705
16 67 -0.0248345
16 68 -0.0223387
16 69 -0.019291
16 70 -0.0165393
16 71 -0.0133897
16 72 -0.0101529
16 73 -0.00604932
16 74 -0.000783776
16 75 0.00571566
16 76 0.0121491
16 77 0.0185882
16 78 0.025203
16 79 0.0310535
16 80 0.0351682
16 81 0.0369277
16 82 0.0360372
16 83 0.0321399
16 84 0.0269972
16 85 0.0209951
16 86 0.0144718
16 87 0.00762349
16 88 0.000676717
16 89 -0.00675176
16 90 -0.0138114
16 91 -0.0192568
16 92 -0.022837
16 93 -0.0228077
16 94 -0.0190154
16 95 -0.0122808
16 96 -0.00328647
16 97 0.00631629
16 98 0.0142778
16 99 0.0188818
16 100 0.0192934
16 101 0.0148297
16 102 0.00683211
16 103 -0.00322365
16 104 -0.0135768
16 105 -0.0209047
16 106 -0.0244828
16 107 -0.0229774
16 108 -0.016134
16 109 -0.00670818
16 110 0.00453505
16 111 0.0144087
16 112 0.020412
16 113 0.0223696
16 114 0.0185504
16 115 0.0109086
16 116 0.00121101
16 117 -0.00886758
16 118 -0.0155196
16 119 0

17 0 0
17 1 -0.0143635
17 2 -0.00823926
17 3 7.63228e-05
17 4 0.0101134
17 5 0.0171175
17 6 0.0204419
17 7 0.0188717
17 8 0.0118321
17 9 0.00223063
17 10 -0.00902223
17 11 -0.0181917
17 12 -0.0238113
17 13 -0.0244751
17 14 -0.0192629
17 15 -0.0107484
17 16 0.000789259
17 17 0.011368
17 18 0.0191621
17 19 0.0227948
17 20 0.0207262
17 21 0.0150499
17 22 0.00519474
17 23 -0.00524935
17 24 -0.0146105
17 25 -0.0219176
17 26 -0.0250653
17 27 -0.0246646
17 28 -0.0208101
17 29 -0.0150135
17 30 -0.00727231
17 31 0.000476798
17 32 0.00845069
17 33 0.0165201
17 34 0.0235126
17 35 0.0295731
17 36 0.0335896
17 37 0.0349264
17 38 0.0330592
17 39 0.0295004
17 40 0.0242053
17 41 0.0181276
17 42 0.011784
17 43 0.00514985
17 44 -0.00183909
17 45 -0.00796637
17 46 -0.0125472
17 47 -0.0162907
17 48 -0.0194276
17 49 -0.0218004
17 50 -0.0233088
17 51 -0.0242383
17 52 -0.0244777
17 53 -0.0245624
17 54 -0.024812
17 55 -0.024955
17 56 -0.0244744
17 57 -0.0240673
17 58 -0.0242151
17 59 -0.0244154
17 60 -0.0239937
17 61 -0.0236524
17 62 -0.0239272
17 63 -0.0243615
17 64 -0.0242981
17 65 -0.0242754
17 66 -0.0246077
17 67 -0.0249891
17 68 -0.0249165
17 69 -0.0244978
17 70 -0.0234447
17 71 -0.0218246
17 72 -0.0197239
17 73 -0.0168425
17 74 -0.0123017
17 75 -0.00669349
17 76 -0.00096182
17 77 0.0050263
17 78 0.0116216
17 79 0.0182715
17 80 0.024283
17 81 0.0294785
17 82 0.0323746
17 83 0.0330769
17 84 0.0318779
17 85 0.0294138
17 86 0.0248249
17 87 0.0190491
17 88 0.011362
17 89 0.00186984
17 90 -0.00803589
17 91 -0.0174205
17 92 -0.0245442
17 93 -0.0281961
17 94 -0.026619
17 95 -0.0214362
17 96 -0.0120305
17 97 -0.000820573
17 98 0.00956729
17 99 0.0180743
17 100 0.0218962
17 101 0.0213812
17 102 0.015546
17 103 0.0066481
17 104 -0.00364464
17 105 -0.0133693
17 106 -0.0197101
17 107 -0.02255
17 108 -0.0199195
17 109 -0.0139784
17 110 -0.0051078
17 111 0.00475367
17 112 0.0117301
17 113 0.0169055
17 114 0.0166465
17 115 0.0123894
17 116 0.00643843
17 117 -0.00237733
17 118 -0.00838125
17 119 0

18 0 0
18 1 -0.00829299
18 2 -0.00146251
18 3 0.0066911
18 4 0.0136845
18 5 0.0178457
18 6 0.0172925
18 7 0.0121522
18 8 0.00352441
18 9 -0.00736319
18 10 -0.0169265
18 11 -0.0237797
18 12 -0.0259136
18 13 -0.0219749
18 14 -0.0141984
18 15 -0.00257029
18 16 0.00943339
18 17 0.0191621
18 18 0.0254881
18 19 0.0257009
18 20 0.0208372
18 21 0.0112503
18 22 -0.000395366
18 23 -0.0123127
18 24 -0.0217793
18 25 -0.0269366
18 26 -0.0279993
18 27 -0.0234595
18 28 -0.0165277
18 29 -0.0069509
18 30 0.00286352
18 31 0.0117419
18 32 0.0192091
18 33 0.0248126
18 34 0.0287777
18 35 0.0296215
18 36 0.029228
18 37 0.0253798
18 38 0.0203016
18 39 0.0139157
18 40 0.00810172
18 41 0.00195016
18 42 -0.00350074
18 43 -0.00877742
18 44 -0.0142278
18 45 -0.0183881
18 46 -0.0212756
18 47 -0.0224967
18 48 -0.023733
18 49 -0.0229772
18 50 -0.0217208
18 51 -0.0189204
18 52 -0.0169002
18 53 -0.0142482
18 54 -0.0132156
18 55 -0.0118622
18 56 -0.0116959
18 57 -0.0109694
18 58 -0.0116017
18 59 -0.0111588
18 60 -0.0109788
18 61 -0.00974437
18 62 -0.00989527
18 63 -0.00955312
18 64 -0.0104712
18 65 -0.0111933
18 66 -0.0136889
18 67 -0.0157432
18 68 -0.0188482
18 69 -0.0206532
18 70 -0.0223565
18 71 -0.0223102
18 72 -0.0227662
18 73 -0.0216788
18 74 -0.0197771
18 75 -0.0164148
18 76 -0.0134693
18 77 -0.00971002
18 78 -0.0050839
18 79 0.000372855
18 80 0.00705727
18 81 0.0139301
18 82 0.0205515
18 83 0.0250062
18 84 0.0290684
18 85 0.0303422
18 86 0.0300984
18 87 0.0267996
18 88 0.0211233
18 89 0.0119232
18 90 0.00115987
18 91 -0.00983442
18 92 -0.0201176
18 93 -0.026237
18 94 -0.0286226
18 95 -0.0254304
18 96 -0.0182434
18 97 -0.00772378
18 98 0.00347907
18 99 0.0136394
18 100 0.0208505
18 101 0.0229053
18 102 0.0213248
18 103 0.014692
18 104 0.0056496
18 105 -0.00406829
18 106 -0.0133878
18 107 -0.0191839
18 108 -0.0215329
18 109 -0.0195638
18 110 -0.0139607
18 111 -0.00634149
18 112 0.00194768
18 113 0.00877058
18 114 0.0129942
18 115 0.0137146
18 116 0.0110734
18 117 0.00606782
18 118 0.000135995
18 119 0

19 0 0
19 1 -0.000548455
19 2 0.00608005
19 3 0.0121677
19 4 0.016096
19 5 0.0160456
19 6 0.0120009
19 7 0.00429239
19 8 -0.00535561
19 9 -0.0149218
19 10 -0.0223596
19 11 -0.0254442
19 12 -0.0240114
19 13 -0.0174916
19 14 -0.00727538
19 15 0.00412295
19 16 0.0152292
19 17 0.0227948
19 18 0.0257009
19 19 0.0234174
19 20 0.0159317
19 21 0.00559583
19 22 -0.00624947
19 23 -0.0167706
19 24 -0.023404
19 25 -0.025627
19 26 -0.0228999
19 27 -0.0156352
19 28 -0.00565941
19 29 0.00479354
19 30 0.0145617
19 31 0.0219516
19 32 0.0261918
19 33 0.0278242
19 34 0.0263335
19 35 0.0222018
19 36 0.0161844
19 37 0.00880469
19 38 0.000846639
19 39 -0.00594124
19 40 -0.0108821
19 41 -0.0146567
19 42 -0.0172433
19 43 -0.0193301
19 44 -0.0211635
19 45 -0.0223917
19 46 -0.0220021
19 47 -0.0208055
19 48 -0.0189789
19 49 -0.015936
19 50 -0.01126
19 51 -0.00609142
19 52 -0.00136736
19 53 0.00251505
19 54 0.00524769
19 55 0.00668073
19 56 0.00701899
19 57 0.00678504
19 58 0.00633834
19 59 0.00638141
19 60 0.00712386
19 61 0.00836572
19 62 0.00939477
19 63 0.00986991
19 64 0.00922845
19 65 0.00728309
19 66 0.00410362
19 67 7.67476e-06
19 68 -0.00473057
19 69 -0.00917337
19 70 -0.0123338
19 71 -0.0146263
19 72 -0.0167844
19 73 -0.0186007
19 74 -0.0193411
19 75 -0.0199242
19 76 -0.0206302
19 77 -0.0210315
19 78 -0.02017
19 79 -0.0178242
19 80 -0.0128809
19 81 -0.00581338
19 82 0.00206059
19 83 0.00995654
19 84 0.0175169
19 85 0.0236443
19 86 0.0275303
19 87 0.0290371
19 88 0.0268164
19 89 0.0209651
19 90 0.0122757
19 91 0.00166849
19 92 -0.00897345
19 93 -0.0173217
19 94 -0.0222801
19 95 -0.0233139
19 96 -0.0194141
19 97 -0.0121803
19 98 -0.00307705
19 99 0.00666395
19 100 0.0146487
19 101 0.019986
19 102 0.0213427
19 103 0.018574
19 104 0.0125497
19 105 0.00397709
19 106 -0.00527739
19 107 -0.0136348
19 108 -0.0195457
19 109 -0.022151
19 110 -0.0206404
19 111 -0.0155843
19 112 -0.00838305
19 113 0.000311586
19 114 0.00761755
19 115 0.0127059
19 116 0.0149896
19 117 0.0130721
19 118 0.0092693
19 119 0

20 0 0
20 1 0.00734503
20 2 0.0122767
20 3 0.0166074
20 4 0.01612
20 5 0.012334
20 6 0.00584556
20 7 -0.00412223
20 8 -0.0126149
20 9 -0.020194
20 10 -0.0243782
20 11 -0.0231038
20 12 -0.0189711
20 13 -0.010259
20 14 -0.000396859
20 15 0.00908323
20 16 0.01718
20 17 0.0207262
20 18 0.0208372
20 19 0.0159317
20 20 0.00790153
20 21 -0.00146968
20 22 -0.0106455
20 23 -0.0171267
20 24 -0.0200672
20 25 -0.0177693
20 26 -0.0120055
20 27 -0.00258686
20 28 0.00785713
20 29 0.0171949
20 30 0.0246875
20 31 0.0282764
20 32 0.0282215
20 33 0.0244814
20 34 0.0182115
20 35 0.00915673
20 36 -0.000577187
20 37 -0.0102576
20 38 -0.0186177
20 39 -0.0240145
20 40 -0.0260732
20 41 -0.0257777
20 42 -0.024327
20 43 -0.0220413
20 44 -0.0200612
20 45 -0.0178042
20 46 -0.014994
20 47 -0.0115592
20 48 -0.00812859
20 49 -0.00337306
20 50 0.00282685
20 51 0.00956305
20 52 0.0151714
20 53 0.019639
20 54 0.0225116
20 55 0.0236672
20 56 0.0230148
20 57 0.0217758
20 58 0.0206871
20 59 0.0205582
20 60 0.021302
20 61 0.0230325
20 62 0.0249703
20 63 0.0263922
20 64 0.0260999
20 65 0.0241733
20 66 0.0207377
20 67 0.0161981
20 68 0.0105392
20 69 0.00532644
20 70 0.00140215
20 71 -0.00149729
20 72 -0.00479423
20 73 -0.00801473
20 74 -0.0113149
20 75 -0.01506
20 76 -0.0198501
20 77 -0.0244594
20 78 -0.0284653
20 79 -0.0303155
20 80 -0.0288128
20 81 -0.0237111
20 82 -0.0164507
20 83 -0.00757927
20 84 0.00214267
20 85 0.011089
20 86 0.0190695
20 87 0.0248017
20 88 0.0275247
20 89 0.0260997
20 90 0.0218697
20 91 0.0142425
20 92 0.0053774
20 93 -0.00314481
20 94 -0.0104012
20 95 -0.0145791
20 96 -0.0156983
20 97 -0.0132002
20 98 -0.00864003
20 99 -0.00151531
20 100 0.00552427
20 101 0.0117334
20 102 0.0164235
20 103 0.0173483
20 104 0.016037
20 105 0.0104346
20 106 0.00274964
20 107 -0.00593962
20 108 -0.015106
20 109 -0.0208355
20 110 -0.0239786
20 111 -0.0224731
20 112 -0.0166251
20 113 -0.0085679
20 114 0.00161028
20 115 0.0102771
20 116 0.0165242
20 117 0.0191284
20 118 0.0169173
20 119 0

21 0 0
21 1 0.0137318
21 2 0.0180459
21 3 0.0186005
21 4 0.014666
21 5 0.00753208
21 6 -0.00189529
21 7 -0.0111733
21 8 -0.0183152
