0 0 0
0 1 0
0 2 0
0 3 0
0 4 0
0 5 0
0 6 0
0 7 0
0 8 0
0 9 0
0 10 0
0 11 0
0 12 0
0 13 0
0 14 0
0 15 0
0 16 0
0 17 0
0 18 0
0 19 0
0 20 0
0 21 0
0 22 0
0 23 0
0 24 0
0 25 0
0 26 0
0 27 0
0 28 0
0 29 0
0 30 0
0 31 0
0 32 0
0 33 0
0 34 0
0 35 0
0 36 0
0 37 0
0 38 0
0 39 0
0 40 0
0 41 0
0 42 0
0 43 0
0 44 0
0 45 0
0 46 0
0 47 0
0 48 0
0 49 0
0 50 0
0 51 0
0 52 0
0 53 0
0 54 0
0 55 0
0 56 0
0 57 0
0 58 0
0 59 0
0 60 0
0 61 0
0 62 0
0 63 0
0 64 0
0 65 0
0 66 0
0 67 0
0 68 0
0 69 0
0 70 0
0 71 0
0 72 0
0 73 0
0 74 0
0 75 0
0 76 0
0 77 0
0 78 0
0 79 0
0 80 0
0 81 0
0 82 0
0 83 0
0 84 0
0 85 0
0 86 0
0 87 0
0 88 0
0 89 0
0 90 0
0 91 0
0 92 0
0 93 0
0 94 0
0 95 0
0 96 0
0 97 0
0 98 0
0 99 0
0 100 0
0 101 0
0 102 0
0 103 0
0 104 0
0 105 0
0 106 0
0 107 0
0 108 0
0 109 0
0 110 0
0 111 0
0 112 0
0 113 0
0 114 0
0 115 0
0 116 0
0 117 0
0 118 0
0 119 0

1 0 0
1 1 -0.020727
1 2 -0.0185407
1 3 -0.0126725
1 4 -0.00487386
1 5 0.00398069
1 6 0.0115417
1 7 0.0170625
1 8 0.0190435
1 9 0.016791
1 10 0.0111597
1 11 0.00261308
1 12 -0.006569
1 13 -0.0153287
1 14 -0.0213959
1 15 -0.0238641
1 16 -0.0225383
1 17 -0.017285
1 18 -0.00958697
1 19 -0.000644112
1 20 0.00765445
1 21 0.0145424
1 22 0.0191644
1 23 0.0211924
1 24 0.0210024
1 25 0.0194855
1 26 0.0170197
1 27 0.0142203
1 28 0.0113106
1 29 0.00785761
1 30 0.00365108
1 31 -0.00158572
1 32 -0.00756192
1 33 -0.0143652
1 34 -0.0209088
1 35 -0.026473
1 36 -0.0301184
1 37 -0.0312057
1 38 -0.0294147
1 39 -0.025288
1 40 -0.0197144
1 41 -0.0136517
1 42 -0.00810858
1 43 -0.00389719
1 44 -0.000875794
1 45 0.00113824
1 46 0.00243167
1 47 0.0041589
1 48 0.00647726
1 49 0.00949305
1 50 0.0133679
1 51 0.0173324
1 52 0.0207027
1 53 0.0233883
1 54 0.0245262
1 55 0.0243696
1 56 0.0234757
1 57 0.0220818
1 58 0.0209
1 59 0.0206447
1 60 0.0211443
1 61 0.0225853
1 62 0.0242681
1 63 0.0254954
1 64 0.0260438
1 65 0.0253674
1 66 0.0232185
1 67 0.0204581
1 68 0.0171607
1 69 0.0139856
1 70 0.0116629
1 71 0.0100003
1 72 0.00885807
1 73 0.00808121
1 74 0.00650859
1 75 0.00387236
1 76 -6.67527e-05
1 77 -0.0055234
1 78 -0.0118802
1 79 -0.0182728
1 80 -0.0239044
1 81 -0.0278152
1 82 -0.0293305
1 83 -0.0284313
1 84 -0.025552
1 85 -0.0214261
1 86 -0.0167816
1 87 -0.0126235
1 88 -0.00875586
1 89 -0.00521619
1 90 -0.00148463
1 91 0.002721
1 92 0.0078664
1 93 0.0135434
1 94 0.0191446
1 95 0.0239159
1 96 0.0266382
1 97 0.0260673
1 98 0.0219858
1 99 0.0147032
1 100 0.00492545
1 101 -0.00542034
1 102 -0.014993
1 103 -0.0216671
1 104 -0.0249296
1 105 -0.0237628
1 106 -0.0186293
1 107 -0.0111051
1 108 -0.00218718
1 109 0.00605604
1 110 0.0128366
1 111 0.0163417
1 112 0.0165597
1 113 0.0137707
1 114 0.00833581
1 115 0.00148258
1 116 -0.00608555
1 117 -0.0124252
1 118 -0.0170395
1 119 0

2 0 0
2 1 -0.0185407
2 2 -0.0147284
2 3 -0.00817247
2 4 -0.000523404
2 5 0.00713312
2 6 0.0130488
2 7 0.0165031
2 8 0.0164297
2 9 0.0127387
2 10 0.00643397
2 11 -0.00170083
2 12 -0.00973695
2 13 -0.0164104
2 14 -0.019872
2 15 -0.0198642
2 16 -0.0163828
2 17 -0.00969532
2 18 -0.00134543
2 19 0.00718685
2 20 0.0141501
2 21 0.01913
2 22 0.021269
2 23 0.0205958
2 24 0.0178498
2 25 0.0138682
2 26 0.00925167
2 27 0.00494982
2 28 0.00118036
2 29 -0.00227546
2 30 -0.00569176
2 31 -0.00923099
2 32 -0.0126338
2 33 -0.0165524
2 34 -0.0196856
2 35 -0.02209
2 36 -0.0232408
2 37 -0.0223372
2 38 -0.0194423
2 39 -0.015068
2 40 -0.00948908
2 41 -0.00394885
2 42 0.000926523
2 43 0.00467977
2 44 0.00708587
2 45 0.00863243
2 46 0.00939863
2 47 0.0103243
2 48 0.0114594
2 49 0.0129535
2 50 0.014904
2 51 0.0171197
2 52 0.0188211
2 53 0.0202242
2 54 0.0204466
2 55 0.0200969
2 56 0.0192765
2 57 0.0181163
2 58 0.017186
2 59 0.0171464
2 60 0.017189
2 61 0.0181359
2 62 0.0193399
2 63 0.0202471
2 64 0.020739
2 65 0.0207304
2 66 0.0196158
2 67 0.0182859
2 68 0.0165048
2 69 0.0150492
2 70 0.0140696
2 71 0.0134803
2 72 0.0131024
2 73 0.0129501
2 74 0.0120667
2 75 0.0104416
2 76 0.00747064
2 77 0.00332332
2 78 -0.00182996
2 79 -0.00747193
2 80 -0.0125743
2 81 -0.0167177
2 82 -0.0193153
2 83 -0.0199832
2 84 -0.019484
2 85 -0.0182709
2 86 -0.0164282
2 87 -0.015219
2 88 -0.0138251
2 89 -0.0122257
2 90 -0.00991121
2 91 -0.00652753
2 92 -0.00162823
2 93 0.00453179
2 94 0.0112797
2 95 0.0177393
2 96 0.022804
2 97 0.0248979
2 98 0.0234644
2 99 0.0188959
2 100 0.0113584
2 101 0.00244914
2 102 -0.00657653
2 103 -0.0137198
2 104 -0.0182687
2 105 -0.0192804
2 106 -0.0166714
2 107 -0.0116763
2 108 -0.00507884
2 109 0.0016472
2 110 0.00780582
2 111 0.011751
2 112 0.0131987
2 113 0.0123835
2 114 0.00935689
2 115 0.00465975
2 116 -0.00134353
2 117 -0.00706791
2 118 -0.0120007
2 119 0

3 0 0
3 1 -0.0126725
3 2 -0.00817247
3 3 -0.00168047
3 4 0.00370578
3 5 0.00912218
3 6 0.0117398
3 7 0.0125491
3 8 0.0105256
3 9 0.00581413
3 10 0.000680755
3 11 -0.00579616
3 12 -0.0104333
3 13 -0.0136592
3 14 -0.0135073
3 15 -0.0105217
3 16 -0.0056532
3 17 0.00158416
3 18 0.00872253
3 19 0.0149752
3 20 0.0188878
3 21 0.0202747
3 22 0.0188875
3 23 0.0150569
3 24 0.0094753
3 25 0.00371573
3 26 -0.00244906
3 27 -0.00717235
3 28 -0.0103931
3 29 -0.0127983
3 30 -0.0138252
3 31 -0.0144661
3 32 -0.0143025
3 33 -0.0141569
3 34 -0.0133683
3 35 -0.0122313
3 36 -0.0106335
3 37 -0.00832421
3 38 -0.00495547
3 39 -0.00137801
3 40 0.00272519
3 41 0.00651205
3 42 0.00950188
3 43 0.0114595
3 44 0.0124348
3 45 0.0124681
3 46 0.0118227
3 47 0.0112152
3 48 0.0106086
3 49 0.0100505
3 50 0.00993243
3 51 0.00978098
3 52 0.0093348
3 53 0.00924507
3 54 0.00866294
3 55 0.00784279
3 56 0.00722735
3 57 0.00648205
3 58 0.00581362
3 59 0.00569412
3 60 0.00556911
3 61 0.00600148
3 62 0.00652535
3 63 0.00694801
3 64 0.00760915
3 65 0.00808429
3 66 0.00811647
3 67 0.008569
3 68 0.00877081
3 69 0.00899425
3 70 0.00968707
3 71 0.0104985
3 72 0.0113886
3 73 0.0124973
3 74 0.0131319
3 75 0.0131154
3 76 0.0123009
3 77 0.0105637
3 78 0.00784626
3 79 0.00451522
3 80 0.00122307
3 81 -0.00218226
3 82 -0.00479122
3 83 -0.00670849
3 84 -0.0083148
3 85 -0.00982738
3 86 -0.0112688
3 87 -0.0133389
3 88 -0.0150851
3 89 -0.0166541
3 90 -0.0166887
3 91 -0.0156792
3 92 -0.0125134
3 93 -0.00717043
3 94 -0.000827276
3 95 0.0065088
3 96 0.0133433
3 97 0.0181062
3 98 0.0203092
3 99 0.019703
3 100 0.0162589
3 101 0.0110369
3 102 0.00416813
3 103 -0.00151606
3 104 -0.00675548
3 105 -0.00962673
3 106 -0.0100737
3 107 -0.00909112
3 108 -0.00596542
3 109 -0.00291168
3 110 0.00149069
3 111 0.0045197
3 112 0.00678667
3 113 0.00818754
3 114 0.00800581
3 115 0.00699852
3 116 0.00354181
3 117 0.000109472
3 118 -0.00442882
3 119 0

4 0 0
4 1 -0.00487386
4 2 -0.000523404
4 3 0.00370578
4 4 0.00643844
4 5 0.00798005
4 6 0.00762951
4 7 0.00596335
4 8 0.00276243
4 9 -0.00104851
4 10 -0.00434319
4 11 -0.00694497
4 12 -0.00790424
4 13 -0.00682951
4 14 -0.00330458
4 15 0.00151767
4 16 0.00705988
4 17 0.012646
4 18 0.0173055
4 19 0.0195678
4 20 0.0192255
4 21 0.0165307
4 22 0.0114431
4 23 0.00494974
4 24 -0.00216821
4 25 -0.0087208
4 26 -0.0146154
4 27 -0.0183563
4 28 -0.0200543
4 29 -0.0199587
4 30 -0.0183385
4 31 -0.015403
4 32 -0.0114944
4 33 -0.00759297
4 34 -0.00310661
4 35 0.000870994
4 36 0.00411499
4 37 0.00712755
4 38 0.00968012
4 39 0.0114296
4 40 0.0132127
4 41 0.0140226
4 42 0.0141537
4 43 0.013694
4 44 0.0124576
4 45 0.0108411
4 46 0.00889354
4 47 0.00677062
4 48 0.00455264
4 49 0.00209197
4 50 -0.000297899
4 51 -0.00238835
4 52 -0.00443125
4 53 -0.00596009
4 54 -0.00735865
4 55 -0.00812483
4 56 -0.00838647
4 57 -0.00868799
4 58 -0.00884266
4 59 -0.00871172
4 60 -0.00923574
4 61 -0.0094743
4 62 -0.00956864
4 63 -0.0096988
4 64 -0.00932355
4 65 -0.00830151
4 66 -0.00714532
4 67 -0.00545631
4 68 -0.00372617
4 69 -0.00167902
4 70 0.000436291
4 71 0.00238322
4 72 0.00433885
4 73 0.0063815
4 74 0.0084019
4 75 0.0104821
4 76 0.0121182
4 77 0.0134422
4 78 0.0140761
4 79 0.013646
4 80 0.0130222
4 81 0.0115609
4 82 0.00969309
4 83 0.00777347
4 84 0.005081
4 85 0.00147712
4 86 -0.00233933
4 87 -0.00721495
4 88 -0.0120185
4 89 -0.0163078
4 90 -0.0194987
4 91 -0.021333
4 92 -0.021053
4 93 -0.0182595
4 94 -0.0136606
4 95 -0.00720677
4 96 -3.08036e-05
4 97 0.0067496
4 98 0.0119569
4 99 0.0156892
4 100 0.0172409
4 101 0.0165214
4 102 0.0140088
4 103 0.0106824
4 104 0.00678404
4 105 0.00296029
4 106 -4.31769e-05
4 107 -0.00255342
4 108 -0.00405969
4 109 -0.00491312
4 110 -0.00418739
4 111 -0.00299419
4 112 -0.00120508
4 113 0.00147666
4 114 0.00416248
4 115 0.00658275
4 116 0.00703391
4 117 0.00648781
4 118 0.00400895
4 119 0

5 0 0
5 1 0.00398069
5 2 0.00713312
5 3 0.00912218
5 4 0.00798005
5 5 0.00604935
5 6 0.00227943
5 7 -0.00143982
5 8 -0.0050862
5 9 -0.00783539
5 10 -0.00792837
5 11 -0.00693628
5 12 -0.00333435
5 13 0.00147102
5 14 0.00774598
5 15 0.0137379
5 16 0.0182049
5 17 0.02149
5 18 0.0221013
5 19 0.0199676
5 20 0.0152709
5 21 0.00877138
5 22 0.001124
5 23 -0.00667884
5 24 -0.0139657
5 25 -0.0194809
5 26 -0.0239683
5 27 -0.0256359
5 28 -0.025
5 29 -0.0226989
5 30 -0.0183274
5 31 -0.0129029
5 32 -0.00638587
5 33 0.000184001
5 34 0.00679397
5 35 0.0123887
5 36 0.0164165
5 37 0.0188202
5 38 0.0199524
5 39 0.0191719
5 40 0.0179386
5 41 0.0157949
5 42 0.0131899
5 43 0.0104968
5 44 0.00781996
5 45 0.00502255
5 46 0.0024003
5 47 -0.000329793
5 48 -0.00328442
5 49 -0.00663846
5 50 -0.0100541
5 51 -0.0135444
5 52 -0.0167902
5 53 -0.0189667
5 54 -0.0203587
5 55 -0.0208565
5 56 -0.0204409
5 57 -0.0198291
5 58 -0.0193613
5 59 -0.0191172
5 60 -0.0197318
5 61 -0.0205767
5 62 -0.0215869
5 63 -0.0224164
5 64 -0.0223693
5 65 -0.021448
5 66 -0.0197956
5 67 -0.0171052
5 68 -0.0142496
5 69 -0.0115086
5 70 -0.00890042
5 71 -0.00665484
5 72 -0.00455871
5 73 -0.00229519
5 74 0.000482138
5 75 0.00363662
5 76 0.00720779
5 77 0.011053
5 78 0.0145417
5 79 0.0171951
5 80 0.0194178
5 81 0.0200047
5 82 0.0197234
5 83 0.0183009
5 84 0.0154762
5 85 0.011299
5 86 0.00629941
5 87 0.000135573
5 88 -0.00610802
5 89 -0.0124818
5 90 -0.0177225
5 91 -0.0223477
5 92 -0.0251981
5 93 -0.0254443
5 94 -0.0238988
5 95 -0.0196364
5 96 -0.0135278
5 97 -0.00646174
5 98 0.000891728
5 99 0.0080559
5 100 0.0141324
5 101 0.0185547
5 102 0.0203393
5 103 0.0208385
5 104 0.0187277
5 105 0.0150991
5 106 0.0104298
5 107 0.00462332
5 108 -0.000606077
5 109 -0.0058569
5 110 -0.00848105
5 111 -0.009817
5 112 -0.00879874
5 113 -0.00529412
5 114 -0.000411525
5 115 0.00545877
5 116 0.00938131
5 117 0.0123102
5 118 0.0119212
5 119 0

6 0 0
6 1 0.0115417
6 2 0.0130488
6 3 0.0117398
6 4 0.00762951
6 5 0.00227943
6 6 -0.00341255
6 7 -0.00814504
6 8 -0.0112787
6 9 -0.0116975
6 10 -0.00905245
6 11 -0.0040494
6 12 0.00253943
6 13 0.0101081
6 14 0.0173818
6 15 0.0226308
6 16 0.0251227
6 17 0.0245377
6 18 0.0211756
6 19 0.0146374
6 20 0.00656703
6 21 -0.00218723
6 22 -0.010632
6 23 -0.01767
6 24 -0.0229119
6 25 -0.0259071
6 26 -0.0273245
6 27 -0.0262622
6 28 -0.0233706
6 29 -0.0190129
6 30 -0.0134476
6 31 -0.0067503
6 32 0.000394693
6 33 0.00760021
6 34 0.0144613
6 35 0.0199037
6 36 0.0231193
6 37 0.0242717
6 38 0.023199
6 39 0.0199876
6 40 0.0160531
6 41 0.0112996
6 42 0.00663495
6 43 0.00266193
6 44 -0.000594387
6 45 -0.00321538
6 46 -0.00514861
6 47 -0.00728189
6 48 -0.00966069
6 49 -0.0127858
6 50 -0.0163276
6 51 -0.0200094
6 52 -0.0232142
6 53 -0.0255239
6 54 -0.0264972
6 55 -0.0261697
6 56 -0.0246916
6 57 -0.0231266
6 58 -0.0217736
6 59 -0.0212581
6 60 -0.0219535
6 61 -0.0234983
6 62 -0.0252823
6 63 -0.0270127
6 64 -0.0276444
6 65 -0.0270314
6 66 -0.0251664
6 67 -0.0224996
6 68 -0.0194862
6 69 -0.0167404
6 70 -0.0145439
6 71 -0.0131539
6 72 -0.0119827
6 73 -0.0108243
6 74 -0.00866618
6 75 -0.00546153
6 76 -0.00115637
6 77 0.00412096
6 78 0.00963084
6 79 0.0144147
6 80 0.0187089
6 81 0.0213468
6 82 0.0225389
6 83 0.0224296
6 84 0.0206063
6 85 0.0172188
6 86 0.0128477
6 87 0.00741922
6 88 0.00132682
6 89 -0.00489456
6 90 -0.0111145
6 91 -0.0172598
6 92 -0.0226835
6 93 -0.0262999
6 94 -0.0283034
6 95 -0.0275503
6 96 -0.0243196
6 97 -0.0186584
6 98 -0.0113393
6 99 -0.00258205
6 100 0.00669402
6 101 0.0147396
6 102 0.0210642
6 103 0.0249954
6 104 0.0260038
6 105 0.0237974
6 106 0.0189806
6 107 0.0120106
6 108 0.00401001
6 109 -0.00395671
6 110 -0.00998831
6 111 -0.0136819
6 112 -0.0142974
6 113 -0.0111837
6 114 -0.00522333
6 115 0.00254597
6 116 0.00953714
6 117 0.0152341
6 118 0.0176194
6 119 0

7 0 0
7 1 0.0170625
7 2 0.0165031
7 3 0.0125491
7 4 0.00596335
7 5 -0.00143982
7 6 -0.00814504
7 7 -0.0128962
7 8 -0.0148989
7 9 -0.0132543
7 10 -0.0081655
7 11 -0.000716797
7 12 0.00774374
7 13 0.0161352
7 14 0.0229252
7 15 0.0263182
7 16 0.02595
7 17 0.021866
7 18 0.0149035
7 19 0.00562502
7 20 -0.00405472
7 21 -0.0128865
7 22 -0.019869
7 23 -0.0241387
7 24 -0.0257877
7 25 -0.0250687
7 26 -0.0231262
7 27 -0.0195051
7 28 -0.0152768
7 29 -0.0105832
7 30 -0.00554287
7 31 -0.000147663
7 32 0.00546177
7 33 0.0110592
7 34 0.0163103
7 35 0.0201628
7 36 0.0218461
7 37 0.0211257
7 38 0.0181961
7 39 0.0129693
7 40 0.00733545
7 41 0.00132258
7 42 -0.00387715
7 43 -0.00760857
7 44 -0.00980648
7 45 -0.0109026
7 46 -0.0107733
7 47 -0.0108904
7 48 -0.0114775
7 49 -0.013018
7 50 -0.0154969
7 51 -0.0184528
7 52 -0.021013
7 53 -0.0226443
7 54 -0.0227051
7 55 -0.0212349
7 56 -0.0187334
7 57 -0.0159963
7 58 -0.0138026
7 59 -0.0128973
7 60 -0.0136853
7 61 -0.0157689
7 62 -0.0184239
7 63 -0.0208658
7 64 -0.0223363
7 65 -0.0223236
7 66 -0.0208518
7 67 -0.0185521
7 68 -0.0160451
7 69 -0.0141753
7 70 -0.0134677
7 71 -0.0138288
7 72 -0.0147515
7 73 -0.0158124
7 74 -0.01549
7 75 -0.013779
7 76 -0.0103511
7 77 -0.00533083
7 78 0.000471499
7 79 0.00591668
7 80 0.0111862
7 81 0.0147609
7 82 0.0171064
7 83 0.0180583
7 84 0.0176583
7 85 0.0160196
7 86 0.0137875
7 87 0.0107893
7 88 0.00729576
7 89 0.00314298
7 90 -0.00170428
7 91 -0.00753384
7 92 -0.0140432
7 93 -0.0199417
7 94 -0.0251473
7 95 -0.0281968
7 96 -0.0287076
7 97 -0.0261214
7 98 -0.0207727
7 99 -0.0126113
7 100 -0.00266582
7 101 0.00734682
7 102 0.0163009
7 103 0.0231123
7 104 0.0269055
7 105 0.0267927
7 106 0.0231988
7 107 0.0165244
7 108 0.00790642
7 109 -0.00130705
7 110 -0.00921527
7 111 -0.0147116
7 112 -0.016851
7 113 -0.0148128
7 114 -0.00901598
7 115 -0.000667794
7 116 0.00798146
7 117 0.0156587
7 118 0.0202693
7 119 0

8 0 0
8 1 0.0190435
8 2 0.0164297
8 3 0.0105256
8 4 0.00276243
8 5 -0.0050862
8 6 -0.0112787
8 7 -0.0148989
8 8 -0.0152269
8 9 -0.0117537
8 10 -0.00520514
8 11 0.00322605
8 12 0.011648
8 13 0.019171
8 14 0.0238144
8 15 0.0245014
8 16 0.0210562
8 17 0.0139511
8 18 0.0047756
8 19 -0.00562165
8 20 -0.0146463
8 21 -0.0215305
8 22 -0.0250863
8 23 -0.0250704
8 24 -0.0222188
8 25 -0.0175249
8 26 -0.0124355
8 27 -0.00730767
8 28 -0.0030053
8 29 0.000283454
8 30 0.00281607
8 31 0.00517108
8 32 0.00718569
8 33 0.00982878
8 34 0.0121505
8 35 0.013783
8 36 0.013749
8 37 0.0116778
8 38 0.00752669
8 39 0.00175237
8 40 -0.00441331
8 41 -0.0100937
8 42 -0.0143332
8 43 -0.0164138
8 44 -0.0162587
8 45 -0.0145896
8 46 -0.0115568
8 47 -0.00888726
8 48 -0.00691562
8 49 -0.00634739
8 50 -0.00709225
8 51 -0.00889123
8 52 -0.0103836
8 53 -0.0112462
8 54 -0.0102355
8 55 -0.00787487
8 56 -0.00429399
8 57 -0.000614953
8 58 0.00231334
8 59 0.00328012
8 60 0.00270963
8 61 0.000176193
8 62 -0.00311414
8 63 -0.00631486
8 64 -0.00831736
8 65 -0.00900696
8 66 -0.00789325
8 67 -0.00625977
8 68 -0.00447786
8 69 -0.00395431
8 70 -0.00495826
8 71 -0.00757011
8 72 -0.0109941
8 73 -0.0148289
8 74 -0.0172302
8 75 -0.0180897
8 76 -0.0167102
8 77 -0.0133909
8 78 -0.00886484
8 79 -0.00412454
8 80 0.000369703
8 81 0.00372392
8 82 0.00604635
8 83 0.00740097
8 84 0.00811079
8 85 0.00858177
8 86 0.00889777
8 87 0.00966403
8 88 0.00992285
8 89 0.00963932
8 90 0.00795933
8 91 0.0042819
8 92 -0.00144209
8 93 -0.00816585
8 94 -0.0155242
8 95 -0.0218518
8 96 -0.0263659
8 97 -0.0277986
8 98 -0.0258395
8 99 -0.0204935
8 100 -0.0119639
8 101 -0.00240995
8 102 0.00738064
8 103 0.0157031
8 104 0.0216581
8 105 0.024026
8 106 0.022623
8 107 0.0180033
8 108 0.0107326
8 109 0.00224824
8 110 -0.00595526
8 111 -0.0123563
8 112 -0.0159087
8 113 -0.0156174
8 114 -0.0114456
8 115 -0.00419004
8 116 0.00438374
8 117 0.0127765
8 118 0.0190244
8 119 0

9 0 0
9 1 0.016791
9 2 0.0127387
9 3 0.00581413
9 4 -0.00104851
9 5 -0.00783539
9 6 -0.0116975
9 7 -0.0132543
9 8 -0.0117537
9 9 -0.00680498
9 10 -0.000421278
9 11 0.00746246
9 12 0.0137463
9 13 0.0186962
9 14 0.0201347
9 15 0.0174789
9 16 0.011607
9 17 0.00248969
9 18 -0.00721009
9 19 -0.0166459
9 20 -0.023332
9 21 -0.0264886
9 22 -0.0255916
9 23 -0.0207835
9 24 -0.0133061
9 25 -0.00527935
9 26 0.00208978
9 27 0.00758976
9 28 0.0103064
9 29 0.0109037
9 30 0.00943006
9 31 0.00744364
9 32 0.00529427
9 33 0.00417524
9 34 0.00368041
9 35 0.00326471
9 36 0.00206233
9 37 -0.000418371
9 38 -0.00445829
9 39 -0.00956997
9 40 -0.0144763
9 41 -0.0186175
9 42 -0.0207917
9 43 -0.0203385
9 44 -0.0174727
9 45 -0.0127997
9 46 -0.00665155
9 47 -0.0011813
9 48 0.00315803
9 49 0.0057657
9 50 0.00627738
9 51 0.00561367
9 52 0.00501105
9 53 0.00470616
9 54 0.00619027
9 55 0.00933652
9 56 0.0132965
9 57 0.0174743
9 58 0.0208148
9 59 0.0220961
9 60 0.0213476
9 61 0.0185523
9 62 0.0149351
9 63 0.0115668
9 64 0.00902739
9 65 0.00817104
9 66 0.00907528
9 67 0.0102313
9 68 0.0113221
9 69 0.0110916
9 70 0.00855982
9 71 0.00412988
9 72 -0.0015826
9 73 -0.00804143
9 74 -0.0130915
9 75 -0.0164469
9 76 -0.0176601
9 77 -0.0167262
9 78 -0.0144042
9 79 -0.0118639
9 80 -0.00926068
9 81 -0.00745147
9 82 -0.00633562
9 83 -0.00554207
9 84 -0.00451432
9 85 -0.00283023
9 86 1.07759e-05
9 87 0.00419578
9 88 0.00874371
9 89 0.0131023
9 90 0.0155117
9 91 0.0154849
9 92 0.0120051
9 93 0.00591598
9 94 -0.0019851
9 95 -0.0105654
9 96 -0.0183484
9 97 -0.0235962
9 98 -0.0258862
9 99 -0.024421
9 100 -0.0193776
9 101 -0.012402
9 102 -0.00374556
9 103 0.00412858
9 104 0.0114434
9 105 0.0158876
9 106 0.0173791
9 107 0.0162925
9 108 0.0120184
9 109 0.00655014
9 110 -0.000442691
9 111 -0.00636487
9 112 -0.0109458
9 113 -0.0128997
9 114 -0.0113355
9 115 -0.00716569
9 116 -0.000245919
9 117 0.00695124
9 118 0.0138739
9 119 0

10 0 0
10 1 0.0111597
10 2 0.00643397
10 3 0.000680755
10 4 -0.00434319
10 5 -0.00792837
10 6 -0.00905245
10 7 -0.0081655
10 8 -0.00520514
10 9 -0.000421278
10 10 0.00486824
10 11 0.00993684
10 12 0.0132578
10 13 0.0146133
10 14 0.0126785
10 15 0.00765533
10 16 0.000185211
10 17 -0.00889655
10 18 -0.0175356
10 19 -0.0244041
10 20 -0.0273806
10 21 -0.0263994
10 22 -0.0210391
10 23 -0.0120658
10 24 -0.00150022
10 25 0.00856566
10 26 0.016375
10 27 0.0206018
10 28 0.0208274
10 29 0.0175314
10 30 0.0119778
10 31 0.00566558
10 32 -0.000493931
10 33 -0.00441901
10 34 -0.00707334
10 35 -0.0083799
10 36 -0.00924198
10 37 -0.0108309
10 38 -0.0133205
10 39 -0.0162817
10 40 -0.0192478
10 41 -0.0209113
10 42 -0.0205852
10 43 -0.0177172
10 44 -0.0122888
10 45 -0.00528235
10 46 0.00282263
10 47 0.0100596
10 48 0.0158211
10 49 0.0194796
10 50 0.0208183
10 51 0.0203726
10 52 0.0197821
10 53 0.0194227
10 54 0.020978
10 55 0.0238483
10 56 0.0277699
10 57 0.0320158
10 58 0.03528
10 59 0.0362273
10 60 0.035735
10 61 0.0329484
10 62 0.0292243
10 63 0.0258852
10 64 0.0236689
10 65 0.0228335
10 66 0.0239646
10 67 0.0253359
10 68 0.0265367
10 69 0.025867
10 70 0.0227887
10 71 0.0174934
10 72 0.0106774
10 73 0.0029248
10 74 -0.00376732
10 75 -0.00911835
10 76 -0.0122905
10 77 -0.0136617
10 78 -0.0138426
10 79 -0.0135852
10 80 -0.0137434
10 81 -0.014428
10 82 -0.0154699
10 83 -0.0165985
10 84 -0.0165299
10 85 -0.0146028
10 86 -0.0108126
10 87 -0.00409427
10 88 0.00374056
10 89 0.0118622
10 90 0.0185496
10 91 0.0223019
10 92 0.0221562
10 93 0.0183327
10 94 0.0114034
10 95 0.00261564
10 96 -0.00681426
10 97 -0.0148376
10 98 -0.020463
10 99 -0.0232284
10 100 -0.0223953
10 101 -0.0191881
10 102 -0.0138277
10 103 -0.00769411
10 104 -0.00112113
10 105 0.00455173
10 106 0.00853314
10 107 0.010977
10 108 0.0112243
10 109 0.00961291
10 110 0.00601563
10 111 0.00166144
10 112 -0.00285933
10 113 -0.00661818
10 114 -0.00848595
10 115 -0.00798066
10 116 -0.00480203
10 117 6.74453e-05
10 118 0.00591389
10 119 0

11 0 0
11 1 0.00261308
11 2 -0.00170083
11 3 -0.00579616
11 4 -0.00694497
11 5 -0.00693628
11 6 -0.0040494
11 7 -0.000716797
11 8 0.00322605
11 9 0.00746246
11 10 0.00993684
11 11 0.0118112
11 12 0.0108526
11 13 0.00859844
11 14 0.00364955
11 15 -0.00306986
11 16 -0.0103787
11 17 -0.0182076
11 18 -0.02417
11 19 -0.0274767
11 20 -0.0265919
11 21 -0.0217313
11 22 -0.0130717
11 23 -0.00177907
11 24 0.0102906
11 25 0.020109
11 26 0.0269708
11 27 0.0287966
11 28 0.0257577
11 29 0.019101
11 30 0.00993452
11 31 0.000617866
11 32 -0.00776685
11 33 -0.0131389
11 34 -0.0161138
11 35 -0.0168044
11 36 -0.016325
11 37 -0.0156451
11 38 -0.0158131
11 39 -0.0160684
11 40 -0.0165294
11 41 -0.0160094
11 42 -0.0139143
11 43 -0.00947288
11 44 -0.00315865
11 45 0.0047023
11 46 0.0132202
11 47 0.0206223
11 48 0.0261684
11 49 0.0295117
11 50 0.0301018
11 51 0.0291812
11 52 0.0279865
11 53 0.0268035
11 54 0.0274084
11 55 0.0296734
11 56 0.0327594
11 57 0.0363468
11 58 0.0392219
11 59 0.0400914
11 60 0.0393996
11 61 0.0367303
11 62 0.0334115
11 63 0.030672
11 64 0.0288639
11 65 0.0288145
11 66 0.0306671
11 67 0.0325951
11 68 0.0343161
11 69 0.0345286
11 70 0.0320296
11 71 0.0273377
11 72 0.0208941
11 73 0.0133856
11 74 0.00659726
11 75 0.00115919
11 76 -0.00280038
11 77 -0.00522085
11 78 -0.00698444
11 79 -0.00877962
11 80 -0.0114167
11 81 -0.0144737
11 82 -0.0182386
11 83 -0.0215897
11 84 -0.0234873
11 85 -0.0229094
11 86 -0.0195581
11 87 -0.0124589
11 88 -0.00331196
11 89 0.00715656
11 90 0.0164768
11 91 0.023604
11 92 0.0267965
11 93 0.0257537
11 94 0.0214534
11 95 0.0139348
11 96 0.00491809
11 97 -0.00392807
11 98 -0.0116649
11 99 -0.0175693
11 100 -0.020792
11 101 -0.0220359
11 102 -0.0205226
11 103 -0.0178903
11 104 -0.0129162
11 105 -0.0073156
11 106 -0.001611
11 107 0.00451734
11 108 0.00894071
11 109 0.0124297
11 110 0.0124646
11 111 0.0108606
11 112 0.00690456
11 113 0.00141443
11 114 -0.00366623
11 115 -0.00800116
11 116 -0.00889349
11 117 -0.0079182
11 118 -0.00370913
11 119 0

12 0 0
12 1 -0.006569
12 2 -0.00973695
12 3 -0.0104333
12 4 -0.00790424
12 5 -0.00333435
12 6 0.00253943
12 7 0.00774374
12 8 0.011648
12 9 0.0137463
12 10 0.0132578
12 11 0.0108526
12 12 0.00654251
12 13 0.00122149
12 14 -0.00516095
12 15 -0.0116094
12 16 -0.0173486
12 17 -0.0221254
12 18 -0.0247836
12 19 -0.0244109
12 20 -0.0203737
12 21 -0.0132744
12 22 -0.00349381
12 23 0.00782637
12 24 0.0184746
12 25 0.026346
12 26 0.0303485
12 27 0.0291827
12 28 0.0232932
12 29 0.0140086
12 30 0.0032529
12 31 -0.00711491
12 32 -0.0155442
12 33 -0.0200472
12 34 -0.0214647
12 35 -0.0199617
12 36 -0.0165696
12 37 -0.0131825
12 38 -0.0104556
12 39 -0.00827938
12 40 -0.00689213
12 41 -0.00503702
12 42 -0.00216661
12 43 0.00216301
12 44 0.00800262
12 45 0.0146878
12 46 0.0216091
12 47 0.0273019
12 48 0.0311569
12 49 0.0328492
12 50 0.0320712
12 51 0.0296785
12 52 0.0270614
12 53 0.0246807
12 54 0.024105
12 55 0.0250196
12 56 0.0269763
12 57 0.0296945
12 58 0.0318013
12 59 0.0321897
12 60 0.0315967
12 61 0.0293141
12 62 0.0264792
12 63 0.0244879
12 64 0.0236464
12 65 0.0244088
12 66 0.0270996
12 67 0.0301313
12 68 0.0330486
12 69 0.0344449
12 70 0.0335146
12 71 0.0305907
12 72 0.0260942
12 73 0.0206201
12 74 0.0156141
12 75 0.0114347
12 76 0.0084943
12 77 0.0063323
12 78 0.00433765
12 79 0.00185504
12 80 -0.00210595
12 81 -0.00710175
12 82 -0.0129564
12 83 -0.0190583
12 84 -0.0235475
12 85 -0.0254602
12 86 -0.0243822
12 87 -0.0190042
12 88 -0.010783
12 89 -0.000769279
12 90 0.00938152
12 91 0.0180092
12 92 0.0236563
12 93 0.0257031
12 94 0.0245053
12 95 0.020167
12 96 0.0135435
12 97 0.00618445
12 98 -0.00119888
12 99 -0.00829028
12 100 -0.0141715
12 101 -0.0187891
12 102 -0.0216288
12 103 -0.0226971
12 104 -0.0210447
12 105 -0.0170158
12 106 -0.0110463
12 107 -0.00314066
12 108 0.00519197
12 109 0.0126735
12 110 0.0171954
12 111 0.0186308
12 112 0.0162938
12 113 0.010317
12 114 0.00237556
12 115 -0.0057169
12 116 -0.0114382
12 117 -0.0142679
12 118 -0.0129698
12 119 0

13 0 0
13 1 -0.0153287
13 2 -0.0164104
13 3 -0.0136592
13 4 -0.00682951
13 5 0.00147102
13 6 0.0101081
13 7 0.0161352
13 8 0.019171
13 9 0.0186962
13 10 0.0146133
13 11 0.00859844
13 12 0.00122149
13 13 -0.00570805
13 14 -0.0122679
13 15 -0.0170445
13 16 -0.01998
13 17 -0.0211817
13 18 -0.0204284
13 19 -0.0171566
13 20 -0.0114639
13 21 -0.004112
13 22 0.00455218
13 23 0.0133346
13 24 0.020915
13 25 0.0250757
13 26 0.0260414
13 27 0.0221083
13 28 0.0147123
13 29 0.00496754
13 30 -0.00510683
13 31 -0.0138131
13 32 -0.0198559
13 33 -0.0215767
13 34 -0.019989
13 35 -0.0153709
13 36 -0.00919931
13 37 -0.00301935
13 38 0.00158443
13 39 0.00542475
13 40 0.00730225
13 41 0.00906638
13 42 0.0107826
13 43 0.0134275
13 44 0.0166353
13 45 0.0206737
13 46 0.024322
13 47 0.0270845
13 48 0.0280608
13 49 0.027311
13 50 0.0244033
13 51 0.0205059
13 52 0.016447
13 53 0.0128199
13 54 0.0108711
13 55 0.0105401
13 56 0.011299
13 57 0.0129327
13 58 0.014231
13 59 0.0142882
13 60 0.0136844
13 61 0.0118531
13 62 0.00973766
13 63 0.00853591
13 64 0.00852098
13 65 0.010175
13 66 0.0136303
13 67 0.0175614
13 68 0.0214781
13 69 0.0244782
13 70 0.0255756
13 71 0.0251716
13 72 0.023447
13 73 0.0212193
13 74 0.0190923
13 75 0.0179575
13 76 0.017401
13 77 0.0173256
13 78 0.0166587
13 79 0.0151797
13 80 0.0112412
13 81 0.00613292
13 82 -0.000925353
13 83 -0.00849242
13 84 -0.0153492
13 85 -0.0199994
13 86 -0.0221644
13 87 -0.0201297
13 88 -0.0152597
13 89 -0.00796765
13 90 0.000203066
13 91 0.00807276
13 92 0.0144977
13 93 0.0182966
13 94 0.0202737
13 95 0.0193621
13 96 0.0166023
13 97 0.0124282
13 98 0.00748203
13 99 0.00131491
13 100 -0.00517146
13 101 -0.0118824
13 102 -0.0178861
13 103 -0.0226545
13 104 -0.0246002
13 105 -0.0230973
13 106 -0.0183963
13 107 -0.00978763
13 108 0.000626645
13 109 0.0115949
13 110 0.0197838
13 111 0.0245515
13 112 0.02438
13 113 0.018651
13 114 0.00923851
13 115 -0.00215092
13 116 -0.0117114
13 117 -0.018653
13 118 -0.0203868
13 119 0

14 0 0
14 1 -0.0213959
14 2 -0.019872
14 3 -0.0135073
14 4 -0.00330458
14 5 0.00774598
14 6 0.0173818
14 7 0.0229252
14 8 0.0238144
14 9 0.0201347
14 10 0.0126785
14 11 0.00364955
14 12 -0.00516095
14 13 -0.0122679
14 14 -0.017007
14 15 -0.0187644
14 16 -0.0178349
14 17 -0.0151334
14 18 -0.0114265
14 19 -0.00637346
14 20 -0.000861251
14 21 0.00463841
14 22 0.00988271
14 23 0.0142336
14 24 0.0170468
14 25 0.0171657
14 26 0.0149018
14 27 0.00960646
14 28 0.00218172
14 29 -0.00583578
14 30 -0.0129982
14 31 -0.0181334
14 32 -0.0199759
14 33 -0.0178919
14 34 -0.0127047
14 35 -0.00519332
14 36 0.0032382
14 37 0.0107035
14 38 0.0162066
14 39 0.0197642
14 40 0.0210306
14 41 0.0211293
14 42 0.0206859
14 43 0.0202472
14 44 0.020109
14 45 0.0202609
14 46 0.0202457
14 47 0.0195648
14 48 0.0177075
14 49 0.0146156
14 50 0.0101552
14 51 0.00508016
14 52 0.000195293
14 53 -0.00402449
14 54 -0.00674438
14 55 -0.00793939
14 56 -0.00811195
14 57 -0.00740376
14 58 -0.00673352
14 59 -0.00679366
14 60 -0.00743402
14 61 -0.00880142
14 62 -0.0101972
14 63 -0.0107031
14 64 -0.0101707
14 65 -0.00810646
14 66 -0.00452957
14 67 -0.000284051
14 68 0.00418757
14 69 0.00811716
14 70 0.0108661
14 71 0.0126846
14 72 0.0138021
14 73 0.0148076
14 74 0.0162306
14 75 0.018367
14 76 0.0210242
14 77 0.0236237
14 78 0.0254939
14 79 0.0259712
14 80 0.0240441
14 81 0.0200698
14 82 0.0138775
14 83 0.00608302
14 84 -0.00187861
14 85 -0.00884391
14 86 -0.0140325
14 87 -0.0162287
14 88 -0.0156728
14 89 -0.0129883
14 90 -0.0088195
14 91 -0.0037495
14 92 0.00122498
14 93 0.00558048
14 94 0.00955904
14 95 0.012191
14 96 0.0137852
14 97 0.0141904
14 98 0.0132791
14 99 0.0102355
14 100 0.00501104
14 101 -0.00179569
14 102 -0.00974062
14 103 -0.0174742
14 104 -0.023033
14 105 -0.0251174
14 106 -0.0228684
14 107 -0.0157074
14 108 -0.00484721
14 109 0.00776338
14 110 0.0187724
14 111 0.0266197
14 112 0.0291158
14 113 0.0250634
14 114 0.0156848
14 115 0.00296361
14 116 -0.00926108
14 117 -0.019316
14 118 -0.0241502
14 119 0

15 0 0
15 1 -0.0238641
15 2 -0.0198642
15 3 -0.0105217
15 4 0.00151767
15 5 0.0137379
15 6 0.0226308
15 7 0.0263182
15 8 0.0245014
15 9 0.0174789
15 10 0.00765533
15 11 -0.00306986
15 12 -0.0116094
15 13 -0.0170445
15 14 -0.0187644
15 15 -0.0163975
15 16 -0.011658
15 17 -0.00551884
15 18 2.00059e-05
15 19 0.00518843
15 20 0.00884757
15 21 0.0107641
15 22 0.0112139
15 23 0.010261
15 24 0.00805686
15 25 0.00439626
15 26 0.000164652
15 27 -0.00538758
15 28 -0.0106633
15 29 -0.0153209
15 30 -0.0178147
15 31 -0.0179574
15 32 -0.0151117
15 33 -0.00914903
15 34 -0.00121378
15 35 0.00787589
15 36 0.0168257
15 37 0.0240672
15 38 0.0284339
15 39 0.0306762
15 40 0.0296617
15 41 0.0273812
15 42 0.0239978
15 43 0.0203713
15 44 0.0167456
15 45 0.0137233
15 46 0.0101878
15 47 0.00686543
15 48 0.0029258
15 49 -0.00146209
15 50 -0.00637448
15 51 -0.0112736
15 52 -0.015967
15 53 -0.0197137
15 54 -0.0223658
15 55 -0.0238471
15 56 -0.024282
15 57 -0.0239885
15 58 -0.023839
15 59 -0.0240783
15 60 -0.0244239
15 61 -0.0251762
15 62 -0.0260848
15 63 -0.0263216
15 64 -0.0255426
15 65 -0.0236979
15 66 -0.0208154
15 67 -0.0171317
15 68 -0.0132826
15 69 -0.00950386
15 70 -0.00611133
15 71 -0.00298682
15 72 2.32518e-07
15 73 0.00369136
15 74 0.00753039
15 75 0.012442
15 76 0.0177851
15 77 0.0230813
15 78 0.027509
15 79 0.0309456
15 80 0.0315305
15 81 0.030406
15 82 0.0264569
15 83 0.020433
15 84 0.0131161
15 85 0.00558522
15 86 -0.0017678
15 87 -0.0073921
15 88 -0.0115108
15 89 -0.0140306
15 90 -0.0148445
15 91 -0.0143186
15 92 -0.0121183
15 93 -0.00910109
15 94 -0.00448479
15 95 0.000512611
15 96 0.00592043
15 97 0.0108285
15 98 0.0147914
15 99 0.015957
15 100 0.0139458
15 101 0.00888084
15 102 0.000811669
15 103 -0.00827267
15 104 -0.0169854
15 105 -0.0225023
15 106 -0.0238896
15 107 -0.019705
15 108 -0.0104135
15 109 0.00169787
15 110 0.0141255
15 111 0.0239993
15 112 0.0292817
15 113 0.0278071
15 114 0.0200522
15 115 0.00811943
15 116 -0.00500841
15 117 -0.0165575
15 118 -0.0237822
15 119 0

16 0 0
16 1 -0.0225383
16 2 -0.0163828
16 3 -0.0056532
16 4 0.00705988
16 5 0.0182049
16 6 0.0251227
16 7 0.02595
16 8 0.0210562
16 9 0.011607
16 10 0.000185211
16 11 -0.0103787
16 12 -0.0173486
16 13 -0.01998
16 14 -0.0178349
16 15 -0.011658
16 16 -0.00349636
16 17 0.00484676
16 18 0.0108952
16 19 0.0149564
16 20 0.0154545
16 21 0.0131032
16 22 0.00863784
16 23 0.00260345
16 24 -0.00342266
16 25 -0.00942093
16 26 -0.0140912
16 27 -0.0177847
16 28 -0.0199173
16 29 -0.0198101
16 30 -0.0173417
16 31 -0.0127942
16 32 -0.00578523
16 33 0.0024616
16 34 0.0114583
16 35 0.0201573
16 36 0.0274207
16 37 0.0323328
16 38 0.034268
16 39 0.0335437
16 40 0.0301919
16 41 0.0253108
16 42 0.0195709
16 43 0.0135532
16 44 0.00768753
16 45 0.00242052
16 46 -0.00272693
16 47 -0.00718193
16 48 -0.0115501
16 49 -0.0156783
16 50 -0.0195569
16 51 -0.0229665
16 52 -0.0260107
16 53 -0.0281739
16 54 -0.0298595
16 55 -0.0306736
16 56 -0.0310362
16 57 -0.0310301
16 58 -0.0309374
16 59 -0.0307758
16 60 -0.0311639
16 61 -0.0315057
16 62 -0.0318049
16 63 -0.0318105
16 64 -0.0314673
16 65 -0.0304
16 66 -0.0290345
16 67 -0.0270052
16 68 -0.0248217
16 69 -0.0223445
16 70 -0.0196823
16 71 -0.0166959
16 72 -0.0133597
16 73 -0.0089281
16 74 -0.00391272
16 75 0.00214594
16 76 0.00872582
16 77 0.0154033
16 78 0.0216867
16 79 0.0271717
16 80 0.0309289
16 81 0.0329969
16 82 0.0326657
16 83 0.0300383
16 84 0.0252301
16 85 0.018926
16 86 0.0117026
16 87 0.00400529
16 88 -0.00315952
16 89 -0.00993208
16 90 -0.015714
16 91 -0.0196706
16 92 -0.0215768
16 93 -0.021171
16 94 -0.0176721
16 95 -0.0121957
16 96 -0.00444388
16 97 0.00386162
16 98 0.0119277
16 99 0.0176595
16 100 0.0193979
16 101 0.0174069
16 102 0.010988
16 103 0.00185811
16 104 -0.00828507
16 105 -0.0168961
16 106 -0.0218582
16 107 -0.0215366
16 108 -0.0156708
16 109 -0.0054828
16 110 0.00623399
16 111 0.0173015
16 112 0.024837
16 113 0.0264213
16 114 0.0219748
16 115 0.0122842
16 116 0.000708008
16 117 -0.0110366
16 118 -0.0193792
16 119 0

17 0 0
17 1 -0.017285
17 2 -0.00969532
17 3 0.00158416
17 4 0.012646
17 5 0.02149
17 6 0.0245377
17 7 0.021866
17 8 0.0139511
17 9 0.00248969
17 10 -0.00889655
17 11 -0.0182076
17 12 -0.0221254
17 13 -0.0211817
17 14 -0.0151334
17 15 -0.00551884
17 16 0.00484676
17 17 0.0139845
17 18 0.0193534
17 19 0.0209826
17 20 0.0180192
17 21 0.0115973
17 22 0.00299035
17 23 -0.0061969
17 24 -0.0145368
17 25 -0.0206721
17 26 -0.0240472
17 27 -0.0248551
17 28 -0.022704
17 29 -0.0180404
17 30 -0.0111375
17 31 -0.00300235
17 32 0.00596619
17 33 0.0144584
17 34 0.0220692
17 35 0.0279585
17 36 0.0318666
17 37 0.0330267
17 38 0.0315216
17 39 0.0279315
17 40 0.0222128
17 41 0.0157167
17 42 0.00906752
17 43 0.00231165
17 44 -0.00378391
17 45 -0.00904366
17 46 -0.0141633
17 47 -0.017988
17 48 -0.0210321
17 49 -0.0233849
17 50 -0.0247239
17 51 -0.0254733
17 52 -0.0260144
17 53 -0.0258615
17 54 -0.0259105
17 55 -0.0259111
17 56 -0.0256539
17 57 -0.0255044
17 58 -0.0255522
17 59 -0.0253936
17 60 -0.0253085
17 61 -0.0250393
17 62 -0.0250094
17 63 -0.0251679
17 64 -0.0251803
17 65 -0.0253203
17 66 -0.02588
17 67 -0.0260326
17 68 -0.0262713
17 69 -0.0262175
17 70 -0.0253532
17 71 -0.0238987
17 72 -0.0216103
17 73 -0.0178814
17 74 -0.0138176
17 75 -0.00874197
17 76 -0.00284501
17 77 0.00322138
17 78 0.00964504
17 79 0.0162383
17 80 0.0219438
17 81 0.0269989
17 82 0.030477
17 83 0.0318525
17 84 0.0310999
17 85 0.0280327
17 86 0.0228901
17 87 0.0157993
17 88 0.00753616
17 89 -0.00165651
17 90 -0.0107056
17 91 -0.0187142
17 92 -0.0243412
17 93 -0.0272708
17 94 -0.0265033
17 95 -0.0221505
17 96 -0.0145265
17 97 -0.00473936
17 98 0.00589948
17 99 0.0150793
17 100 0.0206996
17 101 0.0223099
17 102 0.0186868
17 103 0.0112525
17 104 0.000786229
17 105 -0.00961578
17 106 -0.0177994
17 107 -0.0218622
17 108 -0.0200369
17 109 -0.0137262
17 110 -0.00367657
17 111 0.00705118
17 112 0.0163686
17 113 0.0214793
17 114 0.0209153
17 115 0.0157336
17 116 0.00687706
17 117 -0.00284908
17 118 -0.0114346
17 119 0

18 0 0
18 1 -0.00958697
18 2 -0.00134543
18 3 0.00872253
18 4 0.0173055
18 5 0.0221013
18 6 0.0211756
18 7 0.0149035
18 8 0.0047756
18 9 -0.00721009
18 10 -0.0175356
18 11 -0.02417
18 12 -0.0247836
18 13 -0.0204284
18 14 -0.0114265
18 15 2.00059e-05
18 16 0.0108952
18 17 0.0193534
18 18 0.0227584
18 19 0.0219506
18 20 0.0158886
18 21 0.00692488
18 22 -0.00352538
18 23 -0.01375
18 24 -0.0214994
18 25 -0.026053
18 26 -0.0265365
18 27 -0.0237358
18 28 -0.0177497
18 29 -0.00944625
18 30 7.26358e-05
18 31 0.00924998
18 32 0.0179381
18 33 0.0238953
18 34 0.0278915
18 35 0.0292153
18 36 0.0281212
18 37 0.0248891
18 38 0.0199401
18 39 0.013991
18 40 0.00743301
18 41 0.00111387
18 42 -0.00467273
18 43 -0.00987953
18 44 -0.0144375
18 45 -0.0178373
18 46 -0.021006
18 47 -0.0224776
18 48 -0.0231398
18 49 -0.0226017
18 50 -0.0210083
18 51 -0.0184968
18 52 -0.016261
18 53 -0.0135705
18 54 -0.0120861
18 55 -0.010922
18 56 -0.0104713
18 57 -0.0103795
18 58 -0.0105416
18 59 -0.00995743
18 60 -0.00989348
18 61 -0.0090917
18 62 -0.0085628
18 63 -0.00843879
18 64 -0.00910725
18 65 -0.0102335
18 66 -0.0127656
18 67 -0.01511
18 68 -0.0180478
18 69 -0.0203902
18 70 -0.0219814
18 71 -0.0225855
18 72 -0.0225581
18 73 -0.0209325
18 74 -0.0192668
18 75 -0.0166119
18 76 -0.0135822
18 77 -0.00996812
18 78 -0.00558686
18 79 -3.98536e-05
18 80 0.006137
18 81 0.0130133
18 82 0.0195517
18 83 0.0251762
18 84 0.0288784
18 85 0.0301861
18 86 0.0291527
18 87 0.0246713
18 88 0.0181491
18 89 0.00924971
18 90 -0.00079297
18 91 -0.0106679
18 92 -0.018925
18 93 -0.0250401
18 94 -0.0273708
18 95 -0.026184
18 96 -0.0206334
18 97 -0.0121876
18 98 -0.0016007
18 99 0.00909013
18 100 0.0170383
18 101 0.0219449
18 102 0.0216677
18 103 0.017023
18 104 0.00811872
18 105 -0.0024897
18 106 -0.0125803
18 107 -0.0200523
18 108 -0.0227775
18 109 -0.020557
18 110 -0.0138147
18 111 -0.00440506
18 112 0.00567276
18 113 0.0135659
18 114 0.0176288
18 115 0.0170759
18 116 0.0128025
18 117 0.00584973
18 118 -0.00165717
18 119 0

19 0 0
19 1 -0.000644112
19 2 0.00718685
19 3 0.0149752
19 4 0.0195678
19 5 0.0199676
19 6 0.0146374
19 7 0.00562502
19 8 -0.00562165
19 9 -0.0166459
19 10 -0.0244041
19 11 -0.0274767
19 12 -0.0244109
19 13 -0.0171566
19 14 -0.00637346
19 15 0.00518843
19 16 0.0149564
19 17 0.0209826
19 18 0.0219506
19 19 0.0183614
19 20 0.0105068
19 21 0.000650671
19 22 -0.00947436
19 23 -0.0180422
19 24 -0.0235898
19 25 -0.0247463
19 26 -0.0220486
19 27 -0.015832
19 28 -0.00721971
19 29 0.0028365
19 30 0.0124546
19 31 0.020437
19 32 0.0261041
19 33 0.0279549
19 34 0.026903
19 35 0.022986
19 36 0.0172017
19 37 0.0100986
19 38 0.00303278
19 39 -0.00367298
19 40 -0.00922162
19 41 -0.0135002
19 42 -0.0161108
19 43 -0.0181795
19 44 -0.0191319
19 45 -0.0195656
19 46 -0.0197243
19 47 -0.018646
19 48 -0.016426
19 49 -0.0133206
19 50 -0.00872195
19 51 -0.00374069
19 52 0.000916474
19 53 0.00528406
19 54 0.00798082
19 55 0.00934433
19 56 0.00985983
19 57 0.00945223
19 58 0.00900171
19 59 0.00933807
19 60 0.0098066
19 61 0.0110792
19 62 0.0123247
19 63 0.0126735
19 64 0.0121563
19 65 0.0102736
19 66 0.00659315
19 67 0.00247291
19 68 -0.00222732
19 69 -0.00677472
19 70 -0.0101256
19 71 -0.0128043
19 72 -0.0146443
19 73 -0.0155323
19 74 -0.0166561
19 75 -0.0178253
19 76 -0.0186029
19 77 -0.0193151
19 78 -0.0185284
19 79 -0.0159509
19 80 -0.011194
19 81 -0.00459941
19 82 0.00352408
19 83 0.0117123
19 84 0.0191937
19 85 0.024776
19 86 0.0282173
19 87 0.0280322
19 88 0.0250653
19 89 0.0189945
19 90 0.0105803
19 91 0.00123846
19 92 -0.00784792
19 93 -0.0156626
19 94 -0.0212668
19 95 -0.0234451
19 96 -0.0219559
19 97 -0.0168082
19 98 -0.0086657
19 99 0.00116832
19 100 0.0100897
19 101 0.0172481
19 102 0.020525
19 103 0.0194585
19 104 0.0135687
19 105 0.00437549
19 106 -0.00597849
19 107 -0.0160146
19 108 -0.0226028
19 109 -0.0251283
19 110 -0.022395
19 111 -0.0157123
19 112 -0.00630342
19 113 0.00363862
19 114 0.0113658
19 115 0.0160979
19 116 0.0165637
19 117 0.0137696
19 118 0.00828931
19 119 0

20 0 0
20 1 0.00765445
20 2 0.0141501
20 3 0.0188878
20 4 0.0192255
20 5 0.0152709
20 6 0.00656703
20 7 -0.00405472
20 8 -0.0146463
20 9 -0.023332
20 10 -0.0273806
20 11 -0.0265919
20 12 -0.0203737
20 13 -0.0114639
20 14 -0.000861251
20 15 0.00884757
20 16 0.0154545
20 17 0.0180192
20 18 0.0158886
20 19 0.0105068
20 20 0.00217143
20 21 -0.00609204
20 22 -0.0134304
20 23 -0.0180957
20 24 -0.0194252
20 25 -0.0166963
20 26 -0.0105637
20 27 -0.0023931
20 28 0.00720904
20 29 0.0164187
20 30 0.0239603
20 31 0.0283831
20 32 0.0297914
20 33 0.0263768
20 34 0.0203005
20 35 0.0115191
20 36 0.00198098
20 37 -0.00725611
20 38 -0.0148432
20 39 -0.0201716
20 40 -0.0230465
20 41 -0.0235497
20 42 -0.0221573
20 43 -0.0198568
20 44 -0.0172923
20 45 -0.0142417
20 46 -0.0119844
20 47 -0.00865078
20 48 -0.00489824
20 49 -3.31577e-05
20 50 0.00572732
20 51 0.0123347
20 52 0.0178382
20 53 0.0229368
20 54 0.0254529
20 55 0.0265901
20 56 0.0260714
20 57 0.0249289
20 58 0.023538
20 59 0.0237425
20 60 0.0241685
20 61 0.0262258
20 62 0.0281029
20 63 0.0294388
20 64 0.0292035
20 65 0.0276516
20 66 0.0235388
20 67 0.0190031
20 68 0.0132883
20 69 0.00834367
20 70 0.00416372
20 71 0.000993847
20 72 -0.00201308
20 73 -0.00426702
20 74 -0.0080114
20 75 -0.0120826
20 76 -0.01705
20 77 -0.0219856
20 78 -0.0257929
20 79 -0.0271566
20 80 -0.0257081
20 81 -0.0208943
20 82 -0.0134457
20 83 -0.0042875
20 84 0.00532961
20 85 0.0139337
20 86 0.0214008
20 87 0.025491
20 88 0.0272292
20 89 0.0256174
20 90 0.0213359
20 91 0.0147852
20 92 0.00752269
20 93 -0.000699958
20 94 -0.0081638
20 95 -0.0141212
20 96 -0.0174103
20 97 -0.0174421
20 98 -0.0140571
20 99 -0.00733996
20 100 0.000324944
20 101 0.00853407
20 102 0.0146031
20 103 0.017607
20 104 0.0156662
20 105 0.0097537
20 106 0.000802786
20 107 -0.00987798
20 108 -0.0192216
20 109 -0.0258446
20 110 -0.027304
20 111 -0.0242881
20 112 -0.0166153
20 113 -0.00627703
20 114 0.00415565
20 115 0.0130531
20 116 0.0180962
20 117 0.0194378
20 118 0.0164386
20 119 0

21 0 0
21 1 0.0145424
21 2 0.01913
21 3 0.0202747
21 4 0.0165307
21 5 0.00877138
21 6 -0.00218723
21 7 -0.0128865
