0 0 0
0 1 0
0 2 0
0 3 0
0 4 0
0 5 0
0 6 0
0 7 0
0 8 0
0 9 0
0 10 0
0 11 0
0 12 0
0 13 0
0 14 0
0 15 0
0 16 0
0 17 0
0 18 0
0 19 0
0 20 0
0 21 0
0 22 0
0 23 0
0 24 0
0 25 0
0 26 0
0 27 0
0 28 0
0 29 0
0 30 0
0 31 0
0 32 0
0 33 0
0 34 0
0 35 0
0 36 0
0 37 0
0 38 0
0 39 0
0 40 0
0 41 0
0 42 0
0 43 0
0 44 0
0 45 0
0 46 0
0 47 0
0 48 0
0 49 0
0 50 0
0 51 0
0 52 0
0 53 0
0 54 0
0 55 0
0 56 0
0 57 0
0 58 0
0 59 0
0 60 0
0 61 0
0 62 0
0 63 0
0 64 0
0 65 0
0 66 0
0 67 0
0 68 0
0 69 0
0 70 0
0 71 0
0 72 0
0 73 0
0 74 0
0 75 0
0 76 0
0 77 0
0 78 0
0 79 0
0 80 0
0 81 0
0 82 0
0 83 0
0 84 0
0 85 0
0 86 0
0 87 0
0 88 0
0 89 0
0 90 0
0 91 0
0 92 0
0 93 0
0 94 0
0 95 0
0 96 0
0 97 0
0 98 0
0 99 0
0 100 0
0 101 0
0 102 0
0 103 0
0 104 0
0 105 0
0 106 0
0 107 0
0 108 0
0 109 0
0 110 0
0 111 0
0 112 0
0 113 0
0 114 0
0 115 0
0 116 0
0 117 0
0 118 0
0 119 0

1 0 0
1 1 2.07551e-35
1 2 1.79182e-33
1 3 1.13555e-31
1 4 5.48713e-30
1 5 2.112e-28
1 6 6.68173e-27
1 7 1.77631e-25
1 8 4.03394e-24
1 9 7.92612e-23
1 10 1.36109e-21
1 11 2.05935e-20
1 12 2.76345e-19
1 13 3.30686e-18
1 14 3.5447e-17
1 15 3.41655e-16
1 16 2.97042e-15
1 17 2.33583e-14
1 18 1.66514e-13
1 19 1.07821e-12
1 20 6.35258e-12
1 21 3.41075e-11
1 22 1.67115e-10
1 23 7.48206e-10
1 24 3.06513e-09
1 25 1.15054e-08
1 26 3.96318e-08
1 27 1.25494e-07
1 28 3.66016e-07
1 29 9.85554e-07
1 30 2.45653e-06
1 31 5.68517e-06
1 32 1.2258e-05
1 33 2.47148e-05
1 34 4.67801e-05
1 35 8.34623e-05
1 36 0.000140935
1 37 0.00022615
1 38 0.00034619
1 39 0.000507445
1 40 0.000714735
1 41 0.000970539
1 42 0.00127447
1 43 0.00162305
1 44 0.00200992
1 45 0.00242629
1 46 0.00286165
1 47 0.0033047
1 48 0.00374411
1 49 0.00416937
1 50 0.00457137
1 51 0.00494275
1 52 0.0052781
1 53 0.00557389
1 54 0.00582832
1 55 0.00604094
1 56 0.0062123
1 57 0.00634356
1 58 0.00643604
1 59 0.00649098
1 60 0.00650919
1 61 0.00649098
1 62 0.00643604
1 63 0.00634356
1 64 0.0062123
1 65 0.00604094
1 66 0.00582832
1 67 0.00557389
1 68 0.0052781
1 69 0.00494275
1 70 0.00457137
1 71 0.00416937
1 72 0.00374411
1 73 0.0033047
1 74 0.00286165
1 75 0.00242629
1 76 0.00200992
1 77 0.00162305
1 78 0.00127447
1 79 0.000970539
1 80 0.000714735
1 81 0.000507445
1 82 0.00034619
1 83 0.00022615
1 84 0.000140935
1 85 8.34623e-05
1 86 4.67801e-05
1 87 2.47148e-05
1 88 1.2258e-05
1 89 5.68517e-06
1 90 2.45653e-06
1 91 9.85554e-07
1 92 3.66016e-07
1 93 1.25494e-07
1 94 3.96318e-08
1 95 1.15054e-08
1 96 3.06513e-09
1 97 7.48206e-10
1 98 1.67115e-10
1 99 3.41075e-11
1 100 6.35258e-12
1 101 1.07821e-12
1 102 1.66514e-13
1 103 2.33583e-14
1 104 2.97042e-15
1 105 3.41655e-16
1 106 3.5447e-17
1 107 3.30686e-18
1 108 2.76345e-19
1 109 2.05935e-20
1 110 1.36109e-21
1 111 7.92612e-23
1 112 4.03394e-24
1 113 1.77631e-25
1 114 6.68173e-27
1 115 2.112e-28
1 116 5.48713e-30
1 117 1.13555e-31
1 118 1.792e-33
1 119 0

2 0 0
2 1 1.79182e-33
2 2 1.15491e-31
2 3 5.67778e-30
2 4 2.22393e-28
2 5 7.16171e-27
2 6 1.93845e-25
2 7 4.4831e-24
2 8 8.97276e-23
2 9 1.5699e-21
2 10 2.42063e-20
2 11 3.31098e-19
2 12 4.03933e-18
2 13 4.41508e-17
2 14 4.33982e-16
2 15 3.84835e-15
2 16 3.0867e-14
2 17 2.24443e-13
2 18 1.48228e-12
2 19 8.90598e-12
2 20 4.87502e-11
2 21 2.43427e-10
2 22 1.11013e-09
2 23 4.62907e-09
2 24 1.76704e-08
2 25 6.18294e-08
2 26 1.986e-07
2 27 5.8661e-07
2 28 1.59658e-06
2 29 4.01379e-06
2 30 9.34682e-06
2 31 2.02266e-05
2 32 4.08218e-05
2 33 7.71386e-05
2 34 0.000137039
2 35 0.000229843
2 36 0.000365473
2 37 0.000553207
2 38 0.000800264
2 39 0.00111046
2 40 0.00148326
2 41 0.00191332
2 42 0.00239078
2 43 0.00290201
2 44 0.00343096
2 45 0.0039606
2 46 0.00447445
2 47 0.00495792
2 48 0.00539927
2 49 0.00579023
2 50 0.00612619
2 51 0.00640606
2 52 0.00663178
2 53 0.00680772
2 54 0.00693994
2 55 0.00703544
2 56 0.00710143
2 57 0.0071447
2 58 0.00717109
2 59 0.00718505
2 60 0.00718939
2 61 0.00718505
2 62 0.00717109
2 63 0.0071447
2 64 0.00710143
2 65 0.00703544
2 66 0.00693994
2 67 0.00680772
2 68 0.00663178
2 69 0.00640606
2 70 0.00612619
2 71 0.00579023
2 72 0.00539927
2 73 0.00495792
2 74 0.00447445
2 75 0.0039606
2 76 0.00343096
2 77 0.00290201
2 78 0.00239078
2 79 0.00191332
2 80 0.00148326
2 81 0.00111046
2 82 0.000800264
2 83 0.000553207
2 84 0.000365473
2 85 0.000229843
2 86 0.000137039
2 87 7.71386e-05
2 88 4.08218e-05
2 89 2.02266e-05
2 90 9.34682e-06
2 91 4.01379e-06
2 92 1.59658e-06
2 93 5.8661e-07
2 94 1.986e-07
2 95 6.18294e-08
2 96 1.76704e-08
2 97 4.62907e-09
2 98 1.11013e-09
2 99 2.43427e-10
2 100 4.87502e-11
2 101 8.90598e-12
2 102 1.48228e-12
2 103 2.24443e-13
2 104 3.0867e-14
2 105 3.84835e-15
2 106 4.33982e-16
2 107 4.41508e-17
2 108 4.03933e-18
2 109 3.31098e-19
2 110 2.42063e-20
2 111 1.5699e-21
2 112 8.97276e-23
2 113 4.4831e-24
2 114 1.93845e-25
2 115 7.16171e-27
2 116 2.22393e-28
2 117 5.67778e-30
2 118 1.15512e-31
2 119 0

3 0 0
3 1 1.13555e-31
3 2 5.67778e-30
3 3 2.2629e-28
3 4 7.41709e-27
3 5 2.04394e-25
3 6 4.81416e-24
3 7 9.81576e-23
3 8 1.75006e-21
3 9 2.75057e-20
3 10 3.83608e-19
3 11 4.77307e-18
3 12 5.32232e-17
3 13 5.33847e-16
3 14 4.83169e-15
3 15 3.95625e-14
3 16 2.93713e-13
3 17 1.98071e-12
3 18 1.21522e-11
3 19 6.79218e-11
3 20 3.46251e-10
3 21 1.61161e-09
3 22 6.85561e-09
3 23 2.66802e-08
3 24 9.50941e-08
3 25 3.10793e-07
3 26 9.32759e-07
3 27 2.57515e-06
3 28 6.55365e-06
3 29 1.54137e-05
3 30 3.36015e-05
3 31 6.81253e-05
3 32 0.00012894
3 33 0.000228743
3 34 0.000381956
3 35 0.00060287
3 36 0.000903216
3 37 0.00128963
3 38 0.00176161
3 39 0.00231036
3 40 0.00291901
3 41 0.00356393
3 42 0.00421713
3 43 0.00484916
3 44 0.00543214
3 45 0.00594228
3 46 0.00636189
3 47 0.0066804
3 48 0.00689462
3 49 0.00700821
3 50 0.00703067
3 51 0.00697594
3 52 0.00686092
3 53 0.00670404
3 54 0.00652389
3 55 0.00633822
3 56 0.00616303
3 57 0.00601203
3 58 0.00589618
3 59 0.00582345
3 60 0.00579867
3 61 0.00582345
3 62 0.00589618
3 63 0.00601203
3 64 0.00616303
3 65 0.00633822
3 66 0.00652389
3 67 0.00670404
3 68 0.00686092
3 69 0.00697594
3 70 0.00703067
3 71 0.00700821
3 72 0.00689462
3 73 0.0066804
3 74 0.00636189
3 75 0.00594228
3 76 0.00543214
3 77 0.00484916
3 78 0.00421713
3 79 0.00356393
3 80 0.00291901
3 81 0.00231036
3 82 0.00176161
3 83 0.00128963
3 84 0.000903216
3 85 0.00060287
3 86 0.000381956
3 87 0.000228743
3 88 0.00012894
3 89 6.81253e-05
3 90 3.36015e-05
3 91 1.54137e-05
3 92 6.55365e-06
3 93 2.57515e-06
3 94 9.32759e-07
3 95 3.10793e-07
3 96 9.50941e-08
3 97 2.66802e-08
3 98 6.85561e-09
3 99 1.61161e-09
3 100 3.46251e-10
3 101 6.79218e-11
3 102 1.21522e-11
3 103 1.98071e-12
3 104 2.93713e-13
3 105 3.95625e-14
3 106 4.83169e-15
3 107 5.33847e-16
3 108 5.32232e-17
3 109 4.77307e-18
3 110 3.83608e-19
3 111 2.75057e-20
3 112 1.75006e-21
3 113 9.81576e-23
3 114 4.81416e-24
3 115 2.04394e-25
3 116 7.41709e-27
3 117 2.2629e-28
3 118 5.67954e-30
3 119 0

4 0 0
4 1 5.48713e-30
4 2 2.22393e-28
4 3 7.41709e-27
4 4 2.08036e-25
4 5 4.9887e-24
4 6 1.03589e-22
4 7 1.88145e-21
4 8 3.01326e-20
4 9 4.28352e-19
4 10 5.43415e-18
4 11 6.17976e-17
4 12 6.32315e-16
4 13 5.83931e-15
4 14 4.87956e-14
4 15 3.69764e-13
4 16 2.54553e-12
4 17 1.59438e-11
4 18 9.09735e-11
4 19 4.73383e-10
4 20 2.24849e-09
4 21 9.757e-09
4 22 3.87124e-08
4 23 1.40561e-07
4 24 4.67499e-07
4 25 1.42595e-06
4 26 3.9944e-06
4 27 1.02942e-05
4 28 2.4461e-05
4 29 5.37334e-05
4 30 0.000109459
4 31 0.000207508
4 32 0.000367522
4 33 0.000610646
4 34 0.000955849
4 35 0.00141548
4 36 0.00199109
4 37 0.00267067
4 38 0.00342798
4 39 0.00422444
4 40 0.00501304
4 41 0.0057437
4 42 0.00636896
4 43 0.00684901
4 44 0.0071555
4 45 0.00727355
4 46 0.00720209
4 47 0.00695263
4 48 0.00654703
4 49 0.0060146
4 50 0.00538914
4 51 0.00470609
4 52 0.00400024
4 53 0.00330392
4 54 0.00264587
4 55 0.0020506
4 56 0.00153817
4 57 0.00112432
4 58 0.000820762
4 59 0.000635521
4 60 0.000573264
4 61 0.000635521
4 62 0.000820762
4 63 0.00112432
4 64 0.00153817
4 65 0.0020506
4 66 0.00264587
4 67 0.00330392
4 68 0.00400024
4 69 0.00470609
4 70 0.00538914
4 71 0.0060146
4 72 0.00654703
4 73 0.00695263
4 74 0.00720209
4 75 0.00727355
4 76 0.0071555
4 77 0.00684901
4 78 0.00636896
4 79 0.0057437
4 80 0.00501304
4 81 0.00422444
4 82 0.00342798
4 83 0.00267067
4 84 0.00199109
4 85 0.00141548
4 86 0.000955849
4 87 0.000610646
4 88 0.000367522
4 89 0.000207508
4 90 0.000109459
4 91 5.37334e-05
4 92 2.4461e-05
4 93 1.02942e-05
4 94 3.9944e-06
4 95 1.42595e-06
4 96 4.67499e-07
4 97 1.40561e-07
4 98 3.87124e-08
4 99 9.757e-09
4 100 2.24849e-09
4 101 4.73383e-10
4 102 9.09735e-11
4 103 1.59438e-11
4 104 2.54553e-12
4 105 3.69764e-13
4 106 4.87956e-14
4 107 5.83931e-15
4 108 6.32315e-16
4 109 6.17976e-17
4 110 5.43415e-18
4 111 4.28352e-19
4 112 3.01326e-20
4 113 1.88145e-21
4 114 1.03589e-22
4 115 4.9887e-24
4 116 2.08036e-25
4 117 7.41709e-27
4 118 2.22502e-28
4 119 0

5 0 0
5 1 2.112e-28
5 2 7.16171e-27
5 3 2.04394e-25
5 4 4.9887e-24
5 5 1.05465e-22
5 6 1.95077e-21
5 7 3.18269e-20
5 8 4.61026e-19
5 9 5.96133e-18
5 10 6.91172e-17
5 11 7.21208e-16
5 12 6.79366e-15
5 13 5.79198e-14
5 14 4.47871e-13
5 15 3.14661e-12
5 16 2.01152e-11
5 17 1.17143e-10
5 18 6.22071e-10
5 19 3.01477e-09
5 20 1.33433e-08
5 21 5.397e-08
5 22 1.99619e-07
5 23 6.75655e-07
5 24 2.09459e-06
5 25 5.95383e-06
5 26 1.55393e-05
5 27 3.73062e-05
5 28 8.25716e-05
5 29 0.000168956
5 30 0.00032064
5 31 0.000566432
5 32 0.000935161
5 33 0.00144884
5 34 0.00211512
5 35 0.00292112
5 36 0.00383059
5 37 0.00478547
5 38 0.00571183
5 39 0.00652894
5 40 0.00715954
5 41 0.00753945
5 42 0.00762468
5 43 0.00739531
5 44 0.00685588
5 45 0.00603277
5 46 0.00496948
5 47 0.00372083
5 48 0.00234703
5 49 0.000908365
5 50 -0.000538966
5 51 -0.00194576
5 52 -0.00327135
5 53 -0.00448404
5 54 -0.00556063
5 55 -0.00648532
5 56 -0.00724827
5 57 -0.00784406
5 58 -0.00827021
5 59 -0.00852595
5 60 -0.00861118
5 61 -0.00852595
5 62 -0.00827021
5 63 -0.00784406
5 64 -0.00724827
5 65 -0.00648532
5 66 -0.00556063
5 67 -0.00448404
5 68 -0.00327135
5 69 -0.00194576
5 70 -0.000538966
5 71 0.000908365
5 72 0.00234703
5 73 0.00372083
5 74 0.00496948
5 75 0.00603277
5 76 0.00685588
5 77 0.00739531
5 78 0.00762468
5 79 0.00753945
5 80 0.00715954
5 81 0.00652894
5 82 0.00571183
5 83 0.00478547
5 84 0.00383059
5 85 0.00292112
5 86 0.00211512
5 87 0.00144884
5 88 0.000935161
5 89 0.000566432
5 90 0.00032064
5 91 0.000168956
5 92 8.25716e-05
5 93 3.73062e-05
5 94 1.55393e-05
5 95 5.95383e-06
5 96 2.09459e-06
5 97 6.75655e-07
5 98 1.99619e-07
5 99 5.397e-08
5 100 1.33433e-08
5 101 3.01477e-09
5 102 6.22071e-10
5 103 1.17143e-10
5 104 2.01152e-11
5 105 3.14661e-12
5 106 4.47871e-13
5 107 5.79198e-14
5 108 6.79366e-15
5 109 7.21208e-16
5 110 6.91172e-17
5 111 5.96133e-18
5 112 4.61026e-19
5 113 3.18269e-20
5 114 1.95077e-21
5 115 1.05465e-22
5 116 4.9887e-24
5 117 2.04395e-25
5 118 7.16692e-27
5 119 0

6 0 0
6 1 6.68173e-27
6 2 1.93845e-25
6 3 4.81416e-24
6 4 1.03589e-22
6 5 1.95077e-21
6 6 3.24124e-20
6 7 4.7828e-19
6 8 6.30173e-18
6 9 7.44693e-17
6 10 7.92205e-16
6 11 7.60975e-15
6 12 6.61724e-14
6 13 5.21994e-13
6 14 3.74179e-12
6 15 2.44076e-11
6 16 1.45041e-10
6 17 7.85887e-10
6 18 3.88548e-09
6 19 1.75385e-08
6 20 7.23119e-08
6 21 2.72453e-07
6 22 9.38519e-07
6 23 2.9574e-06
6 24 8.53138e-06
6 25 2.25533e-05
6 26 5.47115e-05
6 27 0.000122015
6 28 0.000250735
6 29 0.000476112
6 30 0.000838164
6 31 0.00137297
6 32 0.00210081
6 33 0.00301424
6 34 0.00407023
6 35 0.00518937
6 36 0.00626323
6 37 0.00716862
6 38 0.00778539
6 39 0.00801381
6 40 0.00778814
6 41 0.00708397
6 42 0.00591893
6 43 0.00434739
6 44 0.00245117
6 45 0.00032816
6 46 -0.00191895
6 47 -0.00419246
6 48 -0.00640697
6 49 -0.00849387
6 50 -0.0104033
6 51 -0.0121036
6 52 -0.0135796
6 53 -0.0148295
6 54 -0.0158617
6 55 -0.0166907
6 56 -0.0173348
6 57 -0.0178124
6 58 -0.0181401
6 59 -0.0183311
6 60 -0.0183938
6 61 -0.0183311
6 62 -0.0181401
6 63 -0.0178124
6 64 -0.0173348
6 65 -0.0166907
6 66 -0.0158617
6 67 -0.0148295
6 68 -0.0135796
6 69 -0.0121036
6 70 -0.0104033
6 71 -0.00849387
6 72 -0.00640697
6 73 -0.00419246
6 74 -0.00191895
6 75 0.00032816
6 76 0.00245117
6 77 0.00434739
6 78 0.00591893
6 79 0.00708397
6 80 0.00778814
6 81 0.00801381
6 82 0.00778539
6 83 0.00716862
6 84 0.00626323
6 85 0.00518937
6 86 0.00407023
6 87 0.00301424
6 88 0.00210081
6 89 0.00137297
6 90 0.000838164
6 91 0.000476112
6 92 0.000250735
6 93 0.000122015
6 94 5.47115e-05
6 95 2.25533e-05
6 96 8.53138e-06
6 97 2.9574e-06
6 98 9.38519e-07
6 99 2.72453e-07
6 100 7.23119e-08
6 101 1.75385e-08
6 102 3.88548e-09
6 103 7.85887e-10
6 104 1.45041e-10
6 105 2.44076e-11
6 106 3.74179e-12
6 107 5.21994e-13
6 108 6.61724e-14
6 109 7.60975e-15
6 110 7.92205e-16
6 111 7.44693e-17
6 112 6.30173e-18
6 113 4.7828e-19
6 114 3.24124e-20
6 115 1.95077e-21
6 116 1.03589e-22
6 117 4.81417e-24
6 118 1.94041e-25
6 119 0

7 0 0
7 1 1.77631e-25
7 2 4.4831e-24
7 3 9.81576e-23
7 4 1.88145e-21
7 5 3.18269e-20
7 6 4.7828e-19
7 7 6.41943e-18
7 8 7.72978e-17
7 9 8.38094e-16
7 10 8.20722e-15
7 11 7.27729e-14
7 12 5.85475e-13
7 13 4.28097e-12
7 14 2.84875e-11
7 15 1.72705e-10
7 16 9.54658e-10
7 17 4.81444e-09
7 18 2.21611e-08
7 19 9.31373e-08
7 20 3.57478e-07
7 21 1.25333e-06
7 22 4.01507e-06
7 23 1.17571e-05
7 24 3.14884e-05
7 25 7.72032e-05
7 26 0.000173508
7 27 0.000358071
7 28 0.000680111
7 29 0.00119222
7 30 0.00193499
7 31 0.00291757
7 32 0.00410045
7 33 0.00538768
7 34 0.00663268
7 35 0.00765797
7 36 0.00828385
7 37 0.00835908
7 38 0.00778608
7 39 0.00653544
7 40 0.00464799
7 41 0.00222529
7 42 -0.000587773
7 43 -0.00362412
7 44 -0.00671524
7 45 -0.00970855
7 46 -0.0124795
7 47 -0.0149382
7 48 -0.0170309
7 49 -0.018737
7 50 -0.0200648
7 51 -0.0210439
7 52 -0.021719
7 53 -0.0221434
7 54 -0.0223732
7 55 -0.0224632
7 56 -0.0224634
7 57 -0.0224171
7 58 -0.0223588
7 59 -0.0223136
7 60 -0.0222968
7 61 -0.0223136
7 62 -0.0223588
7 63 -0.0224171
7 64 -0.0224634
7 65 -0.0224632
7 66 -0.0223732
7 67 -0.0221434
7 68 -0.021719
7 69 -0.0210439
7 70 -0.0200648
7 71 -0.018737
7 72 -0.0170309
7 73 -0.0149382
7 74 -0.0124795
7 75 -0.00970855
7 76 -0.00671524
7 77 -0.00362412
7 78 -0.000587773
7 79 0.00222529
7 80 0.00464799
7 81 0.00653544
7 82 0.00778608
7 83 0.00835908
7 84 0.00828385
7 85 0.00765797
7 86 0.00663268
7 87 0.00538768
7 88 0.00410045
7 89 0.00291757
7 90 0.00193499
7 91 0.00119222
7 92 0.000680111
7 93 0.000358071
7 94 0.000173508
7 95 7.72032e-05
7 96 3.14884e-05
7 97 1.17571e-05
7 98 4.01507e-06
7 99 1.25333e-06
7 100 3.57478e-07
7 101 9.31373e-08
7 102 2.21611e-08
7 103 4.81444e-09
7 104 9.54658e-10
7 105 1.72705e-10
7 106 2.84875e-11
7 107 4.28097e-12
7 108 5.85475e-13
7 109 7.27729e-14
7 110 8.20722e-15
7 111 8.38094e-16
7 112 7.72978e-17
7 113 6.41943e-18
7 114 4.7828e-19
7 115 3.18269e-20
7 116 1.88145e-21
7 117 9.81578e-23
7 118 4.4892e-24
7 119 0

8 0 0
8 1 4.03394e-24
8 2 8.97276e-23
8 3 1.75006e-21
8 4 3.01326e-20
8 5 4.61026e-19
8 6 6.30173e-18
8 7 7.72978e-17
8 8 8.53971e-16
8 9 8.52322e-15
8 10 7.70431e-14
8 11 6.32002e-13
8 12 4.71273e-12
8 13 3.1986e-11
8 14 1.97796e-10
8 15 1.11523e-09
8 16 5.73622e-09
8 17 2.69241e-08
8 18 1.15341e-07
8 19 4.50997e-07
8 20 1.60957e-06
8 21 5.24303e-06
8 22 1.55885e-05
8 23 4.23111e-05
8 24 0.000104882
8 25 0.000237611
8 26 0.000492535
8 27 0.000935651
8 28 0.00163229
8 29 0.00262155
8 30 0.00388627
8 31 0.00533054
8 32 0.00677638
8 33 0.00798491
8 34 0.00869813
8 35 0.00868984
8 36 0.00781151
8 37 0.00602155
8 38 0.00339201
8 39 9.37559e-05
8 40 -0.00363401
8 41 -0.00752148
8 42 -0.011305
8 43 -0.014757
8 44 -0.0177052
8 45 -0.0200415
8 46 -0.0217207
8 47 -0.0227529
8 48 -0.0231917
8 49 -0.0231206
8 50 -0.0226405
8 51 -0.0218585
8 52 -0.0208796
8 53 -0.0198008
8 54 -0.0187073
8 55 -0.0176711
8 56 -0.0167503
8 57 -0.0159905
8 58 -0.0154252
8 59 -0.0150772
8 60 -0.0149597
8 61 -0.0150772
8 62 -0.0154252
8 63 -0.0159905
8 64 -0.0167503
8 65 -0.0176711
8 66 -0.0187073
8 67 -0.0198008
8 68 -0.0208796
8 69 -0.0218585
8 70 -0.0226405
8 71 -0.0231206
8 72 -0.0231917
8 73 -0.0227529
8 74 -0.0217207
8 75 -0.0200415
8 76 -0.0177052
8 77 -0.014757
8 78 -0.011305
8 79 -0.00752148
8 80 -0.00363401
8 81 9.37559e-05
8 82 0.00339201
8 83 0.00602155
8 84 0.00781151
8 85 0.00868984
8 86 0.00869813
8 87 0.00798491
8 88 0.00677638
8 89 0.00533054
8 90 0.00388627
8 91 0.00262155
8 92 0.00163229
8 93 0.000935651
8 94 0.000492535
8 95 0.000237611
8 96 0.000104882
8 97 4.23111e-05
8 98 1.55885e-05
8 99 5.24303e-06
8 100 1.60957e-06
8 101 4.50997e-07
8 102 1.15341e-07
8 103 2.69241e-08
8 104 5.73622e-09
8 105 1.11523e-09
8 106 1.97796e-10
8 107 3.1986e-11
8 108 4.71273e-12
8 109 6.32002e-13
8 110 7.70431e-14
8 111 8.52322e-15
8 112 8.53971e-16
8 113 7.72978e-17
8 114 6.30173e-18
8 115 4.61026e-19
8 116 3.01326e-20
8 117 1.75007e-21
8 118 8.98865e-23
8 119 0

9 0 0
9 1 7.92612e-23
9 2 1.5699e-21
9 3 2.75057e-20
9 4 4.28352e-19
9 5 5.96133e-18
9 6 7.44693e-17
9 7 8.38094e-16
9 8 8.52322e-15
9 9 7.85211e-14
9 10 6.56625e-13
9 11 4.99227e-12
9 12 3.45523e-11
9 13 2.17905e-10
9 14 1.25303e-09
9 15 6.57266e-09
9 16 3.1456e-08
9 17 1.37359e-07
9 18 5.47204e-07
9 19 1.98826e-06
9 20 6.58713e-06
9 21 1.9892e-05
9 22 5.47398e-05
9 23 0.000137251
9 24 0.000313588
9 25 0.000653144
9 26 0.0012411
9 27 0.00215405
9 28 0.0034197
9 29 0.00497309
9 30 0.00663057
9 31 0.00809982
9 32 0.00902999
9 33 0.00908883
9 34 0.00804254
9 35 0.0058138
9 36 0.00250256
9 37 -0.00163284
9 38 -0.00622509
9 39 -0.0108624
9 40 -0.0151517
9 41 -0.0187692
9 42 -0.0214906
9 43 -0.0232015
9 44 -0.0238903
9 45 -0.0236294
9 46 -0.0225514
9 47 -0.0208236
9 48 -0.018626
9 49 -0.0161338
9 50 -0.0135051
9 51 -0.0108742
9 52 -0.00834922
9 53 -0.0060121
9 54 -0.00392178
9 55 -0.00211788
9 56 -0.000625047
9 57 0.000542913
9 58 0.00137931
9 59 0.00188155
9 60 0.00204899
9 61 0.00188155
9 62 0.00137931
9 63 0.000542913
9 64 -0.000625047
9 65 -0.00211788
9 66 -0.00392178
9 67 -0.0060121
9 68 -0.00834922
9 69 -0.0108742
9 70 -0.0135051
9 71 -0.0161338
9 72 -0.018626
9 73 -0.0208236
9 74 -0.0225514
9 75 -0.0236294
9 76 -0.0238903
9 77 -0.0232015
9 78 -0.0214906
9 79 -0.0187692
9 80 -0.0151517
9 81 -0.0108624
9 82 -0.00622509
9 83 -0.00163284
9 84 0.00250256
9 85 0.0058138
9 86 0.00804254
9 87 0.00908883
9 88 0.00902999
9 89 0.00809982
9 90 0.00663057
9 91 0.00497309
9 92 0.0034197
9 93 0.00215405
9 94 0.0012411
9 95 0.000653144
9 96 0.000313588
9 97 0.000137251
9 98 5.47398e-05
9 99 1.9892e-05
9 100 6.58713e-06
9 101 1.98826e-06
9 102 5.47204e-07
9 103 1.37359e-07
9 104 3.1456e-08
9 105 6.57266e-09
9 106 1.25303e-09
9 107 2.17905e-10
9 108 3.45523e-11
9 109 4.99227e-12
9 110 6.56625e-13
9 111 7.85211e-14
9 112 8.52322e-15
9 113 8.38094e-16
9 114 7.44693e-17
9 115 5.96133e-18
9 116 4.28352e-19
9 117 2.75058e-20
9 118 1.57343e-21
9 119 0

10 0 0
10 1 1.36109e-21
10 2 2.42063e-20
10 3 3.83608e-19
10 4 5.43415e-18
10 5 6.91172e-17
10 6 7.92205e-16
10 7 8.20722e-15
10 8 7.70431e-14
10 9 6.56625e-13
10 10 5.08907e-12
10 11 3.59112e-11
10 12 2.30932e-10
10 13 1.35416e-09
10 14 7.24329e-09
10 15 3.53453e-08
10 16 1.5733e-07
10 17 6.38625e-07
10 18 2.36286e-06
10 19 7.96407e-06
10 20 2.44368e-05
10 21 6.82119e-05
10 22 0.000173097
10 23 0.000399102
10 24 0.000835731
10 25 0.00158913
10 26 0.0027439
10 27 0.00430259
10 28 0.00612513
10 29 0.00790395
10 30 0.00920171
10 31 0.0095502
10 32 0.00857779
10 33 0.00611973
10 34 0.00227403
10 35 -0.00261172
10 36 -0.00801259
10 37 -0.0133311
10 38 -0.0180037
10 39 -0.0215851
10 40 -0.0237964
10 41 -0.0245366
10 42 -0.0238635
10 43 -0.0219561
10 44 -0.0190692
10 45 -0.0154894
10 46 -0.0114998
10 47 -0.0073538
10 48 -0.00326046
10 49 0.000621432
10 50 0.00418242
10 51 0.00735688
10 52 0.0101151
10 53 0.0124546
10 54 0.0143916
10 55 0.0159534
10 56 0.0171723
10 57 0.0180808
10 58 0.0187072
10 59 0.0190738
10 60 0.0191944
10 61 0.0190738
10 62 0.0187072
10 63 0.0180808
10 64 0.0171723
10 65 0.0159534
10 66 0.0143916
10 67 0.0124546
10 68 0.0101151
10 69 0.00735688
10 70 0.00418242
10 71 0.000621432
10 72 -0.00326046
10 73 -0.0073538
10 74 -0.0114998
10 75 -0.0154894
10 76 -0.0190692
10 77 -0.0219561
10 78 -0.0238635
10 79 -0.0245366
10 80 -0.0237964
10 81 -0.0215851
10 82 -0.0180037
10 83 -0.0133311
10 84 -0.00801259
10 85 -0.00261172
10 86 0.00227403
10 87 0.00611973
10 88 0.00857779
10 89 0.0095502
10 90 0.00920171
10 91 0.00790395
10 92 0.00612513
10 93 0.00430259
10 94 0.0027439
10 95 0.00158913
10 96 0.000835731
10 97 0.000399102
10 98 0.000173097
10 99 6.82119e-05
10 100 2.44368e-05
10 101 7.96407e-06
10 102 2.36286e-06
10 103 6.38625e-07
10 104 1.5733e-07
10 105 3.53453e-08
10 106 7.24329e-09
10 107 1.35416e-09
10 108 2.30932e-10
10 109 3.59112e-11
10 110 5.08907e-12
10 111 6.56625e-13
10 112 7.70431e-14
10 113 8.20722e-15
10 114 7.92205e-16
10 115 6.91172e-17
10 116 5.43415e-18
10 117 3.83611e-19
10 118 2.42743e-20
10 119 0

11 0 0
11 1 2.05935e-20
11 2 3.31098e-19
11 3 4.77307e-18
11 4 6.17976e-17
11 5 7.21208e-16
11 6 7.60975e-15
11 7 7.27729e-14
11 8 6.32002e-13
11 9 4.99227e-12
11 10 3.59112e-11
11 11 2.35445e-10
11 12 1.40773e-09
11 13 7.67786e-09
11 14 3.81999e-08
11 15 1.73335e-07
11 16 7.17001e-07
11 17 2.70193e-06
11 18 9.26797e-06
11 19 2.89077e-05
11 20 8.18969e-05
11 21 0.000210482
11 22 0.000490121
11 23 0.0010327
11 24 0.0019664
11 25 0.0033791
11 26 0.00523148
11 27 0.00727713
11 28 0.00904683
11 29 0.00993531
11 30 0.00937433
11 31 0.0070241
11 32 0.00290414
11 33 -0.00258481
11 34 -0.0087487
11 35 -0.0147594
11 36 -0.0198294
11 37 -0.0233526
11 38 -0.0249842
11 39 -0.0246545
11 40 -0.0225304
11 41 -0.0189457
11 42 -0.0143227
11 43 -0.00910069
11 44 -0.00368195
11 45 0.00160176
11 46 0.00650442
11 47 0.0108662
11 48 0.014604
11 49 0.0176973
11 50 0.020172
11 51 0.022085
11 52 0.0235113
11 53 0.0245335
11 54 0.0252339
11 55 0.0256892
11 56 0.025967
11 57 0.0261239
11 58 0.0262042
11 59 0.0262397
11 60 0.0262494
11 61 0.0262397
11 62 0.0262042
11 63 0.0261239
11 64 0.025967
11 65 0.0256892
11 66 0.0252339
11 67 0.0245335
11 68 0.0235113
11 69 0.022085
11 70 0.020172
11 71 0.0176973
11 72 0.014604
11 73 0.0108662
11 74 0.00650442
11 75 0.00160176
11 76 -0.00368195
11 77 -0.00910069
11 78 -0.0143227
11 79 -0.0189457
11 80 -0.0225304
11 81 -0.0246545
11 82 -0.0249842
11 83 -0.0233526
11 84 -0.0198294
11 85 -0.0147594
11 86 -0.0087487
11 87 -0.00258481
11 88 0.00290414
11 89 0.0070241
11 90 0.00937433
11 91 0.00993531
11 92 0.00904683
11 93 0.00727713
11 94 0.00523148
11 95 0.0033791
11 96 0.0019664
11 97 0.0010327
11 98 0.000490121
11 99 0.000210482
11 100 8.18969e-05
11 101 2.89077e-05
11 102 9.26797e-06
11 103 2.70193e-06
11 104 7.17001e-07
11 105 1.73335e-07
11 106 3.81999e-08
11 107 7.67786e-09
11 108 1.40773e-09
11 109 2.35445e-10
11 110 3.59112e-11
11 111 4.99227e-12
11 112 6.32002e-13
11 113 7.27729e-14
11 114 7.60975e-15
11 115 7.21208e-16
11 116 6.17976e-17
11 117 4.77313e-18
11 118 3.3224e-19
11 119 0

12 0 0
12 1 2.76345e-19
12 2 4.03933e-18
12 3 5.32232e-17
12 4 6.32315e-16
12 5 6.79366e-15
12 6 6.61724e-14
12 7 5.85475e-13
12 8 4.71273e-12
12 9 3.45523e-11
12 10 2.30932e-10
12 11 1.40773e-09
12 12 7.8284e-09
12 13 3.9712e-08
12 14 1.83705e-07
12 15 7.74485e-07
12 16 2.97327e-06
12 17 1.03828e-05
12 18 3.29362e-05
12 19 9.47645e-05
12 20 0.000246866
12 21 0.000581109
12 22 0.00123333
12 23 0.00235417
12 24 0.00402944
12 25 0.00616024
12 26 0.00836165
12 27 0.0099678
12 28 0.0101955
12 29 0.0084216
12 30 0.00444673
12 31 -0.00138218
12 32 -0.0082378
12 33 -0.015028
12 34 -0.0206704
12 35 -0.0243299
12 36 -0.025557
12 37 -0.0243129
12 38 -0.0209033
12 39 -0.0158595
12 40 -0.00980996
12 41 -0.00336953
12 42 0.00293693
12 43 0.0087144
12 44 0.0137071
12 45 0.017786
12 46 0.0209256
12 47 0.0231753
12 48 0.0246333
12 49 0.0254243
12 50 0.025682
12 51 0.0255376
12 52 0.0251122
12 53 0.0245125
12 54 0.0238294
12 55 0.0231378
12 56 0.0224976
12 57 0.0219551
12 58 0.0215446
12 59 0.0212892
12 60 0.0212026
12 61 0.0212892
12 62 0.0215446
12 63 0.0219551
12 64 0.0224976
12 65 0.0231378
12 66 0.0238294
12 67 0.0245125
12 68 0.0251122
12 69 0.0255376
12 70 0.025682
12 71 0.0254243
12 72 0.0246333
12 73 0.0231753
12 74 0.0209256
12 75 0.017786
12 76 0.0137071
12 77 0.0087144
12 78 0.00293693
12 79 -0.00336953
12 80 -0.00980996
12 81 -0.0158595
12 82 -0.0209033
12 83 -0.0243129
12 84 -0.025557
12 85 -0.0243299
12 86 -0.0206704
12 87 -0.015028
12 88 -0.0082378
12 89 -0.00138218
12 90 0.00444673
12 91 0.0084216
12 92 0.0101955
12 93 0.0099678
12 94 0.00836165
12 95 0.00616024
12 96 0.00402944
12 97 0.00235417
12 98 0.00123333
12 99 0.000581109
12 100 0.000246866
12 101 9.47645e-05
12 102 3.29362e-05
12 103 1.03828e-05
12 104 2.97327e-06
12 105 7.74485e-07
12 106 1.83705e-07
12 107 3.9712e-08
12 108 7.8284e-09
12 109 1.40773e-09
12 110 2.30932e-10
12 111 3.45523e-11
12 112 4.71273e-12
12 113 5.85475e-13
12 114 6.61724e-14
12 115 6.79366e-15
12 116 6.32315e-16
12 117 5.32242e-17
12 118 4.05622e-18
12 119 0

13 0 0
13 1 3.30686e-18
13 2 4.41508e-17
13 3 5.33847e-16
13 4 5.83931e-15
13 5 5.79198e-14
13 6 5.21994e-13
13 7 4.28097e-12
13 8 3.1986e-11
13 9 2.17905e-10
13 10 1.35416e-09
13 11 7.67786e-09
13 12 3.9712e-08
13 13 1.87296e-07
13 14 8.04919e-07
13 15 3.14887e-06
13 16 1.11987e-05
13 17 3.6149e-05
13 18 0.000105704
13 19 0.000279361
13 20 0.000665511
13 21 0.00142459
13 22 0.00272978
13 23 0.00466009
13 24 0.00704116
13 25 0.00932042
13 26 0.0106069
13 27 0.0099445
13 28 0.00672754
13 29 0.00103404
13 30 -0.00631173
13 31 -0.013971
13 32 -0.0204887
13 33 -0.0246873
13 34 -0.0259215
13 35 -0.0241416
13 36 -0.0197954
13 37 -0.0136405
13 38 -0.00654033
13 39 0.000701703
13 40 0.00744557
13 41 0.0132569
13 42 0.0179011
13 43 0.0213091
13 44 0.0235329
13 45 0.0247011
13 46 0.0249818
13 47 0.0245562
13 48 0.0235998
13 49 0.0222732
13 50 0.0207161
13 51 0.0190464
13 52 0.0173608
13 53 0.0157371
13 54 0.0142359
13 55 0.0129037
13 56 0.0117751
13 57 0.0108751
13 58 0.0102213
13 59 0.00982479
13 60 0.00969195
13 61 0.00982479
13 62 0.0102213
13 63 0.0108751
13 64 0.0117751
13 65 0.0129037
13 66 0.0142359
13 67 0.0157371
13 68 0.0173608
13 69 0.0190464
13 70 0.0207161
13 71 0.0222732
13 72 0.0235998
13 73 0.0245562
13 74 0.0249818
13 75 0.0247011
13 76 0.0235329
13 77 0.0213091
13 78 0.0179011
13 79 0.0132569
13 80 0.00744557
13 81 0.000701703
13 82 -0.00654033
13 83 -0.0136405
13 84 -0.0197954
13 85 -0.0241416
13 86 -0.0259215
13 87 -0.0246873
13 88 -0.0204887
13 89 -0.013971
13 90 -0.00631173
13 91 0.00103404
13 92 0.00672754
13 93 0.0099445
13 94 0.0106069
13 95 0.00932042
13 96 0.00704116
13 97 0.00466009
13 98 0.00272978
13 99 0.00142459
13 100 0.000665511
13 101 0.000279361
13 102 0.000105704
13 103 3.6149e-05
13 104 1.11987e-05
13 105 3.14887e-06
13 106 8.04919e-07
13 107 1.87296e-07
13 108 3.9712e-08
13 109 7.67786e-09
13 110 1.35416e-09
13 111 2.17905e-10
13 112 3.1986e-11
13 113 4.28097e-12
13 114 5.21994e-13
13 115 5.79198e-14
13 116 5.83932e-15
13 117 5.33861e-16
13 118 4.43721e-17
13 119 0

14 0 0
14 1 3.5447e-17
14 2 4.33982e-16
14 3 4.83169e-15
14 4 4.87956e-14
14 5 4.47871e-13
14 6 3.74179e-12
14 7 2.84875e-11
14 8 1.97796e-10
14 9 1.25303e-09
14 10 7.24329e-09
14 11 3.81999e-08
14 12 1.83705e-07
14 13 8.04919e-07
14 14 3.20966e-06
14 15 1.16303e-05
14 16 3.82234e-05
14 17 0.000113679
14 18 0.000305103
14 19 0.000736494
14 20 0.00159251
14 21 0.00306882
14 22 0.00523513
14 23 0.00783079
14 24 0.0101138
14 25 0.0109485
14 26 0.00922435
14 27 0.00444271
14 28 -0.00289178
14 29 -0.0113476
14 30 -0.0190611
14 31 -0.0243587
14 32 -0.0262259
14 33 -0.0244851
14 34 -0.0196841
14 35 -0.0128129
14 36 -0.00499226
14 37 0.00277354
14 38 0.00973686
14 39 0.0154423
14 40 0.0196948
14 41 0.0224941
14 42 0.0239619
14 43 0.0242849
14 44 0.0236711
14 45 0.0223259
14 46 0.0204391
14 47 0.0181788
14 48 0.0156919
14 49 0.0131027
14 50 0.0105156
14 51 0.00801581
14 52 0.00567041
14 53 0.00353084
14 54 0.00163413
14 55 5.98754e-06
14 56 -0.0013377
14 57 -0.00238739
14 58 -0.00313881
14 59 -0.00358984
14 60 -0.0037403
14 61 -0.00358984
14 62 -0.00313881
14 63 -0.00238739
14 64 -0.0013377
14 65 5.98754e-06
14 66 0.00163413
14 67 0.00353084
14 68 0.00567041
14 69 0.00801581
14 70 0.0105156
14 71 0.0131027
14 72 0.0156919
14 73 0.0181788
14 74 0.0204391
14 75 0.0223259
14 76 0.0236711
14 77 0.0242849
14 78 0.0239619
14 79 0.0224941
14 80 0.0196948
14 81 0.0154423
14 82 0.00973686
14 83 0.00277354
14 84 -0.00499226
14 85 -0.0128129
14 86 -0.0196841
14 87 -0.0244851
14 88 -0.0262259
14 89 -0.0243587
14 90 -0.0190611
14 91 -0.0113476
14 92 -0.00289178
14 93 0.00444271
14 94 0.00922435
14 95 0.0109485
14 96 0.0101138
14 97 0.00783079
14 98 0.00523513
14 99 0.00306882
14 100 0.00159251
14 101 0.000736494
14 102 0.000305103
14 103 0.000113679
14 104 3.82234e-05
14 105 1.16303e-05
14 106 3.20966e-06
14 107 8.04919e-07
14 108 1.83705e-07
14 109 3.81999e-08
14 110 7.24329e-09
14 111 1.25303e-09
14 112 1.97796e-10
14 113 2.84875e-11
14 114 3.74179e-12
14 115 4.47871e-13
14 116 4.87956e-14
14 117 4.83187e-15
14 118 4.36566e-16
14 119 0

15 0 0
15 1 3.41655e-16
15 2 3.84835e-15
15 3 3.95625e-14
15 4 3.69764e-13
15 5 3.14661e-12
15 6 2.44076e-11
15 7 1.72705e-10
15 8 1.11523e-09
15 9 6.57266e-09
15 10 3.53453e-08
15 11 1.73335e-07
15 12 7.74485e-07
15 13 3.14887e-06
15 14 1.16303e-05
15 15 3.89407e-05
15 16 0.000117887
15 17 0.000321648
15 18 0.000787834
15 19 0.00172377
15 20 0.00334768
15 21 0.00572102
15 22 0.00849428
15 23 0.0107254
15 24 0.0110249
15 25 0.00815149
15 26 0.00180495
15 27 -0.00694465
15 28 -0.015971
15 29 -0.0229592
15 30 -0.026262
15 31 -0.0253357
15 32 -0.0206964
15 33 -0.013542
15 34 -0.00527075
15 35 0.00289134
15 36 0.0100786
15 37 0.0158177
15 38 0.0199488
15 39 0.0225144
15 40 0.0236647
15 41 0.0235878
15 42 0.0224776
15 43 0.0205221
15 44 0.0179009
15 45 0.0147895
15 46 0.0113557
15 47 0.0077583
15 48 0.00414115
15 49 0.000627223
15 50 -0.00268343
15 51 -0.00571812
15 52 -0.00842771
15 53 -0.010787
15 54 -0.012788
15 55 -0.0144371
15 56 -0.0157488
15 57 -0.0167418
15 58 -0.017435
15 59 -0.0178441
15 60 -0.0179792
15 61 -0.0178441
15 62 -0.017435
15 63 -0.0167418
15 64 -0.0157488
15 65 -0.0144371
15 66 -0.012788
15 67 -0.010787
15 68 -0.00842771
15 69 -0.00571812
15 70 -0.00268343
15 71 0.000627223
15 72 0.00414115
15 73 0.0077583
15 74 0.0113557
15 75 0.0147895
15 76 0.0179009
15 77 0.0205221
15 78 0.0224776
15 79 0.0235878
15 80 0.0236647
15 81 0.0225144
15 82 0.0199488
15 83 0.0158177
15 84 0.0100786
15 85 0.00289134
15 86 -0.00527075
15 87 -0.013542
15 88 -0.0206964
15 89 -0.0253357
15 90 -0.026262
15 91 -0.0229592
15 92 -0.015971
15 93 -0.00694465
15 94 0.00180495
15 95 0.00815149
15 96 0.0110249
15 97 0.0107254
15 98 0.00849428
15 99 0.00572102
15 100 0.00334768
15 101 0.00172377
15 102 0.000787834
15 103 0.000321648
15 104 0.000117887
15 105 3.89407e-05
15 106 1.16303e-05
15 107 3.14887e-06
15 108 7.74485e-07
15 109 1.73335e-07
15 110 3.53453e-08
15 111 6.57266e-09
15 112 1.11523e-09
15 113 1.72705e-10
15 114 2.44076e-11
15 115 3.14661e-12
15 116 3.69765e-13
15 117 3.95645e-14
15 118 3.87536e-15
15 119 0

16 0 0
16 1 2.97042e-15
16 2 3.0867e-14
16 3 2.93713e-13
16 4 2.54553e-12
16 5 2.01152e-11
16 6 1.45041e-10
16 7 9.54658e-10
16 8 5.73622e-09
16 9 3.1456e-08
16 10 1.5733e-07
16 11 7.17001e-07
16 12 2.97327e-06
16 13 1.11987e-05
16 14 3.82234e-05
16 15 0.000117887
16 16 0.000327356
16 17 0.000814788
16 18 0.00180738
16 19 0.00354608
16 20 0.00608941
16 21 0.0090072
16 22 0.0111614
16 23 0.0109085
16 24 0.00689635
16 25 -0.000905695
16 26 -0.0107558
16 27 -0.0197973
16 28 -0.0254123
16 29 -0.0262861
16 30 -0.0226259
16 31 -0.0157223
16 32 -0.00727171
16 33 0.00122432
16 34 0.00875827
16 35 0.014816
16 36 0.0192447
16 37 0.0220848
16 38 0.0234346
16 39 0.023405
16 40 0.0221101
16 41 0.0196823
16 42 0.0162975
16 43 0.0121703
16 44 0.00754833
16 45 0.00269034
16 46 -0.00216137
16 47 -0.00679473
16 48 -0.0110497
16 49 -0.0148161
16 50 -0.0180384
16 51 -0.0207056
16 52 -0.0228422
16 53 -0.0244995
16 54 -0.0257414
16 55 -0.0266409
16 56 -0.0272659
16 57 -0.0276818
16 58 -0.0279387
16 59 -0.0280776
16 60 -0.0281206
16 61 -0.0280776
16 62 -0.0279387
16 63 -0.0276818
16 64 -0.0272659
16 65 -0.0266409
16 66 -0.0257414
16 67 -0.0244995
16 68 -0.0228422
16 69 -0.0207056
16 70 -0.0180384
16 71 -0.0148161
16 72 -0.0110497
16 73 -0.00679473
16 74 -0.00216137
16 75 0.00269034
16 76 0.00754833
16 77 0.0121703
16 78 0.0162975
16 79 0.0196823
16 80 0.0221101
16 81 0.023405
16 82 0.0234346
16 83 0.0220848
16 84 0.0192447
16 85 0.014816
16 86 0.00875827
16 87 0.00122432
16 88 -0.00727171
16 89 -0.0157223
16 90 -0.0226259
16 91 -0.0262861
16 92 -0.0254123
16 93 -0.0197973
16 94 -0.0107558
16 95 -0.000905695
16 96 0.00689635
16 97 0.0109085
16 98 0.0111614
16 99 0.0090072
16 100 0.00608941
16 101 0.00354608
16 102 0.00180738
16 103 0.000814788
16 104 0.000327356
16 105 0.000117887
16 106 3.82234e-05
16 107 1.11987e-05
16 108 2.97327e-06
16 109 7.17001e-07
16 110 1.5733e-07
16 111 3.1456e-08
16 112 5.73622e-09
16 113 9.54658e-10
16 114 1.45041e-10
16 115 2.01152e-11
16 116 2.54553e-12
16 117 2.93734e-13
16 118 3.11207e-14
16 119 0

17 0 0
17 1 2.33583e-14
17 2 2.24443e-13
17 3 1.98071e-12
17 4 1.59438e-11
17 5 1.17143e-10
17 6 7.85887e-10
17 7 4.81444e-09
17 8 2.69241e-08
17 9 1.37359e-07
17 10 6.38625e-07
17 11 2.70193e-06
17 12 1.03828e-05
17 13 3.6149e-05
17 14 0.000113679
17 15 0.000321648
17 16 0.000814788
17 17 0.00183609
17 18 0.00364919
17 19 0.00631912
17 20 0.00935491
17 21 0.0114433
17 22 0.0106958
17 23 0.00565347
17 24 -0.00341474
17 25 -0.0140398
17 26 -0.022643
17 27 -0.0264866
17 28 -0.0248932
17 29 -0.0190044
17 30 -0.0107685
17 31 -0.00203969
17 32 0.00593406
17 33 0.0125809
17 34 0.0177305
17 35 0.0213475
17 36 0.0234048
17 37 0.023833
17 38 0.0225892
17 39 0.0197393
17 40 0.0154748
17 41 0.0101272
17 42 0.00411484
17 43 -0.00212294
17 44 -0.00816892
17 45 -0.0136922
17 46 -0.0184545
17 47 -0.0223252
17 48 -0.0252705
17 49 -0.0273278
17 50 -0.0285974
17 51 -0.0292033
17 52 -0.0292942
17 53 -0.0290106
17 54 -0.0284911
17 55 -0.027853
17 56 -0.0271987
17 57 -0.0266086
17 58 -0.0261444
17 59 -0.0258493
17 60 -0.0257479
17 61 -0.0258493
17 62 -0.0261444
17 63 -0.0266086
17 64 -0.0271987
17 65 -0.027853
17 66 -0.0284911
17 67 -0.0290106
17 68 -0.0292942
17 69 -0.0292033
17 70 -0.0285974
17 71 -0.0273278
17 72 -0.0252705
17 73 -0.0223252
17 74 -0.0184545
17 75 -0.0136922
17 76 -0.00816892
17 77 -0.00212294
17 78 0.00411484
17 79 0.0101272
17 80 0.0154748
17 81 0.0197393
17 82 0.0225892
17 83 0.023833
17 84 0.0234048
17 85 0.0213475
17 86 0.0177305
17 87 0.0125809
17 88 0.00593406
17 89 -0.00203969
17 90 -0.0107685
17 91 -0.0190044
17 92 -0.0248932
17 93 -0.0264866
17 94 -0.022643
17 95 -0.0140398
17 96 -0.00341474
17 97 0.00565347
17 98 0.0106958
17 99 0.0114433
17 100 0.00935491
17 101 0.00631912
17 102 0.00364919
17 103 0.00183609
17 104 0.000814788
17 105 0.000321648
17 106 0.000113679
17 107 3.6149e-05
17 108 1.03828e-05
17 109 2.70193e-06
17 110 6.38625e-07
17 111 1.37359e-07
17 112 2.69241e-08
17 113 4.81444e-09
17 114 7.85887e-10
17 115 1.17143e-10
17 116 1.59438e-11
17 117 1.9809e-12
17 118 2.26589e-13
17 119 0

18 0 0
18 1 1.66514e-13
18 2 1.48228e-12
18 3 1.21522e-11
18 4 9.09735e-11
18 5 6.22071e-10
18 6 3.88548e-09
18 7 2.21611e-08
18 8 1.15341e-07
18 9 5.47204e-07
18 10 2.36286e-06
18 11 9.26797e-06
18 12 3.29362e-05
18 13 0.000105704
18 14 0.000305103
18 15 0.000787834
18 16 0.00180738
18 17 0.00364919
18 18 0.00639715
18 19 0.00953013
18 20 0.0115978
18 21 0.0104856
18 22 0.0046098
18 23 -0.00549023
18 24 -0.0166262
18 25 -0.024529
18 26 -0.0264973
18 27 -0.0227294
18 28 -0.0153581
18 29 -0.00669373
18 30 0.00169018
18 31 0.00904347
18 32 0.0151813
18 33 0.0200112
18 34 0.0232569
18 35 0.0245757
18 36 0.023698
18 37 0.0205601
18 38 0.0154332
18 39 0.00883739
18 40 0.00144398
18 41 -0.00602717
18 42 -0.0129666
18 43 -0.0189004
18 44 -0.0235442
18 45 -0.0267949
18 46 -0.0286768
18 47 -0.02934
18 48 -0.0289758
18 49 -0.0278211
18 50 -0.026103
18 51 -0.024035
18 52 -0.0218067
18 53 -0.0195664
18 54 -0.0174449
18 55 -0.0155261
18 56 -0.0138887
18 57 -0.0125701
18 58 -0.0116134
18 59 -0.0110278
18 60 -0.0108351
18 61 -0.0110278
18 62 -0.0116134
18 63 -0.0125701
18 64 -0.0138887
18 65 -0.0155261
18 66 -0.0174449
18 67 -0.0195664
18 68 -0.0218067
18 69 -0.024035
18 70 -0.026103
18 71 -0.0278211
18 72 -0.0289758
18 73 -0.02934
18 74 -0.0286768
18 75 -0.0267949
18 76 -0.0235442
18 77 -0.0189004
18 78 -0.0129666
18 79 -0.00602717
18 80 0.00144398
18 81 0.00883739
18 82 0.0154332
18 83 0.0205601
18 84 0.023698
18 85 0.0245757
18 86 0.0232569
18 87 0.0200112
18 88 0.0151813
18 89 0.00904347
18 90 0.00169018
18 91 -0.00669373
18 92 -0.0153581
18 93 -0.0227294
18 94 -0.0264973
18 95 -0.024529
18 96 -0.0166262
18 97 -0.00549023
18 98 0.0046098
18 99 0.0104856
18 100 0.0115978
18 101 0.00953013
18 102 0.00639715
18 103 0.00364919
18 104 0.00180738
18 105 0.000787834
18 106 0.000305103
18 107 0.000105704
18 108 3.29362e-05
18 109 9.26797e-06
18 110 2.36286e-06
18 111 5.47204e-07
18 112 1.15341e-07
18 113 2.21611e-08
18 114 3.88548e-09
18 115 6.22071e-10
18 116 9.09737e-11
18 117 1.21538e-11
18 118 1.49869e-12
18 119 0

19 0 0
19 1 1.07821e-12
19 2 8.90598e-12
19 3 6.79218e-11
19 4 4.73383e-10
19 5 3.01477e-09
19 6 1.75385e-08
19 7 9.31373e-08
19 8 4.50997e-07
19 9 1.98826e-06
19 10 7.96407e-06
19 11 2.89077e-05
19 12 9.47645e-05
19 13 0.000279361
19 14 0.000736494
19 15 0.00172377
19 16 0.00354608
19 17 0.00631912
19 18 0.00953013
19 19 0.0116467
19 20 0.0103582
19 21 0.00391766
19 22 -0.00696172
19 23 -0.0184522
19 24 -0.0256266
19 25 -0.0258852
19 26 -0.02042
19 27 -0.0123094
19 28 -0.00384642
19 29 0.00409327
19 30 0.0112636
19 31 0.0174992
19 32 0.0223857
19 33 0.0251429
19 34 0.0251039
19 35 0.0220885
19 36 0.0163774
19 37 0.00874089
19 38 0.00020954
19 39 -0.00823915
19 40 -0.0157407
19 41 -0.0217279
19 42 -0.0259227
19 43 -0.0282557
19 44 -0.028892
19 45 -0.0280635
19 46 -0.0260898
19 47 -0.0232912
19 48 -0.0199545
19 49 -0.016359
19 50 -0.0126954
19 51 -0.00915389
19 52 -0.00583437
19 53 -0.00284002
19 54 -0.000208794
19 55 0.00201944
19 56 0.00383905
19 57 0.00524546
19 58 0.00624308
19 59 0.00683971
19 60 0.00703665
19 61 0.00683971
19 62 0.00624308
19 63 0.00524546
19 64 0.00383905
19 65 0.00201944
19 66 -0.000208794
19 67 -0.00284002
19 68 -0.00583437
19 69 -0.00915389
19 70 -0.0126954
19 71 -0.016359
19 72 -0.0199545
19 73 -0.0232912
19 74 -0.0260898
19 75 -0.0280635
19 76 -0.028892
19 77 -0.0282557
19 78 -0.0259227
19 79 -0.0217279
19 80 -0.0157407
19 81 -0.00823915
19 82 0.00020954
19 83 0.00874089
19 84 0.0163774
19 85 0.0220885
19 86 0.0251039
19 87 0.0251429
19 88 0.0223857
19 89 0.0174992
19 90 0.0112636
19 91 0.00409327
19 92 -0.00384642
19 93 -0.0123094
19 94 -0.02042
19 95 -0.0258852
19 96 -0.0256266
19 97 -0.0184522
19 98 -0.00696172
19 99 0.00391766
19 100 0.0103582
19 101 0.0116467
19 102 0.00953013
19 103 0.00631912
19 104 0.00354608
19 105 0.00172377
19 106 0.000736494
19 107 0.000279361
19 108 9.47645e-05
19 109 2.89077e-05
19 110 7.96407e-06
19 111 1.98826e-06
19 112 4.50997e-07
19 113 9.31373e-08
19 114 1.75385e-08
19 115 3.01477e-09
19 116 4.73384e-10
19 117 6.79336e-11
19 118 9.0196e-12
19 119 0

20 0 0
20 1 6.35258e-12
20 2 4.87502e-11
20 3 3.46251e-10
20 4 2.24849e-09
20 5 1.33433e-08
20 6 7.23119e-08
20 7 3.57478e-07
20 8 1.60957e-06
20 9 6.58713e-06
20 10 2.44368e-05
20 11 8.18969e-05
20 12 0.000246866
20 13 0.000665511
20 14 0.00159251
20 15 0.00334768
20 16 0.00608941
20 17 0.00935491
20 18 0.0115978
20 19 0.0103582
20 20 0.00367562
20 21 -0.00772248
20 22 -0.0195262
20 23 -0.0261729
20 24 -0.0250915
20 25 -0.0184298
20 26 -0.0101266
20 27 -0.002138
20 28 0.00565782
20 29 0.0132905
20 30 0.0200117
20 31 0.0247678
20 32 0.0263738
20 33 0.0241389
20 34 0.0184404
20 35 0.0102643
20 36 0.000895774
20 37 -0.00826091
20 38 -0.0162114
20 39 -0.0223036
20 40 -0.0262079
20 41 -0.0279988
20 42 -0.0278356
20 43 -0.0260615
20 44 -0.0230516
20 45 -0.0191355
20 46 -0.0147008
20 47 -0.00999019
20 48 -0.00529095
20 49 -0.000764581
20 50 0.0034381
20 51 0.00722074
20 52 0.0105519
20 53 0.0133834
20 54 0.0157614
20 55 0.0176662
20 56 0.019178
20 57 0.020285
