0 0 0
0 1 0
0 2 0
0 3 0
0 4 0
0 5 0
0 6 0
0 7 0
0 8 0
0 9 0
0 10 0
0 11 0
0 12 0
0 13 0
0 14 0
0 15 0
0 16 0
0 17 0
0 18 0
0 19 0
0 20 0
0 21 0
0 22 0
0 23 0
0 24 0
0 25 0
0 26 0
0 27 0
0 28 0
0 29 0
0 30 0
0 31 0
0 32 0
0 33 0
0 34 0
0 35 0
0 36 0
0 37 0
0 38 0
0 39 0
0 40 0
0 41 0
0 42 0
0 43 0
0 44 0
0 45 0
0 46 0
0 47 0
0 48 0
0 49 0
0 50 0
0 51 0
0 52 0
0 53 0
0 54 0
0 55 0
0 56 0
0 57 0
0 58 0
0 59 0
0 60 0
0 61 0
0 62 0
0 63 0
0 64 0
0 65 0
0 66 0
0 67 0
0 68 0
0 69 0
0 70 0
0 71 0
0 72 0
0 73 0
0 74 0
0 75 0
0 76 0
0 77 0
0 78 0
0 79 0
0 80 0
0 81 0
0 82 0
0 83 0
0 84 0
0 85 0
0 86 0
0 87 0
0 88 0
0 89 0
0 90 0
0 91 0
0 92 0
0 93 0
0 94 0
0 95 0
0 96 0
0 97 0
0 98 0
0 99 0
0 100 0
0 101 0
0 102 0
0 103 0
0 104 0
0 105 0
0 106 0
0 107 0
0 108 0
0 109 0
0 110 0
0 111 0
0 112 0
0 113 0
0 114 0
0 115 0
0 116 0
0 117 0
0 118 0
0 119 0

1 0 0
1 1 -0.0201013
1 2 -0.0155781
1 3 -0.00834078
1 4 0.000982224
1 5 0.00975872
1 6 0.0171022
1 7 0.0218068
1 8 0.0221745
1 9 0.0192205
1 10 0.0126934
1 11 0.00396886
1 12 -0.00493392
1 13 -0.0134573
1 14 -0.0192342
1 15 -0.0221156
1 16 -0.0213806
1 17 -0.0170926
1 18 -0.0112075
1 19 -0.00298195
1 20 0.00496124
1 21 0.0116513
1 22 0.0174279
1 23 0.0204928
1 24 0.0216544
1 25 0.0206792
1 26 0.0185267
1 27 0.0149449
1 28 0.0103809
1 29 0.00604397
1 30 0.000631754
1 31 -0.00487828
1 32 -0.0105934
1 33 -0.0159613
1 34 -0.0213808
1 35 -0.0260516
1 36 -0.028845
1 37 -0.0302367
1 38 -0.029743
1 39 -0.0275461
1 40 -0.0231285
1 41 -0.0180738
1 42 -0.0128697
1 43 -0.00805908
1 44 -0.00355527
1 45 -8.07825e-05
1 46 0.00210964
1 47 0.00366023
1 48 0.00538845
1 49 0.00778931
1 50 0.0103845
1 51 0.0131859
1 52 0.0160129
1 53 0.0190569
1 54 0.0214171
1 55 0.0225023
1 56 0.0216458
1 57 0.0196872
1 58 0.0176036
1 59 0.0169148
1 60 0.017853
1 61 0.0201988
1 62 0.0224471
1 63 0.0236306
1 64 0.0229224
1 65 0.0209967
1 66 0.0184487
1 67 0.0161865
1 68 0.0140031
1 69 0.0120913
1 70 0.0103879
1 71 0.00939751
1 72 0.00851975
1 73 0.00698997
1 74 0.00399027
1 75 -0.000132221
1 76 -0.00489478
1 77 -0.0102467
1 78 -0.0159149
1 79 -0.0212451
1 80 -0.0248685
1 81 -0.0271567
1 82 -0.0279569
1 83 -0.027709
1 84 -0.0256505
1 85 -0.0230432
1 86 -0.0200533
1 87 -0.016582
1 88 -0.0123861
1 89 -0.0076595
1 90 -0.00285868
1 91 0.00329868
1 92 0.00936052
1 93 0.0153047
1 94 0.0202685
1 95 0.0238822
1 96 0.0250346
1 97 0.0229357
1 98 0.0189307
1 99 0.0116258
1 100 0.0029491
1 101 -0.00587869
1 102 -0.0142226
1 103 -0.0200863
1 104 -0.0232244
1 105 -0.0221772
1 106 -0.0180228
1 107 -0.0110472
1 108 -0.00178229
1 109 0.00688479
1 110 0.01502
1 111 0.020274
1 112 0.0215453
1 113 0.0201112
1 114 0.0145058
1 115 0.00683301
1 116 -0.00137569
1 117 -0.010193
1 118 -0.0163406
1 119 0

2 0 0
2 1 -0.0155781
2 2 -0.0105161
2 3 -0.00288293
2 4 0.00520939
2 5 0.0121281
2 6 0.0177528
2 7 0.0197498
2 8 0.0182219
2 9 0.0141554
2 10 0.00675693
2 11 -0.00132091
2 12 -0.00941155
2 13 -0.0161149
2 14 -0.0190526
2 15 -0.0202193
2 16 -0.0170666
2 17 -0.0106789
2 18 -0.00405004
2 19 0.00460921
2 20 0.0116734
2 21 0.0170445
2 22 0.0203176
2 23 0.0203669
2 24 0.0187999
2 25 0.0142122
2 26 0.00982728
2 27 0.00440503
2 28 -0.00116186
2 29 -0.00503624
2 30 -0.0092079
2 31 -0.0119642
2 32 -0.0152143
2 33 -0.016903
2 34 -0.0190424
2 35 -0.0209465
2 36 -0.0214168
2 37 -0.0213561
2 38 -0.0194342
2 39 -0.0174313
2 40 -0.012698
2 41 -0.00809994
2 42 -0.00276439
2 43 0.00127117
2 44 0.00527777
2 45 0.00815465
2 46 0.00956322
2 47 0.010003
2 48 0.00981659
2 49 0.0108089
2 50 0.0115669
2 51 0.0133751
2 52 0.0144033
2 53 0.0167011
2 54 0.0178712
2 55 0.0192258
2 56 0.0179949
2 57 0.0166293
2 58 0.0140618
2 59 0.0137628
2 60 0.0140871
2 61 0.0166904
2 62 0.0181143
2 63 0.0194397
2 64 0.0182132
2 65 0.0172475
2 66 0.0151758
2 67 0.014511
2 68 0.0130394
2 69 0.0128381
2 70 0.012281
2 71 0.0132176
2 72 0.0132636
2 73 0.0127375
2 74 0.0103057
2 75 0.00716504
2 76 0.00340135
2 77 -0.0013323
2 78 -0.00598697
2 79 -0.0106999
2 80 -0.0132297
2 81 -0.0160107
2 82 -0.0171483
2 83 -0.0185386
2 84 -0.0182295
2 85 -0.0187195
2 86 -0.0189546
2 87 -0.0184151
2 88 -0.0175254
2 89 -0.0151208
2 90 -0.0124515
2 91 -0.00675711
2 92 -0.00112928
2 93 0.00557419
2 94 0.0123595
2 95 0.0176966
2 96 0.0216347
2 97 0.0220234
2 98 0.0208711
2 99 0.0157773
2 100 0.00897239
2 101 0.0017857
2 102 -0.00696698
2 103 -0.0131308
2 104 -0.0175129
2 105 -0.0191369
2 106 -0.0173552
2 107 -0.0132726
2 108 -0.00617103
2 109 0.000885053
2 110 0.00790168
2 111 0.0141076
2 112 0.0168418
2 113 0.0175265
2 114 0.0150399
2 115 0.00960366
2 116 0.00333078
2 117 -0.00385509
2 118 -0.0100564
2 119 0

3 0 0
3 1 -0.00834078
3 2 -0.00288293
3 3 0.00346373
3 4 0.00891963
3 5 0.0125848
3 6 0.014589
3 7 0.0133951
3 8 0.0102821
3 9 0.00542148
3 10 -0.00113106
3 11 -0.00631757
3 12 -0.0113491
3 13 -0.01456
3 14 -0.0140571
3 15 -0.0123957
3 16 -0.00766095
3 17 -0.00147876
3 18 0.00466331
3 19 0.0110968
3 20 0.0152665
3 21 0.0178297
3 22 0.0172161
3 23 0.0146819
3 24 0.0103014
3 25 0.00367777
3 26 -0.00177363
3 27 -0.00773394
3 28 -0.0120699
3 29 -0.0149628
3 30 -0.016005
3 31 -0.0156485
3 32 -0.0152579
3 33 -0.0129909
3 34 -0.0117977
3 35 -0.0101566
3 36 -0.0092261
3 37 -0.00724714
3 38 -0.00535966
3 39 -0.00332956
3 40 4.72004e-06
3 41 0.0035181
3 42 0.00766986
3 43 0.0100561
3 44 0.012835
3 45 0.0137908
3 46 0.0144005
3 47 0.0125553
3 48 0.0109886
3 49 0.0091212
3 50 0.00862111
3 51 0.00801416
3 52 0.0080569
3 53 0.00822974
3 54 0.00892603
3 55 0.00926187
3 56 0.00864312
3 57 0.00706734
3 58 0.00522472
3 59 0.00445821
3 60 0.00499381
3 61 0.00663861
3 62 0.0079728
3 63 0.0084514
3 64 0.00789023
3 65 0.00714315
3 66 0.006799
3 67 0.00683488
3 68 0.00737669
3 69 0.00812818
3 70 0.0101008
3 71 0.0121246
3 72 0.0143094
3 73 0.0143619
3 74 0.0140189
3 75 0.0120449
3 76 0.010521
3 77 0.00716986
3 78 0.00464168
3 79 0.00187354
3 80 0.000696744
3 81 -0.00112732
3 82 -0.0027456
3 83 -0.00432692
3 84 -0.00646835
3 85 -0.00905938
3 86 -0.0128819
3 87 -0.0151811
3 88 -0.0179504
3 89 -0.0188314
3 90 -0.0184861
3 91 -0.0154686
3 92 -0.0110654
3 93 -0.0057933
3 94 0.0013073
3 95 0.00691451
3 96 0.0121979
3 97 0.015313
3 98 0.0166916
3 99 0.0156133
3 100 0.0122057
3 101 0.00837578
3 102 0.00242408
3 103 -0.00247632
3 104 -0.00691013
3 105 -0.0107812
3 106 -0.0116063
3 107 -0.01142
3 108 -0.00917241
3 109 -0.00528539
3 110 -0.000790341
3 111 0.00421013
3 112 0.00798026
3 113 0.0109611
3 114 0.0120531
3 115 0.0109253
3 116 0.00846982
3 117 0.00374831
3 118 -0.00151182
3 119 0

4 0 0
4 1 0.000982224
4 2 0.00520939
4 3 0.00891963
4 4 0.0101595
4 5 0.0100542
4 6 0.00828461
4 7 0.00439431
4 8 0.000716732
4 9 -0.00380984
4 10 -0.00790231
4 11 -0.00978685
4 12 -0.0108534
4 13 -0.00940741
4 14 -0.00623161
4 15 -0.00201022
4 16 0.00340776
4 17 0.0081926
4 18 0.0128159
4 19 0.0152561
4 20 0.0160526
4 21 0.0149374
4 22 0.0104893
4 23 0.00558257
4 24 -0.00133494
4 25 -0.00836313
4 26 -0.0144959
4 27 -0.019302
4 28 -0.0215401
4 29 -0.0223194
4 30 -0.0193886
4 31 -0.0157154
4 32 -0.0106349
4 33 -0.00516557
4 34 -9.16822e-05
4 35 0.00416334
4 36 0.00647963
4 37 0.00918063
4 38 0.0101432
4 39 0.011411
4 40 0.0117985
4 41 0.0135091
4 42 0.0146101
4 43 0.0153098
4 44 0.0152413
4 45 0.0145074
4 46 0.0130913
4 47 0.0097359
4 48 0.00621361
4 49 0.00219079
4 50 -4.93725e-05
4 51 -0.0025454
4 52 -0.00360845
4 53 -0.00517282
4 54 -0.00502157
4 55 -0.00558782
4 56 -0.00542231
4 57 -0.00693024
4 58 -0.00761937
4 59 -0.00878836
4 60 -0.00800035
4 61 -0.00769018
4 62 -0.00657889
4 63 -0.00713622
4 64 -0.00698267
4 65 -0.0075428
4 66 -0.00638226
4 67 -0.00572718
4 68 -0.00356565
4 69 -0.00168266
4 70 0.00217541
4 71 0.0054776
4 72 0.00896955
4 73 0.0104186
4 74 0.0117233
4 75 0.0121983
4 76 0.0125824
4 77 0.0123406
4 78 0.0121761
4 79 0.0130732
4 80 0.0135658
4 81 0.014116
4 82 0.0129302
4 83 0.0119592
4 84 0.00839285
4 85 0.00395501
4 86 -0.00213868
4 87 -0.00781368
4 88 -0.0135299
4 89 -0.0185107
4 90 -0.0207093
4 91 -0.0216079
4 92 -0.0196901
4 93 -0.0166837
4 94 -0.011268
4 95 -0.00590576
4 96 -0.000543953
4 97 0.0051636
4 98 0.00877821
4 99 0.0119419
4 100 0.0131358
4 101 0.0131793
4 102 0.0115848
4 103 0.00854347
4 104 0.00526834
4 105 0.00039147
4 106 -0.00344092
4 107 -0.00694867
4 108 -0.00979478
4 109 -0.00976498
4 110 -0.00897049
4 111 -0.00623961
4 112 -0.00189071
4 113 0.00218887
4 114 0.00664184
4 115 0.00969175
4 116 0.0107728
4 117 0.0103091
4 118 0.00741357
4 119 0

5 0 0
5 1 0.00975872
5 2 0.0121281
5 3 0.0125848
5 4 0.0100542
5 5 0.00602436
5 6 0.000593451
5 7 -0.00530366
5 8 -0.00959082
5 9 -0.0125825
5 10 -0.0129054
5 11 -0.0108425
5 12 -0.00721539
5 13 -0.00164902
5 14 0.00382097
5 15 0.00926034
5 16 0.013516
5 17 0.0159541
5 18 0.0173198
5 19 0.0155843
5 20 0.0126181
5 21 0.00809068
5 22 0.0014635
5 23 -0.00517763
5 24 -0.0123267
5 25 -0.0185223
5 26 -0.0236086
5 27 -0.0260923
5 28 -0.0259702
5 29 -0.0237545
5 30 -0.0182165
5 31 -0.0113154
5 32 -0.00337019
5 33 0.00425311
5 34 0.0114515
5 35 0.0167291
5 36 0.0196444
5 37 0.0211536
5 38 0.0210505
5 39 0.0199806
5 40 0.0179177
5 41 0.0165643
5 42 0.015212
5 43 0.013847
5 44 0.0117743
5 45 0.00966418
5 46 0.00691874
5 47 0.00318569
5 48 -0.00153014
5 49 -0.00621269
5 50 -0.00998036
5 51 -0.0129005
5 52 -0.0151371
5 53 -0.0169209
5 54 -0.0177464
5 55 -0.0179157
5 56 -0.017604
5 57 -0.0176568
5 58 -0.0178233
5 59 -0.0181765
5 60 -0.0181824
5 61 -0.0183906
5 62 -0.0187302
5 63 -0.0194786
5 64 -0.0197738
5 65 -0.0194779
5 66 -0.0182452
5 67 -0.0166311
5 68 -0.0143226
5 69 -0.0112218
5 70 -0.0071285
5 71 -0.00301185
5 72 0.00030354
5 73 0.00269765
5 74 0.0047675
5 75 0.0069651
5 76 0.00888758
5 77 0.0110609
5 78 0.0137211
5 79 0.017414
5 80 0.0205082
5 81 0.0229334
5 82 0.0238445
5 83 0.023497
5 84 0.0203963
5 85 0.0152358
5 86 0.00871715
5 87 0.00135525
5 88 -0.00622174
5 89 -0.0133203
5 90 -0.0181726
5 91 -0.0219601
5 92 -0.0234324
5 93 -0.0230091
5 94 -0.0206881
5 95 -0.0171918
5 96 -0.0126802
5 97 -0.00667112
5 98 -0.00134205
5 99 0.00476195
5 100 0.0102842
5 101 0.0143664
5 102 0.0172644
5 103 0.01771
5 104 0.0163571
5 105 0.0120959
5 106 0.00637631
5 107 -0.00014768
5 108 -0.00724802
5 109 -0.0121438
5 110 -0.0154785
5 111 -0.0155805
5 112 -0.0119651
5 113 -0.00701466
5 114 9.16496e-05
5 115 0.00686066
5 116 0.0116801
5 117 0.0152088
5 118 0.0149323
5 119 0

6 0 0
6 1 0.0171022
6 2 0.0177528
6 3 0.014589
6 4 0.00828461
6 5 0.000593451
6 6 -0.00760859
6 7 -0.0142045
6 8 -0.017811
6 9 -0.0183597
6 10 -0.0149503
6 11 -0.0089698
6 12 -0.00119514
6 13 0.00685713
6 14 0.013169
6 15 0.0186433
6 16 0.0206128
6 17 0.0195399
6 18 0.0172148
6 19 0.0116591
6 20 0.00558362
6 21 -0.00115736
6 22 -0.00832639
6 23 -0.0144227
6 24 -0.0200551
6 25 -0.0234966
6 26 -0.0261206
6 27 -0.0259016
6 28 -0.02323
6 29 -0.0192108
6 30 -0.0122603
6 31 -0.00458425
6 32 0.00417633
6 33 0.0116297
6 34 0.0185351
6 35 0.0233561
6 36 0.0251304
6 37 0.0251625
6 38 0.0229252
6 39 0.0201621
6 40 0.0156318
6 41 0.0122443
6 42 0.0089884
6 43 0.00671473
6 44 0.00399555
6 45 0.0015877
6 46 -0.000821509
6 47 -0.00399756
6 48 -0.00781718
6 49 -0.0124181
6 50 -0.0158552
6 51 -0.01901
6 52 -0.0207956
6 53 -0.0228315
6 54 -0.0232579
6 55 -0.0234187
6 56 -0.0218799
6 57 -0.0209643
6 58 -0.0195792
6 59 -0.0197198
6 60 -0.0197575
6 61 -0.0213377
6 62 -0.0224795
6 63 -0.0242973
6 64 -0.0244652
6 65 -0.0244618
6 66 -0.0228917
6 67 -0.0217127
6 68 -0.0191593
6 69 -0.016511
6 70 -0.0125908
6 71 -0.00967243
6 72 -0.00712786
6 73 -0.00556949
6 74 -0.00353989
6 75 -0.00135648
6 76 0.00104561
6 77 0.00441552
6 78 0.00867176
6 79 0.0142775
6 80 0.0187531
6 81 0.0231552
6 82 0.0255302
6 83 0.0267655
6 84 0.0245679
6 85 0.0207736
6 86 0.015394
6 87 0.00868161
6 88 0.00167347
6 89 -0.00548416
6 90 -0.0108642
6 91 -0.0165527
6 92 -0.0201954
6 93 -0.0226825
6 94 -0.0239114
6 95 -0.0234184
6 96 -0.0215407
6 97 -0.0169708
6 98 -0.0118197
6 99 -0.00423962
6 100 0.00394201
6 101 0.0112901
6 102 0.0186621
6 103 0.0227066
6 104 0.0237652
6 105 0.0213625
6 106 0.0154711
6 107 0.00723386
6 108 -0.00283135
6 109 -0.0114166
6 110 -0.0181098
6 111 -0.021559
6 112 -0.0199561
6 113 -0.0151236
6 114 -0.00696051
6 115 0.00271682
6 116 0.0112475
6 117 0.0178526
6 118 0.0203218
6 119 0

7 0 0
7 1 0.0218068
7 2 0.0197498
7 3 0.0133951
7 4 0.00439431
7 5 -0.00530366
7 6 -0.0142045
7 7 -0.0198303
7 8 -0.0218099
7 9 -0.0193938
7 10 -0.0128295
7 11 -0.0047974
7 12 0.005094
7 13 0.0139097
7 14 0.0194848
7 15 0.0231588
7 16 0.0222401
7 17 0.0184475
7 18 0.012686
7 19 0.00473785
7 20 -0.00263346
7 21 -0.0100157
7 22 -0.0154467
7 23 -0.0198689
7 24 -0.0224672
7 25 -0.0225204
7 26 -0.0224727
7 27 -0.0194948
7 28 -0.0157756
7 29 -0.0105364
7 30 -0.0043993
7 31 0.00238912
7 32 0.00987083
7 33 0.0151667
7 34 0.0205131
7 35 0.0228898
7 36 0.0235257
7 37 0.0209874
7 38 0.0173353
7 39 0.0126669
7 40 0.00689117
7 41 0.00220828
7 42 -0.00200438
7 43 -0.00387492
7 44 -0.0063996
7 45 -0.00723368
7 46 -0.00883069
7 47 -0.00941781
7 48 -0.0119282
7 49 -0.014264
7 50 -0.0172588
7 51 -0.0189136
7 52 -0.0204607
7 53 -0.0212509
7 54 -0.0215972
7 55 -0.0206192
7 56 -0.0184259
7 57 -0.0156967
7 58 -0.0133596
7 59 -0.0125266
7 60 -0.0132304
7 61 -0.0154869
7 62 -0.0181005
7 63 -0.0203251
7 64 -0.0212641
7 65 -0.0211244
7 66 -0.0204354
7 67 -0.0193257
7 68 -0.0179701
7 69 -0.0156725
7 70 -0.0138685
7 71 -0.0122865
7 72 -0.0124482
7 73 -0.0118881
7 74 -0.0119197
7 75 -0.0102961
7 76 -0.00919753
7 77 -0.00539383
7 78 -0.00107184
7 79 0.00517828
7 80 0.0102586
7 81 0.0155342
7 82 0.0195256
7 83 0.0215901
7 84 0.0216832
7 85 0.019535
7 86 0.0172199
7 87 0.0123726
7 88 0.00804134
7 89 0.00276
7 90 -0.00186002
7 91 -0.00728034
7 92 -0.012456
7 93 -0.0165292
7 94 -0.0213182
7 95 -0.0236656
7 96 -0.0248912
7 97 -0.0232221
7 98 -0.0192556
7 99 -0.0125759
7 100 -0.00329766
7 101 0.00559141
7 102 0.0153208
7 103 0.0221727
7 104 0.0256089
7 105 0.025867
7 106 0.0207176
7 107 0.0127542
7 108 0.00262292
7 109 -0.00796918
7 110 -0.0166569
7 111 -0.0223083
7 112 -0.023101
7 113 -0.0196965
7 114 -0.0122197
7 115 -0.00221367
7 116 0.00768743
7 117 0.0165824
7 118 0.0218299
7 119 0

8 0 0
8 1 0.0221745
8 2 0.0182219
8 3 0.0102821
8 4 0.000716732
8 5 -0.00959082
8 6 -0.017811
8 7 -0.0218099
8 8 -0.0220794
8 9 -0.0169051
8 10 -0.00822965
8 11 0.00133571
8 12 0.0115137
8 13 0.0188464
8 14 0.0227966
8 15 0.0228306
8 16 0.0186102
8 17 0.0121778
8 18 0.00348083
8 19 -0.00456619
8 20 -0.0119055
8 21 -0.0172896
8 22 -0.0191898
8 23 -0.0202879
8 24 -0.018172
8 25 -0.0152059
8 26 -0.0116965
8 27 -0.00756097
8 28 -0.00389889
8 29 0.0006227
8 30 0.0034835
8 31 0.00768297
8 32 0.0107863
8 33 0.0131921
8 34 0.0146654
8 35 0.0145221
8 36 0.0133737
8 37 0.00902893
8 38 0.00497637
8 39 -0.000764787
8 40 -0.00548916
8 41 -0.010622
8 42 -0.0131878
8 43 -0.0142965
8 44 -0.0140712
8 45 -0.013039
8 46 -0.0117395
8 47 -0.0096613
8 48 -0.00924001
8 49 -0.00901432
8 50 -0.0104771
8 51 -0.0104987
8 52 -0.0114136
8 53 -0.0107601
8 54 -0.0109455
8 55 -0.008603
8 56 -0.0061225
8 57 -0.00145116
8 58 0.00130934
8 59 0.00343957
8 60 0.00171382
8 61 -0.000656709
8 62 -0.00494107
8 63 -0.0070755
8 64 -0.00909484
8 65 -0.00864462
8 66 -0.00910854
8 67 -0.00806161
8 68 -0.00807853
8 69 -0.00667965
8 70 -0.00727792
8 71 -0.00801889
8 72 -0.0108873
8 73 -0.0127884
8 74 -0.0150321
8 75 -0.0160914
8 76 -0.0164701
8 77 -0.0148067
8 78 -0.0110911
8 79 -0.00704841
8 80 -0.00212691
8 81 0.00183015
8 82 0.00651977
8 83 0.00847375
8 84 0.0104547
8 85 0.0107655
8 86 0.0114472
8 87 0.0107705
8 88 0.00990835
8 89 0.00931476
8 90 0.00683594
8 91 0.0041909
8 92 -0.000569361
8 93 -0.00524561
8 94 -0.0117534
8 95 -0.0173785
8 96 -0.0213321
8 97 -0.0241484
8 98 -0.0227652
8 99 -0.0189566
8 100 -0.0115881
8 101 -0.00263194
8 102 0.0070316
8 103 0.0161449
8 104 0.0217866
8 105 0.0248476
8 106 0.0227081
8 107 0.0166713
8 108 0.00846195
8 109 -0.00249205
8 110 -0.0119755
8 111 -0.0188105
8 112 -0.0223508
8 113 -0.0206516
8 114 -0.0149422
8 115 -0.00615665
8 116 0.00407358
8 117 0.0131202
8 118 0.0194357
8 119 0

9 0 0
9 1 0.0192205
9 2 0.0141554
9 3 0.00542148
9 4 -0.00380984
9 5 -0.0125825
9 6 -0.0183597
9 7 -0.0193938
9 8 -0.0169051
9 9 -0.0101878
9 10 -0.00130391
9 11 0.00759108
9 12 0.0156844
9 13 0.0200504
9 14 0.0207073
9 15 0.017533
9 16 0.0109307
9 17 0.00254763
9 18 -0.00670319
9 19 -0.0138149
9 20 -0.0190025
9 21 -0.0211712
9 22 -0.0192689
9 23 -0.0156583
9 24 -0.00987369
9 25 -0.00364011
9 26 0.00198422
9 27 0.00619266
9 28 0.00880086
9 29 0.010319
9 30 0.00970358
9 31 0.00893081
9 32 0.00767097
9 33 0.00599745
9 34 0.00385993
9 35 0.00154892
9 36 -0.00112898
9 37 -0.00521265
9 38 -0.00937985
9 39 -0.0135533
9 40 -0.0170171
9 41 -0.0199667
9 42 -0.0208681
9 43 -0.0196152
9 44 -0.0167139
9 45 -0.0130428
9 46 -0.00881174
9 47 -0.00429823
9 48 -0.000699458
9 49 0.00143977
9 50 0.00213155
9 51 0.00256601
9 52 0.0029201
9 53 0.00357508
9 54 0.00445504
9 55 0.00663069
9 56 0.0102557
9 57 0.0150981
9 58 0.0191871
9 59 0.0210907
9 60 0.0197282
9 61 0.0161837
9 62 0.0118959
9 63 0.00883123
9 64 0.00722626
9 65 0.0069139
9 66 0.00681642
9 67 0.00699064
9 68 0.00702497
9 69 0.00672744
9 70 0.00484116
9 71 0.00136214
9 72 -0.00327915
9 73 -0.00782519
9 74 -0.0121631
9 75 -0.0159372
9 76 -0.0184688
9 77 -0.0189993
9 78 -0.0178271
9 79 -0.0161462
9 80 -0.0138717
9 81 -0.0113804
9 82 -0.00868726
9 83 -0.00693984
9 84 -0.0047995
9 85 -0.00224634
9 86 0.000927855
9 87 0.00417835
9 88 0.00791699
9 89 0.0116439
9 90 0.0134902
9 91 0.0139069
9 92 0.0118098
9 93 0.00752696
9 94 0.00074442
9 95 -0.00655938
9 96 -0.0135271
9 97 -0.0196202
9 98 -0.0220517
9 99 -0.0217179
9 100 -0.0178607
9 101 -0.0110258
9 102 -0.00249271
9 103 0.00630563
9 104 0.0132439
9 105 0.0184954
9 106 0.0196129
9 107 0.0170477
9 108 0.011996
9 109 0.00392924
9 110 -0.0039465
9 111 -0.0111311
9 112 -0.0163184
9 113 -0.0171321
9 114 -0.014999
9 115 -0.00910979
9 116 -0.000744479
9 117 0.00694688
9 118 0.0139286
9 119 0

10 0 0
10 1 0.0126934
10 2 0.00675693
10 3 -0.00113106
10 4 -0.00790231
10 5 -0.0129054
10 6 -0.0149503
10 7 -0.0128295
10 8 -0.00822965
10 9 -0.00130391
10 10 0.00639833
10 11 0.0126333
10 12 0.0166559
10 13 0.0174174
10 14 0.0147853
10 15 0.00847082
10 16 0.000467918
10 17 -0.0078708
10 18 -0.0159854
10 19 -0.0207101
10 20 -0.0226222
10 21 -0.0209012
10 22 -0.0151722
10 23 -0.00789614
10 24 0.000694575
10 25 0.00843383
10 26 0.0147303
10 27 0.0178503
10 28 0.0180198
10 29 0.0162885
10 30 0.0115777
10 31 0.00651893
10 32 0.00105351
10 33 -0.00364176
10 34 -0.00814255
10 35 -0.0116526
10 36 -0.0140868
10 37 -0.0170444
10 38 -0.0193014
10 39 -0.0215101
10 40 -0.0222276
10 41 -0.0228812
10 42 -0.0214769
10 43 -0.018327
10 44 -0.0131764
10 45 -0.00740993
10 46 -0.00131258
10 47 0.00502645
10 48 0.0102853
10 49 0.0140938
10 50 0.0155043
10 51 0.0163874
10 52 0.0164451
10 53 0.0172474
10 54 0.0178145
10 55 0.0201818
10 56 0.0235382
10 57 0.0287841
10 58 0.0328151
10 59 0.0350714
10 60 0.0332937
10 61 0.0297576
10 62 0.0250361
10 63 0.0222517
10 64 0.0204998
10 65 0.0206225
10 66 0.0205356
10 67 0.021284
10 68 0.0211662
10 69 0.0206102
10 70 0.0174887
10 71 0.0129785
10 72 0.00703649
10 73 0.00134095
10 74 -0.00458523
10 75 -0.00997087
10 76 -0.0140815
10 77 -0.0166033
10 78 -0.0178043
10 79 -0.0191422
10 80 -0.0194754
10 81 -0.0199219
10 82 -0.0196002
10 83 -0.0198047
10 84 -0.0181203
10 85 -0.0151728
10 86 -0.0105855
10 87 -0.00463625
10 88 0.00245812
10 89 0.0100005
10 90 0.0154216
10 91 0.0196065
10 92 0.0203718
10 93 0.0179955
10 94 0.0124464
10 95 0.00506387
10 96 -0.00305683
10 97 -0.0114419
10 98 -0.016923
10 99 -0.0203637
10 100 -0.0204998
10 101 -0.0171878
10 102 -0.012023
10 103 -0.00499783
10 104 0.00207417
10 105 0.00832663
10 106 0.0122526
10 107 0.013955
10 108 0.0133508
10 109 0.00950695
10 110 0.00477722
10 111 -0.000892436
10 112 -0.00649648
10 113 -0.00973182
10 114 -0.0114033
10 115 -0.0101759
10 116 -0.00619893
10 117 -0.001042
10 118 0.00531781
10 119 0

11 0 0
11 1 0.00396886
11 2 -0.00132091
11 3 -0.00631757
11 4 -0.00978685
11 5 -0.0108425
11 6 -0.0089698
11 7 -0.0047974
11 8 0.00133571
11 9 0.00759108
11 10 0.0126333
11 11 0.0162099
11 12 0.0155361
11 13 0.0122086
11 14 0.00669355
11 15 -0.00216254
11 16 -0.0100092
11 17 -0.0176089
11 18 -0.0231136
11 19 -0.0241974
11 20 -0.022773
11 21 -0.0166657
11 22 -0.00860819
11 23 0.00140672
11 24 0.0111599
11 25 0.0183658
11 26 0.0242828
11 27 0.0245356
11 28 0.0224322
11 29 0.0167515
11 30 0.00894859
11 31 0.000658607
11 32 -0.00788963
11 33 -0.0134407
11 34 -0.0191882
11 35 -0.0212909
11 36 -0.0227707
11 37 -0.022356
11 38 -0.0220635
11 39 -0.0210974
11 40 -0.0188498
11 41 -0.0172179
11 42 -0.0135354
11 43 -0.00984881
11 44 -0.00297618
11 45 0.00272886
11 46 0.0101326
11 47 0.015776
11 48 0.0220772
11 49 0.0252292
11 50 0.0271265
11 51 0.0265605
11 52 0.0261648
11 53 0.0255072
11 54 0.025774
11 55 0.0271053
11 56 0.0301647
11 57 0.0345946
11 58 0.038502
11 59 0.0403203
11 60 0.0386875
11 61 0.0350354
11 62 0.0308138
11 63 0.0281705
11 64 0.0271551
11 65 0.0275421
11 66 0.0286882
11 67 0.0300155
11 68 0.0312685
11 69 0.0305495
11 70 0.028243
11 71 0.023223
11 72 0.0184478
11 73 0.0121405
11 74 0.00708108
11 75 0.000697164
11 76 -0.0028964
11 77 -0.00716821
11 78 -0.00958788
11 79 -0.0138314
11 80 -0.0166393
11 81 -0.020259
11 82 -0.0234048
11 83 -0.0258816
11 84 -0.0267713
11 85 -0.0242867
11 86 -0.0209485
11 87 -0.0134322
11 88 -0.00543448
11 89 0.00452422
11 90 0.012519
11 91 0.0195166
11 92 0.0238036
11 93 0.023437
11 94 0.0212458
11 95 0.0148387
11 96 0.00762322
11 97 -0.00125079
11 98 -0.00900923
11 99 -0.0150851
11 100 -0.0199797
11 101 -0.0204124
11 102 -0.019684
11 103 -0.0157706
11 104 -0.00966215
11 105 -0.00375615
11 106 0.00338074
11 107 0.00891177
11 108 0.0126316
11 109 0.0140118
11 110 0.0126493
11 111 0.00941978
11 112 0.00395049
11 113 -0.00142302
11 114 -0.00598469
11 115 -0.00915991
11 116 -0.00937407
11 117 -0.00758097
11 118 -0.00393857
11 119 0

12 0 0
12 1 -0.00493392
12 2 -0.00941155
12 3 -0.0113491
12 4 -0.0108534
12 5 -0.00721539
12 6 -0.00119514
12 7 0.005094
12 8 0.0115137
12 9 0.0156844
12 10 0.0166559
12 11 0.0155361
12 12 0.0108703
12 13 0.00426725
12 14 -0.00334447
12 15 -0.0116019
12 16 -0.0179662
12 17 -0.0227441
12 18 -0.0245306
12 19 -0.0227893
12 20 -0.0178636
12 21 -0.0101658
12 22 -0.00133517
12 23 0.00882446
12 24 0.0170223
12 25 0.0229453
12 26 0.0260073
12 27 0.0245002
12 28 0.0198416
12 29 0.011984
12 30 0.00323859
12 31 -0.00657493
12 32 -0.0146165
12 33 -0.0201702
12 34 -0.0235837
12 35 -0.0239516
12 36 -0.0223907
12 37 -0.0186153
12 38 -0.0154057
12 39 -0.0112861
12 40 -0.00763753
12 41 -0.00377342
12 42 -0.000534158
12 43 0.0034762
12 44 0.00852032
12 45 0.0137719
12 46 0.0191087
12 47 0.0236291
12 48 0.0280524
12 49 0.0301621
12 50 0.0306361
12 51 0.0284621
12 52 0.0264607
12 53 0.0240703
12 54 0.0234593
12 55 0.0234251
12 56 0.0258994
12 57 0.0288684
12 58 0.0324707
12 59 0.0333538
12 60 0.0322817
12 61 0.0285183
12 62 0.0254215
12 63 0.0229009
12 64 0.0229636
12 65 0.0237303
12 66 0.026405
12 67 0.0288434
12 68 0.0316462
12 69 0.031939
12 70 0.0308458
12 71 0.0274949
12 72 0.0243227
12 73 0.020216
12 74 0.0164297
12 75 0.0124633
12 76 0.00963051
12 77 0.00686009
12 78 0.00333458
12 79 -0.000945308
12 80 -0.00609656
12 81 -0.0113387
12 82 -0.0177386
12 83 -0.0225596
12 84 -0.0260029
12 85 -0.0262338
12 86 -0.0244894
12 87 -0.0190626
12 88 -0.0113369
12 89 -0.00271839
12 90 0.00626084
12 91 0.0139404
12 92 0.0199948
12 93 0.0222403
12 94 0.0225494
12 95 0.0195548
12 96 0.0140354
12 97 0.00741374
12 98 -0.000290238
12 99 -0.00768399
12 100 -0.0146696
12 101 -0.019142
12 102 -0.0219762
12 103 -0.022245
12 104 -0.0191291
12 105 -0.0143193
12 106 -0.00688007
12 107 0.00113108
12 108 0.00860749
12 109 0.0151067
12 110 0.0183493
12 111 0.0182894
12 112 0.0148139
12 113 0.00851734
12 114 0.000811903
12 115 -0.00667731
12 116 -0.0120229
12 117 -0.01435
12 118 -0.012814
12 119 0

13 0 0
13 1 -0.0134573
13 2 -0.0161149
13 3 -0.01456
13 4 -0.00940741
13 5 -0.00164902
13 6 0.00685713
13 7 0.0139097
13 8 0.0188464
13 9 0.0200504
13 10 0.0174174
13 11 0.0122086
13 12 0.00426725
13 13 -0.004327
13 14 -0.0119397
13 15 -0.0184406
13 16 -0.0223672
13 17 -0.0231634
13 18 -0.021148
13 19 -0.0167342
13 20 -0.0099868
13 21 -0.00221519
13 22 0.00547908
13 23 0.0129788
13 24 0.0182125
13 25 0.0208305
13 26 0.0207919
13 27 0.017512
13 28 0.0113749
13 29 0.00350225
13 30 -0.0045555
13 31 -0.0125532
13 32 -0.0184751
13 33 -0.0213452
13 34 -0.0213378
13 35 -0.018717
13 36 -0.0137505
13 37 -0.00720431
13 38 -0.00110094
13 39 0.00439729
13 40 0.00896548
13 41 0.0125836
13 42 0.0147608
13 43 0.0165776
13 44 0.0187952
13 45 0.0213336
13 46 0.023621
13 47 0.0254902
13 48 0.0270233
13 49 0.0272846
13 50 0.0256268
13 51 0.0219633
13 52 0.0178102
13 53 0.0141813
13 54 0.0120532
13 55 0.0113577
13 56 0.0124374
13 57 0.0145482
13 58 0.0168175
13 59 0.0175107
13 60 0.0162816
13 61 0.013489
13 62 0.0108796
13 63 0.009343
13 64 0.00964117
13 65 0.0114536
13 66 0.0148787
13 67 0.0189615
13 68 0.0227357
13 69 0.0246932
13 70 0.024986
13 71 0.0242322
13 72 0.0234443
13 73 0.0224439
13 74 0.0214713
13 75 0.0209089
13 76 0.0208848
13 77 0.0203538
13 78 0.0182403
13 79 0.0147047
13 80 0.00972611
13 81 0.0033682
13 82 -0.00427208
13 83 -0.0112008
13 84 -0.0166943
13 85 -0.0201454
13 86 -0.0212546
13 87 -0.0191543
13 88 -0.0146761
13 89 -0.00905023
13 90 -0.00230017
13 91 0.00443715
13 92 0.0102185
13 93 0.0142954
13 94 0.0171979
13 95 0.0178534
13 96 0.0161724
13 97 0.0130007
13 98 0.00772267
13 99 0.000997391
13 100 -0.00640982
13 101 -0.0136868
13 102 -0.0201221
13 103 -0.0239814
13 104 -0.0245485
13 105 -0.0221921
13 106 -0.0157451
13 107 -0.00662368
13 108 0.00332893
13 109 0.0131542
13 110 0.02035
13 111 0.0236182
13 112 0.0225126
13 113 0.016796
13 114 0.00765055
13 115 -0.00275114
13 116 -0.0121515
13 117 -0.0183882
13 118 -0.0197294
13 119 0

14 0 0
14 1 -0.0192342
14 2 -0.0190526
14 3 -0.0140571
14 4 -0.00623161
14 5 0.00382097
14 6 0.013169
14 7 0.0194848
14 8 0.0227966
14 9 0.0207073
14 10 0.0147853
14 11 0.00669355
14 12 -0.00334447
14 13 -0.0119397
14 14 -0.0186279
14 15 -0.0219192
14 16 -0.0217302
14 17 -0.0190544
14 18 -0.0131632
14 19 -0.00733081
14 20 -0.000384511
14 21 0.00586031
14 22 0.00967347
14 23 0.0133744
14 24 0.0137451
14 25 0.0128767
14 26 0.00989697
14 27 0.00538746
14 28 0.000134962
14 29 -0.00656313
14 30 -0.0109997
14 31 -0.0157949
14 32 -0.0174412
14 33 -0.016703
14 34 -0.0130107
14 35 -0.00699375
14 36 -7.62535e-05
14 37 0.00890808
14 38 0.0155599
14 39 0.0218544
14 40 0.0249275
14 41 0.0274247
14 42 0.0267763
14 43 0.0255217
14 44 0.0238434
14 45 0.0226214
14 46 0.021655
14 47 0.0199949
14 48 0.0191104
14 49 0.0167136
14 50 0.0140582
14 51 0.00848632
14 52 0.00374939
14 53 -0.00157559
14 54 -0.00374474
14 55 -0.00572643
14 56 -0.00475536
14 57 -0.00439367
14 58 -0.00243191
14 59 -0.00288305
14 60 -0.00314153
14 61 -0.00581212
14 62 -0.00689523
14 63 -0.00858503
14 64 -0.00732013
14 65 -0.00586278
14 66 -0.00117997
14 67 0.0029207
14 68 0.00806705
14 69 0.0102965
14 70 0.0126966
14 71 0.0135582
14 72 0.0158924
14 73 0.0174433
14 74 0.0201871
14 75 0.0231785
14 76 0.026769
14 77 0.0293694
14 78 0.0296291
14 79 0.028737
14 80 0.0248148
14 81 0.019842
14 82 0.0117931
14 83 0.00519663
14 84 -0.00216825
14 85 -0.00747162
14 86 -0.0118587
14 87 -0.0135647
14 88 -0.013469
14 89 -0.012902
14 90 -0.00965896
14 91 -0.0068115
14 92 -0.00228972
14 93 0.00154321
14 94 0.00645942
14 95 0.0104941
14 96 0.0128635
14 97 0.0149236
14 98 0.0129844
14 99 0.00947248
14 100 0.00304844
14 101 -0.00514811
14 102 -0.0134175
14 103 -0.0211972
14 104 -0.0252083
14 105 -0.0261782
14 106 -0.021823
14 107 -0.0133516
14 108 -0.00317262
14 109 0.00917329
14 110 0.0188625
14 111 0.0246953
14 112 0.0261732
14 113 0.0212501
14 114 0.0126112
14 115 0.00153088
14 116 -0.0099064
14 117 -0.0182639
14 118 -0.0226524
14 119 0

15 0 0
15 1 -0.0221156
15 2 -0.0202193
15 3 -0.0123957
15 4 -0.00201022
15 5 0.00926034
15 6 0.0186433
15 7 0.0231588
15 8 0.0228306
15 9 0.017533
15 10 0.00847082
15 11 -0.00216254
15 12 -0.0116019
15 13 -0.0184406
15 14 -0.0219192
15 15 -0.0205377
15 16 -0.0163527
15 17 -0.0096132
15 18 -0.00195772
15 19 0.00395282
15 20 0.00916698
15 21 0.0111361
15 22 0.0107294
15 23 0.00853266
15 24 0.00465825
15 25 0.000579736
15 26 -0.00447881
15 27 -0.00777707
15 28 -0.0113824
15 29 -0.0136571
15 30 -0.0140984
15 31 -0.0136598
15 32 -0.0107894
15 33 -0.00681264
15 34 0.000330471
15 35 0.00731984
15 36 0.0157161
15 37 0.0235938
15 38 0.0301481
15 39 0.0342261
15 40 0.0352404
15 41 0.0347769
15 42 0.030859
15 43 0.0263456
15 44 0.0203398
15 45 0.0163064
15 46 0.0116172
15 47 0.00836828
15 48 0.00459304
15 49 0.00190508
15 50 -0.00216476
15 51 -0.00688309
15 52 -0.0124855
15 53 -0.0169057
15 54 -0.0197037
15 55 -0.0208125
15 56 -0.0208031
15 57 -0.0204438
15 58 -0.0199002
15 59 -0.0200163
15 60 -0.0204903
15 61 -0.0216772
15 62 -0.022652
15 63 -0.0234304
15 64 -0.0230206
15 65 -0.021156
15 66 -0.0175283
15 67 -0.0129938
15 68 -0.00909297
15 69 -0.00609044
15 70 -0.00407313
15 71 -0.0010996
15 72 0.00190112
15 73 0.00643269
15 74 0.0109677
15 75 0.0178611
15 76 0.0238799
15 77 0.0299717
15 78 0.0329358
15 79 0.035221
15 80 0.0341883
15 81 0.031308
15 82 0.0260898
15 83 0.0204454
15 84 0.0145617
15 85 0.00783818
15 86 0.00255932
15 87 -0.00296041
15 88 -0.00699263
15 89 -0.0115486
15 90 -0.013744
15 91 -0.0151471
15 92 -0.0149056
15 93 -0.0118926
15 94 -0.00750459
15 95 -0.00102582
15 96 0.00505474
15 97 0.0114433
15 98 0.0147882
15 99 0.0149005
15 100 0.0121508
15 101 0.00499983
15 102 -0.00350859
15 103 -0.0129209
15 104 -0.0206575
15 105 -0.0246443
15 106 -0.024371
15 107 -0.0190831
15 108 -0.00998936
15 109 0.00181278
15 110 0.0128104
15 111 0.0212891
15 112 0.0257718
15 113 0.0236503
15 114 0.0167765
15 115 0.00599792
15 116 -0.00655499
15 117 -0.0165572
15 118 -0.0228034
15 119 0

16 0 0
16 1 -0.0213806
16 2 -0.0170666
16 3 -0.00766095
16 4 0.00340776
16 5 0.013516
16 6 0.0206128
16 7 0.0222401
16 8 0.0186102
16 9 0.0109307
16 10 0.000467918
16 11 -0.0100092
16 12 -0.0179662
16 13 -0.0223672
16 14 -0.0217302
16 15 -0.0163527
16 16 -0.00854849
16 17 0.000771549
16 18 0.00925187
16 19 0.0146388
16 20 0.0164068
16 21 0.0143747
16 22 0.00913471
16 23 0.0016521
16 24 -0.00565572
16 25 -0.0124361
16 26 -0.0174284
16 27 -0.0193063
16 28 -0.0192831
16 29 -0.0169222
16 30 -0.0129311
16 31 -0.00727139
16 32 -0.00126182
16 33 0.00553361
16 34 0.0132333
16 35 0.0203662
16 36 0.0272469
16 37 0.032855
16 38 0.0372134
16 39 0.0382095
16 40 0.0368003
16 41 0.0328304
16 42 0.0268511
16 43 0.0191014
16 44 0.0110991
16 45 0.00440107
16 46 -0.00133226
16 47 -0.00582609
16 48 -0.00979817
16 49 -0.0124453
16 50 -0.0155519
16 51 -0.0189038
16 52 -0.0232508
16 53 -0.026315
16 54 -0.0283083
16 55 -0.0283919
16 56 -0.0284468
16 57 -0.0280757
16 58 -0.0284069
16 59 -0.0283017
16 60 -0.0286642
16 61 -0.0286262
16 62 -0.0293397
16 63 -0.0297294
16 64 -0.0301859
16 65 -0.0288827
16 66 -0.0266393
16 67 -0.0232714
16 68 -0.0210375
16 69 -0.0191475
16 70 -0.0178147
16 71 -0.015098
16 72 -0.0118464
16 73 -0.00703102
16 74 -0.00105586
16 75 0.00688435
16 76 0.0149785
16 77 0.0222613
16 78 0.0280866
16 79 0.0323908
16 80 0.0347892
16 81 0.0345393
16 82 0.0331877
16 83 0.0304762
16 84 0.0270375
16 85 0.0218633
16 86 0.0164533
16 87 0.00980554
16 88 0.00205412
16 89 -0.00604604
16 90 -0.0135742
16 91 -0.01958
16 92 -0.0236093
16 93 -0.0233573
16 94 -0.019857
16 95 -0.0130983
16 96 -0.00394156
16 97 0.00556463
16 98 0.0134771
16 99 0.0181014
16 100 0.0187784
16 101 0.0142346
16 102 0.00641122
16 103 -0.00307061
16 104 -0.0130834
16 105 -0.0202807
16 106 -0.0232056
16 107 -0.0215827
16 108 -0.0152052
16 109 -0.00556245
16 110 0.00485835
16 111 0.0143297
16 112 0.0204017
16 113 0.0212974
16 114 0.0175906
16 115 0.00945031
16 116 -0.00100376
16 117 -0.0108505
16 118 -0.0184896
16 119 0

17 0 0
17 1 -0.0170926
17 2 -0.0106789
17 3 -0.00147876
17 4 0.0081926
17 5 0.0159541
17 6 0.0195399
17 7 0.0184475
17 8 0.0121778
17 9 0.00254763
17 10 -0.0078708
17 11 -0.0176089
17 12 -0.0227441
17 13 -0.0231634
17 14 -0.0190544
17 15 -0.0096132
17 16 0.000771549
17 17 0.0111739
17 18 0.0191733
17 19 0.0218515
17 20 0.0203723
17 21 0.0137941
17 22 0.00449123
17 23 -0.00640354
17 24 -0.016049
17 25 -0.0225119
17 26 -0.026457
17 27 -0.0249503
17 28 -0.0208458
17 29 -0.0140543
17 30 -0.00587738
17 31 0.00253788
17 32 0.0107057
17 33 0.0168715
17 34 0.0234095
17 35 0.0276118
17 36 0.0311638
17 37 0.0328577
17 38 0.0335182
17 39 0.031796
17 40 0.0274164
17 41 0.0219009
17 42 0.0141577
17 43 0.00619646
17 44 -0.00277434
17 45 -0.00911551
17 46 -0.0147195
17 47 -0.0178626
17 48 -0.0207274
17 49 -0.0214853
17 50 -0.0224342
17 51 -0.0231831
17 52 -0.0249858
17 53 -0.0260457
17 54 -0.0262251
17 55 -0.025331
17 56 -0.0246148
17 57 -0.0245687
17 58 -0.0249571
17 59 -0.0251751
17 60 -0.0247406
17 61 -0.0241953
17 62 -0.0240836
17 63 -0.0248228
17 64 -0.0257417
17 65 -0.0258909
17 66 -0.0251664
17 67 -0.0241142
17 68 -0.0241207
17 69 -0.0244061
17 70 -0.0248613
17 71 -0.0236471
17 72 -0.0220605
17 73 -0.0182387
17 74 -0.0134537
17 75 -0.00584484
17 76 0.00114892
17 77 0.00870205
17 78 0.0145507
17 79 0.0206084
17 80 0.0244964
17 81 0.0275898
17 82 0.0298229
17 83 0.0313776
17 84 0.0318591
17 85 0.0300066
17 86 0.027426
17 87 0.0212371
17 88 0.0133156
17 89 0.00283643
17 90 -0.00748494
17 91 -0.0176945
17 92 -0.0255891
17 93 -0.028602
17 94 -0.0281381
17 95 -0.0222025
17 96 -0.0131635
17 97 -0.00176383
17 98 0.00877858
17 99 0.0169399
17 100 0.0217612
17 101 0.020363
17 102 0.0154983
17 103 0.00672956
17 104 -0.00367484
17 105 -0.0124357
17 106 -0.0192806
17 107 -0.0214332
17 108 -0.0190991
17 109 -0.0128195
17 110 -0.00395457
17 111 0.00487016
17 112 0.0123974
17 113 0.0161531
17 114 0.0158744
17 115 0.0118204
17 116 0.00445834
17 117 -0.00356762
17 118 -0.010854
17 119 0

18 0 0
18 1 -0.0112075
18 2 -0.00405004
18 3 0.00466331
18 4 0.0128159
18 5 0.0173198
18 6 0.0172148
18 7 0.012686
18 8 0.00348083
18 9 -0.00670319
18 10 -0.0159854
18 11 -0.0231136
18 12 -0.0245306
18 13 -0.021148
18 14 -0.0131632
18 15 -0.00195772
18 16 0.00925187
18 17 0.0191733
18 18 0.0244171
18 19 0.0247616
18 20 0.0194599
18 21 0.00981701
18 22 -0.0014545
18 23 -0.0139752
18 24 -0.0226163
18 25 -0.0279056
18 26 -0.0284218
18 27 -0.0235539
18 28 -0.0157317
18 29 -0.00513142
18 30 0.00449912
18 31 0.0144867
18 32 0.0210752
18 33 0.0252849
18 34 0.0275344
18 35 0.0273901
18 36 0.0263256
18 37 0.0230595
18 38 0.0207333
18 39 0.0159158
18 40 0.0110737
18 41 0.00437445
18 42 -0.00183378
18 43 -0.00901198
18 44 -0.0156233
18 45 -0.0204808
18 46 -0.023537
18 47 -0.0242479
18 48 -0.0245141
18 49 -0.0224372
18 50 -0.0207661
18 51 -0.0180096
18 52 -0.017359
18 53 -0.0154563
18 54 -0.0145177
18 55 -0.0118511
18 56 -0.0113834
18 57 -0.0106982
18 58 -0.0121479
18 59 -0.0116423
18 60 -0.0115249
18 61 -0.00947505
18 62 -0.0095833
18 63 -0.00954384
18 64 -0.0117766
18 65 -0.0123995
18 66 -0.0141579
18 67 -0.0148225
18 68 -0.0179167
18 69 -0.0200912
18 70 -0.0231821
18 71 -0.0240264
18 72 -0.0251009
18 73 -0.0237295
18 74 -0.0212784
18 75 -0.0166165
18 76 -0.0119341
18 77 -0.00728951
18 78 -0.00224879
18 79 0.00229888
18 80 0.0073812
18 81 0.0114417
18 82 0.017606
18 83 0.0225238
18 84 0.0278609
18 85 0.0305527
18 86 0.0320533
18 87 0.0294057
18 88 0.0228437
18 89 0.013875
18 90 0.0020037
18 91 -0.00946701
18 92 -0.0204694
18 93 -0.0265503
18 94 -0.029226
18 95 -0.0265732
18 96 -0.018857
18 97 -0.00911617
18 98 0.00249504
18 99 0.012186
18 100 0.0196009
18 101 0.0221884
18 102 0.0202471
18 103 0.0146754
18 104 0.00553896
18 105 -0.00346172
18 106 -0.0123834
18 107 -0.0184287
18 108 -0.0199906
18 109 -0.0187524
18 110 -0.0133324
18 111 -0.00551678
18 112 0.00227511
18 113 0.00915695
18 114 0.0131916
18 115 0.0133297
18 116 0.0100014
18 117 0.00436296
18 118 -0.00242276
18 119 0

19 0 0
19 1 -0.00298195
19 2 0.00460921
19 3 0.0110968
19 4 0.0152561
19 5 0.0155843
19 6 0.0116591
19 7 0.00473785
19 8 -0.00456619
19 9 -0.0138149
19 10 -0.0207101
19 11 -0.0241974
19 12 -0.0227893
19 13 -0.0167342
19 14 -0.00733081
19 15 0.00395282
19 16 0.0146388
19 17 0.0218515
19 18 0.0247616
19 19 0.0226994
19 20 0.014981
19 21 0.00452932
19 22 -0.00713783
19 23 -0.0178024
19 24 -0.0245628
19 25 -0.026751
19 26 -0.0234909
19 27 -0.0161318
19 28 -0.00516005
19 29 0.00621486
19 30 0.016228
19 31 0.0242256
19 32 0.0278466
19 33 0.0280313
19 34 0.0247163
19 35 0.0201402
19 36 0.0137213
19 37 0.00740199
19 38 0.00198114
19 39 -0.00301612
19 40 -0.00761035
19 41 -0.0123984
19 42 -0.0159069
19 43 -0.0198886
19 44 -0.0227346
19 45 -0.0249047
19 46 -0.0243031
19 47 -0.0226829
19 48 -0.0194309
19 49 -0.0156157
19 50 -0.0106826
19 51 -0.00613212
19 52 -0.00229887
19 53 0.000718062
19 54 0.00350378
19 55 0.00593915
19 56 0.00699932
19 57 0.00660426
19 58 0.00528778
19 59 0.00500965
19 60 0.006065
19 61 0.00818333
19 62 0.0093488
19 63 0.00912302
19 64 0.00743626
19 65 0.00547273
19 66 0.00309604
19 67 -6.14205e-05
19 68 -0.00426321
19 69 -0.00890606
19 70 -0.0129339
19 71 -0.016593
19 72 -0.0192702
19 73 -0.021251
19 74 -0.0211232
19 75 -0.0206748
19 76 -0.0195082
19 77 -0.0190148
19 78 -0.0170817
19 79 -0.0151632
19 80 -0.0118582
19 81 -0.00744799
19 82 -0.00040882
19 83 0.00777235
19 84 0.0160094
19 85 0.0239108
19 86 0.0293846
19 87 0.0315733
19 88 0.0287111
19 89 0.0227766
19 90 0.0129621
19 91 0.00152608
19 92 -0.00945572
19 93 -0.0182832
19 94 -0.0233791
19 95 -0.0243769
19 96 -0.0202143
19 97 -0.0132871
19 98 -0.00387593
19 99 0.00605474
19 100 0.01377
19 101 0.0190323
19 102 0.0205755
19 103 0.0179413
19 104 0.0117771
19 105 0.00376181
19 106 -0.00508439
19 107 -0.0131022
19 108 -0.0183678
19 109 -0.0206779
19 110 -0.0191242
19 111 -0.0141549
19 112 -0.00740411
19 113 0.000415376
19 114 0.00762034
19 115 0.0123835
19 116 0.0141123
19 117 0.0124176
19 118 0.00747815
19 119 0

20 0 0
20 1 0.00496124
20 2 0.0116734
20 3 0.0152665
20 4 0.0160526
20 5 0.0126181
20 6 0.00558362
20 7 -0.00263346
20 8 -0.0119055
20 9 -0.0190025
20 10 -0.0226222
20 11 -0.022773
20 12 -0.0178636
20 13 -0.0099868
20 14 -0.000384511
20 15 0.00916698
20 16 0.0164068
20 17 0.0203723
20 18 0.0194599
20 19 0.014981
20 20 0.00668904
20 21 -0.00315688
20 22 -0.0116122
20 23 -0.0187614
20 24 -0.0211347
20 25 -0.0189398
20 26 -0.0123768
20 27 -0.00258323
20 28 0.00851949
20 29 0.0194042
20 30 0.026499
20 31 0.030598
20 32 0.0295547
20 33 0.0243144
20 34 0.016061
20 35 0.00644863
20 36 -0.00289672
20 37 -0.011744
20 38 -0.0173206
20 39 -0.0213517
20 40 -0.0231495
20 41 -0.0244265
20 42 -0.0238678
20 43 -0.0231823
20 44 -0.0221823
20 45 -0.0205448
20 46 -0.017537
20 47 -0.0130415
20 48 -0.00833289
20 49 -0.00259393
20 50 0.00310232
20 51 0.00941768
20 52 0.0140702
20 53 0.018314
20 54 0.0208529
20 55 0.0232011
20 56 0.0231219
20 57 0.022148
20 58 0.0197773
20 59 0.0194533
20 60 0.0203953
20 61 0.0234113
20 62 0.0250851
20 63 0.0259399
20 64 0.0244487
20 65 0.0228693
20 66 0.0196353
20 67 0.0160813
20 68 0.010793
20 69 0.00614002
20 70 0.00114255
20 71 -0.00294393
20 72 -0.00743791
20 73 -0.0107284
20 74 -0.0135868
20 75 -0.0161999
20 76 -0.0195826
20 77 -0.0231571
20 78 -0.0257456
20 79 -0.027777
20 80 -0.0276857
20 81 -0.0254109
20 82 -0.0188556
20 83 -0.01057
20 84 2.06948e-05
20 85 0.0106439
20 86 0.0205271
20 87 0.0269777
20 88 0.0294891
20 89 0.0284332
20 90 0.0226377
20 91 0.0146906
20 92 0.00505342
20 93 -0.00368609
20 94 -0.0113866
20 95 -0.0157191
20 96 -0.0164253
20 97 -0.0148423
20 98 -0.00948984
20 99 -0.00285995
20 100 0.00440561
20 101 0.0107713
20 102 0.0152887
20 103 0.0170956
20 104 0.0150375
20 105 0.0106228
20 106 0.00282476
20 107 -0.00592924
20 108 -0.0136051
20 109 -0.0202658
20 110 -0.0225973
20 111 -0.0210647
20 112 -0.0159666
20 113 -0.00719085
20 114 0.00202115
20 115 0.0105536
20 116 0.016433
20 117 0.0179317
20 118 0.0157707
20 119 0

21 0 0
21 1 0.0116513
21 2 0.0170445
21 3 0.0178297
21 4 0.0149374
21 5 0.00809068
21 6 -0.00115736
21 7 -0.0100157
21 8 -0.0172896
