0 0 0
0 1 0
0 2 0
0 3 0
0 4 0
0 5 0
0 6 0
0 7 0
0 8 0
0 9 0
0 10 0
0 11 0
0 12 0
0 13 0
0 14 0
0 15 0
0 16 0
0 17 0
0 18 0
0 19 0
0 20 0
0 21 0
0 22 0
0 23 0
0 24 0
0 25 0
0 26 0
0 27 0
0 28 0
0 29 0
0 30 0
0 31 0
0 32 0
0 33 0
0 34 0
0 35 0
0 36 0
0 37 0
0 38 0
0 39 0
0 40 0
0 41 0
0 42 0
0 43 0
0 44 0
0 45 0
0 46 0
0 47 0
0 48 0
0 49 0
0 50 0
0 51 0
0 52 0
0 53 0
0 54 0
0 55 0
0 56 0
0 57 0
0 58 0
0 59 0
0 60 0
0 61 0
0 62 0
0 63 0
0 64 0
0 65 0
0 66 0
0 67 0
0 68 0
0 69 0
0 70 0
0 71 0
0 72 0
0 73 0
0 74 0
0 75 0
0 76 0
0 77 0
0 78 0
0 79 0
0 80 0
0 81 0
0 82 0
0 83 0
0 84 0
0 85 0
0 86 0
0 87 0
0 88 0
0 89 0
0 90 0
0 91 0
0 92 0
0 93 0
0 94 0
0 95 0
0 96 0
0 97 0
0 98 0
0 99 0
0 100 0
0 101 0
0 102 0
0 103 0
0 104 0
0 105 0
0 106 0
0 107 0
0 108 0
0 109 0
0 110 0
0 111 0
0 112 0
0 113 0
0 114 0
0 115 0
0 116 0
0 117 0
0 118 0
0 119 0

1 0 0
1 1 -0.0204565
1 2 -0.0168866
1 3 -0.00852595
1 4 0.00139445
1 5 0.0101842
1 6 0.0170814
1 7 0.0210565
1 8 0.0214549
1 9 0.0189412
1 10 0.0133237
1 11 0.00420495
1 12 -0.00626247
1 13 -0.0151921
1 14 -0.0210828
1 15 -0.0229903
1 16 -0.0212637
1 17 -0.0173738
1 18 -0.0119104
1 19 -0.00542838
1 20 0.00126165
1 21 0.00800617
1 22 0.0141073
1 23 0.0188121
1 24 0.0219105
1 25 0.0228023
1 26 0.0214917
1 27 0.0182541
1 28 0.0132157
1 29 0.00715323
1 30 0.000497668
1 31 -0.00616603
1 32 -0.0121847
1 33 -0.0173753
1 34 -0.0212351
1 35 -0.023783
1 36 -0.0249365
1 37 -0.024716
1 38 -0.0234162
1 39 -0.0210333
1 40 -0.0179979
1 41 -0.0143529
1 42 -0.0104348
1 43 -0.00638091
1 44 -0.00232954
1 45 0.00150353
1 46 0.00516423
1 47 0.00841194
1 48 0.0114046
1 49 0.0139293
1 50 0.0161797
1 51 0.0180009
1 52 0.0195689
1 53 0.0207925
1 54 0.0218035
1 55 0.0225638
1 56 0.0231553
1 57 0.0235752
1 58 0.0238613
1 59 0.0240272
1 60 0.0240785
1 61 0.0240272
1 62 0.0238613
1 63 0.0235752
1 64 0.0231553
1 65 0.0225638
1 66 0.0218035
1 67 0.0207925
1 68 0.0195689
1 69 0.0180009
1 70 0.0161797
1 71 0.0139293
1 72 0.0114046
1 73 0.00841194
1 74 0.00516423
1 75 0.00150353
1 76 -0.00232954
1 77 -0.00638091
1 78 -0.0104348
1 79 -0.0143529
1 80 -0.0179979
1 81 -0.0210333
1 82 -0.0234162
1 83 -0.024716
1 84 -0.0249365
1 85 -0.0237829
1 86 -0.0212351
1 87 -0.0173752
1 88 -0.0121845
1 89 -0.00616517
1 90 0.000500281
1 91 0.00716062
1 92 0.0132351
1 93 0.0183007
1 94 0.0215945
1 95 0.023007
1 96 0.0222738
1 97 0.0193722
1 98 0.0148214
1 99 0.00866607
1 100 0.00144893
1 101 -0.00624449
1 102 -0.0140561
1 103 -0.0205326
1 104 -0.0242678
1 105 -0.0242578
1 106 -0.0196768
1 107 -0.0117097
1 108 -0.00250907
1 109 0.00674986
1 110 0.0146678
1 111 0.0198609
1 112 0.0218021
1 113 0.0197001
1 114 0.0138626
1 115 0.00677495
1 116 -0.000713521
1 117 -0.00972975
1 118 -0.0179057
1 119 0

2 0 0
2 1 -0.0168866
2 2 -0.00921615
2 3 -0.00179665
2 4 0.00404765
2 5 0.0111242
2 6 0.0180512
2 7 0.0205226
2 8 0.0182535
2 9 0.0130851
2 10 0.00555615
2 11 -0.00279588
2 12 -0.0102145
2 13 -0.0165121
2 14 -0.0203201
2 15 -0.0202029
2 16 -0.017226
2 17 -0.0121
2 18 -0.0053003
2 19 0.00152805
2 20 0.00800498
2 21 0.0137005
2 22 0.0174348
2 23 0.0193744
2 24 0.0192028
2 25 0.0167943
2 26 0.0130618
2 27 0.00803768
2 28 0.00252099
2 29 -0.00282953
2 30 -0.0079629
2 31 -0.0120692
2 32 -0.0153243
2 33 -0.0174638
2 34 -0.0183746
2 35 -0.0184251
2 36 -0.0173028
2 37 -0.0155688
2 38 -0.0130797
2 39 -0.010155
2 40 -0.00700782
2 41 -0.0035923
2 42 -0.000376194
2 43 0.00291434
2 44 0.00579038
2 45 0.0085455
2 46 0.0108592
2 47 0.0128999
2 48 0.0145898
2 49 0.0159236
2 50 0.0170443
2 51 0.0177928
2 52 0.0184647
2 53 0.0187945
2 54 0.0191597
2 55 0.0192334
2 56 0.019423
2 57 0.0193709
2 58 0.0194849
2 59 0.0193922
2 60 0.0194894
2 61 0.0193922
2 62 0.0194849
2 63 0.0193709
2 64 0.019423
2 65 0.0192334
2 66 0.0191597
2 67 0.0187945
2 68 0.0184647
2 69 0.0177928
2 70 0.0170443
2 71 0.0159236
2 72 0.0145898
2 73 0.0128999
2 74 0.0108592
2 75 0.0085455
2 76 0.00579038
2 77 0.00291434
2 78 -0.000376194
2 79 -0.0035923
2 80 -0.00700782
2 81 -0.010155
2 82 -0.0130797
2 83 -0.0155688
2 84 -0.0173028
2 85 -0.0184251
2 86 -0.0183746
2 87 -0.0174636
2 88 -0.0153237
2 89 -0.0120672
2 90 -0.0079574
2 91 -0.00281485
2 92 0.00255712
2 93 0.00811909
2 94 0.0132283
2 95 0.0170989
2 96 0.0196906
2 97 0.020031
2 98 0.0181085
2 99 0.0140422
2 100 0.0075193
2 101 -0.00017717
2 102 -0.00810771
2 103 -0.0150992
2 104 -0.0189612
2 105 -0.0195646
2 106 -0.0174913
2 107 -0.0129634
2 108 -0.00746698
2 109 -0.00117191
2 110 0.00662552
2 111 0.0135796
2 112 0.0172306
2 113 0.017738
2 114 0.0149221
2 115 0.00902928
2 116 0.0026553
2 117 -0.00306621
2 118 -0.00936809
2 119 0

3 0 0
3 1 -0.00852595
3 2 -0.00179665
3 3 0.00312916
3 4 0.00761626
3 5 0.0124419
3 6 0.0147086
3 7 0.0134881
3 8 0.0101019
3 9 0.00440032
3 10 -0.00231388
3 11 -0.007352
3 12 -0.0114351
3 13 -0.0151362
3 14 -0.0160925
3 15 -0.014011
3 16 -0.0096006
3 17 -0.00272487
3 18 0.00428587
3 19 0.00973501
3 20 0.0138415
3 21 0.0154306
3 22 0.0148643
3 23 0.0130381
3 24 0.00944146
3 25 0.00530135
3 26 0.000919265
3 27 -0.0037119
3 28 -0.00740553
3 29 -0.0106478
3 30 -0.0128243
3 31 -0.0137587
3 32 -0.0139635
3 33 -0.0127704
3 34 -0.0110413
3 35 -0.0084839
3 36 -0.00543395
3 37 -0.00235529
3 38 0.00107922
3 39 0.00400152
3 40 0.00696758
3 41 0.00929152
3 42 0.0112909
3 43 0.0128097
3 44 0.013738
3 45 0.014446
3 46 0.0144763
3 47 0.0145101
3 48 0.0139385
3 49 0.0135067
3 50 0.0126344
3 51 0.0119565
3 52 0.011027
3 53 0.0102931
3 54 0.00947508
3 55 0.0088287
3 56 0.00822406
3 57 0.00776234
3 58 0.00742283
3 59 0.00720507
3 60 0.00714801
3 61 0.00720507
3 62 0.00742283
3 63 0.00776234
3 64 0.00822406
3 65 0.0088287
3 66 0.00947508
3 67 0.0102931
3 68 0.011027
3 69 0.0119565
3 70 0.0126344
3 71 0.0135067
3 72 0.0139385
3 73 0.0145101
3 74 0.0144763
3 75 0.014446
3 76 0.013738
3 77 0.0128097
3 78 0.0112909
3 79 0.00929152
3 80 0.00696758
3 81 0.00400152
3 82 0.00107922
3 83 -0.00235529
3 84 -0.00543394
3 85 -0.00848386
3 86 -0.0110412
3 87 -0.01277
3 88 -0.0139621
3 89 -0.0137546
3 90 -0.0128131
3 91 -0.0106196
3 92 -0.00734051
3 93 -0.00357538
3 94 0.00117672
3 95 0.00572892
3 96 0.0100452
3 97 0.0137086
3 98 0.0153062
3 99 0.0151779
3 100 0.0124564
3 101 0.00719268
3 102 0.00132221
3 103 -0.00471812
3 104 -0.00936835
3 105 -0.0114802
3 106 -0.0126318
3 107 -0.0124398
3 108 -0.0100078
3 109 -0.00646237
3 110 -0.00163772
3 111 0.00385001
3 112 0.00754659
3 113 0.0101806
3 114 0.0126129
3 115 0.0115619
3 116 0.0067226
3 117 0.00269944
3 118 -0.000274076
3 119 0

4 0 0
4 1 0.00139445
4 2 0.00404765
4 3 0.00761626
4 4 0.0116873
4 5 0.0112636
4 6 0.00679318
4 7 0.00319613
4 8 -4.95895e-06
4 9 -0.00486069
4 10 -0.0085913
4 11 -0.0102107
4 12 -0.0113947
4 13 -0.0106825
4 14 -0.00784
4 15 -0.00442399
4 16 0.0010498
4 17 0.00765592
4 18 0.0123359
4 19 0.0153809
4 20 0.015695
4 21 0.0126572
4 22 0.00859964
4 23 0.00322707
4 24 -0.00251519
4 25 -0.00707814
4 26 -0.0114491
4 27 -0.0141994
4 28 -0.0155191
4 29 -0.0159185
4 30 -0.0142772
4 31 -0.0120253
4 32 -0.00848328
4 33 -0.0041947
4 34 5.35727e-05
4 35 0.00491281
4 36 0.00886469
4 37 0.0127738
4 38 0.0156857
4 39 0.0177615
4 40 0.0192106
4 41 0.01936
4 42 0.0192898
4 43 0.017957
4 44 0.0166287
4 45 0.0144483
4 46 0.0123031
4 47 0.00985158
4 48 0.00735629
4 49 0.00504349
4 50 0.00258043
4 51 0.000641602
4 52 -0.00153609
4 53 -0.00300005
4 54 -0.00476084
4 55 -0.00573141
4 56 -0.00703062
4 57 -0.00752655
4 58 -0.0083659
4 59 -0.00841116
4 60 -0.00880526
4 61 -0.00841116
4 62 -0.0083659
4 63 -0.00752655
4 64 -0.00703062
4 65 -0.00573141
4 66 -0.00476084
4 67 -0.00300005
4 68 -0.00153609
4 69 0.000641602
4 70 0.00258043
4 71 0.00504349
4 72 0.00735629
4 73 0.00985158
4 74 0.0123031
4 75 0.0144483
4 76 0.0166287
4 77 0.017957
4 78 0.0192898
4 79 0.01936
4 80 0.0192106
4 81 0.0177615
4 82 0.0156857
4 83 0.0127738
4 84 0.00886472
4 85 0.0049129
4 86 5.38836e-05
4 87 -0.00419369
4 88 -0.00848027
4 89 -0.012017
4 90 -0.0142556
4 91 -0.0158673
4 92 -0.0154084
4 93 -0.0139837
4 94 -0.0110768
4 95 -0.00652532
4 96 -0.0018518
4 97 0.00375948
4 98 0.00856769
4 99 0.0115776
4 100 0.0133875
4 101 0.0123785
4 102 0.00995689
4 103 0.007373
4 104 0.00335863
4 105 -0.00066422
4 106 -0.00464051
4 107 -0.00917387
4 108 -0.0110202
4 109 -0.0100304
4 110 -0.00898122
4 111 -0.00690463
4 112 -0.00329362
4 113 0.000605153
4 114 0.00578933
4 115 0.0109316
4 116 0.0117806
4 117 0.00920709
4 118 0.00680019
4 119 0

5 0 0
5 1 0.0101842
5 2 0.0111242
5 3 0.0124419
5 4 0.0112636
5 5 0.00516981
5 6 -0.00115368
5 7 -0.00537964
5 8 -0.0100171
5 9 -0.0135582
5 10 -0.0138718
5 11 -0.0126423
5 12 -0.00877707
5 13 -0.00194998
5 14 0.003292
5 15 0.00710122
5 16 0.0115311
5 17 0.0141511
5 18 0.0156427
5 19 0.0162118
5 20 0.0129329
5 21 0.00786371
5 22 0.00164763
5 23 -0.00621124
5 24 -0.01241
5 25 -0.017668
5 26 -0.0213179
5 27 -0.021728
5 28 -0.0209376
5 29 -0.0173629
5 30 -0.0122166
5 31 -0.00649438
5 32 0.000694321
5 33 0.00682124
5 34 0.0131407
5 35 0.0181849
5 36 0.0218052
5 37 0.0246844
5 38 0.0252991
5 39 0.0255843
5 40 0.0238853
5 41 0.0218568
5 42 0.0188327
5 43 0.015252
5 44 0.0117536
5 45 0.00751508
5 46 0.00411522
5 47 -3.1879e-05
5 48 -0.00301661
5 49 -0.0065944
5 50 -0.00903262
5 51 -0.0118306
5 52 -0.013707
5 53 -0.0157094
5 54 -0.0170701
5 55 -0.018368
5 56 -0.019279
5 57 -0.0199979
5 58 -0.0205142
5 59 -0.0207658
5 60 -0.0209096
5 61 -0.0207658
5 62 -0.0205142
5 63 -0.0199979
5 64 -0.019279
5 65 -0.018368
5 66 -0.0170701
5 67 -0.0157094
5 68 -0.013707
5 69 -0.0118306
5 70 -0.00903262
5 71 -0.0065944
5 72 -0.00301661
5 73 -3.1879e-05
5 74 0.00411522
5 75 0.00751508
5 76 0.0117536
5 77 0.015252
5 78 0.0188327
5 79 0.0218568
5 80 0.0238853
5 81 0.0255843
5 82 0.0252991
5 83 0.0246844
5 84 0.0218053
5 85 0.0181851
5 86 0.0131414
5 87 0.0068234
5 88 0.000700465
5 89 -0.00647815
5 90 -0.0121771
5 91 -0.0172749
5 92 -0.0207604
5 93 -0.0214096
5 94 -0.0208205
5 95 -0.0170248
5 96 -0.0118046
5 97 -0.00602803
5 98 0.00090456
5 99 0.00586584
5 100 0.00996325
5 101 0.0134069
5 102 0.0146024
5 103 0.0158658
5 104 0.015385
5 105 0.0110882
5 106 0.00562184
5 107 -0.00141983
5 108 -0.00905957
5 109 -0.0134413
5 110 -0.0159427
5 111 -0.0168846
5 112 -0.0129399
5 113 -0.00663082
5 114 -0.00137643
5 115 0.00539062
5 116 0.0129427
5 117 0.0157298
5 118 0.013927
5 119 0

6 0 0
6 1 0.0170814
6 2 0.0180512
6 3 0.0147086
6 4 0.00679318
6 5 -0.00115368
6 6 -0.00720045
6 7 -0.0140395
6 8 -0.0193199
6 9 -0.0189546
6 10 -0.0158985
6 11 -0.0112599
6 12 -0.00249279
6 13 0.00623013
6 14 0.0118708
6 15 0.0168085
6 16 0.0186674
6 17 0.0174097
6 18 0.0165411
6 19 0.0129376
6 20 0.00692294
6 21 0.0010015
6 22 -0.00725078
6 23 -0.0145383
6 24 -0.0195761
6 25 -0.0239334
6 26 -0.0241263
6 27 -0.0223912
6 28 -0.0186938
6 29 -0.0119652
6 30 -0.00568032
6 31 0.0022715
6 32 0.00939824
6 33 0.0153715
6 34 0.0211267
6 35 0.0239511
6 36 0.0266057
6 37 0.0266198
6 38 0.0257436
6 39 0.0237848
6 40 0.0201812
6 41 0.017025
6 42 0.0120687
6 43 0.00832144
6 44 0.00329202
6 45 -0.000569528
6 46 -0.00483598
6 47 -0.00844809
6 48 -0.011596
6 49 -0.0147239
6 50 -0.0167492
6 51 -0.019294
6 52 -0.0203811
6 53 -0.0223583
6 54 -0.0227496
6 55 -0.0242463
6 56 -0.0241623
6 57 -0.0252899
6 58 -0.0248893
6 59 -0.0257437
6 60 -0.0251107
6 61 -0.0257437
6 62 -0.0248893
6 63 -0.0252899
6 64 -0.0241623
6 65 -0.0242463
6 66 -0.0227496
6 67 -0.0223583
6 68 -0.0203811
6 69 -0.019294
6 70 -0.0167492
6 71 -0.0147239
6 72 -0.011596
6 73 -0.00844809
6 74 -0.00483598
6 75 -0.000569528
6 76 0.00329202
6 77 0.00832144
6 78 0.0120687
6 79 0.017025
6 80 0.0201812
6 81 0.0237848
6 82 0.0257436
6 83 0.0266199
6 84 0.0266058
6 85 0.0239515
6 86 0.0211282
6 87 0.0153759
6 88 0.00941016
6 89 0.0023013
6 90 -0.00561199
6 91 -0.0118229
6 92 -0.0184277
6 93 -0.0219545
6 94 -0.0235207
6 95 -0.0232852
6 96 -0.0192057
6 97 -0.0149363
6 98 -0.00885593
6 99 -0.00178056
6 100 0.00382907
6 101 0.0110984
6 102 0.0173371
6 103 0.0208629
6 104 0.023117
6 105 0.0201164
6 106 0.0131633
6 107 0.00616647
6 108 -0.00330991
6 109 -0.0133554
6 110 -0.0195869
6 111 -0.022735
6 112 -0.0212235
6 113 -0.0141237
6 114 -0.00669161
6 115 0.000243846
6 116 0.0099416
6 117 0.0183156
6 118 0.0203295
6 119 0

7 0 0
7 1 0.0210565
7 2 0.0205226
7 3 0.0134881
7 4 0.00319613
7 5 -0.00537964
7 6 -0.0140395
7 7 -0.0222864
7 8 -0.0238662
7 9 -0.0195203
7 10 -0.0138053
7 11 -0.0054301
7 12 0.00389644
7 13 0.0107353
7 14 0.0178586
7 15 0.0227219
7 16 0.02113
7 17 0.0179811
7 18 0.0131346
7 19 0.00522887
7 20 -0.000790586
7 21 -0.00755381
7 22 -0.0148179
7 23 -0.0184528
7 24 -0.021997
7 25 -0.0224249
7 26 -0.0193624
7 27 -0.0162096
7 28 -0.00941527
7 29 -0.00306676
7 30 0.00330255
7 31 0.0104385
7 32 0.0145397
7 33 0.0193537
7 34 0.021241
7 35 0.0221037
7 36 0.0221509
7 37 0.019545
7 38 0.0178963
7 39 0.0134887
7 40 0.0103521
7 41 0.00579668
7 42 0.00170097
7 43 -0.0019925
7 44 -0.00630181
7 45 -0.00880329
7 46 -0.0126433
7 47 -0.0140616
7 48 -0.0170155
7 49 -0.0176441
7 50 -0.0196012
7 51 -0.0197538
7 52 -0.0208322
7 53 -0.0207668
7 54 -0.0211998
7 55 -0.021097
7 56 -0.0211388
7 57 -0.0211037
7 58 -0.0209727
7 59 -0.021042
7 60 -0.0208959
7 61 -0.021042
7 62 -0.0209727
7 63 -0.0211037
7 64 -0.0211388
7 65 -0.021097
7 66 -0.0211998
7 67 -0.0207668
7 68 -0.0208322
7 69 -0.0197538
7 70 -0.0196012
7 71 -0.0176441
7 72 -0.0170155
7 73 -0.0140616
7 74 -0.0126433
7 75 -0.00880329
7 76 -0.00630181
7 77 -0.0019925
7 78 0.00170097
7 79 0.00579668
7 80 0.0103521
7 81 0.0134887
7 82 0.0178963
7 83 0.0195451
7 84 0.0221512
7 85 0.0221047
7 86 0.0212441
7 87 0.0193623
7 88 0.0145617
7 89 0.0104904
7 90 0.00341425
7 91 -0.00284973
7 92 -0.00904173
7 93 -0.0156572
7 94 -0.0187051
7 95 -0.0219119
7 96 -0.0220749
7 97 -0.0196213
7 98 -0.017267
7 99 -0.0107307
7 100 -0.00330039
7 101 0.00499531
7 102 0.0158112
7 103 0.0224482
7 104 0.0251798
7 105 0.0248476
7 106 0.0182669
7 107 0.0102609
7 108 0.00234045
7 109 -0.00882742
7 110 -0.0182737
7 111 -0.0227479
7 112 -0.0246987
7 113 -0.0216842
7 114 -0.0126137
7 115 -0.0024549
7 116 0.0071018
7 117 0.0164572
7 118 0.0222267
7 119 0

8 0 0
8 1 0.0214549
8 2 0.0182535
8 3 0.0101019
8 4 -4.95895e-06
8 5 -0.0100171
8 6 -0.0193199
8 7 -0.0238662
8 8 -0.0222875
8 9 -0.0177019
8 10 -0.00952971
8 11 0.00100971
8 12 0.00871473
8 13 0.0157521
8 14 0.0225651
8 15 0.0224667
8 16 0.018111
8 17 0.0125754
8 18 0.0032105
8 19 -0.0039156
8 20 -0.0082854
8 21 -0.0140426
8 22 -0.0159934
8 23 -0.0170697
8 24 -0.0179442
8 25 -0.0140211
8 26 -0.0108105
8 27 -0.00535048
8 28 0.00159506
8 29 0.00591908
8 30 0.0121776
8 31 0.0149655
8 32 0.0169609
8 33 0.0181843
8 34 0.0158615
8 35 0.0150085
8 36 0.0106095
8 37 0.00748517
8 38 0.00325969
8 39 -0.00137757
8 40 -0.00431871
8 41 -0.00908174
8 42 -0.0106605
8 43 -0.0142858
8 44 -0.0148998
8 45 -0.016742
8 46 -0.0168373
8 47 -0.016909
8 48 -0.0168117
8 49 -0.0155425
8 50 -0.0154535
8 51 -0.0134049
8 52 -0.0134454
8 53 -0.011116
8 54 -0.0113668
8 55 -0.00911011
8 56 -0.00963401
8 57 -0.00765595
8 58 -0.00850577
8 59 -0.00689838
8 60 -0.00811614
8 61 -0.00689838
8 62 -0.00850577
8 63 -0.00765595
8 64 -0.00963401
8 65 -0.00911011
8 66 -0.0113668
8 67 -0.011116
8 68 -0.0134454
8 69 -0.0134049
8 70 -0.0154535
8 71 -0.0155425
8 72 -0.0168117
8 73 -0.016909
8 74 -0.0168373
8 75 -0.016742
8 76 -0.0148998
8 77 -0.0142858
8 78 -0.0106605
8 79 -0.00908174
8 80 -0.00431871
8 81 -0.00137756
8 82 0.00325975
8 83 0.00748538
8 84 0.0106102
8 85 0.0150106
8 86 0.0158675
8 87 0.0182001
8 88 0.0169993
8 89 0.015051
8 90 0.0123502
8 91 0.00623005
8 92 0.00208298
8 93 -0.0047152
8 94 -0.0102057
8 95 -0.0138272
8 96 -0.0186736
8 97 -0.0190811
8 98 -0.0190476
8 99 -0.0170197
8 100 -0.00951735
8 101 -0.00224747
8 102 0.00732441
8 103 0.0171187
8 104 0.0210488
8 105 0.0233577
8 106 0.0223009
8 107 0.014722
8 108 0.00615624
8 109 -0.00320686
8 110 -0.0135839
8 111 -0.0196556
8 112 -0.0222871
8 113 -0.0228398
8 114 -0.0168697
8 115 -0.00596571
8 116 0.00378301
8 117 0.0121533
8 118 0.0192434
8 119 0

9 0 0
9 1 0.0189412
9 2 0.0130851
9 3 0.00440032
9 4 -0.00486069
9 5 -0.0135582
9 6 -0.0189546
9 7 -0.0195203
9 8 -0.0177019
9 9 -0.012846
9 10 -0.00323918
9 11 0.00627511
9 12 0.0136091
9 13 0.0200425
9 14 0.0206465
9 15 0.0161629
9 16 0.0114882
9 17 0.00273117
9 18 -0.00665214
9 19 -0.0111601
9 20 -0.0159288
9 21 -0.0171611
9 22 -0.0142434
9 23 -0.0129496
9 24 -0.0075571
9 25 -0.00193628
9 26 0.00217147
9 27 0.00917997
9 28 0.0120274
9 29 0.0151508
9 30 0.0169964
9 31 0.0148503
9 32 0.0144735
9 33 0.00962597
9 34 0.00603813
9 35 0.00142705
9 36 -0.00445332
9 37 -0.00757154
9 38 -0.0133989
9 39 -0.0151408
9 40 -0.0187603
9 41 -0.0196012
9 42 -0.0201254
9 43 -0.0203492
9 44 -0.0181713
9 45 -0.0178569
9 46 -0.0140515
9 47 -0.0132391
9 48 -0.00893979
9 49 -0.00773499
9 50 -0.00377853
9 51 -0.00235246
9 52 0.000804952
9 53 0.00226167
9 54 0.00447158
9 55 0.00578807
9 56 0.00708991
9 57 0.00812707
9 58 0.00864426
9 59 0.00928414
9 60 0.00915794
9 61 0.00928414
9 62 0.00864426
9 63 0.00812707
9 64 0.00708991
9 65 0.00578807
9 66 0.00447158
9 67 0.00226167
9 68 0.000804952
9 69 -0.00235246
9 70 -0.00377853
9 71 -0.00773499
9 72 -0.00893979
9 73 -0.0132391
9 74 -0.0140515
9 75 -0.0178569
9 76 -0.0181713
9 77 -0.0203492
9 78 -0.0201254
9 79 -0.0196012
9 80 -0.0187603
9 81 -0.0151407
9 82 -0.0133988
9 83 -0.00757109
9 84 -0.00445192
9 85 0.00143114
9 86 0.0060492
9 87 0.00965371
9 88 0.0145373
9 89 0.0149841
9 90 0.0172483
9 91 0.0155686
9 92 0.0126157
9 93 0.00982681
9 94 0.00257506
9 95 -0.00225882
9 96 -0.0090719
9 97 -0.0157003
9 98 -0.0174501
9 99 -0.0192651
9 100 -0.0154046
9 101 -0.00774512
9 102 -0.00189216
9 103 0.00650225
9 104 0.0130353
9 105 0.0160415
9 106 0.0197715
9 107 0.0181438
9 108 0.0100638
9 109 0.00209398
9 110 -0.00589753
9 111 -0.0133105
9 112 -0.0170331
9 113 -0.0179276
9 114 -0.0156284
9 115 -0.0093948
9 116 -0.00205769
9 117 0.0055022
9 118 0.0132626
9 119 0

10 0 0
10 1 0.0133237
10 2 0.00555615
10 3 -0.00231388
10 4 -0.0085913
10 5 -0.0138718
10 6 -0.0158985
10 7 -0.0138053
10 8 -0.00952971
10 9 -0.00323918
10 10 0.00420062
10 11 0.0110301
10 12 0.0166281
10 13 0.0171489
10 14 0.0125497
10 15 0.00885334
10 16 0.00307232
10 17 -0.00648387
10 18 -0.0129693
10 19 -0.0186828
10 20 -0.0218825
10 21 -0.0170929
10 22 -0.0117289
10 23 -0.00407995
10 24 0.00590582
10 25 0.0110755
10 26 0.0174915
10 27 0.0206445
10 28 0.0199811
10 29 0.0205082
10 30 0.0153975
10 31 0.0115719
10 32 0.00594642
10 33 -0.00154302
10 34 -0.00600037
10 35 -0.0138146
10 36 -0.0172188
10 37 -0.0219932
10 38 -0.0245334
10 39 -0.0249407
10 40 -0.0262535
10 41 -0.0230786
10 42 -0.0226726
10 43 -0.0176986
10 44 -0.0154703
10 45 -0.0103815
10 46 -0.0067197
10 47 -0.00257386
10 48 0.00186248
10 49 0.0046572
10 50 0.00922237
10 51 0.0106954
10 52 0.0149313
10 53 0.0153145
10 54 0.01899
10 55 0.0185502
10 56 0.0216126
10 57 0.0205611
10 58 0.0230567
10 59 0.0215154
10 60 0.0235148
10 61 0.0215154
10 62 0.0230567
10 63 0.0205611
10 64 0.0216126
10 65 0.0185502
10 66 0.01899
10 67 0.0153145
10 68 0.0149313
10 69 0.0106954
10 70 0.00922237
10 71 0.0046572
10 72 0.00186248
10 73 -0.00257386
10 74 -0.0067197
10 75 -0.0103815
10 76 -0.0154703
10 77 -0.0176986
10 78 -0.0226726
10 79 -0.0230786
10 80 -0.0262535
10 81 -0.0249406
10 82 -0.0245331
10 83 -0.0219923
10 84 -0.0172161
10 85 -0.013807
10 86 -0.00598082
10 87 -0.00149652
10 88 0.00604746
10 89 0.0117704
10 90 0.0157443
10 91 0.0210318
10 92 0.0206258
10 93 0.0211902
10 94 0.0175173
10 95 0.0100703
10 96 0.00360005
10 97 -0.00726752
10 98 -0.0144948
10 99 -0.0177401
10 100 -0.0194859
10 101 -0.0140868
10 102 -0.00845569
10 103 -0.0040201
10 104 0.00332481
10 105 0.00796947
10 106 0.0109432
10 107 0.0141975
10 108 0.0125503
10 109 0.00779144
10 110 0.00335053
10 111 -0.00240412
10 112 -0.00812317
10 113 -0.0113402
10 114 -0.012182
10 115 -0.0107311
10 116 -0.00731765
10 117 -0.00212475
10 118 0.00477892
10 119 0

11 0 0
11 1 0.00420495
11 2 -0.00279588
11 3 -0.007352
11 4 -0.0102107
11 5 -0.0126423
11 6 -0.0112599
11 7 -0.0054301
11 8 0.00100971
11 9 0.00627511
11 10 0.0110301
11 11 0.0148655
11 12 0.0148611
11 13 0.010278
11 14 0.00554543
11 15 0.000414299
11 16 -0.00773581
11 17 -0.0141361
11 18 -0.0190558
11 19 -0.0234598
11 20 -0.0201133
11 21 -0.012852
11 22 -0.00462789
11 23 0.00752601
11 24 0.0153385
11 25 0.0210568
11 26 0.0258585
11 27 0.0242149
11 28 0.0234391
11 29 0.0187542
11 30 0.0117249
11 31 0.00625331
11 32 -0.00354949
11 33 -0.0096111
11 34 -0.0172316
11 35 -0.0231431
11 36 -0.0258806
11 37 -0.0298296
11 38 -0.0280903
11 39 -0.0285151
11 40 -0.0243262
11 41 -0.0210194
11 42 -0.0163532
11 43 -0.0104174
11 44 -0.00642564
11 45 0.000493171
11 46 0.00344836
11 47 0.00991535
11 48 0.011931
11 49 0.0170919
11 50 0.0184283
11 51 0.0220136
11 52 0.0229302
11 53 0.0250722
11 54 0.0257646
11 55 0.0267882
11 56 0.0273745
11 57 0.02764
11 58 0.0281609
11 59 0.0279759
11 60 0.0283919
11 61 0.0279759
11 62 0.0281609
11 63 0.02764
11 64 0.0273745
11 65 0.0267882
11 66 0.0257646
11 67 0.0250722
11 68 0.0229302
11 69 0.0220136
11 70 0.0184283
11 71 0.0170919
11 72 0.011931
11 73 0.00991535
11 74 0.00344836
11 75 0.000493171
11 76 -0.00642564
11 77 -0.0104174
11 78 -0.0163532
11 79 -0.0210194
11 80 -0.0243262
11 81 -0.0285149
11 82 -0.0280898
11 83 -0.0298278
11 84 -0.0258755
11 85 -0.0231297
11 86 -0.0171986
11 87 -0.00953678
11 88 -0.00339735
11 89 0.00653249
11 90 0.012174
11 91 0.0193613
11 92 0.0240612
11 93 0.0245129
11 94 0.0253329
11 95 0.019285
11 96 0.0124022
11 97 0.00437289
11 98 -0.00634418
11 99 -0.0117046
11 100 -0.0161321
11 101 -0.0184956
11 102 -0.0155326
11 103 -0.0131316
11 104 -0.00849551
11 105 -0.00111898
11 106 0.00304213
11 107 0.00644731
11 108 0.011031
11 109 0.0131993
11 110 0.0118401
11 111 0.00809623
11 112 0.00333672
11 113 -0.00206769
11 114 -0.00789055
11 115 -0.0111751
11 116 -0.010448
11 117 -0.00821739
11 118 -0.00494533
11 119 0

12 0 0
12 1 -0.00626247
12 2 -0.0102145
12 3 -0.0114351
12 4 -0.0113947
12 5 -0.00877707
12 6 -0.00249279
12 7 0.00389644
12 8 0.00871473
12 9 0.0136091
12 10 0.0166281
12 11 0.0148611
12 12 0.0102074
12 13 0.00524991
12 14 -0.00150457
12 15 -0.0105008
12 16 -0.0168629
12 17 -0.0197205
12 18 -0.0219182
12 19 -0.0195609
12 20 -0.0130892
12 21 -0.00627621
12 22 0.0043446
12 23 0.014014
12 24 0.0200025
12 25 0.0260017
12 26 0.0261283
12 27 0.0240222
12 28 0.0205517
12 29 0.0121488
12 30 0.00573767
12 31 -0.00346637
12 32 -0.0116193
12 33 -0.0173072
12 34 -0.0240522
12 35 -0.0253045
12 36 -0.0276366
12 37 -0.0257984
12 38 -0.0230124
12 39 -0.019749
12 40 -0.0134628
12 41 -0.0098201
12 42 -0.00256585
12 43 0.000997056
12 44 0.00713591
12 45 0.010433
12 46 0.014411
12 47 0.0173399
12 48 0.0190554
12 49 0.0215628
12 50 0.0214697
12 51 0.0235701
12 52 0.0223026
12 53 0.0240814
12 54 0.0222163
12 55 0.0238072
12 56 0.021763
12 57 0.023313
12 58 0.0213372
12 59 0.0229742
12 60 0.0211701
12 61 0.0229742
12 62 0.0213372
12 63 0.023313
12 64 0.021763
12 65 0.0238072
12 66 0.0222163
12 67 0.0240814
12 68 0.0223026
12 69 0.0235701
12 70 0.0214697
12 71 0.0215628
12 72 0.0190554
12 73 0.0173399
12 74 0.014411
12 75 0.010433
12 76 0.00713591
12 77 0.000997058
12 78 -0.00256584
12 79 -0.00982007
12 80 -0.0134627
12 81 -0.0197487
12 82 -0.0230112
12 83 -0.0257951
12 84 -0.0276276
12 85 -0.0252816
12 86 -0.0239989
12 87 -0.0171938
12 88 -0.0114013
12 89 -0.00309463
12 90 0.0062822
12 91 0.0127894
12 92 0.0210385
12 93 0.0239109
12 94 0.0249208
12 95 0.0235043
12 96 0.0167648
12 97 0.0114561
12 98 0.00416045
12 99 -0.00333786
12 100 -0.00814163
12 101 -0.0150663
12 102 -0.0198196
12 103 -0.020023
12 104 -0.0183647
12 105 -0.0127168
12 106 -0.00491557
12 107 0.00110128
12 108 0.00744203
12 109 0.0149542
12 110 0.0186531
12 111 0.0161864
12 112 0.0119883
12 113 0.00768475
12 114 -0.000165785
12 115 -0.00896624
12 116 -0.0128623
12 117 -0.0136602
12 118 -0.0137867
12 119 0

13 0 0
13 1 -0.0151921
13 2 -0.0165121
13 3 -0.0151362
13 4 -0.0106825
13 5 -0.00194998
13 6 0.00623013
13 7 0.0107353
13 8 0.0157521
13 9 0.0200425
13 10 0.0171489
13 11 0.010278
13 12 0.00524991
13 13 -0.00116186
13 14 -0.0103528
13 15 -0.0170755
13 16 -0.0199304
13 17 -0.0204729
13 18 -0.0173229
13 19 -0.011812
13 20 -0.00666215
13 21 0.000895079
13 22 0.00981068
13 23 0.016543
13 24 0.0227857
13 25 0.0249261
13 26 0.0223533
13 27 0.0183888
13 28 0.0101028
13 29 0.00194965
13 30 -0.00576448
13 31 -0.0138382
13 32 -0.0177582
13 33 -0.0216651
13 34 -0.0218444
13 35 -0.020235
13 36 -0.0178912
13 37 -0.0124162
13 38 -0.00866728
13 39 -0.00223344
13 40 0.00204919
13 41 0.00709931
13 42 0.0111554
13 43 0.0138042
13 44 0.0170156
13 45 0.017383
13 46 0.0194027
13 47 0.0181941
13 48 0.018998
13 49 0.0170238
13 50 0.0168408
13 51 0.014754
13 52 0.0139362
13 53 0.0121565
13 54 0.0110626
13 55 0.00980453
13 56 0.00873402
13 57 0.00806875
13 58 0.00724433
13 59 0.00715625
13 60 0.00673429
13 61 0.00715625
13 62 0.00724433
13 63 0.00806875
13 64 0.00873402
13 65 0.00980453
13 66 0.0110626
13 67 0.0121565
13 68 0.0139362
13 69 0.014754
13 70 0.0168408
13 71 0.0170238
13 72 0.018998
13 73 0.0181941
13 74 0.0194027
13 75 0.017383
13 76 0.0170156
13 77 0.0138042
13 78 0.0111554
13 79 0.00709937
13 80 0.0020494
13 81 -0.00223275
13 82 -0.00866519
13 83 -0.0124103
13 84 -0.0178758
13 85 -0.0201979
13 86 -0.0217623
13 87 -0.0214999
13 88 -0.0174609
13 89 -0.0133707
13 90 -0.00515151
13 91 0.00254382
13 92 0.010317
13 93 0.0177196
13 94 0.0204164
13 95 0.0218913
13 96 0.0197051
13 97 0.0151193
13 98 0.0113966
13 99 0.00527298
13 100 -0.00153971
13 101 -0.00845129
13 102 -0.0167399
13 103 -0.0217856
13 104 -0.0220288
13 105 -0.0200375
13 106 -0.0143951
13 107 -0.00484188
13 108 0.00411474
13 109 0.011917
13 110 0.0199346
13 111 0.0232455
13 112 0.0196677
13 113 0.0141458
13 114 0.00709027
13 115 -0.0034378
13 116 -0.0131357
13 117 -0.0186715
13 118 -0.0208013
13 119 0

14 0 0
14 1 -0.0210828
14 2 -0.0203201
14 3 -0.0160925
14 4 -0.00784
14 5 0.003292
14 6 0.0118708
14 7 0.0178586
14 8 0.0225651
14 9 0.0206465
14 10 0.0125497
14 11 0.00554543
14 12 -0.00150457
14 13 -0.0103528
14 14 -0.0157976
14 15 -0.0181022
14 16 -0.0188777
14 17 -0.014876
14 18 -0.0085056
14 19 -0.00328454
14 20 0.0025667
14 21 0.00819035
14 22 0.0126124
14 23 0.0168396
14 24 0.0183854
14 25 0.0163078
14 26 0.0120037
14 27 0.0049099
14 28 -0.00277404
14 29 -0.00934206
14 30 -0.0150773
14 31 -0.0177779
14 32 -0.0184753
14 33 -0.0170529
14 34 -0.0131534
14 35 -0.00882841
14 36 -0.00282658
14 37 0.0026914
14 38 0.00820307
14 39 0.0132072
14 40 0.016671
14 41 0.0199006
14 42 0.0209437
14 43 0.0218773
14 44 0.0209256
14 45 0.01976
14 46 0.0175677
14 47 0.0149478
14 48 0.012259
14 49 0.00894838
14 50 0.00633055
14 51 0.00297473
14 52 0.000780321
14 53 -0.00219227
14 54 -0.00379042
14 55 -0.00615975
14 56 -0.00710523
14 57 -0.00879732
14 58 -0.00908787
14 59 -0.0101033
14 60 -0.00974501
14 61 -0.0101033
14 62 -0.00908787
14 63 -0.00879732
14 64 -0.00710523
14 65 -0.00615975
14 66 -0.00379042
14 67 -0.00219227
14 68 0.000780321
14 69 0.00297473
14 70 0.00633055
14 71 0.00894838
14 72 0.012259
14 73 0.0149478
14 74 0.0175677
14 75 0.01976
14 76 0.0209256
14 77 0.0218773
14 78 0.0209437
14 79 0.0199008
14 80 0.0166715
14 81 0.0132084
14 82 0.0082068
14 83 0.00270146
14 84 -0.00280143
14 85 -0.00877058
14 86 -0.0130319
14 87 -0.0168229
14 88 -0.0180899
14 89 -0.017225
14 90 -0.0144471
14 91 -0.00890127
14 92 -0.00297638
14 93 0.00358072
14 94 0.00940391
14 95 0.0130626
14 96 0.0159753
14 97 0.0169524
14 98 0.0159003
14 99 0.0133892
14 100 0.0070862
14 101 -0.00142969
14 102 -0.00926334
14 103 -0.0169129
14 104 -0.0215462
14 105 -0.0217514
14 106 -0.0199124
14 107 -0.0128091
14 108 -0.000846151
14 109 0.00829398
14 110 0.0157886
14 111 0.0243308
14 112 0.0265046
14 113 0.0200773
14 114 0.011165
14 115 0.000899076
14 116 -0.0110536
14 117 -0.0204224
14 118 -0.0244029
14 119 0

15 0 0
15 1 -0.0229903
15 2 -0.0202029
15 3 -0.014011
15 4 -0.00442399
15 5 0.00710122
15 6 0.0168085
15 7 0.0227219
15 8 0.0224667
15 9 0.0161629
15 10 0.00885334
15 11 0.000414299
15 12 -0.0105008
15 13 -0.0170755
15 14 -0.0181022
15 15 -0.0179106
15 16 -0.0133022
15 17 -0.0050873
15 18 0.00202538
15 19 0.00911315
15 20 0.0132948
15 21 0.0134683
15 22 0.0132444
15 23 0.0107795
15 24 0.00710758
15 25 0.00299785
15 26 -0.00328114
15 27 -0.00883451
15 28 -0.0140175
15 29 -0.0176929
15 30 -0.01837
15 31 -0.0174594
15 32 -0.0134781
15 33 -0.00825744
15 34 -0.0017826
15 35 0.00533191
15 36 0.0116594
15 37 0.0178443
15 38 0.0220599
15 39 0.0253932
15 40 0.0266581
15 41 0.0265975
15 42 0.0251169
15 43 0.0222564
15 44 0.0188786
15 45 0.0143691
15 46 0.0101212
15 47 0.0051284
15 48 0.000877206
15 49 -0.00373777
15 50 -0.00743674
15 51 -0.0112045
15 52 -0.0141035
15 53 -0.016882
15 54 -0.0189541
15 55 -0.0208049
15 56 -0.022137
15 57 -0.0232046
15 58 -0.0239059
15 59 -0.0243291
15 60 -0.0244694
15 61 -0.0243291
15 62 -0.0239059
15 63 -0.0232046
15 64 -0.022137
15 65 -0.0208049
15 66 -0.0189541
15 67 -0.016882
15 68 -0.0141035
15 69 -0.0112045
15 70 -0.00743674
15 71 -0.00373777
15 72 0.000877206
15 73 0.0051284
15 74 0.0101212
15 75 0.0143691
15 76 0.0188786
15 77 0.0222564
15 78 0.025117
15 79 0.0265977
15 80 0.0266589
15 81 0.0253955
15 82 0.0220664
15 83 0.0178609
15 84 0.0116989
15 85 0.0054185
15 86 -0.00161055
15 87 -0.00795166
15 88 -0.0130041
15 89 -0.0168494
15 90 -0.0177986
15 91 -0.0175298
15 92 -0.0147625
15 93 -0.0108487
15 94 -0.00635189
15 95 -3.15755e-05
15 96 0.00584278
15 97 0.0126062
15 98 0.0178702
15 99 0.0187409
15 100 0.0166058
15 101 0.00939874
15 102 0.000234421
15 103 -0.0076603
15 104 -0.0165419
15 105 -0.0219688
15 106 -0.0215826
15 107 -0.0178117
15 108 -0.0082655
15 109 0.00381235
15 110 0.0123784
15 111 0.0200389
15 112 0.0256582
15 113 0.0232186
15 114 0.0147433
15 115 0.0041033
15 116 -0.00820022
15 117 -0.0184307
15 118 -0.0232042
15 119 0

16 0 0
16 1 -0.0212637
16 2 -0.017226
16 3 -0.0096006
16 4 0.0010498
16 5 0.0115311
16 6 0.0186674
16 7 0.02113
16 8 0.018111
16 9 0.0114882
16 10 0.00307232
16 11 -0.00773581
16 12 -0.0168629
16 13 -0.0199304
16 14 -0.0188777
16 15 -0.0133022
16 16 -0.00387397
16 17 0.00474463
16 18 0.0134716
16 19 0.0198458
16 20 0.0197172
16 21 0.0168712
16 22 0.0106184
16 23 0.00247282
16 24 -0.00369527
16 25 -0.0111637
16 26 -0.0167364
16 27 -0.0205297
16 28 -0.0236541
16 29 -0.0220527
16 30 -0.0193938
16 31 -0.0132464
16 32 -0.00513129
16 33 0.00263508
16 34 0.0121772
16 35 0.0186978
16 36 0.0253333
16 37 0.0289228
16 38 0.0305121
16 39 0.030718
16 40 0.0276411
16 41 0.0249403
16 42 0.0190522
16 43 0.014455
16 44 0.00783757
16 45 0.00247828
16 46 -0.00334015
16 47 -0.00852695
16 48 -0.0127932
16 49 -0.0172355
16 50 -0.0198344
16 51 -0.0233246
16 52 -0.0245176
16 53 -0.0271154
16 54 -0.0273023
16 55 -0.0292071
16 56 -0.028768
16 57 -0.0302102
16 58 -0.0294234
16 59 -0.0305891
16 60 -0.0296034
16 61 -0.0305891
16 62 -0.0294234
16 63 -0.0302102
16 64 -0.028768
16 65 -0.0292071
16 66 -0.0273023
16 67 -0.0271154
16 68 -0.0245176
16 69 -0.0233246
16 70 -0.0198344
16 71 -0.0172355
16 72 -0.0127932
16 73 -0.00852695
16 74 -0.00334015
16 75 0.00247829
16 76 0.00783758
16 77 0.014455
16 78 0.0190523
16 79 0.0249408
16 80 0.0276425
16 81 0.030722
16 82 0.0305227
16 83 0.0289491
16 84 0.0253932
16 85 0.0188224
16 86 0.0124111
16 87 0.00302332
16 88 -0.0045803
16 89 -0.0126278
16 90 -0.0189785
16 91 -0.0222932
16 92 -0.0250242
16 93 -0.0231553
16 94 -0.0199729
16 95 -0.013516
16 96 -0.00346899
16 97 0.00592468
16 98 0.0159965
16 99 0.0214954
16 100 0.0214778
16 101 0.0187408
16 102 0.0109595
16 103 0.00172362
16 104 -0.00759984
16 105 -0.0172771
16 106 -0.0210648
16 107 -0.0188211
16 108 -0.0135027
16 109 -0.00404644
16 110 0.00674493
16 111 0.0150747
16 112 0.0198668
16 113 0.0198121
16 114 0.0156214
16 115 0.00808054
16 116 -0.00302679
16 117 -0.0132776
16 118 -0.0184751
16 119 0

17 0 0
17 1 -0.0173738
17 2 -0.0121
17 3 -0.00272487
17 4 0.00765592
17 5 0.0141511
17 6 0.0174097
17 7 0.0179811
17 8 0.0125754
17 9 0.00273117
17 10 -0.00648387
17 11 -0.0141361
17 12 -0.0197205
17 13 -0.0204729
17 14 -0.014876
17 15 -0.0050873
17 16 0.00474463
17 17 0.0141258
17 18 0.022081
17 19 0.0249173
17 20 0.0235628
17 21 0.0171155
17 22 0.00570072
17 23 -0.00473763
17 24 -0.0150092
17 25 -0.0229762
17 26 -0.0262502
17 27 -0.0285178
17 28 -0.0257404
17 29 -0.0205921
17 30 -0.0138721
17 31 -0.00362039
17 32 0.00459587
17 33 0.0143513
17 34 0.0213939
17 35 0.026254
17 36 0.0299979
17 37 0.0291122
17 38 0.0286455
17 39 0.0238277
17 40 0.0196495
17 41 0.0134549
17 42 0.00707841
17 43 0.00148138
17 44 -0.00531505
17 45 -0.00933257
17 46 -0.0151621
17 47 -0.0174487
17 48 -0.0216083
17 49 -0.0224963
17 50 -0.0249126
17 51 -0.0249088
17 52 -0.0259076
17 53 -0.0254976
17 54 -0.0255614
17 55 -0.0251168
17 56 -0.0247147
17 57 -0.0244689
17 58 -0.0239726
17 59 -0.0240281
17 60 -0.0236872
17 61 -0.0240281
17 62 -0.0239726
17 63 -0.0244689
17 64 -0.0247147
17 65 -0.0251168
17 66 -0.0255614
17 67 -0.0254976
17 68 -0.0259076
17 69 -0.0249088
17 70 -0.0249126
17 71 -0.0224963
17 72 -0.0216083
17 73 -0.0174487
17 74 -0.0151621
17 75 -0.00933257
17 76 -0.00531503
17 77 0.00148146
17 78 0.00707867
17 79 0.0134557
17 80 0.0196519
17 81 0.0238343
17 82 0.0286625
17 83 0.0291524
17 84 0.0300853
17 85 0.0264265
17 86 0.0216988
17 87 0.0148212
17 88 0.00519713
17 89 -0.00306218
17 90 -0.0137225
17 91 -0.0213444
17 92 -0.0277506
17 93 -0.0315766
17 94 -0.0292689
17 95 -0.0242304
17 96 -0.0131424
17 97 -1.08172e-06
17 98 0.0111397
17 99 0.020523
17 100 0.0237086
17 101 0.0227329
17 102 0.0190861
17 103 0.0107067
17 104 0.000777417
17 105 -0.00837235
17 106 -0.0153341
17 107 -0.0177434
17 108 -0.0157474
17 109 -0.0103935
17 110 -0.00289102
17 111 0.00543778
17 112 0.0124967
17 113 0.0151332
17 114 0.0137633
17 115 0.0103835
17 116 0.00377698
17 117 -0.00493033
17 118 -0.0115082
17 119 0

18 0 0
18 1 -0.0119104
18 2 -0.0053003
18 3 0.00428587
18 4 0.0123359
18 5 0.0156427
18 6 0.0165411
18 7 0.0131346
18 8 0.0032105
18 9 -0.00665214
18 10 -0.0129693
18 11 -0.0190558
18 12 -0.0219182
18 13 -0.0173229
18 14 -0.0085056
18 15 0.00202538
18 16 0.0134716
18 17 0.022081
18 18 0.0263319
18 19 0.027312
18 20 0.0227496
18 21 0.0119558
18 22 -0.000779136
18 23 -0.013822
18 24 -0.0242939
18 25 -0.0286124
18 26 -0.0295907
18 27 -0.0261321
18 28 -0.0192123
18 29 -0.0120937
18 30 -0.00234883
18 31 0.00590379
18 32 0.0135003
18 33 0.0201659
18 34 0.0229542
18 35 0.0254243
18 36 0.0236288
18 37 0.0210963
18 38 0.0165709
18 39 0.0104261
18 40 0.00518273
18 41 -0.00203908
18 42 -0.00658118
18 43 -0.0125784
18 44 -0.0157322
18 45 -0.019248
18 46 -0.0209205
18 47 -0.0218073
18 48 -0.0222813
18 49 -0.021117
18 50 -0.0208404
18 51 -0.0184647
18 52 -0.0178929
18 53 -0.0150785
18 54 -0.0145857
18 55 -0.011892
18 56 -0.0117448
18 57 -0.00950433
18 58 -0.00987344
18 59 -0.0082421
18 60 -0.00922468
18 61 -0.0082421
18 62 -0.00987344
18 63 -0.00950433
18 64 -0.0117448
18 65 -0.011892
18 66 -0.0145857
18 67 -0.0150785
18 68 -0.0178929
18 69 -0.0184647
18 70 -0.0208404
18 71 -0.021117
18 72 -0.0222813
18 73 -0.0218073
18 74 -0.0209205
18 75 -0.019248
18 76 -0.0157322
18 77 -0.0125783
18 78 -0.00658071
18 79 -0.00203767
18 80 0.00518675
18 81 0.0104368
18 82 0.0165971
18 83 0.0211557
18 84 0.0237517
18 85 0.0256543
18 86 0.0233352
18 87 0.0207065
18 88 0.0141084
18 89 0.00631631
18 90 -0.00257455
18 91 -0.0134279
18 92 -0.0217954
18 93 -0.029353
18 94 -0.0319822
18 95 -0.0284592
18 96 -0.0208633
18 97 -0.00833083
18 98 0.00404878
18 99 0.0138087
18 100 0.0214419
18 101 0.0243842
18 102 0.0230039
18 103 0.0183576
18 104 0.00966965
18 105 2.67327e-06
18 106 -0.007116
18 107 -0.013433
18 108 -0.0177751
18 109 -0.0154358
18 110 -0.00981593
18 111 -0.0053685
18 112 0.00126582
18 113 0.00925022
18 114 0.0126261
18 115 0.0118279
18 116 0.00926893
18 117 0.00389714
18 118 -0.00313716
18 119 0

19 0 0
19 1 -0.00542838
19 2 0.00152805
19 3 0.00973501
19 4 0.0153809
19 5 0.0162118
19 6 0.0129376
19 7 0.00522887
19 8 -0.0039156
19 9 -0.0111601
19 10 -0.0186828
19 11 -0.0234598
19 12 -0.0195609
19 13 -0.011812
19 14 -0.00328454
19 15 0.00911315
19 16 0.0198458
19 17 0.0249173
19 18 0.027312
19 19 0.0244818
19 20 0.0160518
19 21 0.00534351
19 22 -0.00808148
19 23 -0.0201992
19 24 -0.0268461
19 25 -0.0289186
19 26 -0.0252821
19 27 -0.0177278
19 28 -0.00922448
19 29 0.000473974
19 30 0.00879429
19 31 0.0153207
19 32 0.0201901
19 33 0.0215859
19 34 0.0211276
19 35 0.0178375
19 36 0.0125966
19 37 0.00658561
19 38 -0.000777953
19 39 -0.00709908
19 40 -0.013537
19 41 -0.0182551
19 42 -0.0218202
19 43 -0.0239999
19 44 -0.0242758
19 45 -0.0239467
19 46 -0.0216426
19 47 -0.0194651
19 48 -0.0157432
19 49 -0.0125946
19 50 -0.00853945
19 51 -0.00520092
19 52 -0.00156552
19 53 0.00142263
19 54 0.0042432
19 55 0.00658551
19 56 0.00846071
19 57 0.0100347
19 58 0.0109766
19 59 0.0117436
19 60 0.0118085
19 61 0.0117436
19 62 0.0109766
19 63 0.0100347
19 64 0.00846071
19 65 0.00658551
19 66 0.0042432
19 67 0.00142263
19 68 -0.00156552
19 69 -0.00520092
19 70 -0.00853945
19 71 -0.0125946
19 72 -0.0157432
19 73 -0.0194651
19 74 -0.0216426
19 75 -0.0239466
19 76 -0.0242758
19 77 -0.0239996
19 78 -0.0218194
19 79 -0.0182527
19 80 -0.0135305
19 81 -0.00708255
19 82 -0.000738931
19 83 0.00667023
19 84 0.0127636
19 85 0.0181327
19 86 0.021584
19 87 0.0221739
19 88 0.0207454
19 89 0.0154926
19 90 0.00809909
19 91 -0.00145679
19 92 -0.0122273
19 93 -0.0207755
19 94 -0.0266704
19 95 -0.0272124
19 96 -0.0221429
19 97 -0.0145804
19 98 -0.00441069
19 99 0.00555115
19 100 0.0135908
19 101 0.0210971
19 102 0.0237462
19 103 0.0210863
19 104 0.0167108
19 105 0.00875249
19 106 -0.000242526
19 107 -0.00730821
19 108 -0.0155699
19 109 -0.0201533
19 110 -0.0164185
19 111 -0.0116435
19 112 -0.00742328
19 113 0.000853076
19 114 0.00904028
19 115 0.0127458
19 116 0.0136842
19 117 0.0112115
19 118 0.00491371
19 119 0

20 0 0
20 1 0.00126165
20 2 0.00800498
20 3 0.0138415
20 4 0.015695
20 5 0.0129329
20 6 0.00692294
20 7 -0.000790586
20 8 -0.0082854
20 9 -0.0159288
20 10 -0.0218825
20 11 -0.0201133
20 12 -0.0130892
20 13 -0.00666215
20 14 0.0025667
20 15 0.0132948
20 16 0.0197172
20 17 0.0235628
20 18 0.0227496
20 19 0.0160518
20 20 0.00846723
20 21 -0.00192848
20 22 -0.0133806
20 23 -0.0209935
20 24 -0.0255625
20 25 -0.0235278
20 26 -0.0161436
20 27 -0.00687868
20 28 0.00434831
20 29 0.0130478
20 30 0.0195228
20 31 0.0228569
20 32 0.022027
20 33 0.0191009
20 34 0.0126907
20 35 0.00539852
20 36 -0.0030284
20 37 -0.0112593
20 38 -0.0181955
20 39 -0.0241749
20 40 -0.0275023
20 41 -0.0295787
20 42 -0.0289429
20 43 -0.0271897
20 44 -0.023542
20 45 -0.0191419
20 46 -0.0139611
20 47 -0.00840586
20 48 -0.00304788
20 49 0.00243222
20 50 0.00706728
20 51 0.0117323
20 52 0.0152397
20 53 0.0188094
20 54 0.021151
20 55 0.0236503
20 56 0.0249783
20 57 0.0265675
20 58 0.0270741
20 59 0.0279165
20 60 0.0277352
20 61 0.0279165
20 62 0.0270741
20 63 0.0265675
20 64 0.0249783
20 65 0.0236503
20 66 0.021151
20 67 0.0188094
20 68 0.0152397
20 69 0.0117323
20 70 0.00706728
20 71 0.00243222
20 72 -0.00304788
20 73 -0.00840586
20 74 -0.0139611
20 75 -0.0191418
20 76 -0.0235418
20 77 -0.0271893
20 78 -0.0289415
20 79 -0.0295748
20 80 -0.0274921
20 81 -0.02415
20 82 -0.0181392
20 83 -0.0111425
20 84 -0.00280934
20 85 0.00576347
20 86 0.0132133
20 87 0.0196996
20 88 0.0224568
20 89 0.0226934
20 90 0.0182947
20 91 0.0105729
20 92 0.00115553
20 93 -0.0093942
20 94 -0.0162415
20 95 -0.0203114
20 96 -0.0200447
20 97 -0.0158698
20 98 -0.0112195
20 99 -0.0032443
20 100 0.00520086
20 101 0.0124185
20 102 0.0190439
20 103 0.0199372
20 104 0.0177397
20 105 0.0147375
20 106 0.0068333
20 107 -0.00205164
20 108 -0.00946905
20 109 -0.0173741
20 110 -0.0209424
20 111 -0.018229
20 112 -0.0128317
20 113 -0.0051844
20 114 0.00330933
20 115 0.0103096
20 116 0.0157775
20 117 0.0169415
20 118 0.012117
20 119 0

21 0 0
21 1 0.00800617
21 2 0.0137005
21 3 0.0154306
21 4 0.0126572
21 5 0.00786371
21 6 0.0010015
21 7 -0.00755381
21 8 -0.0140426
21 9 -0.0171611
21 10 -0.0170929
21 11 -0.012852
21 12 -0.00627621
