0 0 0
0 1 0
0 2 0
0 3 0
0 4 0
0 5 0
0 6 0
0 7 0
0 8 0
0 9 0
0 10 0
0 11 0
0 12 0
0 13 0
0 14 0
0 15 0
0 16 0
0 17 0
0 18 0
0 19 0
0 20 0
0 21 0
0 22 0
0 23 0
0 24 0
0 25 0
0 26 0
0 27 0
0 28 0
0 29 0
0 30 0
0 31 0
0 32 0
0 33 0
0 34 0
0 35 0
0 36 0
0 37 0
0 38 0
0 39 0
0 40 0
0 41 0
0 42 0
0 43 0
0 44 0
0 45 0
0 46 0
0 47 0
0 48 0
0 49 0
0 50 0
0 51 0
0 52 0
0 53 0
0 54 0
0 55 0
0 56 0
0 57 0
0 58 0
0 59 0
0 60 0
0 61 0
0 62 0
0 63 0
0 64 0
0 65 0
0 66 0
0 67 0
0 68 0
0 69 0
0 70 0
0 71 0
0 72 0
0 73 0
0 74 0
0 75 0
0 76 0
0 77 0
0 78 0
0 79 0
0 80 0
0 81 0
0 82 0
0 83 0
0 84 0
0 85 0
0 86 0
0 87 0
0 88 0
0 89 0
0 90 0
0 91 0
0 92 0
0 93 0
0 94 0
0 95 0
0 96 0
0 97 0
0 98 0
0 99 0
0 100 0
0 101 0
0 102 0
0 103 0
0 104 0
0 105 0
0 106 0
0 107 0
0 108 0
0 109 0
0 110 0
0 111 0
0 112 0
0 113 0
0 114 0
0 115 0
0 116 0
0 117 0
0 118 0
0 119 0

1 0 0
1 1 7.52523e-05
1 2 0.000185074
1 3 0.000434637
1 4 0.000938097
1 5 0.0018434
1 6 0.00327463
1 7 0.00521031
1 8 0.00732187
1 9 0.00886811
1 10 0.00879235
1 11 0.00611415
1 12 0.000513831
1 13 -0.00721716
1 14 -0.0152235
1 15 -0.0212229
1 16 -0.023419
1 17 -0.0211804
1 18 -0.0151591
1 19 -0.00688482
1 20 0.00187369
1 21 0.0096608
1 22 0.0156083
1 23 0.0194184
1 24 0.0211735
1 25 0.0211156
1 26 0.0194938
1 27 0.0165113
1 28 0.0123515
1 29 0.00723148
1 30 0.00144436
1 31 -0.00463289
1 32 -0.0105687
1 33 -0.0159282
1 34 -0.0203298
1 35 -0.0234912
1 36 -0.0252546
1 37 -0.0255918
1 38 -0.0245894
1 39 -0.0224223
1 40 -0.0193222
1 41 -0.0155464
1 42 -0.0113505
1 43 -0.00696881
1 44 -0.002601
1 45 0.00159437
1 46 0.00550107
1 47 0.00904257
1 48 0.0121772
1 49 0.0148916
1 50 0.0171947
1 51 0.019111
1 52 0.0206753
1 53 0.0219278
1 54 0.0229106
1 55 0.0236643
1 56 0.0242262
1 57 0.0246283
1 58 0.0248964
1 59 0.0250497
1 60 0.0250995
1 61 0.0250497
1 62 0.0248964
1 63 0.0246283
1 64 0.0242262
1 65 0.0236643
1 66 0.0229106
1 67 0.0219278
1 68 0.0206753
1 69 0.019111
1 70 0.0171947
1 71 0.0148916
1 72 0.0121772
1 73 0.00904257
1 74 0.00550107
1 75 0.00159437
1 76 -0.002601
1 77 -0.00696881
1 78 -0.0113505
1 79 -0.0155464
1 80 -0.0193222
1 81 -0.0224223
1 82 -0.0245894
1 83 -0.0255918
1 84 -0.0252546
1 85 -0.0234912
1 86 -0.0203298
1 87 -0.0159282
1 88 -0.0105687
1 89 -0.00463289
1 90 0.00144436
1 91 0.00723148
1 92 0.0123515
1 93 0.0165113
1 94 0.0194938
1 95 0.0211156
1 96 0.0211735
1 97 0.0194184
1 98 0.0156083
1 99 0.0096608
1 100 0.00187369
1 101 -0.00688482
1 102 -0.0151591
1 103 -0.0211804
1 104 -0.023419
1 105 -0.0212229
1 106 -0.0152235
1 107 -0.00721716
1 108 0.000513831
1 109 0.00611415
1 110 0.00879235
1 111 0.00886811
1 112 0.00732187
1 113 0.00521034
1 114 0.00327473
1 115 0.00184375
1 116 0.000939236
1 117 0.000438085
1 118 0.000194655
1 119 0

2 0 0
2 1 0.000185074
2 2 0.000418785
2 3 0.00090214
2 4 0.00177497
2 5 0.00314898
2 6 0.00498113
2 7 0.00691206
2 8 0.00817735
2 9 0.00774905
2 10 0.00478617
2 11 -0.00076262
2 12 -0.00780426
2 13 -0.0143668
2 14 -0.0184495
2 15 -0.0189365
2 16 -0.0159762
2 17 -0.0106651
2 18 -0.00437861
2 19 0.00178515
2 20 0.00721292
2 21 0.0116663
2 22 0.0150376
2 23 0.0171696
2 24 0.0178302
2 25 0.0168084
2 26 0.0140465
2 27 0.00973039
2 28 0.00429223
2 29 -0.0016657
2 30 -0.00748741
2 31 -0.012582
2 32 -0.0165097
2 33 -0.0190219
2 34 -0.0200599
2 35 -0.0197212
2 36 -0.0182107
2 37 -0.0157914
2 38 -0.0127406
2 39 -0.00931924
2 40 -0.00575244
2 41 -0.00222111
2 42 0.00113925
2 43 0.00423514
2 44 0.00700866
2 45 0.00943129
2 46 0.0114968
2 47 0.0132161
2 48 0.0146117
2 49 0.0157142
2 50 0.0165591
2 51 0.0171838
2 52 0.017626
2 53 0.0179222
2 54 0.0181061
2 55 0.0182081
2 56 0.0182547
2 57 0.0182678
2 58 0.0182648
2 59 0.018258
2 60 0.0182549
2 61 0.018258
2 62 0.0182648
2 63 0.0182678
2 64 0.0182547
2 65 0.0182081
2 66 0.0181061
2 67 0.0179222
2 68 0.017626
2 69 0.0171838
2 70 0.0165591
2 71 0.0157142
2 72 0.0146117
2 73 0.0132161
2 74 0.0114968
2 75 0.00943129
2 76 0.00700866
2 77 0.00423514
2 78 0.00113925
2 79 -0.00222111
2 80 -0.00575244
2 81 -0.00931924
2 82 -0.0127406
2 83 -0.0157914
2 84 -0.0182107
2 85 -0.0197212
2 86 -0.0200599
2 87 -0.0190219
2 88 -0.0165097
2 89 -0.012582
2 90 -0.00748741
2 91 -0.0016657
2 92 0.00429223
2 93 0.00973039
2 94 0.0140465
2 95 0.0168084
2 96 0.0178302
2 97 0.0171696
2 98 0.0150376
2 99 0.0116663
2 100 0.00721292
2 101 0.00178515
2 102 -0.00437861
2 103 -0.0106651
2 104 -0.0159762
2 105 -0.0189365
2 106 -0.0184495
2 107 -0.0143668
2 108 -0.00780426
2 109 -0.00076262
2 110 0.00478617
2 111 0.00774906
2 112 0.00817737
2 113 0.00691215
2 114 0.00498146
2 115 0.00315006
2 116 0.0017783
2 117 0.000911501
2 118 0.000442837
2 119 0

3 0 0
3 1 0.000434637
3 2 0.00090214
3 3 0.00177302
3 4 0.00315271
3 5 0.00497691
3 6 0.00683093
3 7 0.00785741
3 8 0.0069426
3 9 0.00327526
3 10 -0.00293218
3 11 -0.0100912
3 12 -0.0157353
3 13 -0.0177543
3 14 -0.0155509
3 15 -0.010251
3 16 -0.00387089
3 17 0.00182879
3 18 0.00601341
3 19 0.00873889
3 20 0.0104775
3 21 0.0115992
3 22 0.0121072
3 23 0.0117052
3 24 0.0100515
3 25 0.00700999
3 26 0.00278329
3 27 -0.00211262
3 28 -0.00699213
3 29 -0.0111756
3 30 -0.0141381
3 31 -0.0155935
3 32 -0.0155032
3 33 -0.0140348
3 34 -0.0114909
3 35 -0.00823311
3 36 -0.00462108
3 37 -0.000967903
3 38 0.00248144
3 39 0.00555592
3 40 0.00815391
3 41 0.0102304
3 42 0.0117849
3 43 0.0128472
3 44 0.013467
3 45 0.013705
3 46 0.013626
3 47 0.0132952
3 48 0.0127743
3 49 0.0121202
3 50 0.0113836
3 51 0.0106087
3 52 0.00983316
3 53 0.00908843
3 54 0.00839999
3 55 0.00778826
3 56 0.007269
3 57 0.0068541
3 58 0.00655211
3 59 0.00636872
3 60 0.00630725
3 61 0.00636872
3 62 0.00655211
3 63 0.0068541
3 64 0.007269
3 65 0.00778826
3 66 0.00839999
3 67 0.00908843
3 68 0.00983316
3 69 0.0106087
3 70 0.0113836
3 71 0.0121202
3 72 0.0127743
3 73 0.0132952
3 74 0.013626
3 75 0.013705
3 76 0.013467
3 77 0.0128472
3 78 0.0117849
3 79 0.0102304
3 80 0.00815391
3 81 0.00555592
3 82 0.00248144
3 83 -0.000967903
3 84 -0.00462108
3 85 -0.00823311
3 86 -0.0114909
3 87 -0.0140348
3 88 -0.0155032
3 89 -0.0155935
3 90 -0.0141381
3 91 -0.0111756
3 92 -0.00699213
3 93 -0.00211262
3 94 0.00278329
3 95 0.00700999
3 96 0.0100515
3 97 0.0117052
3 98 0.0121072
3 99 0.0115992
3 100 0.0104775
3 101 0.00873889
3 102 0.00601341
3 103 0.00182879
3 104 -0.00387089
3 105 -0.010251
3 106 -0.0155509
3 107 -0.0177543
3 108 -0.0157353
3 109 -0.0100912
3 110 -0.00293217
3 111 0.00327528
3 112 0.00694269
3 113 0.00785771
3 114 0.00683197
3 115 0.00498016
3 116 0.00316198
3 117 0.00179724
3 118 0.000959574
3 119 0

4 0 0
4 1 0.000938097
4 2 0.00177497
4 3 0.00315271
4 4 0.0049958
4 5 0.00685314
4 6 0.00778616
4 7 0.00657224
4 8 0.00234875
4 9 -0.00453999
4 10 -0.0121404
4 11 -0.0175413
4 12 -0.0184314
4 13 -0.014478
4 14 -0.00740034
4 15 0.000274908
4 16 0.00663703
4 17 0.0109523
4 18 0.013335
4 19 0.014141
4 20 0.0135579
4 21 0.0115477
4 22 0.00806853
4 23 0.00332629
4 24 -0.00214969
4 25 -0.00760298
4 26 -0.0122409
4 27 -0.0154394
4 28 -0.0168615
4 29 -0.0164736
4 30 -0.014494
4 31 -0.0112937
4 32 -0.0072993
4 33 -0.00292353
4 34 0.00148236
4 35 0.00564201
4 36 0.00935333
4 37 0.0124807
4 38 0.0149406
4 39 0.0166945
4 40 0.0177396
4 41 0.0181036
4 42 0.0178403
4 43 0.0170229
4 44 0.0157404
4 45 0.014089
4 46 0.0121691
4 47 0.0100771
4 48 0.00790278
4 49 0.00572538
4 50 0.00361135
4 51 0.0016146
4 52 -0.000224539
4 53 -0.00187633
4 54 -0.00332201
4 55 -0.00454958
4 56 -0.00555411
4 57 -0.00633336
4 58 -0.00688856
4 59 -0.00722057
4 60 -0.00733126
4 61 -0.00722057
4 62 -0.00688856
4 63 -0.00633336
4 64 -0.00555411
4 65 -0.00454958
4 66 -0.00332201
4 67 -0.00187633
4 68 -0.000224539
4 69 0.0016146
4 70 0.00361135
4 71 0.00572538
4 72 0.00790278
4 73 0.0100771
4 74 0.0121691
4 75 0.014089
4 76 0.0157404
4 77 0.0170229
4 78 0.0178403
4 79 0.0181036
4 80 0.0177396
4 81 0.0166945
4 82 0.0149406
4 83 0.0124807
4 84 0.00935333
4 85 0.00564201
4 86 0.00148236
4 87 -0.00292353
4 88 -0.0072993
4 89 -0.0112937
4 90 -0.014494
4 91 -0.0164736
4 92 -0.0168615
4 93 -0.0154394
4 94 -0.0122409
4 95 -0.00760298
4 96 -0.00214969
4 97 0.00332629
4 98 0.00806853
4 99 0.0115477
4 100 0.0135579
4 101 0.014141
4 102 0.013335
4 103 0.0109523
4 104 0.00663703
4 105 0.000274908
4 106 -0.00740034
4 107 -0.014478
4 108 -0.0184314
4 109 -0.0175413
4 110 -0.0121403
4 111 -0.00453991
4 112 0.00234903
4 113 0.00657322
4 114 0.00778924
4 115 0.00686211
4 116 0.00501964
4 117 0.00321024
4 118 0.00190014
4 119 0

5 0 0
5 1 0.0018434
5 2 0.00314898
5 3 0.00497691
5 4 0.00685314
5 5 0.00778007
5 6 0.00643901
5 7 0.00189383
5 8 -0.00544962
5 9 -0.0133806
5 10 -0.0186637
5 11 -0.0188912
5 12 -0.014041
5 13 -0.00631749
5 14 0.00158598
5 15 0.00811045
5 16 0.0129985
5 17 0.0164014
5 18 0.018151
5 19 0.0177144
5 20 0.0145863
5 21 0.008771
5 22 0.00102438
5 23 -0.00733464
5 24 -0.0148537
5 25 -0.0203382
5 26 -0.0231105
5 27 -0.0230655
5 28 -0.0205385
5 29 -0.0161278
5 30 -0.0105187
5 31 -0.00434573
5 32 0.00186033
5 33 0.00769372
5 34 0.0128633
5 35 0.0171643
5 36 0.0204684
5 37 0.0227051
5 38 0.0238578
5 39 0.0239613
5 40 0.0230926
5 41 0.0213699
5 42 0.0189369
5 43 0.0159561
5 44 0.0125949
5 45 0.00901401
5 46 0.00536137
5 47 0.00176187
5 48 -0.00168138
5 49 -0.00489307
5 50 -0.00781959
5 51 -0.0104309
5 52 -0.0127133
5 53 -0.0146682
5 54 -0.0163061
5 55 -0.0176443
5 56 -0.0187026
5 57 -0.0195009
5 58 -0.0200572
5 59 -0.0203849
5 60 -0.0204933
5 61 -0.0203849
5 62 -0.0200572
5 63 -0.0195009
5 64 -0.0187026
5 65 -0.0176443
5 66 -0.0163061
5 67 -0.0146682
5 68 -0.0127133
5 69 -0.0104309
5 70 -0.00781959
5 71 -0.00489307
5 72 -0.00168138
5 73 0.00176187
5 74 0.00536137
5 75 0.00901401
5 76 0.0125949
5 77 0.0159561
5 78 0.0189369
5 79 0.0213699
5 80 0.0230926
5 81 0.0239613
5 82 0.0238578
5 83 0.0227051
5 84 0.0204684
5 85 0.0171643
5 86 0.0128633
5 87 0.00769372
5 88 0.00186033
5 89 -0.00434573
5 90 -0.0105187
5 91 -0.0161278
5 92 -0.0205385
5 93 -0.0230655
5 94 -0.0231105
5 95 -0.0203382
5 96 -0.0148537
5 97 -0.00733464
5 98 0.00102438
5 99 0.008771
5 100 0.0145863
5 101 0.0177144
5 102 0.018151
5 103 0.0164014
5 104 0.0129985
5 105 0.00811045
5 106 0.00158598
5 107 -0.00631749
5 108 -0.014041
5 109 -0.0188912
5 110 -0.0186636
5 111 -0.0133803
5 112 -0.00544874
5 113 0.00189668
5 114 0.00644744
5 115 0.00780289
5 116 0.00690928
5 117 0.00510134
5 118 0.0033949
5 119 0

6 0 0
6 1 0.00327463
6 2 0.00498113
6 3 0.00683093
6 4 0.00778616
6 5 0.00643901
6 6 0.00175615
6 7 -0.00585644
6 8 -0.0140043
6 9 -0.019174
6 10 -0.0188771
6 11 -0.0134214
6 12 -0.00552622
6 13 0.0019805
6 14 0.00802878
6 15 0.0129867
6 16 0.0170874
6 17 0.0196517
6 18 0.0195811
6 19 0.0161655
6 20 0.00958032
6 21 0.000952438
6 22 -0.008075
6 23 -0.015965
6 24 -0.0216364
6 25 -0.0245632
6 26 -0.0247304
6 27 -0.0224352
6 28 -0.018126
6 29 -0.012332
6 30 -0.00559136
6 31 0.00155596
6 32 0.00857292
6 33 0.014971
6 34 0.0203243
6 35 0.0243124
6 36 0.0267476
6 37 0.0275704
6 38 0.0268564
6 39 0.0247797
6 40 0.0215887
6 41 0.0175717
6 42 0.0130198
6 43 0.00821146
6 44 0.00338308
6 45 -0.00126978
6 46 -0.00560511
6 47 -0.00952642
6 48 -0.0129807
6 49 -0.0159511
6 50 -0.0184466
6 51 -0.0204988
6 52 -0.0221488
6 53 -0.0234485
6 54 -0.0244475
6 55 -0.0251983
6 56 -0.0257445
6 57 -0.0261276
6 58 -0.0263772
6 59 -0.0265184
6 60 -0.0265633
6 61 -0.0265184
6 62 -0.0263772
6 63 -0.0261276
6 64 -0.0257445
6 65 -0.0251983
6 66 -0.0244475
6 67 -0.0234485
6 68 -0.0221488
6 69 -0.0204988
6 70 -0.0184466
6 71 -0.0159511
6 72 -0.0129807
6 73 -0.00952642
6 74 -0.00560511
6 75 -0.00126978
6 76 0.00338308
6 77 0.00821146
6 78 0.0130198
6 79 0.0175717
6 80 0.0215887
6 81 0.0247797
6 82 0.0268564
6 83 0.0275704
6 84 0.0267476
6 85 0.0243124
6 86 0.0203243
6 87 0.014971
6 88 0.00857292
6 89 0.00155596
6 90 -0.00559136
6 91 -0.012332
6 92 -0.018126
6 93 -0.0224352
6 94 -0.0247304
6 95 -0.0245632
6 96 -0.0216364
6 97 -0.015965
6 98 -0.008075
6 99 0.000952438
6 100 0.00958032
6 101 0.0161655
6 102 0.0195811
6 103 0.0196517
6 104 0.0170874
6 105 0.0129867
6 106 0.00802878
6 107 0.0019805
6 108 -0.00552621
6 109 -0.0134213
6 110 -0.0188769
6 111 -0.0191732
6 112 -0.0140017
6 113 -0.00584873
6 114 0.0017774
6 115 0.00649231
6 116 0.00790669
6 117 0.00707406
6 118 0.00541151
6 119 0

7 0 0
7 1 0.00521031
7 2 0.00691206
7 3 0.00785741
7 4 0.00657224
7 5 0.00189383
7 6 -0.00585644
7 7 -0.0141949
7 8 -0.0193603
7 9 -0.0187138
7 10 -0.0127882
7 11 -0.00477405
7 12 0.00233245
7 13 0.00788769
7 14 0.0127752
7 15 0.0171193
7 16 0.0196326
7 17 0.0189244
7 18 0.014664
7 19 0.00765757
7 20 -0.000556942
7 21 -0.00833488
7 22 -0.0145735
7 23 -0.0188105
7 24 -0.0209464
7 25 -0.0210875
7 26 -0.0193944
7 27 -0.0159976
7 28 -0.0111253
7 29 -0.00514287
7 30 0.00146221
7 31 0.00807338
7 32 0.0140732
7 33 0.0189283
7 34 0.0222429
7 35 0.0238341
7 36 0.023698
7 37 0.0219983
7 38 0.0190198
7 39 0.0150982
7 40 0.0105977
7 41 0.00584693
7 42 0.00113424
7 43 -0.00331699
7 44 -0.00735024
7 45 -0.0108647
7 46 -0.0138208
7 47 -0.0162122
7 48 -0.0180738
7 49 -0.0194534
7 50 -0.0204193
7 51 -0.0210397
7 52 -0.0213875
7 53 -0.0215292
7 54 -0.021527
7 55 -0.0214351
7 56 -0.0212984
7 57 -0.021155
7 58 -0.021032
7 59 -0.0209508
7 60 -0.0209219
7 61 -0.0209508
7 62 -0.021032
7 63 -0.021155
7 64 -0.0212984
7 65 -0.0214351
7 66 -0.021527
7 67 -0.0215292
7 68 -0.0213875
7 69 -0.0210397
7 70 -0.0204193
7 71 -0.0194534
7 72 -0.0180738
7 73 -0.0162122
7 74 -0.0138208
7 75 -0.0108647
7 76 -0.00735024
7 77 -0.00331699
7 78 0.00113424
7 79 0.00584693
7 80 0.0105977
7 81 0.0150982
7 82 0.0190198
7 83 0.0219983
7 84 0.023698
7 85 0.0238341
7 86 0.0222429
7 87 0.0189283
7 88 0.0140732
7 89 0.00807338
7 90 0.00146221
7 91 -0.00514287
7 92 -0.0111253
7 93 -0.0159976
7 94 -0.0193944
7 95 -0.0210875
7 96 -0.0209464
7 97 -0.0188105
7 98 -0.0145735
7 99 -0.00833488
7 100 -0.000556942
7 101 0.00765757
7 102 0.014664
7 103 0.0189244
7 104 0.0196326
7 105 0.0171193
7 106 0.0127752
7 107 0.00788771
7 108 0.0023325
7 109 -0.00477387
7 110 -0.0127876
7 111 -0.0187116
7 112 -0.0193534
7 113 -0.0141757
7 114 -0.00580718
7 115 0.0020076
7 116 0.0068068
7 117 0.00828231
7 118 0.00757049
7 119 0

8 0 0
8 1 0.00732187
8 2 0.00817735
8 3 0.0069426
8 4 0.00234875
8 5 -0.00544962
8 6 -0.0140043
8 7 -0.0193603
8 8 -0.0186369
8 9 -0.0124138
8 10 -0.00424993
8 11 0.00264442
8 12 0.0079412
8 13 0.0129262
8 14 0.0174495
8 15 0.0194708
8 16 0.0174378
8 17 0.0117948
8 18 0.00421398
8 19 -0.00348761
8 20 -0.00986454
8 21 -0.0142798
8 22 -0.016795
8 23 -0.0175424
8 24 -0.0165881
8 25 -0.0140557
8 26 -0.0100731
8 27 -0.00495285
8 28 0.000728001
8 29 0.00633481
8 30 0.011212
8 31 0.0148143
8 32 0.0168542
8 33 0.0172324
8 34 0.0160757
8 35 0.0136665
8 36 0.0103399
8 37 0.00648504
8 38 0.00243694
8 39 -0.00151064
8 40 -0.00513098
8 41 -0.00828134
8 42 -0.0108625
8 43 -0.0128519
8 44 -0.0142502
8 45 -0.0151036
8 46 -0.0154719
8 47 -0.0154289
8 48 -0.0150576
8 49 -0.0144333
8 50 -0.0136376
8 51 -0.0127335
8 52 -0.0117886
8 53 -0.0108486
8 54 -0.00996287
8 55 -0.00916036
8 56 -0.00847381
8 57 -0.00791851
8 58 -0.00751417
8 59 -0.00726596
8 60 -0.00718412
8 61 -0.00726596
8 62 -0.00751417
8 63 -0.00791851
8 64 -0.00847381
8 65 -0.00916036
8 66 -0.00996287
8 67 -0.0108486
8 68 -0.0117886
8 69 -0.0127335
8 70 -0.0136376
8 71 -0.0144333
8 72 -0.0150576
8 73 -0.0154289
8 74 -0.0154719
8 75 -0.0151036
8 76 -0.0142502
8 77 -0.0128519
8 78 -0.0108625
8 79 -0.00828134
8 80 -0.00513098
8 81 -0.00151064
8 82 0.00243694
8 83 0.00648504
8 84 0.0103399
8 85 0.0136665
8 86 0.0160757
8 87 0.0172324
8 88 0.0168542
8 89 0.0148143
8 90 0.011212
8 91 0.00633481
8 92 0.000728001
8 93 -0.00495285
8 94 -0.0100731
8 95 -0.0140557
8 96 -0.0165881
8 97 -0.0175424
8 98 -0.016795
8 99 -0.0142798
8 100 -0.00986454
8 101 -0.00348761
8 102 0.00421398
8 103 0.0117948
8 104 0.0174378
8 105 0.0194708
8 106 0.0174495
8 107 0.0129262
8 108 0.00794134
8 109 0.00264497
8 110 -0.00424805
8 111 -0.012408
8 112 -0.01862
8 113 -0.019316
8 114 -0.0138997
8 115 -0.00522886
8 116 0.00275884
8 117 0.00759622
8 118 0.0090279
8 119 0

9 0 0
9 1 0.00886811
9 2 0.00774905
9 3 0.00327526
9 4 -0.00453999
9 5 -0.0133806
9 6 -0.019174
9 7 -0.0187138
9 8 -0.0124138
9 9 -0.00406741
9 10 0.00281405
9 11 0.00803906
9 12 0.0132295
9 13 0.0179768
9 14 0.0194692
9 15 0.0160546
9 16 0.00913981
9 17 0.00121696
9 18 -0.00605344
9 19 -0.0117104
9 20 -0.015333
9 21 -0.0170394
9 22 -0.0167865
9 23 -0.0143252
9 24 -0.00984472
9 25 -0.00388181
9 26 0.00279881
9 27 0.0091102
9 28 0.0141168
9 29 0.01722
9 30 0.0180795
9 31 0.0168092
9 32 0.0137698
9 33 0.00943251
9 34 0.00439615
9 35 -0.000849019
9 36 -0.00586089
9 37 -0.0102969
9 38 -0.0139627
9 39 -0.0167069
9 40 -0.0185106
9 41 -0.0193854
9 42 -0.019404
9 43 -0.0186799
9 44 -0.017325
9 45 -0.015491
9 46 -0.0132974
9 47 -0.0108862
9 48 -0.00836304
9 49 -0.00583501
9 50 -0.00338107
9 51 -0.00106706
9 52 0.00105739
9 53 0.00296178
9 54 0.00462076
9 55 0.00602781
9 56 0.00717291
9 57 0.00806189
9 58 0.00869105
9 59 0.00906949
9 60 0.00919328
9 61 0.00906949
9 62 0.00869105
9 63 0.00806189
9 64 0.00717291
9 65 0.00602781
9 66 0.00462076
9 67 0.00296178
9 68 0.00105739
9 69 -0.00106706
9 70 -0.00338107
9 71 -0.00583501
9 72 -0.00836304
9 73 -0.0108862
9 74 -0.0132974
9 75 -0.015491
9 76 -0.017325
9 77 -0.0186799
9 78 -0.019404
9 79 -0.0193854
9 80 -0.0185106
9 81 -0.0167069
9 82 -0.0139627
9 83 -0.0102969
9 84 -0.00586089
9 85 -0.000849019
9 86 0.00439615
9 87 0.00943251
9 88 0.0137698
9 89 0.0168092
9 90 0.0180795
9 91 0.01722
9 92 0.0141168
9 93 0.0091102
9 94 0.00279881
9 95 -0.00388181
9 96 -0.00984472
9 97 -0.0143252
9 98 -0.0167865
9 99 -0.0170394
9 100 -0.015333
9 101 -0.0117104
9 102 -0.00605344
9 103 0.00121696
9 104 0.00913982
9 105 0.0160546
9 106 0.0194692
9 107 0.0179769
9 108 0.0132299
9 109 0.0080406
9 110 0.00281899
9 111 -0.00405291
9 112 -0.0123751
9 113 -0.0186202
9 114 -0.0189714
9 115 -0.0129939
9 116 -0.00390437
9 117 0.00413505
9 118 0.00860321
9 119 0

10 0 0
10 1 0.00879235
10 2 0.00478617
10 3 -0.00293218
10 4 -0.0121404
10 5 -0.0186637
10 6 -0.0188771
10 7 -0.0127882
10 8 -0.00424993
10 9 0.00281405
10 10 0.00808006
10 11 0.0134374
10 12 0.018399
10 13 0.0195005
10 14 0.0149664
10 15 0.00718252
10 16 -0.00064411
10 17 -0.00745419
10 18 -0.0130347
10 19 -0.0167784
10 20 -0.0183549
10 21 -0.0174596
10 22 -0.0135775
10 23 -0.00711155
10 24 0.000695919
10 25 0.0086399
10 26 0.0153819
10 27 0.0198483
10 28 0.0217175
10 29 0.0209182
10 30 0.0177501
10 31 0.0128488
10 32 0.00673944
10 33 8.1534e-05
10 34 -0.00654277
10 35 -0.0127127
10 36 -0.0179743
10 37 -0.0221009
10 38 -0.0249039
10 39 -0.0263056
10 40 -0.0263741
10 41 -0.0251775
10 42 -0.0229315
10 43 -0.0198203
10 44 -0.0160893
10 45 -0.011968
10 46 -0.00765636
10 47 -0.00335713
10 48 0.000803656
10 49 0.00469024
10 50 0.00824649
10 51 0.0114083
10 52 0.0141699
10 53 0.0165211
10 54 0.0184835
10 55 0.0200764
10 56 0.0213294
10 57 0.0222699
10 58 0.0229215
10 59 0.0233052
10 60 0.0234309
10 61 0.0233052
10 62 0.0229215
10 63 0.0222699
10 64 0.0213294
10 65 0.0200764
10 66 0.0184835
10 67 0.0165211
10 68 0.0141699
10 69 0.0114083
10 70 0.00824649
10 71 0.00469024
10 72 0.000803656
10 73 -0.00335713
10 74 -0.00765636
10 75 -0.011968
10 76 -0.0160893
10 77 -0.0198203
10 78 -0.0229315
10 79 -0.0251775
10 80 -0.0263741
10 81 -0.0263056
10 82 -0.0249039
10 83 -0.0221009
10 84 -0.0179743
10 85 -0.0127127
10 86 -0.00654277
10 87 8.1534e-05
10 88 0.00673944
10 89 0.0128488
10 90 0.0177501
10 91 0.0209182
10 92 0.0217175
10 93 0.0198483
10 94 0.0153819
10 95 0.0086399
10 96 0.000695919
10 97 -0.00711155
10 98 -0.0135775
10 99 -0.0174596
10 100 -0.0183549
10 101 -0.0167784
10 102 -0.0130347
10 103 -0.00745419
10 104 -0.000644105
10 105 0.00718254
10 106 0.0149665
10 107 0.0195009
10 108 0.0184002
10 109 0.0134414
10 110 0.00809212
10 111 0.00284703
10 112 -0.00416829
10 113 -0.0126069
10 114 -0.0185211
10 115 -0.0180588
10 116 -0.0112871
10 117 -0.00202526
10 118 0.00526392
10 119 0

11 0 0
11 1 0.00611415
11 2 -0.00076262
11 3 -0.0100912
11 4 -0.0175413
11 5 -0.0188912
11 6 -0.0134214
11 7 -0.00477405
11 8 0.00264442
11 9 0.00803906
11 10 0.0134374
11 11 0.0185537
11 12 0.0195076
11 13 0.0142452
11 14 0.00592465
11 15 -0.00157028
11 16 -0.00795997
11 17 -0.0139124
11 18 -0.0181829
11 19 -0.019547
11 20 -0.0177941
11 21 -0.0126333
11 22 -0.00474573
11 23 0.00386802
11 24 0.0117949
11 25 0.0180778
11 26 0.0217503
11 27 0.0227906
11 28 0.021416
11 29 0.0177282
11 30 0.0123691
11 31 0.00581133
11 32 -0.00145085
11 33 -0.0086504
11 34 -0.0153498
11 35 -0.0209817
11 36 -0.0251374
11 37 -0.0276799
11 38 -0.0284273
11 39 -0.0275501
11 40 -0.0251968
11 41 -0.0216439
11 42 -0.0172529
11 43 -0.0122843
11 44 -0.00711216
11 45 -0.00193532
11 46 0.00299429
11 47 0.00754858
11 48 0.0116283
11 49 0.0151694
11 50 0.0181892
11 51 0.0206725
11 52 0.0226984
11 53 0.0242811
11 54 0.0255167
11 55 0.0264302
11 56 0.0271076
11 57 0.0275702
11 58 0.0278811
11 59 0.0280478
11 60 0.0281077
11 61 0.0280478
11 62 0.0278811
11 63 0.0275702
11 64 0.0271076
11 65 0.0264302
11 66 0.0255167
11 67 0.0242811
11 68 0.0226984
11 69 0.0206725
11 70 0.0181892
11 71 0.0151694
11 72 0.0116283
11 73 0.00754858
11 74 0.00299429
11 75 -0.00193532
11 76 -0.00711216
11 77 -0.0122843
11 78 -0.0172529
11 79 -0.0216439
11 80 -0.0251968
11 81 -0.0275501
11 82 -0.0284273
11 83 -0.0276799
11 84 -0.0251374
11 85 -0.0209817
11 86 -0.0153498
11 87 -0.0086504
11 88 -0.00145085
11 89 0.00581133
11 90 0.0123691
11 91 0.0177282
11 92 0.021416
11 93 0.0227906
11 94 0.0217503
11 95 0.0180778
11 96 0.0117949
11 97 0.00386802
11 98 -0.00474573
11 99 -0.0126333
11 100 -0.0177941
11 101 -0.019547
11 102 -0.0181829
11 103 -0.0139124
11 104 -0.00795996
11 105 -0.00157021
11 106 0.00592492
11 107 0.0142462
11 108 0.0195107
11 109 0.0185635
11 110 0.0134647
11 111 0.00810833
11 112 0.00280244
11 113 -0.00445424
11 114 -0.0128588
11 115 -0.0180617
11 116 -0.0165965
11 117 -0.00947435
11 118 -0.00117116
11 119 0

12 0 0
12 1 0.000513831
12 2 -0.00780426
12 3 -0.0157353
12 4 -0.0184314
12 5 -0.014041
12 6 -0.00552622
12 7 0.00233245
12 8 0.0079412
12 9 0.0132295
12 10 0.018399
12 11 0.0195076
12 12 0.0139892
12 13 0.00531063
12 14 -0.00194198
12 15 -0.00805586
12 16 -0.0146051
12 17 -0.0194681
12 18 -0.0201802
12 19 -0.0171475
12 20 -0.0110136
12 21 -0.00247558
12 22 0.00608635
12 23 0.0131323
12 24 0.0185625
12 25 0.0215831
12 26 0.0219775
12 27 0.0202498
12 28 0.0161846
12 29 0.010273
12 30 0.00335091
12 31 -0.00420113
12 32 -0.0113437
12 33 -0.0174155
12 34 -0.0220442
12 35 -0.0246604
12 36 -0.0254075
12 37 -0.0242927
12 38 -0.0215651
12 39 -0.0177218
12 40 -0.0129876
12 41 -0.00792433
12 42 -0.00276357
12 43 0.00216847
12 44 0.00663768
12 45 0.0105909
12 46 0.0138465
12 47 0.0165135
12 48 0.0185069
12 49 0.0199759
12 50 0.0209342
12 51 0.0214992
12 52 0.0217542
12 53 0.0217614
12 54 0.0216376
12 55 0.0213934
12 56 0.0211518
12 57 0.0208837
12 58 0.0207027
12 59 0.0205513
12 60 0.0205273
12 61 0.0205513
12 62 0.0207027
12 63 0.0208837
12 64 0.0211518
12 65 0.0213934
12 66 0.0216376
12 67 0.0217614
12 68 0.0217542
12 69 0.0214992
12 70 0.0209342
12 71 0.0199759
12 72 0.0185069
12 73 0.0165135
12 74 0.0138465
12 75 0.0105909
12 76 0.00663768
12 77 0.00216847
12 78 -0.00276357
12 79 -0.00792433
12 80 -0.0129876
12 81 -0.0177218
12 82 -0.0215651
12 83 -0.0242927
12 84 -0.0254075
12 85 -0.0246604
12 86 -0.0220442
12 87 -0.0174155
12 88 -0.0113437
12 89 -0.00420113
12 90 0.00335091
12 91 0.010273
12 92 0.0161846
12 93 0.0202498
12 94 0.0219775
12 95 0.0215831
12 96 0.0185625
12 97 0.0131323
12 98 0.00608635
12 99 -0.00247558
12 100 -0.0110136
12 101 -0.0171475
12 102 -0.0201802
12 103 -0.0194681
12 104 -0.0146051
12 105 -0.00805567
12 106 -0.00194126
12 107 0.00531307
12 108 0.0139968
12 109 0.0195295
12 110 0.0184562
12 111 0.0133636
12 112 0.00822127
12 113 0.00284335
12 114 -0.0047377
12 115 -0.0130786
12 116 -0.0176821
12 117 -0.0158838
12 118 -0.00954107
12 119 0

13 0 0
13 1 -0.00721716
13 2 -0.0143668
13 3 -0.0177543
13 4 -0.014478
13 5 -0.00631749
13 6 0.0019805
13 7 0.00788769
13 8 0.0129262
13 9 0.0179768
13 10 0.0195005
13 11 0.0142452
13 12 0.00531063
13 13 -0.00203359
13 14 -0.00804472
13 15 -0.0151235
13 16 -0.0204991
13 17 -0.0202983
13 18 -0.015807
13 19 -0.00925458
13 20 -0.000840853
13 21 0.00750467
13 22 0.0137906
13 23 0.0186303
13 24 0.0214784
13 25 0.0211606
13 26 0.0184542
13 27 0.0133829
13 28 0.00616233
13 29 -0.00149369
13 30 -0.00900684
13 31 -0.0154794
13 32 -0.0198065
13 33 -0.022199
13 34 -0.0222643
13 35 -0.020269
13 36 -0.016861
13 37 -0.0121212
13 38 -0.00692838
13 39 -0.00151319
13 40 0.00370663
13 41 0.00828168
13 42 0.0122809
13 43 0.0152886
13 44 0.0175434
13 45 0.018892
13 46 0.0194898
13 47 0.0194738
13 48 0.0188489
13 49 0.0179268
13 50 0.0166099
13 51 0.0152465
13 52 0.0137064
13 53 0.0122839
13 54 0.0108631
13 55 0.00965139
13 56 0.00856497
13 57 0.00773096
13 58 0.00709492
13 59 0.00672792
13 60 0.00659143
13 61 0.00672792
13 62 0.00709492
13 63 0.00773096
13 64 0.00856497
13 65 0.00965139
13 66 0.0108631
13 67 0.0122839
13 68 0.0137064
13 69 0.0152465
13 70 0.0166099
13 71 0.0179268
13 72 0.0188489
13 73 0.0194738
13 74 0.0194898
13 75 0.018892
13 76 0.0175434
13 77 0.0152886
13 78 0.0122809
13 79 0.00828168
13 80 0.00370663
13 81 -0.00151319
13 82 -0.00692838
13 83 -0.0121212
13 84 -0.016861
13 85 -0.020269
13 86 -0.0222643
13 87 -0.022199
13 88 -0.0198065
13 89 -0.0154794
13 90 -0.00900684
13 91 -0.00149369
13 92 0.00616233
13 93 0.0133829
13 94 0.0184542
13 95 0.0211606
13 96 0.0214784
13 97 0.0186303
13 98 0.0137906
13 99 0.00750467
13 100 -0.000840852
13 101 -0.00925458
13 102 -0.015807
13 103 -0.0202983
13 104 -0.020499
13 105 -0.015123
13 106 -0.0080429
13 107 -0.00202775
13 108 0.00532779
13 109 0.0142911
13 110 0.0196114
13 111 0.0182158
13 112 0.0133786
13 113 0.00861921
13 114 0.0029357
13 115 -0.00545572
13 116 -0.0143531
13 117 -0.019126
13 118 -0.0175264
13 119 0

14 0 0
14 1 -0.0152235
14 2 -0.0184495
14 3 -0.0155509
14 4 -0.00740034
14 5 0.00158598
14 6 0.00802878
14 7 0.0127752
14 8 0.0174495
14 9 0.0194692
14 10 0.0149664
14 11 0.00592465
14 12 -0.00194198
14 13 -0.00804472
14 14 -0.0153228
14 15 -0.0210796
14 16 -0.020166
14 17 -0.0144045
14 18 -0.00794033
14 19 -0.000194276
14 20 0.00835169
14 21 0.0146627
14 22 0.0191432
14 23 0.0219553
14 24 0.0206796
14 25 0.0161234
14 26 0.00969122
14 27 0.00119608
14 28 -0.00705829
14 29 -0.0137666
14 30 -0.0190394
14 31 -0.0214211
14 32 -0.0214095
14 33 -0.019433
14 34 -0.0151957
14 35 -0.0100647
14 36 -0.00402932
14 37 0.00225394
14 38 0.00796692
14 39 0.0133276
14 40 0.0173967
14 41 0.0205132
14 42 0.0223788
14 43 0.0229692
14 44 0.0227005
14 45 0.0212563
14 46 0.0193597
14 47 0.0166949
14 48 0.0138682
14 49 0.0107669
14 50 0.00767403
14 51 0.00471797
14 52 0.00185459
14 53 -0.000607403
14 54 -0.00294547
14 55 -0.00475106
14 56 -0.00643007
14 57 -0.00753204
14 58 -0.00851578
14 59 -0.00891704
14 60 -0.00920736
14 61 -0.00891704
14 62 -0.00851578
14 63 -0.00753204
14 64 -0.00643007
14 65 -0.00475106
14 66 -0.00294547
14 67 -0.000607403
14 68 0.00185459
14 69 0.00471797
14 70 0.00767403
14 71 0.0107669
14 72 0.0138682
14 73 0.0166949
14 74 0.0193597
14 75 0.0212563
14 76 0.0227005
14 77 0.0229692
14 78 0.0223788
14 79 0.0205132
14 80 0.0173967
14 81 0.0133276
14 82 0.00796692
14 83 0.00225394
14 84 -0.00402932
14 85 -0.0100647
14 86 -0.0151957
14 87 -0.019433
14 88 -0.0214095
14 89 -0.0214211
14 90 -0.0190394
14 91 -0.0137666
14 92 -0.00705829
14 93 0.00119608
14 94 0.00969122
14 95 0.0161234
14 96 0.0206796
14 97 0.0219553
14 98 0.0191432
14 99 0.0146627
14 100 0.00835169
14 101 -0.000194271
14 102 -0.00794031
14 103 -0.0144044
14 104 -0.0201657
14 105 -0.0210783
14 106 -0.0153185
14 107 -0.00803168
14 108 -0.00190616
14 109 0.00601372
14 110 0.0151648
14 111 0.0198595
14 112 0.0181108
14 113 0.0136972
14 114 0.0089718
14 115 0.00197522
14 116 -0.00835511
14 117 -0.0183481
14 118 -0.0225702
14 119 0

15 0 0
15 1 -0.0212229
15 2 -0.0189365
15 3 -0.010251
15 4 0.000274908
15 5 0.00811045
15 6 0.0129867
15 7 0.0171193
15 8 0.0194708
15 9 0.0160546
15 10 0.00718252
15 11 -0.00157028
15 12 -0.00805586
15 13 -0.0151235
15 14 -0.0210796
15 15 -0.0200789
15 16 -0.0135318
15 17 -0.0072431
15 18 -0.000289249
15 19 0.00894037
15 20 0.0160999
15 21 0.0199977
15 22 0.0222568
15 23 0.0200153
15 24 0.0133046
15 25 0.00577918
15 26 -0.00289877
15 27 -0.0113107
15 28 -0.016818
15 29 -0.020771
15 30 -0.0221404
15 31 -0.0203806
15 32 -0.0172631
15 33 -0.0117561
15 34 -0.00511163
15 35 0.00168846
15 36 0.00906501
15 37 0.0151145
15 38 0.0203733
15 39 0.0241264
15 40 0.0259469
15 41 0.0266506
15 42 0.0253028
15 43 0.023179
15 44 0.0197508
15 45 0.0157375
15 46 0.0114143
15 47 0.00665937
15 48 0.00235462
15 49 -0.00220138
15 50 -0.00593807
15 51 -0.00973712
15 52 -0.0126694
15 53 -0.0155087
15 54 -0.0176119
15 55 -0.0195214
15 56 -0.0208776
15 57 -0.0219889
15 58 -0.0227016
15 59 -0.0231495
15 60 -0.0232842
15 61 -0.0231495
15 62 -0.0227016
15 63 -0.0219889
15 64 -0.0208776
15 65 -0.0195214
15 66 -0.0176119
15 67 -0.0155087
15 68 -0.0126694
15 69 -0.00973712
15 70 -0.00593807
15 71 -0.00220138
15 72 0.00235462
15 73 0.00665937
15 74 0.0114143
15 75 0.0157375
15 76 0.0197508
15 77 0.023179
15 78 0.0253028
15 79 0.0266506
15 80 0.0259469
15 81 0.0241264
15 82 0.0203733
15 83 0.0151145
15 84 0.00906501
15 85 0.00168846
15 86 -0.00511163
15 87 -0.0117561
15 88 -0.0172631
15 89 -0.0203806
15 90 -0.0221404
15 91 -0.020771
15 92 -0.016818
15 93 -0.0113107
15 94 -0.00289877
15 95 0.00577918
15 96 0.0133046
15 97 0.0200153
15 98 0.0222568
15 99 0.0199977
15 100 0.0160999
15 101 0.00894038
15 102 -0.000289185
15 103 -0.00724285
15 104 -0.0135308
15 105 -0.0200758
15 106 -0.02107
15 107 -0.0150963
15 108 -0.00798628
15 109 -0.00140999
15 110 0.00751009
15 111 0.0166362
15 112 0.0203347
15 113 0.0181045
15 114 0.0136091
15 115 0.00759429
15 116 -0.00204808
15 117 -0.0142126
15 118 -0.0230272
15 119 0

16 0 0
16 1 -0.023419
16 2 -0.0159762
16 3 -0.00387089
16 4 0.00663703
16 5 0.0129985
16 6 0.0170874
16 7 0.0196326
16 8 0.0174378
16 9 0.00913981
16 10 -0.00064411
16 11 -0.00795997
16 12 -0.0146051
16 13 -0.0204991
16 14 -0.020166
16 15 -0.0135318
16 16 -0.00704165
16 17 -0.000553703
16 18 0.00938306
16 19 0.0177625
16 20 0.0207336
16 21 0.0216669
16 22 0.0189999
16 23 0.0108121
16 24 0.00250718
16 25 -0.00523959
16 26 -0.0136368
16 27 -0.0186884
16 28 -0.0214594
16 29 -0.0227617
16 30 -0.019847
16 31 -0.0152978
16 32 -0.00895026
16 33 -0.00042592
16 34 0.00710701
16 35 0.0148885
16 36 0.0210967
16 37 0.0249462
16 38 0.0276574
16 39 0.0272644
16 40 0.0258231
16 41 0.0224758
16 42 0.0178902
16 43 0.0131042
16 44 0.007166
16 45 0.00211603
16 46 -0.00357058
16 47 -0.0081299
16 48 -0.0126269
16 49 -0.016309
16 50 -0.0193419
16 51 -0.0220547
16 52 -0.0237812
16 53 -0.025636
16 54 -0.0263982
16 55 -0.0276081
16 56 -0.027758
16 57 -0.0285488
16 58 -0.0283559
16 59 -0.0289017
16 60 -0.0285177
16 61 -0.0289017
16 62 -0.0283559
16 63 -0.0285488
16 64 -0.027758
16 65 -0.0276081
16 66 -0.0263982
16 67 -0.025636
16 68 -0.0237812
16 69 -0.0220547
16 70 -0.0193419
16 71 -0.016309
16 72 -0.0126269
16 73 -0.0081299
16 74 -0.00357058
16 75 0.00211603
16 76 0.007166
16 77 0.0131042
16 78 0.0178902
16 79 0.0224758
16 80 0.0258231
16 81 0.0272644
16 82 0.0276574
16 83 0.0249462
16 84 0.0210967
16 85 0.0148885
16 86 0.00710701
16 87 -0.00042592
16 88 -0.00895026
16 89 -0.0152978
16 90 -0.019847
16 91 -0.0227617
16 92 -0.0214594
16 93 -0.0186884
16 94 -0.0136368
16 95 -0.00523959
16 96 0.00250718
16 97 0.0108121
16 98 0.0189999
16 99 0.0216669
16 100 0.0207336
16 101 0.0177626
16 102 0.00938323
16 103 -0.000553073
16 104 -0.00703948
16 105 -0.0135249
16 106 -0.020146
16 107 -0.0204463
16 108 -0.0144793
16 109 -0.00769266
16 110 -0.000146965
16 111 0.00992449
16 112 0.0184229
16 113 0.0204387
16 114 0.0169976
16 115 0.0112321
16 116 0.00301912
16 117 -0.00822875
16 118 -0.0188238
16 119 0

17 0 0
17 1 -0.0211804
17 2 -0.0106651
17 3 0.00182879
17 4 0.0109523
17 5 0.0164014
17 6 0.0196517
17 7 0.0189244
17 8 0.0117948
17 9 0.00121696
17 10 -0.00745419
17 11 -0.0139124
17 12 -0.0194681
17 13 -0.0202983
17 14 -0.0144045
17 15 -0.0072431
17 16 -0.000553703
17 17 0.00956149
17 18 0.0188941
17 19 0.0211108
17 20 0.0203739
17 21 0.0180035
17 22 0.00962136
17 23 0.000291674
17 24 -0.00648817
17 25 -0.014777
17 26 -0.0206765
17 27 -0.0222517
17 28 -0.023088
17 29 -0.0193229
17 30 -0.0122059
17 31 -0.00501754
17 32 0.00481149
17 33 0.0130394
17 34 0.0194223
17 35 0.0249949
17 36 0.0263424
17 37 0.0267471
17 38 0.0244216
17 39 0.0201036
17 40 0.0157073
17 41 0.00910068
17 42 0.00377434
17 43 -0.00262397
17 44 -0.00794121
17 45 -0.0126767
17 46 -0.0171837
17 47 -0.0199062
17 48 -0.023113
17 49 -0.0241543
17 50 -0.0259806
17 51 -0.0259219
17 52 -0.026616
17 53 -0.0260206
17 54 -0.0259885
17 55 -0.0252882
17 56 -0.0249409
17 57 -0.0244133
17 58 -0.0240787
17 59 -0.023861
17 60 -0.0237534
17 61 -0.023861
17 62 -0.0240787
17 63 -0.0244133
17 64 -0.0249409
17 65 -0.0252882
17 66 -0.0259885
17 67 -0.0260206
17 68 -0.026616
17 69 -0.0259219
17 70 -0.0259806
17 71 -0.0241543
17 72 -0.023113
17 73 -0.0199062
17 74 -0.0171837
17 75 -0.0126767
17 76 -0.00794121
17 77 -0.00262397
17 78 0.00377434
17 79 0.00910068
17 80 0.0157073
17 81 0.0201036
17 82 0.0244216
17 83 0.0267471
17 84 0.0263424
17 85 0.0249949
17 86 0.0194223
17 87 0.0130394
17 88 0.00481149
17 89 -0.00501754
17 90 -0.0122059
17 91 -0.0193229
17 92 -0.023088
17 93 -0.0222517
17 94 -0.0206765
17 95 -0.014777
17 96 -0.00648817
17 97 0.000291674
17 98 0.00962136
17 99 0.0180035
17 100 0.020374
17 101 0.0211109
17 102 0.0188945
17 103 0.00956296
17 104 -0.000548914
17 105 -0.00722881
17 106 -0.0143656
17 107 -0.0202023
17 108 -0.0192562
17 109 -0.0134998
17 110 -0.00676392
17 111 0.00216138
17 112 0.0127227
17 113 0.0192157
17 114 0.0184823
17 115 0.0132995
17 116 0.00656639
17 117 -0.00183422
17 118 -0.01129
17 119 0

18 0 0
18 1 -0.0151591
18 2 -0.00437861
18 3 0.00601341
18 4 0.013335
18 5 0.018151
18 6 0.0195811
18 7 0.014664
18 8 0.00421398
18 9 -0.00605344
18 10 -0.0130347
18 11 -0.0181829
18 12 -0.0201802
18 13 -0.015807
18 14 -0.00794033
18 15 -0.000289249
18 16 0.00938306
18 17 0.0188941
18 18 0.021206
18 19 0.0193113
18 20 0.0173864
18 21 0.00979811
18 22 -0.00106704
18 23 -0.00795299
18 24 -0.0155635
18 25 -0.0227854
18 26 -0.0232638
18 27 -0.0220831
18 28 -0.0178756
18 29 -0.00813844
18 30 4.95352e-05
18 31 0.00917931
18 32 0.0178738
18 33 0.0217936
18 34 0.0257052
18 35 0.0255225
18 36 0.0229146
18 37 0.0200311
18 38 0.0134026
18 39 0.00826552
18 40 0.00118615
18 41 -0.00527954
18 42 -0.0105855
18 43 -0.0166709
18 44 -0.0196342
18 45 -0.0237822
18 46 -0.0247868
18 47 -0.0263603
18 48 -0.0260815
18 49 -0.0253809
18 50 -0.0244571
18 51 -0.0222848
18 52 -0.0212167
18 53 -0.0184304
18 54 -0.017577
18 55 -0.0148398
18 56 -0.0144418
18 57 -0.0121629
18 58 -0.0123724
18 59 -0.0107512
18 60 -0.0116543
18 61 -0.0107512
18 62 -0.0123724
18 63 -0.0121629
18 64 -0.0144418
18 65 -0.0148398
18 66 -0.017577
18 67 -0.0184304
18 68 -0.0212167
18 69 -0.0222848
18 70 -0.0244571
18 71 -0.0253809
18 72 -0.0260815
18 73 -0.0263603
18 74 -0.0247868
18 75 -0.0237822
18 76 -0.0196342
18 77 -0.0166709
18 78 -0.0105855
18 79 -0.00527954
18 80 0.00118615
18 81 0.00826552
18 82 0.0134026
18 83 0.0200311
18 84 0.0229146
18 85 0.0255225
18 86 0.0257052
18 87 0.0217936
18 88 0.0178738
18 89 0.00917931
18 90 4.95352e-05
18 91 -0.00813844
18 92 -0.0178756
18 93 -0.0220831
18 94 -0.0232638
18 95 -0.0227854
18 96 -0.0155635
18 97 -0.00795299
18 98 -0.00106703
18 99 0.00979812
18 100 0.0173865
18 101 0.0193115
18 102 0.0212069
18 103 0.0188973
18 104 0.00939297
18 105 -0.000261395
18 106 -0.00786929
18 107 -0.015644
18 108 -0.0198482
18 109 -0.0175953
18 110 -0.0121655
18 111 -0.00506995
18 112 0.0048138
18 113 0.0140825
18 114 0.0171288
18 115 0.0140043
18 116 0.00908169
18 117 0.00410991
18 118 -0.0024068
18 119 0

19 0 0
19 1 -0.00688482
19 2 0.00178515
19 3 0.00873889
19 4 0.014141
19 5 0.0177144
19 6 0.0161655
19 7 0.00765757
19 8 -0.00348761
19 9 -0.0117104
19 10 -0.0167784
19 11 -0.019547
19 12 -0.0171475
19 13 -0.00925458
19 14 -0.000194276
19 15 0.00894037
19 16 0.0177625
19 17 0.0211108
19 18 0.0193113
19 19 0.0171972
19 20 0.0103831
19 21 -0.00187372
19 22 -0.0100066
19 23 -0.0161792
19 24 -0.0238197
19 25 -0.0240626
19 26 -0.0198816
19 27 -0.0155053
19 28 -0.00494943
19 29 0.00473095
19 30 0.0117227
19 31 0.0203804
19 32 0.0232022
19 33 0.0245668
19 34 0.0246622
19 35 0.0193958
19 36 0.0157034
19 37 0.00824654
19 38 0.000751119
19 39 -0.00558699
19 40 -0.0140098
19 41 -0.0181709
19 42 -0.0239954
19 43 -0.0260725
19 44 -0.0275701
19 45 -0.0279039
19 46 -0.0255316
19 47 -0.0244979
19 48 -0.0198763
19 49 -0.0179191
19 50 -0.0127201
19 51 -0.0103255
19 52 -0.00569873
19 53 -0.00330851
19 54 0.000191867
19 55 0.00224395
19 56 0.00448951
19 57 0.00598062
19 58 0.00706171
19 59 0.00783807
19 60 0.00791371
19 61 0.00783807
19 62 0.00706171
19 63 0.00598062
19 64 0.00448951
19 65 0.00224395
19 66 0.000191867
19 67 -0.00330851
19 68 -0.00569873
19 69 -0.0103255
19 70 -0.0127201
19 71 -0.0179191
19 72 -0.0198763
19 73 -0.0244979
19 74 -0.0255316
19 75 -0.0279039
19 76 -0.0275701
19 77 -0.0260725
19 78 -0.0239954
19 79 -0.0181709
19 80 -0.0140098
19 81 -0.00558699
19 82 0.000751119
19 83 0.00824654
19 84 0.0157034
19 85 0.0193958
19 86 0.0246622
19 87 0.0245668
19 88 0.0232022
19 89 0.0203804
19 90 0.0117227
19 91 0.00473095
19 92 -0.00494943
19 93 -0.0155053
19 94 -0.0198816
19 95 -0.0240626
19 96 -0.0238197
19 97 -0.0161792
19 98 -0.0100066
19 99 -0.00187368
19 100 0.0103832
19 101 0.0171978
19 102 0.0193134
19 103 0.0211174
19 104 0.0177819
19 105 0.00899138
19 106 -7.26379e-05
19 107 -0.0089956
19 108 -0.0166638
19 109 -0.0187783
19 110 -0.0158025
19 111 -0.0108921
19 112 -0.00353817
19 113 0.0059293
19 114 0.0125134
19 115 0.0131885
19 116 0.0110564
19 117 0.0092737
19 118 0.00601011
19 119 0

20 0 0
20 1 0.00187369
20 2 0.00721292
20 3 0.0104775
20 4 0.0135579
20 5 0.0145863
20 6 0.00958032
20 7 -0.000556942
20 8 -0.00986454
20 9 -0.015333
20 10 -0.0183549
20 11 -0.0177941
20 12 -0.0110136
20 13 -0.000840853
20 14 0.00835169
20 15 0.0160999
20 16 0.0207336
20 17 0.0203739
20 18 0.0173864
20 19 0.0103831
20 20 -0.0021618
20 21 -0.0116384
20 22 -0.0165045
20 23 -0.0232644
20 24 -0.0245512
20 25 -0.0181885
20 26 -0.0129722
20 27 -0.00357546
20 28 0.00798348
20 29 0.0138097
20 30 0.0212907
20 31 0.0252065
20 32 0.0237326
20 33 0.0236583
20 34 0.0171066
20 35 0.0102848
20 36 0.00321647
20 37 -0.00738255
20 38 -0.0132429
20 39 -0.0215162
20 40 -0.0256603
20 41 -0.027948
20 42 -0.029757
20 43 -0.0264979
20 44 -0.0255435
20 45 -0.0194163
20 46 -0.0159872
20 47 -0.0096499
20 48 -0.00466409
20 49 0.000309695
20 50 0.00578098
20 51 0.008898
20 52 0.0140357
20 53 0.015454
20 54 0.0198338
20 55 0.0199484
20 56 0.0234743
20 57 0.0226607
20 58 0.0254157
20 59 0.0239159
20 60 0.0260186
20 61 0.0239159
20 62 0.0254157
20 63 0.0226607
20 64 0.0234743
20 65 0.0199484
20 66 0.0198338
20 67 0.015454
20 68 0.0140357
20 69 0.008898
20 70 0.00578098
20 71 0.000309695
20 72 -0.00466409
20 73 -0.0096499
20 74 -0.0159872
20 75 -0.0194163
20 76 -0.0255435
20 77 -0.0264979
20 78 -0.029757
20 79 -0.027948
20 80 -0.0256603
20 81 -0.0215162
20 82 -0.0132429
20 83 -0.00738255
20 84 0.00321647
20 85 0.0102848
20 86 0.0171066
20 87 0.0236583
20 88 0.0237326
20 89 0.0252065
20 90 0.0212907
20 91 0.0138097
20 92 0.00798348
20 93 -0.00357546
20 94 -0.0129722
20 95 -0.0181885
20 96 -0.0245512
20 97 -0.0232644
20 98 -0.0165044
20 99 -0.0116383
20 100 -0.00216143
20 101 0.0103844
20 102 0.0173907
20 103 0.0203869
20 104 0.0207691
20 105 0.0161879
20 106 0.00854732
20 107 -0.000455994
20 108 -0.01036
20 109 -0.0168788
20 110 -0.017414
20 111 -0.0149487
20 112 -0.0108647
20 113 -0.0035113
20 114 0.005146
20 115 0.0105863
20 116 0.0125086
20 117 0.0135287
20 118 0.0128004
20 119 0

21 0 0
21 1 0.0096608
21 2 0.0116663
21 3 0.0115992
21 4 0.0115477
21 5 0.008771
