0 0 0
0 1 0
0 2 0
0 3 0
0 4 0
0 5 0
0 6 0
0 7 0
0 8 0
0 9 0
0 10 0
0 11 0
0 12 0
0 13 0
0 14 0
0 15 0
0 16 0
0 17 0
0 18 0
0 19 0
0 20 0
0 21 0
0 22 0
0 23 0
0 24 0
0 25 0
0 26 0
0 27 0
0 28 0
0 29 0
0 30 0
0 31 0
0 32 0
0 33 0
0 34 0
0 35 0
0 36 0
0 37 0
0 38 0
0 39 0
0 40 0
0 41 0
0 42 0
0 43 0
0 44 0
0 45 0
0 46 0
0 47 0
0 48 0
0 49 0
0 50 0
0 51 0
0 52 0
0 53 0
0 54 0
0 55 0
0 56 0
0 57 0
0 58 0
0 59 0
0 60 0
0 61 0
0 62 0
0 63 0
0 64 0
0 65 0
0 66 0
0 67 0
0 68 0
0 69 0
0 70 0
0 71 0
0 72 0
0 73 0
0 74 0
0 75 0
0 76 0
0 77 0
0 78 0
0 79 0
0 80 0
0 81 0
0 82 0
0 83 0
0 84 0
0 85 0
0 86 0
0 87 0
0 88 0
0 89 0
0 90 0
0 91 0
0 92 0
0 93 0
0 94 0
0 95 0
0 96 0
0 97 0
0 98 0
0 99 0
0 100 0
0 101 0
0 102 0
0 103 0
0 104 0
0 105 0
0 106 0
0 107 0
0 108 0
0 109 0
0 110 0
0 111 0
0 112 0
0 113 0
0 114 0
0 115 0
0 116 0
0 117 0
0 118 0
0 119 0

1 0 0
1 1 1.26257e-14
1 2 9.71799e-14
1 3 6.96226e-13
1 4 4.6041e-12
1 5 2.81161e-11
1 6 1.58617e-10
1 7 8.26871e-10
1 8 3.98349e-09
1 9 1.77345e-08
1 10 7.29539e-08
1 11 2.77243e-07
1 12 9.73043e-07
1 13 3.15301e-06
1 14 9.42961e-06
1 15 2.60199e-05
1 16 6.62305e-05
1 17 0.000155486
1 18 0.000336677
1 19 0.00067253
1 20 0.0012398
1 21 0.00211037
1 22 0.0033187
1 23 0.00482285
1 24 0.0064742
1 25 0.0080126
1 26 0.00909705
1 27 0.00936912
1 28 0.00853314
1 29 0.00643039
1 30 0.00308617
1 31 -0.00128259
1 32 -0.00629926
1 33 -0.0114889
1 34 -0.016353
1 35 -0.0204405
1 36 -0.0234035
1 37 -0.0250281
1 38 -0.0252428
1 39 -0.0241052
1 40 -0.0217753
1 41 -0.0184817
1 42 -0.0144875
1 43 -0.01006
1 44 -0.00544721
1 45 -0.000862166
1 46 0.00352568
1 47 0.00759266
1 48 0.0112586
1 49 0.0144817
1 50 0.0172511
1 51 0.0195802
1 52 0.0214988
1 53 0.0230472
1 54 0.0242703
1 55 0.0252141
1 56 0.0259212
1 57 0.0264296
1 58 0.0267698
1 59 0.0269648
1 60 0.0270282
1 61 0.0269648
1 62 0.0267698
1 63 0.0264296
1 64 0.0259212
1 65 0.0252141
1 66 0.0242703
1 67 0.0230472
1 68 0.0214988
1 69 0.0195802
1 70 0.0172511
1 71 0.0144817
1 72 0.0112586
1 73 0.00759266
1 74 0.00352568
1 75 -0.000862166
1 76 -0.00544721
1 77 -0.01006
1 78 -0.0144875
1 79 -0.0184817
1 80 -0.0217753
1 81 -0.0241052
1 82 -0.0252428
1 83 -0.0250281
1 84 -0.0234035
1 85 -0.0204405
1 86 -0.016353
1 87 -0.0114889
1 88 -0.00629926
1 89 -0.00128259
1 90 0.00308617
1 91 0.00643039
1 92 0.00853314
1 93 0.00936912
1 94 0.00909705
1 95 0.0080126
1 96 0.0064742
1 97 0.00482285
1 98 0.0033187
1 99 0.00211037
1 100 0.0012398
1 101 0.00067253
1 102 0.000336677
1 103 0.000155486
1 104 6.62305e-05
1 105 2.60199e-05
1 106 9.42961e-06
1 107 3.15301e-06
1 108 9.73043e-07
1 109 2.77243e-07
1 110 7.29539e-08
1 111 1.77345e-08
1 112 3.98349e-09
1 113 8.26871e-10
1 114 1.58617e-10
1 115 2.81161e-11
1 116 4.60412e-12
1 117 6.96344e-13
1 118 9.82153e-14
1 119 0

2 0 0
2 1 9.71799e-14
2 2 6.9942e-13
2 3 4.69462e-12
2 4 2.91009e-11
2 5 1.66622e-10
2 6 8.81364e-10
2 7 4.30703e-09
2 8 1.94423e-08
2 9 8.10495e-08
2 10 3.11907e-07
2 11 1.10755e-06
2 12 3.62682e-06
2 13 1.09457e-05
2 14 3.04254e-05
2 15 7.78435e-05
2 16 0.000183205
2 17 0.000396414
2 18 0.00078825
2 19 0.00143989
2 20 0.00241549
2 21 0.00371955
2 22 0.00525242
2 23 0.00678646
2 24 0.0079836
2 25 0.0084598
2 26 0.00788072
2 27 0.00605777
2 28 0.00301222
2 29 -0.001013
2 30 -0.0055954
2 31 -0.0102139
2 32 -0.0143441
2 33 -0.0175441
2 34 -0.019513
2 35 -0.020116
2 36 -0.0193778
2 37 -0.0174523
2 38 -0.0145809
2 39 -0.0110475
2 40 -0.00713964
2 41 -0.00311903
2 42 0.000797221
2 43 0.00444504
2 44 0.00771389
2 45 0.0105419
2 46 0.0129075
2 47 0.0148206
2 48 0.0163132
2 49 0.0174314
2 50 0.0182289
2 51 0.0187616
2 52 0.0190844
2 53 0.0192484
2 54 0.0192993
2 55 0.0192769
2 56 0.0192143
2 57 0.0191385
2 58 0.01907
2 59 0.0190231
2 60 0.0190066
2 61 0.0190231
2 62 0.01907
2 63 0.0191385
2 64 0.0192143
2 65 0.0192769
2 66 0.0192993
2 67 0.0192484
2 68 0.0190844
2 69 0.0187616
2 70 0.0182289
2 71 0.0174314
2 72 0.0163132
2 73 0.0148206
2 74 0.0129075
2 75 0.0105419
2 76 0.00771389
2 77 0.00444504
2 78 0.000797221
2 79 -0.00311903
2 80 -0.00713964
2 81 -0.0110475
2 82 -0.0145809
2 83 -0.0174523
2 84 -0.0193778
2 85 -0.020116
2 86 -0.019513
2 87 -0.0175441
2 88 -0.0143441
2 89 -0.0102139
2 90 -0.0055954
2 91 -0.001013
2 92 0.00301222
2 93 0.00605777
2 94 0.00788072
2 95 0.0084598
2 96 0.0079836
2 97 0.00678646
2 98 0.00525242
2 99 0.00371955
2 100 0.00241549
2 101 0.00143989
2 102 0.00078825
2 103 0.000396414
2 104 0.000183205
2 105 7.78435e-05
2 106 3.04254e-05
2 107 1.09457e-05
2 108 3.62682e-06
2 109 1.10755e-06
2 110 3.11907e-07
2 111 8.10495e-08
2 112 1.94423e-08
2 113 4.30703e-09
2 114 8.81364e-10
2 115 1.66622e-10
2 116 2.9101e-11
2 117 4.69565e-12
2 118 7.07874e-13
2 119 0

3 0 0
3 1 6.96226e-13
3 2 4.69462e-12
3 3 2.95797e-11
3 4 1.72192e-10
3 5 9.26021e-10
3 6 4.60037e-09
3 7 2.11076e-08
3 8 8.94124e-08
3 9 3.49504e-07
3 10 1.25985e-06
3 11 4.18475e-06
3 12 1.27972e-05
3 13 3.59943e-05
3 14 9.30169e-05
3 15 0.000220601
3 16 0.000479568
3 17 0.000954428
3 18 0.00173653
3 19 0.00288367
3 20 0.00436071
3 21 0.00598387
3 22 0.00740428
3 23 0.00815965
3 24 0.00779293
3 25 0.00600108
3 26 0.00275677
3 27 -0.00164523
3 28 -0.00663488
3 29 -0.0114894
3 30 -0.0154901
3 31 -0.0180658
3 32 -0.0188886
3 33 -0.0179052
3 34 -0.0153101
3 35 -0.0114775
3 36 -0.00687599
3 37 -0.00198647
3 38 0.00276267
3 39 0.00703638
3 40 0.01061
3 41 0.0133669
3 42 0.0152832
3 43 0.0164057
3 44 0.0168285
3 45 0.0166715
3 46 0.0160631
3 47 0.0151278
3 48 0.0139781
3 49 0.0127101
3 50 0.0114025
3 51 0.0101167
3 52 0.00889905
3 53 0.00778285
3 54 0.00679107
3 55 0.00593869
3 56 0.00523486
3 57 0.00468472
3 58 0.00429082
3 59 0.00405427
3 60 0.00397539
3 61 0.00405427
3 62 0.00429082
3 63 0.00468472
3 64 0.00523486
3 65 0.00593869
3 66 0.00679107
3 67 0.00778285
3 68 0.00889905
3 69 0.0101167
3 70 0.0114025
3 71 0.0127101
3 72 0.0139781
3 73 0.0151278
3 74 0.0160631
3 75 0.0166715
3 76 0.0168285
3 77 0.0164057
3 78 0.0152832
3 79 0.0133669
3 80 0.01061
3 81 0.00703638
3 82 0.00276267
3 83 -0.00198647
3 84 -0.00687599
3 85 -0.0114775
3 86 -0.0153101
3 87 -0.0179052
3 88 -0.0188886
3 89 -0.0180658
3 90 -0.0154901
3 91 -0.0114894
3 92 -0.00663488
3 93 -0.00164523
3 94 0.00275677
3 95 0.00600108
3 96 0.00779293
3 97 0.00815965
3 98 0.00740428
3 99 0.00598387
3 100 0.00436071
3 101 0.00288367
3 102 0.00173653
3 103 0.000954428
3 104 0.000479568
3 105 0.000220601
3 106 9.30169e-05
3 107 3.59943e-05
3 108 1.27972e-05
3 109 4.18475e-06
3 110 1.25985e-06
3 111 3.49504e-07
3 112 8.94124e-08
3 113 2.11076e-08
3 114 4.60037e-09
3 115 9.26021e-10
3 116 1.72193e-10
3 117 2.95881e-11
3 118 4.7587e-12
3 119 0

4 0 0
4 1 4.6041e-12
4 2 2.91009e-11
4 3 1.72192e-10
4 4 9.41534e-10
4 5 4.75571e-09
4 6 2.21833e-08
4 7 9.55152e-08
4 8 3.79387e-07
4 9 1.38904e-06
4 10 4.68337e-06
4 11 1.45254e-05
4 12 4.13873e-05
4 13 0.000108182
4 14 0.000258994
4 15 0.000566875
4 16 0.00113203
4 17 0.00205755
4 18 0.00339344
4 19 0.00505708
4 20 0.00676501
4 21 0.00802927
4 22 0.00825596
4 23 0.00693332
4 24 0.00383904
4 25 -0.000824987
4 26 -0.00643251
4 27 -0.0120697
4 28 -0.0167563
4 29 -0.0196744
4 30 -0.0203347
4 31 -0.0186454
4 32 -0.014882
4 33 -0.00958776
4 34 -0.00344129
4 35 0.00287078
4 36 0.00875244
4 37 0.0137575
4 38 0.0176099
4 39 0.0201947
4 40 0.0215294
4 41 0.0217275
4 42 0.0209616
4 43 0.0194314
4 44 0.01734
4 45 0.0148762
4 46 0.0122053
4 47 0.00946446
4 48 0.00676184
4 49 0.00417875
4 50 0.00177281
4 51 -0.000418154
4 52 -0.00237206
4 53 -0.00407882
4 54 -0.00553694
4 55 -0.00675055
4 56 -0.007727
4 57 -0.00847481
4 58 -0.00900217
4 59 -0.00931571
4 60 -0.00941973
4 61 -0.00931571
4 62 -0.00900217
4 63 -0.00847481
4 64 -0.007727
4 65 -0.00675055
4 66 -0.00553694
4 67 -0.00407882
4 68 -0.00237206
4 69 -0.000418154
4 70 0.00177281
4 71 0.00417875
4 72 0.00676184
4 73 0.00946446
4 74 0.0122053
4 75 0.0148762
4 76 0.01734
4 77 0.0194314
4 78 0.0209616
4 79 0.0217275
4 80 0.0215294
4 81 0.0201947
4 82 0.0176099
4 83 0.0137575
4 84 0.00875244
4 85 0.00287078
4 86 -0.00344129
4 87 -0.00958776
4 88 -0.014882
4 89 -0.0186454
4 90 -0.0203347
4 91 -0.0196744
4 92 -0.0167563
4 93 -0.0120697
4 94 -0.00643251
4 95 -0.000824987
4 96 0.00383904
4 97 0.00693332
4 98 0.00825596
4 99 0.00802927
4 100 0.00676501
4 101 0.00505708
4 102 0.00339344
4 103 0.00205755
4 104 0.00113203
4 105 0.000566875
4 106 0.000258994
4 107 0.000108182
4 108 4.13873e-05
4 109 1.45254e-05
4 110 4.68337e-06
4 111 1.38904e-06
4 112 3.79387e-07
4 113 9.55152e-08
4 114 2.21833e-08
4 115 4.75571e-09
4 116 9.41542e-10
4 117 1.72254e-10
4 118 2.95484e-11
4 119 0

5 0 0
5 1 2.81161e-11
5 2 1.66622e-10
5 3 9.26021e-10
5 4 4.75571e-09
5 5 2.2554e-08
5 6 9.87212e-08
5 7 3.9853e-07
5 8 1.48244e-06
5 9 5.07542e-06
5 10 1.59724e-05
5 11 4.61315e-05
5 12 0.000122061
5 13 0.000295259
5 14 0.000651386
5 15 0.0013069
5 16 0.00237633
5 17 0.00389816
5 18 0.00573214
5 19 0.00747913
5 20 0.00849908
5 21 0.00807508
5 22 0.00568856
5 23 0.00128518
5 24 -0.00460688
5 25 -0.010973
5 26 -0.0165832
5 27 -0.0203256
5 28 -0.0214793
5 29 -0.0198483
5 30 -0.0157396
5 31 -0.00982511
5 32 -0.00295291
5 33 0.0040342
5 34 0.010431
5 35 0.0157396
5 36 0.0196823
5 37 0.0221746
5 38 0.0232779
5 39 0.023148
5 40 0.0219896
5 41 0.0200228
5 42 0.0174599
5 43 0.0144931
5 44 0.0112887
5 45 0.00798561
5 46 0.00469664
5 47 0.00151064
5 48 -0.001505
5 49 -0.00430173
5 50 -0.00684723
5 51 -0.00912293
5 52 -0.0111214
5 53 -0.0128441
5 54 -0.0142984
5 55 -0.0154962
5 56 -0.0164509
5 57 -0.0171763
5 58 -0.0176846
5 59 -0.0179855
5 60 -0.0180851
5 61 -0.0179855
5 62 -0.0176846
5 63 -0.0171763
5 64 -0.0164509
5 65 -0.0154962
5 66 -0.0142984
5 67 -0.0128441
5 68 -0.0111214
5 69 -0.00912293
5 70 -0.00684723
5 71 -0.00430173
5 72 -0.001505
5 73 0.00151064
5 74 0.00469664
5 75 0.00798561
5 76 0.0112887
5 77 0.0144931
5 78 0.0174599
5 79 0.0200228
5 80 0.0219896
5 81 0.023148
5 82 0.0232779
5 83 0.0221746
5 84 0.0196823
5 85 0.0157396
5 86 0.010431
5 87 0.0040342
5 88 -0.00295291
5 89 -0.00982511
5 90 -0.0157396
5 91 -0.0198483
5 92 -0.0214793
5 93 -0.0203256
5 94 -0.0165832
5 95 -0.010973
5 96 -0.00460688
5 97 0.00128518
5 98 0.00568856
5 99 0.00807508
5 100 0.00849908
5 101 0.00747913
5 102 0.00573214
5 103 0.00389816
5 104 0.00237633
5 105 0.0013069
5 106 0.000651386
5 107 0.000295259
5 108 0.000122061
5 109 4.61315e-05
5 110 1.59724e-05
5 111 5.07542e-06
5 112 1.48244e-06
5 113 3.9853e-07
5 114 9.87212e-08
5 115 2.2554e-08
5 116 4.75577e-09
5 117 9.26449e-10
5 118 1.69504e-10
5 119 0

6 0 0
6 1 1.58617e-10
6 2 8.81364e-10
6 3 4.60037e-09
6 4 2.21833e-08
6 5 9.87212e-08
6 6 4.05122e-07
6 7 1.53145e-06
6 8 5.3261e-06
6 9 1.70155e-05
6 10 4.98451e-05
6 11 0.000133604
6 12 0.000326846
6 13 0.000727603
6 14 0.00146856
6 15 0.00267511
6 16 0.004371
6 17 0.00634952
6 18 0.00808181
6 19 0.00876613
6 20 0.00757761
6 21 0.00404968
6 22 -0.00160642
6 23 -0.00844137
6 24 -0.015022
6 25 -0.0198796
6 26 -0.0219478
6 27 -0.0208257
6 28 -0.0167998
6 29 -0.0106685
6 30 -0.00346978
6 31 0.0037806
6 32 0.0102728
6 33 0.0154854
6 34 0.0191799
6 35 0.0213428
6 36 0.022107
6 37 0.0216797
6 38 0.0202894
6 39 0.0181542
6 40 0.0154679
6 41 0.0123976
6 42 0.00908667
6 43 0.00565867
6 44 0.0022204
6 45 -0.00113678
6 46 -0.00433691
6 47 -0.00732002
6 48 -0.0100425
6 49 -0.0124768
6 50 -0.0146105
6 51 -0.0164443
6 52 -0.0179897
6 53 -0.0192661
6 54 -0.0202979
6 55 -0.0211118
6 56 -0.0217346
6 57 -0.0221906
6 58 -0.0225006
6 59 -0.0226801
6 60 -0.0227389
6 61 -0.0226801
6 62 -0.0225006
6 63 -0.0221906
6 64 -0.0217346
6 65 -0.0211118
6 66 -0.0202979
6 67 -0.0192661
6 68 -0.0179897
6 69 -0.0164443
6 70 -0.0146105
6 71 -0.0124768
6 72 -0.0100425
6 73 -0.00732002
6 74 -0.00433691
6 75 -0.00113678
6 76 0.0022204
6 77 0.00565867
6 78 0.00908667
6 79 0.0123976
6 80 0.0154679
6 81 0.0181542
6 82 0.0202894
6 83 0.0216797
6 84 0.022107
6 85 0.0213428
6 86 0.0191799
6 87 0.0154854
6 88 0.0102728
6 89 0.0037806
6 90 -0.00346978
6 91 -0.0106685
6 92 -0.0167998
6 93 -0.0208257
6 94 -0.0219478
6 95 -0.0198796
6 96 -0.015022
6 97 -0.00844137
6 98 -0.00160642
6 99 0.00404968
6 100 0.00757761
6 101 0.00876613
6 102 0.00808181
6 103 0.00634952
6 104 0.004371
6 105 0.00267511
6 106 0.00146856
6 107 0.000727603
6 108 0.000326846
6 109 0.000133604
6 110 4.98451e-05
6 111 1.70155e-05
6 112 5.3261e-06
6 113 1.53145e-06
6 114 4.05122e-07
6 115 9.87213e-08
6 116 2.21837e-08
6 117 4.60309e-09
6 118 8.98472e-10
6 119 0

7 0 0
7 1 8.26871e-10
7 2 4.30703e-09
7 3 2.11076e-08
7 4 9.55152e-08
7 5 3.9853e-07
7 6 1.53145e-06
7 7 5.41236e-06
7 8 1.7562e-05
7 9 5.22132e-05
7 10 0.000141888
7 11 0.000351398
7 12 0.000790309
7 13 0.00160702
7 14 0.00293759
7 15 0.00478982
7 16 0.00688582
7 17 0.00855818
7 18 0.00883897
7 19 0.00681436
7 20 0.00213
7 21 -0.00464597
7 22 -0.0120728
7 23 -0.0183181
7 24 -0.0218121
7 25 -0.021749
7 26 -0.0182461
7 27 -0.0121678
7 28 -0.00475561
7 29 0.00275665
7 30 0.00940949
7 31 0.0146266
7 32 0.0181905
7 33 0.0201415
7 34 0.0206633
7 35 0.0199894
7 36 0.0183483
7 37 0.0159424
7 38 0.0129485
7 39 0.00952778
7 40 0.0058341
7 41 0.00201767
7 42 -0.00177741
7 43 -0.00541937
7 44 -0.00879618
7 45 -0.0118215
7 46 -0.0144382
7 47 -0.0166188
7 48 -0.0183632
7 49 -0.019694
7 50 -0.020651
7 51 -0.021286
7 52 -0.0216566
7 53 -0.0218222
7 54 -0.0218399
7 55 -0.0217622
7 56 -0.021635
7 57 -0.0214962
7 58 -0.0213757
7 59 -0.0212949
7 60 -0.0212666
7 61 -0.0212949
7 62 -0.0213757
7 63 -0.0214962
7 64 -0.021635
7 65 -0.0217622
7 66 -0.0218399
7 67 -0.0218222
7 68 -0.0216566
7 69 -0.021286
7 70 -0.020651
7 71 -0.019694
7 72 -0.0183632
7 73 -0.0166188
7 74 -0.0144382
7 75 -0.0118215
7 76 -0.00879618
7 77 -0.00541937
7 78 -0.00177741
7 79 0.00201767
7 80 0.0058341
7 81 0.00952778
7 82 0.0129485
7 83 0.0159424
7 84 0.0183483
7 85 0.0199894
7 86 0.0206633
7 87 0.0201415
7 88 0.0181905
7 89 0.0146266
7 90 0.00940949
7 91 0.00275665
7 92 -0.00475561
7 93 -0.0121678
7 94 -0.0182461
7 95 -0.021749
7 96 -0.0218121
7 97 -0.0183181
7 98 -0.0120728
7 99 -0.00464597
7 100 0.00213
7 101 0.00681436
7 102 0.00883897
7 103 0.00855818
7 104 0.00688582
7 105 0.00478982
7 106 0.00293759
7 107 0.00160702
7 108 0.000790309
7 109 0.000351398
7 110 0.000141888
7 111 5.22132e-05
7 112 1.7562e-05
7 113 5.41236e-06
7 114 1.53145e-06
7 115 3.9853e-07
7 116 9.55177e-08
7 117 2.11234e-08
7 118 4.40076e-09
7 119 0

8 0 0
8 1 3.98349e-09
8 2 1.94423e-08
8 3 8.94124e-08
8 4 3.79387e-07
8 5 1.48244e-06
8 6 5.3261e-06
8 7 1.7562e-05
8 8 5.30269e-05
8 9 0.000146217
8 10 0.000366981
8 11 0.000834958
8 12 0.00171326
8 13 0.003149
8 14 0.00513571
8 15 0.00732525
8 16 0.00891015
8 17 0.00875688
8 18 0.00588123
8 19 9.34076e-05
8 20 -0.00760779
8 21 -0.0152528
8 22 -0.0206785
8 23 -0.0223994
8 24 -0.0200887
8 25 -0.014511
8 26 -0.00707175
8 27 0.000735396
8 28 0.00774223
8 29 0.0132697
8 30 0.0170812
8 31 0.0192309
8 32 0.0199001
8 33 0.0192873
8 34 0.0175655
8 35 0.0148868
8 36 0.0114088
8 37 0.00731805
8 38 0.0028369
8 39 -0.00178602
8 40 -0.00629771
8 41 -0.0104665
8 42 -0.0141036
8 43 -0.0170778
8 44 -0.01932
8 45 -0.0208204
8 46 -0.021619
8 47 -0.0217932
8 48 -0.0214445
8 49 -0.0206859
8 50 -0.0196321
8 51 -0.0183915
8 52 -0.0170614
8 53 -0.0157257
8 54 -0.0144534
8 55 -0.0132996
8 56 -0.0123067
8 57 -0.0115062
8 58 -0.01092
8 59 -0.0105629
8 60 -0.010443
8 61 -0.0105629
8 62 -0.01092
8 63 -0.0115062
8 64 -0.0123067
8 65 -0.0132996
8 66 -0.0144534
8 67 -0.0157257
8 68 -0.0170614
8 69 -0.0183915
8 70 -0.0196321
8 71 -0.0206859
8 72 -0.0214445
8 73 -0.0217932
8 74 -0.021619
8 75 -0.0208204
8 76 -0.01932
8 77 -0.0170778
8 78 -0.0141036
8 79 -0.0104665
8 80 -0.00629771
8 81 -0.00178602
8 82 0.0028369
8 83 0.00731805
8 84 0.0114088
8 85 0.0148868
8 86 0.0175655
8 87 0.0192873
8 88 0.0199001
8 89 0.0192309
8 90 0.0170812
8 91 0.0132697
8 92 0.00774223
8 93 0.000735396
8 94 -0.00707175
8 95 -0.014511
8 96 -0.0200887
8 97 -0.0223994
8 98 -0.0206785
8 99 -0.0152528
8 100 -0.00760779
8 101 9.34076e-05
8 102 0.00588123
8 103 0.00875688
8 104 0.00891015
8 105 0.00732525
8 106 0.00513571
8 107 0.003149
8 108 0.00171326
8 109 0.000834958
8 110 0.000366981
8 111 0.000146217
8 112 5.30269e-05
8 113 1.7562e-05
8 114 5.3261e-06
8 115 1.48244e-06
8 116 3.79402e-07
8 117 8.94978e-08
8 118 1.99161e-08
8 119 0

9 0 0
9 1 1.77345e-08
9 2 8.10495e-08
9 3 3.49504e-07
9 4 1.38904e-06
9 5 5.07542e-06
9 6 1.70155e-05
9 7 5.22132e-05
9 8 0.000146217
9 9 0.000372323
9 10 0.000858178
9 11 0.0017801
9 12 0.00329719
9 13 0.00539356
9 14 0.00765856
9 15 0.0091514
9 16 0.00857775
9 17 0.00489529
9 18 -0.00188725
9 19 -0.0102937
9 20 -0.0178202
9 21 -0.0220739
9 22 -0.0218532
9 23 -0.0174912
9 24 -0.0104223
9 25 -0.00241935
9 26 0.00505209
9 27 0.0111379
9 28 0.0155457
9 29 0.0183093
9 30 0.0195622
9 31 0.0194077
9 32 0.0178988
9 33 0.015096
9 34 0.0111329
9 35 0.00625247
9 36 0.000805491
9 37 -0.00479294
9 38 -0.0101215
9 39 -0.0148079
9 40 -0.0185727
9 41 -0.0212483
9 42 -0.02278
9 43 -0.0232118
9 44 -0.0226613
9 45 -0.0212946
9 46 -0.0193
9 47 -0.0168681
9 48 -0.0141764
9 49 -0.0113796
9 50 -0.00860548
9 51 -0.00595335
9 52 -0.00349671
9 53 -0.0012855
9 54 0.000648411
9 55 0.002288
9 56 0.00362591
9 57 0.00466152
9 58 0.00539733
9 59 0.00583695
9 60 0.00598313
9 61 0.00583695
9 62 0.00539733
9 63 0.00466152
9 64 0.00362591
9 65 0.002288
9 66 0.000648411
9 67 -0.0012855
9 68 -0.00349671
9 69 -0.00595335
9 70 -0.00860548
9 71 -0.0113796
9 72 -0.0141764
9 73 -0.0168681
9 74 -0.0193
9 75 -0.0212946
9 76 -0.0226613
9 77 -0.0232118
9 78 -0.02278
9 79 -0.0212483
9 80 -0.0185727
9 81 -0.0148079
9 82 -0.0101215
9 83 -0.00479294
9 84 0.000805491
9 85 0.00625247
9 86 0.0111329
9 87 0.015096
9 88 0.0178988
9 89 0.0194077
9 90 0.0195622
9 91 0.0183093
9 92 0.0155457
9 93 0.0111379
9 94 0.00505209
9 95 -0.00241935
9 96 -0.0104223
9 97 -0.0174912
9 98 -0.0218532
9 99 -0.0220739
9 100 -0.0178202
9 101 -0.0102937
9 102 -0.00188725
9 103 0.00489529
9 104 0.00857775
9 105 0.0091514
9 106 0.00765856
9 107 0.00539356
9 108 0.00329719
9 109 0.0017801
9 110 0.000858178
9 111 0.000372323
9 112 0.000146217
9 113 5.22132e-05
9 114 1.70155e-05
9 115 5.07543e-06
9 116 1.38912e-06
9 117 3.49928e-07
9 118 8.32596e-08
9 119 0

10 0 0
10 1 7.29539e-08
10 2 3.11907e-07
10 3 1.25985e-06
10 4 4.68337e-06
10 5 1.59724e-05
10 6 4.98451e-05
10 7 0.000141888
10 8 0.000366981
10 9 0.000858178
10 10 0.00180291
10 11 0.00337352
10 12 0.00555255
10 13 0.00788155
10 14 0.00930201
10 15 0.00836699
10 16 0.00397693
10 17 -0.00365509
10 18 -0.0125625
10 19 -0.0197257
10 20 -0.0226276
10 21 -0.0205268
10 22 -0.0145282
10 23 -0.00664382
10 24 0.0012618
10 25 0.00803454
10 26 0.0132581
10 27 0.0169408
10 28 0.0191489
10 29 0.0198366
10 30 0.0188792
10 31 0.0161944
10 32 0.011876
10 33 0.00625635
10 34 -0.000134507
10 35 -0.00665898
10 36 -0.0126865
10 37 -0.0176979
10 38 -0.0213398
10 39 -0.0234477
10 40 -0.02403
10 41 -0.023227
10 42 -0.0212697
10 43 -0.0184307
10 44 -0.01499
10 45 -0.0112075
10 46 -0.00730554
10 47 -0.00346396
10 48 0.000184674
10 49 0.00354791
10 50 0.00657086
10 51 0.00922721
10 52 0.011513
10 53 0.0134405
10 54 0.015031
10 55 0.0163126
10 56 0.0173128
10 57 0.0180595
10 58 0.0185748
10 59 0.018877
10 60 0.0189762
10 61 0.018877
10 62 0.0185748
10 63 0.0180595
10 64 0.0173128
10 65 0.0163126
10 66 0.015031
10 67 0.0134405
10 68 0.011513
10 69 0.00922721
10 70 0.00657086
10 71 0.00354791
10 72 0.000184674
10 73 -0.00346396
10 74 -0.00730554
10 75 -0.0112075
10 76 -0.01499
10 77 -0.0184307
10 78 -0.0212697
10 79 -0.023227
10 80 -0.02403
10 81 -0.0234477
10 82 -0.0213398
10 83 -0.0176979
10 84 -0.0126865
10 85 -0.00665898
10 86 -0.000134507
10 87 0.00625635
10 88 0.011876
10 89 0.0161944
10 90 0.0188792
10 91 0.0198366
10 92 0.0191489
10 93 0.0169408
10 94 0.0132581
10 95 0.00803454
10 96 0.0012618
10 97 -0.00664382
10 98 -0.0145282
10 99 -0.0205268
10 100 -0.0226276
10 101 -0.0197257
10 102 -0.0125625
10 103 -0.00365509
10 104 0.00397693
10 105 0.00836699
10 106 0.00930201
10 107 0.00788155
10 108 0.00555255
10 109 0.00337352
10 110 0.00180291
10 111 0.000858178
10 112 0.000366981
10 113 0.000141888
10 114 4.98451e-05
10 115 1.59725e-05
10 116 4.68374e-06
10 117 1.2618e-06
10 118 3.21417e-07
10 119 0

11 0 0
11 1 2.77243e-07
11 2 1.10755e-06
11 3 4.18475e-06
11 4 1.45254e-05
11 5 4.61315e-05
11 6 0.000133604
11 7 0.000351398
11 8 0.000834958
11 9 0.0017801
11 10 0.00337352
11 11 0.00560626
11 12 0.00799305
11 13 0.00938234
11 14 0.00818621
11 15 0.00323464
11 16 -0.00508371
11 17 -0.0143367
11 18 -0.0210189
11 19 -0.0225681
11 20 -0.0188216
11 21 -0.0116902
11 22 -0.00358617
11 23 0.00384658
11 24 0.00996404
11 25 0.0147175
11 26 0.0181478
11 27 0.0200598
11 28 0.0200633
11 29 0.017861
11 30 0.013468
11 31 0.00729232
11 32 8.63451e-05
11 33 -0.00724759
11 34 -0.0138556
11 35 -0.0190673
11 36 -0.0224887
11 37 -0.0239982
11 38 -0.0236956
11 39 -0.021845
11 40 -0.0187879
11 41 -0.014892
11 42 -0.010506
11 43 -0.0059274
11 44 -0.00140132
11 45 0.00289383
11 46 0.0068321
11 47 0.0103384
11 48 0.0133788
11 49 0.0159481
11 50 0.018069
11 51 0.0197752
11 52 0.0211161
11 53 0.0221408
11 54 0.0229038
11 55 0.0234538
11 56 0.0238376
11 57 0.0240934
11 58 0.0242532
11 59 0.0243398
11 60 0.0243671
11 61 0.0243398
11 62 0.0242532
11 63 0.0240934
11 64 0.0238376
11 65 0.0234538
11 66 0.0229038
11 67 0.0221408
11 68 0.0211161
11 69 0.0197752
11 70 0.018069
11 71 0.0159481
11 72 0.0133788
11 73 0.0103384
11 74 0.0068321
11 75 0.00289383
11 76 -0.00140132
11 77 -0.0059274
11 78 -0.010506
11 79 -0.014892
11 80 -0.0187879
11 81 -0.021845
11 82 -0.0236956
11 83 -0.0239982
11 84 -0.0224887
11 85 -0.0190673
11 86 -0.0138556
11 87 -0.00724759
11 88 8.63451e-05
11 89 0.00729232
11 90 0.013468
11 91 0.017861
11 92 0.0200633
11 93 0.0200598
11 94 0.0181478
11 95 0.0147175
11 96 0.00996404
11 97 0.00384658
11 98 -0.00358617
11 99 -0.0116902
11 100 -0.0188216
11 101 -0.0225681
11 102 -0.0210189
11 103 -0.0143367
11 104 -0.00508371
11 105 0.00323464
11 106 0.00818621
11 107 0.00938234
11 108 0.00799305
11 109 0.00560626
11 110 0.00337352
11 111 0.0017801
11 112 0.000834958
11 113 0.000351398
11 114 0.000133604
11 115 4.61318e-05
11 116 1.4527e-05
11 117 4.19299e-06
11 118 1.14529e-06
11 119 0

12 0 0
12 1 9.73043e-07
12 2 3.62682e-06
12 3 1.27972e-05
12 4 4.13873e-05
12 5 0.000122061
12 6 0.000326846
12 7 0.000790309
12 8 0.00171326
12 9 0.00329719
12 10 0.00555255
12 11 0.00799305
12 12 0.0094073
12 13 0.00808293
12 14 0.00275338
12 15 -0.00608248
12 16 -0.0155911
12 17 -0.0218138
12 18 -0.0221659
12 19 -0.0170997
12 20 -0.00930209
12 21 -0.00138482
12 22 0.00550598
12 23 0.011301
12 24 0.0160582
12 25 0.0194917
12 26 0.0209569
12 27 0.0197841
12 28 0.0157801
12 29 0.0094077
12 30 0.00160943
12 31 -0.00642947
12 32 -0.0135919
12 33 -0.0190832
12 34 -0.0224683
12 35 -0.0236669
12 36 -0.0228791
12 37 -0.0204433
12 38 -0.0167787
12 39 -0.0123026
12 40 -0.00738347
12 41 -0.00234832
12 42 0.00255469
12 43 0.00712844
12 44 0.0112346
12 45 0.0147915
12 46 0.0177503
12 47 0.0201141
12 48 0.0219028
12 49 0.0231714
12 50 0.0239833
12 51 0.0244153
12 52 0.0245488
12 53 0.0244596
12 54 0.0242267
12 55 0.0239111
12 56 0.0235769
12 57 0.0232648
12 58 0.0230186
12 59 0.0228577
12 60 0.0228046
12 61 0.0228577
12 62 0.0230186
12 63 0.0232648
12 64 0.0235769
12 65 0.0239111
12 66 0.0242267
12 67 0.0244596
12 68 0.0245488
12 69 0.0244153
12 70 0.0239833
12 71 0.0231714
12 72 0.0219028
12 73 0.0201141
12 74 0.0177503
12 75 0.0147915
12 76 0.0112346
12 77 0.00712844
12 78 0.00255469
12 79 -0.00234832
12 80 -0.00738347
12 81 -0.0123026
12 82 -0.0167787
12 83 -0.0204433
12 84 -0.0228791
12 85 -0.0236669
12 86 -0.0224683
12 87 -0.0190832
12 88 -0.0135919
12 89 -0.00642947
12 90 0.00160943
12 91 0.0094077
12 92 0.0157801
12 93 0.0197841
12 94 0.0209569
12 95 0.0194917
12 96 0.0160582
12 97 0.011301
12 98 0.00550598
12 99 -0.00138482
12 100 -0.00930209
12 101 -0.0170997
12 102 -0.0221659
12 103 -0.0218138
12 104 -0.0155911
12 105 -0.00608248
12 106 0.00275338
12 107 0.00808293
12 108 0.0094073
12 109 0.00799305
12 110 0.00555255
12 111 0.00329719
12 112 0.00171326
12 113 0.000790309
12 114 0.000326846
12 115 0.000122062
12 116 4.13942e-05
12 117 1.28294e-05
12 118 3.76491e-06
12 119 0

13 0 0
13 1 3.15301e-06
13 2 1.09457e-05
13 3 3.59943e-05
13 4 0.000108182
13 5 0.000295259
13 6 0.000727603
13 7 0.00160702
13 8 0.003149
13 9 0.00539356
13 10 0.00788155
13 11 0.00938234
13 12 0.00808293
13 13 0.00258684
13 14 -0.00659508
13 15 -0.0163328
13 16 -0.0222451
13 17 -0.0216759
13 18 -0.0156313
13 19 -0.00750804
13 20 3.61971e-05
13 21 0.00653515
13 22 0.0124381
13 23 0.017536
13 24 0.0208849
13 25 0.0214355
13 26 0.0185605
13 27 0.0125297
13 28 0.00449827
13 29 -0.00408169
13 30 -0.0118736
13 31 -0.0178726
13 32 -0.0216131
13 33 -0.0230404
13 34 -0.0223382
13 35 -0.0198878
13 36 -0.0160893
13 37 -0.0113362
13 38 -0.00603121
13 39 -0.000502207
13 40 0.00492815
13 41 0.00999123
13 42 0.0144853
13 43 0.0182379
13 44 0.0211775
13 45 0.023262
13 46 0.0245254
13 47 0.025041
13 48 0.0249045
13 49 0.0242524
13 50 0.0231985
13 51 0.0218878
13 52 0.0204223
13 53 0.0189214
13 54 0.0174616
13 55 0.0161247
13 56 0.0149608
13 57 0.0140173
13 58 0.0133224
13 59 0.0128978
13 60 0.0127551
13 61 0.0128978
13 62 0.0133224
13 63 0.0140173
13 64 0.0149608
13 65 0.0161247
13 66 0.0174616
13 67 0.0189214
13 68 0.0204223
13 69 0.0218878
13 70 0.0231985
13 71 0.0242524
13 72 0.0249045
13 73 0.025041
13 74 0.0245254
13 75 0.023262
13 76 0.0211775
13 77 0.0182379
13 78 0.0144853
13 79 0.00999123
13 80 0.00492815
13 81 -0.000502207
13 82 -0.00603121
13 83 -0.0113362
13 84 -0.0160893
13 85 -0.0198878
13 86 -0.0223382
13 87 -0.0230404
13 88 -0.0216131
13 89 -0.0178726
13 90 -0.0118736
13 91 -0.00408169
13 92 0.00449827
13 93 0.0125297
13 94 0.0185605
13 95 0.0214355
13 96 0.0208849
13 97 0.017536
13 98 0.0124381
13 99 0.00653515
13 100 3.61971e-05
13 101 -0.00750804
13 102 -0.0156313
13 103 -0.0216759
13 104 -0.0222451
13 105 -0.0163328
13 106 -0.00659508
13 107 0.00258684
13 108 0.00808293
13 109 0.00938234
13 110 0.00788155
13 111 0.00539356
13 112 0.003149
13 113 0.00160702
13 114 0.000727604
13 115 0.000295265
13 116 0.000108208
13 117 3.61105e-05
13 118 1.14112e-05
13 119 0

14 0 0
14 1 9.42961e-06
14 2 3.04254e-05
14 3 9.30169e-05
14 4 0.000258994
14 5 0.000651386
14 6 0.00146856
14 7 0.00293759
14 8 0.00513571
14 9 0.00765856
14 10 0.00930201
14 11 0.00818621
14 12 0.00275338
14 13 -0.00659508
14 14 -0.0165776
14 15 -0.0224281
14 16 -0.0212986
14 17 -0.0145847
14 18 -0.00631132
14 19 0.000860666
14 20 0.00719866
14 21 0.013561
14 22 0.0191123
14 23 0.0220308
14 24 0.0211493
14 25 0.0163704
14 26 0.00864579
14 27 -0.000244051
14 28 -0.00861801
14 29 -0.0154145
14 30 -0.0199969
14 31 -0.0222152
14 32 -0.0222685
14 33 -0.0203494
14 34 -0.016776
14 35 -0.0119296
14 36 -0.0061488
14 37 8.52246e-05
14 38 0.00633019
14 39 0.0121741
14 40 0.0172058
14 41 0.0211995
14 42 0.0239667
14 43 0.0254775
14 44 0.0258038
14 45 0.0250532
14 46 0.0234517
14 47 0.0211694
14 48 0.0184528
14 49 0.0154743
14 50 0.0124167
14 51 0.00942085
14 52 0.00658341
14 53 0.00400433
14 54 0.00170911
14 55 -0.000236491
14 56 -0.00185062
14 57 -0.00308831
14 58 -0.00398687
14 59 -0.00450914
14 60 -0.00469589
14 61 -0.00450914
14 62 -0.00398687
14 63 -0.00308831
14 64 -0.00185062
14 65 -0.000236491
14 66 0.00170911
14 67 0.00400433
14 68 0.00658341
14 69 0.00942085
14 70 0.0124167
14 71 0.0154743
14 72 0.0184528
14 73 0.0211694
14 74 0.0234517
14 75 0.0250532
14 76 0.0258038
14 77 0.0254775
14 78 0.0239667
14 79 0.0211995
14 80 0.0172058
14 81 0.0121741
14 82 0.00633019
14 83 8.52246e-05
14 84 -0.0061488
14 85 -0.0119296
14 86 -0.016776
14 87 -0.0203494
14 88 -0.0222685
14 89 -0.0222152
14 90 -0.0199969
14 91 -0.0154145
14 92 -0.00861801
14 93 -0.000244051
14 94 0.00864579
14 95 0.0163704
14 96 0.0211493
14 97 0.0220308
14 98 0.0191123
14 99 0.013561
14 100 0.00719866
14 101 0.000860666
14 102 -0.00631132
14 103 -0.0145847
14 104 -0.0212986
14 105 -0.0224281
14 106 -0.0165776
14 107 -0.00659508
14 108 0.00275338
14 109 0.00818621
14 110 0.00930201
14 111 0.00765856
14 112 0.00513571
14 113 0.00293759
14 114 0.00146857
14 115 0.000651407
14 116 0.000259088
14 117 9.34029e-05
14 118 3.18706e-05
14 119 0

15 0 0
15 1 2.60199e-05
15 2 7.78435e-05
15 3 0.000220601
15 4 0.000566875
15 5 0.0013069
15 6 0.00267511
15 7 0.00478982
15 8 0.00732525
15 9 0.0091514
15 10 0.00836699
15 11 0.00323464
15 12 -0.00608248
15 13 -0.0163328
15 14 -0.0224281
15 15 -0.0211587
15 16 -0.0140453
15 17 -0.0056431
15 18 0.00128507
15 19 0.0076495
15 20 0.0146416
15 21 0.0205871
15 22 0.0226909
15 23 0.0200685
15 24 0.0136522
15 25 0.00500236
15 26 -0.00391785
15 27 -0.011535
15 28 -0.0173093
15 29 -0.0209666
15 30 -0.0223015
15 31 -0.0214761
15 32 -0.0185484
15 33 -0.0136838
15 34 -0.00744358
15 35 -0.000337029
15 36 0.00693373
15 37 0.0136135
15 38 0.019233
15 39 0.0233023
15 40 0.0256607
15 41 0.0263243
15 42 0.0253707
15 43 0.0231474
15 44 0.0198792
15 45 0.0159514
15 46 0.0116462
15 47 0.00721163
15 48 0.0029079
15 49 -0.00118009
15 50 -0.00486313
15 51 -0.00816763
15 52 -0.0109878
15 53 -0.0133978
15 54 -0.0153605
15 55 -0.0169524
15 56 -0.0181786
15 57 -0.0190948
15 58 -0.0197222
15 59 -0.0200882
15 60 -0.0202099
15 61 -0.0200882
15 62 -0.0197222
15 63 -0.0190948
15 64 -0.0181786
15 65 -0.0169524
15 66 -0.0153605
15 67 -0.0133978
15 68 -0.0109878
15 69 -0.00816763
15 70 -0.00486313
15 71 -0.00118009
15 72 0.0029079
15 73 0.00721163
15 74 0.0116462
15 75 0.0159514
15 76 0.0198792
15 77 0.0231474
15 78 0.0253707
15 79 0.0263243
15 80 0.0256607
15 81 0.0233023
15 82 0.019233
15 83 0.0136135
15 84 0.00693373
15 85 -0.000337029
15 86 -0.00744358
15 87 -0.0136838
15 88 -0.0185484
15 89 -0.0214761
15 90 -0.0223015
15 91 -0.0209666
15 92 -0.0173093
15 93 -0.011535
15 94 -0.00391785
15 95 0.00500236
15 96 0.0136522
15 97 0.0200685
15 98 0.0226909
15 99 0.0205871
15 100 0.0146416
15 101 0.0076495
15 102 0.00128507
15 103 -0.0056431
15 104 -0.0140453
15 105 -0.0211587
15 106 -0.0224281
15 107 -0.0163328
15 108 -0.00608248
15 109 0.00323464
15 110 0.00836699
15 111 0.0091514
15 112 0.00732525
15 113 0.00478983
15 114 0.00267513
15 115 0.00130698
15 116 0.000567184
15 117 0.000221783
15 118 8.19725e-05
15 119 0

16 0 0
16 1 6.62305e-05
16 2 0.000183205
16 3 0.000479568
16 4 0.00113203
16 5 0.00237633
16 6 0.004371
16 7 0.00688582
16 8 0.00891015
16 9 0.00857775
16 10 0.00397693
16 11 -0.00508371
16 12 -0.0155911
16 13 -0.0222451
16 14 -0.0212986
16 15 -0.0140453
16 16 -0.00543033
16 17 0.00145864
16 18 0.00793075
16 19 0.0155203
16 20 0.0217535
16 21 0.0228487
16 22 0.0184981
16 23 0.0110377
16 24 0.00231664
16 25 -0.00621964
16 26 -0.0132419
16 27 -0.0185051
16 28 -0.0218811
16 29 -0.0226612
16 30 -0.0207612
16 31 -0.0163915
16 32 -0.00974534
16 33 -0.00184167
16 34 0.00632374
16 35 0.0139487
16 36 0.0200069
16 37 0.0241465
16 38 0.0261443
16 39 0.0259418
16 40 0.0239967
16 41 0.0205003
16 42 0.0160074
16 43 0.0109185
16 44 0.00553575
16 45 0.000316699
16 46 -0.00468742
16 47 -0.00913581
16 48 -0.0130844
16 49 -0.0163965
16 50 -0.0191198
16 51 -0.0213075
16 52 -0.0229536
16 53 -0.0242346
16 54 -0.02509
16 55 -0.0257493
16 56 -0.0261107
16 57 -0.0264082
16 58 -0.0265095
16 59 -0.0266283
16 60 -0.0266059
16 61 -0.0266283
16 62 -0.0265095
16 63 -0.0264082
16 64 -0.0261107
16 65 -0.0257493
16 66 -0.02509
16 67 -0.0242346
16 68 -0.0229536
16 69 -0.0213075
16 70 -0.0191198
16 71 -0.0163965
16 72 -0.0130844
16 73 -0.00913581
16 74 -0.00468742
16 75 0.000316699
16 76 0.00553575
16 77 0.0109185
16 78 0.0160074
16 79 0.0205003
16 80 0.0239967
16 81 0.0259418
16 82 0.0261443
16 83 0.0241465
16 84 0.0200069
16 85 0.0139487
16 86 0.00632374
16 87 -0.00184167
16 88 -0.00974534
16 89 -0.0163915
16 90 -0.0207612
16 91 -0.0226612
16 92 -0.0218811
16 93 -0.0185051
16 94 -0.0132419
16 95 -0.00621964
16 96 0.00231664
16 97 0.0110377
16 98 0.0184981
16 99 0.0228487
16 100 0.0217535
16 101 0.0155203
16 102 0.00793075
16 103 0.00145864
16 104 -0.00543033
16 105 -0.0140453
16 106 -0.0212986
16 107 -0.0222451
16 108 -0.0155911
16 109 -0.00508371
16 110 0.00397693
16 111 0.00857775
16 112 0.00891015
16 113 0.00688583
16 114 0.00437105
16 115 0.00237657
16 116 0.00113296
16 117 0.000482907
16 118 0.000194054
16 119 0

17 0 0
17 1 0.000155486
17 2 0.000396414
17 3 0.000954428
17 4 0.00205755
17 5 0.00389816
17 6 0.00634952
17 7 0.00855818
17 8 0.00875688
17 9 0.00489529
17 10 -0.00365509
17 11 -0.0143367
17 12 -0.0218138
17 13 -0.0216759
17 14 -0.0145847
17 15 -0.0056431
17 16 0.00145864
17 17 0.0080287
17 18 0.0160163
17 19 0.0224837
17 20 0.0227028
17 21 0.0169144
17 22 0.00901505
17 23 0.000825658
17 24 -0.00744014
17 25 -0.014557
17 26 -0.0198167
17 27 -0.023054
17 28 -0.0230239
17 29 -0.0193771
17 30 -0.0131058
17 31 -0.00476235
17 32 0.00431557
17 33 0.0125028
17 34 0.0192784
17 35 0.0237451
17 36 0.0256293
17 37 0.0253538
17 38 0.0228224
17 39 0.0188008
17 40 0.0136868
17 41 0.00781898
17 42 0.00194302
17 43 -0.00396343
17 44 -0.00928606
17 45 -0.0140499
17 46 -0.0180786
17 47 -0.0212302
17 48 -0.0237405
17 49 -0.0253523
17 50 -0.0265076
17 51 -0.0269525
17 52 -0.0271341
17 53 -0.0268789
17 54 -0.0265254
17 55 -0.0259967
17 56 -0.025493
17 57 -0.0250125
17 58 -0.0246367
17 59 -0.0244029
17 60 -0.0243124
17 61 -0.0244029
17 62 -0.0246367
17 63 -0.0250125
17 64 -0.025493
17 65 -0.0259967
17 66 -0.0265254
17 67 -0.0268789
17 68 -0.0271341
17 69 -0.0269525
17 70 -0.0265076
17 71 -0.0253523
17 72 -0.0237405
17 73 -0.0212302
17 74 -0.0180786
17 75 -0.0140499
17 76 -0.00928606
17 77 -0.00396343
17 78 0.00194302
17 79 0.00781898
17 80 0.0136868
17 81 0.0188008
17 82 0.0228224
17 83 0.0253538
17 84 0.0256293
17 85 0.0237451
17 86 0.0192784
17 87 0.0125028
17 88 0.00431557
17 89 -0.00476235
17 90 -0.0131058
17 91 -0.0193771
17 92 -0.0230239
17 93 -0.023054
17 94 -0.0198167
17 95 -0.014557
17 96 -0.00744014
17 97 0.000825658
17 98 0.00901505
17 99 0.0169144
17 100 0.0227028
17 101 0.0224837
17 102 0.0160163
17 103 0.0080287
17 104 0.00145864
17 105 -0.0056431
17 106 -0.0145847
17 107 -0.0216759
17 108 -0.0218138
17 109 -0.0143367
17 110 -0.00365509
17 111 0.00489529
17 112 0.00875689
17 113 0.00855822
17 114 0.0063497
17 115 0.00389888
17 116 0.00206016
17 117 0.000963113
17 118 0.000422608
17 119 0

18 0 0
18 1 0.000336677
18 2 0.00078825
18 3 0.00173653
18 4 0.00339344
18 5 0.00573214
18 6 0.00808181
18 7 0.00883897
18 8 0.00588123
18 9 -0.00188725
18 10 -0.0125625
18 11 -0.0210189
18 12 -0.0221659
18 13 -0.0156313
18 14 -0.00631132
18 15 0.00128507
18 16 0.00793075
18 17 0.0160163
18 18 0.0227299
18 19 0.022533
18 20 0.0157665
18 21 0.007757
18 22 0.000292438
18 23 -0.00808589
18 24 -0.016057
18 25 -0.0214251
18 26 -0.0239881
18 27 -0.0226842
18 28 -0.0169403
18 29 -0.00890384
18 30 0.00018651
18 31 0.00944026
18 32 0.0167689
18 33 0.021988
18 34 0.0249168
18 35 0.0248722
18 36 0.0228891
18 37 0.0188985
18 38 0.0133358
18 39 0.00723501
18 40 0.000384952
18 41 -0.00607878
18 42 -0.0121411
18 43 -0.0174868
18 44 -0.0215748
18 45 -0.024893
18 46 -0.026747
18 47 -0.0278707
18 48 -0.0278642
18 49 -0.0272241
18 50 -0.0260137
18 51 -0.0243161
18 52 -0.0225755
18 53 -0.0205148
18 54 -0.0187888
18 55 -0.0168943
18 56 -0.015556
18 57 -0.0141618
18 58 -0.0134314
18 59 -0.0127115
18 60 -0.0126954
18 61 -0.0127115
18 62 -0.0134314
18 63 -0.0141618
18 64 -0.015556
18 65 -0.0168943
18 66 -0.0187888
18 67 -0.0205148
18 68 -0.0225755
18 69 -0.0243161
18 70 -0.0260137
18 71 -0.0272241
18 72 -0.0278642
18 73 -0.0278707
18 74 -0.026747
18 75 -0.024893
18 76 -0.0215748
18 77 -0.0174868
18 78 -0.0121411
18 79 -0.00607878
18 80 0.000384952
18 81 0.00723501
18 82 0.0133358
18 83 0.0188985
18 84 0.0228891
18 85 0.0248722
18 86 0.0249168
18 87 0.021988
18 88 0.0167689
18 89 0.00944026
18 90 0.00018651
18 91 -0.00890384
18 92 -0.0169403
18 93 -0.0226842
18 94 -0.0239881
18 95 -0.0214251
18 96 -0.016057
18 97 -0.00808589
18 98 0.000292438
18 99 0.007757
18 100 0.0157665
18 101 0.022533
18 102 0.0227299
18 103 0.0160163
18 104 0.00793075
18 105 0.00128507
18 106 -0.00631132
18 107 -0.0156313
18 108 -0.0221659
18 109 -0.0210189
18 110 -0.0125625
18 111 -0.00188724
18 112 0.00588126
18 113 0.0088391
18 114 0.00808234
18 115 0.00573411
18 116 0.00340017
18 117 0.00175734
18 118 0.000846323
18 119 0

19 0 0
19 1 0.00067253
19 2 0.00143989
19 3 0.00288367
19 4 0.00505708
19 5 0.00747913
19 6 0.00876613
19 7 0.00681436
19 8 9.34076e-05
19 9 -0.0102937
19 10 -0.0197257
19 11 -0.0225681
19 12 -0.0170997
19 13 -0.00750804
19 14 0.000860666
19 15 0.0076495
19 16 0.0155203
19 17 0.0224837
19 18 0.022533
19 19 0.0153505
19 20 0.00718806
19 21 0.000249995
19 22 -0.00849552
19 23 -0.0177332
19 24 -0.0230026
19 25 -0.0240743
19 26 -0.0213721
19 27 -0.014084
19 28 -0.00493716
19 29 0.00382697
19 30 0.0125759
19 31 0.0192535
19 32 0.0231373
19 33 0.0251772
19 34 0.0239375
19 35 0.0203386
19 36 0.0151754
19 37 0.00790853
19 38 0.000555563
19 39 -0.00710097
19 40 -0.0142724
19 41 -0.0198706
19 42 -0.0246762
19 43 -0.0272708
19 44 -0.0287282
19 45 -0.0285334
19 46 -0.0270136
19 47 -0.0248419
19 48 -0.0214801
19 49 -0.0182904
19 50 -0.0142983
19 51 -0.0109127
19 52 -0.00718318
19 53 -0.00416538
19 54 -0.00118965
19 55 0.00115064
19 56 0.00318953
19 57 0.00472293
19 58 0.00581141
19 59 0.00649815
19 60 0.00667985
19 61 0.00649815
19 62 0.00581141
19 63 0.00472293
19 64 0.00318953
19 65 0.00115064
19 66 -0.00118965
19 67 -0.00416538
19 68 -0.00718318
19 69 -0.0109127
19 70 -0.0142983
19 71 -0.0182904
19 72 -0.0214801
19 73 -0.0248419
19 74 -0.0270136
19 75 -0.0285334
19 76 -0.0287282
19 77 -0.0272708
19 78 -0.0246762
19 79 -0.0198706
19 80 -0.0142724
19 81 -0.00710097
19 82 0.000555563
19 83 0.00790853
19 84 0.0151754
19 85 0.0203386
19 86 0.0239375
19 87 0.0251772
19 88 0.0231373
19 89 0.0192535
19 90 0.0125759
19 91 0.00382697
19 92 -0.00493716
19 93 -0.014084
19 94 -0.0213721
19 95 -0.0240743
19 96 -0.0230026
19 97 -0.0177332
19 98 -0.00849552
19 99 0.000249995
19 100 0.00718806
19 101 0.0153505
19 102 0.022533
19 103 0.0224837
19 104 0.0155203
19 105 0.0076495
19 106 0.000860666
19 107 -0.00750804
19 108 -0.0170997
19 109 -0.0225681
19 110 -0.0197257
19 111 -0.0102937
19 112 9.34974e-05
19 113 0.00681474
19 114 0.00876757
19 115 0.00748416
19 116 0.00507307
19 117 0.00292958
19 118 0.00155802
19 119 0

20 0 0
20 1 0.0012398
20 2 0.00241549
20 3 0.00436071
20 4 0.00676501
20 5 0.00849908
20 6 0.00757761
20 7 0.00213
20 8 -0.00760779
20 9 -0.0178202
20 10 -0.0226276
20 11 -0.0188216
20 12 -0.00930209
20 13 3.61971e-05
20 14 0.00719866
20 15 0.0146416
20 16 0.0217535
20 17 0.0227028
20 18 0.0157665
20 19 0.00718806
20 20 0.000288538
20 21 -0.00873086
20 22 -0.0191105
20 23 -0.0241613
20 24 -0.0232788
20 25 -0.0195151
20 26 -0.011941
20 27 -0.00226511
20 28 0.00600813
20 29 0.0142586
20 30 0.0212695
20 31 0.0243718
20 32 0.0254429
20 33 0.0232032
20 34 0.0172867
20 35 0.0105024
20 36 0.00165441
20 37 -0.00716288
20 38 -0.0146365
20 39 -0.0217149
20 40 -0.0257927
20 41 -0.0285292
20 42 -0.0289973
20 43 -0.0272595
20 44 -0.0248105
20 45 -0.0202068
20 46 -0.0159368
20 47 -0.0104194
20 48 -0.00548054
20 49 -0.000456854
20 50 0.00423352
20 51 0.00809571
20 52 0.0120024
20 53 0.014588
20 54 0.017535
20 55 0.0190122
20 56 0.021057
20 57 0.0216675
20 58 0.0229574
20 59 0.0228913
20 60 0.0235517
20 61 0.0228913
20 62 0.0229574
20 63 0.0216675
20 64 0.021057
20 65 0.0190122
20 66 0.017535
20 67 0.014588
20 68 0.0120024
20 69 0.00809571
20 70 0.00423352
20 71 -0.000456854
20 72 -0.00548054
20 73 -0.0104194
20 74 -0.0159368
20 75 -0.0202068
20 76 -0.0248105
20 77 -0.0272595
20 78 -0.0289973
20 79 -0.0285292
20 80 -0.0257927
20 81 -0.0217149
20 82 -0.0146365
20 83 -0.00716288
20 84 0.00165441
20 85 0.0105024
20 86 0.0172867
20 87 0.0232032
20 88 0.0254429
20 89 0.0243718
20 90 0.0212695
20 91 0.0142586
20 92 0.00600813
20 93 -0.00226511
20 94 -0.011941
20 95 -0.0195151
20 96 -0.0232788
20 97 -0.0241613
20 98 -0.0191105
20 99 -0.00873086
20 100 0.000288538
20 101 0.00718806
20 102 0.0157665
20 103 0.0227028
20 104 0.0217535
20 105 0.0146416
