0 0 0
0 1 0
0 2 0
0 3 0
0 4 0
0 5 0
0 6 0
0 7 0
0 8 0
0 9 0
0 10 0
0 11 0
0 12 0
0 13 0
0 14 0
0 15 0
0 16 0
0 17 0
0 18 0
0 19 0
0 20 0
0 21 0
0 22 0
0 23 0
0 24 0
0 25 0
0 26 0
0 27 0
0 28 0
0 29 0
0 30 0
0 31 0
0 32 0
0 33 0
0 34 0
0 35 0
0 36 0
0 37 0
0 38 0
0 39 0
0 40 0
0 41 0
0 42 0
0 43 0
0 44 0
0 45 0
0 46 0
0 47 0
0 48 0
0 49 0
0 50 0
0 51 0
0 52 0
0 53 0
0 54 0
0 55 0
0 56 0
0 57 0
0 58 0
0 59 0
0 60 0
0 61 0
0 62 0
0 63 0
0 64 0
0 65 0
0 66 0
0 67 0
0 68 0
0 69 0
0 70 0
0 71 0
0 72 0
0 73 0
0 74 0
0 75 0
0 76 0
0 77 0
0 78 0
0 79 0
0 80 0
0 81 0
0 82 0
0 83 0
0 84 0
0 85 0
0 86 0
0 87 0
0 88 0
0 89 0
0 90 0
0 91 0
0 92 0
0 93 0
0 94 0
0 95 0
0 96 0
0 97 0
0 98 0
0 99 0
0 100 0
0 101 0
0 102 0
0 103 0
0 104 0
0 105 0
0 106 0
0 107 0
0 108 0
0 109 0
0 110 0
0 111 0
0 112 0
0 113 0
0 114 0
0 115 0
0 116 0
0 117 0
0 118 0
0 119 0

1 0 0
1 1 -0.0209763
1 2 -0.0184011
1 3 -0.0127239
1 4 -0.00491469
1 5 0.00378916
1 6 0.0117173
1 7 0.0173346
1 8 0.0191472
1 9 0.0170665
1 10 0.0112261
1 11 0.00291129
1 12 -0.00664771
1 13 -0.01534
1 14 -0.0213875
1 15 -0.0240745
1 16 -0.0226083
1 17 -0.0178812
1 18 -0.00991969
1 19 -0.00100749
1 20 0.00749668
1 21 0.0143929
1 22 0.0187603
1 23 0.0209761
1 24 0.020622
1 25 0.0192614
1 26 0.0170723
1 27 0.0145473
1 28 0.0114945
1 29 0.00812405
1 30 0.00380834
1 31 -0.00154119
1 32 -0.00793514
1 33 -0.0146273
1 34 -0.0209355
1 35 -0.0264338
1 36 -0.0294963
1 37 -0.030349
1 38 -0.0284961
1 39 -0.0246329
1 40 -0.0191071
1 41 -0.0134438
1 42 -0.00803628
1 43 -0.00391005
1 44 -0.000726186
1 45 0.00110776
1 46 0.00271975
1 47 0.00445008
1 48 0.00664588
1 49 0.0096388
1 50 0.0135323
1 51 0.0173048
1 52 0.0207658
1 53 0.0233925
1 54 0.0244692
1 55 0.0244028
1 56 0.0234863
1 57 0.0219926
1 58 0.020879
1 59 0.0207106
1 60 0.0211271
1 61 0.0225067
1 62 0.0242849
1 63 0.0255379
1 64 0.0259736
1 65 0.0253465
1 66 0.0232077
1 67 0.0203308
1 68 0.0171703
1 69 0.0139807
1 70 0.0116852
1 71 0.0102442
1 72 0.00919694
1 73 0.00825312
1 74 0.00691851
1 75 0.00410955
1 76 7.13287e-05
1 77 -0.00550395
1 78 -0.011731
1 79 -0.0181933
1 80 -0.0234387
1 81 -0.0270926
1 82 -0.0284142
1 83 -0.027857
1 84 -0.0249915
1 85 -0.0213887
1 86 -0.0171153
1 87 -0.0128202
1 88 -0.00880677
1 89 -0.00511874
1 90 -0.00127477
1 91 0.00315931
1 92 0.00818521
1 93 0.0136857
1 94 0.0191127
1 95 0.0239236
1 96 0.0261423
1 97 0.0257825
1 98 0.0216894
1 99 0.0145038
1 100 0.00471368
1 101 -0.00599298
1 102 -0.0153177
1 103 -0.0222096
1 104 -0.0251256
1 105 -0.0239632
1 106 -0.018737
1 107 -0.0109777
1 108 -0.00213055
1 109 0.0062087
1 110 0.0129203
1 111 0.0166999
1 112 0.0168873
1 113 0.0138656
1 114 0.00825744
1 115 0.00154681
1 116 -0.00586693
1 117 -0.0124371
1 118 -0.0172144
1 119 0

2 0 0
2 1 -0.0184011
2 2 -0.0144235
2 3 -0.00806724
2 4 -0.000411767
2 5 0.00705558
2 6 0.0133326
2 7 0.0164242
2 8 0.0163128
2 9 0.0125544
2 10 0.00611995
2 11 -0.00193182
2 12 -0.0104535
2 13 -0.0166884
2 14 -0.020382
2 15 -0.0200231
2 16 -0.0165863
2 17 -0.0100694
2 18 -0.00133493
2 19 0.00715102
2 20 0.0147377
2 21 0.0195609
2 22 0.0219498
2 23 0.0211628
2 24 0.0183119
2 25 0.014062
2 26 0.00984196
2 27 0.0053054
2 28 0.0012319
2 29 -0.00204706
2 30 -0.00588043
2 31 -0.00926531
2 32 -0.0135266
2 33 -0.0169926
2 34 -0.0205127
2 35 -0.0227132
2 36 -0.0234421
2 37 -0.0219367
2 38 -0.0192335
2 39 -0.0146916
2 40 -0.00943285
2 41 -0.00435345
2 42 0.000442102
2 43 0.00405199
2 44 0.00679163
2 45 0.00807351
2 46 0.00936819
2 47 0.0101523
2 48 0.0114908
2 49 0.0128149
2 50 0.0152625
2 51 0.016813
2 52 0.0188967
2 53 0.0200294
2 54 0.0205674
2 55 0.0198049
2 56 0.0194169
2 57 0.0178973
2 58 0.0173234
2 59 0.0168488
2 60 0.0173373
2 61 0.0179392
2 62 0.0195065
2 63 0.019983
2 64 0.0208751
2 65 0.0205293
2 66 0.0196533
2 67 0.017901
2 68 0.0167689
2 69 0.0148087
2 70 0.0140754
2 71 0.0133621
2 72 0.013308
2 73 0.0127034
2 74 0.0121932
2 75 0.010065
2 76 0.0070933
2 77 0.00261609
2 78 -0.00220108
2 79 -0.00768775
2 80 -0.012603
2 81 -0.0162942
2 82 -0.0189865
2 83 -0.0200589
2 84 -0.0198229
2 85 -0.0186836
2 86 -0.0176046
2 87 -0.015737
2 88 -0.0145037
2 89 -0.0122968
2 90 -0.0101544
2 91 -0.00619862
2 92 -0.00112406
2 93 0.00494928
2 94 0.0117278
2 95 0.0183026
2 96 0.0231508
2 97 0.0251485
2 98 0.0241403
2 99 0.0192058
2 100 0.0118758
2 101 0.00220188
2 102 -0.00660217
2 103 -0.0139178
2 104 -0.0184832
2 105 -0.0193999
2 106 -0.0172366
2 107 -0.0118547
2 108 -0.00554822
2 109 0.00138129
2 110 0.0073377
2 111 0.0116188
2 112 0.0133383
2 113 0.01217
2 114 0.00921671
2 115 0.00451231
2 116 -0.000851344
2 117 -0.00685677
2 118 -0.0120943
2 119 0

3 0 0
3 1 -0.0127239
3 2 -0.00806724
3 3 -0.0023485
3 4 0.00327553
3 5 0.00843015
3 6 0.0114835
3 7 0.0121016
3 8 0.0100531
3 9 0.00599437
3 10 0.00053311
3 11 -0.00538535
3 12 -0.0105969
3 13 -0.0134624
3 14 -0.0132229
3 15 -0.0106299
3 16 -0.00529247
3 17 0.00117557
3 18 0.0087008
3 19 0.0150974
3 20 0.0189586
3 21 0.0208381
3 22 0.0191279
3 23 0.0152949
3 24 0.00946823
3 25 0.00324862
3 26 -0.00216131
3 27 -0.00708743
3 28 -0.010525
3 29 -0.0124565
3 30 -0.0137622
3 31 -0.0145623
3 32 -0.0146539
3 33 -0.0144677
3 34 -0.0137219
3 35 -0.0126821
3 36 -0.0105275
3 37 -0.00776445
3 38 -0.0046146
3 39 -0.000685622
3 40 0.00311624
3 41 0.00636565
3 42 0.00907675
3 43 0.0108311
3 44 0.011639
3 45 0.0118729
3 46 0.0115199
3 47 0.0110799
3 48 0.0104499
3 49 0.00995045
3 50 0.00978059
3 51 0.00948686
3 52 0.00915112
3 53 0.00887504
3 54 0.00820023
3 55 0.00753668
3 56 0.00690934
3 57 0.00591977
3 58 0.00543061
3 59 0.00541208
3 60 0.00519599
3 61 0.00545435
3 62 0.00622705
3 63 0.00665059
3 64 0.00714151
3 65 0.00767051
3 66 0.00785468
3 67 0.00814504
3 68 0.00847542
3 69 0.00875299
3 70 0.00947148
3 71 0.0104157
3 72 0.0113021
3 73 0.0122097
3 74 0.0126593
3 75 0.0126304
3 76 0.0117379
3 77 0.00992962
3 78 0.00756259
3 79 0.00458047
3 80 0.00129264
3 81 -0.00141852
3 82 -0.00410106
3 83 -0.0065107
3 84 -0.00829572
3 85 -0.0101835
3 86 -0.0120028
3 87 -0.0138744
3 88 -0.0153438
3 89 -0.0164261
3 90 -0.0168104
3 91 -0.0154541
3 92 -0.0119873
3 93 -0.00733522
3 94 -0.000682559
3 95 0.00661542
3 96 0.0132035
3 97 0.0183844
3 98 0.0203825
3 99 0.0200896
3 100 0.0163624
3 101 0.0104928
3 102 0.00422909
3 103 -0.00177455
3 104 -0.00636456
3 105 -0.00928456
3 106 -0.0100018
3 107 -0.00858299
3 108 -0.00586128
3 109 -0.00266167
3 110 0.00120019
3 111 0.00430655
3 112 0.0066872
3 113 0.00757301
3 114 0.00711644
3 115 0.00623447
3 116 0.00342969
3 117 -2.38964e-05
3 118 -0.00470682
3 119 0

4 0 0
4 1 -0.00491469
4 2 -0.000411767
4 3 0.00327553
4 4 0.00659086
4 5 0.00790559
4 6 0.00807626
4 7 0.00585303
4 8 0.00268623
4 9 -0.00079816
4 10 -0.00440624
4 11 -0.00677234
4 12 -0.00830397
4 13 -0.00667233
4 14 -0.00337339
4 15 0.00168964
4 16 0.0071757
4 17 0.0124954
4 18 0.0173271
4 19 0.0194752
4 20 0.0195865
4 21 0.0167499
4 22 0.0121193
4 23 0.00512236
4 24 -0.00215794
4 25 -0.0092608
4 26 -0.0146362
4 27 -0.0186363
4 28 -0.0206127
4 29 -0.019815
4 30 -0.0185886
4 31 -0.0154015
4 32 -0.0122365
4 33 -0.00791025
4 34 -0.00418185
4 35 -2.31272e-05
4 36 0.00371376
4 37 0.00749013
4 38 0.00991467
4 39 0.0122335
4 40 0.0136506
4 41 0.0138499
4 42 0.0140063
4 43 0.013226
4 44 0.0122217
4 45 0.0104826
4 46 0.00916479
4 47 0.00691202
4 48 0.0051494
4 49 0.00252157
4 50 0.000675001
4 51 -0.00219131
4 52 -0.00382983
4 53 -0.00574877
4 54 -0.00678324
4 55 -0.00806354
4 56 -0.00781656
4 57 -0.00852968
4 58 -0.00825257
4 59 -0.00865777
4 60 -0.00863437
4 61 -0.00929432
4 62 -0.00897591
4 63 -0.00961908
4 64 -0.00874999
4 65 -0.00812386
4 66 -0.00661401
4 67 -0.0053698
4 68 -0.00285909
4 69 -0.00133276
4 70 0.00108284
4 71 0.00269521
4 72 0.00500246
4 73 0.00645999
4 74 0.00865351
4 75 0.010199
4 76 0.0119294
4 77 0.0127636
4 78 0.0139996
4 79 0.0139392
4 80 0.013355
4 81 0.0123872
4 82 0.0102513
4 83 0.0076293
4 84 0.00446753
4 85 0.0009936
4 86 -0.00353462
4 87 -0.00772109
4 88 -0.0126485
4 89 -0.0162596
4 90 -0.0201912
4 91 -0.0214584
4 92 -0.0210684
4 93 -0.0185081
4 94 -0.0138064
4 95 -0.007252
4 96 6.79343e-05
4 97 0.00673041
4 98 0.0124782
4 99 0.0159422
4 100 0.0176174
4 101 0.016134
4 102 0.0140838
4 103 0.010649
4 104 0.00701945
4 105 0.00317064
4 106 -0.000385686
4 107 -0.00240593
4 108 -0.00435194
4 109 -0.0046648
4 110 -0.00456324
4 111 -0.00285094
4 112 -0.000740697
4 113 0.00146237
4 114 0.00424836
4 115 0.00619182
4 116 0.00772783
4 117 0.00654066
4 118 0.00365955
4 119 0

5 0 0
5 1 0.00378916
5 2 0.00705558
5 3 0.00843015
5 4 0.00790559
5 5 0.00598791
5 6 0.00261895
5 7 -0.00142294
5 8 -0.00497887
5 9 -0.00711833
5 10 -0.00756383
5 11 -0.00630257
5 12 -0.00325164
5 13 0.00182755
5 14 0.00804993
5 15 0.013732
5 16 0.0184359
5 17 0.0211469
5 18 0.0218093
5 19 0.0197537
5 20 0.0148488
5 21 0.0087559
5 22 0.000963611
5 23 -0.00716088
5 24 -0.0146724
5 25 -0.0207401
5 26 -0.024304
5 27 -0.0261464
5 28 -0.025347
5 29 -0.022254
5 30 -0.0179129
5 31 -0.0124985
5 32 -0.00603125
5 33 0.000490204
5 34 0.00673205
5 35 0.0121922
5 36 0.0166617
5 37 0.0196634
5 38 0.0206243
5 39 0.0205912
5 40 0.018921
5 41 0.0162465
5 42 0.0133113
5 43 0.01037
5 44 0.00732557
5 45 0.00496189
5 46 0.00248025
5 47 -6.15175e-05
5 48 -0.00293352
5 49 -0.00620027
5 50 -0.0097678
5 51 -0.0133634
5 52 -0.0166045
5 53 -0.0190106
5 54 -0.0205216
5 55 -0.0209616
5 56 -0.020549
5 57 -0.0200921
5 58 -0.0194824
5 59 -0.0192337
5 60 -0.0198476
5 61 -0.0208385
5 62 -0.0216935
5 63 -0.0225491
5 64 -0.0225789
5 65 -0.0216022
5 66 -0.0197533
5 67 -0.0171348
5 68 -0.0141589
5 69 -0.0112507
5 70 -0.00858483
5 71 -0.00629307
5 72 -0.0041861
5 73 -0.00202327
5 74 0.000276169
5 75 0.00348947
5 76 0.00695824
5 77 0.0107597
5 78 0.0147107
5 79 0.0180382
5 80 0.0200792
5 81 0.0214278
5 82 0.020869
5 83 0.018908
5 84 0.0157133
5 85 0.0114257
5 86 0.00614995
5 87 0.00018607
5 88 -0.0058357
5 89 -0.0118344
5 90 -0.017784
5 91 -0.0223951
5 92 -0.0250445
5 93 -0.0262019
5 94 -0.0244019
5 95 -0.0202999
5 96 -0.0140627
5 97 -0.00668839
5 98 0.000672138
5 99 0.00810401
5 100 0.0138386
5 101 0.0177172
5 102 0.0200087
5 103 0.0204438
5 104 0.0189269
5 105 0.0153472
5 106 0.0103856
5 107 0.00510938
5 108 -0.000309227
5 109 -0.00516579
5 110 -0.0082668
5 111 -0.00943177
5 112 -0.00813321
5 113 -0.00513057
5 114 -0.000551163
5 115 0.00510277
5 116 0.0096881
5 117 0.0123048
5 118 0.0114752
5 119 0

6 0 0
6 1 0.0117173
6 2 0.0133326
6 3 0.0114835
6 4 0.00807626
6 5 0.00261895
6 6 -0.00293575
6 7 -0.00816211
6 8 -0.0114487
6 9 -0.0114464
6 10 -0.00923357
6 11 -0.00418575
6 12 0.00212381
6 13 0.00990653
6 14 0.0173175
6 15 0.0225486
6 16 0.0252288
6 17 0.0245463
6 18 0.0211334
6 19 0.0147652
6 20 0.00676521
6 21 -0.00176567
6 22 -0.00993161
6 23 -0.0174846
6 24 -0.0230379
6 25 -0.0264249
6 26 -0.0275015
6 27 -0.0264595
6 28 -0.0235979
6 29 -0.0185911
6 30 -0.0130893
6 31 -0.00652516
6 32 0.000442993
6 33 0.00750224
6 34 0.0137305
6 35 0.0190504
6 36 0.0227068
6 37 0.0242541
6 38 0.0232922
6 39 0.0206216
6 40 0.0163861
6 41 0.0110785
6 42 0.00633673
6 43 0.00201974
6 44 -0.00137446
6 45 -0.00372072
6 46 -0.00537115
6 47 -0.00740838
6 48 -0.00947275
6 49 -0.0125374
6 50 -0.0160583
6 51 -0.0199518
6 52 -0.0231294
6 53 -0.0256206
6 54 -0.0265671
6 55 -0.0263265
6 56 -0.0247757
6 57 -0.0232686
6 58 -0.0218088
6 59 -0.0214174
6 60 -0.0219772
6 61 -0.0236214
6 62 -0.0253483
6 63 -0.0271653
6 64 -0.0277382
6 65 -0.0271954
6 66 -0.0251934
6 67 -0.0225892
6 68 -0.019353
6 69 -0.0165643
6 70 -0.0142808
6 71 -0.0130298
6 72 -0.0117745
6 73 -0.0108539
6 74 -0.00907622
6 75 -0.00607574
6 76 -0.00182536
6 77 0.00316117
6 78 0.00920215
6 79 0.0145809
6 80 0.0189713
6 81 0.0220509
6 82 0.0231296
6 83 0.0223056
6 84 0.0200374
6 85 0.0166672
6 86 0.0121709
6 87 0.00701824
6 88 0.00134325
6 89 -0.00452701
6 90 -0.0112879
6 91 -0.0172512
6 92 -0.0226389
6 93 -0.0265727
6 94 -0.0285236
6 95 -0.0277249
6 96 -0.024115
6 97 -0.018351
6 98 -0.010795
6 99 -0.00196512
6 100 0.00689301
6 101 0.0145362
6 102 0.0210168
6 103 0.0248968
6 104 0.0262537
6 105 0.0237516
6 106 0.0186383
6 107 0.0118088
6 108 0.00365848
6 109 -0.00384031
6 110 -0.0103876
6 111 -0.0136076
6 112 -0.0139284
6 113 -0.0109988
6 114 -0.00506799
6 115 0.00235048
6 116 0.0102811
6 117 0.0155
6 118 0.0175174
6 119 0

7 0 0
7 1 0.0173346
7 2 0.0164242
7 3 0.0121016
7 4 0.00585303
7 5 -0.00142294
7 6 -0.00816211
7 7 -0.0133026
7 8 -0.0151575
7 9 -0.0132823
7 10 -0.0082019
7 11 -0.000919342
7 12 0.00756302
7 13 0.0161557
7 14 0.0229682
7 15 0.0266156
7 16 0.0261678
7 17 0.0222662
7 18 0.0150057
7 19 0.00581086
7 20 -0.00388885
7 21 -0.0125943
7 22 -0.0192939
7 23 -0.0240831
7 24 -0.025925
7 25 -0.0255697
7 26 -0.0232368
7 27 -0.0198184
7 28 -0.0153461
7 29 -0.0103145
7 30 -0.00523899
7 31 5.10825e-05
7 32 0.00560992
7 33 0.0109532
7 34 0.0155595
7 35 0.0193103
7 36 0.0211877
7 37 0.021013
7 38 0.0182187
7 39 0.0137485
7 40 0.00770624
7 41 0.00132611
7 42 -0.00421009
7 43 -0.00816396
7 44 -0.0107029
7 45 -0.0112911
7 46 -0.0111225
7 47 -0.0110069
7 48 -0.0113452
7 49 -0.0127497
7 50 -0.01538
7 51 -0.0183423
7 52 -0.0210105
7 53 -0.0227292
7 54 -0.0228252
7 55 -0.0214342
7 56 -0.018919
7 57 -0.0161007
7 58 -0.0139254
7 59 -0.0131542
7 60 -0.0137963
7 61 -0.0158605
7 62 -0.0185932
7 63 -0.0210773
7 64 -0.0224886
7 65 -0.0225042
7 66 -0.0209734
7 67 -0.018618
7 68 -0.0160621
7 69 -0.0139847
7 70 -0.0132254
7 71 -0.0136732
7 72 -0.0146318
7 73 -0.0157336
7 74 -0.0160497
7 75 -0.0143956
7 76 -0.0111562
7 77 -0.00614802
7 78 5.28979e-05
7 79 0.00629483
7 80 0.0114761
7 81 0.0155091
7 82 0.0174924
7 83 0.017958
7 84 0.016971
7 85 0.0154287
7 86 0.0131372
7 87 0.0104147
7 88 0.00726798
7 89 0.00344905
7 90 -0.00167864
7 91 -0.00757405
7 92 -0.0139129
7 93 -0.0202478
7 94 -0.0254366
7 95 -0.028625
7 96 -0.0286229
7 97 -0.0260124
7 98 -0.0202429
7 99 -0.0120832
7 100 -0.00240747
7 101 0.00742362
7 102 0.0163348
7 103 0.0234288
7 104 0.0272452
7 105 0.0270917
7 106 0.0231195
7 107 0.0164662
7 108 0.00781386
7 109 -0.00124745
7 110 -0.00949925
7 111 -0.0149396
7 112 -0.0168607
7 113 -0.0150349
7 114 -0.00934741
7 115 -0.00125219
7 116 0.00811468
7 117 0.0156983
7 118 0.0201004
7 119 0

8 0 0
8 1 0.0191472
8 2 0.0163128
8 3 0.0100531
8 4 0.00268623
8 5 -0.00497887
8 6 -0.0114487
8 7 -0.0151575
8 8 -0.0155748
8 9 -0.0116187
8 10 -0.00519691
8 11 0.0031435
8 12 0.0118813
8 13 0.0192009
8 14 0.0243093
8 15 0.0246948
8 16 0.0214487
8 17 0.0143072
8 18 0.00460894
8 19 -0.00558356
8 20 -0.0150884
8 21 -0.0215142
8 22 -0.0251141
8 23 -0.0253571
8 24 -0.0227906
8 25 -0.0180395
8 26 -0.0128825
8 27 -0.00744598
8 28 -0.00285529
8 29 0.00067401
8 30 0.0035278
8 31 0.00536084
8 32 0.00785563
8 33 0.00972942
8 34 0.0118345
8 35 0.01316
8 36 0.0134767
8 37 0.0115189
8 38 0.0080009
8 39 0.0026492
8 40 -0.00357189
8 41 -0.0095959
8 42 -0.0142231
8 43 -0.0166861
8 44 -0.0171033
8 45 -0.0148606
8 46 -0.0119687
8 47 -0.00887572
8 48 -0.00680669
8 49 -0.00592308
8 50 -0.00723186
8 51 -0.00854392
8 52 -0.0104607
8 53 -0.0112094
8 54 -0.0105717
8 55 -0.00781102
8 56 -0.00469263
8 57 -0.000688632
8 58 0.00191961
8 59 0.00326932
8 60 0.0023232
8 61 0.00010958
8 62 -0.00351254
8 63 -0.00627789
8 64 -0.00871852
8 65 -0.00909001
8 66 -0.00814167
8 67 -0.00610909
8 68 -0.00479638
8 69 -0.00360086
8 70 -0.00477074
8 71 -0.00725705
8 72 -0.010992
8 73 -0.0146396
8 74 -0.0178824
8 75 -0.0185012
8 76 -0.017276
8 77 -0.0137643
8 78 -0.00892997
8 79 -0.00354297
8 80 0.00110728
8 81 0.00453772
8 82 0.0067726
8 83 0.00752215
8 84 0.00777262
8 85 0.00796922
8 86 0.0088167
8 87 0.00932659
8 88 0.0104998
8 89 0.0101427
8 90 0.00849955
8 91 0.00449727
8 92 -0.00135571
8 93 -0.00848256
8 94 -0.0160728
8 95 -0.0226095
8 96 -0.0267491
8 97 -0.0278693
8 98 -0.0259827
8 99 -0.0201237
8 100 -0.0122723
8 101 -0.00237706
8 102 0.00730808
8 103 0.0158942
8 104 0.0222066
8 105 0.0242101
8 106 0.0229095
8 107 0.0179123
8 108 0.010837
8 109 0.00236505
8 110 -0.00607932
8 111 -0.0124487
8 112 -0.0160081
8 113 -0.0156298
8 114 -0.0117292
8 115 -0.00453645
8 116 0.00435205
8 117 0.0127742
8 118 0.0189099
8 119 0

9 0 0
9 1 0.0170665
9 2 0.0125544
9 3 0.00599437
9 4 -0.00079816
9 5 -0.00711833
9 6 -0.0114464
9 7 -0.0132823
9 8 -0.0116187
9 9 -0.00700921
9 10 -0.000350664
9 11 0.00685644
9 12 0.0136556
9 13 0.0185171
9 14 0.0199677
9 15 0.0178635
9 16 0.0115224
9 17 0.00305397
9 18 -0.00737506
9 19 -0.0168692
9 20 -0.0235414
9 21 -0.0267984
9 22 -0.0253531
9 23 -0.0209706
9 24 -0.013502
9 25 -0.00542574
9 26 0.00183383
9 27 0.00737678
9 28 0.0105703
9 29 0.01113
9 30 0.00993994
9 31 0.00785532
9 32 0.00574961
9 33 0.00412522
9 34 0.00290946
9 35 0.0025002
9 36 0.00126204
9 37 -0.000685092
9 38 -0.00403307
9 39 -0.00850556
9 40 -0.0136133
9 41 -0.0178911
9 42 -0.020556
9 43 -0.0204538
9 44 -0.017944
9 45 -0.012954
9 46 -0.0069275
9 47 -0.0011999
9 48 0.00348342
9 49 0.00622646
9 50 0.00666289
9 51 0.00611364
9 52 0.00525422
9 53 0.00495836
9 54 0.00644302
9 55 0.0093545
9 56 0.0132821
9 57 0.0176909
9 58 0.0208696
9 59 0.0219556
9 60 0.0214092
9 61 0.0187721
9 62 0.0149182
9 63 0.011547
9 64 0.00920958
9 65 0.00828656
9 66 0.00914853
9 67 0.0105263
9 68 0.0115615
9 69 0.0115024
9 70 0.00904219
9 71 0.00445063
9 72 -0.00135695
9 73 -0.00774116
9 74 -0.0133284
9 75 -0.016769
9 76 -0.0180589
9 77 -0.0168922
9 78 -0.0142881
9 79 -0.0110157
9 80 -0.00834309
9 81 -0.00666635
9 82 -0.00603365
9 83 -0.00560508
9 84 -0.00532544
9 85 -0.00342706
9 86 -0.000317166
9 87 0.00410195
9 88 0.00902303
9 89 0.0134666
9 90 0.0160103
9 91 0.0156567
9 92 0.012071
9 93 0.0059223
9 94 -0.00236631
9 95 -0.0112266
9 96 -0.0184242
9 97 -0.0239219
9 98 -0.025631
9 99 -0.0243532
9 100 -0.0194268
9 101 -0.0121102
9 102 -0.00393509
9 103 0.00458327
9 104 0.0114408
9 105 0.0158903
9 106 0.0171687
9 107 0.0156959
9 108 0.011778
9 109 0.00627671
9 110 -0.000483462
9 111 -0.00641158
9 112 -0.0107729
9 113 -0.012535
9 114 -0.0109573
9 115 -0.00698078
9 116 3.09624e-05
9 117 0.00722732
9 118 0.0138591
9 119 0

10 0 0
10 1 0.0112261
10 2 0.00611995
10 3 0.00053311
10 4 -0.00440624
10 5 -0.00756383
10 6 -0.00923357
10 7 -0.0082019
10 8 -0.00519691
10 9 -0.000350664
10 10 0.00504358
10 11 0.00975944
10 12 0.0136422
10 13 0.0145397
10 14 0.012954
10 15 0.00769482
10 16 0.000233661
10 17 -0.00867075
10 18 -0.017976
10 19 -0.0246778
10 20 -0.0281361
10 21 -0.0266071
10 22 -0.0212567
10 23 -0.0122963
10 24 -0.00181176
10 25 0.00848224
10 26 0.0160636
10 27 0.0206715
10 28 0.0214001
10 29 0.018042
10 30 0.0129176
10 31 0.0060965
10 32 0.00054936
10 33 -0.00451111
10 34 -0.00727269
10 35 -0.00886618
10 36 -0.00973256
10 37 -0.0112149
10 38 -0.0127543
10 39 -0.0154669
10 40 -0.0183066
10 41 -0.0201077
10 42 -0.0204385
10 43 -0.0180087
10 44 -0.0132936
10 45 -0.00584212
10 46 0.00192238
10 47 0.00968438
10 48 0.015519
10 49 0.0195322
10 50 0.0202817
10 51 0.0205727
10 52 0.0194242
10 53 0.0192641
10 54 0.0203556
10 55 0.0236505
10 56 0.0270057
10 57 0.031662
10 58 0.0345101
10 59 0.0359769
10 60 0.0349706
10 61 0.0325966
10 62 0.0284507
10 63 0.0256436
10 64 0.0229578
10 65 0.022527
10 66 0.0234096
10 67 0.025327
10 68 0.0258291
10 69 0.0258863
10 70 0.0226157
10 71 0.0174709
10 72 0.0101923
10 73 0.00276511
10 74 -0.00473643
10 75 -0.00974171
10 76 -0.0130236
10 77 -0.0138283
10 78 -0.0138168
10 79 -0.012973
10 80 -0.0128289
10 81 -0.0138098
10 82 -0.0151024
10 83 -0.0165399
10 84 -0.0169843
10 85 -0.0153333
10 86 -0.010579
10 87 -0.00418415
10 88 0.00456106
10 89 0.0125182
10 90 0.0196075
10 91 0.0228089
10 92 0.0224657
10 93 0.0184127
10 94 0.0111553
10 95 0.00200237
10 96 -0.00710529
10 97 -0.0149244
10 98 -0.0208218
10 99 -0.0232382
10 100 -0.0230325
10 101 -0.0191965
10 102 -0.0141842
10 103 -0.00761222
10 104 -0.00097584
10 105 0.00453123
10 106 0.00879898
10 107 0.0107059
10 108 0.0114041
10 109 0.00960552
10 110 0.00625774
10 111 0.00164107
10 112 -0.00296082
10 113 -0.00640299
10 114 -0.00851555
10 115 -0.00792442
10 116 -0.00513052
10 117 7.67736e-05
10 118 0.00594396
10 119 0

11 0 0
11 1 0.00291129
11 2 -0.00193182
11 3 -0.00538535
11 4 -0.00677234
11 5 -0.00630257
11 6 -0.00418575
11 7 -0.000919342
11 8 0.0031435
11 9 0.00685644
11 10 0.00975944
11 11 0.0110417
11 12 0.0108725
11 13 0.00842684
11 14 0.00360693
11 15 -0.00264351
11 16 -0.0103339
11 17 -0.0175179
11 18 -0.0241277
11 19 -0.0275269
11 20 -0.0265946
11 21 -0.0217043
11 22 -0.0125917
11 23 -0.00150637
11 24 0.0104924
11 25 0.020434
11 26 0.0266342
11 27 0.0286191
11 28 0.0259731
11 29 0.0190461
11 30 0.010078
11 31 0.000595228
11 32 -0.00773725
11 33 -0.0138379
11 34 -0.0172917
11 35 -0.0178742
11 36 -0.0175444
11 37 -0.0164921
11 38 -0.0156283
11 39 -0.0156033
11 40 -0.0159552
11 41 -0.0154159
11 42 -0.0138028
11 43 -0.00984605
11 44 -0.0037598
11 45 0.00415667
11 46 0.0126029
11 47 0.0203196
11 48 0.026306
11 49 0.0297538
11 50 0.0304269
11 51 0.0296929
11 52 0.0281969
11 53 0.0270293
11 54 0.0276469
11 55 0.0297014
11 56 0.0327592
11 57 0.0365612
11 58 0.0392958
11 59 0.0400963
11 60 0.039482
11 61 0.0369546
11 62 0.0334102
11 63 0.0306704
11 64 0.0290299
11 65 0.0289177
11 66 0.030719
11 67 0.032952
11 68 0.0345575
11 69 0.0348363
11 70 0.0324375
11 71 0.0275056
11 72 0.0208422
11 73 0.0133172
11 74 0.00615779
11 75 0.000504684
11 76 -0.00338613
11 77 -0.00545681
11 78 -0.00699835
11 79 -0.0082888
11 80 -0.0105466
11 81 -0.0141988
11 82 -0.0184345
11 83 -0.0221311
11 84 -0.0248386
11 85 -0.0242367
11 86 -0.0202907
11 87 -0.0130235
11 88 -0.00342269
11 89 0.00711841
11 90 0.0168795
11 91 0.0236727
11 92 0.0266396
11 93 0.0259474
11 94 0.021254
11 95 0.0136246
11 96 0.00511398
11 97 -0.00388557
11 98 -0.0113619
11 99 -0.0174908
11 100 -0.0207741
11 101 -0.0214304
11 102 -0.0203994
11 103 -0.017154
11 104 -0.0127107
11 105 -0.00715864
11 106 -0.00151304
11 107 0.00390168
11 108 0.00866783
11 109 0.011843
11 110 0.0123462
11 111 0.0104547
11 112 0.00654028
11 113 0.00154725
11 114 -0.00344596
11 115 -0.00770066
11 116 -0.00905891
11 117 -0.00770965
11 118 -0.0034983
11 119 0

12 0 0
12 1 -0.00664771
12 2 -0.0104535
12 3 -0.0105969
12 4 -0.00830397
12 5 -0.00325164
12 6 0.00212381
12 7 0.00756302
12 8 0.0118813
12 9 0.0136556
12 10 0.0136422
12 11 0.0108725
12 12 0.00710402
12 13 0.0015022
12 14 -0.00502448
12 15 -0.0113819
12 16 -0.0174736
12 17 -0.0219626
12 18 -0.0251111
12 19 -0.0248548
12 20 -0.0209419
12 21 -0.0135505
12 22 -0.00362469
12 23 0.00773316
12 24 0.0184695
12 25 0.0264025
12 26 0.0300851
12 27 0.0290962
12 28 0.0237475
12 29 0.0142889
12 30 0.00364695
12 31 -0.0068206
12 32 -0.0150128
12 33 -0.0203807
12 34 -0.0219343
12 35 -0.0204263
12 36 -0.0173909
12 37 -0.0136561
12 38 -0.0100211
12 39 -0.0076529
12 40 -0.00602939
12 41 -0.00414757
12 42 -0.00197129
12 43 0.00187934
12 44 0.00727535
12 45 0.0139995
12 46 0.0207934
12 47 0.0269307
12 48 0.0310458
12 49 0.0328791
12 50 0.0319936
12 51 0.0299229
12 52 0.0269154
12 53 0.0245856
12 54 0.0238368
12 55 0.0247794
12 56 0.0265614
12 57 0.0294535
12 58 0.0313983
12 59 0.032006
12 60 0.0311971
12 61 0.0290717
12 62 0.0260458
12 63 0.0241928
12 64 0.0232741
12 65 0.0241543
12 66 0.0267572
12 67 0.0301873
12 68 0.0328576
12 69 0.0345181
12 70 0.0336405
12 71 0.0306432
12 72 0.0257491
12 73 0.0202799
12 74 0.0148655
12 75 0.0106953
12 76 0.00782344
12 77 0.00630538
12 78 0.00455088
12 79 0.00249526
12 80 -0.00106786
12 81 -0.00656905
12 82 -0.01296
12 83 -0.0191608
12 84 -0.0243171
12 85 -0.0264195
12 86 -0.0245529
12 87 -0.0191416
12 88 -0.0105229
12 89 -0.000328794
12 90 0.0102278
12 91 0.0183768
12 92 0.0238101
12 93 0.025807
12 94 0.0243446
12 95 0.0197412
12 96 0.0134255
12 97 0.00608948
12 98 -0.00145887
12 99 -0.00873712
12 100 -0.0147178
12 101 -0.0188535
12 102 -0.021916
12 103 -0.0224374
12 104 -0.0210576
12 105 -0.0167431
12 106 -0.0106512
12 107 -0.00312424
12 108 0.00549212
12 109 0.0126577
12 110 0.0176789
12 111 0.018501
12 112 0.0160231
12 113 0.0103384
12 114 0.0023535
12 115 -0.0057016
12 116 -0.0122245
12 117 -0.0145211
12 118 -0.0130021
12 119 0

13 0 0
13 1 -0.01534
13 2 -0.0166884
13 3 -0.0134624
13 4 -0.00667233
13 5 0.00182755
13 6 0.00990653
13 7 0.0161557
13 8 0.0192009
13 9 0.0185171
13 10 0.0145397
13 11 0.00842684
13 12 0.0015022
13 13 -0.00570674
13 14 -0.0122202
13 15 -0.0171124
13 16 -0.0200534
13 17 -0.0211829
13 18 -0.020541
13 19 -0.0175039
13 20 -0.0117351
13 21 -0.00419309
13 22 0.00458991
13 23 0.0135301
13 24 0.0209439
13 25 0.0254017
13 26 0.0256072
13 27 0.0221821
13 28 0.0150165
13 29 0.00524084
13 30 -0.00487871
13 31 -0.0136004
13 32 -0.0196417
13 33 -0.0220425
13 34 -0.0205413
13 35 -0.0159769
13 36 -0.00993746
13 37 -0.00373476
13 38 0.00196985
13 39 0.00567831
13 40 0.0080975
13 41 0.00976475
13 42 0.0111706
13 43 0.0130681
13 44 0.0161946
13 45 0.0198544
13 46 0.0236905
13 47 0.0266869
13 48 0.0280883
13 49 0.0273146
13 50 0.0246027
13 51 0.0207475
13 52 0.0164907
13 53 0.0128089
13 54 0.0108069
13 55 0.0104002
13 56 0.0111299
13 57 0.0127568
13 58 0.0140046
13 59 0.0142213
13 60 0.0134586
13 61 0.0116789
13 62 0.00954027
13 63 0.00834617
13 64 0.00833802
13 65 0.0100182
13 66 0.0134717
13 67 0.0176543
13 68 0.0215861
13 69 0.0245977
13 70 0.0258789
13 71 0.0252627
13 72 0.0232867
13 73 0.0207505
13 74 0.0185818
13 75 0.0171289
13 76 0.0169404
13 77 0.0171996
13 78 0.0169574
13 79 0.0155838
13 80 0.012347
13 81 0.00639394
13 82 -0.000877138
13 83 -0.00887147
13 84 -0.0161805
13 85 -0.0211269
13 86 -0.0225285
13 87 -0.0203881
13 88 -0.0151218
13 89 -0.00765043
13 90 0.000874602
13 91 0.0084819
13 92 0.0143695
13 93 0.0185421
13 94 0.02001
13 95 0.0192694
13 96 0.0166183
13 97 0.0126392
13 98 0.00737111
13 99 0.000997069
13 100 -0.00554846
13 101 -0.0119054
13 102 -0.0179372
13 103 -0.0225452
13 104 -0.0245293
13 105 -0.023102
13 106 -0.0180962
13 107 -0.0100076
13 108 0.000577411
13 109 0.0113574
13 110 0.0199238
13 111 0.0244021
13 112 0.0239771
13 113 0.018845
13 114 0.00952281
13 115 -0.00178804
13 116 -0.0121546
13 117 -0.0187123
13 118 -0.0201154
13 119 0

14 0 0
14 1 -0.0213875
14 2 -0.020382
14 3 -0.0132229
14 4 -0.00337339
14 5 0.00804993
14 6 0.0173175
14 7 0.0229682
14 8 0.0243093
14 9 0.0199677
14 10 0.012954
14 11 0.00360693
14 12 -0.00502448
14 13 -0.0122202
14 14 -0.0175278
14 15 -0.0189239
14 16 -0.0183349
14 17 -0.0153113
14 18 -0.0115013
14 19 -0.00677388
14 20 -0.000989886
14 21 0.00451552
14 22 0.00991415
14 23 0.0144826
14 24 0.017391
14 25 0.0174596
14 26 0.0149492
14 27 0.00954995
14 28 0.00254551
14 29 -0.0056524
14 30 -0.0129722
14 31 -0.0177271
14 32 -0.0198273
14 33 -0.0180823
14 34 -0.0131526
14 35 -0.00567158
14 36 0.00225794
14 37 0.0101439
14 38 0.0163016
14 39 0.0201112
14 40 0.0216701
14 41 0.0218668
14 42 0.0208715
14 43 0.0199516
14 44 0.0197307
14 45 0.0195028
14 46 0.0195963
14 47 0.0191473
14 48 0.0175769
14 49 0.0144393
14 50 0.0104043
14 51 0.00516466
14 52 0.000186287
14 53 -0.00410428
14 54 -0.00673183
14 55 -0.00828801
14 56 -0.00828132
14 57 -0.00771211
14 58 -0.00696933
14 59 -0.00715454
14 60 -0.00767046
14 61 -0.0091179
14 62 -0.010399
14 63 -0.011122
14 64 -0.0102817
14 65 -0.00835681
14 66 -0.00473184
14 67 -0.000360468
14 68 0.00438452
14 69 0.00805995
14 70 0.0110631
14 71 0.0127298
14 72 0.013629
14 73 0.0142976
14 74 0.0157382
14 75 0.0174921
14 76 0.0203885
14 77 0.023549
14 78 0.0257808
14 79 0.0265298
14 80 0.0249202
14 81 0.0203997
14 82 0.013564
14 83 0.00570637
14 84 -0.00268132
14 85 -0.00964196
14 86 -0.014452
14 87 -0.0161868
14 88 -0.0158182
14 89 -0.0127023
14 90 -0.00821955
14 91 -0.00342204
14 92 0.00143596
14 93 0.00580296
14 94 0.00957193
14 95 0.0122467
14 96 0.0139555
14 97 0.0143866
14 98 0.0134159
14 99 0.00973137
14 100 0.00484117
14 101 -0.00199912
14 102 -0.0100105
14 103 -0.0174716
14 104 -0.0235618
14 105 -0.0250904
14 106 -0.0229128
14 107 -0.0157774
14 108 -0.00477878
14 109 0.0075729
14 110 0.0192387
14 111 0.0264535
14 112 0.0289323
14 113 0.0251977
14 114 0.0160088
14 115 0.0033507
14 116 -0.00986199
14 117 -0.0193702
14 118 -0.0239716
14 119 0

15 0 0
15 1 -0.0240745
15 2 -0.0200231
15 3 -0.0106299
15 4 0.00168964
15 5 0.013732
15 6 0.0225486
15 7 0.0266156
15 8 0.0246948
15 9 0.0178635
15 10 0.00769482
15 11 -0.00264351
15 12 -0.0113819
15 13 -0.0171124
15 14 -0.0189239
15 15 -0.0170861
15 16 -0.0118919
15 17 -0.00612743
15 18 -8.76388e-06
15 19 0.00482298
15 20 0.00862968
15 21 0.0107365
15 22 0.0110487
15 23 0.0106189
15 24 0.00816379
15 25 0.0048149
15 26 -0.000125726
15 27 -0.00514085
15 28 -0.0104965
15 29 -0.0149413
15 30 -0.0176317
15 31 -0.0175776
15 32 -0.0149456
15 33 -0.00941095
15 34 -0.00136439
15 35 0.0073472
15 36 0.016284
15 37 0.023287
15 38 0.0285452
15 39 0.0304418
15 40 0.0302625
15 41 0.0277864
15 42 0.0243448
15 43 0.0199627
15 44 0.0163985
15 45 0.012605
15 46 0.00947925
15 47 0.00625707
15 48 0.00260661
15 49 -0.00176973
15 50 -0.00633674
15 51 -0.0113594
15 52 -0.0160237
15 53 -0.0198414
15 54 -0.0226404
15 55 -0.0240858
15 56 -0.0245674
15 57 -0.0244974
15 58 -0.02432
15 59 -0.024256
15 60 -0.0249087
15 61 -0.0256867
15 62 -0.0264131
15 63 -0.0266175
15 64 -0.0259568
15 65 -0.0239684
15 66 -0.0210747
15 67 -0.0173196
15 68 -0.0132884
15 69 -0.0096049
15 70 -0.00610325
15 71 -0.00306888
15 72 -0.000303367
15 73 0.00281315
15 74 0.0069361
15 75 0.0114458
15 76 0.0172482
15 77 0.0227761
15 78 0.0278039
15 79 0.0310205
15 80 0.0323831
15 81 0.0303983
15 82 0.0264063
15 83 0.0197991
15 84 0.0125687
15 85 0.00463704
15 86 -0.00202658
15 87 -0.007446
15 88 -0.0113567
15 89 -0.013677
15 90 -0.0143076
15 91 -0.0137914
15 92 -0.0121489
15 93 -0.00878113
15 94 -0.00462009
15 95 0.000864537
15 96 0.00594804
15 97 0.0113262
15 98 0.0146157
15 99 0.0155787
15 100 0.0135564
15 101 0.00836316
15 102 0.00066089
15 103 -0.00887928
15 104 -0.0172224
15 105 -0.022828
15 106 -0.0236556
15 107 -0.0195361
15 108 -0.0102667
15 109 0.00196737
15 110 0.0144553
15 111 0.024188
15 112 0.0289769
15 113 0.0279588
15 114 0.0203144
15 115 0.00831994
15 116 -0.0055267
15 117 -0.0168668
15 118 -0.0234647
15 119 0

16 0 0
16 1 -0.0226083
16 2 -0.0165863
16 3 -0.00529247
16 4 0.0071757
16 5 0.0184359
16 6 0.0252288
16 7 0.0261678
16 8 0.0214487
16 9 0.0115224
16 10 0.000233661
16 11 -0.0103339
16 12 -0.0174736
16 13 -0.0200534
16 14 -0.0183349
16 15 -0.0118919
16 16 -0.00362625
16 17 0.00479161
16 18 0.0114059
16 19 0.0149643
16 20 0.0157048
16 21 0.0131377
16 22 0.00857386
16 23 0.00301384
16 24 -0.00321489
16 25 -0.00933032
16 26 -0.0143592
16 27 -0.0182749
16 28 -0.020191
16 29 -0.0201838
16 30 -0.0177427
16 31 -0.0126612
16 32 -0.0061923
16 33 0.00220181
16 34 0.0110535
16 35 0.0195005
16 36 0.0265759
16 37 0.0317168
16 38 0.0340613
16 39 0.0336565
16 40 0.0307286
16 41 0.02607
16 42 0.0200588
16 43 0.0136444
16 44 0.00780516
16 45 0.00190307
16 46 -0.00307327
16 47 -0.00738971
16 48 -0.0115708
16 49 -0.0156048
16 50 -0.0188848
16 51 -0.0226217
16 52 -0.0255873
16 53 -0.0278721
16 54 -0.0295303
16 55 -0.0307118
16 56 -0.0308382
16 57 -0.0310574
16 58 -0.0308366
16 59 -0.0308577
16 60 -0.0310692
16 61 -0.0315517
16 62 -0.0316564
16 63 -0.0319385
16 64 -0.0312816
16 65 -0.0302777
16 66 -0.0287961
16 67 -0.0267825
16 68 -0.0241368
16 69 -0.0220673
16 70 -0.0193032
16 71 -0.0164078
16 72 -0.0132649
16 73 -0.00928895
16 74 -0.00401619
16 75 0.00161515
16 76 0.00848215
16 77 0.0155907
16 78 0.022205
16 79 0.027791
16 80 0.0316547
16 81 0.0332165
16 82 0.0323384
16 83 0.0293444
16 84 0.0245155
16 85 0.0182336
16 86 0.0110115
16 87 0.00396533
16 88 -0.00360274
16 89 -0.010213
16 90 -0.0157889
16 91 -0.0199132
16 92 -0.0218623
16 93 -0.0213421
16 94 -0.0179224
16 95 -0.0119577
16 96 -0.00440545
16 97 0.00413869
16 98 0.0121188
16 99 0.0173358
16 100 0.0196226
16 101 0.0173805
16 102 0.0111579
16 103 0.00183682
16 104 -0.0087455
16 105 -0.0169917
16 106 -0.0219523
16 107 -0.0214516
16 108 -0.015561
16 109 -0.00552969
16 110 0.00665623
16 111 0.0172776
16 112 0.0247165
16 113 0.0265548
16 114 0.0222528
16 115 0.0126957
16 116 0.000210129
16 117 -0.0111043
16 118 -0.0191665
16 119 0

17 0 0
17 1 -0.0178812
17 2 -0.0100694
17 3 0.00117557
17 4 0.0124954
17 5 0.0211469
17 6 0.0245463
17 7 0.0222662
17 8 0.0143072
17 9 0.00305397
17 10 -0.00867075
17 11 -0.0175179
17 12 -0.0219626
17 13 -0.0211829
17 14 -0.0153113
17 15 -0.00612743
17 16 0.00479161
17 17 0.0135222
17 18 0.0195891
17 19 0.0209187
17 20 0.0179661
17 21 0.0116053
17 22 0.00272355
17 23 -0.00584792
17 24 -0.0144157
17 25 -0.0206026
17 26 -0.0243492
17 27 -0.0249267
17 28 -0.0228531
17 29 -0.0180045
17 30 -0.0110723
17 31 -0.00272046
17 32 0.00590803
17 33 0.0144123
17 34 0.0221407
17 35 0.0275067
17 36 0.0313236
17 37 0.0322634
17 38 0.0311748
17 39 0.0275388
17 40 0.0226122
17 41 0.0162222
17 42 0.00942409
17 43 0.00221084
17 44 -0.00399602
17 45 -0.0101052
17 46 -0.0149284
17 47 -0.0185937
17 48 -0.0215703
17 49 -0.0236624
17 50 -0.0246226
17 51 -0.0255616
17 52 -0.0260065
17 53 -0.0259322
17 54 -0.0261794
17 55 -0.0261363
17 56 -0.0259356
17 57 -0.0260189
17 58 -0.025972
17 59 -0.0255859
17 60 -0.0257363
17 61 -0.0255706
17 62 -0.0253469
17 63 -0.0254782
17 64 -0.0256006
17 65 -0.025554
17 66 -0.0260543
17 67 -0.0262009
17 68 -0.0261394
17 69 -0.0262359
17 70 -0.0254979
17 71 -0.0239998
17 72 -0.022028
17 73 -0.0188588
17 74 -0.0144048
17 75 -0.00952515
17 76 -0.00330001
17 77 0.00320303
17 78 0.0100184
17 79 0.0163646
17 80 0.0223835
17 81 0.0268664
17 82 0.0301606
17 83 0.0311099
17 84 0.0307055
17 85 0.027456
17 86 0.0225695
17 87 0.0158536
17 88 0.00760966
17 89 -0.0016057
17 90 -0.0105799
17 91 -0.0185829
17 92 -0.0245409
17 93 -0.0273836
17 94 -0.0266028
17 95 -0.0216958
17 96 -0.0144567
17 97 -0.00425153
17 98 0.0057906
17 99 0.0148053
17 100 0.0205472
17 101 0.021905
17 102 0.0187247
17 103 0.0106742
17 104 0.000415561
17 105 -0.00999529
17 106 -0.017754
17 107 -0.0214552
17 108 -0.0196996
17 109 -0.0132017
17 110 -0.00312827
17 111 0.00747675
17 112 0.0164078
17 113 0.021614
17 114 0.0210842
17 115 0.0157878
17 116 0.00627553
17 117 -0.003412
17 118 -0.0115257
17 119 0

18 0 0
18 1 -0.00991969
18 2 -0.00133493
18 3 0.0087008
18 4 0.0173271
18 5 0.0218093
18 6 0.0211334
18 7 0.0150057
18 8 0.00460894
18 9 -0.00737506
18 10 -0.017976
18 11 -0.0241277
18 12 -0.0251111
18 13 -0.020541
18 14 -0.0115013
18 15 -8.76388e-06
18 16 0.0114059
18 17 0.0195891
18 18 0.0236456
18 19 0.0223431
18 20 0.0163798
18 21 0.00703791
18 22 -0.00362158
18 23 -0.0133753
18 24 -0.0214712
18 25 -0.0261623
18 26 -0.0270274
18 27 -0.0241782
18 28 -0.0182327
18 29 -0.00989162
18 30 -0.000210806
18 31 0.00935602
18 32 0.0173968
18 33 0.0238306
18 34 0.0277072
18 35 0.0285687
18 36 0.0274609
18 37 0.024205
18 38 0.0194503
18 39 0.0138319
18 40 0.00782844
18 41 0.00177366
18 42 -0.00411962
18 43 -0.00966235
18 44 -0.0142964
18 45 -0.0184683
18 46 -0.0214267
18 47 -0.022853
18 48 -0.0233928
18 49 -0.0226113
18 50 -0.0205266
18 51 -0.0183461
18 52 -0.0158378
18 53 -0.0133353
18 54 -0.0119228
18 55 -0.0109842
18 56 -0.0103468
18 57 -0.0105162
18 58 -0.0105348
18 59 -0.0101191
18 60 -0.0098986
18 61 -0.0092593
18 62 -0.00850484
18 63 -0.00861111
18 64 -0.00910469
18 65 -0.0101842
18 66 -0.0125135
18 67 -0.0150411
18 68 -0.0174928
18 69 -0.0201295
18 70 -0.0217986
18 71 -0.0224827
18 72 -0.022638
18 73 -0.0215566
18 74 -0.019509
18 75 -0.0170903
18 76 -0.0137128
18 77 -0.00968364
18 78 -0.0049759
18 79 0.000482789
18 80 0.00656389
18 81 0.0129721
18 82 0.0191204
18 83 0.0242624
18 84 0.0283265
18 85 0.0297763
18 86 0.0285188
18 87 0.0247347
18 88 0.0179261
18 89 0.00886999
18 90 -0.00111625
18 91 -0.0110099
18 92 -0.0195526
18 93 -0.0254963
18 94 -0.0277635
18 95 -0.0258437
18 96 -0.0205857
18 97 -0.01184
18 98 -0.00138238
18 99 0.00907356
18 100 0.0175281
18 101 0.0222471
18 102 0.0224178
18 103 0.0171697
18 104 0.00814378
18 105 -0.00266884
18 106 -0.0126958
18 107 -0.0199438
18 108 -0.0228625
18 109 -0.0205586
18 110 -0.0138204
18 111 -0.00438029
18 112 0.00543209
18 113 0.0134166
18 114 0.0175726
18 115 0.0170586
18 116 0.0123706
18 117 0.00546401
18 118 -0.00162763
18 119 0

19 0 0
19 1 -0.00100749
19 2 0.00715102
19 3 0.0150974
19 4 0.0194752
19 5 0.0197537
19 6 0.0147652
19 7 0.00581086
19 8 -0.00558356
19 9 -0.0168692
19 10 -0.0246778
19 11 -0.0275269
19 12 -0.0248548
19 13 -0.0175039
19 14 -0.00677388
19 15 0.00482298
19 16 0.0149643
19 17 0.0209187
19 18 0.0223431
19 19 0.0188126
19 20 0.0107557
19 21 0.000881728
19 22 -0.00959201
19 23 -0.0177116
19 24 -0.0231942
19 25 -0.0248028
19 26 -0.0218699
19 27 -0.0158469
19 28 -0.00719117
19 29 0.00273006
19 30 0.0126918
19 31 0.0207273
19 32 0.0260919
19 33 0.0282064
19 34 0.0270544
19 35 0.0226157
19 36 0.0164678
19 37 0.00945707
19 38 0.00229809
19 39 -0.00391714
19 40 -0.0090662
19 41 -0.0128624
19 42 -0.01597
19 43 -0.0180636
19 44 -0.0194495
19 45 -0.0203933
19 46 -0.0206158
19 47 -0.0192782
19 48 -0.017215
19 49 -0.013657
19 50 -0.00882059
19 51 -0.00389835
19 52 0.000836216
19 53 0.00514222
19 54 0.00772133
19 55 0.00908185
19 56 0.00951022
19 57 0.00893418
19 58 0.00856116
19 59 0.00888086
19 60 0.00935373
19 61 0.0105218
19 62 0.0119079
19 63 0.0122862
19 64 0.0117408
19 65 0.00993619
19 66 0.00636574
19 67 0.00224156
19 68 -0.00220909
19 69 -0.00683288
19 70 -0.0104608
19 71 -0.0130093
19 72 -0.0152594
19 73 -0.0164762
19 74 -0.0174591
19 75 -0.0184878
19 76 -0.0191628
19 77 -0.0190169
19 78 -0.0181346
19 79 -0.0155166
19 80 -0.0111642
19 81 -0.00477859
19 82 0.0027127
19 83 0.0109014
19 84 0.0187604
19 85 0.0246716
19 86 0.0280049
19 87 0.0283184
19 88 0.025259
19 89 0.0189487
19 90 0.0106615
19 91 0.00126581
19 92 -0.00783258
19 93 -0.0160487
19 94 -0.0210714
19 95 -0.0230056
19 96 -0.0216049
19 97 -0.0162613
19 98 -0.00840165
19 99 0.00132749
19 100 0.0103642
19 101 0.0174235
19 102 0.0208794
19 103 0.0193674
19 104 0.013153
19 105 0.00397484
19 106 -0.00651847
19 107 -0.0161298
19 108 -0.0228437
19 109 -0.0254095
19 110 -0.0223895
19 111 -0.0157962
19 112 -0.00624963
19 113 0.00356922
19 114 0.011408
19 115 0.0163228
19 116 0.0162934
19 117 0.0135742
19 118 0.00817056
19 119 0

20 0 0
20 1 0.00749668
20 2 0.0147377
20 3 0.0189586
20 4 0.0195865
20 5 0.0148488
20 6 0.00676521
20 7 -0.00388885
20 8 -0.0150884
20 9 -0.0235414
20 10 -0.0281361
20 11 -0.0265946
20 12 -0.0209419
20 13 -0.0117351
20 14 -0.000989886
20 15 0.00862968
20 16 0.0157048
20 17 0.0179661
20 18 0.0163798
20 19 0.0107557
20 20 0.0025781
20 21 -0.00623602
20 22 -0.013512
20 23 -0.018023
20 24 -0.0192736
20 25 -0.0167612
20 26 -0.0108372
20 27 -0.00241617
20 28 0.0067932
20 29 0.0162878
20 30 0.0240048
20 31 0.0287757
20 32 0.0294827
20 33 0.0266706
20 34 0.0202491
20 35 0.0111716
20 36 0.00148806
20 37 -0.00770938
20 38 -0.0153767
20 39 -0.0204332
20 40 -0.0227399
20 41 -0.0229938
20 42 -0.0215371
20 43 -0.0194681
20 44 -0.0170429
20 45 -0.0148782
20 46 -0.0123434
20 47 -0.00921128
20 48 -0.00520716
20 49 -0.000160168
20 50 0.00611095
20 51 0.0123053
20 52 0.0183402
20 53 0.0230955
20 54 0.0257012
20 55 0.0265273
20 56 0.026269
20 57 0.0247112
20 58 0.0235949
20 59 0.0234592
20 60 0.0242067
20 61 0.025964
20 62 0.0282159
20 63 0.029246
20 64 0.0292773
20 65 0.0276231
20 66 0.0238932
20 67 0.0189363
20 68 0.0138122
20 69 0.00854085
20 70 0.00431838
20 71 0.000859918
20 72 -0.00213867
20 73 -0.00507061
20 74 -0.00827604
20 75 -0.0124595
20 76 -0.0170144
20 77 -0.0216335
20 78 -0.0250376
20 79 -0.0266511
20 80 -0.0253728
20 81 -0.0209677
20 82 -0.0139872
20 83 -0.0051542
20 84 0.00484187
20 85 0.0139214
20 86 0.0211227
20 87 0.0259613
20 88 0.0273993
20 89 0.0255867
20 90 0.0209868
20 91 0.0147767
20 92 0.00696256
20 93 -0.00105191
20 94 -0.00831485
20 95 -0.013808
20 96 -0.0172122
20 97 -0.0172657
20 98 -0.0138716
20 99 -0.00739118
20 100 0.000606305
20 101 0.00861675
20 102 0.0152207
20 103 0.0175009
20 104 0.0157424
20 105 0.00935785
20 106 0.000427307
20 107 -0.00989853
20 108 -0.0197507
20 109 -0.0259353
20 110 -0.0278625
20 111 -0.0242103
20 112 -0.0167724
20 113 -0.00655434
20 114 0.0042124
20 115 0.0128649
20 116 0.0182948
20 117 0.0191053
20 118 0.0165878
20 119 0

21 0 0
21 1 0.0143929
21 2 0.0195609
21 3 0.0208381
21 4 0.0167499
21 5 0.0087559
21 6 -0.00176567
