0 0 0
0 1 0
0 2 0
0 3 0
0 4 0
0 5 0
0 6 0
0 7 0
0 8 0
0 9 0
0 10 0
0 11 0
0 12 0
0 13 0
0 14 0
0 15 0
0 16 0
0 17 0
0 18 0
0 19 0
0 20 0
0 21 0
0 22 0
0 23 0
0 24 0
0 25 0
0 26 0
0 27 0
0 28 0
0 29 0
0 30 0
0 31 0
0 32 0
0 33 0
0 34 0
0 35 0
0 36 0
0 37 0
0 38 0
0 39 0
0 40 0
0 41 0
0 42 0
0 43 0
0 44 0
0 45 0
0 46 0
0 47 0
0 48 0
0 49 0
0 50 0
0 51 0
0 52 0
0 53 0
0 54 0
0 55 0
0 56 0
0 57 0
0 58 0
0 59 0
0 60 0
0 61 0
0 62 0
0 63 0
0 64 0
0 65 0
0 66 0
0 67 0
0 68 0
0 69 0
0 70 0
0 71 0
0 72 0
0 73 0
0 74 0
0 75 0
0 76 0
0 77 0
0 78 0
0 79 0
0 80 0
0 81 0
0 82 0
0 83 0
0 84 0
0 85 0
0 86 0
0 87 0
0 88 0
0 89 0
0 90 0
0 91 0
0 92 0
0 93 0
0 94 0
0 95 0
0 96 0
0 97 0
0 98 0
0 99 0
0 100 0
0 101 0
0 102 0
0 103 0
0 104 0
0 105 0
0 106 0
0 107 0
0 108 0
0 109 0
0 110 0
0 111 0
0 112 0
0 113 0
0 114 0
0 115 0
0 116 0
0 117 0
0 118 0
0 119 0

1 0 0
1 1 -0.0225738
1 2 -0.0192695
1 3 -0.012444
1 4 -0.00409417
1 5 0.00509328
1 6 0.0129039
1 7 0.0182791
1 8 0.0203725
1 9 0.0183297
1 10 0.0127328
1 11 0.0041355
1 12 -0.0056796
1 13 -0.0148165
1 14 -0.0211108
1 15 -0.0235966
1 16 -0.0217408
1 17 -0.0163937
1 18 -0.00909372
1 19 -0.000477949
1 20 0.00735267
1 21 0.0141375
1 22 0.0186205
1 23 0.0204139
1 24 0.0203951
1 25 0.0188163
1 26 0.0167891
1 27 0.0141596
1 28 0.0109897
1 29 0.00712429
1 30 0.0028022
1 31 -0.00254683
1 32 -0.00871767
1 33 -0.01562
1 34 -0.0221526
1 35 -0.0270226
1 36 -0.0302729
1 37 -0.0311434
1 38 -0.0293452
1 39 -0.0252113
1 40 -0.0199205
1 41 -0.0140666
1 42 -0.00889864
1 43 -0.0043784
1 44 -0.00115313
1 45 0.000845501
1 46 0.0023699
1 47 0.00439505
1 48 0.00658748
1 49 0.00952613
1 50 0.0133956
1 51 0.0174389
1 52 0.0208242
1 53 0.0234658
1 54 0.0248408
1 55 0.0247161
1 56 0.0237009
1 57 0.0224793
1 58 0.021434
1 59 0.021053
1 60 0.021693
1 61 0.0230085
1 62 0.0245324
1 63 0.0258818
1 64 0.026401
1 65 0.0254669
1 66 0.023346
1 67 0.0205299
1 68 0.0171386
1 69 0.0139524
1 70 0.0117573
1 71 0.010294
1 72 0.00900181
1 73 0.00811668
1 74 0.00666678
1 75 0.00378718
1 76 -0.0006023
1 77 -0.00596305
1 78 -0.0123527
1 79 -0.0185949
1 80 -0.0241073
1 81 -0.0277059
1 82 -0.029043
1 83 -0.0282821
1 84 -0.0261325
1 85 -0.0222867
1 86 -0.0179604
1 87 -0.0138796
1 88 -0.0100732
1 89 -0.00635409
1 90 -0.00217118
1 91 0.00249233
1 92 0.00763752
1 93 0.0131568
1 94 0.0189201
1 95 0.0233813
1 96 0.025974
1 97 0.0250845
1 98 0.0209283
1 99 0.0140268
1 100 0.00475918
1 101 -0.00507196
1 102 -0.0144234
1 103 -0.0212885
1 104 -0.0243298
1 105 -0.0229224
1 106 -0.0177575
1 107 -0.00978328
1 108 -0.000984172
1 109 0.00720644
1 110 0.0139028
1 111 0.0174807
1 112 0.0184535
1 113 0.015796
1 114 0.0102774
1 115 0.00294467
1 116 -0.00584298
1 117 -0.0133247
1 118 -0.0192383
1 119 0

2 0 0
2 1 -0.0192695
2 2 -0.0142415
2 3 -0.00753918
2 4 0.000823442
2 5 0.00810067
2 6 0.0141167
2 7 0.0174721
2 8 0.0171575
2 9 0.0140742
2 10 0.00712917
2 11 -0.00103147
2 12 -0.00987467
2 13 -0.0169525
2 14 -0.0202742
2 15 -0.0202764
2 16 -0.0155813
2 17 -0.00909435
2 18 -0.000732755
2 19 0.00747049
2 20 0.0143315
2 21 0.0193553
2 22 0.0209492
2 23 0.0201037
2 24 0.0167356
2 25 0.0131795
2 26 0.00863798
2 27 0.00491117
2 28 0.000695052
2 29 -0.00313092
2 30 -0.00615659
2 31 -0.00991059
2 32 -0.0132391
2 33 -0.0173583
2 34 -0.0201564
2 35 -0.0224243
2 36 -0.0225042
2 37 -0.0218859
2 38 -0.0185302
2 39 -0.0141857
2 40 -0.00897109
2 41 -0.00377582
2 42 0.000814992
2 43 0.00469315
2 44 0.00721818
2 45 0.00892195
2 46 0.00956322
2 47 0.011087
2 48 0.0117261
2 49 0.0134237
2 50 0.0151829
2 51 0.0177945
2 52 0.0188548
2 53 0.0206191
2 54 0.0208143
2 55 0.0206572
2 56 0.0191955
2 57 0.0188691
2 58 0.0175459
2 59 0.0174921
2 60 0.0175558
2 61 0.0188978
2 62 0.0192723
2 63 0.0208103
2 64 0.0210979
2 65 0.0210855
2 66 0.0195725
2 67 0.018846
2 68 0.0166319
2 69 0.0153864
2 70 0.0142316
2 71 0.0142826
2 72 0.0134023
2 73 0.0135698
2 74 0.0125034
2 75 0.0107738
2 76 0.00734991
2 77 0.00332909
2 78 -0.00182717
2 79 -0.00696441
2 80 -0.0119189
2 81 -0.0159424
2 82 -0.017959
2 83 -0.0194144
2 84 -0.0192566
2 85 -0.018721
2 86 -0.0170337
2 87 -0.016203
2 88 -0.0145016
2 89 -0.013405
2 90 -0.0104107
2 91 -0.00667042
2 92 -0.00192091
2 93 0.00415615
2 94 0.0105969
2 95 0.0173099
2 96 0.0220239
2 97 0.0244247
2 98 0.0226443
2 99 0.0186076
2 100 0.0113525
2 101 0.0030065
2 102 -0.00559346
2 103 -0.0134751
2 104 -0.0177963
2 105 -0.0193875
2 106 -0.0165162
2 107 -0.0114333
2 108 -0.00474428
2 109 0.00223415
2 110 0.00779312
2 111 0.0123605
2 112 0.0141348
2 113 0.0139809
2 114 0.0111614
2 115 0.0060356
2 116 -0.000163867
2 117 -0.00734763
2 118 -0.013239
2 119 0

3 0 0
3 1 -0.012444
3 2 -0.00753918
3 3 -0.00130447
3 4 0.00400549
3 5 0.00867222
3 6 0.0116391
3 7 0.0120836
3 8 0.0108434
3 9 0.00679043
3 10 0.00117147
3 11 -0.00509828
3 12 -0.0110589
3 13 -0.0143777
3 14 -0.0146032
3 15 -0.0113509
3 16 -0.00552166
3 17 0.00170587
3 18 0.00857701
3 19 0.0146969
3 20 0.0188969
3 21 0.0199003
3 22 0.0188029
3 23 0.014141
3 24 0.00874691
3 25 0.00316855
3 26 -0.00234649
3 27 -0.00650542
3 28 -0.0102262
3 29 -0.0121236
3 30 -0.0132651
3 31 -0.0133608
3 32 -0.0139112
3 33 -0.0136878
3 34 -0.0131024
3 35 -0.0115287
3 36 -0.00960538
3 37 -0.00759486
3 38 -0.00376404
3 39 -9.56652e-05
3 40 0.00358372
3 41 0.00644656
3 42 0.00966639
3 43 0.0111561
3 44 0.0124197
3 45 0.0121686
3 46 0.0121031
3 47 0.011558
3 48 0.0110193
3 49 0.0101078
3 50 0.0102267
3 51 0.0100648
3 52 0.0094913
3 53 0.0092239
3 54 0.00896473
3 55 0.00794666
3 56 0.00696726
3 57 0.00670445
3 58 0.00600697
3 59 0.00554017
3 60 0.00576639
3 61 0.00624359
3 62 0.00626727
3 63 0.00707042
3 64 0.00787711
3 65 0.00803555
3 66 0.00815576
3 67 0.00874617
3 68 0.00887386
3 69 0.00893958
3 70 0.00998709
3 71 0.0109254
3 72 0.011829
3 73 0.0125319
3 74 0.013387
3 75 0.0129661
3 76 0.0122861
3 77 0.00999399
3 78 0.0080123
3 79 0.00511978
3 80 0.00216344
3 81 -0.00133196
3 82 -0.00311374
3 83 -0.00546712
3 84 -0.00758801
3 85 -0.00954319
3 86 -0.0112098
3 87 -0.0128365
3 88 -0.0148711
3 89 -0.0161716
3 90 -0.0164829
3 91 -0.0145868
3 92 -0.0118251
3 93 -0.00660603
3 94 -0.0007914
3 95 0.00628764
3 96 0.0130871
3 97 0.0174117
3 98 0.0197867
3 99 0.0189832
3 100 0.0159483
3 101 0.0108897
3 102 0.00470468
3 103 -0.00203162
3 104 -0.00717539
3 105 -0.0102255
3 106 -0.0108939
3 107 -0.00868472
3 108 -0.00602669
3 109 -0.00221538
3 110 0.00129604
3 111 0.00405537
3 112 0.00698252
3 113 0.00812749
3 114 0.0085796
3 115 0.007326
3 116 0.0039731
3 117 2.32271e-05
3 118 -0.00537995
3 119 0

4 0 0
4 1 -0.00409417
4 2 0.000823442
4 3 0.00400549
4 4 0.00680661
4 5 0.00729432
4 6 0.00675046
4 7 0.00524106
4 8 0.00207196
4 9 -0.000780116
4 10 -0.00488993
4 11 -0.0078056
4 12 -0.00936508
4 13 -0.00887649
4 14 -0.00488756
4 15 0.000288198
4 16 0.00712918
4 17 0.0129825
4 18 0.0175143
4 19 0.0201496
4 20 0.0200776
4 21 0.0174227
4 22 0.0117877
4 23 0.0046933
4 24 -0.00312878
4 25 -0.00926274
4 26 -0.0146778
4 27 -0.017966
4 28 -0.0198086
4 29 -0.0197372
4 30 -0.0173016
4 31 -0.0145066
4 32 -0.0107568
4 33 -0.00702892
4 34 -0.00255255
4 35 0.00140118
4 36 0.00550344
4 37 0.00818897
4 38 0.0112105
4 39 0.0133745
4 40 0.0144119
4 41 0.01475
4 42 0.014713
4 43 0.0140972
4 44 0.0127582
4 45 0.0113628
4 46 0.00931827
4 47 0.00771269
4 48 0.00509853
4 49 0.00279569
4 50 0.000370055
4 51 -0.00152066
4 52 -0.00432289
4 53 -0.00565692
4 54 -0.00701025
4 55 -0.00789668
4 56 -0.00883633
4 57 -0.0083163
4 58 -0.0088536
4 59 -0.00899597
4 60 -0.00924958
4 61 -0.00911388
4 62 -0.0100393
4 63 -0.00951746
4 64 -0.00905302
4 65 -0.0081279
4 66 -0.00722002
4 67 -0.00482239
4 68 -0.00331902
4 69 -0.00120339
4 70 0.00083086
4 71 0.0033389
4 72 0.00490792
4 73 0.00718445
4 74 0.00890085
4 75 0.0109339
4 76 0.0123224
4 77 0.0135692
4 78 0.0144539
4 79 0.0150513
4 80 0.0143957
4 81 0.0131385
4 82 0.0118843
4 83 0.00917358
4 84 0.00605629
4 85 0.00199553
4 86 -0.00200789
4 87 -0.00679345
4 88 -0.011239
4 89 -0.0162089
4 90 -0.0190547
4 91 -0.0206329
4 92 -0.0203738
4 93 -0.0180243
4 94 -0.0138983
4 95 -0.00733656
4 96 -0.000105591
4 97 0.0069887
4 98 0.0121942
4 99 0.016107
4 100 0.0174303
4 101 0.0173571
4 102 0.0148667
4 103 0.0106439
4 104 0.00627943
4 105 0.00137479
4 106 -0.00145206
4 107 -0.00392549
4 108 -0.00507086
4 109 -0.00544903
4 110 -0.00560344
4 111 -0.00405063
4 112 -0.00219662
4 113 0.00109259
4 114 0.00431261
4 115 0.0067385
4 116 0.00799917
4 117 0.00659986
4 118 0.0036801
4 119 0

5 0 0
5 1 0.00509328
5 2 0.00810067
5 3 0.00867222
5 4 0.00729432
5 5 0.00409773
5 6 0.000632177
5 7 -0.00291414
5 8 -0.00565525
5 9 -0.00736952
5 10 -0.0082132
5 11 -0.00726917
5 12 -0.00482291
5 13 -0.000112265
5 14 0.00605584
5 15 0.0126697
5 16 0.0182518
5 17 0.0215857
5 18 0.0223197
5 19 0.0202773
5 20 0.0162128
5 21 0.0094056
5 22 0.00154598
5 23 -0.00718287
5 24 -0.0148012
5 25 -0.0201447
5 26 -0.0239109
5 27 -0.0250817
5 28 -0.024628
5 29 -0.0215851
5 30 -0.0170132
5 31 -0.0112193
5 32 -0.00542752
5 33 0.0010784
5 34 0.00738546
5 35 0.0128461
5 36 0.0171284
5 37 0.0193865
5 38 0.0209146
5 39 0.0204907
5 40 0.0187002
5 41 0.0157023
5 42 0.0132939
5 43 0.0100328
5 44 0.00733785
5 45 0.00459133
5 46 0.0023774
5 47 -0.000308472
5 48 -0.00316275
5 49 -0.00667124
5 50 -0.00994112
5 51 -0.0134689
5 52 -0.0169146
5 53 -0.0193111
5 54 -0.0206011
5 55 -0.0213685
5 56 -0.021283
5 57 -0.0202917
5 58 -0.019923
5 59 -0.020026
5 60 -0.0202916
5 61 -0.0210309
5 62 -0.0224379
5 63 -0.0229418
5 64 -0.0226771
5 65 -0.0218826
5 66 -0.0200916
5 67 -0.0172165
5 68 -0.0143724
5 69 -0.0116983
5 70 -0.00886849
5 71 -0.00652406
5 72 -0.00435982
5 73 -0.0023955
5 74 0.000200093
5 75 0.00312012
5 76 0.00683678
5 77 0.0101402
5 78 0.0143767
5 79 0.0178107
5 80 0.0202578
5 81 0.0209682
5 82 0.0212291
5 83 0.0193139
5 84 0.0162396
5 85 0.0116763
5 86 0.00655353
5 87 0.0010432
5 88 -0.00519306
5 89 -0.0115015
5 90 -0.017153
5 91 -0.0212138
5 92 -0.0242819
5 93 -0.0249127
5 94 -0.0239468
5 95 -0.0197189
5 96 -0.0135204
5 97 -0.00628726
5 98 0.00135129
5 99 0.00823933
5 100 0.0144772
5 101 0.0189184
5 102 0.0212205
5 103 0.0205245
5 104 0.0178981
5 105 0.0135112
5 106 0.0086841
5 107 0.00376842
5 108 -0.00140074
5 109 -0.0056856
5 110 -0.00943914
5 111 -0.0108988
5 112 -0.0100358
5 113 -0.0066643
5 114 -0.00115174
5 115 0.0045204
5 116 0.00962642
5 117 0.0120592
5 118 0.0115214
5 119 0

6 0 0
6 1 0.0129039
6 2 0.0141167
6 3 0.0116391
6 4 0.00675046
6 5 0.000632177
6 6 -0.00524061
6 7 -0.0093527
6 8 -0.0115641
6 9 -0.011234
6 10 -0.00884828
6 11 -0.00466403
6 12 0.00156033
6 13 0.0085176
6 14 0.0159787
6 15 0.022037
6 16 0.0251312
6 17 0.0252973
6 18 0.0216346
6 19 0.0157784
6 20 0.00804552
6 21 -0.00100745
6 22 -0.00996047
6 23 -0.0180619
6 24 -0.0237632
6 25 -0.0268967
6 26 -0.0275189
6 27 -0.0265756
6 28 -0.0234639
6 29 -0.0188087
6 30 -0.0128146
6 31 -0.00617549
6 32 0.000315968
6 33 0.00740432
6 34 0.0137672
6 35 0.019229
6 36 0.0224776
6 37 0.0238428
6 38 0.0229618
6 39 0.0204572
6 40 0.0158495
6 41 0.010721
6 42 0.0061289
6 43 0.00189438
6 44 -0.0014554
6 45 -0.00380723
6 46 -0.00538364
6 47 -0.00741811
6 48 -0.00955319
6 49 -0.0126703
6 50 -0.0159259
6 51 -0.019834
6 52 -0.0231103
6 53 -0.0256885
6 54 -0.02645
6 55 -0.0265212
6 56 -0.0250919
6 57 -0.0234591
6 58 -0.022008
6 59 -0.021924
6 60 -0.0221758
6 61 -0.02381
6 62 -0.0256625
6 63 -0.0273566
6 64 -0.0276172
6 65 -0.0272589
6 66 -0.0251675
6 67 -0.0224667
6 68 -0.0192095
6 69 -0.0166932
6 70 -0.0143444
6 71 -0.0130375
6 72 -0.0117636
6 73 -0.0109416
6 74 -0.00912724
6 75 -0.00620577
6 76 -0.00199782
6 77 0.00279796
6 78 0.00870423
6 79 0.0144152
6 80 0.0186769
6 81 0.0216449
6 82 0.0229127
6 83 0.022476
6 84 0.0200098
6 85 0.0164914
6 86 0.0118366
6 87 0.00718377
6 88 0.00130941
6 89 -0.00490019
6 90 -0.0112757
6 91 -0.0171742
6 92 -0.0222777
6 93 -0.02648
6 94 -0.0286914
6 95 -0.0281242
6 96 -0.024318
6 97 -0.0184205
6 98 -0.0103522
6 99 -0.00172902
6 100 0.00739636
6 101 0.0159456
6 102 0.0219866
6 103 0.0254812
6 104 0.0252963
6 105 0.0224164
6 106 0.0175264
6 107 0.0109617
6 108 0.00369128
6 109 -0.00385897
6 110 -0.0103859
6 111 -0.0145973
6 112 -0.0153924
6 113 -0.0123542
6 114 -0.00610957
6 115 0.0019783
6 116 0.00977006
6 117 0.0154335
6 118 0.0174326
6 119 0

7 0 0
7 1 0.0182791
7 2 0.0174721
7 3 0.0120836
7 4 0.00524106
7 5 -0.00291414
7 6 -0.0093527
7 7 -0.0130344
7 8 -0.0141167
7 9 -0.011538
7 10 -0.00698416
7 11 -0.000319099
7 12 0.00752709
7 13 0.0154238
7 14 0.0221947
7 15 0.026209
7 16 0.0263911
7 17 0.0223845
7 18 0.0156321
7 19 0.00648725
7 20 -0.00287851
7 21 -0.0119959
7 22 -0.0200515
7 23 -0.0251173
7 24 -0.0276632
7 25 -0.0269783
7 26 -0.024492
7 27 -0.0207962
7 28 -0.0162162
7 29 -0.0111292
7 30 -0.00562372
7 31 -0.000379766
7 32 0.00494824
7 33 0.0103331
7 34 0.015416
7 35 0.0187902
7 36 0.0207063
7 37 0.0204964
7 38 0.0178075
7 39 0.0132395
7 40 0.00723667
7 41 0.00105237
7 42 -0.00427472
7 43 -0.00819592
7 44 -0.010695
7 45 -0.0111628
7 46 -0.0109436
7 47 -0.0108392
7 48 -0.0112745
7 49 -0.012531
7 50 -0.0150808
7 51 -0.0180711
7 52 -0.0207617
7 53 -0.0224934
7 54 -0.022736
7 55 -0.02137
7 56 -0.0188801
7 57 -0.0161228
7 58 -0.0139926
7 59 -0.0131974
7 60 -0.0138615
7 61 -0.0158796
7 62 -0.0185482
7 63 -0.0210072
7 64 -0.0223893
7 65 -0.0222595
7 66 -0.0207103
7 67 -0.0183342
7 68 -0.0157442
7 69 -0.0137483
7 70 -0.0131307
7 71 -0.0134798
7 72 -0.0144221
7 73 -0.0155664
7 74 -0.016001
7 75 -0.0143673
7 76 -0.011164
7 77 -0.00632896
7 78 -0.000334773
7 79 0.00592222
7 80 0.01118
7 81 0.0151709
7 82 0.0171496
7 83 0.0176182
7 84 0.0169388
7 85 0.0148999
7 86 0.0124861
7 87 0.00991835
7 88 0.00682409
7 89 0.00254021
7 90 -0.00241817
7 91 -0.0083559
7 92 -0.014634
7 93 -0.0211899
7 94 -0.026723
7 95 -0.0297042
7 96 -0.0299571
7 97 -0.0264444
7 98 -0.0205363
7 99 -0.012186
7 100 -0.00209692
7 101 0.00822016
7 102 0.0173761
7 103 0.0237932
7 104 0.0266185
7 105 0.0257614
7 106 0.0223828
7 107 0.016032
7 108 0.00852317
7 109 -6.0062e-06
7 110 -0.00845807
7 111 -0.0140376
7 112 -0.0171524
7 113 -0.0151119
7 114 -0.00934388
7 115 -0.00117351
7 116 0.00863006
7 117 0.0156688
7 118 0.0202093
7 119 0

8 0 0
8 1 0.0203725
8 2 0.0171575
8 3 0.0108434
8 4 0.00207196
8 5 -0.00565525
8 6 -0.0115641
8 7 -0.0141167
8 8 -0.0127829
8 9 -0.00911492
8 10 -0.00246374
8 11 0.00461572
8 12 0.012421
8 13 0.0191896
8 14 0.0232472
8 15 0.0245592
8 16 0.0206972
8 17 0.0141523
8 18 0.00462241
8 19 -0.00535624
8 20 -0.014318
8 21 -0.0218299
8 22 -0.0258643
8 23 -0.0269227
8 24 -0.0241041
8 25 -0.0197516
8 26 -0.0137538
8 27 -0.00880275
8 28 -0.0038277
8 29 0.000195222
8 30 0.00274955
8 31 0.00523269
8 32 0.00663913
8 33 0.00916472
8 34 0.0108527
8 35 0.0124468
8 36 0.0118739
8 37 0.0106692
8 38 0.00671534
8 39 0.00164133
8 40 -0.004642
8 41 -0.010516
8 42 -0.0147059
8 43 -0.0171747
8 44 -0.0171729
8 45 -0.0152642
8 46 -0.0116373
8 47 -0.00916947
8 48 -0.00649517
8 49 -0.00598374
8 50 -0.00646139
8 51 -0.00874946
8 52 -0.00975141
8 53 -0.0111092
8 54 -0.0100099
8 55 -0.00795318
8 56 -0.00384823
8 57 -0.000801044
8 58 0.00254988
8 59 0.0033394
8 60 0.00296246
8 61 2.03732e-05
8 62 -0.00263981
8 63 -0.00637411
8 64 -0.00810512
8 65 -0.00892237
8 66 -0.00735117
8 67 -0.0062281
8 68 -0.00390738
8 69 -0.00356015
8 70 -0.00429544
8 71 -0.00744102
8 72 -0.0104455
8 73 -0.0149333
8 74 -0.0176843
8 75 -0.0188888
8 76 -0.0174445
8 77 -0.0145985
8 78 -0.00965643
8 79 -0.00448215
8 80 0.0001602
8 81 0.00373491
8 82 0.00543673
8 83 0.00680806
8 84 0.00687764
8 85 0.00730539
8 86 0.00740582
8 87 0.00900827
8 88 0.00931863
8 89 0.00960345
8 90 0.0072863
8 91 0.00356021
8 92 -0.00198084
8 93 -0.00942981
8 94 -0.0170724
8 95 -0.0240318
8 96 -0.0279665
8 97 -0.0291897
8 98 -0.0260678
8 99 -0.0207869
8 100 -0.0120341
8 101 -0.00220728
8 102 0.00745098
8 103 0.0159692
8 104 0.0207106
8 105 0.0232168
8 106 0.021844
8 107 0.0183205
8 108 0.0123435
8 109 0.00453994
8 110 -0.00327119
8 111 -0.0106324
8 112 -0.0145692
8 113 -0.0150321
8 114 -0.011074
8 115 -0.00364687
8 116 0.00500632
8 117 0.0135846
8 118 0.0189921
8 119 0

9 0 0
9 1 0.0183297
9 2 0.0140742
9 3 0.00679043
9 4 -0.000780116
9 5 -0.00736952
9 6 -0.011234
9 7 -0.011538
9 8 -0.00911492
9 9 -0.00414414
9 10 0.00203895
9 11 0.00838435
9 12 0.0143445
9 13 0.0184302
9 14 0.0196542
9 15 0.017381
9 16 0.0112629
9 17 0.00247942
9 18 -0.00701323
9 19 -0.0160992
9 20 -0.0228035
9 21 -0.0262853
9 22 -0.0264461
9 23 -0.0221427
9 24 -0.0153762
9 25 -0.00729115
9 26 0.000420943
9 27 0.00595978
9 28 0.0096234
9 29 0.010608
9 30 0.00961159
9 31 0.00733604
9 32 0.0052101
9 33 0.00362694
9 34 0.00283506
9 35 0.00175252
9 36 0.00052632
9 37 -0.00111275
9 38 -0.00479521
9 39 -0.0093718
9 40 -0.0142704
9 41 -0.0182585
9 42 -0.0208534
9 43 -0.0206621
9 44 -0.0182345
9 45 -0.0129924
9 46 -0.00700707
9 47 -0.00139547
9 48 0.00317113
9 49 0.00617084
9 50 0.00650888
9 51 0.00571543
9 52 0.00506373
9 53 0.00477513
9 54 0.00585564
9 55 0.00906643
9 56 0.0133287
9 57 0.0172039
9 58 0.0205142
9 59 0.0220187
9 60 0.0210552
9 61 0.0182832
9 62 0.014969
9 63 0.0112548
9 64 0.00862876
9 65 0.00809619
9 66 0.00896644
9 67 0.0101177
9 68 0.0114172
9 69 0.0114339
9 70 0.00874094
9 71 0.00424271
9 72 -0.00142324
9 73 -0.00778477
9 74 -0.0136001
9 75 -0.0169636
9 76 -0.018325
9 77 -0.0172095
9 78 -0.0148902
9 79 -0.0117773
9 80 -0.00901753
9 81 -0.00693241
9 82 -0.00666311
9 83 -0.00617874
9 84 -0.0053343
9 85 -0.00383584
9 86 -0.000897954
9 87 0.00353687
9 88 0.00862448
9 89 0.0129323
9 90 0.0152683
9 91 0.0145544
9 92 0.0112742
9 93 0.00451107
9 94 -0.00386798
9 95 -0.0126859
9 96 -0.0202703
9 97 -0.02464
9 98 -0.0261452
9 99 -0.0242505
9 100 -0.0191717
9 101 -0.0119002
9 102 -0.0035122
9 103 0.00465747
9 104 0.0108177
9 105 0.0149198
9 106 0.0167403
9 107 0.0159037
9 108 0.0133795
9 109 0.00839905
9 110 0.00212405
9 111 -0.00405816
9 112 -0.00943933
9 113 -0.0114537
9 114 -0.0103066
9 115 -0.00582358
9 116 0.00129355
9 117 0.00830737
9 118 0.0145346
9 119 0

10 0 0
10 1 0.0127328
10 2 0.00712917
10 3 0.00117147
10 4 -0.00488993
10 5 -0.0082132
10 6 -0.00884828
10 7 -0.00698416
10 8 -0.00246374
10 9 0.00203895
10 10 0.00729266
10 11 0.0112166
10 12 0.0137091
10 13 0.0146509
10 14 0.0120074
10 15 0.00728542
10 16 -0.000604625
10 17 -0.009396
10 18 -0.0175316
10 19 -0.0239864
10 20 -0.0268697
10 21 -0.0262331
10 22 -0.0212146
10 23 -0.0128378
10 24 -0.00224931
10 25 0.00766736
10 26 0.0157243
10 27 0.0201993
10 28 0.0211546
10 29 0.0187053
10 30 0.0129431
10 31 0.00653065
10 32 0.00013745
10 33 -0.00442913
10 34 -0.00763646
10 35 -0.00960219
10 36 -0.0110472
10 37 -0.0118216
10 38 -0.0138832
10 39 -0.0167251
10 40 -0.0193008
10 41 -0.0210859
10 42 -0.0210794
10 43 -0.0187674
10 44 -0.01371
10 45 -0.00655352
10 46 0.00171059
10 47 0.00884682
10 48 0.0150901
10 49 0.0188972
10 50 0.0201134
10 51 0.0194667
10 52 0.0191858
10 53 0.0187209
10 54 0.0198721
10 55 0.0229244
10 56 0.0273039
10 57 0.030951
10 58 0.0343831
10 59 0.0357949
10 60 0.0348481
10 61 0.0318987
10 62 0.0287629
10 63 0.0249429
10 64 0.0224996
10 65 0.0220203
10 66 0.0232105
10 67 0.024266
10 68 0.0257174
10 69 0.0253005
10 70 0.0222635
10 71 0.0166805
10 72 0.010079
10 73 0.00209087
10 74 -0.00503298
10 75 -0.0104817
10 76 -0.0135266
10 77 -0.0148129
10 78 -0.0146625
10 79 -0.0142671
10 80 -0.0138181
10 81 -0.0144947
10 82 -0.0163368
10 83 -0.0174364
10 84 -0.0174214
10 85 -0.0155511
10 86 -0.0112946
10 87 -0.00415009
10 88 0.00416587
10 89 0.0129671
10 90 0.0191914
10 91 0.0226613
10 92 0.0223828
10 93 0.018214
10 94 0.010805
10 95 0.0014144
10 96 -0.00782171
10 97 -0.0154362
10 98 -0.0203177
10 99 -0.0228475
10 100 -0.0219052
10 101 -0.0190482
10 102 -0.0137292
10 103 -0.0076511
10 104 -0.00199001
10 105 0.00369367
10 106 0.00759523
10 107 0.0110335
10 108 0.0124024
10 109 0.0116237
10 110 0.00880409
10 111 0.00373852
10 112 -0.00139929
10 113 -0.00599758
10 114 -0.00810398
10 115 -0.00741765
10 116 -0.00413338
10 117 0.00113517
10 118 0.00644159
10 119 0

11 0 0
11 1 0.0041355
11 2 -0.00103147
11 3 -0.00509828
11 4 -0.0078056
11 5 -0.00726917
11 6 -0.00466403
11 7 -0.000319099
11 8 0.00461572
11 9 0.00838435
11 10 0.0112166
11 11 0.0118969
11 12 0.0110587
11 13 0.00821774
11 14 0.00325956
11 15 -0.00331728
11 16 -0.0110544
11 17 -0.0181281
11 18 -0.0235999
11 19 -0.026045
11 20 -0.0253229
11 21 -0.0206745
11 22 -0.0125278
11 23 -0.00156792
11 24 0.0102023
11 25 0.0200089
11 26 0.0267521
11 27 0.0286699
11 28 0.0266203
11 29 0.0203547
11 30 0.011238
11 31 0.00148295
11 32 -0.00692288
11 33 -0.013116
11 34 -0.0166735
11 35 -0.0179534
11 36 -0.0178039
11 37 -0.016497
11 38 -0.0161155
11 39 -0.0162397
11 40 -0.0163973
11 41 -0.015742
11 42 -0.0141533
11 43 -0.0102037
11 44 -0.00423426
11 45 0.00371677
11 46 0.0120323
11 47 0.0195278
11 48 0.0253874
11 49 0.0289777
11 50 0.0295182
11 51 0.028438
11 52 0.0272288
11 53 0.0261779
11 54 0.0263956
11 55 0.0288119
11 56 0.0323273
11 57 0.0355199
11 58 0.0383879
11 59 0.0396963
11 60 0.0385704
11 61 0.0359038
11 62 0.032967
11 63 0.0297611
11 64 0.0277585
11 65 0.0280345
11 66 0.0297202
11 67 0.0316512
11 68 0.0336051
11 69 0.033998
11 70 0.0314599
11 71 0.0266332
11 72 0.0201952
11 73 0.0127779
11 74 0.00558865
11 75 3.16599e-05
11 76 -0.0038472
11 77 -0.00590711
11 78 -0.00756111
11 79 -0.00904908
11 80 -0.0111625
11 81 -0.0143309
11 82 -0.0188523
11 83 -0.0223801
11 84 -0.0244658
11 85 -0.0237881
11 86 -0.0198368
11 87 -0.0124728
11 88 -0.00257361
11 89 0.0083048
11 90 0.0176316
11 91 0.0241066
11 92 0.0273399
11 93 0.0260589
11 94 0.0212754
11 95 0.0133281
11 96 0.00454693
11 97 -0.00379397
11 98 -0.0107361
11 99 -0.0160994
11 100 -0.0195884
11 101 -0.0208818
11 102 -0.0200777
11 103 -0.0171527
11 104 -0.0132326
11 105 -0.0079143
11 106 -0.00228742
11 107 0.00387965
11 108 0.00945781
11 109 0.0129841
11 110 0.0142364
11 111 0.0117404
11 112 0.00727978
11 113 0.00133356
11 114 -0.00420535
11 115 -0.00750564
11 116 -0.00878044
11 117 -0.00668576
11 118 -0.00301526
11 119 0

12 0 0
12 1 -0.0056796
12 2 -0.00987467
12 3 -0.0110589
12 4 -0.00936508
12 5 -0.00482291
12 6 0.00156033
12 7 0.00752709
12 8 0.012421
12 9 0.0143445
12 10 0.0137091
12 11 0.0110587
12 12 0.00620637
12 13 0.00103768
12 14 -0.00555127
12 15 -0.0121563
12 16 -0.0178068
12 17 -0.0225517
12 18 -0.0238748
12 19 -0.0230344
12 20 -0.0190308
12 21 -0.0119867
12 22 -0.00269076
12 23 0.00839336
12 24 0.0186717
12 25 0.0265914
12 26 0.0300412
12 27 0.0296628
12 28 0.0244567
12 29 0.0158759
12 30 0.0050096
12 31 -0.00577869
12 32 -0.0139242
12 33 -0.0194342
12 34 -0.0210782
12 35 -0.0206027
12 36 -0.017373
12 37 -0.0136019
12 38 -0.0100782
12 39 -0.00819174
12 40 -0.00609652
12 41 -0.00418712
12 42 -0.00198835
12 43 0.0017265
12 44 0.00705434
12 45 0.0137839
12 46 0.0203058
12 47 0.0263719
12 48 0.0302565
12 49 0.0323626
12 50 0.0311642
12 51 0.029028
12 52 0.0260832
12 53 0.0241422
12 54 0.0228162
12 55 0.0242939
12 56 0.0262639
12 57 0.0289139
12 58 0.0306987
12 59 0.0319689
12 60 0.0304953
12 61 0.0285265
12 62 0.0257406
12 63 0.0236958
12 64 0.0222379
12 65 0.023693
12 66 0.0258973
12 67 0.0292676
12 68 0.0319831
12 69 0.0339692
12 70 0.0327828
12 71 0.0300441
12 72 0.0251645
12 73 0.0200163
12 74 0.0145174
12 75 0.0104877
12 76 0.00765422
12 77 0.0062065
12 78 0.00431979
12 79 0.00189071
12 80 -0.00128755
12 81 -0.00660865
12 82 -0.0131133
12 83 -0.0195204
12 84 -0.0236867
12 85 -0.0258171
12 86 -0.0237597
12 87 -0.0185464
12 88 -0.00935714
12 89 0.0010232
12 90 0.0111508
12 91 0.0192083
12 92 0.0243115
12 93 0.0263752
12 94 0.0245846
12 95 0.0200547
12 96 0.0133919
12 97 0.00686236
12 98 -0.000301766
12 99 -0.00663074
12 100 -0.0126782
12 101 -0.0180236
12 102 -0.0208742
12 103 -0.0224613
12 104 -0.0211432
12 105 -0.017656
12 106 -0.0118798
12 107 -0.00370191
12 108 0.00503754
12 109 0.0131648
12 110 0.0183041
12 111 0.0194049
12 112 0.0161155
12 113 0.00947435
12 114 0.00136171
12 115 -0.006495
12 116 -0.0118376
12 117 -0.0140977
12 118 -0.0126774
12 119 0

13 0 0
13 1 -0.0148165
13 2 -0.0169525
13 3 -0.0143777
13 4 -0.00887649
13 5 -0.000112265
13 6 0.0085176
13 7 0.0154238
13 8 0.0191896
13 9 0.0184302
13 10 0.0146509
13 11 0.00821774
13 12 0.00103768
13 13 -0.00624012
13 14 -0.0126397
13 15 -0.0178344
13 16 -0.0209384
13 17 -0.0213743
13 18 -0.0197299
13 19 -0.0153366
13 20 -0.0100114
13 21 -0.0026998
13 22 0.00563488
13 23 0.0140924
13 24 0.0215282
13 25 0.0254281
13 26 0.0260056
13 27 0.0224281
13 28 0.0158601
13 29 0.00656516
13 30 -0.00357348
13 31 -0.012691
13 32 -0.018545
13 33 -0.0210718
13 34 -0.0201274
13 35 -0.0158199
13 36 -0.0100482
13 37 -0.00352187
13 38 0.00181971
13 39 0.00578168
13 40 0.00827467
13 41 0.0102705
13 42 0.0114082
13 43 0.01357
13 44 0.016532
13 45 0.0202118
13 46 0.0237462
13 47 0.0268296
13 48 0.0281233
13 49 0.0274856
13 50 0.0247167
13 51 0.0207477
13 52 0.0166138
13 53 0.0131174
13 54 0.0109614
13 55 0.0107106
13 56 0.0117387
13 57 0.0130583
13 58 0.0144035
13 59 0.0148614
13 60 0.0138592
13 61 0.0119764
13 62 0.0101548
13 63 0.00864922
13 64 0.008503
13 65 0.0103167
13 66 0.0136112
13 67 0.0176433
13 68 0.0217238
13 69 0.0247582
13 70 0.0259456
13 71 0.0253977
13 72 0.023382
13 73 0.0211057
13 74 0.0189656
13 75 0.0176376
13 76 0.0172285
13 77 0.0177246
13 78 0.0171826
13 79 0.0157162
13 80 0.0122207
13 81 0.0066188
13 82 -0.00104453
13 83 -0.00878833
13 84 -0.0159903
13 85 -0.0203869
13 86 -0.0218399
13 87 -0.0197908
13 88 -0.0141862
13 89 -0.00639859
13 90 0.00177128
13 91 0.00911551
13 92 0.0151987
13 93 0.0189146
13 94 0.0206198
13 95 0.0193176
13 96 0.0169368
13 97 0.0132248
13 98 0.00882181
13 99 0.00339498
13 100 -0.00365773
13 101 -0.0108352
13 102 -0.0177125
13 103 -0.0225956
13 104 -0.0250118
13 105 -0.0238198
13 106 -0.0192155
13 107 -0.0105975
13 108 0.000305675
13 109 0.0113452
13 110 0.0206921
13 111 0.0245886
13 112 0.0238662
13 113 0.0173377
13 114 0.00740914
13 115 -0.00302912
13 116 -0.0130969
13 117 -0.0185153
13 118 -0.0202999
13 119 0

14 0 0
14 1 -0.0211108
14 2 -0.0202742
14 3 -0.0146032
14 4 -0.00488756
14 5 0.00605584
14 6 0.0159787
14 7 0.0221947
14 8 0.0232472
14 9 0.0196542
14 10 0.0120074
14 11 0.00325956
14 12 -0.00555127
14 13 -0.0126397
14 14 -0.0172133
14 15 -0.0197084
14 16 -0.0186315
14 17 -0.0158048
14 18 -0.0107253
14 19 -0.00508056
14 20 0.000171621
14 21 0.00570506
14 22 0.0103475
14 23 0.0146546
14 24 0.0168818
14 25 0.0169144
14 26 0.0140184
14 27 0.00946063
14 28 0.00279742
14 29 -0.00474256
14 30 -0.0116924
14 31 -0.0170505
14 32 -0.0183146
14 33 -0.0169513
14 34 -0.0119971
14 35 -0.00511188
14 36 0.00341008
14 37 0.0110177
14 38 0.0173746
14 39 0.0209689
14 40 0.0229363
14 41 0.0232756
14 42 0.0220823
14 43 0.0211745
14 44 0.0206777
14 45 0.0206089
14 46 0.0201415
14 47 0.0200637
14 48 0.0181557
14 49 0.0153767
14 50 0.0107817
14 51 0.00605258
14 52 0.000639438
14 53 -0.00320475
14 54 -0.00639896
14 55 -0.00733208
14 56 -0.00771291
14 57 -0.00682694
14 58 -0.00652848
14 59 -0.00607783
14 60 -0.00723512
14 61 -0.00824755
14 62 -0.0098478
14 63 -0.0101949
14 64 -0.00997956
14 65 -0.00749832
14 66 -0.00432611
14 67 0.000477358
14 68 0.0046944
14 69 0.00894321
14 70 0.0115511
14 71 0.0135956
14 72 0.0140603
14 73 0.0153678
14 74 0.0165543
14 75 0.0187092
14 76 0.0214672
14 77 0.0249998
14 78 0.0269394
14 79 0.0274886
14 80 0.0259323
14 81 0.0214137
14 82 0.014694
14 83 0.00637261
14 84 -0.00155158
14 85 -0.00851851
14 86 -0.0129551
14 87 -0.0155636
14 88 -0.0143344
14 89 -0.0115988
14 90 -0.00728099
14 91 -0.00294072
14 92 0.00138286
14 93 0.0056073
14 94 0.00915217
14 95 0.0118084
14 96 0.0134069
14 97 0.0146831
14 98 0.0138872
14 99 0.0117272
14 100 0.00613072
14 101 -0.00137027
14 102 -0.00969462
14 103 -0.0178442
14 104 -0.0232407
14 105 -0.0258297
14 106 -0.0235001
14 107 -0.0165664
14 108 -0.00555392
14 109 0.00739879
14 110 0.0190142
14 111 0.0267495
14 112 0.0282547
14 113 0.0236817
14 114 0.0139439
14 115 0.00165823
14 116 -0.0103363
14 117 -0.0195294
14 118 -0.023805
14 119 0

15 0 0
15 1 -0.0235966
15 2 -0.0202764
15 3 -0.0113509
15 4 0.000288198
15 5 0.0126697
15 6 0.022037
15 7 0.026209
15 8 0.0245592
15 9 0.017381
15 10 0.00728542
15 11 -0.00331728
15 12 -0.0121563
15 13 -0.0178344
15 14 -0.0197084
15 15 -0.0182398
15 16 -0.0135085
15 17 -0.00691503
15 18 -0.000224677
15 19 0.00577623
15 20 0.00922409
15 21 0.011179
15 22 0.0116181
15 23 0.0104642
15 24 0.00822259
15 25 0.00418922
15 26 -0.000474959
15 27 -0.00530281
15 28 -0.0100219
15 29 -0.014093
15 30 -0.0165736
15 31 -0.0167345
15 32 -0.0136515
15 33 -0.00813678
15 34 -0.000791287
15 35 0.00821405
15 36 0.016929
15 37 0.0242366
15 38 0.0293248
15 39 0.0316603
15 40 0.0314166
15 41 0.0292439
15 42 0.0253019
15 43 0.0212173
15 44 0.0174832
15 45 0.0137082
15 46 0.0102717
15 47 0.00736672
15 48 0.00373807
15 49 -0.000649788
15 50 -0.00527413
15 51 -0.0101704
15 52 -0.0149972
15 53 -0.0188196
15 54 -0.0214686
15 55 -0.0230496
15 56 -0.0235991
15 57 -0.0234682
15 58 -0.0232461
15 59 -0.0233237
15 60 -0.0238373
15 61 -0.0246717
15 62 -0.0254521
15 63 -0.0256089
15 64 -0.0247951
15 65 -0.0229854
15 66 -0.0200584
15 67 -0.0161775
15 68 -0.0122327
15 69 -0.00853556
15 70 -0.00497138
15 71 -0.00200724
15 72 0.000501659
15 73 0.00387976
15 74 0.0080514
15 75 0.0126876
15 76 0.0182613
15 77 0.0242602
15 78 0.0290441
15 79 0.0323148
15 80 0.0332661
15 81 0.0314539
15 82 0.0271179
15 83 0.020737
15 84 0.0130879
15 85 0.00589074
15 86 -0.000901333
15 87 -0.00660462
15 88 -0.0103341
15 89 -0.0124971
15 90 -0.0134201
15 91 -0.0132159
15 92 -0.0118772
15 93 -0.00894682
15 94 -0.00456323
15 95 0.000206363
15 96 0.00587102
15 97 0.0110988
15 98 0.0152827
15 99 0.017018
15 100 0.0145328
15 101 0.00857693
15 102 -0.000198783
15 103 -0.00986778
15 104 -0.0183541
15 105 -0.0239587
15 106 -0.0252104
15 107 -0.0206992
15 108 -0.0112956
15 109 0.00147829
15 110 0.0147742
15 111 0.0244786
15 112 0.0292355
15 113 0.0269066
15 114 0.0188282
15 115 0.00723085
15 116 -0.00598485
15 117 -0.0164522
15 118 -0.0232698
15 119 0

16 0 0
16 1 -0.0217408
16 2 -0.0155813
16 3 -0.00552166
16 4 0.00712918
16 5 0.0182518
16 6 0.0251312
16 7 0.0263911
16 8 0.0206972
16 9 0.0112629
16 10 -0.000604625
16 11 -0.0110544
16 12 -0.0178068
16 13 -0.0209384
16 14 -0.0186315
16 15 -0.0135085
16 16 -0.0053938
16 17 0.00346644
16 18 0.0105433
16 19 0.0152628
16 20 0.0156723
16 21 0.0134479
16 22 0.00869633
16 23 0.00284962
16 24 -0.00368107
16 25 -0.010034
16 26 -0.014955
16 27 -0.0182788
16 28 -0.0196087
16 29 -0.0192556
16 30 -0.0164406
16 31 -0.0117588
16 32 -0.00457944
16 33 0.0033585
16 34 0.0116656
16 35 0.0202963
16 36 0.0275618
16 37 0.0323815
16 38 0.034659
16 39 0.0344542
16 40 0.0315683
16 41 0.0268372
16 42 0.0204713
16 43 0.0141387
16 44 0.00809248
16 45 0.00220161
16 46 -0.00301115
16 47 -0.00700485
16 48 -0.0110976
16 49 -0.0151965
16 50 -0.0187242
16 51 -0.0220499
16 52 -0.0253274
16 53 -0.0277009
16 54 -0.0292672
16 55 -0.0304195
16 56 -0.0309466
16 57 -0.0308774
16 58 -0.0308168
16 59 -0.0309131
16 60 -0.0310525
16 61 -0.03138
16 62 -0.0317744
16 63 -0.0316633
16 64 -0.0310359
16 65 -0.0301339
16 66 -0.0285637
16 67 -0.0262501
16 68 -0.0240166
16 69 -0.0217118
16 70 -0.0188861
16 71 -0.0160899
16 72 -0.0132763
16 73 -0.00906924
16 74 -0.00381855
16 75 0.00202616
16 76 0.00879568
16 77 0.0162838
16 78 0.0229465
16 79 0.0285357
16 80 0.032155
16 81 0.0338373
16 82 0.0331954
16 83 0.0300549
16 84 0.0249207
16 85 0.0192367
16 86 0.0124002
16 87 0.00479675
16 88 -0.00224694
16 89 -0.00894866
16 90 -0.0145881
16 91 -0.0191657
16 92 -0.0216281
16 93 -0.0216184
16 94 -0.0182322
16 95 -0.0125883
16 96 -0.00474148
16 97 0.00404234
16 98 0.0123137
16 99 0.0184334
16 100 0.0197689
16 101 0.0171049
16 102 0.00965734
16 103 0.000250148
16 104 -0.0096848
16 105 -0.0184283
16 106 -0.0229168
16 107 -0.0228623
16 108 -0.0165988
16 109 -0.00603143
16 110 0.00656101
16 111 0.0178989
16 112 0.0248286
16 113 0.0260869
16 114 0.0211044
16 115 0.0119959
16 116 0.00042888
16 117 -0.0102691
16 118 -0.0178755
16 119 0

17 0 0
17 1 -0.0163937
17 2 -0.00909435
17 3 0.00170587
17 4 0.0129825
17 5 0.0215857
17 6 0.0252973
17 7 0.0223845
17 8 0.0141523
17 9 0.00247942
17 10 -0.009396
17 11 -0.0181281
17 12 -0.0225517
17 13 -0.0213743
17 14 -0.0158048
17 15 -0.00691503
17 16 0.00346644
17 17 0.0128806
17 18 0.0193113
17 19 0.0210873
17 20 0.0184054
17 21 0.0117384
17 22 0.00347516
17 23 -0.00605811
17 24 -0.0147649
17 25 -0.0214885
17 26 -0.0255113
17 27 -0.0254866
17 28 -0.0231334
17 29 -0.0179227
17 30 -0.0110924
17 31 -0.00251511
17 32 0.00622655
17 33 0.014619
17 34 0.0216209
17 35 0.0273269
17 36 0.031071
17 37 0.0318246
17 38 0.0308425
17 39 0.0273352
17 40 0.0225474
17 41 0.0159609
17 42 0.0091362
17 43 0.00187284
17 44 -0.00418615
17 45 -0.010363
17 46 -0.0150282
17 47 -0.0185375
17 48 -0.021118
17 49 -0.0234371
17 50 -0.0243726
17 51 -0.0250166
17 52 -0.0256241
17 53 -0.0257604
17 54 -0.0256194
17 55 -0.0258274
17 56 -0.0260151
17 57 -0.0257672
17 58 -0.0257779
17 59 -0.0257386
17 60 -0.0255372
17 61 -0.0253039
17 62 -0.0254114
17 63 -0.0251396
17 64 -0.0250156
17 65 -0.0253376
17 66 -0.0256369
17 67 -0.0255971
17 68 -0.0258444
17 69 -0.0259392
17 70 -0.0249909
17 71 -0.0238629
17 72 -0.0220635
17 73 -0.0190311
17 74 -0.0145198
17 75 -0.00977769
17 76 -0.00349906
17 77 0.00302233
17 78 0.0100568
17 79 0.0162245
17 80 0.0221505
17 81 0.0264366
17 82 0.029945
17 83 0.0308193
17 84 0.0300879
17 85 0.0274185
17 86 0.0226992
17 87 0.015874
17 88 0.00757993
17 89 -0.00130304
17 90 -0.0104782
17 91 -0.0185578
17 92 -0.0253671
17 93 -0.0281008
17 94 -0.0274484
17 95 -0.0226068
17 96 -0.0146397
17 97 -0.00461115
17 98 0.00635828
17 99 0.0156565
17 100 0.0214119
17 101 0.0219829
17 102 0.0179465
17 103 0.00966564
17 104 -0.000290012
17 105 -0.0105861
17 106 -0.0187136
17 107 -0.0222709
17 108 -0.0208116
17 109 -0.0135354
17 110 -0.00317872
17 111 0.00794368
17 112 0.0168742
17 113 0.0211386
17 114 0.0205903
17 115 0.0151705
17 116 0.00692702
17 117 -0.00215211
17 118 -0.00993239
17 119 0

18 0 0
18 1 -0.00909372
18 2 -0.000732755
18 3 0.00857701
18 4 0.0175143
18 5 0.0223197
18 6 0.0216346
18 7 0.0156321
18 8 0.00462241
18 9 -0.00701323
18 10 -0.0175316
18 11 -0.0235999
18 12 -0.0238748
18 13 -0.0197299
18 14 -0.0107253
18 15 -0.000224677
18 16 0.0105433
18 17 0.0193113
18 18 0.0232492
18 19 0.0224524
18 20 0.0164535
18 21 0.00725861
18 22 -0.00337665
18 23 -0.0137568
18 24 -0.0223651
18 25 -0.0275718
18 26 -0.0284854
18 27 -0.0254169
18 28 -0.0190253
18 29 -0.0107373
18 30 -0.000903795
18 31 0.00870669
18 32 0.0171058
18 33 0.0231551
18 34 0.0264176
18 35 0.0277632
18 36 0.026678
18 37 0.0231196
18 38 0.0182681
18 39 0.0131392
18 40 0.00717213
18 41 0.000988107
18 42 -0.00498143
18 43 -0.0102535
18 44 -0.0148128
18 45 -0.0188568
18 46 -0.0216933
18 47 -0.0228828
18 48 -0.0230595
18 49 -0.0224691
18 50 -0.0203552
18 51 -0.0177926
18 52 -0.0154668
18 53 -0.0132663
18 54 -0.0113598
18 55 -0.0107335
18 56 -0.0105207
18 57 -0.0103553
18 58 -0.010357
18 59 -0.0104045
18 60 -0.00971268
18 61 -0.00908219
18 62 -0.00865399
18 63 -0.00832756
18 64 -0.00849875
18 65 -0.0100648
18 66 -0.0120788
18 67 -0.0144184
18 68 -0.0172342
18 69 -0.0198982
18 70 -0.0213516
18 71 -0.0224024
18 72 -0.0227616
18 73 -0.0218129
18 74 -0.0198519
18 75 -0.0175258
18 76 -0.014372
18 77 -0.010291
18 78 -0.0054122
18 79 -2.39442e-05
18 80 0.00557941
18 81 0.0120308
18 82 0.018429
18 83 0.0234752
18 84 0.0269369
18 85 0.0289658
18 86 0.0279985
18 87 0.0239812
18 88 0.0171778
18 89 0.00825624
18 90 -0.00158669
18 91 -0.0118176
18 92 -0.0207927
18 93 -0.0270852
18 94 -0.029274
18 95 -0.0272794
18 96 -0.0212557
18 97 -0.0122621
18 98 -0.00113457
18 99 0.0097911
18 100 0.0179661
18 101 0.0224769
18 102 0.0214108
18 103 0.0164808
18 104 0.00806197
18 105 -0.00244307
18 106 -0.0120454
18 107 -0.0197279
18 108 -0.0223814
18 109 -0.0198827
18 110 -0.0129185
18 111 -0.00316166
18 112 0.0062002
18 113 0.0135166
18 114 0.0168818
18 115 0.0163656
18 116 0.0123654
18 117 0.00620076
18 118 -0.000217588
18 119 0

19 0 0
19 1 -0.000477949
19 2 0.00747049
19 3 0.0146969
19 4 0.0201496
19 5 0.0202773
19 6 0.0157784
19 7 0.00648725
19 8 -0.00535624
19 9 -0.0160992
19 10 -0.0239864
19 11 -0.026045
19 12 -0.0230344
19 13 -0.0153366
19 14 -0.00508056
19 15 0.00577623
19 16 0.0152628
19 17 0.0210873
19 18 0.0224524
19 19 0.0182341
19 20 0.0106965
19 21 0.000449754
19 22 -0.00957679
19 23 -0.0184532
19 24 -0.0247367
19 25 -0.0264086
19 26 -0.0241605
19 27 -0.0172183
19 28 -0.00843784
19 29 0.00182871
19 30 0.0117472
19 31 0.020373
19 32 0.0256914
19 33 0.0276165
19 34 0.0260698
19 35 0.021746
19 36 0.0159225
19 37 0.00827248
19 38 0.00137932
19 39 -0.00488656
19 40 -0.0097223
19 41 -0.0140531
19 42 -0.0166308
19 43 -0.0189585
19 44 -0.0201049
19 45 -0.0211463
19 46 -0.0209633
19 47 -0.0197376
19 48 -0.0172096
19 49 -0.0139206
19 50 -0.00908102
19 51 -0.00385685
19 52 0.000759364
19 53 0.0047848
19 54 0.00769799
19 55 0.0088142
19 56 0.00878078
19 57 0.00870595
19 58 0.00819758
19 59 0.00814808
19 60 0.00899209
19 61 0.0103106
19 62 0.0111841
19 63 0.0120527
19 64 0.0117266
19 65 0.00962988
19 66 0.00630114
19 67 0.00235059
19 68 -0.00245411
19 69 -0.00701374
19 70 -0.0104357
19 71 -0.0133729
19 72 -0.0155795
19 73 -0.017123
19 74 -0.0180723
19 75 -0.0192682
19 76 -0.0197555
19 77 -0.0200895
19 78 -0.0186891
19 79 -0.0163821
19 80 -0.0119634
19 81 -0.0059237
19 82 0.00224743
19 83 0.00993361
19 84 0.0177609
19 85 0.0238562
19 86 0.0275836
19 87 0.0278517
19 88 0.0245744
19 89 0.0183729
19 90 0.0100359
19 91 0.000456619
19 92 -0.00980873
19 93 -0.0177265
19 94 -0.0233892
19 95 -0.0246643
19 96 -0.0227864
19 97 -0.0171867
19 98 -0.00864589
19 99 0.00121802
19 100 0.0108194
19 101 0.0174994
19 102 0.0206522
19 103 0.0191179
19 104 0.0140074
19 105 0.00513281
19 106 -0.00497249
19 107 -0.0148057
19 108 -0.0217978
19 109 -0.0236425
19 110 -0.0212602
19 111 -0.0138694
19 112 -0.00514513
19 113 0.00397684
19 114 0.0114318
19 115 0.0152372
19 116 0.0166237
19 117 0.0137885
19 118 0.00938668
19 119 0

20 0 0
20 1 0.00735267
20 2 0.0143315
20 3 0.0188969
20 4 0.0200776
20 5 0.0162128
20 6 0.00804552
20 7 -0.00287851
20 8 -0.014318
20 9 -0.0228035
20 10 -0.0268697
20 11 -0.0253229
20 12 -0.0190308
20 13 -0.0100114
20 14 0.000171621
20 15 0.00922409
20 16 0.0156723
20 17 0.0184054
20 18 0.0164535
20 19 0.0106965
20 20 0.00271985
20 21 -0.00589545
20 22 -0.0130016
20 23 -0.0180627
20 24 -0.0200039
20 25 -0.0177974
20 26 -0.0120848
20 27 -0.00345302
20 28 0.00627737
20 29 0.01552
20 30 0.023498
20 31 0.0285544
20 32 0.0292811
20 33 0.0260586
20 34 0.0192884
20 35 0.0103461
20 36 0.000586404
20 37 -0.00910292
20 38 -0.016741
20 39 -0.0213845
20 40 -0.0237781
20 41 -0.0241414
20 42 -0.0225957
20 43 -0.020416
20 44 -0.0180328
20 45 -0.0156564
20 46 -0.0130643
20 47 -0.00981215
20 48 -0.00567932
20 49 -0.000730218
20 50 0.0054966
20 51 0.0120364
20 52 0.0177334
20 53 0.022318
20 54 0.0253268
20 55 0.025932
20 56 0.0251804
20 57 0.024135
20 58 0.0229734
20 59 0.0224718
20 60 0.0235873
20 61 0.0253923
20 62 0.0271339
20 63 0.0286597
20 64 0.0289143
20 65 0.0268598
20 66 0.0233034
20 67 0.0186876
20 68 0.0132214
20 69 0.00799822
20 70 0.00387779
20 71 0.000295577
20 72 -0.00281757
20 73 -0.00579981
20 74 -0.00920959
20 75 -0.0133411
20 76 -0.0179985
20 77 -0.0226954
20 78 -0.0259883
20 79 -0.027513
20 80 -0.0266725
20 81 -0.0223249
20 82 -0.0149271
20 83 -0.00608157
20 84 0.00367629
20 85 0.0130726
20 86 0.0206623
20 87 0.0256048
20 88 0.0269049
20 89 0.0250727
20 90 0.0208474
20 91 0.0141075
20 92 0.00580839
20 93 -0.00245946
20 94 -0.00987031
20 95 -0.0149585
20 96 -0.0175953
20 97 -0.0173388
20 98 -0.0133887
20 99 -0.00675014
20 100 0.00139233
20 101 0.00922181
20 102 0.0147335
20 103 0.0172304
20 104 0.0159007
20 105 0.0103411
20 106 0.001736
20 107 -0.00880454
20 108 -0.0183756
20 109 -0.0245771
20 110 -0.0262483
20 111 -0.0225484
20 112 -0.0151985
20 113 -0.00541889
20 114 0.00459748
20 115 0.0128306
20 116 0.0183299
20 117 0.0196163
20 118 0.0173312
20 119 0

21 0 0
21 1 0.0141375
21 2 0.0193553
21 3 0.0199003
21 4 0.0174227
21 5 0.0094056
21 6 -0.00100745
