0 0 0
0 1 0
0 2 0
0 3 0
0 4 0
0 5 0
0 6 0
0 7 0
0 8 0
0 9 0
0 10 0
0 11 0
0 12 0
0 13 0
0 14 0
0 15 0
0 16 0
0 17 0
0 18 0
0 19 0
0 20 0
0 21 0
0 22 0
0 23 0
0 24 0
0 25 0
0 26 0
0 27 0
0 28 0
0 29 0
0 30 0
0 31 0
0 32 0
0 33 0
0 34 0
0 35 0
0 36 0
0 37 0
0 38 0
0 39 0
0 40 0
0 41 0
0 42 0
0 43 0
0 44 0
0 45 0
0 46 0
0 47 0
0 48 0
0 49 0
0 50 0
0 51 0
0 52 0
0 53 0
0 54 0
0 55 0
0 56 0
0 57 0
0 58 0
0 59 0
0 60 0
0 61 0
0 62 0
0 63 0
0 64 0
0 65 0
0 66 0
0 67 0
0 68 0
0 69 0
0 70 0
0 71 0
0 72 0
0 73 0
0 74 0
0 75 0
0 76 0
0 77 0
0 78 0
0 79 0
0 80 0
0 81 0
0 82 0
0 83 0
0 84 0
0 85 0
0 86 0
0 87 0
0 88 0
0 89 0
0 90 0
0 91 0
0 92 0
0 93 0
0 94 0
0 95 0
0 96 0
0 97 0
0 98 0
0 99 0
0 100 0
0 101 0
0 102 0
0 103 0
0 104 0
0 105 0
0 106 0
0 107 0
0 108 0
0 109 0
0 110 0
0 111 0
0 112 0
0 113 0
0 114 0
0 115 0
0 116 0
0 117 0
0 118 0
0 119 0

1 0 0
1 1 -0.0231159
1 2 -0.0165872
1 3 -0.00634229
1 4 0.00330183
1 5 0.0101566
1 6 0.0147748
1 7 0.0181844
1 8 0.0198376
1 9 0.0181973
1 10 0.0126969
1 11 0.00447548
1 12 -0.00443478
1 13 -0.0121202
1 14 -0.0173767
1 15 -0.0198825
1 16 -0.0198607
1 17 -0.0176074
1 18 -0.0133985
1 19 -0.00758016
1 20 -0.000633123
1 21 0.00672374
1 22 0.0135854
1 23 0.0190768
1 24 0.0224941
1 25 0.0234418
1 26 0.0219095
1 27 0.0181913
1 28 0.0128167
1 29 0.00643934
1 30 -0.000296926
1 31 -0.00680124
1 32 -0.0126084
1 33 -0.0173924
1 34 -0.0209474
1 35 -0.023202
1 36 -0.0241666
1 37 -0.0239327
1 38 -0.0226441
1 39 -0.0204688
1 40 -0.0176041
1 41 -0.0142346
1 42 -0.0105502
1 43 -0.00671443
1 44 -0.00287315
1 45 0.000851958
1 46 0.00437226
1 47 0.0076148
1 48 0.0105438
1 49 0.0131302
1 50 0.0153773
1 51 0.0172884
1 52 0.0188891
1 53 0.0202013
1 54 0.0212586
1 55 0.0220892
1 56 0.022724
1 57 0.0231883
1 58 0.0235037
1 59 0.0236866
1 60 0.0237462
1 61 0.0236866
1 62 0.0235037
1 63 0.0231883
1 64 0.022724
1 65 0.0220892
1 66 0.0212586
1 67 0.0202013
1 68 0.0188891
1 69 0.0172884
1 70 0.0153773
1 71 0.0131302
1 72 0.0105438
1 73 0.0076148
1 74 0.00437226
1 75 0.000851958
1 76 -0.00287315
1 77 -0.00671443
1 78 -0.0105502
1 79 -0.0142346
1 80 -0.0176041
1 81 -0.0204688
1 82 -0.0226441
1 83 -0.0239327
1 84 -0.0241666
1 85 -0.023202
1 86 -0.0209474
1 87 -0.0173924
1 88 -0.0126084
1 89 -0.00680124
1 90 -0.000296926
1 91 0.00643934
1 92 0.0128167
1 93 0.0181913
1 94 0.0219095
1 95 0.0234418
1 96 0.0224941
1 97 0.0190768
1 98 0.0135854
1 99 0.00672376
1 100 -0.000633049
1 101 -0.00757989
1 102 -0.0133976
1 103 -0.0176046
1 104 -0.0198525
1 105 -0.0198607
1 106 -0.0173236
1 107 -0.0120026
1 108 -0.00420031
1 109 0.00488977
1 110 0.01333
1 111 0.0189944
1 112 0.0205662
1 113 0.0184048
1 114 0.0139678
1 115 0.00805087
1 116 0.000255296
1 117 -0.00925069
1 118 -0.018038
1 119 0

2 0 0
2 1 -0.0165872
2 2 -0.00959441
2 3 -0.00179181
2 4 0.00525529
2 5 0.0116212
2 6 0.0169477
2 7 0.0193356
2 8 0.017147
2 9 0.0111021
2 10 0.00361704
2 11 -0.00336093
2 12 -0.00909143
2 13 -0.013397
2 14 -0.0161834
2 15 -0.0172056
2 16 -0.0159778
2 17 -0.0122469
2 18 -0.00643422
2 19 0.000536848
2 20 0.00749341
2 21 0.0132706
2 22 0.0171119
2 23 0.018728
2 24 0.0181781
2 25 0.0158385
2 26 0.0121829
2 27 0.00766822
2 28 0.00275152
2 29 -0.00221424
2 30 -0.00691741
2 31 -0.0110766
2 32 -0.0144937
2 33 -0.0169813
2 34 -0.0184395
2 35 -0.0188337
2 36 -0.0181814
2 37 -0.0165987
2 38 -0.0142165
2 39 -0.0112314
2 40 -0.00783833
2 41 -0.00423011
2 42 -0.000597949
2 43 0.002922
2 44 0.00619291
2 45 0.00914833
2 46 0.0117237
2 47 0.0139087
2 48 0.0157019
2 49 0.0171262
2 50 0.0182214
2 51 0.0190231
2 52 0.0195899
2 53 0.0199558
2 54 0.0201815
2 55 0.020292
2 56 0.0203401
2 57 0.0203385
2 58 0.020328
2 59 0.0203081
2 60 0.0203061
2 61 0.0203081
2 62 0.020328
2 63 0.0203385
2 64 0.0203401
2 65 0.020292
2 66 0.0201815
2 67 0.0199558
2 68 0.0195899
2 69 0.0190231
2 70 0.0182214
2 71 0.0171262
2 72 0.0157019
2 73 0.0139087
2 74 0.0117237
2 75 0.00914833
2 76 0.00619291
2 77 0.002922
2 78 -0.000597949
2 79 -0.00423011
2 80 -0.00783833
2 81 -0.0112314
2 82 -0.0142165
2 83 -0.0165987
2 84 -0.0181814
2 85 -0.0188337
2 86 -0.0184395
2 87 -0.0169813
2 88 -0.0144937
2 89 -0.0110766
2 90 -0.00691741
2 91 -0.00221424
2 92 0.00275152
2 93 0.00766822
2 94 0.0121829
2 95 0.0158385
2 96 0.0181781
2 97 0.018728
2 98 0.0171119
2 99 0.0132706
2 100 0.00749362
2 101 0.000537574
2 102 -0.00643191
2 103 -0.0122401
2 104 -0.0159595
2 105 -0.0171603
2 106 -0.0160816
2 107 -0.0131906
2 108 -0.00872025
2 109 -0.00278242
2 110 0.00436391
2 111 0.0118146
2 112 0.0174216
2 113 0.0186764
2 114 0.0150712
2 115 0.00882969
2 116 0.0025437
2 117 -0.00318891
2 118 -0.00904601
2 119 0

3 0 0
3 1 -0.00634229
3 2 -0.00179181
3 3 0.00185849
3 4 0.00640393
3 5 0.0120788
3 6 0.0159471
3 7 0.0148297
3 8 0.00903305
3 9 0.00176833
3 10 -0.00437721
3 11 -0.00881715
3 12 -0.0116912
3 13 -0.0130452
3 14 -0.0128659
3 15 -0.0109077
3 16 -0.0070029
3 17 -0.00169974
3 18 0.00400366
3 19 0.00913036
3 20 0.0127787
3 21 0.0144539
3 22 0.0141836
3 23 0.0121935
3 24 0.00892209
3 25 0.00490995
3 26 0.000572526
3 27 -0.0036541
3 28 -0.00741767
3 29 -0.0104889
3 30 -0.0126286
3 31 -0.0137514
3 32 -0.0138262
3 33 -0.0128808
3 34 -0.0110784
3 35 -0.00856189
3 36 -0.00557079
3 37 -0.00232547
3 38 0.000973022
3 39 0.00410724
3 40 0.00696287
3 41 0.00939833
3 42 0.0113773
3 43 0.0128613
3 44 0.0138617
3 45 0.014425
3 46 0.0145828
3 47 0.014428
3 48 0.0139953
3 49 0.0133869
3 50 0.0126329
3 51 0.0118207
3 52 0.0109741
3 53 0.0101559
3 54 0.00938427
3 55 0.00869732
3 56 0.00810894
3 57 0.00763787
3 58 0.00729471
3 59 0.00708491
3 60 0.00701586
3 61 0.00708491
3 62 0.00729471
3 63 0.00763787
3 64 0.00810894
3 65 0.00869732
3 66 0.00938427
3 67 0.0101559
3 68 0.0109741
3 69 0.0118207
3 70 0.0126329
3 71 0.0133869
3 72 0.0139953
3 73 0.014428
3 74 0.0145828
3 75 0.014425
3 76 0.0138617
3 77 0.0128613
3 78 0.0113773
3 79 0.00939833
3 80 0.00696287
3 81 0.00410724
3 82 0.000973022
3 83 -0.00232547
3 84 -0.00557079
3 85 -0.00856189
3 86 -0.0110784
3 87 -0.0128808
3 88 -0.0138262
3 89 -0.0137514
3 90 -0.0126286
3 91 -0.0104889
3 92 -0.00741767
3 93 -0.0036541
3 94 0.000572526
3 95 0.00490995
3 96 0.00892209
3 97 0.0121935
3 98 0.0141836
3 99 0.0144541
3 100 0.0127793
3 101 0.00913225
3 102 0.00400931
3 103 -0.00168418
3 104 -0.00696367
3 105 -0.0108176
3 106 -0.0126798
3 107 -0.0127032
3 108 -0.011146
3 109 -0.00809497
3 110 -0.00366353
3 111 0.00207885
3 112 0.00842924
3 113 0.0129911
3 114 0.0131557
3 115 0.00937911
3 116 0.00514295
3 117 0.00272067
3 118 0.00056348
3 119 0

4 0 0
4 1 0.00330183
4 2 0.00525529
4 3 0.00640393
4 4 0.00883368
4 5 0.0108346
4 6 0.00932427
4 7 0.00434158
4 8 -0.001231
4 9 -0.00566715
4 10 -0.0093555
4 11 -0.0122372
4 12 -0.013122
4 13 -0.0113229
4 14 -0.00703227
4 15 -0.000941843
4 16 0.0054756
4 17 0.010604
4 18 0.0137094
4 19 0.0146139
4 20 0.0134525
4 21 0.0108101
4 22 0.00714106
4 23 0.00274076
4 24 -0.00193266
4 25 -0.00656485
4 26 -0.0107737
4 27 -0.0140437
4 28 -0.0160849
4 29 -0.0166015
4 30 -0.0154954
4 31 -0.0129443
4 32 -0.00914181
4 33 -0.00453682
4 34 0.000451324
4 35 0.00541982
4 36 0.00993705
4 37 0.0137915
4 38 0.0167332
4 39 0.0187171
4 40 0.019732
4 41 0.019822
4 42 0.0191475
4 43 0.0177853
4 44 0.0159552
4 45 0.0137425
4 46 0.0113363
4 47 0.00882198
4 48 0.00631586
4 49 0.00389973
4 50 0.00161368
4 51 -0.00046647
4 52 -0.00235907
4 53 -0.00399532
4 54 -0.00542908
4 55 -0.00659737
4 56 -0.00757024
4 57 -0.00828755
4 58 -0.00882268
4 59 -0.0091147
4 60 -0.00923365
4 61 -0.0091147
4 62 -0.00882268
4 63 -0.00828755
4 64 -0.00757024
4 65 -0.00659737
4 66 -0.00542908
4 67 -0.00399532
4 68 -0.00235907
4 69 -0.00046647
4 70 0.00161368
4 71 0.00389973
4 72 0.00631586
4 73 0.00882198
4 74 0.0113363
4 75 0.0137425
4 76 0.0159552
4 77 0.0177853
4 78 0.0191475
4 79 0.019822
4 80 0.019732
4 81 0.0187171
4 82 0.0167332
4 83 0.0137915
4 84 0.00993705
4 85 0.00541982
4 86 0.000451324
4 87 -0.00453682
4 88 -0.00914181
4 89 -0.0129443
4 90 -0.0154954
4 91 -0.0166015
4 92 -0.0160849
4 93 -0.0140437
4 94 -0.0107737
4 95 -0.00656485
4 96 -0.00193265
4 97 0.00274079
4 98 0.00714119
4 99 0.0108105
4 100 0.013454
4 101 0.0146185
4 102 0.0137224
4 103 0.0106375
4 104 0.00555409
4 105 -0.000775639
4 106 -0.00671894
4 107 -0.0108083
4 108 -0.0124148
4 109 -0.0114975
4 110 -0.00896311
4 111 -0.00615828
4 112 -0.003007
4 113 0.00146566
4 114 0.00638231
4 115 0.0093343
4 116 0.00972514
4 117 0.00918581
4 118 0.00828085
4 119 0

5 0 0
5 1 0.0101566
5 2 0.0116212
5 3 0.0120788
5 4 0.0108346
5 5 0.00608194
5 6 -0.000990374
5 7 -0.00669055
5 8 -0.0096979
5 9 -0.0119033
5 10 -0.0140034
5 11 -0.0141013
5 12 -0.0109709
5 13 -0.00522253
5 14 0.00214484
5 15 0.00962673
5 16 0.0153
5 17 0.0183514
5 18 0.0187869
5 19 0.0165631
5 20 0.0122042
5 21 0.00643144
5 22 -0.000320566
5 23 -0.00719493
5 24 -0.0133614
5 25 -0.0182764
5 26 -0.0212231
5 27 -0.021958
5 28 -0.0205223
5 29 -0.0170027
5 30 -0.0119793
5 31 -0.0059212
5 32 0.000604836
5 33 0.00695029
5 34 0.0127896
5 35 0.0176434
5 36 0.0213567
5 37 0.0238123
5 38 0.0249368
5 39 0.0249137
5 40 0.0237473
5 41 0.021732
5 42 0.018972
5 43 0.0157103
5 44 0.0121387
5 45 0.00837911
5 46 0.0046617
5 47 0.00099575
5 48 -0.00240573
5 49 -0.00560297
5 50 -0.00843666
5 51 -0.0109919
5 52 -0.0131741
5 53 -0.0150619
5 54 -0.0166168
5 55 -0.0178953
5 56 -0.0188977
5 57 -0.019653
5 58 -0.0201816
5 59 -0.0204873
5 60 -0.0205941
5 61 -0.0204873
5 62 -0.0201816
5 63 -0.019653
5 64 -0.0188977
5 65 -0.0178953
5 66 -0.0166168
5 67 -0.0150619
5 68 -0.0131741
5 69 -0.0109919
5 70 -0.00843666
5 71 -0.00560297
5 72 -0.00240573
5 73 0.00099575
5 74 0.0046617
5 75 0.00837911
5 76 0.0121387
5 77 0.0157103
5 78 0.018972
5 79 0.021732
5 80 0.0237473
5 81 0.0249137
5 82 0.0249368
5 83 0.0238123
5 84 0.0213567
5 85 0.0176434
5 86 0.0127896
5 87 0.00695029
5 88 0.000604836
5 89 -0.0059212
5 90 -0.0119793
5 91 -0.0170027
5 92 -0.0205223
5 93 -0.021958
5 94 -0.0212231
5 95 -0.0182764
5 96 -0.0133614
5 97 -0.00719483
5 98 -0.000320211
5 99 0.00643263
5 100 0.0122079
5 101 0.0165737
5 102 0.0188148
5 103 0.0184184
5 104 0.0154453
5 105 0.00990868
5 106 0.0026234
5 107 -0.00453654
5 108 -0.0102044
5 109 -0.0136031
5 110 -0.014318
5 111 -0.0135163
5 112 -0.0125701
5 113 -0.00989334
5 114 -0.00294014
5 115 0.00661947
5 116 0.0136554
5 117 0.0155673
5 118 0.0141954
5 119 0

6 0 0
6 1 0.0147748
6 2 0.0169477
6 3 0.0159471
6 4 0.00932427
6 5 -0.000990374
6 6 -0.0095669
6 7 -0.0139848
6 8 -0.0165601
6 9 -0.0184928
6 10 -0.0173658
6 11 -0.0119851
6 12 -0.00440441
6 13 0.00357734
6 14 0.0111211
6 15 0.0168137
6 16 0.0200258
6 17 0.0211072
6 18 0.0195892
6 19 0.0152276
6 20 0.00872585
6 21 0.000554212
6 22 -0.00821381
6 23 -0.0159812
6 24 -0.0219254
6 25 -0.0251901
6 26 -0.0253548
6 27 -0.0228811
6 28 -0.0180295
6 29 -0.0115907
6 30 -0.00442309
6 31 0.00299883
6 32 0.00982561
6 33 0.0157722
6 34 0.0204988
6 35 0.0237228
6 36 0.0256005
6 37 0.0259423
6 38 0.0250744
6 39 0.0230597
6 40 0.0201239
6 41 0.0165855
6 42 0.0125025
6 43 0.00830073
6 44 0.00394163
6 45 -0.0002147
6 46 -0.00420881
6 47 -0.00784897
6 48 -0.011122
6 49 -0.0140195
6 50 -0.0164635
6 51 -0.0185876
6 52 -0.0202625
6 53 -0.0217059
6 54 -0.0227558
6 55 -0.023664
6 56 -0.0242498
6 57 -0.0247668
6 58 -0.0250215
6 59 -0.0252536
6 60 -0.0252569
6 61 -0.0252536
6 62 -0.0250215
6 63 -0.0247668
6 64 -0.0242498
6 65 -0.023664
6 66 -0.0227558
6 67 -0.0217059
6 68 -0.0202625
6 69 -0.0185876
6 70 -0.0164635
6 71 -0.0140195
6 72 -0.011122
6 73 -0.00784897
6 74 -0.00420881
6 75 -0.0002147
6 76 0.00394163
6 77 0.00830073
6 78 0.0125025
6 79 0.0165855
6 80 0.0201239
6 81 0.0230597
6 82 0.0250744
6 83 0.0259423
6 84 0.0256005
6 85 0.0237228
6 86 0.0204988
6 87 0.0157722
6 88 0.00982561
6 89 0.00299883
6 90 -0.00442309
6 91 -0.0115907
6 92 -0.0180294
6 93 -0.0228811
6 94 -0.0253548
6 95 -0.0251901
6 96 -0.0219253
6 97 -0.0159809
6 98 -0.0082129
6 99 0.00055709
6 100 0.00873427
6 101 0.0152503
6 102 0.019645
6 103 0.0212315
6 104 0.0202741
6 105 0.0172499
6 106 0.0117743
6 107 0.00435779
6 108 -0.00380145
6 109 -0.012091
6 110 -0.0187338
6 111 -0.0212447
6 112 -0.0199354
6 113 -0.0164092
6 114 -0.00956124
6 115 0.00159393
6 116 0.0130095
6 117 0.0189401
6 118 0.0187958
6 119 0

7 0 0
7 1 0.0181844
7 2 0.0193356
7 3 0.0148297
7 4 0.00434158
7 5 -0.00669055
7 6 -0.0139848
7 7 -0.0187814
7 8 -0.0222758
7 9 -0.0215374
7 10 -0.0150817
7 11 -0.00626662
7 12 0.00214263
7 13 0.0101524
7 14 0.0167383
7 15 0.0205311
7 16 0.0219229
7 17 0.0206052
7 18 0.0158948
7 19 0.00896664
7 20 0.000834462
7 21 -0.00771978
7 22 -0.0148989
7 23 -0.0200113
7 24 -0.022828
7 25 -0.022753
7 26 -0.0204259
7 27 -0.0161838
7 28 -0.0103173
7 29 -0.00387578
7 30 0.00292903
7 31 0.00934777
7 32 0.0147803
7 33 0.0191757
7 34 0.0218783
7 35 0.0231463
7 36 0.0228365
7 37 0.0210771
7 38 0.0183287
7 39 0.0145307
7 40 0.0103766
7 41 0.00580525
7 42 0.0013208
7 43 -0.0029792
7 44 -0.00697379
7 45 -0.0103933
7 46 -0.0134532
7 47 -0.0157999
7 48 -0.0178246
7 49 -0.0191931
7 50 -0.0203154
7 51 -0.0209437
7 52 -0.0214076
7 53 -0.021567
7 54 -0.0216341
7 55 -0.0215645
7 56 -0.0214575
7 57 -0.0213379
7 58 -0.0212172
7 59 -0.0211577
7 60 -0.021115
7 61 -0.0211577
7 62 -0.0212172
7 63 -0.0213379
7 64 -0.0214575
7 65 -0.0215645
7 66 -0.0216341
7 67 -0.021567
7 68 -0.0214076
7 69 -0.0209437
7 70 -0.0203154
7 71 -0.0191931
7 72 -0.0178246
7 73 -0.0157999
7 74 -0.0134532
7 75 -0.0103933
7 76 -0.00697379
7 77 -0.0029792
7 78 0.0013208
7 79 0.00580525
7 80 0.0103766
7 81 0.0145307
7 82 0.0183287
7 83 0.0210771
7 84 0.0228365
7 85 0.0231463
7 86 0.0218783
7 87 0.0191757
7 88 0.0147803
7 89 0.00934777
7 90 0.00292903
7 91 -0.00387578
7 92 -0.0103172
7 93 -0.0161838
7 94 -0.0204259
7 95 -0.0227529
7 96 -0.0228278
7 97 -0.0200107
7 98 -0.0148967
7 99 -0.00771325
7 100 0.000852446
7 101 0.00901198
7 102 0.0159986
7 103 0.0208189
7 104 0.0223118
7 105 0.0211399
7 106 0.0175147
7 107 0.0108446
7 108 0.00225328
7 109 -0.00733515
7 110 -0.0176105
7 111 -0.0249788
7 112 -0.0251429
7 113 -0.0193952
7 114 -0.0117933
7 115 -0.00292753
7 116 0.00769042
7 117 0.0169159
7 118 0.0208515
7 119 0

8 0 0
8 1 0.0198376
8 2 0.017147
8 3 0.00903305
8 4 -0.001231
8 5 -0.0096979
8 6 -0.0165601
8 7 -0.0222758
8 8 -0.0231375
8 9 -0.017057
8 10 -0.00839506
8 11 -0.000931228
8 12 0.00661926
8 13 0.0142194
8 14 0.0190932
8 15 0.0208694
8 16 0.0197723
8 17 0.0147569
8 18 0.00729433
8 19 -0.000428316
8 20 -0.00796802
8 21 -0.0137791
8 22 -0.0169863
8 23 -0.0183458
8 24 -0.017347
8 25 -0.0144252
8 26 -0.0104697
8 27 -0.00518205
8 28 0.000341635
8 29 0.00568253
8 30 0.0106785
8 31 0.014232
8 32 0.0166811
8 33 0.0174923
8 34 0.0166935
8 35 0.0148162
8 36 0.0115449
8 37 0.00785289
8 38 0.00357581
8 39 -0.000692019
8 40 -0.0046551
8 41 -0.00839247
8 42 -0.0112713
8 43 -0.0138156
8 44 -0.0153929
8 45 -0.016577
8 46 -0.0170088
8 47 -0.0170298
8 48 -0.0166477
8 49 -0.0158785
8 50 -0.0150439
8 51 -0.0138775
8 52 -0.0129012
8 53 -0.0116617
8 54 -0.0107738
8 55 -0.0096876
8 56 -0.00903939
8 57 -0.00824332
8 58 -0.0079238
8 59 -0.00748734
8 60 -0.00754065
8 61 -0.00748734
8 62 -0.0079238
8 63 -0.00824332
8 64 -0.00903939
8 65 -0.0096876
8 66 -0.0107738
8 67 -0.0116617
8 68 -0.0129012
8 69 -0.0138775
8 70 -0.0150439
8 71 -0.0158785
8 72 -0.0166477
8 73 -0.0170298
8 74 -0.0170088
8 75 -0.016577
8 76 -0.0153929
8 77 -0.0138156
8 78 -0.0112713
8 79 -0.00839247
8 80 -0.0046551
8 81 -0.000692019
8 82 0.00357581
8 83 0.00785289
8 84 0.0115449
8 85 0.0148162
8 86 0.0166935
8 87 0.0174923
8 88 0.0166811
8 89 0.014232
8 90 0.0106785
8 91 0.00568253
8 92 0.000341637
8 93 -0.00518204
8 94 -0.0104697
8 95 -0.0144251
8 96 -0.0173465
8 97 -0.0183442
8 98 -0.0169814
8 99 -0.0137652
8 100 -0.00793205
8 101 -0.000343649
8 102 0.00747403
8 103 0.0150958
8 104 0.0203268
8 105 0.0216222
8 106 0.0198505
8 107 0.0145363
8 108 0.00588213
8 109 -0.00314736
8 110 -0.011786
8 111 -0.0203053
8 112 -0.0244368
8 113 -0.0206382
8 114 -0.0128306
8 115 -0.00595258
8 116 0.00118259
8 117 0.0105314
8 118 0.0184794
8 119 0

9 0 0
9 1 0.0181973
9 2 0.0111021
9 3 0.00176833
9 4 -0.00566715
9 5 -0.0119033
9 6 -0.0184928
9 7 -0.0215374
9 8 -0.017057
9 9 -0.00885931
9 10 -0.0021195
9 11 0.00452272
9 12 0.0120756
9 13 0.0166421
9 14 0.0171399
9 15 0.0154984
9 16 0.0109044
9 17 0.00392404
9 18 -0.00251789
9 19 -0.00837417
9 20 -0.0131335
9 21 -0.0150746
9 22 -0.0151971
9 23 -0.0133463
9 24 -0.0090299
9 25 -0.00395449
9 26 0.00199329
9 27 0.00797418
9 28 0.0124633
9 29 0.0159224
9 30 0.0171345
9 31 0.0163287
9 32 0.0140875
9 33 0.00993784
9 34 0.0053732
9 35 0.000103195
9 36 -0.00504667
9 37 -0.00953104
9 38 -0.0136826
9 39 -0.0164341
9 40 -0.0186683
9 41 -0.0195557
9 42 -0.0197243
9 43 -0.019071
9 44 -0.0175882
9 45 -0.015889
9 46 -0.013414
9 47 -0.0111695
9 48 -0.0083439
9 49 -0.00597341
9 50 -0.00327915
9 51 -0.00108435
9 52 0.00118905
9 53 0.00302445
9 54 0.00474769
9 55 0.00613395
9 56 0.00728126
9 57 0.00818738
9 58 0.00878242
9 59 0.0092015
9 60 0.00927805
9 61 0.0092015
9 62 0.00878242
9 63 0.00818738
9 64 0.00728126
9 65 0.00613395
9 66 0.00474769
9 67 0.00302445
9 68 0.00118905
9 69 -0.00108435
9 70 -0.00327915
9 71 -0.00597341
9 72 -0.0083439
9 73 -0.0111695
9 74 -0.013414
9 75 -0.015889
9 76 -0.0175882
9 77 -0.019071
9 78 -0.0197243
9 79 -0.0195557
9 80 -0.0186683
9 81 -0.0164341
9 82 -0.0136826
9 83 -0.00953104
9 84 -0.00504667
9 85 0.000103195
9 86 0.0053732
9 87 0.00993784
9 88 0.0140875
9 89 0.0163287
9 90 0.0171345
9 91 0.0159224
9 92 0.0124633
9 93 0.00797421
9 94 0.00199339
9 95 -0.00395414
9 96 -0.00902874
9 97 -0.0133427
9 98 -0.0151866
9 99 -0.0150468
9 100 -0.0130662
9 101 -0.00822669
9 102 -0.00222957
9 103 0.00441705
9 104 0.0116149
9 105 0.0162916
9 106 0.0176379
9 107 0.0162461
9 108 0.0102464
9 109 0.00131013
9 110 -0.00564611
9 111 -0.010872
9 112 -0.0161515
9 113 -0.0180312
9 114 -0.0143657
9 115 -0.00899881
9 116 -0.00406414
9 117 0.00297979
9 118 0.0116569
9 119 0

10 0 0
10 1 0.0126969
10 2 0.00361704
10 3 -0.00437721
10 4 -0.0093555
10 5 -0.0140034
10 6 -0.0173658
10 7 -0.0150817
10 8 -0.00839506
10 9 -0.0021195
10 10 0.00443005
10 11 0.0124848
10 12 0.01682
10 13 0.0149272
10 14 0.0109762
10 15 0.0058779
10 16 -0.00121263
10 17 -0.00710715
10 18 -0.0112304
10 19 -0.014735
10 20 -0.0154009
10 21 -0.0135903
10 22 -0.0103926
10 23 -0.0044428
10 24 0.00233828
10 25 0.00886425
10 26 0.0152867
10 27 0.0191445
10 28 0.0209306
10 29 0.0204511
10 30 0.0169738
10 31 0.0124206
10 32 0.006094
10 33 -0.000650433
10 34 -0.00704378
10 35 -0.0134745
10 36 -0.0182049
10 37 -0.02235
10 38 -0.0247231
10 39 -0.025787
10 40 -0.0257641
10 41 -0.0240649
10 42 -0.0220268
10 43 -0.0185138
10 44 -0.0151067
10 45 -0.0108437
10 46 -0.00680203
10 47 -0.00263605
10 48 0.00139507
10 49 0.00494909
10 50 0.00852584
10 51 0.0112538
10 52 0.0141551
10 53 0.0160493
10 54 0.0182307
10 55 0.0193886
10 56 0.0209086
10 57 0.0214529
10 58 0.0224028
10 59 0.0224289
10 60 0.0228803
10 61 0.0224289
10 62 0.0224028
10 63 0.0214529
10 64 0.0209086
10 65 0.0193886
10 66 0.0182307
10 67 0.0160493
10 68 0.0141551
10 69 0.0112538
10 70 0.00852584
10 71 0.00494909
10 72 0.00139507
10 73 -0.00263605
10 74 -0.00680203
10 75 -0.0108437
10 76 -0.0151067
10 77 -0.0185138
10 78 -0.0220268
10 79 -0.0240649
10 80 -0.0257641
10 81 -0.025787
10 82 -0.0247231
10 83 -0.02235
10 84 -0.0182049
10 85 -0.0134745
10 86 -0.00704378
10 87 -0.000650433
10 88 0.006094
10 89 0.0124206
10 90 0.0169738
10 91 0.0204511
10 92 0.0209306
10 93 0.0191446
10 94 0.015287
10 95 0.00886507
10 96 0.00234089
10 97 -0.00443509
10 98 -0.0103717
10 99 -0.0135381
10 100 -0.0152829
10 101 -0.0144957
10 102 -0.0108031
10 103 -0.00645498
10 104 -0.000414946
10 105 0.00651966
10 106 0.0109082
10 107 0.0135366
10 108 0.0139154
10 109 0.00882625
10 110 0.00174092
10 111 -0.00210145
10 112 -0.00536906
10 113 -0.0107011
10 114 -0.0138499
10 115 -0.0120945
10 116 -0.00822425
10 117 -0.00373405
10 118 0.00255029
10 119 0

11 0 0
11 1 0.00447548
11 2 -0.00336093
11 3 -0.00881715
11 4 -0.0122372
11 5 -0.0141013
11 6 -0.0119851
11 7 -0.00626662
11 8 -0.000931228
11 9 0.00452272
11 10 0.0124848
11 11 0.01785
11 12 0.0157163
11 13 0.0104147
11 14 0.00472142
11 15 -0.00365314
11 16 -0.0117665
11 17 -0.0164866
11 18 -0.0196233
11 19 -0.0195206
11 20 -0.0151505
11 21 -0.00939889
11 22 -0.00150432
11 23 0.00743497
11 24 0.0144639
11 25 0.0205958
11 26 0.0239219
11 27 0.0238838
11 28 0.0222112
11 29 0.0173502
11 30 0.011344
11 31 0.00455642
11 32 -0.0033092
11 33 -0.00991886
11 34 -0.0166649
11 35 -0.0217259
11 36 -0.0253334
11 37 -0.0278113
11 38 -0.0278151
11 39 -0.0272326
11 40 -0.024386
11 41 -0.021098
11 42 -0.0166645
11 43 -0.0116907
11 44 -0.00685929
11 45 -0.00140747
11 46 0.00299686
11 47 0.00795985
11 48 0.0115201
11 49 0.015458
11 50 0.0180795
11 51 0.0208568
11 52 0.022643
11 53 0.0243877
11 54 0.0255291
11 55 0.0264849
11 56 0.0271768
11 57 0.0275941
11 58 0.0279861
11 59 0.0280576
11 60 0.0282248
11 61 0.0280576
11 62 0.0279861
11 63 0.0275941
11 64 0.0271768
11 65 0.0264849
11 66 0.0255291
11 67 0.0243877
11 68 0.022643
11 69 0.0208568
11 70 0.0180795
11 71 0.015458
11 72 0.0115201
11 73 0.00795985
11 74 0.00299686
11 75 -0.00140747
11 76 -0.00685929
11 77 -0.0116907
11 78 -0.0166645
11 79 -0.021098
11 80 -0.024386
11 81 -0.0272326
11 82 -0.0278151
11 83 -0.0278113
11 84 -0.0253334
11 85 -0.0217259
11 86 -0.0166649
11 87 -0.00991886
11 88 -0.0033092
11 89 0.00455642
11 90 0.011344
11 91 0.0173502
11 92 0.0222113
11 93 0.023884
11 94 0.0239224
11 95 0.0205976
11 96 0.0144694
11 97 0.00745038
11 98 -0.00146482
11 99 -0.00930676
11 100 -0.0149569
11 101 -0.0191598
11 102 -0.0190416
11 103 -0.0157147
11 104 -0.0110262
11 105 -0.00342819
11 106 0.0037918
11 107 0.00793421
11 108 0.0121039
11 109 0.0145978
11 110 0.0115244
11 111 0.00678692
11 112 0.00345894
11 113 -0.00211472
11 114 -0.00954572
11 115 -0.0129317
11 116 -0.0115808
11 117 -0.00943368
11 118 -0.00631332
11 119 0

12 0 0
12 1 -0.00443478
12 2 -0.00909143
12 3 -0.0116912
12 4 -0.013122
12 5 -0.0109709
12 6 -0.00440441
12 7 0.00214263
12 8 0.00661926
12 9 0.0120756
12 10 0.01682
12 11 0.0157163
12 12 0.01126
12 13 0.006783
12 14 -0.0014191
12 15 -0.0121435
12 16 -0.0191439
12 17 -0.0229665
12 18 -0.023739
12 19 -0.0188321
12 20 -0.0114138
12 21 -0.00271479
12 22 0.00777997
12 23 0.0160071
12 24 0.0221258
12 25 0.0260784
12 26 0.025565
12 27 0.0232213
12 28 0.0182223
12 29 0.0109454
12 30 0.00388652
12 31 -0.00459965
12 32 -0.0117811
12 33 -0.0179467
12 34 -0.0231244
12 35 -0.0253312
12 36 -0.0267905
12 37 -0.0253185
12 38 -0.0228076
12 39 -0.0189565
12 40 -0.0137348
12 41 -0.00894271
12 42 -0.00289674
12 43 0.00173637
12 44 0.00703136
12 45 0.0108688
12 46 0.0145888
12 47 0.0173991
12 48 0.0194245
12 49 0.0212599
12 50 0.0219022
12 51 0.0229745
12 52 0.0227014
12 53 0.0232799
12 54 0.0225348
12 55 0.0228781
12 56 0.0219977
12 57 0.0223149
12 58 0.0215124
12 59 0.021947
12 60 0.021324
12 61 0.021947
12 62 0.0215124
12 63 0.0223149
12 64 0.0219977
12 65 0.0228781
12 66 0.0225348
12 67 0.0232799
12 68 0.0227014
12 69 0.0229745
12 70 0.0219022
12 71 0.0212599
12 72 0.0194245
12 73 0.0173991
12 74 0.0145888
12 75 0.0108688
12 76 0.00703136
12 77 0.00173637
12 78 -0.00289674
12 79 -0.00894271
12 80 -0.0137348
12 81 -0.0189565
12 82 -0.0228076
12 83 -0.0253185
12 84 -0.0267905
12 85 -0.0253312
12 86 -0.0231244
12 87 -0.0179467
12 88 -0.0117811
12 89 -0.00459965
12 90 0.00388653
12 91 0.0109455
12 92 0.0182224
12 93 0.0232217
12 94 0.0255662
12 95 0.0260823
12 96 0.0221368
12 97 0.0160362
12 98 0.00785002
12 99 -0.00256223
12 100 -0.0111172
12 101 -0.0183282
12 102 -0.0230191
12 103 -0.0221761
12 104 -0.0186789
12 105 -0.0126226
12 106 -0.00338796
12 107 0.00340586
12 108 0.00762982
12 109 0.0137817
12 110 0.0180678
12 111 0.0161371
12 112 0.0112977
12 113 0.00531313
12 114 -0.00298538
12 115 -0.0103479
12 116 -0.0133834
12 117 -0.0140542
12 118 -0.0133284
12 119 0

13 0 0
13 1 -0.0121202
13 2 -0.013397
13 3 -0.0130452
13 4 -0.0113229
13 5 -0.00522253
13 6 0.00357734
13 7 0.0101524
13 8 0.0142194
13 9 0.0166421
13 10 0.0149272
13 11 0.0104147
13 12 0.006783
13 13 0.000550075
13 14 -0.0099411
13 15 -0.017715
13 16 -0.0211115
13 17 -0.0227805
13 18 -0.0198378
13 19 -0.0130533
13 20 -0.00549687
13 21 0.0042879
13 22 0.0133099
13 23 0.019334
13 24 0.0238988
13 25 0.0242104
13 26 0.021505
13 27 0.0171344
13 28 0.00952489
13 29 0.00214569
13 30 -0.00575019
13 31 -0.0132108
13 32 -0.0179489
13 33 -0.0220094
13 34 -0.0225799
13 35 -0.0215677
13 36 -0.0187815
13 37 -0.013787
13 38 -0.00917484
13 39 -0.00281513
13 40 0.00213733
13 41 0.00749868
13 42 0.0117018
13 43 0.0148831
13 44 0.0177463
13 45 0.0186977
13 46 0.020093
13 47 0.0194002
13 48 0.0195365
13 49 0.0179468
13 50 0.0172087
13 51 0.015357
13 52 0.014162
13 53 0.0124804
13 54 0.0111879
13 55 0.00992031
13 56 0.00879643
13 57 0.0080512
13 58 0.00727326
13 59 0.00707451
13 60 0.00675279
13 61 0.00707451
13 62 0.00727326
13 63 0.0080512
13 64 0.00879643
13 65 0.00992031
13 66 0.0111879
13 67 0.0124804
13 68 0.014162
13 69 0.015357
13 70 0.0172087
13 71 0.0179468
13 72 0.0195365
13 73 0.0194002
13 74 0.020093
13 75 0.0186977
13 76 0.0177463
13 77 0.0148831
13 78 0.0117018
13 79 0.00749868
13 80 0.00213733
13 81 -0.00281513
13 82 -0.00917484
13 83 -0.013787
13 84 -0.0187815
13 85 -0.0215677
13 86 -0.0225799
13 87 -0.0220094
13 88 -0.0179489
13 89 -0.0132108
13 90 -0.00575017
13 91 0.00214576
13 92 0.00952513
13 93 0.0171352
13 94 0.0215076
13 95 0.0242181
13 96 0.0239197
13 97 0.0193859
13 98 0.0134269
13 99 0.00452506
13 100 -0.00507309
13 101 -0.0124056
13 102 -0.0190438
13 103 -0.02214
13 104 -0.0211823
13 105 -0.0191255
13 106 -0.012908
13 107 -0.00322054
13 108 0.00398871
13 109 0.0104725
13 110 0.0182733
13 111 0.0215817
13 112 0.018227
13 113 0.0121081
13 114 0.00422632
13 115 -0.00529326
13 116 -0.0130372
13 117 -0.0169907
13 118 -0.0178094
13 119 0

14 0 0
14 1 -0.0173767
14 2 -0.0161834
14 3 -0.0128659
14 4 -0.00703227
14 5 0.00214484
14 6 0.0111211
14 7 0.0167383
14 8 0.0190932
14 9 0.0171399
14 10 0.0109762
14 11 0.00472142
14 12 -0.0014191
14 13 -0.0099411
14 14 -0.0163244
14 15 -0.017571
14 16 -0.0180465
14 17 -0.0168938
14 18 -0.0113925
14 19 -0.00468328
14 20 0.00315331
14 21 0.0114328
14 22 0.0163271
14 23 0.0191374
14 24 0.0191208
14 25 0.0154103
14 26 0.0108855
14 27 0.00410033
14 28 -0.00304583
14 29 -0.00894143
14 30 -0.014809
14 31 -0.0174211
14 32 -0.0185212
14 33 -0.0173586
14 34 -0.0134457
14 35 -0.00939094
14 36 -0.00307436
14 37 0.00229153
14 38 0.00797794
14 39 0.0129738
14 40 0.0163065
14 41 0.0196539
14 42 0.0204118
14 43 0.0215347
14 44 0.0203663
14 45 0.0193909
14 46 0.0171671
14 47 0.0146822
14 48 0.0121401
14 49 0.00888429
14 50 0.00652188
14 51 0.00314321
14 52 0.00124056
14 53 -0.001815
14 54 -0.00313253
14 55 -0.0056251
14 56 -0.00632124
14 57 -0.00816233
14 58 -0.00823668
14 59 -0.00942053
14 60 -0.00887305
14 61 -0.00942053
14 62 -0.00823668
14 63 -0.00816233
14 64 -0.00632124
14 65 -0.0056251
14 66 -0.00313253
14 67 -0.001815
14 68 0.00124056
14 69 0.00314321
14 70 0.00652188
14 71 0.00888429
14 72 0.0121401
14 73 0.0146822
14 74 0.0171671
14 75 0.0193909
14 76 0.0203663
14 77 0.0215347
14 78 0.0204118
14 79 0.0196539
14 80 0.0163065
14 81 0.0129738
14 82 0.00797794
14 83 0.00229153
14 84 -0.00307436
14 85 -0.00939094
14 86 -0.0134457
14 87 -0.0173586
14 88 -0.0185211
14 89 -0.0174211
14 90 -0.0148089
14 91 -0.00894128
14 92 -0.0030453
14 93 0.00410206
14 94 0.0108907
14 95 0.0154249
14 96 0.0191581
14 97 0.0192248
14 98 0.0165115
14 99 0.0117786
14 100 0.00371592
14 101 -0.00392596
14 102 -0.0106456
14 103 -0.0166243
14 104 -0.0188985
14 105 -0.0199904
14 106 -0.0199763
14 107 -0.0133754
14 108 -0.00259816
14 109 0.00698479
14 110 0.0157693
14 111 0.0219225
14 112 0.0218795
14 113 0.0176238
14 114 0.0111071
14 115 0.000974887
14 116 -0.0103798
14 117 -0.0175808
14 118 -0.0197163
14 119 0

15 0 0
15 1 -0.0198825
15 2 -0.0172056
15 3 -0.0109077
15 4 -0.000941843
15 5 0.00962673
15 6 0.0168137
15 7 0.0205311
15 8 0.0208694
15 9 0.0154984
15 10 0.0058779
15 11 -0.00365314
15 12 -0.0121435
15 13 -0.017715
15 14 -0.017571
15 15 -0.0154626
15 16 -0.0137003
15 17 -0.00824029
15 18 -0.000163845
15 19 0.00709819
15 20 0.0136283
15 21 0.0169553
15 22 0.0165714
15 23 0.0142221
15 24 0.00899048
15 25 0.00277591
15 26 -0.00379448
15 27 -0.0107411
15 28 -0.0154493
15 29 -0.0189005
15 30 -0.0195798
15 31 -0.017273
15 32 -0.0136564
15 33 -0.00721224
15 34 -0.000828942
15 35 0.00621511
15 36 0.012929
15 37 0.0178854
15 38 0.0226708
15 39 0.0246393
15 40 0.0262318
15 41 0.0255573
15 42 0.0239293
15 43 0.0214287
15 44 0.0174718
15 45 0.0139873
15 46 0.0089419
15 47 0.00517228
15 48 0.000139663
15 49 -0.00341297
15 50 -0.00771552
15 51 -0.0107525
15 52 -0.0140107
15 53 -0.0164094
15 54 -0.0186041
15 55 -0.0203631
15 56 -0.0216303
15 57 -0.022803
15 58 -0.0233183
15 59 -0.0239529
15 60 -0.0238571
15 61 -0.0239529
15 62 -0.0233183
15 63 -0.022803
15 64 -0.0216303
15 65 -0.0203631
15 66 -0.0186041
15 67 -0.0164094
15 68 -0.0140107
15 69 -0.0107525
15 70 -0.00771552
15 71 -0.00341297
15 72 0.000139663
15 73 0.00517228
15 74 0.0089419
15 75 0.0139873
15 76 0.0174718
15 77 0.0214287
15 78 0.0239293
15 79 0.0255573
15 80 0.0262318
15 81 0.0246393
15 82 0.0226708
15 83 0.0178854
15 84 0.012929
15 85 0.00621511
15 86 -0.000828942
15 87 -0.00721224
15 88 -0.0136564
15 89 -0.017273
15 90 -0.0195797
15 91 -0.0189002
15 92 -0.0154482
15 93 -0.0107377
15 94 -0.00378458
15 95 0.00280209
15 96 0.00905389
15 97 0.0143613
15 98 0.0168451
15 99 0.0174274
15 100 0.0143178
15 101 0.0078854
15 102 0.000360839
15 103 -0.00857847
15 104 -0.0154907
15 105 -0.0187511
15 106 -0.0213469
15 107 -0.0200267
15 108 -0.0112332
15 109 0.000500101
15 110 0.0111607
15 111 0.0193084
15 112 0.0223334
15 113 0.0205799
15 114 0.0159761
15 115 0.00701389
15 116 -0.00551514
15 117 -0.0152916
15 118 -0.0192672
15 119 0

16 0 0
16 1 -0.0198607
16 2 -0.0159778
16 3 -0.0070029
16 4 0.0054756
16 5 0.0153
16 6 0.0200258
16 7 0.0219229
16 8 0.0197723
16 9 0.0109044
16 10 -0.00121263
16 11 -0.0117665
16 12 -0.0191439
16 13 -0.0211115
16 14 -0.0180465
16 15 -0.0137003
16 16 -0.00678359
16 17 0.00377869
16 18 0.0125859
16 19 0.0175929
16 20 0.0198317
16 21 0.0180325
16 22 0.0133823
16 23 0.00710518
16 24 -0.000944083
16 25 -0.00924032
16 26 -0.0169234
16 27 -0.0225118
16 28 -0.0250972
16 29 -0.0245019
16 30 -0.0202044
16 31 -0.0138293
16 32 -0.00542839
16 33 0.00354256
16 34 0.0118098
16 35 0.0196419
16 36 0.0249973
16 37 0.029084
16 38 0.0306781
16 39 0.0302706
16 40 0.0284821
16 41 0.0244649
16 42 0.0202694
16 43 0.0143467
16 44 0.00892821
16 45 0.00277751
16 46 -0.00276946
16 47 -0.00800252
16 48 -0.0128936
16 49 -0.0167047
16 50 -0.0205518
16 51 -0.0229356
16 52 -0.0256961
16 53 -0.0269239
16 54 -0.0287737
16 55 -0.0292001
16 56 -0.0303994
16 57 -0.0303373
16 58 -0.031128
16 59 -0.0307853
16 60 -0.0313283
16 61 -0.0307853
16 62 -0.031128
16 63 -0.0303373
16 64 -0.0303994
16 65 -0.0292001
16 66 -0.0287737
16 67 -0.0269239
16 68 -0.0256961
16 69 -0.0229356
16 70 -0.0205518
16 71 -0.0167047
16 72 -0.0128936
16 73 -0.00800252
16 74 -0.00276946
16 75 0.00277751
16 76 0.00892821
16 77 0.0143467
16 78 0.0202694
16 79 0.0244649
16 80 0.0284821
16 81 0.0302706
16 82 0.0306781
16 83 0.029084
16 84 0.0249973
16 85 0.0196419
16 86 0.0118098
16 87 0.00354256
16 88 -0.00542838
16 89 -0.0138293
16 90 -0.0202042
16 91 -0.0245012
16 92 -0.025095
16 93 -0.0225053
16 94 -0.0169056
16 95 -0.00919558
16 96 -0.00084195
16 97 0.00731521
16 98 0.0137651
16 99 0.0186338
16 100 0.0206023
16 101 0.0182815
16 102 0.01268
16 103 0.00263475
16 104 -0.00951345
16 105 -0.0174844
16 106 -0.0212408
16 107 -0.0216612
16 108 -0.0161151
16 109 -0.00646034
16 110 0.00360315
16 111 0.0133251
16 112 0.0200972
16 113 0.0212258
16 114 0.0180645
16 115 0.0112776
16 116 0.000566925
16 117 -0.0101354
16 118 -0.0165142
16 119 0

17 0 0
17 1 -0.0176074
17 2 -0.0122469
17 3 -0.00169974
17 4 0.010604
17 5 0.0183514
17 6 0.0211072
17 7 0.0206052
17 8 0.0147569
17 9 0.00392404
17 10 -0.00710715
17 11 -0.0164866
17 12 -0.0229665
17 13 -0.0227805
17 14 -0.0168938
17 15 -0.00824029
17 16 0.00377869
17 17 0.0150035
17 18 0.0200756
17 19 0.0218303
17 20 0.0212647
17 21 0.0161875
17 22 0.00903702
17 23 0.00026795
17 24 -0.0104254
17 25 -0.019523
17 26 -0.0259255
17 27 -0.0290346
17 28 -0.0274762
17 29 -0.0224345
17 30 -0.0148092
17 31 -0.00536451
17 32 0.00420056
17 33 0.0130718
17 34 0.0206479
17 35 0.0259358
17 36 0.029111
17 37 0.0299329
17 38 0.0283732
17 39 0.0252827
17 40 0.0203397
17 41 0.0147558
17 42 0.00845279
17 43 0.00209042
17 44 -0.00382233
17 45 -0.00951809
17 46 -0.0140269
17 47 -0.0182259
17 48 -0.0210556
17 49 -0.0235697
17 50 -0.0249456
17 51 -0.0260364
17 52 -0.0264097
17 53 -0.0265407
17 54 -0.0263853
17 55 -0.0260298
17 56 -0.0257323
17 57 -0.0252684
17 58 -0.025089
17 59 -0.0247642
17 60 -0.0248333
17 61 -0.0247642
17 62 -0.025089
17 63 -0.0252684
17 64 -0.0257323
17 65 -0.0260298
17 66 -0.0263853
17 67 -0.0265407
17 68 -0.0264097
17 69 -0.0260364
17 70 -0.0249456
17 71 -0.0235697
17 72 -0.0210556
17 73 -0.0182259
17 74 -0.0140269
17 75 -0.00951809
17 76 -0.00382233
17 77 0.00209042
17 78 0.00845279
17 79 0.0147558
17 80 0.0203397
17 81 0.0252827
17 82 0.0283732
17 83 0.0299329
17 84 0.029111
17 85 0.0259358
17 86 0.0206479
17 87 0.0130718
17 88 0.00420059
17 89 -0.00536439
17 90 -0.0148088
17 91 -0.0224331
17 92 -0.027472
17 93 -0.0290228
17 94 -0.0258948
17 95 -0.0194502
17 96 -0.0102691
17 97 0.000567927
17 98 0.00954061
17 99 0.0168977
17 100 0.0220303
17 101 0.0222516
17 102 0.0195338
17 103 0.0129535
17 104 0.000304072
17 105 -0.011958
17 106 -0.0188114
17 107 -0.0212445
17 108 -0.0182395
17 109 -0.0109605
17 110 -0.00346431
17 111 0.00492335
17 112 0.0141782
17 113 0.0190569
17 114 0.0178413
17 115 0.0134391
17 116 0.00638624
17 117 -0.00312994
17 118 -0.011504
17 119 0

18 0 0
18 1 -0.0133985
18 2 -0.00643422
18 3 0.00400366
18 4 0.0137094
18 5 0.0187869
18 6 0.0195892
18 7 0.0158948
18 8 0.00729433
18 9 -0.00251789
18 10 -0.0112304
18 11 -0.0196233
18 12 -0.023739
18 13 -0.0198378
18 14 -0.0113925
18 15 -0.000163845
18 16 0.0125859
18 17 0.0200756
18 18 0.0223393
18 19 0.023506
18 20 0.0196022
18 21 0.0109958
18 22 0.00191116
18 23 -0.00942542
18 24 -0.0195519
18 25 -0.0248956
18 26 -0.027695
18 27 -0.0257146
18 28 -0.0199404
18 29 -0.0130349
18 30 -0.00388821
18 31 0.00466149
18 32 0.0122449
18 33 0.018793
18 34 0.0224577
18 35 0.0244435
18 36 0.0237358
18 37 0.0209587
18 38 0.0167474
18 39 0.0109979
18 40 0.00505909
18 41 -0.00126184
18 42 -0.00697572
18 43 -0.012028
18 44 -0.0161306
18 45 -0.0190799
18 46 -0.0210694
18 47 -0.0219524
18 48 -0.0220685
18 49 -0.0214208
18 50 -0.0202873
18 51 -0.0187908
18 52 -0.0170892
18 53 -0.0153483
18 54 -0.0136299
18 55 -0.0120815
18 56 -0.0107123
18 57 -0.00962549
18 58 -0.00880966
18 59 -0.0083255
18 60 -0.0081531
18 61 -0.0083255
18 62 -0.00880966
18 63 -0.00962549
18 64 -0.0107123
18 65 -0.0120815
18 66 -0.0136299
18 67 -0.0153483
18 68 -0.0170892
18 69 -0.0187908
18 70 -0.0202873
18 71 -0.0214208
18 72 -0.0220685
18 73 -0.0219524
18 74 -0.0210694
18 75 -0.0190799
18 76 -0.0161306
18 77 -0.012028
18 78 -0.00697572
18 79 -0.00126184
18 80 0.00505909
18 81 0.0109979
18 82 0.0167474
18 83 0.0209587
18 84 0.0237358
18 85 0.0244435
18 86 0.0224577
18 87 0.018793
18 88 0.012245
18 89 0.00466174
18 90 -0.00388738
18 91 -0.0130323
18 92 -0.0199328
18 93 -0.0256942
18 94 -0.0276447
18 95 -0.0247829
18 96 -0.0193246
18 97 -0.00901987
18 98 0.00253253
18 99 0.0117641
18 100 0.0202374
18 101 0.0234725
18 102 0.0210052
18 103 0.0171648
18 104 0.00875337
18 105 -0.00316584
18 106 -0.0115102
18 107 -0.0162908
18 108 -0.0180621
18 109 -0.0147558
18 110 -0.00910098
18 111 -0.00273694
18 112 0.00593488
18 113 0.0133127
18 114 0.015168
18 115 0.0138507
18 116 0.0109848
18 117 0.00426123
18 118 -0.00467039
18 119 0

19 0 0
19 1 -0.00758016
19 2 0.000536848
19 3 0.00913036
19 4 0.0146139
19 5 0.0165631
19 6 0.0152276
19 7 0.00896664
19 8 -0.000428316
19 9 -0.00837417
19 10 -0.014735
19 11 -0.0195206
19 12 -0.0188321
19 13 -0.0130533
19 14 -0.00468328
19 15 0.00709819
19 16 0.0175929
19 17 0.0218303
19 18 0.023506
19 19 0.0210431
19 20 0.0115332
19 21 0.00155463
19 22 -0.00830876
19 23 -0.0182771
19 24 -0.0223856
19 25 -0.0233874
19 26 -0.0217427
19 27 -0.0152218
19 28 -0.00861249
19 29 -0.000530414
19 30 0.00787512
19 31 0.013658
19 32 0.0189642
19 33 0.0207362
19 34 0.0201726
19 35 0.0175696
19 36 0.0120825
19 37 0.00630467
19 38 -0.00100964
19 39 -0.0075871
19 40 -0.0137269
19 41 -0.0187781
19 42 -0.0220676
19 43 -0.0243258
19 44 -0.0245226
19 45 -0.0239681
19 46 -0.0217779
19 47 -0.0192066
19 48 -0.015692
19 49 -0.0121438
19 50 -0.00828842
19 51 -0.00464747
19 52 -0.0011457
19 53 0.00201512
19 54 0.00478359
19 55 0.00718271
19 56 0.00907571
19 57 0.0106243
19 58 0.0116303
19 59 0.0123264
19 60 0.0124739
19 61 0.0123264
19 62 0.0116303
19 63 0.0106243
19 64 0.00907571
19 65 0.00718271
19 66 0.00478359
19 67 0.00201512
19 68 -0.0011457
19 69 -0.00464747
19 70 -0.00828842
19 71 -0.0121438
19 72 -0.015692
19 73 -0.0192066
19 74 -0.0217779
19 75 -0.0239681
19 76 -0.0245226
19 77 -0.0243258
19 78 -0.0220676
19 79 -0.0187781
19 80 -0.0137269
19 81 -0.0075871
19 82 -0.00100964
19 83 0.00630467
19 84 0.0120825
19 85 0.0175696
19 86 0.0201726
19 87 0.0207362
19 88 0.0189643
19 89 0.0136585
19 90 0.0078767
19 91 -0.000525666
19 92 -0.00859931
19 93 -0.0151882
19 94 -0.0216641
19 95 -0.023221
19 96 -0.0220712
19 97 -0.0177587
19 98 -0.00759397
19 99 0.00229632
19 100 0.0118836
19 101 0.0203804
19 102 0.0213172
19 103 0.0182712
19 104 0.0139304
19 105 0.00541876
19 106 -0.00277149
19 107 -0.00794582
19 108 -0.0130864
19 109 -0.0159463
19 110 -0.0141224
19 111 -0.00955633
19 112 -0.00258904
19 113 0.00528013
19 114 0.01018
19 115 0.0125344
19 116 0.0137611
19 117 0.0107813
19 118 0.00317665
19 119 0

20 0 0
20 1 -0.000633123
20 2 0.00749341
20 3 0.0127787
20 4 0.0134525
20 5 0.0122042
20 6 0.00872585
20 7 0.000834462
20 8 -0.00796802
20 9 -0.0131335
20 10 -0.0154009
20 11 -0.0151505
20 12 -0.0114138
20 13 -0.00549687
20 14 0.00315331
20 15 0.0136283
20 16 0.0198317
20 17 0.0212647
20 18 0.0196022
20 19 0.0115332
20 20 0.000915959
20 21 -0.00769584
20 22 -0.0165453
20 23 -0.0212698
20 24 -0.0207911
20 25 -0.0188479
20 26 -0.0121016
20 27 -0.00358607
20 28 0.0043124
20 29 0.0133464
20 30 0.0187933
20 31 0.0219959
20 32 0.022393
20 33 0.0184239
20 34 0.0132839
20 35 0.00514608
20 36 -0.00316517
20 37 -0.0113696
20 38 -0.0191275
20 39 -0.0244565
20 40 -0.0287965
20 41 -0.030135
20 42 -0.0301573
20 43 -0.0279197
20 44 -0.024416
20 45 -0.0198678
20 46 -0.0144081
20 47 -0.00898359
20 48 -0.00309156
20 49 0.00207152
20 50 0.00735068
20 51 0.0115919
20 52 0.0157606
20 53 0.0188542
20 54 0.0218282
20 55 0.0238312
20 56 0.0257486
20 57 0.0268349
20 58 0.0278918
20 59 0.0282254
20 60 0.0285673
20 61 0.0282254
20 62 0.0278918
20 63 0.0268349
20 64 0.0257486
20 65 0.0238312
20 66 0.0218282
20 67 0.0188542
20 68 0.0157606
20 69 0.0115919
20 70 0.00735068
20 71 0.00207152
20 72 -0.00309156
20 73 -0.00898359
20 74 -0.0144081
20 75 -0.0198678
20 76 -0.024416
20 77 -0.0279197
20 78 -0.0301573
20 79 -0.030135
20 80 -0.0287965
20 81 -0.0244565
20 82 -0.0191275
20 83 -0.0113696
20 84 -0.00316517
20 85 0.00514608
20 86 0.013284
20 87 0.018424
20 88 0.0223932
20 89 0.0219968
20 90 0.0187962
20 91 0.0133547
20 92 0.00433428
20 93 -0.00353285
20 94 -0.0119838
20 95 -0.0186131
20 96 -0.0203772
20 97 -0.0206447
20 98 -0.0157873
20 99 -0.0070959
20 100 0.000817691
20 101 0.0101162
20 102 0.0166233
20 103 0.0174243
20 104 0.0169205
20 105 0.0137111
20 106 0.00698068
20 107 0.000457358
20 108 -0.0064121
20 109 -0.0131776
20 110 -0.0160943
20 111 -0.0150995
20 112 -0.0110088
20 113 -0.00376947
20 114 0.00384145
20 115 0.00980355
20 116 0.014423
20 117 0.0154626
20 118 0.0109525
20 119 0

21 0 0
21 1 0.00672374
21 2 0.0132706
21 3 0.0144539
21 4 0.0108101
21 5 0.00643144
21 6 0.000554212
21 7 -0.00771978
21 8 -0.0137791
21 9 -0.0150746
