0 0 0
0 1 0
0 2 0
0 3 0
0 4 0
0 5 0
0 6 0
0 7 0
0 8 0
0 9 0
0 10 0
0 11 0
0 12 0
0 13 0
0 14 0
0 15 0
0 16 0
0 17 0
0 18 0
0 19 0
0 20 0
0 21 0
0 22 0
0 23 0
0 24 0
0 25 0
0 26 0
0 27 0
0 28 0
0 29 0
0 30 0
0 31 0
0 32 0
0 33 0
0 34 0
0 35 0
0 36 0
0 37 0
0 38 0
0 39 0
0 40 0
0 41 0
0 42 0
0 43 0
0 44 0
0 45 0
0 46 0
0 47 0
0 48 0
0 49 0
0 50 0
0 51 0
0 52 0
0 53 0
0 54 0
0 55 0
0 56 0
0 57 0
0 58 0
0 59 0
0 60 0
0 61 0
0 62 0
0 63 0
0 64 0
0 65 0
0 66 0
0 67 0
0 68 0
0 69 0
0 70 0
0 71 0
0 72 0
0 73 0
0 74 0
0 75 0
0 76 0
0 77 0
0 78 0
0 79 0
0 80 0
0 81 0
0 82 0
0 83 0
0 84 0
0 85 0
0 86 0
0 87 0
0 88 0
0 89 0
0 90 0
0 91 0
0 92 0
0 93 0
0 94 0
0 95 0
0 96 0
0 97 0
0 98 0
0 99 0
0 100 0
0 101 0
0 102 0
0 103 0
0 104 0
0 105 0
0 106 0
0 107 0
0 108 0
0 109 0
0 110 0
0 111 0
0 112 0
0 113 0
0 114 0
0 115 0
0 116 0
0 117 0
0 118 0
0 119 0

1 0 0
1 1 -0.0225865
1 2 -0.0189065
1 3 -0.0115852
1 4 -0.00263353
1 5 0.00665466
1 6 0.0145601
1 7 0.0193379
1 8 0.0209141
1 9 0.0182329
1 10 0.0125854
1 11 0.00471396
1 12 -0.0043189
1 13 -0.012012
1 14 -0.0182182
1 15 -0.020805
1 16 -0.0196763
1 17 -0.0153084
1 18 -0.00765369
1 19 0.000872422
1 20 0.00932386
1 21 0.0159818
1 22 0.0200159
1 23 0.0215206
1 24 0.0211618
1 25 0.0196179
1 26 0.017387
1 27 0.0147729
1 28 0.0111719
1 29 0.00723044
1 30 0.00232972
1 31 -0.00315798
1 32 -0.00936827
1 33 -0.0163909
1 34 -0.0232121
1 35 -0.028578
1 36 -0.0318104
1 37 -0.0326568
1 38 -0.0308837
1 39 -0.0273598
1 40 -0.022037
1 41 -0.0161168
1 42 -0.0108507
1 43 -0.00687742
1 44 -0.00362211
1 45 -0.00143869
1 46 0.000196614
1 47 0.00190556
1 48 0.00430287
1 49 0.00748268
1 50 0.0113651
1 51 0.0151389
1 52 0.0184599
1 53 0.0210942
1 54 0.0223672
1 55 0.0220899
1 56 0.0211585
1 57 0.0201243
1 58 0.0189678
1 59 0.0184591
1 60 0.0192256
1 61 0.0206556
1 62 0.0219858
1 63 0.0232588
1 64 0.0239187
1 65 0.0230975
1 66 0.0209658
1 67 0.0182279
1 68 0.0150815
1 69 0.0118982
1 70 0.00943083
1 71 0.00777913
1 72 0.00676601
1 73 0.0057847
1 74 0.00410838
1 75 0.00120808
1 76 -0.00267776
1 77 -0.0081377
1 78 -0.0146341
1 79 -0.0209259
1 80 -0.0258591
1 81 -0.0294734
1 82 -0.0308468
1 83 -0.030173
1 84 -0.0275119
1 85 -0.0234743
1 86 -0.0189788
1 87 -0.0149726
1 88 -0.0109491
1 89 -0.00675819
1 90 -0.00241168
1 91 0.0026213
1 92 0.00780974
1 93 0.013557
1 94 0.0192707
1 95 0.0242027
1 96 0.0269746
1 97 0.026743
1 98 0.0225484
1 99 0.0152248
1 100 0.0059391
1 101 -0.0041735
1 102 -0.0124586
1 103 -0.0187055
1 104 -0.0213213
1 105 -0.0202043
1 106 -0.0160833
1 107 -0.00897001
1 108 -0.000736476
1 109 0.00771352
1 110 0.0147783
1 111 0.0192532
1 112 0.0203524
1 113 0.0177675
1 114 0.0120167
1 115 0.00378137
1 116 -0.00507145
1 117 -0.0134176
1 118 -0.019455
1 119 0

2 0 0
2 1 -0.0189065
2 2 -0.0143284
2 3 -0.00593991
2 4 0.00167595
2 5 0.010136
2 6 0.0160838
2 7 0.0184121
2 8 0.0185593
2 9 0.0138687
2 10 0.0077598
2 11 -6.00893e-05
2 12 -0.00813295
2 13 -0.0139949
2 14 -0.0180524
2 15 -0.0181018
2 16 -0.015049
2 17 -0.00852478
2 18 -0.000294283
2 19 0.00837455
2 20 0.0158464
2 21 0.020048
2 22 0.0217561
2 23 0.0200782
2 24 0.0171768
2 25 0.013046
2 26 0.00889168
2 27 0.00455208
2 28 -0.00012083
2 29 -0.00372197
2 30 -0.00756275
2 31 -0.0110393
2 32 -0.0147935
2 33 -0.0185452
2 34 -0.0223374
2 35 -0.0242187
2 36 -0.0245746
2 37 -0.0234827
2 38 -0.0205772
2 39 -0.0163998
2 40 -0.0110824
2 41 -0.00561895
2 42 -0.000941767
2 43 0.00234942
2 44 0.00534927
2 45 0.0071853
2 46 0.00818465
2 47 0.00902065
2 48 0.0105642
2 49 0.0121517
2 50 0.0141405
2 51 0.0160657
2 52 0.0178347
2 53 0.0189497
2 54 0.019405
2 55 0.0188641
2 56 0.0181136
2 57 0.0172599
2 58 0.0164701
2 59 0.0159868
2 60 0.0164869
2 61 0.0173074
2 62 0.0182116
2 63 0.0190541
2 64 0.0197258
2 65 0.0194693
2 66 0.0186082
2 67 0.0171838
2 68 0.015667
2 69 0.0141893
2 70 0.0131717
2 71 0.0122924
2 72 0.0121514
2 73 0.0119
2 74 0.0107851
2 75 0.00847378
2 76 0.005757
2 77 0.00148968
2 78 -0.00378075
2 79 -0.00923269
2 80 -0.0138459
2 81 -0.0176663
2 82 -0.0199899
2 83 -0.0214157
2 84 -0.0215278
2 85 -0.0201869
2 86 -0.0188512
2 87 -0.0176574
2 88 -0.0163616
2 89 -0.0143291
2 90 -0.011841
2 91 -0.00733138
2 92 -0.00234909
2 93 0.00376674
2 94 0.0104363
2 95 0.0170464
2 96 0.0224618
2 97 0.0248318
2 98 0.0240927
2 99 0.0191191
2 100 0.0119278
2 101 0.00309372
2 102 -0.00498856
2 103 -0.0117356
2 104 -0.0158385
2 105 -0.0166144
2 106 -0.0153702
2 107 -0.0102815
2 108 -0.00460278
2 109 0.00245914
2 110 0.00941143
2 111 0.0136989
2 112 0.0171275
2 113 0.0162104
2 114 0.0130809
2 115 0.00775409
2 116 -0.000139324
2 117 -0.00674096
2 118 -0.0136483
2 119 0

3 0 0
3 1 -0.0115852
3 2 -0.00593991
3 3 0.000573089
3 4 0.00643629
3 5 0.011049
3 6 0.0132957
3 7 0.0131689
3 8 0.0107692
3 9 0.00637227
3 10 0.00115302
3 11 -0.00440596
3 12 -0.00902401
3 13 -0.0119514
3 14 -0.0125558
3 15 -0.0103861
3 16 -0.00559724
3 17 0.00103565
3 18 0.00836063
3 19 0.0149572
3 20 0.0188349
3 21 0.0199966
3 22 0.0176589
3 23 0.0129904
3 24 0.00770451
3 25 0.00173781
3 26 -0.00338104
3 27 -0.00781073
3 28 -0.011552
3 29 -0.0139403
3 30 -0.0147434
3 31 -0.0151517
3 32 -0.0151305
3 33 -0.0149496
3 34 -0.0146663
3 35 -0.0130551
3 36 -0.0108303
3 37 -0.00817542
3 38 -0.00500325
3 39 -0.00118068
3 40 0.00254032
3 41 0.00626008
3 42 0.00879503
3 43 0.0103877
3 44 0.0116941
3 45 0.0123362
3 46 0.0117745
3 47 0.0112153
3 48 0.0110887
3 49 0.0106704
3 50 0.0101692
3 51 0.00991752
3 52 0.00969773
3 53 0.00912408
3 54 0.00852815
3 55 0.00777435
3 56 0.00715112
3 57 0.00655032
3 58 0.0061309
3 59 0.00578387
3 60 0.0059
3 61 0.00609202
3 62 0.00648061
3 63 0.00690357
3 64 0.00749116
3 65 0.00794506
3 66 0.00843595
3 67 0.00861424
3 68 0.00891551
3 69 0.00952775
3 70 0.0101829
3 71 0.0106252
3 72 0.0116545
3 73 0.0127688
3 74 0.0128403
3 75 0.0123056
3 76 0.011611
3 77 0.00996509
3 78 0.00716874
3 79 0.00424806
3 80 0.00110793
3 81 -0.00164934
3 82 -0.00419432
3 83 -0.00670458
3 84 -0.00906753
3 85 -0.0105353
3 86 -0.0124148
3 87 -0.0144385
3 88 -0.016398
3 89 -0.0179423
3 90 -0.0178978
3 91 -0.0160282
3 92 -0.0129659
3 93 -0.0083487
3 94 -0.00195755
3 95 0.00470799
3 96 0.0117593
3 97 0.0170523
3 98 0.0194086
3 99 0.0188382
3 100 0.0152399
3 101 0.00988587
3 102 0.00402136
3 103 -0.00136615
3 104 -0.0056672
3 105 -0.00810607
3 106 -0.00912355
3 107 -0.00828
3 108 -0.00599141
3 109 -0.0027937
3 110 0.00139497
3 111 0.00520382
3 112 0.00868131
3 113 0.0107461
3 114 0.0109414
3 115 0.00944104
3 116 0.00568985
3 117 0.000905368
3 118 -0.00464383
3 119 0

4 0 0
4 1 -0.00263353
4 2 0.00167595
4 3 0.00643629
4 4 0.00829584
4 5 0.00945301
4 6 0.00842888
4 7 0.00543791
4 8 0.00253271
4 9 -0.00178099
4 10 -0.00485312
4 11 -0.00714298
4 12 -0.00823823
4 13 -0.00712215
4 14 -0.00468844
4 15 -0.000335358
4 16 0.00502866
4 17 0.011048
4 18 0.0159535
4 19 0.0192279
4 20 0.0192839
4 21 0.0158444
4 22 0.0102938
4 23 0.00268336
4 24 -0.00425111
4 25 -0.0107439
4 26 -0.0157916
4 27 -0.0193372
4 28 -0.0213722
4 29 -0.0209516
4 30 -0.0187887
4 31 -0.0154567
4 32 -0.011798
4 33 -0.0076226
4 34 -0.00379391
4 35 0.000857822
4 36 0.00510205
4 37 0.00833248
4 38 0.0109361
4 39 0.0132059
4 40 0.0146949
4 41 0.0153925
4 42 0.015254
4 43 0.0143264
4 44 0.0137131
4 45 0.0125899
4 46 0.0106807
4 47 0.00857622
4 48 0.00698822
4 49 0.00457492
4 50 0.00194906
4 51 -0.000431805
4 52 -0.00235791
4 53 -0.00447472
4 54 -0.00583058
4 55 -0.00664652
4 56 -0.00689279
4 57 -0.00713019
4 58 -0.00700788
4 59 -0.00716897
4 60 -0.0073977
4 61 -0.00791245
4 62 -0.0080759
4 63 -0.00823554
4 64 -0.00783586
4 65 -0.00689539
4 66 -0.00519329
4 67 -0.00366168
4 68 -0.00164509
4 69 0.000672807
4 70 0.00285928
4 71 0.00432823
4 72 0.00646399
4 73 0.00856946
4 74 0.0101137
4 75 0.011355
4 76 0.01319
4 77 0.0144372
4 78 0.0151273
4 79 0.015138
4 80 0.0145564
4 81 0.0135591
4 82 0.0119267
4 83 0.00891749
4 84 0.00521543
4 85 0.00168616
4 86 -0.00275103
4 87 -0.00747358
4 88 -0.0125775
4 89 -0.0171744
4 90 -0.020629
4 91 -0.0217805
4 92 -0.0216083
4 93 -0.0193175
4 94 -0.015146
4 95 -0.00922502
4 96 -0.00161331
4 97 0.00540604
4 98 0.0115377
4 99 0.0149828
4 100 0.0160357
4 101 0.014984
4 102 0.0126819
4 103 0.00939913
4 104 0.00587826
4 105 0.00248394
4 106 -0.00140711
4 107 -0.00374618
4 108 -0.00610552
4 109 -0.00669359
4 110 -0.00552365
4 111 -0.00395137
4 112 -1.07224e-06
4 113 0.00314752
4 114 0.00652475
4 115 0.00902457
4 116 0.00882407
4 117 0.0079955
4 118 0.00404617
4 119 0

5 0 0
5 1 0.00665466
5 2 0.010136
5 3 0.011049
5 4 0.00945301
5 5 0.00599436
5 6 0.00121943
5 7 -0.0033538
5 8 -0.00731842
5 9 -0.00938657
5 10 -0.00957698
5 11 -0.00790304
5 12 -0.00421136
5 13 9.41877e-05
5 14 0.00558791
5 15 0.0107367
5 16 0.0154394
5 17 0.0191495
5 18 0.020317
5 19 0.0193326
5 20 0.0147095
5 21 0.00784432
5 22 -0.000706603
5 23 -0.00929781
5 24 -0.016274
5 25 -0.0216985
5 26 -0.0248423
5 27 -0.0262256
5 28 -0.0253826
5 29 -0.0225677
5 30 -0.0172651
5 31 -0.0113201
5 32 -0.00496142
5 33 0.00158098
5 34 0.00774248
5 35 0.0137221
5 36 0.0183385
5 37 0.0210777
5 38 0.0219285
5 39 0.0219462
5 40 0.0202722
5 41 0.0178531
5 42 0.0146802
5 43 0.0117287
5 44 0.00917772
5 45 0.00704591
5 46 0.00431797
5 47 0.00174852
5 48 -0.000761934
5 49 -0.00407441
5 50 -0.00808437
5 51 -0.0116514
5 52 -0.014737
5 53 -0.0175684
5 54 -0.0192336
5 55 -0.0195686
5 56 -0.0191779
5 57 -0.018673
5 58 -0.0179098
5 59 -0.0176887
5 60 -0.0182793
5 61 -0.0194284
5 62 -0.0203348
5 63 -0.0211733
5 64 -0.0213106
5 65 -0.0201843
5 66 -0.0179104
5 67 -0.0154522
5 68 -0.0125023
5 69 -0.00915678
5 70 -0.00643853
5 71 -0.00451376
5 72 -0.0023669
5 73 3.65521e-05
5 74 0.00212371
5 75 0.00483881
5 76 0.00834675
5 77 0.0123851
5 78 0.0161205
5 79 0.0194595
5 80 0.021498
5 81 0.0229758
5 82 0.0227233
5 83 0.0206393
5 84 0.0169375
5 85 0.012746
5 86 0.00741077
5 87 0.00157895
5 88 -0.00501495
5 89 -0.0118588
5 90 -0.0174546
5 91 -0.0218408
5 92 -0.0247585
5 93 -0.0261383
5 94 -0.024994
5 95 -0.0217192
5 96 -0.0154249
5 97 -0.00789325
5 98 5.11871e-05
5 99 0.00720241
5 100 0.0124609
5 101 0.0164361
5 102 0.0181377
5 103 0.0185705
5 104 0.0169389
5 105 0.0135558
5 106 0.00870515
5 107 0.00263621
5 108 -0.00330459
5 109 -0.00853604
5 110 -0.0115189
5 111 -0.0121856
5 112 -0.00979772
5 113 -0.00519943
5 114 0.00062674
5 115 0.006873
5 116 0.0112206
5 117 0.0136549
5 118 0.0126579
5 119 0

6 0 0
6 1 0.0145601
6 2 0.0160838
6 3 0.0132957
6 4 0.00842888
6 5 0.00121943
6 6 -0.00589757
6 7 -0.0112405
6 8 -0.0147062
6 9 -0.0141877
6 10 -0.0112236
6 11 -0.00574207
6 12 0.0013018
6 13 0.0080391
6 14 0.0146238
6 15 0.0192159
6 16 0.0221737
6 17 0.0224878
6 18 0.0199687
6 19 0.0148758
6 20 0.0067484
6 21 -0.00221132
6 22 -0.0115335
6 23 -0.0191997
6 24 -0.0243527
6 25 -0.0270674
6 26 -0.0276768
6 27 -0.0263786
6 28 -0.0230099
6 29 -0.0184896
6 30 -0.0119247
6 31 -0.00506927
6 32 0.00179065
6 33 0.00868233
6 34 0.0152063
6 35 0.0207863
6 36 0.024445
6 37 0.0257626
6 38 0.0245902
6 39 0.0221255
6 40 0.0178133
6 41 0.0127186
6 42 0.00763164
6 43 0.00353574
6 44 0.000426218
6 45 -0.00170949
6 46 -0.00364851
6 47 -0.00551897
6 48 -0.00751166
6 49 -0.0106171
6 50 -0.0145755
6 51 -0.0184224
6 52 -0.0216265
6 53 -0.0244529
6 54 -0.0256608
6 55 -0.0251832
6 56 -0.0237329
6 57 -0.0223073
6 58 -0.0206909
6 59 -0.020081
6 60 -0.0208685
6 61 -0.0226804
6 62 -0.0243325
6 63 -0.0260621
6 64 -0.0268756
6 65 -0.0260865
6 66 -0.0237488
6 67 -0.0211354
6 68 -0.0179394
6 69 -0.0147326
6 70 -0.012395
6 71 -0.0112361
6 72 -0.0101265
6 73 -0.00893638
6 74 -0.00734094
6 75 -0.00463729
6 76 -0.000575515
6 77 0.00476052
6 78 0.0106186
6 79 0.0161072
6 80 0.0203069
6 81 0.0236673
6 82 0.0249549
6 83 0.0242295
6 84 0.0216181
6 85 0.0180613
6 86 0.0135913
6 87 0.00866323
6 88 0.00259606
6 89 -0.00415556
6 90 -0.0103179
6 91 -0.016533
6 92 -0.0218564
6 93 -0.0262105
6 94 -0.0286828
6 95 -0.0288267
6 96 -0.0253516
6 97 -0.0191819
6 98 -0.011248
6 99 -0.00219071
6 100 0.0059466
6 101 0.0135067
6 102 0.0190747
6 103 0.0228281
6 104 0.0238786
6 105 0.0217777
6 106 0.0171315
6 107 0.00939243
6 108 0.00103912
6 109 -0.00746058
6 110 -0.0140655
6 111 -0.0170535
6 112 -0.0168328
6 113 -0.0121953
6 114 -0.00513342
6 115 0.00317336
6 116 0.0112365
6 117 0.0163802
6 118 0.0184318
6 119 0

7 0 0
7 1 0.0193379
7 2 0.0184121
7 3 0.0131689
7 4 0.00543791
7 5 -0.0033538
7 6 -0.0112405
7 7 -0.016256
7 8 -0.0179591
7 9 -0.0153293
7 10 -0.00970491
7 11 -0.00182352
7 12 0.00698533
7 13 0.0144547
7 14 0.0206043
7 15 0.0235958
7 16 0.0236186
7 17 0.0208939
7 18 0.0147717
7 19 0.00677059
7 20 -0.00278895
7 21 -0.012385
7 22 -0.0201546
7 23 -0.025109
7 24 -0.0270126
7 25 -0.0260121
7 26 -0.0233923
7 27 -0.0198571
7 28 -0.0150892
7 29 -0.00996302
7 30 -0.00420794
7 31 0.00139559
7 32 0.00660361
7 33 0.0117807
7 34 0.0167214
7 35 0.0204732
7 36 0.0223932
7 37 0.0218625
7 38 0.0188424
7 39 0.0144174
7 40 0.00850121
7 41 0.00197554
7 42 -0.00367298
7 43 -0.00743604
7 44 -0.00972012
7 45 -0.010384
7 46 -0.0102468
7 47 -0.00997688
7 48 -0.0103763
7 49 -0.0119611
7 50 -0.0148625
7 51 -0.0179044
7 52 -0.0205951
7 53 -0.0225915
7 54 -0.0229848
7 55 -0.0213168
7 56 -0.0187785
7 57 -0.0161905
7 58 -0.0138273
7 59 -0.0127042
7 60 -0.013706
7 61 -0.0159653
7 62 -0.0184765
7 63 -0.0209907
7 64 -0.0226892
7 65 -0.0224145
7 66 -0.0206179
7 67 -0.0182465
7 68 -0.0156251
7 69 -0.0132821
7 70 -0.0123583
7 71 -0.0127483
7 72 -0.0138777
7 73 -0.014947
7 74 -0.0152023
7 75 -0.013794
7 76 -0.0107552
7 77 -0.00561309
7 78 0.000733656
7 79 0.0068871
7 80 0.0120354
7 81 0.0163439
7 82 0.0186987
7 83 0.0191636
7 84 0.018173
7 85 0.0163049
7 86 0.0141553
7 87 0.0117772
7 88 0.00834422
7 89 0.00392327
7 90 -0.00110319
7 91 -0.00709279
7 92 -0.0132722
7 93 -0.0198456
7 94 -0.025732
7 95 -0.0293147
7 96 -0.0296186
7 97 -0.0264593
7 98 -0.0198827
7 99 -0.0114879
7 100 -0.00230197
7 101 0.00725095
7 102 0.0152255
7 103 0.0217937
7 104 0.0254247
7 105 0.0253203
7 106 0.0218757
7 107 0.0146801
7 108 0.00553061
7 109 -0.00418909
7 110 -0.0126475
7 111 -0.0179999
7 112 -0.0192963
7 113 -0.0162473
7 114 -0.00950611
7 115 -0.000408094
7 116 0.00875066
7 117 0.0163511
7 118 0.0203905
7 119 0

8 0 0
8 1 0.0209141
8 2 0.0185593
8 3 0.0107692
8 4 0.00253271
8 5 -0.00731842
8 6 -0.0147062
8 7 -0.0179591
8 8 -0.0181991
8 9 -0.0127927
8 10 -0.00549515
8 11 0.00365097
8 12 0.012613
8 13 0.0189045
8 14 0.0229792
8 15 0.0229203
8 16 0.0200153
8 17 0.0137232
8 18 0.0055221
8 19 -0.00404029
8 20 -0.0135562
8 21 -0.0208164
8 22 -0.0255484
8 23 -0.0258268
8 24 -0.0233952
8 25 -0.0182635
8 26 -0.0128759
8 27 -0.00751718
8 28 -0.00247238
8 29 0.00101514
8 30 0.00422283
8 31 0.00633553
8 32 0.00811416
8 33 0.00971577
8 34 0.0120615
8 35 0.0130471
8 36 0.0128912
8 37 0.0108594
8 38 0.00693084
8 39 0.00172095
8 40 -0.00451551
8 41 -0.010777
8 42 -0.0154547
8 43 -0.0173879
8 44 -0.0176229
8 45 -0.0156187
8 46 -0.0124935
8 47 -0.00916791
8 48 -0.0072714
8 49 -0.0066064
8 50 -0.00783151
8 51 -0.0095103
8 52 -0.0113484
8 53 -0.0121892
8 54 -0.0116633
8 55 -0.00884962
8 56 -0.00538388
8 57 -0.00171595
8 58 0.00120722
8 59 0.0027781
8 60 0.00161671
8 61 -0.000907081
8 62 -0.00418653
8 63 -0.00729677
8 64 -0.00978304
8 65 -0.0100443
8 66 -0.00899492
8 67 -0.00704942
8 68 -0.00535843
8 69 -0.00426461
8 70 -0.00520075
8 71 -0.00754492
8 72 -0.0114932
8 73 -0.0154182
8 74 -0.0183995
8 75 -0.0192564
8 76 -0.0185363
8 77 -0.0150351
8 78 -0.00994119
8 79 -0.00459366
8 80 -7.56325e-05
8 81 0.0037262
8 82 0.00601313
8 83 0.00721021
8 84 0.00772535
8 85 0.00766604
8 86 0.00867364
8 87 0.00993192
8 88 0.0107909
8 89 0.0102562
8 90 0.00884504
8 91 0.00469674
8 92 -0.000772697
8 93 -0.00804689
8 94 -0.016048
8 95 -0.0229392
8 96 -0.0274922
8 97 -0.027994
8 98 -0.0253438
8 99 -0.0190358
8 100 -0.0112176
8 101 -0.00196293
8 102 0.00695415
8 103 0.0151031
8 104 0.0211652
8 105 0.0235839
8 106 0.0232107
8 107 0.0177214
8 108 0.0103642
8 109 0.000956409
8 110 -0.00848947
8 111 -0.0145038
8 112 -0.0184767
8 113 -0.0167672
8 114 -0.011737
8 115 -0.00406902
8 116 0.00583035
8 117 0.0132203
8 118 0.0192354
8 119 0

9 0 0
9 1 0.0182329
9 2 0.0138687
9 3 0.00637227
9 4 -0.00178099
9 5 -0.00938657
9 6 -0.0141877
9 7 -0.0153293
9 8 -0.0127927
9 9 -0.00675752
9 10 0.000883233
9 11 0.00891375
9 12 0.0153872
9 13 0.0191595
9 14 0.0197048
9 15 0.0168178
9 16 0.0111296
9 17 0.0033261
9 18 -0.00552158
9 19 -0.0143511
9 20 -0.0212398
9 21 -0.0253752
9 22 -0.0251893
9 23 -0.0208782
9 24 -0.0141723
9 25 -0.00586349
9 26 0.00125918
9 27 0.0066204
9 28 0.0100168
9 29 0.0109589
9 30 0.00976199
9 31 0.00751277
9 32 0.00489365
9 33 0.00293778
9 34 0.00221749
9 35 0.00117106
9 36 -0.000202451
9 37 -0.00250036
9 38 -0.00598406
9 39 -0.0104761
9 40 -0.015317
9 41 -0.0199286
9 42 -0.0223
9 43 -0.0217661
9 44 -0.0191109
9 45 -0.0143345
9 46 -0.00799054
9 47 -0.00193593
9 48 0.00235656
9 49 0.00486267
9 50 0.00537789
9 51 0.00465974
9 52 0.0036508
9 53 0.00347645
9 54 0.00478072
9 55 0.00805021
9 56 0.0121765
9 57 0.0163349
9 58 0.0196732
9 59 0.0212874
9 60 0.0202207
9 61 0.0174341
9 62 0.0138356
9 63 0.0102774
9 64 0.00758296
9 65 0.00685346
9 66 0.00758968
9 67 0.0091317
9 68 0.0103248
9 69 0.0102037
9 70 0.0079613
9 71 0.00378037
9 72 -0.00238283
9 73 -0.00906036
9 74 -0.0144724
9 75 -0.0180286
9 76 -0.0197971
9 77 -0.018888
9 78 -0.0160022
9 79 -0.012959
9 80 -0.0103217
9 81 -0.00848623
9 82 -0.00756484
9 83 -0.00702583
9 84 -0.00618585
9 85 -0.00488413
9 86 -0.00150666
9 87 0.00328856
9 88 0.00843399
9 89 0.0128401
9 90 0.0152891
9 91 0.0148128
9 92 0.0117353
9 93 0.00563204
9 94 -0.00300182
9 95 -0.0115948
9 96 -0.0192456
9 97 -0.0237542
9 98 -0.0246275
9 99 -0.0223789
9 100 -0.0174787
9 101 -0.0107901
9 102 -0.00320331
9 103 0.0044897
9 104 0.0114537
9 105 0.0161623
9 106 0.0183679
9 107 0.0170259
9 108 0.0127232
9 109 0.00639119
9 110 -0.0010953
9 111 -0.00738595
9 112 -0.0119351
9 113 -0.013134
9 114 -0.0109794
9 115 -0.00617881
9 116 0.00089307
9 117 0.00774525
9 118 0.0135921
9 119 0

10 0 0
10 1 0.0125854
10 2 0.0077598
10 3 0.00115302
10 4 -0.00485312
10 5 -0.00957698
10 6 -0.0112236
10 7 -0.00970491
10 8 -0.00549515
10 9 0.000883233
10 10 0.00730642
10 11 0.0129038
10 12 0.0160193
10 13 0.0161889
10 14 0.0132804
10 15 0.00770018
10 16 0.000323863
10 17 -0.00804106
10 18 -0.0158563
10 19 -0.0226333
10 20 -0.0259541
10 21 -0.0257617
10 22 -0.0211138
10 23 -0.0124177
10 24 -0.00257357
10 25 0.00770666
10 26 0.0152695
10 27 0.0197255
10 28 0.0204841
10 29 0.0179324
10 30 0.0124102
10 31 0.00567412
10 32 -0.000624254
10 33 -0.00575853
10 34 -0.00839309
10 35 -0.0106326
10 36 -0.0118776
10 37 -0.0133911
10 38 -0.0150543
10 39 -0.0177547
10 40 -0.0203425
10 41 -0.0225366
10 42 -0.0224246
10 43 -0.0194266
10 44 -0.0145005
10 45 -0.00743385
10 46 0.000863723
10 47 0.00888057
10 48 0.0143179
10 49 0.0180423
10 50 0.0191749
10 51 0.0190318
10 52 0.0178839
10 53 0.0180554
10 54 0.0191896
10 55 0.0225312
10 56 0.026375
10 57 0.0308027
10 58 0.0338314
10 59 0.0355396
10 60 0.0343089
10 61 0.0317725
10 62 0.0278706
10 63 0.0245937
10 64 0.0218745
10 65 0.0214202
10 66 0.0219811
10 67 0.0239169
10 68 0.0248583
10 69 0.02455
10 70 0.0215669
10 71 0.0168344
10 72 0.00929168
10 73 0.00134142
10 74 -0.00579244
10 75 -0.0110071
10 76 -0.0148792
10 77 -0.0161382
10 78 -0.0157539
10 79 -0.0151957
10 80 -0.0150766
10 81 -0.0160065
10 82 -0.0172765
10 83 -0.0184723
10 84 -0.0182843
10 85 -0.0169645
10 86 -0.012134
10 87 -0.00517504
10 88 0.00359389
10 89 0.0119465
10 90 0.0184949
10 91 0.0218731
10 92 0.0218433
10 93 0.0178862
10 94 0.0102376
10 95 0.00142923
10 96 -0.0081906
10 97 -0.0153815
10 98 -0.0200551
10 99 -0.0218652
10 100 -0.0208677
10 101 -0.0179258
10 102 -0.0131268
10 103 -0.00723193
10 104 -0.000506292
10 105 0.00551909
10 106 0.0106241
10 107 0.0132407
10 108 0.0133234
10 109 0.0110933
10 110 0.00654136
10 111 0.00166596
10 112 -0.00341197
10 113 -0.00675315
10 114 -0.00794437
10 115 -0.00698234
10 116 -0.00335627
10 117 0.00104353
10 118 0.00609182
10 119 0

11 0 0
11 1 0.00471396
11 2 -6.00893e-05
11 3 -0.00440596
11 4 -0.00714298
11 5 -0.00790304
11 6 -0.00574207
11 7 -0.00182352
11 8 0.00365097
11 9 0.00891375
11 10 0.0129038
11 11 0.0148597
11 12 0.0134784
11 13 0.0100837
11 14 0.00386183
11 15 -0.00324903
11 16 -0.0105336
11 17 -0.0177929
11 18 -0.0228209
11 19 -0.0261888
11 20 -0.0256766
11 21 -0.021333
11 22 -0.0130329
11 23 -0.00185308
11 24 0.00946131
11 25 0.0195037
11 26 0.0256376
11 27 0.0278167
11 28 0.0255478
11 29 0.0194918
11 30 0.0102686
11 31 0.000440621
11 32 -0.0081508
11 33 -0.0144292
11 34 -0.017468
11 35 -0.0188233
11 36 -0.0186974
11 37 -0.0178075
11 38 -0.0167896
11 39 -0.0167812
11 40 -0.0168901
11 41 -0.0166122
11 42 -0.0144796
11 43 -0.0101045
11 44 -0.00397935
11 45 0.00365024
11 46 0.0124309
11 47 0.0203595
11 48 0.0257742
11 49 0.028922
11 50 0.029866
11 51 0.0288697
11 52 0.0271574
11 53 0.0264283
11 54 0.0270805
11 55 0.0292972
11 56 0.0326269
11 57 0.0363191
11 58 0.0390503
11 59 0.0401696
11 60 0.0392404
11 61 0.0367229
11 62 0.0332897
11 63 0.0302873
11 64 0.0284832
11 65 0.0283489
11 66 0.029707
11 67 0.0321727
11 68 0.0340316
11 69 0.0340608
11 70 0.0319476
11 71 0.0276147
11 72 0.0207185
11 73 0.0128933
11 74 0.00599194
11 75 0.000342201
11 76 -0.0040036
11 77 -0.00654481
11 78 -0.00786798
11 79 -0.00935409
11 80 -0.0116448
11 81 -0.0154283
11 82 -0.019563
11 83 -0.0230963
11 84 -0.0251042
11 85 -0.0250424
11 86 -0.0209521
11 87 -0.013571
11 88 -0.00348604
11 89 0.00728453
11 90 0.0165519
11 91 0.0230465
11 92 0.0261414
11 93 0.0253683
11 94 0.0203485
11 95 0.0129231
11 96 0.00372252
11 97 -0.00454104
11 98 -0.0115495
11 99 -0.0164233
11 100 -0.0193499
11 101 -0.0209569
11 102 -0.0200427
11 103 -0.0177321
11 104 -0.0129071
11 105 -0.00668852
11 106 0.000134007
11 107 0.00664078
11 108 0.0113675
11 109 0.0139726
11 110 0.0135892
11 111 0.0112585
11 112 0.00663655
11 113 0.00164567
11 114 -0.00288993
11 115 -0.00648302
11 116 -0.00704312
11 117 -0.00620479
11 118 -0.00289155
11 119 0

12 0 0
12 1 -0.0043189
12 2 -0.00813295
12 3 -0.00902401
12 4 -0.00823823
12 5 -0.00421136
12 6 0.0013018
12 7 0.00698533
12 8 0.012613
12 9 0.0153872
12 10 0.0160193
12 11 0.0134784
12 12 0.00822237
12 13 0.0017196
12 14 -0.00592947
12 15 -0.0125751
12 16 -0.0185507
12 17 -0.022493
12 18 -0.0244298
12 19 -0.0240988
12 20 -0.0201001
12 21 -0.0134825
12 22 -0.00359765
12 23 0.00752546
12 24 0.0178822
12 25 0.0255437
12 26 0.0294592
12 27 0.0287459
12 28 0.0235864
12 29 0.0155442
12 30 0.00456423
12 31 -0.00607112
12 32 -0.0145664
12 33 -0.0196569
12 34 -0.0213572
12 35 -0.0203491
12 36 -0.017591
12 37 -0.013825
12 38 -0.0100625
12 39 -0.00774213
12 40 -0.00592173
12 41 -0.00423478
12 42 -0.00149354
12 43 0.00252357
12 44 0.00797126
12 45 0.0142841
12 46 0.0214105
12 47 0.0274806
12 48 0.0311596
12 49 0.0325672
12 50 0.0320605
12 51 0.0296054
12 52 0.026524
12 53 0.0245607
12 54 0.02402
12 55 0.0248509
12 56 0.0270088
12 57 0.0297984
12 58 0.0317363
12 59 0.0323445
12 60 0.031533
12 61 0.0294156
12 62 0.0264867
12 63 0.0242626
12 64 0.0234469
12 65 0.0241277
12 66 0.026352
12 67 0.0298689
12 68 0.032908
12 69 0.0342065
12 70 0.033736
12 71 0.0311947
12 72 0.0263476
12 73 0.0205674
12 74 0.0155468
12 75 0.0113441
12 76 0.00829883
12 77 0.00622658
12 78 0.00468042
12 79 0.00241814
12 80 -0.00105791
12 81 -0.00673972
12 82 -0.0131056
12 83 -0.0191537
12 84 -0.023753
12 85 -0.0258974
12 86 -0.0242293
12 87 -0.0186586
12 88 -0.00968874
12 89 0.000913113
12 90 0.0103374
12 91 0.0185431
12 92 0.0237564
12 93 0.0255679
12 94 0.0238288
12 95 0.0193378
12 96 0.0125404
12 97 0.00533156
12 98 -0.00133403
12 99 -0.00797644
12 100 -0.0133166
12 101 -0.0184562
12 102 -0.021942
12 103 -0.0234407
12 104 -0.0221274
12 105 -0.0174387
12 106 -0.0106161
12 107 -0.00158099
12 108 0.00684195
12 109 0.01406
12 110 0.0184678
12 111 0.018832
12 112 0.0163278
12 113 0.0102676
12 114 0.00309534
12 115 -0.00395875
12 116 -0.00975156
12 117 -0.0120297
12 118 -0.0116057
12 119 0

13 0 0
13 1 -0.012012
13 2 -0.0139949
13 3 -0.0119514
13 4 -0.00712215
13 5 9.41877e-05
13 6 0.0080391
13 7 0.0144547
13 8 0.0189045
13 9 0.0191595
13 10 0.0161889
13 11 0.0100837
13 12 0.0017196
13 13 -0.00616144
13 14 -0.0138216
13 15 -0.0187573
13 16 -0.0215089
13 17 -0.0222746
13 18 -0.0203817
13 19 -0.0172208
13 20 -0.0115296
13 21 -0.00404228
13 22 0.00485014
13 23 0.0137096
13 24 0.0210069
13 25 0.0251101
13 26 0.0256152
13 27 0.0226678
13 28 0.015955
13 29 0.00729984
13 30 -0.0031128
13 31 -0.0121277
13 32 -0.0182215
13 33 -0.0205248
13 34 -0.0192513
13 35 -0.0151875
13 36 -0.00959801
13 37 -0.00338872
13 38 0.00254152
13 39 0.00616958
13 40 0.00866517
13 41 0.0102692
13 42 0.0121075
13 43 0.0140869
13 44 0.0172044
13 45 0.0205574
13 46 0.0245328
13 47 0.0273929
13 48 0.0283947
13 49 0.0273391
13 50 0.0249495
13 51 0.020818
13 52 0.0163676
13 53 0.0131368
13 54 0.0113873
13 55 0.0107915
13 56 0.0117024
13 57 0.0134728
13 58 0.0145542
13 59 0.0146546
13 60 0.0140036
13 61 0.0123905
13 62 0.0100996
13 63 0.00872957
13 64 0.00889756
13 65 0.0103358
13 66 0.0133216
13 67 0.0177135
13 68 0.0219014
13 69 0.0246105
13 70 0.0261509
13 71 0.0259559
13 72 0.0240927
13 73 0.0214374
13 74 0.0195547
13 75 0.0181252
13 76 0.0178423
13 77 0.0176721
13 78 0.0174945
13 79 0.0160275
13 80 0.0128855
13 81 0.00665326
13 82 -0.000610918
13 83 -0.00826307
13 84 -0.0150707
13 85 -0.0199291
13 86 -0.021398
13 87 -0.0192589
13 88 -0.0135277
13 89 -0.00558647
13 90 0.00213481
13 91 0.00959179
13 92 0.0151245
13 93 0.0190136
13 94 0.0204205
13 95 0.0194814
13 96 0.0164174
13 97 0.012406
13 98 0.00744227
13 99 0.00178672
13 100 -0.00434031
13 101 -0.0118907
13 102 -0.018466
13 103 -0.0240955
13 104 -0.0264612
13 105 -0.0244667
13 106 -0.0188275
13 107 -0.00928123
13 108 0.00148101
13 109 0.0119884
13 110 0.0199347
13 111 0.0237572
13 112 0.0228699
13 113 0.0173779
13 114 0.00883021
13 115 -0.00124619
13 116 -0.0100412
13 117 -0.0161342
13 118 -0.017961
13 119 0

14 0 0
14 1 -0.0182182
14 2 -0.0180524
14 3 -0.0125558
14 4 -0.00468844
14 5 0.00558791
14 6 0.0146238
14 7 0.0206043
14 8 0.0229792
14 9 0.0197048
14 10 0.0132804
14 11 0.00386183
14 12 -0.00592947
14 13 -0.0138216
14 14 -0.0193246
14 15 -0.0207431
14 16 -0.0195512
14 17 -0.0158465
14 18 -0.0111869
14 19 -0.00593818
14 20 -0.000373114
14 21 0.00531279
14 22 0.0109601
14 23 0.0151563
14 24 0.0178817
14 25 0.017254
14 26 0.0148296
14 27 0.00989465
14 28 0.00328854
14 29 -0.00385451
14 30 -0.0112671
14 31 -0.0164868
14 32 -0.0184759
14 33 -0.0164424
14 34 -0.0119148
14 35 -0.0046161
14 36 0.00301858
14 37 0.0110106
14 38 0.0173672
14 39 0.0211369
14 40 0.0226616
14 41 0.0230365
14 42 0.0224614
14 43 0.0213682
14 44 0.0210142
14 45 0.0206608
14 46 0.0208069
14 47 0.0200124
14 48 0.0182784
14 49 0.0148325
14 50 0.0109854
14 51 0.00554768
14 52 0.000504861
14 53 -0.00364305
14 54 -0.00594984
14 55 -0.00778364
14 56 -0.00762596
14 57 -0.0069708
14 58 -0.00636246
14 59 -0.00688627
14 60 -0.0070749
14 61 -0.00839631
14 62 -0.00977718
14 63 -0.0106566
14 64 -0.00955405
14 65 -0.00795272
14 66 -0.0044861
14 67 -5.09535e-05
14 68 0.00487826
14 69 0.0083662
14 70 0.0116685
14 71 0.0134987
14 72 0.014743
14 73 0.015357
14 74 0.0169364
14 75 0.0188181
14 76 0.0219198
14 77 0.0246499
14 78 0.0267559
14 79 0.0275194
14 80 0.0260125
14 81 0.0212501
14 82 0.0143542
14 83 0.00670866
14 84 -0.00149217
14 85 -0.00814968
14 86 -0.0132478
14 87 -0.0150958
14 88 -0.0141576
14 89 -0.0107414
14 90 -0.00711142
14 91 -0.00245515
14 92 0.00191559
14 93 0.00609517
14 94 0.0100873
14 95 0.0125611
14 96 0.0143164
14 97 0.0146259
14 98 0.0140081
14 99 0.0112325
14 100 0.00648989
14 101 -0.00110399
14 102 -0.0100189
14 103 -0.018702
14 104 -0.0253204
14 105 -0.0270125
14 106 -0.0243745
14 107 -0.0161297
14 108 -0.00503968
14 109 0.00711353
14 110 0.0182056
14 111 0.0246566
14 112 0.0267489
14 113 0.02258
14 114 0.014019
14 115 0.00305379
14 116 -0.00866136
14 117 -0.0170386
14 118 -0.0216619
14 119 0

15 0 0
15 1 -0.020805
15 2 -0.0181018
15 3 -0.0103861
15 4 -0.000335358
15 5 0.0107367
15 6 0.0192159
15 7 0.0235958
15 8 0.0229203
15 9 0.0168178
15 10 0.00770018
15 11 -0.00324903
15 12 -0.0125751
15 13 -0.0187573
15 14 -0.0207431
15 15 -0.018013
15 16 -0.0129193
15 17 -0.00597734
15 18 0.000320867
15 19 0.00545291
15 20 0.00924029
15 21 0.0114695
15 22 0.0123215
15 23 0.0111919
15 24 0.00892578
15 25 0.00442034
15 26 1.09088e-06
15 27 -0.00469859
15 28 -0.00964142
15 29 -0.0133463
15 30 -0.0162167
15 31 -0.0164151
15 32 -0.0137492
15 33 -0.00787048
15 34 -0.00068422
15 35 0.00802793
15 36 0.0164104
15 37 0.0237709
15 38 0.0290828
15 39 0.0309861
15 40 0.0306748
15 41 0.0284967
15 42 0.0252332
15 43 0.0207093
15 44 0.0170871
15 45 0.0133514
15 46 0.0102359
15 47 0.00666795
15 48 0.00302256
15 49 -0.00144295
15 50 -0.00584561
15 51 -0.0110094
15 52 -0.0157645
15 53 -0.0193824
15 54 -0.0217774
15 55 -0.0236222
15 56 -0.0241133
15 57 -0.0237497
15 58 -0.0237846
15 59 -0.0242155
15 60 -0.0243752
15 61 -0.0249403
15 62 -0.0259645
15 63 -0.026156
15 64 -0.0251016
15 65 -0.0235112
15 66 -0.0208235
15 67 -0.0169701
15 68 -0.0128031
15 69 -0.00927754
15 70 -0.00568832
15 71 -0.00265815
15 72 0.0004596
15 73 0.00355473
15 74 0.00764049
15 75 0.0121775
15 76 0.0181636
15 77 0.0234561
15 78 0.0282521
15 79 0.0315104
15 80 0.0329452
15 81 0.0307777
15 82 0.0264879
15 83 0.0202756
15 84 0.0130527
15 85 0.00586
15 86 -0.00116427
15 87 -0.00654156
15 88 -0.0101543
15 89 -0.0119064
15 90 -0.0132147
15 91 -0.0126389
15 92 -0.0115507
15 93 -0.00863315
15 94 -0.00394319
15 95 0.00106794
15 96 0.00660809
15 97 0.0115106
15 98 0.0154771
15 99 0.0167817
15 100 0.015373
15 101 0.00962087
15 102 0.000726146
15 103 -0.00940636
15 104 -0.0190736
15 105 -0.0245303
15 106 -0.0253692
15 107 -0.0201863
15 108 -0.0106642
15 109 0.00119305
15 110 0.0132239
15 111 0.0217138
15 112 0.0261473
15 113 0.0243155
15 114 0.0173878
15 115 0.00718336
15 116 -0.00496533
15 117 -0.0146435
15 118 -0.0210513
15 119 0

16 0 0
16 1 -0.0196763
16 2 -0.015049
16 3 -0.00559724
16 4 0.00502866
16 5 0.0154394
16 6 0.0221737
16 7 0.0236186
16 8 0.0200153
16 9 0.0111296
16 10 0.000323863
16 11 -0.0105336
16 12 -0.0185507
16 13 -0.0215089
16 14 -0.0195512
16 15 -0.0129193
16 16 -0.00400289
16 17 0.00489176
16 18 0.0117094
16 19 0.0156892
16 20 0.0161333
16 21 0.0140734
16 22 0.00984647
16 23 0.00357106
16 24 -0.00296664
16 25 -0.0098863
16 26 -0.0151405
16 27 -0.0184914
16 28 -0.0199014
16 29 -0.0194297
16 30 -0.0170474
16 31 -0.0123843
16 32 -0.0055843
16 33 0.00280915
16 34 0.0110973
16 35 0.0195631
16 36 0.026489
16 37 0.0317498
16 38 0.0342583
16 39 0.0338379
16 40 0.0308252
16 41 0.0265212
16 42 0.020753
16 43 0.0140933
16 44 0.00806386
16 45 0.00250891
16 46 -0.00252079
16 47 -0.00726197
16 48 -0.0112741
16 49 -0.0152809
16 50 -0.0186789
16 51 -0.022347
16 52 -0.0253144
16 53 -0.0276328
16 54 -0.0289711
16 55 -0.0304146
16 56 -0.0306965
16 57 -0.0306905
16 58 -0.0307109
16 59 -0.031232
16 60 -0.0309458
16 61 -0.0311897
16 62 -0.0315215
16 63 -0.0316509
16 64 -0.0307334
16 65 -0.0300528
16 66 -0.0285372
16 67 -0.0265265
16 68 -0.0239462
16 69 -0.0217646
16 70 -0.0190196
16 71 -0.0163006
16 72 -0.012718
16 73 -0.00869713
16 74 -0.0037478
16 75 0.00206549
16 76 0.00921077
16 77 0.0160688
16 78 0.0223655
16 79 0.0280252
16 80 0.0319282
16 81 0.0332963
16 82 0.0322783
16 83 0.0293713
16 84 0.0244498
16 85 0.0186711
16 86 0.0113909
16 87 0.00407224
16 88 -0.00299755
16 89 -0.00930851
16 90 -0.0151817
16 91 -0.0196378
16 92 -0.0222472
16 93 -0.0217661
16 94 -0.0179929
16 95 -0.0121313
16 96 -0.00394997
16 97 0.00451222
16 98 0.0126964
16 99 0.0188579
16 100 0.0211972
16 101 0.0186602
16 102 0.0115213
16 103 0.00103521
16 104 -0.0101163
16 105 -0.0187373
16 106 -0.0234459
16 107 -0.0219755
16 108 -0.0156837
16 109 -0.00568746
16 110 0.00592863
16 111 0.0155231
16 112 0.0221606
16 113 0.0232082
16 114 0.0191995
16 115 0.0111644
16 116 0.000437568
16 117 -0.00925947
16 118 -0.0167586
16 119 0

17 0 0
17 1 -0.0153084
17 2 -0.00852478
17 3 0.00103565
17 4 0.011048
17 5 0.0191495
17 6 0.0224878
17 7 0.0208939
17 8 0.0137232
17 9 0.0033261
17 10 -0.00804106
17 11 -0.0177929
17 12 -0.022493
17 13 -0.0222746
17 14 -0.0158465
17 15 -0.00597734
17 16 0.00489176
17 17 0.0145983
17 18 0.0199858
17 19 0.0215772
17 20 0.018344
17 21 0.0122805
17 22 0.00365419
17 23 -0.0059882
17 24 -0.0148022
17 25 -0.0222628
17 26 -0.0258889
17 27 -0.0263493
17 28 -0.0236476
17 29 -0.0188101
17 30 -0.0115825
17 31 -0.00344694
17 32 0.00554923
17 33 0.0142747
17 34 0.021196
17 35 0.0268296
17 36 0.0303883
17 37 0.0319212
17 38 0.030649
17 39 0.0273874
17 40 0.0221437
17 41 0.0165172
17 42 0.00968797
17 43 0.00257329
17 44 -0.00395414
17 45 -0.00933083
17 46 -0.0143474
17 47 -0.018309
17 48 -0.0210773
17 49 -0.0229234
17 50 -0.0241237
17 51 -0.024892
17 52 -0.0252463
17 53 -0.0252634
17 54 -0.0251683
17 55 -0.0254455
17 56 -0.0254418
17 57 -0.0253655
17 58 -0.0254599
17 59 -0.0256735
17 60 -0.0252184
17 61 -0.0249158
17 62 -0.0248349
17 63 -0.0247841
17 64 -0.024557
17 65 -0.0248781
17 66 -0.0252444
17 67 -0.0255177
17 68 -0.0255693
17 69 -0.0254723
17 70 -0.0249071
17 71 -0.0236732
17 72 -0.0213165
17 73 -0.018016
17 74 -0.0141934
17 75 -0.00905535
17 76 -0.00282256
17 77 0.00365725
17 78 0.00980372
17 79 0.016425
17 80 0.0221191
17 81 0.0267525
17 82 0.0294115
17 83 0.0305957
17 84 0.0297701
17 85 0.0273661
17 86 0.0220649
17 87 0.015198
17 88 0.00706314
17 89 -0.00203956
17 90 -0.0110778
17 91 -0.0194486
17 92 -0.0258716
17 93 -0.0291344
17 94 -0.027639
17 95 -0.0230071
17 96 -0.0146267
17 97 -0.0046149
17 98 0.00613093
17 99 0.0157494
17 100 0.0219232
17 101 0.0236497
17 102 0.0192159
17 103 0.010845
17 104 -0.000462662
17 105 -0.0110854
17 106 -0.0186364
17 107 -0.0216604
17 108 -0.0191457
17 109 -0.0126389
17 110 -0.00301425
17 111 0.00649031
17 112 0.0146351
17 113 0.0189823
17 114 0.0187424
17 115 0.0148431
17 116 0.00696692
17 117 -0.00119335
17 118 -0.00884181
17 119 0

18 0 0
18 1 -0.00765369
18 2 -0.000294283
18 3 0.00836063
18 4 0.0159535
18 5 0.020317
18 6 0.0199687
18 7 0.0147717
18 8 0.0055221
18 9 -0.00552158
18 10 -0.0158563
18 11 -0.0228209
18 12 -0.0244298
18 13 -0.0203817
18 14 -0.0111869
18 15 0.000320867
18 16 0.0117094
18 17 0.0199858
18 18 0.0233083
18 19 0.0220107
18 20 0.0157902
18 21 0.00704331
18 22 -0.00338466
18 23 -0.0140628
18 24 -0.0225898
18 25 -0.0280763
18 26 -0.0291234
18 27 -0.0258348
18 28 -0.0192183
18 29 -0.010958
18 30 -0.00119362
18 31 0.00836845
18 32 0.0168699
18 33 0.0232995
18 34 0.026519
18 35 0.0276037
18 36 0.0264893
18 37 0.0234694
18 38 0.0186252
18 39 0.0132078
18 40 0.007197
18 41 0.00165095
18 42 -0.00404182
18 43 -0.00967445
18 44 -0.014359
18 45 -0.0179192
18 46 -0.0209225
18 47 -0.0228759
18 48 -0.0229691
18 49 -0.0220239
18 50 -0.0201407
18 51 -0.0177806
18 52 -0.0150197
18 53 -0.0128366
18 54 -0.0110871
18 55 -0.0103837
18 56 -0.0099896
18 57 -0.0101316
18 58 -0.0101882
18 59 -0.0102733
18 60 -0.00954769
18 61 -0.00886771
18 62 -0.00813399
18 63 -0.00799586
18 64 -0.00824345
18 65 -0.00966119
18 66 -0.0116537
18 67 -0.0144389
18 68 -0.0170435
18 69 -0.019489
18 70 -0.0212826
18 71 -0.0224306
18 72 -0.0220042
18 73 -0.0209027
18 74 -0.0193962
18 75 -0.0169572
18 76 -0.0134068
18 77 -0.00961088
18 78 -0.00533069
18 79 9.91152e-05
18 80 0.00602704
18 81 0.0124757
18 82 0.0183591
18 83 0.023445
18 84 0.0271706
18 85 0.0292581
18 86 0.0278911
18 87 0.0237924
18 88 0.0170018
18 89 0.00817466
18 90 -0.00168233
18 91 -0.0121163
18 92 -0.0213543
18 93 -0.0275104
18 94 -0.0294652
18 95 -0.0275792
18 96 -0.0213039
18 97 -0.01257
18 98 -0.00192396
18 99 0.00916215
18 100 0.0178273
18 101 0.0228941
18 102 0.0224016
18 103 0.0167604
18 104 0.00739309
18 105 -0.00331498
18 106 -0.0128034
18 107 -0.0190258
18 108 -0.0208019
18 109 -0.0182299
18 110 -0.0118699
18 111 -0.00365449
18 112 0.00494274
18 113 0.0118457
18 114 0.0157438
18 115 0.0161726
18 116 0.0129068
18 117 0.00748429
18 118 0.000960827
18 119 0

19 0 0
19 1 0.000872422
19 2 0.00837455
19 3 0.0149572
19 4 0.0192279
19 5 0.0193326
19 6 0.0148758
19 7 0.00677059
19 8 -0.00404029
19 9 -0.0143511
19 10 -0.0226333
19 11 -0.0261888
19 12 -0.0240988
19 13 -0.0172208
19 14 -0.00593818
19 15 0.00545291
19 16 0.0156892
19 17 0.0215772
19 18 0.0220107
19 19 0.0183782
19 20 0.0101973
19 21 0.000742083
19 22 -0.00958943
19 23 -0.0185469
19 24 -0.0247738
19 25 -0.0267231
19 26 -0.0241893
19 27 -0.0178149
19 28 -0.00832915
19 29 0.00130242
19 30 0.0117992
19 31 0.0199464
19 32 0.025904
19 33 0.0278954
19 34 0.0262881
19 35 0.0219766
19 36 0.0160328
19 37 0.00917077
19 38 0.00169944
19 39 -0.00416293
19 40 -0.00956071
19 41 -0.0127782
19 42 -0.0159072
19 43 -0.0178974
19 44 -0.0197482
19 45 -0.0199488
19 46 -0.0205669
19 47 -0.019634
19 48 -0.0173545
19 49 -0.0134672
19 50 -0.00921105
19 51 -0.00397215
19 52 0.00101735
19 53 0.00497395
19 54 0.00756932
19 55 0.00888338
19 56 0.00905109
19 57 0.0084387
19 58 0.00803725
19 59 0.00802439
19 60 0.00882761
19 61 0.0100088
19 62 0.011442
19 63 0.0120521
19 64 0.0115773
19 65 0.00971379
19 66 0.00653063
19 67 0.00209548
19 68 -0.00262008
19 69 -0.00673037
19 70 -0.010623
19 71 -0.0134594
19 72 -0.0152303
19 73 -0.0161166
19 74 -0.0177641
19 75 -0.0183701
19 76 -0.019076
19 77 -0.0189102
19 78 -0.0185588
19 79 -0.0156439
19 80 -0.0116522
19 81 -0.00486805
19 82 0.00237788
19 83 0.010467
19 84 0.0180269
19 85 0.0245375
19 86 0.0278622
19 87 0.0278311
19 88 0.0247006
19 89 0.0181358
19 90 0.010227
19 91 -6.57859e-05
19 92 -0.00973992
19 93 -0.0182088
19 94 -0.0233169
19 95 -0.0250911
19 96 -0.0226999
19 97 -0.0172122
19 98 -0.00907908
19 99 0.00128434
19 100 0.0104109
19 101 0.0181976
19 102 0.0210519
19 103 0.0192149
19 104 0.0130331
19 105 0.00350001
19 106 -0.00627504
19 107 -0.0152026
19 108 -0.0207479
19 109 -0.0225869
19 110 -0.020151
19 111 -0.0142046
19 112 -0.00603429
19 113 0.00300176
19 114 0.0106588
19 115 0.0160433
19 116 0.0176491
19 117 0.015815
19 118 0.0111258
19 119 0

20 0 0
20 1 0.00932386
20 2 0.0158464
20 3 0.0188349
20 4 0.0192839
20 5 0.0147095
20 6 0.0067484
20 7 -0.00278895
20 8 -0.0135562
20 9 -0.0212398
20 10 -0.0259541
20 11 -0.0256766
20 12 -0.0201001
20 13 -0.0115296
20 14 -0.000373114
20 15 0.00924029
20 16 0.0161333
20 17 0.018344
20 18 0.0157902
20 19 0.0101973
20 20 0.00203226
20 21 -0.00571119
20 22 -0.0129796
20 23 -0.018006
20 24 -0.0197431
20 25 -0.0176629
20 26 -0.0117539
20 27 -0.00303858
20 28 0.00697109
20 29 0.0157947
20 30 0.0238583
20 31 0.0286909
20 32 0.029718
20 33 0.026559
20 34 0.019467
20 35 0.0102668
20 36 0.000512414
20 37 -0.00873827
20 38 -0.0167412
20 39 -0.0215674
20 40 -0.0239465
20 41 -0.0237513
20 42 -0.0223523
20 43 -0.020349
20 44 -0.018069
20 45 -0.0154224
20 46 -0.0132107
20 47 -0.0104991
20 48 -0.00617392
20 49 -0.000914096
20 50 0.00496968
20 51 0.0114664
20 52 0.017762
20 53 0.0221338
20 54 0.0248254
20 55 0.0257629
20 56 0.025201
20 57 0.023554
20 58 0.0225418
20 59 0.0223094
20 60 0.0231553
20 61 0.024808
20 62 0.027153
20 63 0.0284834
20 64 0.0284104
20 65 0.0266627
20 66 0.0233281
20 67 0.0180969
20 68 0.0126886
20 69 0.00778286
20 70 0.00337394
20 71 -0.00043679
20 72 -0.00297913
20 73 -0.00562791
20 74 -0.00927116
20 75 -0.0133538
20 76 -0.0177963
20 77 -0.0223996
20 78 -0.0262194
20 79 -0.0277955
20 80 -0.0267607
20 81 -0.0220495
20 82 -0.0151131
20 83 -0.0062221
20 84 0.00372618
20 85 0.0135505
20 86 0.0209696
20 87 0.0257543
20 88 0.027165
20 89 0.0253838
20 90 0.0215205
20 91 0.0145738
20 92 0.00625355
20 93 -0.0022562
20 94 -0.0093498
20 95 -0.0148173
20 96 -0.017254
20 97 -0.0170647
20 98 -0.0138656
20 99 -0.0071626
20 100 0.00076525
20 101 0.00927323
20 102 0.0150081
20 103 0.0173603
20 104 0.0151345
20 105 0.0088561
20 106 0.000624311
20 107 -0.00928384
20 108 -0.0172949
20 109 -0.0232591
20 110 -0.0253718
20 111 -0.0226873
20 112 -0.0167696
20 113 -0.00709536
20 114 0.00314617
20 115 0.0125296
20 116 0.0193651
20 117 0.0213888
20 118 0.0196998
20 119 0

21 0 0
21 1 0.0159818
21 2 0.020048
21 3 0.0199966
21 4 0.0158444
21 5 0.00784432
21 6 -0.00221132
21 7 -0.012385
21 8 -0.0208164
