0 0 0
0 1 0
0 2 0
0 3 0
0 4 0
0 5 0
0 6 0
0 7 0
0 8 0
0 9 0
0 10 0
0 11 0
0 12 0
0 13 0
0 14 0
0 15 0
0 16 0
0 17 0
0 18 0
0 19 0
0 20 0
0 21 0
0 22 0
0 23 0
0 24 0
0 25 0
0 26 0
0 27 0
0 28 0
0 29 0
0 30 0
0 31 0
0 32 0
0 33 0
0 34 0
0 35 0
0 36 0
0 37 0
0 38 0
0 39 0
0 40 0
0 41 0
0 42 0
0 43 0
0 44 0
0 45 0
0 46 0
0 47 0
0 48 0
0 49 0
0 50 0
0 51 0
0 52 0
0 53 0
0 54 0
0 55 0
0 56 0
0 57 0
0 58 0
0 59 0
0 60 0
0 61 0
0 62 0
0 63 0
0 64 0
0 65 0
0 66 0
0 67 0
0 68 0
0 69 0
0 70 0
0 71 0
0 72 0
0 73 0
0 74 0
0 75 0
0 76 0
0 77 0
0 78 0
0 79 0
0 80 0
0 81 0
0 82 0
0 83 0
0 84 0
0 85 0
0 86 0
0 87 0
0 88 0
0 89 0
0 90 0
0 91 0
0 92 0
0 93 0
0 94 0
0 95 0
0 96 0
0 97 0
0 98 0
0 99 0
0 100 0
0 101 0
0 102 0
0 103 0
0 104 0
0 105 0
0 106 0
0 107 0
0 108 0
0 109 0
0 110 0
0 111 0
0 112 0
0 113 0
0 114 0
0 115 0
0 116 0
0 117 0
0 118 0
0 119 0

1 0 0
1 1 -0.0208531
1 2 -0.0183575
1 3 -0.012403
1 4 -0.00475847
1 5 0.00394551
1 6 0.0117356
1 7 0.0171774
1 8 0.019232
1 9 0.0168373
1 10 0.0113272
1 11 0.00282818
1 12 -0.00651351
1 13 -0.015313
1 14 -0.0219009
1 15 -0.024148
1 16 -0.0227495
1 17 -0.0173341
1 18 -0.00979199
1 19 -0.00107031
1 20 0.00748573
1 21 0.0140469
1 22 0.0184007
1 23 0.0203615
1 24 0.0205683
1 25 0.0192796
1 26 0.0171865
1 27 0.0144876
1 28 0.0118052
1 29 0.00815339
1 30 0.00369888
1 31 -0.00163296
1 32 -0.00785927
1 33 -0.014497
1 34 -0.0210908
1 35 -0.0261621
1 36 -0.0293527
1 37 -0.0301055
1 38 -0.0283194
1 39 -0.0241147
1 40 -0.0189414
1 41 -0.0130995
1 42 -0.00783659
1 43 -0.00351423
1 44 -0.000560042
1 45 0.00144838
1 46 0.00297398
1 47 0.00469984
1 48 0.00681927
1 49 0.00997338
1 50 0.013746
1 51 0.017496
1 52 0.0210486
1 53 0.0236754
1 54 0.0247473
1 55 0.0247273
1 56 0.0239063
1 57 0.0223839
1 58 0.0213452
1 59 0.0211388
1 60 0.0215934
1 61 0.0228915
1 62 0.0247054
1 63 0.0258494
1 64 0.0262531
1 65 0.0256105
1 66 0.0234934
1 67 0.0204978
1 68 0.0173895
1 69 0.0142874
1 70 0.0118678
1 71 0.0104648
1 72 0.00946538
1 73 0.00856719
1 74 0.00710538
1 75 0.00448727
1 76 0.000300227
1 77 -0.00516081
1 78 -0.0115247
1 79 -0.0176478
1 80 -0.0232061
1 81 -0.0267815
1 82 -0.0281992
1 83 -0.0274762
1 84 -0.0250781
1 85 -0.021138
1 86 -0.017025
1 87 -0.012847
1 88 -0.00901289
1 89 -0.00511589
1 90 -0.0011218
1 91 0.00309866
1 92 0.00830737
1 93 0.0139358
1 94 0.0193777
1 95 0.0236643
1 96 0.0260619
1 97 0.0253651
1 98 0.021438
1 99 0.0138418
1 100 0.00447589
1 101 -0.00571812
1 102 -0.01521
1 103 -0.0219316
1 104 -0.0253099
1 105 -0.0238348
1 106 -0.0188827
1 107 -0.0111576
1 108 -0.00218362
1 109 0.00629738
1 110 0.013113
1 111 0.0165799
1 112 0.0167156
1 113 0.0136485
1 114 0.00841052
1 115 0.00168779
1 116 -0.00561084
1 117 -0.0123151
1 118 -0.0172718
1 119 0

2 0 0
2 1 -0.0183575
2 2 -0.0146666
2 3 -0.007921
2 4 -0.000969597
2 5 0.00710218
2 6 0.0129923
2 7 0.0163735
2 8 0.0164479
2 9 0.0123281
2 10 0.00643661
2 11 -0.00183523
2 12 -0.00987464
2 13 -0.0167455
2 14 -0.0207292
2 15 -0.0203974
2 16 -0.0165682
2 17 -0.00968764
2 18 -0.00142002
2 19 0.00735069
2 20 0.0144994
2 21 0.0194312
2 22 0.0211077
2 23 0.0205534
2 24 0.0181383
2 25 0.0141023
2 26 0.00987704
2 27 0.00557337
2 28 0.00200569
2 29 -0.00187121
2 30 -0.00539969
2 31 -0.00918401
2 32 -0.0129829
2 33 -0.0168724
2 34 -0.020362
2 35 -0.0223745
2 36 -0.0228726
2 37 -0.021889
2 38 -0.0189212
2 39 -0.0142182
2 40 -0.00941753
2 41 -0.00404547
2 42 0.000774184
2 43 0.00427512
2 44 0.00660223
2 45 0.00840065
2 46 0.00936141
2 47 0.0102367
2 48 0.0113107
2 49 0.0130452
2 50 0.0150083
2 51 0.0169302
2 52 0.0187682
2 53 0.0201412
2 54 0.0203713
2 55 0.0200527
2 56 0.0193044
2 57 0.0181069
2 58 0.0172679
2 59 0.0171237
2 60 0.0172804
2 61 0.0181422
2 62 0.0193892
2 63 0.0202176
2 64 0.0206693
2 65 0.0206216
2 66 0.0195082
2 67 0.0179926
2 68 0.0164885
2 69 0.0150084
2 70 0.0138562
2 71 0.0134126
2 72 0.0132465
2 73 0.0129968
2 74 0.011932
2 75 0.0102597
2 76 0.0073383
2 77 0.00290885
2 78 -0.00228072
2 79 -0.00720545
2 80 -0.0123794
2 81 -0.016203
2 82 -0.0184839
2 83 -0.0196453
2 84 -0.0197176
2 85 -0.0184955
2 86 -0.0171163
2 87 -0.0156626
2 88 -0.014112
2 89 -0.0122095
2 90 -0.00940159
2 91 -0.00593035
2 92 -0.000801162
2 93 0.00528185
2 94 0.0121686
2 95 0.0180521
2 96 0.0226915
2 97 0.0248557
2 98 0.0235812
2 99 0.0188476
2 100 0.0113711
2 101 0.00258707
2 102 -0.00645673
2 103 -0.0138148
2 104 -0.0188915
2 105 -0.019516
2 106 -0.0171566
2 107 -0.011918
2 108 -0.00508215
2 109 0.00142555
2 110 0.0079833
2 111 0.0114575
2 112 0.0131206
2 113 0.0119737
2 114 0.0087099
2 115 0.00471256
2 116 -0.00137533
2 117 -0.00677687
2 118 -0.0122611
2 119 0

3 0 0
3 1 -0.012403
3 2 -0.007921
3 3 -0.00217005
3 4 0.00330113
3 5 0.00837363
3 6 0.0114162
3 7 0.0119202
3 8 0.00982336
3 9 0.00533333
3 10 0.000236689
3 11 -0.00549756
3 12 -0.0102943
3 13 -0.0134417
3 14 -0.0138126
3 15 -0.0105851
3 16 -0.00520367
3 17 0.00187523
3 18 0.00907898
3 19 0.015411
3 20 0.0196425
3 21 0.0206015
3 22 0.0186568
3 23 0.014826
3 24 0.00938082
3 25 0.00341104
3 26 -0.0021745
3 27 -0.00685438
3 28 -0.00980411
3 29 -0.0123852
3 30 -0.0137061
3 31 -0.0140941
3 32 -0.0143845
3 33 -0.0143534
3 34 -0.0137955
3 35 -0.0125643
3 36 -0.0104723
3 37 -0.0078024
3 38 -0.00442826
3 39 -0.000311241
3 40 0.00305987
3 41 0.00641589
3 42 0.00924797
3 43 0.0109566
3 44 0.0116556
3 45 0.0120281
3 46 0.0115578
3 47 0.0110351
3 48 0.0104351
3 49 0.010055
3 50 0.00974111
3 51 0.00947912
3 52 0.00918999
3 53 0.00892412
3 54 0.00824636
3 55 0.00757949
3 56 0.00689039
3 57 0.00603032
3 58 0.0054946
3 59 0.00538013
3 60 0.00525864
3 61 0.0055606
3 62 0.00620398
3 63 0.00668469
3 64 0.0071805
3 65 0.00770626
3 66 0.00788303
3 67 0.0081192
3 68 0.00842171
3 69 0.00883468
3 70 0.0094387
3 71 0.0103436
3 72 0.0113186
3 73 0.0123345
3 74 0.0126529
3 75 0.0127253
3 76 0.0118879
3 77 0.00995462
3 78 0.00749362
3 79 0.00494424
3 80 0.00148388
3 81 -0.00144319
3 82 -0.00402107
3 83 -0.00636098
3 84 -0.00834907
3 85 -0.0100591
3 86 -0.0117792
3 87 -0.0134781
3 88 -0.015437
3 89 -0.01648
3 90 -0.0162188
3 91 -0.015183
3 92 -0.0118479
3 93 -0.00679952
3 94 -0.000370203
3 95 0.00648656
3 96 0.0127796
3 97 0.017821
3 98 0.0205042
3 99 0.0197594
3 100 0.0164983
3 101 0.011293
3 102 0.00490327
3 103 -0.00124682
3 104 -0.00667525
3 105 -0.00938035
3 106 -0.00994042
3 107 -0.00860893
3 108 -0.00590946
3 109 -0.00276029
3 110 0.00105493
3 111 0.0040259
3 112 0.00619698
3 113 0.00715405
3 114 0.0070752
3 115 0.00614583
3 116 0.00361667
3 117 -8.99497e-06
3 118 -0.00462813
3 119 0

4 0 0
4 1 -0.00475847
4 2 -0.000969597
4 3 0.00330113
4 4 0.00541523
4 5 0.00775918
4 6 0.00752523
4 7 0.00575873
4 8 0.00284156
4 9 -0.00134984
4 10 -0.00397557
4 11 -0.00657373
4 12 -0.00736612
4 13 -0.0066061
4 14 -0.00368984
4 15 0.00146815
4 16 0.00730163
4 17 0.0129161
4 18 0.0173579
4 19 0.0201514
4 20 0.0197402
4 21 0.0169075
4 22 0.0110813
4 23 0.00466399
4 24 -0.00237252
4 25 -0.00934258
4 26 -0.0145278
4 27 -0.018176
4 28 -0.0194329
4 29 -0.0196255
4 30 -0.0178721
4 31 -0.0150999
4 32 -0.0115476
4 33 -0.00798021
4 34 -0.00392227
4 35 0.000185524
4 36 0.00407666
4 37 0.00719218
4 38 0.0100002
4 39 0.0124019
4 40 0.0132541
4 41 0.0139275
4 42 0.0140174
4 43 0.0130562
4 44 0.0116398
4 45 0.0106533
4 46 0.00871388
4 47 0.00673825
4 48 0.00462885
4 49 0.00253955
4 50 4.93136e-05
4 51 -0.00216916
4 52 -0.00432695
4 53 -0.00585391
4 54 -0.0073034
4 55 -0.00803822
4 56 -0.00849626
4 57 -0.00866387
4 58 -0.00886566
4 59 -0.00882791
4 60 -0.00924694
4 61 -0.00943218
4 62 -0.00965488
4 63 -0.00960127
4 64 -0.00927172
4 65 -0.00824063
4 66 -0.00711913
4 67 -0.00536367
4 68 -0.0035049
4 69 -0.00133522
4 70 0.00052321
4 71 0.00249702
4 72 0.00448634
4 73 0.00660365
4 74 0.00797432
4 75 0.0100027
4 76 0.0118092
4 77 0.0128212
4 78 0.0134434
4 79 0.0141028
4 80 0.0132669
4 81 0.012106
4 82 0.0104428
4 83 0.00786314
4 84 0.00455545
4 85 0.000904537
4 86 -0.00304439
4 87 -0.00754581
4 88 -0.0121365
4 89 -0.0162483
4 90 -0.0190227
4 91 -0.0209705
4 92 -0.0204988
4 93 -0.0182076
4 94 -0.0132579
4 95 -0.00744272
4 96 -0.000705784
4 97 0.00642772
4 98 0.0121239
4 99 0.0160101
4 100 0.0173715
4 101 0.0168809
4 102 0.0144851
4 103 0.0109814
4 104 0.00634517
4 105 0.00301081
4 106 -6.72156e-05
4 107 -0.00214082
4 108 -0.00342737
4 109 -0.00473806
4 110 -0.00373181
4 111 -0.0031769
4 112 -0.00102517
4 113 0.00110605
4 114 0.00325209
4 115 0.00620427
4 116 0.00662376
4 117 0.00655733
4 118 0.00335833
4 119 0

5 0 0
5 1 0.00394551
5 2 0.00710218
5 3 0.00837363
5 4 0.00775918
5 5 0.00589716
5 6 0.00271849
5 7 -0.00121982
5 8 -0.00503812
5 9 -0.00746764
5 10 -0.00771732
5 11 -0.00599069
5 12 -0.00268029
5 13 0.00190225
5 14 0.0076607
5 15 0.0136024
5 16 0.0186163
5 17 0.0215044
5 18 0.0222173
5 19 0.0203524
5 20 0.0156928
5 21 0.00871256
5 22 0.000363801
5 23 -0.0075259
5 24 -0.0149477
5 25 -0.0207809
5 26 -0.0245272
5 27 -0.0258254
5 28 -0.0247563
5 29 -0.0222637
5 30 -0.0178779
5 31 -0.0120588
5 32 -0.00592532
5 33 0.000287438
5 34 0.00663515
5 35 0.01209
5 36 0.0165946
5 37 0.0194095
5 38 0.0207492
5 39 0.0206407
5 40 0.0187459
5 41 0.0161422
5 42 0.0134493
5 43 0.0102538
5 44 0.00729323
5 45 0.00502586
5 46 0.00247175
5 47 -0.000114172
5 48 -0.00285207
5 49 -0.0061099
5 50 -0.00974285
5 51 -0.013216
5 52 -0.0164984
5 53 -0.0189342
5 54 -0.0204274
5 55 -0.0209066
5 56 -0.0207049
5 57 -0.0200949
5 58 -0.0196
5 59 -0.0194367
5 60 -0.0199665
5 61 -0.0208409
5 62 -0.0218533
5 63 -0.022493
5 64 -0.0224915
5 65 -0.0215239
5 66 -0.0196567
5 67 -0.0169845
5 68 -0.0141463
5 69 -0.0111561
5 70 -0.00851829
5 71 -0.00633991
5 72 -0.00421116
5 73 -0.00195146
5 74 0.000227773
5 75 0.00338422
5 76 0.0070851
5 77 0.0106721
5 78 0.0145372
5 79 0.0181146
5 80 0.0202267
5 81 0.0212112
5 82 0.0208423
5 83 0.0188312
5 84 0.0156359
5 85 0.0111751
5 86 0.00618236
5 87 0.000448455
5 88 -0.00597594
5 89 -0.0120568
5 90 -0.0172697
5 91 -0.0220203
5 92 -0.0249705
5 93 -0.0258046
5 94 -0.024227
5 95 -0.0204157
5 96 -0.0148327
5 97 -0.00726939
5 98 0.000726285
5 99 0.00813005
5 100 0.0141036
5 101 0.0185015
5 102 0.0208401
5 103 0.0207559
5 104 0.0185172
5 105 0.0149832
5 106 0.0106292
5 107 0.00546321
5 108 2.5547e-05
5 109 -0.00501691
5 110 -0.00819739
5 111 -0.00942133
5 112 -0.00836507
5 113 -0.00527365
5 114 -0.000625087
5 115 0.00505251
5 116 0.00966521
5 117 0.0122619
5 118 0.0115099
5 119 0

6 0 0
6 1 0.0117356
6 2 0.0129923
6 3 0.0114162
6 4 0.00752523
6 5 0.00271849
6 6 -0.00272893
6 7 -0.00766089
6 8 -0.0109803
6 9 -0.0114815
6 10 -0.00872892
6 11 -0.00357486
6 12 0.00304064
6 13 0.0100939
6 14 0.0169909
6 15 0.0222835
6 16 0.0250998
6 17 0.0245099
6 18 0.0211912
6 19 0.0152911
6 20 0.00715593
6 21 -0.00185821
6 22 -0.0109662
6 23 -0.018047
6 24 -0.0236402
6 25 -0.0268723
6 26 -0.02762
6 27 -0.0261633
6 28 -0.0228402
6 29 -0.0184651
6 30 -0.0127404
6 31 -0.0061235
6 32 0.000813933
6 33 0.00733691
6 34 0.0140338
6 35 0.0191778
6 36 0.0227996
6 37 0.0241585
6 38 0.0234853
6 39 0.0207078
6 40 0.0162681
6 41 0.0111962
6 42 0.00632899
6 43 0.00189702
6 44 -0.0015491
6 45 -0.00356762
6 46 -0.00561709
6 47 -0.007394
6 48 -0.00957791
6 49 -0.0124367
6 50 -0.0162463
6 51 -0.0197438
6 52 -0.0233079
6 53 -0.0256114
6 54 -0.0267353
6 55 -0.0263035
6 56 -0.0252415
6 57 -0.023387
6 58 -0.0222268
6 59 -0.0216639
6 60 -0.022396
6 61 -0.0237432
6 62 -0.025817
6 63 -0.027149
6 64 -0.0279126
6 65 -0.0271961
6 66 -0.0253835
6 67 -0.022394
6 68 -0.0195608
6 69 -0.0164789
6 70 -0.0144173
6 71 -0.0130322
6 72 -0.0120665
6 73 -0.0107177
6 74 -0.00931339
6 75 -0.00621252
6 76 -0.00191025
6 77 0.00327328
6 78 0.00900041
6 79 0.0146781
6 80 0.0190871
6 81 0.0219858
6 82 0.0231567
6 83 0.0224601
6 84 0.0202606
6 85 0.0164616
6 86 0.0123982
6 87 0.00726371
6 88 0.00152108
6 89 -0.00454996
6 90 -0.0104746
6 91 -0.0167762
6 92 -0.0222098
6 93 -0.0264576
6 94 -0.0284294
6 95 -0.0280207
6 96 -0.0251867
6 97 -0.0190346
6 98 -0.011117
6 99 -0.00198158
6 100 0.00684315
6 101 0.0149605
6 102 0.0213083
6 103 0.0248981
6 104 0.0254234
6 105 0.0232766
6 106 0.0188994
6 107 0.0123782
6 108 0.00459953
6 109 -0.00346499
6 110 -0.00963204
6 111 -0.013311
6 112 -0.0136605
6 113 -0.0107955
6 114 -0.00519763
6 115 0.00252689
6 116 0.00985977
6 117 0.0155047
6 118 0.0173032
6 119 0

7 0 0
7 1 0.0171774
7 2 0.0163735
7 3 0.0119202
7 4 0.00575873
7 5 -0.00121982
7 6 -0.00766089
7 7 -0.0125245
7 8 -0.0147805
7 9 -0.0129739
7 10 -0.00801671
7 11 -0.000236644
7 12 0.00810856
7 13 0.0160718
7 14 0.0226849
7 15 0.0259459
7 16 0.0260434
7 17 0.0218769
7 18 0.0151753
7 19 0.0064739
7 20 -0.00335721
7 21 -0.0124478
7 22 -0.0199109
7 23 -0.0244099
7 24 -0.0264127
7 25 -0.0259237
7 26 -0.0234629
7 27 -0.0193697
7 28 -0.0149497
7 29 -0.0100707
7 30 -0.00495332
7 31 0.000388548
7 32 0.005662
7 33 0.0106419
7 34 0.0155765
7 35 0.0191494
7 36 0.0210857
7 37 0.0207372
7 38 0.0182252
7 39 0.0134404
7 40 0.00751189
7 41 0.00115325
7 42 -0.00422156
7 43 -0.00851092
7 44 -0.0108423
7 45 -0.0114235
7 46 -0.0112577
7 47 -0.0111127
7 48 -0.0113031
7 49 -0.01284
7 50 -0.0154403
7 51 -0.018277
7 52 -0.0210762
7 53 -0.0228759
7 54 -0.0229242
7 55 -0.0215467
7 56 -0.0192216
7 57 -0.0163007
7 58 -0.0141862
7 59 -0.0134192
7 60 -0.0140579
7 61 -0.016057
7 62 -0.0188983
7 63 -0.0211827
7 64 -0.0225921
7 65 -0.0226404
7 66 -0.0210459
7 67 -0.0185388
7 68 -0.016132
7 69 -0.0140581
7 70 -0.0131961
7 71 -0.0137601
7 72 -0.0147833
7 73 -0.015846
7 74 -0.0162081
7 75 -0.0147225
7 76 -0.0111866
7 77 -0.00630064
7 78 -0.000154063
7 79 0.00600808
7 80 0.0114823
7 81 0.0152491
7 82 0.0173929
7 83 0.0177725
7 84 0.016946
7 85 0.0149806
7 86 0.013037
7 87 0.0104678
7 88 0.00733472
7 89 0.00342876
7 90 -0.00128636
7 91 -0.00700853
7 92 -0.0136687
7 93 -0.020074
7 94 -0.025378
7 95 -0.0287332
7 96 -0.0294654
7 97 -0.0264214
7 98 -0.0204555
7 99 -0.0117232
7 100 -0.0021664
7 101 0.00775333
7 102 0.0167875
7 103 0.0230447
7 104 0.0265337
7 105 0.0262287
7 106 0.0231206
7 107 0.0169263
7 108 0.00840113
7 109 -0.000818044
7 110 -0.00905193
7 111 -0.0144633
7 112 -0.0164587
7 113 -0.0145589
7 114 -0.00915182
7 115 -0.000898493
7 116 0.00806617
7 117 0.0157397
7 118 0.020063
7 119 0

8 0 0
8 1 0.019232
8 2 0.0164479
8 3 0.00982336
8 4 0.00284156
8 5 -0.00503812
8 6 -0.0109803
8 7 -0.0147805
8 8 -0.0155444
8 9 -0.0116796
8 10 -0.0053723
8 11 0.00353102
8 12 0.0120282
8 13 0.0192371
8 14 0.0239518
8 15 0.0244787
8 16 0.0212462
8 17 0.0141602
8 18 0.00522624
8 19 -0.00481064
8 20 -0.0139929
8 21 -0.0213301
8 22 -0.0252286
8 23 -0.0255486
8 24 -0.0232549
8 25 -0.0184769
8 26 -0.0129381
8 27 -0.00720201
8 28 -0.00272848
8 29 0.000880833
8 30 0.00339635
8 31 0.00566175
8 32 0.00753039
8 33 0.009337
8 34 0.0116169
8 35 0.0127271
8 36 0.0127099
8 37 0.011163
8 38 0.00763409
8 39 0.00205235
8 40 -0.00387649
8 41 -0.00999942
8 42 -0.0146942
8 43 -0.0171401
8 44 -0.017129
8 45 -0.0151946
8 46 -0.0121803
8 47 -0.0090316
8 48 -0.00672316
8 49 -0.00617138
8 50 -0.00718018
8 51 -0.00865774
8 52 -0.0105344
8 53 -0.0114567
8 54 -0.0105474
8 55 -0.00808057
8 56 -0.00480509
8 57 -0.000861883
8 58 0.00191511
8 59 0.00301329
8 60 0.00232191
8 61 -5.45712e-05
8 62 -0.00361518
8 63 -0.00652938
8 64 -0.00867737
8 65 -0.00931066
8 66 -0.00819062
8 67 -0.00618857
8 68 -0.0047114
8 69 -0.00380861
8 70 -0.00464477
8 71 -0.00736865
8 72 -0.0111519
8 73 -0.014929
8 74 -0.0178472
8 75 -0.018914
8 76 -0.0176771
8 77 -0.014133
8 78 -0.00915519
8 79 -0.00411383
8 80 0.000824461
8 81 0.00418787
8 82 0.00606785
8 83 0.00703541
8 84 0.00752651
8 85 0.00739109
8 86 0.00829302
8 87 0.00929273
8 88 0.0100548
8 89 0.0100702
8 90 0.00850231
8 91 0.00488465
8 92 -0.00110483
8 93 -0.00839919
8 94 -0.0162463
8 95 -0.0226925
8 96 -0.027357
8 97 -0.0283596
8 98 -0.0256847
8 99 -0.0196673
8 100 -0.0113821
8 101 -0.00183359
8 102 0.00793322
8 103 0.0158818
8 104 0.0217056
8 105 0.0235957
8 106 0.0228113
8 107 0.0183796
8 108 0.0110406
8 109 0.00264321
8 110 -0.00629938
8 111 -0.0122659
8 112 -0.0159008
8 113 -0.0155538
8 114 -0.011409
8 115 -0.0046787
8 116 0.00465057
8 117 0.0126951
8 118 0.018996
8 119 0

9 0 0
9 1 0.0168373
9 2 0.0123281
9 3 0.00533333
9 4 -0.00134984
9 5 -0.00746764
9 6 -0.0114815
9 7 -0.0129739
9 8 -0.0116796
9 9 -0.00676057
9 10 -0.00030175
9 11 0.00744538
9 12 0.0139455
9 13 0.0184553
9 14 0.0200767
9 15 0.0172328
9 16 0.011415
9 17 0.00249904
9 18 -0.00698974
9 19 -0.0159396
9 20 -0.0230293
9 21 -0.0262901
9 22 -0.0255577
9 23 -0.0211104
9 24 -0.014087
9 25 -0.00596041
9 26 0.0016983
9 27 0.00780603
9 28 0.0106431
9 29 0.011549
9 30 0.0102965
9 31 0.00789004
9 32 0.00551817
9 33 0.00363124
9 34 0.00275445
9 35 0.00197202
9 36 0.000803351
9 37 -0.00121105
9 38 -0.00447525
9 39 -0.009345
9 40 -0.0139692
9 41 -0.0183183
9 42 -0.0208591
9 43 -0.020947
9 44 -0.0181035
9 45 -0.0132267
9 46 -0.00707265
9 47 -0.00128843
9 48 0.00349543
9 49 0.00601157
9 50 0.00657157
9 51 0.00603836
9 52 0.0050641
9 53 0.00473751
9 54 0.00630244
9 55 0.00925945
9 56 0.0131847
9 57 0.0176447
9 58 0.0208502
9 59 0.0220217
9 60 0.0213933
9 61 0.0187398
9 62 0.0148316
9 63 0.0114798
9 64 0.00908706
9 65 0.00810748
9 66 0.00898361
9 67 0.0105066
9 68 0.0115021
9 69 0.0113557
9 70 0.00909209
9 71 0.00444084
9 72 -0.00145972
9 73 -0.00792842
9 74 -0.0134427
9 75 -0.0171752
9 76 -0.018315
9 77 -0.0172365
9 78 -0.0145956
9 79 -0.0117847
9 80 -0.00874013
9 81 -0.00715567
9 82 -0.00647754
9 83 -0.00618522
9 84 -0.00556239
9 85 -0.00414461
9 86 -0.000789725
9 87 0.00373459
9 88 0.00907506
9 89 0.0135434
9 90 0.016055
9 91 0.0161831
9 92 0.0123862
9 93 0.00583306
9 94 -0.00256481
9 95 -0.0113623
9 96 -0.0190741
9 97 -0.0240664
9 98 -0.0258312
9 99 -0.023517
9 100 -0.0187666
9 101 -0.011783
9 102 -0.00347851
9 103 0.00418912
9 104 0.0111191
9 105 0.0151872
9 106 0.0171711
9 107 0.0162207
9 108 0.0123224
9 109 0.00657106
9 110 -0.000422916
9 111 -0.00635498
9 112 -0.0107652
9 113 -0.0125176
9 114 -0.0113764
9 115 -0.0072174
9 116 -0.000504589
9 117 0.00697693
9 118 0.0137594
9 119 0

10 0 0
10 1 0.0113272
10 2 0.00643661
10 3 0.000236689
10 4 -0.00397557
10 5 -0.00771732
10 6 -0.00872892
10 7 -0.00801671
10 8 -0.0053723
10 9 -0.00030175
10 10 0.00467068
10 11 0.00999965
10 12 0.0133024
10 13 0.0145741
10 14 0.0127986
10 15 0.00752523
10 16 -0.000160466
10 17 -0.00912553
10 18 -0.0174739
10 19 -0.0242245
10 20 -0.0274167
10 21 -0.0267417
10 22 -0.0211537
10 23 -0.0127726
10 24 -0.00252001
10 25 0.00771011
10 26 0.0158494
10 27 0.0207367
10 28 0.0210533
10 29 0.0184528
10 30 0.0129036
10 31 0.0065018
10 32 0.000150332
10 33 -0.00447768
10 34 -0.00743204
10 35 -0.00909658
10 36 -0.0103135
10 37 -0.0110873
10 38 -0.0128715
10 39 -0.0157223
10 40 -0.0180433
10 41 -0.0200684
10 42 -0.0203542
10 43 -0.0178666
10 44 -0.0125646
10 45 -0.00574312
10 46 0.00245355
10 47 0.0100037
10 48 0.0161966
10 49 0.0195446
10 50 0.0208911
10 51 0.020605
10 52 0.0198346
10 53 0.0192982
10 54 0.0208897
10 55 0.0236328
10 56 0.0276054
10 57 0.0318444
10 58 0.0351526
10 59 0.0361485
10 60 0.0356115
10 61 0.0327806
10 62 0.0290462
10 63 0.0256292
10 64 0.0234878
10 65 0.0225666
10 66 0.0238202
10 67 0.0253673
10 68 0.026449
10 69 0.0259096
10 70 0.0233212
10 71 0.0178044
10 72 0.0107772
10 73 0.00288184
10 74 -0.00391933
10 75 -0.00957686
10 76 -0.0128089
10 77 -0.0137581
10 78 -0.0133757
10 79 -0.0131864
10 80 -0.0127294
10 81 -0.0136401
10 82 -0.0154724
10 83 -0.0167755
10 84 -0.0170358
10 85 -0.015428
10 86 -0.0110675
10 87 -0.0040205
10 88 0.00433915
10 89 0.0128251
10 90 0.0192553
10 91 0.0232403
10 92 0.0225938
10 93 0.0182589
10 94 0.0105642
10 95 0.00153802
10 96 -0.00771894
10 97 -0.0157665
10 98 -0.020838
10 99 -0.0229532
10 100 -0.022059
10 101 -0.0190055
10 102 -0.0137712
10 103 -0.00780356
10 104 -0.00121504
10 105 0.00398237
10 106 0.00842364
10 107 0.0110775
10 108 0.0112216
10 109 0.00980792
10 110 0.00561118
10 111 0.00169621
10 112 -0.00290076
10 113 -0.00641223
10 114 -0.00808502
10 115 -0.00825252
10 116 -0.00460927
10 117 -2.30878e-05
10 118 0.00617868
10 119 0

11 0 0
11 1 0.00282818
11 2 -0.00183523
11 3 -0.00549756
11 4 -0.00657373
11 5 -0.00599069
11 6 -0.00357486
11 7 -0.000236644
11 8 0.00353102
11 9 0.00744538
11 10 0.00999965
11 11 0.0113419
11 12 0.0106585
11 13 0.00814507
11 14 0.00342587
11 15 -0.0034946
11 16 -0.0112629
11 17 -0.0187586
11 18 -0.0244041
11 19 -0.0274788
11 20 -0.0268096
11 21 -0.021832
11 22 -0.0129192
11 23 -0.00199274
11 24 0.00956783
11 25 0.0197086
11 26 0.0266364
11 27 0.0290845
11 28 0.0262013
11 29 0.0200702
11 30 0.0110573
11 31 0.00123665
11 32 -0.00734016
11 33 -0.0134314
11 34 -0.0167477
11 35 -0.0177645
11 36 -0.0174075
11 37 -0.0162575
11 38 -0.015488
11 39 -0.0157804
11 40 -0.015566
11 41 -0.0152486
11 42 -0.0136423
11 43 -0.00973045
11 44 -0.00335709
11 45 0.00423144
11 46 0.0127749
11 47 0.0204438
11 48 0.0263995
11 49 0.0295984
11 50 0.030427
11 51 0.0295501
11 52 0.0280342
11 53 0.0269273
11 54 0.027565
11 55 0.029613
11 56 0.0327999
11 57 0.0365337
11 58 0.0392773
11 59 0.0401686
11 60 0.0394603
11 61 0.0369272
11 62 0.0334413
11 63 0.0305821
11 64 0.0289317
11 65 0.0288153
11 66 0.0305332
11 67 0.0328076
11 68 0.0345272
11 69 0.0346771
11 70 0.0324935
11 71 0.0276219
11 72 0.0209706
11 73 0.0133782
11 74 0.00651339
11 75 0.000600088
11 76 -0.00327009
11 77 -0.00531412
11 78 -0.00664154
11 79 -0.00849283
11 80 -0.0104218
11 81 -0.0140045
11 82 -0.018318
11 83 -0.0221205
11 84 -0.0243817
11 85 -0.0240509
11 86 -0.0200861
11 87 -0.0126798
11 88 -0.00259275
11 89 0.00806253
11 90 0.0173543
11 91 0.0246027
11 92 0.0273574
11 93 0.0259464
11 94 0.0208205
11 95 0.0132693
11 96 0.00442842
11 97 -0.00446595
11 98 -0.0119874
11 99 -0.0172834
11 100 -0.0205554
11 101 -0.0219283
11 102 -0.0209447
11 103 -0.0181485
11 104 -0.0134619
11 105 -0.00815483
11 106 -0.00207361
11 107 0.00400375
11 108 0.00891282
11 109 0.0121035
11 110 0.0124184
11 111 0.0108765
11 112 0.00713107
11 113 0.00215685
11 114 -0.0030886
11 115 -0.00749032
11 116 -0.00889666
11 117 -0.00760087
11 118 -0.00337759
11 119 0

12 0 0
12 1 -0.00651351
12 2 -0.00987464
12 3 -0.0102943
12 4 -0.00736612
12 5 -0.00268029
12 6 0.00304064
12 7 0.00810856
12 8 0.0120282
12 9 0.0139455
12 10 0.0133024
12 11 0.0106585
12 12 0.0062624
12 13 0.00104482
12 14 -0.00526907
12 15 -0.0119265
12 16 -0.018249
12 17 -0.0227388
12 18 -0.0250423
12 19 -0.0245584
12 20 -0.0206736
12 21 -0.0134984
12 22 -0.0031681
12 23 0.00742709
12 24 0.0179336
12 25 0.0257753
12 26 0.0299344
12 27 0.0292106
12 28 0.0234934
12 29 0.0149017
12 30 0.00421201
12 31 -0.00638941
12 32 -0.015124
12 33 -0.0200179
12 34 -0.0220231
12 35 -0.0205771
12 36 -0.0176205
12 37 -0.013474
12 38 -0.0101301
12 39 -0.00773387
12 40 -0.0057509
12 41 -0.00399973
12 42 -0.00172129
12 43 0.00213924
12 44 0.00777341
12 45 0.0140311
12 46 0.0211402
12 47 0.0270163
12 48 0.0312999
12 49 0.032723
12 50 0.0322799
12 51 0.0297684
12 52 0.027161
12 53 0.0246217
12 54 0.0241238
12 55 0.0247015
12 56 0.0270004
12 57 0.0294381
12 58 0.031688
12 59 0.0320306
12 60 0.0314845
12 61 0.0290547
12 62 0.0264783
12 63 0.0241115
12 64 0.0235519
12 65 0.0241848
12 66 0.0269934
12 67 0.0300247
12 68 0.033138
12 69 0.0343506
12 70 0.0338968
12 71 0.0307142
12 72 0.0261122
12 73 0.0202947
12 74 0.0154012
12 75 0.0109393
12 76 0.00814073
12 77 0.0064446
12 78 0.00493278
12 79 0.00241849
12 80 -0.00104455
12 81 -0.00638204
12 82 -0.0130736
12 83 -0.0193583
12 84 -0.0243983
12 85 -0.0262234
12 86 -0.0248252
12 87 -0.0189482
12 88 -0.0101436
12 89 0.000266397
12 90 0.0100996
12 91 0.0189602
12 92 0.0241154
12 93 0.0257577
12 94 0.0239119
12 95 0.0193119
12 96 0.0132206
12 97 0.00553093
12 98 -0.00161399
12 99 -0.00831524
12 100 -0.0140051
12 101 -0.0189617
12 102 -0.0221189
12 103 -0.0230751
12 104 -0.021471
12 105 -0.0175518
12 106 -0.0114587
12 107 -0.00327525
12 108 0.00510409
12 109 0.0126606
12 110 0.0172026
12 111 0.0187296
12 112 0.0165589
12 113 0.0109082
12 114 0.00314363
12 115 -0.00539768
12 116 -0.0114436
12 117 -0.014189
12 118 -0.0125801
12 119 0

13 0 0
13 1 -0.015313
13 2 -0.0167455
13 3 -0.0134417
13 4 -0.0066061
13 5 0.00190225
13 6 0.0100939
13 7 0.0160718
13 8 0.0192371
13 9 0.0184553
13 10 0.0145741
13 11 0.00814507
13 12 0.00104482
13 13 -0.00562109
13 14 -0.0120374
13 15 -0.0168445
13 16 -0.0205255
13 17 -0.0213994
13 18 -0.0201804
13 19 -0.0170361
13 20 -0.0112716
13 21 -0.003859
13 22 0.00511186
13 23 0.013364
13 24 0.0203204
13 25 0.0246354
13 26 0.0254564
13 27 0.0219137
13 28 0.0147113
13 29 0.00555761
13 30 -0.00459874
13 31 -0.0136281
13 32 -0.0198586
13 33 -0.0220307
13 34 -0.020769
13 35 -0.0163654
13 36 -0.0104521
13 37 -0.0039008
13 38 0.00161784
13 39 0.00543075
13 40 0.0081492
13 41 0.0098022
13 42 0.0110014
13 43 0.0131433
13 44 0.0163692
13 45 0.0197913
13 46 0.0236077
13 47 0.0266377
13 48 0.0279601
13 49 0.0271966
13 50 0.0246675
13 51 0.0206914
13 52 0.0165522
13 53 0.0130044
13 54 0.0109368
13 55 0.010456
13 56 0.0113775
13 57 0.0128369
13 58 0.0140932
13 59 0.0143481
13 60 0.0135499
13 61 0.0117639
13 62 0.00979635
13 63 0.00841205
13 64 0.00848233
13 65 0.0102289
13 66 0.0135539
13 67 0.0176184
13 68 0.0216787
13 69 0.0245049
13 70 0.0257862
13 71 0.0252433
13 72 0.0232481
13 73 0.020722
13 74 0.0188114
13 75 0.0172453
13 76 0.0168408
13 77 0.0172884
13 78 0.0170963
13 79 0.0153979
13 80 0.0120903
13 81 0.00627912
13 82 -0.00133422
13 83 -0.00928088
13 84 -0.0164734
13 85 -0.0212761
13 86 -0.0229678
13 87 -0.0206478
13 88 -0.0150396
13 89 -0.00733047
13 90 0.000729543
13 91 0.00866792
13 92 0.0146707
13 93 0.0182142
13 94 0.0193914
13 95 0.0187546
13 96 0.0163949
13 97 0.0122112
13 98 0.0074081
13 99 0.00146144
13 100 -0.00467963
13 101 -0.011733
13 102 -0.0181324
13 103 -0.0225282
13 104 -0.0245783
13 105 -0.0230957
13 106 -0.0183323
13 107 -0.00986355
13 108 0.000699485
13 109 0.0113676
13 110 0.0196885
13 111 0.0243783
13 112 0.0242267
13 113 0.0189214
13 114 0.00960695
13 115 -0.00208895
13 116 -0.0121335
13 117 -0.0187818
13 118 -0.0201322
13 119 0

14 0 0
14 1 -0.0219009
14 2 -0.0207292
14 3 -0.0138126
14 4 -0.00368984
14 5 0.0076607
14 6 0.0169909
14 7 0.0226849
14 8 0.0239518
14 9 0.0200767
14 10 0.0127986
14 11 0.00342587
14 12 -0.00526907
14 13 -0.0120374
14 14 -0.0166295
14 15 -0.0185403
14 16 -0.0181871
14 17 -0.0152063
14 18 -0.0111049
14 19 -0.00606477
14 20 -0.000644258
14 21 0.00508109
14 22 0.0105999
14 23 0.0143568
14 24 0.0168093
14 25 0.0168113
14 26 0.0143505
14 27 0.00914891
14 28 0.00206221
14 29 -0.0056072
14 30 -0.0125899
14 31 -0.0179846
14 32 -0.020105
14 33 -0.0181403
14 34 -0.0135753
14 35 -0.0061242
14 36 0.00215211
14 37 0.0100173
14 38 0.0160801
14 39 0.0200664
14 40 0.021726
14 41 0.0219275
14 42 0.021024
14 43 0.0201588
14 44 0.0197106
14 45 0.0194374
14 46 0.0196258
14 47 0.0191284
14 48 0.0174578
14 49 0.014486
14 50 0.0104877
14 51 0.00519468
14 52 0.000361805
14 53 -0.00384983
14 54 -0.00669514
14 55 -0.00818645
14 56 -0.00804874
14 57 -0.0076668
14 58 -0.00695781
14 59 -0.0070029
14 60 -0.00765878
14 61 -0.00907312
14 62 -0.0101659
14 63 -0.0110212
14 64 -0.0102436
14 65 -0.00810272
14 66 -0.00455344
14 67 -0.000329252
14 68 0.00447343
14 69 0.00811121
14 70 0.0109539
14 71 0.0127216
14 72 0.0136759
14 73 0.0142538
14 74 0.0157481
14 75 0.0177388
14 76 0.0205912
14 77 0.023676
14 78 0.0259146
14 79 0.0265814
14 80 0.0247969
14 81 0.0203748
14 82 0.0135297
14 83 0.00528857
14 84 -0.0031441
14 85 -0.0098082
14 86 -0.0149031
14 87 -0.0166229
14 88 -0.0155425
14 89 -0.0126075
14 90 -0.00843553
14 91 -0.00339233
14 92 0.00131613
14 93 0.00543185
14 94 0.00889992
14 95 0.0115718
14 96 0.0138096
14 97 0.0141566
14 98 0.0133182
14 99 0.0105103
14 100 0.00558527
14 101 -0.00154622
14 102 -0.00987832
14 103 -0.0173448
14 104 -0.0229327
14 105 -0.0248559
14 106 -0.0227118
14 107 -0.0155432
14 108 -0.00464891
14 109 0.00763693
14 110 0.01892
14 111 0.0263764
14 112 0.028922
14 113 0.0251246
14 114 0.0156642
14 115 0.00280698
14 116 -0.0102956
14 117 -0.0198549
14 118 -0.024246
14 119 0

15 0 0
15 1 -0.024148
15 2 -0.0203974
15 3 -0.0105851
15 4 0.00146815
15 5 0.0136024
15 6 0.0222835
15 7 0.0259459
15 8 0.0244787
15 9 0.0172328
15 10 0.00752523
15 11 -0.0034946
15 12 -0.0119265
15 13 -0.0168445
15 14 -0.0185403
15 15 -0.0161228
15 16 -0.0120457
15 17 -0.0055915
15 18 0.000311698
15 19 0.00525038
15 20 0.00908606
15 21 0.0110623
15 22 0.0117525
15 23 0.0103391
15 24 0.00780256
15 25 0.00409748
15 26 -0.000284628
15 27 -0.00573555
15 28 -0.0105308
15 29 -0.0147485
15 30 -0.0171812
15 31 -0.0174141
15 32 -0.014717
15 33 -0.00889319
15 34 -0.00143584
15 35 0.00755804
15 36 0.0162116
15 37 0.0236871
15 38 0.0285573
15 39 0.0310175
15 40 0.0304587
15 41 0.028226
15 42 0.0242137
15 43 0.0202895
15 44 0.0163203
15 45 0.012621
15 46 0.00929295
15 47 0.00624274
15 48 0.00235816
15 49 -0.00176086
15 50 -0.00637718
15 51 -0.0115071
15 52 -0.0161021
15 53 -0.0198693
15 54 -0.0228183
15 55 -0.024344
15 56 -0.024645
15 57 -0.0247876
15 58 -0.0245388
15 59 -0.0245057
15 60 -0.0251293
15 61 -0.0259942
15 62 -0.0264963
15 63 -0.0269105
15 64 -0.0261439
15 65 -0.0240489
15 66 -0.0211658
15 67 -0.0175376
15 68 -0.0133445
15 69 -0.00968264
15 70 -0.00636959
15 71 -0.00318223
15 72 -0.00050768
15 73 0.00272577
15 74 0.006844
15 75 0.0116791
15 76 0.0171145
15 77 0.0231522
15 78 0.0280154
15 79 0.0315804
15 80 0.0324194
15 81 0.0308212
15 82 0.0263188
15 83 0.0200157
15 84 0.0123636
15 85 0.00509027
15 86 -0.00204703
15 87 -0.00731727
15 88 -0.0110361
15 89 -0.0131982
15 90 -0.0140533
15 91 -0.013722
15 92 -0.011827
15 93 -0.00911376
15 94 -0.0050815
15 95 4.19181e-05
15 96 0.00595592
15 97 0.0108735
15 98 0.0149343
15 99 0.0160006
15 100 0.0144242
15 101 0.0089716
15 102 0.000519735
15 103 -0.00828874
15 104 -0.0170083
15 105 -0.0222605
15 106 -0.0238039
15 107 -0.0196543
15 108 -0.0104647
15 109 0.00151354
15 110 0.0140423
15 111 0.0237397
15 112 0.0289845
15 113 0.0276929
15 114 0.0201673
15 115 0.00781172
15 116 -0.00575645
15 117 -0.0170727
15 118 -0.0237225
15 119 0

16 0 0
16 1 -0.0227495
16 2 -0.0165682
16 3 -0.00520367
16 4 0.00730163
16 5 0.0186163
16 6 0.0250998
16 7 0.0260434
16 8 0.0212462
16 9 0.011415
16 10 -0.000160466
16 11 -0.0112629
16 12 -0.018249
16 13 -0.0205255
16 14 -0.0181871
16 15 -0.0120457
16 16 -0.00401626
16 17 0.00456973
16 18 0.0111695
16 19 0.0151074
16 20 0.0158771
16 21 0.0138796
16 22 0.00939529
16 23 0.00324676
16 24 -0.00331694
16 25 -0.0093552
16 26 -0.0145107
16 27 -0.0182379
16 28 -0.0197308
16 29 -0.0194224
16 30 -0.0166718
16 31 -0.0122232
16 32 -0.00549299
16 33 0.00274526
16 34 0.0112038
16 35 0.0196349
16 36 0.0269761
16 37 0.0317705
16 38 0.0340478
16 39 0.0337731
16 40 0.0306498
16 41 0.0258894
16 42 0.019806
16 43 0.0134651
16 44 0.00717799
16 45 0.00145237
16 46 -0.00348229
16 47 -0.00775726
16 48 -0.0121645
16 49 -0.0157971
16 50 -0.0193239
16 51 -0.0230047
16 52 -0.0260195
16 53 -0.0281635
16 54 -0.0301719
16 55 -0.0310753
16 56 -0.0312767
16 57 -0.0314832
16 58 -0.0314142
16 59 -0.0311629
16 60 -0.0316466
16 61 -0.0319802
16 62 -0.0320947
16 63 -0.0323077
16 64 -0.0319248
16 65 -0.0305789
16 66 -0.0292342
16 67 -0.0271808
16 68 -0.0245899
16 69 -0.0222819
16 70 -0.0199234
16 71 -0.016806
16 72 -0.0137172
16 73 -0.00977873
16 74 -0.00470583
16 75 0.00139107
16 76 0.00814932
16 77 0.0153649
16 78 0.0220317
16 79 0.0278611
16 80 0.0315235
16 81 0.0331947
16 82 0.0325556
16 83 0.0293074
16 84 0.024361
16 85 0.0184716
16 86 0.0113353
16 87 0.00411351
16 88 -0.00269005
16 89 -0.00938322
16 90 -0.0149728
16 91 -0.019386
16 92 -0.0214398
16 93 -0.0210906
16 94 -0.0180109
16 95 -0.0121515
16 96 -0.004034
16 97 0.00457532
16 98 0.0124747
16 99 0.0180655
16 100 0.0200307
16 101 0.0175924
16 102 0.0106567
16 103 0.00145437
16 104 -0.00876787
16 105 -0.0172122
16 106 -0.0223316
16 107 -0.0221643
16 108 -0.0161051
16 109 -0.00611044
16 110 0.00618431
16 111 0.0170693
16 112 0.0247179
16 113 0.0267124
16 114 0.0221649
16 115 0.0126326
16 116 0.000122325
16 117 -0.011128
16 118 -0.0190874
16 119 0

17 0 0
17 1 -0.0173341
17 2 -0.00968764
17 3 0.00187523
17 4 0.0129161
17 5 0.0215044
17 6 0.0245099
17 7 0.0218769
17 8 0.0141602
17 9 0.00249904
17 10 -0.00912553
17 11 -0.0187586
17 12 -0.0227388
17 13 -0.0213994
17 14 -0.0152063
17 15 -0.0055915
17 16 0.00456973
17 17 0.0140366
17 18 0.01943
17 19 0.0210411
17 20 0.0182016
17 21 0.0120027
17 22 0.00340476
17 23 -0.00615664
17 24 -0.0146515
17 25 -0.0211915
17 26 -0.0248948
17 27 -0.0259048
17 28 -0.0229242
17 29 -0.0181808
17 30 -0.0107841
17 31 -0.00261079
17 32 0.0063428
17 33 0.0150418
17 34 0.0221124
17 35 0.0278935
17 36 0.0315559
17 37 0.0327573
17 38 0.0311961
17 39 0.0283036
17 40 0.0226864
17 41 0.0165752
17 42 0.00938485
17 43 0.00276457
17 44 -0.00411468
17 45 -0.00980611
17 46 -0.0147098
17 47 -0.0181997
17 48 -0.021469
17 49 -0.0231876
17 50 -0.02439
17 51 -0.025382
17 52 -0.0257807
17 53 -0.0257119
17 54 -0.0260753
17 55 -0.0260218
17 56 -0.0257085
17 57 -0.0259371
17 58 -0.0257815
17 59 -0.0254468
17 60 -0.0255452
17 61 -0.0255052
17 62 -0.0251178
17 63 -0.0253967
17 64 -0.0254924
17 65 -0.0253827
17 66 -0.0258217
17 67 -0.026085
17 68 -0.0258962
17 69 -0.0258365
17 70 -0.025381
17 71 -0.0236871
17 72 -0.0217872
17 73 -0.0186364
17 74 -0.014492
17 75 -0.00902668
17 76 -0.0032942
17 77 0.00354382
17 78 0.0101523
17 79 0.0171745
17 80 0.0224598
17 81 0.0274437
17 82 0.0303828
17 83 0.0315522
17 84 0.0305275
17 85 0.0280712
17 86 0.0227608
17 87 0.0160152
17 88 0.0078423
17 89 -0.00138602
17 90 -0.0102751
17 91 -0.0189029
17 92 -0.024656
17 93 -0.0278034
17 94 -0.0270832
17 95 -0.0227231
17 96 -0.0143914
17 97 -0.00446892
17 98 0.00617916
17 99 0.0151484
17 100 0.0209534
17 101 0.02247
17 102 0.0183534
17 103 0.0109285
17 104 0.000507621
17 105 -0.00956408
17 106 -0.0179601
17 107 -0.0220212
17 108 -0.0202995
17 109 -0.0139142
17 110 -0.00360452
17 111 0.00696073
17 112 0.0163102
17 113 0.0214148
17 114 0.0210365
17 115 0.0156607
17 116 0.00638244
17 117 -0.00307884
17 118 -0.0111164
17 119 0

18 0 0
18 1 -0.00979199
18 2 -0.00142002
18 3 0.00907898
18 4 0.0173579
18 5 0.0222173
18 6 0.0211912
18 7 0.0151753
18 8 0.00522624
18 9 -0.00698974
18 10 -0.0174739
18 11 -0.0244041
18 12 -0.0250423
18 13 -0.0201804
18 14 -0.0111049
18 15 0.000311698
18 16 0.0111695
18 17 0.01943
18 18 0.0229533
18 19 0.0216161
18 20 0.0159212
18 21 0.00714515
18 22 -0.00365444
18 23 -0.013898
18 24 -0.0221409
18 25 -0.0269375
18 26 -0.0279703
18 27 -0.0251794
18 28 -0.0184637
18 29 -0.00989224
18 30 -0.000108703
18 31 0.00934037
18 32 0.0179303
18 33 0.0242187
18 34 0.0278407
18 35 0.0289528
18 36 0.0279073
18 37 0.0243435
18 38 0.0195642
18 39 0.0141672
18 40 0.00794272
18 41 0.00185745
18 42 -0.00401165
18 43 -0.009345
18 44 -0.0142162
18 45 -0.0180792
18 46 -0.0209397
18 47 -0.0224126
18 48 -0.0230994
18 49 -0.0220091
18 50 -0.0201394
18 51 -0.0179099
18 52 -0.0154384
18 53 -0.0128895
18 54 -0.0116128
18 55 -0.0104861
18 56 -0.00996314
18 57 -0.0100634
18 58 -0.0101294
18 59 -0.00958074
18 60 -0.0094925
18 61 -0.00880729
18 62 -0.00811886
18 63 -0.00811406
18 64 -0.00879013
18 65 -0.0097385
18 66 -0.0121063
18 67 -0.0146021
18 68 -0.0170936
18 69 -0.0195195
18 70 -0.0214874
18 71 -0.0220262
18 72 -0.0221256
18 73 -0.0211385
18 74 -0.0193925
18 75 -0.0167242
18 76 -0.0135529
18 77 -0.00952396
18 78 -0.00479272
18 79 0.000917318
18 80 0.00674367
18 81 0.0131956
18 82 0.0195697
18 83 0.0246436
18 84 0.0283365
18 85 0.0300516
18 86 0.0288776
18 87 0.024683
18 88 0.0181082
18 89 0.00922517
18 90 -0.000805912
18 91 -0.0113658
18 92 -0.0199536
18 93 -0.0260918
18 94 -0.028609
18 95 -0.0269379
18 96 -0.0211006
18 97 -0.0120322
18 98 -0.00158967
18 99 0.00875249
18 100 0.0171832
18 101 0.0219506
18 102 0.0216186
18 103 0.0168888
18 104 0.00815772
18 105 -0.0020723
18 106 -0.0124027
18 107 -0.0200323
18 108 -0.0226853
18 109 -0.02053
18 110 -0.0133091
18 111 -0.0041018
18 112 0.00588993
18 113 0.0137939
18 114 0.0175973
18 115 0.0171792
18 116 0.0121647
18 117 0.00560198
18 118 -0.00154025
18 119 0

19 0 0
19 1 -0.00107031
19 2 0.00735069
19 3 0.015411
19 4 0.0201514
19 5 0.0203524
19 6 0.0152911
19 7 0.0064739
19 8 -0.00481064
19 9 -0.0159396
19 10 -0.0242245
19 11 -0.0274788
19 12 -0.0245584
19 13 -0.0170361
19 14 -0.00606477
19 15 0.00525038
19 16 0.0151074
19 17 0.0210411
19 18 0.0216161
19 19 0.0179043
19 20 0.0101704
19 21 0.000584562
19 22 -0.00982145
19 23 -0.0185058
19 24 -0.0240426
19 25 -0.0255147
19 26 -0.0231453
19 27 -0.0170452
19 28 -0.0075478
19 29 0.0024492
19 30 0.0126863
19 31 0.0209217
19 32 0.0266343
19 33 0.028771
19 34 0.0272474
19 35 0.0229266
19 36 0.0170039
19 37 0.00972795
19 38 0.00235165
19 39 -0.00353716
19 40 -0.00903088
19 41 -0.0129673
19 42 -0.0157861
19 43 -0.0175998
19 44 -0.019426
19 45 -0.0201349
19 46 -0.020171
19 47 -0.0189869
19 48 -0.0170631
19 49 -0.0132897
19 50 -0.00865592
19 51 -0.00375113
19 52 0.00104904
19 53 0.00531788
19 54 0.00784042
19 55 0.00925846
19 56 0.00964656
19 57 0.00909558
19 58 0.00873733
19 59 0.00903732
19 60 0.00952833
19 61 0.0106761
19 62 0.0120395
19 63 0.0124484
19 64 0.0118519
19 65 0.0100905
19 66 0.00656748
19 67 0.00236088
19 68 -0.0020582
19 69 -0.0064984
19 70 -0.0103241
19 71 -0.0127522
19 72 -0.0148283
19 73 -0.0162464
19 74 -0.0174419
19 75 -0.0180358
19 76 -0.0189685
19 77 -0.0191034
19 78 -0.0180662
19 79 -0.0150855
19 80 -0.0110706
19 81 -0.00445658
19 82 0.00324066
19 83 0.011197
19 84 0.018846
19 85 0.0251503
19 86 0.028438
19 87 0.0285609
19 88 0.0254517
19 89 0.0191395
19 90 0.010952
19 91 0.000771205
19 92 -0.00856817
19 93 -0.0166227
19 94 -0.0221799
19 95 -0.0243974
19 96 -0.0223506
19 97 -0.0167917
19 98 -0.00876562
19 99 0.000812366
19 100 0.00981212
19 101 0.0172075
19 102 0.0202588
19 103 0.0190617
19 104 0.0135013
19 105 0.00459285
19 106 -0.0059456
19 107 -0.0160565
19 108 -0.0226989
19 109 -0.0248868
19 110 -0.0217351
19 111 -0.0149364
19 112 -0.00545177
19 113 0.00435619
19 114 0.0120707
19 115 0.0166934
19 116 0.016633
19 117 0.0136991
19 118 0.00832095
19 119 0

20 0 0
20 1 0.00748573
20 2 0.0144994
20 3 0.0196425
20 4 0.0197402
20 5 0.0156928
20 6 0.00715593
20 7 -0.00335721
20 8 -0.0139929
20 9 -0.0230293
20 10 -0.0274167
20 11 -0.0268096
20 12 -0.0206736
20 13 -0.0112716
20 14 -0.000644258
20 15 0.00908606
20 16 0.0158771
20 17 0.0182016
20 18 0.0159212
20 19 0.0101704
20 20 0.00231006
20 21 -0.00576503
20 22 -0.0135142
20 23 -0.0181485
20 24 -0.0195459
20 25 -0.0171637
20 26 -0.0114395
20 27 -0.00326338
20 28 0.00686419
20 29 0.0163426
20 30 0.0241023
20 31 0.0288988
20 32 0.030199
20 33 0.0269207
20 34 0.0203435
20 35 0.0111749
20 36 0.0013855
20 37 -0.00830977
20 38 -0.0159748
20 39 -0.0208455
20 40 -0.0233822
20 41 -0.0235877
20 42 -0.0220797
20 43 -0.0198716
20 44 -0.0176745
20 45 -0.0151127
20 46 -0.0127464
20 47 -0.00960018
20 48 -0.0057643
20 49 -0.000416258
20 50 0.00554346
20 51 0.0120208
20 52 0.01784
20 53 0.0227591
20 54 0.0252806
20 55 0.0263608
20 56 0.0257395
20 57 0.024465
20 58 0.0231831
20 59 0.0232187
20 60 0.023799
20 61 0.0257243
20 62 0.0276983
20 63 0.0290919
20 64 0.0288749
20 65 0.0273041
20 66 0.0234149
20 67 0.0186729
20 68 0.0132668
20 69 0.00830786
20 70 0.00377938
20 71 0.00049493
20 72 -0.0025313
20 73 -0.0052802
20 74 -0.0089069
20 75 -0.0128346
20 76 -0.0175661
20 77 -0.0221943
20 78 -0.0257037
20 79 -0.0270385
20 80 -0.0260379
20 81 -0.0216005
20 82 -0.0142631
20 83 -0.00531371
20 84 0.00461593
20 85 0.013893
20 86 0.0215079
20 87 0.0259335
20 88 0.0275021
20 89 0.025919
20 90 0.021531
20 91 0.0144099
20 92 0.00672665
20 93 -0.00154267
20 94 -0.00892158
20 95 -0.0146058
20 96 -0.0175726
20 97 -0.0168995
20 98 -0.0136597
20 99 -0.00746512
20 100 0.000467587
20 101 0.00861323
20 102 0.0146744
20 103 0.0174278
20 104 0.0157429
20 105 0.0101826
20 106 0.000843876
20 107 -0.0100067
20 108 -0.019409
20 109 -0.0257847
20 110 -0.0267247
20 111 -0.0235939
20 112 -0.0158652
20 113 -0.00572555
20 114 0.00458541
20 115 0.0135547
20 116 0.0181397
20 117 0.0194464
20 118 0.0164416
20 119 0

21 0 0
21 1 0.0140469
21 2 0.0194312
21 3 0.0206015
21 4 0.0169075
21 5 0.00871256
21 6 -0.00185821
21 7 -0.0124478
