0 0 0
0 1 0
0 2 0
0 3 0
0 4 0
0 5 0
0 6 0
0 7 0
0 8 0
0 9 0
0 10 0
0 11 0
0 12 0
0 13 0
0 14 0
0 15 0
0 16 0
0 17 0
0 18 0
0 19 0
0 20 0
0 21 0
0 22 0
0 23 0
0 24 0
0 25 0
0 26 0
0 27 0
0 28 0
0 29 0
0 30 0
0 31 0
0 32 0
0 33 0
0 34 0
0 35 0
0 36 0
0 37 0
0 38 0
0 39 0
0 40 0
0 41 0
0 42 0
0 43 0
0 44 0
0 45 0
0 46 0
0 47 0
0 48 0
0 49 0
0 50 0
0 51 0
0 52 0
0 53 0
0 54 0
0 55 0
0 56 0
0 57 0
0 58 0
0 59 0
0 60 0
0 61 0
0 62 0
0 63 0
0 64 0
0 65 0
0 66 0
0 67 0
0 68 0
0 69 0
0 70 0
0 71 0
0 72 0
0 73 0
0 74 0
0 75 0
0 76 0
0 77 0
0 78 0
0 79 0
0 80 0
0 81 0
0 82 0
0 83 0
0 84 0
0 85 0
0 86 0
0 87 0
0 88 0
0 89 0
0 90 0
0 91 0
0 92 0
0 93 0
0 94 0
0 95 0
0 96 0
0 97 0
0 98 0
0 99 0
0 100 0
0 101 0
0 102 0
0 103 0
0 104 0
0 105 0
0 106 0
0 107 0
0 108 0
0 109 0
0 110 0
0 111 0
0 112 0
0 113 0
0 114 0
0 115 0
0 116 0
0 117 0
0 118 0
0 119 0

1 0 0
1 1 -0.0207141
1 2 -0.0183057
1 3 -0.0126173
1 4 -0.00462529
1 5 0.00408802
1 6 0.0119545
1 7 0.0171562
1 8 0.0191322
1 9 0.0169896
1 10 0.011189
1 11 0.00263113
1 12 -0.00680607
1 13 -0.0152266
1 14 -0.0215242
1 15 -0.0241079
1 16 -0.0227621
1 17 -0.017395
1 18 -0.00978421
1 19 -0.000905618
1 20 0.00752562
1 21 0.0144404
1 22 0.0189997
1 23 0.0210188
1 24 0.0213177
1 25 0.0194785
1 26 0.0172119
1 27 0.0142174
1 28 0.0113894
1 29 0.00788919
1 30 0.00376097
1 31 -0.00126374
1 32 -0.00751428
1 33 -0.0143797
1 34 -0.0209568
1 35 -0.0263454
1 36 -0.030027
1 37 -0.0305965
1 38 -0.0290279
1 39 -0.0248527
1 40 -0.0196294
1 41 -0.0135877
1 42 -0.00841467
1 43 -0.0039729
1 44 -0.000996172
1 45 0.00118209
1 46 0.00258737
1 47 0.00449209
1 48 0.00664534
1 49 0.00971384
1 50 0.013478
1 51 0.0172793
1 52 0.0206738
1 53 0.0232937
1 54 0.0243781
1 55 0.0242485
1 56 0.0233891
1 57 0.0218468
1 58 0.0208077
1 59 0.020583
1 60 0.0210588
1 61 0.0223562
1 62 0.0241965
1 63 0.0253739
1 64 0.025897
1 65 0.0252321
1 66 0.0231346
1 67 0.0202821
1 68 0.0171364
1 69 0.0140217
1 70 0.0117017
1 71 0.0102392
1 72 0.00907632
1 73 0.00827597
1 74 0.00666914
1 75 0.00402511
1 76 -0.000237961
1 77 -0.00558612
1 78 -0.0121065
1 79 -0.0182683
1 80 -0.0238268
1 81 -0.0272611
1 82 -0.029021
1 83 -0.0279482
1 84 -0.0253897
1 85 -0.0214426
1 86 -0.0170002
1 87 -0.0124781
1 88 -0.0086928
1 89 -0.00490629
1 90 -0.00116856
1 91 0.0029079
1 92 0.00798298
1 93 0.013492
1 94 0.0194799
1 95 0.0239105
1 96 0.0266491
1 97 0.025998
1 98 0.0218675
1 99 0.0143513
1 100 0.00478393
1 101 -0.00559155
1 102 -0.0151903
1 103 -0.0220204
1 104 -0.0251226
1 105 -0.023784
1 106 -0.0189819
1 107 -0.0110937
1 108 -0.0022226
1 109 0.00625866
1 110 0.0127481
1 111 0.0164377
1 112 0.01698
1 113 0.0139426
1 114 0.00855216
1 115 0.00148975
1 116 -0.00565545
1 117 -0.012291
1 118 -0.0171214
1 119 0

2 0 0
2 1 -0.0183057
2 2 -0.0145386
2 3 -0.00833491
2 4 -0.000585753
2 5 0.00702985
2 6 0.0129216
2 7 0.0161201
2 8 0.0161079
2 9 0.0126928
2 10 0.00619136
2 11 -0.00202798
2 12 -0.00994536
2 13 -0.016293
2 14 -0.0198606
2 15 -0.0199418
2 16 -0.0161867
2 17 -0.0093495
2 18 -0.00116144
2 19 0.0074113
2 20 0.0145517
2 21 0.0194091
2 22 0.0213276
2 23 0.020749
2 24 0.0182413
2 25 0.0139932
2 26 0.00940364
2 27 0.0049392
2 28 0.000934353
2 29 -0.00272566
2 30 -0.00600132
2 31 -0.00932958
2 32 -0.0130079
2 33 -0.0168489
2 34 -0.019994
2 35 -0.0225026
2 36 -0.0234243
2 37 -0.0221813
2 38 -0.0193367
2 39 -0.014867
2 40 -0.00954571
2 41 -0.00416601
2 42 0.000538874
2 43 0.00428648
2 44 0.0068716
2 45 0.00857317
2 46 0.00948451
2 47 0.010597
2 48 0.0116531
2 49 0.0131582
2 50 0.0152134
2 51 0.0172175
2 52 0.0188055
2 53 0.0202056
2 54 0.0204388
2 55 0.0200689
2 56 0.0193176
2 57 0.0181214
2 58 0.0172008
2 59 0.0171067
2 60 0.017213
2 61 0.0181564
2 62 0.0194015
2 63 0.0202333
2 64 0.0207351
2 65 0.0206855
2 66 0.0195424
2 67 0.018279
2 68 0.0166869
2 69 0.0151181
2 70 0.0141859
2 71 0.0137675
2 72 0.0133549
2 73 0.013175
2 74 0.0122105
2 75 0.0103278
2 76 0.00718784
2 77 0.00294393
2 78 -0.00222407
2 79 -0.00763592
2 80 -0.012623
2 81 -0.0164128
2 82 -0.0191019
2 83 -0.0199947
2 84 -0.0196324
2 85 -0.018715
2 86 -0.017123
2 87 -0.0155104
2 88 -0.0140915
2 89 -0.0124309
2 90 -0.0100225
2 91 -0.00661113
2 92 -0.00176769
2 93 0.00442582
2 94 0.0115752
2 95 0.0179139
2 96 0.0228218
2 97 0.0250149
2 98 0.0236958
2 99 0.0189964
2 100 0.0115583
2 101 0.00280759
2 102 -0.00629338
2 103 -0.0137285
2 104 -0.018125
2 105 -0.0190253
2 106 -0.0166844
2 107 -0.0117189
2 108 -0.00510215
2 109 0.00174012
2 110 0.00745221
2 111 0.0114027
2 112 0.0130532
2 113 0.0121118
2 114 0.00894983
2 115 0.00416319
2 116 -0.00127499
2 117 -0.00700616
2 118 -0.0120369
2 119 0

3 0 0
3 1 -0.0126173
3 2 -0.00833491
3 3 -0.00252676
3 4 0.00339959
3 5 0.00852255
3 6 0.0114841
3 7 0.0118656
3 8 0.0103872
3 9 0.0061497
3 10 0.000716669
3 11 -0.00554641
3 12 -0.0102585
3 13 -0.01291
3 14 -0.0133543
3 15 -0.0104466
3 16 -0.00550057
3 17 0.00175758
3 18 0.00847124
3 19 0.0149709
3 20 0.018974
3 21 0.0202984
3 22 0.018781
3 23 0.0147889
3 24 0.00996265
3 25 0.00319299
3 26 -0.00215262
3 27 -0.00739544
3 28 -0.0107003
3 29 -0.013091
3 30 -0.0139585
3 31 -0.0142283
3 32 -0.0142261
3 33 -0.0141124
3 34 -0.0134283
3 35 -0.0122874
3 36 -0.0110553
3 37 -0.00769033
3 38 -0.0049928
3 39 -0.000863894
3 40 0.00283265
3 41 0.00660587
3 42 0.00891448
3 43 0.0113416
3 44 0.0117923
3 45 0.0122806
3 46 0.0117386
3 47 0.0114786
3 48 0.010606
3 49 0.0103038
3 50 0.00992263
3 51 0.00960535
3 52 0.00925537
3 53 0.0091499
3 54 0.00837609
3 55 0.00762913
3 56 0.00711735
3 57 0.00610898
3 58 0.00562651
3 59 0.00557709
3 60 0.00539426
3 61 0.005635
3 62 0.00644221
3 63 0.00672584
3 64 0.00732912
3 65 0.00791896
3 66 0.00797413
3 67 0.00822633
3 68 0.00863304
3 69 0.00905586
3 70 0.0096397
3 71 0.0107521
3 72 0.0115332
3 73 0.0125624
3 74 0.0128531
3 75 0.0131441
3 76 0.011695
3 77 0.0102848
3 78 0.00748233
3 79 0.00457865
3 80 0.00104775
3 81 -0.00132247
3 82 -0.00480678
3 83 -0.00637596
3 84 -0.0084056
3 85 -0.0100005
3 86 -0.0116399
3 87 -0.013114
3 88 -0.0150981
3 89 -0.016446
3 90 -0.0168661
3 91 -0.0158477
3 92 -0.0124823
3 93 -0.00770928
3 94 -0.000235135
3 95 0.0064127
3 96 0.0133205
3 97 0.0179066
3 98 0.0203159
3 99 0.0194337
3 100 0.0160567
3 101 0.0109577
3 102 0.00429035
3 103 -0.00166731
3 104 -0.00668061
3 105 -0.00893393
3 106 -0.00990201
3 107 -0.00854541
3 108 -0.00583354
3 109 -0.00227043
3 110 0.00137937
3 111 0.00423821
3 112 0.00676903
3 113 0.00769801
3 114 0.00761578
3 115 0.00597443
3 116 0.00345438
3 117 -0.00021621
3 118 -0.00468198
3 119 0

4 0 0
4 1 -0.00462529
4 2 -0.000585753
4 3 0.00339959
4 4 0.00643622
4 5 0.00818287
4 6 0.00758194
4 7 0.00567138
4 8 0.00281275
4 9 -0.000765459
4 10 -0.00430922
4 11 -0.00727909
4 12 -0.00774574
4 13 -0.00659048
4 14 -0.00326797
4 15 0.00147533
4 16 0.00724001
4 17 0.0130625
4 18 0.0170662
4 19 0.0197959
4 20 0.0193558
4 21 0.0164869
4 22 0.0110555
4 23 0.0046184
4 24 -0.00226379
4 25 -0.00921688
4 26 -0.0147428
4 27 -0.0185733
4 28 -0.0204811
4 29 -0.0205654
4 30 -0.0183104
4 31 -0.0153316
4 32 -0.0112705
4 33 -0.00742247
4 34 -0.00297332
4 35 0.000591525
4 36 0.0040966
4 37 0.00747794
4 38 0.010075
4 39 0.0121355
4 40 0.0137119
4 41 0.0143869
4 42 0.0141602
4 43 0.0137402
4 44 0.0123926
4 45 0.0110604
4 46 0.0090416
4 47 0.00735017
4 48 0.00486651
4 49 0.00269778
4 50 0.000262813
4 51 -0.00190598
4 52 -0.00439262
4 53 -0.0056489
4 54 -0.007258
4 55 -0.00790635
4 56 -0.00834015
4 57 -0.00844135
4 58 -0.00882334
4 59 -0.00855081
4 60 -0.00921019
4 61 -0.00922138
4 62 -0.00951562
4 63 -0.00949264
4 64 -0.00925514
4 65 -0.00807035
4 66 -0.00722731
4 67 -0.00514744
4 68 -0.00335065
4 69 -0.00123715
4 70 0.000683157
4 71 0.00304024
4 72 0.00472855
4 73 0.00695933
4 74 0.00867475
4 75 0.0107104
4 76 0.011997
4 77 0.0134271
4 78 0.0140454
4 79 0.0140219
4 80 0.0134101
4 81 0.0123654
4 82 0.0102341
4 83 0.00795435
4 84 0.00519476
4 85 0.00137683
4 86 -0.00246145
4 87 -0.00709138
4 88 -0.0116254
4 89 -0.0164084
4 90 -0.019695
4 91 -0.0216583
4 92 -0.02139
4 93 -0.0188433
4 94 -0.0135517
4 95 -0.00741208
4 96 -0.000377874
4 97 0.00643922
4 98 0.0119295
4 99 0.0157439
4 100 0.0169715
4 101 0.0168174
4 102 0.0140584
4 103 0.0105403
4 104 0.00667348
4 105 0.00320688
4 106 9.3698e-05
4 107 -0.00265153
4 108 -0.00396547
4 109 -0.00456094
4 110 -0.00414036
4 111 -0.00312907
4 112 -0.00104124
4 113 0.00156135
4 114 0.00405966
4 115 0.00617294
4 116 0.0071573
4 117 0.0066035
4 118 0.00385738
4 119 0

5 0 0
5 1 0.00408802
5 2 0.00702985
5 3 0.00852255
5 4 0.00818287
5 5 0.00611546
5 6 0.00245108
5 7 -0.00164126
5 8 -0.00475287
5 9 -0.00713478
5 10 -0.00779921
5 11 -0.00680711
5 12 -0.00321461
5 13 0.00187846
5 14 0.00749019
5 15 0.013401
5 16 0.0180303
5 17 0.0212934
5 18 0.0214882
5 19 0.0198033
5 20 0.0152399
5 21 0.00858124
5 22 0.00082844
5 23 -0.00712212
5 24 -0.0138569
5 25 -0.0201833
5 26 -0.0237666
5 27 -0.0256879
5 28 -0.0251694
5 29 -0.022653
5 30 -0.0179204
5 31 -0.0121119
5 32 -0.00559973
5 33 0.000920813
5 34 0.00722741
5 35 0.0125209
5 36 0.0162143
5 37 0.0194824
5 38 0.0201249
5 39 0.0199761
5 40 0.0184589
5 41 0.0161317
5 42 0.0129093
5 43 0.0104131
5 44 0.00716842
5 45 0.00477002
5 46 0.00219316
5 47 -0.00025369
5 48 -0.00335553
5 49 -0.00649407
5 50 -0.0101279
5 51 -0.0137275
5 52 -0.016975
5 53 -0.019193
5 54 -0.020803
5 55 -0.0212939
5 56 -0.0208105
5 57 -0.0203425
5 58 -0.019782
5 59 -0.0195078
5 60 -0.0201442
5 61 -0.0210893
5 62 -0.0219466
5 63 -0.022883
5 64 -0.0228484
5 65 -0.02179
5 66 -0.020112
5 67 -0.0175132
5 68 -0.0145143
5 69 -0.0115743
5 70 -0.00901597
5 71 -0.00653183
5 72 -0.00449062
5 73 -0.00225689
5 74 0.000129139
5 75 0.00354992
5 76 0.00664674
5 77 0.0107562
5 78 0.0143907
5 79 0.0175141
5 80 0.0195539
5 81 0.021046
5 82 0.0199962
5 83 0.0187072
5 84 0.015651
5 85 0.0115758
5 86 0.00659098
5 87 0.00101616
5 88 -0.00534851
5 89 -0.0118223
5 90 -0.0177244
5 91 -0.0223922
5 92 -0.0251693
5 93 -0.0259548
5 94 -0.0233965
5 95 -0.0196755
5 96 -0.0136045
5 97 -0.0067352
5 98 0.000911362
5 99 0.00781926
5 100 0.0136536
5 101 0.0181609
5 102 0.0200668
5 103 0.0201805
5 104 0.0182272
5 105 0.0152468
5 106 0.0103437
5 107 0.00477753
5 108 -0.000654151
5 109 -0.00516025
5 110 -0.00828813
5 111 -0.00970374
5 112 -0.00841648
5 113 -0.00511209
5 114 -0.000181204
5 115 0.00498953
5 116 0.00968462
5 117 0.0122821
5 118 0.0117985
5 119 0

6 0 0
6 1 0.0119545
6 2 0.0129216
6 3 0.0114841
6 4 0.00758194
6 5 0.00245108
6 6 -0.00368943
6 7 -0.00861121
6 8 -0.0113263
6 9 -0.0116593
6 10 -0.00919938
6 11 -0.00458969
6 12 0.00264837
6 13 0.0101542
6 14 0.0172983
6 15 0.0226103
6 16 0.0253164
6 17 0.0249949
6 18 0.0210495
6 19 0.0152088
6 20 0.00698498
6 21 -0.0018674
6 22 -0.0106188
6 23 -0.017657
6 24 -0.0228696
6 25 -0.026198
6 26 -0.0272339
6 27 -0.026293
6 28 -0.023687
6 29 -0.0195264
6 30 -0.0133545
6 31 -0.00684062
6 32 0.00067164
6 33 0.00762487
6 34 0.0143491
6 35 0.0192594
6 36 0.0226522
6 37 0.0240672
6 38 0.0231522
6 39 0.0202531
6 40 0.0162302
6 41 0.0112771
6 42 0.00621703
6 43 0.00226789
6 44 -0.00126944
6 45 -0.00353782
6 46 -0.00552626
6 47 -0.00716397
6 48 -0.00969775
6 49 -0.0124221
6 50 -0.0161747
6 51 -0.0197647
6 52 -0.0234171
6 53 -0.0254188
6 54 -0.0266934
6 55 -0.0261634
6 56 -0.0249682
6 57 -0.0230954
6 58 -0.0220112
6 59 -0.0212399
6 60 -0.0221796
6 61 -0.0234509
6 62 -0.0255415
6 63 -0.027008
6 64 -0.0278679
6 65 -0.0270033
6 66 -0.0254916
6 67 -0.0224181
6 68 -0.0194936
6 69 -0.0164742
6 70 -0.014549
6 71 -0.0128142
6 72 -0.0119809
6 73 -0.0106715
6 74 -0.00898521
6 75 -0.00573529
6 76 -0.00186281
6 77 0.00357616
6 78 0.00918573
6 79 0.0144123
6 80 0.0187894
6 81 0.021757
6 82 0.0226453
6 83 0.0221065
6 84 0.0201957
6 85 0.0167167
6 86 0.0126358
6 87 0.00735336
6 88 0.00177939
6 89 -0.00502964
6 90 -0.0114129
6 91 -0.0176656
6 92 -0.0229331
6 93 -0.0267437
6 94 -0.0280349
6 95 -0.0274644
6 96 -0.0243067
6 97 -0.0186306
6 98 -0.0110156
6 99 -0.00205836
6 100 0.00665647
6 101 0.0152318
6 102 0.0212382
6 103 0.0250453
6 104 0.0258888
6 105 0.024016
6 106 0.0191822
6 107 0.0117793
6 108 0.00392873
6 109 -0.00390229
6 110 -0.0100394
6 111 -0.0140696
6 112 -0.0144563
6 113 -0.0112845
6 114 -0.00546324
6 115 0.00209851
6 116 0.00947833
6 117 0.0153883
6 118 0.0175836
6 119 0

7 0 0
7 1 0.0171562
7 2 0.0161201
7 3 0.0118656
7 4 0.00567138
7 5 -0.00164126
7 6 -0.00861121
7 7 -0.0133677
7 8 -0.0149552
7 9 -0.012986
7 10 -0.00817716
7 11 -0.000743768
7 12 0.00811038
7 13 0.0165042
7 14 0.0230816
7 15 0.026475
7 16 0.0262873
7 17 0.0220914
7 18 0.0148537
7 19 0.00585285
7 20 -0.00378096
7 21 -0.012939
7 22 -0.0200203
7 23 -0.0243276
7 24 -0.0260267
7 25 -0.0253325
7 26 -0.0231139
7 27 -0.0194479
7 28 -0.0156289
7 29 -0.0109226
7 30 -0.00563244
7 31 -0.000138918
7 32 0.00561448
7 33 0.0112235
7 34 0.0161351
7 35 0.0195835
7 36 0.0214075
7 37 0.0209351
7 38 0.0182633
7 39 0.013416
7 40 0.00775845
7 41 0.00133809
7 42 -0.00410249
7 43 -0.00816224
7 44 -0.0104646
7 45 -0.0113048
7 46 -0.0109972
7 47 -0.0108843
7 48 -0.0112384
7 49 -0.0127386
7 50 -0.0152475
7 51 -0.0182263
7 52 -0.020958
7 53 -0.0226474
7 54 -0.0227652
7 55 -0.0213471
7 56 -0.0188542
7 57 -0.0159977
7 58 -0.0138882
7 59 -0.0130379
7 60 -0.0137609
7 61 -0.0157544
7 62 -0.0185342
7 63 -0.0209846
7 64 -0.0224397
7 65 -0.0224165
7 66 -0.0209406
7 67 -0.0184999
7 68 -0.0159631
7 69 -0.0139805
7 70 -0.0131677
7 71 -0.0135629
7 72 -0.014554
7 73 -0.015733
7 74 -0.0158035
7 75 -0.0142906
7 76 -0.010925
7 77 -0.00592843
7 78 0.000287602
7 79 0.00610257
7 80 0.0114995
7 81 0.0152054
7 82 0.0173024
7 83 0.0177098
7 84 0.0171785
7 85 0.0155936
7 86 0.0135369
7 87 0.0108688
7 88 0.00765363
7 89 0.00319501
7 90 -0.00204417
7 91 -0.00781032
7 92 -0.0143501
7 93 -0.0202268
7 94 -0.0251693
7 95 -0.0282116
7 96 -0.0289281
7 97 -0.0263796
7 98 -0.0206535
7 99 -0.0124076
7 100 -0.00270777
7 101 0.00751484
7 102 0.0165457
7 103 0.0231539
7 104 0.0269881
7 105 0.0271278
7 106 0.023657
7 107 0.0166474
7 108 0.00797871
7 109 -0.000997241
7 110 -0.00917178
7 111 -0.0148881
7 112 -0.0171273
7 113 -0.0149792
7 114 -0.00933147
7 115 -0.00126512
7 116 0.00770489
7 117 0.0154677
7 118 0.0201142
7 119 0

8 0 0
8 1 0.0191322
8 2 0.0161079
8 3 0.0103872
8 4 0.00281275
8 5 -0.00475287
8 6 -0.0113263
8 7 -0.0149552
8 8 -0.014922
8 9 -0.0115324
8 10 -0.00507604
8 11 0.00309633
8 12 0.0119603
8 13 0.0192465
8 14 0.0237964
8 15 0.0245372
8 16 0.0210644
8 17 0.0139187
8 18 0.00436407
8 19 -0.00561119
8 20 -0.0148736
8 21 -0.0217978
8 22 -0.0254404
8 23 -0.0253634
8 24 -0.0225281
8 25 -0.0176905
8 26 -0.0122319
8 27 -0.00709933
8 28 -0.00301534
8 29 0.000221243
8 30 0.00312064
8 31 0.0052926
8 32 0.00783493
8 33 0.0101748
8 34 0.0122739
8 35 0.0135142
8 36 0.0135377
8 37 0.0116341
8 38 0.00787017
8 39 0.00233346
8 40 -0.00378315
8 41 -0.00981047
8 42 -0.0145038
8 43 -0.0167742
8 44 -0.0170046
8 45 -0.015071
8 46 -0.0119362
8 47 -0.00887555
8 48 -0.00680675
8 49 -0.00596231
8 50 -0.00705297
8 51 -0.00871406
8 52 -0.0104853
8 53 -0.0112307
8 54 -0.0104982
8 55 -0.00798629
8 56 -0.0046782
8 57 -0.000768745
8 58 0.00197753
8 59 0.003177
8 60 0.00238125
8 61 3.13802e-05
8 62 -0.00349786
8 63 -0.00645038
8 64 -0.00864559
8 65 -0.00911052
8 66 -0.00817015
8 67 -0.00628591
8 68 -0.0046289
8 69 -0.00366023
8 70 -0.00478989
8 71 -0.00728581
8 72 -0.0109656
8 73 -0.0148521
8 74 -0.0177207
8 75 -0.0185012
8 76 -0.0173724
8 77 -0.0137975
8 78 -0.00892208
8 79 -0.00378074
8 80 0.000936097
8 81 0.00433184
8 82 0.00636677
8 83 0.00729323
8 84 0.00780816
8 85 0.0083308
8 86 0.00914987
8 87 0.00991834
8 88 0.010702
8 89 0.00996627
8 90 0.00800128
8 91 0.00419849
8 92 -0.00138765
8 93 -0.00826035
8 94 -0.0154334
8 95 -0.0219133
8 96 -0.0266045
8 97 -0.0281628
8 98 -0.0260403
8 99 -0.0204018
8 100 -0.0122999
8 101 -0.00242865
8 102 0.00724593
8 103 0.0156401
8 104 0.021401
8 105 0.0240026
8 106 0.0227842
8 107 0.0178218
8 108 0.010686
8 109 0.00227558
8 110 -0.00567042
8 111 -0.0123185
8 112 -0.0157763
8 113 -0.0153095
8 114 -0.0112142
8 115 -0.00405439
8 116 0.00438296
8 117 0.0129294
8 118 0.0189257
8 119 0

9 0 0
9 1 0.0169896
9 2 0.0126928
9 3 0.0061497
9 4 -0.000765459
9 5 -0.00713478
9 6 -0.0116593
9 7 -0.012986
9 8 -0.0115324
9 9 -0.00680825
9 10 -0.000548186
9 11 0.00698993
9 12 0.0137242
9 13 0.018224
9 14 0.0199014
9 15 0.0173455
9 16 0.0115914
9 17 0.00237619
9 18 -0.00726761
9 19 -0.0165959
9 20 -0.0232686
9 21 -0.0266284
9 22 -0.0256873
9 23 -0.0206493
9 24 -0.0137018
9 25 -0.00480783
9 26 0.00221985
9 27 0.00803008
9 28 0.0103185
9 29 0.010831
9 30 0.0095552
9 31 0.00749987
9 32 0.00569454
9 33 0.00453892
9 34 0.00366037
9 35 0.00272362
9 36 0.00193619
9 37 -0.000991912
9 38 -0.00412269
9 39 -0.00922103
9 40 -0.0139217
9 41 -0.0186371
9 42 -0.0207524
9 43 -0.0211181
9 44 -0.018018
9 45 -0.0133808
9 46 -0.00702961
9 47 -0.00149463
9 48 0.00334782
9 49 0.00583589
9 50 0.0064826
9 51 0.00588589
9 52 0.00499802
9 53 0.00458757
9 54 0.00610932
9 55 0.00912204
9 56 0.0129635
9 57 0.0174341
9 58 0.0205581
9 59 0.0217464
9 60 0.0210956
9 61 0.0185278
9 62 0.0145925
9 63 0.0113383
9 64 0.00886139
9 65 0.00794708
9 66 0.00886513
9 67 0.0103306
9 68 0.0113341
9 69 0.0111369
9 70 0.00883802
9 71 0.00417793
9 72 -0.00152653
9 73 -0.00811384
9 74 -0.0134078
9 75 -0.0172896
9 76 -0.018148
9 77 -0.0174246
9 78 -0.0144758
9 79 -0.0116781
9 80 -0.00859237
9 81 -0.00737646
9 82 -0.00590683
9 83 -0.00604535
9 84 -0.00493699
9 85 -0.00315168
9 86 0.000112639
9 87 0.00427818
9 88 0.00934115
9 89 0.0132028
9 90 0.015505
9 91 0.015496
9 92 0.011948
9 93 0.00638654
9 94 -0.00211661
9 95 -0.0102432
9 96 -0.0184567
9 97 -0.0237109
9 98 -0.0258406
9 99 -0.0240928
9 100 -0.019347
9 101 -0.0122754
9 102 -0.00377837
9 103 0.00408759
9 104 0.0111705
9 105 0.0154048
9 106 0.0173873
9 107 0.0156708
9 108 0.011773
9 109 0.00617089
9 110 -0.000324501
9 111 -0.00627663
9 112 -0.0109793
9 113 -0.0123888
9 114 -0.0110655
9 115 -0.00658609
9 116 -0.000167919
9 117 0.00733237
9 118 0.0140418
9 119 0

10 0 0
10 1 0.011189
10 2 0.00619136
10 3 0.000716669
10 4 -0.00430922
10 5 -0.00779921
10 6 -0.00919938
10 7 -0.00817716
10 8 -0.00507604
10 9 -0.000548186
10 10 0.00481443
10 11 0.0099087
10 12 0.0133974
10 13 0.0144992
10 14 0.0126434
10 15 0.0077826
10 16 0.00011557
10 17 -0.0091497
10 18 -0.0177474
10 19 -0.0244441
10 20 -0.0275339
10 21 -0.0264352
10 22 -0.0208031
10 23 -0.0118143
10 24 -0.00140189
10 25 0.00901004
10 26 0.0168007
10 27 0.0208852
10 28 0.0208322
10 29 0.0175226
10 30 0.0119689
10 31 0.00556576
10 32 -7.58707e-05
10 33 -0.00426488
10 34 -0.00729938
10 35 -0.00882051
10 36 -0.00986582
10 37 -0.0114706
10 38 -0.0134663
10 39 -0.0162799
10 40 -0.0190839
10 41 -0.0210458
10 42 -0.0210474
10 43 -0.0184838
10 44 -0.0133466
10 45 -0.00622496
10 46 0.00210241
10 47 0.00954919
10 48 0.0156616
10 49 0.0194567
10 50 0.0206023
10 51 0.0203338
10 52 0.0197142
10 53 0.019266
10 54 0.0206722
10 55 0.0235462
10 56 0.0273319
10 57 0.0316622
10 58 0.0349013
10 59 0.0359645
10 60 0.0353675
10 61 0.0326122
10 62 0.0287941
10 63 0.0255689
10 64 0.0233032
10 65 0.0225697
10 66 0.0237385
10 67 0.0251341
10 68 0.0261968
10 69 0.025856
10 70 0.0228175
10 71 0.0173877
10 72 0.0104726
10 73 0.00248143
10 74 -0.0045865
10 75 -0.0100137
10 76 -0.0132934
10 77 -0.0144963
10 78 -0.0142593
10 79 -0.013703
10 80 -0.0135423
10 81 -0.0144516
10 82 -0.0156703
10 83 -0.0170917
10 84 -0.0172916
10 85 -0.0151111
10 86 -0.0107662
10 87 -0.0041479
10 88 0.00402124
10 89 0.0119583
10 90 0.0183751
10 91 0.022189
10 92 0.022373
10 93 0.0187963
10 94 0.01172
10 95 0.00298793
10 96 -0.00655398
10 97 -0.0148712
10 98 -0.0205235
10 99 -0.0230628
10 100 -0.0224455
10 101 -0.0192792
10 102 -0.0138601
10 103 -0.00751573
10 104 -0.00119051
10 105 0.00444993
10 106 0.00866021
10 107 0.0108548
10 108 0.0110084
10 109 0.00929228
10 110 0.00610436
10 111 0.00159098
10 112 -0.00304214
10 113 -0.00656127
10 114 -0.00832278
10 115 -0.00770388
10 116 -0.00494314
10 117 0.000130483
10 118 0.00598373
10 119 0

11 0 0
11 1 0.00263113
11 2 -0.00202798
11 3 -0.00554641
11 4 -0.00727909
11 5 -0.00680711
11 6 -0.00458969
11 7 -0.000743768
11 8 0.00309633
11 9 0.00698993
11 10 0.0099087
11 11 0.011623
11 12 0.0111985
11 13 0.00844723
11 14 0.00403672
11 15 -0.00253959
11 16 -0.0100074
11 17 -0.0180901
11 18 -0.0238946
11 19 -0.0273496
11 20 -0.0266561
11 21 -0.0217903
11 22 -0.013062
11 23 -0.00152453
11 24 0.00975073
11 25 0.0205932
11 26 0.0267854
11 27 0.0287822
11 28 0.0254349
11 29 0.0186313
11 30 0.00946445
11 31 6.84757e-06
11 32 -0.00787326
11 33 -0.0133188
11 34 -0.0164675
11 35 -0.0174747
11 36 -0.016568
11 37 -0.0165004
11 38 -0.015586
11 39 -0.0159785
11 40 -0.0160497
11 41 -0.0159613
11 42 -0.0136697
11 43 -0.0100244
11 44 -0.00343668
11 45 0.00424865
11 46 0.0130173
11 47 0.0204558
11 48 0.0265983
11 49 0.0298861
11 50 0.0306507
11 51 0.0298146
11 52 0.0283786
11 53 0.027077
11 54 0.0277177
11 55 0.0298778
11 56 0.0328322
11 57 0.0366619
11 58 0.0393549
11 59 0.0402087
11 60 0.0395363
11 61 0.0370601
11 62 0.0334682
11 63 0.0308556
11 64 0.029074
11 65 0.0289759
11 66 0.0308587
11 67 0.0330812
11 68 0.0347201
11 69 0.0349706
11 70 0.0326548
11 71 0.0276524
11 72 0.0212031
11 73 0.0134775
11 74 0.00651981
11 75 0.000513196
11 76 -0.00308377
11 77 -0.00574486
11 78 -0.00693522
11 79 -0.00860314
11 80 -0.0106627
11 81 -0.0145941
11 82 -0.01794
11 83 -0.0222397
11 84 -0.0241545
11 85 -0.0235778
11 86 -0.0197257
11 87 -0.0129419
11 88 -0.00334576
11 89 0.00670146
11 90 0.0160645
11 91 0.023147
11 92 0.0264708
11 93 0.0261245
11 94 0.0209588
11 95 0.014075
11 96 0.00469239
11 97 -0.00412392
11 98 -0.0119239
11 99 -0.017346
11 100 -0.0206525
11 101 -0.0217628
11 102 -0.0202536
11 103 -0.0171964
11 104 -0.0125025
11 105 -0.00727959
11 106 -0.00105255
11 107 0.0043538
11 108 0.00903847
11 109 0.0118344
11 110 0.0125922
11 111 0.0107038
11 112 0.00637755
11 113 0.00137196
11 114 -0.00397438
11 115 -0.00762415
11 116 -0.00947593
11 117 -0.00786177
11 118 -0.00365215
11 119 0

12 0 0
12 1 -0.00680607
12 2 -0.00994536
12 3 -0.0102585
12 4 -0.00774574
12 5 -0.00321461
12 6 0.00264837
12 7 0.00811038
12 8 0.0119603
12 9 0.0137242
12 10 0.0133974
12 11 0.0111985
12 12 0.00671345
12 13 0.00112286
12 14 -0.00520014
12 15 -0.0114867
12 16 -0.0176829
12 17 -0.0227691
12 18 -0.0251365
12 19 -0.0249097
12 20 -0.0208604
12 21 -0.0136446
12 22 -0.0033485
12 23 0.00788085
12 24 0.018367
12 25 0.0267369
12 26 0.0306368
12 27 0.0294169
12 28 0.0234954
12 29 0.0143098
12 30 0.0032775
12 31 -0.0069704
12 32 -0.0150884
12 33 -0.0196045
12 34 -0.0214394
12 35 -0.0199519
12 36 -0.0168953
12 37 -0.0136114
12 38 -0.0104257
12 39 -0.00802345
12 40 -0.00644744
12 41 -0.00478719
12 42 -0.00216393
12 43 0.00162588
12 44 0.00722775
12 45 0.0138349
12 46 0.0210263
12 47 0.0267884
12 48 0.0311697
12 49 0.0328025
12 50 0.0320557
12 51 0.0296723
12 52 0.027124
12 53 0.0244224
12 54 0.0238813
12 55 0.0246316
12 56 0.0266718
12 57 0.0292656
12 58 0.0314843
12 59 0.0317923
12 60 0.0312833
12 61 0.0288871
12 62 0.0261564
12 63 0.0240501
12 64 0.0233176
12 65 0.0239941
12 66 0.0269603
12 67 0.0299316
12 68 0.0329063
12 69 0.0344245
12 70 0.0337498
12 71 0.030487
12 72 0.0260025
12 73 0.0201559
12 74 0.0149411
12 75 0.0105921
12 76 0.00787436
12 77 0.00585765
12 78 0.00431939
12 79 0.00207611
12 80 -0.00166005
12 81 -0.00702905
12 82 -0.0129915
12 83 -0.0192499
12 84 -0.024003
12 85 -0.0255186
12 86 -0.024069
12 87 -0.0187139
12 88 -0.0105088
12 89 -0.000423418
12 90 0.00942911
12 91 0.0180811
12 92 0.0239498
12 93 0.0263082
12 94 0.0245956
12 95 0.0203838
12 96 0.0137473
12 97 0.0059761
12 98 -0.00152034
12 99 -0.00858394
12 100 -0.0144131
12 101 -0.0193656
12 102 -0.02196
12 103 -0.0226583
12 104 -0.021178
12 105 -0.017268
12 106 -0.0110218
12 107 -0.00308722
12 108 0.00501832
12 109 0.0124017
12 110 0.0174341
12 111 0.0189223
12 112 0.0163222
12 113 0.0105552
12 114 0.00288569
12 115 -0.00512346
12 116 -0.0114639
12 117 -0.014304
12 118 -0.0128723
12 119 0

13 0 0
13 1 -0.0152266
13 2 -0.016293
13 3 -0.01291
13 4 -0.00659048
13 5 0.00187846
13 6 0.0101542
13 7 0.0165042
13 8 0.0192465
13 9 0.018224
13 10 0.0144992
13 11 0.00844723
13 12 0.00112286
13 13 -0.00626224
13 14 -0.0123971
13 15 -0.0170156
13 16 -0.0201784
13 17 -0.0215371
13 18 -0.020361
13 19 -0.0171296
13 20 -0.0116014
13 21 -0.00393362
13 22 0.00485032
13 23 0.01369
13 24 0.0207176
13 25 0.0255034
13 26 0.0261068
13 27 0.0221923
13 28 0.0148172
13 29 0.00504421
13 30 -0.0052466
13 31 -0.0140205
13 32 -0.0196122
13 33 -0.0215115
13 34 -0.0200417
13 35 -0.0156129
13 36 -0.00952519
13 37 -0.00374099
13 38 0.0015788
13 39 0.00538748
13 40 0.00765484
13 41 0.00924048
13 42 0.0108703
13 43 0.0129532
13 44 0.0160729
13 45 0.0198515
13 46 0.0237441
13 47 0.026623
13 48 0.028025
13 49 0.027377
13 50 0.0245625
13 51 0.0206462
13 52 0.0164973
13 53 0.0127576
13 54 0.0107551
13 55 0.0103813
13 56 0.0110541
13 57 0.0126577
13 58 0.0139505
13 59 0.0141259
13 60 0.0134048
13 61 0.0115792
13 62 0.00946495
13 63 0.00832478
13 64 0.00828451
13 65 0.00995903
13 66 0.0134699
13 67 0.0175346
13 68 0.0215267
13 69 0.0246307
13 70 0.0257929
13 71 0.0251798
13 72 0.0233536
13 73 0.0207979
13 74 0.0185768
13 75 0.0171889
13 76 0.0168655
13 77 0.0168925
13 78 0.0166516
13 79 0.0152619
13 80 0.0116996
13 81 0.00593269
13 82 -0.00101329
13 83 -0.0089342
13 84 -0.015811
13 85 -0.0203119
13 86 -0.0219301
13 87 -0.0202025
13 88 -0.0151964
13 89 -0.00801983
13 90 0.000128654
13 91 0.00790406
13 92 0.0145965
13 93 0.0187606
13 94 0.0201331
13 95 0.0196283
13 96 0.0168249
13 97 0.0126596
13 98 0.00740564
13 99 0.00151746
13 100 -0.00509335
13 101 -0.0120466
13 102 -0.0180516
13 103 -0.0224212
13 104 -0.0246493
13 105 -0.0234676
13 106 -0.0184146
13 107 -0.0100336
13 108 0.00045338
13 109 0.0109079
13 110 0.0198989
13 111 0.0245596
13 112 0.0241536
13 113 0.0187657
13 114 0.00945452
13 115 -0.00136164
13 116 -0.0118635
13 117 -0.018384
13 118 -0.020033
13 119 0

14 0 0
14 1 -0.0215242
14 2 -0.0198606
14 3 -0.0133543
14 4 -0.00326797
14 5 0.00749019
14 6 0.0172983
14 7 0.0230816
14 8 0.0237964
14 9 0.0199014
14 10 0.0126434
14 11 0.00403672
14 12 -0.00520014
14 13 -0.0123971
14 14 -0.0170617
14 15 -0.0185623
14 16 -0.0179633
14 17 -0.0154506
14 18 -0.0111219
14 19 -0.00643059
14 20 -0.000739075
14 21 0.00470903
14 22 0.0103215
14 23 0.0143906
14 24 0.016915
14 25 0.0173332
14 26 0.014861
14 27 0.00943326
14 28 0.0020826
14 29 -0.00590987
14 30 -0.0136196
14 31 -0.0183439
14 32 -0.0202498
14 33 -0.0178414
14 34 -0.0129744
14 35 -0.0054088
14 36 0.00267846
14 37 0.0100908
14 38 0.0158807
14 39 0.0198315
14 40 0.0212656
14 41 0.021313
14 42 0.0208264
14 43 0.0197951
14 44 0.0196201
14 45 0.0196171
14 46 0.0198884
14 47 0.019142
14 48 0.017876
14 49 0.0146038
14 50 0.0105036
14 51 0.00532393
14 52 0.000659398
14 53 -0.00404038
14 54 -0.00657185
14 55 -0.00807942
14 56 -0.0079731
14 57 -0.00760574
14 58 -0.00668888
14 59 -0.00700873
14 60 -0.00738837
14 61 -0.00900773
14 62 -0.0100864
14 63 -0.0109071
14 64 -0.0101162
14 65 -0.00828739
14 66 -0.00425612
14 67 -0.000201267
14 68 0.00448099
14 69 0.00821974
14 70 0.0113649
14 71 0.0127398
14 72 0.0139745
14 73 0.0145085
14 74 0.0158006
14 75 0.0175612
14 76 0.0206284
14 77 0.0232448
14 78 0.0255576
14 79 0.0262233
14 80 0.0242892
14 81 0.0199111
14 82 0.0135483
14 83 0.00563086
14 84 -0.0024533
14 85 -0.00902884
14 86 -0.0141989
14 87 -0.0162399
14 88 -0.0162002
14 89 -0.013206
14 90 -0.00920833
14 91 -0.00403989
14 92 0.00115068
14 93 0.00585825
14 94 0.00928166
14 95 0.0122215
14 96 0.0140043
14 97 0.0142804
14 98 0.0134023
14 99 0.0102033
14 100 0.00530249
14 101 -0.0021347
14 102 -0.00977094
14 103 -0.017251
14 104 -0.0228948
14 105 -0.0251293
14 106 -0.0227399
14 107 -0.0153683
14 108 -0.00490982
14 109 0.0075708
14 110 0.0187993
14 111 0.026716
14 112 0.0287655
14 113 0.0247723
14 114 0.0157693
14 115 0.00312972
14 116 -0.00949786
14 117 -0.0195448
14 118 -0.0238904
14 119 0

15 0 0
15 1 -0.0241079
15 2 -0.0199418
15 3 -0.0104466
15 4 0.00147533
15 5 0.013401
15 6 0.0226103
15 7 0.026475
15 8 0.0245372
15 9 0.0173455
15 10 0.0077826
15 11 -0.00253959
15 12 -0.0114867
15 13 -0.0170156
15 14 -0.0185623
15 15 -0.0161346
15 16 -0.011651
15 17 -0.0056613
15 18 0.000198398
15 19 0.00517457
15 20 0.00857361
15 21 0.0107229
15 22 0.0112509
15 23 0.0100641
15 24 0.00783496
15 25 0.0041772
15 26 -6.20132e-06
15 27 -0.00569504
15 28 -0.0107573
15 29 -0.015406
15 30 -0.0182647
15 31 -0.0183017
15 32 -0.0152193
15 33 -0.00927192
15 34 -0.00129824
15 35 0.00795239
15 36 0.0164961
15 37 0.0238182
15 38 0.0283864
15 39 0.0307807
15 40 0.0299693
15 41 0.0278722
15 42 0.0241525
15 43 0.0203812
15 44 0.0164471
15 45 0.0131835
15 46 0.00982557
15 47 0.00675635
15 48 0.0029842
15 49 -0.00114138
15 50 -0.00594558
15 51 -0.0109491
15 52 -0.0155886
15 53 -0.0194452
15 54 -0.0222284
15 55 -0.0237429
15 56 -0.0242029
15 57 -0.0241954
15 58 -0.0238721
15 59 -0.0239437
15 60 -0.0244598
15 61 -0.0253996
15 62 -0.0260462
15 63 -0.0263053
15 64 -0.025542
15 65 -0.0236211
15 66 -0.020639
15 67 -0.0169787
15 68 -0.0128992
15 69 -0.00905972
15 70 -0.0057148
15 71 -0.0026315
15 72 0.000117051
15 73 0.00342451
15 74 0.00718979
15 75 0.0120445
15 76 0.0173679
15 77 0.0230792
15 78 0.0276918
15 79 0.0313256
15 80 0.0320033
15 81 0.0305768
15 82 0.0262204
15 83 0.0202935
15 84 0.0127602
15 85 0.00542881
15 86 -0.00165233
15 87 -0.00742746
15 88 -0.0118761
15 89 -0.0142425
15 90 -0.0151401
15 91 -0.0146167
15 92 -0.0121326
15 93 -0.00917031
15 94 -0.00477087
15 95 0.000122261
15 96 0.00580917
15 97 0.0107517
15 98 0.0145271
15 99 0.0158487
15 100 0.0139904
15 101 0.00858991
15 102 0.000741336
15 103 -0.00806766
15 104 -0.0167813
15 105 -0.0223969
15 106 -0.0237059
15 107 -0.0191958
15 108 -0.0102805
15 109 0.00169682
15 110 0.014331
15 111 0.0241625
15 112 0.0291503
15 113 0.0275222
15 114 0.0201706
15 115 0.00823709
15 116 -0.00529003
15 117 -0.0168432
15 118 -0.0236864
15 119 0

16 0 0
16 1 -0.0227621
16 2 -0.0161867
16 3 -0.00550057
16 4 0.00724001
16 5 0.0180303
16 6 0.0253164
16 7 0.0262873
16 8 0.0210644
16 9 0.0115914
16 10 0.00011557
16 11 -0.0100074
16 12 -0.0176829
16 13 -0.0201784
16 14 -0.0179633
16 15 -0.011651
16 16 -0.00341652
16 17 0.00473638
16 18 0.0114959
16 19 0.0148794
16 20 0.0155528
16 21 0.0130375
16 22 0.00860546
16 23 0.00241102
16 24 -0.0038086
16 25 -0.00963063
16 26 -0.0143825
16 27 -0.0179986
16 28 -0.0198459
16 29 -0.0196611
16 30 -0.0178358
16 31 -0.012728
16 32 -0.00617983
16 33 0.00256521
16 34 0.0115352
16 35 0.0203368
16 36 0.02737
16 37 0.0322561
16 38 0.034201
16 39 0.0337967
16 40 0.0305732
16 41 0.0257411
16 42 0.0200513
16 43 0.0134328
16 44 0.00757419
16 45 0.00193647
16 46 -0.0029941
16 47 -0.00755787
16 48 -0.0113906
16 49 -0.0156727
16 50 -0.0190323
16 51 -0.0227216
16 52 -0.0255282
16 53 -0.0282454
16 54 -0.0297371
16 55 -0.0309139
16 56 -0.0309331
16 57 -0.0313748
16 58 -0.0309824
16 59 -0.0311547
16 60 -0.0312189
16 61 -0.0318778
16 62 -0.0317639
16 63 -0.0321602
16 64 -0.031513
16 65 -0.0306869
16 66 -0.0287793
16 67 -0.0269412
16 68 -0.0243472
16 69 -0.0222149
16 70 -0.0191915
16 71 -0.0166458
16 72 -0.0132081
16 73 -0.00924993
16 74 -0.00415767
16 75 0.00151766
16 76 0.00863938
16 77 0.0153445
16 78 0.0220454
16 79 0.0276897
16 80 0.0313945
16 81 0.0331821
16 82 0.0326502
16 83 0.0298953
16 84 0.0251411
16 85 0.019061
16 86 0.0116748
16 87 0.00437053
16 88 -0.0035931
16 89 -0.00995819
16 90 -0.0158414
16 91 -0.0197717
16 92 -0.021691
16 93 -0.021147
16 94 -0.0182262
16 95 -0.0125251
16 96 -0.00470752
16 97 0.00386035
16 98 0.0119913
16 99 0.0175369
16 100 0.0198575
16 101 0.0171543
16 102 0.011076
16 103 0.00181325
16 104 -0.00825097
16 105 -0.017077
16 106 -0.0220224
16 107 -0.0212503
16 108 -0.0156825
16 109 -0.00539817
16 110 0.00632043
16 111 0.0176075
16 112 0.0247574
16 113 0.0262974
16 114 0.0221179
16 115 0.0124325
16 116 0.000617043
16 117 -0.0112728
16 118 -0.0191485
16 119 0

17 0 0
17 1 -0.017395
17 2 -0.0093495
17 3 0.00175758
17 4 0.0130625
17 5 0.0212934
17 6 0.0249949
17 7 0.0220914
17 8 0.0139187
17 9 0.00237619
17 10 -0.0091497
17 11 -0.0180901
17 12 -0.0227691
17 13 -0.0215371
17 14 -0.0154506
17 15 -0.0056613
17 16 0.00473638
17 17 0.0140393
17 18 0.0196816
17 19 0.0211097
17 20 0.0181199
17 21 0.0118782
17 22 0.00338746
17 23 -0.00615784
17 24 -0.0141491
17 25 -0.0207832
17 26 -0.0239448
17 27 -0.0249035
17 28 -0.022407
17 29 -0.017896
17 30 -0.011426
17 31 -0.00316171
17 32 0.00564454
17 33 0.0143361
17 34 0.0220237
17 35 0.0281222
17 36 0.0313203
17 37 0.0326344
17 38 0.0308452
17 39 0.0276017
17 40 0.0219731
17 41 0.0160316
17 42 0.00890793
17 43 0.00214742
17 44 -0.00441818
17 45 -0.00993275
17 46 -0.0150014
17 47 -0.018412
17 48 -0.0214242
17 49 -0.0234282
17 50 -0.0245959
17 51 -0.0254621
17 52 -0.0259176
17 53 -0.0258652
17 54 -0.0260348
17 55 -0.0260969
17 56 -0.0258145
17 57 -0.0259821
17 58 -0.0258296
17 59 -0.0256136
17 60 -0.0255902
17 61 -0.0255431
17 62 -0.0252155
17 63 -0.0254593
17 64 -0.0254412
17 65 -0.0255224
17 66 -0.0259505
17 67 -0.0261556
17 68 -0.0260984
17 69 -0.0260675
17 70 -0.02532
17 71 -0.0238573
17 72 -0.0219984
17 73 -0.0186281
17 74 -0.0145971
17 75 -0.00940689
17 76 -0.00352378
17 77 0.00315915
17 78 0.00946041
17 79 0.0162498
17 80 0.021708
17 81 0.026779
17 82 0.0297379
17 83 0.0316287
17 84 0.0307531
17 85 0.0279837
17 86 0.022785
17 87 0.0158505
17 88 0.00701724
17 89 -0.00184993
17 90 -0.0108
17 91 -0.0187165
17 92 -0.0241278
17 93 -0.0272439
17 94 -0.0263047
17 95 -0.022335
17 96 -0.0142313
17 97 -0.00438904
17 98 0.00619755
17 99 0.0152139
17 100 0.0211299
17 101 0.0223199
17 102 0.0187576
17 103 0.0111834
17 104 0.000719265
17 105 -0.00983298
17 106 -0.0183561
17 107 -0.0217515
17 108 -0.0203957
17 109 -0.0137288
17 110 -0.00385358
17 111 0.0071612
17 112 0.0164526
17 113 0.0212292
17 114 0.0213035
17 115 0.0157523
17 116 0.00712339
17 117 -0.00301346
17 118 -0.011213
17 119 0

18 0 0
18 1 -0.00978421
18 2 -0.00116144
18 3 0.00847124
18 4 0.0170662
18 5 0.0214882
18 6 0.0210495
18 7 0.0148537
18 8 0.00436407
18 9 -0.00726761
18 10 -0.0177474
18 11 -0.0238946
18 12 -0.0251365
18 13 -0.020361
18 14 -0.0111219
18 15 0.000198398
18 16 0.0114959
18 17 0.0196816
18 18 0.0235763
18 19 0.0220086
18 20 0.016052
18 21 0.00706177
18 22 -0.00370134
18 23 -0.0139955
18 24 -0.0218734
18 25 -0.0265396
18 26 -0.027174
18 27 -0.0241154
18 28 -0.0179188
18 29 -0.00963919
18 30 -0.000676955
18 31 0.00895418
18 32 0.0172336
18 33 0.0237118
18 34 0.028004
18 35 0.0293989
18 36 0.028068
18 37 0.0247541
18 38 0.0197908
18 39 0.0140091
18 40 0.00772474
18 41 0.00165952
18 42 -0.00412496
18 43 -0.0097137
18 44 -0.0142065
18 45 -0.0181121
18 46 -0.0211222
18 47 -0.0225839
18 48 -0.0229807
18 49 -0.022402
18 50 -0.0202763
18 51 -0.018058
18 52 -0.0156214
18 53 -0.0132333
18 54 -0.0116606
18 55 -0.0108147
18 56 -0.0101692
18 57 -0.0104127
18 58 -0.0103669
18 59 -0.010035
18 60 -0.00973428
18 61 -0.00916392
18 62 -0.00833869
18 63 -0.00846005
18 64 -0.00886477
18 65 -0.0101153
18 66 -0.0123344
18 67 -0.0148045
18 68 -0.0172944
18 69 -0.0199821
18 70 -0.0214302
18 71 -0.0222453
18 72 -0.0223088
18 73 -0.0211323
18 74 -0.0192676
18 75 -0.0169615
18 76 -0.0135126
18 77 -0.00968508
18 78 -0.00509065
18 79 0.000425316
18 80 0.00651667
18 81 0.0130471
18 82 0.0193974
18 83 0.0250552
18 84 0.0289835
18 85 0.0302971
18 86 0.0290057
18 87 0.0247118
18 88 0.0173907
18 89 0.00878784
18 90 -0.00113614
18 91 -0.0108955
18 92 -0.0193289
18 93 -0.025385
18 94 -0.0280304
18 95 -0.0267422
18 96 -0.0211755
18 97 -0.0121283
18 98 -0.00163678
18 99 0.00896529
18 100 0.0175413
18 101 0.0220621
18 102 0.0221716
18 103 0.0171548
18 104 0.00864572
18 105 -0.00230193
18 106 -0.0125904
18 107 -0.0196558
18 108 -0.0225905
18 109 -0.0202704
18 110 -0.0139214
18 111 -0.00433753
18 112 0.00539454
18 113 0.0130429
18 114 0.0171002
18 115 0.0165657
18 116 0.0123864
18 117 0.00538059
18 118 -0.00159384
18 119 0

19 0 0
19 1 -0.000905618
19 2 0.0074113
19 3 0.0149709
19 4 0.0197959
19 5 0.0198033
19 6 0.0152088
19 7 0.00585285
19 8 -0.00561119
19 9 -0.0165959
19 10 -0.0244441
19 11 -0.0273496
19 12 -0.0249097
19 13 -0.0171296
19 14 -0.00643059
19 15 0.00517457
19 16 0.0148794
19 17 0.0211097
19 18 0.0220086
19 19 0.0180558
19 20 0.010309
19 21 0.000566659
19 22 -0.00956876
19 23 -0.0183913
19 24 -0.0234079
19 25 -0.0251078
19 26 -0.0220882
19 27 -0.0159083
19 28 -0.006848
19 29 0.00285211
19 30 0.0121813
19 31 0.0203635
19 32 0.0257373
19 33 0.0279766
19 34 0.027155
19 35 0.0234095
19 36 0.0170161
19 37 0.0101498
19 38 0.00263192
19 39 -0.00365166
19 40 -0.00921666
19 41 -0.0128891
19 42 -0.0159603
19 43 -0.0179455
19 44 -0.0193576
19 45 -0.0199591
19 46 -0.0202431
19 47 -0.0188336
19 48 -0.0167101
19 49 -0.0132663
19 50 -0.00849869
19 51 -0.00351469
19 52 0.00122872
19 53 0.00550777
19 54 0.00806443
19 55 0.00930749
19 56 0.00983172
19 57 0.00924329
19 58 0.00886889
19 59 0.00910051
19 60 0.00965898
19 61 0.0108215
19 62 0.0122211
19 63 0.0124911
19 64 0.0120672
19 65 0.010266
19 66 0.00672954
19 67 0.00257208
19 68 -0.00192546
19 69 -0.00650102
19 70 -0.0099771
19 71 -0.0125839
19 72 -0.0148277
19 73 -0.0159512
19 74 -0.017176
19 75 -0.0181695
19 76 -0.018923
19 77 -0.0189338
19 78 -0.0182989
19 79 -0.0155007
19 80 -0.0112119
19 81 -0.00452783
19 82 0.00299843
19 83 0.0117531
19 84 0.0192963
19 85 0.0251282
19 86 0.0282527
19 87 0.0282679
19 88 0.0245627
19 89 0.0187282
19 90 0.0106772
19 91 0.00139281
19 92 -0.00762895
19 93 -0.015792
19 94 -0.0212127
19 95 -0.0239783
19 96 -0.0221074
19 97 -0.0168432
19 98 -0.00868913
19 99 0.000787616
19 100 0.0101629
19 101 0.0172037
19 102 0.0205188
19 103 0.0193705
19 104 0.0136138
19 105 0.00438667
19 106 -0.0065691
19 107 -0.0159633
19 108 -0.0227872
19 109 -0.0249417
19 110 -0.0225291
19 111 -0.0154874
19 112 -0.00586669
19 113 0.00363714
19 114 0.0117245
19 115 0.0160365
19 116 0.0169046
19 117 0.0135721
19 118 0.00821274
19 119 0

20 0 0
20 1 0.00752562
20 2 0.0145517
20 3 0.018974
20 4 0.0193558
20 5 0.0152399
20 6 0.00698498
20 7 -0.00378096
20 8 -0.0148736
20 9 -0.0232686
20 10 -0.0275339
20 11 -0.0266561
20 12 -0.0208604
20 13 -0.0116014
20 14 -0.000739075
20 15 0.00857361
20 16 0.0155528
20 17 0.0181199
20 18 0.016052
20 19 0.010309
20 20 0.00206029
20 21 -0.00597517
20 22 -0.0136559
20 23 -0.0183179
20 24 -0.0194328
20 25 -0.0169154
20 26 -0.0109275
20 27 -0.00233393
20 28 0.00741081
20 29 0.0164989
20 30 0.0238892
20 31 0.028348
20 32 0.0295318
20 33 0.0262669
20 34 0.0205152
20 35 0.0117913
20 36 0.0020406
20 37 -0.00732421
20 38 -0.0149205
20 39 -0.0204047
20 40 -0.0230525
20 41 -0.0231725
20 42 -0.0219585
20 43 -0.0197504
20 44 -0.0172425
20 45 -0.014786
20 46 -0.0125995
20 47 -0.00907488
20 48 -0.0053742
20 49 -0.000152703
20 50 0.00603044
20 51 0.0124566
20 52 0.0179196
20 53 0.0230862
20 54 0.025515
20 55 0.0264593
20 56 0.0258791
20 57 0.0246958
20 58 0.0232915
20 59 0.0234173
20 60 0.0239012
20 61 0.0259421
20 62 0.0278181
20 63 0.0291623
20 64 0.0290723
20 65 0.0275841
20 66 0.0234357
20 67 0.0190404
20 68 0.0136754
20 69 0.00849571
20 70 0.00409981
20 71 0.000985444
20 72 -0.00238176
20 73 -0.00487991
20 74 -0.00835739
20 75 -0.0125495
20 76 -0.0173266
20 77 -0.0217446
20 78 -0.0255365
20 79 -0.0269331
20 80 -0.0254714
20 81 -0.0210461
20 82 -0.0138061
20 83 -0.00445473
20 84 0.00546087
20 85 0.0141516
20 86 0.0216286
20 87 0.0256725
20 88 0.0269864
20 89 0.0253265
20 90 0.0213797
20 91 0.0150218
20 92 0.00749711
20 93 -0.000739884
20 94 -0.00826399
20 95 -0.0145046
20 96 -0.0177241
20 97 -0.0172359
20 98 -0.0141343
20 99 -0.00751519
20 100 0.000361731
20 101 0.00855104
20 102 0.0146347
20 103 0.0173152
20 104 0.0158681
20 105 0.00960382
20 106 0.000350979
20 107 -0.0100327
20 108 -0.0192481
20 109 -0.0256888
20 110 -0.0274851
20 111 -0.0240642
20 112 -0.016289
20 113 -0.00618714
20 114 0.00411059
20 115 0.0129767
20 116 0.0182594
20 117 0.0193402
20 118 0.0164135
20 119 0

21 0 0
21 1 0.0144404
21 2 0.0194091
21 3 0.0202984
21 4 0.0164869
21 5 0.00858124
21 6 -0.0018674
21 7 -0.012939
